0.00323746,-0.000895643,-0.00119498,-0.000489351,-0.00151747,0.000708974,6.60149e-05,-0.000895643,0.00191756,-0.000804332,-0.000540012,0.000736174,0.000245547,-0.0001278,-0.00119498,-0.000804332,0.00273242,0.000690938,-0.00118902,-0.000200882,6.54043e-05,-0.000489351,-0.000540012,0.000690938,0.00223753,-0.00121894,-0.00106132,-2.567e-05,-0.00151747,0.000736174,-0.00118902,-0.00121894,0.0257183,-0.000254982,0.000754479,0.000708974,0.000245547,-0.000200882,-0.00106132,-0.000254982,0.0253703,0.000376888,6.60149e-05,-0.0001278,6.54043e-05,-2.567e-05,0.000754479,0.000376887,0.0466463,
0.00323704,-0.000895586,-0.00119518,-0.000489408,-0.00151714,0.000708879,6.59853e-05,-0.000895586,0.00191792,-0.000804275,-0.000539751,0.000736244,0.000245637,-0.000127831,-0.00119518,-0.000804275,0.00273237,0.00069079,-0.0011891,-0.000201392,6.53594e-05,-0.000489408,-0.000539751,0.00069079,0.00223732,-0.00121852,-0.00106087,-2.57199e-05,-0.00151714,0.000736244,-0.0011891,-0.00121852,0.0257181,-0.000254925,0.000754875,0.000708879,0.000245637,-0.000201392,-0.00106087,-0.000254925,0.0253698,0.000376913,6.59853e-05,-0.000127831,6.53594e-05,-2.57199e-05,0.000754875,0.000376913,0.0466464,
0.00323678,-0.00089555,-0.00119532,-0.00048944,-0.00151692,0.000708812,6.59644e-05,-0.00089555,0.00191816,-0.000804245,-0.000539571,0.000736282,0.000245696,-0.000127854,-0.00119532,-0.000804245,0.00273235,0.000690688,-0.00118915,-0.000201742,6.53291e-05,-0.00048944,-0.000539571,0.000690688,0.00223718,-0.00121825,-0.00106052,-2.57564e-05,-0.00151692,0.000736282,-0.00118915,-0.00121825,0.0257179,-0.00025491,0.000755169,0.000708812,0.000245696,-0.000201742,-0.00106052,-0.00025491,0.0253694,0.000376943,6.59644e-05,-0.000127854,6.53291e-05,-2.57564e-05,0.000755169,0.000376943,0.0466464,
0.0032366,-0.000895528,-0.00119541,-0.000489463,-0.00151677,0.000708775,6.59497e-05,-0.000895528,0.00191832,-0.00080423,-0.000539445,0.000736305,0.000245731,-0.000127869,-0.00119541,-0.00080423,0.00273235,0.000690619,-0.00118918,-0.000201977,6.53091e-05,-0.000489463,-0.000539445,0.000690619,0.00223709,-0.00121808,-0.00106026,-2.57827e-05,-0.00151677,0.000736305,-0.00118918,-0.00121808,0.0257179,-0.000254917,0.000755378,0.000708775,0.000245731,-0.000201977,-0.00106026,-0.000254917,0.0253691,0.000376974,6.59497e-05,-0.000127869,6.53091e-05,-2.57827e-05,0.000755378,0.000376974,0.0466464,
0.00323648,-0.000895513,-0.00119546,-0.000489483,-0.00151667,0.000708758,6.59394e-05,-0.000895513,0.00191843,-0.000804224,-0.000539356,0.00073632,0.00024575,-0.000127879,-0.00119546,-0.000804224,0.00273235,0.000690573,-0.0011892,-0.000202132,6.52961e-05,-0.000489483,-0.000539356,0.000690573,0.00223703,-0.00121797,-0.00106008,-2.58013e-05,-0.00151667,0.00073632,-0.0011892,-0.00121797,0.0257178,-0.000254934,0.000755522,0.000708758,0.00024575,-0.000202132,-0.00106008,-0.000254934,0.0253689,0.000377005,6.59394e-05,-0.000127879,6.52961e-05,-2.58013e-05,0.000755522,0.000377005,0.0466464,
0.00323639,-0.000895504,-0.00119549,-0.000489502,-0.0015166,0.000708753,6.59322e-05,-0.000895504,0.00191851,-0.000804223,-0.000539293,0.000736331,0.000245757,-0.000127886,-0.00119549,-0.000804223,0.00273235,0.000690543,-0.0011892,-0.000202234,6.52879e-05,-0.000489502,-0.000539293,0.000690543,0.00223699,-0.0012179,-0.00105995,-2.58146e-05,-0.0015166,0.000736331,-0.0011892,-0.0012179,0.0257178,-0.000254954,0.000755619,0.000708753,0.000245757,-0.000202234,-0.00105995,-0.000254954,0.0253687,0.000377033,6.59322e-05,-0.000127886,6.52879e-05,-2.58146e-05,0.000755619,0.000377033,0.0466464,
0.00323633,-0.000895498,-0.00119551,-0.00048952,-0.00151656,0.000708757,6.59271e-05,-0.000895498,0.00191856,-0.000804226,-0.000539248,0.00073634,0.000245758,-0.000127891,-0.00119551,-0.000804226,0.00273235,0.000690524,-0.00118921,-0.0002023,6.52827e-05,-0.00048952,-0.000539248,0.000690524,0.00223696,-0.00121786,-0.00105986,-2.58239e-05,-0.00151656,0.00073634,-0.00118921,-0.00121786,0.0257178,-0.000254973,0.000755685,0.000708757,0.000245758,-0.0002023,-0.00105986,-0.000254973,0.0253687,0.000377057,6.59271e-05,-0.000127891,6.52827e-05,-2.58239e-05,0.000755685,0.000377057,0.0466464,
0.00323629,-0.000895494,-0.00119552,-0.000489537,-0.00151652,0.000708764,6.59235e-05,-0.000895494,0.00191859,-0.00080423,-0.000539214,0.000736347,0.000245755,-0.000127894,-0.00119552,-0.00080423,0.00273235,0.000690512,-0.00118921,-0.000202342,6.52796e-05,-0.000489537,-0.000539214,0.000690512,0.00223694,-0.00121783,-0.0010598,-2.58305e-05,-0.00151652,0.000736347,-0.00118921,-0.00121783,0.0257178,-0.000254991,0.000755729,0.000708764,0.000245755,-0.000202342,-0.0010598,-0.000254991,0.0253686,0.000377075,6.59235e-05,-0.000127894,6.52796e-05,-2.58305e-05,0.000755729,0.000377075,0.0466464,
0.00323626,-0.000895492,-0.00119552,-0.000489553,-0.0015165,0.000708774,6.5921e-05,-0.000895492,0.00191862,-0.000804235,-0.000539188,0.000736354,0.00024575,-0.000127896,-0.00119552,-0.000804235,0.00273234,0.000690504,-0.00118922,-0.000202369,6.52778e-05,-0.000489553,-0.000539188,0.000690504,0.00223693,-0.00121781,-0.00105975,-2.58352e-05,-0.0015165,0.000736354,-0.00118922,-0.00121781,0.0257178,-0.000255006,0.000755758,0.000708774,0.00024575,-0.000202369,-0.00105975,-0.000255006,0.0253686,0.000377088,6.5921e-05,-0.000127896,6.52778e-05,-2.58352e-05,0.000755758,0.000377088,0.0466464,
0.00323624,-0.000895491,-0.00119551,-0.000489568,-0.00151649,0.000708785,6.59193e-05,-0.000895491,0.00191864,-0.00080424,-0.000539169,0.000736359,0.000245744,-0.000127897,-0.00119551,-0.00080424,0.00273234,0.0006905,-0.00118922,-0.000202386,6.52767e-05,-0.000489568,-0.000539169,0.0006905,0.00223693,-0.0012178,-0.00105973,-2.58383e-05,-0.00151649,0.000736359,-0.00118922,-0.0012178,0.0257178,-0.000255019,0.000755778,0.000708785,0.000245744,-0.000202386,-0.00105973,-0.000255019,0.0253685,0.000377095,6.59193e-05,-0.000127897,6.52767e-05,-2.58383e-05,0.000755778,0.000377095,0.0466464,
0.00323622,-0.00089549,-0.00119551,-0.000489582,-0.00151648,0.000708796,6.59182e-05,-0.00089549,0.00191865,-0.000804245,-0.000539154,0.000736364,0.000245737,-0.000127898,-0.00119551,-0.000804245,0.00273234,0.000690498,-0.00118922,-0.000202397,6.52762e-05,-0.000489582,-0.000539154,0.000690498,0.00223692,-0.00121779,-0.00105971,-2.58405e-05,-0.00151648,0.000736364,-0.00118922,-0.00121779,0.0257178,-0.00025503,0.000755793,0.000708796,0.000245737,-0.000202397,-0.00105971,-0.00025503,0.0253685,0.000377097,6.59182e-05,-0.000127898,6.52762e-05,-2.58405e-05,0.000755793,0.000377097,0.0466464,
0.0032362,-0.00089549,-0.0011955,-0.000489595,-0.00151648,0.000708807,6.59174e-05,-0.00089549,0.00191866,-0.00080425,-0.000539141,0.000736369,0.00024573,-0.000127898,-0.0011955,-0.00080425,0.00273234,0.000690497,-0.00118923,-0.000202402,6.52759e-05,-0.000489595,-0.000539141,0.000690497,0.00223692,-0.00121778,-0.0010597,-2.58417e-05,-0.00151648,0.000736369,-0.00118923,-0.00121778,0.0257177,-0.000255039,0.000755803,0.000708807,0.00024573,-0.000202402,-0.0010597,-0.000255039,0.0253685,0.000377094,6.59174e-05,-0.000127898,6.52759e-05,-2.58417e-05,0.000755803,0.000377094,0.0466464,
0.00323619,-0.000895489,-0.00119549,-0.000489607,-0.00151647,0.000708817,6.5917e-05,-0.000895489,0.00191866,-0.000804255,-0.000539131,0.000736373,0.000245723,-0.000127899,-0.00119549,-0.000804255,0.00273233,0.000690497,-0.00118923,-0.000202405,6.52758e-05,-0.000489607,-0.000539131,0.000690497,0.00223692,-0.00121778,-0.00105969,-2.58424e-05,-0.00151647,0.000736373,-0.00118923,-0.00121778,0.0257177,-0.000255046,0.000755812,0.000708817,0.000245723,-0.000202405,-0.00105969,-0.000255046,0.0253685,0.000377086,6.5917e-05,-0.000127899,6.52758e-05,-2.58424e-05,0.000755812,0.000377086,0.0466464,
0.00323618,-0.000895489,-0.00119548,-0.000489617,-0.00151647,0.000708827,6.59168e-05,-0.000895489,0.00191867,-0.00080426,-0.000539123,0.000736376,0.000245716,-0.000127899,-0.00119548,-0.00080426,0.00273233,0.000690497,-0.00118923,-0.000202406,6.52758e-05,-0.000489617,-0.000539123,0.000690497,0.00223692,-0.00121777,-0.00105968,-2.58426e-05,-0.00151647,0.000736376,-0.00118923,-0.00121777,0.0257177,-0.000255051,0.00075582,0.000708827,0.000245716,-0.000202406,-0.00105968,-0.000255051,0.0253685,0.000377073,6.59168e-05,-0.000127899,6.52758e-05,-2.58426e-05,0.00075582,0.000377073,0.0466464,
0.00323617,-0.00089549,-0.00119548,-0.000489627,-0.00151647,0.000708836,6.59169e-05,-0.00089549,0.00191867,-0.000804264,-0.000539116,0.00073638,0.000245709,-0.000127899,-0.00119548,-0.000804264,0.00273233,0.000690498,-0.00118923,-0.000202406,6.52757e-05,-0.000489627,-0.000539116,0.000690498,0.00223692,-0.00121777,-0.00105968,-2.58423e-05,-0.00151647,0.00073638,-0.00118923,-0.00121777,0.0257177,-0.000255055,0.000755828,0.000708836,0.000245709,-0.000202406,-0.00105968,-0.000255055,0.0253685,0.000377056,6.59169e-05,-0.000127899,6.52757e-05,-2.58423e-05,0.000755828,0.000377056,0.0466464,
0.00323617,-0.00089549,-0.00119547,-0.000489636,-0.00151647,0.000708845,6.5917e-05,-0.00089549,0.00191867,-0.000804268,-0.00053911,0.000736383,0.000245703,-0.000127899,-0.00119547,-0.000804268,0.00273232,0.000690499,-0.00118923,-0.000202405,6.52757e-05,-0.000489636,-0.00053911,0.000690499,0.00223692,-0.00121777,-0.00105968,-2.58417e-05,-0.00151647,0.000736383,-0.00118923,-0.00121777,0.0257177,-0.000255057,0.000755835,0.000708845,0.000245703,-0.000202405,-0.00105968,-0.000255057,0.0253685,0.000377035,6.5917e-05,-0.000127899,6.52757e-05,-2.58417e-05,0.000755835,0.000377035,0.0466464,
0.00323616,-0.00089549,-0.00119546,-0.000489644,-0.00151647,0.000708854,6.59174e-05,-0.00089549,0.00191868,-0.000804271,-0.000539104,0.000736386,0.000245697,-0.000127898,-0.00119546,-0.000804271,0.00273232,0.000690499,-0.00118924,-0.000202403,6.52756e-05,-0.000489644,-0.000539104,0.000690499,0.00223692,-0.00121777,-0.00105968,-2.58409e-05,-0.00151647,0.000736386,-0.00118924,-0.00121777,0.0257177,-0.000255059,0.000755843,0.000708854,0.000245697,-0.000202403,-0.00105968,-0.000255059,0.0253685,0.00037701,6.59174e-05,-0.000127898,6.52756e-05,-2.58409e-05,0.000755843,0.00037701,0.0466464,
0.00323615,-0.00089549,-0.00119545,-0.000489652,-0.00151647,0.000708861,6.59178e-05,-0.00089549,0.00191868,-0.000804274,-0.0005391,0.000736389,0.000245692,-0.000127898,-0.00119545,-0.000804274,0.00273232,0.0006905,-0.00118924,-0.000202401,6.52754e-05,-0.000489652,-0.0005391,0.0006905,0.00223692,-0.00121777,-0.00105968,-2.58397e-05,-0.00151647,0.000736389,-0.00118924,-0.00121777,0.0257177,-0.000255059,0.000755852,0.000708861,0.000245692,-0.000202401,-0.00105968,-0.000255059,0.0253685,0.000376982,6.59178e-05,-0.000127898,6.52754e-05,-2.58397e-05,0.000755852,0.000376982,0.0466464,
0.00323615,-0.00089549,-0.00119545,-0.000489658,-0.00151647,0.000708869,6.59183e-05,-0.00089549,0.00191868,-0.000804277,-0.000539096,0.000736391,0.000245686,-0.000127898,-0.00119545,-0.000804277,0.00273232,0.000690501,-0.00118924,-0.000202399,6.52752e-05,-0.000489658,-0.000539096,0.000690501,0.00223692,-0.00121777,-0.00105968,-2.58384e-05,-0.00151647,0.000736391,-0.00118924,-0.00121777,0.0257177,-0.000255059,0.000755861,0.000708869,0.000245686,-0.000202399,-0.00105968,-0.000255059,0.0253685,0.00037695,6.59183e-05,-0.000127898,6.52752e-05,-2.58384e-05,0.000755861,0.00037695,0.0466464,
0.00323615,-0.00089549,-0.00119544,-0.000489665,-0.00151647,0.000708876,6.59189e-05,-0.00089549,0.00191868,-0.00080428,-0.000539092,0.000736394,0.000245681,-0.000127898,-0.00119544,-0.00080428,0.00273232,0.000690502,-0.00118924,-0.000202397,6.52749e-05,-0.000489665,-0.000539092,0.000690502,0.00223692,-0.00121777,-0.00105968,-2.58369e-05,-0.00151647,0.000736394,-0.00118924,-0.00121777,0.0257177,-0.000255057,0.000755871,0.000708876,0.000245681,-0.000202397,-0.00105968,-0.000255057,0.0253685,0.000376916,6.59189e-05,-0.000127898,6.52749e-05,-2.58369e-05,0.000755871,0.000376916,0.0466464,
0.00323614,-0.00089549,-0.00119544,-0.00048967,-0.00151647,0.000708882,6.59196e-05,-0.00089549,0.00191868,-0.000804282,-0.000539088,0.000736396,0.000245676,-0.000127897,-0.00119544,-0.000804282,0.00273231,0.000690503,-0.00118924,-0.000202394,6.52745e-05,-0.00048967,-0.000539088,0.000690503,0.00223692,-0.00121777,-0.00105969,-2.58352e-05,-0.00151647,0.000736396,-0.00118924,-0.00121777,0.0257177,-0.000255055,0.000755881,0.000708882,0.000245676,-0.000202394,-0.00105969,-0.000255055,0.0253685,0.000376878,6.59196e-05,-0.000127897,6.52745e-05,-2.58352e-05,0.000755881,0.000376878,0.0466464,
0.00323614,-0.00089549,-0.00119543,-0.000489676,-0.00151647,0.000708888,6.59204e-05,-0.00089549,0.00191868,-0.000804284,-0.000539085,0.000736398,0.000245671,-0.000127897,-0.00119543,-0.000804284,0.00273231,0.000690504,-0.00118924,-0.000202391,6.52741e-05,-0.000489676,-0.000539085,0.000690504,0.00223692,-0.00121778,-0.00105969,-2.58333e-05,-0.00151647,0.000736398,-0.00118924,-0.00121778,0.0257177,-0.000255053,0.000755892,0.000708888,0.000245671,-0.000202391,-0.00105969,-0.000255053,0.0253685,0.000376838,6.59204e-05,-0.000127897,6.52741e-05,-2.58333e-05,0.000755892,0.000376838,0.0466464,
0.00323613,-0.000895491,-0.00119543,-0.000489681,-0.00151647,0.000708894,6.59212e-05,-0.000895491,0.00191868,-0.000804286,-0.000539083,0.000736401,0.000245667,-0.000127896,-0.00119543,-0.000804286,0.00273231,0.000690505,-0.00118924,-0.000202389,6.52737e-05,-0.000489681,-0.000539083,0.000690505,0.00223692,-0.00121778,-0.00105969,-2.58313e-05,-0.00151647,0.000736401,-0.00118924,-0.00121778,0.0257177,-0.000255049,0.000755904,0.000708894,0.000245667,-0.000202389,-0.00105969,-0.000255049,0.0253685,0.000376795,6.59212e-05,-0.000127896,6.52737e-05,-2.58313e-05,0.000755904,0.000376795,0.0466464,
0.00323613,-0.000895491,-0.00119543,-0.000489685,-0.00151647,0.0007089,6.59221e-05,-0.000895491,0.00191868,-0.000804288,-0.00053908,0.000736403,0.000245662,-0.000127896,-0.00119543,-0.000804288,0.00273231,0.000690506,-0.00118924,-0.000202386,6.52732e-05,-0.000489685,-0.00053908,0.000690506,0.00223692,-0.00121778,-0.00105969,-2.58292e-05,-0.00151647,0.000736403,-0.00118924,-0.00121778,0.0257177,-0.000255045,0.000755916,0.0007089,0.000245662,-0.000202386,-0.00105969,-0.000255045,0.0253685,0.000376751,6.59221e-05,-0.000127896,6.52732e-05,-2.58292e-05,0.000755916,0.000376751,0.0466464,
0.00323613,-0.000895491,-0.00119542,-0.000489689,-0.00151647,0.000708906,6.5923e-05,-0.000895491,0.00191869,-0.000804289,-0.000539078,0.000736405,0.000245658,-0.000127896,-0.00119542,-0.000804289,0.00273231,0.000690506,-0.00118924,-0.000202384,6.52726e-05,-0.000489689,-0.000539078,0.000690506,0.00223692,-0.00121778,-0.00105969,-2.58269e-05,-0.00151647,0.000736405,-0.00118924,-0.00121778,0.0257177,-0.000255041,0.000755929,0.000708906,0.000245658,-0.000202384,-0.00105969,-0.000255041,0.0253685,0.000376704,6.5923e-05,-0.000127896,6.52726e-05,-2.58269e-05,0.000755929,0.000376704,0.0466465,
0.00323613,-0.000895491,-0.00119542,-0.000489693,-0.00151647,0.000708911,6.5924e-05,-0.000895491,0.00191869,-0.000804291,-0.000539076,0.000736407,0.000245654,-0.000127895,-0.00119542,-0.000804291,0.00273231,0.000690507,-0.00118924,-0.000202381,6.5272e-05,-0.000489693,-0.000539076,0.000690507,0.00223692,-0.00121778,-0.0010597,-2.58246e-05,-0.00151647,0.000736407,-0.00118924,-0.00121778,0.0257177,-0.000255036,0.000755943,0.000708911,0.000245654,-0.000202381,-0.0010597,-0.000255036,0.0253684,0.000376655,6.5924e-05,-0.000127895,6.5272e-05,-2.58246e-05,0.000755943,0.000376655,0.0466465,
0.00323612,-0.000895491,-0.00119542,-0.000489697,-0.00151647,0.000708916,6.5925e-05,-0.000895491,0.00191869,-0.000804292,-0.000539074,0.000736409,0.00024565,-0.000127895,-0.00119542,-0.000804292,0.0027323,0.000690508,-0.00118924,-0.000202378,6.52714e-05,-0.000489697,-0.000539074,0.000690508,0.00223692,-0.00121779,-0.0010597,-2.58221e-05,-0.00151647,0.000736409,-0.00118924,-0.00121779,0.0257177,-0.000255031,0.000755957,0.000708916,0.00024565,-0.000202378,-0.0010597,-0.000255031,0.0253684,0.000376605,6.5925e-05,-0.000127895,6.52714e-05,-2.58221e-05,0.000755957,0.000376605,0.0466465,
0.00323612,-0.000895491,-0.00119541,-0.0004897,-0.00151647,0.000708921,6.5926e-05,-0.000895491,0.00191869,-0.000804294,-0.000539072,0.00073641,0.000245646,-0.000127894,-0.00119541,-0.000804294,0.0027323,0.000690509,-0.00118924,-0.000202375,6.52707e-05,-0.0004897,-0.000539072,0.000690509,0.00223692,-0.00121779,-0.0010597,-2.58196e-05,-0.00151647,0.00073641,-0.00118924,-0.00121779,0.0257177,-0.000255025,0.000755971,0.000708921,0.000245646,-0.000202375,-0.0010597,-0.000255025,0.0253684,0.000376553,6.5926e-05,-0.000127894,6.52707e-05,-2.58196e-05,0.000755971,0.000376553,0.0466465,
0.00323612,-0.000895491,-0.00119541,-0.000489703,-0.00151647,0.000708926,6.59271e-05,-0.000895491,0.00191869,-0.000804295,-0.00053907,0.000736412,0.000245642,-0.000127894,-0.00119541,-0.000804295,0.0027323,0.000690509,-0.00118924,-0.000202373,6.527e-05,-0.000489703,-0.00053907,0.000690509,0.00223692,-0.00121779,-0.0010597,-2.5817e-05,-0.00151647,0.000736412,-0.00118924,-0.00121779,0.0257177,-0.000255019,0.000755986,0.000708926,0.000245642,-0.000202373,-0.0010597,-0.000255019,0.0253684,0.000376499,6.59271e-05,-0.000127894,6.527e-05,-2.5817e-05,0.000755986,0.000376499,0.0466465,
0.00323612,-0.000895491,-0.00119541,-0.000489706,-0.00151647,0.000708931,6.59282e-05,-0.000895491,0.00191869,-0.000804296,-0.000539068,0.000736414,0.000245638,-0.000127893,-0.00119541,-0.000804296,0.0027323,0.00069051,-0.00118925,-0.00020237,6.52692e-05,-0.000489706,-0.000539068,0.00069051,0.00223693,-0.00121779,-0.00105971,-2.58143e-05,-0.00151647,0.000736414,-0.00118925,-0.00121779,0.0257177,-0.000255013,0.000756001,0.000708931,0.000245638,-0.00020237,-0.00105971,-0.000255013,0.0253684,0.000376444,6.59282e-05,-0.000127893,6.52692e-05,-2.58143e-05,0.000756001,0.000376444,0.0466465,
0.00323611,-0.000895491,-0.0011954,-0.000489709,-0.00151647,0.000708935,6.59294e-05,-0.000895491,0.00191869,-0.000804297,-0.000539067,0.000736416,0.000245634,-0.000127893,-0.0011954,-0.000804297,0.0027323,0.00069051,-0.00118925,-0.000202367,6.52684e-05,-0.000489709,-0.000539067,0.00069051,0.00223693,-0.0012178,-0.00105971,-2.58115e-05,-0.00151647,0.000736416,-0.00118925,-0.0012178,0.0257177,-0.000255006,0.000756016,0.000708935,0.000245634,-0.000202367,-0.00105971,-0.000255006,0.0253684,0.000376388,6.59294e-05,-0.000127893,6.52684e-05,-2.58115e-05,0.000756016,0.000376388,0.0466465,
0.00323611,-0.000895491,-0.0011954,-0.000489712,-0.00151647,0.00070894,6.59306e-05,-0.000895491,0.00191869,-0.000804298,-0.000539065,0.000736417,0.00024563,-0.000127892,-0.0011954,-0.000804298,0.0027323,0.000690511,-0.00118925,-0.000202365,6.52676e-05,-0.000489712,-0.000539065,0.000690511,0.00223693,-0.0012178,-0.00105971,-2.58087e-05,-0.00151647,0.000736417,-0.00118925,-0.0012178,0.0257177,-0.000254999,0.000756032,0.00070894,0.00024563,-0.000202365,-0.00105971,-0.000254999,0.0253684,0.000376331,6.59306e-05,-0.000127892,6.52676e-05,-2.58087e-05,0.000756032,0.000376331,0.0466465,
0.00323611,-0.000895491,-0.0011954,-0.000489714,-0.00151647,0.000708944,6.59318e-05,-0.000895491,0.00191869,-0.000804298,-0.000539064,0.000736419,0.000245627,-0.000127892,-0.0011954,-0.000804298,0.00273229,0.000690511,-0.00118925,-0.000202362,6.52668e-05,-0.000489714,-0.000539064,0.000690511,0.00223693,-0.0012178,-0.00105971,-2.58058e-05,-0.00151647,0.000736419,-0.00118925,-0.0012178,0.0257177,-0.000254992,0.000756048,0.000708944,0.000245627,-0.000202362,-0.00105971,-0.000254992,0.0253684,0.000376272,6.59318e-05,-0.000127892,6.52668e-05,-2.58058e-05,0.000756048,0.000376272,0.0466466,
0.00323611,-0.00089549,-0.0011954,-0.000489717,-0.00151648,0.000708949,6.5933e-05,-0.00089549,0.00191869,-0.000804299,-0.000539063,0.000736421,0.000245623,-0.000127891,-0.0011954,-0.000804299,0.00273229,0.000690512,-0.00118925,-0.000202359,6.5266e-05,-0.000489717,-0.000539063,0.000690512,0.00223693,-0.00121781,-0.00105972,-2.58028e-05,-0.00151648,0.000736421,-0.00118925,-0.00121781,0.0257177,-0.000254985,0.000756065,0.000708949,0.000245623,-0.000202359,-0.00105972,-0.000254985,0.0253684,0.000376213,6.5933e-05,-0.000127891,6.5266e-05,-2.58028e-05,0.000756065,0.000376213,0.0466466,
0.00323611,-0.00089549,-0.0011954,-0.000489719,-0.00151648,0.000708953,6.59342e-05,-0.00089549,0.00191869,-0.0008043,-0.000539061,0.000736422,0.000245619,-0.000127891,-0.0011954,-0.0008043,0.00273229,0.000690513,-0.00118925,-0.000202356,6.52651e-05,-0.000489719,-0.000539061,0.000690513,0.00223693,-0.00121781,-0.00105972,-2.57998e-05,-0.00151648,0.000736422,-0.00118925,-0.00121781,0.0257176,-0.000254977,0.000756082,0.000708953,0.000245619,-0.000202356,-0.00105972,-0.000254977,0.0253684,0.000376152,6.59342e-05,-0.000127891,6.52651e-05,-2.57998e-05,0.000756082,0.000376152,0.0466466,
0.0032361,-0.00089549,-0.00119539,-0.000489721,-0.00151648,0.000708957,6.59355e-05,-0.00089549,0.00191869,-0.000804301,-0.00053906,0.000736424,0.000245616,-0.00012789,-0.00119539,-0.000804301,0.00273229,0.000690513,-0.00118925,-0.000202353,6.52642e-05,-0.000489721,-0.00053906,0.000690513,0.00223693,-0.00121781,-0.00105972,-2.57968e-05,-0.00151648,0.000736424,-0.00118925,-0.00121781,0.0257176,-0.000254969,0.000756099,0.000708957,0.000245616,-0.000202353,-0.00105972,-0.000254969,0.0253684,0.000376091,6.59355e-05,-0.00012789,6.52642e-05,-2.57968e-05,0.000756099,0.000376091,0.0466466,
0.0032361,-0.00089549,-0.00119539,-0.000489724,-0.00151648,0.000708962,6.59368e-05,-0.00089549,0.00191869,-0.000804301,-0.000539059,0.000736426,0.000245612,-0.00012789,-0.00119539,-0.000804301,0.00273229,0.000690514,-0.00118925,-0.000202351,6.52633e-05,-0.000489724,-0.000539059,0.000690514,0.00223693,-0.00121782,-0.00105972,-2.57937e-05,-0.00151648,0.000736426,-0.00118925,-0.00121782,0.0257176,-0.000254961,0.000756116,0.000708962,0.000245612,-0.000202351,-0.00105972,-0.000254961,0.0253684,0.000376028,6.59368e-05,-0.00012789,6.52633e-05,-2.57937e-05,0.000756116,0.000376028,0.0466466,
0.0032361,-0.00089549,-0.00119539,-0.000489726,-0.00151648,0.000708966,6.59381e-05,-0.00089549,0.00191869,-0.000804302,-0.000539058,0.000736427,0.000245608,-0.000127889,-0.00119539,-0.000804302,0.00273229,0.000690514,-0.00118925,-0.000202348,6.52624e-05,-0.000489726,-0.000539058,0.000690514,0.00223693,-0.00121782,-0.00105973,-2.57906e-05,-0.00151648,0.000736427,-0.00118925,-0.00121782,0.0257176,-0.000254953,0.000756133,0.000708966,0.000245608,-0.000202348,-0.00105973,-0.000254953,0.0253684,0.000375966,6.59381e-05,-0.000127889,6.52624e-05,-2.57906e-05,0.000756133,0.000375966,0.0466466,
0.0032361,-0.00089549,-0.00119539,-0.000489728,-0.00151648,0.00070897,6.59394e-05,-0.00089549,0.00191869,-0.000804303,-0.000539057,0.000736429,0.000245605,-0.000127888,-0.00119539,-0.000804303,0.00273229,0.000690515,-0.00118925,-0.000202345,6.52615e-05,-0.000489728,-0.000539057,0.000690515,0.00223693,-0.00121782,-0.00105973,-2.57874e-05,-0.00151648,0.000736429,-0.00118925,-0.00121782,0.0257176,-0.000254945,0.000756151,0.00070897,0.000245605,-0.000202345,-0.00105973,-0.000254945,0.0253683,0.000375902,6.59394e-05,-0.000127888,6.52615e-05,-2.57874e-05,0.000756151,0.000375902,0.0466466,
0.0032361,-0.00089549,-0.00119539,-0.00048973,-0.00151648,0.000708974,6.59408e-05,-0.00089549,0.00191869,-0.000804303,-0.000539056,0.00073643,0.000245601,-0.000127888,-0.00119539,-0.000804303,0.00273229,0.000690515,-0.00118925,-0.000202342,6.52605e-05,-0.00048973,-0.000539056,0.000690515,0.00223693,-0.00121783,-0.00105973,-2.57842e-05,-0.00151648,0.00073643,-0.00118925,-0.00121783,0.0257176,-0.000254937,0.000756169,0.000708974,0.000245601,-0.000202342,-0.00105973,-0.000254937,0.0253683,0.000375838,6.59408e-05,-0.000127888,6.52605e-05,-2.57842e-05,0.000756169,0.000375838,0.0466467,
0.0032361,-0.00089549,-0.00119539,-0.000489732,-0.00151648,0.000708978,6.59421e-05,-0.00089549,0.00191869,-0.000804304,-0.000539055,0.000736432,0.000245598,-0.000127887,-0.00119539,-0.000804304,0.00273228,0.000690515,-0.00118925,-0.000202339,6.52596e-05,-0.000489732,-0.000539055,0.000690515,0.00223693,-0.00121783,-0.00105974,-2.5781e-05,-0.00151648,0.000736432,-0.00118925,-0.00121783,0.0257176,-0.000254929,0.000756187,0.000708978,0.000245598,-0.000202339,-0.00105974,-0.000254929,0.0253683,0.000375773,6.59421e-05,-0.000127887,6.52596e-05,-2.5781e-05,0.000756187,0.000375773,0.0466467,
0.00323609,-0.00089549,-0.00119538,-0.000489734,-0.00151648,0.000708982,6.59435e-05,-0.00089549,0.00191869,-0.000804304,-0.000539054,0.000736433,0.000245594,-0.000127887,-0.00119538,-0.000804304,0.00273228,0.000690516,-0.00118925,-0.000202336,6.52586e-05,-0.000489734,-0.000539054,0.000690516,0.00223693,-0.00121783,-0.00105974,-2.57777e-05,-0.00151648,0.000736433,-0.00118925,-0.00121783,0.0257176,-0.00025492,0.000756205,0.000708982,0.000245594,-0.000202336,-0.00105974,-0.00025492,0.0253683,0.000375707,6.59435e-05,-0.000127887,6.52586e-05,-2.57777e-05,0.000756205,0.000375707,0.0466467,
0.00323609,-0.00089549,-0.00119538,-0.000489736,-0.00151648,0.000708987,6.59448e-05,-0.00089549,0.00191869,-0.000804305,-0.000539053,0.000736435,0.000245591,-0.000127886,-0.00119538,-0.000804305,0.00273228,0.000690516,-0.00118925,-0.000202334,6.52576e-05,-0.000489736,-0.000539053,0.000690516,0.00223693,-0.00121784,-0.00105974,-2.57744e-05,-0.00151648,0.000736435,-0.00118925,-0.00121784,0.0257176,-0.000254911,0.000756223,0.000708987,0.000245591,-0.000202334,-0.00105974,-0.000254911,0.0253683,0.000375641,6.59448e-05,-0.000127886,6.52576e-05,-2.57744e-05,0.000756223,0.000375641,0.0466467,
0.00323609,-0.00089549,-0.00119538,-0.000489737,-0.00151648,0.000708991,6.59462e-05,-0.00089549,0.0019187,-0.000804305,-0.000539052,0.000736436,0.000245587,-0.000127885,-0.00119538,-0.000804305,0.00273228,0.000690517,-0.00118925,-0.000202331,6.52566e-05,-0.000489737,-0.000539052,0.000690517,0.00223693,-0.00121784,-0.00105974,-2.57711e-05,-0.00151648,0.000736436,-0.00118925,-0.00121784,0.0257176,-0.000254903,0.000756242,0.000708991,0.000245587,-0.000202331,-0.00105974,-0.000254903,0.0253683,0.000375575,6.59462e-05,-0.000127885,6.52566e-05,-2.57711e-05,0.000756242,0.000375575,0.0466467,
0.00323609,-0.00089549,-0.00119538,-0.000489739,-0.00151648,0.000708995,6.59476e-05,-0.00089549,0.0019187,-0.000804306,-0.000539051,0.000736438,0.000245583,-0.000127885,-0.00119538,-0.000804306,0.00273228,0.000690517,-0.00118925,-0.000202328,6.52556e-05,-0.000489739,-0.000539051,0.000690517,0.00223693,-0.00121785,-0.00105975,-2.57678e-05,-0.00151648,0.000736438,-0.00118925,-0.00121785,0.0257176,-0.000254894,0.00075626,0.000708995,0.000245583,-0.000202328,-0.00105975,-0.000254894,0.0253683,0.000375508,6.59476e-05,-0.000127885,6.52556e-05,-2.57678e-05,0.00075626,0.000375508,0.0466467,
0.00323609,-0.00089549,-0.00119538,-0.000489741,-0.00151648,0.000708999,6.5949e-05,-0.00089549,0.0019187,-0.000804306,-0.00053905,0.00073644,0.00024558,-0.000127884,-0.00119538,-0.000804306,0.00273228,0.000690518,-0.00118925,-0.000202325,6.52546e-05,-0.000489741,-0.00053905,0.000690518,0.00223693,-0.00121785,-0.00105975,-2.57644e-05,-0.00151648,0.00073644,-0.00118925,-0.00121785,0.0257176,-0.000254885,0.000756279,0.000708999,0.00024558,-0.000202325,-0.00105975,-0.000254885,0.0253683,0.000375441,6.5949e-05,-0.000127884,6.52546e-05,-2.57644e-05,0.000756279,0.000375441,0.0466468,
0.00323609,-0.000895489,-0.00119538,-0.000489743,-0.00151648,0.000709003,6.59504e-05,-0.000895489,0.0019187,-0.000804307,-0.000539049,0.000736441,0.000245576,-0.000127884,-0.00119538,-0.000804307,0.00273228,0.000690518,-0.00118925,-0.000202322,6.52536e-05,-0.000489743,-0.000539049,0.000690518,0.00223693,-0.00121785,-0.00105975,-2.5761e-05,-0.00151648,0.000736441,-0.00118925,-0.00121785,0.0257176,-0.000254876,0.000756298,0.000709003,0.000245576,-0.000202322,-0.00105975,-0.000254876,0.0253683,0.000375373,6.59504e-05,-0.000127884,6.52536e-05,-2.5761e-05,0.000756298,0.000375373,0.0466468,
0.00323609,-0.000895489,-0.00119537,-0.000489745,-0.00151648,0.000709007,6.59519e-05,-0.000895489,0.0019187,-0.000804307,-0.000539048,0.000736443,0.000245573,-0.000127883,-0.00119537,-0.000804307,0.00273228,0.000690519,-0.00118925,-0.000202319,6.52526e-05,-0.000489745,-0.000539048,0.000690519,0.00223693,-0.00121786,-0.00105975,-2.57576e-05,-0.00151648,0.000736443,-0.00118925,-0.00121786,0.0257175,-0.000254867,0.000756317,0.000709007,0.000245573,-0.000202319,-0.00105975,-0.000254867,0.0253683,0.000375305,6.59519e-05,-0.000127883,6.52526e-05,-2.57576e-05,0.000756317,0.000375305,0.0466468,
0.00323608,-0.000895489,-0.00119537,-0.000489746,-0.00151648,0.000709011,6.59533e-05,-0.000895489,0.0019187,-0.000804308,-0.000539047,0.000736444,0.000245569,-0.000127882,-0.00119537,-0.000804308,0.00273227,0.000690519,-0.00118925,-0.000202316,6.52516e-05,-0.000489746,-0.000539047,0.000690519,0.00223693,-0.00121786,-0.00105976,-2.57542e-05,-0.00151648,0.000736444,-0.00118925,-0.00121786,0.0257175,-0.000254858,0.000756336,0.000709011,0.000245569,-0.000202316,-0.00105976,-0.000254858,0.0253683,0.000375237,6.59533e-05,-0.000127882,6.52516e-05,-2.57542e-05,0.000756336,0.000375237,0.0466468,
0.00323608,-0.000895489,-0.00119537,-0.000489748,-0.00151648,0.000709015,6.59547e-05,-0.000895489,0.0019187,-0.000804308,-0.000539046,0.000736446,0.000245566,-0.000127882,-0.00119537,-0.000804308,0.00273227,0.00069052,-0.00118925,-0.000202313,6.52505e-05,-0.000489748,-0.000539046,0.00069052,0.00223693,-0.00121786,-0.00105976,-2.57508e-05,-0.00151648,0.000736446,-0.00118925,-0.00121786,0.0257175,-0.000254849,0.000756355,0.000709015,0.000245566,-0.000202313,-0.00105976,-0.000254849,0.0253682,0.000375168,6.59547e-05,-0.000127882,6.52505e-05,-2.57508e-05,0.000756355,0.000375168,0.0466468,
0.00323608,-0.000895489,-0.00119537,-0.00048975,-0.00151648,0.000709019,6.59562e-05,-0.000895489,0.0019187,-0.000804309,-0.000539046,0.000736447,0.000245562,-0.000127881,-0.00119537,-0.000804309,0.00273227,0.00069052,-0.00118925,-0.000202311,6.52495e-05,-0.00048975,-0.000539046,0.00069052,0.00223694,-0.00121787,-0.00105976,-2.57474e-05,-0.00151648,0.000736447,-0.00118925,-0.00121787,0.0257175,-0.00025484,0.000756374,0.000709019,0.000245562,-0.000202311,-0.00105976,-0.00025484,0.0253682,0.000375099,6.59562e-05,-0.000127881,6.52495e-05,-2.57474e-05,0.000756374,0.000375099,0.0466468,
0.00323608,-0.000895489,-0.00119537,-0.000489751,-0.00151649,0.000709023,6.59576e-05,-0.000895489,0.0019187,-0.000804309,-0.000539045,0.000736449,0.000245558,-0.000127881,-0.00119537,-0.000804309,0.00273227,0.00069052,-0.00118925,-0.000202308,6.52485e-05,-0.000489751,-0.000539045,0.00069052,0.00223694,-0.00121787,-0.00105976,-2.57439e-05,-0.00151649,0.000736449,-0.00118925,-0.00121787,0.0257175,-0.000254831,0.000756393,0.000709023,0.000245558,-0.000202308,-0.00105976,-0.000254831,0.0253682,0.00037503,6.59576e-05,-0.000127881,6.52485e-05,-2.57439e-05,0.000756393,0.00037503,0.0466468,
0.00323608,-0.000895489,-0.00119537,-0.000489753,-0.00151649,0.000709027,6.5959e-05,-0.000895489,0.0019187,-0.00080431,-0.000539044,0.00073645,0.000245555,-0.00012788,-0.00119537,-0.00080431,0.00273227,0.000690521,-0.00118925,-0.000202305,6.52474e-05,-0.000489753,-0.000539044,0.000690521,0.00223694,-0.00121788,-0.00105977,-2.57405e-05,-0.00151649,0.00073645,-0.00118925,-0.00121788,0.0257175,-0.000254822,0.000756413,0.000709027,0.000245555,-0.000202305,-0.00105977,-0.000254822,0.0253682,0.00037496,6.5959e-05,-0.00012788,6.52474e-05,-2.57405e-05,0.000756413,0.00037496,0.0466469,
0.00323608,-0.000895489,-0.00119537,-0.000489755,-0.00151649,0.000709031,6.59605e-05,-0.000895489,0.0019187,-0.00080431,-0.000539043,0.000736452,0.000245551,-0.000127879,-0.00119537,-0.00080431,0.00273227,0.000690521,-0.00118925,-0.000202302,6.52464e-05,-0.000489755,-0.000539043,0.000690521,0.00223694,-0.00121788,-0.00105977,-2.5737e-05,-0.00151649,0.000736452,-0.00118925,-0.00121788,0.0257175,-0.000254813,0.000756432,0.000709031,0.000245551,-0.000202302,-0.00105977,-0.000254813,0.0253682,0.000374891,6.59605e-05,-0.000127879,6.52464e-05,-2.5737e-05,0.000756432,0.000374891,0.0466469,
0.00323608,-0.000895489,-0.00119536,-0.000489757,-0.00151649,0.000709035,6.5962e-05,-0.000895489,0.0019187,-0.00080431,-0.000539042,0.000736453,0.000245548,-0.000127879,-0.00119536,-0.00080431,0.00273227,0.000690522,-0.00118924,-0.000202299,6.52453e-05,-0.000489757,-0.000539042,0.000690522,0.00223694,-0.00121788,-0.00105977,-2.57335e-05,-0.00151649,0.000736453,-0.00118924,-0.00121788,0.0257175,-0.000254804,0.000756452,0.000709035,0.000245548,-0.000202299,-0.00105977,-0.000254804,0.0253682,0.000374821,6.5962e-05,-0.000127879,6.52453e-05,-2.57335e-05,0.000756452,0.000374821,0.0466469,
0.00323607,-0.000895489,-0.00119536,-0.000489758,-0.00151649,0.000709039,6.59634e-05,-0.000895489,0.0019187,-0.000804311,-0.000539041,0.000736455,0.000245544,-0.000127878,-0.00119536,-0.000804311,0.00273227,0.000690522,-0.00118924,-0.000202296,6.52443e-05,-0.000489758,-0.000539041,0.000690522,0.00223694,-0.00121789,-0.00105978,-2.573e-05,-0.00151649,0.000736455,-0.00118924,-0.00121789,0.0257175,-0.000254794,0.000756471,0.000709039,0.000245544,-0.000202296,-0.00105978,-0.000254794,0.0253682,0.000374751,6.59634e-05,-0.000127878,6.52443e-05,-2.573e-05,0.000756471,0.000374751,0.0466469,
0.00323607,-0.000895489,-0.00119536,-0.00048976,-0.00151649,0.000709043,6.59649e-05,-0.000895489,0.0019187,-0.000804311,-0.00053904,0.000736456,0.000245541,-0.000127877,-0.00119536,-0.000804311,0.00273227,0.000690523,-0.00118924,-0.000202293,6.52432e-05,-0.00048976,-0.00053904,0.000690523,0.00223694,-0.00121789,-0.00105978,-2.57265e-05,-0.00151649,0.000736456,-0.00118924,-0.00121789,0.0257175,-0.000254785,0.000756491,0.000709043,0.000245541,-0.000202293,-0.00105978,-0.000254785,0.0253682,0.000374681,6.59649e-05,-0.000127877,6.52432e-05,-2.57265e-05,0.000756491,0.000374681,0.0466469,
0.00323607,-0.000895488,-0.00119536,-0.000489762,-0.00151649,0.000709047,6.59664e-05,-0.000895488,0.0019187,-0.000804312,-0.000539039,0.000736458,0.000245537,-0.000127877,-0.00119536,-0.000804312,0.00273226,0.000690523,-0.00118924,-0.00020229,6.52421e-05,-0.000489762,-0.000539039,0.000690523,0.00223694,-0.0012179,-0.00105978,-2.5723e-05,-0.00151649,0.000736458,-0.00118924,-0.0012179,0.0257175,-0.000254776,0.00075651,0.000709047,0.000245537,-0.00020229,-0.00105978,-0.000254776,0.0253682,0.00037461,6.59664e-05,-0.000127877,6.52421e-05,-2.5723e-05,0.00075651,0.00037461,0.0466469,
0.00323607,-0.000895488,-0.00119536,-0.000489763,-0.00151649,0.000709052,6.59678e-05,-0.000895488,0.0019187,-0.000804312,-0.000539039,0.000736459,0.000245533,-0.000127876,-0.00119536,-0.000804312,0.00273226,0.000690524,-0.00118924,-0.000202287,6.52411e-05,-0.000489763,-0.000539039,0.000690524,0.00223694,-0.0012179,-0.00105978,-2.57195e-05,-0.00151649,0.000736459,-0.00118924,-0.0012179,0.0257175,-0.000254766,0.00075653,0.000709052,0.000245533,-0.000202287,-0.00105978,-0.000254766,0.0253682,0.00037454,6.59678e-05,-0.000127876,6.52411e-05,-2.57195e-05,0.00075653,0.00037454,0.046647,
0.00323607,-0.000895488,-0.00119536,-0.000489765,-0.00151649,0.000709056,6.59693e-05,-0.000895488,0.0019187,-0.000804313,-0.000539038,0.000736461,0.00024553,-0.000127876,-0.00119536,-0.000804313,0.00273226,0.000690524,-0.00118924,-0.000202284,6.524e-05,-0.000489765,-0.000539038,0.000690524,0.00223694,-0.0012179,-0.00105979,-2.57159e-05,-0.00151649,0.000736461,-0.00118924,-0.0012179,0.0257174,-0.000254757,0.00075655,0.000709056,0.00024553,-0.000202284,-0.00105979,-0.000254757,0.0253682,0.000374469,6.59693e-05,-0.000127876,6.524e-05,-2.57159e-05,0.00075655,0.000374469,0.046647,
0.00323607,-0.000895488,-0.00119536,-0.000489767,-0.00151649,0.00070906,6.59708e-05,-0.000895488,0.0019187,-0.000804313,-0.000539037,0.000736462,0.000245526,-0.000127875,-0.00119536,-0.000804313,0.00273226,0.000690524,-0.00118924,-0.000202281,6.52389e-05,-0.000489767,-0.000539037,0.000690524,0.00223694,-0.00121791,-0.00105979,-2.57124e-05,-0.00151649,0.000736462,-0.00118924,-0.00121791,0.0257174,-0.000254748,0.00075657,0.00070906,0.000245526,-0.000202281,-0.00105979,-0.000254748,0.0253681,0.000374398,6.59708e-05,-0.000127875,6.52389e-05,-2.57124e-05,0.00075657,0.000374398,0.046647,
0.00323606,-0.000895488,-0.00119536,-0.000489768,-0.00151649,0.000709064,6.59723e-05,-0.000895488,0.0019187,-0.000804313,-0.000539036,0.000736464,0.000245523,-0.000127874,-0.00119536,-0.000804313,0.00273226,0.000690525,-0.00118924,-0.000202278,6.52378e-05,-0.000489768,-0.000539036,0.000690525,0.00223694,-0.00121791,-0.00105979,-2.57089e-05,-0.00151649,0.000736464,-0.00118924,-0.00121791,0.0257174,-0.000254738,0.000756589,0.000709064,0.000245523,-0.000202278,-0.00105979,-0.000254738,0.0253681,0.000374327,6.59723e-05,-0.000127874,6.52378e-05,-2.57089e-05,0.000756589,0.000374327,0.046647,
0.00323606,-0.000895488,-0.00119535,-0.00048977,-0.00151649,0.000709068,6.59738e-05,-0.000895488,0.0019187,-0.000804314,-0.000539035,0.000736465,0.000245519,-0.000127874,-0.00119535,-0.000804314,0.00273226,0.000690525,-0.00118924,-0.000202276,6.52368e-05,-0.00048977,-0.000539035,0.000690525,0.00223694,-0.00121792,-0.00105979,-2.57053e-05,-0.00151649,0.000736465,-0.00118924,-0.00121792,0.0257174,-0.000254729,0.000756609,0.000709068,0.000245519,-0.000202276,-0.00105979,-0.000254729,0.0253681,0.000374256,6.59738e-05,-0.000127874,6.52368e-05,-2.57053e-05,0.000756609,0.000374256,0.046647,
0.00323606,-0.000895488,-0.00119535,-0.000489772,-0.00151649,0.000709072,6.59752e-05,-0.000895488,0.0019187,-0.000804314,-0.000539034,0.000736467,0.000245516,-0.000127873,-0.00119535,-0.000804314,0.00273226,0.000690526,-0.00118924,-0.000202273,6.52357e-05,-0.000489772,-0.000539034,0.000690526,0.00223694,-0.00121792,-0.0010598,-2.57018e-05,-0.00151649,0.000736467,-0.00118924,-0.00121792,0.0257174,-0.000254719,0.000756629,0.000709072,0.000245516,-0.000202273,-0.0010598,-0.000254719,0.0253681,0.000374185,6.59752e-05,-0.000127873,6.52357e-05,-2.57018e-05,0.000756629,0.000374185,0.046647,
0.00323606,-0.000895488,-0.00119535,-0.000489773,-0.00151649,0.000709076,6.59767e-05,-0.000895488,0.0019187,-0.000804315,-0.000539033,0.000736469,0.000245512,-0.000127872,-0.00119535,-0.000804315,0.00273226,0.000690526,-0.00118924,-0.00020227,6.52346e-05,-0.000489773,-0.000539033,0.000690526,0.00223694,-0.00121792,-0.0010598,-2.56982e-05,-0.00151649,0.000736469,-0.00118924,-0.00121792,0.0257174,-0.00025471,0.000756649,0.000709076,0.000245512,-0.00020227,-0.0010598,-0.00025471,0.0253681,0.000374114,6.59767e-05,-0.000127872,6.52346e-05,-2.56982e-05,0.000756649,0.000374114,0.0466471,
0.00323606,-0.000895488,-0.00119535,-0.000489775,-0.00151649,0.00070908,6.59782e-05,-0.000895488,0.0019187,-0.000804315,-0.000539033,0.00073647,0.000245508,-0.000127872,-0.00119535,-0.000804315,0.00273225,0.000690527,-0.00118924,-0.000202267,6.52335e-05,-0.000489775,-0.000539033,0.000690527,0.00223694,-0.00121793,-0.0010598,-2.56947e-05,-0.00151649,0.00073647,-0.00118924,-0.00121793,0.0257174,-0.0002547,0.000756669,0.00070908,0.000245508,-0.000202267,-0.0010598,-0.0002547,0.0253681,0.000374042,6.59782e-05,-0.000127872,6.52335e-05,-2.56947e-05,0.000756669,0.000374042,0.0466471,
0.00323606,-0.000895488,-0.00119535,-0.000489777,-0.00151649,0.000709084,6.59797e-05,-0.000895488,0.0019187,-0.000804316,-0.000539032,0.000736472,0.000245505,-0.000127871,-0.00119535,-0.000804316,0.00273225,0.000690527,-0.00118924,-0.000202264,6.52325e-05,-0.000489777,-0.000539032,0.000690527,0.00223694,-0.00121793,-0.00105981,-2.56911e-05,-0.00151649,0.000736472,-0.00118924,-0.00121793,0.0257174,-0.000254691,0.000756689,0.000709084,0.000245505,-0.000202264,-0.00105981,-0.000254691,0.0253681,0.000373971,6.59797e-05,-0.000127871,6.52325e-05,-2.56911e-05,0.000756689,0.000373971,0.0466471,
