0.00167377,-5.84247e-05,-0.00168474,0.000394728,0.000339426,0.000282299,-1.33934e-05,-5.84834e-05,0.00118963,-0.000365087,-0.00125172,-0.00029745,0.000464724,-3.66182e-05,-0.0016844,-0.00036535,0.00368971,-6.90415e-07,-0.00120553,0.000892304,3.71626e-05,0.000394476,-0.00125153,-6.37781e-07,0.00325023,-0.00151212,-0.00125804,5.5946e-05,0.000339032,-0.000297246,-0.00120493,-0.00151251,0.026114,0.000159651,0.000106877,0.000287781,0.000461931,0.000883735,-0.00125245,0.000160006,0.0257637,-6.22615e-05,-1.34816e-05,-3.65512e-05,3.71748e-05,5.59506e-05,0.000107019,-6.43141e-05,0.0466088,
0.00167296,0,-0.00168309,0,0.000337686,0,-1.33599e-05,-5.89976e-05,0,-0.000367405,0,-0.000295818,0,-3.65917e-05,-0.00168309,0,0.00369067,0,-0.00120881,0,3.7224e-05,0.000397055,0,-6.65357e-07,0,-0.00151188,0,5.60721e-05,0.000337686,0,-0.00120881,0,0.0261225,0,0.000104102,0.000284893,0,0.000891876,0,0.000156621,0,-6.33591e-05,-1.33599e-05,0,3.7224e-05,0,0.000104102,0,0.0466087,
0.00167279,0,-0.00168225,0.000399731,0.000335212,0.00028313,-1.31738e-05,-5.97611e-05,0,-0.000369014,-0.00125137,-0.000294637,0.000460684,-3.66726e-05,-0.00168191,0,0.0036916,-5.02734e-07,-0.00121249,0.000890508,3.7307e-05,0.000399477,0,-4.53096e-07,0.00324954,-0.00151125,-0.00126507,5.61665e-05,0.000334847,0,-0.00121194,-0.00151161,0.0261319,0.000162253,0.000100659,0.00028861,0,0.000881965,-0.00125942,0.000162607,0.0257692,-6.01959e-05,-1.32578e-05,0,3.73178e-05,5.61708e-05,0.000100785,-6.21554e-05,0.0466087,
0.00167277,0,-0.00168121,0.000401911,0.000332374,0.000284487,-1.30489e-05,-6.04719e-05,0,-0.000370595,-0.00125137,-0.000293453,0.000458133,-3.66598e-05,-0.00168087,0,0.00369265,-3.30955e-07,-0.00121593,0.000889496,3.73531e-05,0.000401656,0,-2.82976e-07,0.00324934,-0.00151035,-0.00126941,5.6319e-05,0.000332024,0,-0.00121541,-0.00151069,0.0261435,0.000164198,9.65728e-05,0.000289962,0,0.000880967,-0.00126373,0.000164549,0.0257736,-5.91776e-05,-1.31307e-05,0,3.73631e-05,5.63231e-05,9.669e-05,-6.10911e-05,0.0466086,
0.00167303,-6.12062e-05,-0.00168023,0.000404136,0.000329367,0.000285986,-1.29141e-05,-6.1265e-05,0.0011907,-0.000372167,-0.00125138,-0.000292273,0.000455529,-3.66493e-05,-0.0016799,-0.00037243,0.00369372,-9.42385e-08,-0.00121921,0.000888376,3.73922e-05,0.000403882,-0.00125119,-4.79228e-08,0.00324915,-0.00150948,-0.00127365,5.64752e-05,0.000329031,-0.000292097,-0.00121871,-0.00150982,0.0261551,0.000166103,9.25123e-05,0.000291459,0.000452723,0.00087986,-0.00126794,0.000166451,0.0257781,-5.81586e-05,-1.29937e-05,-3.65884e-05,3.74015e-05,5.64791e-05,9.2622e-05,-6.00272e-05,0.0466085,
0.00167284,0,0,0,0.00032669,0.000287539,-1.27529e-05,-6.22837e-05,0,0,0,-0.000291146,0.000452769,-3.66794e-05,-0.00167836,0,0,0,-0.00122294,0.000887202,3.74344e-05,0.000406614,0,0,0,-0.00150865,-0.00127681,5.66451e-05,0.000326368,0,0,0,0.0261662,0.000167454,8.889e-05,0.000293011,0,0,0,0.000167807,0.0257814,-5.7142e-05,-1.28305e-05,0,0,0,8.89924e-05,-5.89672e-05,0.0466085,
0.00167318,0,-0.00167754,0,0.000323413,0.000289502,-1.25968e-05,-6.32653e-05,0,-0.000375549,0,-0.000290207,0.000449871,-3.66788e-05,-0.0016772,0,0.00369717,0,-0.00122637,0.000885853,3.74624e-05,0.000408919,0,5.1821e-07,0,-0.00150755,-0.00128069,5.68183e-05,0.000323105,0,-0.00122592,0,0.0261783,0.000169114,8.48438e-05,0.000294971,0,0.000877357,0,0.000169466,0.0257856,-5.61256e-05,-1.26724e-05,0,3.74704e-05,0,8.49392e-05,-5.79078e-05,0.0466084,
0.00167386,0,-0.00167652,0.000411432,0.000319957,0.000291592,-1.24351e-05,-6.42942e-05,0,-0.000376964,-0.00125187,-0.000289293,0.000446964,-3.66759e-05,-0.00167618,0,0.0036987,8.55283e-07,-0.00122956,0.000884417,3.74829e-05,0.000411176,0,8.9676e-07,0.00324954,-0.00150648,-0.00128454,5.69914e-05,0.000319664,0,-0.00122913,-0.00150677,0.0261905,0.000170748,8.08212e-05,0.000297059,0,0.000875931,-0.00127874,0.0001711,0.02579,-5.51081e-05,-1.25086e-05,0,3.74902e-05,5.69949e-05,8.091e-05,-5.68481e-05,0.0466084,
0.00167511,0,-0.00167583,0.00041365,0.000316356,0.000293565,-1.22738e-05,-6.53209e-05,0,-0.000378375,-0.00125196,-0.000288212,0.000444235,-3.66672e-05,-0.0016755,0,0.0036998,1.30659e-06,-0.0012322,0.000882937,3.74972e-05,0.000413393,0,1.34636e-06,0.00324939,-0.00150568,-0.00128853,5.71522e-05,0.000316076,0,-0.00123178,-0.00150597,0.0262021,0.00017247,7.68752e-05,0.000299032,0,0.000874463,-0.00128269,0.000172818,0.0257944,-5.40903e-05,-1.23454e-05,0,3.75038e-05,5.71556e-05,7.69576e-05,-5.57888e-05,0.0466083,
0.00167655,0,-0.0016752,0.00041589,0.000312651,0.000295579,-1.21087e-05,-6.63883e-05,0,-0.000379784,-0.00125205,-0.000287116,0.000441493,-3.66586e-05,-0.00167487,0,0.00370087,1.79617e-06,-0.00123472,0.000881391,3.75079e-05,0.000415633,0,1.83423e-06,0.00324921,-0.00150492,-0.0012925,5.73117e-05,0.000312385,0,-0.00123433,-0.00150519,0.0262137,0.000174184,7.29419e-05,0.000301045,0,0.00087293,-0.00128664,0.000174527,0.0257989,-5.3075e-05,-1.21783e-05,0,3.75138e-05,5.7315e-05,7.30183e-05,-5.47328e-05,0.0466083,
0.00167815,0,-0.00167462,0.000418131,0.000308893,0.000297647,-1.19393e-05,-6.74915e-05,0,-0.000381174,-0.00125214,-0.000286019,0.000438753,-3.66503e-05,-0.00167429,0,0.00370193,2.31907e-06,-0.0012371,0.000879816,3.75135e-05,0.000417873,0,2.35541e-06,0.00324902,-0.0015042,-0.0012964,5.74707e-05,0.000308641,0,-0.00123673,-0.00150446,0.0262254,0.000175862,6.90338e-05,0.000303114,0,0.000871367,-0.0012905,0.0001762,0.0258034,-5.20618e-05,-1.2007e-05,0,3.75188e-05,5.74739e-05,6.91043e-05,-5.36797e-05,0.0466082,
0.0016799,0,-0.00167409,0.000420368,0.000305041,0.000299764,-1.1767e-05,-6.86262e-05,0,-0.000382542,-0.00125223,-0.000284925,0.000435997,-3.6641e-05,-0.00167375,0,0.00370296,2.8742e-06,-0.00123939,0.000878189,3.75157e-05,0.000420109,0,2.9088e-06,0.00324882,-0.00150349,-0.00130029,5.76286e-05,0.000304803,0,-0.00123904,-0.00150374,0.026237,0.000177532,6.51277e-05,0.000305232,0,0.000869751,-0.00129436,0.000177865,0.025808,-5.1051e-05,-1.18328e-05,0,3.75203e-05,5.76318e-05,6.51926e-05,-5.26299e-05,0.0466082,
0.00168179,0,-0.00167359,0.000422605,0.000301086,0.000301909,-1.15927e-05,-6.97906e-05,0,-0.000383892,-0.00125232,-0.000283837,0.00043323,-3.66311e-05,-0.00167325,0,0.00370398,3.46051e-06,-0.00124161,0.000876494,3.75159e-05,0.000422346,0,3.49336e-06,0.00324861,-0.00150278,-0.00130419,5.7784e-05,0.000300861,0,-0.00124129,-0.00150301,0.0262487,0.000179187,6.1241e-05,0.000307377,0,0.000868068,-0.00129823,0.000179514,0.0258125,-5.00424e-05,-1.16567e-05,0,3.75199e-05,5.77872e-05,6.13005e-05,-5.1583e-05,0.0466082,
0.0016838,0,-0.00167313,0.000424831,0.000297207,0.000304116,-1.14128e-05,-7.09826e-05,0,-0.000385222,-0.00125242,-0.000282744,0.000430496,-3.66229e-05,-0.00167279,0,0.00370499,4.06806e-06,-0.00124363,0.000874859,3.75085e-05,0.000424571,0,4.09916e-06,0.00324839,-0.00150216,-0.00130788,5.79408e-05,0.000296995,0,-0.00124332,-0.00150237,0.0262602,0.000180762,5.74045e-05,0.000309585,0,0.000866444,-0.00130189,0.000181084,0.0258171,-4.90351e-05,-1.1475e-05,0,3.75119e-05,5.79439e-05,5.74589e-05,-5.05382e-05,0.0466081,
0.00168594,0,-0.00167271,0.000427064,0.000293005,0.000306324,-1.12356e-05,-7.21975e-05,0,-0.000386537,-0.00125251,-0.00028166,0.000427669,-3.66083e-05,-0.00167237,0,0.00370597,4.71035e-06,-0.00124577,0.000873026,3.7506e-05,0.000426804,0,4.73968e-06,0.00324814,-0.00150141,-0.00131193,5.80926e-05,0.000292808,0,-0.00124549,-0.00150161,0.0262722,0.000182474,5.34718e-05,0.000311795,0,0.000864624,-0.00130591,0.000182789,0.0258218,-4.80321e-05,-1.12961e-05,0,3.75089e-05,5.80957e-05,5.35214e-05,-4.94984e-05,0.0466081,
0.00168816,0,-0.0016723,0.000429279,0.00028915,0.000308565,-1.10499e-05,-7.34396e-05,0,-0.000387835,-0.00125261,-0.000280578,0.000424997,-3.66043e-05,-0.00167197,0,0.00370696,5.36425e-06,-0.00124753,0.000871393,3.74912e-05,0.000429019,0,5.39182e-06,0.00324791,-0.00150088,-0.00131533,5.82452e-05,0.000288966,0,-0.00124726,-0.00150107,0.0262834,0.000183876,4.97934e-05,0.000314039,0,0.000863001,-0.00130928,0.000184186,0.0258262,-4.70266e-05,-1.11087e-05,0,3.74934e-05,5.82483e-05,4.98383e-05,-4.84568e-05,0.0466081,
0.0016904,0,-0.00167162,0.00043126,0.000284664,0.000313221,-1.09235e-05,-7.46026e-05,0,-0.00038938,-0.00125251,-0.000279414,0.000420167,-3.65377e-05,-0.00167162,0,0.00370793,6.02248e-06,-0.00124961,0.000869758,3.74772e-05,0.00043126,0,6.02248e-06,0.00324767,-0.00150007,-0.00131996,5.84055e-05,0.000284664,0,-0.00124961,-0.00150007,0.026296,0.000183868,4.57612e-05,0.000313221,0,0.000869758,-0.00131996,0.000183868,0.0258944,-4.74873e-05,-1.09235e-05,0,3.74772e-05,5.84055e-05,4.57612e-05,-4.74873e-05,0.046608,
0.00169292,0,-0.00167158,0.000433707,0.000280887,0.000313091,-1.06807e-05,-7.5982e-05,0,-0.000390383,-0.0012528,-0.000278424,0.000419494,-3.65836e-05,-0.00167125,0,0.00370886,6.74995e-06,-0.00125116,0.000867806,3.74643e-05,0.000433445,0,6.77394e-06,0.00324739,-0.00149964,-0.00132271,5.85411e-05,0.000280729,0,-0.00125093,-0.0014998,0.0263066,0.000186908,4.22419e-05,0.000318568,0,0.000859439,-0.0013166,0.000187206,0.0258354,-4.50292e-05,-1.07362e-05,0,3.74654e-05,5.85442e-05,4.22782e-05,-4.63894e-05,0.046608,
0.00169534,0,-0.00167095,0.000435665,0.000276267,0.000317851,-1.05483e-05,-7.71813e-05,0,-0.000391892,-0.0012527,-0.000277257,0.000414582,-3.65114e-05,-0.00167095,0,0.00370979,7.44353e-06,-0.00125314,0.000866147,3.74428e-05,0.000435665,0,7.44353e-06,0.00324711,-0.00149879,-0.00132746,5.87004e-05,0.000276267,0,-0.00125314,-0.00149879,0.0263196,0.000187316,3.80347e-05,0.000317851,0,0.000866147,-0.00132746,0.000187316,0.0259041,-4.54251e-05,-1.05483e-05,0,3.74428e-05,5.87004e-05,3.80347e-05,-4.54251e-05,0.0466079,
0.0016979,0,-0.00167063,0.000437839,0.000272379,0.000320087,-1.03566e-05,-7.85003e-05,0,-0.000393112,-0.0012528,-0.000276239,0.000412027,-3.65166e-05,-0.00167063,0,0.00371075,8.18014e-06,-0.00125454,0.000864454,3.74183e-05,0.000437839,0,8.18014e-06,0.00324687,-0.00149838,-0.00133045,5.88383e-05,0.000272379,0,-0.00125454,-0.00149838,0.0263301,0.000188516,3.46668e-05,0.000320087,0,0.000864454,-0.00133045,0.000188516,0.0259082,-4.43897e-05,-1.03566e-05,0,3.74183e-05,5.88383e-05,3.46668e-05,-4.43897e-05,0.0466079,
0.00170059,0,-0.00167036,0.000440046,0.00026775,0.000322505,-1.01694e-05,-7.98307e-05,0,-0.00039435,-0.00125288,-0.000275112,0.000409025,-3.64849e-05,-0.00167036,0,0.00371161,8.93891e-06,-0.00125643,0.000862459,3.73983e-05,0.000440046,0,8.93892e-06,0.00324652,-0.00149756,-0.00133481,5.89843e-05,0.00026775,0,-0.00125643,-0.00149756,0.0263433,0.000190638,3.03828e-05,0.000322505,0,0.000862459,-0.00133481,0.000190638,0.0259137,-4.33799e-05,-1.01694e-05,0,3.73983e-05,5.89843e-05,3.03828e-05,-4.33799e-05,0.0466079,
0.0017033,0,-0.00167007,0.000442204,0.000263817,0.000324784,-9.97412e-06,-8.11814e-05,0,-0.000395542,-0.00125298,-0.000274093,0.000406471,-3.64881e-05,-0.00167007,0,0.00371253,9.70754e-06,-0.00125771,0.000860762,3.73714e-05,0.000442204,0,9.70754e-06,0.00324625,-0.00149717,-0.00133775,5.91207e-05,0.000263817,0,-0.00125771,-0.00149717,0.0263538,0.000191815,2.70594e-05,0.000324784,0,0.000860762,-0.00133775,0.000191815,0.0259179,-4.23464e-05,-9.97412e-06,0,3.73714e-05,5.91207e-05,2.70594e-05,-4.23464e-05,0.0466078,
0.00170613,0,-0.00166982,0.000444427,0.000259135,0.000327161,-9.78466e-06,-8.25459e-05,0,-0.000396781,-0.00125305,-0.000272953,0.000403496,-3.64574e-05,-0.00166982,0,0.00371335,1.05007e-05,-0.0012595,0.000858718,3.73525e-05,0.000444427,0,1.05007e-05,0.00324586,-0.00149638,-0.00134206,5.92602e-05,0.000259135,0,-0.0012595,-0.00149638,0.0263668,0.000193867,2.29038e-05,0.000327161,0,0.000858718,-0.00134206,0.000193867,0.0259233,-4.13368e-05,-9.78466e-06,0,3.73525e-05,5.92602e-05,2.29038e-05,-4.13368e-05,0.0466078,
0.00170897,0,-0.00166956,0.000446593,0.000255167,0.000329492,-9.58512e-06,-8.39282e-05,0,-0.000397975,-0.00125313,-0.000271888,0.000400916,-3.64557e-05,-0.00166956,0,0.00371423,1.12958e-05,-0.00126067,0.000857044,3.73222e-05,0.000446593,0,1.12958e-05,0.00324554,-0.00149603,-0.00134502,5.93975e-05,0.000255167,0,-0.00126067,-0.00149603,0.0263776,0.000195118,1.95194e-05,0.000329492,0,0.000857044,-0.00134502,0.000195118,0.0259278,-4.03094e-05,-9.58512e-06,0,3.73222e-05,5.93975e-05,1.95194e-05,-4.03094e-05,0.0466078,
0.00171192,0,-0.00166934,0.000448782,0.00025042,0.000331841,-9.39499e-06,-8.53176e-05,0,-0.000399169,-0.0012532,-0.000270786,0.000397979,-3.64265e-05,-0.00166934,0,0.00371503,1.21236e-05,-0.00126237,0.00085494,3.73041e-05,0.000448782,0,1.21236e-05,0.00324515,-0.00149523,-0.00134923,5.95291e-05,0.00025042,0,-0.00126237,-0.00149523,0.0263904,0.000197047,1.55269e-05,0.000331841,0,0.00085494,-0.00134923,0.000197047,0.025933,-3.93002e-05,-9.39499e-06,0,3.73041e-05,5.95291e-05,1.55269e-05,-3.93002e-05,0.0466077,
0.00171488,0,-0.00166909,0.000450942,0.000246379,0.000334116,-9.19551e-06,-8.67273e-05,0,-0.000400342,-0.00125327,-0.000269745,0.000395441,-3.64275e-05,-0.00166909,0,0.00371589,1.29525e-05,-0.00126349,0.000853195,3.72766e-05,0.000450942,0,1.29525e-05,0.00324482,-0.00149489,-0.00135212,5.96581e-05,0.000246379,0,-0.00126349,-0.00149489,0.0264009,0.000198172,1.232e-05,0.000334116,0,0.000853195,-0.00135212,0.000198172,0.0259372,-3.82736e-05,-9.19551e-06,0,3.72766e-05,5.96581e-05,1.23199e-05,-3.82736e-05,0.0466077,
0.00171794,0,-0.0016689,0.000453091,0.000241628,0.000336586,-9.00045e-06,-8.81403e-05,0,-0.000401498,-0.00125335,-0.000268624,0.000392448,-3.63902e-05,-0.0016689,0,0.00371667,1.37995e-05,-0.00126505,0.000851158,3.72507e-05,0.000453091,0,1.37995e-05,0.0032444,-0.00149409,-0.00135636,5.97932e-05,0.000241628,0,-0.00126505,-0.00149409,0.0264143,0.000200204,8.1846e-06,0.000336586,0,0.000851158,-0.00135636,0.000200204,0.0259429,-3.72735e-05,-9.00044e-06,0,3.72507e-05,5.97932e-05,8.1846e-06,-3.72735e-05,0.0466077,
0.00172101,0,-0.00166868,0.000455232,0.000237523,0.000338906,-8.79887e-06,-8.95735e-05,0,-0.000402647,-0.00125342,-0.000267572,0.000389882,-3.63863e-05,-0.00166868,0,0.0037175,1.46534e-05,-0.0012661,0.000849411,3.72205e-05,0.000455232,0,1.46534e-05,0.00324404,-0.00149373,-0.0013593,5.99209e-05,0.000237523,0,-0.0012661,-0.00149373,0.0264251,0.000201378,4.92937e-06,0.000338906,0,0.000849411,-0.0013593,0.000201378,0.0259473,-3.62543e-05,-8.79887e-06,0,3.72205e-05,5.99209e-05,4.92937e-06,-3.62543e-05,0.0466077,
0.00172417,0,-0.00166849,0.000457376,0.000232742,0.00034122,-8.60591e-06,-9.10111e-05,0,-0.000403782,-0.00125349,-0.000266506,0.000387014,-3.63591e-05,-0.00166849,0,0.00371826,1.55374e-05,-0.0012676,0.000847273,3.72009e-05,0.000457376,0,1.55374e-05,0.00324364,-0.00149298,-0.00136329,6.0041e-05,0.000232742,0,-0.0012676,-0.00149298,0.0264376,0.000203106,1.18349e-06,0.00034122,0,0.000847273,-0.00136329,0.000203106,0.0259524,-3.52504e-05,-8.6059e-06,0,3.72009e-05,6.0041e-05,1.18349e-06,-3.52504e-05,0.0466077,
0.00172735,0,-0.00166829,0.000459493,0.000228588,0.000343724,-8.39882e-06,-9.24668e-05,0,-0.000404914,-0.00125356,-0.000265389,0.000384311,-3.63398e-05,-0.00166829,0,0.00371904,1.64035e-05,-0.00126857,0.000845615,3.71605e-05,0.000459493,0,1.64035e-05,0.00324321,-0.00149258,-0.00136645,6.01774e-05,0.000228588,0,-0.00126857,-0.00149258,0.0264495,0.000204579,-2.44219e-06,0.000343724,0,0.000845615,-0.00136645,0.000204579,0.0259576,-3.42474e-05,-8.39882e-06,0,3.71606e-05,6.01774e-05,-2.44219e-06,-3.42474e-05,0.0466077,
0.00173059,-9.39267e-05,-0.00166811,0.000461631,0.000223821,0.000345922,-8.2066e-06,-9.39267e-05,0.0011969,-0.000406033,-0.00125361,-0.000264357,0.000381554,-3.63206e-05,-0.00166811,-0.000406033,0.0037198,1.73177e-05,-0.00126998,0.000843434,3.71444e-05,0.000461631,-0.00125361,1.73177e-05,0.00324281,-0.00149188,-0.00137021,6.02862e-05,0.000223821,-0.000264357,-0.00126998,-0.00149188,0.0264613,0.000206059,-5.87867e-06,0.000345922,0.000381554,0.000843434,-0.00137021,0.000206059,0.0259622,-3.32425e-05,-8.2066e-06,-3.63206e-05,3.71444e-05,6.02862e-05,-5.87866e-06,-3.32425e-05,0.0466077,
0.00173383,0,-0.00166789,0.000463756,0.000219582,0.000348437,-7.99864e-06,-9.54101e-05,0,-0.00040716,-0.00125368,-0.000263239,0.00037881,-3.62978e-05,-0.00166789,0,0.00372059,1.82056e-05,-0.00127097,0.000841735,3.71039e-05,0.000463756,0,1.82056e-05,0.00324237,-0.00149144,-0.00137344,6.04192e-05,0.000219582,0,-0.00127097,-0.00149144,0.0264734,0.000207568,-9.53376e-06,0.000348437,0,0.000841735,-0.00137344,0.000207568,0.0259675,-3.22475e-05,-7.99864e-06,0,3.71039e-05,6.04192e-05,-9.53377e-06,-3.22475e-05,0.0466077,
0.00173728,0,-0.00166804,0.000466131,0.000214857,0.000348313,-7.76802e-06,-9.69909e-05,0,-0.000407998,-0.00125394,-0.000262175,0.000378037,-3.63037e-05,-0.0016677,0,0.00372126,1.91832e-05,-0.00127224,0.000839203,3.70876e-05,0.000465862,0,1.91792e-05,0.0032419,-0.00149078,-0.00137679,6.05248e-05,0.000214892,0,-0.00127231,-0.00149073,0.0264855,0.000208579,-1.30074e-05,0.000353824,0,0.000831045,-0.00137027,0.000208751,0.025908,-3.03279e-05,-7.80252e-06,0,3.70819e-05,6.05289e-05,-1.30144e-05,-3.12471e-05,0.0466077,
0.00174064,0,-0.00166785,0.000468234,0.000210486,0.000350719,-7.56447e-06,-9.84897e-05,0,-0.000409096,-0.00125399,-0.000261078,0.000375348,-3.62822e-05,-0.00166751,0,0.003722,2.01079e-05,-0.00127321,0.000837384,3.7051e-05,0.000467964,0,2.0102e-05,0.00324145,-0.00149032,-0.00138003,6.06457e-05,0.000210534,0,-0.00127329,-0.00149026,0.0264973,0.000209833,-1.64935e-05,0.000356233,0,0.00082924,-0.00137348,0.000209996,0.025913,-2.93641e-05,-7.59779e-06,0,3.7045e-05,6.065e-05,-1.65022e-05,-3.02587e-05,0.0466077,
0.00174406,0,-0.00166769,0.000470337,0.000205812,0.000353076,-7.36516e-06,-9.99963e-05,0,-0.000410185,-0.00125404,-0.000259986,0.000372557,-3.62526e-05,-0.00166735,0,0.0037227,2.10553e-05,-0.00127435,0.000835367,3.70202e-05,0.000470067,0,2.10474e-05,0.00324097,-0.00148969,-0.00138367,6.07588e-05,0.000205872,0,-0.00127445,-0.00148962,0.0265098,0.000211264,-2.01069e-05,0.000358592,0,0.000827241,-0.0013771,0.000211416,0.0259181,-2.84059e-05,-7.39735e-06,0,3.70138e-05,6.07632e-05,-2.01173e-05,-2.92768e-05,0.0466077,
0.0017475,-0.000101452,-0.00166751,0.000472433,0.000201355,0.000355397,-7.16408e-06,-0.000101515,0.00119812,-0.000411269,-0.00125408,-0.000258913,0.000369907,-3.62333e-05,-0.00166717,-0.000411541,0.00372342,2.2009e-05,-0.00127531,0.000833467,3.69855e-05,0.000472162,-0.00125387,2.19992e-05,0.00324051,-0.00148922,-0.00138688,6.08695e-05,0.000201427,-0.00025895,-0.00127543,-0.00148913,0.0265214,0.000212414,-2.34658e-05,0.000360916,0.000366993,0.000825356,-0.00138029,0.000212557,0.0259229,-2.74466e-05,-7.19514e-06,-3.62072e-05,3.69788e-05,6.08739e-05,-2.34778e-05,-2.82938e-05,0.0466077,
0.00175088,0,-0.00166703,0.000474262,0.000196742,0.000360195,-6.99316e-06,-0.000102945,0,-0.00041261,-0.00125391,-0.000257832,0.000365102,-3.61749e-05,-0.00166703,0,0.00372417,2.29224e-05,-0.00127635,0.000831978,3.69425e-05,0.000474262,0,2.29224e-05,0.00324004,-0.00148862,-0.00139077,6.09853e-05,0.000196742,0,-0.00127635,-0.00148862,0.026534,0.000214912,-2.71575e-05,0.000360195,0,0.000831978,-0.00139077,0.000214912,0.0259927,-2.73141e-05,-6.99315e-06,0,3.69425e-05,6.09853e-05,-2.71575e-05,-2.73141e-05,0.0466077,
0.0017545,-0.000104514,-0.00166716,0.000476605,0.000192195,0.00036008,-6.76295e-06,-0.000104578,0.00119859,-0.000413413,-0.00125416,-0.000256737,0.000364468,-3.61803e-05,-0.00166682,-0.000413686,0.0037248,2.39486e-05,-0.00127731,0.000829571,3.69132e-05,0.000476333,-0.00125394,2.39349e-05,0.00323952,-0.00148812,-0.00139369,6.10855e-05,0.000192292,-0.000256787,-0.00127746,-0.001488,0.0265456,0.00021498,-3.04681e-05,0.000365604,0.000361549,0.000821492,-0.00138704,0.000215104,0.0259329,-2.55444e-05,-6.79187e-06,-3.61558e-05,3.69059e-05,6.10902e-05,-3.04829e-05,-2.63467e-05,0.0466077,
0.00175792,-0.000106019,-0.00166668,0.000478417,0.000187622,0.000364868,-6.59049e-06,-0.000106019,0.00119879,-0.000414743,-0.00125398,-0.000255663,0.000359678,-3.61225e-05,-0.00166668,-0.000414743,0.00372554,2.48715e-05,-0.00127828,0.00082813,3.68673e-05,0.000478417,-0.00125398,2.48715e-05,0.00323903,-0.00148753,-0.0013975,6.11966e-05,0.000187622,-0.000255663,-0.00127828,-0.00148753,0.0265583,0.000217723,-3.41465e-05,0.000364868,0.000359678,0.00082813,-0.0013975,0.000217723,0.0260028,-2.53695e-05,-6.59049e-06,-3.61225e-05,3.68673e-05,6.11966e-05,-3.41465e-05,-2.53695e-05,0.0466077,
0.00176147,-0.000107563,-0.00166649,0.000480485,0.000183094,0.000367131,-6.3904e-06,-0.000107563,0.00119903,-0.000415801,-0.00125401,-0.000254597,0.000357034,-3.61003e-05,-0.00166649,-0.000415801,0.00372621,2.58575e-05,-0.00127921,0.000826202,3.68319e-05,0.000480485,-0.00125401,2.58575e-05,0.00323852,-0.00148702,-0.00140073,6.12958e-05,0.000183094,-0.000254597,-0.00127921,-0.00148702,0.02657,0.000218992,-3.74714e-05,0.000367131,0.000357034,0.000826202,-0.00140073,0.000218992,0.0260077,-2.43984e-05,-6.3904e-06,-3.61003e-05,3.68319e-05,6.12958e-05,-3.74714e-05,-2.43984e-05,0.0466077,
0.00176503,-0.000109111,-0.00166631,0.000482539,0.000178505,0.00036948,-6.18915e-06,-0.000109111,0.00119926,-0.000416853,-0.00125403,-0.000253494,0.000354285,-3.60671e-05,-0.00166631,-0.000416853,0.00372687,2.68432e-05,-0.00128015,0.000824294,3.6792e-05,0.000482539,-0.00125403,2.68432e-05,0.00323799,-0.00148644,-0.00140418,6.13982e-05,0.000178505,-0.000253494,-0.00128015,-0.00148644,0.0265825,0.000220491,-4.1061e-05,0.00036948,0.000354285,0.000824294,-0.00140418,0.000220491,0.026013,-2.34378e-05,-6.18915e-06,-3.60671e-05,3.6792e-05,6.13982e-05,-4.1061e-05,-2.34378e-05,0.0466077,
0.00176861,-0.000110662,-0.00166612,0.000484589,0.000173967,0.000371732,-5.98954e-06,-0.000110662,0.00119949,-0.0004179,-0.00125405,-0.000252422,0.000351635,-3.60416e-05,-0.00166612,-0.0004179,0.00372753,2.78389e-05,-0.00128106,0.000822378,3.67555e-05,0.000484589,-0.00125405,2.78389e-05,0.00323746,-0.00148591,-0.00140743,6.14937e-05,0.000173967,-0.000252422,-0.00128106,-0.00148591,0.0265944,0.000221785,-4.4405e-05,0.000371732,0.000351635,0.000822378,-0.00140743,0.000221785,0.026018,-2.24746e-05,-5.98954e-06,-3.60416e-05,3.67555e-05,6.14937e-05,-4.4405e-05,-2.24746e-05,0.0466077,
0.00177221,-0.000112218,-0.00166593,0.000486626,0.000169395,0.000374037,-5.78924e-06,-0.000112218,0.00119972,-0.000418941,-0.00125406,-0.000251324,0.00034892,-3.60085e-05,-0.00166593,-0.000418941,0.00372817,2.88359e-05,-0.00128197,0.000820479,3.67158e-05,0.000486626,-0.00125406,2.88359e-05,0.0032369,-0.00148534,-0.00141082,6.15906e-05,0.000169395,-0.000251324,-0.00128197,-0.00148534,0.0266069,0.000223227,-4.79194e-05,0.000374037,0.00034892,0.000820479,-0.00141082,0.000223227,0.0260232,-2.15196e-05,-5.78924e-06,-3.60085e-05,3.67158e-05,6.15906e-05,-4.79194e-05,-2.15196e-05,0.0466077,
0.00177582,-0.000113777,-0.00166573,0.000488659,0.000164852,0.000376278,-5.59013e-06,-0.000113777,0.00119995,-0.000419976,-0.00125407,-0.000250245,0.000346268,-3.59797e-05,-0.00166573,-0.000419976,0.0037288,2.98413e-05,-0.00128285,0.000818574,3.66781e-05,0.000488659,-0.00125407,2.98413e-05,0.00323635,-0.00148479,-0.00141409,6.16824e-05,0.000164852,-0.000250245,-0.00128285,-0.00148479,0.0266189,0.000224541,-5.12789e-05,0.000376278,0.000346268,0.000818574,-0.00141409,0.000224541,0.0260283,-2.05645e-05,-5.59013e-06,-3.59797e-05,3.66781e-05,6.16824e-05,-5.12789e-05,-2.05645e-05,0.0466077,
0.00177944,-0.000115341,-0.00166553,0.00049068,0.000160294,0.000378544,-5.3908e-06,-0.000115341,0.00120018,-0.000421006,-0.00125407,-0.000249151,0.000343582,-3.59465e-05,-0.00166553,-0.000421006,0.00372943,3.08494e-05,-0.00128372,0.000816685,3.66384e-05,0.00049068,-0.00125407,3.08494e-05,0.00323578,-0.00148422,-0.00141743,6.17741e-05,0.000160294,-0.000249151,-0.00128372,-0.00148422,0.0266313,0.000225934,-5.47292e-05,0.000378544,0.000343582,0.000816685,-0.00141743,0.000225934,0.0260335,-1.96155e-05,-5.3908e-06,-3.59465e-05,3.66384e-05,6.17741e-05,-5.47292e-05,-1.96155e-05,0.0466077,
0.00178308,-0.000116908,-0.00166533,0.000492695,0.000155747,0.000380768,-5.19237e-06,-0.000116908,0.00120041,-0.00042203,-0.00125407,-0.000248068,0.00034093,-3.59149e-05,-0.00166533,-0.00042203,0.00373005,3.18646e-05,-0.00128458,0.000814791,3.65997e-05,0.000492695,-0.00125407,3.18646e-05,0.00323521,-0.00148367,-0.0014207,6.18619e-05,0.000155747,-0.000248068,-0.00128458,-0.00148367,0.0266435,0.00022726,-5.80956e-05,0.000380768,0.00034093,0.000814791,-0.0014207,0.00022726,0.0260386,-1.86681e-05,-5.19237e-06,-3.59149e-05,3.65997e-05,6.18619e-05,-5.80956e-05,-1.86681e-05,0.0466077,
0.00178674,-0.000118479,-0.00166512,0.000494699,0.000151202,0.000382999,-4.99398e-06,-0.000118479,0.00120063,-0.000423049,-0.00125406,-0.000246977,0.000338271,-3.58812e-05,-0.00166512,-0.000423049,0.00373065,3.28834e-05,-0.00128541,0.000812914,3.65596e-05,0.000494699,-0.00125406,3.28834e-05,0.00323462,-0.0014831,-0.00142399,6.19487e-05,0.000151202,-0.000246977,-0.00128541,-0.0014831,0.0266558,0.000228613,-6.14932e-05,0.000382999,0.000338271,0.000812914,-0.00142399,0.000228613,0.0260438,-1.77255e-05,-4.99398e-06,-3.58812e-05,3.65596e-05,6.19487e-05,-6.14932e-05,-1.77255e-05,0.0466077,
0.00179041,-0.000120053,-0.00166491,0.000496697,0.000146651,0.000385203,-4.79641e-06,-0.000120053,0.00120086,-0.000424063,-0.00125405,-0.000245889,0.000335624,-3.58472e-05,-0.00166491,-0.000424063,0.00373125,3.39085e-05,-0.00128625,0.000811029,3.652e-05,0.000496697,-0.00125405,3.39085e-05,0.00323403,-0.00148253,-0.00142726,6.20323e-05,0.000146651,-0.000245889,-0.00128625,-0.00148253,0.026668,0.000229945,-6.4859e-05,0.000385203,0.000335624,0.000811029,-0.00142726,0.000229945,0.026049,-1.67858e-05,-4.79641e-06,-3.58472e-05,3.652e-05,6.20323e-05,-6.4859e-05,-1.67858e-05,0.0466077,
0.0017941,-0.000121631,-0.00166469,0.000498685,0.000142121,0.000387403,-4.59896e-06,-0.000121631,0.00120108,-0.000425072,-0.00125404,-0.0002448,0.000332988,-3.58127e-05,-0.00166469,-0.000425072,0.00373185,3.49374e-05,-0.00128705,0.000809167,3.64794e-05,0.000498685,-0.00125404,3.49374e-05,0.00323342,-0.00148197,-0.00143051,6.21145e-05,0.000142121,-0.0002448,-0.00128705,-0.00148197,0.0266803,0.000231264,-6.82139e-05,0.000387403,0.000332988,0.000809167,-0.00143051,0.000231264,0.0260542,-1.58498e-05,-4.59896e-06,-3.58127e-05,3.64794e-05,6.21145e-05,-6.82139e-05,-1.58498e-05,0.0466077,
0.0017978,-0.000123213,-0.00166447,0.000500665,0.000137566,0.000389584,-4.40239e-06,-0.000123213,0.00120131,-0.000426075,-0.00125402,-0.000243711,0.000330349,-3.57766e-05,-0.00166447,-0.000426075,0.00373243,3.59725e-05,-0.00128786,0.00080729,3.6439e-05,0.000500665,-0.00125402,3.59725e-05,0.00323281,-0.00148139,-0.00143378,6.21937e-05,0.000137566,-0.000243711,-0.00128786,-0.00148139,0.0266926,0.000232595,-7.15721e-05,0.000389584,0.000330349,0.00080729,-0.00143378,0.000232595,0.0260594,-1.49176e-05,-4.40238e-06,-3.57766e-05,3.6439e-05,6.21937e-05,-7.15721e-05,-1.49176e-05,0.0466077,
0.00180152,-0.000124798,-0.00166425,0.000502635,0.000133049,0.000391756,-4.20591e-06,-0.000124798,0.00120153,-0.000427073,-0.00125399,-0.000242622,0.000327733,-3.5741e-05,-0.00166425,-0.000427073,0.00373301,3.70113e-05,-0.00128864,0.000805443,3.63977e-05,0.000502635,-0.00125399,3.70113e-05,0.00323219,-0.00148083,-0.00143699,6.22715e-05,0.000133049,-0.000242622,-0.00128864,-0.00148083,0.0267049,0.000233888,-7.48934e-05,0.000391756,0.000327733,0.000805443,-0.00143699,0.000233888,0.0260646,-1.39885e-05,-4.2059e-06,-3.5741e-05,3.63977e-05,6.22715e-05,-7.48934e-05,-1.39885e-05,0.0466077,
0.00180525,-0.000126386,-0.00166402,0.000504598,0.000128494,0.00039391,-4.01041e-06,-0.000126386,0.00120175,-0.000428067,-0.00125397,-0.000241532,0.000325104,-3.57032e-05,-0.00166402,-0.000428067,0.00373358,3.80564e-05,-0.00128942,0.000803574,3.63565e-05,0.000504598,-0.00125397,3.80564e-05,0.00323155,-0.00148024,-0.00144025,6.23463e-05,0.000128494,-0.000241532,-0.00128942,-0.00148024,0.0267172,0.000235213,-7.82374e-05,0.00039391,0.000325104,0.000803574,-0.00144025,0.000235213,0.0260699,-1.30636e-05,-4.01041e-06,-3.57032e-05,3.63565e-05,6.23463e-05,-7.82374e-05,-1.30636e-05,0.0466077,
0.001809,-0.000127978,-0.00166379,0.000506551,0.000123986,0.000396055,-3.81498e-06,-0.000127978,0.00120197,-0.000429055,-0.00125393,-0.000240443,0.000322506,-3.56663e-05,-0.00166379,-0.000429055,0.00373414,3.91048e-05,-0.00129017,0.000801741,3.63143e-05,0.000506551,-0.00125393,3.91048e-05,0.00323091,-0.00147968,-0.00144343,6.24198e-05,0.000123986,-0.000240443,-0.00129017,-0.00147968,0.0267295,0.000236487,-8.15338e-05,0.000396055,0.000322506,0.000801741,-0.00144343,0.000236487,0.0260751,-1.21415e-05,-3.81498e-06,-3.56663e-05,3.63143e-05,6.24198e-05,-8.15338e-05,-1.21415e-05,0.0466077,
0.00181276,-0.000129573,-0.00166355,0.000508496,0.000119435,0.000398182,-3.62061e-06,-0.000129573,0.00120219,-0.000430038,-0.0012539,-0.000239352,0.000319892,-3.5627e-05,-0.00166355,-0.000430038,0.00373469,4.01595e-05,-0.00129093,0.000799883,3.62723e-05,0.000508496,-0.0012539,4.01595e-05,0.00323026,-0.00147909,-0.00144667,6.24901e-05,0.000119435,-0.000239352,-0.00129093,-0.00147909,0.0267419,0.000237798,-8.48574e-05,0.000398182,0.000319892,0.000799883,-0.00144667,0.000237798,0.0260804,-1.12237e-05,-3.62061e-06,-3.5627e-05,3.62723e-05,6.24901e-05,-8.48574e-05,-1.12237e-05,0.0466077,
0.00181653,-0.000131172,-0.00166331,0.000510432,0.000114932,0.000400302,-3.42631e-06,-0.000131172,0.00120241,-0.000431017,-0.00125385,-0.000238262,0.000317308,-3.55886e-05,-0.00166331,-0.000431017,0.00373523,4.12175e-05,-0.00129165,0.000798063,3.62293e-05,0.000510432,-0.00125385,4.12175e-05,0.0032296,-0.00147852,-0.00144983,6.25593e-05,0.000114932,-0.000238262,-0.00129165,-0.00147852,0.0267542,0.000239061,-8.81361e-05,0.000400302,0.000317308,0.000798063,-0.00144983,0.000239061,0.0260856,-1.03088e-05,-3.42631e-06,-3.55886e-05,3.62293e-05,6.25593e-05,-8.81361e-05,-1.03088e-05,0.0466077,
0.00182033,-0.000132773,-0.00166307,0.00051236,0.00011039,0.000402401,-3.23311e-06,-0.000132773,0.00120263,-0.000431991,-0.00125381,-0.000237172,0.000314711,-3.5548e-05,-0.00166307,-0.000431991,0.00373577,4.22816e-05,-0.00129238,0.000796218,3.61864e-05,0.00051236,-0.00125381,4.22816e-05,0.00322893,-0.00147793,-0.00145305,6.26254e-05,0.00011039,-0.000237172,-0.00129238,-0.00147793,0.0267666,0.000240353,-9.1435e-05,0.000402401,0.000314711,0.000796218,-0.00145305,0.000240353,0.0260909,-9.39795e-06,-3.23311e-06,-3.5548e-05,3.61864e-05,6.26254e-05,-9.1435e-05,-9.39796e-06,0.0466077,
0.00182413,-0.000134377,-0.00166282,0.000514278,0.000105889,0.000404496,-3.04004e-06,-0.000134377,0.00120284,-0.00043296,-0.00125375,-0.000236081,0.000312138,-3.55079e-05,-0.00166282,-0.00043296,0.0037363,4.3349e-05,-0.00129308,0.000794408,3.61425e-05,0.000514278,-0.00125375,4.3349e-05,0.00322825,-0.00147735,-0.0014562,6.26903e-05,0.000105889,-0.000236081,-0.00129308,-0.00147735,0.0267789,0.000241608,-9.47005e-05,0.000404496,0.000312138,0.000794408,-0.0014562,0.000241608,0.0260961,-8.49021e-06,-3.04004e-06,-3.55079e-05,3.61425e-05,6.26903e-05,-9.47005e-05,-8.49021e-06,0.0466077,
0.00182795,-0.000135985,-0.00166257,0.000516188,0.000101357,0.000406568,-2.84804e-06,-0.000135985,0.00120306,-0.000433924,-0.0012537,-0.000234991,0.00030956,-3.54662e-05,-0.00166257,-0.000433924,0.00373682,4.44223e-05,-0.00129378,0.000792579,3.60988e-05,0.000516188,-0.0012537,4.44223e-05,0.00322757,-0.00147676,-0.00145939,6.27521e-05,0.000101357,-0.000234991,-0.00129378,-0.00147676,0.0267912,0.000242881,-9.79735e-05,0.000406568,0.00030956,0.000792579,-0.00145939,0.000242881,0.0261014,-7.5862e-06,-2.84803e-06,-3.54662e-05,3.60988e-05,6.27521e-05,-9.79735e-05,-7.5862e-06,0.0466077,
0.00183178,-0.000137595,-0.00166231,0.000518089,9.68573e-05,0.000408636,-2.65627e-06,-0.000137595,0.00120327,-0.000434884,-0.00125364,-0.0002339,0.000306999,-3.54245e-05,-0.00166231,-0.000434884,0.00373734,4.54989e-05,-0.00129446,0.000790778,3.6054e-05,0.000518089,-0.00125364,4.54989e-05,0.00322687,-0.00147618,-0.00146252,6.28127e-05,9.68573e-05,-0.0002339,-0.00129446,-0.00147618,0.0268036,0.00024413,-0.000101227,0.000408636,0.000306999,0.000790778,-0.00146252,0.00024413,0.0261067,-6.68558e-06,-2.65627e-06,-3.54245e-05,3.6054e-05,6.28127e-05,-0.000101227,-6.68558e-06,0.0466078,
0.00183562,-0.000139208,-0.00166205,0.000519982,9.23371e-05,0.000410681,-2.46551e-06,-0.000139208,0.00120348,-0.000435839,-0.00125357,-0.00023281,0.000304439,-3.53817e-05,-0.00166205,-0.000435839,0.00373784,4.65813e-05,-0.00129514,0.000788965,3.60094e-05,0.000519982,-0.00125357,4.65813e-05,0.00322617,-0.00147558,-0.00146568,6.28704e-05,9.23371e-05,-0.00023281,-0.00129514,-0.00147558,0.026816,0.000245383,-0.000104475,0.000410681,0.000304439,0.000788965,-0.00146568,0.000245383,0.0261119,-5.78836e-06,-2.46551e-06,-3.53817e-05,3.60094e-05,6.28704e-05,-0.000104475,-5.78836e-06,0.0466078,
0.00183948,-0.000140824,-0.00166178,0.000521865,8.78386e-05,0.000412723,-2.27511e-06,-0.000140824,0.0012037,-0.00043679,-0.0012535,-0.000231718,0.000301891,-3.53383e-05,-0.00166178,-0.00043679,0.00373834,4.7667e-05,-0.00129579,0.000787174,3.59637e-05,0.000521865,-0.0012535,4.7667e-05,0.00322545,-0.001475,-0.0014688,6.29268e-05,8.78386e-05,-0.000231718,-0.00129579,-0.001475,0.0268283,0.000246625,-0.000107715,0.000412723,0.000301891,0.000787174,-0.0014688,0.000246625,0.0261172,-4.89473e-06,-2.2751e-06,-3.53383e-05,3.59637e-05,6.29268e-05,-0.000107715,-4.89473e-06,0.0466078,
0.00184335,-0.000142443,-0.00166151,0.00052374,8.33289e-05,0.000414742,-2.08565e-06,-0.000142443,0.00120391,-0.000437736,-0.00125343,-0.000230628,0.000299349,-3.52944e-05,-0.00166151,-0.000437736,0.00373884,4.87581e-05,-0.00129645,0.000785376,3.59182e-05,0.00052374,-0.00125343,4.87581e-05,0.00322473,-0.0014744,-0.00147193,6.29805e-05,8.33289e-05,-0.000230628,-0.00129645,-0.0014744,0.0268407,0.000247862,-0.000110942,0.000414742,0.000299349,0.000785376,-0.00147193,0.000247862,0.0261225,-4.0043e-06,-2.08565e-06,-3.52944e-05,3.59182e-05,6.29805e-05,-0.000110942,-4.0043e-06,0.0466078,
0.00184724,-0.000144064,-0.00166124,0.000525605,7.88334e-05,0.000416757,-1.89666e-06,-0.000144064,0.00120412,-0.000438678,-0.00125335,-0.000229537,0.000296814,-3.52496e-05,-0.00166124,-0.000438678,0.00373932,4.98527e-05,-0.00129708,0.000783596,3.58716e-05,0.000525605,-0.00125335,4.98527e-05,0.003224,-0.00147381,-0.00147504,6.30326e-05,7.88334e-05,-0.000229537,-0.00129708,-0.00147381,0.0268531,0.000249094,-0.000114167,0.000416757,0.000296814,0.000783596,-0.00147504,0.000249094,0.0261278,-3.11751e-06,-1.89666e-06,-3.52496e-05,3.58716e-05,6.30326e-05,-0.000114167,-3.11751e-06,0.0466078,
0.00185114,-0.000145688,-0.00166096,0.000527462,7.43332e-05,0.000418751,-1.70856e-06,-0.000145688,0.00120433,-0.000439615,-0.00125327,-0.000228447,0.000294288,-3.52043e-05,-0.00166096,-0.000439615,0.0037398,5.09524e-05,-0.00129771,0.000781814,3.58251e-05,0.000527462,-0.00125327,5.09524e-05,0.00322326,-0.00147321,-0.00147815,6.30823e-05,7.43332e-05,-0.000228447,-0.00129771,-0.00147321,0.0268654,0.000250317,-0.000117376,0.000418751,0.000294288,0.000781814,-0.00147815,0.000250317,0.0261331,-2.23382e-06,-1.70856e-06,-3.52043e-05,3.58251e-05,6.30823e-05,-0.000117376,-2.23381e-06,0.0466078,
0.00185505,-0.000147315,-0.00166068,0.000529309,6.98421e-05,0.000420737,-1.52103e-06,-0.000147315,0.00120454,-0.000440548,-0.00125318,-0.000227356,0.000291769,-3.51582e-05,-0.00166068,-0.000440548,0.00374027,5.20557e-05,-0.00129832,0.000780044,3.57777e-05,0.000529309,-0.00125318,5.20557e-05,0.00322251,-0.00147261,-0.00148124,6.31302e-05,6.98421e-05,-0.000227356,-0.00129832,-0.00147261,0.0268778,0.000251538,-0.000120583,0.000420737,0.000291769,0.000780044,-0.00148124,0.000251538,0.0261385,-1.35371e-06,-1.52103e-06,-3.51582e-05,3.57777e-05,6.31302e-05,-0.000120583,-1.35371e-06,0.0466078,
0.00185898,-0.000148944,-0.00166039,0.000531148,6.53504e-05,0.000422706,-1.33434e-06,-0.000148944,0.00120474,-0.000441477,-0.00125309,-0.000226266,0.000289258,-3.51117e-05,-0.00166039,-0.000441477,0.00374074,5.31638e-05,-0.00129893,0.000778277,3.57301e-05,0.000531148,-0.00125309,5.31638e-05,0.00322176,-0.00147201,-0.00148432,6.31759e-05,6.53504e-05,-0.000226266,-0.00129893,-0.00147201,0.0268902,0.00025275,-0.000123776,0.000422706,0.000289258,0.000778277,-0.00148432,0.00025275,0.0261438,-4.76713e-07,-1.33434e-06,-3.51117e-05,3.57301e-05,6.31759e-05,-0.000123776,-4.76713e-07,0.0466078,
0.00186291,-0.000150575,-0.0016601,0.000532978,6.08649e-05,0.000424666,-1.14831e-06,-0.000150575,0.00120495,-0.000442402,-0.00125299,-0.000225175,0.000286754,-3.50643e-05,-0.0016601,-0.000442402,0.0037412,5.42757e-05,-0.00129952,0.00077652,3.56818e-05,0.000532978,-0.00125299,5.42757e-05,0.00322099,-0.00147141,-0.00148739,6.32198e-05,6.08649e-05,-0.000225175,-0.00129952,-0.00147141,0.0269026,0.000253959,-0.000126965,0.000424666,0.000286754,0.00077652,-0.00148739,0.000253959,0.0261491,3.96833e-07,-1.14831e-06,-3.50643e-05,3.56818e-05,6.32198e-05,-0.000126965,3.96833e-07,0.0466078,
0.00186686,-0.000152209,-0.00165981,0.000534799,5.63811e-05,0.000426609,-9.63091e-07,-0.000152209,0.00120515,-0.000443323,-0.00125289,-0.000224084,0.000284259,-3.50164e-05,-0.00165981,-0.000443323,0.00374165,5.5392e-05,-0.0013001,0.000774768,3.56333e-05,0.000534799,-0.00125289,5.5392e-05,0.00322022,-0.0014708,-0.00149046,6.32616e-05,5.63811e-05,-0.000224084,-0.0013001,-0.0014708,0.0269149,0.00025516,-0.000130142,0.000426609,0.000284259,0.000774768,-0.00149046,0.00025516,0.0261544,1.26723e-06,-9.63091e-07,-3.50164e-05,3.56333e-05,6.32616e-05,-0.000130142,1.26723e-06,0.0466078,
0.00187083,-0.000153845,-0.00165951,0.000536611,5.19021e-05,0.000428542,-7.78602e-07,-0.000153845,0.00120536,-0.000444239,-0.00125279,-0.000222994,0.000281771,-3.49678e-05,-0.0016595,-0.000444239,0.00374209,5.65122e-05,-0.00130067,0.000773023,3.55841e-05,0.000536611,-0.00125279,5.65122e-05,0.00321944,-0.0014702,-0.00149351,6.33015e-05,5.19021e-05,-0.000222994,-0.00130067,-0.0014702,0.0269273,0.000256358,-0.000133314,0.000428542,0.000281771,0.000773023,-0.00149351,0.000256358,0.0261597,2.13431e-06,-7.78605e-07,-3.49678e-05,3.55841e-05,6.33015e-05,-0.000133314,2.13431e-06,0.0466078,
0.0018748,-0.000155483,-0.0016592,0.000538413,4.74259e-05,0.000430459,-5.94919e-07,-0.000155483,0.00120556,-0.000445152,-0.00125268,-0.000221904,0.000279292,-3.49187e-05,-0.0016592,-0.000445152,0.00374253,5.76366e-05,-0.00130124,0.000771285,3.55346e-05,0.000538413,-0.00125268,5.76366e-05,0.00321864,-0.00146959,-0.00149655,6.33394e-05,4.74259e-05,-0.000221904,-0.00130124,-0.00146959,0.0269397,0.000257548,-0.000136475,0.000430459,0.000279292,0.000771285,-0.00149655,0.000257548,0.0261651,2.99828e-06,-5.94919e-07,-3.49187e-05,3.55346e-05,6.33394e-05,-0.000136475,2.99828e-06,0.0466078,
0.00187879,-0.000157123,-0.00165889,0.000540207,4.29538e-05,0.000432366,-4.11973e-07,-0.000157123,0.00120576,-0.00044606,-0.00125257,-0.000220813,0.000276818,-3.48688e-05,-0.00165889,-0.00044606,0.00374297,5.87648e-05,-0.00130179,0.000769554,3.54844e-05,0.000540207,-0.00125257,5.87648e-05,0.00321785,-0.00146898,-0.00149959,6.33755e-05,4.29538e-05,-0.000220813,-0.00130179,-0.00146898,0.026952,0.000258737,-0.000139634,0.000432366,0.000276818,0.000769554,-0.00149959,0.000258737,0.0261704,3.85889e-06,-4.11976e-07,-3.48688e-05,3.54844e-05,6.33755e-05,-0.000139634,3.85889e-06,0.0466078,
0.00188279,-0.000158766,-0.00165858,0.000541991,3.84853e-05,0.000434255,-2.29913e-07,-0.000158766,0.00120596,-0.000446965,-0.00125245,-0.000219725,0.000274357,-3.48187e-05,-0.00165858,-0.000446965,0.00374339,5.98974e-05,-0.00130233,0.000767829,3.54342e-05,0.000541991,-0.00125245,5.98974e-05,0.00321704,-0.00146837,-0.0015026,6.34093e-05,3.84853e-05,-0.000219725,-0.00130233,-0.00146837,0.0269644,0.000259911,-0.000142771,0.000434255,0.000274357,0.000767829,-0.0015026,0.000259911,0.0261757,4.71673e-06,-2.29916e-07,-3.48187e-05,3.54342e-05,6.34093e-05,-0.000142771,4.71673e-06,0.0466079,
