0.00239977,-0.000606943,-0.000941762,-0.00118959,0.000204427,5.88162e-05,1.94831e-05,-0.000606943,0.00151704,-0.00117481,0.000538897,0.000596199,-0.000346802,1.15245e-06,-0.000941762,-0.00117481,0.00375292,0.00024358,-0.00115718,-0.0011883,-2.7538e-05,-0.00118959,0.000538897,0.00024358,0.0025486,0.00203999,0.00108781,-2.73696e-05,0.000204427,0.000596199,-0.00115718,0.00203999,0.0259429,0.00131488,0.000148348,5.88162e-05,-0.000346802,-0.0011883,0.00108781,0.00131488,0.026316,0.000108471,1.94831e-05,1.15246e-06,-2.7538e-05,-2.73696e-05,0.000148348,0.000108471,0.0466045,
0.00239836,-0.000606416,-0.000941834,-0.00118972,0.000204845,5.92476e-05,1.94991e-05,-0.000606416,0.00151722,-0.00117492,0.000539081,0.000595687,-0.00034682,1.13409e-06,-0.000941834,-0.00117492,0.00375241,0.000243669,-0.00115733,-0.00118889,-2.75265e-05,-0.00118972,0.000539081,0.000243669,0.00254913,0.00203978,0.00108686,-2.73878e-05,0.000204845,0.000595687,-0.00115733,0.00203978,0.0259429,0.00131489,0.000148205,5.92476e-05,-0.00034682,-0.00118889,0.00108686,0.00131489,0.0263158,0.000108532,1.94991e-05,1.13409e-06,-2.75265e-05,-2.73878e-05,0.000148205,0.000108532,0.0466045,
0.00239717,-0.000605971,-0.000941894,-0.00118984,0.000205204,5.95556e-05,1.95041e-05,-0.000605971,0.00151735,-0.001175,0.000539251,0.000595242,-0.000346922,1.13329e-06,-0.000941894,-0.001175,0.00375201,0.000243724,-0.00115741,-0.00118942,-2.75297e-05,-0.00118984,0.000539251,0.000243724,0.00254956,0.00203956,0.00108619,-2.74104e-05,0.000205204,0.000595242,-0.00115741,0.00203956,0.0259432,0.00131498,0.000147878,5.95556e-05,-0.000346922,-0.00118942,0.00108619,0.00131498,0.026316,0.000108586,1.95041e-05,1.1333e-06,-2.75297e-05,-2.74104e-05,0.000147878,0.000108586,0.0466045,
0.00239616,-0.000605591,-0.000941937,-0.00118995,0.000205523,5.97979e-05,1.95047e-05,-0.000605591,0.00151744,-0.00117506,0.000539404,0.000594862,-0.000347055,1.14064e-06,-0.000941937,-0.00117506,0.0037517,0.000243761,-0.00115746,-0.00118986,-2.75393e-05,-0.00118995,0.000539404,0.000243761,0.00254993,0.00203936,0.00108569,-2.74318e-05,0.000205523,0.000594862,-0.00115746,0.00203936,0.0259437,0.00131508,0.000147492,5.97979e-05,-0.000347055,-0.00118986,0.00108569,0.00131508,0.0263165,0.000108637,1.95047e-05,1.14064e-06,-2.75393e-05,-2.74318e-05,0.000147492,0.000108637,0.0466044,
0.00239529,-0.000605263,-0.000941965,-0.00119005,0.000205811,6.00011e-05,1.95039e-05,-0.000605263,0.0015175,-0.00117511,0.000539542,0.00059454,-0.000347193,1.15161e-06,-0.000941965,-0.00117511,0.00375146,0.000243786,-0.00115749,-0.00119022,-2.75517e-05,-0.00119005,0.000539542,0.000243786,0.00255025,0.00203917,0.00108531,-2.74498e-05,0.000205811,0.00059454,-0.00115749,0.00203917,0.0259441,0.00131518,0.000147096,6.00011e-05,-0.000347193,-0.00119022,0.00108531,0.00131518,0.026317,0.000108689,1.95039e-05,1.15161e-06,-2.75517e-05,-2.74498e-05,0.000147096,0.000108689,0.0466044,
0.00239454,-0.00060498,-0.00094198,-0.00119015,0.000206072,6.01781e-05,1.9503e-05,-0.00060498,0.00151754,-0.00117515,0.000539665,0.000594267,-0.000347328,1.1641e-06,-0.00094198,-0.00117515,0.00375126,0.000243803,-0.00115752,-0.00119052,-2.75651e-05,-0.00119015,0.000539665,0.000243803,0.00255054,0.002039,0.00108502,-2.74642e-05,0.000206072,0.000594267,-0.00115752,0.002039,0.0259446,0.00131526,0.000146713,6.01781e-05,-0.000347328,-0.00119052,0.00108502,0.00131526,0.0263174,0.000108743,1.9503e-05,1.1641e-06,-2.75651e-05,-2.74642e-05,0.000146713,0.000108743,0.0466043,
0.00239389,-0.000604734,-0.000941985,-0.00119023,0.00020631,6.03354e-05,1.95023e-05,-0.000604734,0.00151756,-0.00117518,0.000539776,0.000594035,-0.000347453,1.17718e-06,-0.000941985,-0.00117518,0.00375111,0.000243815,-0.00115753,-0.00119076,-2.75787e-05,-0.00119023,0.000539776,0.000243815,0.00255079,0.00203884,0.00108478,-2.7475e-05,0.00020631,0.000594035,-0.00115753,0.00203884,0.0259449,0.00131534,0.000146345,6.03354e-05,-0.000347453,-0.00119076,0.00108478,0.00131534,0.0263179,0.0001088,1.95023e-05,1.17718e-06,-2.75787e-05,-2.7475e-05,0.000146345,0.0001088,0.0466043,
0.00239332,-0.000604518,-0.000941982,-0.00119031,0.000206527,6.04769e-05,1.95022e-05,-0.000604518,0.00151757,-0.00117521,0.000539875,0.000593837,-0.000347569,1.19044e-06,-0.000941982,-0.00117521,0.00375099,0.000243823,-0.00115754,-0.00119095,-2.75921e-05,-0.00119031,0.000539875,0.000243823,0.00255102,0.0020387,0.00108458,-2.74825e-05,0.000206527,0.000593837,-0.00115754,0.0020387,0.0259453,0.0013154,0.000145995,6.04769e-05,-0.000347569,-0.00119095,0.00108458,0.0013154,0.0263183,0.000108859,1.95022e-05,1.19045e-06,-2.75921e-05,-2.74825e-05,0.000145995,0.000108859,0.0466042,
0.00239282,-0.000604329,-0.000941974,-0.00119039,0.000206724,6.06048e-05,1.95025e-05,-0.000604329,0.00151757,-0.00117523,0.000539963,0.000593667,-0.000347673,1.20376e-06,-0.000941974,-0.00117523,0.0037509,0.000243828,-0.00115755,-0.00119111,-2.76053e-05,-0.00119039,0.000539963,0.000243828,0.00255123,0.00203857,0.00108442,-2.74873e-05,0.000206724,0.000593667,-0.00115755,0.00203857,0.0259456,0.00131545,0.000145659,6.06048e-05,-0.000347673,-0.00119111,0.00108442,0.00131545,0.0263186,0.000108921,1.95025e-05,1.20375e-06,-2.76053e-05,-2.74873e-05,0.000145659,0.000108921,0.0466041,
0.00239238,-0.000604162,-0.000941963,-0.00119046,0.000206904,6.07208e-05,1.95033e-05,-0.000604162,0.00151757,-0.00117525,0.000540043,0.000593521,-0.000347768,1.21706e-06,-0.000941963,-0.00117525,0.00375082,0.000243832,-0.00115756,-0.00119123,-2.76182e-05,-0.00119046,0.000540043,0.000243832,0.00255141,0.00203846,0.00108429,-2.74897e-05,0.000206904,0.000593521,-0.00115756,0.00203846,0.0259459,0.0013155,0.000145334,6.07208e-05,-0.000347768,-0.00119123,0.00108429,0.0013155,0.0263189,0.000108987,1.95033e-05,1.21706e-06,-2.76182e-05,-2.74897e-05,0.000145334,0.000108987,0.0466041,
0.00239199,-0.000604014,-0.000941949,-0.00119052,0.000207067,6.08261e-05,1.95044e-05,-0.000604014,0.00151756,-0.00117527,0.000540115,0.000593393,-0.000347853,1.23038e-06,-0.000941949,-0.00117527,0.00375076,0.000243834,-0.00115757,-0.00119133,-2.76309e-05,-0.00119052,0.000540115,0.000243834,0.00255158,0.00203836,0.00108417,-2.749e-05,0.000207067,0.000593393,-0.00115757,0.00203836,0.0259461,0.00131553,0.000145018,6.08261e-05,-0.000347853,-0.00119133,0.00108417,0.00131553,0.0263192,0.000109054,1.95044e-05,1.23039e-06,-2.76309e-05,-2.749e-05,0.000145018,0.000109054,0.046604,
0.00239165,-0.000603883,-0.000941934,-0.00119058,0.000207215,6.09219e-05,1.95058e-05,-0.000603883,0.00151755,-0.00117529,0.000540179,0.000593283,-0.00034793,1.24374e-06,-0.000941934,-0.00117529,0.00375071,0.000243836,-0.00115757,-0.00119142,-2.76434e-05,-0.00119058,0.000540179,0.000243836,0.00255173,0.00203826,0.00108408,-2.74885e-05,0.000207215,0.000593283,-0.00115757,0.00203826,0.0259463,0.00131556,0.000144708,6.09219e-05,-0.00034793,-0.00119142,0.00108408,0.00131556,0.0263195,0.000109125,1.95058e-05,1.24374e-06,-2.76434e-05,-2.74885e-05,0.000144708,0.000109125,0.046604,
0.00239134,-0.000603766,-0.000941918,-0.00119063,0.000207349,6.10091e-05,1.95073e-05,-0.000603766,0.00151753,-0.0011753,0.000540237,0.000593186,-0.000347999,1.25715e-06,-0.000941918,-0.0011753,0.00375066,0.000243836,-0.00115758,-0.00119148,-2.76557e-05,-0.00119063,0.000540237,0.000243836,0.00255186,0.00203817,0.00108399,-2.74855e-05,0.000207349,0.000593186,-0.00115758,0.00203817,0.0259466,0.00131558,0.000144403,6.10091e-05,-0.000347999,-0.00119148,0.00108399,0.00131558,0.0263197,0.000109197,1.95073e-05,1.25715e-06,-2.76557e-05,-2.74855e-05,0.000144403,0.000109197,0.0466039,
0.00239107,-0.000603662,-0.000941902,-0.00119068,0.000207471,6.10885e-05,1.95091e-05,-0.000603662,0.00151752,-0.00117531,0.00054029,0.0005931,-0.000348061,1.27063e-06,-0.000941902,-0.00117531,0.00375063,0.000243836,-0.00115758,-0.00119154,-2.76679e-05,-0.00119068,0.00054029,0.000243836,0.00255198,0.0020381,0.00108392,-2.74811e-05,0.000207471,0.0005931,-0.00115758,0.0020381,0.0259467,0.0013156,0.000144101,6.10885e-05,-0.000348061,-0.00119154,0.00108392,0.0013156,0.0263199,0.000109272,1.95091e-05,1.27063e-06,-2.76679e-05,-2.74811e-05,0.000144101,0.000109272,0.0466038,
0.00239082,-0.000603569,-0.000941886,-0.00119072,0.000207582,6.1161e-05,1.9511e-05,-0.000603569,0.0015175,-0.00117532,0.000540337,0.000593025,-0.000348116,1.28421e-06,-0.000941886,-0.00117532,0.0037506,0.000243836,-0.00115758,-0.00119158,-2.768e-05,-0.00119072,0.000540337,0.000243836,0.0025521,0.00203802,0.00108385,-2.74756e-05,0.000207582,0.000593025,-0.00115758,0.00203802,0.0259469,0.00131561,0.0001438,6.1161e-05,-0.000348116,-0.00119158,0.00108385,0.00131561,0.0263201,0.000109349,1.9511e-05,1.28421e-06,-2.768e-05,-2.74756e-05,0.0001438,0.000109349,0.0466038,
0.00239061,-0.000603486,-0.000941871,-0.00119076,0.000207682,6.12271e-05,1.9513e-05,-0.000603486,0.00151748,-0.00117533,0.00054038,0.000592958,-0.000348166,1.29789e-06,-0.000941871,-0.00117533,0.00375058,0.000243836,-0.00115759,-0.00119162,-2.7692e-05,-0.00119076,0.00054038,0.000243836,0.0025522,0.00203796,0.0010838,-2.74691e-05,0.000207682,0.000592958,-0.00115759,0.00203796,0.0259471,0.00131561,0.000143501,6.12271e-05,-0.000348166,-0.00119162,0.0010838,0.00131561,0.0263203,0.000109429,1.9513e-05,1.29789e-06,-2.7692e-05,-2.74691e-05,0.000143501,0.000109429,0.0466037,
0.00239041,-0.000603411,-0.000941856,-0.00119079,0.000207774,6.12875e-05,1.95151e-05,-0.000603411,0.00151747,-0.00117534,0.000540419,0.000592898,-0.00034821,1.31168e-06,-0.000941856,-0.00117534,0.00375056,0.000243835,-0.00115759,-0.00119165,-2.77039e-05,-0.00119079,0.000540419,0.000243835,0.00255229,0.0020379,0.00108375,-2.74617e-05,0.000207774,0.000592898,-0.00115759,0.0020379,0.0259472,0.00131562,0.000143202,6.12875e-05,-0.00034821,-0.00119165,0.00108375,0.00131562,0.0263205,0.00010951,1.95151e-05,1.31168e-06,-2.77039e-05,-2.74617e-05,0.000143202,0.00010951,0.0466036,
0.00239023,-0.000603343,-0.000941842,-0.00119083,0.000207857,6.13429e-05,1.95172e-05,-0.000603343,0.00151745,-0.00117534,0.000540454,0.000592845,-0.00034825,1.32558e-06,-0.000941842,-0.00117534,0.00375054,0.000243834,-0.00115759,-0.00119168,-2.77157e-05,-0.00119083,0.000540454,0.000243834,0.00255237,0.00203784,0.0010837,-2.74535e-05,0.000207857,0.000592845,-0.00115759,0.00203784,0.0259474,0.00131562,0.000142903,6.13429e-05,-0.00034825,-0.00119168,0.0010837,0.00131562,0.0263207,0.000109592,1.95172e-05,1.32558e-06,-2.77157e-05,-2.74535e-05,0.000142903,0.000109592,0.0466035,
0.00239007,-0.000603282,-0.000941829,-0.00119086,0.000207933,6.13936e-05,1.95194e-05,-0.000603282,0.00151744,-0.00117535,0.000540486,0.000592797,-0.000348285,1.33959e-06,-0.000941829,-0.00117535,0.00375053,0.000243833,-0.00115759,-0.0011917,-2.77276e-05,-0.00119086,0.000540486,0.000243833,0.00255244,0.00203779,0.00108366,-2.74446e-05,0.000207933,0.000592797,-0.00115759,0.00203779,0.0259475,0.00131562,0.000142603,6.13936e-05,-0.000348285,-0.0011917,0.00108366,0.00131562,0.0263208,0.000109677,1.95194e-05,1.33959e-06,-2.77276e-05,-2.74446e-05,0.000142603,0.000109677,0.0466035,
0.00238993,-0.000603227,-0.000941817,-0.00119088,0.000208002,6.14401e-05,1.95216e-05,-0.000603227,0.00151743,-0.00117535,0.000540515,0.000592754,-0.000348317,1.35372e-06,-0.000941817,-0.00117535,0.00375052,0.000243833,-0.00115759,-0.00119171,-2.77394e-05,-0.00119088,0.000540515,0.000243833,0.00255251,0.00203774,0.00108362,-2.74351e-05,0.000208002,0.000592754,-0.00115759,0.00203774,0.0259477,0.00131562,0.000142303,6.14401e-05,-0.000348317,-0.00119171,0.00108362,0.00131562,0.026321,0.000109763,1.95216e-05,1.35372e-06,-2.77394e-05,-2.74351e-05,0.000142303,0.000109763,0.0466034,
0.0023898,-0.000603177,-0.000941805,-0.00119091,0.000208064,6.14829e-05,1.95238e-05,-0.000603177,0.00151742,-0.00117536,0.000540542,0.000592715,-0.000348345,1.36796e-06,-0.000941805,-0.00117536,0.00375051,0.000243832,-0.0011576,-0.00119173,-2.77512e-05,-0.00119091,0.000540542,0.000243832,0.00255257,0.00203769,0.00108359,-2.74251e-05,0.000208064,0.000592715,-0.0011576,0.00203769,0.0259478,0.00131561,0.000142001,6.14829e-05,-0.000348345,-0.00119173,0.00108359,0.00131561,0.0263211,0.00010985,1.95238e-05,1.36796e-06,-2.77512e-05,-2.74251e-05,0.000142001,0.00010985,0.0466033,
0.00238968,-0.000603131,-0.000941794,-0.00119093,0.000208122,6.15223e-05,1.95261e-05,-0.000603131,0.0015174,-0.00117536,0.000540566,0.00059268,-0.000348369,1.38231e-06,-0.000941794,-0.00117536,0.0037505,0.000243831,-0.0011576,-0.00119174,-2.7763e-05,-0.00119093,0.000540566,0.000243831,0.00255263,0.00203765,0.00108355,-2.74145e-05,0.000208122,0.00059268,-0.0011576,0.00203765,0.0259479,0.0013156,0.000141699,6.15223e-05,-0.000348369,-0.00119174,0.00108355,0.0013156,0.0263213,0.000109939,1.95261e-05,1.38231e-06,-2.7763e-05,-2.74145e-05,0.000141699,0.000109939,0.0466032,
0.00238957,-0.00060309,-0.000941784,-0.00119095,0.000208174,6.15587e-05,1.95284e-05,-0.00060309,0.00151739,-0.00117537,0.000540588,0.000592648,-0.000348392,1.39676e-06,-0.000941784,-0.00117537,0.00375049,0.00024383,-0.0011576,-0.00119174,-2.77748e-05,-0.00119095,0.000540588,0.00024383,0.00255268,0.00203761,0.00108352,-2.74036e-05,0.000208174,0.000592648,-0.0011576,0.00203761,0.0259481,0.0013156,0.000141395,6.15587e-05,-0.000348392,-0.00119174,0.00108352,0.0013156,0.0263214,0.000110028,1.95284e-05,1.39676e-06,-2.77748e-05,-2.74036e-05,0.000141395,0.000110028,0.0466032,
0.00238947,-0.000603052,-0.000941775,-0.00119097,0.000208222,6.15924e-05,1.95307e-05,-0.000603052,0.00151738,-0.00117537,0.000540608,0.000592618,-0.000348411,1.41132e-06,-0.000941775,-0.00117537,0.00375048,0.00024383,-0.0011576,-0.00119175,-2.77865e-05,-0.00119097,0.000540608,0.00024383,0.00255273,0.00203757,0.0010835,-2.73922e-05,0.000208222,0.000592618,-0.0011576,0.00203757,0.0259482,0.00131559,0.00014109,6.15924e-05,-0.000348411,-0.00119175,0.0010835,0.00131559,0.0263215,0.000110119,1.95307e-05,1.41132e-06,-2.77865e-05,-2.73922e-05,0.00014109,0.000110119,0.0466031,
0.00238938,-0.000603017,-0.000941766,-0.00119099,0.000208266,6.16236e-05,1.9533e-05,-0.000603017,0.00151738,-0.00117538,0.000540627,0.000592592,-0.000348428,1.42597e-06,-0.000941766,-0.00117538,0.00375048,0.000243829,-0.0011576,-0.00119176,-2.77983e-05,-0.00119099,0.000540627,0.000243829,0.00255277,0.00203754,0.00108347,-2.73805e-05,0.000208266,0.000592592,-0.0011576,0.00203754,0.0259483,0.00131558,0.000140784,6.16236e-05,-0.000348428,-0.00119176,0.00108347,0.00131558,0.0263216,0.000110211,1.9533e-05,1.42597e-06,-2.77983e-05,-2.73805e-05,0.000140784,0.000110211,0.046603,
0.0023893,-0.000602986,-0.000941758,-0.001191,0.000208306,6.16527e-05,1.95353e-05,-0.000602986,0.00151737,-0.00117538,0.000540644,0.000592567,-0.000348443,1.44071e-06,-0.000941758,-0.00117538,0.00375047,0.000243829,-0.0011576,-0.00119176,-2.78101e-05,-0.001191,0.000540644,0.000243829,0.00255281,0.00203751,0.00108345,-2.73685e-05,0.000208306,0.000592567,-0.0011576,0.00203751,0.0259484,0.00131556,0.000140476,6.16527e-05,-0.000348443,-0.00119176,0.00108345,0.00131556,0.0263218,0.000110304,1.95353e-05,1.44071e-06,-2.78101e-05,-2.73685e-05,0.000140476,0.000110304,0.0466029,
0.00238922,-0.000602956,-0.000941751,-0.00119102,0.000208343,6.16797e-05,1.95377e-05,-0.000602956,0.00151736,-0.00117538,0.000540659,0.000592545,-0.000348457,1.45553e-06,-0.000941751,-0.00117538,0.00375046,0.000243828,-0.0011576,-0.00119176,-2.7822e-05,-0.00119102,0.000540659,0.000243828,0.00255285,0.00203747,0.00108342,-2.73561e-05,0.000208343,0.000592545,-0.0011576,0.00203747,0.0259486,0.00131555,0.000140168,6.16797e-05,-0.000348457,-0.00119176,0.00108342,0.00131555,0.0263219,0.000110398,1.95377e-05,1.45553e-06,-2.7822e-05,-2.73561e-05,0.000140168,0.000110398,0.0466028,
0.00238915,-0.00060293,-0.000941744,-0.00119103,0.000208377,6.1705e-05,1.954e-05,-0.00060293,0.00151735,-0.00117539,0.000540674,0.000592524,-0.000348468,1.47044e-06,-0.000941744,-0.00117539,0.00375046,0.000243828,-0.0011576,-0.00119176,-2.78338e-05,-0.00119103,0.000540674,0.000243828,0.00255288,0.00203744,0.0010834,-2.73436e-05,0.000208377,0.000592524,-0.0011576,0.00203744,0.0259487,0.00131554,0.000139858,6.1705e-05,-0.000348468,-0.00119176,0.0010834,0.00131554,0.026322,0.000110492,1.954e-05,1.47044e-06,-2.78338e-05,-2.73436e-05,0.000139858,0.000110492,0.0466028,
0.00238909,-0.000602905,-0.000941737,-0.00119105,0.000208409,6.17287e-05,1.95424e-05,-0.000602905,0.00151735,-0.00117539,0.000540687,0.000592505,-0.000348478,1.48542e-06,-0.000941737,-0.00117539,0.00375045,0.000243827,-0.0011576,-0.00119176,-2.78456e-05,-0.00119105,0.000540687,0.000243827,0.00255291,0.00203741,0.00108338,-2.73308e-05,0.000208409,0.000592505,-0.0011576,0.00203741,0.0259488,0.00131552,0.000139547,6.17287e-05,-0.000348478,-0.00119176,0.00108338,0.00131552,0.0263221,0.000110587,1.95424e-05,1.48542e-06,-2.78456e-05,-2.73308e-05,0.000139547,0.000110587,0.0466027,
0.00238903,-0.000602882,-0.000941731,-0.00119106,0.000208438,6.1751e-05,1.95447e-05,-0.000602882,0.00151734,-0.00117539,0.0005407,0.000592487,-0.000348487,1.50048e-06,-0.000941731,-0.00117539,0.00375045,0.000243827,-0.0011576,-0.00119176,-2.78575e-05,-0.00119106,0.0005407,0.000243827,0.00255294,0.00203739,0.00108336,-2.73177e-05,0.000208438,0.000592487,-0.0011576,0.00203739,0.0259489,0.00131551,0.000139235,6.1751e-05,-0.000348487,-0.00119176,0.00108336,0.00131551,0.0263222,0.000110683,1.95447e-05,1.50048e-06,-2.78575e-05,-2.73177e-05,0.000139235,0.000110683,0.0466026,
0.00238897,-0.000602861,-0.000941726,-0.00119107,0.000208465,6.1772e-05,1.95471e-05,-0.000602861,0.00151733,-0.00117539,0.000540711,0.00059247,-0.000348495,1.5156e-06,-0.000941726,-0.00117539,0.00375045,0.000243827,-0.00115759,-0.00119176,-2.78694e-05,-0.00119107,0.000540711,0.000243827,0.00255297,0.00203736,0.00108334,-2.73045e-05,0.000208465,0.00059247,-0.00115759,0.00203736,0.025949,0.00131549,0.000138921,6.1772e-05,-0.000348495,-0.00119176,0.00108334,0.00131549,0.0263223,0.00011078,1.95471e-05,1.5156e-06,-2.78694e-05,-2.73045e-05,0.000138921,0.00011078,0.0466025,
0.00238892,-0.000602841,-0.00094172,-0.00119108,0.00020849,6.17918e-05,1.95494e-05,-0.000602841,0.00151733,-0.0011754,0.000540722,0.000592455,-0.000348501,1.53079e-06,-0.00094172,-0.0011754,0.00375044,0.000243826,-0.00115759,-0.00119176,-2.78813e-05,-0.00119108,0.000540722,0.000243826,0.00255299,0.00203733,0.00108332,-2.72911e-05,0.00020849,0.000592455,-0.00115759,0.00203733,0.0259491,0.00131547,0.000138607,6.17918e-05,-0.000348501,-0.00119176,0.00108332,0.00131547,0.0263224,0.000110877,1.95494e-05,1.53079e-06,-2.78813e-05,-2.72911e-05,0.000138607,0.000110877,0.0466024,
0.00238888,-0.000602822,-0.000941715,-0.00119109,0.000208513,6.18106e-05,1.95518e-05,-0.000602822,0.00151732,-0.0011754,0.000540732,0.00059244,-0.000348507,1.54604e-06,-0.000941715,-0.0011754,0.00375044,0.000243826,-0.00115759,-0.00119175,-2.78932e-05,-0.00119109,0.000540732,0.000243826,0.00255301,0.00203731,0.0010833,-2.72776e-05,0.000208513,0.00059244,-0.00115759,0.00203731,0.0259492,0.00131546,0.000138292,6.18106e-05,-0.000348507,-0.00119175,0.0010833,0.00131546,0.0263225,0.000110975,1.95518e-05,1.54604e-06,-2.78932e-05,-2.72776e-05,0.000138292,0.000110975,0.0466023,
0.00238883,-0.000602805,-0.000941711,-0.0011911,0.000208535,6.18284e-05,1.95542e-05,-0.000602805,0.00151732,-0.0011754,0.000540742,0.000592427,-0.000348511,1.56134e-06,-0.000941711,-0.0011754,0.00375043,0.000243826,-0.00115759,-0.00119175,-2.79051e-05,-0.0011911,0.000540742,0.000243826,0.00255304,0.00203728,0.00108328,-2.72639e-05,0.000208535,0.000592427,-0.00115759,0.00203728,0.0259493,0.00131544,0.000137976,6.18284e-05,-0.000348511,-0.00119175,0.00108328,0.00131544,0.0263226,0.000111073,1.95542e-05,1.56134e-06,-2.79051e-05,-2.72639e-05,0.000137976,0.000111073,0.0466023,
0.00238879,-0.000602789,-0.000941706,-0.00119111,0.000208555,6.18454e-05,1.95565e-05,-0.000602789,0.00151732,-0.0011754,0.00054075,0.000592414,-0.000348515,1.57669e-06,-0.000941706,-0.0011754,0.00375043,0.000243826,-0.00115759,-0.00119175,-2.79171e-05,-0.00119111,0.00054075,0.000243826,0.00255306,0.00203726,0.00108326,-2.72501e-05,0.000208555,0.000592414,-0.00115759,0.00203726,0.0259494,0.00131542,0.000137659,6.18454e-05,-0.000348515,-0.00119175,0.00108326,0.00131542,0.0263227,0.000111172,1.95565e-05,1.57669e-06,-2.79171e-05,-2.72501e-05,0.000137659,0.000111172,0.0466022,
0.00238875,-0.000602774,-0.000941702,-0.00119111,0.000208574,6.18617e-05,1.95589e-05,-0.000602774,0.00151731,-0.0011754,0.000540759,0.000592402,-0.000348518,1.5921e-06,-0.000941702,-0.0011754,0.00375043,0.000243826,-0.00115759,-0.00119174,-2.7929e-05,-0.00119111,0.000540759,0.000243826,0.00255307,0.00203724,0.00108325,-2.72362e-05,0.000208574,0.000592402,-0.00115759,0.00203724,0.0259496,0.0013154,0.000137341,6.18617e-05,-0.000348518,-0.00119174,0.00108325,0.0013154,0.0263228,0.000111271,1.95589e-05,1.5921e-06,-2.7929e-05,-2.72362e-05,0.000137341,0.000111271,0.0466021,
0.00238871,-0.000602759,-0.000941698,-0.00119112,0.000208592,6.18773e-05,1.95613e-05,-0.000602759,0.00151731,-0.00117541,0.000540767,0.00059239,-0.000348521,1.60754e-06,-0.000941698,-0.00117541,0.00375042,0.000243826,-0.00115759,-0.00119174,-2.7941e-05,-0.00119112,0.000540767,0.000243826,0.00255309,0.00203722,0.00108323,-2.72221e-05,0.000208592,0.00059239,-0.00115759,0.00203722,0.0259497,0.00131539,0.000137023,6.18773e-05,-0.000348521,-0.00119174,0.00108323,0.00131539,0.0263229,0.000111371,1.95613e-05,1.60754e-06,-2.7941e-05,-2.72221e-05,0.000137023,0.000111371,0.046602,
0.00238868,-0.000602746,-0.000941694,-0.00119113,0.00020861,6.18923e-05,1.95637e-05,-0.000602746,0.00151731,-0.00117541,0.000540774,0.000592379,-0.000348523,1.62303e-06,-0.000941694,-0.00117541,0.00375042,0.000243826,-0.00115759,-0.00119173,-2.7953e-05,-0.00119113,0.000540774,0.000243826,0.00255311,0.00203719,0.00108321,-2.7208e-05,0.00020861,0.000592379,-0.00115759,0.00203719,0.0259498,0.00131537,0.000136703,6.18923e-05,-0.000348523,-0.00119173,0.00108321,0.00131537,0.026323,0.000111471,1.95637e-05,1.62303e-06,-2.7953e-05,-2.7208e-05,0.000136703,0.000111471,0.0466019,
0.00238864,-0.000602733,-0.000941691,-0.00119113,0.000208626,6.19068e-05,1.95661e-05,-0.000602733,0.0015173,-0.00117541,0.000540781,0.000592369,-0.000348524,1.63856e-06,-0.000941691,-0.00117541,0.00375042,0.000243826,-0.00115758,-0.00119173,-2.7965e-05,-0.00119113,0.000540781,0.000243826,0.00255313,0.00203717,0.0010832,-2.71937e-05,0.000208626,0.000592369,-0.00115758,0.00203717,0.0259499,0.00131535,0.000136384,6.19068e-05,-0.000348524,-0.00119173,0.0010832,0.00131535,0.0263231,0.000111571,1.95661e-05,1.63856e-06,-2.7965e-05,-2.71937e-05,0.000136384,0.000111571,0.0466018,
0.00238861,-0.00060272,-0.000941687,-0.00119114,0.000208641,6.19208e-05,1.95685e-05,-0.00060272,0.0015173,-0.00117541,0.000540788,0.000592359,-0.000348525,1.65413e-06,-0.000941687,-0.00117541,0.00375041,0.000243826,-0.00115758,-0.00119172,-2.79771e-05,-0.00119114,0.000540788,0.000243826,0.00255314,0.00203715,0.00108318,-2.71794e-05,0.000208641,0.000592359,-0.00115758,0.00203715,0.02595,0.00131533,0.000136063,6.19208e-05,-0.000348525,-0.00119172,0.00108318,0.00131533,0.0263232,0.000111671,1.95685e-05,1.65413e-06,-2.79771e-05,-2.71794e-05,0.000136063,0.000111671,0.0466017,
0.00238858,-0.000602708,-0.000941684,-0.00119115,0.000208656,6.19344e-05,1.95709e-05,-0.000602708,0.0015173,-0.00117541,0.000540795,0.000592349,-0.000348525,1.66973e-06,-0.000941684,-0.00117541,0.00375041,0.000243826,-0.00115758,-0.00119172,-2.79891e-05,-0.00119115,0.000540795,0.000243826,0.00255315,0.00203713,0.00108317,-2.7165e-05,0.000208656,0.000592349,-0.00115758,0.00203713,0.0259501,0.00131531,0.000135742,6.19344e-05,-0.000348525,-0.00119172,0.00108317,0.00131531,0.0263233,0.000111772,1.95709e-05,1.66973e-06,-2.79891e-05,-2.7165e-05,0.000135742,0.000111772,0.0466016,
0.00238855,-0.000602697,-0.000941681,-0.00119115,0.00020867,6.19475e-05,1.95733e-05,-0.000602697,0.00151729,-0.00117542,0.000540801,0.00059234,-0.000348526,1.68536e-06,-0.000941681,-0.00117542,0.00375041,0.000243826,-0.00115758,-0.00119171,-2.80012e-05,-0.00119115,0.000540801,0.000243826,0.00255317,0.00203711,0.00108315,-2.71506e-05,0.00020867,0.00059234,-0.00115758,0.00203711,0.0259502,0.00131529,0.00013542,6.19475e-05,-0.000348526,-0.00119171,0.00108315,0.00131529,0.0263234,0.000111873,1.95733e-05,1.68536e-06,-2.80012e-05,-2.71506e-05,0.00013542,0.000111873,0.0466016,
0.00238852,-0.000602686,-0.000941678,-0.00119116,0.000208683,6.19604e-05,1.95757e-05,-0.000602686,0.00151729,-0.00117542,0.000540807,0.000592331,-0.000348525,1.70103e-06,-0.000941678,-0.00117542,0.0037504,0.000243826,-0.00115758,-0.0011917,-2.80132e-05,-0.00119116,0.000540807,0.000243826,0.00255318,0.00203709,0.00108314,-2.71361e-05,0.000208683,0.000592331,-0.00115758,0.00203709,0.0259503,0.00131527,0.000135098,6.19604e-05,-0.000348525,-0.0011917,0.00108314,0.00131527,0.0263235,0.000111975,1.95757e-05,1.70103e-06,-2.80132e-05,-2.71361e-05,0.000135098,0.000111975,0.0466015,
0.0023885,-0.000602676,-0.000941675,-0.00119116,0.000208696,6.19729e-05,1.95781e-05,-0.000602676,0.00151729,-0.00117542,0.000540813,0.000592322,-0.000348525,1.71672e-06,-0.000941675,-0.00117542,0.0037504,0.000243826,-0.00115758,-0.0011917,-2.80253e-05,-0.00119116,0.000540813,0.000243826,0.00255319,0.00203707,0.00108312,-2.71215e-05,0.000208696,0.000592322,-0.00115758,0.00203707,0.0259504,0.00131525,0.000134775,6.19729e-05,-0.000348525,-0.0011917,0.00108312,0.00131525,0.0263236,0.000112076,1.95781e-05,1.71672e-06,-2.80253e-05,-2.71215e-05,0.000134775,0.000112076,0.0466014,
0.00238847,-0.000602666,-0.000941672,-0.00119117,0.000208708,6.19851e-05,1.95805e-05,-0.000602666,0.00151729,-0.00117542,0.000540818,0.000592314,-0.000348524,1.73243e-06,-0.000941672,-0.00117542,0.0037504,0.000243826,-0.00115757,-0.00119169,-2.80374e-05,-0.00119117,0.000540818,0.000243826,0.00255321,0.00203705,0.00108311,-2.71069e-05,0.000208708,0.000592314,-0.00115757,0.00203705,0.0259505,0.00131523,0.000134452,6.19851e-05,-0.000348524,-0.00119169,0.00108311,0.00131523,0.0263237,0.000112178,1.95805e-05,1.73243e-06,-2.80374e-05,-2.71069e-05,0.000134452,0.000112178,0.0466013,
0.00238845,-0.000602656,-0.00094167,-0.00119117,0.00020872,6.19971e-05,1.95829e-05,-0.000602656,0.00151728,-0.00117542,0.000540824,0.000592306,-0.000348523,1.74817e-06,-0.00094167,-0.00117542,0.0037504,0.000243826,-0.00115757,-0.00119168,-2.80495e-05,-0.00119117,0.000540824,0.000243826,0.00255322,0.00203703,0.00108309,-2.70922e-05,0.00020872,0.000592306,-0.00115757,0.00203703,0.0259506,0.00131521,0.000134129,6.19971e-05,-0.000348523,-0.00119168,0.00108309,0.00131521,0.0263238,0.00011228,1.95829e-05,1.74817e-06,-2.80495e-05,-2.70922e-05,0.000134129,0.00011228,0.0466012,
0.00238842,-0.000602646,-0.000941667,-0.00119118,0.000208732,6.20089e-05,1.95853e-05,-0.000602646,0.00151728,-0.00117542,0.000540829,0.000592298,-0.000348522,1.76394e-06,-0.000941667,-0.00117542,0.00375039,0.000243826,-0.00115757,-0.00119168,-2.80616e-05,-0.00119118,0.000540829,0.000243826,0.00255323,0.00203701,0.00108308,-2.70775e-05,0.000208732,0.000592298,-0.00115757,0.00203701,0.0259507,0.00131519,0.000133805,6.20089e-05,-0.000348522,-0.00119168,0.00108308,0.00131519,0.0263239,0.000112382,1.95853e-05,1.76394e-06,-2.80616e-05,-2.70775e-05,0.000133805,0.000112382,0.0466011,
0.0023884,-0.000602637,-0.000941664,-0.00119118,0.000208743,6.20205e-05,1.95877e-05,-0.000602637,0.00151728,-0.00117542,0.000540834,0.00059229,-0.00034852,1.77972e-06,-0.000941664,-0.00117542,0.00375039,0.000243826,-0.00115757,-0.00119167,-2.80738e-05,-0.00119118,0.000540834,0.000243826,0.00255324,0.00203699,0.00108306,-2.70627e-05,0.000208743,0.00059229,-0.00115757,0.00203699,0.0259508,0.00131517,0.00013348,6.20205e-05,-0.00034852,-0.00119167,0.00108306,0.00131517,0.026324,0.000112485,1.95877e-05,1.77972e-06,-2.80738e-05,-2.70627e-05,0.00013348,0.000112485,0.046601,
0.00238837,-0.000602628,-0.000941662,-0.00119119,0.000208754,6.20319e-05,1.95902e-05,-0.000602628,0.00151728,-0.00117543,0.000540839,0.000592282,-0.000348518,1.79552e-06,-0.000941662,-0.00117543,0.00375039,0.000243826,-0.00115757,-0.00119166,-2.80859e-05,-0.00119119,0.000540839,0.000243826,0.00255325,0.00203698,0.00108305,-2.7048e-05,0.000208754,0.000592282,-0.00115757,0.00203698,0.0259509,0.00131515,0.000133156,6.20319e-05,-0.000348518,-0.00119166,0.00108305,0.00131515,0.0263241,0.000112587,1.95902e-05,1.79552e-06,-2.80859e-05,-2.7048e-05,0.000133156,0.000112587,0.0466009,
0.00238835,-0.000602619,-0.000941659,-0.00119119,0.000208765,6.20432e-05,1.95926e-05,-0.000602619,0.00151728,-0.00117543,0.000540844,0.000592275,-0.000348517,1.81134e-06,-0.000941659,-0.00117543,0.00375039,0.000243826,-0.00115757,-0.00119166,-2.8098e-05,-0.00119119,0.000540844,0.000243826,0.00255326,0.00203696,0.00108303,-2.70331e-05,0.000208765,0.000592275,-0.00115757,0.00203696,0.0259511,0.00131512,0.00013283,6.20432e-05,-0.000348517,-0.00119166,0.00108303,0.00131512,0.0263242,0.00011269,1.95926e-05,1.81134e-06,-2.8098e-05,-2.70331e-05,0.00013283,0.00011269,0.0466008,
0.00238833,-0.000602611,-0.000941657,-0.0011912,0.000208775,6.20543e-05,1.9595e-05,-0.000602611,0.00151728,-0.00117543,0.000540849,0.000592268,-0.000348515,1.82718e-06,-0.000941657,-0.00117543,0.00375038,0.000243826,-0.00115756,-0.00119165,-2.81102e-05,-0.0011912,0.000540849,0.000243826,0.00255327,0.00203694,0.00108302,-2.70183e-05,0.000208775,0.000592268,-0.00115756,0.00203694,0.0259512,0.0013151,0.000132505,6.20543e-05,-0.000348515,-0.00119165,0.00108302,0.0013151,0.0263243,0.000112793,1.9595e-05,1.82718e-06,-2.81102e-05,-2.70183e-05,0.000132505,0.000112793,0.0466007,
0.00238831,-0.000602602,-0.000941654,-0.0011912,0.000208786,6.20653e-05,1.95974e-05,-0.000602602,0.00151727,-0.00117543,0.000540854,0.000592261,-0.000348513,1.84304e-06,-0.000941654,-0.00117543,0.00375038,0.000243827,-0.00115756,-0.00119164,-2.81224e-05,-0.0011912,0.000540854,0.000243827,0.00255328,0.00203692,0.001083,-2.70034e-05,0.000208786,0.000592261,-0.00115756,0.00203692,0.0259513,0.00131508,0.00013218,6.20653e-05,-0.000348513,-0.00119164,0.001083,0.00131508,0.0263244,0.000112895,1.95974e-05,1.84304e-06,-2.81224e-05,-2.70034e-05,0.00013218,0.000112895,0.0466007,
0.00238829,-0.000602594,-0.000941652,-0.00119121,0.000208796,6.20762e-05,1.95999e-05,-0.000602594,0.00151727,-0.00117543,0.000540858,0.000592253,-0.00034851,1.8589e-06,-0.000941652,-0.00117543,0.00375038,0.000243827,-0.00115756,-0.00119164,-2.81346e-05,-0.00119121,0.000540858,0.000243827,0.00255329,0.0020369,0.00108299,-2.69885e-05,0.000208796,0.000592253,-0.00115756,0.0020369,0.0259514,0.00131506,0.000131854,6.20762e-05,-0.00034851,-0.00119164,0.00108299,0.00131506,0.0263245,0.000112998,1.95999e-05,1.8589e-06,-2.81346e-05,-2.69885e-05,0.000131854,0.000112998,0.0466006,
0.00238827,-0.000602586,-0.00094165,-0.00119121,0.000208806,6.2087e-05,1.96023e-05,-0.000602586,0.00151727,-0.00117543,0.000540863,0.000592246,-0.000348508,1.87478e-06,-0.00094165,-0.00117543,0.00375037,0.000243827,-0.00115756,-0.00119163,-2.81467e-05,-0.00119121,0.000540863,0.000243827,0.0025533,0.00203688,0.00108298,-2.69736e-05,0.000208806,0.000592246,-0.00115756,0.00203688,0.0259515,0.00131504,0.000131528,6.2087e-05,-0.000348508,-0.00119163,0.00108298,0.00131504,0.0263245,0.000113102,1.96023e-05,1.87478e-06,-2.81467e-05,-2.69736e-05,0.000131528,0.000113102,0.0466005,
0.00238824,-0.000602577,-0.000941647,-0.00119121,0.000208816,6.20977e-05,1.96047e-05,-0.000602577,0.00151727,-0.00117544,0.000540867,0.00059224,-0.000348506,1.89068e-06,-0.000941647,-0.00117544,0.00375037,0.000243827,-0.00115756,-0.00119162,-2.81589e-05,-0.00119121,0.000540867,0.000243827,0.00255331,0.00203687,0.00108296,-2.69587e-05,0.000208816,0.00059224,-0.00115756,0.00203687,0.0259516,0.00131502,0.000131201,6.20977e-05,-0.000348506,-0.00119162,0.00108296,0.00131502,0.0263246,0.000113205,1.96047e-05,1.89068e-06,-2.81589e-05,-2.69587e-05,0.000131201,0.000113205,0.0466004,
0.00238822,-0.000602569,-0.000941645,-0.00119122,0.000208825,6.21083e-05,1.96072e-05,-0.000602569,0.00151727,-0.00117544,0.000540872,0.000592233,-0.000348503,1.90658e-06,-0.000941645,-0.00117544,0.00375037,0.000243827,-0.00115755,-0.00119162,-2.81711e-05,-0.00119122,0.000540872,0.000243827,0.00255332,0.00203685,0.00108295,-2.69437e-05,0.000208825,0.000592233,-0.00115755,0.00203685,0.0259517,0.001315,0.000130875,6.21083e-05,-0.000348503,-0.00119162,0.00108295,0.001315,0.0263247,0.000113308,1.96072e-05,1.90658e-06,-2.81711e-05,-2.69437e-05,0.000130875,0.000113308,0.0466003,
0.0023882,-0.000602561,-0.000941643,-0.00119122,0.000208835,6.21189e-05,1.96096e-05,-0.000602561,0.00151727,-0.00117544,0.000540876,0.000592226,-0.0003485,1.9225e-06,-0.000941643,-0.00117544,0.00375037,0.000243827,-0.00115755,-0.00119161,-2.81833e-05,-0.00119122,0.000540876,0.000243827,0.00255333,0.00203683,0.00108293,-2.69288e-05,0.000208835,0.000592226,-0.00115755,0.00203683,0.0259518,0.00131498,0.000130548,6.21189e-05,-0.0003485,-0.00119161,0.00108293,0.00131498,0.0263248,0.000113411,1.96096e-05,1.9225e-06,-2.81833e-05,-2.69288e-05,0.000130548,0.000113411,0.0466002,
0.00238818,-0.000602554,-0.00094164,-0.00119123,0.000208844,6.21294e-05,1.96121e-05,-0.000602554,0.00151726,-0.00117544,0.00054088,0.000592219,-0.000348498,1.93842e-06,-0.00094164,-0.00117544,0.00375036,0.000243828,-0.00115755,-0.0011916,-2.81955e-05,-0.00119123,0.00054088,0.000243828,0.00255334,0.00203681,0.00108292,-2.69138e-05,0.000208844,0.000592219,-0.00115755,0.00203681,0.0259519,0.00131495,0.000130221,6.21294e-05,-0.000348498,-0.0011916,0.00108292,0.00131495,0.0263249,0.000113515,1.96121e-05,1.93842e-06,-2.81955e-05,-2.69138e-05,0.000130221,0.000113515,0.0466001,
0.00238816,-0.000602546,-0.000941638,-0.00119123,0.000208854,6.21398e-05,1.96145e-05,-0.000602546,0.00151726,-0.00117544,0.000540885,0.000592213,-0.000348495,1.95436e-06,-0.000941638,-0.00117544,0.00375036,0.000243828,-0.00115755,-0.00119159,-2.82078e-05,-0.00119123,0.000540885,0.000243828,0.00255335,0.00203679,0.0010829,-2.68988e-05,0.000208854,0.000592213,-0.00115755,0.00203679,0.025952,0.00131493,0.000129894,6.21398e-05,-0.000348495,-0.00119159,0.0010829,0.00131493,0.026325,0.000113618,1.96145e-05,1.95436e-06,-2.82078e-05,-2.68988e-05,0.000129894,0.000113618,0.0466,
0.00238814,-0.000602538,-0.000941636,-0.00119123,0.000208863,6.21503e-05,1.96169e-05,-0.000602538,0.00151726,-0.00117544,0.000540889,0.000592206,-0.000348492,1.9703e-06,-0.000941636,-0.00117544,0.00375036,0.000243828,-0.00115755,-0.00119159,-2.822e-05,-0.00119123,0.000540889,0.000243828,0.00255336,0.00203677,0.00108289,-2.68838e-05,0.000208863,0.000592206,-0.00115755,0.00203677,0.0259521,0.00131491,0.000129567,6.21503e-05,-0.000348492,-0.00119159,0.00108289,0.00131491,0.0263251,0.000113722,1.96169e-05,1.9703e-06,-2.822e-05,-2.68838e-05,0.000129567,0.000113722,0.0465999,
0.00238813,-0.000602531,-0.000941634,-0.00119124,0.000208872,6.21606e-05,1.96194e-05,-0.000602531,0.00151726,-0.00117544,0.000540893,0.0005922,-0.00034849,1.98625e-06,-0.000941634,-0.00117544,0.00375036,0.000243828,-0.00115754,-0.00119158,-2.82322e-05,-0.00119124,0.000540893,0.000243828,0.00255337,0.00203676,0.00108288,-2.68687e-05,0.000208872,0.0005922,-0.00115754,0.00203676,0.0259522,0.00131489,0.00012924,6.21606e-05,-0.00034849,-0.00119158,0.00108288,0.00131489,0.0263252,0.000113826,1.96194e-05,1.98625e-06,-2.82322e-05,-2.68687e-05,0.00012924,0.000113826,0.0465998,
0.00238811,-0.000602523,-0.000941632,-0.00119124,0.000208881,6.2171e-05,1.96218e-05,-0.000602523,0.00151726,-0.00117545,0.000540898,0.000592193,-0.000348487,2.00221e-06,-0.000941632,-0.00117545,0.00375035,0.000243828,-0.00115754,-0.00119157,-2.82445e-05,-0.00119124,0.000540898,0.000243828,0.00255338,0.00203674,0.00108286,-2.68537e-05,0.000208881,0.000592193,-0.00115754,0.00203674,0.0259523,0.00131487,0.000128912,6.2171e-05,-0.000348487,-0.00119157,0.00108286,0.00131487,0.0263253,0.000113929,1.96218e-05,2.00221e-06,-2.82445e-05,-2.68537e-05,0.000128912,0.000113929,0.0465997,
0.00238809,-0.000602515,-0.000941629,-0.00119125,0.00020889,6.21813e-05,1.96243e-05,-0.000602515,0.00151726,-0.00117545,0.000540902,0.000592187,-0.000348484,2.01817e-06,-0.000941629,-0.00117545,0.00375035,0.000243828,-0.00115754,-0.00119156,-2.82567e-05,-0.00119125,0.000540902,0.000243828,0.00255339,0.00203672,0.00108285,-2.68387e-05,0.00020889,0.000592187,-0.00115754,0.00203672,0.0259524,0.00131485,0.000128585,6.21813e-05,-0.000348484,-0.00119156,0.00108285,0.00131485,0.0263254,0.000114033,1.96243e-05,2.01817e-06,-2.82567e-05,-2.68387e-05,0.000128585,0.000114033,0.0465996,
0.00238807,-0.000602508,-0.000941627,-0.00119125,0.000208899,6.21916e-05,1.96267e-05,-0.000602508,0.00151726,-0.00117545,0.000540906,0.00059218,-0.000348481,2.03414e-06,-0.000941627,-0.00117545,0.00375035,0.000243829,-0.00115754,-0.00119156,-2.82689e-05,-0.00119125,0.000540906,0.000243829,0.0025534,0.0020367,0.00108284,-2.68236e-05,0.000208899,0.00059218,-0.00115754,0.0020367,0.0259525,0.00131483,0.000128257,6.21916e-05,-0.000348481,-0.00119156,0.00108284,0.00131483,0.0263255,0.000114137,1.96267e-05,2.03414e-06,-2.82689e-05,-2.68236e-05,0.000128257,0.000114137,0.0465995,
0.00238805,-0.0006025,-0.000941625,-0.00119125,0.000208908,6.22019e-05,1.96292e-05,-0.0006025,0.00151725,-0.00117545,0.00054091,0.000592174,-0.000348478,2.05012e-06,-0.000941625,-0.00117545,0.00375035,0.000243829,-0.00115754,-0.00119155,-2.82812e-05,-0.00119125,0.00054091,0.000243829,0.0025534,0.00203668,0.00108282,-2.68086e-05,0.000208908,0.000592174,-0.00115754,0.00203668,0.0259526,0.0013148,0.000127929,6.22019e-05,-0.000348478,-0.00119155,0.00108282,0.0013148,0.0263256,0.000114241,1.96292e-05,2.05012e-06,-2.82812e-05,-2.68086e-05,0.000127929,0.000114241,0.0465994,
0.00238803,-0.000602493,-0.000941623,-0.00119126,0.000208917,6.22122e-05,1.96317e-05,-0.000602493,0.00151725,-0.00117545,0.000540914,0.000592168,-0.000348475,2.0661e-06,-0.000941623,-0.00117545,0.00375034,0.000243829,-0.00115753,-0.00119154,-2.82935e-05,-0.00119126,0.000540914,0.000243829,0.00255341,0.00203667,0.00108281,-2.67935e-05,0.000208917,0.000592168,-0.00115753,0.00203667,0.0259527,0.00131478,0.000127601,6.22122e-05,-0.000348475,-0.00119154,0.00108281,0.00131478,0.0263257,0.000114344,1.96317e-05,2.0661e-06,-2.82935e-05,-2.67935e-05,0.000127601,0.000114344,0.0465994,
0.00238801,-0.000602485,-0.000941621,-0.00119126,0.000208926,6.22224e-05,1.96341e-05,-0.000602485,0.00151725,-0.00117545,0.000540918,0.000592161,-0.000348472,2.08209e-06,-0.000941621,-0.00117545,0.00375034,0.000243829,-0.00115753,-0.00119153,-2.83057e-05,-0.00119126,0.000540918,0.000243829,0.00255342,0.00203665,0.00108279,-2.67784e-05,0.000208926,0.000592161,-0.00115753,0.00203665,0.0259529,0.00131476,0.000127273,6.22224e-05,-0.000348472,-0.00119153,0.00108279,0.00131476,0.0263257,0.000114448,1.96341e-05,2.08209e-06,-2.83057e-05,-2.67784e-05,0.000127273,0.000114448,0.0465993,
0.00238799,-0.000602478,-0.000941618,-0.00119127,0.000208935,6.22326e-05,1.96366e-05,-0.000602478,0.00151725,-0.00117545,0.000540923,0.000592155,-0.000348469,2.09808e-06,-0.000941618,-0.00117545,0.00375034,0.000243829,-0.00115753,-0.00119153,-2.8318e-05,-0.00119127,0.000540923,0.000243829,0.00255343,0.00203663,0.00108278,-2.67634e-05,0.000208935,0.000592155,-0.00115753,0.00203663,0.025953,0.00131474,0.000126945,6.22326e-05,-0.000348469,-0.00119153,0.00108278,0.00131474,0.0263258,0.000114552,1.96366e-05,2.09808e-06,-2.8318e-05,-2.67634e-05,0.000126945,0.000114552,0.0465992,
0.00238797,-0.000602471,-0.000941616,-0.00119127,0.000208944,6.22429e-05,1.9639e-05,-0.000602471,0.00151725,-0.00117546,0.000540927,0.000592149,-0.000348466,2.11407e-06,-0.000941616,-0.00117546,0.00375034,0.000243829,-0.00115753,-0.00119152,-2.83302e-05,-0.00119127,0.000540927,0.000243829,0.00255344,0.00203661,0.00108277,-2.67483e-05,0.000208944,0.000592149,-0.00115753,0.00203661,0.0259531,0.00131472,0.000126617,6.22429e-05,-0.000348466,-0.00119152,0.00108277,0.00131472,0.0263259,0.000114656,1.9639e-05,2.11407e-06,-2.83302e-05,-2.67483e-05,0.000126617,0.000114656,0.0465991,
