0.00217099,0.000230953,0.00100201,5.84147e-05,-0.000232542,0.000989791,-1.67285e-05,0.000381842,0.000623382,-0.000111042,-2.76303e-05,0.000655376,-0.00039685,3.95651e-05,0.000256349,0.000278201,0.00424651,-1.41469e-05,-0.00246822,-0.000116062,4.40746e-05,-0.00091404,9.54508e-05,0.00188622,0.000130423,-0.00122009,-1.63327e-05,-9.42495e-05,0.000768923,0.000349384,-0.00353951,-6.49238e-05,0.0259407,8.90318e-05,0.000249554,0.00138679,-0.000441003,-0.000921977,-5.56028e-05,0.000601058,0.0251262,-0.000146459,2.19127e-05,1.99712e-05,4.12221e-05,5.09647e-07,0.000197869,-0.000186704,0.0466082,
0.00217888,0.0002438,0.00101761,5.78866e-05,-0.000261152,0.000989822,-1.59384e-05,0.000389476,0.0006252,-9.27276e-05,-2.72838e-05,0.000640768,-0.00039659,3.97063e-05,0.000272782,0.000294571,0.00423046,-1.43996e-05,-0.00249087,-0.000122039,4.53214e-05,-0.000902618,0.000100284,0.001887,0.000129204,-0.00123945,-1.89138e-06,-9.36973e-05,0.00074265,0.000329206,-0.00356662,-6.41991e-05,0.0259801,8.57218e-05,0.000245469,0.00137797,-0.000440019,-0.000931926,-5.54389e-05,0.000616606,0.0251143,-0.000146385,2.24565e-05,2.03185e-05,4.23718e-05,5.13038e-07,0.000193991,-0.000186597,0.0466082,
0.0021884,0.000258224,0.00103416,5.73069e-05,-0.000293532,0.000989765,-1.47687e-05,0.000398346,0.000627541,-7.26942e-05,-2.6911e-05,0.000624845,-0.00039586,3.97731e-05,0.000290329,0.000312491,0.00421193,-1.46759e-05,-0.00251492,-0.00012873,4.66361e-05,-0.000890855,0.000105653,0.00188804,0.000127883,-0.00126047,1.3761e-05,-9.24982e-05,0.000712987,0.000307216,-0.00359565,-6.34034e-05,0.0260234,8.18115e-05,0.000240862,0.00136862,-0.000438628,-0.000943156,-5.52707e-05,0.000633405,0.0251005,-0.000146583,2.30944e-05,2.07336e-05,4.36235e-05,5.14944e-07,0.000189926,-0.000186505,0.0466082,
0.00219943,0.000273993,0.00105106,5.66875e-05,-0.000328968,0.000989472,-1.31921e-05,0.000408355,0.000630445,-5.13334e-05,-2.65227e-05,0.000607786,-0.000394666,3.97634e-05,0.000308526,0.000331562,0.00419108,-1.49706e-05,-0.00253975,-0.000136027,4.79881e-05,-0.000879025,0.000111452,0.00188906,0.000126495,-0.0012825,3.03448e-05,-9.06124e-05,0.000680485,0.000283762,-0.00362575,-6.25571e-05,0.0260695,7.73925e-05,0.000235926,0.00135875,-0.000436849,-0.000955261,-5.50981e-05,0.000651024,0.0250848,-0.000147072,2.3835e-05,2.12182e-05,4.49574e-05,5.15157e-07,0.000185891,-0.000186417,0.0466082,
0.00221186,0.000290867,0.00106773,5.60403e-05,-0.000366724,0.000988863,-1.1218e-05,0.000419392,0.000633933,-2.90089e-05,-2.61284e-05,0.000589738,-0.000393056,3.96828e-05,0.000326957,0.000351412,0.00416811,-1.52791e-05,-0.00256481,-0.000143834,4.93457e-05,-0.000867376,0.000117564,0.00188974,0.000125071,-0.00130487,4.75988e-05,-8.80578e-05,0.000645696,0.000259163,-0.00365615,-6.1679e-05,0.0261174,7.25657e-05,0.000230799,0.00134844,-0.000434739,-0.000967887,-5.49241e-05,0.000669065,0.0250673,-0.000147852,2.46758e-05,2.17697e-05,4.63489e-05,5.13632e-07,0.000182015,-0.000186326,0.0466082,
0.0022255,0.000308606,0.00108368,5.5376e-05,-0.000406066,0.000987894,-8.87837e-06,0.000431336,0.000638006,-6.05405e-06,-2.5736e-05,0.000570827,-0.000391096,3.95423e-05,0.000345257,0.000371694,0.00414326,-1.5597e-05,-0.00258964,-0.000152061,5.06799e-05,-0.000856126,0.000123869,0.00188979,0.000123637,-0.00132692,6.52847e-05,-8.48901e-05,0.000609163,0.000233718,-0.00368614,-6.07858e-05,0.0261661,6.74355e-05,0.000225589,0.00133779,-0.000432362,-0.000980715,-5.47523e-05,0.000687156,0.0250485,-0.000148906,2.56089e-05,2.23831e-05,4.77726e-05,5.10418e-07,0.000178375,-0.00018623,0.0466082,
0.00224018,0.000326968,0.00109847,5.47045e-05,-0.000446299,0.00098654,-6.22176e-06,0.000444058,0.000642651,1.72277e-05,-2.53526e-05,0.000551173,-0.000388861,3.93559e-05,0.000363123,0.000392099,0.00411681,-1.59208e-05,-0.00261384,-0.000160623,5.19663e-05,-0.000845474,0.000130241,0.00188891,0.000122216,-0.00134801,8.31832e-05,-8.11942e-05,0.000571409,0.000207714,-0.00371512,-5.98926e-05,0.0262147,6.21058e-05,0.000220386,0.00132693,-0.000429777,-0.000993459,-5.45871e-05,0.000704954,0.0250284,-0.000150207,2.66233e-05,2.30517e-05,4.92041e-05,5.0563e-07,0.000175019,-0.000186127,0.0466082,
0.0022557,0.000345723,0.00111177,5.40346e-05,-0.000486781,0.000984793,-3.30692e-06,0.000457429,0.000647834,4.05616e-05,-2.49837e-05,0.000530902,-0.000386423,3.91399e-05,0.000380305,0.000412354,0.00408906,-1.62474e-05,-0.00263713,-0.000169435,5.31859e-05,-0.000835593,0.000136558,0.0018869,0.000120828,-0.00136762,0.000101098,-7.70728e-05,0.000532924,0.000181424,-0.00374259,-5.90122e-05,0.0262626,5.66754e-05,0.000215271,0.00131601,-0.000427037,-0.00100587,-5.44319e-05,0.000722152,0.0250074,-0.000151717,2.77064e-05,2.3768e-05,5.06213e-05,4.99419e-07,0.000171976,-0.000186019,0.0466083,
0.00227185,0.000364649,0.00112334,5.33736e-05,-0.000526949,0.000982652,-1.96832e-07,0.00047132,0.000653512,6.37002e-05,-2.46333e-05,0.000510148,-0.000383847,3.89105e-05,0.000396612,0.000432227,0.00406032,-1.65739e-05,-0.00265928,-0.000178418,5.43249e-05,-0.000826631,0.000142705,0.00188363,0.000119489,-0.00138531,0.000118854,-7.26357e-05,0.000494163,0.000155104,-0.00376819,-5.81546e-05,0.0263091,5.12351e-05,0.000210317,0.00130514,-0.000424183,-0.00101775,-5.42894e-05,0.000738492,0.0249857,-0.000153394,2.88449e-05,2.45238e-05,5.2005e-05,4.91949e-07,0.000169262,-0.000185907,0.0466083,
0.00228845,0.000383544,0.00113302,5.27278e-05,-0.000566326,0.000980125,3.0455e-06,0.000485599,0.000659624,8.64216e-05,-2.43047e-05,0.000489057,-0.000381194,3.86825e-05,0.000411904,0.000451523,0.0040309,-1.68982e-05,-0.00268015,-0.000187492,5.53746e-05,-0.000818702,0.000148581,0.00187903,0.00011821,-0.00140076,0.000136296,-6.79921e-05,0.000455534,0.000128994,-0.00379167,-5.73283e-05,0.0263538,4.58649e-05,0.000205585,0.00129444,-0.000421248,-0.00102895,-5.41616e-05,0.000753768,0.0249637,-0.000155196,3.00256e-05,2.53105e-05,5.33391e-05,4.83396e-07,0.000166883,-0.000185792,0.0466084,
0.0023053,0.000402223,0.00114076,5.21024e-05,-0.000604529,0.000977228,6.35947e-06,0.00050014,0.000666106,0.000108529,-2.39999e-05,0.000467784,-0.000378512,3.8469e-05,0.000426086,0.000470086,0.00400113,-1.72183e-05,-0.00269965,-0.000196582,5.63307e-05,-0.000811892,0.0001541,0.00187316,0.000117001,-0.0014138,0.00015329,-6.32465e-05,0.000417399,0.00010331,-0.0038129,-5.65394e-05,0.0263962,4.06343e-05,0.000201129,0.00128403,-0.000418257,-0.00103935,-5.40499e-05,0.000767833,0.0249415,-0.00015708,3.12356e-05,2.61197e-05,5.46107e-05,4.73933e-07,0.000164839,-0.000185676,0.0466085,
0.00232223,0.000420524,0.00114658,5.15011e-05,-0.000641269,0.000973983,9.6911e-06,0.000514817,0.00067288,0.000129852,-2.37199e-05,0.000446494,-0.000375842,3.82799e-05,0.000439107,0.000487792,0.00397129,-1.75325e-05,-0.00271771,-0.000205616,5.71922e-05,-0.000806252,0.000159196,0.00186614,0.000115867,-0.00142437,0.000169719,-5.84908e-05,0.000380071,7.82457e-05,-0.00383183,-5.57925e-05,0.0264361,3.56005e-05,0.000196989,0.00127399,-0.000415229,-0.00104892,-5.39548e-05,0.000780599,0.0249194,-0.000159005,3.24626e-05,2.6943e-05,5.58103e-05,4.63725e-07,0.000163124,-0.000185563,0.0466086,
0.0023391,0.00043831,0.00115057,5.0927e-05,-0.000676343,0.000970415,1.29934e-05,0.000529513,0.000679867,0.000150243,-2.34652e-05,0.000425356,-0.000373216,3.81221e-05,0.000450946,0.000504551,0.00394166,-1.78394e-05,-0.00273434,-0.000214526,5.79606e-05,-0.0008018,0.000163826,0.00185813,0.000114812,-0.00143252,0.000185488,-5.38025e-05,0.000343811,5.3969e-05,-0.00384852,-5.50908e-05,0.0264734,3.08083e-05,0.000193194,0.00126439,-0.000412182,-0.00105765,-5.38762e-05,0.000792032,0.0248975,-0.000160937,3.36953e-05,2.77723e-05,5.69311e-05,4.5293e-07,0.000161727,-0.000185452,0.0466087,
0.00235578,0.000455464,0.00115288,5.03821e-05,-0.000709622,0.000966556,1.62279e-05,0.000544114,0.000686987,0.000169582,-2.32356e-05,0.000404537,-0.000370658,3.79993e-05,0.000461612,0.000520299,0.00391249,-1.8138e-05,-0.00274953,-0.000223252,5.86392e-05,-0.000798523,0.000167965,0.00184938,0.000113838,-0.00143841,0.000200515,-4.92426e-05,0.000308834,3.06212e-05,-0.00386307,-5.4436e-05,0.026508,2.62919e-05,0.000189763,0.00125529,-0.000409132,-0.00106555,-5.38137e-05,0.000802147,0.0248761,-0.000162847,3.49233e-05,2.86e-05,5.79689e-05,4.41693e-07,0.000160635,-0.000185348,0.0466088,
0.00237216,0.000471895,0.00115366,4.98676e-05,-0.000741042,0.00096244,1.93647e-05,0.000558515,0.000694157,0.000187776,-2.30303e-05,0.000384198,-0.000368187,3.79125e-05,0.000471136,0.000534995,0.00388401,-1.8427e-05,-0.00276333,-0.000231737,5.92322e-05,-0.000796381,0.000171608,0.00184011,0.000112944,-0.00144226,0.000214737,-4.48568e-05,0.00027531,8.31814e-06,-0.00387564,-5.38288e-05,0.0265398,2.20748e-05,0.000186702,0.00124674,-0.000406093,-0.00107268,-5.37661e-05,0.000810999,0.0248552,-0.000164714,3.61371e-05,2.94193e-05,5.89218e-05,4.30147e-07,0.00015983,-0.00018525,0.0466089,
0.00238814,0.00048753,0.00115313,4.93839e-05,-0.00077059,0.000958106,2.2381e-05,0.00057262,0.000701299,0.000204755,-2.28483e-05,0.000364491,-0.000365815,3.78603e-05,0.000479566,0.000548622,0.00385639,-1.87055e-05,-0.00277579,-0.000239933,5.97444e-05,-0.000795316,0.000174765,0.0018306,0.000112128,-0.00144434,0.000228105,-4.0677e-05,0.000243368,-1.28491e-05,-0.00388641,-5.32689e-05,0.0265689,1.81717e-05,0.000184009,0.00123876,-0.000403082,-0.00107911,-5.37319e-05,0.00081867,0.0248351,-0.000166519,3.73285e-05,3.02236e-05,5.97895e-05,4.1841e-07,0.000159295,-0.000185161,0.046609,
0.00240367,0.000502317,0.00115148,4.89309e-05,-0.000798288,0.000953593,2.52612e-05,0.000586344,0.00070834,0.000220472,-2.26881e-05,0.00034555,-0.000363549,3.78395e-05,0.000486962,0.000561177,0.00382981,-1.89728e-05,-0.00278695,-0.000247797,6.01811e-05,-0.000795248,0.000177459,0.00182108,0.000111387,-0.00144492,0.000240583,-3.67222e-05,0.000213101,-3.28128e-05,-0.00389558,-5.27555e-05,0.0265955,1.45885e-05,0.000181677,0.00123137,-0.000400114,-0.00108493,-5.37096e-05,0.000825264,0.0248158,-0.000168252,3.849e-05,3.10074e-05,6.05736e-05,4.06594e-07,0.00015901,-0.000185081,0.0466091,
0.00241869,0.000516222,0.00114892,4.85086e-05,-0.000824186,0.00094894,2.79956e-05,0.00059961,0.000715211,0.000234906,-2.25484e-05,0.000327495,-0.000361392,3.78455e-05,0.000493393,0.000572674,0.0038044,-1.92284e-05,-0.0027969,-0.000255295,6.05473e-05,-0.000796089,0.000179723,0.00181177,0.000110718,-0.00144431,0.00025215,-3.30005e-05,0.00018457,-5.15258e-05,-0.00390336,-5.22875e-05,0.0266196,1.13245e-05,0.000179687,0.00122457,-0.000397205,-0.00109021,-5.36978e-05,0.000830893,0.0247973,-0.000169906,3.96153e-05,3.17656e-05,6.12765e-05,3.94797e-07,0.000158953,-0.000185012,0.0466092,
0.00243315,0.000529224,0.00114565,4.81159e-05,-0.00084835,0.000944188,3.05787e-05,0.000612352,0.000721853,0.000248054,-2.24275e-05,0.000310424,-0.000359346,3.78732e-05,0.000498934,0.000583136,0.00378026,-1.94715e-05,-0.0028057,-0.000262397,6.08481e-05,-0.000797743,0.000181594,0.00180288,0.000110116,-0.00144279,0.000262793,-2.95135e-05,0.000157811,-6.89596e-05,-0.00390995,-5.18631e-05,0.0266414,8.37386e-06,0.000178022,0.00121835,-0.000394371,-0.00109504,-5.36945e-05,0.000835674,0.0247799,-0.000171478,4.06993e-05,3.2494e-05,6.19018e-05,3.83106e-07,0.000159102,-0.000184955,0.0466093,
0.00244703,0.000541314,0.00114184,4.77521e-05,-0.000870858,0.000939377,3.30086e-05,0.000624517,0.000728212,0.000259928,-2.23237e-05,0.000294417,-0.000357409,3.7917e-05,0.000503661,0.000592598,0.0037575,-1.97019e-05,-0.00281342,-0.000269083,6.10886e-05,-0.00080011,0.000183116,0.00179456,0.000109578,-0.00144063,0.000272512,-2.62566e-05,0.000132836,-8.51024e-05,-0.00391553,-5.14804e-05,0.026661,5.72542e-06,0.000176658,0.00121271,-0.000391626,-0.0010995,-5.36981e-05,0.000839722,0.0247634,-0.000172966,4.17374e-05,3.31889e-05,6.24535e-05,3.71602e-07,0.000159437,-0.000184909,0.0466094,
0.00246031,0.000552496,0.00113766,4.74161e-05,-0.00089179,0.000934544,3.52861e-05,0.000636061,0.000734244,0.000270559,-2.22355e-05,0.000279534,-0.000355577,3.79716e-05,0.000507651,0.000601101,0.00373615,-1.99192e-05,-0.00282015,-0.000275336,6.12737e-05,-0.000803091,0.000184331,0.00178694,0.000109099,-0.00143805,0.000281313,-2.32219e-05,0.000109639,-9.99562e-05,-0.00392029,-5.11373e-05,0.0266786,3.36535e-06,0.00017557,0.00120763,-0.000388985,-0.00110365,-5.37071e-05,0.000843145,0.024748,-0.000174373,4.27261e-05,3.38476e-05,6.29361e-05,3.60352e-07,0.000159935,-0.000184875,0.0466095,
0.00247297,0.00056278,0.00113325,4.71067e-05,-0.000911227,0.000929728,3.74137e-05,0.000646949,0.000739913,0.000279988,-2.21611e-05,0.000265814,-0.000353846,3.8032e-05,0.00051098,0.000608689,0.00371627,-2.01232e-05,-0.00282597,-0.000281148,6.14082e-05,-0.000806589,0.000185281,0.00178013,0.000108674,-0.00143527,0.000289214,-2.0399e-05,8.8198e-05,-0.000113535,-0.00392438,-5.08316e-05,0.0266943,1.2769e-06,0.000174732,0.00120308,-0.000386457,-0.00110755,-5.37198e-05,0.000846042,0.0247336,-0.0001757,4.36626e-05,3.44678e-05,6.33546e-05,3.4942e-07,0.000160576,-0.000184854,0.0466096,
0.002485,0.000572186,0.00112876,4.68225e-05,-0.00092925,0.000924961,3.93953e-05,0.000657158,0.000745191,0.000288265,-2.20991e-05,0.000253282,-0.000352211,3.80934e-05,0.000513719,0.000615412,0.00369787,-2.03137e-05,-0.00283094,-0.000286514,6.14969e-05,-0.000810514,0.000186006,0.00177418,0.000108298,-0.00143246,0.000296235,-1.77766e-05,6.84797e-05,-0.000125865,-0.00392794,-5.05611e-05,0.0267084,-5.58248e-07,0.000174119,0.00119904,-0.000384055,-0.00111126,-5.37349e-05,0.000848501,0.0247204,-0.000176951,4.4545e-05,3.50479e-05,6.37137e-05,3.38855e-07,0.000161338,-0.000184845,0.0466097,
0.00249641,0.000580736,0.00112427,4.65624e-05,-0.000945934,0.000920275,4.12354e-05,0.000666672,0.00075006,0.000295448,-2.20479e-05,0.000241943,-0.000350668,3.81522e-05,0.000515938,0.000621321,0.00368097,-2.04908e-05,-0.00283514,-0.000291435,6.15443e-05,-0.000814779,0.000186544,0.00176915,0.000107967,-0.00142977,0.000302406,-1.53433e-05,5.04398e-05,-0.000136977,-0.00393109,-5.03235e-05,0.0267208,-2.15956e-06,0.000173706,0.00119549,-0.000381785,-0.00111481,-5.37513e-05,0.000850599,0.0247081,-0.00017813,4.53719e-05,3.55869e-05,6.40186e-05,3.28707e-07,0.000162202,-0.000184848,0.0466098,
0.00335894,0.000270866,0.000137942,0.0011605,-0.000887438,0.000203809,5.20079e-05,0.000270866,0.000905377,0.00076807,-0.000551289,0.000196677,-1.10325e-05,3.38971e-05,0.000137942,0.00076807,0.00410336,-0.000517421,-0.00287161,2.14865e-05,5.75117e-05,0.00116051,-0.000551289,-0.000517421,0.00269749,-0.00125549,-0.00134696,7.99172e-06,-0.000887438,0.000196677,-0.00287161,-0.00125549,0.0266518,0.000766612,0.000163658,0.000203809,-1.10326e-05,2.14864e-05,-0.00134696,0.000766612,0.0255233,-0.000189765,5.20079e-05,3.38971e-05,5.75117e-05,7.99165e-06,0.000163658,-0.000189765,0.0466099,
0.00336754,0.00027656,0.000134869,0.00115744,-0.000899382,0.000199099,5.25175e-05,0.00027656,0.000908137,0.000771671,-0.000550708,0.000192252,-7.86421e-06,3.43809e-05,0.000134869,0.000771671,0.00409792,-0.000520421,-0.00287332,2.07863e-05,5.78573e-05,0.00115744,-0.000550708,-0.000520421,0.00269462,-0.00125327,-0.00134723,7.71672e-06,-0.000899382,0.000192252,-0.00287332,-0.00125327,0.0266553,0.000766386,0.000166322,0.000199099,-7.86424e-06,2.07863e-05,-0.00134723,0.000766386,0.025516,-0.000189585,5.25175e-05,3.43809e-05,5.78573e-05,7.71671e-06,0.000166322,-0.000189585,0.04661,
0.0033758,0.000281111,0.000131931,0.00115441,-0.000909724,0.000195347,5.29498e-05,0.000281111,0.000910235,0.000774152,-0.000550317,0.000189177,-5.31328e-06,3.47797e-05,0.000131931,0.000774152,0.00409398,-0.000522827,-0.00287445,2.00548e-05,5.81219e-05,0.00115441,-0.000550317,-0.000522827,0.00269181,-0.00125155,-0.00134703,7.46853e-06,-0.000909724,0.000189177,-0.00287445,-0.00125155,0.0266576,0.000765946,0.000168802,0.000195347,-5.31331e-06,2.00548e-05,-0.00134703,0.000765946,0.0255095,-0.000189431,5.29498e-05,3.47797e-05,5.81219e-05,7.46849e-06,0.000168802,-0.000189431,0.0466101,
0.00338361,0.000284904,0.000129206,0.00115144,-0.000918853,0.000192321,5.33153e-05,0.000284904,0.000911917,0.000775986,-0.000550092,0.000186646,-3.34488e-06,3.51034e-05,0.000129206,0.000775986,0.00409088,-0.000524894,-0.00287526,1.95003e-05,5.83203e-05,0.00115144,-0.000550092,-0.000524894,0.00268915,-0.00125034,-0.00134674,7.25942e-06,-0.000918853,0.000186646,-0.00287526,-0.00125034,0.0266595,0.000765519,0.000170843,0.000192321,-3.34491e-06,1.95003e-05,-0.00134674,0.000765519,0.0255041,-0.000189323,5.33153e-05,3.51034e-05,5.83203e-05,7.25941e-06,0.000170843,-0.000189323,0.0466102,
0.0033909,0.000288127,0.000126701,0.00114859,-0.000926959,0.000189856,5.3625e-05,0.000288127,0.000913296,0.000777388,-0.00054998,0.000184437,-1.83747e-06,3.53669e-05,0.000126701,0.000777388,0.00408834,-0.000526708,-0.00287585,1.91247e-05,5.84677e-05,0.00114859,-0.00054998,-0.000526708,0.00268669,-0.00124951,-0.00134646,7.08578e-06,-0.000926959,0.000184437,-0.00287585,-0.00124951,0.0266613,0.000765144,0.00017247,0.000189856,-1.83747e-06,1.91247e-05,-0.00134646,0.000765144,0.0254997,-0.000189259,5.3625e-05,3.53669e-05,5.84677e-05,7.08578e-06,0.00017247,-0.000189259,0.0466102,
0.00339764,0.000290904,0.00012441,0.0011459,-0.000934187,0.000187819,5.38894e-05,0.000290904,0.000914448,0.000778489,-0.000549943,0.00018246,-6.74655e-07,3.55844e-05,0.00012441,0.000778489,0.00408623,-0.000528318,-0.00287629,1.88927e-05,5.85773e-05,0.0011459,-0.000549943,-0.000528318,0.00268443,-0.00124897,-0.00134621,6.94109e-06,-0.000934187,0.00018246,-0.00287629,-0.00124897,0.0266631,0.000764822,0.00017376,0.000187819,-6.74655e-07,1.88927e-05,-0.00134621,0.000764822,0.0254962,-0.000189234,5.38894e-05,3.55844e-05,5.85773e-05,6.94109e-06,0.00017376,-0.000189234,0.0466102,
0.00340383,0.00029333,0.000122318,0.00114338,-0.000940661,0.000186105,5.41171e-05,0.00029333,0.000915428,0.000779377,-0.000549952,0.00018067,2.37116e-07,3.57672e-05,0.000122318,0.000779377,0.00408442,-0.000529756,-0.00287662,1.87664e-05,5.86594e-05,0.00114338,-0.000549952,-0.000529756,0.00268235,-0.00124863,-0.00134598,6.81921e-06,-0.000940661,0.00018067,-0.00287662,-0.00124863,0.0266647,0.000764545,0.000174787,0.000186105,2.37144e-07,1.87664e-05,-0.00134598,0.000764545,0.0254932,-0.00018924,5.41172e-05,3.57672e-05,5.86594e-05,6.81921e-06,0.000174787,-0.00018924,0.0466102,
0.00340951,0.000295472,0.000120408,0.00114104,-0.000946481,0.000184636,5.43153e-05,0.000295472,0.000916277,0.000780113,-0.000549989,0.000179038,9.686e-07,3.59239e-05,0.000120408,0.000780113,0.00408285,-0.000531049,-0.00287688,1.87139e-05,5.87214e-05,0.00114104,-0.000549989,-0.000531049,0.00268045,-0.00124842,-0.00134577,6.71511e-06,-0.000946481,0.000179038,-0.00287688,-0.00124842,0.0266663,0.000764304,0.000175614,0.000184636,9.686e-07,1.87139e-05,-0.00134577,0.000764304,0.0254907,-0.000189274,5.43153e-05,3.59239e-05,5.87214e-05,6.71511e-06,0.000175614,-0.000189274,0.0466102,
0.00341469,0.000297382,0.000118664,0.00113887,-0.000951734,0.000183354,5.44892e-05,0.000297382,0.000917023,0.000780739,-0.00055004,0.000177546,1.57158e-06,3.60612e-05,0.000118664,0.000780739,0.00408147,-0.000532215,-0.00287708,1.87103e-05,5.87688e-05,0.00113887,-0.00055004,-0.000532215,0.00267872,-0.0012483,-0.00134557,6.62487e-06,-0.000951734,0.000177546,-0.00287708,-0.0012483,0.0266678,0.000764092,0.000176289,0.000183354,1.57159e-06,1.87104e-05,-0.00134557,0.000764092,0.0254886,-0.000189329,5.44892e-05,3.60612e-05,5.87688e-05,6.62487e-06,0.000176289,-0.000189329,0.0466102,
0.00341941,0.000299101,0.000117069,0.00113688,-0.000956491,0.000182217,5.46429e-05,0.000299101,0.000917687,0.000781283,-0.000550096,0.000176179,2.08336e-06,3.61836e-05,0.000117069,0.000781283,0.00408024,-0.000533271,-0.00287725,1.87376e-05,5.88055e-05,0.00113688,-0.000550096,-0.000533271,0.00267715,-0.00124822,-0.00134539,6.54549e-06,-0.000956491,0.000176179,-0.00287725,-0.00124822,0.0266692,0.000763903,0.000176847,0.000182217,2.08336e-06,1.87376e-05,-0.00134539,0.000763903,0.0254867,-0.000189404,5.4643e-05,3.61836e-05,5.88055e-05,6.54549e-06,0.000176847,-0.000189404,0.0466102,
0.00342372,0.00030066,0.000115609,0.00113505,-0.000960814,0.000181192,5.47799e-05,0.00030066,0.000918287,0.000781768,-0.000550151,0.000174925,2.5305e-06,3.62948e-05,0.000115609,0.000781768,0.00407913,-0.000534231,-0.00287738,1.87826e-05,5.88344e-05,0.00113505,-0.000550151,-0.000534231,0.00267571,-0.00124817,-0.00134521,6.47475e-06,-0.000960814,0.000174925,-0.00287738,-0.00124817,0.0266705,0.000763732,0.000177316,0.000181192,2.5305e-06,1.87826e-05,-0.00134521,0.000763732,0.025485,-0.000189496,5.47798e-05,3.62948e-05,5.88344e-05,6.47475e-06,0.000177316,-0.000189496,0.0466102,
0.00342765,0.000302083,0.000114271,0.00113337,-0.000964754,0.000180257,5.49024e-05,0.000302083,0.000918834,0.000782207,-0.000550202,0.000173772,2.93177e-06,3.63972e-05,0.000114271,0.000782207,0.00407812,-0.000535107,-0.0028775,1.88363e-05,5.88574e-05,0.00113337,-0.000550202,-0.000535107,0.0026744,-0.00124814,-0.00134503,6.41095e-06,-0.000964754,0.000173772,-0.0028775,-0.00124814,0.0266716,0.000763576,0.000177714,0.000180257,2.93177e-06,1.88363e-05,-0.00134503,0.000763576,0.0254835,-0.000189601,5.49024e-05,3.63972e-05,5.88574e-05,6.41095e-06,0.000177714,-0.000189601,0.0466101,
0.00343123,0.000303389,0.000113041,0.00113183,-0.000968355,0.000179394,5.50127e-05,0.000303389,0.000919337,0.000782612,-0.000550246,0.000172711,3.30042e-06,3.64927e-05,0.000113041,0.000782612,0.0040772,-0.000535907,-0.0028776,1.88928e-05,5.88761e-05,0.00113183,-0.000550246,-0.000535907,0.0026732,-0.0012481,-0.00134485,6.35282e-06,-0.000968355,0.000172711,-0.0028776,-0.0012481,0.0266727,0.000763434,0.000178056,0.000179394,3.30042e-06,1.88928e-05,-0.00134485,0.000763434,0.0254821,-0.000189718,5.50127e-05,3.64927e-05,5.88761e-05,6.35282e-06,0.000178056,-0.000189718,0.0466101,
0.00343449,0.000304595,0.000111909,0.00113042,-0.000971658,0.000178589,5.51124e-05,0.000304595,0.000919803,0.000782991,-0.000550282,0.000171732,3.64575e-06,3.65827e-05,0.000111909,0.000782991,0.00407634,-0.000536641,-0.0028777,1.8948e-05,5.88913e-05,0.00113042,-0.000550282,-0.000536641,0.0026721,-0.00124807,-0.00134468,6.29938e-06,-0.000971658,0.000171732,-0.0028777,-0.00124807,0.0266737,0.000763302,0.000178353,0.000178589,3.64574e-06,1.8948e-05,-0.00134468,0.000763302,0.0254808,-0.000189846,5.51124e-05,3.65827e-05,5.88913e-05,6.29938e-06,0.000178353,-0.000189846,0.04661,
0.00343748,0.000305714,0.000110865,0.00112914,-0.000974694,0.000177833,5.52028e-05,0.000305714,0.000920239,0.000783348,-0.00055031,0.000170828,3.97431e-06,3.66681e-05,0.000110865,0.000783348,0.00407554,-0.000537316,-0.00287778,1.89995e-05,5.8904e-05,0.00112914,-0.00055031,-0.000537316,0.0026711,-0.00124802,-0.0013445,6.24989e-06,-0.000974694,0.000170828,-0.00287778,-0.00124802,0.0266746,0.00076318,0.000178613,0.000177833,3.97431e-06,1.89995e-05,-0.0013445,0.00076318,0.0254795,-0.000189984,5.52028e-05,3.66681e-05,5.8904e-05,6.24989e-06,0.000178613,-0.000189984,0.04661,
0.00344021,0.000306755,0.000109899,0.00112795,-0.000977493,0.000177118,5.52851e-05,0.000306755,0.000920648,0.000783689,-0.00055033,0.000169991,4.29071e-06,3.67499e-05,0.000109899,0.000783689,0.0040748,-0.000537939,-0.00287786,1.90457e-05,5.89146e-05,0.00112795,-0.00055033,-0.000537938,0.00267017,-0.00124796,-0.00134433,6.20375e-06,-0.000977493,0.000169991,-0.00287786,-0.00124796,0.0266754,0.000763065,0.000178842,0.000177118,4.29071e-06,1.90457e-05,-0.00134433,0.000763065,0.0254783,-0.000190129,5.52851e-05,3.67499e-05,5.89146e-05,6.20374e-06,0.000178842,-0.000190129,0.0466099,
0.00344271,0.00030773,0.000109005,0.00112687,-0.000980082,0.000176437,5.53603e-05,0.00030773,0.000921034,0.000784016,-0.000550341,0.000169215,4.59822e-06,3.68286e-05,0.000109005,0.000784016,0.0040741,-0.000538515,-0.00287793,1.90861e-05,5.89236e-05,0.00112687,-0.000550341,-0.000538515,0.00266933,-0.00124789,-0.00134415,6.16047e-06,-0.000980082,0.000169215,-0.00287793,-0.00124789,0.0266762,0.000762958,0.000179045,0.000176437,4.59822e-06,1.90861e-05,-0.00134415,0.000762958,0.0254772,-0.000190282,5.53603e-05,3.68286e-05,5.89236e-05,6.16047e-06,0.000179045,-0.000190282,0.0466098,
0.00344501,0.000308645,0.000108174,0.00112587,-0.000982483,0.000175786,5.54292e-05,0.000308645,0.000921401,0.000784332,-0.000550345,0.000168492,4.89913e-06,3.69046e-05,0.000108174,0.000784332,0.00407344,-0.000539049,-0.002878,1.91202e-05,5.89312e-05,0.00112587,-0.000550345,-0.000539049,0.00266854,-0.00124782,-0.00134398,6.11969e-06,-0.000982483,0.000168492,-0.002878,-0.00124782,0.0266768,0.000762857,0.000179225,0.000175786,4.89914e-06,1.91202e-05,-0.00134398,0.000762857,0.0254761,-0.000190441,5.54292e-05,3.69046e-05,5.89312e-05,6.11969e-06,0.000179225,-0.000190441,0.0466098,
0.00344712,0.000309508,0.0001074,0.00112496,-0.000984716,0.000175161,5.54925e-05,0.000309508,0.00092175,0.000784638,-0.000550341,0.000167818,5.19509e-06,3.69785e-05,0.0001074,0.000784638,0.00407282,-0.000539547,-0.00287806,1.9148e-05,5.89378e-05,0.00112496,-0.000550341,-0.000539547,0.00266782,-0.00124773,-0.0013438,6.08108e-06,-0.000984716,0.000167818,-0.00287806,-0.00124773,0.0266775,0.000762761,0.000179387,0.000175161,5.19509e-06,1.91481e-05,-0.0013438,0.000762761,0.0254751,-0.000190605,5.54925e-05,3.69785e-05,5.89378e-05,6.08108e-06,0.000179387,-0.000190605,0.0466097,
0.00344907,0.000310325,0.000106677,0.00112411,-0.000986799,0.000174558,5.55509e-05,0.000310325,0.000922084,0.000784937,-0.00055033,0.000167188,5.48728e-06,3.70504e-05,0.000106677,0.000784937,0.00407222,-0.000540011,-0.00287813,1.91699e-05,5.89434e-05,0.00112411,-0.00055033,-0.000540011,0.00266714,-0.00124762,-0.00134362,6.04438e-06,-0.000986799,0.000167188,-0.00287813,-0.00124762,0.026678,0.00076267,0.000179533,0.000174558,5.48727e-06,1.91699e-05,-0.00134362,0.00076267,0.0254741,-0.000190775,5.55509e-05,3.70504e-05,5.89434e-05,6.04438e-06,0.000179533,-0.000190775,0.0466096,
0.00345087,0.0003111,0.000106,0.00112333,-0.00098875,0.000173974,5.56049e-05,0.0003111,0.000922404,0.000785229,-0.000550313,0.000166597,5.77653e-06,3.71206e-05,0.000106,0.000785229,0.00407165,-0.000540446,-0.00287819,1.9186e-05,5.89483e-05,0.00112333,-0.000550313,-0.000540446,0.00266652,-0.00124751,-0.00134344,6.00936e-06,-0.00098875,0.000166597,-0.00287819,-0.00124751,0.0266786,0.000762584,0.000179664,0.000173974,5.77653e-06,1.9186e-05,-0.00134344,0.000762584,0.0254731,-0.000190949,5.56049e-05,3.71206e-05,5.89483e-05,6.00936e-06,0.000179664,-0.000190949,0.0466096,
0.00345254,0.000311838,0.000105364,0.00112261,-0.00099058,0.000173407,5.5655e-05,0.000311838,0.000922713,0.000785516,-0.00055029,0.000166041,6.0635e-06,3.71894e-05,0.000105364,0.000785516,0.00407111,-0.000540855,-0.00287825,1.91968e-05,5.89526e-05,0.00112261,-0.00055029,-0.000540855,0.00266594,-0.0012474,-0.00134327,5.97583e-06,-0.00099058,0.000166041,-0.00287825,-0.0012474,0.026679,0.000762502,0.000179783,0.000173407,6.0635e-06,1.91968e-05,-0.00134327,0.000762502,0.0254722,-0.000191127,5.5655e-05,3.71894e-05,5.89526e-05,5.97583e-06,0.000179783,-0.000191127,0.0466095,
0.00345409,0.000312544,0.000104764,0.00112194,-0.000992304,0.000172855,5.57017e-05,0.000312544,0.000923011,0.000785797,-0.000550262,0.000165516,6.34861e-06,3.72569e-05,0.000104764,0.000785797,0.00407059,-0.00054124,-0.00287831,1.92027e-05,5.89563e-05,0.00112194,-0.000550262,-0.00054124,0.00266539,-0.00124727,-0.00134309,5.94361e-06,-0.000992304,0.000165516,-0.00287831,-0.00124727,0.0266795,0.000762423,0.00017989,0.000172855,6.34861e-06,1.92027e-05,-0.00134309,0.000762423,0.0254713,-0.000191309,5.57017e-05,3.72569e-05,5.89563e-05,5.94361e-06,0.00017989,-0.000191309,0.0466094,
0.00345554,0.00031322,0.000104197,0.00112132,-0.000993933,0.000172316,5.57452e-05,0.00031322,0.0009233,0.000786074,-0.000550229,0.000165019,6.63222e-06,3.73232e-05,0.000104197,0.000786074,0.00407008,-0.000541605,-0.00287836,1.92041e-05,5.89595e-05,0.00112132,-0.000550229,-0.000541605,0.00266488,-0.00124713,-0.00134291,5.91258e-06,-0.000993933,0.000165019,-0.00287836,-0.00124713,0.0266799,0.000762347,0.000179989,0.000172316,6.63222e-06,1.92041e-05,-0.00134291,0.000762347,0.0254703,-0.000191494,5.57452e-05,3.73232e-05,5.89595e-05,5.91258e-06,0.000179989,-0.000191494,0.0466093,
0.00345689,0.000313871,0.00010366,0.00112074,-0.000995477,0.000171789,5.5786e-05,0.000313871,0.000923581,0.000786348,-0.000550191,0.000164547,6.9146e-06,3.73886e-05,0.00010366,0.000786348,0.00406959,-0.00054195,-0.00287842,1.92013e-05,5.89623e-05,0.00112074,-0.000550191,-0.00054195,0.0026644,-0.00124699,-0.00134273,5.88259e-06,-0.000995477,0.000164547,-0.00287842,-0.00124699,0.0266803,0.000762275,0.000180078,0.000171789,6.91461e-06,1.92013e-05,-0.00134273,0.000762275,0.0254695,-0.000191681,5.5786e-05,3.73886e-05,5.89623e-05,5.88258e-06,0.000180078,-0.000191681,0.0466093,
0.00345815,0.000314498,0.000103149,0.0011202,-0.000996945,0.000171272,5.58243e-05,0.000314498,0.000923855,0.000786618,-0.00055015,0.000164098,7.19596e-06,3.74531e-05,0.000103149,0.000786618,0.00406912,-0.000542279,-0.00287848,1.91947e-05,5.89648e-05,0.0011202,-0.00055015,-0.000542279,0.00266394,-0.00124684,-0.00134255,5.85353e-06,-0.000996945,0.000164098,-0.00287848,-0.00124684,0.0266806,0.000762205,0.00018016,0.000171272,7.19595e-06,1.91947e-05,-0.00134255,0.000762205,0.0254686,-0.000191871,5.58243e-05,3.74531e-05,5.89648e-05,5.85353e-06,0.00018016,-0.000191871,0.0466092,
0.00345934,0.000315105,0.000102661,0.00111969,-0.000998345,0.000170764,5.58604e-05,0.000315105,0.000924122,0.000786886,-0.000550105,0.000163669,7.47643e-06,3.75168e-05,0.000102661,0.000786886,0.00406866,-0.000542594,-0.00287853,1.91848e-05,5.8967e-05,0.00111969,-0.000550105,-0.000542594,0.00266351,-0.00124669,-0.00134237,5.82529e-06,-0.000998345,0.000163669,-0.00287853,-0.00124669,0.0266809,0.000762137,0.000180236,0.000170764,7.47643e-06,1.91848e-05,-0.00134237,0.000762137,0.0254677,-0.000192063,5.58604e-05,3.75168e-05,5.8967e-05,5.8253e-06,0.000180236,-0.000192063,0.0466091,
0.00346047,0.000315694,0.000102195,0.00111921,-0.000999685,0.000170264,5.58945e-05,0.000315694,0.000924383,0.000787151,-0.000550057,0.000163257,7.75616e-06,3.75799e-05,0.000102195,0.000787151,0.00406821,-0.000542894,-0.00287858,1.91718e-05,5.89689e-05,0.00111921,-0.000550057,-0.000542894,0.0026631,-0.00124653,-0.00134219,5.79781e-06,-0.000999685,0.000163257,-0.00287858,-0.00124653,0.0266812,0.000762072,0.000180305,0.000170264,7.75616e-06,1.91719e-05,-0.00134219,0.000762072,0.0254669,-0.000192257,5.58945e-05,3.75799e-05,5.89689e-05,5.79781e-06,0.000180305,-0.000192257,0.046609,
0.00346153,0.000316266,0.000101747,0.00111876,-0.00100097,0.000169771,5.59269e-05,0.000316266,0.000924639,0.000787414,-0.000550006,0.000162862,8.03524e-06,3.76423e-05,0.000101747,0.000787414,0.00406777,-0.000543183,-0.00287864,1.91561e-05,5.89706e-05,0.00111876,-0.000550006,-0.000543183,0.00266271,-0.00124637,-0.00134201,5.77099e-06,-0.00100097,0.000162862,-0.00287864,-0.00124637,0.0266815,0.000762008,0.00018037,0.000169771,8.03523e-06,1.91561e-05,-0.00134201,0.000762008,0.025466,-0.000192453,5.59269e-05,3.76423e-05,5.89706e-05,5.77099e-06,0.00018037,-0.000192453,0.0466089,
0.00346254,0.000316823,0.000101316,0.00111833,-0.00100221,0.000169285,5.59578e-05,0.000316823,0.000924891,0.000787675,-0.000549952,0.00016248,8.31376e-06,3.77042e-05,0.000101316,0.000787675,0.00406734,-0.000543462,-0.00287869,1.91379e-05,5.89721e-05,0.00111833,-0.000549952,-0.000543462,0.00266234,-0.0012462,-0.00134183,5.74476e-06,-0.00100221,0.00016248,-0.00287869,-0.0012462,0.0266818,0.000761946,0.00018043,0.000169285,8.31375e-06,1.91379e-05,-0.00134183,0.000761946,0.0254652,-0.000192651,5.59578e-05,3.77042e-05,5.89721e-05,5.74476e-06,0.00018043,-0.000192651,0.0466088,
0.0034635,0.000317368,0.000100899,0.00111792,-0.0010034,0.000168804,5.59872e-05,0.000317368,0.000925138,0.000787934,-0.000549896,0.000162112,8.59179e-06,3.77656e-05,0.000100899,0.000787934,0.00406692,-0.000543731,-0.00287874,1.91174e-05,5.89734e-05,0.00111792,-0.000549896,-0.000543731,0.00266198,-0.00124603,-0.00134165,5.71906e-06,-0.0010034,0.000162112,-0.00287874,-0.00124603,0.0266821,0.000761886,0.000180486,0.000168804,8.59179e-06,1.91174e-05,-0.00134165,0.000761886,0.0254644,-0.000192849,5.59872e-05,3.77656e-05,5.89734e-05,5.71906e-06,0.000180486,-0.000192849,0.0466087,
0.00346442,0.000317901,0.000100496,0.00111754,-0.00100456,0.000168328,5.60154e-05,0.000317901,0.000925383,0.000788191,-0.000549837,0.000161754,8.86938e-06,3.78265e-05,0.000100496,0.000788191,0.00406651,-0.000543991,-0.00287879,1.9095e-05,5.89745e-05,0.00111754,-0.000549837,-0.000543991,0.00266164,-0.00124586,-0.00134147,5.69383e-06,-0.00100456,0.000161754,-0.00287879,-0.00124586,0.0266823,0.000761828,0.000180538,0.000168328,8.86938e-06,1.9095e-05,-0.00134147,0.000761828,0.0254635,-0.000193049,5.60154e-05,3.78265e-05,5.89745e-05,5.69383e-06,0.000180538,-0.000193049,0.0466086,
0.00346531,0.000318423,0.000100105,0.00111717,-0.00100568,0.000167856,5.60425e-05,0.000318423,0.000925624,0.000788448,-0.000549777,0.000161407,9.14661e-06,3.78871e-05,0.000100105,0.000788448,0.0040661,-0.000544244,-0.00287884,1.90708e-05,5.89756e-05,0.00111717,-0.000549777,-0.000544244,0.00266131,-0.00124568,-0.00134129,5.66902e-06,-0.00100568,0.000161407,-0.00287884,-0.00124568,0.0266825,0.000761771,0.000180587,0.000167856,9.14661e-06,1.90708e-05,-0.00134129,0.000761771,0.0254627,-0.00019325,5.60425e-05,3.78871e-05,5.89756e-05,5.66902e-06,0.000180587,-0.00019325,0.0466086,
0.00346615,0.000318937,9.97237e-05,0.00111681,-0.00100677,0.000167388,5.60687e-05,0.000318937,0.000925862,0.000788703,-0.000549715,0.000161068,9.42349e-06,3.79474e-05,9.97237e-05,0.000788703,0.0040657,-0.000544491,-0.00287889,1.90449e-05,5.89765e-05,0.00111681,-0.000549715,-0.000544491,0.00266098,-0.0012455,-0.00134111,5.64459e-06,-0.00100677,0.000161068,-0.00287889,-0.0012455,0.0266827,0.000761715,0.000180633,0.000167388,9.42349e-06,1.90449e-05,-0.00134111,0.000761715,0.0254619,-0.000193452,5.60687e-05,3.79474e-05,5.89765e-05,5.64459e-06,0.000180633,-0.000193452,0.0466085,
0.00346697,0.000319442,9.93521e-05,0.00111647,-0.00100783,0.000166923,5.60939e-05,0.000319442,0.000926098,0.000788957,-0.000549652,0.000160738,9.70007e-06,3.80074e-05,9.93521e-05,0.000788957,0.00406531,-0.000544731,-0.00287894,1.90177e-05,5.89773e-05,0.00111647,-0.000549652,-0.000544731,0.00266067,-0.00124532,-0.00134092,5.62049e-06,-0.00100783,0.000160738,-0.00287894,-0.00124532,0.0266829,0.00076166,0.000180677,0.000166923,9.70007e-06,1.90177e-05,-0.00134092,0.00076166,0.0254611,-0.000193655,5.60939e-05,3.80074e-05,5.89773e-05,5.62049e-06,0.000180677,-0.000193655,0.0466084,
0.00346776,0.000319941,9.89888e-05,0.00111614,-0.00100887,0.000166462,5.61183e-05,0.000319941,0.000926332,0.00078921,-0.000549587,0.000160414,9.97639e-06,3.80671e-05,9.89888e-05,0.00078921,0.00406491,-0.000544966,-0.00287899,1.89891e-05,5.8978e-05,0.00111614,-0.000549587,-0.000544966,0.00266037,-0.00124513,-0.00134074,5.59668e-06,-0.00100887,0.000160414,-0.00287899,-0.00124513,0.0266831,0.000761607,0.000180719,0.000166462,9.97639e-06,1.89891e-05,-0.00134074,0.000761607,0.0254603,-0.000193858,5.61183e-05,3.80671e-05,5.8978e-05,5.59669e-06,0.000180719,-0.000193858,0.0466083,
0.00346852,0.000320432,9.86327e-05,0.00111582,-0.00100989,0.000166003,5.61421e-05,0.000320432,0.000926563,0.000789462,-0.000549521,0.000160097,1.02525e-05,3.81266e-05,9.86327e-05,0.000789462,0.00406453,-0.000545196,-0.00287904,1.89594e-05,5.89786e-05,0.00111582,-0.000549521,-0.000545196,0.00266007,-0.00124495,-0.00134056,5.57315e-06,-0.00100989,0.000160097,-0.00287904,-0.00124495,0.0266833,0.000761554,0.000180759,0.000166003,1.02525e-05,1.89594e-05,-0.00134056,0.000761554,0.0254596,-0.000194062,5.61421e-05,3.81266e-05,5.89786e-05,5.57315e-06,0.000180759,-0.000194062,0.0466082,
0.00346927,0.000320918,9.82831e-05,0.00111551,-0.00101089,0.000165546,5.61652e-05,0.000320918,0.000926794,0.000789714,-0.000549454,0.000159785,1.05283e-05,3.81859e-05,9.82831e-05,0.000789714,0.00406414,-0.000545423,-0.00287909,1.89287e-05,5.89792e-05,0.00111551,-0.000549454,-0.000545423,0.00265978,-0.00124476,-0.00134038,5.54985e-06,-0.00101089,0.000159785,-0.00287909,-0.00124476,0.0266835,0.000761503,0.000180798,0.000165546,1.05283e-05,1.89287e-05,-0.00134038,0.000761503,0.0254588,-0.000194266,5.61652e-05,3.81859e-05,5.89792e-05,5.54985e-06,0.000180798,-0.000194266,0.0466081,
0.00346999,0.0003214,9.79392e-05,0.00111521,-0.00101187,0.000165091,5.61878e-05,0.0003214,0.000927023,0.000789965,-0.000549386,0.000159479,1.0804e-05,3.8245e-05,9.79392e-05,0.000789965,0.00406376,-0.000545645,-0.00287914,1.88971e-05,5.89797e-05,0.00111521,-0.000549386,-0.000545645,0.0026595,-0.00124457,-0.0013402,5.52676e-06,-0.00101187,0.000159479,-0.00287914,-0.00124457,0.0266837,0.000761452,0.000180835,0.000165091,1.0804e-05,1.88971e-05,-0.0013402,0.000761452,0.025458,-0.000194471,5.61878e-05,3.8245e-05,5.89797e-05,5.52676e-06,0.000180835,-0.000194471,0.046608,
0.0034707,0.000321876,9.76003e-05,0.00111492,-0.00101284,0.000164638,5.62099e-05,0.000321876,0.00092725,0.000790215,-0.000549317,0.000159176,1.10795e-05,3.8304e-05,9.76003e-05,0.000790215,0.00406338,-0.000545864,-0.00287919,1.88647e-05,5.89802e-05,0.00111492,-0.000549317,-0.000545864,0.00265922,-0.00124438,-0.00134001,5.50385e-06,-0.00101284,0.000159176,-0.00287919,-0.00124438,0.0266839,0.000761402,0.000180871,0.000164638,1.10795e-05,1.88647e-05,-0.00134001,0.000761402,0.0254572,-0.000194677,5.62099e-05,3.8304e-05,5.89802e-05,5.50385e-06,0.000180871,-0.000194677,0.0466079,
0.00347139,0.000322349,9.72658e-05,0.00111464,-0.00101379,0.000164186,5.62315e-05,0.000322349,0.000927477,0.000790465,-0.000549248,0.000158877,1.13549e-05,3.83628e-05,9.72658e-05,0.000790465,0.00406301,-0.00054608,-0.00287924,1.88316e-05,5.89806e-05,0.00111464,-0.000549248,-0.00054608,0.00265894,-0.00124418,-0.00133983,5.48111e-06,-0.00101379,0.000158877,-0.00287924,-0.00124418,0.026684,0.000761353,0.000180905,0.000164186,1.13549e-05,1.88316e-05,-0.00133983,0.000761353,0.0254564,-0.000194882,5.62315e-05,3.83628e-05,5.89806e-05,5.48111e-06,0.000180905,-0.000194882,0.0466078,
0.00347207,0.000322818,9.69351e-05,0.00111436,-0.00101473,0.000163736,5.62528e-05,0.000322818,0.000927702,0.000790715,-0.000549177,0.000158582,1.16301e-05,3.84215e-05,9.69351e-05,0.000790715,0.00406263,-0.000546294,-0.00287928,1.87978e-05,5.8981e-05,0.00111436,-0.000549177,-0.000546294,0.00265868,-0.00124399,-0.00133965,5.45852e-06,-0.00101473,0.000158582,-0.00287928,-0.00124399,0.0266842,0.000761305,0.000180939,0.000163736,1.16301e-05,1.87978e-05,-0.00133965,0.000761305,0.0254557,-0.000195089,5.62528e-05,3.84215e-05,5.8981e-05,5.45852e-06,0.000180939,-0.000195089,0.0466077,
0.00347274,0.000323285,9.66078e-05,0.00111408,-0.00101567,0.000163286,5.62737e-05,0.000323285,0.000927927,0.000790964,-0.000549106,0.00015829,1.19052e-05,3.84801e-05,9.66078e-05,0.000790964,0.00406226,-0.000546505,-0.00287933,1.87635e-05,5.89814e-05,0.00111408,-0.000549106,-0.000546505,0.00265841,-0.00124379,-0.00133946,5.43605e-06,-0.00101567,0.00015829,-0.00287933,-0.00124379,0.0266844,0.000761257,0.000180972,0.000163286,1.19052e-05,1.87635e-05,-0.00133946,0.000761257,0.0254549,-0.000195295,5.62737e-05,3.84801e-05,5.89814e-05,5.43605e-06,0.000180972,-0.000195295,0.0466076,
0.0034734,0.000323749,9.62834e-05,0.00111381,-0.00101659,0.000162838,5.62943e-05,0.000323749,0.000928151,0.000791213,-0.000549035,0.000158,1.21801e-05,3.85387e-05,9.62834e-05,0.000791213,0.00406189,-0.000546715,-0.00287937,1.87287e-05,5.89818e-05,0.00111381,-0.000549035,-0.000546715,0.00265815,-0.0012436,-0.00133928,5.4137e-06,-0.00101659,0.000158,-0.00287937,-0.0012436,0.0266845,0.000761211,0.000181005,0.000162838,1.21801e-05,1.87287e-05,-0.00133928,0.00076121,0.0254541,-0.000195501,5.62943e-05,3.85387e-05,5.89818e-05,5.4137e-06,0.000181005,-0.000195501,0.0466075,
