0.00234079,-0.000128868,0.00129405,-5.733e-05,-0.0009593,0.00200583,6.98341e-05,-0.000231144,0.000619393,4.73829e-06,-1.23251e-05,0.000810297,0.00104929,-5.16137e-05,0.000165457,-0.000260144,0.00428167,1.2473e-05,-0.00159644,-7.17463e-05,-0.000137992,0.00130848,8.00533e-05,-0.00250543,0.00011281,0.000597787,-0.000343808,-0.00017996,-0.000304998,0.000897052,-0.00233367,3.02185e-05,0.0328842,0.00143123,-0.00094759,0.00316732,0.00109348,-0.00259228,0.000115201,0.00213379,0.0267838,-8.52745e-05,1.54347e-05,-6.90083e-05,-0.000189049,3.19479e-06,-0.000882455,8.8764e-05,0.0466398,
0.00234954,-0.000145199,0.00131727,-5.68428e-05,-0.000987288,0.00201174,7.02853e-05,-0.000240589,0.000621147,-1.32696e-05,-1.21083e-05,0.000822316,0.00104218,-5.04164e-05,0.000179704,-0.000276947,0.0042662,1.27276e-05,-0.00158618,-7.11687e-05,-0.000140991,0.00129553,8.84226e-05,-0.00252663,0.000111757,0.00063428,-0.000343192,-0.000182854,-0.00032429,0.000914269,-0.00232226,2.93629e-05,0.0328633,0.00143989,-0.000937288,0.00315741,0.0010951,-0.00260688,0.000113888,0.00217643,0.0267939,-8.87053e-05,1.4383e-05,-6.76954e-05,-0.000192526,3.20057e-06,-0.00087108,8.78061e-05,0.0466395,
0.00236012,-0.000163611,0.00134221,-5.62999e-05,-0.00101766,0.00202011,7.02657e-05,-0.00025125,0.000623335,-3.36146e-05,-1.1868e-05,0.000836151,0.00103276,-4.98525e-05,0.000195238,-0.000295551,0.00424819,1.30115e-05,-0.00157464,-6.99854e-05,-0.000143867,0.00128121,9.80485e-05,-0.00254911,0.000110601,0.000671658,-0.000340501,-0.00018321,-0.000343887,0.000932779,-0.00230802,2.84387e-05,0.0328314,0.00146145,-0.000921452,0.00314804,0.00109646,-0.00262491,0.000112535,0.00223804,0.0267885,-9.79936e-05,1.29268e-05,-6.62108e-05,-0.000196453,3.20346e-06,-0.000859892,8.61435e-05,0.0466392,
0.00237259,-0.000183897,0.00136754,-5.56997e-05,-0.00104609,0.00202743,6.82671e-05,-0.000263127,0.000626088,-5.56253e-05,-1.16203e-05,0.000849045,0.00102377,-4.87887e-05,0.000211718,-0.000315594,0.00422758,1.33251e-05,-0.00156013,-7.0039e-05,-0.000147332,0.00126601,0.000108658,-0.00257238,0.000109382,0.000712428,-0.000339722,-0.000182758,-0.000361869,0.000951407,-0.00229377,2.75576e-05,0.0328144,0.00147042,-0.000911774,0.00313753,0.00109852,-0.00264207,0.000111062,0.00228521,0.0267993,-9.82254e-05,1.10745e-05,-6.4563e-05,-0.000200635,3.20069e-06,-0.000849856,8.49142e-05,0.0466391,
0.00238664,-0.000205661,0.00139269,-5.50616e-05,-0.00107414,0.00203593,6.53356e-05,-0.000275969,0.000629393,-7.91255e-05,-1.13654e-05,0.000862622,0.00101361,-4.80443e-05,0.000228662,-0.000336638,0.00420469,1.36581e-05,-0.00154407,-7.01726e-05,-0.000150728,0.00125008,0.000120145,-0.00259521,0.000108117,0.00075256,-0.000338253,-0.000180164,-0.000378937,0.000970319,-0.00227741,2.66721e-05,0.0327944,0.00148459,-0.000900302,0.00312735,0.00110062,-0.00266033,0.000109584,0.00233932,0.0268033,-9.96408e-05,8.88465e-06,-6.27822e-05,-0.000205047,3.1945e-06,-0.00084058,8.34539e-05,0.0466391,
0.00240208,-0.00022858,0.00141681,-5.43953e-05,-0.00110073,0.00204504,6.138e-05,-0.000289647,0.000633283,-0.000103712,-1.11103e-05,0.000876458,0.00100275,-4.74835e-05,0.000245709,-0.000358312,0.00417977,1.40059e-05,-0.00152649,-7.06543e-05,-0.000154068,0.00123375,0.00013228,-0.00261681,0.00010683,0.00079126,-0.000336613,-0.000175717,-0.000394694,0.000989106,-0.00225926,2.58062e-05,0.032774,0.00150103,-0.000888449,0.00311745,0.00110283,-0.00267874,0.000108115,0.00239561,0.0268039,-0.000100562,6.40384e-06,-6.0889e-05,-0.000209584,3.18498e-06,-0.000832215,8.19504e-05,0.0466391,
0.00241873,-0.000252346,0.00143902,-5.3707e-05,-0.00112396,0.00205335,5.59795e-05,-0.00030406,0.000637782,-0.000128863,-1.0863e-05,0.000889371,0.000992348,-4.66558e-05,0.000262562,-0.000380285,0.00415302,1.43651e-05,-0.00150705,-7.21171e-05,-0.00015754,0.00121741,0.000144804,-0.00263668,0.000105549,0.000829079,-0.000336381,-0.000170253,-0.000408531,0.00100729,-0.00224099,2.49996e-05,0.0327637,0.00150974,-0.000880636,0.00310741,0.00110536,-0.00269475,0.000106643,0.00244001,0.0268131,-9.56891e-05,3.6696e-06,-5.88997e-05,-0.000214106,3.17159e-06,-0.000825133,8.08013e-05,0.0466392,
0.00243625,-0.000276604,0.00145893,-5.30097e-05,-0.0011444,0.00206169,4.9675e-05,-0.000319021,0.000642852,-0.000154344,-1.06251e-05,0.000902035,0.000981795,-4.58829e-05,0.000278932,-0.000402237,0.00412482,1.47299e-05,-0.00148657,-7.41018e-05,-0.000160864,0.00120131,0.000157514,-0.00265409,0.000104288,0.000863969,-0.000336419,-0.000163403,-0.000420762,0.00102484,-0.00222168,2.42351e-05,0.0327555,0.00151818,-0.000873596,0.00309789,0.00110788,-0.00270926,0.00010522,0.00248141,0.0268213,-8.94399e-05,7.30868e-07,-5.68359e-05,-0.000218569,3.15543e-06,-0.000819144,7.96915e-05,0.0466395,
0.00245439,-0.000301041,0.00147613,-5.23123e-05,-0.00116178,0.00206989,4.261e-05,-0.000334388,0.000648454,-0.00017984,-1.03998e-05,0.000914352,0.000971221,-4.51476e-05,0.000294605,-0.000423903,0.00409554,1.50963e-05,-0.00146541,-7.66106e-05,-0.000163986,0.00118575,0.000170185,-0.00266864,0.000103062,0.000895301,-0.000336709,-0.000155373,-0.000431363,0.00104159,-0.00220154,2.35181e-05,0.0327492,0.00152627,-0.000867393,0.00308905,0.00111031,-0.00272197,0.000103863,0.00251915,0.0268284,-8.20599e-05,-2.37213e-06,-5.47157e-05,-0.000222901,3.13687e-06,-0.000814274,7.85878e-05,0.0466398,
0.00247292,-0.00032538,0.00149023,-5.16203e-05,-0.00117498,0.00207691,3.4562e-05,-0.000350046,0.000654544,-0.000204903,-1.01913e-05,0.000925369,0.000961514,-4.41045e-05,0.000309439,-0.000445065,0.00406545,1.54621e-05,-0.00144349,-8.00043e-05,-0.00016703,0.00117101,0.000182597,-0.00268035,0.000101887,0.000924011,-0.000338416,-0.000146912,-0.000440085,0.00105733,-0.00218237,2.28709e-05,0.0327532,0.00152634,-0.00086529,0.00308072,0.00111266,-0.00273079,0.000102562,0.00254248,0.0268437,-6.98561e-05,-5.60644e-06,-5.2556e-05,-0.000226994,3.11562e-06,-0.000810792,7.77278e-05,0.0466403,
0.00249152,-0.000349336,0.00150149,-5.0945e-05,-0.001186,0.00208445,2.64808e-05,-0.000365801,0.000661032,-0.000229586,-9.99716e-06,0.000936715,0.000951218,-4.34014e-05,0.000323295,-0.000465529,0.00403505,1.58223e-05,-0.00142197,-8.34762e-05,-0.000169643,0.00115723,0.000194598,-0.00268872,0.000100767,0.000947287,-0.000339086,-0.000137251,-0.000447536,0.00107214,-0.0021614,2.22566e-05,0.0327505,0.00153358,-0.000860807,0.00307368,0.00111462,-0.00273944,0.000101373,0.00257177,0.0268485,-6.10251e-05,-8.91188e-06,-5.03841e-05,-0.000230905,3.09337e-06,-0.000808095,7.66044e-05,0.0466408,
0.00251002,-0.000372699,0.00150979,-5.02894e-05,-0.00119398,0.0020915,1.81382e-05,-0.000381554,0.000667852,-0.000253516,-9.82033e-06,0.00094747,0.000941188,-4.26983e-05,0.000336121,-0.000485155,0.00400459,1.61757e-05,-0.00140072,-8.73791e-05,-0.000171987,0.00114463,0.000206023,-0.0026941,9.97127e-05,0.000966459,-0.000339845,-0.000127146,-0.000453499,0.00108587,-0.00214036,2.16958e-05,0.0327493,0.00154036,-0.000857183,0.00306767,0.00111626,-0.0027462,0.000100279,0.00259681,0.0268522,-5.18027e-05,-1.22578e-05,-4.82171e-05,-0.000234555,3.06985e-06,-0.000806394,7.54834e-05,0.0466413,
0.0025283,-0.000395284,0.00151478,-4.96533e-05,-0.00119671,0.00209584,8.80671e-06,-0.000397227,0.00067492,-0.000276057,-9.66499e-06,0.000955393,0.000933409,-4.11991e-05,0.000347908,-0.000503834,0.00397421,1.65217e-05,-0.00137911,-9.24182e-05,-0.000174373,0.00113339,0.00021675,-0.00269741,9.87339e-05,0.000985148,-0.000343642,-0.000118063,-0.000457612,0.00109843,-0.00212387,2.12266e-05,0.0327708,0.00152804,-0.000862068,0.00306216,0.00111762,-0.002746,9.92346e-05,0.00259206,0.0268773,-3.30728e-05,-1.5623e-05,-4.60734e-05,-0.000237782,3.04411e-06,-0.000806312,7.49938e-05,0.0466422,
0.00254608,-0.000416923,0.00151767,-4.90492e-05,-0.00119933,0.00210169,3.92575e-07,-0.000412605,0.000682136,-0.000297932,-9.52281e-06,0.000964775,0.000924109,-4.04883e-05,0.000358611,-0.000521478,0.00394452,1.68555e-05,-0.00135914,-9.69616e-05,-0.000176162,0.00112344,0.000226725,-0.00269762,9.78209e-05,0.000996859,-0.000344415,-0.00010771,-0.000460961,0.00110996,-0.00210365,2.07688e-05,0.0327726,0.00153383,-0.000859996,0.00305837,0.0011185,-0.00274947,9.83371e-05,0.00260907,0.0268789,-2.37256e-05,-1.89416e-05,-4.39762e-05,-0.000240861,3.01913e-06,-0.00080636,7.39229e-05,0.0466428,
0.00256331,-0.00043751,0.00151826,-4.84746e-05,-0.00119973,0.00210687,-7.88873e-06,-0.000427638,0.000689417,-0.000318595,-9.39748e-06,0.000973425,0.000915241,-3.97739e-05,0.000368277,-0.000538036,0.0039156,1.71774e-05,-0.00134006,-0.000101755,-0.000177702,0.00111488,0.000235885,-0.00269578,9.69813e-05,0.00100535,-0.000345098,-9.74916e-05,-0.000463147,0.00112037,-0.00208412,2.03616e-05,0.0327757,0.00153914,-0.000858643,0.00305563,0.00111903,-0.00275182,9.75354e-05,0.00262269,0.0268795,-1.44882e-05,-2.22016e-05,-4.1939e-05,-0.000243655,2.99386e-06,-0.000807139,7.29073e-05,0.0466434,
0.00257992,-0.000456958,0.00151685,-4.7931e-05,-0.00119827,0.00211135,-1.59489e-05,-0.000442232,0.00069668,-0.000337957,-9.28809e-06,0.000981323,0.00090684,-3.90611e-05,0.000376943,-0.000553478,0.00388763,1.74863e-05,-0.001322,-0.000106733,-0.000179011,0.0011077,0.000244212,-0.0026923,9.62135e-05,0.00101107,-0.000345649,-8.75331e-05,-0.000464295,0.0011297,-0.00206548,2.00026e-05,0.03278,0.00154396,-0.000857946,0.00305391,0.00111924,-0.00275335,9.6826e-05,0.00263332,0.0268792,-5.46296e-06,-2.53787e-05,-3.99763e-05,-0.00024617,2.96854e-06,-0.000808553,7.19627e-05,0.046644,
0.00259582,-0.000475212,0.00151379,-4.7419e-05,-0.00119528,0.00211514,-2.37208e-05,-0.000456305,0.000703841,-0.000355962,-9.19364e-06,0.000988457,0.000898929,-3.83564e-05,0.000384663,-0.000567789,0.0038608,1.77811e-05,-0.00130505,-0.000111829,-0.000180106,0.00110186,0.000251714,-0.00268758,9.5516e-05,0.00101445,-0.000346038,-7.79268e-05,-0.000464528,0.00113799,-0.0020479,1.96893e-05,0.0327854,0.00154831,-0.000857839,0.00305315,0.00111915,-0.00275436,9.62047e-05,0.0026414,0.0268781,3.27602e-06,-2.84526e-05,-3.81002e-05,-0.00024842,2.94341e-06,-0.000810514,7.1101e-05,0.0466447,
0.00261099,-0.000492236,0.00150938,-4.69388e-05,-0.00119111,0.00211823,-3.11562e-05,-0.000469786,0.000710826,-0.00037258,-9.11293e-06,0.000994831,0.000891527,-3.76676e-05,0.000391496,-0.000580973,0.00383522,1.80612e-05,-0.00128927,-0.000116982,-0.000181006,0.00109729,0.000258417,-0.002682,9.48861e-05,0.00101594,-0.000346246,-6.87375e-05,-0.000463969,0.00114529,-0.00203154,1.9419e-05,0.032792,0.00155218,-0.000858253,0.00305327,0.00111881,-0.00275512,9.56661e-05,0.00264733,0.0268763,1.16781e-05,-3.14074e-05,-3.63204e-05,-0.000250419,2.91865e-06,-0.000812936,7.03303e-05,0.0466453,
0.00262541,-0.000508021,0.00150392,-4.64902e-05,-0.00118605,0.00212067,-3.82223e-05,-0.000482619,0.000717568,-0.000387805,-9.04474e-06,0.00100046,0.00088464,-3.70027e-05,0.000397508,-0.000593046,0.00381101,1.83259e-05,-0.00127469,-0.000122133,-0.000181729,0.00109392,0.000264358,-0.00267591,9.43201e-05,0.00101595,-0.000346262,-6.00067e-05,-0.000462737,0.00115166,-0.00201649,1.91888e-05,0.0327995,0.00155558,-0.000859122,0.00305418,0.00111827,-0.00275587,9.52046e-05,0.00265151,0.0268739,1.97119e-05,-3.42303e-05,-3.46446e-05,-0.000252186,2.89441e-06,-0.000815738,6.96556e-05,0.0466459,
0.00263906,-0.000522569,0.0014977,-4.60725e-05,-0.00118038,0.00212248,-4.4899e-05,-0.000494757,0.00072401,-0.00040165,-8.9878e-06,0.00100536,0.000878272,-3.63695e-05,0.000402767,-0.000604035,0.00378825,1.85747e-05,-0.00126134,-0.000127229,-0.000182293,0.00109163,0.000269587,-0.00266962,9.38135e-05,0.00101485,-0.000346084,-5.17576e-05,-0.000460942,0.00115717,-0.00200283,1.89957e-05,0.032808,0.00155854,-0.000860383,0.00305579,0.00111758,-0.00275679,9.48139e-05,0.00265428,0.0268709,2.73603e-05,-3.69122e-05,-3.30785e-05,-0.000253739,2.87081e-06,-0.000818847,6.90792e-05,0.0466465,
0.00265194,-0.000535901,0.00149096,-4.5685e-05,-0.00117435,0.00212371,-5.11762e-05,-0.000506166,0.000730104,-0.000414144,-8.94092e-06,0.00100956,0.000872418,-3.57751e-05,0.000407341,-0.000613975,0.00376698,1.88075e-05,-0.00124918,-0.000132223,-0.000182715,0.00109035,0.000274157,-0.00266338,9.33632e-05,0.00101297,-0.000345714,-4.39995e-05,-0.000458687,0.00116188,-0.0019906,1.88369e-05,0.0328173,0.00156105,-0.000861973,0.00305802,0.00111677,-0.00275805,9.4488e-05,0.00265598,0.0268675,3.46175e-05,-3.94461e-05,-3.16258e-05,-0.000255096,2.84798e-06,-0.000822196,6.86012e-05,0.046647,
0.00266932,-0.000548044,0.00148393,-4.53268e-05,-0.00116815,0.00212439,-5.70514e-05,-0.00051579,0.00073581,-0.000425331,-8.90286e-06,0.00101311,0.00086707,-3.52256e-05,0.000409096,-0.000622907,0.00374725,1.90241e-05,-0.00123822,-0.000137071,-0.000183011,0.0010792,0.000278124,-0.00265742,9.29645e-05,0.00101058,-0.000345161,-3.67315e-05,-0.00045823,0.00116586,-0.00197984,1.87095e-05,0.0328273,0.00156315,-0.000863836,0.00304988,0.0011159,-0.00275977,9.42208e-05,0.00265686,0.0268638,4.14841e-05,-4.21546e-05,-3.02886e-05,-0.000256276,2.82598e-06,-0.000825723,6.82196e-05,0.0466475,
0.00267547,-0.000559037,0.00147679,-4.49964e-05,-0.00116197,0.00212458,-6.25274e-05,-0.000526705,0.0007411,-0.000435264,-8.87249e-06,0.00101603,0.000862214,-3.47258e-05,0.000414697,-0.000630877,0.00372905,1.92243e-05,-0.0012284,-0.000141738,-0.000183197,0.00109035,0.000281545,-0.00265189,9.26136e-05,0.00100794,-0.000344434,-2.99465e-05,-0.000453161,0.00116916,-0.00197052,1.86105e-05,0.0328379,0.00156485,-0.000865917,0.00306399,0.001115,-0.00276202,9.40065e-05,0.00265716,0.0268597,4.7966e-05,-4.40545e-05,-2.90678e-05,-0.000257296,2.8049e-06,-0.000829373,6.79312e-05,0.046648,
0.00268614,-0.000568924,0.00146971,-4.46931e-05,-0.00115594,0.00212433,-6.76116e-05,-0.000535816,0.000745952,-0.000444004,-8.84881e-06,0.00101836,0.000857835,-3.42795e-05,0.000417602,-0.000637934,0.0037124,1.94085e-05,-0.00121969,-0.000146195,-0.000183287,0.00109144,0.000284474,-0.00264694,9.23065e-05,0.00100521,-0.000343547,-2.36317e-05,-0.00045005,0.00117186,-0.00196262,1.85375e-05,0.032849,0.00156618,-0.000868169,0.00306756,0.0011141,-0.00276486,9.38396e-05,0.00265708,0.0268554,5.40718e-05,-4.61259e-05,-2.79626e-05,-0.000258174,2.7848e-06,-0.000833097,6.77315e-05,0.0466484,
0.00375153,-0.000334314,-4.5119e-05,-0.00109394,-0.00088611,0.000844552,-0.000113762,-0.000334314,0.000798754,-0.000751429,-0.0002175,0.00107267,0.00059959,-4.213e-05,-4.5119e-05,-0.000751429,0.00436191,0.000482167,-0.00132842,0.00041338,-0.000165025,-0.00109394,-0.0002175,0.000482167,0.0022669,0.000455348,0.00230816,6.81187e-05,-0.00088611,0.00107267,-0.00132842,0.000455348,0.0327506,0.0020996,-0.000853295,0.000844552,0.00059959,0.00041338,0.00230816,0.0020996,0.0295499,0.000147266,-0.000113762,-4.213e-05,-0.000165025,6.81187e-05,-0.000853295,0.000147266,0.0466514,
0.00375629,-0.000340356,-4.72886e-05,-0.00108988,-0.000882021,0.000846808,-0.00011521,-0.000340356,0.000801707,-0.000756565,-0.000217191,0.00107089,0.000596136,-4.14057e-05,-4.72886e-05,-0.000756565,0.00435726,0.000485582,-0.00132457,0.00041425,-0.000165994,-0.00108988,-0.000217191,0.000485582,0.00226492,0.000458491,0.00231059,6.76103e-05,-0.000882021,0.00107089,-0.00132457,0.000458491,0.0327736,0.00210183,-0.000859932,0.000846808,0.000596136,0.00041425,0.00231059,0.00210183,0.02955,0.000146665,-0.00011521,-4.14057e-05,-0.000165994,6.76103e-05,-0.000859932,0.000146665,0.0466517,
0.00376103,-0.000345164,-4.92749e-05,-0.00108597,-0.000878954,0.000848329,-0.00011643,-0.000345164,0.000803973,-0.000760366,-0.000217067,0.00106886,0.000593549,-4.0842e-05,-4.92749e-05,-0.000760366,0.0043537,0.000488319,-0.00132177,0.000414787,-0.000166789,-0.00108597,-0.000217067,0.000488319,0.00226291,0.000461443,0.00231267,6.71619e-05,-0.000878954,0.00106886,-0.00132177,0.000461443,0.0327954,0.002104,-0.000866009,0.000848329,0.000593549,0.000414787,0.00231267,0.002104,0.0295498,0.000146269,-0.00011643,-4.0842e-05,-0.000166789,6.71619e-05,-0.000866009,0.000146269,0.046652,
0.00376569,-0.000349127,-5.11232e-05,-0.00108224,-0.000876817,0.000849361,-0.000117439,-0.000349127,0.000805785,-0.000763269,-0.000217054,0.00106709,0.000591552,-4.04009e-05,-5.11232e-05,-0.000763269,0.0043509,0.000490565,-0.00131959,0.000415139,-0.000167424,-0.00108224,-0.000217054,0.000490565,0.00226093,0.000463832,0.00231448,6.67876e-05,-0.000876817,0.00106709,-0.00131959,0.000463832,0.032814,0.0021059,-0.000871009,0.000849361,0.000591552,0.000415139,0.00231448,0.0021059,0.0295494,0.000146095,-0.000117439,-4.04009e-05,-0.000167424,6.67876e-05,-0.000871009,0.000146095,0.0466522,
0.00377016,-0.000352463,-5.2844e-05,-0.0010787,-0.000875379,0.000850061,-0.000118274,-0.000352463,0.000807263,-0.000765534,-0.000217108,0.00106563,0.000589941,-4.00533e-05,-5.2844e-05,-0.000765534,0.00434866,0.000492432,-0.00131783,0.000415339,-0.000167929,-0.0010787,-0.000217108,0.000492432,0.00225901,0.000465715,0.00231612,6.64736e-05,-0.000875379,0.00106563,-0.00131783,0.000465715,0.0328293,0.00210754,-0.000875,0.000850061,0.000589941,0.000415339,0.00231612,0.00210754,0.0295489,0.000146097,-0.000118274,-4.00533e-05,-0.000167929,6.64736e-05,-0.000875,0.000146097,0.0466522,
0.00377441,-0.000355315,-5.44416e-05,-0.00107538,-0.000874438,0.000850536,-0.000118972,-0.000355315,0.00080849,-0.000767335,-0.000217199,0.00106445,0.000588593,-3.97762e-05,-5.44416e-05,-0.000767335,0.00434684,0.000494005,-0.00131639,0.000415418,-0.000168336,-0.00107538,-0.000217199,0.000494005,0.00225718,0.000467201,0.00231765,6.62062e-05,-0.000874438,0.00106445,-0.00131639,0.000467201,0.032842,0.00210896,-0.000878169,0.000850536,0.000588593,0.000415418,0.00231765,0.00210896,0.0295484,0.000146222,-0.000118972,-3.97762e-05,-0.000168336,6.62062e-05,-0.000878169,0.000146222,0.0466523,
0.00377839,-0.000357789,-5.59205e-05,-0.00107229,-0.00087384,0.000850857,-0.000119562,-0.000357789,0.000809524,-0.000768796,-0.000217309,0.00106349,0.000587431,-3.95518e-05,-5.59205e-05,-0.000768796,0.00434533,0.000495348,-0.00131517,0.00041541,-0.000168668,-0.00107229,-0.000217309,0.000495348,0.00225547,0.000468388,0.00231909,6.5975e-05,-0.00087384,0.00106349,-0.00131517,0.000468388,0.0328526,0.00211019,-0.000880703,0.000850857,0.000587431,0.00041541,0.00231909,0.00211019,0.0295478,0.000146426,-0.000119562,-3.95518e-05,-0.000168668,6.5975e-05,-0.000880703,0.000146426,0.0466523,
0.00378209,-0.00035996,-5.72865e-05,-0.00106942,-0.000873472,0.000851075,-0.000120068,-0.00035996,0.000810411,-0.000770007,-0.000217428,0.0010627,0.000586411,-3.93667e-05,-5.72865e-05,-0.000770007,0.00434405,0.000496509,-0.00131413,0.00041534,-0.000168943,-0.00106942,-0.000217428,0.000496509,0.00225388,0.000469353,0.00232044,6.57724e-05,-0.000873472,0.0010627,-0.00131413,0.000469353,0.0328615,0.00211128,-0.000882756,0.000851075,0.000586411,0.00041534,0.00232044,0.00211128,0.0295473,0.000146677,-0.000120068,-3.93667e-05,-0.000168943,6.57724e-05,-0.000882756,0.000146677,0.0466522,
0.00378552,-0.000361887,-5.85461e-05,-0.00106677,-0.000873254,0.000851224,-0.000120508,-0.000361887,0.000811184,-0.000771032,-0.000217548,0.00106203,0.000585498,-3.92111e-05,-5.85461e-05,-0.000771032,0.00434296,0.000497525,-0.00131322,0.000415232,-0.000169176,-0.00106677,-0.000217548,0.000497525,0.0022524,0.000470155,0.00232171,6.55926e-05,-0.000873254,0.00106203,-0.00131322,0.000470155,0.032869,0.00211224,-0.000884447,0.000851224,0.000585499,0.000415232,0.00232171,0.00211224,0.0295468,0.000146952,-0.000120508,-3.92111e-05,-0.000169176,6.55926e-05,-0.000884447,0.000146952,0.0466522,
0.00378867,-0.000363613,-5.97068e-05,-0.00106433,-0.000873131,0.000851329,-0.000120896,-0.000363613,0.000811865,-0.000771918,-0.000217663,0.00106147,0.000584673,-3.90776e-05,-5.97068e-05,-0.000771918,0.004342,0.000498423,-0.00131242,0.000415101,-0.000169376,-0.00106433,-0.000217663,0.000498423,0.00225104,0.000470835,0.0023229,6.54313e-05,-0.000873131,0.00106147,-0.00131242,0.000470835,0.0328756,0.0021131,-0.000885867,0.000851329,0.000584673,0.000415101,0.0023229,0.0021131,0.0295464,0.000147235,-0.000120896,-3.90776e-05,-0.000169376,6.54313e-05,-0.000885867,0.000147235,0.0466521,
0.00379157,-0.000365173,-6.07758e-05,-0.00106209,-0.000873062,0.000851405,-0.00012124,-0.000365173,0.000812475,-0.000772698,-0.000217771,0.00106098,0.000583917,-3.89605e-05,-6.07758e-05,-0.000772698,0.00434116,0.000499226,-0.00131171,0.000414959,-0.000169552,-0.00106209,-0.000217771,0.000499226,0.0022498,0.000471427,0.002324,6.52851e-05,-0.000873062,0.00106098,-0.00131171,0.000471427,0.0328813,0.00211388,-0.000887082,0.000851405,0.000583917,0.000414959,0.002324,0.00211388,0.0295459,0.000147513,-0.00012124,-3.89605e-05,-0.000169552,6.52851e-05,-0.000887082,0.000147513,0.046652,
0.00379421,-0.000366592,-6.17606e-05,-0.00106002,-0.000873021,0.000851466,-0.000121551,-0.000366592,0.000813027,-0.000773398,-0.00021787,0.00106056,0.000583217,-3.8856e-05,-6.17606e-05,-0.000773398,0.0043404,0.000499949,-0.00131106,0.000414812,-0.000169707,-0.00106002,-0.00021787,0.000499949,0.00224866,0.000471953,0.00232504,6.51515e-05,-0.000873021,0.00106056,-0.00131106,0.000471953,0.0328864,0.00211458,-0.000888142,0.000851466,0.000583217,0.000414812,0.00232504,0.00211458,0.0295455,0.000147778,-0.000121551,-3.8856e-05,-0.000169707,6.51515e-05,-0.000888142,0.000147778,0.046652,
0.00379663,-0.000367893,-6.26682e-05,-0.00105813,-0.000872989,0.000851518,-0.000121833,-0.000367893,0.000813532,-0.000774035,-0.000217959,0.00106018,0.000582566,-3.8761e-05,-6.26682e-05,-0.000774035,0.0043397,0.000500607,-0.00131047,0.000414667,-0.000169848,-0.00105813,-0.000217959,0.000500607,0.00224761,0.000472429,0.002326,6.50284e-05,-0.000872989,0.00106018,-0.00131047,0.000472429,0.0328909,0.00211521,-0.000889084,0.000851518,0.000582566,0.000414667,0.002326,0.00211521,0.0295452,0.000148027,-0.000121833,-3.8761e-05,-0.000169848,6.50284e-05,-0.000889084,0.000148027,0.0466519,
0.00379884,-0.000369092,-6.35053e-05,-0.0010564,-0.000872955,0.000851568,-0.000122091,-0.000369092,0.000813999,-0.000774625,-0.000218038,0.00105983,0.000581954,-3.86732e-05,-6.35053e-05,-0.000774625,0.00433906,0.000501209,-0.00130992,0.000414527,-0.000169976,-0.0010564,-0.000218038,0.000501209,0.00224666,0.000472869,0.0023269,6.49142e-05,-0.000872955,0.00105983,-0.00130992,0.000472869,0.0328951,0.00211579,-0.000889937,0.000851568,0.000581954,0.000414527,0.0023269,0.00211579,0.0295448,0.000148256,-0.000122091,-3.86732e-05,-0.000169976,6.49142e-05,-0.000889937,0.000148256,0.0466518,
0.00380085,-0.000370203,-6.42782e-05,-0.00105481,-0.000872911,0.000851619,-0.00012233,-0.000370203,0.000814433,-0.000775176,-0.000218107,0.00105952,0.000581376,-3.85908e-05,-6.42782e-05,-0.000775176,0.00433847,0.000501763,-0.00130942,0.000414394,-0.000170095,-0.00105481,-0.000218107,0.000501763,0.00224579,0.000473281,0.00232774,6.48075e-05,-0.000872911,0.00105952,-0.00130942,0.000473281,0.0328988,0.00211631,-0.000890721,0.000851619,0.000581376,0.000414394,0.00232774,0.00211631,0.0295445,0.000148462,-0.00012233,-3.85908e-05,-0.000170095,6.48075e-05,-0.000890721,0.000148462,0.0466518,
0.00380269,-0.000371237,-6.49929e-05,-0.00105335,-0.000872852,0.000851673,-0.000122552,-0.000371237,0.000814839,-0.000775697,-0.000218166,0.00105922,0.000580827,-3.85128e-05,-6.49929e-05,-0.000775697,0.00433791,0.000502276,-0.00130895,0.000414269,-0.000170205,-0.00105335,-0.000218166,0.000502276,0.002245,0.000473673,0.00232852,6.47072e-05,-0.000872852,0.00105922,-0.00130895,0.000473673,0.0329023,0.00211679,-0.000891451,0.000851673,0.000580827,0.000414269,0.00232852,0.00211679,0.0295442,0.000148646,-0.000122552,-3.85128e-05,-0.000170205,6.47072e-05,-0.000891451,0.000148646,0.0466517,
0.00380436,-0.000372204,-6.56546e-05,-0.00105201,-0.000872775,0.000851732,-0.000122759,-0.000372204,0.000815222,-0.000776194,-0.000218216,0.00105895,0.000580303,-3.8438e-05,-6.56546e-05,-0.000776194,0.00433738,0.000502754,-0.0013085,0.000414151,-0.000170309,-0.00105201,-0.000218216,0.000502754,0.00224427,0.000474049,0.00232925,6.46125e-05,-0.000872775,0.00105895,-0.0013085,0.000474049,0.0329055,0.00211723,-0.000892139,0.000851732,0.000580303,0.000414151,0.00232925,0.00211723,0.0295439,0.000148807,-0.000122759,-3.8438e-05,-0.000170309,6.46125e-05,-0.000892139,0.000148807,0.0466517,
0.00380589,-0.000373113,-6.62684e-05,-0.00105078,-0.000872679,0.000851796,-0.000122954,-0.000373113,0.000815586,-0.00077667,-0.000218256,0.0010587,0.000579801,-3.83657e-05,-6.62684e-05,-0.00077667,0.00433688,0.0005032,-0.00130808,0.000414043,-0.000170407,-0.00105078,-0.000218256,0.0005032,0.00224361,0.000474413,0.00232993,6.45225e-05,-0.000872679,0.0010587,-0.00130808,0.000474413,0.0329085,0.00211764,-0.000892794,0.000851796,0.000579801,0.000414043,0.00232993,0.00211764,0.0295437,0.000148946,-0.000122954,-3.83657e-05,-0.000170407,6.45225e-05,-0.000892794,0.000148946,0.0466517,
0.00380728,-0.000373969,-6.68389e-05,-0.00104965,-0.000872564,0.000851867,-0.000123138,-0.000373969,0.000815932,-0.00077713,-0.000218289,0.00105845,0.000579317,-3.82954e-05,-6.68389e-05,-0.00077713,0.0043364,0.00050362,-0.00130769,0.000413942,-0.000170501,-0.00104965,-0.000218289,0.00050362,0.002243,0.000474768,0.00233058,6.44367e-05,-0.000872564,0.00105845,-0.00130769,0.000474768,0.0329113,0.00211801,-0.000893423,0.000851867,0.000579317,0.000413942,0.00233058,0.00211801,0.0295435,0.000149063,-0.000123138,-3.82954e-05,-0.000170501,6.44367e-05,-0.000893423,0.000149063,0.0466516,
0.00380855,-0.000374779,-6.737e-05,-0.00104861,-0.00087243,0.000851944,-0.000123313,-0.000374779,0.000816263,-0.000777576,-0.000218314,0.00105822,0.000578851,-3.82265e-05,-6.737e-05,-0.000777576,0.00433594,0.000504016,-0.00130731,0.000413849,-0.00017059,-0.00104861,-0.000218314,0.000504016,0.00224245,0.000475115,0.00233118,6.43545e-05,-0.00087243,0.00105822,-0.00130731,0.000475115,0.032914,0.00211835,-0.000894032,0.000851944,0.000578851,0.000413849,0.00233118,0.00211835,0.0295433,0.000149158,-0.000123313,-3.82265e-05,-0.00017059,6.43544e-05,-0.000894032,0.000149158,0.0466516,
0.00380971,-0.000375547,-6.78658e-05,-0.00104765,-0.000872277,0.000852026,-0.000123479,-0.000375547,0.000816581,-0.00077801,-0.000218332,0.001058,0.000578398,-3.81589e-05,-6.78658e-05,-0.00077801,0.0043355,0.000504391,-0.00130695,0.000413763,-0.000170676,-0.00104765,-0.000218332,0.000504391,0.00224194,0.000475458,0.00233175,6.42754e-05,-0.000872277,0.001058,-0.00130695,0.000475458,0.0329165,0.00211866,-0.000894624,0.000852026,0.000578398,0.000413763,0.00233175,0.00211866,0.0295431,0.000149234,-0.000123479,-3.81589e-05,-0.000170676,6.42754e-05,-0.000894624,0.000149234,0.0466516,
0.00381077,-0.00037628,-6.83295e-05,-0.00104676,-0.000872108,0.000852115,-0.000123639,-0.00037628,0.000816887,-0.000778434,-0.000218343,0.00105779,0.000577959,-3.80921e-05,-6.83295e-05,-0.000778434,0.00433506,0.000504747,-0.0013066,0.000413685,-0.000170759,-0.00104676,-0.000218343,0.000504747,0.00224147,0.000475795,0.00233229,6.4199e-05,-0.000872108,0.00105779,-0.0013066,0.000475795,0.0329189,0.00211895,-0.000895202,0.000852115,0.000577959,0.000413685,0.00233229,0.00211895,0.0295429,0.00014929,-0.000123639,-3.80921e-05,-0.000170759,6.4199e-05,-0.000895202,0.00014929,0.0466516,
0.00381174,-0.000376979,-6.87642e-05,-0.00104594,-0.000871923,0.000852208,-0.000123792,-0.000376979,0.000817183,-0.00077885,-0.000218348,0.00105758,0.000577531,-3.8026e-05,-6.87642e-05,-0.00077885,0.00433465,0.000505086,-0.00130627,0.000413612,-0.000170839,-0.00104594,-0.000218348,0.000505086,0.00224105,0.00047613,0.0023328,6.41251e-05,-0.000871923,0.00105758,-0.00130627,0.00047613,0.0329212,0.00211922,-0.000895771,0.000852208,0.000577531,0.000413612,0.0023328,0.00211922,0.0295427,0.000149328,-0.000123792,-3.8026e-05,-0.000170839,6.41251e-05,-0.000895771,0.000149328,0.0466516,
0.00381263,-0.000377649,-6.9173e-05,-0.00104518,-0.000871723,0.000852307,-0.000123939,-0.000377649,0.00081747,-0.000779258,-0.000218348,0.00105738,0.000577113,-3.79603e-05,-6.9173e-05,-0.000779258,0.00433424,0.000505411,-0.00130595,0.000413545,-0.000170916,-0.00104518,-0.000218348,0.000505411,0.00224065,0.000476462,0.00233328,6.40532e-05,-0.000871723,0.00105738,-0.00130595,0.000476462,0.0329234,0.00211946,-0.00089633,0.000852307,0.000577113,0.000413545,0.00233328,0.00211946,0.0295426,0.000149349,-0.000123939,-3.79603e-05,-0.000170916,6.40532e-05,-0.00089633,0.000149349,0.0466516,
0.00381345,-0.000378293,-6.95582e-05,-0.00104448,-0.000871509,0.00085241,-0.000124081,-0.000378293,0.00081775,-0.00077966,-0.000218343,0.00105718,0.000576704,-3.7895e-05,-6.95582e-05,-0.00077966,0.00433384,0.000505722,-0.00130564,0.000413483,-0.000170992,-0.00104448,-0.000218343,0.000505722,0.00224029,0.000476791,0.00233374,6.39832e-05,-0.000871509,0.00105718,-0.00130564,0.000476791,0.0329255,0.00211969,-0.000896883,0.00085241,0.000576704,0.000413483,0.00233374,0.00211969,0.0295424,0.000149354,-0.000124081,-3.7895e-05,-0.000170992,6.39832e-05,-0.000896883,0.000149354,0.0466516,
0.0038142,-0.000378914,-6.99223e-05,-0.00104383,-0.000871283,0.000852518,-0.000124219,-0.000378914,0.000818021,-0.000780056,-0.000218334,0.00105699,0.000576302,-3.783e-05,-6.99223e-05,-0.000780056,0.00433345,0.000506022,-0.00130533,0.000413425,-0.000171065,-0.00104383,-0.000218334,0.000506022,0.00223995,0.000477119,0.00233418,6.39148e-05,-0.000871283,0.00105699,-0.00130533,0.000477119,0.0329275,0.0021199,-0.000897431,0.000852518,0.000576302,0.000413425,0.00233418,0.0021199,0.0295423,0.000149344,-0.000124219,-3.783e-05,-0.000171065,6.39148e-05,-0.000897431,0.000149344,0.0466516,
0.00381489,-0.000379513,-7.02672e-05,-0.00104321,-0.000871045,0.000852629,-0.000124353,-0.000379513,0.000818287,-0.000780447,-0.00021832,0.00105681,0.000575908,-3.7765e-05,-7.02672e-05,-0.000780447,0.00433307,0.000506311,-0.00130504,0.000413372,-0.000171137,-0.00104321,-0.00021832,0.000506311,0.00223965,0.000477446,0.00233461,6.38478e-05,-0.000871045,0.00105681,-0.00130504,0.000477446,0.0329294,0.00212009,-0.000897974,0.000852629,0.000575908,0.000413372,0.00233461,0.00212009,0.0295422,0.00014932,-0.000124353,-3.7765e-05,-0.000171137,6.38478e-05,-0.000897974,0.00014932,0.0466516,
0.00381553,-0.000380094,-7.05951e-05,-0.00104264,-0.000870796,0.000852744,-0.000124483,-0.000380094,0.000818547,-0.000780834,-0.000218303,0.00105663,0.000575521,-3.77002e-05,-7.05951e-05,-0.000780834,0.00433269,0.00050659,-0.00130476,0.000413323,-0.000171208,-0.00104264,-0.000218303,0.00050659,0.00223936,0.000477772,0.00233501,6.3782e-05,-0.000870796,0.00105663,-0.00130476,0.000477772,0.0329313,0.00212027,-0.000898515,0.000852744,0.000575521,0.000413323,0.00233501,0.00212027,0.0295421,0.000149282,-0.000124483,-3.77002e-05,-0.000171208,6.3782e-05,-0.000898515,0.000149282,0.0466517,
0.00381612,-0.000380658,-7.09074e-05,-0.00104211,-0.000870539,0.000852862,-0.000124611,-0.000380658,0.000818802,-0.000781217,-0.000218283,0.00105645,0.000575139,-3.76353e-05,-7.09074e-05,-0.000781217,0.00433232,0.000506861,-0.00130448,0.000413276,-0.000171277,-0.00104211,-0.000218283,0.000506861,0.00223909,0.000478096,0.0023354,6.37172e-05,-0.000870539,0.00105645,-0.00130448,0.000478096,0.0329331,0.00212044,-0.000899053,0.000852862,0.000575139,0.000413276,0.0023354,0.00212044,0.029542,0.000149232,-0.000124611,-3.76353e-05,-0.000171277,6.37172e-05,-0.000899053,0.000149232,0.0466517,
0.00381667,-0.000381206,-7.12059e-05,-0.00104161,-0.000870272,0.000852983,-0.000124735,-0.000381206,0.000819052,-0.000781597,-0.000218259,0.00105627,0.000574762,-3.75703e-05,-7.12059e-05,-0.000781597,0.00433195,0.000507124,-0.0013042,0.000413233,-0.000171344,-0.00104161,-0.000218259,0.000507124,0.00223884,0.000478421,0.00233578,6.36533e-05,-0.000870272,0.00105627,-0.0013042,0.000478421,0.0329349,0.00212059,-0.000899589,0.000852983,0.000574762,0.000413233,0.00233578,0.00212059,0.0295419,0.00014917,-0.000124735,-3.75703e-05,-0.000171344,6.36533e-05,-0.000899589,0.00014917,0.0466517,
0.00381718,-0.000381741,-7.14919e-05,-0.00104114,-0.000869998,0.000853107,-0.000124857,-0.000381741,0.000819298,-0.000781973,-0.000218233,0.0010561,0.000574389,-3.75053e-05,-7.14919e-05,-0.000781973,0.00433159,0.00050738,-0.00130394,0.000413193,-0.000171411,-0.00104114,-0.000218233,0.00050738,0.00223861,0.000478744,0.00233614,6.35903e-05,-0.000869998,0.0010561,-0.00130394,0.000478744,0.0329367,0.00212073,-0.000900124,0.000853107,0.000574389,0.000413193,0.00233614,0.00212073,0.0295418,0.000149098,-0.000124857,-3.75053e-05,-0.000171411,6.35903e-05,-0.000900124,0.000149098,0.0466518,
0.00381765,-0.000382264,-7.17667e-05,-0.00104069,-0.000869716,0.000853232,-0.000124977,-0.000382264,0.000819541,-0.000782347,-0.000218204,0.00105593,0.00057402,-3.74401e-05,-7.17667e-05,-0.000782347,0.00433124,0.000507631,-0.00130367,0.000413154,-0.000171477,-0.00104069,-0.000218204,0.000507631,0.0022384,0.000479068,0.00233649,6.35279e-05,-0.000869716,0.00105593,-0.00130367,0.000479068,0.0329383,0.00212087,-0.000900658,0.000853232,0.00057402,0.000413154,0.00233649,0.00212087,0.0295417,0.000149015,-0.000124977,-3.74401e-05,-0.000171477,6.35279e-05,-0.000900658,0.000149015,0.0466518,
0.00381809,-0.000382775,-7.20314e-05,-0.00104027,-0.000869428,0.00085336,-0.000125095,-0.000382775,0.000819781,-0.000782719,-0.000218173,0.00105576,0.000573655,-3.73748e-05,-7.20314e-05,-0.000782719,0.00433088,0.000507876,-0.00130342,0.000413118,-0.000171541,-0.00104027,-0.000218173,0.000507876,0.00223819,0.000479391,0.00233683,6.34661e-05,-0.000869428,0.00105576,-0.00130342,0.000479391,0.03294,0.00212099,-0.000901192,0.00085336,0.000573655,0.000413118,0.00233683,0.00212099,0.0295416,0.000148923,-0.000125095,-3.73748e-05,-0.000171541,6.34661e-05,-0.000901192,0.000148923,0.0466518,
0.0038185,-0.000383277,-7.2287e-05,-0.00103987,-0.000869135,0.00085349,-0.000125212,-0.000383277,0.000820018,-0.000783088,-0.00021814,0.00105559,0.000573293,-3.73093e-05,-7.2287e-05,-0.000783088,0.00433053,0.000508115,-0.00130316,0.000413083,-0.000171605,-0.00103987,-0.00021814,0.000508115,0.002238,0.000479714,0.00233717,6.34048e-05,-0.000869135,0.00105559,-0.00130316,0.000479714,0.0329416,0.0021211,-0.000901727,0.00085349,0.000573293,0.000413083,0.00233717,0.0021211,0.0295416,0.000148821,-0.000125212,-3.73093e-05,-0.000171605,6.34048e-05,-0.000901727,0.000148821,0.0466519,
0.00381889,-0.00038377,-7.25346e-05,-0.00103949,-0.000868836,0.000853621,-0.000125326,-0.00038377,0.000820252,-0.000783456,-0.000218105,0.00105543,0.000572933,-3.72436e-05,-7.25346e-05,-0.000783456,0.00433019,0.000508351,-0.00130291,0.000413051,-0.000171669,-0.00103949,-0.000218105,0.000508351,0.00223782,0.000480037,0.00233749,6.33439e-05,-0.000868836,0.00105543,-0.00130291,0.000480037,0.0329432,0.00212121,-0.000902261,0.000853621,0.000572933,0.000413051,0.00233749,0.00212121,0.0295415,0.000148712,-0.000125326,-3.72436e-05,-0.000171669,6.33439e-05,-0.000902261,0.000148712,0.0466519,
0.00381925,-0.000384256,-7.2775e-05,-0.00103912,-0.000868532,0.000853754,-0.00012544,-0.000384256,0.000820484,-0.000783821,-0.000218068,0.00105526,0.000572576,-3.71776e-05,-7.2775e-05,-0.000783821,0.00432984,0.000508582,-0.00130267,0.000413019,-0.000171731,-0.00103912,-0.000218068,0.000508582,0.00223765,0.000480361,0.00233781,6.32834e-05,-0.000868532,0.00105526,-0.00130267,0.000480361,0.0329448,0.00212131,-0.000902796,0.000853754,0.000572576,0.000413019,0.00233781,0.00212131,0.0295415,0.000148595,-0.00012544,-3.71776e-05,-0.000171731,6.32834e-05,-0.000902796,0.000148595,0.046652,
0.0038196,-0.000384734,-7.30088e-05,-0.00103877,-0.000868224,0.000853888,-0.000125552,-0.000384734,0.000820714,-0.000784186,-0.00021803,0.0010551,0.000572221,-3.71115e-05,-7.30088e-05,-0.000784186,0.0043295,0.00050881,-0.00130242,0.000412989,-0.000171793,-0.00103877,-0.00021803,0.00050881,0.00223749,0.000480684,0.00233812,6.32231e-05,-0.000868224,0.0010551,-0.00130242,0.000480684,0.0329464,0.0021214,-0.000903332,0.000853888,0.000572221,0.000412989,0.00233812,0.0021214,0.0295414,0.000148471,-0.000125552,-3.71115e-05,-0.000171793,6.32231e-05,-0.000903332,0.000148471,0.046652,
0.00381992,-0.000385206,-7.32369e-05,-0.00103844,-0.000867911,0.000854023,-0.000125663,-0.000385206,0.000820942,-0.000784549,-0.000217991,0.00105494,0.000571868,-3.70451e-05,-7.32369e-05,-0.000784549,0.00432916,0.000509035,-0.00130218,0.000412959,-0.000171854,-0.00103844,-0.000217991,0.000509035,0.00223733,0.000481008,0.00233843,6.31631e-05,-0.000867911,0.00105494,-0.00130218,0.000481008,0.0329479,0.00212149,-0.000903869,0.000854023,0.000571868,0.000412959,0.00233843,0.00212149,0.0295413,0.00014834,-0.000125663,-3.70451e-05,-0.000171854,6.31631e-05,-0.000903869,0.00014834,0.0466521,
0.00382023,-0.000385672,-7.34598e-05,-0.00103812,-0.000867596,0.000854159,-0.000125773,-0.000385672,0.000821169,-0.000784911,-0.000217951,0.00105477,0.000571517,-3.69784e-05,-7.34598e-05,-0.000784911,0.00432882,0.000509257,-0.00130194,0.000412931,-0.000171915,-0.00103812,-0.000217951,0.000509257,0.00223719,0.000481331,0.00233873,6.31033e-05,-0.000867596,0.00105477,-0.00130194,0.000481331,0.0329494,0.00212157,-0.000904407,0.000854159,0.000571517,0.000412931,0.00233873,0.00212157,0.0295413,0.000148202,-0.000125773,-3.69784e-05,-0.000171915,6.31033e-05,-0.000904407,0.000148202,0.0466521,
0.00382052,-0.000386133,-7.36781e-05,-0.0010378,-0.000867277,0.000854296,-0.000125882,-0.000386133,0.000821395,-0.000785272,-0.000217909,0.00105461,0.000571167,-3.69115e-05,-7.36781e-05,-0.000785272,0.00432848,0.000509476,-0.00130171,0.000412904,-0.000171975,-0.0010378,-0.000217909,0.000509476,0.00223705,0.000481656,0.00233902,6.30436e-05,-0.000867277,0.00105461,-0.00130171,0.000481656,0.0329509,0.00212164,-0.000904946,0.000854296,0.000571167,0.000412904,0.00233902,0.00212164,0.0295412,0.000148059,-0.000125882,-3.69115e-05,-0.000171975,6.30436e-05,-0.000904946,0.000148059,0.0466522,
0.0038208,-0.00038659,-7.38923e-05,-0.0010375,-0.000866955,0.000854433,-0.000125991,-0.00038659,0.000821619,-0.000785632,-0.000217867,0.00105445,0.000570818,-3.68444e-05,-7.38923e-05,-0.000785632,0.00432815,0.000509693,-0.00130147,0.000412877,-0.000172035,-0.0010375,-0.000217867,0.000509693,0.00223691,0.00048198,0.00233931,6.2984e-05,-0.000866955,0.00105445,-0.00130147,0.00048198,0.0329524,0.00212171,-0.000905486,0.000854433,0.000570818,0.000412877,0.00233931,0.00212171,0.0295412,0.000147911,-0.000125991,-3.68444e-05,-0.000172035,6.2984e-05,-0.000905486,0.000147911,0.0466523,
0.00382106,-0.000387043,-7.41029e-05,-0.00103721,-0.000866631,0.000854571,-0.000126099,-0.000387043,0.000821843,-0.000785991,-0.000217823,0.00105429,0.000570471,-3.6777e-05,-7.41029e-05,-0.000785991,0.00432781,0.000509908,-0.00130124,0.00041285,-0.000172095,-0.00103721,-0.000217823,0.000509908,0.00223678,0.000482305,0.0023396,6.29245e-05,-0.000866631,0.00105429,-0.00130124,0.000482305,0.0329539,0.00212178,-0.000906028,0.000854571,0.000570471,0.00041285,0.0023396,0.00212178,0.0295412,0.000147757,-0.000126099,-3.6777e-05,-0.000172095,6.29245e-05,-0.000906028,0.000147757,0.0466523,
0.00382132,-0.000387492,-7.43102e-05,-0.00103693,-0.000866304,0.00085471,-0.000126206,-0.000387492,0.000822065,-0.00078635,-0.000217779,0.00105413,0.000570124,-3.67094e-05,-7.43102e-05,-0.00078635,0.00432748,0.000510121,-0.00130101,0.000412824,-0.000172154,-0.00103693,-0.000217779,0.000510121,0.00223666,0.00048263,0.00233989,6.28651e-05,-0.000866304,0.00105413,-0.00130101,0.00048263,0.0329553,0.00212184,-0.000906571,0.00085471,0.000570124,0.000412824,0.00233989,0.00212184,0.0295411,0.000147599,-0.000126206,-3.67094e-05,-0.000172154,6.28651e-05,-0.000906571,0.000147599,0.0466524,
0.00382156,-0.000387938,-7.45147e-05,-0.00103665,-0.000865975,0.000854849,-0.000126313,-0.000387938,0.000822287,-0.000786708,-0.000217734,0.00105397,0.000569778,-3.66415e-05,-7.45147e-05,-0.000786708,0.00432715,0.000510333,-0.00130078,0.000412799,-0.000172213,-0.00103665,-0.000217734,0.000510333,0.00223654,0.000482956,0.00234017,6.28057e-05,-0.000865975,0.00105397,-0.00130078,0.000482956,0.0329568,0.0021219,-0.000907116,0.000854849,0.000569778,0.000412799,0.00234017,0.0021219,0.0295411,0.000147436,-0.000126313,-3.66415e-05,-0.000172213,6.28057e-05,-0.000907116,0.000147436,0.0466525,
