6.93889e-12,0.00737638,-0.0113252,-0.0114458,0.003839,0.000730879,-4.63596e-05,0,0,0.307127,-0.00418865,0.26368,-0.000566966,-0.0352427,-0.000524043,-0.000449697,0,0,6.93889e-12,0.0612961,-0.00441788,-0.575865,0.00460965,0.000472231,-2.20665e-05,0,0,-0.0190366,0.615486,0.00322706,-0.0347208,-0.00831801,-0.043618,0.0102712,0,0,-1.21431e-11,-0.00378079,0.01867,-0.0332704,0.000383008,0.000581355,1.85252e-05,0,0,0.262984,0.000927404,0.300845,-0.0017404,-0.0325909,-0.000120819,-0.000227877,0,0,0,0.0254158,-0.00226345,-2,0.0032772,-0.00625579,0.000214927,0,0,-0.0862944,-0.0307005,0.01217,0.794346,-0.0474355,-0.0402822,0.0586627,2.77556e-11,0,-1.04083e-11,0.0521165,-0.00945117,1.79685,0.0407538,-0.00306906,-0.000521553,0,0,-0.307009,0.0134218,-0.326568,0.101753,0.349523,0.0142717,0.0109479,-6.93889e-12,0,-4.16334e-11,0.0953336,-0.000775308,2,-0.0013588,-0.0568672,0.00273163,0,0,0.114363,-0.324014,-0.0145181,0.282305,0.0596408,0.525951,-0.0880836,-2.77556e-11,0,0,-0.00574977,0.00098965,-0.230662,-0.001847,0.00362351,0.000232332,0,0,-0.0118101,-0.000567936,-0.00679562,-0.0130377,0.0369317,-0.0100215,0.0687657,0,0,0,1.21973e-12,-1.56125e-11,-7.20994e-12,1.19262e-12,2.16027e-11,-8.40257e-12,0,0,2.71051e-13,-3.63208e-12,-7.20994e-12,-7.20994e-12,3.30682e-12,3.63208e-12,7.20994e-12,0.869955,7.86155e-10,0,1.44063e-11,-1.32035e-11,0,0,0,0,0,0,-3.89635e-12,2.98156e-13,-6.90501e-12,-3.60497e-12,3.90313e-12,-3.89635e-12,0,7.90058e-10,0.869955,
-3.46945e-12,0.00715651,-0.0123311,-0.0166359,-0.000483103,0.00157368,-4.11289e-05,0,0,0.307653,-0.00420389,0.26424,-0.000640042,-0.0352245,-0.000493366,-0.000454587,0,0,2.08167e-11,0.0611852,-0.00516346,-0.562842,0.00517517,-0.00128526,4.78037e-05,0,0,-0.0190282,0.615849,0.0032244,-0.0345658,-0.00833971,-0.0436403,0.0102884,0,0,-3.46945e-12,-0.00423857,0.0162199,-0.0384219,-0.00225435,0.00118785,-4.01797e-05,0,0,0.263616,0.000907562,0.301415,-0.00179837,-0.0325711,-9.8262e-05,-0.000230595,0,0,0,0.0250427,-0.00467706,-2,0.00237483,-0.00679287,0.000243018,0,0,-0.0860785,-0.0307339,0.0121313,0.794416,-0.0474469,-0.0403134,0.0586621,0,0,1.38778e-11,0.0513383,-0.0206348,1.78695,0.0292971,-0.00198726,0.00013833,0,0,-0.306264,0.0131657,-0.326105,0.101813,0.349432,0.0141793,0.0109731,0,0,2.77556e-11,0.0958042,0.00132663,2,0.00445117,-0.0785122,0.00205484,0,0,0.113962,-0.32402,-0.0145877,0.282214,0.0597465,0.525982,-0.0881043,0,0,6.93889e-12,-0.00575438,0.000945396,-0.230836,-0.00141623,0.00334705,8.18961e-05,0,0,-0.0117817,-0.000578455,-0.00676803,-0.0130339,0.0369341,-0.0100058,0.0687619,0,0,0,0,0,0,0,0,1.19262e-12,0,0,-3.63208e-12,0,0,0,0,0,3.63208e-12,0.869967,7.53141e-10,0,0,0,0,0,0,0,0,0,0,3.60497e-12,0,0,-7.20317e-12,0,0,7.54056e-10,0.869967,
-5.20417e-12,0.00723277,-0.0108912,-0.013252,0.00171542,0.000613855,-2.63593e-05,0,0,0.308171,-0.00422803,0.264739,-0.00064158,-0.0351617,-0.000495705,-0.000460115,0,0,2.08167e-11,0.0612703,-0.00497896,-0.575018,0.0044299,-0.0009922,1.69901e-05,0,0,-0.019046,0.616214,0.0032062,-0.0345006,-0.00836251,-0.0436444,0.010304,0,0,6.93889e-12,-0.00396089,0.0169748,-0.0354109,-0.000812972,0.000444957,-6.21694e-06,0,0,0.264166,0.000892094,0.301977,-0.00179752,-0.0325236,-9.95445e-05,-0.000232765,0,0,0,0.0252472,-0.00342505,-2,0.000832624,-0.00868555,0.000201726,0,0,-0.0858844,-0.0307437,0.0120966,0.794502,-0.0474744,-0.0403429,0.0586542,0,2.77556e-11,0,0.0517506,-0.0149697,1.78895,0.0232337,0.00075062,-0.000146427,1.38778e-11,0,-0.305522,0.0129977,-0.325556,0.101777,0.349218,0.0141257,0.0109983,0,0,2.77556e-11,0.0956129,6.32304e-05,2,0.00366755,-0.0717841,0.00228986,0,0,0.113535,-0.323942,-0.0146953,0.282156,0.0598009,0.526034,-0.0881186,0,-2.77556e-11,0,-0.00574757,0.000974127,-0.230153,-0.00107241,0.00295884,0.000100464,-6.93889e-12,0,-0.0117602,-0.000583828,-0.0067444,-0.0130228,0.0369432,-0.010002,0.0687579,0,0,0,0,0,1.19262e-12,0,0,0,-5.64327e-11,0,-7.80626e-12,0,3.90313e-12,7.80626e-12,0,-3.90313e-12,0,0.86998,7.21916e-10,0,0,0,2.3988e-12,0,0,0,5.76118e-11,0,-3.5982e-12,0,0,3.5982e-12,0,-3.5982e-12,0,7.24647e-10,0.86998,
3.46945e-12,0.0070352,-0.00979795,-0.0121219,0.00263443,0.000315183,-2.20247e-05,0,0,0.30869,-0.00425534,0.265214,-0.000623806,-0.0350804,-0.000507869,-0.000465944,0,0,-2.08167e-11,0.0612901,-0.00470731,-0.583008,0.0038809,-0.00107064,5.24208e-06,0,0,-0.019072,0.616585,0.00318588,-0.0344878,-0.00838674,-0.043642,0.0103189,0,0,-3.46945e-12,-0.00381943,0.0172466,-0.0345059,-0.00013458,0.000204029,2.18228e-06,0,0,0.264677,0.000878122,0.302542,-0.00178188,-0.0324641,-0.000107848,-0.000234794,0,0,0,0.025206,-0.00278846,-2,-0.000360218,-0.00993374,0.000163296,0,0,-0.0857054,-0.0307418,0.0120678,0.79459,-0.047506,-0.0403707,0.0586438,0,2.77556e-11,1.38778e-11,0.0517585,-0.0118628,1.78908,0.0182247,0.0021455,-0.000207299,0,0,-0.304811,0.0128738,-0.324991,0.101704,0.348964,0.0140821,0.0110233,0,-1.38778e-11,-5.55112e-11,0.0957185,-0.000510659,2,0.00434418,-0.0691744,0.00230533,0,0,0.113112,-0.323837,-0.0148167,0.282116,0.0598368,0.526091,-0.0881292,2.77556e-11,-2.77556e-11,-6.93889e-12,-0.00575019,0.000991709,-0.229704,-0.000861806,0.00264005,9.2838e-05,0,0,-0.0117395,-0.00058953,-0.00672066,-0.0130077,0.0369542,-0.0100021,0.0687538,0,6.93889e-12,0,0,2.38524e-12,0,-2.38524e-12,0,0,0,0,-5.96311e-13,0,0,5.96311e-13,-4.17418e-12,0,-5.96311e-13,0.869994,7.00015e-10,0,0,1.1994e-12,0,-1.1994e-12,0,0,0,0,-3.5982e-12,0,0,3.5982e-12,-3.5982e-12,0,-3.5982e-12,6.89539e-10,0.869994,
-5.20417e-12,0.00683117,-0.00895051,-0.011562,0.00294981,0.0002071,-1.89016e-05,0,0,0.30921,-0.00428389,0.265676,-0.00060094,-0.0349937,-0.000523028,-0.000471849,0,0,-6.93889e-12,0.0612998,-0.00449211,-0.58873,0.00348278,-0.00126489,2.63724e-06,0,0,-0.0191018,0.61696,0.00316693,-0.0345089,-0.00841169,-0.043638,0.0103332,0,0,6.93889e-12,-0.00373728,0.0173203,-0.034114,0.000155596,0.000113133,2.42396e-06,0,0,0.265166,0.000864573,0.30311,-0.00176312,-0.0324013,-0.000118237,-0.000236806,0,0,0,0.0251307,-0.00243051,-2,-0.00124901,-0.0107138,0.000134669,0,0,-0.0855426,-0.0307338,0.0120465,0.794674,-0.0475373,-0.0403969,0.0586318,0,0,1.38778e-11,0.0516795,-0.0100268,1.78836,0.0139762,0.00292956,-0.000182586,0,0,-0.304143,0.0127749,-0.324447,0.101615,0.348701,0.0140403,0.011049,0,0,2.77556e-11,0.0958562,-0.000811403,2,0.00516318,-0.0684277,0.0022436,0,0,0.112702,-0.323728,-0.0149488,0.282088,0.0598629,0.526145,-0.0881358,0,0,0,-0.00575301,0.00100458,-0.22932,-0.000708824,0.00240294,8.03373e-05,0,0,-0.0117176,-0.000596786,-0.00669499,-0.0129902,0.0369651,-0.0100032,0.0687497,0,0,0,-1.19262e-12,-1.19262e-12,0,-1.19262e-12,-1.19262e-12,0,0,0,0,0,0,0,0,0,0,0.870009,6.56864e-10,0,1.1994e-12,1.1994e-12,0,1.1994e-12,1.1994e-12,0,0,0,0,0,0,0,0,0,0,6.74536e-10,0.870009,
-1.73472e-12,0.006671,-0.00828865,-0.0111528,0.00297974,0.000146717,-1.53568e-05,0,0,0.309729,-0.00431299,0.266128,-0.000576699,-0.034908,-0.000539355,-0.000477728,0,0,-6.93889e-12,0.0613124,-0.00433964,-0.593092,0.0032028,-0.00147246,4.41684e-06,0,0,-0.019134,0.617336,0.00315001,-0.0345534,-0.00843666,-0.0436343,0.0103468,0,0,3.46945e-12,-0.00368663,0.0173236,-0.0338524,0.000245988,6.22339e-05,3.54855e-07,0,0,0.265638,0.000851183,0.303676,-0.00174409,-0.0323394,-0.000129393,-0.000238844,0,0,0,0.0250714,-0.00220753,-2,-0.00186696,-0.0111532,0.000116092,0,0,-0.0853974,-0.0307225,0.0120332,0.794752,-0.0475668,-0.0404215,0.0586184,0,0,-1.38778e-11,0.0515896,-0.00884764,1.78724,0.0105106,0.00343524,-0.000129998,0,0,-0.303525,0.0126922,-0.323938,0.101516,0.348443,0.0139987,0.0110762,0,0,-5.55112e-11,0.0959643,-0.000996752,2,0.00579716,-0.0684575,0.00215965,0,0,0.112309,-0.323622,-0.0150915,0.282068,0.0598817,0.526196,-0.0881385,0,0,0,-0.0057541,0.0010149,-0.228964,-0.000595651,0.00223344,6.74278e-05,0,0,-0.0116941,-0.000605603,-0.00666708,-0.0129711,0.0369752,-0.0100044,0.0687456,0,0,0,0,0,0,0,0,0,0,0,0,0,0,0,0,0,0,0.870024,6.39083e-10,0,-1.1994e-12,0,-1.1994e-12,1.1994e-12,0,1.1994e-12,0,0,0,0,0,0,0,0,0,6.17223e-10,0.870024,
-3.46945e-12,0.00655318,-0.00777576,-0.0107956,0.00288119,9.8082e-05,-1.15216e-05,0,0,0.31024,-0.00434229,0.266567,-0.000552174,-0.034826,-0.000556371,-0.000483542,0,0,-1.38778e-11,0.0613293,-0.00423176,-0.59654,0.0030126,-0.00165402,8.05105e-06,0,0,-0.0191681,0.617708,0.00313505,-0.0346144,-0.00846111,-0.0436316,0.0103596,0,0,3.46945e-12,-0.00365574,0.0173137,-0.0336349,0.000235669,2.2302e-05,-2.04786e-06,0,0,0.266091,0.000837932,0.304234,-0.00172554,-0.0322804,-0.000140982,-0.000240921,0,0,0,0.0250322,-0.00205572,-2,-0.00226256,-0.0113495,0.00010524,0,0,-0.08527,-0.0307094,0.0120275,0.794824,-0.047594,-0.0404447,0.0586036,0,0,1.38778e-11,0.0515041,-0.00802918,1.7859,0.00785175,0.00379039,-7.33877e-05,0,0,-0.302954,0.0126218,-0.323469,0.101412,0.348195,0.0139571,0.0111051,0,0,-2.77556e-11,0.0960398,-0.00112724,2,0.00621291,-0.0687389,0.00207616,0,0,0.111936,-0.323521,-0.015244,0.282054,0.0598944,0.526243,-0.0881375,0,0,0,-0.00575358,0.0010235,-0.228627,-0.000517585,0.00211669,5.5229e-05,0,0,-0.0116694,-0.000615685,-0.00663741,-0.0129507,0.0369843,-0.0100052,0.0687415,0,0,0,0,0,-1.19262e-12,0,1.19262e-12,1.19262e-12,0,0,0,0,0,0,0,0,0,0.870039,5.74356e-10,0,0,0,0,0,0,-1.20617e-12,0,0,0,0,0,0,0,0,0,5.95918e-10,0.870039,
1.73472e-12,0.00646871,-0.00738671,-0.0104655,0.00273285,5.43364e-05,-7.75357e-06,0,0,0.310738,-0.00437159,0.266988,-0.000527827,-0.0347491,-0.000573917,-0.000489279,0,0,-1.38778e-11,0.0613494,-0.00415334,-0.599312,0.00289022,-0.00179682,1.22235e-05,0,0,-0.0192036,0.618072,0.00312185,-0.0346869,-0.00848467,-0.04363,0.0103714,0,0,-3.46945e-12,-0.00363861,0.0173141,-0.0334404,0.000177288,-1.28957e-05,-4.13502e-06,0,0,0.266523,0.000824847,0.304778,-0.00170773,-0.032225,-0.000152907,-0.000243037,0,0,0,0.0250083,-0.00194538,-2,-0.00248269,-0.0113747,9.98746e-05,0,0,-0.0851597,-0.0306953,0.0120286,0.794889,-0.047619,-0.0404667,0.0585875,0,0,0,0.0514254,-0.0074269,1.78444,0.00595711,0.00404581,-2.24179e-05,0,0,-0.302429,0.0125617,-0.323039,0.101304,0.347959,0.0139157,0.0111356,0,0,-2.77556e-11,0.0960904,-0.00122746,2,0.00644319,-0.069034,0.00200231,0,0,0.111584,-0.323424,-0.0154045,0.282045,0.0599021,0.526286,-0.0881333,0,0,0,-0.00575192,0.00103078,-0.228307,-0.000470599,0.00204087,4.41458e-05,0,0,-0.0116444,-0.000626698,-0.00660678,-0.0129296,0.0369923,-0.0100056,0.0687373,0,0,0,-1.24683e-12,0,0,0,0,0,-1.15196e-10,0,0,0,0,0,0,0,0,0.870055,5.38306e-10,0,-1.1994e-12,0,0,0,0,0,0,0,0,0,0,0,0,0,0,5.31408e-10,0.870055,
0,0.00640996,-0.00710202,-0.0101528,0.00257403,1.52813e-05,-4.30826e-06,0,0,0.311217,-0.00440073,0.267388,-0.000503942,-0.0346774,-0.000591894,-0.000494944,0,0,0,0.0613718,-0.00409504,-0.601549,0.00281916,-0.00189957,1.62799e-05,0,0,-0.0192402,0.618423,0.00311017,-0.0347668,-0.00850711,-0.0436293,0.0103823,0,0,6.93889e-12,-0.00363155,0.0173333,-0.0332603,9.8902e-05,-4.40199e-05,-5.73033e-06,0,0,0.266929,0.000811958,0.305303,-0.00169079,-0.0321735,-0.000165115,-0.000245183,0,0,2.77556e-11,0.0249952,-0.00186204,-2,-0.00256766,-0.0112817,9.83321e-05,0,0,-0.0850652,-0.0306807,0.0120355,0.794949,-0.0476421,-0.0404878,0.05857,0,0,-1.38778e-11,0.0513533,-0.00696814,1.78292,0.00473881,0.00422495,1.94705e-05,0,0,-0.301945,0.0125104,-0.322644,0.101194,0.347734,0.0138749,0.0111674,0,0,-5.55112e-11,0.0961236,-0.00130802,2,0.00652828,-0.0692474,0.00194123,0,0,0.111252,-0.32333,-0.0155715,0.28204,0.0599058,0.526326,-0.0881263,0,0,0,-0.00574949,0.00103696,-0.228003,-0.000449808,0.00199689,3.4389e-05,0,0,-0.0116199,-0.000638339,-0.00657599,-0.0129082,0.0369994,-0.0100056,0.0687332,0,0,0,0,0,0,0,-1.19262e-12,0,0,0,0,0,0,0,0,0,0,0.870071,5.16677e-10,0,0,0,1.1994e-12,0,-1.20617e-12,0,-1.1994e-12,0,0,0,0,0,0,0,0,5.31408e-10,0.870071,
0,0.00637135,-0.00690519,-0.00985167,0.00242374,-1.84285e-05,-1.31728e-06,0,0,0.311676,-0.0044296,0.267763,-0.00048072,-0.0346108,-0.000610206,-0.000500545,0,0,-2.77556e-11,0.0613957,-0.00405149,-0.603346,0.00278691,-0.00196582,1.99214e-05,0,0,-0.0192774,0.618759,0.00309979,-0.034851,-0.00852828,-0.0436292,0.0103921,0,0,0,-0.00363198,0.0173721,-0.0330889,1.5364e-05,-7.08096e-05,-6.83007e-06,0,0,0.267308,0.000799286,0.305804,-0.00167483,-0.0321257,-0.000177556,-0.000247354,0,0,0,0.0249896,-0.00179819,-2,-0.00255068,-0.011109,9.944e-05,0,0,-0.0849853,-0.0306659,0.0120471,0.795004,-0.0476635,-0.0405082,0.0585513,0,0,1.38778e-11,0.0512879,-0.00661411,1.78136,0.00409049,0.00434184,5.16458e-05,0,0,-0.301497,0.012467,-0.322282,0.101083,0.347521,0.0138348,0.0112002,0,0,-2.77556e-11,0.0961449,-0.00137392,2,0.00650342,-0.0693524,0.00189327,0,0,0.11094,-0.323238,-0.015743,0.282039,0.0599065,0.526365,-0.0881172,0,0,0,-0.00574653,0.00104221,-0.227712,-0.000450047,0.00197763,2.60642e-05,0,0,-0.0115967,-0.000650351,-0.00654581,-0.0128867,0.0370055,-0.0100053,0.068729,0,0,0,0,0,0,0,0,0,0,0,0,0,0,0,0,0,0,0.870087,4.88216e-10,0,0,0,0,0,0,0,0,0,0,0,0,0,0,0,0,4.66295e-10,0.870087,
-1.73472e-12,0.00634874,-0.00678172,-0.00955791,0.00229038,-4.65006e-05,1.17562e-06,0,0,0.31211,-0.00445809,0.268111,-0.0004583,-0.034549,-0.000628758,-0.000506092,0,0,0,0.0614205,-0.00401945,-0.604776,0.00278383,-0.00200088,2.30367e-05,0,0,-0.019315,0.619077,0.00309053,-0.034937,-0.0085481,-0.0436295,0.0104009,0,0,3.46945e-12,-0.00363802,0.0174285,-0.0329221,-6.56448e-05,-9.31523e-05,-7.49171e-06,0,0,0.267659,0.000786849,0.306279,-0.00165989,-0.0320813,-0.000190177,-0.00024954,0,0,1.38778e-11,0.0249891,-0.0017495,-2,-0.0024586,-0.0108852,0.000102372,0,0,-0.0849183,-0.0306511,0.0120623,0.795055,-0.0476834,-0.0405278,0.0585315,0,0,-1.38778e-11,0.0512288,-0.00634198,1.7798,0.00390484,0.00440721,7.47312e-05,0,0,-0.301081,0.0124307,-0.321946,0.100972,0.347317,0.0137955,0.0112339,0,0,8.32667e-11,0.0961582,-0.0014279,2,0.00639736,-0.0693529,0.0018575,0,0,0.110648,-0.323146,-0.0159175,0.282041,0.059905,0.526404,-0.0881063,0,0,6.93889e-12,-0.00574322,0.00104666,-0.227432,-0.000466448,0.00197737,1.91901e-05,0,0,-0.0115754,-0.000662524,-0.00651682,-0.0128652,0.0370109,-0.0100047,0.0687248,0,0,0,0,-1.19262e-12,0,0,0,0,0,0,0,0,0,0,0,0,0,0.870103,4.44686e-10,0,0,0,0,0,0,0,0,0,-2.98156e-13,-2.98156e-13,2.98156e-13,-2.98156e-13,2.98156e-13,2.98156e-13,2.98156e-13,4.44686e-10,0.870103,
0,0.00633892,-0.00671867,-0.00926888,0.0021768,-6.90835e-05,3.17995e-06,0,0,0.312518,-0.00448614,0.268432,-0.000436766,-0.0344916,-0.000647457,-0.000511594,0,0,-1.38778e-11,0.0614458,-0.00399679,-0.605896,0.0028024,-0.00201041,2.56116e-05,0,0,-0.0193527,0.619375,0.0030822,-0.0350228,-0.00856655,-0.0436299,0.0104086,0,0,3.46945e-12,-0.00364822,0.0174994,-0.0327573,-0.000140384,-0.000111217,-7.78986e-06,0,0,0.267979,0.000774661,0.306725,-0.00164598,-0.0320401,-0.000202923,-0.000251735,0,0,0,0.0249923,-0.00171313,-2,-0.00231286,-0.0106309,0.000106532,0,0,-0.0848628,-0.0306363,0.0120804,0.795103,-0.047702,-0.0405471,0.0585107,0,0,1.38778e-11,0.0511758,-0.00613645,1.77823,0.00408274,0.00443041,8.98621e-05,0,0,-0.300693,0.0124007,-0.321635,0.100862,0.347122,0.0137571,0.011268,0,0,0,0.0961663,-0.0014718,2,0.00623317,-0.0692655,0.00183242,0,0,0.110374,-0.323053,-0.0160934,0.282047,0.0599021,0.526443,-0.0880941,0,0,0,-0.00573967,0.00105043,-0.227162,-0.00049474,0.00199144,1.37144e-05,0,0,-0.0115564,-0.00067469,-0.00648949,-0.0128441,0.0370155,-0.010004,0.0687206,0,0,0,0,1.19262e-12,0,0,0,0,0,0,0,0,0,0,0,0,0,0.870119,4.16496e-10,0,0,1.1994e-12,1.1994e-12,0,0,1.1994e-12,0,0,0,0,0,0,0,0,0,4.23388e-10,0.870119,
1.73472e-12,0.00633927,-0.00670459,-0.0089832,0.00208297,-8.66214e-05,4.73431e-06,0,0,0.3129,-0.0045137,0.268724,-0.000416158,-0.0344381,-0.000666217,-0.000517059,0,0,0,0.0614714,-0.0039819,-0.606757,0.00283667,-0.00199977,2.76801e-05,0,0,-0.0193902,0.619653,0.00307463,-0.035107,-0.00858362,-0.0436303,0.0104154,0,0,-6.93889e-12,-0.00366146,0.0175815,-0.0325934,-0.000207293,-0.000125375,-7.79863e-06,0,0,0.268271,0.000762731,0.307143,-0.00163309,-0.0320017,-0.000215743,-0.000253932,0,0,2.77556e-11,0.024998,-0.001687,-2,-0.00213043,-0.0103615,0.000111488,0,0,-0.0848175,-0.0306218,0.0121005,0.795148,-0.0477196,-0.0405659,0.0584891,0,0,0,0.0511282,-0.00598602,1.77666,0.00453715,0.00441992,9.83209e-05,0,0,-0.300329,0.0123764,-0.321344,0.100753,0.346935,0.0137197,0.0113024,0,0,5.55112e-11,0.096171,-0.00150703,2,0.00602924,-0.0691099,0.00181641,0,0,0.110117,-0.322959,-0.0162696,0.282056,0.0598985,0.526482,-0.088081,0,0,0,-0.00573596,0.0010536,-0.226901,-0.000531345,0.00201604,9.53287e-06,0,0,-0.01154,-0.000686713,-0.00646414,-0.0128233,0.0370196,-0.0100032,0.0687164,0,0,0,1.19262e-12,0,0,0,0,0,0,0,0,0,0,0,0,0,0,0.870134,3.80501e-10,0,-1.1994e-12,0,0,0,0,0,0,0,0,0,0,0,0,0,0,3.95178e-10,0.870134,
-1.73472e-12,0.00634758,-0.0067294,-0.00870037,0.00200746,-9.97098e-05,5.89106e-06,0,0,0.313256,-0.00454075,0.268988,-0.000396481,-0.0343882,-0.000684965,-0.000522493,0,0,0,0.0614971,-0.00397349,-0.607402,0.00288196,-0.00197371,2.92972e-05,0,0,-0.0194275,0.619911,0.0030677,-0.0351883,-0.00859935,-0.0436305,0.0104212,0,0,-3.46945e-12,-0.00367686,0.0176717,-0.03243,-0.000266009,-0.000136105,-7.5847e-06,0,0,0.268533,0.000751066,0.307532,-0.00162117,-0.0319658,-0.000228591,-0.000256126,0,0,-1.38778e-11,0.0250056,-0.0016694,-2,-0.0019246,-0.010088,0.000116915,0,0,-0.0847811,-0.0306076,0.012122,0.795191,-0.0477363,-0.0405844,0.0584667,0,0,1.38778e-11,0.0510856,-0.00588126,1.77511,0.00519414,0.00438331,0.000101361,0,0,-0.299987,0.0123571,-0.32107,0.100646,0.346756,0.0136834,0.0113369,0,0,-2.77556e-11,0.0961739,-0.00153487,2,0.00580007,-0.068905,0.00180786,0,0,0.109876,-0.322863,-0.0164453,0.282068,0.0598946,0.526523,-0.0880671,0,0,0,-0.00573214,0.00105626,-0.226647,-0.00057336,0.00204808,6.50815e-06,0,0,-0.0115263,-0.000698493,-0.00644098,-0.012803,0.0370232,-0.0100023,0.0687122,0,0,0,0,0,1.19262e-12,0,1.19262e-12,0,-5.64327e-11,0,0,0,0,0,0,0,0,0.87015,3.73291e-10,0,0,0,1.1994e-12,0,1.1994e-12,0,0,0,0,0,0,0,0,0,0,3.58871e-10,0.87015,
-1.73472e-12,0.00636199,-0.00678438,-0.00842046,0.0019482,-0.000108995,6.70704e-06,0,0,0.313586,-0.00456727,0.269225,-0.000377719,-0.0343413,-0.000703638,-0.000527902,0,0,0,0.0615226,-0.00397044,-0.607871,0.00293455,-0.00193629,3.05253e-05,0,0,-0.0194644,0.620149,0.00306128,-0.035266,-0.00861379,-0.0436303,0.0104262,0,0,0,-0.00369374,0.0177674,-0.0322676,-0.000316816,-0.00014392,-7.20518e-06,0,0,0.268767,0.000739671,0.307892,-0.00161018,-0.031932,-0.000241426,-0.000258312,0,0,-1.38778e-11,0.0250143,-0.00165886,-2,-0.00170566,-0.00981802,0.000122575,0,0,-0.0847524,-0.0305937,0.0121445,0.795232,-0.0477523,-0.0406026,0.0584437,-1.38778e-11,1.38778e-11,1.38778e-11,0.0510473,-0.00581412,1.77357,0.00599241,0.00432723,0.000100123,0,0,-0.299664,0.0123424,-0.320811,0.100541,0.346583,0.013648,0.0113713,0,0,0,0.096176,-0.00155645,2,0.00555702,-0.0686676,0.00180531,0,0,0.10965,-0.322765,-0.0166196,0.282083,0.0598907,0.526565,-0.0880528,0,0,0,-0.00572827,0.0010585,-0.2264,-0.000618487,0.00208508,4.48644e-06,0,0,-0.0115154,-0.000709951,-0.00642011,-0.0127833,0.0370263,-0.0100014,0.068708,0,0,0,0,0,0,0,0,0,0,0,0,0,0,0,0,2.71051e-13,0,0.870165,3.30085e-10,0,0,0,0,0,0,0,-1.14024e-10,0,0,0,0,0,0,0,0,3.30363e-10,0.870165,
-1.73472e-12,0.00638093,-0.00686209,-0.00814385,0.00190294,-0.000115102,7.23793e-06,0,0,0.313891,-0.00459324,0.269435,-0.000359835,-0.0342972,-0.000722182,-0.000533289,0,0,1.38778e-11,0.0615479,-0.00397176,-0.608195,0.00299155,-0.00189094,3.14261e-05,0,0,-0.0195008,0.620368,0.00305527,-0.0353395,-0.008627,-0.0436297,0.0104303,0,0,3.46945e-12,-0.00371155,0.0178663,-0.0321068,-0.000360329,-0.000149311,-6.70789e-06,0,0,0.268974,0.000728544,0.308224,-0.00160004,-0.0319002,-0.000254214,-0.000260488,0,0,0,0.0250238,-0.00165413,-2,-0.00148149,-0.00955712,0.000128291,0,0,-0.0847306,-0.0305802,0.0121674,0.795271,-0.0477676,-0.0406206,0.0584202,0,0,1.38778e-11,0.0510127,-0.00577758,1.77204,0.00688216,0.00425732,9.56094e-05,0,0,-0.299356,0.0123315,-0.320565,0.100438,0.346416,0.0136136,0.0114054,0,0,0,0.096178,-0.00157278,2,0.00530882,-0.0684113,0.00180744,0,0,0.109437,-0.322665,-0.016792,0.282099,0.0598871,0.526608,-0.0880381,0,0,0,-0.00572438,0.00106039,-0.226158,-0.000664947,0.00212504,3.3105e-06,0,0,-0.0115073,-0.000721033,-0.00640158,-0.0127642,0.037029,-0.0100004,0.0687039,0,6.93889e-12,0,0,0,0,0,0,0,0,0,0,0,0,0,0,0,0,0.87018,2.87151e-10,0,0,0,0,-1.1994e-12,-1.1994e-12,-1.1994e-12,0,0,0,0,0,0,0,0,0,3.09065e-10,0.87018,
0,0.0064031,-0.00695625,-0.00787104,0.00186946,-0.000118625,7.53616e-06,0,0,0.314171,-0.00461869,0.26962,-0.000342784,-0.0342556,-0.000740558,-0.000538656,0,0,-1.38778e-11,0.0615729,-0.00397657,-0.608403,0.00305069,-0.00184041,3.20569e-05,0,0,-0.0195366,0.620568,0.00304959,-0.0354084,-0.00863905,-0.0436287,0.0104336,0,0,0,-0.00372987,0.0179667,-0.0319484,-0.000397304,-0.000152747,-6.1311e-06,0,0,0.269156,0.000717686,0.30853,-0.0015907,-0.0318701,-0.000266926,-0.000262649,0,0,0,0.0250337,-0.00165407,-2,-0.00125799,-0.00930886,0.000133932,0,0,-0.0847147,-0.0305672,0.0121906,0.79531,-0.0477823,-0.0406384,0.0583961,0,0,0,0.0509811,-0.00576558,1.77054,0.00782361,0.00417833,8.86682e-05,0,0,-0.299063,0.0123242,-0.32033,0.100338,0.346254,0.01358,0.0114393,0,0,-2.77556e-11,0.0961805,-0.00158481,2,0.00506206,-0.068147,0.00181314,0,0,0.109237,-0.322562,-0.0169621,0.282118,0.0598841,0.526653,-0.0880232,0,0,0,-0.00572049,0.00106198,-0.225923,-0.000711395,0.0021664,2.8273e-06,0,0,-0.011502,-0.000731702,-0.00638537,-0.0127457,0.0370315,-0.00999955,0.0686998,0,0,0,0,0,0,0,0,0,1.15196e-10,0,0,0,0,0,0,0,0,0.870194,2.66172e-10,0,0,0,0,0,0,0,-1.1994e-12,0,0,2.98156e-13,0,0,0,-2.98156e-13,0,2.94361e-10,0.870194,
-1.73472e-12,0.0064274,-0.00706168,-0.00760256,0.00184573,-0.000120093,7.64855e-06,0,0,0.31443,-0.0046436,0.269782,-0.000326512,-0.0342161,-0.000758733,-0.000544004,0,0,0,0.0615974,-0.00398414,-0.608519,0.00311025,-0.00178693,3.24689e-05,0,0,-0.0195718,0.62075,0.00304418,-0.0354726,-0.00865001,-0.0436271,0.0104363,0,0,1.04083e-11,-0.00374837,0.018067,-0.0317931,-0.000428537,-0.000154639,-5.50555e-06,0,0,0.269314,0.000707091,0.30881,-0.00158209,-0.0318415,-0.00027954,-0.000264794,0,0,0,0.0250437,-0.00165774,-2,-0.00103954,-0.00907551,0.000139406,0,0,-0.084704,-0.0305545,0.0122136,0.795347,-0.0477965,-0.0406559,0.0583717,0,0,0,0.0509521,-0.00577288,1.76906,0.00878563,0.00409414,8.00064e-05,0,0,-0.298783,0.0123198,-0.320105,0.10024,0.346097,0.0135474,0.0114727,0,0,-2.77556e-11,0.0961839,-0.00159334,2,0.00482162,-0.0678831,0.00182146,0,0,0.109049,-0.322458,-0.0171297,0.282139,0.0598817,0.526699,-0.0880082,0,0,0,-0.00571662,0.00106334,-0.225692,-0.000756839,0.00220797,2.89458e-06,0,0,-0.0114993,-0.000741934,-0.0063714,-0.0127279,0.0370336,-0.00999872,0.0686957,0,0,0,0,0,0,0,0,0,0,0,0,0,0,0,0,0,0,0.870208,2.51752e-10,0,0,0,0,0,0,0,0,0,0,0,0,0,0,0,0,2.51149e-10,0.870208,
1.73472e-12,0.00645297,-0.00717411,-0.00733885,0.00182992,-0.00011996,7.61601e-06,0,0,0.314667,-0.00466801,0.269921,-0.000310963,-0.0341786,-0.000776684,-0.000549333,0,0,-2.77556e-11,0.0616215,-0.0039938,-0.608563,0.00316892,-0.00173226,3.27067e-05,0,0,-0.0196065,0.620915,0.00303897,-0.035532,-0.00865997,-0.043625,0.0104382,0,0,-3.46945e-12,-0.00376681,0.0181662,-0.0316417,-0.000454804,-0.000155341,-4.85545e-06,0,0,0.269451,0.000696754,0.309067,-0.00157413,-0.0318143,-0.000292036,-0.000266921,0,0,0,0.0250535,-0.00166428,-2,-0.000829217,-0.00885829,0.000144648,0,0,-0.0846978,-0.0305423,0.0122364,0.795384,-0.0478103,-0.0406734,0.058347,0,0,0,0.0509252,-0.005795,1.7676,0.00974431,0.00400782,7.02033e-05,0,0,-0.298514,0.012318,-0.319888,0.100144,0.345945,0.0135156,0.0115056,0,0,-2.77556e-11,0.0961884,-0.00159908,2,0.00459096,-0.0676258,0.00183162,0,0,0.10887,-0.322351,-0.0172944,0.282162,0.05988,0.526747,-0.0879932,0,0,0,-0.00571279,0.00106451,-0.225465,-0.000800572,0.00224883,3.38461e-06,0,0,-0.011499,-0.000751718,-0.00635957,-0.0127107,0.0370355,-0.00999795,0.0686917,0,0,0,0,0,0,0,0,0,0,0,0,0,0,0,3.25261e-13,0,0,0.870348,8.21017e-06,0,0,1.20617e-12,0,-1.20617e-12,0,1.20617e-12,0,0,0,0,0,0,0,0,0,8.21019e-06,0.870401,
-3.46945e-12,0.00647909,-0.00729014,-0.00708026,0.00182043,-0.000118611,7.47354e-06,0,0,0.314884,-0.00469193,0.270041,-0.000296081,-0.0341428,-0.000794395,-0.000554642,0,0,1.38778e-11,0.0616451,-0.004005,-0.608553,0.00322575,-0.00167776,3.28083e-05,0,0,-0.0196405,0.621064,0.00303393,-0.0355867,-0.00866898,-0.0436224,0.0104396,0,0,6.93889e-12,-0.003785,0.0182635,-0.0314946,-0.000476828,-0.000155154,-4.19948e-06,0,0,0.269567,0.000686668,0.309303,-0.00156677,-0.0317883,-0.000304402,-0.000269028,0,0,0,0.0250632,-0.00167301,-2,-0.000629163,-0.0086577,0.000149615,0,0,-0.0846956,-0.0305305,0.0122588,0.795419,-0.0478237,-0.0406906,0.058322,0,0,1.38778e-11,0.0508999,-0.0058282,1.76616,0.0106817,0.00392176,5.97253e-05,0,0,-0.298254,0.0123185,-0.319679,0.100051,0.345796,0.0134846,0.0115381,0,0,-2.77556e-11,0.0961941,-0.00160265,2,0.00437244,-0.0673796,0.00184297,0,0,0.108702,-0.322243,-0.0174564,0.282186,0.059879,0.526796,-0.0879782,0,0,0,-0.00570901,0.00106555,-0.225244,-0.000842112,0.00228833,4.18585e-06,0,0,-0.0115011,-0.000761051,-0.00634977,-0.0126941,0.0370372,-0.00999725,0.0686878,0,0,0,0,0,0,0,0,0,0,0,-3.25261e-13,5.96311e-13,0,0,0,0,5.96311e-13,0.871285,2.29016e-05,0,0,-1.20617e-12,-1.20617e-12,0,1.20617e-12,-1.20617e-12,0,0,0,-3.04932e-13,0,0,0,0,-3.04932e-13,2.29016e-05,0.871432,
0,0.0065052,-0.00740706,-0.00682703,0.0018159,-0.000116368,7.25054e-06,0,0,0.315083,-0.00471537,0.270141,-0.000281807,-0.0341085,-0.000811853,-0.000559932,0,0,-1.38778e-11,0.0616682,-0.00401728,-0.608502,0.00328006,-0.00162443,3.28059e-05,0,0,-0.019674,0.621199,0.00302901,-0.0356369,-0.00867714,-0.0436193,0.0104404,0,0,-3.46945e-12,-0.0038028,0.0183584,-0.0313523,-0.000495264,-0.000154323,-3.55189e-06,0,0,0.269664,0.000676825,0.309518,-0.00155994,-0.0317633,-0.000316627,-0.000271115,0,0,6.93889e-12,0.0250724,-0.00168331,-2,-0.000440723,-0.0084737,0.000154282,0,0,-0.0846968,-0.0305192,0.0122808,0.795455,-0.0478368,-0.0407076,0.0582969,0,0,1.38778e-11,0.0508759,-0.00586935,1.76474,0.0115849,0.00383775,4.89424e-05,0,0,-0.298004,0.012321,-0.319476,0.0999597,0.345652,0.0134543,0.01157,0,0,-2.77556e-11,0.0962012,-0.00160455,2,0.00416754,-0.0671474,0.00185499,0,0,0.108542,-0.322134,-0.0176154,0.282211,0.0598788,0.526846,-0.0879632,0,0,0,-0.00570529,0.00106647,-0.225026,-0.000881156,0.00232599,5.20321e-06,0,0,-0.0115053,-0.000769938,-0.00634186,-0.0126781,0.0370387,-0.00999663,0.0686838,0,0,0,0,0,0,0,0,0,0,0,0,-2.38524e-12,0,0,0,0,0,0.873043,3.51272e-05,0,0,0,0,0,0,0,0,0,0,0,0,0,0,0,0,3.51272e-05,0.873269,
1.73472e-12,0.00653089,-0.0075228,-0.00657926,0.00181518,-0.000113498,6.97149e-06,0,0,0.315266,-0.00473836,0.270225,-0.000268088,-0.0340756,-0.000829054,-0.000565201,0,0,0,0.0616908,-0.00403026,-0.608423,0.0033314,-0.00157302,3.27259e-05,0,0,-0.0197068,0.621321,0.0030242,-0.0356826,-0.00868451,-0.0436158,0.0104408,0,0,-6.93889e-12,-0.00382012,0.0184503,-0.0312151,-0.000510691,-0.000153054,-2.92297e-06,0,0,0.269745,0.000667216,0.309714,-0.00155358,-0.0317393,-0.000328704,-0.000273181,0,0,6.93889e-12,0.0250812,-0.00169471,-2,-0.000264655,-0.00830587,0.000158636,0,0,-0.0847011,-0.0305083,0.0123022,0.795489,-0.0478495,-0.0407245,0.0582716,0,0,-1.38778e-11,0.0508528,-0.00591589,1.76335,0.0124449,0.00375712,3.81409e-05,0,0,-0.297762,0.012325,-0.319279,0.0998711,0.345511,0.0134246,0.0116014,0,1.38778e-11,0,0.0962096,-0.00160521,2,0.00397706,-0.0669312,0.00186729,0,0,0.10839,-0.322023,-0.0177716,0.282238,0.0598793,0.526898,-0.0879483,0,0,0,-0.00570164,0.00106733,-0.224813,-0.000917536,0.0023615,6.35709e-06,0,0,-0.0115114,-0.000778387,-0.00633568,-0.0126628,0.0370401,-0.00999608,0.06868,0,0,0,0,0,0,0,0,0,0,0,0,0,0,0,0,0,0,0.875489,4.46244e-05,0,0,0,0,0,0,0,0,0,0,0,0,0,0,0,0,4.46244e-05,0.875775,
5.20417e-12,0.00655584,-0.00763577,-0.006337,0.00181731,-0.000110216,6.65627e-06,0,0,0.315433,-0.00476093,0.270292,-0.000254871,-0.034044,-0.000845995,-0.000570448,0,0,0,0.0617129,-0.00404362,-0.608323,0.00337949,-0.00152405,3.259e-05,0,0,-0.0197392,0.621431,0.00301946,-0.0357242,-0.00869117,-0.0436118,0.0104407,0,0,-1.38778e-11,-0.00383688,0.0185391,-0.0310831,-0.000523618,-0.00015151,-2.32015e-06,0,0,0.26981,0.000657832,0.309894,-0.00154766,-0.0317162,-0.000340628,-0.000275225,0,0,-6.93889e-12,0.0250895,-0.00170681,-2,-0.000101257,-0.00815352,0.000162675,0,0,-0.0847081,-0.0304977,0.012323,0.795523,-0.0478619,-0.0407411,0.0582462,0,0,0,0.0508305,-0.00596576,1.76198,0.0132556,0.00368078,2.7539e-05,0,0,-0.297527,0.0123305,-0.319088,0.0997848,0.345373,0.0133956,0.0116322,0,0,0,0.0962192,-0.00160499,2,0.00380127,-0.0667319,0.00187955,0,0,0.108245,-0.321912,-0.0179249,0.282265,0.0598804,0.52695,-0.0879334,0,0,0,-0.00569806,0.00106813,-0.224603,-0.00095119,0.00239468,7.5825e-06,0,0,-0.0115193,-0.000786414,-0.00633111,-0.012648,0.0370414,-0.00999561,0.0686762,0,0,0,0,0,0,0,0,0,0,0,0,0,0,0,0,0,0,0.878474,5.13491e-05,0,0,0,0,0,0,0,0,0,0,0,0,0,0,0,0,5.13491e-05,0.878802,
-5.20417e-12,0.00657982,-0.00774482,-0.00610017,0.00182151,-0.000106695,6.32086e-06,0,0,0.315586,-0.00478309,0.270346,-0.000242107,-0.0340136,-0.000862677,-0.00057567,0,0,-6.93889e-12,0.0617345,-0.00405713,-0.608212,0.00342418,-0.00147786,3.24158e-05,0,0,-0.019771,0.621529,0.0030148,-0.0357619,-0.00869717,-0.0436074,0.0104402,0,0,1.38778e-11,-0.00385306,0.0186246,-0.0309563,-0.000534481,-0.000149821,-1.74844e-06,0,0,0.269861,0.000648664,0.310058,-0.00154211,-0.0316939,-0.000352396,-0.000277246,0,0,-3.46945e-12,0.0250973,-0.00171927,-2,4.95156e-05,-0.0080158,0.000166402,0,0,-0.0847175,-0.0304876,0.0123434,0.795556,-0.0478739,-0.0407575,0.0582208,0,0,0,0.0508087,-0.0060173,1.76063,0.0140139,0.00360933,1.72982e-05,0,0,-0.2973,0.0123372,-0.318903,0.0997006,0.345239,0.0133671,0.0116625,0,0,-1.38778e-11,0.0962301,-0.00160416,2,0.00364006,-0.06655,0.00189152,0,0,0.108106,-0.3218,-0.0180754,0.282293,0.059882,0.527002,-0.0879186,0,0,0,-0.00569455,0.00106892,-0.224398,-0.000982131,0.00242544,8.82754e-06,0,0,-0.0115288,-0.000794033,-0.00632799,-0.0126337,0.0370425,-0.00999522,0.0686724,0,0,0,0,0,0,0,0,0,0,0,0,-3.25261e-13,0,0,0,0,0,0.881845,5.54391e-05,0,0,0,0,0,0,0,0,0,0,-2.98156e-13,0,0,0,0,0,5.54391e-05,0.882198,
0,0.00660267,-0.00784916,-0.00586864,0.00182714,-0.000103069,5.97779e-06,0,0,0.315726,-0.00480487,0.270386,-0.000229751,-0.0339841,-0.000879103,-0.000580867,0,0,0,0.0617557,-0.00407059,-0.608094,0.00346545,-0.00143466,3.22174e-05,0,0,-0.0198023,0.621617,0.00301019,-0.035796,-0.00870257,-0.0436026,0.0104394,0,0,-3.46945e-12,-0.00386863,0.0187068,-0.0308348,-0.000543655,-0.000148088,-1.21103e-06,0,0,0.2699,0.000639702,0.310208,-0.0015369,-0.0316723,-0.000364008,-0.000279245,0,0,3.46945e-12,0.0251046,-0.00173185,-2,0.000187959,-0.00789176,0.000169827,0,0,-0.0847289,-0.0304778,0.0123631,0.795589,-0.0478858,-0.0407738,0.0581953,0,0,0,0.0507873,-0.00606925,1.75931,0.0147182,0.00354311,7.53418e-06,0,0,-0.297079,0.0123448,-0.318722,0.0996184,0.345107,0.0133392,0.0116923,0,0,4.16334e-11,0.096242,-0.00160297,2,0.00349304,-0.0663852,0.00190304,0,0,0.107974,-0.321688,-0.0182233,0.282322,0.0598842,0.527056,-0.0879038,0,0,0,-0.00569112,0.00106969,-0.224196,-0.00101043,0.00245376,1.00519e-05,0,0,-0.0115397,-0.000801263,-0.00632617,-0.01262,0.0370435,-0.00999489,0.0686687,0,0,0,0,0,0,0,0,0,0,0,2.71051e-12,2.71051e-12,0,0,0,0,2.71051e-12,0.885456,5.71643e-05,0,0,0,0,0,0,0,0,0,0,0,0,0,0,0,0,5.71643e-05,0.885819,
-1.73472e-12,0.00662429,-0.00794827,-0.00564224,0.0018337,-9.94427e-05,5.63678e-06,0,0,0.315855,-0.0048263,0.270415,-0.000217761,-0.0339557,-0.000895278,-0.000586037,0,0,1.38778e-11,0.0617764,-0.00408385,-0.607974,0.00350333,-0.00139452,3.20056e-05,0,0,-0.0198331,0.621696,0.00300562,-0.0358267,-0.00870744,-0.0435975,0.0104382,0,0,3.46945e-12,-0.00388359,0.0187857,-0.0307183,-0.000551454,-0.000146386,-7.09627e-07,0,0,0.269927,0.000630937,0.310345,-0.00153198,-0.0316514,-0.000375464,-0.000281221,0,0,0,0.0251113,-0.00174436,-2,0.000314549,-0.00778038,0.000172964,0,0,-0.0847423,-0.0304684,0.0123823,0.795621,-0.0478973,-0.0407897,0.0581699,0,0,0,0.0507661,-0.00612062,1.758,0.0153686,0.00348227,-1.67463e-06,0,0,-0.296863,0.0123533,-0.318546,0.0995383,0.344979,0.0133118,0.0117215,0,0,2.77556e-11,0.096255,-0.00160158,2,0.00335961,-0.0662371,0.00191398,0,0,0.107847,-0.321575,-0.0183687,0.282351,0.0598869,0.52711,-0.087889,0,0,0,-0.00568777,0.00107047,-0.223998,-0.0010362,0.00247968,1.12253e-05,0,0,-0.0115519,-0.000808124,-0.00632553,-0.0126067,0.0370445,-0.00999463,0.068665,0,0,0,2.38524e-12,0,0,0,0,0,0,0,0,0,0,0,0,0,0,0.889172,5.68745e-05,0,0,0,0,0,0,0,0,0,0,-3.04932e-13,3.04932e-13,0,3.04932e-13,0,0,5.68745e-05,0.889532,
-3.46945e-12,0.00664465,-0.00804184,-0.00542072,0.00184078,-9.58931e-05,5.30514e-06,0,0,0.315974,-0.00484738,0.270434,-0.000206098,-0.0339281,-0.000911208,-0.000591179,0,0,0,0.0617967,-0.0040968,-0.607857,0.00353793,-0.00135747,3.17891e-05,0,0,-0.0198636,0.621767,0.0030011,-0.0358543,-0.00871183,-0.0435921,0.0104368,0,0,1.04083e-11,-0.00389795,0.0188615,-0.0306066,-0.000558146,-0.000144771,-2.44787e-07,0,0,0.269944,0.00062236,0.310471,-0.00152733,-0.0316311,-0.000386765,-0.000283175,0,0,-3.46945e-12,0.0251174,-0.00175663,-2,0.000429881,-0.00768065,0.000175829,0,0,-0.0847574,-0.0304594,0.012401,0.795653,-0.0479086,-0.0408055,0.0581445,0,0,0,0.0507451,-0.00617067,1.75672,0.0159662,0.00342679,-1.02797e-05,0,0,-0.296654,0.0123624,-0.318374,0.09946,0.344853,0.0132848,0.0117502,0,0,0,0.0962688,-0.00160014,2,0.00323905,-0.066105,0.00192427,0,0,0.107725,-0.321463,-0.0185115,0.282381,0.0598899,0.527164,-0.0878743,0,0,0,-0.0056845,0.00107126,-0.223804,-0.00105957,0.00250328,1.23258e-05,0,0,-0.0115652,-0.000814635,-0.00632594,-0.0125939,0.0370453,-0.00999443,0.0686614,0,0,0,0,0,0,0,0,0,5.76253e-11,0,0,0,0,0,0,0,0,0.892875,5.49527e-05,0,-1.20617e-12,-1.20617e-12,0,1.20617e-12,1.20617e-12,-2.40557e-12,0,0,0,0,0,2.98156e-13,0,-2.98156e-13,-2.98156e-13,5.49527e-05,0.893221,
-1.73472e-12,0.00666372,-0.00812977,-0.00520384,0.00184808,-9.24794e-05,4.9883e-06,0,0,0.316083,-0.00486814,0.270443,-0.000194727,-0.0339014,-0.000926901,-0.00059629,0,0,-2.08167e-11,0.0618167,-0.00410937,-0.607743,0.00356938,-0.00132344,3.15744e-05,0,0,-0.0198936,0.62183,0.00299662,-0.035879,-0.00871578,-0.0435864,0.0104352,0,0,6.93889e-12,-0.00391173,0.0189342,-0.0304997,-0.000563951,-0.000143286,1.83832e-07,0,0,0.269953,0.000613961,0.310587,-0.0015229,-0.0316115,-0.000397914,-0.000285106,0,0,6.93889e-12,0.0251231,-0.00176857,-2,0.000534629,-0.00759156,0.000178438,0,0,-0.084774,-0.0304506,0.0124192,0.795684,-0.0479196,-0.040821,0.0581192,0,0,1.38778e-11,0.0507241,-0.00621888,1.75546,0.0165129,0.00337657,-1.8256e-05,0,0,-0.29645,0.012372,-0.318206,0.0993835,0.34473,0.0132582,0.0117784,0,0,-2.77556e-11,0.0962835,-0.00159875,2,0.00313052,-0.0659878,0.00193384,0,0,0.107608,-0.321351,-0.018652,0.282411,0.0598932,0.527218,-0.0878596,0,0,0,-0.00568131,0.00107208,-0.223613,-0.0010807,0.00252466,1.33381e-05,0,0,-0.0115794,-0.000820816,-0.00632728,-0.0125816,0.0370461,-0.00999429,0.0686578,0,0,0,2.43945e-12,0,-2.43945e-12,2.43945e-12,-2.43945e-12,-2.43945e-12,0,0,0,-1.46367e-12,0,0,1.46367e-12,0,1.46367e-12,0.896466,5.17773e-05,0,-2.40557e-12,0,2.40557e-12,-2.40557e-12,2.40557e-12,2.40557e-12,0,0,0,0,0,0,0,0,0,5.17773e-05,0.896792,
0,0.00668152,-0.00821208,-0.00499133,0.00185535,-8.92408e-05,4.68995e-06,0,0,0.316185,-0.00488861,0.270444,-0.000183616,-0.0338754,-0.000942363,-0.00060137,0,0,6.93889e-12,0.0618362,-0.0041215,-0.607635,0.00359786,-0.00129232,3.13663e-05,0,0,-0.0199233,0.621886,0.00299217,-0.0359012,-0.00871934,-0.0435805,0.0104333,0,0,0,-0.00392495,0.019004,-0.0303972,-0.000569053,-0.000141956,5.77094e-07,0,0,0.269953,0.000605734,0.310693,-0.00151868,-0.0315924,-0.000408912,-0.000287014,0,0,6.93889e-12,0.0251282,-0.0017801,-2,0.000629513,-0.00751216,0.000180809,0,0,-0.084792,-0.0304421,0.012437,0.795714,-0.0479304,-0.0408363,0.0580939,0,0,0,0.0507032,-0.00626489,1.75422,0.0170112,0.00333139,-2.55962e-05,0,0,-0.296251,0.0123821,-0.318043,0.0993087,0.344609,0.013232,0.0118062,0,0,4.16334e-11,0.0962988,-0.0015975,2,0.00303319,-0.0658846,0.00194269,0,0,0.107495,-0.32124,-0.0187903,0.282441,0.0598968,0.527272,-0.087845,0,0,0,-0.00567819,0.00107294,-0.223426,-0.00109976,0.00254395,1.42528e-05,0,0,-0.0115945,-0.000826686,-0.00632942,-0.0125697,0.0370468,-0.0099942,0.0686543,0,0,0,2.38524e-12,-2.38524e-12,2.38524e-12,0,0,0,0,0,0,-2.71051e-13,0,0,2.71051e-13,0,0,0.899866,4.76951e-05,0,1.1994e-12,-1.1994e-12,1.1994e-12,0,0,0,0,0,0,2.98156e-13,0,0,-2.98156e-13,2.98156e-13,0,4.76951e-05,0.900165,
0,0.00669809,-0.00828888,-0.0047829,0.00186243,-8.62042e-05,4.41257e-06,0,0,0.316278,-0.00490879,0.270437,-0.000172737,-0.0338502,-0.000957604,-0.000606417,0,0,6.93889e-12,0.0618555,-0.00413315,-0.607535,0.00362354,-0.001264,3.11681e-05,0,0,-0.0199526,0.621937,0.00298776,-0.035921,-0.00872255,-0.0435745,0.0104313,0,0,1.73472e-12,-0.00393763,0.0190711,-0.0302989,-0.000573602,-0.000140799,9.36388e-07,0,0,0.269946,0.000597669,0.310791,-0.00151464,-0.0315738,-0.000419765,-0.0002889,0,0,-1.73472e-12,0.0251328,-0.00179116,-2,0.000715264,-0.00744151,0.000182961,0,0,-0.0848112,-0.030434,0.0124543,0.795744,-0.0479409,-0.0408513,0.0580688,0,0,1.38778e-11,0.0506823,-0.00630848,1.753,0.0174638,0.00329101,-3.23072e-05,0,0,-0.296058,0.0123925,-0.317883,0.0992355,0.344491,0.0132061,0.0118335,0,0,-2.77556e-11,0.0963146,-0.00159643,2,0.00294619,-0.0657943,0.0019508,0,0,0.107385,-0.32113,-0.0189264,0.282471,0.0599006,0.527326,-0.0878303,0,0,0,-0.00567515,0.00107383,-0.223242,-0.00111689,0.00256128,1.50651e-05,0,0,-0.0116102,-0.000832264,-0.00633228,-0.0125582,0.0370475,-0.00999415,0.0686509,0,0,0,0,0,2.43945e-12,0,0,0,0,0,0,0,0,0,0,0,0,0.903015,4.30065e-05,0,0,0,-1.20617e-12,0,0,0,0,0,0,0,0,0,0,6.03087e-13,0,4.30065e-05,0.903284,
1.73472e-12,0.00671347,-0.00836038,-0.00457827,0.00186918,-8.33861e-05,4.15762e-06,0,0,0.316365,-0.00492871,0.270424,-0.000162063,-0.0338257,-0.000972631,-0.000611431,0,0,6.93889e-12,0.0618744,-0.00414432,-0.607443,0.00364663,-0.0012383,3.09823e-05,0,0,-0.0199816,0.621982,0.00298339,-0.0359388,-0.00872544,-0.0435682,0.0104291,0,0,-5.20417e-12,-0.00394981,0.0191356,-0.0302045,-0.000577721,-0.000139824,1.26342e-06,0,0,0.269932,0.000589759,0.310882,-0.00151075,-0.0315557,-0.000430474,-0.000290765,0,0,1.73472e-12,0.025137,-0.00180173,-2,0.000792613,-0.00737875,0.000184911,0,0,-0.0848316,-0.030426,0.0124712,0.795773,-0.0479512,-0.0408661,0.0580438,0,0,0,0.0506613,-0.00634952,1.7518,0.0178739,0.00325514,-3.8406e-05,0,0,-0.295869,0.0124031,-0.317728,0.0991638,0.344375,0.0131805,0.0118603,0,0,1.38778e-11,0.0963308,-0.00159559,2,0.00286864,-0.0657157,0.0019582,0,0,0.107279,-0.32102,-0.0190605,0.282502,0.0599045,0.52738,-0.0878156,0,0,0,-0.00567219,0.00107476,-0.223062,-0.00113227,0.0025768,1.57734e-05,0,0,-0.0116266,-0.000837569,-0.00633576,-0.012547,0.0370481,-0.00999415,0.0686475,0,0,0,0,0,0,-1.19262e-12,1.19262e-12,-1.19262e-12,0,0,0,0,0,0,0,0,0,0.905869,3.7959e-05,0,0,0,0,2.3988e-12,-2.3988e-12,2.3988e-12,-1.15224e-10,0,3.04932e-13,0,0,0,-3.04932e-13,0,0,3.7959e-05,0.906105,
6.93889e-12,0.00672773,-0.00842681,-0.00438698,0.00187552,-8.07862e-05,3.92544e-06,0,0,0.316446,-0.00494838,0.270405,-0.000151571,-0.0338018,-0.000987452,-0.00061641,0,0,1.38778e-11,0.061893,-0.004155,-0.611125,0.00366731,-0.00121506,3.08103e-05,0,0,-0.0200103,0.622022,0.00297905,-0.0359547,-0.00872803,-0.0435618,0.0104268,0,0,-1.9082e-11,-0.00396151,0.0191978,-0.0302658,-0.000581509,-0.000139029,1.55981e-06,0,0,0.269913,0.000581996,0.310967,-0.001507,-0.0315381,-0.000441042,-0.000292608,0,0,-1.73472e-12,0.0251408,-0.00181179,-2,0.000862261,-0.00732306,0.000186675,0,0,-0.0848529,-0.0304184,0.0124877,0.795802,-0.0479611,-0.0408805,0.0580189,0,0,0,0.0506403,-0.00638796,1.76087,0.0182445,0.00322342,-4.39154e-05,0,0,-0.295685,0.0124139,-0.317576,0.0990937,0.344262,0.0131552,0.0118868,0,0,0,0.0963474,-0.001595,2,0.00279973,-0.065648,0.00196489,0,0,0.107177,-0.320912,-0.0191926,0.282532,0.0599083,0.527433,-0.0878008,0,0,0,-0.00566929,0.00107573,-0.224181,-0.00114606,0.00259066,1.63795e-05,0,0,-0.0116434,-0.000842622,-0.00633977,-0.0125363,0.0370486,-0.00999417,0.0686441,0,0,0,0,0,0,0,0,0,0,0,0,0,0,0,0,0,0,0.908399,3.27483e-05,0,0,0,0,0,-1.1994e-12,0,0,0,-3.04932e-13,0,-3.04932e-13,-3.04932e-13,3.04932e-13,0,-3.04932e-13,3.27483e-05,0.908602,
1.73472e-12,0.00673988,-0.00848677,-0.00453143,0.00188508,-7.74191e-05,3.66426e-06,0,0,0.316522,-0.00496786,0.270381,-0.000141431,-0.0337785,-0.00100198,-0.000621417,0,0,-6.93889e-12,0.0619307,-0.00416397,-0.759283,0.00368094,-0.00119077,3.04441e-05,0,0,-0.0200005,0.62204,0.00296788,-0.03605,-0.00870038,-0.043513,0.0103971,0,0,0,-0.00397156,0.0192567,-0.0361462,-0.000582228,-0.000137506,1.80516e-06,0,0,0.26989,0.00057368,0.311045,-0.00150664,-0.0315198,-0.000449769,-0.000295523,0,0,0,0.0252526,-0.00181714,-2,0.000904268,-0.00725833,0.000187202,0,0,-0.0846609,-0.030508,0.0124653,0.795373,-0.0478024,-0.0406567,0.0578415,0,0,1.38778e-11,0.0505661,-0.0064271,2,0.0185598,0.00318232,-4.84897e-05,0,0,-0.295609,0.0124718,-0.317409,0.0992457,0.344069,0.0130149,0.0119868,0,0,-1.38778e-11,0.0962141,-0.00160011,2,0.00276441,-0.0656289,0.00197215,0,0,0.10678,-0.32067,-0.0192695,0.283194,0.059679,0.527157,-0.0875747,0,0,0,-0.00565984,0.00107702,-0.274999,-0.00115792,0.00260316,1.6954e-05,0,0,-0.0116476,-0.000853371,-0.0063466,-0.0125537,0.0370595,-0.00997965,0.0686315,0,0,0,1.19262e-12,-1.19262e-12,0,0,-1.19262e-12,0,0,0,0,0,0,-3.25261e-13,0,-2.71051e-13,0,0.910587,2.7523e-05,0,-1.1994e-12,1.1994e-12,0,0,1.1994e-12,0,-1.1994e-12,0,0,0,0,2.98156e-13,0,2.98156e-13,0,2.7523e-05,0.910757,
0,0.00675003,-0.00853955,-0.00451482,0.00189647,-7.38489e-05,3.39883e-06,0,0,0.316594,-0.00498716,0.270352,-0.000131623,-0.0337557,-0.0010162,-0.000626454,0,0,6.93889e-12,0.061996,-0.00417106,-0.868657,0.00368681,-0.00116364,2.98606e-05,0,0,-0.0199357,0.622031,0.00294685,-0.0362607,-0.00862937,-0.0434031,0.0103284,0,0,-1.73472e-12,-0.00397954,0.019312,-0.0404379,-0.00058084,-0.000135573,1.99485e-06,0,0,0.269865,0.000564503,0.311118,-0.00151106,-0.0315002,-0.000455917,-0.000299981,0,0,1.73472e-12,0.0255205,-0.00181567,-2,0.000914232,-0.00717128,0.000186253,0,0,-0.0841615,-0.0307373,0.012387,0.794289,-0.0474012,-0.0400901,0.0574451,1.73472e-12,0,-2.77556e-11,0.0504159,-0.00646758,2,0.0188191,0.00312673,-5.18001e-05,0,0,-0.295686,0.0125973,-0.317219,0.0997162,0.343762,0.0127093,0.0121924,0,0,1.38778e-11,0.0958642,-0.00161397,2,0.00276798,-0.0656773,0.00198015,0,0,0.105959,-0.320236,-0.0192677,0.284764,0.0591142,0.526406,-0.087045,-1.38778e-11,0,0,-0.0056409,0.00107877,-0.312395,-0.00116814,0.00261516,1.74447e-05,0,0,-0.0116331,-0.00087244,-0.00635719,-0.0126116,0.0370851,-0.00994422,0.0686054,0,0,0,0,0,0,0,0,0,0,0,0,0,0,0,-2.71051e-13,0,0,0.912429,2.23924e-05,0,0,0,0,0,0,0,0,0,0,0,2.98156e-13,0,-2.98156e-13,2.98156e-13,2.98156e-13,2.23924e-05,0.912566,
1.73472e-12,0.00675931,-0.0085864,-0.00438478,0.00190516,-7.13003e-05,3.19647e-06,0,0,0.316661,-0.00500626,0.270319,-0.000121945,-0.0337335,-0.00103023,-0.000631459,0,0,-1.38778e-11,0.0620777,-0.00417716,-0.946239,0.0036891,-0.00113516,2.92322e-05,0,0,-0.0198379,0.622003,0.00292,-0.0365395,-0.00853259,-0.0432569,0.0102364,0,0,-1.73472e-12,-0.00398639,0.0193649,-0.0434364,-0.000580762,-0.000134225,2.14798e-06,0,0,0.269838,0.000554872,0.311186,-0.0015183,-0.03148,-0.0004605,-0.00030533,0,0,-5.20417e-12,0.0258812,-0.00180952,-2,0.000908598,-0.00706503,0.000184628,0,0,-0.08348,-0.0310497,0.0122755,0.792815,-0.0468564,-0.0393203,0.0569193,1.73472e-12,0,0,0.0502207,-0.00650658,2,0.0190436,0.00306489,-5.39676e-05,0,0,-0.295857,0.0127628,-0.317018,0.100375,0.343387,0.012306,0.0124601,-1.38778e-11,0,-4.16334e-11,0.0953852,-0.00163395,2,0.0027905,-0.06577,0.00198793,0,0,0.104887,-0.319689,-0.0192186,0.286873,0.0583504,0.525372,-0.0863356,0,0,0,-0.00561635,0.00108083,-0.33881,-0.00117757,0.00262726,1.77353e-05,0,0,-0.0116078,-0.000896369,-0.00637007,-0.0126935,0.0371194,-0.00989643,0.0685716,0,0,0,0,1.19262e-12,0,0,-1.19262e-12,0,5.75711e-11,0,2.71051e-13,0,0,-5.96311e-13,0,5.96311e-13,0,0.913926,1.7434e-05,0,0,0,0,0,0,0,0,0,0,0,0,0,0,0,0,1.7434e-05,0.914032,
-6.93889e-12,0.00676819,-0.00862901,-0.00417939,0.00191011,-6.98258e-05,3.06729e-06,0,0,0.316725,-0.00502515,0.270282,-0.000112267,-0.0337118,-0.00104413,-0.000636396,0,0,0,0.0621671,-0.0041826,-0.998518,0.00369025,-0.00110633,2.86331e-05,0,0,-0.0197246,0.621965,0.00289041,-0.0368499,-0.0084236,-0.0430936,0.0101336,0,0,1.56125e-11,-0.00399281,0.0194165,-0.0454133,-0.000582933,-0.000133599,2.27955e-06,0,0,0.269807,0.000545098,0.31125,-0.00152687,-0.0314598,-0.000464303,-0.000311074,0,0,-8.67362e-13,0.0262856,-0.00180056,-2,0.000897504,-0.00694592,0.000182779,0,0,-0.0827131,-0.0314014,0.0121482,0.791158,-0.0462441,-0.0384547,0.0563334,0,0,-1.38778e-11,0.0500046,-0.00654252,2,0.0192505,0.00300225,-5.53105e-05,0,0,-0.296074,0.0129472,-0.316813,0.101123,0.342982,0.0118571,0.0127564,0,0,-1.38778e-11,0.094845,-0.00165757,2,0.00282053,-0.0658854,0.00199515,0,0,0.103698,-0.319089,-0.0191465,0.289235,0.0574932,0.524206,-0.0855422,0,0,6.93889e-12,-0.00558919,0.00108308,-0.356502,-0.00118679,0.00263952,1.78043e-05,0,0,-0.0115774,-0.000922489,-0.00638412,-0.0127866,0.0371577,-0.00984289,0.0685341,0,0,0,2.38524e-12,2.38524e-12,1.19262e-12,2.38524e-12,1.19262e-12,2.38524e-12,0,0,-2.71051e-13,0,0,-2.71051e-13,2.71051e-13,0,2.71051e-13,0.915089,1.27016e-05,0,1.1994e-12,1.1994e-12,1.1994e-12,1.1994e-12,1.1994e-12,1.1994e-12,0,0,2.98156e-13,0,-2.98156e-13,-2.98156e-13,2.98156e-13,5.96311e-13,-2.98156e-13,1.27016e-05,0.915164,
3.46945e-12,0.00677689,-0.00866887,-0.0039274,0.00191184,-6.91478e-05,2.99749e-06,0,0,0.316785,-0.00504382,0.270242,-0.000102526,-0.0336909,-0.00105795,-0.000641245,0,0,0,0.0622576,-0.00418763,-1.03142,0.00369158,-0.00107795,2.80914e-05,0,0,-0.0196084,0.621923,0.0028604,-0.0371648,-0.00831251,-0.0429275,0.010029,0,0,-5.20417e-12,-0.00399921,0.0194674,-0.0466131,-0.000587155,-0.000133562,2.40041e-06,0,0,0.269774,0.000535408,0.31131,-0.00153566,-0.03144,-0.000467904,-0.000316847,0,0,3.46945e-12,0.0266968,-0.00179037,-2,0.00088678,-0.00682128,0.000180971,0,0,-0.0819327,-0.0317597,0.0120182,0.78947,-0.045621,-0.0375733,0.0557384,0,8.67362e-13,0,0.0497853,-0.00657494,2,0.0194508,0.00294234,-5.61715e-05,0,0,-0.296302,0.0131347,-0.31661,0.101885,0.342574,0.0114013,0.0130566,0,0,0,0.0942945,-0.00168269,2,0.00285135,-0.0660064,0.00200175,0,0,0.10249,-0.318481,-0.0190692,0.291639,0.0566205,0.523016,-0.0847356,0,0,0,-0.00556168,0.00108542,-0.367526,-0.00119607,0.00265179,1.76863e-05,0,0,-0.0115462,-0.000948817,-0.0063985,-0.0128817,0.0371966,-0.00978846,0.0684962,0,0,0,0,0,0,0,0,0,0,0,0,3.25261e-13,0,-5.96311e-13,0,0,5.96311e-13,0.915933,8.23201e-06,0,0,0,0,0,0,0,0,0,0,-2.98156e-13,0,-3.04932e-13,3.04932e-13,0,0,8.23201e-06,0.91598,
0,0.00678549,-0.00870712,-0.00364931,0.00191139,-6.89429e-05,2.96687e-06,0,0,0.316842,-0.00506227,0.270199,-9.26975e-05,-0.0336705,-0.00107171,-0.000645998,0,0,0,0.0623447,-0.00419245,-1.05013,0.00369367,-0.00105068,2.76137e-05,0,0,-0.0194984,0.621881,0.00283159,-0.0374651,-0.00820635,-0.0427685,0.0099291,0,0,-1.73472e-12,-0.00400583,0.019518,-0.0472472,-0.000592802,-0.000133924,2.51754e-06,0,0,0.269737,0.000525961,0.311367,-0.00154392,-0.0314209,-0.000471705,-0.000322396,0,0,-2.60209e-12,0.0270893,-0.0017802,-2,0.000879351,-0.0066979,0.000179349,0,0,-0.081189,-0.0321019,0.0118945,0.78786,-0.0450265,-0.036732,0.0551701,8.67362e-13,0,0,0.0495752,-0.00660408,2,0.0196492,0.0028873,-5.68324e-05,0,0,-0.296517,0.0133141,-0.316415,0.102609,0.342183,0.0109656,0.0133434,0,0,0,0.0937692,-0.0017076,2,0.00287929,-0.0661213,0.00200776,0,0,0.101334,-0.317898,-0.0189995,0.293936,0.0557874,0.521882,-0.0839655,0,0,0,-0.00553538,0.00108777,-0.373673,-0.00120543,0.0026638,1.74376e-05,0,0,-0.0115174,-0.000973966,-0.00641265,-0.0129721,0.0372337,-0.00973657,0.0684599,0,0,0,0,-1.19262e-12,0,0,0,0,0,0,0,-2.71051e-13,2.71051e-13,0,0,2.71051e-13,0,0.916479,4.04908e-06,0,0,1.19262e-12,0,0,0,0,0,0,0,0,2.98156e-13,0,-2.98156e-13,0,0,4.04908e-06,0.9165,
1.73472e-12,0.00679398,-0.00874445,-0.00335885,0.00190981,-6.89436e-05,2.95691e-06,0,0,0.316896,-0.00508052,0.270153,-8.27883e-05,-0.0336509,-0.00108541,-0.000650657,0,0,0,0.0624253,-0.00419723,-1.05891,0.00369667,-0.00102503,2.71972e-05,0,0,-0.0194004,0.621843,0.00280501,-0.0377386,-0.00810966,-0.0426231,0.00983789,0,0,-5.20417e-12,-0.00401276,0.0195686,-0.0474886,-0.000599182,-0.000134515,2.63458e-06,0,0,0.269697,0.000516854,0.311421,-0.00155117,-0.0314025,-0.000475961,-0.000327561,0,0,-3.03577e-12,0.0274465,-0.00177095,-2,0.000876309,-0.00658118,0.000177985,0,0,-0.0805144,-0.0324133,0.0117828,0.786395,-0.0444859,-0.0359667,0.0546514,0,0,0,0.0493824,-0.0066305,2,0.0198467,0.00283829,-5.74856e-05,0,0,-0.296703,0.0134785,-0.31623,0.103264,0.34182,0.0105673,0.0136059,0,0,-1.38778e-11,0.0932922,-0.00173107,2,0.00290259,-0.0662232,0.00201325,0,0,0.100274,-0.317358,-0.0189453,0.296032,0.0550288,0.520852,-0.0832634,0,0,0,-0.00551129,0.00109006,-0.37642,-0.00121473,0.00267526,1.71148e-05,0,0,-0.0114929,-0.00099705,-0.00642619,-0.0130538,0.0372673,-0.0096894,0.0684268,0,0,0,1.19262e-12,0,-1.19262e-12,0,0,0,5.76253e-11,0,0,3.25261e-13,0,0,2.71051e-13,0,0,0.916748,-2.02899e-07,0,0,0,0,0,0,0,0,0,0,-2.98156e-13,0,0,2.98156e-13,0,-6.03087e-13,-2.029e-07,0.916751,
0,0.00680234,-0.00878117,-0.00306457,0.00190795,-6.89659e-05,2.95386e-06,0,0,0.316948,-0.00509857,0.270105,-7.28169e-05,-0.0336318,-0.00109904,-0.000655229,0,0,6.93889e-12,0.062498,-0.00420209,-1.06111,0.00370046,-0.00100139,2.68363e-05,0,0,-0.0193175,0.621809,0.00278124,-0.0379786,-0.00802495,-0.0424948,0.00975764,0,0,0,-0.00402,0.019619,-0.0474717,-0.000605716,-0.00013521,2.75256e-06,0,0,0.269654,0.000508139,0.311472,-0.00155715,-0.0313852,-0.00048081,-0.000332257,0,0,1.30104e-12,0.0277593,-0.00176318,-2,0.00087768,-0.00647488,0.000176902,0,0,-0.0799265,-0.0326859,0.0116865,0.785114,-0.0440133,-0.035297,0.0541948,8.67362e-13,0,-6.93889e-12,0.0492112,-0.00665481,2,0.0200414,0.00279579,-5.82381e-05,0,0,-0.296852,0.0136239,-0.316055,0.10383,0.341492,0.0102159,0.0138379,0,0,0,0.0928759,-0.00175233,2,0.00292068,-0.0663091,0.00201825,0,0,0.0993356,-0.316874,-0.0189111,0.297872,0.0543642,0.519954,-0.0826469,0,0,0,-0.00548998,0.00109226,-0.376918,-0.00122378,0.00268594,1.67632e-05,0,0,-0.0114737,-0.00101758,-0.00643891,-0.0131243,0.0372968,-0.00964813,0.0683975,0,0,0,0,0,0,0,0,0,0,0,5.96311e-13,0,2.71051e-13,0,2.71051e-13,0,2.71051e-13,0.916752,3.36059e-06,0,-2.3988e-12,2.3988e-12,0,0,-2.3988e-12,0,0,0,0,0,-6.03087e-13,2.98156e-13,-3.04932e-13,3.04932e-13,-3.04932e-13,3.36059e-06,0.916778,
-5.20417e-12,0.0068105,-0.00881733,-0.00277134,0.00190635,-6.89058e-05,2.94922e-06,0,0,0.316997,-0.00511643,0.270054,-6.28079e-05,-0.0336133,-0.0011126,-0.000659722,0,0,0,0.062562,-0.00420711,-1.05922,0.00370484,-0.000979998,2.6525e-05,0,0,-0.019251,0.621781,0.00276049,-0.0381825,-0.00795318,-0.042385,0.00968921,0,0,1.21431e-11,-0.0040275,0.0196691,-0.0472954,-0.000611992,-0.000135934,2.87081e-06,0,0,0.269607,0.000499831,0.31152,-0.00156176,-0.0313687,-0.000486303,-0.000336452,0,0,5.63785e-12,0.0280242,-0.00175717,-2,0.000882933,-0.00638119,0.000176093,0,0,-0.0794321,-0.0329163,0.0116068,0.78403,-0.0436138,-0.0347307,0.053805,0,0,6.93889e-12,0.0490633,-0.00667753,2,0.0202304,0.0027598,-5.91283e-05,0,0,-0.296959,0.0137487,-0.315892,0.1043,0.341202,0.00991489,0.0140374,0,0,2.77556e-11,0.0925254,-0.00177099,2,0.0029337,-0.0663782,0.0020228,0,0,0.0985273,-0.31645,-0.0188986,0.299438,0.0538009,0.519198,-0.0821224,0,0,0,-0.00547164,0.00109435,-0.376021,-0.00123239,0.00269566,1.64136e-05,0,0,-0.0114603,-0.00103538,-0.00645073,-0.0131829,0.0373217,-0.00961322,0.0683723,0,0,0,0,0,0,0,0,0,2.38524e-12,0,0,0,0,-3.25261e-13,0,0,3.25261e-13,0.916542,6.57509e-06,0,0,0,0,0,0,0,1.1994e-12,0,-2.98156e-13,-2.98156e-13,2.98156e-13,2.98156e-13,2.98156e-13,-5.96311e-13,-5.96311e-13,6.57509e-06,0.916588,
-6.93889e-12,0.0068184,-0.0088528,-0.00248162,0.00190533,-6.87215e-05,2.93896e-06,0,0,0.317044,-0.00513411,0.270001,-5.27856e-05,-0.0335953,-0.00112608,-0.000664146,0,0,0,0.0626176,-0.00421233,-1.05467,0.00370957,-0.000960973,2.62581e-05,0,0,-0.0192007,0.621759,0.00274275,-0.0383507,-0.00789422,-0.0422934,0.00963247,0,0,1.38778e-11,-0.0040352,0.0197187,-0.0470168,-0.000617768,-0.000136649,2.98775e-06,0,0,0.269558,0.000491924,0.311567,-0.00156502,-0.0313532,-0.000492427,-0.000340157,0,0,2.1684e-13,0.0282417,-0.00175301,-2,0.000891307,-0.00630093,0.000175534,0,0,-0.0790304,-0.0331052,0.0115434,0.783143,-0.0432868,-0.0342667,0.0534812,0,0,-1.38778e-11,0.0489384,-0.00669904,2,0.0204108,0.00273003,-6.01474e-05,0,0,-0.297025,0.0138533,-0.31574,0.104676,0.340948,0.00966377,0.0142047,0,0,1.38778e-11,0.0922399,-0.00178696,2,0.00294214,-0.0664319,0.00202691,0,0,0.0978482,-0.316084,-0.0189077,0.300732,0.0533378,0.518584,-0.0816889,0,0,6.93889e-12,-0.00545624,0.00109633,-0.374221,-0.0012404,0.00270432,1.6083e-05,0,0,-0.0114525,-0.00105048,-0.00646164,-0.0132297,0.0373421,-0.0095846,0.0683512,0,0,0,0,-1.19262e-12,1.19262e-12,0,0,1.19262e-12,0,0,0,0,0,0,0,0,0,0.916148,9.44233e-06,0,0,0,0,0,0,0,0,0,0,0,6.03087e-13,0,0,0,0,9.44233e-06,0.916212,
1.73472e-12,0.00682601,-0.00888742,-0.00220533,0.00190488,-6.8442e-05,2.92381e-06,0,0,0.317089,-0.00515162,0.269946,-4.27723e-05,-0.0335779,-0.00113945,-0.000668511,0,0,6.93889e-12,0.0626643,-0.00421779,-1.02133,0.00371459,-0.00094449,2.60392e-05,0,0,-0.0191673,0.621742,0.0027281,-0.038482,-0.00784856,-0.0422208,0.00958783,0,0,-1.73472e-12,-0.00404308,0.0197677,-0.0456072,-0.000623014,-0.000137377,3.10216e-06,0,0,0.269507,0.000484421,0.311611,-0.00156688,-0.0313385,-0.000499206,-0.000343359,0,0,3.68629e-12,0.0284102,-0.00175082,-2,0.000902781,-0.00623481,0.000175236,0,0,-0.0787246,-0.0332509,0.0114969,0.782458,-0.0430347,-0.0339086,0.0532256,0,0,6.93889e-12,0.0488372,-0.00671942,2,0.0205803,0.00270659,-6.12753e-05,0,0,-0.297048,0.0139367,-0.3156,0.104955,0.340733,0.00946421,0.0143388,0,0,4.16334e-11,0.0920217,-0.00180007,2,0.00294572,-0.0664703,0.00203053,0,0,0.0973031,-0.31578,-0.0189392,0.301743,0.0529787,0.518116,-0.0813497,0,0,-6.93889e-12,-0.00544387,0.00109819,-0.362598,-0.0012477,0.00271184,1.57761e-05,0,0,-0.0114505,-0.00106279,-0.00647158,-0.0132642,0.0373579,-0.00956247,0.0683343,0,0,0,0,0,0,0,0,0,0,0,-2.98156e-13,-2.98156e-13,-2.98156e-13,-2.98156e-13,-2.98156e-13,-2.98156e-13,-2.98156e-13,0.915602,1.19549e-05,0,0,0,0,0,0,0,0,0,0,0,0,0,-3.01544e-13,-3.01544e-13,-3.01544e-13,1.19549e-05,0.915682,
-1.73472e-12,0.00683328,-0.00892098,-0.00194331,0.00190503,-6.80682e-05,2.90391e-06,0,0,0.317132,-0.00516897,0.269889,-3.27876e-05,-0.0335608,-0.0011527,-0.000672826,0,0,6.93889e-12,0.062703,-0.00422344,-0.995337,0.0037197,-0.000930486,2.58637e-05,0,0,-0.0191493,0.621732,0.0027163,-0.0385795,-0.00781506,-0.0421656,0.00955426,0,0,3.46945e-12,-0.00405107,0.0198161,-0.0444932,-0.000627676,-0.000138107,3.21226e-06,0,0,0.269453,0.000477294,0.311654,-0.00156748,-0.0313247,-0.000506572,-0.000346101,0,0,-2.92735e-12,0.028534,-0.00175044,-2,0.000916598,-0.0061822,0.000175161,0,0,-0.0785067,-0.033357,0.011466,0.781959,-0.0428512,-0.0336475,0.0530324,0,0,0,0.0487577,-0.0067388,2,0.0207372,0.00268896,-6.24709e-05,0,0,-0.297033,0.0140008,-0.315469,0.105144,0.340552,0.00931179,0.0144426,0,0,-2.77556e-11,0.0918651,-0.00181053,2,0.00294521,-0.0664956,0.00203368,0,0,0.0968805,-0.315533,-0.0189911,0.302496,0.0527146,0.517782,-0.0810965,0,0,0,-0.00543427,0.00109994,-0.353503,-0.00125424,0.00271823,1.54937e-05,0,0,-0.0114539,-0.00107256,-0.00648062,-0.0132876,0.0373695,-0.00954629,0.0683213,0,0,0,0,0,0,0,0,0,0,0,-2.98156e-13,-2.98156e-13,-2.98156e-13,-2.98156e-13,0,-2.98156e-13,-2.98156e-13,0.914935,1.41077e-05,0,0,0,0,0,0,0,0,0,0,2.98156e-13,2.98156e-13,2.98156e-13,2.98156e-13,0,0,1.41077e-05,0.915027,
0,0.00684016,-0.00895325,-0.00169048,0.00190584,-6.75988e-05,2.87944e-06,0,0,0.317174,-0.00518618,0.269831,-2.28437e-05,-0.0335442,-0.00116584,-0.000677097,0,0,0,0.0627354,-0.00422921,-0.975669,0.00372458,-0.000918657,2.57195e-05,0,0,-0.0191432,0.621725,0.00270672,-0.0386507,-0.00779098,-0.0421239,0.00952928,0,0,0,-0.00405908,0.0198636,-0.0436321,-0.000631699,-0.000138822,3.31576e-06,0,0,0.269398,0.000470476,0.311695,-0.00156709,-0.0313116,-0.000514371,-0.000348483,0,0,2.27682e-12,0.0286229,-0.00175147,-2,0.000931286,-0.00614108,0.000175232,0,0,-0.0783568,-0.0334325,0.0114471,0.781604,-0.0427208,-0.0334616,0.0528875,8.67362e-13,8.67362e-13,6.93889e-12,0.048695,-0.00675736,2,0.0208799,0.00267596,-6.36713e-05,0,0,-0.296988,0.0140499,-0.315348,0.105265,0.340399,0.00919593,0.0145229,0,0,1.38778e-11,0.0917562,-0.00181887,2,0.00294237,-0.0665117,0.0020364,0,0,0.0965534,-0.31533,-0.0190586,0.303049,0.0525243,0.517552,-0.0809101,0,0,0,-0.00542684,0.00110161,-0.346579,-0.00126,0.00272355,1.5233e-05,0,0,-0.0114613,-0.00108032,-0.00648897,-0.0133023,0.0373778,-0.00953471,0.0683112,0,0,0,0,0,0,0,2.41235e-12,-2.41235e-12,0,0,0,0,0,-2.98156e-13,0,0,-2.98156e-13,0.914175,1.58989e-05,0,0,0,0,0,0,0,0,0,0,0,-5.99699e-13,-2.98156e-13,-3.01544e-13,0,0,1.58989e-05,0.914278,
5.20417e-12,0.0068466,-0.00898404,-0.00144337,0.00190716,-6.70778e-05,2.8531e-06,0,0,0.317214,-0.00520324,0.269772,-1.29463e-05,-0.033528,-0.00117884,-0.00068133,0,0,-6.93889e-12,0.062763,-0.00423502,-0.960887,0.00372903,-0.000908743,2.56005e-05,0,0,-0.0191463,0.621722,0.00269884,-0.0387016,-0.00777417,-0.0420926,0.00951091,0,0,-1.38778e-11,-0.00406703,0.0199103,-0.0429661,-0.000635159,-0.000139537,3.41113e-06,0,0,0.269341,0.000463914,0.311736,-0.00156596,-0.031299,-0.000522479,-0.000350586,0,0,-7.10152e-12,0.028685,-0.00175356,-2,0.000945941,-0.00610952,0.000175397,0,0,-0.0782595,-0.0334845,0.0114373,0.78136,-0.0426313,-0.0333336,0.05278,0,0,-6.93889e-12,0.0486453,-0.00677514,2,0.0210076,0.0026667,-6.48173e-05,0,0,-0.29692,0.0140873,-0.315233,0.105333,0.340267,0.00910826,0.0145851,0,0,-8.32667e-11,0.091684,-0.00182559,2,0.00293832,-0.0665218,0.00203873,0,0,0.0962999,-0.31516,-0.0191377,0.303446,0.0523906,0.517401,-0.0807751,0,0,-6.93889e-12,-0.00542108,0.00110323,-0.34133,-0.001265,0.00272791,1.4986e-05,0,0,-0.0114718,-0.00108651,-0.00649676,-0.0133104,0.0373836,-0.00952668,0.0683034,0,0,0,0,0,-2.3988e-12,0,2.3988e-12,0,-5.76118e-11,0,-2.98156e-13,-2.98156e-13,2.98156e-13,0,-5.96311e-13,0,0,0.91335,1.73313e-05,0,0,0,0,0,0,0,0,0,0,2.98156e-13,-2.98156e-13,2.98156e-13,2.98156e-13,-2.98156e-13,0,1.73313e-05,0.913463,
0,0.00685262,-0.00901324,-0.00119971,0.00190882,-6.65521e-05,2.82806e-06,0,0,0.317254,-0.00522018,0.269712,-3.09722e-06,-0.0335122,-0.00119172,-0.000685526,0,0,0,0.0627868,-0.00424082,-0.94984,0.00373296,-0.000900512,2.5503e-05,0,0,-0.0191564,0.621721,0.00269227,-0.0387369,-0.0077629,-0.0420693,0.0094976,0,0,1.73472e-12,-0.00407488,0.0199562,-0.0424489,-0.000638177,-0.000140275,3.4975e-06,0,0,0.269283,0.000457565,0.311775,-0.00156426,-0.031287,-0.000530801,-0.000352472,0,0,1.6263e-13,0.0287266,-0.00175643,-2,0.00096002,-0.00608575,0.00017562,0,0,-0.0782024,-0.0335184,0.0114345,0.7812,-0.0425729,-0.0332498,0.0527009,0,8.67362e-13,0,0.0486055,-0.00679213,2,0.0211206,0.00266054,-6.58626e-05,0,0,-0.296836,0.0141157,-0.315124,0.105361,0.340152,0.00904213,0.0146333,0,0,-2.77556e-11,0.0916398,-0.00183106,2,0.00293383,-0.066528,0.0020407,0,0,0.0961031,-0.315018,-0.0192255,0.303726,0.0523003,0.517312,-0.0806794,0,0,0,-0.00541661,0.0011048,-0.337362,-0.0012693,0.0027314,1.47433e-05,0,0,-0.0114846,-0.0010915,-0.00650412,-0.0133136,0.0373875,-0.00952135,0.0682974,0,0,0,0,0,0,-1.20617e-12,-1.20617e-12,0,0,0,2.98156e-13,5.96311e-13,0,0,-2.98156e-13,5.96311e-13,-2.98156e-13,0.912487,1.84124e-05,0,0,0,0,2.40049e-12,2.40049e-12,0,0,0,0,2.98156e-13,-3.01544e-13,0,0,2.98156e-13,-2.98156e-13,1.84124e-05,0.912606,
3.46945e-12,0.00685822,-0.00904081,-0.000958115,0.00191064,-6.60581e-05,2.80697e-06,0,0,0.317293,-0.00523699,0.269652,6.70479e-06,-0.0334967,-0.00120447,-0.000689689,0,0,0,0.0628079,-0.00424657,-0.941608,0.00373635,-0.000893742,2.54243e-05,0,0,-0.0191718,0.621722,0.0026867,-0.0387604,-0.0077558,-0.042052,0.0094881,0,0,-3.46945e-12,-0.00408261,0.0200012,-0.0420437,-0.000640872,-0.000141056,3.57454e-06,0,0,0.269224,0.000451396,0.311813,-0.00156213,-0.0312754,-0.00053926,-0.000354192,0,0,1.16552e-12,0.0287526,-0.00175984,-2,0.000973215,-0.00606823,0.000175878,0,0,-0.0781755,-0.0335388,0.0114368,0.781103,-0.0425381,-0.0331991,0.0526433,0,0,0,0.048573,-0.0068083,2,0.0212196,0.00265693,-6.67755e-05,0,0,-0.296741,0.0141373,-0.315021,0.105359,0.340049,0.00899225,0.0146711,0,0,-2.77556e-11,0.0916166,-0.0018356,2,0.00292937,-0.066532,0.00204232,0,0,0.095949,-0.314895,-0.0193195,0.303916,0.0522425,0.517268,-0.0806131,0,0,0,-0.00541312,0.00110635,-0.334359,-0.00127297,0.00273415,1.44965e-05,0,0,-0.0114991,-0.00109555,-0.00651113,-0.013313,0.0373899,-0.00951806,0.0682927,0,0,0,0,1.19262e-12,0,0,0,0,0,0,-2.98156e-13,2.98156e-13,8.94467e-13,-2.98156e-13,-8.94467e-13,-8.94467e-13,0,0.911607,1.91551e-05,0,0,0,0,0,0,0,0,0,2.9985e-13,-2.9985e-13,0,2.9985e-13,0,2.9985e-13,2.9985e-13,1.91551e-05,0.91173,
-1.73472e-12,0.00686343,-0.00906677,-0.000717795,0.0019125,-6.5621e-05,2.79174e-06,0,0,0.317332,-0.00525368,0.26959,1.64623e-05,-0.0334815,-0.00121709,-0.000693818,0,0,0,0.0628269,-0.00425222,-0.935455,0.00373919,-0.000888229,2.53622e-05,0,0,-0.0191909,0.621724,0.00268186,-0.0387752,-0.00775177,-0.0420392,0.00948142,0,0,0,-0.0040902,0.0200455,-0.0417213,-0.000643347,-0.000141889,3.64233e-06,0,0,0.269164,0.00044538,0.311851,-0.0015597,-0.0312642,-0.000547796,-0.000355784,0,0,1.19262e-12,0.0287672,-0.0017636,-2,0.000985364,-0.00605561,0.00017615,0,0,-0.0781709,-0.0335492,0.0114429,0.781054,-0.0425204,-0.033173,0.0526016,0,0,-1.38778e-11,0.0485461,-0.00682361,2,0.0213058,0.00265542,-6.75378e-05,0,0,-0.296637,0.0141538,-0.314921,0.105335,0.339957,0.00895438,0.0147011,0,0,4.16334e-11,0.0916087,-0.00183949,2,0.0029253,-0.0665348,0.00204362,0,0,0.0958266,-0.314789,-0.0194178,0.30404,0.0522087,0.517258,-0.0805687,0,0,6.93889e-12,-0.00541036,0.0011079,-0.332067,-0.0012761,0.00273625,1.42389e-05,0,0,-0.0115148,-0.00109889,-0.00651787,-0.0133097,0.0373913,-0.00951627,0.068289,0,0,0,0,0,0,0,0,0,0,0,0,0,-2.98156e-13,2.98156e-13,-2.98156e-13,6.03087e-13,0,0.910732,1.95768e-05,0,0,1.20109e-12,0,1.20109e-12,0,0,0,0,0,2.9985e-13,2.9985e-13,-2.9985e-13,2.9985e-13,0,-2.9985e-13,1.95768e-05,0.910858,
-1.73472e-12,0.00686828,-0.00909119,-0.000478404,0.0019143,-6.52557e-05,2.78357e-06,0,0,0.317369,-0.00527026,0.269528,2.61788e-05,-0.0334666,-0.00122959,-0.000697916,0,0,-1.38778e-11,0.0628443,-0.00425776,-0.930797,0.00374152,-0.000883782,2.53146e-05,0,0,-0.0192128,0.621727,0.00267756,-0.0387837,-0.00774994,-0.0420296,0.00947676,0,0,3.46945e-12,-0.00409766,0.0200891,-0.0414586,-0.000645684,-0.000142782,3.70129e-06,0,0,0.269104,0.000439494,0.311889,-0.00155705,-0.0312533,-0.000556361,-0.00035728,0,0,-1.69407e-12,0.0287736,-0.00176756,-2,0.0009964,-0.00604677,0.000176425,0,0,-0.0781823,-0.0335525,0.0114515,0.781037,-0.0425151,-0.0331643,0.0525714,0,0,-6.93889e-12,0.048523,-0.00683806,2,0.0213804,0.00265564,-6.81422e-05,0,0,-0.296529,0.0141666,-0.314825,0.105295,0.339871,0.00892512,0.0147254,0,0,-4.16334e-11,0.0916118,-0.00184292,2,0.00292184,-0.0665373,0.00204464,0,0,0.0957272,-0.314693,-0.0195187,0.304117,0.052192,0.517272,-0.0805398,0,0,0,-0.00540813,0.00110944,-0.330288,-0.00127876,0.00273781,1.39662e-05,0,0,-0.0115313,-0.0011017,-0.00652438,-0.0133045,0.0373919,-0.00951554,0.068286,0,0,0,-1.1994e-12,0,1.1994e-12,0,1.1994e-12,0,5.64124e-11,0,0,2.98156e-13,0,6.03087e-13,6.03087e-13,-6.03087e-13,0,0.909878,1.96995e-05,0,0,0,0,0,0,0,0,0,3.00273e-13,-3.00273e-13,-2.9985e-13,0,-3.00273e-13,3.00273e-13,0,1.96995e-05,0.910004,
-1.73472e-12,0.0068728,-0.00911419,-0.000239896,0.00191598,-6.49688e-05,2.783e-06,0,0,0.317407,-0.00528672,0.269466,3.58579e-05,-0.0334521,-0.00124196,-0.000701981,0,0,2.08167e-11,0.0628607,-0.00426316,-0.92717,0.00374336,-0.000880225,2.52792e-05,0,0,-0.0192365,0.62173,0.00267363,-0.0387879,-0.00774961,-0.0420222,0.00947349,0,0,3.46945e-12,-0.00410497,0.020132,-0.0412371,-0.000647944,-0.000143735,3.75201e-06,0,0,0.269043,0.00043372,0.311926,-0.00155426,-0.0312428,-0.000564918,-0.000358707,0,0,1.51788e-12,0.0287743,-0.00177161,-2,0.00100632,-0.00604078,0.000176692,0,0,-0.0782045,-0.033551,0.0114619,0.781043,-0.0425181,-0.0331675,0.052549,0,0,0,0.0485026,-0.00685168,2,0.0214448,0.00265724,-6.85895e-05,0,0,-0.296418,0.0141767,-0.314732,0.105245,0.339791,0.00890176,0.0147459,0,0,5.55112e-11,0.0916221,-0.00184606,2,0.00291911,-0.0665399,0.0020454,0,0,0.0956436,-0.314606,-0.0196211,0.304162,0.0521868,0.517302,-0.0805215,0,0,0,-0.00540628,0.00111099,-0.328863,-0.00128102,0.00273891,1.36757e-05,0,0,-0.0115483,-0.00110413,-0.00653072,-0.0132981,0.037392,-0.00951555,0.0682835,0,0,0,0,2.3988e-12,0,0,2.3988e-12,-2.3988e-12,0,0,0,-3.01544e-13,-3.01544e-13,-3.01544e-13,0,0,0,0.90906,1.95489e-05,0,0,0,0,0,0,0,0,0,0,0,2.9985e-13,2.9985e-13,0,0,0,1.95489e-05,0.909185,
3.46945e-12,0.00687702,-0.00913588,-2.42412e-06,0.0019175,-6.47614e-05,2.79013e-06,0,0,0.317444,-0.00530308,0.269404,4.55034e-05,-0.0334378,-0.00125421,-0.000706015,0,0,6.93889e-12,0.0628765,-0.00426842,-0.924211,0.00374476,-0.000877402,2.5254e-05,0,0,-0.0192612,0.621734,0.00266994,-0.0387893,-0.0077502,-0.0420163,0.0094711,0,0,-3.46945e-12,-0.00411215,0.0201744,-0.0410426,-0.00065017,-0.000144745,3.79525e-06,0,0,0.268983,0.000428044,0.311963,-0.00155138,-0.0312325,-0.000573437,-0.000360084,0,0,-2.95445e-12,0.0287714,-0.00177566,-2,0.00101514,-0.00603685,0.000176945,0,0,-0.0782336,-0.0335465,0.0114733,0.781063,-0.0425263,-0.033178,0.0525315,0,0,2.08167e-11,0.048484,-0.0068645,2,0.0215003,0.00265994,-6.88862e-05,0,0,-0.296306,0.0141852,-0.314642,0.105189,0.339715,0.00888216,0.0147639,0,0,-1.38778e-11,0.0916369,-0.00184904,2,0.0029172,-0.066543,0.00204593,0,0,0.0955703,-0.314524,-0.019724,0.304186,0.0521889,0.517341,-0.0805099,0,0,0,-0.00540468,0.00111255,-0.327667,-0.00128297,0.00273964,1.33665e-05,0,0,-0.0115654,-0.00110629,-0.00653691,-0.0132909,0.0373917,-0.00951601,0.0682814,0,0,0,0,0,0,0,0,0,0,0,3.01544e-13,0,-2.98156e-13,-5.99699e-13,0,-2.98156e-13,0,0.90829,1.91532e-05,0,0,0,0,0,0,0,0,0,0,-2.9985e-13,-2.9985e-13,0,0,0,-2.9985e-13,1.91532e-05,0.908412,
-1.73472e-12,0.00688098,-0.0091564,0.000233726,0.00191885,-6.46307e-05,2.80471e-06,0,0,0.317482,-0.00531933,0.269341,5.51188e-05,-0.0334238,-0.00126635,-0.000710016,0,0,-2.08167e-11,0.0628919,-0.00427354,-0.921633,0.00374576,-0.000875173,2.52371e-05,0,0,-0.0192865,0.621738,0.00266639,-0.0387892,-0.0077513,-0.0420112,0.0094692,0,0,3.46945e-12,-0.0041192,0.0202163,-0.040864,-0.000652394,-0.000145808,3.83179e-06,0,0,0.268922,0.000422454,0.311999,-0.00154846,-0.0312225,-0.000581896,-0.000361427,0,0,3.61852e-12,0.0287666,-0.00177965,-2,0.00102293,-0.00603436,0.000177179,0,0,-0.0782662,-0.0335404,0.011485,0.781091,-0.0425373,-0.0331924,0.0525169,0,0,-1.38778e-11,0.0484662,-0.0068766,2,0.0215483,0.00266349,-6.90424e-05,0,0,-0.296195,0.0141926,-0.314555,0.10513,0.339642,0.00886462,0.0147804,0,0,1.38778e-11,0.0916539,-0.00185196,2,0.00291614,-0.0665467,0.00204627,0,0,0.0955026,-0.314447,-0.0198266,0.304198,0.0521947,0.517386,-0.0805019,0,0,0,-0.00540323,0.00111413,-0.326603,-0.00128465,0.00274006,1.30388e-05,0,0,-0.0115826,-0.00110829,-0.00654298,-0.0132834,0.0373913,-0.00951671,0.0682794,0,0,0,0,0,0,0,0,0,0,0,2.98156e-13,2.98156e-13,2.98156e-13,0,0,8.94467e-13,5.96311e-13,0.907576,1.85422e-05,0,0,0,0,0,0,0,0,0,5.99699e-13,5.99699e-13,-2.9985e-13,0,2.9985e-13,2.9985e-13,-2.9985e-13,1.85422e-05,0.907694,
1.73472e-12,0.0068847,-0.00917589,0.000468195,0.00192001,-6.45713e-05,2.82628e-06,0,0,0.317519,-0.00533548,0.269279,6.47073e-05,-0.0334102,-0.00127838,-0.000713984,0,0,6.93889e-12,0.0629071,-0.00427851,-0.919221,0.00374641,-0.000873414,2.52268e-05,0,0,-0.0193118,0.621742,0.00266289,-0.0387885,-0.00775255,-0.0420065,0.00946747,0,0,-3.46945e-12,-0.00412613,0.0202578,-0.0406927,-0.000654635,-0.000146918,3.86244e-06,0,0,0.268861,0.000416942,0.312036,-0.00154554,-0.0312127,-0.000590277,-0.000362747,0,0,6.35614e-12,0.028761,-0.00178353,-2,0.00102975,-0.0060328,0.00017739,0,0,-0.0783001,-0.0335338,0.0114967,0.78112,-0.042549,-0.033208,0.0525033,0,0,1.38778e-11,0.0484488,-0.00688804,2,0.02159,0.00266768,-6.90706e-05,0,0,-0.296086,0.0141995,-0.31447,0.10507,0.33957,0.00884784,0.0147963,0,0,4.16334e-11,0.0916713,-0.00185489,2,0.00291594,-0.0665512,0.00204645,0,0,0.0954373,-0.314371,-0.0199282,0.304207,0.0522017,0.517432,-0.080495,0,0,0,-0.00540186,0.00111573,-0.325598,-0.00128612,0.00274024,1.26935e-05,0,0,-0.0115996,-0.00111018,-0.00654895,-0.0132759,0.0373908,-0.00951748,0.0682775,0,0,0,0,0,0,0,0,0,0,0,0,0,0,-2.98156e-13,0,0,2.98156e-13,0.906924,1.77464e-05,0,0,0,0,0,0,0,0,0,2.9985e-13,2.9985e-13,5.99699e-13,0,0,-6.00546e-13,-2.9985e-13,1.77464e-05,0.907037,
-5.20417e-12,0.00688824,-0.00919448,0.000700589,0.00192101,-6.45764e-05,2.85423e-06,0,0,0.317556,-0.00535153,0.269216,7.42718e-05,-0.0333968,-0.00129029,-0.000717919,0,0,-6.93889e-12,0.0629223,-0.00428334,-0.91681,0.00374675,-0.00087202,2.52214e-05,0,0,-0.0193369,0.621745,0.00265939,-0.0387881,-0.0077537,-0.0420016,0.00946569,0,0,1.38778e-11,-0.00413294,0.020299,-0.0405224,-0.000656905,-0.000148069,3.88801e-06,0,0,0.2688,0.000411499,0.312073,-0.00154264,-0.0312032,-0.000598568,-0.000364056,0,0,-7.38613e-13,0.0287557,-0.00178726,-2,0.00103568,-0.00603176,0.000177576,0,0,-0.0783331,-0.0335277,0.011508,0.781148,-0.0425601,-0.0332226,0.0524893,0,0,-6.93889e-12,0.0484312,-0.0068989,2,0.0216265,0.00267232,-6.89844e-05,0,0,-0.295979,0.0142063,-0.314386,0.105012,0.339499,0.0088308,0.0148123,0,0,2.77556e-11,0.0916879,-0.00185789,2,0.00291658,-0.0665565,0.00204649,0,0,0.0953715,-0.314296,-0.0200285,0.304217,0.0522077,0.517476,-0.0804874,0,0,0,-0.0054005,0.00111735,-0.324596,-0.00128744,0.00274023,1.23321e-05,0,0,-0.0116164,-0.00111202,-0.00655485,-0.0132685,0.0373903,-0.0095182,0.0682756,0,0,0,0,0,1.20617e-12,-1.20617e-12,0,0,0,0,0,-2.98156e-13,2.98156e-13,5.96311e-13,2.98156e-13,5.96311e-13,5.96311e-13,0.906339,1.67963e-05,0,0,0,0,0,0,0,0,0,0,2.9985e-13,-2.98156e-13,0,2.98156e-13,0,5.99699e-13,1.67963e-05,0.906445,
0,0.0068916,-0.0092123,0.000930512,0.00192186,-6.46386e-05,2.88789e-06,0,0,0.317593,-0.00536748,0.269154,8.38146e-05,-0.0333836,-0.00130211,-0.000721821,0,0,1.38778e-11,0.0629377,-0.00428804,-0.914281,0.00374682,-0.000870902,2.52196e-05,0,0,-0.0193615,0.621749,0.00265584,-0.0387884,-0.00775456,-0.0419965,0.00946367,0,0,-1.73472e-12,-0.00413963,0.0203398,-0.0403486,-0.000659209,-0.000149253,3.90922e-06,0,0,0.268739,0.000406121,0.31211,-0.00153979,-0.0311939,-0.00060676,-0.000365358,0,0,7.31836e-13,0.0287513,-0.00179083,-2,0.00104079,-0.00603093,0.000177738,0,0,-0.078364,-0.0335225,0.0115187,0.781171,-0.0425694,-0.0332348,0.0524742,0,0,-1.38778e-11,0.0484133,-0.00690927,2,0.0216586,0.00267728,-6.87975e-05,0,0,-0.295876,0.0142133,-0.314305,0.104956,0.339429,0.0088128,0.0148288,0,0,4.16334e-11,0.0917027,-0.001861,2,0.00291801,-0.0665625,0.00204642,0,0,0.0953035,-0.314222,-0.020127,0.304233,0.0522113,0.517516,-0.0804779,0,0,0,-0.00539911,0.00111898,-0.323556,-0.00128862,0.00274008,1.19564e-05,0,0,-0.0116328,-0.00111387,-0.00656067,-0.0132616,0.0373899,-0.00951877,0.0682736,0,0,0,3.5982e-12,0,-3.5982e-12,3.5982e-12,3.5982e-12,0,0,0,-2.98156e-13,0,2.98156e-13,-8.94467e-13,0,-2.98156e-13,0,0.905823,1.57211e-05,0,1.20025e-12,0,-1.20025e-12,1.20025e-12,1.20025e-12,0,0,0,2.9985e-13,5.99699e-13,-2.9985e-13,2.9985e-13,0,2.9985e-13,2.9985e-13,1.57211e-05,0.905922,
3.46945e-12,0.00689482,-0.00922948,0.00115759,0.00192257,-6.47502e-05,2.92657e-06,0,0,0.31763,-0.00538333,0.269091,9.33377e-05,-0.0333708,-0.00131381,-0.000725689,0,0,1.38778e-11,0.0629534,-0.00429262,-0.911551,0.00374666,-0.000869984,2.52202e-05,0,0,-0.0193854,0.621752,0.00265221,-0.0387897,-0.007755,-0.0419909,0.00946131,0,0,-5.20417e-12,-0.00414623,0.0203804,-0.040168,-0.000661551,-0.000150465,3.92678e-06,0,0,0.268678,0.000400803,0.312146,-0.00153699,-0.0311847,-0.000614846,-0.000366659,0,0,5.20417e-12,0.0287484,-0.00179423,-2,0.00104516,-0.00603007,0.000177874,0,0,-0.0783918,-0.0335188,0.0115285,0.781187,-0.0425763,-0.0332434,0.0524571,0,0,2.08167e-11,0.0483946,-0.00691922,2,0.0216873,0.00268243,-6.85234e-05,0,0,-0.295777,0.0142208,-0.314225,0.104904,0.339359,0.0087933,0.0148461,0,0,5.55112e-11,0.091715,-0.00186425,2,0.0029202,-0.0665693,0.00204627,0,0,0.0952317,-0.314146,-0.0202236,0.304257,0.0522115,0.517551,-0.0804654,0,0,0,-0.00539766,0.00112064,-0.322452,-0.00128972,0.00273983,1.15683e-05,0,0,-0.0116488,-0.00111574,-0.00656644,-0.0132552,0.0373897,-0.00951914,0.0682716,0,0,0,0,0,-1.1994e-12,1.1994e-12,-1.1994e-12,0,0,0,0,-2.98156e-13,5.96311e-13,5.96311e-13,5.96311e-13,2.98156e-13,5.96311e-13,0.905376,1.4549e-05,0,0,0,0,0,0,0,0,0,0,-2.9985e-13,-5.99699e-13,0,0,0,-2.9985e-13,1.4549e-05,0.905468,
-1.73472e-12,0.00689792,-0.00924611,0.00138147,0.00192316,-6.49039e-05,2.96957e-06,0,0,0.317667,-0.00539909,0.269029,0.000102842,-0.0333582,-0.00132542,-0.000729523,0,0,2.08167e-11,0.0629693,-0.00429708,-0.908567,0.00374632,-0.000869205,2.52222e-05,0,0,-0.0194085,0.621755,0.00264847,-0.0387925,-0.00775493,-0.0419846,0.00945852,0,0,1.73472e-12,-0.00415272,0.0204209,-0.0399787,-0.000663929,-0.000151698,3.94131e-06,0,0,0.268617,0.000395542,0.312183,-0.00153426,-0.0311758,-0.000622823,-0.000367962,0,0,-2.04813e-12,0.0287473,-0.00179746,-2,0.00104888,-0.00602901,0.000177986,0,0,-0.0784158,-0.0335169,0.0115374,0.781195,-0.0425802,-0.0332478,0.0524376,0,0,-6.93889e-12,0.0483752,-0.00692882,2,0.0217133,0.00268767,-6.8175e-05,0,0,-0.295682,0.0142288,-0.314147,0.104857,0.339288,0.00877198,0.0148644,0,0,4.16334e-11,0.0917243,-0.00186764,2,0.00292308,-0.0665767,0.00204605,0,0,0.0951553,-0.31407,-0.0203181,0.304291,0.0522074,0.517579,-0.0804494,0,0,0,-0.00539614,0.00112232,-0.321264,-0.00129076,0.0027395,1.11698e-05,0,0,-0.0116644,-0.00111766,-0.00657215,-0.0132493,0.0373896,-0.00951925,0.0682694,0,0,0,0,0,0,0,0,0,0,0,-2.98156e-13,3.11708e-13,6.09864e-13,6.09864e-13,3.11708e-13,-2.98156e-13,-3.11708e-13,0.904998,1.33061e-05,0,0,0,0,0,0,2.40049e-12,0,0,-2.9985e-13,-2.9985e-13,0,0,-2.9985e-13,-5.99699e-13,0,1.33061e-05,0.905081,
8.67362e-13,0.00690092,-0.0092623,0.00160185,0.00192365,-6.50926e-05,3.01626e-06,0,0,0.317705,-0.00541475,0.268966,0.00011233,-0.0333458,-0.00133693,-0.000733324,0,0,6.93889e-12,0.0629856,-0.00430144,-0.905298,0.0037458,-0.000868513,2.52249e-05,0,0,-0.0194308,0.621757,0.00264462,-0.0387968,-0.00775429,-0.0419777,0.00945525,0,0,-3.46945e-12,-0.00415913,0.0204611,-0.0397795,-0.00066634,-0.000152947,3.95338e-06,0,0,0.268557,0.000390336,0.31222,-0.0015316,-0.0311671,-0.00063069,-0.00036927,0,0,-3.63885e-12,0.0287481,-0.00180051,-2,0.00105202,-0.00602762,0.000178074,0,0,-0.0784355,-0.0335168,0.0115453,0.781194,-0.0425808,-0.0332476,0.0524155,0,0,6.93889e-12,0.0483549,-0.00693816,2,0.0217372,0.00269294,-6.77644e-05,0,0,-0.295591,0.0142375,-0.31407,0.104814,0.339217,0.00874862,0.014884,0,0,-4.16334e-11,0.0917305,-0.00187119,2,0.00292659,-0.0665847,0.00204578,0,0,0.0950737,-0.313993,-0.0204103,0.304338,0.0521989,0.517601,-0.0804295,0,0,0,-0.00539452,0.00112401,-0.319982,-0.00129175,0.00273913,1.07628e-05,0,0,-0.0116795,-0.00111964,-0.00657781,-0.0132441,0.0373897,-0.00951908,0.0682671,0,0,0,0,0,2.3988e-12,0,0,2.3988e-12,0,0,0,2.98156e-13,0,0,0,0,2.98156e-13,0.904686,1.20166e-05,0,0,0,0,0,0,0,0,0,0,2.9985e-13,2.9985e-13,-2.9985e-13,-2.9985e-13,0,-2.9985e-13,1.20166e-05,0.904761,
-7.80626e-12,0.00690384,-0.00927812,0.0018185,0.00192407,-6.53098e-05,3.06601e-06,0,0,0.317742,-0.00543032,0.268904,0.000121801,-0.0333338,-0.00134834,-0.00073709,0,0,-6.93889e-12,0.0630022,-0.00430571,-0.90173,0.00374516,-0.000867868,2.52275e-05,0,0,-0.0194521,0.621759,0.00264064,-0.0388027,-0.00775306,-0.0419699,0.00945149,0,0,1.73472e-11,-0.00416545,0.0205012,-0.03957,-0.00066878,-0.000154207,3.96348e-06,0,0,0.268496,0.000385184,0.312258,-0.00152902,-0.0311585,-0.000638447,-0.000370582,0,0,3.37458e-12,0.028751,-0.00180339,-2,0.00105465,-0.00602582,0.00017814,0,0,-0.0784508,-0.0335188,0.0115521,0.781183,-0.0425781,-0.0332426,0.0523907,0,-8.53809e-13,0,0.0483336,-0.00694727,2,0.0217595,0.00269818,-6.73023e-05,0,0,-0.295505,0.0142469,-0.313994,0.104776,0.339146,0.00872316,0.0149047,0,0,4.16334e-11,0.0917332,-0.00187489,2,0.00293068,-0.0665931,0.00204548,0,0,0.0949866,-0.313913,-0.0205003,0.304396,0.0521855,0.517616,-0.0804055,0,0,0,-0.00539281,0.00112572,-0.318603,-0.00129272,0.00273874,1.0349e-05,0,0,-0.0116941,-0.00112169,-0.00658344,-0.0132395,0.03739,-0.00951862,0.0682646,0,0,0,0,0,0,0,0,0,0,0,0,-2.98156e-13,0,0,2.98156e-13,0,2.98156e-13,0.904437,1.07022e-05,0,-1.1994e-12,0,0,0,0,0,1.15224e-10,0,2.9985e-13,-2.9985e-13,2.9985e-13,2.9985e-13,0,0,0,1.07022e-05,0.904504,
-4.33681e-12,0.0069067,-0.00929366,0.0020312,0.00192443,-6.55496e-05,3.11827e-06,0,0,0.31778,-0.00544579,0.268842,0.000131256,-0.0333219,-0.00135966,-0.000740822,0,0,-2.08167e-11,0.0630192,-0.00430989,-0.897865,0.0037444,-0.00086724,2.52295e-05,0,0,-0.0194726,0.621761,0.00263653,-0.0388103,-0.00775125,-0.0419615,0.00944722,0,0,8.67362e-12,-0.0041717,0.0205411,-0.0393503,-0.000671244,-0.000155474,3.97204e-06,0,0,0.268436,0.000380084,0.312295,-0.00152651,-0.0311501,-0.000646094,-0.000371898,0,0,2.968e-12,0.0287559,-0.00180612,-2,0.00105683,-0.00602355,0.000178185,0,0,-0.0784616,-0.0335227,0.0115578,0.781164,-0.0425719,-0.0332327,0.052363,0,0,0,0.0483115,-0.00695624,2,0.0217807,0.00270334,-6.67986e-05,0,0,-0.295422,0.0142571,-0.31392,0.104742,0.339074,0.00869558,0.0149267,0,0,0,0.0917327,-0.00187874,2,0.00293528,-0.066602,0.00204516,0,0,0.094894,-0.313833,-0.020588,0.304466,0.0521675,0.517623,-0.0803774,0,0,6.93889e-12,-0.00539099,0.00112745,-0.317127,-0.00129367,0.00273833,9.93002e-06,0,0,-0.0117082,-0.00112381,-0.00658902,-0.0132356,0.0373905,-0.00951787,0.0682619,0,0,0,0,0,0,0,0,-1.19262e-12,0,0,0,2.98156e-13,-2.98156e-13,0,2.98156e-13,-2.98156e-13,0,0.904248,9.3826e-06,0,0,0,0,0,0,0,0,0,0,2.9985e-13,0,0,2.9985e-13,-8.99549e-13,5.99699e-13,9.3826e-06,0.904306,
5.20417e-12,0.0069095,-0.00930897,0.0022398,0.00192474,-6.58067e-05,3.17256e-06,0,0,0.317818,-0.00546117,0.26878,0.000140695,-0.0333103,-0.00137089,-0.000744521,0,0,0,0.0630365,-0.004314,-0.893714,0.00374356,-0.000866603,2.52306e-05,0,0,-0.0194921,0.621762,0.0026323,-0.0388194,-0.00774886,-0.0419523,0.00944247,0,0,-1.38778e-11,-0.00417787,0.020581,-0.0391208,-0.000673727,-0.000156744,3.97943e-06,0,0,0.268375,0.000375036,0.312333,-0.00152408,-0.0311419,-0.000653634,-0.00037322,0,0,1.76183e-12,0.0287629,-0.0018087,-2,0.00105864,-0.0060208,0.000178211,0,0,-0.0784682,-0.0335286,0.0115625,0.781135,-0.0425624,-0.033218,0.0523327,0,0,-6.93889e-12,0.0482884,-0.00696508,2,0.0218011,0.0027084,-6.6262e-05,0,0,-0.295344,0.0142679,-0.313848,0.104714,0.339001,0.00866595,0.0149499,0,0,1.38778e-11,0.0917289,-0.00188274,2,0.00294032,-0.0666111,0.00204482,0,0,0.094796,-0.313751,-0.0206735,0.304548,0.0521448,0.517624,-0.0803454,0,0,0,-0.00538909,0.0011292,-0.315558,-0.00129463,0.00273793,9.5074e-06,0,0,-0.0117219,-0.001126,-0.00659456,-0.0132322,0.0373911,-0.00951684,0.0682592,0,0,0,0,0,0,0,0,0,0,0,-2.98156e-13,0,2.98156e-13,2.98156e-13,-2.98156e-13,0,-2.98156e-13,0.904114,8.0753e-06,0,1.1994e-12,0,0,0,0,1.1994e-12,0,0,0,-3.01544e-13,0,0,0,0,-3.01544e-13,8.0753e-06,0.904164,
6.07153e-12,0.00691226,-0.00932411,0.0024442,0.00192504,-6.60765e-05,3.22841e-06,0,0,0.317856,-0.00547646,0.268718,0.000150117,-0.033299,-0.00138202,-0.000748186,0,0,0,0.0630542,-0.00431804,-0.889294,0.00374265,-0.000865941,2.52306e-05,0,0,-0.0195108,0.621763,0.00262794,-0.03883,-0.00774593,-0.0419424,0.00943727,0,0,-1.04083e-11,-0.00418397,0.0206208,-0.0388822,-0.000676225,-0.000158014,3.98597e-06,0,0,0.268315,0.000370041,0.31237,-0.00152173,-0.0311339,-0.000661069,-0.000374545,0,0,1.35525e-12,0.0287717,-0.00181114,-2,0.00106011,-0.00601756,0.00017822,0,0,-0.0784705,-0.0335363,0.0115662,0.781097,-0.0425498,-0.0331989,0.0522999,0,0,6.93889e-12,0.0482646,-0.00697386,2,0.0218211,0.00271334,-6.57001e-05,0,0,-0.295269,0.0142794,-0.313776,0.10469,0.338928,0.00863437,0.0149742,0,0,6.93889e-12,0.091722,-0.00188687,2,0.00294577,-0.0666205,0.00204448,0,0,0.0946929,-0.313668,-0.0207567,0.304641,0.0521178,0.517618,-0.0803096,0,0,0,-0.00538709,0.00113095,-0.313901,-0.00129559,0.00273754,9.08245e-06,0,0,-0.0117351,-0.00112826,-0.00660006,-0.0132295,0.037392,-0.00951553,0.0682563,0,0,0,0,0,0,0,0,0,0,0,-3.11708e-13,0,3.11708e-13,0,0,3.11708e-13,-3.11708e-13,0.90403,6.79555e-06,0,0,0,0,0,0,0,0,0,0,0,0,-2.9985e-13,-2.9985e-13,2.9985e-13,-2.9985e-13,6.79555e-06,0.904072,
-8.67362e-13,0.00691499,-0.00933912,0.00264433,0.00192532,-6.63549e-05,3.28546e-06,0,0,0.317894,-0.00549166,0.268656,0.000159522,-0.0332879,-0.00139306,-0.000751818,0,0,1.38778e-11,0.0630722,-0.00432203,-0.884627,0.00374169,-0.00086524,2.5229e-05,0,0,-0.0195287,0.621764,0.00262348,-0.038842,-0.0077425,-0.0419319,0.00943163,0,0,3.46945e-12,-0.00419001,0.0206605,-0.0386356,-0.00067873,-0.000159282,3.99191e-06,0,0,0.268255,0.000365097,0.312408,-0.00151944,-0.031126,-0.000668402,-0.000375872,0,0,-7.58942e-13,0.0287824,-0.00181346,-2,0.00106131,-0.00601384,0.000178214,0,0,-0.0784689,-0.0335457,0.0115689,0.781052,-0.0425343,-0.0331756,0.0522647,0,0,6.93889e-12,0.04824,-0.0069826,2,0.0218408,0.00271815,-6.51194e-05,0,0,-0.295199,0.0142916,-0.313706,0.10467,0.338855,0.00860099,0.0149995,0,0,-2.77556e-11,0.0917122,-0.00189112,2,0.00295155,-0.0666299,0.00204414,0,0,0.0945849,-0.313583,-0.0208378,0.304744,0.0520866,0.517606,-0.0802703,0,0,0,-0.005385,0.00113272,-0.312164,-0.00129657,0.00273718,8.6563e-06,0,0,-0.0117479,-0.00113058,-0.00660552,-0.0132273,0.037393,-0.00951398,0.0682532,0,0,0,-1.20617e-12,0,0,0,-1.20617e-12,0,0,0,-2.98156e-13,0,0,2.98156e-13,0,0,0,0.903992,5.55662e-06,0,0,0,0,0,0,0,0,0,0,0,0,0,0,0,0,5.55662e-06,0.904026,
-2.60209e-12,0.00691769,-0.00935404,0.00284017,0.0019256,-6.66384e-05,3.34336e-06,0,0,0.317932,-0.00550677,0.268594,0.000168909,-0.033277,-0.00140402,-0.000755417,0,0,0,0.0630904,-0.00432596,-0.879739,0.00374069,-0.000864492,2.5226e-05,0,0,-0.0195458,0.621765,0.0026189,-0.0388553,-0.0077386,-0.0419208,0.00942561,0,0,5.20417e-12,-0.00419599,0.0207002,-0.0383818,-0.00068124,-0.000160544,3.99748e-06,0,0,0.268195,0.000360206,0.312446,-0.00151723,-0.0311183,-0.000675637,-0.0003772,0,0,-1.46367e-12,0.0287947,-0.00181567,-2,0.00106227,-0.00600966,0.000178193,0,0,-0.0784636,-0.0335567,0.0115707,0.780999,-0.042516,-0.0331485,0.0522273,0,0,6.93889e-12,0.0482147,-0.00699134,2,0.0218605,0.00272283,-6.45255e-05,0,0,-0.295131,0.0143042,-0.313637,0.104654,0.338781,0.00856596,0.0150257,0,0,-4.16334e-11,0.0916997,-0.00189549,2,0.00295763,-0.0666394,0.00204381,0,0,0.0944726,-0.313497,-0.0209169,0.304857,0.0520516,0.517588,-0.0802278,0,0,0,-0.00538285,0.0011345,-0.310356,-0.00129756,0.00273683,8.22997e-06,0,0,-0.0117603,-0.00113295,-0.00661094,-0.0132257,0.0373941,-0.00951219,0.0682501,0,0,0,0,0,0,0,0,0,-1.12825e-10,0,0,-3.11708e-13,0,2.98156e-13,0,0,0,0.903994,4.36979e-06,0,0,0,0,0,0,0,0,0,0,-2.9985e-13,0,0,0,0,0,4.36979e-06,0.904021,
-2.60209e-12,0.00692037,-0.0093689,0.0030317,0.00192589,-6.6924e-05,3.40183e-06,0,0,0.31797,-0.0055218,0.268533,0.000178278,-0.0332663,-0.00141489,-0.000758983,0,0,6.93889e-12,0.063109,-0.00432984,-0.874656,0.00373966,-0.000863692,2.52213e-05,0,0,-0.0195622,0.621765,0.00261423,-0.0388699,-0.00773428,-0.0419091,0.00941923,0,0,5.20417e-12,-0.00420191,0.0207398,-0.0381219,-0.000683748,-0.000161799,4.00284e-06,0,0,0.268135,0.000355368,0.312485,-0.00151507,-0.0311108,-0.000682775,-0.000378528,0,0,-2.98156e-12,0.0288085,-0.00181778,-2,0.00106303,-0.00600505,0.00017816,0,0,-0.078455,-0.0335692,0.0115715,0.780939,-0.0424953,-0.0331178,0.052188,0,0,-6.93889e-12,0.0481888,-0.00700008,2,0.0218803,0.00272737,-6.39231e-05,0,0,-0.295067,0.0143174,-0.31357,0.104642,0.338708,0.00852944,0.0150528,0,0,-2.08167e-11,0.0916847,-0.00189995,2,0.00296397,-0.0666489,0.00204348,0,0,0.0943562,-0.313411,-0.0209939,0.304979,0.0520132,0.517564,-0.0801824,0,0,0,-0.00538062,0.00113629,-0.308487,-0.00129858,0.00273652,7.80431e-06,0,0,-0.0117724,-0.00113538,-0.00661633,-0.0132245,0.0373954,-0.00951019,0.0682468,0,0,0,1.20617e-12,1.20617e-12,0,-1.20617e-12,0,0,0,0,0,0,0,0,0,0,0,0.904032,3.24456e-06,0,-2.40049e-12,-2.40049e-12,0,2.40049e-12,0,0,0,0,0,0,0,0,0,0,0,3.24456e-06,0.904051,
6.07153e-12,0.00692303,-0.00938373,0.00321896,0.00192621,-6.72104e-05,3.46067e-06,0,0,0.318008,-0.00553673,0.268471,0.000187627,-0.0332558,-0.00142567,-0.000762517,0,0,0,0.0631277,-0.00433368,-0.869403,0.00373862,-0.000862837,2.5215e-05,0,0,-0.019578,0.621766,0.00260946,-0.0388855,-0.00772957,-0.041897,0.00941254,0,0,-1.56125e-11,-0.00420777,0.0207794,-0.0378569,-0.000686252,-0.000163046,4.00816e-06,0,0,0.268075,0.000350582,0.312523,-0.00151298,-0.0311034,-0.000689821,-0.000379855,0,0,-3.33392e-12,0.0288236,-0.0018198,-2,0.00106362,-0.00600005,0.000178116,0,0,-0.0784433,-0.033583,0.0115715,0.780873,-0.0424723,-0.0330838,0.0521469,0,0,0,0.0481624,-0.00700886,2,0.0219002,0.00273179,-6.33163e-05,0,0,-0.295007,0.014331,-0.313503,0.104633,0.338634,0.00849161,0.0150807,0,0,-3.46945e-11,0.0916675,-0.00190449,2,0.00297051,-0.0666583,0.00204318,0,0,0.0942362,-0.313323,-0.021069,0.305109,0.0519718,0.517536,-0.0801344,0,0,0,-0.00537834,0.00113809,-0.306563,-0.00129961,0.00273623,7.37999e-06,0,0,-0.011784,-0.00113785,-0.00662168,-0.0132237,0.0373968,-0.009508,0.0682435,0,0,0,-1.19262e-12,0,0,0,0,0,1.19262e-12,0,0,0,0,0,0,0,0,0.904099,2.18865e-06,0,-1.20109e-12,0,0,0,0,0,0,0,0,0,0,0,0,0,0,2.18865e-06,0.904112,
-5.20417e-12,0.00692568,-0.00939853,0.003402,0.00192655,-6.74944e-05,3.51962e-06,0,0,0.318047,-0.00555157,0.268409,0.000196956,-0.0332455,-0.00143636,-0.00076602,0,0,0,0.0631467,-0.00433748,-0.864007,0.00373756,-0.000861927,2.5207e-05,0,0,-0.0195931,0.621766,0.00260462,-0.038902,-0.00772453,-0.0418845,0.00940557,0,0,1.04083e-11,-0.00421359,0.020819,-0.0375878,-0.000688747,-0.000164283,4.01352e-06,0,0,0.268016,0.00034585,0.312561,-0.00151094,-0.0310961,-0.000696777,-0.000381178,0,0,-1.76183e-12,0.02884,-0.00182173,-2,0.00106407,-0.00599469,0.000178062,0,0,-0.0784288,-0.033598,0.0115708,0.780802,-0.0424474,-0.0330471,0.0521044,0,0,-1.38778e-11,0.0481355,-0.00701769,2,0.0219204,0.00273608,-6.27081e-05,0,0,-0.294949,0.014345,-0.313438,0.104627,0.33856,0.00845261,0.0151091,0,0,-1.38778e-11,0.0916483,-0.00190911,2,0.00297724,-0.0666675,0.00204288,0,0,0.094113,-0.313236,-0.0211423,0.305245,0.0519275,0.517504,-0.0800841,0,0,0,-0.00537602,0.0011399,-0.304595,-0.00130067,0.00273597,6.95762e-06,0,0,-0.0117954,-0.00114035,-0.00662699,-0.0132234,0.0373983,-0.00950564,0.06824,0,0,0,0,0,0,-2.3988e-12,0,0,1.12825e-10,0,0,0,0,0,0,0,-3.11708e-13,0.904191,1.20798e-06,0,0,0,0,0,0,0,0,0,0,0,0,0,0,0,2.9985e-13,1.20798e-06,0.904198,
-1.73472e-12,0.00692832,-0.00941334,0.00358086,0.00192692,-6.77738e-05,3.57853e-06,0,0,0.318085,-0.00556633,0.268348,0.000206263,-0.0332355,-0.00144696,-0.000769492,0,0,-6.93889e-12,0.0631658,-0.00434125,-0.858491,0.00373649,-0.000860962,2.51973e-05,0,0,-0.0196077,0.621765,0.0025997,-0.0389194,-0.00771919,-0.0418717,0.00939836,0,0,0,-0.00421935,0.0208585,-0.0373155,-0.00069123,-0.00016551,4.01898e-06,0,0,0.267956,0.00034117,0.3126,-0.00150896,-0.0310891,-0.000703647,-0.000382497,0,0,-3.36103e-12,0.0288573,-0.0018236,-2,0.0010644,-0.005989,0.000177999,0,0,-0.0784118,-0.033614,0.0115693,0.780725,-0.0424207,-0.0330078,0.0520605,0,0,-1.38778e-11,0.0481082,-0.00702658,2,0.0219409,0.00274025,-6.21009e-05,0,0,-0.294894,0.0143592,-0.313374,0.104623,0.338486,0.00841262,0.0151381,0,0,-4.16334e-11,0.0916272,-0.0019138,2,0.00298412,-0.0666765,0.00204261,0,0,0.0939869,-0.313147,-0.0212138,0.305388,0.0518808,0.517468,-0.0800318,0,0,0,-0.00537365,0.00114171,-0.302591,-0.00130175,0.00273574,6.53777e-06,0,0,-0.0118064,-0.00114288,-0.00663226,-0.0132234,0.0373999,-0.00950313,0.0682366,0,0,0,-1.1994e-12,0,0,0,-1.1994e-12,1.1994e-12,5.88112e-11,0,0,-2.98156e-13,0,0,0,0,0,0.904304,2.98144e-07,0,1.1994e-12,0,0,0,1.1994e-12,-1.1994e-12,1.15224e-10,0,2.9985e-13,2.9985e-13,0,0,0,-2.9985e-13,-2.9985e-13,2.98144e-07,0.904305,
3.46945e-12,0.00693095,-0.00942815,0.00375563,0.00192734,-6.80474e-05,3.63727e-06,0,0,0.318124,-0.00558101,0.268286,0.000215548,-0.0332256,-0.00145748,-0.000772933,0,0,-1.38778e-11,0.0631851,-0.00434499,-0.852877,0.00373543,-0.000859946,2.51861e-05,0,0,-0.0196218,0.621765,0.00259471,-0.0389376,-0.0077136,-0.0418585,0.00939094,0,0,-5.20417e-12,-0.00422507,0.020898,-0.0370409,-0.000693698,-0.000166724,4.02461e-06,0,0,0.267896,0.000336545,0.312638,-0.00150702,-0.0310821,-0.000710433,-0.000383811,0,0,5.58364e-12,0.0288756,-0.00182541,-2,0.00106463,-0.00598303,0.000177929,0,0,-0.0783925,-0.033631,0.011567,0.780645,-0.0423925,-0.0329663,0.0520155,0,0,1.38778e-11,0.0480807,-0.00703553,2,0.0219617,0.00274431,-6.14966e-05,0,0,-0.294841,0.0143738,-0.31331,0.104623,0.338412,0.00837176,0.0151675,0,0,2.08167e-11,0.0916045,-0.00191853,2,0.00299112,-0.0666853,0.00204235,0,0,0.0938584,-0.313058,-0.0212835,0.305536,0.051832,0.517428,-0.0799777,0,0,0,-0.00537124,0.00114353,-0.300557,-0.00130284,0.00273554,6.12085e-06,0,0,-0.0118172,-0.00114543,-0.0066375,-0.0132237,0.0374016,-0.00950049,0.068233,0,0,0,0,0,2.40557e-12,-2.40557e-12,0,0,0,0,0,0,0,0,0,0,0,0.904429,5.05463e-07,0,0,0,0,0,0,0,0,0,2.9985e-13,2.9985e-13,2.9985e-13,-2.9985e-13,2.9985e-13,-2.9985e-13,2.9985e-13,5.05464e-07,0.904433,
8.67362e-13,0.00693357,-0.00944298,0.00392638,0.00192779,-6.83142e-05,3.69572e-06,0,0,0.318163,-0.0055956,0.268225,0.000224809,-0.0332159,-0.00146792,-0.000776344,0,0,0,0.0632045,-0.0043487,-0.847185,0.00373436,-0.00085888,2.51734e-05,0,0,-0.0196354,0.621765,0.00258967,-0.0389564,-0.00770777,-0.041845,0.00938334,0,0,0,-0.00423074,0.0209375,-0.0367648,-0.00069615,-0.000167926,4.03044e-06,0,0,0.267837,0.000331973,0.312677,-0.00150513,-0.0310753,-0.000717137,-0.000385119,0,0,2.00577e-12,0.0288947,-0.00182716,-2,0.00106478,-0.0059768,0.000177852,0,0,-0.0783711,-0.0336488,0.0115641,0.78056,-0.0423629,-0.0329228,0.0519695,0,0,1.38778e-11,0.0480529,-0.00704455,2,0.0219829,0.00274827,-6.08968e-05,0,0,-0.294791,0.0143885,-0.313248,0.104624,0.338339,0.00833017,0.0151973,0,0,1.38778e-11,0.0915804,-0.00192332,2,0.00299823,-0.0666938,0.0020421,0,0,0.0937278,-0.31297,-0.0213516,0.305688,0.0517812,0.517386,-0.0799221,0,0,0,-0.00536881,0.00114536,-0.2985,-0.00130396,0.00273537,5.7072e-06,0,0,-0.0118276,-0.001148,-0.0066427,-0.0132243,0.0374034,-0.00949774,0.0682294,0,0,0,0,0,0,0,0,0,0,0,0,0,-2.98156e-13,-2.98156e-13,-2.98156e-13,0,2.98156e-13,0.904564,1.23688e-06,0,0,0,0,0,0,0,0,0,0,2.9985e-13,2.9985e-13,2.9985e-13,5.99699e-13,0,-5.99699e-13,1.23688e-06,0.904573,
8.67362e-13,0.00693619,-0.00945782,0.0040932,0.00192829,-6.85734e-05,3.75382e-06,0,0,0.318202,-0.0056101,0.268164,0.000234045,-0.0332064,-0.00147827,-0.000779725,0,0,0,0.063224,-0.00435238,-0.841433,0.0037333,-0.000857769,2.51592e-05,0,0,-0.0196486,0.621764,0.00258456,-0.0389757,-0.00770176,-0.0418314,0.0093756,0,0,-3.46945e-12,-0.00423637,0.0209769,-0.0364878,-0.000698583,-0.000169116,4.03651e-06,0,0,0.267777,0.000327455,0.312716,-0.00150328,-0.0310687,-0.000723762,-0.000386419,0,0,-1.6263e-12,0.0289144,-0.00182886,-2,0.00106486,-0.00597035,0.000177769,0,0,-0.078348,-0.0336672,0.0115606,0.780473,-0.0423321,-0.0328777,0.0519227,0,0,-6.93889e-12,0.0480249,-0.00705365,2,0.0220044,0.00275213,-6.03028e-05,0,0,-0.294743,0.0144034,-0.313187,0.104627,0.338266,0.00828798,0.0152274,0,0,-1.38778e-11,0.0915549,-0.00192814,2,0.00300542,-0.0667021,0.00204188,0,0,0.0935953,-0.312881,-0.0214181,0.305845,0.0517289,0.517341,-0.0798653,0,0,0,-0.00536637,0.00114718,-0.296427,-0.00130509,0.00273522,5.29705e-06,0,0,-0.0118378,-0.00115058,-0.00664787,-0.0132251,0.0374052,-0.00949488,0.0682258,0,0,0,0,0,0,0,0,0,0,0,0,0,2.98156e-13,2.98156e-13,2.98156e-13,2.98156e-13,-2.98156e-13,0.904708,1.88144e-06,0,0,0,0,0,0,0,0,0,2.9985e-13,0,2.9985e-13,0,2.9985e-13,5.99699e-13,-2.9985e-13,1.88144e-06,0.904721,
1.73472e-12,0.0069388,-0.00947269,0.00425616,0.00192883,-6.88245e-05,3.8115e-06,0,0,0.318241,-0.00562452,0.268102,0.000243255,-0.0331971,-0.00148854,-0.000783078,0,0,-1.38778e-11,0.0632436,-0.00435604,-0.835638,0.00373225,-0.000856614,2.51437e-05,0,0,-0.0196614,0.621763,0.00257941,-0.0389955,-0.00769558,-0.0418176,0.00936773,0,0,-3.46945e-12,-0.00424195,0.0210163,-0.0362105,-0.000700996,-0.000170293,4.04282e-06,0,0,0.267718,0.00032299,0.312755,-0.00150148,-0.0310621,-0.00073031,-0.000387711,0,0,1.73472e-12,0.0289347,-0.00183051,-2,0.00106487,-0.00596371,0.00017768,0,0,-0.0783232,-0.0336863,0.0115565,0.780382,-0.0423004,-0.032831,0.0518753,0,0,0,0.0479967,-0.00706282,2,0.0220262,0.0027559,-5.97151e-05,0,0,-0.294697,0.0144184,-0.313127,0.104632,0.338193,0.00824528,0.0152577,0,0,0,0.0915284,-0.00193299,2,0.00301268,-0.06671,0.00204167,0,0,0.0934613,-0.312792,-0.021483,0.306005,0.0516752,0.517293,-0.0798073,0,0,0,-0.0053639,0.00114902,-0.294343,-0.00130625,0.0027351,4.89059e-06,0,0,-0.0118478,-0.00115316,-0.006653,-0.0132262,0.037407,-0.00949194,0.0682222,0,0,0,2.40557e-12,-2.40557e-12,-2.40557e-12,0,2.40557e-12,2.40557e-12,-1.1994e-12,0,-2.98156e-13,0,0,0,-2.98156e-13,2.98156e-13,2.98156e-13,0.904857,2.43986e-06,0,0,0,0,0,0,0,0,0,-3.00697e-13,-3.00697e-13,0,3.00697e-13,0,0,3.00697e-13,2.43986e-06,0.904873,
0,0.0069414,-0.00948758,0.00441535,0.00192942,-6.90672e-05,3.86872e-06,0,0,0.31828,-0.00563885,0.268041,0.000252439,-0.0331879,-0.00149872,-0.000786402,0,0,1.38778e-11,0.0632633,-0.00435968,-0.829813,0.0037312,-0.000855421,2.51268e-05,0,0,-0.0196738,0.621763,0.00257421,-0.0390158,-0.00768925,-0.0418036,0.00935975,0,0,3.46945e-12,-0.00424749,0.0210557,-0.0359334,-0.000703388,-0.000171456,4.04939e-06,0,0,0.267658,0.00031858,0.312794,-0.00149971,-0.0310557,-0.000736783,-0.000388994,0,0,2.76472e-12,0.0289555,-0.00183213,-2,0.00106483,-0.0059569,0.000177587,0,0,-0.078297,-0.033706,0.0115518,0.78029,-0.0422677,-0.0327831,0.0518273,0,0,2.08167e-11,0.0479684,-0.00707207,2,0.0220484,0.00275959,-5.91346e-05,0,0,-0.294654,0.0144335,-0.313068,0.104638,0.338121,0.00820217,0.0152882,0,0,4.85723e-11,0.0915009,-0.00193787,2,0.00302,-0.0667177,0.00204148,0,0,0.0933259,-0.312703,-0.0215465,0.306167,0.0516202,0.517244,-0.0797484,0,0,-6.93889e-12,-0.00536143,0.00115085,-0.292252,-0.00130741,0.002735,4.48795e-06,0,0,-0.0118576,-0.00115575,-0.0066581,-0.0132275,0.0374089,-0.00948892,0.0682185,0,0,0,1.20617e-12,0,-1.20617e-12,0,0,1.20617e-12,0,0,0,-2.98156e-13,0,0,0,-2.98156e-13,2.98156e-13,0.905007,2.91354e-06,0,0,0,0,0,0,0,0,0,0,-2.9985e-13,0,0,3.00697e-13,-2.9985e-13,0,2.91354e-06,0.905026,
8.67362e-13,0.00694399,-0.00950249,0.00457085,0.00193006,-6.93012e-05,3.92545e-06,0,0,0.318319,-0.00565311,0.26798,0.000261595,-0.0331789,-0.00150882,-0.000789697,0,0,0,0.0632831,-0.00436329,-0.823971,0.00373016,-0.000854193,2.51086e-05,0,0,-0.0196859,0.621762,0.00256898,-0.0390364,-0.00768281,-0.0417895,0.00935169,0,0,-1.73472e-12,-0.00425299,0.0210951,-0.0356571,-0.000705757,-0.000172607,4.05621e-06,0,0,0.267599,0.000314223,0.312833,-0.00149799,-0.0310495,-0.000743183,-0.000390267,0,0,6.50521e-13,0.0289768,-0.00183371,-2,0.00106474,-0.00594995,0.00017749,0,0,-0.0782694,-0.0337261,0.0115466,0.780195,-0.0422344,-0.0327341,0.0517788,0,0,-6.93889e-12,0.0479401,-0.00708139,2,0.0220709,0.00276321,-5.85613e-05,0,0,-0.294611,0.0144486,-0.31301,0.104646,0.338049,0.00815874,0.0153187,0,0,0,0.0914725,-0.00194276,2,0.00302736,-0.066725,0.0020413,0,0,0.0931894,-0.312615,-0.0216084,0.306332,0.0515643,0.517192,-0.0796888,0,0,0,-0.00535896,0.00115269,-0.290159,-0.00130859,0.00273492,4.08921e-06,0,0,-0.0118672,-0.00115834,-0.00666317,-0.0132289,0.0374109,-0.00948584,0.0682148,0,0,0,0,-1.20279e-12,-2.40219e-12,-1.20279e-12,-1.20279e-12,1.20279e-12,0,0,0,0,2.98156e-13,-2.98156e-13,0,0,0,0.905155,3.30472e-06,0,0,-1.20025e-12,-1.20025e-12,-1.20025e-12,-1.20025e-12,1.20025e-12,-1.15224e-10,0,0,-3.00697e-13,0,-3.00697e-13,0,-3.00697e-13,2.9985e-13,3.30472e-06,0.905177,
-8.67362e-13,0.00694658,-0.00951743,0.00472275,0.00193075,-6.95263e-05,3.98167e-06,0,0,0.318358,-0.00566728,0.267918,0.000270722,-0.03317,-0.00151883,-0.000792965,0,0,-2.08167e-11,0.0633029,-0.00436689,-0.818122,0.00372913,-0.000852933,2.50893e-05,0,0,-0.0196977,0.621761,0.0025637,-0.0390573,-0.00767627,-0.0417753,0.00934356,0,0,3.46945e-12,-0.00425845,0.0211344,-0.0353819,-0.000708104,-0.000173744,4.06326e-06,0,0,0.267539,0.000309919,0.312873,-0.00149629,-0.0310433,-0.000749511,-0.000391531,0,0,3.79471e-13,0.0289983,-0.00183526,-2,0.00106461,-0.00594288,0.000177389,0,0,-0.0782407,-0.0337466,0.0115408,0.780098,-0.0422003,-0.0326841,0.0517301,0,0,6.93889e-12,0.0479117,-0.00709079,2,0.0220936,0.00276675,-5.79957e-05,0,0,-0.294571,0.0144638,-0.312953,0.104655,0.337977,0.00811505,0.0153494,0,0,2.08167e-11,0.0914433,-0.00194768,2,0.00303475,-0.0667319,0.00204114,0,0,0.0930519,-0.312526,-0.0216689,0.306499,0.0515074,0.517139,-0.0796285,0,0,-6.93889e-12,-0.00535648,0.00115454,-0.288066,-0.00130978,0.00273486,3.69441e-06,0,0,-0.0118766,-0.00116093,-0.00666822,-0.0132306,0.0374128,-0.00948271,0.0682111,0,0,0,0,-1.1994e-12,0,0,0,0,0,0,-2.98156e-13,2.98156e-13,-2.98156e-13,-2.98156e-13,0,0,0,0.9053,3.61643e-06,0,0,0,0,0,0,0,1.20025e-12,0,3.00273e-13,0,6.00546e-13,3.00273e-13,3.00273e-13,0,0,3.61643e-06,0.905323,
0,0.00694915,-0.00953239,0.00487113,0.00193149,-6.97425e-05,4.03737e-06,0,0,0.318398,-0.00568137,0.267857,0.00027982,-0.0331613,-0.00152877,-0.000796206,0,0,-6.93889e-12,0.0633227,-0.00437046,-0.812274,0.00372811,-0.000851644,2.5069e-05,0,0,-0.0197091,0.62176,0.00255838,-0.0390785,-0.00766964,-0.041761,0.00933538,0,0,3.46945e-12,-0.00426387,0.0211737,-0.0351081,-0.000710428,-0.000174869,4.07055e-06,0,0,0.26748,0.000305669,0.312912,-0.00149464,-0.0310373,-0.000755769,-0.000392784,0,0,2.71051e-12,0.0290202,-0.00183677,-2,0.00106444,-0.00593571,0.000177284,0,0,-0.0782108,-0.0337674,0.0115345,0.78,-0.0421658,-0.0326334,0.051681,0,0,1.38778e-11,0.0478834,-0.00710026,2,0.0221167,0.00277024,-5.74375e-05,0,0,-0.294532,0.0144789,-0.312896,0.104665,0.337907,0.00807117,0.01538,0,0,0,0.0914134,-0.0019526,2,0.00304218,-0.0667386,0.002041,0,0,0.0929136,-0.312438,-0.021728,0.306668,0.0514499,0.517085,-0.0795678,0,0,0,-0.005354,0.00115638,-0.285978,-0.00131099,0.00273482,3.30359e-06,0,0,-0.0118858,-0.00116351,-0.00667323,-0.0132323,0.0374148,-0.00947953,0.0682074,0,0,0,0,-1.20279e-12,1.20279e-12,-1.20279e-12,0,0,0,0,5.99699e-13,-5.99699e-13,0,0,5.99699e-13,5.99699e-13,5.99699e-13,0.905439,3.85235e-06,0,0,0,0,0,0,0,0,0,3.00273e-13,-6.00123e-13,2.9985e-13,0,9.00396e-13,9.00396e-13,0,3.85235e-06,0.905464,
-4.33681e-12,0.00695172,-0.00954737,0.00501605,0.00193227,-6.995e-05,4.09254e-06,0,0,0.318437,-0.00569538,0.267796,0.000288888,-0.0331528,-0.00153862,-0.000799421,0,0,1.38778e-11,0.0633426,-0.00437401,-0.806437,0.00372709,-0.000850329,2.50476e-05,0,0,-0.0197203,0.621759,0.00255304,-0.0390998,-0.00766295,-0.0417467,0.00932716,0,0,1.04083e-11,-0.00426925,0.021213,-0.034836,-0.000712729,-0.00017598,4.07805e-06,0,0,0.26742,0.000301471,0.312951,-0.00149301,-0.0310314,-0.000761958,-0.000394027,0,0,2.76472e-12,0.0290423,-0.00183826,-2,0.00106424,-0.00592845,0.000177177,0,0,-0.07818,-0.0337885,0.0115277,0.7799,-0.0421307,-0.0325819,0.0516318,0,0,-1.38778e-11,0.047855,-0.00710981,2,0.0221399,0.00277366,-5.68869e-05,0,0,-0.294495,0.0144941,-0.312841,0.104676,0.337836,0.00802715,0.0154107,0,0,4.16334e-11,0.091383,-0.00195753,2,0.00304962,-0.0667448,0.00204087,0,0,0.0927747,-0.312351,-0.0217857,0.306838,0.0513917,0.517029,-0.0795066,0,0,0,-0.00535153,0.00115823,-0.283896,-0.0013122,0.00273479,2.91675e-06,0,0,-0.0118948,-0.00116608,-0.00667822,-0.0132342,0.0374168,-0.00947631,0.0682037,0,0,0,0,1.1994e-12,0,0,1.1994e-12,0,1.72834e-10,0,-3.01544e-13,0,0,0,0,-3.01544e-13,0,0.90557,4.01676e-06,0,0,0,0,0,0,0,-1.15224e-10,0,0,0,0,0,0,0,0,4.01676e-06,0.905596,
2.60209e-12,0.00695428,-0.00956236,0.00515759,0.00193309,-7.01486e-05,4.1472e-06,0,0,0.318477,-0.00570931,0.267735,0.000297926,-0.0331444,-0.00154839,-0.000802609,0,0,-6.93889e-12,0.0633625,-0.00437754,-0.800615,0.00372608,-0.000848992,2.50252e-05,0,0,-0.0197313,0.621758,0.00254766,-0.0391214,-0.00765619,-0.0417324,0.0093189,0,0,-3.46945e-12,-0.00427459,0.0212522,-0.0345658,-0.000715007,-0.000177079,4.08575e-06,0,0,0.267361,0.000297327,0.312991,-0.00149142,-0.0310256,-0.000768079,-0.000395259,0,0,2.54788e-12,0.0290645,-0.00183972,-2,0.001064,-0.00592112,0.000177066,0,0,-0.0781482,-0.03381,0.0115205,0.779799,-0.0420953,-0.0325298,0.0515824,0,0,1.38778e-11,0.0478267,-0.00711941,2,0.0221634,0.00277703,-5.63437e-05,0,0,-0.294459,0.0145092,-0.312786,0.104688,0.337766,0.00798303,0.0154413,0,0,4.16334e-11,0.091352,-0.00196247,2,0.00305708,-0.0667508,0.00204075,0,0,0.0926351,-0.312263,-0.021842,0.307009,0.0513329,0.516973,-0.0794451,0,0,0,-0.00534907,0.00116008,-0.281822,-0.00131342,0.00273478,2.53386e-06,0,0,-0.0119036,-0.00116865,-0.00668318,-0.0132362,0.0374188,-0.00947305,0.0682001,0,0,0,1.1994e-12,1.1994e-12,-1.1994e-12,0,1.1994e-12,-1.1994e-12,0,0,3.00697e-13,0,0,3.00697e-13,0,-3.00697e-13,-3.00697e-13,0.905692,4.11439e-06,0,-1.20025e-12,-1.20025e-12,1.20025e-12,0,-1.20025e-12,1.20025e-12,0,0,3.00061e-13,0,0,3.00061e-13,0,-3.00061e-13,-3.00061e-13,4.11439e-06,0.905718,
6.93889e-12,0.00695683,-0.00957738,0.00529582,0.00193396,-7.03387e-05,4.20134e-06,0,0,0.318516,-0.00572317,0.267674,0.000306932,-0.0331361,-0.00155808,-0.000805771,0,0,6.93889e-12,0.0633824,-0.00438106,-0.794814,0.00372508,-0.000847634,2.50019e-05,0,0,-0.019742,0.621756,0.00254224,-0.0391431,-0.0076494,-0.041718,0.00931062,0,0,-1.38778e-11,-0.0042799,0.0212914,-0.0342978,-0.000717262,-0.000178166,4.09362e-06,0,0,0.267301,0.000293234,0.313031,-0.00148987,-0.03102,-0.000774134,-0.00039648,0,0,-1.95156e-12,0.029087,-0.00184115,-2,0.00106373,-0.00591373,0.000176953,0,0,-0.0781156,-0.0338316,0.0115127,0.779697,-0.0420595,-0.0324772,0.0515329,0,0,2.08167e-11,0.0477984,-0.00712908,2,0.0221871,0.00278036,-5.58077e-05,0,0,-0.294425,0.0145243,-0.312732,0.104701,0.337697,0.00793886,0.0154719,0,0,-4.16334e-11,0.0913205,-0.00196741,2,0.00306456,-0.0667564,0.00204064,0,0,0.0924951,-0.312177,-0.021897,0.307181,0.0512737,0.516915,-0.0793833,0,0,-6.93889e-12,-0.00534661,0.00116193,-0.279759,-0.00131465,0.00273478,2.15489e-06,0,0,-0.0119124,-0.0011712,-0.00668812,-0.0132383,0.0374208,-0.00946977,0.0681964,0,0,0,-2.40049e-12,0,-2.40049e-12,0,0,0,0,0,-3.00697e-13,0,-3.00697e-13,3.00697e-13,0,-3.00697e-13,0,0.905804,4.1504e-06,0,-2.40049e-12,0,-2.40049e-12,0,0,0,0,0,0,-2.99956e-13,2.99956e-13,-2.99956e-13,0,2.99956e-13,0,4.1504e-06,0.905831,
-8.67362e-13,0.00695936,-0.0095924,0.00543081,0.00193488,-7.05203e-05,4.25498e-06,0,0,0.318556,-0.00573694,0.267612,0.000315906,-0.0331279,-0.00156768,-0.000808908,0,0,1.38778e-11,0.0634023,-0.00438455,-0.789039,0.00372409,-0.000846258,2.49777e-05,0,0,-0.0197524,0.621755,0.0025368,-0.0391649,-0.00764256,-0.0417036,0.00930233,0,0,1.73472e-12,-0.00428517,0.0213306,-0.034032,-0.000719494,-0.00017924,4.10167e-06,0,0,0.267242,0.000289193,0.31307,-0.00148834,-0.0310144,-0.000780124,-0.00039769,0,0,-3.03577e-12,0.0291096,-0.00184256,-2,0.00106343,-0.00590629,0.000176837,0,0,-0.0780822,-0.0338534,0.0115045,0.779595,-0.0420235,-0.0324241,0.0514834,0,0,-6.93889e-12,0.0477701,-0.00713881,2,0.022211,0.00278363,-5.52786e-05,0,0,-0.294392,0.0145393,-0.312678,0.104714,0.337628,0.00789467,0.0155024,0,0,6.93889e-12,0.0912886,-0.00197236,2,0.00307204,-0.0667617,0.00204054,0,0,0.0923547,-0.31209,-0.0219507,0.307354,0.0512142,0.516856,-0.0793213,0,0,0,-0.00534416,0.00116378,-0.277707,-0.00131589,0.0027348,1.7798e-06,0,0,-0.0119209,-0.00117375,-0.00669304,-0.0132405,0.0374228,-0.00946647,0.0681927,0,0,0,0,0,0,0,0,0,0,0,0,0,0,-3.00273e-13,-2.9985e-13,0,0,0.905905,4.13016e-06,0,0,0,0,0,0,0,0,0,0,0,0,0,0,6.00123e-13,0,4.13016e-06,0.905932,
-1.73472e-12,0.00696189,-0.00960744,0.00556263,0.00193583,-7.06927e-05,4.30809e-06,0,0,0.318596,-0.00575064,0.267551,0.000324847,-0.0331199,-0.00157721,-0.000812021,0,0,-6.93889e-12,0.0634222,-0.00438802,-0.783293,0.00372311,-0.000844866,2.49528e-05,0,0,-0.0197626,0.621754,0.00253133,-0.0391868,-0.00763569,-0.0416892,0.00929403,0,0,3.46945e-12,-0.0042904,0.0213698,-0.0337686,-0.000721704,-0.000180301,4.10983e-06,0,0,0.267182,0.000285204,0.31311,-0.00148684,-0.0310089,-0.000786049,-0.000398888,0,0,-2.87314e-12,0.0291322,-0.00184395,-2,0.0010631,-0.00589881,0.00017672,0,0,-0.0780481,-0.0338754,0.0114959,0.779491,-0.0419872,-0.0323707,0.0514338,0,0,0,0.047742,-0.0071486,2,0.022235,0.00278686,-5.47561e-05,0,0,-0.294359,0.0145542,-0.312626,0.104728,0.33756,0.00785048,0.0155328,0,0,6.93889e-12,0.0912563,-0.00197731,2,0.00307953,-0.0667667,0.00204046,0,0,0.0922139,-0.312004,-0.0220031,0.307527,0.0511543,0.516797,-0.0792592,0,0,0,-0.00534173,0.00116563,-0.275668,-0.00131713,0.00273483,1.40861e-06,0,0,-0.0119294,-0.00117628,-0.00669794,-0.0132428,0.0374248,-0.00946314,0.068189,0,0,0,0,0,0,0,0,1.20025e-12,0,0,0,0,0,0,0,-2.9985e-13,-2.9985e-13,0.905995,4.0593e-06,0,0,0,0,0,0,0,0,0,0,0,3.00167e-13,0,-3.00167e-13,3.00167e-13,3.00167e-13,4.0593e-06,0.906021,
-3.46945e-12,0.0069644,-0.00962248,0.00569133,0.00193683,-7.0857e-05,4.36073e-06,0,0,0.318635,-0.00576426,0.26749,0.000333756,-0.033112,-0.00158666,-0.000815108,0,0,-6.93889e-12,0.0634422,-0.00439148,-0.77758,0.00372213,-0.000843461,2.49271e-05,0,0,-0.0197726,0.621753,0.00252584,-0.0392089,-0.0076288,-0.0416748,0.00928573,0,0,8.67362e-12,-0.00429559,0.0214089,-0.0335077,-0.000723892,-0.00018135,4.11812e-06,0,0,0.267122,0.000281266,0.31315,-0.00148538,-0.0310036,-0.00079191,-0.000400075,0,0,-7.04731e-13,0.029155,-0.00184532,-2,0.00106274,-0.0058913,0.0001766,0,0,-0.0780132,-0.0338976,0.0114867,0.779387,-0.0419507,-0.032317,0.0513843,0,0,6.93889e-12,0.0477139,-0.00715844,2,0.0222592,0.00279004,-5.42401e-05,0,0,-0.294329,0.014569,-0.312574,0.104743,0.337492,0.00780633,0.0155631,0,0,6.93889e-12,0.0912236,-0.00198225,2,0.00308702,-0.0667714,0.00204039,0,0,0.0920729,-0.311919,-0.0220542,0.307701,0.0510942,0.516737,-0.079197,0,0,0,-0.0053393,0.00116749,-0.273643,-0.00131837,0.00273486,1.04125e-06,0,0,-0.0119377,-0.0011788,-0.00670282,-0.0132452,0.0374268,-0.0094598,0.0681854,0,0,0,0,0,0,0,0,0,5.8812e-11,0,0,0,0,0,0,0,0,0.906073,3.9435e-06,0,0,0,0,0,0,0,0,0,-3.00061e-13,0,-3.00061e-13,0,3.00061e-13,0,3.00061e-13,3.9435e-06,0.906099,
0,0.0069669,-0.00963753,0.00581697,0.00193786,-7.10138e-05,4.4129e-06,0,0,0.318675,-0.0057778,0.267429,0.000342631,-0.0331042,-0.00159603,-0.000818172,0,0,-1.38778e-11,0.0634621,-0.00439491,-0.771903,0.00372115,-0.000842042,2.49007e-05,0,0,-0.0197824,0.621751,0.00252031,-0.039231,-0.00762189,-0.0416604,0.00927742,0,0,0,-0.00430075,0.021448,-0.0332494,-0.000726058,-0.000182388,4.12654e-06,0,0,0.267063,0.000277379,0.31319,-0.00148394,-0.0309983,-0.000797708,-0.00040125,0,0,3.41524e-12,0.0291778,-0.00184666,-2,0.00106235,-0.00588377,0.000176478,0,0,-0.0779776,-0.0339198,0.0114772,0.779283,-0.041914,-0.0322629,0.0513348,0,0,0,0.047686,-0.00716833,2,0.0222835,0.00279319,-5.37304e-05,0,0,-0.294299,0.0145838,-0.312523,0.104759,0.337425,0.00776223,0.0155933,0,0,1.38778e-11,0.0911907,-0.0019872,2,0.00309451,-0.0667758,0.00204032,0,0,0.0919316,-0.311834,-0.022104,0.307875,0.0510339,0.516677,-0.0791347,0,0,-6.93889e-12,-0.00533689,0.00116934,-0.271633,-0.00131962,0.00273491,6.77611e-07,0,0,-0.0119458,-0.00118131,-0.00670769,-0.0132477,0.0374289,-0.00945644,0.0681818,0,0,0,0,0,0,3.60074e-12,3.60074e-12,0,0,0,3.01544e-13,-3.01544e-13,2.9985e-13,2.9985e-13,0,-3.01544e-13,2.9985e-13,0.90614,3.7885e-06,0,-1.20025e-12,0,0,0,0,1.20025e-12,0,0,3.00061e-13,0,0,0,0,0,0,3.7885e-06,0.906164,
6.07153e-12,0.00696939,-0.00965259,0.00593961,0.00193894,-7.11632e-05,4.46463e-06,0,0,0.318715,-0.00579127,0.267368,0.000351472,-0.0330965,-0.00160532,-0.000821212,0,0,0,0.063482,-0.00439833,-0.766262,0.00372019,-0.000840613,2.48737e-05,0,0,-0.019792,0.62175,0.00251475,-0.0392531,-0.00761497,-0.0416461,0.00926913,0,0,-1.38778e-11,-0.00430587,0.021487,-0.0329937,-0.000728204,-0.000183415,4.13507e-06,0,0,0.267003,0.000273541,0.313229,-0.00148254,-0.0309931,-0.000803445,-0.000402414,0,0,4.39102e-12,0.0292006,-0.00184797,-2,0.00106194,-0.00587621,0.000176354,0,0,-0.0779414,-0.0339422,0.0114672,0.779178,-0.0418772,-0.0322086,0.0512854,0,0,6.93889e-12,0.0476581,-0.00717827,2,0.022308,0.0027963,-5.32267e-05,0,0,-0.29427,0.0145985,-0.312472,0.104775,0.337358,0.00771819,0.0156233,0,0,1.38778e-11,0.0911575,-0.00199214,2,0.00310199,-0.0667799,0.00204027,0,0,0.0917901,-0.311749,-0.0221525,0.30805,0.0509735,0.516616,-0.0790725,0,0,0,-0.00533449,0.0011712,-0.269638,-0.00132088,0.00273497,3.17642e-07,0,0,-0.0119539,-0.00118381,-0.00671254,-0.0132502,0.0374309,-0.00945307,0.0681781,0,0,0,0,0,0,0,0,0,0,0,0,0,0,0,0,0,0,0.906196,3.59999e-06,0,0,0,0,0,0,0,0,0,0,3.00061e-13,-3.00061e-13,-3.00061e-13,0,0,0,3.59999e-06,0.906219,
3.46945e-12,0.00697186,-0.00966765,0.00605931,0.00194004,-7.13055e-05,4.51592e-06,0,0,0.318756,-0.00580467,0.267307,0.000360279,-0.033089,-0.00161453,-0.000824229,0,0,1.38778e-11,0.063502,-0.00440173,-0.760661,0.00371923,-0.000839174,2.4846e-05,0,0,-0.0198014,0.621749,0.00250917,-0.0392753,-0.00760804,-0.0416317,0.00926084,0,0,-5.20417e-12,-0.00431096,0.021526,-0.0327406,-0.000730329,-0.00018443,4.14369e-06,0,0,0.266944,0.000269754,0.313269,-0.00148116,-0.030988,-0.000809121,-0.000403567,0,0,2.1684e-12,0.0292235,-0.00184927,-2,0.0010615,-0.00586864,0.000176229,0,0,-0.0779046,-0.0339647,0.0114567,0.779072,-0.0418403,-0.0321541,0.0512361,0,0,6.93889e-12,0.0476304,-0.00718825,2,0.0223325,0.00279937,-5.27289e-05,0,0,-0.294242,0.0146131,-0.312422,0.104791,0.337292,0.00767424,0.0156532,0,0,5.55112e-11,0.091124,-0.00199708,2,0.00310947,-0.0667836,0.00204022,0,0,0.0916485,-0.311665,-0.0221998,0.308224,0.0509129,0.516554,-0.0790102,0,0,0,-0.00533211,0.00117305,-0.267658,-0.00132213,0.00273504,-3.87398e-08,0,0,-0.0119618,-0.00118629,-0.00671737,-0.0132528,0.0374329,-0.00944969,0.0681745,0,0,0,0,2.40049e-12,-2.40049e-12,2.40049e-12,0,-2.40049e-12,0,0,0,0,0,0,0,0,0,0.906241,3.38354e-06,0,1.20025e-12,-2.40049e-12,2.40049e-12,-1.20025e-12,0,2.40049e-12,0,0,0,-2.9985e-13,2.9985e-13,-2.9985e-13,0,2.9985e-13,0,3.38354e-06,0.906262,
-1.73472e-12,0.00697432,-0.00968271,0.00617612,0.00194119,-7.14406e-05,4.56679e-06,0,0,0.318796,-0.00581799,0.267245,0.000369051,-0.0330815,-0.00162367,-0.000827223,0,0,2.77556e-11,0.0635219,-0.00440511,-0.7551,0.00371827,-0.000837726,2.48177e-05,0,0,-0.0198105,0.621747,0.00250356,-0.0392975,-0.0076011,-0.0416174,0.00925256,0,0,3.46945e-12,-0.00431601,0.021565,-0.0324903,-0.000732434,-0.000185434,4.1524e-06,0,0,0.266884,0.000266015,0.313309,-0.00147982,-0.030983,-0.000814736,-0.000404708,0,0,-9.21572e-13,0.0292464,-0.00185055,-2,0.00106104,-0.00586106,0.000176101,0,0,-0.0778672,-0.0339873,0.0114458,0.778967,-0.0418032,-0.0320995,0.0511868,0,0,-6.93889e-12,0.0476027,-0.00719827,2,0.0223572,0.00280242,-5.22367e-05,0,0,-0.294215,0.0146275,-0.312373,0.104808,0.337227,0.00763039,0.015683,0,0,1.38778e-11,0.0910903,-0.00200202,2,0.00311695,-0.0667871,0.00204018,0,0,0.0915067,-0.311582,-0.0222458,0.308399,0.0508522,0.516493,-0.078948,0,0,-6.93889e-12,-0.00532974,0.00117491,-0.265695,-0.00132339,0.00273511,-3.9159e-07,0,0,-0.0119696,-0.00118876,-0.0067222,-0.0132555,0.0374349,-0.00944631,0.068171,0,0,0,0,0,0,0,0,0,0,0,0,3.01544e-13,3.01544e-13,0,0,0,0,0.906276,3.14455e-06,0,0,0,0,0,0,0,0,0,0,0,0,0,0,0,0,3.14455e-06,0.906296,
-1.73472e-12,0.00697676,-0.00969777,0.00629011,0.00194236,-7.1569e-05,4.61724e-06,0,0,0.318836,-0.00583123,0.267184,0.000377788,-0.0330741,-0.00163273,-0.000830194,0,0,0,0.0635418,-0.00440846,-0.749581,0.00371732,-0.000836271,2.47889e-05,0,0,-0.0198195,0.621746,0.00249793,-0.0393197,-0.00759416,-0.0416031,0.0092443,0,0,0,-0.00432103,0.021604,-0.0322428,-0.00073452,-0.000186428,4.16117e-06,0,0,0.266825,0.000262326,0.313349,-0.0014785,-0.0309781,-0.000820291,-0.000405838,0,0,3.30682e-12,0.0292693,-0.0018518,-2,0.00106055,-0.00585347,0.000175973,0,0,-0.0778292,-0.0340099,0.0114345,0.778861,-0.0417661,-0.0320446,0.0511377,0,0,-2.08167e-11,0.0475752,-0.00720833,2,0.0223819,0.00280543,-5.175e-05,0,0,-0.294189,0.0146419,-0.312324,0.104826,0.337162,0.00758665,0.0157126,0,0,6.93889e-11,0.0910563,-0.00200695,2,0.00312442,-0.0667903,0.00204015,0,0,0.0913649,-0.311499,-0.0222906,0.308573,0.0507914,0.51643,-0.0788858,0,0,0,-0.00532739,0.00117677,-0.263748,-0.00132465,0.00273519,-7.40942e-07,0,0,-0.0119774,-0.00119122,-0.00672701,-0.0132582,0.0374369,-0.00944292,0.0681674,0,0,0,0,-1.20109e-12,0,0,-1.20109e-12,0,0,0,0,0,0,0,0,0,0,0.906301,2.88821e-06,0,0,1.20025e-12,0,0,1.20025e-12,0,0,0,0,0,0,0,0,0,0,2.88821e-06,0.906319,
2.60209e-12,0.00697919,-0.00971283,0.00640131,0.00194357,-7.16906e-05,4.66729e-06,0,0,0.318876,-0.00584441,0.267123,0.000386489,-0.0330669,-0.00164171,-0.000833143,0,0,1.38778e-11,0.0635617,-0.0044118,-0.744105,0.00371638,-0.000834809,2.47596e-05,0,0,-0.0198283,0.621744,0.00249226,-0.039342,-0.00758723,-0.0415888,0.00923606,0,0,-1.73472e-12,-0.00432601,0.0216429,-0.031998,-0.000736587,-0.000187411,4.17e-06,0,0,0.266765,0.000258685,0.31339,-0.00147721,-0.0309732,-0.000825788,-0.000406957,0,0,2.6563e-12,0.0292922,-0.00185303,-2,0.00106004,-0.00584588,0.000175843,0,0,-0.0777906,-0.0340326,0.0114228,0.778755,-0.041729,-0.0319897,0.0510887,0,0,2.08167e-11,0.0475478,-0.00721843,2,0.0224067,0.00280841,-5.12684e-05,0,0,-0.294164,0.0146562,-0.312275,0.104844,0.337098,0.00754302,0.0157421,0,0,1.38778e-11,0.0910222,-0.00201189,2,0.00313188,-0.0667933,0.00204012,0,0,0.0912229,-0.311416,-0.0223342,0.308748,0.0507306,0.516368,-0.0788237,0,0,0,-0.00532505,0.00117863,-0.261818,-0.00132592,0.00273528,-1.08685e-06,0,0,-0.011985,-0.00119367,-0.00673181,-0.0132609,0.0374389,-0.00943952,0.0681638,0,0,0,0,0,0,0,0,0,0,0,0,0,0,0,0,-2.98156e-13,-2.98156e-13,0.906317,2.61942e-06,0,0,0,0,0,0,0,0,0,0,0,0,0,3.00273e-13,0,0,2.61942e-06,0.906334,
4.33681e-12,0.0069816,-0.00972788,0.00650979,0.00194481,-7.18057e-05,4.71695e-06,0,0,0.318917,-0.00585751,0.267062,0.000395155,-0.0330597,-0.00165061,-0.00083607,0,0,0,0.0635815,-0.00441513,-0.738674,0.00371544,-0.000833341,2.47297e-05,0,0,-0.0198369,0.621743,0.00248657,-0.0393642,-0.0075803,-0.0415746,0.00922783,0,0,-1.04083e-11,-0.00433096,0.0216818,-0.031756,-0.000738635,-0.000188383,4.17888e-06,0,0,0.266705,0.000255091,0.31343,-0.00147595,-0.0309685,-0.000831226,-0.000408064,0,0,1.73472e-12,0.0293151,-0.00185424,-2,0.00105951,-0.00583829,0.000175712,0,0,-0.0777515,-0.0340554,0.0114106,0.778649,-0.0416918,-0.0319347,0.0510398,0,0,0,0.0475205,-0.00722856,2,0.0224315,0.00281136,-5.07919e-05,0,0,-0.29414,0.0146703,-0.312227,0.104862,0.337034,0.00749953,0.0157714,0,0,-2.08167e-11,0.0909879,-0.00201681,2,0.00313933,-0.0667959,0.00204011,0,0,0.0910809,-0.311334,-0.0223765,0.308922,0.0506698,0.516305,-0.0787618,0,0,0,-0.00532272,0.00118049,-0.259905,-0.00132718,0.00273538,-1.42938e-06,0,0,-0.0119925,-0.0011961,-0.00673661,-0.0132637,0.0374409,-0.00943612,0.0681603,0,0,0,0,1.1994e-12,0,1.1994e-12,0,-1.1994e-12,0,0,0,0,0,0,0,0,0,0.906325,2.3428e-06,0,1.20025e-12,-1.20025e-12,0,0,0,0,0,0,0,0,0,0,0,0,0,2.3428e-06,0.90634,
-8.67362e-13,0.006984,-0.00974294,0.0066156,0.00194608,-7.19145e-05,4.76623e-06,0,0,0.318957,-0.00587054,0.267001,0.000403785,-0.0330526,-0.00165945,-0.000838976,0,0,1.38778e-11,0.0636014,-0.00441843,-0.733287,0.0037145,-0.000831868,2.46994e-05,0,0,-0.0198453,0.621741,0.00248085,-0.0393865,-0.00757337,-0.0415604,0.00921963,0,0,3.46945e-12,-0.00433588,0.0217206,-0.0315169,-0.000740665,-0.000189345,4.1878e-06,0,0,0.266646,0.000251545,0.31347,-0.00147472,-0.0309638,-0.000836607,-0.00040916,0,0,-5.96311e-13,0.029338,-0.00185543,-2,0.00105895,-0.0058307,0.000175579,0,0,-0.0777118,-0.0340782,0.011398,0.778542,-0.0416545,-0.0318795,0.0509911,0,0,0,0.0474934,-0.00723872,2,0.0224564,0.00281428,-5.03202e-05,0,0,-0.294116,0.0146844,-0.31218,0.104881,0.336971,0.00745618,0.0158005,0,0,0,0.0909535,-0.00202174,2,0.00314677,-0.0667984,0.0020401,0,0,0.0909388,-0.311252,-0.0224177,0.309097,0.050609,0.516242,-0.0786999,0,0,0,-0.00532041,0.00118235,-0.25801,-0.00132845,0.00273548,-1.76856e-06,0,0,-0.0119999,-0.00119852,-0.0067414,-0.0132666,0.0374429,-0.00943272,0.0681568,0,0,0,0,0,0,0,0,0,0,0,0,0,0,0,0,0,0,0.906327,2.06262e-06,0,0,1.20025e-12,0,1.20025e-12,1.20025e-12,1.20025e-12,0,0,0,0,0,0,0,0,0,2.06262e-06,0.906339,
-8.67362e-12,0.00698638,-0.00975798,0.00671879,0.00194737,-7.20172e-05,4.81513e-06,0,0,0.318998,-0.0058835,0.26694,0.000412379,-0.0330456,-0.0016682,-0.000841861,0,0,2.77556e-11,0.0636212,-0.00442171,-0.727945,0.00371357,-0.00083039,2.46687e-05,0,0,-0.0198535,0.62174,0.00247511,-0.0394087,-0.00756646,-0.0415463,0.00921144,0,0,1.9082e-11,-0.00434077,0.0217594,-0.0312805,-0.000742678,-0.000190297,4.19675e-06,0,0,0.266586,0.000248046,0.31351,-0.00147352,-0.0309592,-0.000841931,-0.000410245,0,0,1.13841e-12,0.0293608,-0.0018566,-2,0.00105838,-0.00582311,0.000175445,0,0,-0.0776716,-0.0341011,0.011385,0.778436,-0.0416173,-0.0318244,0.0509425,0,0,-6.93889e-12,0.0474664,-0.00724891,2,0.0224814,0.00281718,-4.98533e-05,0,0,-0.294093,0.0146983,-0.312132,0.1049,0.336908,0.00741297,0.0158294,0,0,7.63278e-11,0.0909189,-0.00202665,2,0.00315419,-0.0668005,0.00204009,0,0,0.0907967,-0.311171,-0.0224577,0.309271,0.0505482,0.516178,-0.0786382,0,0,0,-0.00531812,0.00118421,-0.256132,-0.00132971,0.00273559,-2.10443e-06,0,0,-0.0120072,-0.00120093,-0.00674619,-0.0132695,0.0374448,-0.00942932,0.0681533,0,0,0,-1.1994e-12,0,-1.1994e-12,0,0,1.1994e-12,0,0,0,0,0,0,0,0,0,0.906322,1.7828e-06,0,-1.20025e-12,1.20025e-12,-1.20025e-12,0,0,1.20025e-12,0,0,0,0,0,0,0,0,0,1.7828e-06,0.906333,
0,0.00698875,-0.00977302,0.00681942,0.00194869,-7.21138e-05,4.86368e-06,0,0,0.319038,-0.00589639,0.266878,0.000420937,-0.0330386,-0.00167688,-0.000844725,0,0,6.93889e-12,0.063641,-0.00442498,-0.72265,0.00371265,-0.000828909,2.46375e-05,0,0,-0.0198616,0.621738,0.00246934,-0.0394309,-0.00755956,-0.0415321,0.00920329,0,0,1.73472e-12,-0.00434562,0.0217982,-0.031047,-0.000744674,-0.000191239,4.20572e-06,0,0,0.266526,0.000244593,0.313551,-0.00147235,-0.0309546,-0.000847199,-0.000411319,0,0,3.79471e-12,0.0293836,-0.00185775,-2,0.00105778,-0.00581553,0.000175311,0,0,-0.0776309,-0.0341239,0.0113716,0.778329,-0.04158,-0.0317692,0.0508942,0,0,1.38778e-11,0.0474395,-0.00725913,2,0.0225064,0.00282005,-4.9391e-05,0,0,-0.294071,0.0147122,-0.312086,0.10492,0.336845,0.00736991,0.0158582,0,0,2.77556e-11,0.0908842,-0.00203157,2,0.0031616,-0.0668024,0.00204009,0,0,0.0906545,-0.31109,-0.0224964,0.309445,0.0504874,0.516114,-0.0785766,0,0,0,-0.00531584,0.00118607,-0.254272,-0.00133098,0.0027357,-2.43706e-06,0,0,-0.0120145,-0.00120333,-0.00675097,-0.0132724,0.0374468,-0.00942592,0.0681498,0,0,0,0,0,0,0,0,0,0,0,0,0,0,0,0,0,0,0.906311,1.50688e-06,0,0,1.20025e-12,0,-1.20025e-12,-1.20025e-12,0,0,0,0,0,0,0,0,0,0,1.50688e-06,0.90632,
8.67362e-13,0.0069911,-0.00978806,0.00691754,0.00195004,-7.22047e-05,4.91187e-06,0,0,0.319079,-0.00590921,0.266817,0.000429458,-0.0330318,-0.00168549,-0.000847568,0,0,1.38778e-11,0.0636608,-0.00442822,-0.717401,0.00371173,-0.000827424,2.4606e-05,0,0,-0.0198694,0.621736,0.00246354,-0.0394531,-0.00755267,-0.0415181,0.00919515,0,0,-3.46945e-12,-0.00435045,0.0218369,-0.0308162,-0.000746654,-0.000192172,4.21472e-06,0,0,0.266467,0.000241186,0.313591,-0.00147121,-0.0309502,-0.000852412,-0.000412382,0,0,-1.35525e-12,0.0294063,-0.00185887,-2,0.00105717,-0.00580796,0.000175175,0,0,-0.0775897,-0.0341468,0.0113578,0.778223,-0.0415428,-0.0317139,0.0508459,0,0,0,0.0474128,-0.00726937,1.98665,0.0225314,0.00282289,-4.89331e-05,0,0,-0.29405,0.0147259,-0.312039,0.10494,0.336784,0.00732702,0.0158868,0,0,1.38778e-11,0.0908494,-0.00203648,2,0.00316899,-0.0668041,0.0020401,0,0,0.0905124,-0.31101,-0.022534,0.309618,0.0504267,0.516051,-0.0785152,0,0,0,-0.00531358,0.00118792,-0.25243,-0.00133224,0.00273582,-2.76647e-06,0,0,-0.0120216,-0.00120571,-0.00675574,-0.0132754,0.0374487,-0.00942252,0.0681464,0,0,0,0,0,0,0,0,0,0,0,0,0,0,0,0,0,0,0.906296,1.23801e-06,0,0,1.20025e-12,0,-1.20025e-12,0,-1.20025e-12,0,0,0,0,0,0,0,0,0,1.23801e-06,0.906304,
-3.46945e-12,0.00699343,-0.00980308,0.0070132,0.00195141,-7.22899e-05,4.95972e-06,0,0,0.31912,-0.00592197,0.266756,0.000437942,-0.033025,-0.00169403,-0.000850392,0,0,0,0.0636806,-0.00443145,-0.712201,0.00371082,-0.000825937,2.45741e-05,0,0,-0.0198771,0.621735,0.00245771,-0.0394753,-0.00754579,-0.041504,0.00918705,0,0,1.04083e-11,-0.00435524,0.0218756,-0.0305884,-0.000748617,-0.000193094,4.22372e-06,0,0,0.266407,0.000237824,0.313631,-0.00147009,-0.0309457,-0.00085757,-0.000413434,0,0,2.22261e-12,0.029429,-0.00185998,-2,0.00105654,-0.0058004,0.000175038,0,0,-0.077548,-0.0341697,0.0113435,0.778116,-0.0415056,-0.0316587,0.0507979,0,0,6.93889e-12,0.0473862,-0.00727963,1.97219,0.0225565,0.00282571,-4.84796e-05,0,0,-0.294029,0.0147395,-0.311993,0.10496,0.336723,0.0072843,0.0159153,0,0,6.245e-11,0.0908145,-0.00204138,2,0.00317636,-0.0668055,0.00204011,0,0,0.0903703,-0.31093,-0.0225705,0.309791,0.0503662,0.515987,-0.0784539,0,0,6.93889e-12,-0.00531134,0.00118978,-0.250606,-0.00133351,0.00273594,-3.09271e-06,0,0,-0.0120287,-0.00120809,-0.00676052,-0.0132784,0.0374506,-0.00941913,0.068143,0,0,0,0,1.1994e-12,0,0,0,0,-5.76084e-11,0,0,0,0,0,0,0,0,0.906278,9.78939e-07,0,0,1.20025e-12,0,0,0,0,-1.14023e-10,0,0,0,0,0,0,0,0,9.78939e-07,0.906283,
-2.60209e-12,0.00699575,-0.0098181,0.00710646,0.00195281,-7.23696e-05,5.00723e-06,0,0,0.319161,-0.00593465,0.266695,0.000446388,-0.0330182,-0.00170249,-0.000853195,0,0,1.38778e-11,0.0637003,-0.00443465,-0.707048,0.00370991,-0.000824447,2.45418e-05,0,0,-0.0198847,0.621733,0.00245186,-0.0394975,-0.00753894,-0.04149,0.00917898,0,0,5.20417e-12,-0.00436,0.0219143,-0.0303633,-0.000750565,-0.000194007,4.23274e-06,0,0,0.266347,0.000234508,0.313672,-0.001469,-0.0309414,-0.000862673,-0.000414475,0,0,-5.42101e-13,0.0294516,-0.00186107,-2,0.0010559,-0.00579286,0.000174901,0,0,-0.0775059,-0.0341926,0.0113288,0.77801,-0.0414684,-0.0316035,0.0507501,0,0,-6.93889e-12,0.0473597,-0.00728992,1.95787,0.0225816,0.00282851,-4.80304e-05,0,0,-0.294008,0.014753,-0.311948,0.104981,0.336662,0.00724176,0.0159435,0,0,1.38778e-11,0.0907796,-0.00204628,2,0.00318371,-0.0668067,0.00204013,0,0,0.0902282,-0.310851,-0.0226058,0.309964,0.0503057,0.515923,-0.0783929,0,0,0,-0.00530911,0.00119164,-0.2488,-0.00133477,0.00273607,-3.41582e-06,0,0,-0.0120357,-0.00121045,-0.00676529,-0.0132815,0.0374526,-0.00941574,0.0681395,0,0,0,0,0,0,0,0,0,0,0,0,0,0,0,0,0,0,0.906256,7.3206e-07,0,1.20025e-12,0,0,0,0,-1.20025e-12,0,0,0,0,0,0,0,0,0,7.32059e-07,0.90626,
-2.60209e-12,0.00699805,-0.00983311,0.00719737,0.00195423,-7.2444e-05,5.05441e-06,0,0,0.319202,-0.00594727,0.266634,0.000454798,-0.0330116,-0.00171088,-0.00085598,0,0,0,0.0637201,-0.00443784,-0.701944,0.00370901,-0.000822956,2.45093e-05,0,0,-0.019892,0.621732,0.00244598,-0.0395196,-0.00753211,-0.0414761,0.00917093,0,0,8.67362e-12,-0.00436473,0.0219529,-0.0301411,-0.000752498,-0.000194911,4.24176e-06,0,0,0.266287,0.000231236,0.313712,-0.00146794,-0.0309371,-0.000867723,-0.000415506,0,0,-3.36103e-12,0.0294742,-0.00186213,-2,0.00105523,-0.00578533,0.000174763,0,0,-0.0774632,-0.0342155,0.0113138,0.777904,-0.0414313,-0.0315484,0.0507024,0,0,6.93889e-12,0.0473334,-0.00730022,1.9437,0.0226067,0.00283128,-4.75853e-05,0,0,-0.293988,0.0147663,-0.311903,0.105002,0.336602,0.0071994,0.0159715,0,0,-2.08167e-11,0.0907446,-0.00205117,2,0.00319105,-0.0668077,0.00204015,0,0,0.0900862,-0.310772,-0.0226399,0.310137,0.0502453,0.515858,-0.0783321,0,0,6.93889e-12,-0.00530689,0.0011935,-0.247012,-0.00133604,0.00273621,-3.73582e-06,0,0,-0.0120426,-0.00121279,-0.00677007,-0.0132845,0.0374545,-0.00941235,0.0681362,0,0,0,0,0,0,0,0,2.40219e-12,0,0,0,0,0,0,0,0,0,0.906233,4.99366e-07,0,0,0,0,0,0,0,0,0,3.00273e-13,0,0,0,0,0,0,4.99366e-07,0.906236,
-1.73472e-12,0.00700033,-0.00984811,0.00728598,0.00195567,-7.25132e-05,5.10127e-06,0,0,0.319243,-0.00595982,0.266572,0.000463171,-0.033005,-0.00171921,-0.000858745,0,0,2.08167e-11,0.0637397,-0.00444101,-0.696889,0.00370811,-0.000821463,2.44764e-05,0,0,-0.0198992,0.62173,0.00244007,-0.0395416,-0.00752529,-0.0414622,0.00916292,0,0,1.73472e-12,-0.00436943,0.0219915,-0.0299217,-0.000754415,-0.000195806,4.25078e-06,0,0,0.266227,0.000228008,0.313753,-0.00146691,-0.0309329,-0.00087272,-0.000416526,0,0,-8.13152e-13,0.0294967,-0.00186317,-2,0.00105456,-0.00577781,0.000174624,0,0,-0.0774202,-0.0342384,0.0112983,0.777798,-0.0413942,-0.0314933,0.050655,0,0,-1.38778e-11,0.0473073,-0.00731054,1.92967,0.0226319,0.00283403,-4.71443e-05,0,0,-0.293969,0.0147796,-0.311857,0.105023,0.336542,0.00715723,0.0159994,0,0,3.46945e-11,0.0907095,-0.00205606,2,0.00319836,-0.0668085,0.00204018,0,0,0.0899442,-0.310693,-0.0226729,0.310309,0.0501851,0.515794,-0.0782715,0,0,0,-0.0053047,0.00119536,-0.245242,-0.0013373,0.00273635,-4.05278e-06,0,0,-0.0120495,-0.00121513,-0.00677484,-0.0132876,0.0374564,-0.00940897,0.0681328,0,0,0,0,0,0,0,0,0,-3.60158e-12,0,0,0,0,0,0,0,0,0.906208,2.82333e-07,0,0,-1.20025e-12,1.20025e-12,0,0,-1.20025e-12,-1.16423e-10,0,0,0,0,0,0,0,0,2.82334e-07,0.906209,
-2.60209e-12,0.0070026,-0.0098631,0.00737236,0.00195713,-7.25775e-05,5.14782e-06,0,0,0.319284,-0.0059723,0.266511,0.000471505,-0.0329985,-0.00172746,-0.000861491,0,0,0,0.0637594,-0.00444417,-0.691884,0.00370721,-0.00081997,2.44433e-05,0,0,-0.0199063,0.621728,0.00243413,-0.0395636,-0.00751851,-0.0414483,0.00915494,0,0,5.20417e-12,-0.0043741,0.0220301,-0.0297051,-0.000756319,-0.000196692,4.2598e-06,0,0,0.266167,0.000224823,0.313794,-0.00146591,-0.0309287,-0.000877665,-0.000417535,0,0,-6.93889e-12,0.0295191,-0.0018642,-2,0.00105387,-0.00577032,0.000174484,0,0,-0.0773767,-0.0342612,0.0112824,0.777692,-0.0413572,-0.0314382,0.0506078,0,0,-1.38778e-11,0.0472812,-0.00732087,1.9158,0.0226571,0.00283676,-4.67072e-05,0,0,-0.29395,0.0147927,-0.311813,0.105044,0.336483,0.00711526,0.0160271,0,0,-5.55112e-11,0.0906744,-0.00206094,2,0.00320564,-0.066809,0.00204021,0,0,0.0898023,-0.310615,-0.0227048,0.31048,0.050125,0.51573,-0.0782111,0,0,-6.93889e-12,-0.00530252,0.00119722,-0.243492,-0.00133857,0.00273649,-4.36672e-06,0,0,-0.0120563,-0.00121745,-0.00677962,-0.0132907,0.0374582,-0.0094056,0.0681294,0,0,0,0,0,0,0,0,0,0,0,0,0,0,0,0,0,2.9985e-13,0.906182,8.07642e-08,0,0,0,0,0,0,0,0,0,0,0,0,0,0,0,0,8.07645e-08,0.906182,
3.46945e-12,0.00700485,-0.00987808,0.00745655,0.00195861,-7.26368e-05,5.19405e-06,0,0,0.319325,-0.00598472,0.26645,0.000479803,-0.032992,-0.00173564,-0.000864219,0,0,0,0.063779,-0.0044473,-0.68693,0.00370633,-0.000818476,2.44099e-05,0,0,-0.0199132,0.621727,0.00242817,-0.0395855,-0.00751175,-0.0414345,0.009147,0,0,-6.93889e-12,-0.00437874,0.0220686,-0.0294914,-0.000758208,-0.000197569,4.26881e-06,0,0,0.266108,0.000221682,0.313834,-0.00146493,-0.0309246,-0.000882558,-0.000418533,0,0,-6.50521e-13,0.0295414,-0.0018652,-2,0.00105317,-0.00576284,0.000174345,0,0,-0.0773328,-0.0342841,0.0112662,0.777586,-0.0413203,-0.0313833,0.0505608,3.79471e-13,0,6.93889e-12,0.0472554,-0.00733122,1.90207,0.0226822,0.00283948,-4.62741e-05,0,0,-0.293932,0.0148057,-0.311768,0.105066,0.336424,0.00707349,0.0160545,0,0,1.38778e-11,0.0906393,-0.00206581,2,0.0032129,-0.0668093,0.00204025,0,0,0.0896605,-0.310537,-0.0227356,0.310651,0.0500652,0.515666,-0.078151,-6.93889e-12,0,0,-0.00530035,0.00119907,-0.24176,-0.00133983,0.00273664,-4.67766e-06,0,0,-0.012063,-0.00121977,-0.0067844,-0.0132939,0.0374601,-0.00940224,0.0681261,0,0,0,0,0,1.20109e-12,0,0,-1.20109e-12,0,0,0,0,0,0,0,0,0,0.906155,9.85161e-08,0,-1.20025e-12,0,-3.60074e-12,0,0,3.60074e-12,0,0,0,0,0,0,0,0,0,9.85158e-08,0.906156,
8.67362e-13,0.00700709,-0.00989305,0.00753861,0.00196011,-7.26914e-05,5.23999e-06,0,0,0.319366,-0.00599708,0.266389,0.000488062,-0.0329856,-0.00174375,-0.000866929,0,0,1.38778e-11,0.0637987,-0.00445041,-0.682026,0.00370544,-0.000816982,2.43763e-05,0,0,-0.0199199,0.621725,0.00242219,-0.0396074,-0.00750502,-0.0414208,0.0091391,0,0,-1.73472e-12,-0.00438335,0.0221071,-0.0292805,-0.000760084,-0.000198437,4.27782e-06,0,0,0.266048,0.000218583,0.313875,-0.00146398,-0.0309205,-0.000887401,-0.000419522,0,0,4.33681e-13,0.0295637,-0.00186619,-2,0.00105246,-0.00575539,0.000174204,0,0,-0.0772885,-0.0343069,0.0112495,0.777481,-0.0412836,-0.0313285,0.050514,0,0,0,0.0472297,-0.00734158,1.88849,0.0227074,0.00284217,-4.58448e-05,0,0,-0.293914,0.0148185,-0.311724,0.105088,0.336366,0.00703193,0.0160818,0,0,2.08167e-11,0.0906042,-0.00207068,2,0.00322013,-0.0668095,0.00204029,0,0,0.0895188,-0.31046,-0.0227653,0.310822,0.0500055,0.515602,-0.0780912,0,0,0,-0.00529821,0.00120093,-0.240047,-0.00134109,0.00273679,-4.98564e-06,0,0,-0.0120696,-0.00122207,-0.00678918,-0.013297,0.0374619,-0.00939888,0.0681228,0,0,0,0,0,0,0,-2.40049e-12,2.40049e-12,0,0,0,0,0,0,0,2.9985e-13,0,0.906129,2.61858e-07,0,0,0,0,0,0,0,0,0,0,0,0,0,0,0,0,2.61858e-07,0.906131,
8.67362e-13,0.0070093,-0.009908,0.0076186,0.00196163,-7.27413e-05,5.28563e-06,0,0,0.319407,-0.00600937,0.266327,0.000496283,-0.0329792,-0.00175179,-0.000869622,0,0,-6.93889e-12,0.0638182,-0.00445351,-0.677174,0.00370457,-0.000815489,2.43425e-05,0,0,-0.0199265,0.621723,0.00241617,-0.0396292,-0.00749832,-0.0414071,0.00913123,0,0,-1.73472e-12,-0.00438794,0.0221456,-0.0290724,-0.000761946,-0.000199297,4.28681e-06,0,0,0.265988,0.000215527,0.313916,-0.00146306,-0.0309165,-0.000892193,-0.000420499,0,0,1.78893e-12,0.0295858,-0.00186716,-2,0.00105174,-0.00574796,0.000174064,0,0,-0.0772438,-0.0343296,0.0112325,0.777376,-0.0412469,-0.0312738,0.0504675,0,0,0,0.0472041,-0.00735195,1.87507,0.0227326,0.00284485,-4.54192e-05,0,0,-0.293896,0.0148313,-0.31168,0.10511,0.336308,0.00699059,0.0161088,0,0,-2.08167e-11,0.0905691,-0.00207554,2,0.00322734,-0.0668094,0.00204033,0,0,0.0893772,-0.310383,-0.0227939,0.310992,0.049946,0.515538,-0.0780316,0,0,0,-0.00529608,0.00120279,-0.238352,-0.00134235,0.00273694,-5.29072e-06,0,0,-0.0120762,-0.00122436,-0.00679397,-0.0133002,0.0374638,-0.00939554,0.0681195,0,0,0,0,0,0,0,0,0,0,0,0,0,0,0,0,0,0,0.906103,4.0617e-07,0,0,0,0,0,0,0,0,0,0,0,0,0,0,0,0,4.0617e-07,0.906106,
3.46945e-12,0.0070115,-0.00992295,0.00769657,0.00196316,-7.27868e-05,5.33098e-06,0,0,0.319449,-0.0060216,0.266266,0.000504467,-0.0329729,-0.00175976,-0.000872296,0,0,-6.93889e-12,0.0638378,-0.00445659,-0.672374,0.0037037,-0.000813996,2.43084e-05,0,0,-0.019933,0.621721,0.00241013,-0.0396509,-0.00749165,-0.0413935,0.00912341,0,0,-1.21431e-11,-0.00439249,0.022184,-0.0288672,-0.000763796,-0.000200149,4.29578e-06,0,0,0.265928,0.000212512,0.313956,-0.00146216,-0.0309125,-0.000896935,-0.000421467,0,0,-6.17995e-12,0.0296078,-0.0018681,-2,0.00105102,-0.00574055,0.000173923,0,0,-0.0771987,-0.0343523,0.0112151,0.777271,-0.0412103,-0.0312193,0.0504213,0,0,-6.93889e-12,0.0471787,-0.00736233,1.8618,0.0227579,0.00284751,-4.49974e-05,0,0,-0.293879,0.0148439,-0.311636,0.105132,0.336251,0.00694948,0.0161356,0,0,-4.16334e-11,0.0905341,-0.00208039,2,0.00323451,-0.0668091,0.00204038,0,0,0.0892358,-0.310307,-0.0228214,0.311161,0.0498867,0.515474,-0.0779723,0,0,0,-0.00529397,0.00120464,-0.236677,-0.00134361,0.0027371,-5.59291e-06,0,0,-0.0120828,-0.00122663,-0.00679876,-0.0133034,0.0374656,-0.00939221,0.0681163,0,0,0,0,0,0,0,0,0,1.15224e-10,0,0,0,0,0,0,0,0,0.906078,5.31504e-07,0,0,0,0,0,0,0,-1.20025e-12,0,-3.00061e-13,3.00061e-13,0,3.00061e-13,0,0,0,5.31504e-07,0.906082,
4.33681e-12,0.00701369,-0.00993788,0.00777257,0.00196471,-7.2828e-05,5.37605e-06,0,0,0.31949,-0.00603376,0.266205,0.000512612,-0.0329666,-0.00176767,-0.000874954,0,0,-3.46945e-11,0.0638573,-0.00445965,-0.667626,0.00370283,-0.000812505,2.42742e-05,0,0,-0.0199393,0.62172,0.00240407,-0.0396725,-0.00748502,-0.04138,0.00911562,0,0,-1.21431e-11,-0.00439702,0.0222224,-0.0286648,-0.000765632,-0.000200992,4.30474e-06,0,0,0.265868,0.000209539,0.313997,-0.00146129,-0.0309086,-0.000901629,-0.000422424,0,0,1.35525e-12,0.0296297,-0.00186903,-2,0.00105028,-0.00573318,0.000173782,0,0,-0.0771533,-0.034375,0.0111973,0.777166,-0.0411739,-0.0311649,0.0503753,0,0,-6.93889e-12,0.0471535,-0.00737271,1.84868,0.0227831,0.00285015,-4.45793e-05,0,0,-0.293862,0.0148563,-0.311593,0.105154,0.336194,0.0069086,0.0161623,0,0,-5.55112e-11,0.090499,-0.00208524,2,0.00324166,-0.0668086,0.00204043,0,0,0.0890946,-0.310231,-0.0228478,0.311329,0.0498278,0.51541,-0.0779133,0,0,0,-0.00529188,0.00120649,-0.235021,-0.00134487,0.00273726,-5.89223e-06,0,0,-0.0120893,-0.0012289,-0.00680356,-0.0133066,0.0374674,-0.00938889,0.0681131,0,0,0,0,0,0,0,0,0,0,0,0,0,0,0,0,0,0,0.906055,6.38092e-07,0,0,0,0,0,0,0,0,0,0,0,0,0,0,0,0,6.38092e-07,0.90606,
6.93889e-12,0.00701585,-0.0099528,0.00784667,0.00196628,-7.28649e-05,5.42084e-06,0,0,0.319532,-0.00604587,0.266143,0.000520719,-0.0329604,-0.0017755,-0.000877595,0,0,-6.93889e-12,0.0638767,-0.00446269,-0.662932,0.00370197,-0.000811015,2.42399e-05,0,0,-0.0199454,0.621718,0.00239798,-0.0396941,-0.00747843,-0.0413665,0.00910788,0,0,-1.73472e-11,-0.00440152,0.0222608,-0.0284652,-0.000767457,-0.000201827,4.31368e-06,0,0,0.265808,0.000206607,0.314038,-0.00146044,-0.0309047,-0.000906274,-0.000423371,0,0,-3.41524e-12,0.0296515,-0.00186994,-2,0.00104954,-0.00572583,0.000173641,0,0,-0.0771076,-0.0343976,0.0111791,0.777062,-0.0411377,-0.0311107,0.0503295,0,0,6.93889e-12,0.0471285,-0.00738311,1.83571,0.0228083,0.00285278,-4.41647e-05,0,0,-0.293845,0.0148687,-0.311549,0.105177,0.336137,0.00686796,0.0161887,0,0,-4.16334e-11,0.0904641,-0.00209007,2,0.00324877,-0.0668079,0.00204048,0,0,0.0889535,-0.310156,-0.0228732,0.311497,0.049769,0.515346,-0.0778547,0,0,-6.93889e-12,-0.0052898,0.00120835,-0.233385,-0.00134612,0.00273742,-6.18873e-06,0,0,-0.0120957,-0.00123115,-0.00680836,-0.0133098,0.0374691,-0.00938558,0.0681099,0,0,0,0,0,0,0,-1.20025e-12,0,0,0,0,0,0,0,0,0,0,0.906034,7.26393e-07,0,0,0,0,0,0,0,0,0,0,0,0,0,0,0,0,7.26392e-07,0.906039,
8.67362e-13,0.007018,-0.00996771,0.00791892,0.00196786,-7.28978e-05,5.46535e-06,0,0,0.319574,-0.00605791,0.266082,0.000528788,-0.0329542,-0.00178328,-0.000880219,0,0,6.93889e-12,0.0638962,-0.00446572,-0.65829,0.00370112,-0.000809527,2.42054e-05,0,0,-0.0199515,0.621716,0.00239187,-0.0397155,-0.00747187,-0.041353,0.00910019,0,0,-1.73472e-12,-0.00440599,0.0222991,-0.0282685,-0.000769269,-0.000202655,4.3226e-06,0,0,0.265747,0.000203715,0.314079,-0.00145963,-0.0309008,-0.000910871,-0.000424308,0,0,1.6263e-13,0.0296732,-0.00187084,-2,0.0010488,-0.00571851,0.000173501,0,0,-0.0770615,-0.0344201,0.0111605,0.776959,-0.0411016,-0.0310567,0.0502841,-4.33681e-13,-4.33681e-13,6.93889e-12,0.0471036,-0.0073935,1.82291,0.0228335,0.0028554,-4.37537e-05,0,0,-0.293829,0.0148809,-0.311506,0.105199,0.336082,0.00682756,0.0162148,3.46945e-12,3.46945e-12,6.93889e-12,0.0904291,-0.0020949,2,0.00325584,-0.066807,0.00204054,0,0,0.0888126,-0.310081,-0.0228976,0.311664,0.0497106,0.515282,-0.0777964,0,0,0,-0.00528774,0.0012102,-0.231768,-0.00134737,0.00273759,-6.48244e-06,0,0,-0.0121021,-0.00123339,-0.00681317,-0.013313,0.0374709,-0.00938229,0.0681067,0,0,0,-2.40049e-12,0,0,0,0,0,0,0,0,0,0,0,0,0,0,0.906015,7.96984e-07,0,0,0,0,0,0,0,0,0,0,0,0,0,3.00061e-13,0,0,7.96984e-07,0.90602,
2.60209e-12,0.00702013,-0.00998261,0.00798937,0.00196946,-7.29266e-05,5.5096e-06,0,0,0.319615,-0.00606989,0.26602,0.000536818,-0.032948,-0.00179098,-0.000882827,0,0,0,0.0639156,-0.00446873,-0.653704,0.00370028,-0.000808041,2.41707e-05,0,0,-0.0199574,0.621715,0.00238573,-0.0397368,-0.00746536,-0.0413397,0.00909254,0,0,-8.67362e-12,-0.00441044,0.0223374,-0.0280746,-0.00077107,-0.000203474,4.3315e-06,0,0,0.265687,0.000200863,0.31412,-0.00145883,-0.030897,-0.000915422,-0.000425234,0,0,-2.54788e-12,0.0296947,-0.00187171,-2,0.00104805,-0.00571123,0.00017336,0,0,-0.0770151,-0.0344425,0.0111416,0.776856,-0.0410656,-0.0310029,0.0502389,0,0,-1.38778e-11,0.0470788,-0.0074039,1.81026,0.0228587,0.00285801,-4.33462e-05,0,0,-0.293813,0.0148929,-0.311463,0.105222,0.336026,0.00678742,0.0162408,0,0,-3.46945e-11,0.0903943,-0.00209972,2,0.00326289,-0.0668059,0.00204059,0,0,0.088672,-0.310006,-0.0229209,0.31183,0.0496524,0.515219,-0.0777384,0,0,0,-0.0052857,0.00121205,-0.23017,-0.00134862,0.00273776,-6.77337e-06,0,0,-0.0121084,-0.00123562,-0.00681799,-0.0133162,0.0374726,-0.00937902,0.0681035,0,0,0,0,1.20025e-12,1.20025e-12,0,0,-1.20025e-12,-5.76118e-11,0,0,0,0,0,2.9985e-13,2.9985e-13,0,0.905997,8.50694e-07,0,0,-1.20025e-12,-1.20025e-12,0,0,1.20025e-12,0,0,0,0,3.00061e-13,3.00061e-13,0,3.00061e-13,3.00061e-13,8.50695e-07,0.906003,
-1.73472e-12,0.00702225,-0.00999749,0.00805808,0.00197107,-7.29516e-05,5.55359e-06,0,0,0.319657,-0.00608181,0.265959,0.000544809,-0.0329419,-0.00179862,-0.000885419,0,0,0,0.0639349,-0.00447172,-0.649171,0.00369944,-0.000806558,2.4136e-05,0,0,-0.0199631,0.621713,0.00237956,-0.0397581,-0.00745889,-0.0413264,0.00908494,0,0,3.46945e-12,-0.00441485,0.0223756,-0.0278835,-0.000772859,-0.000204286,4.34037e-06,0,0,0.265627,0.000198051,0.314161,-0.00145806,-0.0308933,-0.000919925,-0.000426151,0,0,-4.39102e-12,0.029716,-0.00187257,-2,0.00104731,-0.00570398,0.000173219,0,0,-0.0769684,-0.0344648,0.0111224,0.776753,-0.0410299,-0.0309494,0.050194,0,0,0,0.0470543,-0.0074143,1.79777,0.0228839,0.0028606,-4.29421e-05,0,0,-0.293797,0.0149048,-0.31142,0.105245,0.335971,0.00674753,0.0162665,0,0,-2.77556e-11,0.0903596,-0.00210453,2,0.00326989,-0.0668046,0.00204066,0,0,0.0885316,-0.309932,-0.0229432,0.311995,0.0495946,0.515156,-0.0776808,0,0,0,-0.00528368,0.0012139,-0.228593,-0.00134987,0.00273793,-7.06158e-06,0,0,-0.0121147,-0.00123784,-0.00682281,-0.0133194,0.0374743,-0.00937576,0.0681004,0,0,0,0,0,0,1.20025e-12,-1.20025e-12,1.20025e-12,5.76114e-11,0,0,0,0,0,0,0,0,0.905982,8.88439e-07,0,0,0,0,0,0,0,0,0,0,0,0,0,0,0,0,8.88439e-07,0.905988,
0,0.00702434,-0.0100124,0.00812511,0.00197269,-7.29728e-05,5.59731e-06,0,0,0.319699,-0.00609367,0.265898,0.000552762,-0.0329358,-0.00180619,-0.000887995,0,0,0,0.0639542,-0.00447469,-0.644694,0.0036986,-0.000805078,2.41012e-05,0,0,-0.0199688,0.621711,0.00237338,-0.0397792,-0.00745247,-0.0413132,0.00907739,0,0,5.20417e-12,-0.00441925,0.0224139,-0.0276953,-0.000774637,-0.000205091,4.34921e-06,0,0,0.265567,0.000195278,0.314202,-0.00145732,-0.0308896,-0.000924383,-0.000427058,0,0,-5.42101e-14,0.0297373,-0.00187341,-2,0.00104656,-0.00569677,0.000173079,0,0,-0.0769215,-0.0344871,0.0111027,0.776651,-0.0409944,-0.0308961,0.0501495,0,0,1.73472e-11,0.0470299,-0.0074247,1.78543,0.0229091,0.00286319,-4.25414e-05,0,0,-0.293781,0.0149166,-0.311377,0.105268,0.335917,0.00670792,0.016292,0,0,1.38778e-11,0.090325,-0.00210933,2,0.00327686,-0.0668032,0.00204072,0,0,0.0883914,-0.309858,-0.0229645,0.31216,0.0495371,0.515093,-0.0776236,0,0,0,-0.00528168,0.00121575,-0.227035,-0.00135112,0.00273811,-7.34707e-06,0,0,-0.012121,-0.00124004,-0.00682765,-0.0133226,0.037476,-0.00937252,0.0680973,0,0,0,0,0,0,0,0,0,0,0,0,0,0,0,0,0,0,0.905969,9.11285e-07,0,0,0,0,0,0,0,0,0,0,0,0,0,0,0,0,9.11285e-07,0.905975,
-3.46945e-12,0.00702642,-0.0100272,0.00819052,0.00197433,-7.29903e-05,5.64079e-06,0,0,0.319741,-0.00610547,0.265836,0.000560677,-0.0329298,-0.0018137,-0.000890556,0,0,-6.93889e-12,0.0639735,-0.00447765,-0.640272,0.00369778,-0.000803602,2.40663e-05,0,0,-0.0199743,0.62171,0.00236717,-0.0398002,-0.00744609,-0.0413,0.00906989,0,0,5.20417e-12,-0.00442361,0.0224521,-0.0275098,-0.000776404,-0.000205888,4.35803e-06,0,0,0.265507,0.000192544,0.314243,-0.0014566,-0.0308859,-0.000928796,-0.000427954,0,0,1.0842e-13,0.0297583,-0.00187423,-2,0.00104581,-0.00568959,0.000172939,0,0,-0.0768743,-0.0345092,0.0110828,0.776549,-0.040959,-0.0308431,0.0501052,0,0,-2.08167e-11,0.0470057,-0.0074351,1.77326,0.0229343,0.00286576,-4.2144e-05,0,0,-0.293765,0.0149282,-0.311334,0.105291,0.335863,0.00666857,0.0163173,0,0,6.93889e-12,0.0902905,-0.00211412,2,0.00328378,-0.0668015,0.00204079,0,0,0.0882515,-0.309785,-0.0229848,0.312323,0.04948,0.51503,-0.0775667,0,0,0,-0.00527969,0.00121759,-0.225497,-0.00135236,0.00273828,-7.62988e-06,0,0,-0.0121272,-0.00124223,-0.00683249,-0.0133257,0.0374776,-0.0093693,0.0680942,0,0,0,0,0,0,0,0,0,0,0,0,0,0,0,0,-3.00061e-13,-3.00061e-13,0.905957,9.20357e-07,0,0,0,0,0,0,0,0,0,0,0,3.00061e-13,-3.00061e-13,-3.00061e-13,0,-3.00061e-13,9.20357e-07,0.905963,
-3.46945e-12,0.00702849,-0.0100421,0.00825435,0.00197598,-7.30043e-05,5.68401e-06,0,0,0.319783,-0.00611721,0.265775,0.000568552,-0.0329238,-0.00182115,-0.000893102,0,0,1.38778e-11,0.0639927,-0.00448059,-0.635907,0.00369696,-0.00080213,2.40313e-05,0,0,-0.0199797,0.621708,0.00236093,-0.039821,-0.00743976,-0.041287,0.00906244,0,0,1.04083e-11,-0.00442795,0.0224902,-0.0273273,-0.000778161,-0.000206678,4.36681e-06,0,0,0.265446,0.000189848,0.314284,-0.00145591,-0.0308822,-0.000933164,-0.000428841,0,0,-1.30104e-12,0.0297792,-0.00187504,-2,0.00104506,-0.00568246,0.000172799,0,0,-0.0768268,-0.0345312,0.0110624,0.776449,-0.040924,-0.0307904,0.0500613,0,0,3.46945e-12,0.0469817,-0.0074455,1.76125,0.0229595,0.00286833,-4.175e-05,0,0,-0.29375,0.0149397,-0.311292,0.105314,0.335809,0.00662951,0.0163423,0,0,2.08167e-11,0.0902561,-0.0021189,2,0.00329067,-0.0667997,0.00204086,0,0,0.088112,-0.309712,-0.0230042,0.312486,0.0494232,0.514968,-0.0775103,0,0,0,-0.00527773,0.00121944,-0.223979,-0.0013536,0.00273846,-7.91003e-06,0,0,-0.0121334,-0.00124441,-0.00683734,-0.0133289,0.0374793,-0.0093661,0.0680912,0,0,0,0,0,0,0,0,0,0,0,0,0,0,0,0,0,0,0.905948,9.16856e-07,0,0,0,0,0,0,0,0,0,0,0,0,0,0,0,0,9.16856e-07,0.905954,
2.60209e-12,0.00703053,-0.0100569,0.00831668,0.00197763,-7.30149e-05,5.72699e-06,0,0,0.319825,-0.0061289,0.265713,0.000576389,-0.0329178,-0.00182853,-0.000895633,0,0,0,0.0640119,-0.00448351,-0.631598,0.00369615,-0.000800661,2.39964e-05,0,0,-0.019985,0.621706,0.00235468,-0.0398418,-0.00743349,-0.041274,0.00905505,0,0,-3.46945e-12,-0.00443227,0.0225284,-0.0271475,-0.000779907,-0.000207461,4.37557e-06,0,0,0.265386,0.00018719,0.314325,-0.00145524,-0.0308786,-0.000937487,-0.000429719,0,0,-1.13841e-12,0.0297999,-0.00187583,-2,0.00104432,-0.00567537,0.00017266,0,0,-0.0767791,-0.0345531,0.0110418,0.776348,-0.0408891,-0.030738,0.0500177,-1.6263e-13,0,1.04083e-11,0.0469578,-0.0074559,1.7494,0.0229847,0.00287089,-4.13592e-05,0,0,-0.293734,0.0149511,-0.311249,0.105337,0.335756,0.00659073,0.0163671,0,0,4.16334e-11,0.0902219,-0.00212367,2,0.00329751,-0.0667977,0.00204093,0,0,0.0879727,-0.30964,-0.0230225,0.312647,0.0493668,0.514906,-0.0774543,0,0,0,-0.00527578,0.00122128,-0.222482,-0.00135484,0.00273864,-8.18757e-06,0,0,-0.0121396,-0.00124658,-0.0068422,-0.0133321,0.0374809,-0.00936292,0.0680881,0,0,0,0,0,0,0,0,0,0,0,0,0,0,0,0,0,0,0.905941,9.02041e-07,0,0,0,0,0,0,0,0,0,0,0,0,0,0,0,0,9.02041e-07,0.905947,
0,0.00703256,-0.0100717,0.00837754,0.0019793,-7.30221e-05,5.76973e-06,0,0,0.319867,-0.00614053,0.265652,0.000584187,-0.0329118,-0.00183585,-0.00089815,0,0,6.93889e-12,0.0640311,-0.00448642,-0.627346,0.00369534,-0.000799198,2.39614e-05,0,0,-0.0199902,0.621705,0.0023484,-0.0398624,-0.00742727,-0.0412611,0.00904772,0,0,0,-0.00443656,0.0225665,-0.0269706,-0.000781643,-0.000208236,4.38429e-06,0,0,0.265326,0.00018457,0.314366,-0.00145459,-0.030875,-0.000941768,-0.000430586,0,0,-4.2826e-12,0.0298205,-0.00187661,-2,0.00104358,-0.00566832,0.000172522,0,0,-0.0767312,-0.0345749,0.0110208,0.776249,-0.0408545,-0.0306859,0.0499744,0,0,-6.93889e-12,0.0469342,-0.00746629,1.73771,0.0230098,0.00287345,-4.09716e-05,0,0,-0.293719,0.0149623,-0.311207,0.10536,0.335704,0.00655225,0.0163917,0,0,-3.46945e-11,0.0901878,-0.00212842,2,0.00330431,-0.0667955,0.002041,0,0,0.0878338,-0.309568,-0.0230399,0.312808,0.0493108,0.514845,-0.0773987,0,0,0,-0.00527385,0.00122312,-0.221005,-0.00135607,0.00273882,-8.46249e-06,0,0,-0.0121457,-0.00124873,-0.00684707,-0.0133352,0.0374825,-0.00935976,0.0680851,0,0,0,0,0,0,0,0,0,-5.76116e-11,0,0,0,0,0,0,0,0,0.905936,8.77168e-07,0,0,0,0,0,0,0,-1.20025e-12,0,0,0,3.00061e-13,0,-3.00061e-13,0,0,8.77168e-07,0.905941,
-3.46945e-12,0.00703458,-0.0100865,0.00843701,0.00198098,-7.3026e-05,5.81224e-06,0,0,0.319909,-0.0061521,0.26559,0.000591946,-0.0329059,-0.00184311,-0.000900652,0,0,0,0.0640501,-0.0044893,-0.623152,0.00369454,-0.000797739,2.39264e-05,0,0,-0.0199953,0.621703,0.0023421,-0.0398828,-0.00742111,-0.0412483,0.00904044,0,0,6.93889e-12,-0.00444083,0.0226045,-0.0267966,-0.000783369,-0.000209005,4.39297e-06,0,0,0.265265,0.000181987,0.314407,-0.00145397,-0.0308715,-0.000946005,-0.000431444,0,0,2.1684e-12,0.0298408,-0.00187737,-2,0.00104285,-0.00566131,0.000172384,0,0,-0.0766832,-0.0345965,0.0109994,0.77615,-0.0408201,-0.0306342,0.0499315,0,0,-3.46945e-12,0.0469107,-0.00747667,1.72619,0.0230349,0.002876,-4.05873e-05,0,0,-0.293704,0.0149733,-0.311164,0.105383,0.335651,0.00651407,0.0164159,0,0,-1.38778e-11,0.0901539,-0.00213317,2,0.00331106,-0.0667932,0.00204107,0,0,0.0876952,-0.309496,-0.0230564,0.312967,0.0492553,0.514784,-0.0773436,0,0,0,-0.00527195,0.00122496,-0.219548,-0.00135731,0.00273901,-8.73485e-06,0,0,-0.0121518,-0.00125088,-0.00685195,-0.0133384,0.037484,-0.00935663,0.0680822,0,0,0,0,0,-1.20025e-12,1.20025e-12,1.20025e-12,0,0,0,0,0,0,0,0,0,0,0.905932,8.43508e-07,0,0,0,-2.40049e-12,2.40049e-12,2.40049e-12,0,0,0,0,0,0,0,0,0,0,8.43509e-07,0.905937,
5.20417e-12,0.00703657,-0.0101013,0.00849513,0.00198267,-7.30267e-05,5.85451e-06,0,0,0.319952,-0.00616362,0.265529,0.000599666,-0.0329,-0.0018503,-0.000903141,0,0,-6.93889e-12,0.0640692,-0.00449218,-0.619016,0.00369375,-0.000796286,2.38914e-05,0,0,-0.0200003,0.621701,0.00233577,-0.0399031,-0.007415,-0.0412356,0.00903322,0,0,-1.38778e-11,-0.00444507,0.0226426,-0.0266253,-0.000785086,-0.000209768,4.40163e-06,0,0,0.265205,0.000179441,0.314448,-0.00145337,-0.0308679,-0.000950201,-0.000432292,0,0,1.84314e-12,0.029861,-0.00187812,-2,0.00104212,-0.00565436,0.000172247,0,0,-0.0766349,-0.034618,0.0109777,0.776052,-0.040786,-0.0305828,0.0498889,0,0,-2.08167e-11,0.0468874,-0.00748705,1.71483,0.02306,0.00287855,-4.0206e-05,0,0,-0.293688,0.0149842,-0.311122,0.105406,0.3356,0.0064762,0.01644,0,0,2.77556e-11,0.0901202,-0.0021379,2,0.00331777,-0.0667907,0.00204115,0,0,0.087557,-0.309425,-0.0230719,0.313125,0.0492002,0.514723,-0.0772889,0,0,0,-0.00527006,0.0012268,-0.218112,-0.00135854,0.00273919,-9.00464e-06,0,0,-0.0121579,-0.001253,-0.00685684,-0.0133415,0.0374856,-0.00935352,0.0680792,0,0,0,0,0,0,0,0,0,0,0,0,0,0,0,0,0,0,0.905929,8.02365e-07,0,0,0,0,0,0,0,0,0,0,0,0,0,0,0,0,8.02364e-07,0.905935,
-1.73472e-12,0.00703855,-0.010116,0.00855196,0.00198437,-7.30243e-05,5.89656e-06,0,0,0.319994,-0.00617508,0.265467,0.000607347,-0.0328941,-0.00185744,-0.000905616,0,0,6.93889e-12,0.0640882,-0.00449503,-0.614939,0.00369297,-0.000794839,2.38565e-05,0,0,-0.0200052,0.6217,0.00232943,-0.0399233,-0.00740896,-0.0412229,0.00902607,0,0,5.20417e-12,-0.00444928,0.0226806,-0.0264569,-0.000786793,-0.000210523,4.41024e-06,0,0,0.265144,0.000176932,0.31449,-0.0014528,-0.0308644,-0.000954354,-0.00043313,0,0,-4.66207e-12,0.0298809,-0.00187885,-2,0.0010414,-0.00564745,0.00017211,0,0,-0.0765865,-0.0346393,0.0109558,0.775954,-0.0407522,-0.0305318,0.0498467,0,0,-3.46945e-12,0.0468643,-0.00749742,1.70364,0.0230851,0.00288109,-3.98279e-05,0,0,-0.293673,0.0149949,-0.31108,0.105429,0.335548,0.00643864,0.0164638,0,0,6.93889e-12,0.0900867,-0.00214262,2,0.00332443,-0.066788,0.00204123,0,0,0.0874192,-0.309355,-0.0230865,0.313282,0.0491455,0.514663,-0.0772347,0,0,0,-0.00526819,0.00122864,-0.216697,-0.00135976,0.00273938,-9.27192e-06,0,0,-0.012164,-0.00125512,-0.00686175,-0.0133446,0.0374871,-0.00935043,0.0680763,0,0,0,0,0,0,0,0,0,0,0,0,0,0,0,0,0,0,0.905929,7.54938e-07,0,0,0,1.20025e-12,0,-1.20025e-12,0,0,0,0,0,0,0,0,0,0,7.54938e-07,0.905933,
0,0.00704051,-0.0101308,0.00860756,0.00198607,-7.30189e-05,5.93838e-06,0,0,0.320037,-0.00618648,0.265405,0.00061499,-0.0328882,-0.00186451,-0.000908077,0,0,6.93889e-12,0.0641071,-0.00449787,-0.610921,0.00369219,-0.000793398,2.38216e-05,0,0,-0.02001,0.621698,0.00232307,-0.0399433,-0.00740298,-0.0412104,0.00901897,0,0,-5.20417e-12,-0.00445348,0.0227185,-0.0262913,-0.000788491,-0.000211272,4.41882e-06,0,0,0.265084,0.000174458,0.314531,-0.00145224,-0.030861,-0.000958467,-0.000433959,0,0,-9.21572e-13,0.0299007,-0.00187957,-2,0.00104069,-0.00564059,0.000171975,0,0,-0.076538,-0.0346605,0.0109334,0.775858,-0.0407187,-0.0304813,0.0498049,0,0,-1.38778e-11,0.0468414,-0.00750778,1.69261,0.0231101,0.00288364,-3.94528e-05,0,0,-0.293658,0.0150055,-0.311038,0.105452,0.335498,0.00640141,0.0164873,0,0,1.38778e-11,0.0900534,-0.00214733,2,0.00333104,-0.0667851,0.0020413,0,0,0.0872818,-0.309284,-0.0231002,0.313437,0.0490913,0.514603,-0.077181,0,0,0,-0.00526634,0.00123047,-0.215302,-0.00136098,0.00273956,-9.53669e-06,0,0,-0.01217,-0.00125722,-0.00686666,-0.0133476,0.0374886,-0.00934737,0.0680734,0,0,0,1.20025e-12,-1.20025e-12,-1.20025e-12,0,-1.20025e-12,0,0,0,0,0,0,0,0,0,0,0.905929,7.02479e-07,0,-1.20019e-12,1.20019e-12,1.20019e-12,0,1.20019e-12,0,0,0,0,0,0,0,0,0,0,7.02478e-07,0.905933,
7.80626e-12,0.00704246,-0.0101455,0.00866199,0.00198778,-7.30106e-05,5.97998e-06,0,0,0.320079,-0.00619783,0.265344,0.000622593,-0.0328824,-0.00187152,-0.000910526,0,0,0,0.064126,-0.0045007,-0.606962,0.00369143,-0.000791963,2.37867e-05,0,0,-0.0200147,0.621696,0.00231669,-0.0399631,-0.00739706,-0.0411979,0.00901195,0,0,-1.9082e-11,-0.00445765,0.0227565,-0.0261286,-0.00079018,-0.000212015,4.42735e-06,0,0,0.265023,0.00017202,0.314572,-0.00145171,-0.0308575,-0.000962539,-0.000434779,0,0,-2.05998e-12,0.0299202,-0.00188027,-2,0.00103999,-0.00563379,0.00017184,0,0,-0.0764893,-0.0346815,0.0109108,0.775762,-0.0406856,-0.0304311,0.0497634,0,0,-6.93889e-12,0.0468187,-0.00751814,1.68176,0.0231352,0.00288618,-3.90808e-05,0,0,-0.293643,0.0150159,-0.310996,0.105475,0.335447,0.0063645,0.0165105,0,0,0,0.0900204,-0.00215203,2,0.0033376,-0.0667821,0.00204138,0,0,0.0871448,-0.309215,-0.023113,0.313592,0.0490376,0.514544,-0.0771278,0,0,0,-0.00526452,0.00123231,-0.213929,-0.0013622,0.00273975,-9.799e-06,0,0,-0.012176,-0.00125931,-0.00687159,-0.0133507,0.03749,-0.00934434,0.0680706,0,0,0,1.20025e-12,0,0,0,1.20025e-12,-1.20025e-12,0,0,0,0,0,0,0,0,0,0.90593,6.46084e-07,0,0,0,0,0,0,0,0,0,0,0,0,0,0,0,0,6.46084e-07,0.905934,
1.73472e-12,0.00704438,-0.0101602,0.00871529,0.0019895,-7.29994e-05,6.02137e-06,0,0,0.320122,-0.00620913,0.265282,0.000630156,-0.0328765,-0.00187848,-0.000912961,0,0,-1.38778e-11,0.0641448,-0.0045035,-0.603063,0.00369067,-0.000790535,2.3752e-05,0,0,-0.0200193,0.621695,0.00231028,-0.0399827,-0.00739121,-0.0411856,0.00900498,0,0,-5.20417e-12,-0.00446179,0.0227944,-0.0259686,-0.000791861,-0.000212752,4.43585e-06,0,0,0.264963,0.000169617,0.314613,-0.0014512,-0.0308541,-0.000966571,-0.000435589,0,0,-2.81893e-12,0.0299395,-0.00188096,-2,0.0010393,-0.00562704,0.000171707,0,0,-0.0764406,-0.0347024,0.0108879,0.775667,-0.0406527,-0.0303814,0.0497223,0,0,3.46945e-12,0.0467962,-0.00752848,1.67107,0.0231602,0.00288873,-3.87118e-05,0,0,-0.293627,0.0150261,-0.310953,0.105497,0.335397,0.00632793,0.0165335,0,0,6.93889e-12,0.0899875,-0.00215671,2,0.00334411,-0.0667788,0.00204146,0,0,0.0870083,-0.309145,-0.0231249,0.313745,0.0489844,0.514485,-0.0770751,0,0,0,-0.00526271,0.00123414,-0.212577,-0.00136341,0.00273994,-1.00588e-05,0,0,-0.012182,-0.00126138,-0.00687652,-0.0133537,0.0374914,-0.00934134,0.0680678,0,0,0,0,-1.20067e-12,0,1.20067e-12,0,0,0,0,0,0,0,0,0,0,0,0.905933,5.86877e-07,0,0,0,0,0,0,0,0,0,0,0,0,0,0,0,0,5.86876e-07,0.905936,
0,0.0070463,-0.010175,0.00876753,0.00199123,-7.29854e-05,6.06254e-06,0,0,0.320165,-0.00622038,0.26522,0.000637681,-0.0328707,-0.00188537,-0.000915385,0,0,-2.08167e-11,0.0641636,-0.0045063,-0.599225,0.00368992,-0.000789114,2.37173e-05,0,0,-0.0200239,0.621693,0.00230386,-0.0400022,-0.00738542,-0.0411733,0.00899809,0,0,-3.46945e-12,-0.00446591,0.0228323,-0.0258115,-0.000793532,-0.000213482,4.4443e-06,0,0,0.264902,0.000167249,0.314655,-0.00145072,-0.0308507,-0.000970564,-0.000436389,0,0,-4.01155e-12,0.0299586,-0.00188164,-2,0.00103862,-0.00562034,0.000171574,0,0,-0.0763917,-0.034723,0.0108647,0.775573,-0.0406202,-0.0303321,0.0496817,0,0,-2.08167e-11,0.0467739,-0.00753881,1.66055,0.0231851,0.00289127,-3.83457e-05,0,0,-0.293612,0.0150362,-0.310911,0.10552,0.335348,0.0062917,0.0165563,0,0,-5.55112e-11,0.089955,-0.00216137,2,0.00335056,-0.0667755,0.00204154,0,0,0.0868723,-0.309077,-0.0231359,0.313896,0.0489318,0.514427,-0.0770229,0,0,0,-0.00526093,0.00123597,-0.211246,-0.00136463,0.00274012,-1.03163e-05,0,0,-0.012188,-0.00126344,-0.00688147,-0.0133567,0.0374928,-0.00933837,0.068065,0,0,0,0,0,0,0,0,0,0,0,0,0,0,0,0,0,0,0.905936,5.25852e-07,0,1.20025e-12,0,0,1.20025e-12,1.20025e-12,1.20025e-12,0,0,0,0,0,0,0,0,0,5.25852e-07,0.905939,
-4.33681e-12,0.00704819,-0.0101896,0.00881876,0.00199296,-7.29687e-05,6.1035e-06,0,0,0.320207,-0.00623157,0.265159,0.000645167,-0.0328649,-0.0018922,-0.000917795,0,0,1.38778e-11,0.0641823,-0.00450907,-0.595447,0.00368917,-0.000787701,2.36828e-05,0,0,-0.0200283,0.621692,0.00229742,-0.0400215,-0.00737971,-0.0411612,0.00899126,0,0,1.04083e-11,-0.00447001,0.0228701,-0.0256573,-0.000795196,-0.000214206,4.45271e-06,0,0,0.264841,0.000164916,0.314696,-0.00145025,-0.0308473,-0.000974518,-0.000437181,0,0,-1.6263e-12,0.0299775,-0.00188231,-2,0.00103796,-0.0056137,0.000171443,0,0,-0.0763428,-0.0347435,0.0108411,0.77548,-0.040588,-0.0302833,0.0496414,0,0,3.46945e-12,0.0467518,-0.00754912,1.6502,0.0232101,0.00289382,-3.79826e-05,0,0,-0.293596,0.0150462,-0.310869,0.105542,0.335299,0.00625582,0.0165787,0,0,-6.93889e-12,0.0899227,-0.00216602,2,0.00335696,-0.0667719,0.00204162,0,0,0.0867368,-0.309008,-0.0231461,0.314047,0.0488797,0.514369,-0.0769713,0,0,0,-0.00525917,0.00123779,-0.209936,-0.00136583,0.00274031,-1.05713e-05,0,0,-0.012194,-0.00126548,-0.00688643,-0.0133596,0.0374942,-0.00933542,0.0680622,0,0,0,0,0,0,0,0,0,1.71634e-10,0,0,0,0,0,0,0,0,0.905939,4.63993e-07,0,0,0,0,0,0,0,0,0,0,0,0,0,0,0,0,4.63993e-07,0.905942,
8.67362e-13,0.00705007,-0.0102043,0.00886904,0.0019947,-7.29493e-05,6.14426e-06,0,0,0.32025,-0.00624271,0.265097,0.000652613,-0.0328591,-0.00189898,-0.000920194,0,0,-2.08167e-11,0.064201,-0.00451183,-0.591731,0.00368844,-0.000786296,2.36483e-05,0,0,-0.0200327,0.62169,0.00229096,-0.0400405,-0.00737407,-0.0411491,0.00898451,0,0,-6.93889e-12,-0.00447409,0.0229079,-0.0255058,-0.000796851,-0.000214924,4.46108e-06,0,0,0.264781,0.000162617,0.314738,-0.0014498,-0.030844,-0.000978434,-0.000437963,0,0,-4.44523e-12,0.029996,-0.00188297,-2,0.00103731,-0.00560713,0.000171313,0,0,-0.0762938,-0.0347638,0.0108173,0.775389,-0.0405561,-0.030235,0.0496016,0,0,-1.04083e-11,0.0467299,-0.00755942,1.64002,0.023235,0.00289637,-3.76223e-05,0,0,-0.293581,0.0150559,-0.310827,0.105565,0.33525,0.00622029,0.0166009,0,0,-4.85723e-11,0.0898906,-0.00217066,2,0.0033633,-0.0667682,0.00204171,0,0,0.0866018,-0.30894,-0.0231554,0.314195,0.0488281,0.514313,-0.0769202,0,0,0,-0.00525742,0.00123962,-0.208648,-0.00136703,0.0027405,-1.08239e-05,0,0,-0.0122,-0.00126751,-0.00689141,-0.0133626,0.0374955,-0.00933251,0.0680595,0,0,0,1.20025e-12,1.20025e-12,0,1.20025e-12,1.20025e-12,1.20025e-12,0,0,0,0,0,0,0,0,0,0.905944,4.02128e-07,0,1.20025e-12,1.20025e-12,0,1.20025e-12,1.20025e-12,1.20025e-12,0,0,0,0,0,0,0,0,0,4.02128e-07,0.905946,
2.60209e-12,0.00705193,-0.010219,0.00891841,0.00199645,-7.29274e-05,6.18482e-06,0,0,0.320293,-0.0062538,0.265035,0.00066002,-0.0328533,-0.0019057,-0.000922581,0,0,0,0.0642196,-0.00451458,-0.588077,0.00368771,-0.000784899,2.36141e-05,0,0,-0.020037,0.621689,0.00228449,-0.0400594,-0.00736851,-0.0411372,0.00897783,0,0,-6.93889e-12,-0.00447815,0.0229457,-0.0253572,-0.000798498,-0.000215637,4.46941e-06,0,0,0.26472,0.000160352,0.314779,-0.00144938,-0.0308406,-0.000982312,-0.000438735,0,0,-3.79471e-12,0.0300144,-0.00188361,-2,0.00103668,-0.00560061,0.000171184,0,0,-0.0762449,-0.0347838,0.0107932,0.775298,-0.0405247,-0.0301872,0.0495622,0,0,6.93889e-12,0.0467082,-0.00756971,1.63002,0.0232598,0.00289893,-3.7265e-05,0,0,-0.293565,0.0150655,-0.310785,0.105587,0.335202,0.00618513,0.0166228,0,0,-4.16334e-11,0.0898589,-0.00217527,2,0.00336959,-0.0667643,0.00204179,0,0,0.0864673,-0.308873,-0.0231639,0.314343,0.0487771,0.514256,-0.0768697,0,0,0,-0.0052557,0.00124144,-0.207381,-0.00136823,0.00274069,-1.10741e-05,0,0,-0.0122059,-0.00126953,-0.00689639,-0.0133654,0.0374968,-0.00932963,0.0680568,0,0,0,0,0,0,0,0,0,0,0,0,0,0,0,0,0,0,0.905948,3.41155e-07,0,0,1.20025e-12,0,0,0,0,0,0,0,0,0,0,0,0,0,3.41155e-07,0.90595,
3.46945e-12,0.00705377,-0.0102336,0.00896694,0.0019982,-7.2903e-05,6.22518e-06,0,0,0.320336,-0.00626484,0.264973,0.000667388,-0.0328475,-0.00191236,-0.000924957,0,0,-6.93889e-12,0.0642381,-0.00451731,-0.584484,0.00368699,-0.000783511,2.35799e-05,0,0,-0.0200413,0.621687,0.00227799,-0.0400781,-0.00736302,-0.0411254,0.00897122,0,0,-6.93889e-12,-0.00448218,0.0229835,-0.0252114,-0.000800137,-0.000216344,4.47769e-06,0,0,0.264659,0.00015812,0.31482,-0.00144897,-0.0308373,-0.000986154,-0.000439499,0,0,4.33681e-12,0.0300325,-0.00188425,-2,0.00103607,-0.00559416,0.000171057,0,0,-0.0761959,-0.0348037,0.0107688,0.775208,-0.0404936,-0.0301399,0.0495232,0,0,1.73472e-11,0.0466867,-0.00757998,1.62018,0.0232847,0.00290149,-3.69104e-05,0,0,-0.293549,0.0150749,-0.310743,0.105609,0.335155,0.00615033,0.0166444,0,0,-6.93889e-12,0.0898274,-0.00217988,2,0.00337582,-0.0667603,0.00204187,0,0,0.0863334,-0.308806,-0.0231715,0.314488,0.0487267,0.514201,-0.0768197,0,0,0,-0.00525401,0.00124326,-0.206135,-0.00136943,0.00274087,-1.13221e-05,0,0,-0.0122119,-0.00127153,-0.00690139,-0.0133683,0.037498,-0.00932679,0.0680541,0,0,0,0,0,1.20025e-12,0,2.40049e-12,0,0,0,0,0,0,0,0,0,0,0.905953,2.81561e-07,0,0,0,0,0,0,0,0,0,0,0,0,0,0,0,0,2.8156e-07,0.905954,
6.93889e-12,0.0070556,-0.0102482,0.00901468,0.00199995,-7.28762e-05,6.26534e-06,0,0,0.32038,-0.00627582,0.264911,0.000674717,-0.0328417,-0.00191896,-0.000927321,0,0,1.38778e-11,0.0642566,-0.00452003,-0.580955,0.00368628,-0.000782132,2.3546e-05,0,0,-0.0200455,0.621686,0.00227148,-0.0400966,-0.00735761,-0.0411137,0.00896469,0,0,-1.56125e-11,-0.00448619,0.0230212,-0.0250685,-0.000801769,-0.000217045,4.48592e-06,0,0,0.264598,0.000155922,0.314862,-0.00144859,-0.030834,-0.000989958,-0.000440253,0,0,3.90313e-12,0.0300503,-0.00188487,-2,0.00103547,-0.00558777,0.000170931,0,0,-0.0761469,-0.0348233,0.0107441,0.775119,-0.0404629,-0.0300932,0.0494847,0,0,-1.38778e-11,0.0466655,-0.00759024,1.61053,0.0233094,0.00290406,-3.65587e-05,0,0,-0.293533,0.0150841,-0.310701,0.10563,0.335108,0.00611591,0.0166657,0,0,6.93889e-11,0.0897963,-0.00218446,2,0.00338199,-0.0667561,0.00204195,0,0,0.0862,-0.30874,-0.0231784,0.314632,0.0486769,0.514146,-0.0767704,0,0,0,-0.00525233,0.00124508,-0.204912,-0.00137062,0.00274106,-1.15677e-05,0,0,-0.0122178,-0.00127351,-0.0069064,-0.0133711,0.0374993,-0.00932398,0.0680515,0,0,0,0,2.40049e-12,-2.40049e-12,0,0,0,0,0,0,0,0,0,0,0,0,0.905957,2.24088e-07,0,0,0,0,0,0,0,0,0,0,0,0,0,0,0,0,2.24087e-07,0.905959,
-4.33681e-12,0.00705741,-0.0102628,0.00906167,0.00200171,-7.28469e-05,6.30531e-06,0,0,0.320423,-0.00628676,0.26485,0.000682006,-0.0328359,-0.00192551,-0.000929675,0,0,6.93889e-12,0.064275,-0.00452273,-0.577488,0.00368558,-0.000780762,2.35122e-05,0,0,-0.0200496,0.621684,0.00226496,-0.0401149,-0.00735228,-0.0411021,0.00895824,0,0,1.21431e-11,-0.00449018,0.0230589,-0.0249284,-0.000803393,-0.00021774,4.49411e-06,0,0,0.264537,0.000153756,0.314903,-0.00144823,-0.0308308,-0.000993727,-0.000440999,0,0,-3.57787e-12,0.0300678,-0.00188549,-2,0.00103489,-0.00558144,0.000170806,0,0,-0.0760979,-0.0348428,0.0107192,0.775031,-0.0404326,-0.030047,0.0494466,0,0,1.38778e-11,0.0466444,-0.00760047,1.60104,0.0233342,0.00290664,-3.62098e-05,0,0,-0.293517,0.0150932,-0.310659,0.105652,0.335061,0.00608188,0.0166868,0,0,-2.77556e-11,0.0897655,-0.00218903,2,0.00338809,-0.0667517,0.00204203,0,0,0.0860673,-0.308674,-0.0231844,0.314775,0.0486277,0.514092,-0.0767217,0,0,0,-0.00525068,0.00124689,-0.20371,-0.0013718,0.00274125,-1.1811e-05,0,0,-0.0122238,-0.00127548,-0.00691142,-0.0133738,0.0375005,-0.0093212,0.0680489,0,0,0,1.20025e-12,0,0,0,-1.20025e-12,0,0,0,0,0,0,0,0,0,0,0.905962,1.69406e-07,0,1.20025e-12,0,0,0,-1.20025e-12,0,0,0,0,0,0,0,0,0,0,1.69406e-07,0.905963,
-8.67362e-13,0.00705921,-0.0102774,0.00910799,0.00200347,-7.28154e-05,6.34509e-06,0,0,0.320466,-0.00629765,0.264788,0.000689256,-0.0328301,-0.001932,-0.000932017,0,0,1.38778e-11,0.0642933,-0.00452541,-0.574084,0.00368489,-0.000779402,2.34786e-05,0,0,-0.0200537,0.621683,0.00225842,-0.0401329,-0.00734703,-0.0410906,0.00895186,0,0,3.46945e-12,-0.00449414,0.0230965,-0.024791,-0.00080501,-0.000218431,4.50225e-06,0,0,0.264476,0.000151622,0.314945,-0.00144788,-0.0308275,-0.00099746,-0.000441735,0,0,-3.46945e-12,0.0300851,-0.00188609,-2,0.00103434,-0.00557519,0.000170684,0,0,-0.076049,-0.0348619,0.010694,0.774945,-0.0404027,-0.0300013,0.049409,0,0,1.04083e-11,0.0466236,-0.00761069,1.59173,0.0233589,0.00290923,-3.58637e-05,0,0,-0.2935,0.0151021,-0.310616,0.105673,0.335015,0.00604822,0.0167075,0,0,-4.16334e-11,0.089735,-0.00219358,2,0.00339414,-0.0667472,0.00204211,0,0,0.0859352,-0.308608,-0.0231896,0.314916,0.0485792,0.514038,-0.0766735,0,0,0,-0.00524905,0.00124871,-0.202531,-0.00137298,0.00274143,-1.2052e-05,0,0,-0.0122298,-0.00127744,-0.00691646,-0.0133765,0.0375016,-0.00931846,0.0680463,0,0,0,0,0,0,0,0,0,0,0,0,0,0,0,0,0,0,0.905967,1.17537e-07,0,0,0,0,0,0,0,0,0,0,0,0,0,0,0,0,1.17537e-07,0.905968,
-8.67362e-13,0.00706099,-0.010292,0.00915367,0.00200524,-7.27815e-05,6.38469e-06,0,0,0.320509,-0.00630849,0.264726,0.000696467,-0.0328244,-0.00193844,-0.00093435,0,0,0,0.0643116,-0.00452809,-0.570744,0.00368421,-0.000778052,2.34452e-05,0,0,-0.0200577,0.621681,0.00225186,-0.0401507,-0.00734187,-0.0410792,0.00894556,0,0,1.73472e-12,-0.00449809,0.0231342,-0.0246566,-0.00080662,-0.000219115,4.51034e-06,0,0,0.264415,0.000149521,0.314987,-0.00144755,-0.0308243,-0.00100116,-0.000442462,0,0,1.40946e-12,0.0301021,-0.00188669,-2,0.0010338,-0.00556901,0.000170562,0,0,-0.0760001,-0.0348809,0.0106685,0.774859,-0.0403733,-0.0299563,0.0493718,0,0,-6.93889e-12,0.046603,-0.00762089,1.5826,0.0233836,0.00291182,-3.55202e-05,0,0,-0.293484,0.0151108,-0.310574,0.105694,0.334969,0.00601497,0.0167279,0,0,4.16334e-11,0.0897048,-0.00219811,2,0.00340012,-0.0667425,0.0020422,0,0,0.0858037,-0.308543,-0.0231941,0.315055,0.0485313,0.513986,-0.0766261,0,0,6.93889e-12,-0.00524744,0.00125052,-0.201373,-0.00137416,0.00274161,-1.22908e-05,0,0,-0.0122357,-0.00127938,-0.00692151,-0.0133792,0.0375027,-0.00931576,0.0680438,0,0,0,0,1.20025e-12,1.20025e-12,1.20025e-12,0,-1.20025e-12,0,0,0,0,0,0,0,0,0,0.905971,6.90895e-08,0,0,1.20025e-12,1.20025e-12,1.20025e-12,0,-1.20025e-12,0,0,0,0,0,0,0,0,0,6.90898e-08,0.905972,
0,0.00706275,-0.0103065,0.00919877,0.00200701,-7.27455e-05,6.4241e-06,0,0,0.320553,-0.00631929,0.264664,0.000703638,-0.0328186,-0.00194482,-0.000936671,0,0,1.38778e-11,0.0643298,-0.00453074,-0.567469,0.00368354,-0.000776712,2.34121e-05,0,0,-0.0200617,0.62168,0.00224529,-0.0401683,-0.00733679,-0.041068,0.00893935,0,0,3.46945e-12,-0.00450201,0.0231718,-0.0245249,-0.000808222,-0.000219795,4.51838e-06,0,0,0.264354,0.000147452,0.315028,-0.00144725,-0.0308211,-0.00100482,-0.00044318,0,0,4.11997e-12,0.0301188,-0.00188728,-2,0.00103329,-0.00556289,0.000170443,0,0,-0.0759513,-0.0348996,0.0106427,0.774775,-0.0403443,-0.0299119,0.0493351,0,0,6.93889e-12,0.0465826,-0.00763107,1.57364,0.0234082,0.00291443,-3.51795e-05,0,0,-0.293467,0.0151193,-0.310532,0.105715,0.334923,0.00598211,0.0167481,0,0,6.245e-11,0.089675,-0.00220262,2,0.00340604,-0.0667377,0.00204228,0,0,0.0856728,-0.308479,-0.0231978,0.315192,0.0484841,0.513934,-0.0765792,0,0,6.93889e-12,-0.00524586,0.00125232,-0.200237,-0.00137533,0.0027418,-1.25273e-05,0,0,-0.0122417,-0.0012813,-0.00692657,-0.0133818,0.0375038,-0.0093131,0.0680413,0,0,0,0,0,0,0,0,0,0,0,0,0,0,0,0,0,0,0.905976,2.39016e-08,0,-1.20025e-12,-1.20025e-12,1.20025e-12,0,0,0,0,0,0,0,0,0,0,0,0,2.3901e-08,0.905976,
-8.67362e-13,0.0070645,-0.0103211,0.00924335,0.00200878,-7.27072e-05,6.46333e-06,0,0,0.320596,-0.00633003,0.264602,0.00071077,-0.0328128,-0.00195115,-0.000938983,0,0,6.93889e-12,0.064348,-0.00453339,-0.564257,0.00368287,-0.000775383,2.33792e-05,0,0,-0.0200656,0.621679,0.0022387,-0.0401857,-0.0073318,-0.0410569,0.00893322,0,0,3.46945e-12,-0.00450592,0.0232094,-0.024396,-0.000809818,-0.00022047,4.52637e-06,0,0,0.264293,0.000145413,0.31507,-0.00144696,-0.0308178,-0.00100845,-0.000443889,0,0,2.71051e-12,0.0301352,-0.00188786,-2,0.0010328,-0.00555685,0.000170325,0,0,-0.0759026,-0.034918,0.0106168,0.774692,-0.0403157,-0.0298681,0.0492989,0,0,3.46945e-12,0.0465624,-0.00764123,1.56486,0.0234328,0.00291705,-3.48415e-05,0,0,-0.293449,0.0151276,-0.31049,0.105735,0.334879,0.00594966,0.0167679,0,0,2.77556e-11,0.0896456,-0.00220711,2,0.00341189,-0.0667326,0.00204235,0,0,0.0855427,-0.308415,-0.0232008,0.315328,0.0484376,0.513883,-0.076533,0,0,0,-0.0052443,0.00125413,-0.199124,-0.0013765,0.00274198,-1.27617e-05,0,0,-0.0122477,-0.0012832,-0.00693165,-0.0133843,0.0375049,-0.00931047,0.0680388,0,0,0,0,0,0,0,0,0,0,0,0,0,0,0,0,0,0,0.90598,1.59164e-08,0,0,0,0,0,0,0,0,0,0,0,0,0,0,0,0,1.59164e-08,0.90598,
-1.73472e-12,0.00706623,-0.0103356,0.00928746,0.00201055,-7.26668e-05,6.50239e-06,0,0,0.32064,-0.00634073,0.26454,0.000717863,-0.032807,-0.00195742,-0.000941286,0,0,6.93889e-12,0.0643661,-0.00453602,-0.561111,0.00368222,-0.000774065,2.33465e-05,0,0,-0.0200695,0.621677,0.00223211,-0.0402028,-0.0073269,-0.0410459,0.00892718,0,0,0,-0.0045098,0.0232469,-0.02427,-0.000811407,-0.000221139,4.53431e-06,0,0,0.264232,0.000143406,0.315111,-0.00144668,-0.0308147,-0.00101205,-0.000444589,0,0,-3.25261e-13,0.0301512,-0.00188843,-2,0.00103233,-0.00555088,0.000170209,0,0,-0.075854,-0.0349362,0.0105905,0.77461,-0.0402876,-0.0298249,0.0492632,0,0,-2.08167e-11,0.0465424,-0.00765136,1.55626,0.0234573,0.00291968,-3.45061e-05,0,0,-0.293432,0.0151357,-0.310447,0.105755,0.334834,0.00591762,0.0167875,0,0,-6.93889e-12,0.0896166,-0.00221158,2,0.00341768,-0.0667275,0.00204243,0,0,0.0854132,-0.308352,-0.023203,0.315462,0.0483917,0.513833,-0.0764875,0,0,0,-0.00524276,0.00125593,-0.198033,-0.00137766,0.00274216,-1.29938e-05,0,0,-0.0122537,-0.00128509,-0.00693674,-0.0133868,0.0375059,-0.00930788,0.0680364,0,0,0,0,-1.20025e-12,0,-1.20025e-12,1.20025e-12,0,0,0,0,0,0,0,0,0,0,0.905983,5.20875e-08,0,0,-1.20025e-12,0,-1.20025e-12,1.20025e-12,0,0,0,0,0,0,0,0,0,0,5.20884e-08,0.905984,
3.46945e-12,0.00706795,-0.0103501,0.00933114,0.00201233,-7.26244e-05,6.54127e-06,0,0,0.320684,-0.00635138,0.264478,0.000724916,-0.0328013,-0.00196364,-0.000943578,0,0,-6.93889e-12,0.0643841,-0.00453863,-0.558029,0.00368157,-0.000772759,2.33141e-05,0,0,-0.0200734,0.621676,0.00222549,-0.0402196,-0.0073221,-0.0410351,0.00892122,0,0,-6.93889e-12,-0.00451366,0.0232844,-0.0241468,-0.00081299,-0.000221803,4.5422e-06,0,0,0.264171,0.00014143,0.315153,-0.00144643,-0.0308115,-0.00101561,-0.000445281,0,0,-2.1684e-12,0.030167,-0.001889,-2,0.00103189,-0.00554499,0.000170095,0,0,-0.0758056,-0.0349541,0.010564,0.77453,-0.0402599,-0.0297824,0.049228,0,-2.1684e-13,1.04083e-11,0.0465227,-0.00766148,1.54784,0.0234818,0.00292233,-3.41734e-05,0,0,-0.293414,0.0151437,-0.310405,0.105775,0.33479,0.00588601,0.0168067,0,0,-2.77556e-11,0.0895879,-0.00221604,2,0.00342339,-0.0667221,0.00204251,0,0,0.0852845,-0.308289,-0.0232044,0.315594,0.0483466,0.513783,-0.0764427,0,0,6.93889e-12,-0.00524125,0.00125773,-0.196964,-0.00137882,0.00274234,-1.32238e-05,0,0,-0.0122597,-0.00128697,-0.00694184,-0.0133892,0.0375069,-0.00930534,0.068034,0,0,0,0,0,0,0,0,0,0,0,0,0,0,0,0,0,0,0.905986,8.44958e-08,0,-1.20025e-12,0,0,0,0,0,1.15223e-10,0,0,0,0,0,0,0,0,8.44961e-08,0.905987,
8.67362e-13,0.00706964,-0.0103646,0.00937445,0.0020141,-7.25799e-05,6.57997e-06,0,0,0.320727,-0.00636199,0.264416,0.00073193,-0.0327955,-0.0019698,-0.000945862,0,0,-6.93889e-12,0.064402,-0.00454123,-0.555014,0.00368094,-0.000771464,2.3282e-05,0,0,-0.0200772,0.621675,0.00221887,-0.0402362,-0.00731738,-0.0410243,0.00891535,0,0,0,-0.00451751,0.0233219,-0.0240264,-0.000814566,-0.000222463,4.55004e-06,0,0,0.264109,0.000139484,0.315195,-0.00144619,-0.0308083,-0.00101915,-0.000445963,0,0,2.38524e-12,0.0301825,-0.00188956,-2,0.00103148,-0.00553918,0.000169983,0,0,-0.0757573,-0.0349718,0.0105373,0.774451,-0.0402328,-0.0297406,0.0491933,0,0,6.93889e-12,0.0465032,-0.00767157,1.53959,0.0235062,0.00292499,-3.38433e-05,0,0,-0.293396,0.0151515,-0.310363,0.105794,0.334747,0.00585481,0.0168256,0,0,0,0.0895597,-0.00222047,2,0.00342904,-0.0667166,0.00204259,0,0,0.0851565,-0.308226,-0.0232052,0.315724,0.0483022,0.513735,-0.0763985,0,0,0,-0.00523976,0.00125953,-0.195918,-0.00137997,0.00274251,-1.34516e-05,0,0,-0.0122657,-0.00128882,-0.00694695,-0.0133916,0.0375078,-0.00930284,0.0680316,0,0,0,0,0,0,1.20025e-12,1.20025e-12,-1.20025e-12,0,0,0,0,0,0,0,0,0,0.905989,1.1264e-07,0,0,0,0,0,-1.20025e-12,1.20025e-12,0,0,0,0,0,0,0,0,0,1.12638e-07,0.90599,
1.73472e-12,0.00707133,-0.010379,0.00941744,0.00201588,-7.25334e-05,6.61851e-06,0,0,0.320771,-0.00637255,0.264353,0.000738905,-0.0327897,-0.00197591,-0.000948136,0,0,0,0.0644199,-0.00454382,-0.552063,0.00368031,-0.000770181,2.32502e-05,0,0,-0.020081,0.621674,0.00221223,-0.0402526,-0.00731277,-0.0410138,0.00890957,0,0,-8.67362e-12,-0.00452133,0.0233594,-0.0239089,-0.000816135,-0.000223118,4.55782e-06,0,0,0.264048,0.000137569,0.315236,-0.00144597,-0.0308052,-0.00102265,-0.000446637,0,0,-5.42101e-12,0.0301976,-0.00189011,-2,0.00103109,-0.00553345,0.000169873,0,0,-0.0757091,-0.0349892,0.0105104,0.774373,-0.0402061,-0.0296994,0.0491591,0,0,-2.42861e-11,0.0464839,-0.00768163,1.53153,0.0235306,0.00292766,-3.35157e-05,0,0,-0.293378,0.015159,-0.31032,0.105814,0.334703,0.00582405,0.0168442,0,0,-1.38778e-11,0.0895318,-0.00222487,2,0.00343462,-0.066711,0.00204266,0,0,0.0850292,-0.308164,-0.0232052,0.315852,0.0482586,0.513687,-0.076355,0,0,6.93889e-12,-0.0052383,0.00126132,-0.194894,-0.00138112,0.00274269,-1.36773e-05,0,0,-0.0122717,-0.00129066,-0.00695208,-0.0133939,0.0375087,-0.00930038,0.0680293,0,0,0,0,0,0,0,0,0,0,0,0,0,0,0,0,0,0,0.905992,1.36642e-07,0,0,0,0,0,0,0,0,0,0,0,0,0,0,0,0,1.36642e-07,0.905993,
1.73472e-12,0.007073,-0.0103935,0.00946017,0.00201766,-7.24849e-05,6.65688e-06,0,0,0.320815,-0.00638306,0.264291,0.00074584,-0.0327839,-0.00198197,-0.000950402,0,0,0,0.0644377,-0.00454639,-0.549179,0.0036797,-0.00076891,2.32186e-05,0,0,-0.0200848,0.621673,0.00220559,-0.0402687,-0.00730825,-0.0410033,0.00890387,0,0,-4.33681e-12,-0.00452513,0.0233968,-0.0237941,-0.000817699,-0.000223768,4.56556e-06,0,0,0.263987,0.000135683,0.315278,-0.00144577,-0.030802,-0.00102611,-0.000447301,0,0,2.81893e-12,0.0302124,-0.00189066,-2,0.00103074,-0.0055278,0.000169764,0,0,-0.0756611,-0.0350062,0.0104832,0.774297,-0.0401799,-0.029659,0.0491254,0,0,3.46945e-12,0.0464649,-0.00769168,1.52365,0.0235549,0.00293035,-3.31908e-05,0,0,-0.293359,0.0151664,-0.310278,0.105832,0.334661,0.00579372,0.0168625,0,0,4.16334e-11,0.0895044,-0.00222926,2,0.00344012,-0.0667052,0.00204274,0,0,0.0849027,-0.308103,-0.0232045,0.315978,0.0482157,0.513641,-0.0763123,0,0,0,-0.00523686,0.00126311,-0.193893,-0.00138226,0.00274286,-1.39008e-05,0,0,-0.0122777,-0.00129248,-0.00695722,-0.0133961,0.0375095,-0.00929796,0.068027,0,0,0,1.20025e-12,0,0,0,1.20025e-12,0,0,0,0,0,0,0,0,0,0,0.905994,1.56692e-07,0,0,1.20025e-12,0,0,0,1.20025e-12,0,0,0,0,0,0,0,0,0,1.56692e-07,0.905995,
-1.73472e-12,0.00707465,-0.0104079,0.00950267,0.00201944,-7.24346e-05,6.69508e-06,0,0,0.320859,-0.00639353,0.264229,0.000752736,-0.0327781,-0.00198798,-0.000952659,0,0,0,0.0644554,-0.00454896,-0.546362,0.00367909,-0.000767652,2.31874e-05,0,0,-0.0200885,0.621672,0.00219893,-0.0402845,-0.00730383,-0.040993,0.00889828,0,0,6.07153e-12,-0.00452891,0.0234342,-0.0236822,-0.000819256,-0.000224413,4.57324e-06,0,0,0.263925,0.000133827,0.31532,-0.00144558,-0.0307989,-0.00102955,-0.000447957,0,0,-5.85469e-12,0.0302268,-0.0018912,-2,0.00103041,-0.00552223,0.000169658,0,0,-0.0756134,-0.035023,0.0104558,0.774222,-0.0401543,-0.0296193,0.0490923,0,0,1.38778e-11,0.0464461,-0.00770169,1.51594,0.0235792,0.00293306,-3.28684e-05,0,0,-0.29334,0.0151736,-0.310235,0.105851,0.334619,0.00576384,0.0168805,0,0,-3.46945e-11,0.0894774,-0.00223362,2,0.00344556,-0.0666992,0.00204281,0,0,0.0847771,-0.308042,-0.0232032,0.316102,0.0481736,0.513595,-0.0762703,0,0,0,-0.00523545,0.0012649,-0.192915,-0.00138339,0.00274303,-1.41223e-05,0,0,-0.0122838,-0.00129428,-0.00696238,-0.0133983,0.0375104,-0.00929559,0.0680248,0,0,0,0,2.40049e-12,2.40049e-12,0,-2.40049e-12,-2.40049e-12,0,0,0,0,0,0,0,0,0,0.905996,1.72831e-07,0,0,0,0,0,0,0,-1.14023e-10,0,0,0,0,0,0,0,0,1.7283e-07,0.905997,
-8.67362e-13,0.00707628,-0.0104223,0.009545,0.00202122,-7.23823e-05,6.73312e-06,0,0,0.320903,-0.00640396,0.264167,0.000759592,-0.0327723,-0.00199394,-0.000954907,0,0,-1.38778e-11,0.064473,-0.0045515,-0.543611,0.0036785,-0.000766408,2.31565e-05,0,0,-0.0200923,0.621671,0.00219226,-0.0403001,-0.00729951,-0.0409828,0.00889277,0,0,8.67362e-13,-0.00453268,0.0234716,-0.0235731,-0.000820807,-0.000225054,4.58086e-06,0,0,0.263864,0.000131999,0.315362,-0.00144541,-0.0307958,-0.00103296,-0.000448605,0,0,5.42101e-13,0.0302409,-0.00189174,-2,0.00103011,-0.00551674,0.000169555,0,0,-0.0755658,-0.0350395,0.0104281,0.774149,-0.0401291,-0.0295803,0.0490597,0,0,0,0.0464275,-0.00771168,1.50842,0.0236034,0.00293579,-3.25485e-05,0,0,-0.29332,0.0151806,-0.310192,0.105869,0.334577,0.0057344,0.0168981,0,0,-1.38778e-11,0.0894509,-0.00223796,2,0.00345092,-0.0666931,0.00204288,0,0,0.0846522,-0.307982,-0.0232012,0.316224,0.0481322,0.513551,-0.076229,0,0,-6.93889e-12,-0.00523406,0.00126669,-0.191959,-0.00138453,0.0027432,-1.43417e-05,0,0,-0.0122899,-0.00129606,-0.00696755,-0.0134004,0.0375111,-0.00929327,0.0680225,0,0,0,0,0,0,0,0,0,0,0,0,0,0,0,0,0,0,0.905997,1.85178e-07,0,0,0,0,0,0,0,0,0,0,0,0,0,0,0,0,1.85178e-07,0.905998,
-6.07153e-12,0.0070779,-0.0104367,0.00958722,0.002023,-7.23282e-05,6.771e-06,0,0,0.320948,-0.00641434,0.264105,0.000766409,-0.0327665,-0.00199984,-0.000957148,0,0,6.93889e-12,0.0644906,-0.00455404,-0.540927,0.00367791,-0.000765176,2.3126e-05,0,0,-0.020096,0.62167,0.00218558,-0.0403153,-0.00729529,-0.0409728,0.00888736,0,0,1.30104e-11,-0.00453642,0.0235089,-0.0234667,-0.000822353,-0.000225691,4.58843e-06,0,0,0.263802,0.000130201,0.315404,-0.00144526,-0.0307927,-0.00103634,-0.000449243,0,0,-4.01155e-12,0.0302547,-0.00189228,-2,0.00102985,-0.00551134,0.000169453,0,0,-0.0755185,-0.0350557,0.0104003,0.774077,-0.0401045,-0.029542,0.0490276,0,0,-1.38778e-11,0.0464092,-0.00772164,1.50108,0.0236275,0.00293854,-3.22312e-05,0,0,-0.2933,0.0151874,-0.31015,0.105886,0.334536,0.00570542,0.0169155,0,0,3.46945e-11,0.0894248,-0.00224228,2,0.0034562,-0.0666868,0.00204295,0,0,0.0845281,-0.307922,-0.0231985,0.316344,0.0480917,0.513507,-0.0761885,0,0,0,-0.0052327,0.00126847,-0.191026,-0.00138565,0.00274337,-1.4559e-05,0,0,-0.012296,-0.00129783,-0.00697273,-0.0134025,0.0375119,-0.00929099,0.0680204,0,0,0,0,0,0,0,0,0,0,0,0,0,0,0,0,0,0,0.905998,1.9404e-07,0,0,0,0,0,0,0,0,0,0,0,0,0,0,0,0,1.94041e-07,0.906,
-4.33681e-12,0.00707951,-0.010451,0.00962936,0.00202479,-7.22723e-05,6.80872e-06,0,0,0.320992,-0.00642468,0.264042,0.000773187,-0.0327607,-0.00200569,-0.00095938,0,0,-6.93889e-12,0.0645081,-0.00455656,-0.53831,0.00367734,-0.000763958,2.30958e-05,0,0,-0.0200997,0.621669,0.00217889,-0.0403303,-0.00729117,-0.0409629,0.00888205,0,0,6.93889e-12,-0.00454015,0.0235462,-0.0233632,-0.000823893,-0.000226322,4.59595e-06,0,0,0.263741,0.000128432,0.315445,-0.00144512,-0.0307896,-0.00103969,-0.000449873,0,0,-5.42101e-13,0.0302681,-0.00189281,-2,0.00102962,-0.00550603,0.000169354,0,0,-0.0754714,-0.0350715,0.0103722,0.774006,-0.0400805,-0.0295045,0.0489961,0,0,-1.04083e-11,0.0463911,-0.00773158,1.49393,0.0236516,0.0029413,-3.19163e-05,0,0,-0.29328,0.0151939,-0.310107,0.105903,0.334495,0.0056769,0.0169325,0,0,2.08167e-11,0.0893992,-0.00224657,2,0.00346141,-0.0666803,0.00204302,0,0,0.0844049,-0.307863,-0.0231951,0.316462,0.048052,0.513465,-0.0761487,0,0,0,-0.00523136,0.00127025,-0.190116,-0.00138677,0.00274353,-1.47743e-05,0,0,-0.0123021,-0.00129958,-0.00697792,-0.0134044,0.0375126,-0.00928875,0.0680182,0,0,0,0,0,0,0,0,0,0,0,0,0,0,0,0,0,0,0.905999,1.99511e-07,0,0,0,0,0,0,0,0,0,0,0,0,0,0,0,0,1.99511e-07,0.906001,
6.07153e-12,0.0070811,-0.0104654,0.00967148,0.00202657,-7.22146e-05,6.84629e-06,0,0,0.321036,-0.00643498,0.26398,0.000779925,-0.0327548,-0.0020115,-0.000961605,0,0,-1.38778e-11,0.0645255,-0.00455907,-0.535761,0.00367677,-0.000762753,2.30659e-05,0,0,-0.0201034,0.621668,0.00217219,-0.0403451,-0.00728717,-0.0409532,0.00887683,0,0,-1.38778e-11,-0.00454385,0.0235835,-0.0232625,-0.000825427,-0.00022695,4.60341e-06,0,0,0.263679,0.00012669,0.315487,-0.00144499,-0.0307865,-0.00104301,-0.000450495,0,0,2.1684e-13,0.0302812,-0.00189334,-2,0.00102942,-0.0055008,0.000169257,0,0,-0.0754245,-0.0350871,0.010344,0.773937,-0.0400569,-0.0294678,0.0489652,0,-1.0842e-13,3.46945e-12,0.0463733,-0.00774149,1.48696,0.0236757,0.00294409,-3.1604e-05,0,0,-0.29326,0.0152003,-0.310064,0.10592,0.334455,0.00564884,0.0169491,0,0,-2.08167e-11,0.089374,-0.00225084,2,0.00346654,-0.0666737,0.00204308,0,0,0.0842826,-0.307804,-0.0231911,0.316577,0.0480131,0.513423,-0.0761097,0,0,-6.93889e-12,-0.00523005,0.00127202,-0.189229,-0.00138788,0.00274369,-1.49876e-05,0,0,-0.0123083,-0.00130131,-0.00698313,-0.0134063,0.0375132,-0.00928657,0.0680161,0,0,0,0,0,0,0,0,0,0,0,0,0,0,0,0,0,0,0.906,2.02016e-07,0,0,0,0,0,0,0,0,0,0,0,0,0,0,0,0,2.02016e-07,0.906001,
7.80626e-12,0.00708268,-0.0104797,0.00971362,0.00202835,-7.21551e-05,6.8837e-06,0,0,0.321081,-0.00644524,0.263918,0.000786624,-0.032749,-0.00201725,-0.000963823,0,0,0,0.0645428,-0.00456156,-0.533279,0.00367622,-0.000761563,2.30364e-05,0,0,-0.0201071,0.621667,0.00216549,-0.0403595,-0.00728327,-0.0409436,0.00887171,0,0,-1.82146e-11,-0.00454754,0.0236208,-0.0231647,-0.000826956,-0.000227574,4.61082e-06,0,0,0.263617,0.000124977,0.315529,-0.00144488,-0.0307834,-0.0010463,-0.000451108,0,0,-7.58942e-13,0.0302938,-0.00189387,-2,0.00102925,-0.00549566,0.000169162,0,0,-0.075378,-0.0351023,0.0103155,0.77387,-0.040034,-0.0294319,0.0489348,0,0,-3.46945e-12,0.0463557,-0.00775137,1.48017,0.0236996,0.00294689,-3.12941e-05,0,0,-0.293238,0.0152065,-0.310021,0.105936,0.334415,0.00562125,0.0169654,0,0,-2.08167e-11,0.0893493,-0.00225508,2,0.00347159,-0.0666669,0.00204314,0,0,0.0841612,-0.307746,-0.0231864,0.316691,0.047975,0.513383,-0.0760715,0,0,0,-0.00522877,0.0012738,-0.188365,-0.00138899,0.00274385,-1.51988e-05,0,0,-0.0123144,-0.00130302,-0.00698835,-0.0134082,0.0375138,-0.00928443,0.0680141,0,0,0,0,0,0,0,0,0,0,0,0,0,0,0,0,0,0,0.906,2.01728e-07,0,1.20024e-12,0,1.20024e-12,0,1.20024e-12,0,0,0,0,0,0,0,0,0,0,2.01728e-07,0.906002,
-2.60209e-12,0.00708424,-0.010494,0.00975583,0.00203013,-7.2094e-05,6.92096e-06,0,0,0.321125,-0.00645545,0.263855,0.000793284,-0.0327431,-0.00202295,-0.000966033,0,0,0,0.06456,-0.00456405,-0.530866,0.00367568,-0.000760387,2.30074e-05,0,0,-0.0201108,0.621666,0.00215877,-0.0403736,-0.00727948,-0.0409342,0.0088667,0,0,6.07153e-12,-0.00455121,0.023658,-0.0230696,-0.000828479,-0.000228193,4.61817e-06,0,0,0.263556,0.000123292,0.315571,-0.00144478,-0.0307803,-0.00104956,-0.000451712,0,0,-4.22839e-12,0.0303061,-0.00189439,-2,0.00102912,-0.00549062,0.00016907,0,0,-0.0753317,-0.0351172,0.0102868,0.773804,-0.0400116,-0.0293968,0.048905,0,0,-3.46945e-12,0.0463383,-0.00776122,1.47356,0.0237236,0.00294972,-3.09866e-05,0,0,-0.293217,0.0152124,-0.309978,0.105952,0.334376,0.00559414,0.0169814,0,0,-3.46945e-11,0.0893251,-0.0022593,2,0.00347657,-0.06666,0.00204321,0,0,0.0840406,-0.307689,-0.0231812,0.316802,0.0479378,0.513343,-0.0760341,0,0,-6.93889e-12,-0.00522751,0.00127557,-0.187524,-0.00139009,0.00274401,-1.54081e-05,0,0,-0.0123206,-0.00130471,-0.00699359,-0.0134099,0.0375144,-0.00928235,0.0680121,0,0,0,0,0,0,0,0,0,0,0,0,0,0,0,0,0,0,0.906001,1.98803e-07,0,0,0,0,0,0,0,0,0,0,0,0,0,0,0,0,1.98803e-07,0.906002,
4.33681e-12,0.00708578,-0.0105083,0.00979816,0.0020319,-7.20311e-05,6.95807e-06,0,0,0.32117,-0.00646562,0.263793,0.000799904,-0.0327373,-0.00202861,-0.000968236,0,0,-1.38778e-11,0.0645772,-0.00456652,-0.528521,0.00367514,-0.000759226,2.29787e-05,0,0,-0.0201145,0.621665,0.00215205,-0.0403874,-0.00727579,-0.0409249,0.00886178,0,0,-1.30104e-11,-0.00455486,0.0236952,-0.0229773,-0.000829997,-0.000228808,4.62547e-06,0,0,0.263494,0.000121634,0.315613,-0.0014447,-0.0307772,-0.0010528,-0.000452307,0,0,-5.63785e-12,0.0303181,-0.00189491,-2,0.00102903,-0.00548566,0.000168981,0,0,-0.0752858,-0.0351317,0.010258,0.77374,-0.0399898,-0.0293624,0.0488758,0,0,-6.93889e-12,0.0463212,-0.00777104,1.46714,0.0237474,0.00295258,-3.06816e-05,0,0,-0.293195,0.0152182,-0.309935,0.105967,0.334337,0.00556751,0.0169971,0,0,-6.93889e-11,0.0893014,-0.00226349,2,0.00348146,-0.0666529,0.00204326,0,0,0.083921,-0.307632,-0.0231753,0.316911,0.0479015,0.513305,-0.0759975,0,0,0,-0.00522628,0.00127733,-0.186707,-0.00139119,0.00274416,-1.56154e-05,0,0,-0.0123269,-0.00130638,-0.00699884,-0.0134116,0.0375149,-0.00928031,0.0680101,0,0,0,2.40049e-12,2.40049e-12,0,0,-2.40049e-12,2.40049e-12,0,0,0,0,0,0,0,0,0,0.906,1.93674e-07,0,0,0,0,0,0,0,0,0,0,0,0,0,0,0,0,1.93673e-07,0.906002,
-1.73472e-12,0.00708731,-0.0105226,0.00984066,0.00203368,-7.19666e-05,6.99504e-06,0,0,0.321214,-0.00647576,0.26373,0.000806485,-0.0327314,-0.00203421,-0.000970432,0,0,1.38778e-11,0.0645943,-0.00456898,-0.526244,0.00367462,-0.00075808,2.29504e-05,0,0,-0.0201182,0.621665,0.00214532,-0.0404009,-0.00727223,-0.0409158,0.00885697,0,0,1.73472e-12,-0.00455849,0.0237324,-0.0228878,-0.000831509,-0.000229419,4.63271e-06,0,0,0.263432,0.000120003,0.315655,-0.00144463,-0.0307742,-0.00105601,-0.000452895,0,0,-2.92735e-12,0.0303296,-0.00189544,-2,0.00102897,-0.0054808,0.000168894,0,0,-0.0752401,-0.035146,0.0102289,0.773677,-0.0399686,-0.029329,0.0488472,0,0,-1.04083e-11,0.0463043,-0.00778083,1.4609,0.0237712,0.00295545,-3.03789e-05,0,0,-0.293173,0.0152238,-0.309892,0.105981,0.334298,0.00554136,0.0170124,0,0,2.08167e-11,0.0892782,-0.00226765,2,0.00348628,-0.0666457,0.00204332,0,0,0.0838023,-0.307575,-0.0231688,0.317018,0.047866,0.513268,-0.0759617,0,0,0,-0.00522507,0.0012791,-0.185912,-0.00139228,0.00274431,-1.58208e-05,0,0,-0.0123331,-0.00130803,-0.0070041,-0.0134131,0.0375153,-0.00927832,0.0680081,0,0,0,0,0,0,0,0,0,0,0,0,0,0,0,0,0,0,0.906,1.86523e-07,0,-1.20024e-12,0,0,0,0,0,0,0,0,0,0,0,0,0,0,1.86523e-07,0.906001,
2.60209e-12,0.00708883,-0.0105368,0.00988336,0.00203545,-7.19005e-05,7.03185e-06,0,0,0.321259,-0.00648585,0.263668,0.000813026,-0.0327255,-0.00203977,-0.000972622,0,0,-6.93889e-12,0.0646113,-0.00457143,-0.524036,0.00367411,-0.000756949,2.29225e-05,0,0,-0.020122,0.621664,0.00213858,-0.0404142,-0.00726877,-0.0409068,0.00885226,0,0,-5.20417e-12,-0.00456211,0.0237695,-0.0228011,-0.000833017,-0.000230026,4.63989e-06,0,0,0.26337,0.000118399,0.315697,-0.00144457,-0.0307711,-0.00105919,-0.000453473,0,0,2.92735e-12,0.0303408,-0.00189596,-2,0.00102895,-0.00547604,0.000168809,0,0,-0.0751949,-0.0351598,0.0101997,0.773616,-0.0399479,-0.0292963,0.0488191,0,0,6.93889e-12,0.0462877,-0.00779058,1.45485,0.023795,0.00295835,-3.00787e-05,0,0,-0.29315,0.0152291,-0.309848,0.105996,0.33426,0.0055157,0.0170274,0,0,2.77556e-11,0.0892555,-0.00227178,2,0.00349101,-0.0666382,0.00204337,0,0,0.0836845,-0.307519,-0.0231617,0.317122,0.0478314,0.513232,-0.0759267,0,0,0,-0.00522389,0.00128086,-0.185141,-0.00139336,0.00274445,-1.60242e-05,0,0,-0.0123394,-0.00130966,-0.00700937,-0.0134146,0.0375158,-0.00927639,0.0680062,0,0,0,0,0,0,-2.40049e-12,0,-2.40049e-12,0,0,0,0,0,0,0,0,0,0.906,1.77718e-07,0,0,0,0,-1.20025e-12,0,-1.20025e-12,0,0,0,0,0,0,0,0,0,1.77719e-07,0.906001,
0,0.00709033,-0.0105511,0.00992632,0.00203723,-7.18328e-05,7.06852e-06,0,0,0.321304,-0.0064959,0.263605,0.000819528,-0.0327196,-0.00204528,-0.000974806,0,0,-1.38778e-11,0.0646282,-0.00457386,-0.521897,0.00367361,-0.000755833,2.2895e-05,0,0,-0.0201257,0.621663,0.00213183,-0.0404271,-0.00726543,-0.040898,0.00884765,0,0,0,-0.0045657,0.0238067,-0.0227173,-0.000834519,-0.000230629,4.64702e-06,0,0,0.263308,0.000116821,0.315739,-0.00144453,-0.0307681,-0.00106234,-0.000454043,0,0,5.09575e-12,0.0303515,-0.00189648,-2,0.00102897,-0.00547137,0.000168728,0,0,-0.0751499,-0.0351733,0.0101703,0.773557,-0.0399279,-0.0292646,0.0487917,0,-1.0842e-13,0,0.0462713,-0.00780031,1.44898,0.0238186,0.00296128,-2.97809e-05,0,0,-0.293126,0.0152342,-0.309805,0.106009,0.334223,0.00549054,0.017042,0,0,2.08167e-11,0.0892334,-0.00227589,2,0.00349566,-0.0666307,0.00204343,0,0,0.0835678,-0.307464,-0.023154,0.317224,0.0477978,0.513198,-0.0758925,0,0,0,-0.00522274,0.00128261,-0.184392,-0.00139444,0.00274459,-1.62257e-05,0,0,-0.0123458,-0.00131127,-0.00701466,-0.0134161,0.0375161,-0.00927451,0.0680044,0,0,0,0,0,0,0,0,0,1.20025e-12,0,0,0,0,0,0,0,0,0.905999,1.67487e-07,0,0,0,0,0,0,0,0,0,0,0,0,0,0,0,0,1.67488e-07,0.906,
3.46945e-12,0.00709181,-0.0105653,0.00996958,0.002039,-7.17634e-05,7.10505e-06,0,0,0.321349,-0.00650592,0.263542,0.000825991,-0.0327136,-0.00205074,-0.000976983,0,0,6.93889e-12,0.064645,-0.00457629,-0.519827,0.00367312,-0.000754733,2.2868e-05,0,0,-0.0201294,0.621663,0.00212508,-0.0404396,-0.00726221,-0.0408894,0.00884315,0,0,-8.67362e-12,-0.00456928,0.0238438,-0.0226362,-0.000836016,-0.000231229,4.65409e-06,0,0,0.263246,0.00011527,0.315781,-0.0014445,-0.0307651,-0.00106548,-0.000454605,0,0,2.38524e-12,0.0303619,-0.001897,-2,0.00102903,-0.0054668,0.000168649,0,0,-0.0751053,-0.0351865,0.0101407,0.773499,-0.0399085,-0.0292336,0.0487648,1.0842e-13,0,0,0.0462552,-0.00781001,1.4433,0.0238422,0.00296423,-2.94854e-05,0,0,-0.293102,0.0152391,-0.309761,0.106022,0.334186,0.00546588,0.0170562,0,0,2.77556e-11,0.0892117,-0.00227997,2,0.00350022,-0.0666229,0.00204347,0,0,0.083452,-0.307409,-0.0231458,0.317323,0.047765,0.513164,-0.0758592,0,0,0,-0.00522162,0.00128437,-0.183667,-0.00139551,0.00274473,-1.64253e-05,0,0,-0.0123521,-0.00131286,-0.00701996,-0.0134174,0.0375165,-0.00927268,0.0680025,0,0,0,0,-1.20035e-12,0,1.20035e-12,0,-1.20035e-12,5.76116e-11,0,0,0,0,0,0,0,0,0.905999,1.56123e-07,0,0,-1.20025e-12,0,1.20025e-12,0,-1.20025e-12,0,0,0,0,0,0,0,0,0,1.56123e-07,0.906,
-1.73472e-12,0.00709329,-0.0105795,0.0100132,0.00204077,-7.16926e-05,7.14144e-06,0,0,0.321394,-0.00651589,0.26348,0.000832414,-0.0327077,-0.00205616,-0.000979154,0,0,6.93889e-12,0.0646617,-0.0045787,-0.517826,0.00367264,-0.000753649,2.28414e-05,0,0,-0.0201332,0.621662,0.00211833,-0.0404519,-0.0072591,-0.0408809,0.00883876,0,0,6.07153e-12,-0.00457284,0.0238808,-0.0225579,-0.000837509,-0.000231824,4.6611e-06,0,0,0.263184,0.000113745,0.315823,-0.00144448,-0.030762,-0.00106858,-0.000455159,0,0,1.51788e-12,0.0303719,-0.00189752,-2,0.00102913,-0.00546233,0.000168572,0,0,-0.0750611,-0.0351993,0.0101109,0.773443,-0.0398897,-0.0292036,0.0487386,0,0,1.04083e-11,0.0462394,-0.00781967,1.43781,0.0238658,0.00296721,-2.91923e-05,0,0,-0.293078,0.0152438,-0.309718,0.106035,0.334149,0.00544172,0.0170702,0,0,3.46945e-11,0.0891907,-0.00228402,2,0.0035047,-0.0666151,0.00204352,0,0,0.0833371,-0.307355,-0.023137,0.317421,0.0477332,0.513132,-0.0758267,0,0,0,-0.00522052,0.00128612,-0.182966,-0.00139658,0.00274487,-1.6623e-05,0,0,-0.0123585,-0.00131443,-0.00702527,-0.0134186,0.0375168,-0.0092709,0.0680008,0,0,0,0,0,0,0,0,0,0,0,0,0,0,0,0,0,0,0.905998,1.43962e-07,0,0,-1.20025e-12,0,0,1.20025e-12,1.20025e-12,0,0,0,0,0,0,0,0,0,1.43962e-07,0.905999,
-6.93889e-12,0.00709474,-0.0105937,0.0100572,0.00204254,-7.16202e-05,7.17769e-06,0,0,0.321439,-0.00652583,0.263417,0.000838798,-0.0327017,-0.00206152,-0.000981319,0,0,-1.38778e-11,0.0646784,-0.0045811,-0.515894,0.00367218,-0.000752582,2.28153e-05,0,0,-0.020137,0.621662,0.00211156,-0.0404638,-0.00725611,-0.0408726,0.00883448,0,0,1.99493e-11,-0.00457639,0.0239179,-0.0224824,-0.000838996,-0.000232416,4.66806e-06,0,0,0.263122,0.000112246,0.315865,-0.00144448,-0.030759,-0.00107166,-0.000455704,0,0,2.60209e-12,0.0303814,-0.00189805,-2,0.00102927,-0.00545795,0.000168499,0,0,-0.0750173,-0.0352117,0.010081,0.773389,-0.0398715,-0.0291745,0.048713,0,0,2.42861e-11,0.0462238,-0.0078293,1.4325,0.0238893,0.00297022,-2.89016e-05,0,0,-0.293053,0.0152483,-0.309674,0.106047,0.334113,0.00541806,0.0170837,0,0,0,0.0891701,-0.00228804,2,0.0035091,-0.066607,0.00204356,0,0,0.0832234,-0.307301,-0.0231276,0.317515,0.0477023,0.513101,-0.0757951,0,0,0,-0.00521945,0.00128786,-0.182288,-0.00139764,0.002745,-1.68189e-05,0,0,-0.012365,-0.00131598,-0.0070306,-0.0134198,0.037517,-0.00926918,0.067999,0,0,0,0,0,0,0,0,0,0,0,0,0,0,0,0,0,0,0.905997,1.30855e-07,0,0,0,0,0,0,0,0,0,0,0,0,0,0,0,0,1.30854e-07,0.905998,
8.67362e-13,0.00709619,-0.0106078,0.0101016,0.0020443,-7.15462e-05,7.21381e-06,0,0,0.321484,-0.00653572,0.263354,0.000845143,-0.0326957,-0.00206684,-0.000983479,0,0,-2.08167e-11,0.064695,-0.00458349,-0.514032,0.00367172,-0.00075153,2.27896e-05,0,0,-0.0201408,0.621661,0.0021048,-0.0404755,-0.00725325,-0.0408644,0.00883031,0,0,0,-0.00457991,0.0239549,-0.0224097,-0.000840479,-0.000233005,4.67496e-06,0,0,0.26306,0.000110773,0.315907,-0.00144448,-0.030756,-0.00107472,-0.000456241,0,0,-4.33681e-12,0.0303906,-0.00189857,-2,0.00102945,-0.00545368,0.000168428,0,0,-0.0749739,-0.0352237,0.0100509,0.773337,-0.039854,-0.0291462,0.048688,0,0,1.04083e-11,0.0462084,-0.00783889,1.42738,0.0239127,0.00297325,-2.86132e-05,0,0,-0.293028,0.0152525,-0.30963,0.106058,0.334077,0.00539492,0.0170969,0,0,-5.55112e-11,0.0891501,-0.00229203,2,0.00351341,-0.0665988,0.0020436,0,0,0.0831106,-0.307248,-0.0231176,0.317607,0.0476723,0.513071,-0.0757643,0,0,0,-0.00521841,0.00128961,-0.181633,-0.00139869,0.00274513,-1.70129e-05,0,0,-0.0123714,-0.0013175,-0.00703594,-0.0134209,0.0375172,-0.00926752,0.0679973,0,0,0,0,0,0,0,0,0,0,0,0,0,0,0,0,0,0,0.905997,1.17638e-07,0,0,-1.20023e-12,0,0,0,1.20023e-12,0,0,0,0,0,0,0,0,0,1.17638e-07,0.905997,
-5.20417e-12,0.00709761,-0.010622,0.0101465,0.00204606,-7.14708e-05,7.24979e-06,0,0,0.321529,-0.00654559,0.263291,0.000851448,-0.0326897,-0.00207212,-0.000985633,0,0,6.93889e-12,0.0647114,-0.00458587,-0.512239,0.00367128,-0.000750495,2.27644e-05,0,0,-0.0201446,0.621661,0.00209803,-0.0404867,-0.0072505,-0.0408565,0.00882624,0,0,8.67362e-12,-0.00458342,0.0239919,-0.0223398,-0.000841958,-0.000233589,4.6818e-06,0,0,0.262998,0.000109324,0.315949,-0.0014445,-0.030753,-0.00107775,-0.000456769,0,0,-3.36103e-12,0.0303993,-0.0018991,-2,0.00102968,-0.00544951,0.00016836,0,0,-0.074931,-0.0352354,0.0100206,0.773286,-0.0398371,-0.0291189,0.0486636,0,0,-6.93889e-12,0.0461934,-0.00784845,1.42244,0.023936,0.00297631,-2.83271e-05,0,0,-0.293002,0.0152566,-0.309586,0.106069,0.334042,0.0053723,0.0171098,0,0,-1.38778e-11,0.0891307,-0.002296,2,0.00351763,-0.0665904,0.00204364,0,0,0.0829988,-0.307196,-0.0231071,0.317697,0.0476433,0.513042,-0.0757344,0,0,0,-0.0052174,0.00129134,-0.181001,-0.00139974,0.00274525,-1.7205e-05,0,0,-0.0123779,-0.00131901,-0.00704129,-0.0134218,0.0375173,-0.00926591,0.0679956,0,0,0,-1.20025e-12,1.20025e-12,0,-1.20025e-12,1.20025e-12,-1.20025e-12,0,0,0,0,0,0,0,0,0,0.905996,1.03917e-07,0,-1.20023e-12,1.20023e-12,0,-1.20023e-12,1.20023e-12,-1.20023e-12,0,0,0,0,0,0,0,0,0,1.03916e-07,0.905997,
-2.60209e-12,0.00709903,-0.0106361,0.0101919,0.00204782,-7.13981e-05,7.28577e-06,0,0,0.321575,-0.00655541,0.263229,0.000857715,-0.0326837,-0.00207734,-0.000987782,0,0,6.93889e-12,0.0647278,-0.00458824,-0.510517,0.00367085,-0.000749476,2.27396e-05,0,0,-0.0201485,0.621661,0.00209125,-0.0404977,-0.00724788,-0.0408487,0.00882229,0,0,6.07153e-12,-0.00458692,0.0240289,-0.0222726,-0.000843432,-0.000234174,4.68871e-06,0,0,0.262935,0.000107901,0.315991,-0.00144453,-0.0307499,-0.00108076,-0.000457289,0,0,-1.19262e-12,0.0304076,-0.00189963,-2,0.00102994,-0.00544544,0.000168295,0,0,-0.0748884,-0.0352467,0.00999017,0.773238,-0.0398209,-0.0290925,0.0486399,0,0,-3.46945e-12,0.0461785,-0.00785798,1.41769,0.0239593,0.00297942,-2.80439e-05,0,0,-0.292975,0.0152604,-0.309542,0.106079,0.334007,0.0053502,0.0171223,0,0,-1.38778e-11,0.0891118,-0.00229993,2,0.00352177,-0.0665819,0.00204368,0,0,0.0828882,-0.307144,-0.0230961,0.317784,0.0476153,0.513015,-0.0757054,0,0,0,-0.00521642,0.00129308,-0.180393,-0.00140078,0.00274537,-1.73956e-05,0,0,-0.0123845,-0.0013205,-0.00704665,-0.0134227,0.0375174,-0.00926436,0.067994,0,0,0,0,0,0,0,0,0,0,0,0,0,0,0,0,0,0,0.905995,9.03097e-08,0,0,0,0,0,0,0,0,0,0,0,0,0,0,0,0,9.03094e-08,0.905996,
-2.60209e-12,0.00710043,-0.0106502,0.0102378,0.00204958,-7.13237e-05,7.3216e-06,0,0,0.32162,-0.0065652,0.263166,0.000863942,-0.0326777,-0.00208253,-0.000989926,0,0,6.93889e-12,0.0647441,-0.00459059,-0.508864,0.00367043,-0.000748474,2.27154e-05,0,0,-0.0201524,0.62166,0.00208447,-0.0405083,-0.00724539,-0.040841,0.00881845,0,0,7.80626e-12,-0.00459039,0.0240658,-0.0222083,-0.000844901,-0.000234755,4.69554e-06,0,0,0.262873,0.000106503,0.316034,-0.00144457,-0.0307469,-0.00108374,-0.000457801,0,0,-4.44523e-12,0.0304155,-0.00190016,-2,0.00103026,-0.00544148,0.000168233,0,0,-0.0748463,-0.0352576,0.00995958,0.773191,-0.0398053,-0.0290671,0.0486168,0,0,1.04083e-11,0.046164,-0.00786747,1.41313,0.0239825,0.00298256,-2.77631e-05,0,0,-0.292948,0.015264,-0.309498,0.106089,0.333973,0.00532862,0.0171344,0,0,-2.77556e-11,0.0890936,-0.00230383,2,0.00352582,-0.0665732,0.00204371,0,0,0.0827786,-0.307093,-0.0230846,0.317869,0.0475882,0.512989,-0.0756773,0,0,-3.46945e-12,-0.00521546,0.00129481,-0.179808,-0.00140181,0.00274549,-1.75845e-05,0,0,-0.0123911,-0.00132196,-0.00705203,-0.0134235,0.0375174,-0.00926286,0.0679925,0,0,0,0,0,0,0,0,0,0,0,0,0,0,0,0,0,0,0.905994,7.67905e-08,0,0,0,0,0,0,0,0,0,0,0,0,0,0,0,0,7.6792e-08,0.905995,
-8.67362e-13,0.00710182,-0.0106642,0.0102843,0.00205133,-7.12469e-05,7.35726e-06,0,0,0.321666,-0.00657495,0.263103,0.000870129,-0.0326716,-0.00208766,-0.000992065,0,0,-1.38778e-11,0.0647603,-0.00459294,-0.507281,0.00367002,-0.00074749,2.26916e-05,0,0,-0.0201563,0.62166,0.00207768,-0.0405186,-0.00724301,-0.0408336,0.00881473,0,0,4.33681e-12,-0.00459385,0.0241027,-0.0221467,-0.000846366,-0.000235332,4.70228e-06,0,0,0.262811,0.000105129,0.316076,-0.00144462,-0.0307439,-0.00108671,-0.000458305,0,0,6.17995e-12,0.0304229,-0.0019007,-2,0.00103062,-0.00543762,0.000168174,0,0,-0.0748047,-0.0352681,0.00992885,0.773145,-0.0397904,-0.0290425,0.0485944,0,0,1.38778e-11,0.0461496,-0.00787693,1.40875,0.0240056,0.00298573,-2.74844e-05,0,0,-0.29292,0.0152673,-0.309454,0.106098,0.33394,0.00530756,0.0171462,0,0,3.46945e-12,0.0890758,-0.0023077,2,0.00352978,-0.0665644,0.00204374,0,0,0.08267,-0.307042,-0.0230725,0.317951,0.0475621,0.512964,-0.0756501,0,0,0,-0.00521453,0.00129654,-0.179247,-0.00140284,0.0027456,-1.77717e-05,0,0,-0.0123977,-0.0013234,-0.00705742,-0.0134242,0.0375174,-0.00926142,0.0679909,0,0,0,0,0,0,0,0,0,-1.14023e-10,0,0,0,0,0,0,0,0,0.905994,6.38357e-08,0,0,0,0,0,0,0,1.20025e-12,0,0,0,0,0,0,0,0,6.38351e-08,0.905994,
8.67362e-13,0.00710319,-0.0106783,0.0103315,0.00205308,-7.11677e-05,7.39277e-06,0,0,0.321711,-0.00658466,0.26304,0.000876278,-0.0326655,-0.00209276,-0.000994199,0,0,0,0.0647764,-0.00459527,-0.505768,0.00366963,-0.000746523,2.26684e-05,0,0,-0.0201603,0.62166,0.0020709,-0.0405285,-0.00724077,-0.0408263,0.00881111,0,0,-3.46945e-12,-0.0045973,0.0241396,-0.0220879,-0.000847827,-0.000235904,4.70894e-06,0,0,0.262748,0.000103779,0.316118,-0.00144468,-0.0307409,-0.00108965,-0.000458801,0,0,0,0.0304299,-0.00190124,-2,0.00103102,-0.00543387,0.000168119,0,0,-0.0747635,-0.0352782,0.00989796,0.773102,-0.0397762,-0.029019,0.0485725,0,0,-1.38778e-11,0.0461356,-0.00788635,1.40456,0.0240286,0.00298893,-2.72079e-05,0,0,-0.292892,0.0152705,-0.30941,0.106106,0.333906,0.00528704,0.0171576,0,0,-3.46945e-11,0.0890587,-0.00231154,2,0.00353365,-0.0665553,0.00204376,0,0,0.0825626,-0.306993,-0.02306,0.31803,0.047537,0.512941,-0.0756237,0,0,0,-0.00521363,0.00129827,-0.178709,-0.00140386,0.0027457,-1.7957e-05,0,0,-0.0124044,-0.00132482,-0.00706282,-0.0134248,0.0375174,-0.00926004,0.0679894,0,0,0,-2.40049e-12,-2.40049e-12,2.40049e-12,2.40049e-12,2.40049e-12,2.40049e-12,1.15223e-10,0,0,0,0,0,0,0,0,0.905993,5.09112e-08,0,0,0,0,0,0,0,0,0,0,0,0,0,0,0,0,5.09121e-08,0.905993,
-6.07153e-12,0.00710455,-0.0106923,0.0103793,0.00205482,-7.10864e-05,7.42813e-06,0,0,0.321757,-0.00659434,0.262977,0.000882387,-0.0326594,-0.0020978,-0.000996329,0,0,-2.08167e-11,0.0647924,-0.0045976,-0.504325,0.00366924,-0.000745574,2.26456e-05,0,0,-0.0201643,0.62166,0.00206411,-0.040538,-0.00723865,-0.0408192,0.00880761,0,0,1.38778e-11,-0.00460072,0.0241765,-0.0220318,-0.000849283,-0.000236473,4.71553e-06,0,0,0.262686,0.000102454,0.31616,-0.00144475,-0.0307379,-0.00109257,-0.000459288,0,0,-2.1684e-13,0.0304365,-0.00190179,-2,0.00103147,-0.00543022,0.000168066,0,0,-0.0747228,-0.0352879,0.00986693,0.773061,-0.0397626,-0.0289964,0.0485514,0,0,0,0.0461218,-0.00789573,1.40056,0.0240516,0.00299215,-2.69335e-05,0,0,-0.292864,0.0152734,-0.309365,0.106114,0.333873,0.00526706,0.0171687,0,0,1.38778e-11,0.0890422,-0.00231534,2,0.00353743,-0.0665462,0.00204378,0,0,0.0824562,-0.306943,-0.0230469,0.318107,0.0475129,0.512919,-0.0755983,0,0,0,-0.00521276,0.00129999,-0.178195,-0.00140487,0.00274581,-1.81405e-05,0,0,-0.0124111,-0.00132622,-0.00706823,-0.0134253,0.0375173,-0.00925872,0.067988,0,0,0,0,0,0,0,-1.20025e-12,1.20025e-12,5.76115e-11,0,0,0,0,0,0,0,0,0.905992,3.86088e-08,0,0,1.20023e-12,-1.20023e-12,0,1.20025e-12,-2.40048e-12,0,0,0,0,0,0,0,0,0,3.86085e-08,0.905993,
-6.93889e-12,0.00710589,-0.0107063,0.0104279,0.00205656,-7.10033e-05,7.46335e-06,0,0,0.321803,-0.00660399,0.262914,0.000888457,-0.0326533,-0.00210281,-0.000998454,0,0,-6.93889e-12,0.0648084,-0.00459991,-0.502953,0.00366887,-0.000744643,2.26234e-05,0,0,-0.0201683,0.62166,0.00205731,-0.0405473,-0.00723666,-0.0408123,0.00880423,0,0,1.47451e-11,-0.00460413,0.0242133,-0.0219786,-0.000850736,-0.000237039,4.72204e-06,0,0,0.262623,0.000101152,0.316202,-0.00144483,-0.0307349,-0.00109546,-0.000459767,0,0,-4.98733e-12,0.0304426,-0.00190234,-2,0.00103196,-0.00542668,0.000168016,0,0,-0.0746826,-0.0352972,0.00983576,0.773021,-0.0397497,-0.0289748,0.0485309,0,0,0,0.0461083,-0.00790508,1.39675,0.0240745,0.00299541,-2.66612e-05,0,0,-0.292834,0.0152761,-0.309321,0.106121,0.333841,0.00524761,0.0171794,0,0,-4.16334e-11,0.0890263,-0.00231912,2,0.00354112,-0.0665368,0.0020438,0,0,0.082351,-0.306894,-0.0230333,0.318181,0.0474898,0.512898,-0.0755738,0,0,0,-0.00521192,0.0013017,-0.177704,-0.00140588,0.00274591,-1.83222e-05,0,0,-0.0124179,-0.00132759,-0.00707366,-0.0134257,0.0375171,-0.00925745,0.0679866,0,0,0,0,0,0,0,0,0,0,0,0,0,0,0,0,0,0,0.905992,2.73016e-08,0,-2.40049e-12,-2.40049e-12,0,2.40049e-12,0,-2.40049e-12,0,0,0,0,0,0,0,0,0,2.73016e-08,0.905992,
-4.33681e-12,0.00710722,-0.0107203,0.0104771,0.0020583,-7.09184e-05,7.49844e-06,0,0,0.321849,-0.0066136,0.262851,0.000894487,-0.0326471,-0.00210777,-0.00100058,0,0,0,0.0648242,-0.00460222,-0.50165,0.00366851,-0.000743729,2.26016e-05,0,0,-0.0201724,0.62166,0.00205051,-0.0405561,-0.0072348,-0.0408055,0.00880097,0,0,1.04083e-11,-0.00460753,0.0242501,-0.021928,-0.000852183,-0.0002376,4.72849e-06,0,0,0.26256,9.98737e-05,0.316244,-0.00144492,-0.0307319,-0.00109834,-0.000460238,0,0,2.49366e-12,0.0304483,-0.00190289,-2,0.00103251,-0.00542325,0.000167969,0,0,-0.0746428,-0.0353061,0.00980444,0.772984,-0.0397375,-0.0289541,0.0485111,1.0842e-13,0,1.04083e-11,0.046095,-0.00791439,1.39312,0.0240974,0.0029987,-2.63911e-05,0,0,-0.292804,0.0152785,-0.309276,0.106128,0.333809,0.0052287,0.0171897,0,0,5.55112e-11,0.089011,-0.00232286,2,0.00354471,-0.0665273,0.00204381,0,0,0.0822469,-0.306846,-0.0230193,0.318253,0.0474678,0.512878,-0.0755502,0,0,0,-0.00521111,0.00130342,-0.177236,-0.00140688,0.002746,-1.85022e-05,0,0,-0.0124247,-0.00132894,-0.0070791,-0.013426,0.0375169,-0.00925625,0.0679852,0,0,0,0,0,0,0,-1.20025e-12,-1.20025e-12,0,0,0,0,0,0,0,0,0,0.905991,1.64805e-08,0,0,0,0,0,-2.40048e-12,-1.20025e-12,0,0,0,0,0,0,0,0,0,1.64805e-08,0.905991,
-1.73472e-12,0.00710854,-0.0107343,0.0105272,0.00206003,-7.08319e-05,7.53339e-06,0,0,0.321895,-0.00662317,0.262788,0.000900479,-0.032641,-0.00211268,-0.00100269,0,0,-6.93889e-12,0.0648399,-0.00460451,-0.500418,0.00366816,-0.000742834,2.25805e-05,0,0,-0.0201766,0.62166,0.00204372,-0.0405646,-0.00723307,-0.040799,0.00879782,0,0,2.60209e-12,-0.00461091,0.0242869,-0.0218803,-0.000853627,-0.000238159,4.73488e-06,0,0,0.262498,9.86188e-05,0.316287,-0.00144502,-0.0307289,-0.00110119,-0.000460702,0,0,1.6263e-12,0.0304536,-0.00190345,-2,0.00103309,-0.00541993,0.000167926,0,0,-0.0746036,-0.0353146,0.00977299,0.772948,-0.039726,-0.0289345,0.0484919,1.0842e-13,0,3.46945e-12,0.046082,-0.00792366,1.38967,0.0241201,0.00300201,-2.61231e-05,0,0,-0.292774,0.0152807,-0.309231,0.106133,0.333778,0.00521033,0.0171996,0,0,2.08167e-11,0.0889962,-0.00232656,2,0.00354821,-0.0665177,0.00204382,0,0,0.0821439,-0.306799,-0.0230047,0.318321,0.0474467,0.51286,-0.0755276,0,0,0,-0.00521032,0.00130513,-0.176792,-0.00140787,0.00274609,-1.86803e-05,0,0,-0.0124316,-0.00133027,-0.00708455,-0.0134262,0.0375166,-0.00925511,0.0679839,0,0,0,0,0,1.20025e-12,0,0,0,0,0,0,0,0,0,0,0,0,0.905991,5.73415e-09,0,-2.40049e-12,2.40049e-12,-3.60072e-12,2.40049e-12,0,2.40049e-12,0,0,0,0,0,0,0,0,0,5.73445e-09,0.905991,
-1.73472e-12,0.00710985,-0.0107483,0.0105781,0.00206176,-7.07438e-05,7.56822e-06,0,0,0.321941,-0.00663271,0.262724,0.000906431,-0.0326348,-0.00211756,-0.00100481,0,0,0,0.0648556,-0.00460679,-0.499256,0.00366782,-0.000741958,2.25598e-05,0,0,-0.0201808,0.621661,0.00203691,-0.0405728,-0.00723147,-0.0407926,0.00879479,0,0,5.20417e-12,-0.00461427,0.0243237,-0.0218352,-0.000855067,-0.000238714,4.7412e-06,0,0,0.262435,9.7387e-05,0.316329,-0.00144512,-0.030726,-0.00110403,-0.000461157,0,0,-3.25261e-13,0.0304584,-0.00190402,-2,0.00103373,-0.00541672,0.000167885,0,0,-0.0745649,-0.0353227,0.0097414,0.772915,-0.0397152,-0.0289158,0.0484734,0,0,6.93889e-12,0.0460693,-0.00793289,1.38642,0.0241428,0.00300536,-2.58573e-05,0,0,-0.292743,0.0152827,-0.309187,0.106139,0.333747,0.00519251,0.0172092,0,0,2.42861e-11,0.0889821,-0.00233024,2,0.00355162,-0.0665079,0.00204383,0,0,0.082042,-0.306752,-0.0229897,0.318387,0.0474267,0.512844,-0.0755058,0,0,0,-0.00520957,0.00130683,-0.176372,-0.00140885,0.00274617,-1.88567e-05,0,0,-0.0124385,-0.00133158,-0.00709002,-0.0134263,0.0375163,-0.00925402,0.0679826,0,0,0,0,0,0,0,0,0,0,0,0,0,0,0,0,0,0,0.90599,2.32817e-09,0,0,0,0,0,0,0,0,0,0,0,0,0,0,0,0,2.32787e-09,0.90599,
1.73472e-12,0.00711114,-0.0107622,0.0106298,0.00206349,-7.06543e-05,7.60293e-06,0,0,0.321987,-0.00664222,0.262661,0.000912344,-0.0326285,-0.00212239,-0.00100692,0,0,0,0.0648711,-0.00460907,-0.498164,0.0036675,-0.000741099,2.25397e-05,0,0,-0.020185,0.621661,0.00203011,-0.0405806,-0.00723,-0.0407864,0.00879187,0,0,-7.80626e-12,-0.00461762,0.0243604,-0.021793,-0.000856502,-0.000239266,4.74747e-06,0,0,0.262372,9.6178e-05,0.316371,-0.00144524,-0.030723,-0.00110684,-0.000461604,0,0,1.19262e-12,0.0304627,-0.00190459,-2,0.00103442,-0.00541362,0.000167848,0,0,-0.0745268,-0.0353303,0.00970968,0.772883,-0.0397051,-0.0288982,0.0484555,0,0,-1.04083e-11,0.0460569,-0.00794209,1.38335,0.0241654,0.00300875,-2.55936e-05,0,0,-0.292711,0.0152845,-0.309142,0.106143,0.333717,0.00517523,0.0172184,0,0,1.04083e-11,0.0889687,-0.00233388,2,0.00355493,-0.0664979,0.00204383,0,0,0.0819414,-0.306705,-0.0229742,0.318451,0.0474077,0.512829,-0.075485,0,0,0,-0.00520884,0.00130854,-0.175974,-0.00140983,0.00274625,-1.90314e-05,0,0,-0.0124455,-0.00133287,-0.00709549,-0.0134263,0.037516,-0.009253,0.0679814,0,0,0,-1.20025e-12,-1.20025e-12,0,0,0,1.20025e-12,0,0,0,0,0,0,0,0,0,0.90599,9.18424e-09,0,0,0,0,0,0,0,0,0,0,0,0,0,0,0,0,9.18485e-09,0.90599,
0,0.00711242,-0.0107761,0.0106825,0.00206521,-7.05634e-05,7.63751e-06,0,0,0.322033,-0.0066517,0.262598,0.000918219,-0.0326223,-0.00212717,-0.00100902,0,0,-6.93889e-12,0.0648866,-0.00461133,-0.497142,0.00366719,-0.000740259,2.25201e-05,0,0,-0.0201893,0.621661,0.00202331,-0.040588,-0.00722867,-0.0407804,0.00878908,0,0,-8.67362e-13,-0.00462095,0.0243971,-0.0217534,-0.000857934,-0.000239815,4.75367e-06,0,0,0.262309,9.49916e-05,0.316414,-0.00144536,-0.03072,-0.00110964,-0.000462043,0,0,-4.44523e-12,0.0304666,-0.00190516,-2,0.00103515,-0.00541063,0.000167814,0,0,-0.0744892,-0.0353375,0.00967784,0.772853,-0.0396957,-0.0288815,0.0484384,1.0842e-13,0,1.04083e-11,0.0460447,-0.00795125,1.38047,0.024188,0.00301216,-2.53321e-05,0,0,-0.292678,0.0152861,-0.309096,0.106147,0.333687,0.00515851,0.0172273,0,0,-5.20417e-11,0.0889558,-0.00233748,2,0.00355815,-0.0664878,0.00204383,0,0,0.0818418,-0.30666,-0.0229583,0.318511,0.0473898,0.512815,-0.0754652,0,0,0,-0.00520815,0.00131023,-0.1756,-0.00141081,0.00274633,-1.92044e-05,0,0,-0.0124525,-0.00133413,-0.00710098,-0.0134262,0.0375156,-0.00925204,0.0679802,0,0,0,0,0,0,0,0,0,0,0,0,0,0,0,0,0,0,0.90599,1.76189e-08,0,-1.20023e-12,-1.20023e-12,1.20023e-12,0,0,1.20023e-12,0,0,0,0,0,0,0,0,0,1.76189e-08,0.90599,
4.33681e-12,0.00711368,-0.01079,0.010736,0.00206692,-7.04711e-05,7.67197e-06,0,0,0.322079,-0.00666114,0.262534,0.000924054,-0.032616,-0.00213192,-0.00101112,0,0,-6.93889e-12,0.0649019,-0.00461359,-0.49619,0.00366689,-0.000739438,2.25011e-05,0,0,-0.0201936,0.621661,0.0020165,-0.0405951,-0.00722747,-0.0407746,0.0087864,0,0,-1.21431e-11,-0.00462426,0.0244338,-0.0217166,-0.000859361,-0.000240361,4.75982e-06,0,0,0.262246,9.38276e-05,0.316456,-0.0014455,-0.030717,-0.00111241,-0.000462475,0,0,1.40946e-12,0.0304701,-0.00190575,-2,0.00103594,-0.00540775,0.000167783,0,0,-0.0744521,-0.0353443,0.00964586,0.772825,-0.039687,-0.0288659,0.0484219,1.0842e-13,0,-3.46945e-12,0.0460327,-0.00796037,1.37777,0.0242104,0.00301561,-2.50728e-05,0,0,-0.292645,0.0152874,-0.309051,0.10615,0.333657,0.00514233,0.0172357,0,0,-4.16334e-11,0.0889436,-0.00234105,2,0.00356128,-0.0664775,0.00204383,0,0,0.0817435,-0.306615,-0.0229419,0.318569,0.0473729,0.512802,-0.0754463,0,0,0,-0.00520748,0.00131193,-0.17525,-0.00141177,0.0027464,-1.93758e-05,0,0,-0.0124596,-0.00133536,-0.00710648,-0.013426,0.0375151,-0.00925114,0.067979,0,0,0,-1.20025e-12,0,0,0,1.20025e-12,0,0,0,0,0,0,0,0,0,0,0.905989,2.38218e-08,0,-3.60072e-12,0,0,0,3.60072e-12,0,0,0,0,0,0,0,0,0,0,2.38215e-08,0.90599,
-3.46945e-12,0.00711494,-0.0108039,0.0107905,0.00206863,-7.03776e-05,7.70632e-06,0,0,0.322126,-0.00667055,0.262471,0.00092985,-0.0326097,-0.00213662,-0.00101322,0,0,-1.38778e-11,0.0649172,-0.00461583,-0.495309,0.0036666,-0.000738635,2.24826e-05,0,0,-0.020198,0.621662,0.00200969,-0.0406018,-0.0072264,-0.0407689,0.00878385,0,0,9.54098e-12,-0.00462756,0.0244705,-0.0216825,-0.000860785,-0.000240905,4.7659e-06,0,0,0.262183,9.26858e-05,0.316498,-0.00144564,-0.030714,-0.00111517,-0.000462898,0,0,0,0.0304731,-0.00190634,-2,0.00103677,-0.00540499,0.000167756,0,0,-0.0744155,-0.0353507,0.00961376,0.7728,-0.0396791,-0.0288513,0.048406,0,0,1.04083e-11,0.0460211,-0.00796944,1.37526,0.0242328,0.0030191,-2.48156e-05,0,0,-0.292612,0.0152884,-0.309006,0.106152,0.333628,0.00512671,0.0172438,0,0,1.04083e-11,0.088932,-0.00234459,2,0.00356431,-0.066467,0.00204382,0,0,0.0816463,-0.30657,-0.0229251,0.318624,0.0473571,0.512792,-0.0754283,0,0,0,-0.00520684,0.00131362,-0.174922,-0.00141273,0.00274646,-1.95455e-05,0,0,-0.0124667,-0.00133658,-0.00711199,-0.0134256,0.0375146,-0.0092503,0.0679779,0,0,0,0,0,0,0,0,0,-1.20025e-12,0,0,0,0,0,0,0,0,0.905989,2.90575e-08,0,-1.20024e-12,-1.20024e-12,-1.20024e-12,1.20024e-12,0,-1.20024e-12,-2.40048e-12,0,0,0,0,0,0,0,0,2.90572e-08,0.905989,
0,0.00711618,-0.0108177,0.010846,0.00207034,-7.02827e-05,7.74054e-06,0,0,0.322172,-0.00667993,0.262408,0.000935607,-0.0326034,-0.00214128,-0.00101532,0,0,2.08167e-11,0.0649324,-0.00461807,-0.494497,0.00366632,-0.000737851,2.24646e-05,0,0,-0.0202025,0.621662,0.00200288,-0.0406081,-0.00722547,-0.0407635,0.00878141,0,0,3.46945e-12,-0.00463085,0.0245071,-0.0216512,-0.000862205,-0.000241445,4.77193e-06,0,0,0.26212,9.15658e-05,0.316541,-0.00144579,-0.030711,-0.0011179,-0.000463314,0,0,5.42101e-13,0.0304756,-0.00190694,-2,0.00103766,-0.00540233,0.000167732,0,0,-0.0743796,-0.0353567,0.00958154,0.772776,-0.0396718,-0.0288377,0.0483909,0,0,1.04083e-11,0.0460097,-0.00797848,1.37293,0.0242551,0.00302262,-2.45606e-05,0,0,-0.292578,0.0152893,-0.308961,0.106154,0.3336,0.00511165,0.0172516,0,0,1.73472e-11,0.088921,-0.00234809,2,0.00356724,-0.0664564,0.0020438,0,0,0.0815502,-0.306527,-0.0229078,0.318676,0.0473423,0.512782,-0.0754113,0,0,0,-0.00520623,0.00131531,-0.174618,-0.00141368,0.00274652,-1.97135e-05,0,0,-0.0124739,-0.00133777,-0.00711752,-0.0134252,0.037514,-0.00924952,0.0679769,0,0,0,-2.40049e-12,-1.20025e-12,0,2.40049e-12,0,0,-1.20025e-12,0,0,0,0,0,0,0,0,0.905989,3.34123e-08,0,1.20024e-12,1.20024e-12,0,-1.20024e-12,0,0,2.40048e-12,0,0,0,0,0,0,0,0,3.34117e-08,0.905989,
-5.20417e-12,0.00711741,-0.0108316,0.0109025,0.00207204,-7.01865e-05,7.77466e-06,0,0,0.322218,-0.00668927,0.262344,0.000941326,-0.032597,-0.0021459,-0.00101742,0,0,-6.93889e-12,0.0649474,-0.00462029,-0.493755,0.00366606,-0.000737087,2.24473e-05,0,0,-0.020207,0.621663,0.00199607,-0.0406141,-0.00722467,-0.0407582,0.0087791,0,0,1.30104e-11,-0.00463412,0.0245438,-0.0216225,-0.000863621,-0.000241982,4.77791e-06,0,0,0.262057,9.04676e-05,0.316583,-0.00144594,-0.0307081,-0.00112062,-0.000463721,0,0,-3.25261e-12,0.0304776,-0.00190754,-2,0.0010386,-0.00539979,0.000167711,0,0,-0.0743441,-0.0353622,0.00954919,0.772754,-0.0396653,-0.0288252,0.0483764,0,0,6.93889e-12,0.0459985,-0.00798748,1.37079,0.0242774,0.00302618,-2.43077e-05,0,0,-0.292543,0.0152899,-0.308915,0.106154,0.333572,0.00509714,0.0172589,0,0,-1.04083e-11,0.0889107,-0.00235155,2,0.00357008,-0.0664456,0.00204379,0,0,0.0814554,-0.306483,-0.0228901,0.318725,0.0473286,0.512774,-0.0753952,0,0,0,-0.00520565,0.00131699,-0.174337,-0.00141462,0.00274658,-1.988e-05,0,0,-0.0124811,-0.00133894,-0.00712306,-0.0134247,0.0375134,-0.0092488,0.0679759,0,0,0,2.40049e-12,0,2.40049e-12,2.40049e-12,-2.40049e-12,0,0,0,0,0,0,0,0,0,0,0.905989,3.74343e-08,0,-3.60072e-12,0,-3.60072e-12,-3.60072e-12,3.60072e-12,0,0,0,0,0,0,0,0,0,0,3.74352e-08,0.905989,
0,0.00711862,-0.0108454,0.0109601,0.00207373,-7.00891e-05,7.80865e-06,0,0,0.322265,-0.00669859,0.262281,0.000947005,-0.0325907,-0.00215048,-0.00101951,0,0,-6.93889e-12,0.0649624,-0.00462251,-0.493083,0.0036658,-0.000736341,2.24305e-05,0,0,-0.0202116,0.621664,0.00198926,-0.0406197,-0.007224,-0.0407531,0.0087769,0,0,1.73472e-12,-0.00463737,0.0245804,-0.0215966,-0.000865033,-0.000242517,4.78382e-06,0,0,0.261994,8.93908e-05,0.316625,-0.0014461,-0.0307051,-0.00112332,-0.000464121,0,0,-6.07153e-12,0.0304792,-0.00190816,-2,0.00103958,-0.00539737,0.000167694,0,0,-0.0743093,-0.0353673,0.00951673,0.772734,-0.0396595,-0.0288137,0.0483627,0,0,6.93889e-12,0.0459877,-0.00799644,1.36883,0.0242995,0.00302977,-2.40569e-05,0,0,-0.292507,0.0152903,-0.308869,0.106155,0.333544,0.00508319,0.0172659,0,0,-7.28584e-11,0.088901,-0.00235498,2,0.00357282,-0.0664347,0.00204377,0,0,0.0813618,-0.306441,-0.022872,0.318772,0.0473159,0.512767,-0.0753801,0,0,0,-0.0052051,0.00131867,-0.174079,-0.00141556,0.00274663,-2.00448e-05,0,0,-0.0124884,-0.00134009,-0.0071286,-0.013424,0.0375127,-0.00924815,0.0679749,0,0,0,0,-1.20022e-12,-1.20022e-12,0,1.20022e-12,0,0,0,0,0,0,0,0,0,0,0.905989,4.01049e-08,0,0,-1.20024e-12,-1.20024e-12,0,1.20024e-12,0,0,0,0,0,0,0,0,0,0,4.01052e-08,0.905989,
2.60209e-12,0.00711982,-0.0108592,0.0110187,0.00207542,-6.99904e-05,7.84254e-06,0,0,0.322312,-0.00670787,0.262217,0.000952646,-0.0325843,-0.00215501,-0.00102159,0,0,0,0.0649773,-0.00462472,-0.49248,0.00366556,-0.000735614,2.24143e-05,0,0,-0.0202163,0.621664,0.00198244,-0.0406249,-0.00722348,-0.0407483,0.00877483,0,0,-8.67362e-12,-0.00464061,0.0246169,-0.0215734,-0.000866442,-0.000243049,4.78968e-06,0,0,0.261931,8.83352e-05,0.316668,-0.00144627,-0.0307021,-0.001126,-0.000464514,0,0,1.51788e-12,0.0304804,-0.00190878,-2,0.00104062,-0.00539505,0.00016768,0,0,-0.074275,-0.035372,0.00948415,0.772716,-0.0396544,-0.0288032,0.0483496,0,0,-1.04083e-11,0.0459771,-0.00800536,1.36706,0.0243216,0.0030334,-2.38082e-05,0,0,-0.292471,0.0152904,-0.308824,0.106154,0.333517,0.00506979,0.0172725,0,0,-3.81639e-11,0.0888919,-0.00235838,2,0.00357547,-0.0664236,0.00204374,0,0,0.0812693,-0.306399,-0.0228534,0.318816,0.0473043,0.512762,-0.0753659,0,0,-6.93889e-12,-0.00520458,0.00132034,-0.173844,-0.00141649,0.00274667,-2.02081e-05,0,0,-0.0124957,-0.00134121,-0.00713416,-0.0134233,0.037512,-0.00924756,0.067974,0,0,0,1.20025e-12,0,0,0,-1.20025e-12,0,0,0,0,0,0,0,0,0,0,0.905989,4.21555e-08,0,0,0,0,0,0,0,0,0,0,0,0,0,0,0,0,4.21555e-08,0.905989,
-8.67362e-13,0.00712101,-0.010873,0.0110784,0.00207711,-6.98906e-05,7.87632e-06,0,0,0.322359,-0.00671713,0.262153,0.000958249,-0.0325778,-0.00215951,-0.00102368,0,0,6.93889e-12,0.064992,-0.00462692,-0.491947,0.00366533,-0.000734906,2.23986e-05,0,0,-0.020221,0.621665,0.00197563,-0.0406297,-0.00722308,-0.0407436,0.00877287,0,0,6.93889e-12,-0.00464384,0.0246535,-0.0215528,-0.000867847,-0.000243579,4.79549e-06,0,0,0.261867,8.73007e-05,0.31671,-0.00144645,-0.0306991,-0.00112867,-0.000464898,0,0,2.05998e-12,0.030481,-0.00190941,-2,0.00104171,-0.00539285,0.000167669,0,0,-0.0742414,-0.0353762,0.00945146,0.772701,-0.0396501,-0.0287938,0.0483371,0,0,3.1225e-11,0.0459667,-0.00801424,1.36547,0.0243436,0.00303707,-2.35616e-05,0,0,-0.292434,0.0152903,-0.308778,0.106153,0.33349,0.00505696,0.0172787,0,0,3.46945e-12,0.0888835,-0.00236173,2,0.00357802,-0.0664123,0.00204371,0,0,0.0811781,-0.306358,-0.0228344,0.318857,0.0472938,0.512758,-0.0753527,0,0,-3.46945e-12,-0.00520409,0.00132202,-0.173632,-0.00141741,0.00274671,-2.03698e-05,0,0,-0.0125031,-0.0013423,-0.00713974,-0.0134224,0.0375112,-0.00924703,0.0679731,0,0,0,-3.60071e-12,-1.20022e-12,2.40046e-12,-2.40046e-12,-3.60071e-12,2.40049e-12,0,0,3.00061e-13,3.00061e-13,-3.00061e-13,-3.00061e-13,-3.00061e-13,-3.00061e-13,0,0.905989,4.34301e-08,0,1.20024e-12,2.40048e-12,0,2.40048e-12,3.60072e-12,0,0,0,3.00058e-13,0,0,-3.00058e-13,-6.00123e-13,9.00181e-13,-3.00061e-13,4.34298e-08,0.905989,
2.60209e-12,0.00712191,-0.0108872,0.0111404,0.002081,-6.90597e-05,7.8717e-06,0,0,0.322405,-0.00672635,0.26209,0.000963811,-0.0325714,-0.00216398,-0.00102576,0,0,1.38778e-11,0.0650067,-0.00462881,-0.49153,0.00366444,-0.000733956,2.23376e-05,0,0,-0.0202257,0.621666,0.0019688,-0.0406342,-0.00722279,-0.040739,0.00877101,0,0,-5.20417e-12,-0.00464707,0.0246901,-0.0215364,-0.00086781,-0.000243626,4.80497e-06,0,0,0.261804,8.6287e-05,0.316753,-0.00144664,-0.0306961,-0.00113132,-0.000465276,0,0,-2.92735e-12,0.0304811,-0.00191014,-2,0.00104092,-0.00539331,0.000167528,0,0,-0.0742079,-0.0353801,0.00941859,0.772686,-0.0396462,-0.0287851,0.0483252,0,0,0,0.0459565,-0.00802369,1.36419,0.0243647,0.0030397,-2.35533e-05,0,0,-0.292397,0.01529,-0.308732,0.106151,0.333464,0.00504454,0.0172847,0,0,3.46945e-12,0.0888759,-0.00236487,2,0.0035831,-0.0663995,0.00204404,0,0,0.0810876,-0.306317,-0.0228149,0.318896,0.047284,0.512756,-0.0753402,0,0,0,-0.00520364,0.00132366,-0.173459,-0.0014182,0.00274639,-2.04632e-05,0,0,-0.0125105,-0.00134338,-0.00714534,-0.0134215,0.0375103,-0.00924655,0.0679722,0,0,0,0,-1.20025e-12,2.40048e-12,3.60072e-12,-3.60072e-12,1.20025e-12,0,0,6.00123e-13,3.00061e-13,-6.00116e-13,0,0,-6.00123e-13,-6.00123e-13,0.905989,4.40864e-08,0,2.40048e-12,-3.60072e-12,-4.80097e-12,-1.20024e-12,-1.20024e-12,0,0,0,3.0006e-13,-3.0006e-13,0,-9.00181e-13,3.00061e-13,6.00121e-13,0,4.40852e-08,0.905989,
3.46945e-12,0.00696428,-0.010913,-0.00206798,0.0021043,-0.000106993,9.07687e-06,0,0,0.322118,-0.00658518,0.262078,0.00166173,-0.0328187,-0.00253313,-0.000804849,0,0,0,0.0715227,-0.00423996,0.0507412,0.00282414,0.000839586,-2.66048e-05,0,0,-0.00657016,0.615527,-0.000159253,-0.0689129,0.00314313,-0.0258408,-0.000336763,0,0,-1.21431e-11,-0.00442396,0.0247412,-0.0026361,-0.000898088,-0.0001891,3.12181e-06,0,0,0.262216,-0.000128692,0.316721,-0.00243228,-0.0303319,-0.000614864,-0.000783014,0,0,-4.22839e-12,0.0665924,0.000261017,-0.0446358,-0.00362599,0.00334067,-0.000104097,0,0,0.00169916,-0.069486,-0.00239646,0.615627,0.017932,0.0539481,-0.00226419,0,0,-1.04083e-11,0.0291021,-0.00904645,-0.0409729,0.0265787,-0.00102886,0.000103034,0,0,-0.327751,0.031197,-0.303189,0.179405,0.306582,-0.0335558,0.0408831,0,0,-1.73472e-11,0.0382052,-0.0054153,0.0441157,0.0101373,-0.0786323,0.00242553,0,0,-0.0254512,-0.258432,-0.00626501,0.539265,-0.033501,0.396693,-0.00436886,0,0,0,-0.00307611,0.00145323,0.00399097,-0.00169459,0.00326093,-3.65848e-05,0,0,-0.00804881,-0.00335317,-0.00784497,-0.0226711,0.0409008,-0.00437332,0.0649922,0,0,0,0,1.20024e-12,0,0,0,1.20024e-12,0,0,0,0,0,0,0,0,0,0.905989,4.42046e-08,0,0,0,0,0,0,0,-1.15223e-10,0,0,0,0,0,0,0,0,4.42046e-08,0.905989,
6.93889e-12,0.00696507,-0.0109291,-0.00206586,0.002107,-0.000106788,9.09378e-06,0,0,0.322163,-0.00659354,0.262014,0.00167081,-0.0328135,-0.00253942,-0.000805801,0,0,6.93889e-12,0.0715353,-0.0042417,0.0507332,0.00282393,0.000840779,-2.66472e-05,0,0,-0.0065786,0.615528,-0.000160314,-0.0689161,0.00314295,-0.0258365,-0.000336845,0,0,-1.73472e-11,-0.00442736,0.0247786,-0.00263231,-0.000899163,-0.000189458,3.14197e-06,0,0,0.262153,-0.00012971,0.316764,-0.00243262,-0.0303289,-0.000617395,-0.000783372,0,0,-4.66207e-12,0.0665791,0.000263262,-0.0446209,-0.00362646,0.00334116,-0.000104112,0,0,0.00170806,-0.0694892,-0.002397,0.615626,0.0179306,0.0539514,-0.00226389,0,0,-1.38778e-11,0.0290998,-0.00905767,-0.0409664,0.0266139,-0.00102363,0.00010295,0,0,-0.327698,0.0311951,-0.303158,0.179393,0.30656,-0.0335627,0.0408815,0,0,5.20417e-11,0.0382134,-0.005423,0.0440976,0.0101442,-0.0786142,0.00242597,0,0,-0.0255127,-0.258389,-0.00628934,0.539298,-0.0335081,0.396691,-0.00436932,0,0,0,-0.00307672,0.001455,0.00399164,-0.00169596,0.00326102,-3.66942e-05,0,0,-0.00805836,-0.00335393,-0.00784861,-0.0226682,0.0408992,-0.0043738,0.0649925,0,0,0,0,0,0,0,0,0,1.71634e-10,0,0,0,0,0,0,0,0,0.905989,4.37236e-08,0,0,0,0,0,0,0,0,0,0,0,0,0,0,0,0,4.37236e-08,0.905989,
-1.73472e-12,0.00696577,-0.0109448,-0.00206339,0.00210963,-0.000106664,9.1135e-06,0,0,0.322209,-0.00660187,0.26195,0.00167984,-0.0328083,-0.00254566,-0.000806755,0,0,-1.38778e-11,0.0715478,-0.00424346,0.0507242,0.00282365,0.000841858,-2.6686e-05,0,0,-0.006587,0.615528,-0.000161362,-0.0689194,0.00314278,-0.0258322,-0.000336928,0,0,6.93889e-12,-0.00443068,0.0248157,-0.00262822,-0.000900219,-0.00018985,3.15937e-06,0,0,0.262089,-0.000130713,0.316806,-0.002433,-0.0303258,-0.000619896,-0.00078373,0,0,9.6494e-12,0.0665658,0.000265532,-0.0446066,-0.0036268,0.00334161,-0.000104128,0,0,0.00171691,-0.0694926,-0.00239757,0.615625,0.0179293,0.0539547,-0.0022636,0,0,1.73472e-11,0.0290976,-0.00906894,-0.0409597,0.0266454,-0.00101891,0.000102923,0,0,-0.327645,0.0311932,-0.303127,0.17938,0.306538,-0.0335696,0.0408799,0,0,-5.20417e-11,0.0382216,-0.00543072,0.0440783,0.0101502,-0.0785982,0.00242635,0,0,-0.0255738,-0.258346,-0.00631339,0.539331,-0.0335152,0.396689,-0.00436978,0,0,-3.46945e-12,-0.00307733,0.00145678,0.00399233,-0.00169716,0.00326108,-3.67982e-05,0,0,-0.00806792,-0.00335469,-0.00785226,-0.0226653,0.0408976,-0.00437428,0.0649927,0,0,0,0,0,0,0,0,0,0,0,0,0,0,0,0,0,0,0.905989,4.27298e-08,0,0,0,0,0,0,0,0,0,0,0,0,0,0,0,0,4.27298e-08,0.905989,
0,0.0069664,-0.0109602,-0.00206083,0.00211209,-0.000106601,9.13715e-06,0,0,0.322254,-0.00661018,0.261887,0.00168882,-0.0328029,-0.00255185,-0.00080771,0,0,0,0.0715603,-0.00424522,0.0507141,0.00282333,0.000842793,-2.67209e-05,0,0,-0.00659539,0.615529,-0.000162398,-0.0689226,0.0031426,-0.0258279,-0.000337012,0,0,1.73472e-12,-0.00443393,0.0248526,-0.00262409,-0.000901329,-0.000190274,3.17413e-06,0,0,0.262026,-0.000131701,0.316849,-0.0024334,-0.0303227,-0.000622367,-0.000784088,0,0,1.11673e-11,0.0665525,0.000267809,-0.0445925,-0.00362708,0.00334196,-0.000104145,0,0,0.00172571,-0.0694959,-0.00239817,0.615624,0.017928,0.053958,-0.00226331,0,0,0,0.0290954,-0.00908008,-0.040953,0.0266743,-0.00101433,0.000102955,0,0,-0.327591,0.0311912,-0.303095,0.179368,0.306517,-0.0335766,0.0408783,0,0,6.93889e-12,0.0382298,-0.00543841,0.0440583,0.0101557,-0.0785831,0.00242665,0,0,-0.0256344,-0.258303,-0.00633716,0.539364,-0.0335223,0.396687,-0.00437023,0,0,-6.93889e-12,-0.00307794,0.00145855,0.003993,-0.00169827,0.0032611,-3.69063e-05,0,0,-0.00807751,-0.00335546,-0.00785591,-0.0226625,0.0408961,-0.00437476,0.064993,0,0,0,1.20024e-12,-2.40048e-12,0,0,1.20025e-12,-2.40048e-12,0,0,0,0,0,0,0,0,0,0.905989,4.11809e-08,0,0,1.20024e-12,0,0,-1.20024e-12,1.20024e-12,0,0,0,0,0,0,0,0,0,4.11815e-08,0.90599,
1.73472e-12,0.00696696,-0.0109751,-0.00205829,0.0021144,-0.000106579,9.16426e-06,0,0,0.3223,-0.00661846,0.261823,0.00169776,-0.0327976,-0.002558,-0.000808667,0,0,-1.38778e-11,0.0715728,-0.00424695,0.0507031,0.00282298,0.000843599,-2.67523e-05,0,0,-0.00660375,0.61553,-0.000163421,-0.0689259,0.00314242,-0.0258236,-0.000337096,0,0,-6.93889e-12,-0.00443715,0.0248894,-0.00262001,-0.000902498,-0.000190719,3.18664e-06,0,0,0.261963,-0.000132675,0.316892,-0.00243382,-0.0303196,-0.000624811,-0.000784446,0,0,-1.58294e-11,0.0665392,0.000270084,-0.0445786,-0.00362734,0.0033422,-0.000104163,0,0,0.00173446,-0.0694994,-0.00239879,0.615623,0.0179267,0.0539613,-0.00226302,0,0,-1.38778e-11,0.0290932,-0.009091,-0.0409463,0.0267014,-0.00100975,0.000103034,0,0,-0.327536,0.0311893,-0.303063,0.179356,0.306495,-0.0335836,0.0408766,0,0,4.51028e-11,0.038238,-0.00544605,0.0440377,0.0101608,-0.0785686,0.00242689,0,0,-0.0256946,-0.25826,-0.00636066,0.539397,-0.0335295,0.396685,-0.00437068,0,0,0,-0.00307856,0.00146032,0.00399368,-0.00169931,0.00326109,-3.70208e-05,0,0,-0.00808711,-0.00335623,-0.00785957,-0.0226596,0.0408944,-0.00437524,0.0649933,0,0,0,0,0,0,0,0,0,0,0,0,0,0,0,0,0,0,0.905989,3.93271e-08,0,0,0,0,0,0,0,0,0,0,0,0,0,0,0,0,3.93271e-08,0.90599,
4.33681e-12,0.00696748,-0.0109899,-0.0020558,0.00211657,-0.000106585,9.19415e-06,0,0,0.322346,-0.00662671,0.26176,0.00170666,-0.0327921,-0.0025641,-0.000809625,0,0,0,0.0715853,-0.00424866,0.0506913,0.00282261,0.0008443,-2.6781e-05,0,0,-0.00661208,0.615531,-0.000164431,-0.0689291,0.00314224,-0.0258193,-0.000337181,0,0,-1.04083e-11,-0.00444033,0.0249261,-0.00261604,-0.000903717,-0.000191179,3.19734e-06,0,0,0.261899,-0.000133633,0.316936,-0.00243426,-0.0303164,-0.000627227,-0.000784803,0,0,9.75782e-13,0.0665258,0.000272353,-0.0445647,-0.00362758,0.00334234,-0.000104181,0,0,0.00174317,-0.0695028,-0.00239945,0.615622,0.0179255,0.0539646,-0.00226274,0,0,-1.73472e-12,0.0290909,-0.0091017,-0.0409396,0.0267273,-0.00100513,0.000103151,0,0,-0.327481,0.0311873,-0.303031,0.179345,0.306474,-0.0335906,0.040875,0,0,-1.38778e-11,0.0382463,-0.00545364,0.0440165,0.0101658,-0.0785545,0.00242709,0,0,-0.0257544,-0.258217,-0.00638391,0.539431,-0.0335366,0.396683,-0.00437113,0,0,0,-0.00307917,0.00146209,0.00399435,-0.00170032,0.00326104,-3.71415e-05,0,0,-0.00809673,-0.00335701,-0.00786322,-0.0226568,0.0408928,-0.00437571,0.0649935,0,0,0,0,0,0,0,0,0,0,0,0,0,0,0,0,0,0,0.90599,3.72294e-08,0,0,0,0,0,0,0,0,0,0,0,0,0,0,0,0,3.72297e-08,0.90599,
-2.60209e-12,0.00696795,-0.0110043,-0.00205338,0.00211864,-0.000106611,9.22621e-06,0,0,0.322393,-0.00663494,0.261697,0.00171551,-0.0327866,-0.00257017,-0.000810584,0,0,0,0.0715978,-0.00425033,0.0506788,0.00282221,0.000844917,-2.68075e-05,0,0,-0.0066204,0.615531,-0.000165429,-0.0689324,0.00314206,-0.025815,-0.000337267,0,0,7.80626e-12,-0.00444349,0.0249627,-0.00261216,-0.000904972,-0.000191649,3.20659e-06,0,0,0.261836,-0.000134577,0.316979,-0.00243473,-0.0303133,-0.000629616,-0.00078516,0,0,-3.46945e-12,0.0665125,0.000274615,-0.0445508,-0.00362781,0.0033424,-0.0001042,0,0,0.00175183,-0.0695063,-0.00240013,0.615621,0.0179243,0.053968,-0.00226245,0,0,8.67362e-12,0.0290886,-0.00911218,-0.0409329,0.0267522,-0.00100045,0.000103298,0,0,-0.327426,0.0311853,-0.302999,0.179334,0.306452,-0.0335976,0.0408734,0,0,3.46945e-12,0.0382545,-0.00546116,0.043995,0.0101707,-0.0785404,0.00242724,0,0,-0.0258138,-0.258174,-0.0064069,0.539464,-0.0335437,0.396681,-0.00437158,0,0,0,-0.00307979,0.00146386,0.00399502,-0.0017013,0.00326098,-3.72673e-05,0,0,-0.00810635,-0.00335779,-0.00786687,-0.022654,0.0408912,-0.00437619,0.0649938,0,0,0,0,0,0,0,0,0,0,0,0,0,0,0,0,0,0,0.90599,3.46024e-08,0,0,0,0,0,0,0,0,0,0,0,0,0,0,0,0,3.46027e-08,0.90599,
-9.54098e-12,0.00696838,-0.0110187,-0.00205101,0.00212062,-0.000106652,9.25993e-06,0,0,0.322439,-0.00664315,0.261634,0.00172433,-0.0327811,-0.00257619,-0.000811543,0,0,6.93889e-12,0.0716102,-0.00425198,0.0506658,0.00282179,0.000845467,-2.68323e-05,0,0,-0.00662868,0.615532,-0.000166414,-0.0689357,0.00314188,-0.0258107,-0.000337353,0,0,2.08167e-11,-0.00444662,0.0249992,-0.00260836,-0.000906255,-0.000192126,3.2147e-06,0,0,0.261773,-0.000135506,0.317023,-0.00243522,-0.0303101,-0.00063198,-0.000785516,0,0,-9.54098e-12,0.0664991,0.00027687,-0.0445369,-0.00362804,0.00334241,-0.00010422,0,0,0.00176045,-0.0695099,-0.00240084,0.61562,0.0179232,0.0539713,-0.00226217,0,0,-8.67362e-12,0.0290864,-0.00912247,-0.0409262,0.0267764,-0.000995725,0.000103468,0,0,-0.32737,0.0311833,-0.302966,0.179324,0.306431,-0.0336046,0.0408717,0,0,-3.46945e-12,0.0382628,-0.00546864,0.0439731,0.0101755,-0.0785265,0.00242736,0,0,-0.0258728,-0.25813,-0.00642964,0.539498,-0.0335509,0.396678,-0.00437202,0,0,0,-0.0030804,0.00146563,0.00399568,-0.00170227,0.00326089,-3.7397e-05,0,0,-0.00811598,-0.00335858,-0.00787052,-0.0226513,0.0408896,-0.00437666,0.0649941,0,0,0,0,0,0,0,0,0,0,0,0,0,0,0,0,0,0,0.90599,3.20014e-08,0,-3.60072e-12,3.60072e-12,-3.60072e-12,0,0,-3.60072e-12,0,0,0,0,0,0,0,0,0,3.20014e-08,0.90599,
3.46945e-12,0.00696877,-0.0110328,-0.00204869,0.00212254,-0.000106702,9.29492e-06,0,0,0.322486,-0.00665133,0.261571,0.0017331,-0.0327755,-0.00258217,-0.000812503,0,0,-6.93889e-12,0.0716227,-0.0042536,0.0506523,0.00282136,0.000845967,-2.68558e-05,0,0,-0.00663695,0.615534,-0.000167386,-0.068939,0.0031417,-0.0258063,-0.00033744,0,0,-8.67362e-12,-0.00444973,0.0250357,-0.00260463,-0.000907559,-0.000192606,3.22191e-06,0,0,0.26171,-0.000136421,0.317067,-0.00243573,-0.0303069,-0.000634317,-0.000785872,0,0,-5.85469e-12,0.0664857,0.000279118,-0.044523,-0.00362825,0.00334237,-0.00010424,0,0,0.00176903,-0.0695134,-0.00240157,0.615618,0.0179221,0.0539747,-0.00226189,0,0,5.20417e-12,0.0290841,-0.00913258,-0.0409196,0.0268,-0.000990966,0.000103655,0,0,-0.327313,0.0311813,-0.302934,0.179313,0.306409,-0.0336117,0.04087,0,0,-2.08167e-11,0.0382711,-0.00547606,0.043951,0.0101802,-0.0785125,0.00242745,0,0,-0.0259314,-0.258087,-0.00645214,0.539531,-0.0335581,0.396676,-0.00437246,0,0,0,-0.00308102,0.0014674,0.00399635,-0.00170322,0.00326079,-3.75296e-05,0,0,-0.00812562,-0.00335937,-0.00787416,-0.0226485,0.040888,-0.00437713,0.0649944,0,0,0,0,0,1.20025e-12,0,0,0,0,0,0,0,0,0,0,0,0,0.90599,2.90329e-08,0,1.20024e-12,0,-1.20024e-12,-1.20024e-12,-1.20024e-12,0,0,0,0,0,0,0,0,0,0,2.90335e-08,0.90599,
-8.67362e-13,0.00696915,-0.0110469,-0.00204641,0.00212442,-0.000106759,9.33088e-06,0,0,0.322533,-0.00665949,0.261508,0.00174184,-0.0327699,-0.00258811,-0.000813464,0,0,6.93889e-12,0.0716351,-0.0042552,0.0506385,0.00282092,0.000846426,-2.68782e-05,0,0,-0.00664519,0.615535,-0.000168346,-0.0689423,0.00314152,-0.025802,-0.000337527,0,0,1.73472e-12,-0.00445282,0.0250722,-0.00260096,-0.000908876,-0.000193089,3.2284e-06,0,0,0.261648,-0.000137322,0.317111,-0.00243626,-0.0303037,-0.00063663,-0.000786227,0,0,-1.14925e-11,0.0664723,0.000281361,-0.0445091,-0.00362847,0.00334228,-0.00010426,0,0,0.00177756,-0.0695171,-0.00240232,0.615617,0.017921,0.053978,-0.00226161,0,0,1.04083e-11,0.0290819,-0.00914255,-0.0409129,0.0268233,-0.000986183,0.000103856,0,0,-0.327256,0.0311793,-0.302901,0.179304,0.306388,-0.0336188,0.0408684,0,0,2.77556e-11,0.0382793,-0.00548343,0.0439287,0.0101848,-0.0784986,0.00242753,0,0,-0.0259896,-0.258044,-0.0064744,0.539564,-0.0335653,0.396674,-0.0043729,0,0,0,-0.00308164,0.00146917,0.00399702,-0.00170416,0.00326068,-3.76641e-05,0,0,-0.00813527,-0.00336016,-0.0078778,-0.0226458,0.0408864,-0.0043776,0.0649946,0,0,0,0,0,0,-1.20022e-12,0,-1.20022e-12,-5.76116e-11,0,0,0,0,0,0,0,0,0.90599,2.63012e-08,0,0,0,0,2.40048e-12,0,2.40048e-12,1.20024e-12,0,0,0,0,0,0,0,0,2.63024e-08,0.90599,
1.73472e-12,0.00696949,-0.0110609,-0.00204416,0.00212625,-0.000106821,9.36757e-06,0,0,0.322581,-0.00666763,0.261445,0.00175054,-0.0327642,-0.00259401,-0.000814426,0,0,-1.38778e-11,0.0716476,-0.00425678,0.0506244,0.00282047,0.000846853,-2.68999e-05,0,0,-0.00665341,0.615536,-0.000169294,-0.0689457,0.00314133,-0.0257977,-0.000337615,0,0,-6.07153e-12,-0.00445589,0.0251086,-0.00259734,-0.000910203,-0.000193573,3.23431e-06,0,0,0.261585,-0.000138209,0.317155,-0.00243681,-0.0303004,-0.000638918,-0.000786582,0,0,9.1073e-12,0.0664589,0.000283598,-0.0444951,-0.00362868,0.00334217,-0.00010428,0,0,0.00178606,-0.0695207,-0.0024031,0.615616,0.01792,0.0539814,-0.00226134,0,0,-6.93889e-12,0.0290796,-0.00915239,-0.0409063,0.0268462,-0.000981384,0.000104068,0,0,-0.327199,0.0311772,-0.302868,0.179294,0.306367,-0.0336259,0.0408667,0,0,-7.28584e-11,0.0382876,-0.00549076,0.0439063,0.0101894,-0.0784846,0.00242759,0,0,-0.0260474,-0.258001,-0.00649643,0.539598,-0.0335725,0.396672,-0.00437334,0,0,0,-0.00308226,0.00147093,0.0039977,-0.0017051,0.00326057,-3.78e-05,0,0,-0.00814492,-0.00336097,-0.00788143,-0.0226431,0.0408848,-0.00437807,0.0649949,0,0,0,0,1.20025e-12,1.20025e-12,1.20025e-12,0,0,0,0,0,0,0,0,0,0,0,0.90599,2.36378e-08,0,0,0,0,0,0,0,0,0,0,0,0,0,0,0,0,2.36366e-08,0.90599,
8.67362e-13,0.00696982,-0.0110748,-0.00204194,0.00212805,-0.000106886,9.4048e-06,0,0,0.322628,-0.00667574,0.261382,0.0017592,-0.0327584,-0.00259987,-0.000815389,0,0,0,0.07166,-0.00425834,0.05061,0.00282001,0.000847256,-2.69208e-05,0,0,-0.0066616,0.615538,-0.000170228,-0.0689491,0.00314115,-0.0257933,-0.000337704,0,0,0,-0.00445894,0.025145,-0.00259376,-0.000911536,-0.000194056,3.23977e-06,0,0,0.261523,-0.000139083,0.317199,-0.00243738,-0.0302972,-0.000641181,-0.000786936,0,0,1.0842e-12,0.0664455,0.000285831,-0.0444811,-0.00362889,0.00334204,-0.0001043,0,0,0.00179452,-0.0695244,-0.00240389,0.615614,0.017919,0.0539847,-0.00226106,0,0,6.93889e-12,0.0290773,-0.00916212,-0.0408997,0.0268688,-0.000976576,0.000104287,0,0,-0.327141,0.0311751,-0.302834,0.179285,0.306345,-0.033633,0.0408651,0,0,-1.38778e-11,0.0382959,-0.00549805,0.0438837,0.010194,-0.0784707,0.00242764,0,0,-0.0261049,-0.257957,-0.00651822,0.539632,-0.0335797,0.39667,-0.00437377,0,0,0,-0.00308288,0.00147269,0.00399837,-0.00170602,0.00326044,-3.79365e-05,0,0,-0.00815458,-0.00336177,-0.00788506,-0.0226404,0.0408832,-0.00437853,0.0649952,0,0,0,0,0,0,0,0,0,5.52111e-11,0,0,0,0,0,0,0,0,0.90599,1.99315e-08,0,0,0,0,0,0,0,0,0,0,0,0,0,0,0,0,1.99324e-08,0.905991,
-2.60209e-12,0.00697013,-0.0110887,-0.00203974,0.00212983,-0.000106953,9.44243e-06,0,0,0.322676,-0.00668383,0.26132,0.00176782,-0.0327526,-0.00260569,-0.000816351,0,0,1.38778e-11,0.0716724,-0.00425988,0.0505954,0.00281955,0.000847639,-2.69413e-05,0,0,-0.00666977,0.615539,-0.000171151,-0.0689525,0.00314096,-0.025789,-0.000337793,0,0,1.73472e-12,-0.00446197,0.0251813,-0.00259021,-0.000912873,-0.000194538,3.24484e-06,0,0,0.26146,-0.000139943,0.317244,-0.00243797,-0.0302939,-0.000643421,-0.00078729,0,0,-1.30104e-12,0.0664321,0.000288059,-0.0444671,-0.00362911,0.00334188,-0.000104321,0,0,0.00180294,-0.0695281,-0.00240471,0.615613,0.017918,0.0539881,-0.00226079,0,0,-2.08167e-11,0.0290751,-0.00917176,-0.0408932,0.0268913,-0.000971767,0.000104514,0,0,-0.327082,0.0311731,-0.302801,0.179276,0.306324,-0.0336401,0.0408634,0,0,-6.93889e-12,0.0383042,-0.00550531,0.043861,0.0101985,-0.0784567,0.00242768,0,0,-0.026162,-0.257914,-0.00653978,0.539665,-0.0335869,0.396668,-0.0043742,0,0,0,-0.0030835,0.00147445,0.00399905,-0.00170695,0.00326032,-3.80734e-05,0,0,-0.00816425,-0.00336259,-0.00788868,-0.0226377,0.0408815,-0.00437899,0.0649955,0,0,0,0,0,0,0,0,0,-5.64113e-11,0,0,0,0,0,0,0,0,0.90599,1.71259e-08,0,0,0,0,0,0,0,1.20024e-12,0,0,0,0,0,0,0,0,1.71262e-08,0.905991,
-4.33681e-12,0.00697043,-0.0111025,-0.00203755,0.00213158,-0.000107021,9.48036e-06,0,0,0.322724,-0.0066919,0.261257,0.0017764,-0.0327468,-0.00261148,-0.000817315,0,0,-1.38778e-11,0.0716848,-0.00426141,0.0505807,0.00281908,0.000848007,-2.69614e-05,0,0,-0.00667792,0.615541,-0.000172061,-0.068956,0.00314078,-0.0257846,-0.000337882,0,0,9.54098e-12,-0.00446498,0.0252177,-0.00258669,-0.000914213,-0.000195018,3.2496e-06,0,0,0.261398,-0.000140789,0.317289,-0.00243858,-0.0302906,-0.000645636,-0.000787643,0,0,-1.56125e-11,0.0664186,0.000290284,-0.0444531,-0.00362932,0.00334171,-0.000104341,0,0,0.00181132,-0.0695319,-0.00240555,0.615612,0.0179171,0.0539915,-0.00226052,0,0,-3.46945e-12,0.0290729,-0.00918131,-0.0408866,0.0269137,-0.00096696,0.000104745,0,0,-0.327023,0.031171,-0.302767,0.179268,0.306303,-0.0336472,0.0408617,0,0,2.77556e-11,0.0383125,-0.00551253,0.0438382,0.010203,-0.0784427,0.00242772,0,0,-0.0262187,-0.257871,-0.00656111,0.539699,-0.0335942,0.396666,-0.00437463,0,0,3.46945e-12,-0.00308412,0.00147621,0.00399973,-0.00170787,0.00326019,-3.82102e-05,0,0,-0.00817392,-0.00336341,-0.0078923,-0.0226351,0.0408799,-0.00437945,0.0649957,0,0,0,0,0,0,0,0,0,0,0,0,0,0,0,0,0,0,0.905991,1.39432e-08,0,0,0,-2.40048e-12,2.40048e-12,-2.40048e-12,-2.40048e-12,0,0,0,0,0,0,0,0,0,1.39426e-08,0.905991,
-4.33681e-13,0.00697071,-0.0111162,-0.00203538,0.00213332,-0.000107089,9.51849e-06,0,0,0.322773,-0.00669994,0.261195,0.00178495,-0.0327409,-0.00261722,-0.000818279,0,0,0,0.0716972,-0.00426293,0.0505658,0.00281861,0.000848363,-2.69811e-05,0,0,-0.00668605,0.615543,-0.000172958,-0.0689595,0.00314059,-0.0257803,-0.000337973,0,0,4.33681e-12,-0.00446797,0.025254,-0.0025832,-0.000915552,-0.000195496,3.2541e-06,0,0,0.261336,-0.000141623,0.317334,-0.00243921,-0.0302873,-0.000647828,-0.000787995,0,0,-1.51788e-12,0.0664051,0.000292505,-0.044439,-0.00362953,0.00334154,-0.000104362,0,0,0.00181966,-0.0695357,-0.00240641,0.61561,0.0179162,0.0539948,-0.00226025,0,0,1.73472e-11,0.0290706,-0.00919079,-0.0408801,0.0269359,-0.000962158,0.000104979,0,0,-0.326964,0.0311689,-0.302734,0.17926,0.306282,-0.0336544,0.04086,0,0,1.38778e-11,0.0383208,-0.00551972,0.0438153,0.0102075,-0.0784286,0.00242775,0,0,-0.026275,-0.257827,-0.00658222,0.539732,-0.0336014,0.396663,-0.00437506,0,0,-3.46945e-12,-0.00308474,0.00147796,0.00400041,-0.00170878,0.00326005,-3.83468e-05,0,0,-0.0081836,-0.00336423,-0.00789591,-0.0226325,0.0408783,-0.00437991,0.064996,0,0,0,0,0,0,0,0,0,0,0,0,0,0,0,0,0,0,0.905991,1.16765e-08,0,0,0,0,0,0,0,0,0,0,0,0,0,0,0,0,1.16768e-08,0.905991,
2.60209e-12,0.00697098,-0.01113,-0.00203323,0.00213504,-0.000107158,9.55677e-06,0,0,0.322821,-0.00670796,0.261133,0.00179346,-0.032735,-0.00262293,-0.000819244,0,0,-1.38778e-11,0.0717096,-0.00426443,0.0505508,0.00281814,0.000848709,-2.70006e-05,0,0,-0.00669415,0.615545,-0.000173843,-0.068963,0.0031404,-0.0257759,-0.000338063,0,0,-3.46945e-12,-0.00447095,0.0252904,-0.00257972,-0.000916891,-0.000195972,3.25839e-06,0,0,0.261274,-0.000142443,0.31738,-0.00243985,-0.030284,-0.000649997,-0.000788347,0,0,-1.66967e-11,0.0663916,0.000294722,-0.0444249,-0.00362975,0.00334135,-0.000104383,0,0,0.00182797,-0.0695396,-0.00240728,0.615609,0.0179154,0.0539982,-0.00225998,0,0,1.73472e-11,0.0290684,-0.0092002,-0.0408736,0.026958,-0.000957364,0.000105217,0,0,-0.326904,0.0311667,-0.3027,0.179252,0.306261,-0.0336615,0.0408583,0,0,7.97973e-11,0.0383291,-0.00552688,0.0437924,0.010212,-0.0784145,0.00242777,0,0,-0.026331,-0.257784,-0.00660311,0.539766,-0.0336087,0.396661,-0.00437548,0,0,0,-0.00308536,0.00147971,0.0040011,-0.00170969,0.00325992,-3.84828e-05,0,0,-0.00819328,-0.00336507,-0.00789951,-0.0226298,0.0408766,-0.00438036,0.0649963,0,0,0,0,1.20025e-12,0,0,0,-1.20025e-12,-1.16423e-10,0,0,0,0,0,0,0,0,0.905991,9.26736e-09,0,0,1.20024e-12,0,0,0,-1.20024e-12,0,0,0,0,0,0,0,0,0,9.26856e-09,0.905991,
0,0.00697124,-0.0111437,-0.00203108,0.00213675,-0.000107226,9.59515e-06,0,0,0.32287,-0.00671596,0.261071,0.00180194,-0.032729,-0.00262861,-0.00082021,0,0,6.93889e-12,0.071722,-0.00426592,0.0505358,0.00281766,0.000849048,-2.70199e-05,0,0,-0.00670223,0.615547,-0.000174716,-0.0689666,0.0031402,-0.0257715,-0.000338155,0,0,1.73472e-12,-0.0044739,0.0253267,-0.00257626,-0.000918228,-0.000196446,3.2625e-06,0,0,0.261212,-0.000143251,0.317425,-0.00244052,-0.0302806,-0.000652144,-0.000788699,0,0,-2.60209e-12,0.0663781,0.000296937,-0.0444108,-0.00362996,0.00334115,-0.000104403,0,0,0.00183624,-0.0695434,-0.00240818,0.615607,0.0179146,0.0540016,-0.00225972,0,0,1.04083e-11,0.0290662,-0.00920955,-0.0408671,0.02698,-0.00095258,0.000105457,0,0,-0.326844,0.0311646,-0.302666,0.179245,0.306239,-0.0336687,0.0408567,0,0,2.77556e-11,0.0383374,-0.00553401,0.0437694,0.0102164,-0.0784004,0.00242779,0,0,-0.0263867,-0.25774,-0.00662379,0.5398,-0.033616,0.396659,-0.00437591,0,0,0,-0.00308598,0.00148146,0.00400178,-0.0017106,0.00325979,-3.86183e-05,0,0,-0.00820297,-0.0033659,-0.00790311,-0.0226272,0.040875,-0.00438082,0.0649966,0,0,0,0,0,0,0,0,0,5.76116e-11,0,0,0,0,0,0,0,0,0.905991,5.18234e-09,0,0,-1.20024e-12,0,-1.20024e-12,0,1.20024e-12,0,0,0,0,0,0,0,0,0,5.18204e-09,0.905991,
3.03577e-12,0.00697148,-0.0111574,-0.00202895,0.00213845,-0.000107293,9.63359e-06,0,0,0.322919,-0.00672394,0.261009,0.00181037,-0.0327229,-0.00263424,-0.000821176,0,0,-6.93889e-12,0.0717344,-0.0042674,0.0505206,0.00281718,0.000849381,-2.70391e-05,0,0,-0.00671029,0.615549,-0.000175578,-0.0689702,0.00314001,-0.0257672,-0.000338247,0,0,-6.07153e-12,-0.00447684,0.025363,-0.00257282,-0.000919563,-0.000196916,3.26645e-06,0,0,0.26115,-0.000144046,0.317471,-0.00244121,-0.0302772,-0.000654268,-0.000789049,0,0,1.66967e-11,0.0663646,0.000299149,-0.0443967,-0.00363018,0.00334095,-0.000104424,0,0,0.00184447,-0.0695474,-0.0024091,0.615605,0.0179138,0.054005,-0.00225945,0,0,3.46945e-12,0.029064,-0.00921884,-0.0408606,0.027002,-0.000947806,0.000105699,0,0,-0.326783,0.0311625,-0.302631,0.179238,0.306218,-0.0336759,0.040855,0,0,-7.63278e-11,0.0383458,-0.00554112,0.0437463,0.0102208,-0.0783863,0.00242782,0,0,-0.026442,-0.257697,-0.00664424,0.539834,-0.0336233,0.396657,-0.00437633,0,0,0,-0.0030866,0.0014832,0.00400248,-0.00171151,0.00325966,-3.87531e-05,0,0,-0.00821267,-0.00336675,-0.0079067,-0.0226246,0.0408733,-0.00438127,0.0649969,0,0,0,0,0,0,0,0,0,0,0,0,0,0,0,0,0,0,0.905991,1.24255e-09,0,-2.40048e-12,0,0,0,0,0,0,0,0,0,0,0,0,0,0,1.24225e-09,0.905991,
7.80626e-12,0.00697172,-0.0111711,-0.00202683,0.00214014,-0.000107359,9.67205e-06,0,0,0.322968,-0.0067319,0.260947,0.00181878,-0.0327168,-0.00263984,-0.000822143,0,0,1.38778e-11,0.0717468,-0.00426886,0.0505053,0.0028167,0.000849708,-2.70581e-05,0,0,-0.00671833,0.615551,-0.000176427,-0.0689738,0.00313982,-0.0257628,-0.000338339,0,0,-1.9082e-11,-0.00447977,0.0253992,-0.00256939,-0.000920896,-0.000197384,3.27026e-06,0,0,0.261089,-0.000144829,0.317517,-0.00244191,-0.0302738,-0.000656369,-0.000789399,0,0,-4.33681e-12,0.0663511,0.000301359,-0.0443825,-0.00363041,0.00334075,-0.000104445,0,0,0.00185267,-0.0695513,-0.00241003,0.615604,0.017913,0.0540084,-0.00225919,0,0,0,0.0290618,-0.00922807,-0.0408542,0.027024,-0.000943045,0.000105942,0,0,-0.326721,0.0311603,-0.302597,0.179231,0.306197,-0.0336831,0.0408533,0,0,-1.73472e-11,0.0383541,-0.00554819,0.0437232,0.0102252,-0.0783721,0.00242784,0,0,-0.0264969,-0.257653,-0.00666449,0.539868,-0.0336306,0.396654,-0.00437675,0,0,0,-0.00308722,0.00148494,0.00400317,-0.00171242,0.00325953,-3.8887e-05,0,0,-0.00822237,-0.0033676,-0.00791029,-0.0226221,0.0408717,-0.00438171,0.0649971,0,0,0,0,0,0,0,0,0,0,0,0,0,0,0,0,0,0,0.905991,-6.34898e-09,0,0,-1.20024e-12,-1.20024e-12,0,0,1.20024e-12,0,0,0,0,0,0,0,0,0,-6.34808e-09,0.905991,
1.73472e-12,0.00697195,-0.0111847,-0.00202471,0.00214182,-0.000107424,9.71052e-06,0,0,0.323018,-0.00673984,0.260885,0.00182714,-0.0327107,-0.00264541,-0.000823111,0,0,-6.93889e-12,0.0717592,-0.00427032,0.05049,0.00281622,0.000850032,-2.7077e-05,0,0,-0.00672634,0.615554,-0.000177265,-0.0689775,0.00313962,-0.0257584,-0.000338432,0,0,-1.73472e-12,-0.00448267,0.0254355,-0.00256598,-0.000922225,-0.000197849,3.27395e-06,0,0,0.261027,-0.000145599,0.317563,-0.00244264,-0.0302704,-0.000658448,-0.000789749,0,0,7.15573e-12,0.0663375,0.000303565,-0.0443683,-0.00363063,0.00334054,-0.000104466,0,0,0.00186084,-0.0695553,-0.00241099,0.615602,0.0179123,0.0540117,-0.00225893,0,0,1.73472e-11,0.0290596,-0.00923725,-0.0408478,0.0270459,-0.000938296,0.000106186,0,0,-0.326659,0.0311581,-0.302562,0.179224,0.306176,-0.0336904,0.0408516,0,0,-2.42861e-11,0.0383625,-0.00555525,0.0437,0.0102296,-0.0783579,0.00242785,0,0,-0.0265515,-0.257609,-0.00668452,0.539902,-0.0336379,0.396652,-0.00437717,0,0,0,-0.00308784,0.00148667,0.00400387,-0.00171332,0.00325939,-3.90201e-05,0,0,-0.00823208,-0.00336846,-0.00791386,-0.0226195,0.04087,-0.00438216,0.0649974,0,0,0,0,0,0,0,0,0,-5.88118e-11,0,0,0,0,0,0,0,0,0.905991,5.28856e-08,0,0,0,0,0,0,0,-1.20024e-12,0,0,0,0,0,0,0,0,5.2885e-08,0.905991,
2.1684e-12,0.00697216,-0.0111984,-0.0020226,0.0021435,-0.000107488,9.74898e-06,0,0,0.323068,-0.00674775,0.260824,0.00183548,-0.0327045,-0.00265094,-0.000824079,0,0,-1.38778e-11,0.0717715,-0.00427176,0.0504746,0.00281574,0.000850353,-2.70958e-05,0,0,-0.00673434,0.615556,-0.000178091,-0.0689812,0.00313943,-0.025754,-0.000338526,0,0,-8.67362e-12,-0.00448556,0.0254718,-0.00256258,-0.000923551,-0.000198311,3.27752e-06,0,0,0.260966,-0.000146357,0.31761,-0.00244338,-0.030267,-0.000660506,-0.000790098,0,0,3.46945e-12,0.066324,0.000305769,-0.0443541,-0.00363086,0.00334033,-0.000104486,0,0,0.00186896,-0.0695593,-0.00241196,0.6156,0.0179116,0.0540151,-0.00225867,0,0,-1.73472e-11,0.0290574,-0.00924639,-0.0408414,0.0270678,-0.000933561,0.000106432,0,0,-0.326597,0.031156,-0.302527,0.179218,0.306155,-0.0336976,0.0408499,0,0,-4.16334e-11,0.0383708,-0.00556228,0.0436768,0.010234,-0.0783437,0.00242787,0,0,-0.0266058,-0.257566,-0.00670435,0.539935,-0.0336453,0.39665,-0.00437758,0,0,6.93889e-12,-0.00308847,0.0014884,0.00400457,-0.00171422,0.00325927,-3.91524e-05,0,0,-0.00824179,-0.00336932,-0.00791744,-0.022617,0.0408683,-0.0043826,0.0649977,0,0,0,1.20025e-12,0,1.20025e-12,0,1.20025e-12,-1.20025e-12,0,0,0,0,0,0,0,0,0,0.905991,1.0175e-09,0,1.20024e-12,0,1.20024e-12,0,1.20024e-12,-1.20024e-12,0,0,0,0,0,0,0,0,0,1.0187e-09,0.905991,
-4.33681e-13,0.00697237,-0.011212,-0.0020205,0.00214517,-0.000107551,9.78742e-06,0,0,0.323118,-0.00675565,0.260762,0.00184377,-0.0326983,-0.00265643,-0.000825048,0,0,0,0.0717839,-0.0042732,0.0504591,0.00281526,0.00085067,-2.71146e-05,0,0,-0.00674231,0.615559,-0.000178905,-0.0689849,0.00313923,-0.0257497,-0.00033862,0,0,8.67362e-13,-0.00448843,0.025508,-0.00255919,-0.000924873,-0.00019877,3.281e-06,0,0,0.260905,-0.000147103,0.317656,-0.00244414,-0.0302636,-0.000662543,-0.000790447,0,0,-1.30104e-12,0.0663104,0.000307971,-0.0443398,-0.00363109,0.00334012,-0.000104507,0,0,0.00187706,-0.0695634,-0.00241295,0.615598,0.017911,0.0540185,-0.00225841,0,0,-5.20417e-12,0.0290552,-0.00925547,-0.040835,0.0270896,-0.000928838,0.000106677,0,0,-0.326534,0.0311538,-0.302492,0.179212,0.306134,-0.0337049,0.0408482,0,0,6.59195e-11,0.0383792,-0.00556928,0.0436535,0.0102384,-0.0783295,0.00242789,0,0,-0.0266597,-0.257522,-0.00672397,0.539969,-0.0336526,0.396648,-0.004378,0,0,0,-0.00308909,0.00149013,0.00400528,-0.00171512,0.00325914,-3.92837e-05,0,0,-0.00825152,-0.00337019,-0.00792101,-0.0226144,0.0408667,-0.00438305,0.064998,0,0,0,0,0,0,1.20025e-12,0,-1.20025e-12,0,0,0,0,0,0,0,0,0,0.905991,3.44169e-10,0,0,0,0,0,0,0,0,0,0,0,0,0,0,0,0,3.43269e-10,0.905991,
7.37257e-12,0.00697257,-0.0112257,-0.00201841,0.00214683,-0.000107613,9.82582e-06,0,0,0.323168,-0.00676352,0.260701,0.00185204,-0.032692,-0.00266189,-0.000826018,0,0,1.38778e-11,0.0717962,-0.00427462,0.0504436,0.00281478,0.000850985,-2.71332e-05,0,0,-0.00675027,0.615561,-0.000179708,-0.0689887,0.00313903,-0.0257453,-0.000338715,0,0,-1.9082e-11,-0.00449129,0.0255443,-0.00255581,-0.000926191,-0.000199226,3.28438e-06,0,0,0.260843,-0.000147837,0.317703,-0.00244492,-0.0302601,-0.000664558,-0.000790795,0,0,-1.47451e-11,0.0662968,0.00031017,-0.0443255,-0.00363132,0.00333991,-0.000104528,0,0,0.00188511,-0.0695675,-0.00241396,0.615596,0.0179104,0.0540219,-0.00225816,0,0,-5.20417e-12,0.029053,-0.00926451,-0.0408286,0.0271114,-0.00092413,0.000106924,0,0,-0.32647,0.0311516,-0.302457,0.179207,0.306113,-0.0337122,0.0408464,0,0,6.93889e-11,0.0383876,-0.00557626,0.0436302,0.0102427,-0.0783152,0.00242791,0,0,-0.0267133,-0.257478,-0.00674338,0.540003,-0.03366,0.396645,-0.00437841,0,0,0,-0.00308971,0.00149185,0.00400599,-0.00171602,0.00325901,-3.9414e-05,0,0,-0.00826125,-0.00337106,-0.00792457,-0.0226119,0.040865,-0.00438349,0.0649983,0,0,0,-3.60071e-12,0,1.20023e-12,0,1.20023e-12,2.40048e-12,0,0,0,0,0,0,0,0,0,0.905991,1.30556e-09,0,-3.60072e-12,0,3.60072e-12,0,3.60072e-12,0,0,0,0,0,0,0,0,0,0,1.30526e-09,0.905991,
-4.33681e-12,0.00697276,-0.0112393,-0.00201632,0.00214848,-0.000107673,9.86418e-06,0,0,0.323219,-0.00677138,0.26064,0.00186027,-0.0326857,-0.00266732,-0.000826988,0,0,-6.93889e-12,0.0718086,-0.00427604,0.0504281,0.0028143,0.000851299,-2.71519e-05,0,0,-0.0067582,0.615564,-0.0001805,-0.0689925,0.00313883,-0.0257409,-0.00033881,0,0,1.21431e-11,-0.00449413,0.0255805,-0.00255245,-0.000927506,-0.00019968,3.28768e-06,0,0,0.260782,-0.000148559,0.31775,-0.00244571,-0.0302566,-0.000666552,-0.000791142,0,0,7.80626e-12,0.0662832,0.000312367,-0.0443113,-0.00363156,0.00333969,-0.000104549,0,0,0.00189314,-0.0695716,-0.00241498,0.615594,0.0179098,0.0540253,-0.0022579,0,0,8.67362e-12,0.0290509,-0.0092735,-0.0408223,0.0271332,-0.000919435,0.00010717,0,0,-0.326406,0.0311493,-0.302422,0.179202,0.306093,-0.0337194,0.0408447,0,0,-4.16334e-11,0.038396,-0.00558322,0.0436069,0.010247,-0.0783009,0.00242792,0,0,-0.0267666,-0.257434,-0.0067626,0.540038,-0.0336674,0.396643,-0.00437882,0,0,-6.93889e-12,-0.00309034,0.00149357,0.0040067,-0.00171691,0.00325889,-3.95434e-05,0,0,-0.00827099,-0.00337195,-0.00792812,-0.0226094,0.0408633,-0.00438392,0.0649986,0,0,0,0,0,0,0,0,0,0,0,0,0,0,0,0,0,0,0.905991,3.01441e-09,0,1.20024e-12,0,-1.20024e-12,0,0,0,0,0,0,0,0,0,0,0,0,3.01531e-09,0.905991,
-3.46945e-12,0.00697294,-0.0112529,-0.00201424,0.00215013,-0.000107732,9.90249e-06,0,0,0.32327,-0.00677921,0.260578,0.00186846,-0.0326793,-0.00267271,-0.00082796,0,0,-6.93889e-12,0.0718209,-0.00427744,0.0504125,0.00281382,0.00085161,-2.71705e-05,0,0,-0.00676611,0.615567,-0.000181281,-0.0689963,0.00313863,-0.0257365,-0.000338906,0,0,5.20417e-12,-0.00449695,0.0256167,-0.00254909,-0.000928816,-0.00020013,3.29089e-06,0,0,0.260721,-0.000149269,0.317797,-0.00244652,-0.0302531,-0.000668526,-0.000791489,0,0,8.67362e-13,0.0662695,0.000314562,-0.0442969,-0.0036318,0.00333947,-0.00010457,0,0,0.00190113,-0.0695758,-0.00241602,0.615592,0.0179092,0.0540288,-0.00225765,0,0,-2.25514e-11,0.0290487,-0.00928244,-0.040816,0.027155,-0.000914754,0.000107417,0,0,-0.326342,0.0311471,-0.302386,0.179197,0.306072,-0.0337268,0.040843,0,0,-3.81639e-11,0.0384044,-0.00559015,0.0435835,0.0102514,-0.0782865,0.00242794,0,0,-0.0268195,-0.257391,-0.00678162,0.540072,-0.0336748,0.396641,-0.00437923,0,0,0,-0.00309096,0.00149529,0.00400742,-0.00171781,0.00325876,-3.96718e-05,0,0,-0.00828073,-0.00337283,-0.00793167,-0.022607,0.0408616,-0.00438436,0.0649988,0,0,0,0,0,0,0,0,0,0,0,0,0,0,0,0,0,0,0.905991,3.56952e-09,0,0,0,0,0,0,0,0,0,0,0,0,0,0,0,0,3.56922e-09,0.905991,
1.73472e-12,0.00697311,-0.0112665,-0.00201216,0.00215177,-0.000107789,9.94076e-06,0,0,0.323321,-0.00678702,0.260517,0.00187662,-0.0326728,-0.00267807,-0.000828932,0,0,-1.38778e-11,0.0718332,-0.00427884,0.0503968,0.00281333,0.00085192,-2.7189e-05,0,0,-0.006774,0.61557,-0.000182051,-0.0690002,0.00313843,-0.0257321,-0.000339002,0,0,-3.46945e-12,-0.00449975,0.0256529,-0.00254575,-0.000930122,-0.000200577,3.29403e-06,0,0,0.260661,-0.000149968,0.317845,-0.00244735,-0.0302496,-0.000670479,-0.000791835,0,0,7.37257e-12,0.0662559,0.000316754,-0.0442826,-0.00363204,0.00333926,-0.000104591,0,0,0.00190909,-0.06958,-0.00241708,0.61559,0.0179087,0.0540322,-0.0022574,0,0,1.73472e-12,0.0290466,-0.00929135,-0.0408097,0.0271768,-0.000910086,0.000107665,0,0,-0.326277,0.0311449,-0.30235,0.179192,0.306051,-0.0337341,0.0408413,0,0,-2.42861e-11,0.0384128,-0.00559706,0.0435601,0.0102557,-0.0782722,0.00242796,0,0,-0.0268721,-0.257347,-0.00680045,0.540106,-0.0336822,0.396638,-0.00437964,0,0,0,-0.00309158,0.001497,0.00400813,-0.0017187,0.00325864,-3.97993e-05,0,0,-0.00829048,-0.00337373,-0.00793521,-0.0226045,0.04086,-0.00438479,0.0649991,0,0,0,0,0,0,0,0,0,0,0,0,0,0,0,0,0,0,0.905991,3.91999e-09,0,0,0,0,0,0,-1.20024e-12,0,0,0,0,0,0,0,0,0,3.91939e-09,0.905991,
-2.60209e-12,0.00697328,-0.0112801,-0.0020101,0.00215341,-0.000107845,9.97896e-06,0,0,0.323372,-0.00679482,0.260457,0.00188475,-0.0326664,-0.00268339,-0.000829905,0,0,-6.93889e-12,0.0718455,-0.00428022,0.0503811,0.00281285,0.000852229,-2.72075e-05,0,0,-0.00678187,0.615573,-0.000182809,-0.0690042,0.00313822,-0.0257277,-0.000339099,0,0,6.93889e-12,-0.00450255,0.0256891,-0.00254242,-0.000931424,-0.000201022,3.29708e-06,0,0,0.2606,-0.000150656,0.317893,-0.0024482,-0.0302461,-0.000672412,-0.000792181,0,0,-1.04083e-11,0.0662422,0.000318944,-0.0442682,-0.00363228,0.00333904,-0.000104612,0,0,0.00191701,-0.0695842,-0.00241816,0.615588,0.0179082,0.0540356,-0.00225715,0,0,8.67362e-12,0.0290444,-0.0093002,-0.0408034,0.0271985,-0.000905433,0.000107912,0,0,-0.326212,0.0311426,-0.302314,0.179188,0.30603,-0.0337414,0.0408395,0,0,3.46945e-11,0.0384213,-0.00560395,0.0435366,0.01026,-0.0782578,0.00242797,0,0,-0.0269244,-0.257303,-0.00681908,0.54014,-0.0336896,0.396636,-0.00438005,0,0,0,-0.00309221,0.00149871,0.00400886,-0.00171959,0.00325852,-3.99258e-05,0,0,-0.00830025,-0.00337463,-0.00793875,-0.022602,0.0408583,-0.00438522,0.0649994,0,0,0,0,0,0,0,0,0,5.76116e-11,0,0,0,0,0,0,0,0,0.905991,4.29356e-09,0,0,0,0,0,0,0,0,0,0,0,0,0,0,0,0,4.29296e-09,0.905991,
-4.33681e-13,0.00697344,-0.0112937,-0.00200803,0.00215504,-0.000107899,1.00171e-05,0,0,0.323424,-0.00680259,0.260396,0.00189285,-0.0326598,-0.00268868,-0.000830879,0,0,0,0.0718578,-0.0042816,0.0503653,0.00281237,0.000852536,-2.72259e-05,0,0,-0.00678972,0.615576,-0.000183558,-0.0690081,0.00313802,-0.0257232,-0.000339197,0,0,1.73472e-12,-0.00450532,0.0257253,-0.0025391,-0.000932722,-0.000201463,3.30007e-06,0,0,0.260539,-0.000151332,0.31794,-0.00244906,-0.0302425,-0.000674325,-0.000792526,0,0,1.04083e-11,0.0662286,0.000321132,-0.0442538,-0.00363253,0.00333882,-0.000104633,0,0,0.0019249,-0.0695885,-0.00241926,0.615586,0.0179077,0.054039,-0.0022569,0,0,-3.46945e-12,0.0290423,-0.00930901,-0.0407972,0.0272203,-0.000900792,0.00010816,0,0,-0.326146,0.0311404,-0.302278,0.179184,0.306009,-0.0337488,0.0408378,0,0,-1.73472e-11,0.0384297,-0.00561082,0.043513,0.0102643,-0.0782434,0.00242799,0,0,-0.0269764,-0.257259,-0.00683752,0.540174,-0.033697,0.396633,-0.00438045,0,0,3.46945e-12,-0.00309283,0.00150041,0.00400958,-0.00172048,0.0032584,-4.00513e-05,0,0,-0.00831002,-0.00337553,-0.00794228,-0.0225996,0.0408566,-0.00438565,0.0649997,0,0,0,-1.20024e-12,0,1.20024e-12,-1.20024e-12,1.20024e-12,0,0,0,0,0,0,0,0,0,0,0.905991,4.70374e-09,0,0,0,0,0,0,0,0,0,0,0,0,0,0,0,0,4.70435e-09,0.905991,
-4.33681e-13,0.00697358,-0.0113073,-0.00200598,0.00215667,-0.000107953,1.00552e-05,0,0,0.323476,-0.00681035,0.260335,0.00190091,-0.0326532,-0.00269394,-0.000831854,0,0,0,0.0718701,-0.00428297,0.0503495,0.00281188,0.000852843,-2.72443e-05,0,0,-0.00679755,0.61558,-0.000184295,-0.0690121,0.00313782,-0.0257188,-0.000339295,0,0,4.33681e-12,-0.00450808,0.0257615,-0.00253579,-0.000934016,-0.000201902,3.30298e-06,0,0,0.260479,-0.000151998,0.317989,-0.00244994,-0.0302389,-0.000676218,-0.000792871,0,0,-3.46945e-12,0.0662149,0.000323318,-0.0442394,-0.00363278,0.0033386,-0.000104654,0,0,0.00193276,-0.0695928,-0.00242037,0.615584,0.0179073,0.0540424,-0.00225665,0,0,1.9082e-11,0.0290402,-0.00931778,-0.0407909,0.027242,-0.000896166,0.000108408,0,0,-0.326079,0.0311381,-0.302242,0.179181,0.305989,-0.0337561,0.0408361,0,0,3.46945e-12,0.0384382,-0.00561766,0.0434895,0.0102685,-0.0782289,0.00242801,0,0,-0.0270281,-0.257214,-0.00685577,0.540209,-0.0337045,0.396631,-0.00438086,0,0,0,-0.00309345,0.00150211,0.00401031,-0.00172137,0.00325828,-4.01758e-05,0,0,-0.00831979,-0.00337645,-0.00794581,-0.0225972,0.0408549,-0.00438608,0.065,0,0,0,0,0,0,0,0,0,0,0,0,0,0,0,0,0,0,0.905991,5.01491e-09,0,0,0,0,0,0,0,0,0,0,0,0,0,0,0,0,5.01491e-09,0.905991,
-2.1684e-12,0.00697373,-0.0113209,-0.00200392,0.00215829,-0.000108004,1.00932e-05,0,0,0.323528,-0.00681808,0.260275,0.00190894,-0.0326466,-0.00269917,-0.000832829,0,0,-1.38778e-11,0.0718824,-0.00428432,0.0503337,0.0028114,0.000853148,-2.72627e-05,0,0,-0.00680536,0.615583,-0.000185022,-0.0690161,0.00313761,-0.0257144,-0.000339394,0,0,3.46945e-12,-0.00451082,0.0257977,-0.00253249,-0.000935305,-0.000202337,3.30582e-06,0,0,0.260419,-0.000152652,0.318037,-0.00245084,-0.0302354,-0.000678092,-0.000793215,0,0,3.46945e-12,0.0662012,0.000325501,-0.0442249,-0.00363303,0.00333838,-0.000104675,0,0,0.00194058,-0.0695971,-0.00242149,0.615582,0.0179069,0.0540459,-0.00225641,0,0,-8.67362e-12,0.0290381,-0.0093265,-0.0407847,0.0272637,-0.000891553,0.000108656,0,0,-0.326012,0.0311358,-0.302205,0.179177,0.305968,-0.0337635,0.0408343,0,0,-6.93889e-12,0.0384467,-0.00562449,0.0434659,0.0102728,-0.0782145,0.00242803,0,0,-0.0270795,-0.25717,-0.00687384,0.540243,-0.0337119,0.396629,-0.00438126,0,0,0,-0.00309408,0.00150381,0.00401104,-0.00172225,0.00325817,-4.02994e-05,0,0,-0.00832958,-0.00337737,-0.00794933,-0.0225948,0.0408532,-0.00438651,0.0650003,0,0,0,0,0,0,0,0,0,0,0,0,0,0,0,0,0,0,0.905991,5.10072e-09,0,0,0,0,0,0,0,0,0,0,0,0,0,0,0,0,5.10072e-09,0.905991,
-4.33681e-13,0.00697386,-0.0113344,-0.00200188,0.0021599,-0.000108054,1.01312e-05,0,0,0.32358,-0.0068258,0.260214,0.00191694,-0.0326399,-0.00270437,-0.000833806,0,0,0,0.0718947,-0.00428567,0.0503178,0.00281091,0.000853452,-2.72811e-05,0,0,-0.00681316,0.615587,-0.000185739,-0.0690202,0.0031374,-0.02571,-0.000339493,0,0,2.60209e-12,-0.00451355,0.0258339,-0.0025292,-0.00093659,-0.00020277,3.3086e-06,0,0,0.260358,-0.000153295,0.318085,-0.00245175,-0.0302318,-0.000679946,-0.000793559,0,0,-1.95156e-11,0.0661874,0.000327682,-0.0442105,-0.00363329,0.00333816,-0.000104696,0,0,0.00194838,-0.0696015,-0.00242264,0.615579,0.0179065,0.0540493,-0.00225616,0,0,1.9082e-11,0.0290359,-0.00933518,-0.0407785,0.0272854,-0.000886954,0.000108904,0,0,-0.325945,0.0311335,-0.302169,0.179174,0.305947,-0.0337709,0.0408326,0,0,3.46945e-11,0.0384551,-0.00563129,0.0434422,0.0102771,-0.0782,0.00242804,0,0,-0.0271305,-0.257126,-0.00689172,0.540277,-0.0337194,0.396626,-0.00438166,0,0,0,-0.0030947,0.0015055,0.00401177,-0.00172314,0.00325805,-4.0422e-05,0,0,-0.00833937,-0.00337829,-0.00795285,-0.0225924,0.0408514,-0.00438693,0.0650006,0,0,0,0,0,0,-1.20024e-12,0,0,0,0,0,0,0,0,0,0,0,0.905991,5.11003e-09,0,0,0,0,0,0,0,0,0,0,0,0,0,0,0,0,5.10943e-09,0.905991,
3.46945e-12,0.00697398,-0.011348,-0.00199984,0.00216151,-0.000108103,1.01691e-05,0,0,0.323633,-0.0068335,0.260154,0.0019249,-0.0326332,-0.00270953,-0.000834783,0,0,-2.08167e-11,0.071907,-0.00428701,0.0503019,0.00281043,0.000853755,-2.72994e-05,0,0,-0.00682093,0.615591,-0.000186445,-0.0690243,0.0031372,-0.0257055,-0.000339592,0,0,-9.54098e-12,-0.00451626,0.02587,-0.00252591,-0.000937871,-0.0002032,3.3113e-06,0,0,0.260298,-0.000153928,0.318134,-0.00245268,-0.0302281,-0.000681782,-0.000793902,0,0,-5.63785e-12,0.0661737,0.000329861,-0.044196,-0.00363355,0.00333794,-0.000104717,0,0,0.00195614,-0.0696059,-0.00242379,0.615577,0.0179062,0.0540527,-0.00225592,0,0,1.73472e-12,0.0290338,-0.00934382,-0.0407724,0.0273071,-0.000882367,0.000109152,0,0,-0.325877,0.0311313,-0.302132,0.179171,0.305927,-0.0337783,0.0408308,0,0,-4.16334e-11,0.0384636,-0.00563806,0.0434185,0.0102813,-0.0781855,0.00242806,0,0,-0.0271813,-0.257082,-0.00690942,0.540312,-0.0337269,0.396624,-0.00438206,0,0,0,-0.00309533,0.00150719,0.00401251,-0.00172402,0.00325794,-4.05437e-05,0,0,-0.00834918,-0.00337922,-0.00795636,-0.02259,0.0408497,-0.00438735,0.0650009,0,0,0,0,0,0,0,0,0,0,0,0,0,0,0,0,0,0,0.905991,5.03651e-09,0,0,0,0,0,0,0,0,0,0,0,0,0,0,0,0,5.03651e-09,0.905991,
0,0.0069741,-0.0113616,-0.0019978,0.00216311,-0.000108151,1.0207e-05,0,0,0.323686,-0.00684118,0.260094,0.00193284,-0.0326264,-0.00271467,-0.000835762,0,0,1.38778e-11,0.0719193,-0.00428834,0.0502859,0.00280994,0.000854058,-2.73177e-05,0,0,-0.00682868,0.615594,-0.000187141,-0.0690284,0.00313699,-0.0257011,-0.000339693,0,0,8.67362e-13,-0.00451896,0.0259062,-0.00252264,-0.000939148,-0.000203627,3.31394e-06,0,0,0.260238,-0.000154549,0.318183,-0.00245362,-0.0302245,-0.000683598,-0.000794245,0,0,-9.1073e-12,0.0661599,0.000332038,-0.0441815,-0.00363381,0.00333772,-0.000104738,0,0,0.00196387,-0.0696104,-0.00242497,0.615575,0.0179059,0.0540562,-0.00225568,0,0,1.21431e-11,0.0290317,-0.00935241,-0.0407662,0.0273288,-0.000877794,0.000109401,0,0,-0.325809,0.031129,-0.302095,0.179169,0.305906,-0.0337857,0.040829,0,0,0,0.0384722,-0.00564482,0.0433947,0.0102856,-0.078171,0.00242808,0,0,-0.0272317,-0.257037,-0.00692694,0.540346,-0.0337344,0.396621,-0.00438246,0,0,-3.46945e-12,-0.00309595,0.00150888,0.00401325,-0.0017249,0.00325783,-4.06645e-05,0,0,-0.00835899,-0.00338016,-0.00795986,-0.0225876,0.040848,-0.00438778,0.0650012,0,0,0,2.40048e-12,-2.40048e-12,2.40048e-12,0,0,0,0,0,0,0,0,0,0,0,0,0.905991,5.16884e-09,0,1.20024e-12,-1.20024e-12,1.20024e-12,0,0,0,0,0,0,0,0,0,0,0,0,5.16854e-09,0.905991,
-3.03577e-12,0.0069742,-0.0113751,-0.00199577,0.00216471,-0.000108197,1.02448e-05,0,0,0.323739,-0.00684884,0.260034,0.00194074,-0.0326196,-0.00271977,-0.000836741,0,0,1.38778e-11,0.0719315,-0.00428966,0.0502699,0.00280945,0.000854359,-2.7336e-05,0,0,-0.00683642,0.615598,-0.000187827,-0.0690326,0.00313678,-0.0256966,-0.000339794,0,0,6.07153e-12,-0.00452164,0.0259423,-0.00251938,-0.000940421,-0.000204052,3.31652e-06,0,0,0.260178,-0.000155161,0.318232,-0.00245458,-0.0302208,-0.000685396,-0.000794587,0,0,-7.37257e-12,0.0661462,0.000334213,-0.0441669,-0.00363407,0.0033375,-0.000104759,0,0,0.00197157,-0.0696148,-0.00242616,0.615572,0.0179056,0.0540596,-0.00225543,0,0,-8.67362e-12,0.0290297,-0.00936096,-0.0407601,0.0273504,-0.000873234,0.000109649,0,0,-0.32574,0.0311266,-0.302058,0.179167,0.305885,-0.0337932,0.0408273,0,0,2.77556e-11,0.0384807,-0.00565156,0.0433709,0.0102898,-0.0781564,0.0024281,0,0,-0.0272819,-0.256993,-0.00694428,0.540381,-0.0337419,0.396619,-0.00438285,0,0,0,-0.00309658,0.00151056,0.00401399,-0.00172578,0.00325772,-4.07842e-05,0,0,-0.00836881,-0.0033811,-0.00796336,-0.0225852,0.0408463,-0.00438819,0.0650015,0,0,0,0,0,0,0,0,0,-1.14023e-10,0,0,0,0,0,0,0,0,0.905991,4.89308e-09,0,0,0,0,0,0,0,0,0,0,0,0,0,0,0,0,4.89248e-09,0.905991,
5.63785e-12,0.0069743,-0.0113887,-0.00199375,0.0021663,-0.000108242,1.02825e-05,0,0,0.323792,-0.00685648,0.259974,0.00194861,-0.0326127,-0.00272484,-0.000837721,0,0,-6.93889e-12,0.0719438,-0.00429097,0.0502538,0.00280897,0.00085466,-2.73543e-05,0,0,-0.00684413,0.615602,-0.000188504,-0.0690368,0.00313657,-0.0256922,-0.000339895,0,0,-1.30104e-11,-0.00452431,0.0259785,-0.00251613,-0.000941689,-0.000204474,3.31902e-06,0,0,0.260119,-0.000155762,0.318282,-0.00245556,-0.0302171,-0.000687176,-0.000794929,0,0,2.60209e-12,0.0661324,0.000336385,-0.0441524,-0.00363434,0.00333728,-0.00010478,0,0,0.00197924,-0.0696193,-0.00242737,0.61557,0.0179053,0.0540631,-0.0022552,0,0,0,0.0290276,-0.00936946,-0.040754,0.0273721,-0.000868687,0.000109898,0,0,-0.32567,0.0311243,-0.30202,0.179165,0.305865,-0.0338006,0.0408255,0,0,4.85723e-11,0.0384892,-0.00565827,0.0433471,0.010294,-0.0781419,0.00242812,0,0,-0.0273318,-0.256949,-0.00696145,0.540415,-0.0337495,0.396616,-0.00438325,0,0,0,-0.0030972,0.00151224,0.00401474,-0.00172665,0.00325762,-4.09031e-05,0,0,-0.00837864,-0.00338205,-0.00796685,-0.0225829,0.0408445,-0.00438861,0.0650017,0,0,0,0,0,0,0,0,0,0,0,0,0,0,0,0,0,0,0.905991,4.473e-09,0,0,0,0,0,0,0,0,0,0,0,0,0,0,0,0,4.4727e-09,0.905991,
2.60209e-12,0.0069744,-0.0114022,-0.00199173,0.00216789,-0.000108285,1.03202e-05,0,0,0.323846,-0.0068641,0.259914,0.00195645,-0.0326058,-0.00272988,-0.000838703,0,0,6.93889e-12,0.071956,-0.00429227,0.0502377,0.00280848,0.00085496,-2.73725e-05,0,0,-0.00685183,0.615606,-0.00018917,-0.0690411,0.00313636,-0.0256877,-0.000339997,0,0,-5.20417e-12,-0.00452696,0.0260146,-0.00251288,-0.000942953,-0.000204893,3.32147e-06,0,0,0.260059,-0.000156353,0.318331,-0.00245655,-0.0302135,-0.000688938,-0.00079527,0,0,1.21431e-11,0.0661186,0.000338556,-0.0441378,-0.00363461,0.00333706,-0.000104801,0,0,0.00198688,-0.0696239,-0.00242859,0.615567,0.0179051,0.0540665,-0.00225496,0,0,8.67362e-12,0.0290255,-0.00937792,-0.0407479,0.0273937,-0.000864152,0.000110147,0,0,-0.3256,0.031122,-0.301983,0.179163,0.305844,-0.0338081,0.0408237,0,0,-5.55112e-11,0.0384978,-0.00566497,0.0433232,0.0102982,-0.0781273,0.00242814,0,0,-0.0273813,-0.256904,-0.00697845,0.54045,-0.033757,0.396614,-0.00438364,0,0,0,-0.00309782,0.00151391,0.00401548,-0.00172753,0.00325751,-4.1021e-05,0,0,-0.00838848,-0.003383,-0.00797034,-0.0225806,0.0408428,-0.00438903,0.065002,0,0,0,1.20024e-12,-1.20024e-12,0,0,0,1.20024e-12,0,0,0,0,0,0,0,0,0,0.905991,4.21435e-09,0,2.40048e-12,-2.40048e-12,-1.20024e-12,0,1.20024e-12,1.20024e-12,0,0,0,0,0,0,0,0,0,4.21555e-09,0.905991,
4.77049e-12,0.00697448,-0.0114158,-0.00198971,0.00216947,-0.000108327,1.03578e-05,0,0,0.323899,-0.00687171,0.259854,0.00196426,-0.0325988,-0.0027349,-0.000839685,0,0,-6.93889e-12,0.0719683,-0.00429356,0.0502216,0.00280799,0.000855259,-2.73907e-05,0,0,-0.00685951,0.615611,-0.000189827,-0.0690453,0.00313615,-0.0256832,-0.000340099,0,0,-1.38778e-11,-0.0045296,0.0260507,-0.00250965,-0.000944213,-0.000205309,3.32385e-06,0,0,0.259999,-0.000156933,0.318381,-0.00245756,-0.0302097,-0.000690681,-0.000795611,0,0,6.93889e-12,0.0661048,0.000340724,-0.0441231,-0.00363488,0.00333684,-0.000104822,0,0,0.00199448,-0.0696285,-0.00242982,0.615565,0.0179049,0.05407,-0.00225472,0,0,-1.04083e-11,0.0290234,-0.00938634,-0.0407418,0.0274153,-0.00085963,0.000110396,0,0,-0.32553,0.0311197,-0.301945,0.179162,0.305824,-0.0338156,0.0408219,0,0,-8.32667e-11,0.0385064,-0.00567164,0.0432993,0.0103024,-0.0781127,0.00242816,0,0,-0.0274306,-0.256859,-0.00699527,0.540485,-0.0337646,0.396611,-0.00438403,0,0,0,-0.00309845,0.00151558,0.00401623,-0.0017284,0.00325741,-4.11381e-05,0,0,-0.00839833,-0.00338396,-0.00797382,-0.0225782,0.0408411,-0.00438944,0.0650023,0,0,0,-1.20025e-12,1.20025e-12,0,1.20025e-12,1.20025e-12,-1.20025e-12,0,0,0,0,0,0,0,0,0,0.905991,3.76156e-09,0,0,0,0,0,1.20024e-12,-1.20024e-12,0,0,0,0,0,0,0,0,0,3.76066e-09,0.905991,
5.63785e-12,0.00697456,-0.0114293,-0.0019877,0.00217105,-0.000108368,1.03954e-05,0,0,0.323953,-0.0068793,0.259794,0.00197204,-0.0325918,-0.00273988,-0.000840668,0,0,-1.38778e-11,0.0719805,-0.00429485,0.0502054,0.00280751,0.000855558,-2.74089e-05,0,0,-0.00686717,0.615615,-0.000190474,-0.0690496,0.00313593,-0.0256788,-0.000340202,0,0,-1.73472e-11,-0.00453222,0.0260868,-0.00250642,-0.000945469,-0.000205723,3.32616e-06,0,0,0.25994,-0.000157504,0.318431,-0.00245858,-0.030206,-0.000692407,-0.000795951,0,0,1.12757e-11,0.0660909,0.00034289,-0.0441085,-0.00363516,0.00333662,-0.000104843,0,0,0.00200206,-0.0696331,-0.00243107,0.615562,0.0179047,0.0540734,-0.00225448,0,0,-1.73472e-11,0.0290213,-0.00939471,-0.0407358,0.0274369,-0.000855121,0.000110645,0,0,-0.325459,0.0311173,-0.301907,0.179161,0.305803,-0.0338231,0.0408202,0,0,-2.77556e-11,0.038515,-0.00567829,0.0432753,0.0103066,-0.0780981,0.00242818,0,0,-0.0274796,-0.256815,-0.00701192,0.540519,-0.0337721,0.396609,-0.00438443,0,0,-3.46945e-12,-0.00309907,0.00151725,0.00401699,-0.00172927,0.0032573,-4.12542e-05,0,0,-0.00840819,-0.00338493,-0.0079773,-0.0225759,0.0408393,-0.00438986,0.0650026,0,0,0,0,0,0,0,0,0,1.14023e-10,0,0,0,0,0,0,0,0,0.905991,3.45669e-09,0,0,0,-1.20024e-12,0,0,0,0,0,0,0,0,0,0,0,0,3.45639e-09,0.905991,
-1.73472e-12,0.00697462,-0.0114428,-0.00198569,0.00217262,-0.000108407,1.04329e-05,0,0,0.324008,-0.00688687,0.259735,0.00197979,-0.0325847,-0.00274483,-0.000841652,0,0,-1.38778e-11,0.0719927,-0.00429612,0.0501891,0.00280702,0.000855855,-2.74271e-05,0,0,-0.00687482,0.615619,-0.000191111,-0.069054,0.00313572,-0.0256743,-0.000340306,0,0,8.67362e-13,-0.00453482,0.026123,-0.0025032,-0.00094672,-0.000206134,3.32842e-06,0,0,0.259881,-0.000158065,0.318481,-0.00245961,-0.0302023,-0.000694116,-0.000796291,0,0,-2.1684e-12,0.0660771,0.000345054,-0.0440938,-0.00363543,0.0033364,-0.000104865,0,0,0.00200961,-0.0696378,-0.00243234,0.61556,0.0179046,0.0540769,-0.00225425,0,0,-1.38778e-11,0.0290193,-0.00940304,-0.0407297,0.0274585,-0.000850624,0.000110894,0,0,-0.325388,0.031115,-0.301869,0.17916,0.305783,-0.0338306,0.0408184,0,0,-6.93889e-12,0.0385236,-0.00568492,0.0432513,0.0103108,-0.0780834,0.0024282,0,0,-0.0275284,-0.25677,-0.0070284,0.540554,-0.0337797,0.396606,-0.00438482,0,0,0,-0.0030997,0.00151891,0.00401775,-0.00173014,0.0032572,-4.13694e-05,0,0,-0.00841806,-0.0033859,-0.00798077,-0.0225736,0.0408375,-0.00439027,0.0650029,0,0,0,-1.20025e-12,-1.20025e-12,0,0,0,1.20025e-12,0,0,0,0,0,0,0,0,0,0.905991,2.88628e-09,0,-1.20024e-12,-1.20024e-12,0,0,0,1.20024e-12,0,0,0,0,0,0,0,0,0,2.88598e-09,0.905991,
0,0.00697468,-0.0114563,-0.00198369,0.00217418,-0.000108445,1.04703e-05,0,0,0.324062,-0.00689442,0.259675,0.00198751,-0.0325775,-0.00274976,-0.000842638,0,0,6.93889e-12,0.072005,-0.00429739,0.0501729,0.00280653,0.000856152,-2.74452e-05,0,0,-0.00688244,0.615624,-0.000191739,-0.0690584,0.00313551,-0.0256698,-0.00034041,0,0,-8.67362e-13,-0.00453742,0.0261591,-0.0025,-0.000947968,-0.000206542,3.33061e-06,0,0,0.259821,-0.000158615,0.318532,-0.00246066,-0.0301985,-0.000695807,-0.00079663,0,0,-5.20417e-12,0.0660632,0.000347216,-0.0440791,-0.00363571,0.00333618,-0.000104886,0,0,0.00201712,-0.0696424,-0.00243362,0.615557,0.0179045,0.0540804,-0.00225402,0,0,1.73472e-12,0.0290172,-0.00941133,-0.0407237,0.0274801,-0.000846139,0.000111144,0,0,-0.325316,0.0311126,-0.301831,0.179159,0.305763,-0.0338382,0.0408166,0,0,-4.16334e-11,0.0385322,-0.00569154,0.0432272,0.010315,-0.0780688,0.00242822,0,0,-0.0275768,-0.256725,-0.00704472,0.540589,-0.0337873,0.396604,-0.0043852,0,0,-3.46945e-12,-0.00310032,0.00152057,0.0040185,-0.001731,0.0032571,-4.14837e-05,0,0,-0.00842794,-0.00338688,-0.00798424,-0.0225713,0.0408358,-0.00439068,0.0650032,0,0,0,0,0,0,0,0,0,0,0,0,0,0,0,0,0,0,0.905991,3.42549e-09,0,0,0,0,0,0,0,0,0,0,0,0,0,0,0,0,3.42579e-09,0.905991,
-2.60209e-12,0.00697474,-0.0114698,-0.0019817,0.00217574,-0.000108482,1.05077e-05,0,0,0.324117,-0.00690196,0.259616,0.0019952,-0.0325704,-0.00275465,-0.000843624,0,0,6.93889e-12,0.0720172,-0.00429864,0.0501566,0.00280604,0.000856448,-2.74633e-05,0,0,-0.00689005,0.615629,-0.000192358,-0.0690628,0.00313529,-0.0256653,-0.000340514,0,0,6.93889e-12,-0.00453999,0.0261952,-0.0024968,-0.000949211,-0.000206948,3.33273e-06,0,0,0.259762,-0.000159157,0.318582,-0.00246173,-0.0301947,-0.000697481,-0.000796969,0,0,-4.33681e-12,0.0660493,0.000349376,-0.0440644,-0.00363599,0.00333596,-0.000104907,0,0,0.00202461,-0.0696472,-0.00243492,0.615554,0.0179044,0.0540839,-0.00225378,0,0,1.73472e-12,0.0290152,-0.00941957,-0.0407177,0.0275016,-0.000841667,0.000111393,0,0,-0.325243,0.0311103,-0.301792,0.179159,0.305742,-0.0338457,0.0408148,0,0,4.85723e-11,0.0385408,-0.00569813,0.043203,0.0103191,-0.0780541,0.00242824,0,0,-0.027625,-0.256681,-0.00706088,0.540624,-0.0337949,0.396601,-0.00438559,0,0,3.46945e-12,-0.00310094,0.00152222,0.00401927,-0.00173187,0.003257,-4.15972e-05,0,0,-0.00843783,-0.00338787,-0.0079877,-0.022569,0.040834,-0.00439108,0.0650035,0,0,0,0,0,0,0,0,0,0,0,0,0,0,0,0,0,0,0.905991,3.0087e-09,0,0,0,0,0,0,0,0,0,0,0,0,0,0,0,0,3.0087e-09,0.905991,
-4.33681e-13,0.00697478,-0.0114834,-0.0019797,0.00217729,-0.000108517,1.05451e-05,0,0,0.324172,-0.00690947,0.259557,0.00200286,-0.0325631,-0.00275952,-0.000844611,0,0,-6.93889e-12,0.0720294,-0.00429989,0.0501402,0.00280555,0.000856744,-2.74814e-05,0,0,-0.00689764,0.615633,-0.000192968,-0.0690672,0.00313508,-0.0256608,-0.00034062,0,0,0,-0.00454256,0.0262312,-0.0024936,-0.00095045,-0.000207352,3.3348e-06,0,0,0.259703,-0.000159688,0.318633,-0.00246281,-0.0301909,-0.000699138,-0.000797308,0,0,-1.12757e-11,0.0660354,0.000351534,-0.0440497,-0.00363628,0.00333574,-0.000104928,0,0,0.00203207,-0.0696519,-0.00243622,0.615552,0.0179043,0.0540873,-0.00225355,0,0,-1.73472e-12,0.0290131,-0.00942777,-0.0407117,0.0275232,-0.000837206,0.000111643,0,0,-0.32517,0.0311079,-0.301754,0.179159,0.305722,-0.0338533,0.0408129,0,0,4.85723e-11,0.0385494,-0.0057047,0.0431789,0.0103233,-0.0780394,0.00242826,0,0,-0.0276729,-0.256636,-0.00707687,0.540659,-0.0338026,0.396599,-0.00438598,0,0,0,-0.00310157,0.00152387,0.00402003,-0.00173273,0.00325691,-4.17098e-05,0,0,-0.00844773,-0.00338886,-0.00799115,-0.0225668,0.0408322,-0.00439149,0.0650038,0,0,0,0,0,0,0,0,0,1.72835e-10,0,0,0,0,0,0,0,0,0.905991,2.4815e-09,0,-1.20024e-12,0,0,-1.20024e-12,1.20024e-12,0,0,0,0,0,0,0,0,0,0,2.4821e-09,0.905991,
2.1684e-12,0.00697482,-0.0114969,-0.00197771,0.00217884,-0.000108552,1.05823e-05,0,0,0.324227,-0.00691697,0.259498,0.00201049,-0.0325559,-0.00276436,-0.0008456,0,0,-2.08167e-11,0.0720416,-0.00430113,0.0501238,0.00280506,0.000857039,-2.74995e-05,0,0,-0.00690521,0.615638,-0.000193568,-0.0690717,0.00313486,-0.0256563,-0.000340725,0,0,-6.07153e-12,-0.0045451,0.0262673,-0.00249042,-0.000951685,-0.000207753,3.33681e-06,0,0,0.259644,-0.00016021,0.318684,-0.0024639,-0.0301871,-0.000700779,-0.000797646,0,0,-8.23994e-12,0.0660215,0.00035369,-0.0440349,-0.00363656,0.00333552,-0.00010495,0,0,0.0020395,-0.0696567,-0.00243755,0.615549,0.0179043,0.0540908,-0.00225332,0,0,6.93889e-12,0.0290111,-0.00943592,-0.0407058,0.0275447,-0.000832757,0.000111893,0,0,-0.325097,0.0311056,-0.301715,0.17916,0.305701,-0.0338608,0.0408111,0,0,-4.85723e-11,0.0385581,-0.00571125,0.0431546,0.0103274,-0.0780247,0.00242829,0,0,-0.0277205,-0.256591,-0.00709271,0.540694,-0.0338102,0.396596,-0.00438636,0,0,-3.46945e-12,-0.00310219,0.00152552,0.0040208,-0.00173359,0.00325681,-4.18215e-05,0,0,-0.00845764,-0.00338985,-0.00799461,-0.0225645,0.0408305,-0.0043919,0.0650041,0,0,0,0,0,0,0,0,0,0,0,0,0,0,0,0,0,0,0.905991,1.43099e-09,0,0,0,0,0,0,0,0,0,0,0,0,0,0,0,0,1.43069e-09,0.905991,
2.1684e-12,0.00697485,-0.0115104,-0.00197573,0.00218038,-0.000108584,1.06196e-05,0,0,0.324283,-0.00692446,0.259439,0.00201809,-0.0325485,-0.00276917,-0.00084659,0,0,1.38778e-11,0.0720538,-0.00430236,0.0501074,0.00280457,0.000857333,-2.75176e-05,0,0,-0.00691276,0.615643,-0.00019416,-0.0690762,0.00313465,-0.0256518,-0.000340831,0,0,-5.20417e-12,-0.00454764,0.0263034,-0.00248725,-0.000952916,-0.000208151,3.33875e-06,0,0,0.259585,-0.000160723,0.318735,-0.00246501,-0.0301832,-0.000702403,-0.000797983,0,0,-5.63785e-12,0.0660076,0.000355843,-0.0440201,-0.00363685,0.0033353,-0.000104971,0,0,0.0020469,-0.0696615,-0.00243888,0.615546,0.0179043,0.0540943,-0.00225309,0,0,5.20417e-12,0.029009,-0.00944403,-0.0406998,0.0275662,-0.00082832,0.000112143,0,0,-0.325023,0.0311032,-0.301676,0.17916,0.305681,-0.0338684,0.0408093,0,0,2.77556e-11,0.0385668,-0.00571778,0.0431304,0.0103316,-0.07801,0.00242831,0,0,-0.0277678,-0.256546,-0.00710838,0.540729,-0.0338178,0.396593,-0.00438675,0,0,0,-0.00310282,0.00152716,0.00402157,-0.00173445,0.00325672,-4.19323e-05,0,0,-0.00846756,-0.00339085,-0.00799805,-0.0225623,0.0408287,-0.0043923,0.0650044,0,0,0,0,0,-1.20024e-12,1.20024e-12,-1.20024e-12,0,0,0,0,0,0,0,0,0,0,0.905991,1.67344e-09,0,0,0,-1.20024e-12,1.20024e-12,-1.20024e-12,0,-1.20024e-12,0,0,0,0,0,0,0,0,1.67284e-09,0.905991,
4.77049e-12,0.00697487,-0.0115238,-0.00197375,0.00218192,-0.000108616,1.06567e-05,0,0,0.324338,-0.00693193,0.25938,0.00202566,-0.0325412,-0.00277396,-0.00084758,0,0,6.93889e-12,0.072066,-0.00430358,0.0500909,0.00280408,0.000857627,-2.75356e-05,0,0,-0.0069203,0.615648,-0.000194743,-0.0690808,0.00313443,-0.0256473,-0.000340938,0,0,-1.38778e-11,-0.00455016,0.0263395,-0.00248408,-0.000954143,-0.000208547,3.34063e-06,0,0,0.259527,-0.000161226,0.318786,-0.00246613,-0.0301794,-0.00070401,-0.00079832,0,0,-5.63785e-12,0.0659936,0.000357995,-0.0440053,-0.00363714,0.00333508,-0.000104992,0,0,0.00205427,-0.0696664,-0.00244023,0.615543,0.0179043,0.0540978,-0.00225287,0,0,-1.38778e-11,0.029007,-0.0094521,-0.0406939,0.0275877,-0.000823895,0.000112393,0,0,-0.324949,0.0311008,-0.301637,0.179161,0.305661,-0.033876,0.0408075,0,0,1.38778e-11,0.0385755,-0.00572429,0.043106,0.0103357,-0.0779952,0.00242833,0,0,-0.0278149,-0.2565,-0.0071239,0.540764,-0.0338255,0.396591,-0.00438713,0,0,0,-0.00310344,0.0015288,0.00402234,-0.0017353,0.00325662,-4.20423e-05,0,0,-0.0084775,-0.00339186,-0.00800149,-0.02256,0.0408269,-0.0043927,0.0650047,0,0,0,0,0,0,0,0,0,0,0,0,0,0,0,0,0,0,0.905991,1.4985e-09,0,0,0,0,0,0,0,0,0,0,0,0,0,0,0,0,1.4991e-09,0.905991,
3.03577e-12,0.00697488,-0.0115373,-0.00197177,0.00218345,-0.000108647,1.06939e-05,0,0,0.324394,-0.00693938,0.259321,0.00203321,-0.0325337,-0.00277871,-0.000848572,0,0,0,0.0720781,-0.0043048,0.0500743,0.00280359,0.000857919,-2.75536e-05,0,0,-0.00692782,0.615653,-0.000195317,-0.0690854,0.00313421,-0.0256428,-0.000341045,0,0,-6.93889e-12,-0.00455266,0.0263755,-0.00248092,-0.000955366,-0.00020894,3.34246e-06,0,0,0.259468,-0.000161721,0.318838,-0.00246727,-0.0301755,-0.000705602,-0.000798657,0,0,1.12757e-11,0.0659796,0.000360145,-0.0439905,-0.00363743,0.00333486,-0.000105014,0,0,0.00206162,-0.0696713,-0.0024416,0.61554,0.0179044,0.0541013,-0.00225264,0,0,0,0.029005,-0.00946012,-0.0406879,0.0276092,-0.000819481,0.000112643,0,0,-0.324874,0.0310984,-0.301597,0.179162,0.305641,-0.0338836,0.0408056,0,0,-2.08167e-11,0.0385842,-0.00573078,0.0430816,0.0103398,-0.0779804,0.00242835,0,0,-0.0278617,-0.256455,-0.00713927,0.540799,-0.0338332,0.396588,-0.00438751,0,0,-6.93889e-12,-0.00310406,0.00153043,0.00402312,-0.00173616,0.00325653,-4.21515e-05,0,0,-0.00848744,-0.00339288,-0.00800493,-0.0225578,0.0408251,-0.00439311,0.0650051,0,0,0,0,0,0,0,0,0,0,0,0,0,0,0,0,0,0,0.905991,1.22575e-09,0,0,0,0,0,0,0,0,0,0,0,0,0,0,0,0,1.22605e-09,0.905991,
-2.1684e-12,0.00697489,-0.0115508,-0.0019698,0.00218497,-0.000108676,1.07309e-05,0,0,0.32445,-0.00694681,0.259262,0.00204072,-0.0325263,-0.00278344,-0.000849565,0,0,-6.93889e-12,0.0720903,-0.004306,0.0500578,0.0028031,0.000858212,-2.75716e-05,0,0,-0.00693533,0.615658,-0.000195882,-0.06909,0.003134,-0.0256382,-0.000341153,0,0,6.07153e-12,-0.00455515,0.0264116,-0.00247777,-0.000956584,-0.000209331,3.34422e-06,0,0,0.259409,-0.000162206,0.31889,-0.00246842,-0.0301716,-0.000707177,-0.000798993,0,0,4.33681e-12,0.0659657,0.000362292,-0.0439756,-0.00363773,0.00333464,-0.000105035,0,0,0.00206893,-0.0696762,-0.00244298,0.615537,0.0179044,0.0541048,-0.00225241,0,0,8.67362e-12,0.0290029,-0.0094681,-0.040682,0.0276306,-0.000815078,0.000112894,0,0,-0.324798,0.031096,-0.301558,0.179163,0.30562,-0.0338913,0.0408038,0,0,-3.46945e-11,0.0385929,-0.00573725,0.0430572,0.0103439,-0.0779657,0.00242838,0,0,-0.0279083,-0.25641,-0.00715448,0.540834,-0.0338409,0.396585,-0.0043879,0,0,0,-0.00310469,0.00153206,0.0040239,-0.00173701,0.00325644,-4.22598e-05,0,0,-0.00849739,-0.00339389,-0.00800836,-0.0225556,0.0408233,-0.00439351,0.0650054,0,0,0,0,0,0,0,0,0,0,0,0,0,0,0,0,0,0,0.905991,1.56151e-09,0,1.20024e-12,-1.20024e-12,1.20024e-12,0,-1.20024e-12,0,0,0,0,0,0,0,0,0,0,1.56121e-09,0.905991,
1.73472e-12,0.00697489,-0.0115643,-0.00196784,0.00218649,-0.000108704,1.07679e-05,0,0,0.324507,-0.00695423,0.259204,0.00204821,-0.0325187,-0.00278814,-0.000850559,0,0,1.38778e-11,0.0721025,-0.0043072,0.0500412,0.0028026,0.000858503,-2.75896e-05,0,0,-0.00694282,0.615664,-0.000196439,-0.0690947,0.00313378,-0.0256337,-0.000341262,0,0,-5.20417e-12,-0.00455763,0.0264476,-0.00247463,-0.000957799,-0.00020972,3.34592e-06,0,0,0.259351,-0.000162682,0.318942,-0.00246958,-0.0301677,-0.000708737,-0.000799329,0,0,-1.34441e-11,0.0659517,0.000364438,-0.0439607,-0.00363802,0.00333442,-0.000105057,0,0,0.00207622,-0.0696812,-0.00244437,0.615534,0.0179045,0.0541083,-0.00225219,0,0,-3.46945e-12,0.0290009,-0.00947604,-0.0406762,0.0276521,-0.000810687,0.000113144,0,0,-0.324723,0.0310937,-0.301518,0.179165,0.3056,-0.0338989,0.040802,0,0,5.55112e-11,0.0386017,-0.00574371,0.0430327,0.010348,-0.0779509,0.0024284,0,0,-0.0279546,-0.256365,-0.00716954,0.540869,-0.0338486,0.396583,-0.00438828,0,0,0,-0.00310531,0.00153369,0.00402468,-0.00173786,0.00325635,-4.23673e-05,0,0,-0.00850736,-0.00339492,-0.00801179,-0.0225534,0.0408215,-0.00439391,0.0650057,0,0,0,0,0,0,0,0,1.20024e-12,0,0,0,0,0,0,0,0,0,0.905991,-2.11212e-09,0,-2.40048e-12,0,2.40048e-12,0,0,-2.40048e-12,0,0,0,0,0,0,0,0,0,-2.11272e-09,0.905991,
4.77049e-12,0.00697488,-0.0115777,-0.00196587,0.00218801,-0.000108731,1.08049e-05,0,0,0.324563,-0.00696163,0.259145,0.00205567,-0.0325112,-0.00279282,-0.000851555,0,0,0,0.0721146,-0.00430839,0.0500245,0.00280211,0.000858794,-2.76076e-05,0,0,-0.00695029,0.615669,-0.000196987,-0.0690994,0.00313356,-0.0256291,-0.000341371,0,0,-8.67362e-12,-0.00456009,0.0264837,-0.0024715,-0.000959009,-0.000210106,3.34756e-06,0,0,0.259293,-0.00016315,0.318994,-0.00247076,-0.0301638,-0.000710281,-0.000799664,0,0,4.33681e-13,0.0659376,0.000366581,-0.0439458,-0.00363832,0.0033342,-0.000105078,0,0,0.00208348,-0.0696862,-0.00244577,0.615531,0.0179047,0.0541119,-0.00225197,0,0,1.56125e-11,0.0289989,-0.00948393,-0.0406703,0.0276735,-0.000806307,0.000113395,0,0,-0.324646,0.0310913,-0.301478,0.179167,0.30558,-0.0339066,0.0408001,0,0,6.245e-11,0.0386104,-0.00575014,0.0430082,0.0103521,-0.0779361,0.00242843,0,0,-0.0280006,-0.256319,-0.00718445,0.540904,-0.0338563,0.39658,-0.00438866,0,0,0,-0.00310593,0.00153531,0.00402546,-0.00173871,0.00325626,-4.2474e-05,0,0,-0.00851734,-0.00339595,-0.00801521,-0.0225512,0.0408197,-0.0043943,0.065006,0,0,0,0,0,0,-1.20024e-12,-1.20024e-12,0,0,0,0,0,0,0,0,0,0,0.905991,-2.9637e-09,0,0,0,0,-1.20024e-12,-1.20024e-12,0,0,0,0,0,0,0,0,0,0,-2.9637e-09,0.905991,
5.63785e-12,0.00697486,-0.0115912,-0.00196391,0.00218951,-0.000108756,1.08418e-05,0,0,0.32462,-0.00696902,0.259087,0.0020631,-0.0325035,-0.00279747,-0.000852551,0,0,6.93889e-12,0.0721268,-0.00430957,0.0500078,0.00280162,0.000859085,-2.76255e-05,0,0,-0.00695774,0.615675,-0.000197526,-0.0691041,0.00313334,-0.0256246,-0.00034148,0,0,-1.38778e-11,-0.00456254,0.0265197,-0.00246837,-0.000960216,-0.00021049,3.34915e-06,0,0,0.259234,-0.000163608,0.319046,-0.00247194,-0.0301598,-0.00071181,-0.000799999,0,0,-1.25767e-11,0.0659236,0.000368723,-0.0439309,-0.00363862,0.00333398,-0.000105099,0,0,0.00209072,-0.0696912,-0.00244719,0.615528,0.0179048,0.0541154,-0.00225174,0,0,0,0.0289969,-0.00949178,-0.0406644,0.0276949,-0.000801937,0.000113646,0,0,-0.324569,0.0310889,-0.301438,0.179169,0.30556,-0.0339142,0.0407983,0,0,6.245e-11,0.0386192,-0.00575655,0.0429836,0.0103562,-0.0779213,0.00242845,0,0,-0.0280464,-0.256274,-0.00719922,0.54094,-0.033864,0.396577,-0.00438903,0,0,0,-0.00310655,0.00153693,0.00402624,-0.00173955,0.00325618,-4.25798e-05,0,0,-0.00852732,-0.00339699,-0.00801863,-0.022549,0.0408178,-0.0043947,0.0650063,0,0,0,-2.40048e-12,0,0,0,0,0,0,0,0,0,0,0,0,0,0,0.905991,-4.28036e-09,0,0,0,0,0,0,0,0,0,0,0,0,0,0,0,0,-4.28066e-09,0.905991,
-2.1684e-12,0.00697483,-0.0116047,-0.00196196,0.00219101,-0.000108781,1.08787e-05,0,0,0.324677,-0.00697639,0.259028,0.00207051,-0.0324959,-0.00280209,-0.000853549,0,0,0,0.0721389,-0.00431074,0.0499911,0.00280112,0.000859375,-2.76434e-05,0,0,-0.00696518,0.61568,-0.000198058,-0.0691089,0.00313312,-0.02562,-0.00034159,0,0,8.67362e-13,-0.00456498,0.0265557,-0.00246525,-0.000961419,-0.000210871,3.35068e-06,0,0,0.259176,-0.000164058,0.319099,-0.00247315,-0.0301559,-0.000713324,-0.000800333,0,0,-6.07153e-12,0.0659096,0.000370862,-0.0439159,-0.00363892,0.00333376,-0.000105121,0,0,0.00209792,-0.0696963,-0.00244862,0.615525,0.017905,0.0541189,-0.00225152,0,0,-1.56125e-11,0.0289948,-0.00949958,-0.0406586,0.0277163,-0.000797579,0.000113897,0,0,-0.324492,0.0310865,-0.301398,0.179171,0.30554,-0.0339219,0.0407964,0,0,-4.16334e-11,0.038628,-0.00576295,0.042959,0.0103603,-0.0779064,0.00242847,0,0,-0.028092,-0.256228,-0.00721384,0.540975,-0.0338718,0.396575,-0.00438941,0,0,0,-0.00310718,0.00153855,0.00402703,-0.0017404,0.00325609,-4.26849e-05,0,0,-0.00853732,-0.00339803,-0.00802204,-0.0225468,0.040816,-0.00439509,0.0650066,0,0,0,-1.20024e-12,-1.20024e-12,1.20024e-12,0,-1.20024e-12,0,0,0,0,0,0,0,0,0,0,0.905991,-6.09903e-09,0,0,0,0,0,0,0,0,0,0,0,0,0,0,0,0,-6.09903e-09,0.905991,
-7.80626e-12,0.0069748,-0.0116181,-0.00196,0.00219251,-0.000108804,1.09155e-05,0,0,0.324734,-0.00698374,0.25897,0.00207788,-0.0324881,-0.00280669,-0.000854548,0,0,0,0.0721511,-0.0043119,0.0499743,0.00280063,0.000859664,-2.76613e-05,0,0,-0.0069726,0.615686,-0.000198581,-0.0691137,0.0031329,-0.0256155,-0.0003417,0,0,1.56125e-11,-0.0045674,0.0265917,-0.00246214,-0.000962617,-0.000211251,3.35214e-06,0,0,0.259118,-0.0001645,0.319152,-0.00247436,-0.0301519,-0.000714822,-0.000800667,0,0,-1.60462e-11,0.0658955,0.000373,-0.0439009,-0.00363923,0.00333354,-0.000105142,0,0,0.0021051,-0.0697014,-0.00245006,0.615522,0.0179052,0.0541224,-0.0022513,0,0,-1.56125e-11,0.0289928,-0.00950734,-0.0406528,0.0277376,-0.000793231,0.000114149,0,0,-0.324414,0.031084,-0.301358,0.179173,0.30552,-0.0339296,0.0407945,0,0,6.93889e-12,0.0386368,-0.00576933,0.0429343,0.0103643,-0.0778916,0.0024285,0,0,-0.0281373,-0.256183,-0.00722831,0.54101,-0.0338795,0.396572,-0.00438979,0,0,0,-0.0031078,0.00154016,0.00402782,-0.00174124,0.00325601,-4.27891e-05,0,0,-0.00854733,-0.00339908,-0.00802545,-0.0225446,0.0408142,-0.00439549,0.0650069,0,0,0,-1.20024e-12,1.20024e-12,0,0,0,1.20024e-12,0,0,0,0,0,0,0,0,0,0.905991,-7.78566e-09,0,1.20024e-12,-1.20024e-12,0,0,0,-1.20024e-12,0,0,0,0,0,0,0,0,0,-7.78596e-09,0.905991,
-4.33681e-13,0.00697476,-0.0116316,-0.00195805,0.002194,-0.000108827,1.09522e-05,0,0,0.324792,-0.00699108,0.258912,0.00208523,-0.0324804,-0.00281127,-0.000855548,0,0,-1.38778e-11,0.0721632,-0.00431306,0.0499575,0.00280013,0.000859953,-2.76792e-05,0,0,-0.00698001,0.615692,-0.000199096,-0.0691185,0.00313268,-0.0256109,-0.000341811,0,0,-1.73472e-12,-0.00456981,0.0266278,-0.00245904,-0.000963812,-0.000211628,3.35356e-06,0,0,0.25906,-0.000164933,0.319205,-0.00247559,-0.0301479,-0.000716306,-0.000801001,0,0,6.93889e-12,0.0658814,0.000375136,-0.0438859,-0.00363954,0.00333332,-0.000105164,0,0,0.00211225,-0.0697065,-0.00245151,0.615519,0.0179054,0.054126,-0.00225108,0,0,-1.9082e-11,0.0289908,-0.00951505,-0.040647,0.027759,-0.000788895,0.0001144,0,0,-0.324336,0.0310816,-0.301317,0.179176,0.3055,-0.0339374,0.0407926,0,0,2.08167e-11,0.0386456,-0.00577568,0.0429095,0.0103684,-0.0778767,0.00242852,0,0,-0.0281823,-0.256137,-0.00724264,0.541046,-0.0338873,0.396569,-0.00439016,0,0,3.46945e-12,-0.00310842,0.00154177,0.00402862,-0.00174208,0.00325593,-4.28926e-05,0,0,-0.00855736,-0.00340013,-0.00802885,-0.0225425,0.0408123,-0.00439588,0.0650072,0,0,0,0,0,0,0,0,0,0,0,0,0,0,0,0,0,0,0.905991,-8.17394e-09,0,0,0,0,0,0,0,0,0,0,0,0,0,0,0,0,-8.17334e-09,0.905991,
8.67362e-13,0.00697471,-0.011645,-0.00195611,0.00219548,-0.000108848,1.0989e-05,0,0,0.324849,-0.00699841,0.258854,0.00209256,-0.0324725,-0.00281581,-0.000856549,0,0,-1.38778e-11,0.0721753,-0.0043142,0.0499407,0.00279964,0.000860241,-2.76971e-05,0,0,-0.0069874,0.615698,-0.000199603,-0.0691233,0.00313246,-0.0256063,-0.000341923,0,0,0,-0.0045722,0.0266638,-0.00245594,-0.000965002,-0.000212002,3.35491e-06,0,0,0.259002,-0.000165357,0.319258,-0.00247683,-0.0301439,-0.000717775,-0.000801334,0,0,1.73472e-11,0.0658673,0.000377269,-0.0438709,-0.00363984,0.0033331,-0.000105186,0,0,0.00211938,-0.0697116,-0.00245298,0.615515,0.0179057,0.0541295,-0.00225086,0,0,8.67362e-12,0.0289888,-0.00952272,-0.0406412,0.0277803,-0.000784568,0.000114652,0,0,-0.324257,0.0310792,-0.301277,0.179179,0.305479,-0.0339451,0.0407908,0,0,-6.93889e-12,0.0386545,-0.00578202,0.0428847,0.0103724,-0.0778618,0.00242855,0,0,-0.0282271,-0.256091,-0.00725683,0.541081,-0.0338951,0.396567,-0.00439054,0,0,0,-0.00310904,0.00154337,0.00402941,-0.00174291,0.00325584,-4.29953e-05,0,0,-0.00856739,-0.00340119,-0.00803225,-0.0225403,0.0408105,-0.00439627,0.0650075,0,0,0,0,0,-2.40048e-12,2.40048e-12,2.40048e-12,0,0,0,0,0,0,0,0,0,0,0.905991,-7.27496e-09,0,0,0,0,0,0,0,1.14023e-10,0,0,0,0,0,0,0,0,-7.27556e-09,0.905991,
5.20417e-12,0.00697466,-0.0116584,-0.00195417,0.00219696,-0.000108868,1.10256e-05,0,0,0.324907,-0.00700572,0.258796,0.00209985,-0.0324647,-0.00282034,-0.000857551,0,0,-6.93889e-12,0.0721874,-0.00431534,0.0499238,0.00279914,0.000860528,-2.77149e-05,0,0,-0.00699478,0.615704,-0.000200102,-0.0691282,0.00313224,-0.0256017,-0.000342035,0,0,-1.12757e-11,-0.00457458,0.0266998,-0.00245285,-0.000966189,-0.000212375,3.35621e-06,0,0,0.258944,-0.000165774,0.319311,-0.00247808,-0.0301398,-0.00071923,-0.000801667,0,0,8.67362e-13,0.0658532,0.000379401,-0.0438558,-0.00364015,0.00333288,-0.000105207,0,0,0.00212648,-0.0697168,-0.00245446,0.615512,0.0179059,0.054133,-0.00225064,0,0,6.93889e-12,0.0289868,-0.00953035,-0.0406354,0.0278016,-0.000780252,0.000114904,0,0,-0.324177,0.0310768,-0.301236,0.179182,0.305459,-0.0339528,0.0407889,0,0,6.93889e-12,0.0386633,-0.00578834,0.0428599,0.0103765,-0.077847,0.00242858,0,0,-0.0282717,-0.256045,-0.00727089,0.541117,-0.0339029,0.396564,-0.00439091,0,0,-3.46945e-12,-0.00310966,0.00154497,0.00403021,-0.00174375,0.00325576,-4.30972e-05,0,0,-0.00857744,-0.00340226,-0.00803564,-0.0225382,0.0408086,-0.00439667,0.0650078,0,0,0,0,0,0,0,0,0,0,0,0,0,0,0,0,0,0,0.905991,-6.01591e-09,0,1.20024e-12,0,-1.20024e-12,-1.20024e-12,1.20024e-12,0,0,0,0,0,0,0,0,0,0,-6.01681e-09,0.905991,
3.46945e-12,0.00697459,-0.0116718,-0.00195223,0.00219843,-0.000108886,1.10622e-05,0,0,0.324966,-0.00701301,0.258738,0.00210713,-0.0324567,-0.00282483,-0.000858555,0,0,0,0.0721995,-0.00431647,0.0499069,0.00279864,0.000860815,-2.77328e-05,0,0,-0.00700214,0.61571,-0.000200593,-0.0691332,0.00313202,-0.0255971,-0.000342147,0,0,-9.54098e-12,-0.00457695,0.0267358,-0.00244977,-0.000967371,-0.000212745,3.35745e-06,0,0,0.258887,-0.000166182,0.319365,-0.00247935,-0.0301358,-0.00072067,-0.000801999,0,0,-3.46945e-12,0.0658391,0.000381531,-0.0438407,-0.00364047,0.00333266,-0.000105229,0,0,0.00213355,-0.0697221,-0.00245595,0.615509,0.0179062,0.0541366,-0.00225043,0,0,-6.93889e-12,0.0289848,-0.00953793,-0.0406296,0.0278229,-0.000775946,0.000115156,0,0,-0.324098,0.0310744,-0.301195,0.179186,0.305439,-0.0339606,0.040787,0,0,-1.38778e-11,0.0386722,-0.00579464,0.0428349,0.0103805,-0.0778321,0.0024286,0,0,-0.028316,-0.255999,-0.0072848,0.541153,-0.0339107,0.396561,-0.00439129,0,0,0,-0.00311028,0.00154657,0.00403101,-0.00174458,0.00325568,-4.31983e-05,0,0,-0.0085875,-0.00340333,-0.00803903,-0.0225361,0.0408068,-0.00439706,0.0650082,0,0,0,0,0,-1.20024e-12,0,1.20024e-12,0,0,0,0,0,0,0,0,0,0,0.905991,-4.91769e-09,0,0,0,0,0,0,0,0,0,0,0,0,0,0,0,0,-4.91709e-09,0.905991,
-2.1684e-12,0.00697452,-0.0116853,-0.00195029,0.0021999,-0.000108904,1.10988e-05,0,0,0.325024,-0.00702029,0.25868,0.00211437,-0.0324488,-0.00282931,-0.00085956,0,0,-2.08167e-11,0.0722116,-0.00431759,0.0498899,0.00279815,0.000861102,-2.77506e-05,0,0,-0.00700948,0.615716,-0.000201076,-0.0691381,0.0031318,-0.0255925,-0.000342261,0,0,4.33681e-12,-0.00457931,0.0267718,-0.0024467,-0.00096855,-0.000213113,3.35863e-06,0,0,0.258829,-0.000166582,0.319418,-0.00248062,-0.0301317,-0.000722096,-0.000802331,0,0,7.80626e-12,0.0658249,0.000383659,-0.0438256,-0.00364078,0.00333244,-0.00010525,0,0,0.0021406,-0.0697273,-0.00245745,0.615505,0.0179066,0.0541401,-0.00225021,0,0,-5.20417e-12,0.0289828,-0.00954547,-0.0406239,0.0278442,-0.000771651,0.000115409,0,0,-0.324017,0.031072,-0.301154,0.17919,0.305419,-0.0339684,0.0407851,0,0,1.38778e-11,0.0386811,-0.00580093,0.04281,0.0103845,-0.0778172,0.00242863,0,0,-0.0283601,-0.255953,-0.00729858,0.541188,-0.0339185,0.396558,-0.00439166,0,0,3.46945e-12,-0.0031109,0.00154816,0.00403181,-0.00174541,0.00325561,-4.32987e-05,0,0,-0.00859757,-0.0034044,-0.00804242,-0.0225339,0.0408049,-0.00439744,0.0650085,0,0,0,0,0,0,1.20024e-12,1.20024e-12,0,0,0,0,0,0,0,0,0,0,0.905991,-4.07302e-09,0,0,0,1.20024e-12,1.20024e-12,1.20024e-12,0,0,0,0,0,0,0,0,0,0,-4.07242e-09,0.905991,
-7.37257e-12,0.00697445,-0.0116987,-0.00194836,0.00220136,-0.000108921,1.11353e-05,0,0,0.325083,-0.00702755,0.258622,0.00212159,-0.0324407,-0.00283376,-0.000860566,0,0,0,0.0722237,-0.0043187,0.0498729,0.00279765,0.000861388,-2.77684e-05,0,0,-0.00701681,0.615723,-0.000201552,-0.0691431,0.00313158,-0.0255879,-0.000342374,0,0,1.99493e-11,-0.00458165,0.0268077,-0.00244363,-0.000969725,-0.000213479,3.35976e-06,0,0,0.258772,-0.000166974,0.319472,-0.00248191,-0.0301277,-0.000723508,-0.000802662,0,0,5.20417e-12,0.0658108,0.000385784,-0.0438105,-0.00364109,0.00333222,-0.000105272,0,0,0.00214762,-0.0697326,-0.00245896,0.615502,0.0179069,0.0541437,-0.00225,0,0,6.93889e-12,0.0289808,-0.00955296,-0.0406181,0.0278654,-0.000767365,0.000115661,0,0,-0.323936,0.0310695,-0.301112,0.179194,0.3054,-0.0339761,0.0407832,0,0,-1.38778e-11,0.03869,-0.00580719,0.042785,0.0103885,-0.0778022,0.00242865,0,0,-0.028404,-0.255907,-0.00731223,0.541224,-0.0339263,0.396556,-0.00439203,0,0,0,-0.00311152,0.00154975,0.00403262,-0.00174623,0.00325553,-4.33983e-05,0,0,-0.00860765,-0.00340549,-0.0080458,-0.0225318,0.040803,-0.00439783,0.0650088,0,0,0,0,0,0,0,0,0,0,0,0,0,0,0,0,0,0,0.905991,3.44139e-09,0,0,0,0,-1.20024e-12,-1.20024e-12,0,0,0,0,0,0,0,0,0,0,3.44229e-09,0.905991,
9.54098e-12,0.00697436,-0.0117121,-0.00194643,0.00220281,-0.000108936,1.11718e-05,0,0,0.325141,-0.0070348,0.258565,0.00212878,-0.0324327,-0.00283818,-0.000861574,0,0,6.93889e-12,0.0722358,-0.00431981,0.0498558,0.00279715,0.000861673,-2.77862e-05,0,0,-0.00702412,0.615729,-0.00020202,-0.0691482,0.00313135,-0.0255833,-0.000342488,0,0,-2.42861e-11,-0.00458398,0.0268437,-0.00244057,-0.000970895,-0.000213843,3.36083e-06,0,0,0.258714,-0.000167358,0.319526,-0.00248321,-0.0301236,-0.000724906,-0.000802993,0,0,-4.33681e-12,0.0657966,0.000387908,-0.0437953,-0.00364141,0.003332,-0.000105294,0,0,0.00215462,-0.069738,-0.00246049,0.615499,0.0179073,0.0541473,-0.00224978,0,0,-8.67362e-12,0.0289788,-0.00956041,-0.0406124,0.0278866,-0.00076309,0.000115914,0,0,-0.323855,0.0310671,-0.301071,0.179198,0.30538,-0.0339839,0.0407813,0,0,-5.55112e-11,0.038699,-0.00581344,0.0427599,0.0103925,-0.0777873,0.00242868,0,0,-0.0284476,-0.255861,-0.00732574,0.54126,-0.0339342,0.396553,-0.0043924,0,0,0,-0.00311214,0.00155134,0.00403342,-0.00174706,0.00325545,-4.34972e-05,0,0,-0.00861775,-0.00340657,-0.00804917,-0.0225297,0.0408011,-0.00439822,0.0650091,0,0,0,0,0,0,0,0,0,0,0,0,0,0,0,0,0,0,0.905991,3.07412e-09,0,0,0,0,0,0,0,0,0,0,0,0,0,0,0,0,3.07412e-09,0.905991,
1.73472e-12,0.00697427,-0.0117255,-0.00194451,0.00220426,-0.000108951,1.12082e-05,0,0,0.3252,-0.00704203,0.258507,0.00213595,-0.0324246,-0.00284258,-0.000862583,0,0,-6.93889e-12,0.0722479,-0.00432091,0.0498387,0.00279665,0.000861958,-2.7804e-05,0,0,-0.00703142,0.615736,-0.00020248,-0.0691532,0.00313113,-0.0255786,-0.000342603,0,0,-2.60209e-12,-0.00458629,0.0268797,-0.00243752,-0.000972062,-0.000214205,3.36185e-06,0,0,0.258657,-0.000167735,0.31958,-0.00248453,-0.0301194,-0.00072629,-0.000803324,0,0,7.80626e-12,0.0657824,0.00039003,-0.0437802,-0.00364173,0.00333178,-0.000105316,0,0,0.00216159,-0.0697433,-0.00246203,0.615495,0.0179077,0.0541508,-0.00224957,0,0,6.93889e-12,0.0289768,-0.00956782,-0.0406067,0.0279078,-0.000758824,0.000116167,0,0,-0.323773,0.0310647,-0.301029,0.179202,0.30536,-0.0339917,0.0407793,0,0,-4.16334e-11,0.0387079,-0.00581967,0.0427347,0.0103965,-0.0777724,0.00242871,0,0,-0.028491,-0.255815,-0.00733912,0.541296,-0.0339421,0.39655,-0.00439277,0,0,0,-0.00311276,0.00155292,0.00403423,-0.00174788,0.00325538,-4.35953e-05,0,0,-0.00862786,-0.00340767,-0.00805255,-0.0225276,0.0407993,-0.0043986,0.0650094,0,0,0,-1.20024e-12,0,0,0,0,1.20024e-12,0,0,0,0,0,0,0,0,0,0.905991,2.84397e-09,0,-1.20024e-12,1.20024e-12,0,0,0,1.20024e-12,0,0,0,0,0,0,0,0,0,2.84397e-09,0.905991,
3.90313e-12,0.00697417,-0.0117389,-0.00194258,0.0022057,-0.000108964,1.12446e-05,0,0,0.32526,-0.00704925,0.25845,0.00214309,-0.0324164,-0.00284696,-0.000863593,0,0,-1.38778e-11,0.0722599,-0.004322,0.0498216,0.00279615,0.000862243,-2.78217e-05,0,0,-0.00703871,0.615742,-0.000202933,-0.0691583,0.00313091,-0.025574,-0.000342718,0,0,-1.30104e-11,-0.00458859,0.0269157,-0.00243447,-0.000973225,-0.000214564,3.36281e-06,0,0,0.258599,-0.000168103,0.319635,-0.00248585,-0.0301153,-0.000727661,-0.000803654,0,0,6.93889e-12,0.0657682,0.000392151,-0.043765,-0.00364205,0.00333156,-0.000105337,0,0,0.00216854,-0.0697487,-0.00246358,0.615492,0.0179081,0.0541544,-0.00224935,0,0,-1.73472e-11,0.0289748,-0.00957518,-0.040601,0.027929,-0.000754568,0.000116421,0,0,-0.323691,0.0310622,-0.300987,0.179207,0.30534,-0.0339996,0.0407774,0,0,-4.16334e-11,0.0387169,-0.00582588,0.0427096,0.0104005,-0.0777574,0.00242873,0,0,-0.0285341,-0.255769,-0.00735237,0.541331,-0.0339499,0.396547,-0.00439314,0,0,0,-0.00311338,0.0015545,0.00403505,-0.0017487,0.0032553,-4.36928e-05,0,0,-0.00863798,-0.00340876,-0.00805591,-0.0225255,0.0407974,-0.00439899,0.0650097,0,0,0,0,0,0,0,0,0,1.14023e-10,0,0,0,0,0,0,0,0,0.905991,2.69784e-09,0,0,0,0,0,0,0,0,0,0,0,0,0,0,0,0,2.69844e-09,0.905991,
-4.33681e-13,0.00697406,-0.0117523,-0.00194066,0.00220713,-0.000108977,1.1281e-05,0,0,0.325319,-0.00705646,0.258392,0.0021502,-0.0324082,-0.00285131,-0.000864604,0,0,-1.38778e-11,0.072272,-0.00432308,0.0498044,0.00279565,0.000862527,-2.78395e-05,0,0,-0.00704597,0.615749,-0.000203379,-0.0691635,0.00313069,-0.0255694,-0.000342834,0,0,8.67362e-13,-0.00459088,0.0269516,-0.00243143,-0.000974384,-0.000214922,3.36371e-06,0,0,0.258542,-0.000168464,0.31969,-0.00248719,-0.0301111,-0.000729018,-0.000803984,0,0,0,0.0657539,0.000394269,-0.0437497,-0.00364237,0.00333134,-0.000105359,0,0,0.00217546,-0.0697541,-0.00246514,0.615488,0.0179085,0.054158,-0.00224914,0,0,0,0.0289728,-0.0095825,-0.0405953,0.0279502,-0.000750322,0.000116674,0,0,-0.323608,0.0310598,-0.300945,0.179212,0.30532,-0.0340074,0.0407755,0,0,3.46945e-11,0.0387259,-0.00583207,0.0426843,0.0104045,-0.0777425,0.00242876,0,0,-0.0285771,-0.255722,-0.00736549,0.541367,-0.0339578,0.396544,-0.00439351,0,0,0,-0.003114,0.00155607,0.00403586,-0.00174952,0.00325523,-4.37894e-05,0,0,-0.00864811,-0.00340987,-0.00805928,-0.0225234,0.0407955,-0.00439937,0.0650101,0,0,0,-1.20024e-12,0,-1.20024e-12,-1.20024e-12,0,0,0,0,0,0,0,0,0,0,0,0.905991,2.60722e-09,0,-1.20024e-12,0,-1.20024e-12,-1.20024e-12,0,0,0,0,0,0,0,0,0,0,0,2.60692e-09,0.905991,
4.77049e-12,0.00697394,-0.0117657,-0.00193875,0.00220856,-0.000108988,1.13173e-05,0,0,0.325379,-0.00706365,0.258335,0.00215729,-0.0323999,-0.00285564,-0.000865617,0,0,-1.38778e-11,0.0722841,-0.00432415,0.0497872,0.00279514,0.00086281,-2.78572e-05,0,0,-0.00705323,0.615756,-0.000203817,-0.0691686,0.00313046,-0.0255647,-0.00034295,0,0,-1.21431e-11,-0.00459316,0.0269876,-0.0024284,-0.00097554,-0.000215277,3.36457e-06,0,0,0.258485,-0.000168818,0.319744,-0.00248854,-0.030107,-0.000730362,-0.000804314,0,0,4.33681e-12,0.0657397,0.000396385,-0.0437345,-0.0036427,0.00333113,-0.000105381,0,0,0.00218236,-0.0697596,-0.00246671,0.615485,0.017909,0.0541615,-0.00224893,0,0,3.46945e-12,0.0289708,-0.00958977,-0.0405896,0.0279713,-0.000746085,0.000116928,0,0,-0.323525,0.0310574,-0.300903,0.179217,0.3053,-0.0340153,0.0407735,0,0,-4.85723e-11,0.0387349,-0.00583825,0.042659,0.0104085,-0.0777275,0.00242879,0,0,-0.0286198,-0.255676,-0.00737848,0.541403,-0.0339657,0.396542,-0.00439388,0,0,-3.46945e-12,-0.00311462,0.00155764,0.00403667,-0.00175034,0.00325516,-4.38854e-05,0,0,-0.00865826,-0.00341098,-0.00806264,-0.0225213,0.0407936,-0.00439976,0.0650104,0,0,0,0,0,1.20024e-12,-1.20024e-12,0,0,0,0,0,0,0,0,0,0,0,0.905991,2.55831e-09,0,0,0,-1.20024e-12,1.20024e-12,0,0,0,0,0,0,0,0,0,0,0,2.55711e-09,0.905991,
-4.33681e-13,0.00697382,-0.011779,-0.00193683,0.00220999,-0.000108999,1.13535e-05,0,0,0.325439,-0.00707083,0.258278,0.00216436,-0.0323916,-0.00285995,-0.000866631,0,0,0,0.0722961,-0.00432522,0.04977,0.00279464,0.000863094,-2.78749e-05,0,0,-0.00706047,0.615763,-0.000204248,-0.0691738,0.00313024,-0.02556,-0.000343067,0,0,0,-0.00459542,0.0270235,-0.00242538,-0.000976691,-0.000215631,3.36537e-06,0,0,0.258428,-0.000169163,0.319799,-0.0024899,-0.0301028,-0.000731693,-0.000804643,0,0,8.67362e-12,0.0657254,0.0003985,-0.0437192,-0.00364302,0.00333091,-0.000105403,0,0,0.00218923,-0.0697651,-0.00246829,0.615481,0.0179094,0.0541651,-0.00224872,0,0,-8.67362e-12,0.0289688,-0.009597,-0.0405839,0.0279924,-0.000741858,0.000117182,0,0,-0.323441,0.0310549,-0.30086,0.179222,0.30528,-0.0340231,0.0407716,0,0,-3.46945e-11,0.0387439,-0.00584441,0.0426336,0.0104125,-0.0777125,0.00242882,0,0,-0.0286623,-0.255629,-0.00739135,0.541439,-0.0339736,0.396539,-0.00439425,0,0,0,-0.00311524,0.00155921,0.00403749,-0.00175115,0.00325509,-4.39806e-05,0,0,-0.00866842,-0.00341209,-0.00806599,-0.0225193,0.0407916,-0.00440014,0.0650107,0,0,0,0,0,0,0,0,-1.20024e-12,-1.20024e-12,0,0,0,0,0,0,0,0,0.905991,2.53851e-09,0,0,0,0,0,0,0,0,0,0,0,0,0,0,0,0,2.53881e-09,0.905991,
2.60209e-12,0.00697369,-0.0117924,-0.00193492,0.0022114,-0.000109008,1.13898e-05,0,0,0.325499,-0.00707799,0.258221,0.0021714,-0.0323832,-0.00286424,-0.000867646,0,0,0,0.0723082,-0.00432628,0.0497527,0.00279414,0.000863376,-2.78926e-05,0,0,-0.0070677,0.61577,-0.000204672,-0.0691791,0.00313002,-0.0255554,-0.000343184,0,0,-6.07153e-12,-0.00459767,0.0270595,-0.00242236,-0.000977838,-0.000215982,3.36611e-06,0,0,0.258371,-0.000169502,0.319855,-0.00249127,-0.0300986,-0.000733011,-0.000804972,0,0,-1.38778e-11,0.0657111,0.000400612,-0.0437039,-0.00364335,0.00333069,-0.000105425,0,0,0.00219608,-0.0697706,-0.00246988,0.615477,0.0179099,0.0541687,-0.00224851,0,0,1.21431e-11,0.0289668,-0.00960418,-0.0405783,0.0280135,-0.00073764,0.000117436,0,0,-0.323357,0.0310525,-0.300818,0.179228,0.305261,-0.034031,0.0407696,0,0,1.38778e-11,0.038753,-0.00585055,0.0426082,0.0104164,-0.0776975,0.00242885,0,0,-0.0287046,-0.255582,-0.0074041,0.541475,-0.0339815,0.396536,-0.00439461,0,0,0,-0.00311585,0.00156077,0.00403831,-0.00175196,0.00325502,-4.40751e-05,0,0,-0.00867859,-0.00341321,-0.00806934,-0.0225172,0.0407897,-0.00440052,0.065011,0,0,0,0,0,0,0,0,0,0,0,0,0,0,0,0,0,0,0.905991,2.54811e-09,0,0,0,0,0,0,0,0,0,0,0,0,0,0,0,0,2.54871e-09,0.905991,
4.77049e-12,0.00697355,-0.0118058,-0.00193302,0.00221282,-0.000109016,1.14259e-05,0,0,0.325559,-0.00708514,0.258164,0.00217842,-0.0323748,-0.0028685,-0.000868663,0,0,-6.93889e-12,0.0723202,-0.00432733,0.0497353,0.00279363,0.000863658,-2.79103e-05,0,0,-0.00707491,0.615777,-0.000205089,-0.0691843,0.00312979,-0.0255507,-0.000343301,0,0,-1.04083e-11,-0.00459991,0.0270954,-0.00241934,-0.000978982,-0.000216331,3.36681e-06,0,0,0.258314,-0.000169833,0.31991,-0.00249265,-0.0300944,-0.000734316,-0.0008053,0,0,-4.33681e-12,0.0656969,0.000402723,-0.0436886,-0.00364367,0.00333047,-0.000105447,0,0,0.0022029,-0.0697762,-0.00247149,0.615474,0.0179105,0.0541723,-0.0022483,0,0,1.38778e-11,0.0289648,-0.00961132,-0.0405727,0.0280346,-0.000733431,0.000117691,0,0,-0.323272,0.03105,-0.300775,0.179233,0.305241,-0.0340389,0.0407677,0,0,2.08167e-11,0.0387621,-0.00585667,0.0425828,0.0104204,-0.0776825,0.00242887,0,0,-0.0287466,-0.255536,-0.00741672,0.541512,-0.0339895,0.396533,-0.00439498,0,0,0,-0.00311647,0.00156233,0.00403914,-0.00175277,0.00325495,-4.41689e-05,0,0,-0.00868878,-0.00341434,-0.00807269,-0.0225151,0.0407878,-0.0044009,0.0650114,0,0,0,-1.20024e-12,-1.20024e-12,0,0,1.20024e-12,0,0,0,0,0,0,0,0,0,0,0.905991,2.58202e-09,0,-2.40048e-12,-2.40048e-12,0,0,2.40048e-12,0,0,0,0,0,0,0,0,0,0,2.58262e-09,0.905991,
-1.73472e-12,0.00697341,-0.0118191,-0.00193111,0.00221422,-0.000109024,1.14621e-05,0,0,0.32562,-0.00709227,0.258107,0.00218541,-0.0323663,-0.00287274,-0.000869681,0,0,-1.38778e-11,0.0723322,-0.00432837,0.049718,0.00279313,0.00086394,-2.79279e-05,0,0,-0.00708211,0.615784,-0.000205499,-0.0691896,0.00312957,-0.025546,-0.00034342,0,0,1.73472e-12,-0.00460213,0.0271313,-0.00241634,-0.000980122,-0.000216679,3.36744e-06,0,0,0.258258,-0.000170157,0.319966,-0.00249404,-0.0300901,-0.000735609,-0.000805628,0,0,8.67362e-13,0.0656825,0.000404832,-0.0436732,-0.003644,0.00333025,-0.000105469,0,0,0.0022097,-0.0697818,-0.0024731,0.61547,0.017911,0.0541759,-0.00224809,0,0,-1.21431e-11,0.0289628,-0.00961842,-0.040567,0.0280557,-0.000729232,0.000117946,0,0,-0.323187,0.0310476,-0.300732,0.179239,0.305221,-0.0340468,0.0407657,0,0,-4.85723e-11,0.0387711,-0.00586277,0.0425572,0.0104243,-0.0776675,0.0024289,0,0,-0.0287885,-0.255489,-0.00742922,0.541548,-0.0339974,0.39653,-0.00439534,0,0,0,-0.00311709,0.00156388,0.00403996,-0.00175357,0.00325488,-4.4262e-05,0,0,-0.00869898,-0.00341547,-0.00807603,-0.0225131,0.0407859,-0.00440128,0.0650117,0,0,0,1.20024e-12,0,0,1.20024e-12,0,-1.20024e-12,0,0,0,0,0,0,0,0,0,0.905991,2.64113e-09,0,-2.40048e-12,0,0,-2.40048e-12,0,2.40048e-12,0,0,0,0,0,0,0,0,0,2.64143e-09,0.905991,
1.30104e-12,0.00697326,-0.0118325,-0.00192921,0.00221562,-0.00010903,1.14981e-05,0,0,0.325681,-0.00709939,0.25805,0.00219238,-0.0323578,-0.00287696,-0.000870701,0,0,-6.93889e-12,0.0723442,-0.0043294,0.0497006,0.00279262,0.000864222,-2.79456e-05,0,0,-0.00708929,0.615791,-0.000205902,-0.0691949,0.00312935,-0.0255413,-0.000343538,0,0,-1.73472e-12,-0.00460435,0.0271673,-0.00241334,-0.000981258,-0.000217024,3.36803e-06,0,0,0.258201,-0.000170474,0.320021,-0.00249544,-0.0300859,-0.000736889,-0.000805955,0,0,-3.46945e-12,0.0656682,0.000406939,-0.0436578,-0.00364433,0.00333004,-0.000105491,0,0,0.00221648,-0.0697874,-0.00247473,0.615466,0.0179116,0.0541795,-0.00224789,0,0,5.20417e-12,0.0289608,-0.00962547,-0.0405614,0.0280767,-0.000725041,0.000118201,0,0,-0.323101,0.0310452,-0.300689,0.179245,0.305201,-0.0340547,0.0407637,0,0,6.245e-11,0.0387802,-0.00586886,0.0425316,0.0104283,-0.0776525,0.00242893,0,0,-0.0288301,-0.255442,-0.0074416,0.541584,-0.0340054,0.396527,-0.00439571,0,0,3.46945e-12,-0.0031177,0.00156543,0.00404079,-0.00175437,0.00325482,-4.43545e-05,0,0,-0.00870919,-0.00341661,-0.00807937,-0.022511,0.0407839,-0.00440166,0.065012,0,0,0,0,0,0,0,0,0,0,0,0,0,0,0,0,0,0,0.905991,2.72605e-09,0,-1.20024e-12,-1.20024e-12,0,0,-1.20024e-12,0,0,0,0,0,0,0,0,0,0,2.72575e-09,0.905991,
1.30104e-12,0.0069731,-0.0118459,-0.00192731,0.00221701,-0.000109035,1.15342e-05,0,0,0.325742,-0.0071065,0.257993,0.00219932,-0.0323493,-0.00288116,-0.000871721,0,0,6.93889e-12,0.0723563,-0.00433043,0.0496831,0.00279212,0.000864502,-2.79632e-05,0,0,-0.00709646,0.615798,-0.000206298,-0.0692003,0.00312912,-0.0255366,-0.000343657,0,0,-4.33681e-12,-0.00460655,0.0272032,-0.00241034,-0.00098239,-0.000217368,3.36857e-06,0,0,0.258144,-0.000170784,0.320077,-0.00249686,-0.0300816,-0.000738156,-0.000806283,0,0,-6.07153e-12,0.0656539,0.000409044,-0.0436424,-0.00364467,0.00332982,-0.000105513,0,0,0.00222323,-0.069793,-0.00247636,0.615462,0.0179122,0.0541831,-0.00224768,0,0,-1.21431e-11,0.0289588,-0.00963247,-0.0405558,0.0280977,-0.000720859,0.000118456,0,0,-0.323015,0.0310427,-0.300646,0.179252,0.305182,-0.0340627,0.0407617,0,0,-2.77556e-11,0.0387894,-0.00587494,0.042506,0.0104322,-0.0776375,0.00242896,0,0,-0.0288715,-0.255395,-0.00745386,0.54162,-0.0340134,0.396524,-0.00439607,0,0,0,-0.00311832,0.00156698,0.00404162,-0.00175517,0.00325475,-4.44462e-05,0,0,-0.00871941,-0.00341775,-0.0080827,-0.022509,0.040782,-0.00440204,0.0650123,0,0,0,0,0,0,0,0,0,0,0,0,0,0,0,0,0,0,0.905991,2.84067e-09,0,0,0,0,0,0,0,0,0,0,0,0,0,0,0,0,2.84067e-09,0.905991,
1.30104e-12,0.00697293,-0.0118592,-0.00192541,0.0022184,-0.00010904,1.15702e-05,0,0,0.325803,-0.0071136,0.257936,0.00220624,-0.0323407,-0.00288533,-0.000872744,0,0,6.93889e-12,0.0723683,-0.00433145,0.0496656,0.00279161,0.000864783,-2.79809e-05,0,0,-0.00710361,0.615806,-0.000206687,-0.0692057,0.0031289,-0.0255319,-0.000343777,0,0,-1.73472e-12,-0.00460873,0.0272391,-0.00240736,-0.000983518,-0.000217709,3.36905e-06,0,0,0.258088,-0.000171086,0.320133,-0.00249828,-0.0300773,-0.000739411,-0.00080661,0,0,-8.67362e-13,0.0656395,0.000411147,-0.043627,-0.003645,0.0033296,-0.000105535,0,0,0.00222996,-0.0697987,-0.00247801,0.615458,0.0179128,0.0541867,-0.00224747,0,0,8.67362e-12,0.0289568,-0.00963944,-0.0405502,0.0281187,-0.000716687,0.000118712,0,0,-0.322928,0.0310403,-0.300603,0.179258,0.305162,-0.0340706,0.0407598,0,0,-6.93889e-12,0.0387985,-0.00588099,0.0424803,0.0104361,-0.0776224,0.00242899,0,0,-0.0289127,-0.255348,-0.007466,0.541656,-0.0340214,0.396522,-0.00439644,0,0,-3.46945e-12,-0.00311893,0.00156852,0.00404245,-0.00175597,0.00325469,-4.45372e-05,0,0,-0.00872965,-0.0034189,-0.00808603,-0.022507,0.04078,-0.00440242,0.0650127,0,0,0,0,-1.20024e-12,0,0,0,0,1.15223e-10,0,0,0,0,0,0,0,0,0.905991,2.9916e-09,0,0,-3.60072e-12,0,0,0,0,2.40048e-12,0,0,0,0,0,0,0,0,2.9907e-09,0.905991,
-8.67362e-13,0.00697276,-0.0118725,-0.00192352,0.00221978,-0.000109043,1.16062e-05,0,0,0.325864,-0.00712068,0.25788,0.00221314,-0.032332,-0.00288949,-0.000873767,0,0,2.08167e-11,0.0723803,-0.00433246,0.0496481,0.0027911,0.000865063,-2.79985e-05,0,0,-0.00711076,0.615813,-0.00020707,-0.0692111,0.00312868,-0.0255272,-0.000343897,0,0,8.67362e-13,-0.00461091,0.027275,-0.00240438,-0.000984643,-0.000218049,3.36948e-06,0,0,0.258031,-0.000171382,0.32019,-0.00249972,-0.030073,-0.000740655,-0.000806936,0,0,8.67362e-13,0.0656251,0.000413249,-0.0436116,-0.00364534,0.00332938,-0.000105557,0,0,0.00223667,-0.0698045,-0.00247966,0.615455,0.0179134,0.0541904,-0.00224727,0,0,-1.9082e-11,0.0289548,-0.00964635,-0.0405446,0.0281396,-0.000712522,0.000118967,0,0,-0.322841,0.0310378,-0.300559,0.179265,0.305142,-0.0340786,0.0407578,0,0,2.08167e-11,0.0388077,-0.00588703,0.0424545,0.01044,-0.0776074,0.00242902,0,0,-0.0289537,-0.255301,-0.00747803,0.541693,-0.0340294,0.396519,-0.0043968,0,0,0,-0.00311955,0.00157006,0.00404328,-0.00175677,0.00325462,-4.46276e-05,0,0,-0.00873991,-0.00342005,-0.00808936,-0.022505,0.0407781,-0.00440279,0.065013,0,0,0,0,0,-2.40048e-12,2.40048e-12,0,0,0,0,0,0,0,0,0,0,0,0.905991,3.18634e-09,0,0,0,0,0,0,0,0,0,0,0,0,0,0,0,0,3.18724e-09,0.905991,
0,0.00697258,-0.0118859,-0.00192163,0.00222115,-0.000109046,1.16421e-05,0,0,0.325926,-0.00712774,0.257823,0.00222001,-0.0323233,-0.00289362,-0.000874792,0,0,0,0.0723923,-0.00433346,0.0496306,0.00279059,0.000865343,-2.80161e-05,0,0,-0.00711789,0.615821,-0.000207446,-0.0692166,0.00312845,-0.0255225,-0.000344018,0,0,5.20417e-12,-0.00461307,0.0273109,-0.0024014,-0.000985764,-0.000218387,3.36986e-06,0,0,0.257975,-0.000171671,0.320246,-0.00250116,-0.0300687,-0.000741886,-0.000807262,0,0,-1.04083e-11,0.0656107,0.000415349,-0.0435961,-0.00364567,0.00332917,-0.000105579,0,0,0.00224335,-0.0698102,-0.00248133,0.615451,0.0179141,0.054194,-0.00224706,0,0,2.94903e-11,0.0289528,-0.00965323,-0.0405391,0.0281606,-0.000708367,0.000119223,0,0,-0.322753,0.0310354,-0.300515,0.179272,0.305123,-0.0340865,0.0407558,0,0,3.46945e-11,0.0388169,-0.00589305,0.0424287,0.0104439,-0.0775924,0.00242905,0,0,-0.0289945,-0.255254,-0.00748994,0.541729,-0.0340374,0.396516,-0.00439716,0,0,0,-0.00312016,0.0015716,0.00404412,-0.00175756,0.00325456,-4.47173e-05,0,0,-0.00875017,-0.00342121,-0.00809268,-0.0225029,0.0407761,-0.00440317,0.0650133,0,0,0,0,1.20024e-12,1.20024e-12,-1.20024e-12,-1.20024e-12,0,0,0,0,0,0,0,0,0,0,0.905991,3.44319e-09,0,0,0,0,0,0,0,0,0,0,0,0,0,0,0,0,3.44379e-09,0.905991,
1.30104e-12,0.00697239,-0.0118992,-0.00191974,0.00222252,-0.000109047,1.1678e-05,0,0,0.325988,-0.0071348,0.257767,0.00222686,-0.0323145,-0.00289773,-0.000875818,0,0,-6.93889e-12,0.0724043,-0.00433446,0.049613,0.00279008,0.000865622,-2.80337e-05,0,0,-0.007125,0.615829,-0.000207816,-0.0692221,0.00312823,-0.0255177,-0.000344139,0,0,-3.46945e-12,-0.00461522,0.0273468,-0.00239843,-0.000986881,-0.000218723,3.37019e-06,0,0,0.257919,-0.000171953,0.320303,-0.00250262,-0.0300644,-0.000743105,-0.000807588,0,0,6.07153e-12,0.0655963,0.000417446,-0.0435806,-0.00364601,0.00332895,-0.000105601,0,0,0.00225001,-0.069816,-0.002483,0.615447,0.0179147,0.0541976,-0.00224686,0,0,-5.20417e-12,0.0289508,-0.00966006,-0.0405335,0.0281815,-0.00070422,0.00011948,0,0,-0.322665,0.0310329,-0.300471,0.179279,0.305103,-0.0340945,0.0407537,0,0,2.08167e-11,0.0388261,-0.00589905,0.0424028,0.0104478,-0.0775773,0.00242908,0,0,-0.0290351,-0.255206,-0.00750174,0.541766,-0.0340454,0.396513,-0.00439753,0,0,0,-0.00312078,0.00157313,0.00404495,-0.00175835,0.0032545,-4.48064e-05,0,0,-0.00876045,-0.00342237,-0.008096,-0.0225009,0.0407741,-0.00440355,0.0650137,0,0,0,-1.20024e-12,0,-1.20024e-12,-1.20024e-12,0,1.20024e-12,0,0,0,0,0,0,0,0,0,0.905991,3.78676e-09,0,1.20024e-12,0,1.20024e-12,1.20024e-12,0,-1.20024e-12,0,0,0,0,0,0,0,0,0,3.78766e-09,0.905991,
-7.80626e-12,0.0069722,-0.0119125,-0.00191785,0.00222388,-0.000109048,1.17138e-05,0,0,0.32605,-0.00714184,0.25771,0.00223369,-0.0323057,-0.00290182,-0.000876846,0,0,-1.38778e-11,0.0724162,-0.00433545,0.0495953,0.00278957,0.000865901,-2.80513e-05,0,0,-0.0071321,0.615837,-0.000208178,-0.0692276,0.003128,-0.025513,-0.000344261,0,0,1.99493e-11,-0.00461736,0.0273827,-0.00239547,-0.000987994,-0.000219057,3.37047e-06,0,0,0.257863,-0.000172228,0.32036,-0.00250409,-0.03006,-0.000744313,-0.000807913,0,0,-3.46945e-12,0.0655819,0.000419543,-0.0435651,-0.00364635,0.00332874,-0.000105623,0,0,0.00225665,-0.0698218,-0.00248469,0.615443,0.0179154,0.0542012,-0.00224665,0,0,1.38778e-11,0.0289488,-0.00966684,-0.040528,0.0282024,-0.000700082,0.000119736,0,0,-0.322576,0.0310305,-0.300427,0.179287,0.305084,-0.0341025,0.0407517,0,0,-3.46945e-11,0.0388353,-0.00590504,0.0423769,0.0104517,-0.0775622,0.00242911,0,0,-0.0290755,-0.255159,-0.00751343,0.541802,-0.0340534,0.39651,-0.00439789,0,0,0,-0.00312139,0.00157465,0.00404579,-0.00175914,0.00325444,-4.48948e-05,0,0,-0.00877075,-0.00342354,-0.00809931,-0.0224989,0.0407721,-0.00440392,0.065014,0,0,0,0,0,0,0,0,0,0,0,0,0,0,0,0,0,0,0.905991,-4.26356e-09,0,0,0,0,0,0,0,0,0,0,0,0,0,0,0,0,-4.26386e-09,0.905991,
5.63785e-12,0.00697199,-0.0119258,-0.00191596,0.00222524,-0.000109048,1.17497e-05,0,0,0.326112,-0.00714887,0.257654,0.00224049,-0.0322969,-0.00290589,-0.000877875,0,0,1.38778e-11,0.0724282,-0.00433643,0.0495776,0.00278906,0.00086618,-2.80689e-05,0,0,-0.00713919,0.615844,-0.000208535,-0.0692332,0.00312778,-0.0255082,-0.000344383,0,0,-1.21431e-11,-0.00461949,0.0274186,-0.00239251,-0.000989104,-0.000219389,3.37069e-06,0,0,0.257806,-0.000172497,0.320417,-0.00250556,-0.0300557,-0.000745509,-0.000808238,0,0,-1.04083e-11,0.0655674,0.000421637,-0.0435495,-0.00364669,0.00332852,-0.000105645,0,0,0.00226327,-0.0698277,-0.00248638,0.615439,0.0179162,0.0542049,-0.00224645,0,0,5.20417e-12,0.0289468,-0.00967358,-0.0405224,0.0282232,-0.000695952,0.000119993,0,0,-0.322487,0.031028,-0.300383,0.179294,0.305064,-0.0341105,0.0407497,0,0,5.55112e-11,0.0388445,-0.00591101,0.0423509,0.0104556,-0.0775472,0.00242914,0,0,-0.0291157,-0.255112,-0.007525,0.541839,-0.0340615,0.396507,-0.00439825,0,0,0,-0.003122,0.00157618,0.00404663,-0.00175992,0.00325438,-4.49825e-05,0,0,-0.00878106,-0.00342471,-0.00810262,-0.0224969,0.0407701,-0.0044043,0.0650143,0,0,0,0,-2.40048e-12,0,0,2.40048e-12,0,5.76116e-11,0,0,0,0,0,0,0,0,0.905991,-4.65934e-09,0,0,-1.20024e-12,0,0,1.20024e-12,0,0,0,0,0,0,0,0,0,0,-4.65904e-09,0.905991,
2.60209e-12,0.00697179,-0.0119392,-0.00191408,0.00222659,-0.000109047,1.17854e-05,0,0,0.326174,-0.00715589,0.257598,0.00224727,-0.032288,-0.00290994,-0.000878906,0,0,-1.38778e-11,0.0724402,-0.00433741,0.0495599,0.00278855,0.000866458,-2.80864e-05,0,0,-0.00714627,0.615852,-0.000208885,-0.0692387,0.00312756,-0.0255035,-0.000344506,0,0,-2.60209e-12,-0.0046216,0.0274545,-0.00238956,-0.000990209,-0.00021972,3.37087e-06,0,0,0.25775,-0.00017276,0.320474,-0.00250705,-0.0300513,-0.000746694,-0.000808563,0,0,0,0.065553,0.000423729,-0.043534,-0.00364703,0.0033283,-0.000105668,0,0,0.00226986,-0.0698335,-0.00248809,0.615435,0.0179169,0.0542085,-0.00224625,0,0,2.60209e-11,0.0289448,-0.00968027,-0.0405169,0.028244,-0.00069183,0.00012025,0,0,-0.322398,0.0310256,-0.300339,0.179302,0.305045,-0.0341185,0.0407477,0,0,-1.38778e-11,0.0388538,-0.00591697,0.0423248,0.0104595,-0.0775321,0.00242917,0,0,-0.0291557,-0.255064,-0.00753647,0.541875,-0.0340695,0.396504,-0.00439861,0,0,0,-0.00312262,0.0015777,0.00404747,-0.0017607,0.00325432,-4.50696e-05,0,0,-0.00879138,-0.00342589,-0.00810593,-0.0224949,0.0407681,-0.00440467,0.0650147,0,0,0,-1.20024e-12,-1.20024e-12,0,-1.20024e-12,-1.20024e-12,0,5.64113e-11,0,0,0,0,0,0,0,0,0.905991,-4.90539e-09,0,1.20024e-12,1.20024e-12,0,1.20024e-12,1.20024e-12,0,0,0,0,0,0,0,0,0,0,-4.90479e-09,0.905991,
-2.60209e-12,0.00697157,-0.0119525,-0.0019122,0.00222793,-0.000109045,1.18212e-05,0,0,0.326237,-0.00716289,0.257542,0.00225403,-0.032279,-0.00291397,-0.000879938,0,0,-2.08167e-11,0.0724521,-0.00433837,0.0495422,0.00278803,0.000866736,-2.8104e-05,0,0,-0.00715333,0.61586,-0.000209229,-0.0692444,0.00312733,-0.0254987,-0.000344629,0,0,7.80626e-12,-0.0046237,0.0274904,-0.00238662,-0.000991312,-0.000220048,3.371e-06,0,0,0.257694,-0.000173015,0.320531,-0.00250854,-0.0300469,-0.000747867,-0.000808887,0,0,2.60209e-12,0.0655385,0.00042582,-0.0435184,-0.00364737,0.00332809,-0.00010569,0,0,0.00227643,-0.0698394,-0.0024898,0.615431,0.0179176,0.0542122,-0.00224605,0,0,8.67362e-12,0.0289428,-0.00968693,-0.0405114,0.0282649,-0.000687716,0.000120508,0,0,-0.322307,0.0310231,-0.300294,0.17931,0.305025,-0.0341266,0.0407456,0,0,-2.08167e-11,0.0388631,-0.00592291,0.0422987,0.0104634,-0.077517,0.0024292,0,0,-0.0291955,-0.255016,-0.00754783,0.541912,-0.0340776,0.396501,-0.00439897,0,0,0,-0.00312323,0.00157921,0.00404832,-0.00176148,0.00325426,-4.5156e-05,0,0,-0.00880172,-0.00342708,-0.00810923,-0.0224929,0.0407661,-0.00440504,0.065015,0,0,0,-1.20024e-12,1.20024e-12,0,-1.20024e-12,1.20024e-12,-1.20024e-12,0,0,0,0,0,0,0,0,0,0.905991,-4.9579e-09,0,-1.20024e-12,1.20024e-12,0,-1.20024e-12,1.20024e-12,-1.20024e-12,0,0,0,0,0,0,0,0,0,-4.9585e-09,0.905991,
6.50521e-12,0.00697135,-0.0119658,-0.00191032,0.00222927,-0.000109042,1.18569e-05,0,0,0.3263,-0.00716988,0.257485,0.00226076,-0.03227,-0.00291798,-0.000880972,0,0,0,0.0724641,-0.00433933,0.0495244,0.00278752,0.000867014,-2.81215e-05,0,0,-0.00716038,0.615869,-0.000209567,-0.06925,0.00312711,-0.0254939,-0.000344753,0,0,-1.56125e-11,-0.0046258,0.0275263,-0.00238368,-0.00099241,-0.000220375,3.37108e-06,0,0,0.257638,-0.000173265,0.320589,-0.00251005,-0.0300425,-0.000749029,-0.000809211,0,0,-8.67362e-13,0.065524,0.000427909,-0.0435028,-0.00364771,0.00332787,-0.000105712,0,0,0.00228298,-0.0698454,-0.00249152,0.615426,0.0179184,0.0542158,-0.00224585,0,0,0,0.0289408,-0.00969353,-0.0405059,0.0282856,-0.000683611,0.000120766,0,0,-0.322217,0.0310207,-0.30025,0.179318,0.305006,-0.0341346,0.0407436,0,0,1.38778e-11,0.0388724,-0.00592883,0.0422725,0.0104672,-0.0775019,0.00242923,0,0,-0.0292351,-0.254969,-0.00755907,0.541949,-0.0340857,0.396498,-0.00439933,0,0,-3.46945e-12,-0.00312384,0.00158073,0.00404917,-0.00176226,0.0032542,-4.52419e-05,0,0,-0.00881207,-0.00342827,-0.00811253,-0.022491,0.0407641,-0.00440542,0.0650153,0,0,0,0,0,0,0,0,0,0,0,0,0,0,0,0,0,0,0.905991,-4.82497e-09,0,0,1.20024e-12,0,0,0,0,0,0,0,0,0,0,0,0,0,-4.82467e-09,0.905991,
-4.77049e-12,0.00697111,-0.0119791,-0.00190845,0.0022306,-0.000109038,1.18925e-05,0,0,0.326363,-0.00717686,0.257429,0.00226747,-0.032261,-0.00292196,-0.000882007,0,0,-6.93889e-12,0.072476,-0.00434028,0.0495066,0.00278701,0.000867291,-2.8139e-05,0,0,-0.00716742,0.615877,-0.000209898,-0.0692557,0.00312688,-0.0254891,-0.000344877,0,0,1.04083e-11,-0.00462787,0.0275622,-0.00238074,-0.000993504,-0.0002207,3.37111e-06,0,0,0.257583,-0.000173508,0.320647,-0.00251157,-0.030038,-0.00075018,-0.000809535,0,0,1.9082e-11,0.0655095,0.000429996,-0.0434871,-0.00364806,0.00332766,-0.000105734,0,0,0.00228951,-0.0698514,-0.00249326,0.615422,0.0179192,0.0542195,-0.00224565,0,0,-4.33681e-12,0.0289388,-0.00970009,-0.0405004,0.0283064,-0.000679514,0.000121024,0,0,-0.322126,0.0310182,-0.300205,0.179327,0.304986,-0.0341427,0.0407415,0,0,-4.85723e-11,0.0388817,-0.00593474,0.0422462,0.0104711,-0.0774868,0.00242926,0,0,-0.0292745,-0.254921,-0.00757022,0.541985,-0.0340938,0.396495,-0.00439969,0,0,3.46945e-12,-0.00312445,0.00158224,0.00405001,-0.00176303,0.00325414,-4.5327e-05,0,0,-0.00882243,-0.00342946,-0.00811582,-0.022489,0.0407621,-0.00440579,0.0650157,0,0,0,0,0,0,0,0,0,0,0,0,0,0,0,0,0,0,0.905991,-4.55341e-09,0,0,-1.20024e-12,-1.20024e-12,0,0,0,0,0,0,0,0,0,0,0,0,-4.55371e-09,0.905991,
2.1684e-12,0.00697088,-0.0119923,-0.00190657,0.00223192,-0.000109033,1.19282e-05,0,0,0.326426,-0.00718383,0.257373,0.00227416,-0.0322519,-0.00292593,-0.000883043,0,0,-6.93889e-12,0.072488,-0.00434123,0.0494887,0.00278649,0.000867568,-2.81566e-05,0,0,-0.00717444,0.615885,-0.000210224,-0.0692614,0.00312666,-0.0254843,-0.000345001,0,0,-6.07153e-12,-0.00462994,0.027598,-0.00237782,-0.000994595,-0.000221024,3.37109e-06,0,0,0.257527,-0.000173744,0.320705,-0.00251309,-0.0300336,-0.00075132,-0.000809858,0,0,1.04083e-11,0.0654949,0.000432082,-0.0434715,-0.0036484,0.00332744,-0.000105757,0,0,0.00229601,-0.0698574,-0.002495,0.615418,0.01792,0.0542231,-0.00224545,0,0,-5.20417e-12,0.0289368,-0.00970661,-0.0404949,0.0283271,-0.000675424,0.000121282,0,0,-0.322034,0.0310158,-0.30016,0.179335,0.304967,-0.0341508,0.0407395,0,0,-2.77556e-11,0.038891,-0.00594063,0.0422199,0.0104749,-0.0774717,0.00242929,0,0,-0.0293137,-0.254873,-0.00758125,0.542022,-0.0341019,0.396492,-0.00440005,0,0,0,-0.00312506,0.00158374,0.00405087,-0.0017638,0.00325409,-4.54116e-05,0,0,-0.00883281,-0.00343066,-0.00811912,-0.022487,0.0407601,-0.00440616,0.065016,0,0,0,0,0,0,0,0,0,0,0,0,0,0,0,0,0,0,0.905991,4.20805e-09,0,-1.20024e-12,0,0,1.20024e-12,0,-1.20024e-12,0,0,0,0,0,0,0,0,0,4.20835e-09,0.905991,
3.03577e-12,0.00697063,-0.0120056,-0.0019047,0.00223324,-0.000109028,1.19637e-05,0,0,0.32649,-0.00719078,0.257318,0.00228083,-0.0322428,-0.00292988,-0.000884081,0,0,-1.38778e-11,0.0724999,-0.00434217,0.0494708,0.00278597,0.000867845,-2.81741e-05,0,0,-0.00718145,0.615894,-0.000210543,-0.0692672,0.00312644,-0.0254795,-0.000345126,0,0,-6.07153e-12,-0.004632,0.0276339,-0.00237489,-0.000995683,-0.000221345,3.37102e-06,0,0,0.257471,-0.000173975,0.320763,-0.00251463,-0.0300291,-0.000752449,-0.000810181,0,0,-9.54098e-12,0.0654804,0.000434165,-0.0434558,-0.00364875,0.00332723,-0.000105779,0,0,0.0023025,-0.0698634,-0.00249675,0.615414,0.0179209,0.0542268,-0.00224525,0,0,6.93889e-12,0.0289348,-0.00971308,-0.0404894,0.0283478,-0.000671342,0.00012154,0,0,-0.321942,0.0310134,-0.300115,0.179344,0.304948,-0.0341588,0.0407374,0,0,7.63278e-11,0.0389004,-0.0059465,0.0421936,0.0104788,-0.0774566,0.00242932,0,0,-0.0293527,-0.254825,-0.00759219,0.542059,-0.03411,0.396489,-0.00440041,0,0,-3.46945e-12,-0.00312567,0.00158524,0.00405172,-0.00176457,0.00325403,-4.54955e-05,0,0,-0.00884321,-0.00343187,-0.0081224,-0.0224851,0.040758,-0.00440653,0.0650164,0,0,0,0,1.20024e-12,0,0,0,0,0,0,0,0,0,0,0,0,0,0.905991,4.03821e-09,0,0,-1.20024e-12,0,1.20024e-12,-1.20024e-12,0,0,0,0,0,0,0,0,0,0,4.03851e-09,0.905991,
2.1684e-12,0.00697038,-0.0120189,-0.00190283,0.00223455,-0.000109021,1.19993e-05,0,0,0.326554,-0.00719772,0.257262,0.00228748,-0.0322336,-0.00293381,-0.00088512,0,0,-2.08167e-11,0.0725118,-0.0043431,0.0494528,0.00278546,0.000868121,-2.81916e-05,0,0,-0.00718845,0.615902,-0.000210857,-0.0692729,0.00312621,-0.0254747,-0.000345252,0,0,-6.93889e-12,-0.00463404,0.0276698,-0.00237198,-0.000996766,-0.000221665,3.3709e-06,0,0,0.257416,-0.000174199,0.320821,-0.00251617,-0.0300246,-0.000753568,-0.000810504,0,0,-3.46945e-12,0.0654658,0.000436247,-0.0434401,-0.00364909,0.00332701,-0.000105801,0,0,0.00230896,-0.0698695,-0.00249851,0.61541,0.0179217,0.0542305,-0.00224505,0,0,-5.20417e-12,0.0289328,-0.00971951,-0.0404839,0.0283685,-0.000667269,0.000121799,0,0,-0.32185,0.0310109,-0.300069,0.179353,0.304928,-0.0341669,0.0407353,0,0,-1.38778e-11,0.0389098,-0.00595236,0.0421671,0.0104826,-0.0774415,0.00242936,0,0,-0.0293915,-0.254777,-0.00760302,0.542096,-0.0341181,0.396486,-0.00440077,0,0,0,-0.00312628,0.00158674,0.00405257,-0.00176534,0.00325398,-4.55788e-05,0,0,-0.00885361,-0.00343308,-0.00812569,-0.0224831,0.040756,-0.0044069,0.0650167,0,0,0,1.20024e-12,-1.20024e-12,0,0,0,0,0,0,0,0,0,0,0,0,0,0.905991,3.9887e-09,0,1.20024e-12,-1.20024e-12,0,0,0,0,0,0,0,0,0,0,0,0,0,3.9887e-09,0.905991,
-8.67362e-13,0.00697012,-0.0120322,-0.00190097,0.00223586,-0.000109014,1.20348e-05,0,0,0.326617,-0.00720465,0.257206,0.0022941,-0.0322243,-0.00293772,-0.000886161,0,0,6.93889e-12,0.0725238,-0.00434402,0.0494349,0.00278494,0.000868397,-2.8209e-05,0,0,-0.00719544,0.615911,-0.000211164,-0.0692787,0.00312599,-0.0254699,-0.000345378,0,0,8.67362e-13,-0.00463607,0.0277056,-0.00236906,-0.000997846,-0.000221984,3.37074e-06,0,0,0.25736,-0.000174418,0.320879,-0.00251773,-0.0300202,-0.000754676,-0.000810826,0,0,1.04083e-11,0.0654512,0.000438328,-0.0434243,-0.00364944,0.0033268,-0.000105824,0,0,0.0023154,-0.0698756,-0.00250028,0.615405,0.0179226,0.0542341,-0.00224485,0,0,-1.21431e-11,0.0289308,-0.00972589,-0.0404785,0.0283892,-0.000663203,0.000122058,0,0,-0.321757,0.0310085,-0.300024,0.179362,0.304909,-0.034175,0.0407332,0,0,-1.38778e-11,0.0389192,-0.0059582,0.0421407,0.0104864,-0.0774264,0.00242939,0,0,-0.0294302,-0.254729,-0.00761375,0.542133,-0.0341263,0.396483,-0.00440113,0,0,0,-0.00312689,0.00158823,0.00405343,-0.0017661,0.00325393,-4.56615e-05,0,0,-0.00886404,-0.00343429,-0.00812897,-0.0224811,0.0407539,-0.00440727,0.065017,0,0,0,0,0,0,0,0,0,0,0,0,0,0,0,0,0,0,0.905991,4.03761e-09,0,0,0,0,0,0,0,0,0,0,0,0,0,0,0,0,4.03731e-09,0.905991,
0,0.00696986,-0.0120454,-0.0018991,0.00223715,-0.000109006,1.20703e-05,0,0,0.326682,-0.00721157,0.25715,0.0023007,-0.032215,-0.00294161,-0.000887204,0,0,0,0.0725357,-0.00434493,0.0494169,0.00278442,0.000868673,-2.82265e-05,0,0,-0.00720242,0.615919,-0.000211466,-0.0692846,0.00312576,-0.0254651,-0.000345505,0,0,2.60209e-12,-0.00463809,0.0277415,-0.00236616,-0.000998922,-0.0002223,3.37053e-06,0,0,0.257304,-0.00017463,0.320938,-0.00251929,-0.0300156,-0.000755773,-0.000811148,0,0,1.12757e-11,0.0654366,0.000440406,-0.0434086,-0.00364979,0.00332659,-0.000105846,0,0,0.00232182,-0.0698817,-0.00250205,0.615401,0.0179235,0.0542378,-0.00224465,0,0,1.12757e-11,0.0289288,-0.00973223,-0.040473,0.0284098,-0.000659144,0.000122318,0,0,-0.321663,0.031006,-0.299978,0.179371,0.30489,-0.0341832,0.0407312,0,0,1.38778e-11,0.0389286,-0.00596403,0.0421141,0.0104902,-0.0774113,0.00242942,0,0,-0.0294686,-0.25468,-0.00762437,0.54217,-0.0341344,0.39648,-0.00440148,0,0,0,-0.00312749,0.00158972,0.00405428,-0.00176686,0.00325387,-4.57436e-05,0,0,-0.00887447,-0.00343551,-0.00813224,-0.0224792,0.0407519,-0.00440764,0.0650174,0,0,0,1.20024e-12,-1.20024e-12,0,-1.20024e-12,0,1.20024e-12,0,0,0,0,0,0,0,0,0,0.905991,4.18284e-09,0,0,0,0,0,0,0,0,0,0,0,0,0,0,0,0,4.18314e-09,0.905991,
1.73472e-12,0.00696958,-0.0120587,-0.00189724,0.00223845,-0.000108997,1.21058e-05,0,0,0.326746,-0.00721848,0.257095,0.00230728,-0.0322057,-0.00294549,-0.000888247,0,0,-6.93889e-12,0.0725476,-0.00434584,0.0493988,0.0027839,0.000868948,-2.8244e-05,0,0,-0.00720938,0.615928,-0.000211762,-0.0692905,0.00312554,-0.0254602,-0.000345632,0,0,-4.33681e-12,-0.0046401,0.0277773,-0.00236326,-0.000999995,-0.000222615,3.37027e-06,0,0,0.257249,-0.000174836,0.320997,-0.00252086,-0.0300111,-0.00075686,-0.00081147,0,0,4.33681e-12,0.065422,0.000442483,-0.0433928,-0.00365014,0.00332637,-0.000105869,0,0,0.00232822,-0.0698879,-0.00250384,0.615397,0.0179244,0.0542415,-0.00224445,0,0,-7.80626e-12,0.0289268,-0.00973853,-0.0404676,0.0284304,-0.000655093,0.000122577,0,0,-0.321569,0.0310036,-0.299932,0.179381,0.30487,-0.0341913,0.0407291,0,0,2.08167e-11,0.0389381,-0.00596984,0.0420875,0.0104941,-0.0773962,0.00242945,0,0,-0.0295069,-0.254632,-0.0076349,0.542207,-0.0341426,0.396477,-0.00440184,0,0,0,-0.0031281,0.00159121,0.00405514,-0.00176762,0.00325382,-4.58251e-05,0,0,-0.00888493,-0.00343674,-0.00813552,-0.0224772,0.0407498,-0.00440801,0.0650177,0,0,0,-2.40048e-12,0,1.20024e-12,-2.40048e-12,0,0,1.72835e-10,0,0,0,0,0,0,0,0,0.905991,-4.44119e-09,0,-2.40048e-12,0,1.20024e-12,-2.40048e-12,0,0,0,0,0,0,0,0,0,0,0,-4.44059e-09,0.905991,
-1.30104e-12,0.00696931,-0.012072,-0.00189537,0.00223973,-0.000108987,1.21412e-05,0,0,0.32681,-0.00722537,0.257039,0.00231384,-0.0321963,-0.00294934,-0.000889293,0,0,6.93889e-12,0.0725595,-0.00434675,0.0493807,0.00278338,0.000869224,-2.82615e-05,0,0,-0.00721633,0.615937,-0.000212052,-0.0692964,0.00312532,-0.0254554,-0.000345759,0,0,4.33681e-12,-0.0046421,0.0278132,-0.00236036,-0.00100106,-0.000222929,3.36996e-06,0,0,0.257194,-0.000175037,0.321056,-0.00252244,-0.0300066,-0.000757937,-0.000811791,0,0,-8.67362e-13,0.0654074,0.000444558,-0.043377,-0.00365049,0.00332616,-0.000105891,0,0,0.0023346,-0.0698941,-0.00250563,0.615392,0.0179253,0.0542452,-0.00224426,0,0,6.07153e-12,0.0289247,-0.00974478,-0.0404621,0.028451,-0.00065105,0.000122837,0,0,-0.321475,0.0310012,-0.299887,0.179391,0.304851,-0.0341994,0.0407269,0,0,1.38778e-11,0.0389475,-0.00597564,0.0420608,0.0104979,-0.077381,0.00242948,0,0,-0.029545,-0.254584,-0.00764533,0.542244,-0.0341508,0.396474,-0.0044022,0,0,0,-0.00312871,0.00159269,0.00405601,-0.00176837,0.00325377,-4.5906e-05,0,0,-0.00889539,-0.00343797,-0.00813879,-0.0224753,0.0407477,-0.00440838,0.0650181,0,0,0,0,1.20024e-12,0,-1.20024e-12,0,1.20024e-12,0,0,0,0,0,0,0,0,0,0.905991,-4.55912e-09,0,0,0,0,0,0,0,0,0,0,0,0,0,0,0,0,-4.55912e-09,0.905991,
1.73472e-12,0.00696902,-0.0120852,-0.00189351,0.00224101,-0.000108977,1.21766e-05,0,0,0.326875,-0.00723226,0.256984,0.00232038,-0.0321869,-0.00295318,-0.00089034,0,0,-1.38778e-11,0.0725714,-0.00434764,0.0493626,0.00278286,0.000869499,-2.82789e-05,0,0,-0.00722327,0.615946,-0.000212336,-0.0693023,0.00312509,-0.0254505,-0.000345887,0,0,-4.33681e-12,-0.00464409,0.027849,-0.00235747,-0.00100213,-0.00022324,3.36961e-06,0,0,0.257138,-0.000175232,0.321115,-0.00252404,-0.030002,-0.000759003,-0.000812112,0,0,-1.82146e-11,0.0653927,0.000446631,-0.0433611,-0.00365084,0.00332595,-0.000105914,0,0,0.00234095,-0.0699003,-0.00250744,0.615388,0.0179263,0.0542489,-0.00224406,0,0,6.93889e-12,0.0289227,-0.00975098,-0.0404567,0.0284715,-0.000647013,0.000123098,0,0,-0.32138,0.0309987,-0.29984,0.179401,0.304832,-0.0342076,0.0407248,0,0,5.55112e-11,0.038957,-0.00598142,0.0420341,0.0105017,-0.0773659,0.00242951,0,0,-0.0295829,-0.254535,-0.00765566,0.542281,-0.0341589,0.396471,-0.00440256,0,0,0,-0.00312931,0.00159417,0.00405687,-0.00176913,0.00325372,-4.59863e-05,0,0,-0.00890588,-0.0034392,-0.00814205,-0.0224734,0.0407456,-0.00440875,0.0650184,0,0,0,1.20024e-12,0,0,0,0,0,0,0,0,0,0,0,0,0,0,0.905991,-4.52701e-09,0,0,0,0,0,0,0,0,0,0,0,0,0,0,0,0,-4.52761e-09,0.905991,
3.03577e-12,0.00696873,-0.0120984,-0.00189166,0.00224229,-0.000108966,1.22119e-05,0,0,0.32694,-0.00723913,0.256928,0.0023269,-0.0321774,-0.00295699,-0.000891388,0,0,6.93889e-12,0.0725832,-0.00434853,0.0493444,0.00278233,0.000869773,-2.82964e-05,0,0,-0.0072302,0.615955,-0.000212615,-0.0693083,0.00312487,-0.0254457,-0.000346016,0,0,-6.07153e-12,-0.00464606,0.0278848,-0.00235458,-0.00100319,-0.00022355,3.36921e-06,0,0,0.257083,-0.000175421,0.321174,-0.00252564,-0.0299974,-0.00076006,-0.000812433,0,0,-2.60209e-12,0.0653781,0.000448703,-0.0433453,-0.0036512,0.00332574,-0.000105937,0,0,0.00234729,-0.0699065,-0.00250925,0.615383,0.0179272,0.0542526,-0.00224386,0,0,7.80626e-12,0.0289207,-0.00975714,-0.0404513,0.028492,-0.000642985,0.000123358,0,0,-0.321284,0.0309963,-0.299794,0.179411,0.304813,-0.0342158,0.0407227,0,0,6.245e-11,0.0389665,-0.00598719,0.0420073,0.0105055,-0.0773508,0.00242955,0,0,-0.0296207,-0.254486,-0.0076659,0.542318,-0.0341671,0.396468,-0.00440291,0,0,0,-0.00312992,0.00159564,0.00405773,-0.00176987,0.00325367,-4.60661e-05,0,0,-0.00891637,-0.00344044,-0.00814532,-0.0224714,0.0407435,-0.00440912,0.0650188,0,0,0,0,0,0,-1.20024e-12,1.20024e-12,0,0,0,0,0,0,0,0,0,0,0.905991,-4.36678e-09,0,0,0,0,0,0,0,0,0,0,0,0,0,0,0,0,-4.36768e-09,0.905991,
4.33681e-13,0.00696843,-0.0121117,-0.0018898,0.00224355,-0.000108953,1.22472e-05,0,0,0.327005,-0.00724599,0.256873,0.00233339,-0.0321679,-0.00296079,-0.000892438,0,0,0,0.0725951,-0.00434941,0.0493262,0.00278181,0.000870048,-2.83138e-05,0,0,-0.00723711,0.615964,-0.000212889,-0.0693142,0.00312465,-0.0254408,-0.000346145,0,0,-8.67362e-13,-0.00464803,0.0279207,-0.0023517,-0.00100425,-0.000223859,3.36876e-06,0,0,0.257028,-0.000175604,0.321234,-0.00252724,-0.0299928,-0.000761106,-0.000812754,0,0,-1.21431e-11,0.0653634,0.000450773,-0.0433294,-0.00365155,0.00332552,-0.000105959,0,0,0.00235361,-0.0699128,-0.00251107,0.615379,0.0179282,0.0542563,-0.00224367,0,0,5.20417e-12,0.0289187,-0.00976326,-0.0404459,0.0285125,-0.000638963,0.000123619,0,0,-0.321188,0.0309938,-0.299748,0.179421,0.304794,-0.034224,0.0407206,0,0,2.77556e-11,0.038976,-0.00599294,0.0419804,0.0105092,-0.0773356,0.00242958,0,0,-0.0296582,-0.254438,-0.00767604,0.542356,-0.0341754,0.396465,-0.00440327,0,0,0,-0.00313052,0.00159712,0.0040586,-0.00177062,0.00325362,-4.61452e-05,0,0,-0.00892689,-0.00344169,-0.00814858,-0.0224695,0.0407414,-0.00440948,0.0650191,0,0,0,0,0,0,0,0,0,0,0,0,0,0,0,0,0,0,0.905991,4.11893e-09,0,0,0,0,0,0,0,0,0,0,0,0,0,0,0,0,4.11863e-09,0.905991,
-3.90313e-12,0.00696812,-0.0121249,-0.00188794,0.00224481,-0.00010894,1.22825e-05,0,0,0.32707,-0.00725284,0.256818,0.00233987,-0.0321583,-0.00296457,-0.00089349,0,0,-1.38778e-11,0.072607,-0.00435028,0.049308,0.00278129,0.000870322,-2.83313e-05,0,0,-0.00724402,0.615973,-0.000213157,-0.0693203,0.00312443,-0.0254359,-0.000346274,0,0,9.54098e-12,-0.00464998,0.0279565,-0.00234883,-0.0010053,-0.000224166,3.36827e-06,0,0,0.256973,-0.000175782,0.321293,-0.00252886,-0.0299882,-0.000762143,-0.000813074,0,0,2.94903e-11,0.0653487,0.000452842,-0.0433135,-0.0036519,0.00332531,-0.000105982,0,0,0.0023599,-0.0699191,-0.0025129,0.615374,0.0179292,0.05426,-0.00224347,0,0,-8.67362e-13,0.0289166,-0.00976933,-0.0404405,0.028533,-0.000634949,0.000123881,0,0,-0.321092,0.0309914,-0.299701,0.179431,0.304774,-0.0342321,0.0407184,0,0,-9.71445e-11,0.0389856,-0.00599867,0.0419535,0.010513,-0.0773205,0.00242961,0,0,-0.0296956,-0.254389,-0.00768608,0.542393,-0.0341836,0.396462,-0.00440363,0,0,0,-0.00313113,0.00159858,0.00405947,-0.00177136,0.00325357,-4.62237e-05,0,0,-0.00893741,-0.00344294,-0.00815183,-0.0224676,0.0407393,-0.00440985,0.0650195,0,0,0,2.40048e-12,0,0,0,0,2.40048e-12,0,0,0,0,0,0,0,0,0,0.905991,4.01211e-09,0,3.60072e-12,0,0,0,0,3.60072e-12,0,0,0,0,0,0,0,0,0,4.01181e-09,0.905991,
-3.46945e-12,0.00696781,-0.0121381,-0.00188609,0.00224607,-0.000108927,1.23178e-05,0,0,0.327136,-0.00725967,0.256762,0.00234632,-0.0321487,-0.00296833,-0.000894543,0,0,0,0.0726189,-0.00435115,0.0492897,0.00278076,0.000870596,-2.83487e-05,0,0,-0.00725091,0.615982,-0.000213419,-0.0693263,0.0031242,-0.025431,-0.000346404,0,0,6.93889e-12,-0.00465192,0.0279923,-0.00234596,-0.00100635,-0.000224471,3.36773e-06,0,0,0.256918,-0.000175954,0.321353,-0.00253049,-0.0299836,-0.00076317,-0.000813393,0,0,-1.47451e-11,0.065334,0.000454908,-0.0432976,-0.00365226,0.0033251,-0.000106005,0,0,0.00236618,-0.0699255,-0.00251473,0.61537,0.0179302,0.0542637,-0.00224328,0,0,-1.04083e-11,0.0289146,-0.00977535,-0.0404351,0.0285534,-0.000630941,0.000124142,0,0,-0.320995,0.030989,-0.299655,0.179442,0.304755,-0.0342403,0.0407163,0,0,3.46945e-11,0.0389952,-0.00600439,0.0419265,0.0105168,-0.0773053,0.00242965,0,0,-0.0297328,-0.25434,-0.00769603,0.54243,-0.0341918,0.396459,-0.00440398,0,0,3.46945e-12,-0.00313173,0.00160005,0.00406034,-0.0017721,0.00325352,-4.63017e-05,0,0,-0.00894796,-0.00344419,-0.00815509,-0.0224657,0.0407372,-0.00441022,0.0650198,0,0,0,0,-1.20024e-12,0,0,0,0,0,0,0,0,0,0,0,0,0,0.905991,4.01061e-09,0,0,1.20024e-12,0,0,0,0,0,0,0,0,0,0,0,0,0,4.01001e-09,0.905991,
2.60209e-12,0.00696748,-0.0121514,-0.00188424,0.00224732,-0.000108912,1.2353e-05,0,0,0.327202,-0.0072665,0.256707,0.00235276,-0.032139,-0.00297208,-0.000895597,0,0,-1.38778e-11,0.0726307,-0.00435201,0.0492714,0.00278023,0.00087087,-2.83661e-05,0,0,-0.00725779,0.615992,-0.000213676,-0.0693324,0.00312398,-0.0254261,-0.000346534,0,0,-6.93889e-12,-0.00465385,0.0280281,-0.00234309,-0.0010074,-0.000224775,3.36715e-06,0,0,0.256863,-0.00017612,0.321413,-0.00253212,-0.029979,-0.000764188,-0.000813713,0,0,7.80626e-12,0.0653192,0.000456973,-0.0432816,-0.00365262,0.00332489,-0.000106027,0,0,0.00237243,-0.0699319,-0.00251658,0.615365,0.0179313,0.0542674,-0.00224309,0,0,-4.33681e-12,0.0289126,-0.00978134,-0.0404297,0.0285738,-0.000626941,0.000124404,0,0,-0.320898,0.0309866,-0.299608,0.179453,0.304736,-0.0342486,0.0407141,0,0,1.38778e-11,0.0390048,-0.0060101,0.0418995,0.0105206,-0.0772902,0.00242968,0,0,-0.0297699,-0.254291,-0.00770589,0.542468,-0.0342001,0.396456,-0.00440434,0,0,3.46945e-12,-0.00313233,0.00160151,0.00406121,-0.00177284,0.00325348,-4.63791e-05,0,0,-0.00895851,-0.00344545,-0.00815834,-0.0224638,0.0407351,-0.00441058,0.0650202,0,0,0,0,0,0,0,-1.20024e-12,0,0,0,0,0,0,0,0,0,0,0.905991,4.10302e-09,0,0,0,0,0,-1.20024e-12,0,0,0,0,0,0,0,0,0,0,4.10332e-09,0.905991,
-2.60209e-12,0.00696716,-0.0121646,-0.00188239,0.00224856,-0.000108897,1.23882e-05,0,0,0.327268,-0.00727332,0.256652,0.00235917,-0.0321293,-0.00297581,-0.000896653,0,0,-6.93889e-12,0.0726426,-0.00435286,0.0492531,0.00277971,0.000871144,-2.83835e-05,0,0,-0.00726466,0.616001,-0.000213928,-0.0693385,0.00312376,-0.0254212,-0.000346665,0,0,6.93889e-12,-0.00465577,0.028064,-0.00234023,-0.00100844,-0.000225077,3.36652e-06,0,0,0.256808,-0.000176281,0.321473,-0.00253377,-0.0299743,-0.000765195,-0.000814032,0,0,-1.38778e-11,0.0653045,0.000459037,-0.0432656,-0.00365297,0.00332468,-0.00010605,0,0,0.00237867,-0.0699383,-0.00251843,0.615361,0.0179323,0.0542711,-0.00224289,0,0,9.54098e-12,0.0289105,-0.00978727,-0.0404243,0.0285942,-0.000622948,0.000124666,0,0,-0.3208,0.0309841,-0.299561,0.179463,0.304717,-0.0342568,0.040712,0,0,0,0.0390144,-0.00601579,0.0418724,0.0105243,-0.077275,0.00242971,0,0,-0.0298067,-0.254242,-0.00771566,0.542505,-0.0342083,0.396453,-0.00440469,0,0,0,-0.00313294,0.00160296,0.00406208,-0.00177358,0.00325343,-4.6456e-05,0,0,-0.00896909,-0.00344672,-0.00816158,-0.0224618,0.040733,-0.00441095,0.0650205,0,0,0,0,1.20024e-12,0,-1.20024e-12,0,-1.20024e-12,5.76116e-11,0,0,0,0,0,0,0,0,0.905991,-4.29716e-09,0,0,-2.40048e-12,0,2.40048e-12,0,2.40048e-12,0,0,0,0,0,0,0,0,0,-4.29716e-09,0.905991,
-1.73472e-12,0.00696682,-0.0121778,-0.00188054,0.00224979,-0.000108881,1.24233e-05,0,0,0.327334,-0.00728012,0.256597,0.00236556,-0.0321195,-0.00297952,-0.000897711,0,0,0,0.0726544,-0.00435371,0.0492347,0.00277918,0.000871417,-2.84009e-05,0,0,-0.00727152,0.616011,-0.000214175,-0.0693447,0.00312354,-0.0254163,-0.000346796,0,0,8.67362e-13,-0.00465768,0.0280998,-0.00233737,-0.00100948,-0.000225378,3.36584e-06,0,0,0.256753,-0.000176437,0.321534,-0.00253542,-0.0299697,-0.000766194,-0.000814351,0,0,1.30104e-11,0.0652897,0.000461098,-0.0432496,-0.00365333,0.00332447,-0.000106073,0,0,0.00238489,-0.0699447,-0.00252029,0.615356,0.0179334,0.0542748,-0.0022427,0,0,-2.51535e-11,0.0289085,-0.00979316,-0.0404189,0.0286145,-0.000618961,0.000124929,0,0,-0.320702,0.0309817,-0.299514,0.179475,0.304698,-0.034265,0.0407098,0,0,-4.16334e-11,0.039024,-0.00602147,0.0418452,0.0105281,-0.0772599,0.00242975,0,0,-0.0298434,-0.254193,-0.00772534,0.542542,-0.0342166,0.396449,-0.00440505,0,0,0,-0.00313354,0.00160441,0.00406296,-0.00177431,0.00325338,-4.65323e-05,0,0,-0.00897968,-0.00344799,-0.00816483,-0.0224599,0.0407308,-0.00441132,0.0650209,0,0,0,-2.40048e-12,0,-2.40048e-12,2.40048e-12,0,0,1.71634e-10,0,0,0,0,0,0,0,0,0.905991,-4.36348e-09,0,1.20024e-12,0,1.20024e-12,-1.20024e-12,0,0,0,0,0,0,0,0,0,0,0,-4.36318e-09,0.905991,
8.67362e-13,0.00696648,-0.012191,-0.00187869,0.00225102,-0.000108864,1.24584e-05,0,0,0.3274,-0.00728691,0.256542,0.00237193,-0.0321097,-0.00298321,-0.00089877,0,0,0,0.0726663,-0.00435455,0.0492163,0.00277865,0.00087169,-2.84183e-05,0,0,-0.00727836,0.61602,-0.000214416,-0.0693508,0.00312332,-0.0254113,-0.000346928,0,0,-8.67362e-13,-0.00465958,0.0281356,-0.00233452,-0.00101052,-0.000225677,3.36513e-06,0,0,0.256698,-0.000176588,0.321594,-0.00253708,-0.029965,-0.000767183,-0.00081467,0,0,-1.56125e-11,0.0652749,0.000463158,-0.0432336,-0.00365369,0.00332426,-0.000106096,0,0,0.00239108,-0.0699512,-0.00252216,0.615351,0.0179345,0.0542786,-0.00224251,0,0,1.82146e-11,0.0289065,-0.00979901,-0.0404136,0.0286348,-0.000614982,0.000125191,0,0,-0.320603,0.0309793,-0.299466,0.179486,0.304679,-0.0342733,0.0407076,0,0,2.77556e-11,0.0390337,-0.00602713,0.041818,0.0105318,-0.0772447,0.00242978,0,0,-0.02988,-0.254144,-0.00773492,0.54258,-0.0342248,0.396446,-0.00440541,0,0,0,-0.00313414,0.00160586,0.00406383,-0.00177504,0.00325334,-4.6608e-05,0,0,-0.00899028,-0.00344926,-0.00816807,-0.022458,0.0407287,-0.00441168,0.0650212,0,0,0,0,2.40048e-12,0,0,2.40048e-12,0,-1.15223e-10,0,0,0,0,0,0,0,0,0.905991,-4.30166e-09,0,0,2.40048e-12,0,0,2.40048e-12,0,-1.20024e-12,0,0,0,0,0,0,0,0,-4.30196e-09,0.905991,
8.67362e-13,0.00696613,-0.0122042,-0.00187685,0.00225224,-0.000108847,1.24935e-05,0,0,0.327467,-0.0072937,0.256487,0.00237829,-0.0320999,-0.00298688,-0.000899831,0,0,1.38778e-11,0.0726781,-0.00435538,0.0491978,0.00277812,0.000871964,-2.84357e-05,0,0,-0.0072852,0.61603,-0.000214652,-0.0693571,0.00312309,-0.0254064,-0.00034706,0,0,-1.73472e-12,-0.00466147,0.0281714,-0.00233168,-0.00101155,-0.000225975,3.36436e-06,0,0,0.256644,-0.000176733,0.321655,-0.00253875,-0.0299603,-0.000768163,-0.000814988,0,0,-7.80626e-12,0.0652601,0.000465217,-0.0432176,-0.00365404,0.00332405,-0.000106118,0,0,0.00239726,-0.0699577,-0.00252404,0.615346,0.0179356,0.0542823,-0.00224231,0,0,8.67362e-13,0.0289044,-0.00980481,-0.0404082,0.0286551,-0.000611009,0.000125454,0,0,-0.320504,0.0309769,-0.299419,0.179497,0.30466,-0.0342815,0.0407054,0,0,6.93889e-12,0.0390434,-0.00603277,0.0417907,0.0105356,-0.0772296,0.00242981,0,0,-0.0299163,-0.254094,-0.00774442,0.542617,-0.0342331,0.396443,-0.00440576,0,0,-3.46945e-12,-0.00313474,0.00160731,0.00406471,-0.00177576,0.00325329,-4.66832e-05,0,0,-0.0090009,-0.00345054,-0.0081713,-0.0224561,0.0407265,-0.00441205,0.0650216,0,0,0,0,0,0,1.20024e-12,0,0,0,0,0,0,0,0,0,0,0,0.905991,4.13633e-09,0,0,0,0,0,0,0,0,0,0,0,0,0,0,0,0,4.13603e-09,0.905991,
4.33681e-13,0.00696578,-0.0122174,-0.00187501,0.00225346,-0.000108828,1.25286e-05,0,0,0.327533,-0.00730047,0.256432,0.00238462,-0.0320899,-0.00299054,-0.000900894,0,0,-1.38778e-11,0.0726899,-0.00435621,0.0491793,0.00277759,0.000872236,-2.84531e-05,0,0,-0.00729202,0.61604,-0.000214884,-0.0693633,0.00312287,-0.0254015,-0.000347193,0,0,-8.67362e-13,-0.00466334,0.0282072,-0.00232883,-0.00101258,-0.000226271,3.36356e-06,0,0,0.256589,-0.000176873,0.321716,-0.00254042,-0.0299556,-0.000769133,-0.000815306,0,0,1.64799e-11,0.0652453,0.000467273,-0.0432015,-0.0036544,0.00332384,-0.000106141,0,0,0.00240342,-0.0699642,-0.00252592,0.615342,0.0179367,0.054286,-0.00224212,0,0,6.93889e-12,0.0289024,-0.00981057,-0.0404029,0.0286754,-0.000607042,0.000125718,0,0,-0.320404,0.0309744,-0.299371,0.179509,0.304641,-0.0342898,0.0407033,0,0,-4.16334e-11,0.0390531,-0.00603841,0.0417633,0.0105393,-0.0772144,0.00242985,0,0,-0.0299525,-0.254045,-0.00775383,0.542655,-0.0342414,0.39644,-0.00440612,0,0,0,-0.00313534,0.00160875,0.00406559,-0.00177648,0.00325325,-4.67578e-05,0,0,-0.00901153,-0.00345182,-0.00817454,-0.0224542,0.0407244,-0.00441241,0.065022,0,0,0,0,0,0,0,0,0,0,0,0,0,0,0,0,0,0,0.905991,4.09432e-09,0,0,0,0,0,0,0,0,0,0,0,0,0,0,0,0,4.09462e-09,0.905991,
1.73472e-12,0.00696542,-0.0122306,-0.00187316,0.00225467,-0.000108809,1.25636e-05,0,0,0.3276,-0.00730723,0.256378,0.00239093,-0.03208,-0.00299418,-0.000901958,0,0,6.93889e-12,0.0727017,-0.00435703,0.0491608,0.00277706,0.000872509,-2.84705e-05,0,0,-0.00729884,0.616049,-0.00021511,-0.0693696,0.00312265,-0.0253965,-0.000347326,0,0,-2.60209e-12,-0.00466521,0.028243,-0.002326,-0.00101361,-0.000226566,3.3627e-06,0,0,0.256534,-0.000177007,0.321777,-0.00254211,-0.0299508,-0.000770095,-0.000815624,0,0,-5.20417e-12,0.0652304,0.000469329,-0.0431854,-0.00365476,0.00332363,-0.000106164,0,0,0.00240955,-0.0699707,-0.00252781,0.615337,0.0179378,0.0542898,-0.00224193,0,0,1.38778e-11,0.0289003,-0.00981628,-0.0403975,0.0286956,-0.000603083,0.000125982,0,0,-0.320304,0.030972,-0.299323,0.179521,0.304622,-0.0342981,0.040701,0,0,1.38778e-11,0.0390628,-0.00604402,0.0417359,0.010543,-0.0771992,0.00242988,0,0,-0.0299885,-0.253995,-0.00776316,0.542693,-0.0342497,0.396437,-0.00440647,0,0,-3.46945e-12,-0.00313594,0.00161019,0.00406647,-0.0017772,0.00325321,-4.68318e-05,0,0,-0.00902219,-0.00345311,-0.00817777,-0.0224524,0.0407222,-0.00441278,0.0650223,0,0,0,0,-1.20024e-12,-1.20024e-12,1.20024e-12,0,0,0,0,0,0,0,0,0,0,0,0.905991,4.15643e-09,0,0,1.20024e-12,1.20024e-12,-1.20024e-12,0,0,0,0,0,0,0,0,0,0,0,4.15613e-09,0.905991,
2.1684e-12,0.00696505,-0.0122438,-0.00187132,0.00225587,-0.000108789,1.25986e-05,0,0,0.327667,-0.00731398,0.256323,0.00239722,-0.03207,-0.00299781,-0.000903023,0,0,1.38778e-11,0.0727135,-0.00435784,0.0491422,0.00277652,0.000872782,-2.84879e-05,0,0,-0.00730564,0.616059,-0.000215331,-0.0693759,0.00312243,-0.0253915,-0.000347459,0,0,-3.46945e-12,-0.00466707,0.0282788,-0.00232316,-0.00101463,-0.000226859,3.36181e-06,0,0,0.25648,-0.000177137,0.321838,-0.0025438,-0.0299461,-0.000771048,-0.000815941,0,0,-1.12757e-11,0.0652156,0.000471382,-0.0431693,-0.00365512,0.00332342,-0.000106187,0,0,0.00241567,-0.0699773,-0.00252971,0.615332,0.017939,0.0542935,-0.00224174,0,0,1.30104e-11,0.0288983,-0.00982195,-0.0403922,0.0287158,-0.00059913,0.000126246,0,0,-0.320203,0.0309696,-0.299275,0.179533,0.304603,-0.0343064,0.0406988,0,0,2.77556e-11,0.0390725,-0.00604963,0.0417084,0.0105467,-0.0771841,0.00242991,0,0,-0.0300244,-0.253946,-0.00777239,0.54273,-0.0342581,0.396434,-0.00440683,0,0,0,-0.00313653,0.00161162,0.00406735,-0.00177792,0.00325316,-4.69054e-05,0,0,-0.00903285,-0.00345441,-0.00818099,-0.0224505,0.04072,-0.00441314,0.0650227,0,0,0,0,-2.40048e-12,1.20024e-12,-1.20024e-12,0,0,1.15223e-10,0,0,0,0,0,0,0,0,0.905991,-4.32117e-09,0,0,1.20024e-12,0,0,0,0,0,0,0,0,0,0,0,0,0,-4.32147e-09,0.905991,
2.60209e-12,0.00696468,-0.0122569,-0.00186948,0.00225707,-0.000108769,1.26336e-05,0,0,0.327734,-0.00732072,0.256268,0.00240349,-0.0320599,-0.00300141,-0.000904091,0,0,-1.38778e-11,0.0727254,-0.00435865,0.0491236,0.00277599,0.000873054,-2.85052e-05,0,0,-0.00731243,0.616069,-0.000215547,-0.0693822,0.00312221,-0.0253866,-0.000347593,0,0,-3.46945e-12,-0.00466891,0.0283146,-0.00232034,-0.00101565,-0.000227151,3.36087e-06,0,0,0.256425,-0.000177262,0.321899,-0.0025455,-0.0299413,-0.000771992,-0.000816258,0,0,-1.73472e-11,0.0652007,0.000473434,-0.0431531,-0.00365548,0.00332321,-0.00010621,0,0,0.00242177,-0.0699839,-0.00253162,0.615327,0.0179402,0.0542973,-0.00224155,0,0,2.77556e-11,0.0288962,-0.00982758,-0.0403869,0.028736,-0.000595183,0.00012651,0,0,-0.320102,0.0309672,-0.299227,0.179545,0.304584,-0.0343147,0.0406966,0,0,2.77556e-11,0.0390823,-0.00605522,0.0416809,0.0105505,-0.0771689,0.00242995,0,0,-0.0300601,-0.253896,-0.00778155,0.542768,-0.0342664,0.396431,-0.00440718,0,0,0,-0.00313713,0.00161305,0.00406824,-0.00177863,0.00325312,-4.69784e-05,0,0,-0.00904353,-0.00345571,-0.00818422,-0.0224486,0.0407178,-0.00441351,0.065023,0,0,0,-1.20024e-12,0,0,-1.20024e-12,0,0,0,0,0,0,0,0,0,0,0,0.905991,-4.35778e-09,0,0,0,0,0,0,0,0,0,0,0,0,0,0,0,0,-4.35748e-09,0.905991,
-2.60209e-12,0.0069643,-0.0122701,-0.00186764,0.00225826,-0.000108748,1.26686e-05,0,0,0.327802,-0.00732745,0.256213,0.00240975,-0.0320498,-0.003005,-0.000905159,0,0,0,0.0727372,-0.00435944,0.049105,0.00277545,0.000873326,-2.85226e-05,0,0,-0.00731921,0.616079,-0.000215758,-0.0693885,0.00312199,-0.0253816,-0.000347728,0,0,5.20417e-12,-0.00467075,0.0283504,-0.00231751,-0.00101667,-0.000227441,3.35989e-06,0,0,0.256371,-0.000177381,0.321961,-0.00254721,-0.0299366,-0.000772927,-0.000816575,0,0,-8.67362e-13,0.0651858,0.000475485,-0.043137,-0.00365585,0.003323,-0.000106233,0,0,0.00242786,-0.0699906,-0.00253353,0.615322,0.0179414,0.054301,-0.00224136,0,0,-6.07153e-12,0.0288941,-0.00983315,-0.0403815,0.0287561,-0.000591243,0.000126775,0,0,-0.32,0.0309648,-0.299179,0.179557,0.304566,-0.034323,0.0406944,0,0,-4.16334e-11,0.0390921,-0.00606079,0.0416533,0.0105542,-0.0771537,0.00242998,0,0,-0.0300957,-0.253846,-0.00779061,0.542806,-0.0342747,0.396428,-0.00440754,0,0,0,-0.00313773,0.00161447,0.00406912,-0.00177935,0.00325308,-4.70508e-05,0,0,-0.00905423,-0.00345701,-0.00818744,-0.0224467,0.0407156,-0.00441387,0.0650234,0,0,0,0,1.20024e-12,0,0,0,0,0,0,0,0,0,0,0,0,0,0.905991,4.26956e-09,0,0,0,0,0,0,0,0,0,0,0,0,0,0,0,0,4.26956e-09,0.905991,
-2.60209e-12,0.00696391,-0.0122833,-0.00186581,0.00225944,-0.000108726,1.27035e-05,0,0,0.32787,-0.00733417,0.256159,0.00241598,-0.0320397,-0.00300858,-0.00090623,0,0,0,0.0727489,-0.00436024,0.0490863,0.00277492,0.000873598,-2.854e-05,0,0,-0.00732598,0.616089,-0.000215965,-0.0693949,0.00312177,-0.0253766,-0.000347862,0,0,4.33681e-12,-0.00467257,0.0283862,-0.00231469,-0.00101768,-0.000227731,3.35886e-06,0,0,0.256316,-0.000177496,0.322022,-0.00254893,-0.0299318,-0.000773853,-0.000816892,0,0,-1.30104e-11,0.0651709,0.000477533,-0.0431208,-0.00365621,0.00332279,-0.000106256,0,0,0.00243392,-0.0699973,-0.00253545,0.615318,0.0179426,0.0543048,-0.00224117,0,0,-9.54098e-12,0.0288921,-0.00983869,-0.0403762,0.0287762,-0.000587309,0.00012704,0,0,-0.319898,0.0309624,-0.299131,0.179569,0.304547,-0.0343313,0.0406922,0,0,0,0.0391019,-0.00606635,0.0416256,0.0105579,-0.0771385,0.00243002,0,0,-0.0301311,-0.253796,-0.0077996,0.542844,-0.0342831,0.396425,-0.00440789,0,0,0,-0.00313832,0.0016159,0.00407001,-0.00178005,0.00325304,-4.71228e-05,0,0,-0.00906495,-0.00345832,-0.00819066,-0.0224448,0.0407134,-0.00441424,0.0650238,0,0,0,0,0,0,0,0,0,0,0,0,0,0,0,0,0,0,0.905991,-4.30406e-09,0,0,0,0,0,0,0,0,0,0,0,0,0,0,0,0,-4.30436e-09,0.905991,
1.30104e-12,0.00696351,-0.0122964,-0.00186397,0.00226062,-0.000108703,1.27383e-05,0,0,0.327937,-0.00734088,0.256104,0.0024222,-0.0320295,-0.00301214,-0.000907302,0,0,1.38778e-11,0.0727607,-0.00436102,0.0490676,0.00277438,0.00087387,-2.85573e-05,0,0,-0.00733274,0.6161,-0.000216166,-0.0694013,0.00312155,-0.0253716,-0.000347998,0,0,-4.33681e-13,-0.00467438,0.0284219,-0.00231188,-0.00101869,-0.000228018,3.3578e-06,0,0,0.256262,-0.000177606,0.322084,-0.00255065,-0.029927,-0.000774771,-0.000817208,0,0,-8.67362e-12,0.065156,0.00047958,-0.0431046,-0.00365657,0.00332258,-0.000106279,0,0,0.00243996,-0.070004,-0.00253738,0.615313,0.0179438,0.0543085,-0.00224098,0,0,1.64799e-11,0.02889,-0.00984418,-0.0403709,0.0287963,-0.000583382,0.000127305,0,0,-0.319796,0.03096,-0.299082,0.179582,0.304528,-0.0343397,0.0406899,0,0,0,0.0391117,-0.0060719,0.0415979,0.0105616,-0.0771233,0.00243005,0,0,-0.0301663,-0.253747,-0.0078085,0.542882,-0.0342915,0.396421,-0.00440825,0,0,-3.46945e-12,-0.00313892,0.00161731,0.0040709,-0.00178076,0.003253,-4.71942e-05,0,0,-0.00907568,-0.00345963,-0.00819387,-0.0224429,0.0407112,-0.0044146,0.0650241,0,0,0,-1.20024e-12,1.20024e-12,0,0,1.20024e-12,0,0,0,0,0,0,0,0,0,0,0.905991,4.21975e-09,0,-1.20024e-12,1.20024e-12,0,0,1.20024e-12,0,0,0,0,0,0,0,0,0,0,4.21915e-09,0.905991,
-1.30104e-12,0.00696311,-0.0123096,-0.00186213,0.00226179,-0.00010868,1.27732e-05,0,0,0.328005,-0.00734758,0.25605,0.00242839,-0.0320193,-0.00301568,-0.000908376,0,0,1.38778e-11,0.0727725,-0.0043618,0.0490489,0.00277384,0.000874142,-2.85747e-05,0,0,-0.00733949,0.61611,-0.000216363,-0.0694078,0.00312133,-0.0253666,-0.000348134,0,0,8.67362e-13,-0.00467619,0.0284577,-0.00230907,-0.00101969,-0.000228304,3.35669e-06,0,0,0.256208,-0.000177711,0.322146,-0.00255239,-0.0299222,-0.00077568,-0.000817524,0,0,-3.46945e-12,0.065141,0.000481626,-0.0430883,-0.00365693,0.00332238,-0.000106302,0,0,0.00244599,-0.0700107,-0.00253932,0.615308,0.017945,0.0543123,-0.00224079,0,0,-1.38778e-11,0.0288879,-0.00984962,-0.0403656,0.0288163,-0.00057946,0.000127571,0,0,-0.319693,0.0309576,-0.299034,0.179595,0.304509,-0.034348,0.0406877,0,0,-2.08167e-11,0.0391216,-0.00607743,0.0415701,0.0105652,-0.0771082,0.00243009,0,0,-0.0302014,-0.253696,-0.00781732,0.54292,-0.0342998,0.396418,-0.0044086,0,0,0,-0.00313951,0.00161873,0.00407179,-0.00178146,0.00325296,-4.72651e-05,0,0,-0.00908642,-0.00346095,-0.00819709,-0.0224411,0.040709,-0.00441496,0.0650245,0,0,0,0,0,0,0,0,0,0,0,0,0,0,0,0,0,0,0.905991,4.25185e-09,0,0,-1.20024e-12,0,0,1.20024e-12,1.20024e-12,0,0,0,0,0,0,0,0,0,4.25155e-09,0.905991,
3.46945e-12,0.00696271,-0.0123227,-0.0018603,0.00226295,-0.000108656,1.2808e-05,0,0,0.328074,-0.00735427,0.255995,0.00243457,-0.032009,-0.0030192,-0.000909451,0,0,-6.93889e-12,0.0727843,-0.00436258,0.0490301,0.0027733,0.000874414,-2.85921e-05,0,0,-0.00734623,0.61612,-0.000216555,-0.0694142,0.00312111,-0.0253616,-0.00034827,0,0,-1.17094e-11,-0.00467798,0.0284935,-0.00230626,-0.00102069,-0.000228589,3.35553e-06,0,0,0.256154,-0.000177811,0.322208,-0.00255413,-0.0299173,-0.000776581,-0.00081784,0,0,7.80626e-12,0.0651261,0.00048367,-0.0430721,-0.0036573,0.00332217,-0.000106325,0,0,0.00245199,-0.0700175,-0.00254126,0.615303,0.0179463,0.0543161,-0.0022406,0,0,-1.38778e-11,0.0288858,-0.00985502,-0.0403603,0.0288364,-0.000575545,0.000127837,0,0,-0.319589,0.0309552,-0.298985,0.179608,0.30449,-0.0343564,0.0406854,0,0,-9.02056e-11,0.0391315,-0.00608295,0.0415422,0.0105689,-0.077093,0.00243012,0,0,-0.0302363,-0.253646,-0.00782606,0.542957,-0.0343082,0.396415,-0.00440896,0,0,0,-0.00314011,0.00162014,0.00407268,-0.00178216,0.00325292,-4.73354e-05,0,0,-0.00909719,-0.00346227,-0.00820029,-0.0224392,0.0407068,-0.00441533,0.0650249,0,0,0,0,0,0,0,0,0,0,0,0,0,0,0,0,0,0,0.905991,-4.39468e-09,0,1.20024e-12,-1.20024e-12,0,-1.20024e-12,1.20024e-12,0,0,0,0,0,0,0,0,0,0,-4.39558e-09,0.905991,
-2.60209e-12,0.00696229,-0.0123359,-0.00185847,0.00226411,-0.000108632,1.28428e-05,0,0,0.328142,-0.00736095,0.255941,0.00244072,-0.0319986,-0.00302272,-0.000910528,0,0,-1.38778e-11,0.072796,-0.00436334,0.0490113,0.00277276,0.000874686,-2.86094e-05,0,0,-0.00735296,0.616131,-0.000216743,-0.0694207,0.00312089,-0.0253565,-0.000348406,0,0,6.07153e-12,-0.00467976,0.0285293,-0.00230346,-0.00102169,-0.000228873,3.35434e-06,0,0,0.256099,-0.000177906,0.322271,-0.00255588,-0.0299125,-0.000777474,-0.000818155,0,0,6.93889e-12,0.0651111,0.000485713,-0.0430558,-0.00365766,0.00332196,-0.000106349,0,0,0.00245798,-0.0700243,-0.00254321,0.615298,0.0179475,0.0543198,-0.00224041,0,0,1.73472e-12,0.0288838,-0.00986038,-0.040355,0.0288563,-0.000571636,0.000128103,0,0,-0.319485,0.0309528,-0.298936,0.179621,0.304472,-0.0343648,0.0406831,0,0,6.93889e-12,0.0391414,-0.00608845,0.0415143,0.0105726,-0.0770778,0.00243016,0,0,-0.030271,-0.253596,-0.00783472,0.542995,-0.0343166,0.396412,-0.00440931,0,0,0,-0.0031407,0.00162155,0.00407357,-0.00178285,0.00325288,-4.74053e-05,0,0,-0.00910797,-0.0034636,-0.0082035,-0.0224373,0.0407045,-0.00441569,0.0650252,0,0,0,0,0,0,0,0,0,0,0,0,0,0,0,0,0,0,0.905991,-4.40458e-09,0,0,0,0,0,0,0,0,0,0,0,0,0,0,0,0,-4.40458e-09,0.905991,
4.33681e-12,0.00696187,-0.012349,-0.00185664,0.00226526,-0.000108606,1.28776e-05,0,0,0.328211,-0.00736762,0.255887,0.00244686,-0.0319883,-0.00302621,-0.000911607,0,0,-6.93889e-12,0.0728078,-0.00436411,0.0489925,0.00277222,0.000874957,-2.86267e-05,0,0,-0.00735968,0.616141,-0.000216926,-0.0694273,0.00312068,-0.0253515,-0.000348544,0,0,-1.04083e-11,-0.00468153,0.028565,-0.00230066,-0.00102268,-0.000229155,3.3531e-06,0,0,0.256045,-0.000177997,0.322333,-0.00255763,-0.0299076,-0.000778358,-0.000818471,0,0,-8.67362e-13,0.0650961,0.000487754,-0.0430395,-0.00365802,0.00332176,-0.000106372,0,0,0.00246395,-0.0700311,-0.00254516,0.615293,0.0179488,0.0543236,-0.00224022,0,0,6.07153e-12,0.0288817,-0.00986569,-0.0403497,0.0288763,-0.000567733,0.00012837,0,0,-0.319381,0.0309504,-0.298887,0.179634,0.304453,-0.0343732,0.0406809,0,0,-5.55112e-11,0.0391513,-0.00609395,0.0414863,0.0105763,-0.0770626,0.00243019,0,0,-0.0303056,-0.253546,-0.0078433,0.543034,-0.034325,0.396409,-0.00440967,0,0,0,-0.00314129,0.00162295,0.00407446,-0.00178355,0.00325284,-4.74746e-05,0,0,-0.00911876,-0.00346493,-0.00820671,-0.0224355,0.0407023,-0.00441605,0.0650256,0,0,0,0,0,0,0,0,0,0,0,0,0,0,0,0,0,0,0.905991,-4.29056e-09,0,-2.40048e-12,1.20024e-12,0,0,1.20024e-12,0,1.20024e-12,0,0,0,0,0,0,0,0,-4.29056e-09,0.905991,
-3.90313e-12,0.00696145,-0.0123622,-0.00185481,0.0022664,-0.00010858,1.29123e-05,0,0,0.328279,-0.00737428,0.255833,0.00245298,-0.0319778,-0.00302969,-0.000912687,0,0,0,0.0728196,-0.00436486,0.0489736,0.00277168,0.000875229,-2.86441e-05,0,0,-0.00736639,0.616152,-0.000217104,-0.0694338,0.00312046,-0.0253464,-0.000348681,0,0,8.67362e-12,-0.0046833,0.0286008,-0.00229786,-0.00102367,-0.000229436,3.35182e-06,0,0,0.255991,-0.000178083,0.322396,-0.0025594,-0.0299027,-0.000779235,-0.000818786,0,0,8.67362e-12,0.0650811,0.000489793,-0.0430231,-0.00365839,0.00332155,-0.000106395,0,0,0.00246991,-0.0700379,-0.00254713,0.615288,0.0179501,0.0543274,-0.00224003,0,0,-1.73472e-12,0.0288796,-0.00987095,-0.0403444,0.0288962,-0.000563836,0.000128637,0,0,-0.319276,0.030948,-0.298837,0.179647,0.304434,-0.0343815,0.0406786,0,0,-7.63278e-11,0.0391612,-0.00609942,0.0414582,0.0105799,-0.0770474,0.00243023,0,0,-0.0303401,-0.253495,-0.0078518,0.543072,-0.0343334,0.396406,-0.00441002,0,0,0,-0.00314188,0.00162435,0.00407536,-0.00178423,0.0032528,-4.75435e-05,0,0,-0.00912957,-0.00346626,-0.00820991,-0.0224336,0.0407,-0.00441642,0.065026,0,0,0,0,-1.20024e-12,0,1.20024e-12,0,1.20024e-12,0,0,0,0,0,0,0,0,0,0.905991,4.08442e-09,0,0,-1.20024e-12,0,1.20024e-12,0,1.20024e-12,0,0,0,0,0,0,0,0,0,4.08322e-09,0.905991,
2.1684e-12,0.00696101,-0.0123753,-0.00185298,0.00226754,-0.000108554,1.29471e-05,0,0,0.328348,-0.00738093,0.255778,0.00245908,-0.0319674,-0.00303315,-0.000913769,0,0,6.93889e-12,0.0728313,-0.00436561,0.0489547,0.00277114,0.0008755,-2.86614e-05,0,0,-0.00737309,0.616163,-0.000217278,-0.0694404,0.00312024,-0.0253414,-0.000348819,0,0,-6.93889e-12,-0.00468505,0.0286366,-0.00229507,-0.00102466,-0.000229715,3.35051e-06,0,0,0.255937,-0.000178165,0.322459,-0.00256117,-0.0298978,-0.000780103,-0.000819101,0,0,-5.20417e-12,0.065066,0.000491831,-0.0430068,-0.00365875,0.00332134,-0.000106418,0,0,0.00247584,-0.0700448,-0.0025491,0.615282,0.0179514,0.0543312,-0.00223984,0,0,-4.33681e-12,0.0288775,-0.00987617,-0.0403391,0.0289161,-0.000559945,0.000128904,0,0,-0.319171,0.0309457,-0.298788,0.179661,0.304416,-0.0343899,0.0406763,0,0,-2.08167e-11,0.0391712,-0.00610489,0.0414301,0.0105836,-0.0770322,0.00243026,0,0,-0.0303744,-0.253445,-0.00786022,0.54311,-0.0343418,0.396402,-0.00441037,0,0,-3.46945e-12,-0.00314248,0.00162575,0.00407626,-0.00178492,0.00325277,-4.76118e-05,0,0,-0.0091404,-0.00346761,-0.0082131,-0.0224318,0.0406978,-0.00441678,0.0650264,0,0,0,-1.20024e-12,-1.20024e-12,-1.20024e-12,0,0,0,0,0,0,0,0,0,0,0,0,0.905991,4.0052e-09,0,0,0,0,0,0,0,-1.20024e-12,0,0,0,0,0,0,0,0,4.0058e-09,0.905991,
0,0.00696057,-0.0123884,-0.00185115,0.00226867,-0.000108526,1.29817e-05,0,0,0.328418,-0.00738757,0.255724,0.00246517,-0.0319569,-0.0030366,-0.000914853,0,0,-1.38778e-11,0.072843,-0.00436635,0.0489357,0.00277059,0.000875771,-2.86788e-05,0,0,-0.00737978,0.616173,-0.000217448,-0.069447,0.00312002,-0.0253363,-0.000348958,0,0,1.73472e-12,-0.00468679,0.0286723,-0.00229229,-0.00102565,-0.000229993,3.34914e-06,0,0,0.255883,-0.000178242,0.322522,-0.00256295,-0.0298929,-0.000780963,-0.000819415,0,0,-1.73472e-12,0.065051,0.000493867,-0.0429904,-0.00365912,0.00332114,-0.000106442,0,0,0.00248176,-0.0700517,-0.00255108,0.615277,0.0179528,0.054335,-0.00223965,0,0,1.73472e-11,0.0288754,-0.00988135,-0.0403339,0.0289359,-0.00055606,0.000129172,0,0,-0.319065,0.0309433,-0.298739,0.179674,0.304397,-0.0343984,0.040674,0,0,1.38778e-11,0.0391812,-0.00611034,0.0414019,0.0105872,-0.077017,0.0024303,0,0,-0.0304086,-0.253394,-0.00786857,0.543148,-0.0343503,0.396399,-0.00441073,0,0,0,-0.00314307,0.00162714,0.00407715,-0.0017856,0.00325273,-4.76796e-05,0,0,-0.00915124,-0.00346895,-0.0082163,-0.0224299,0.0406955,-0.00441714,0.0650267,0,0,0,0,0,0,0,0,0,0,0,0,0,0,0,0,0,0,0.905991,4.02741e-09,0,0,0,0,0,0,0,0,0,0,0,0,0,0,0,0,4.02771e-09,0.905991,
-6.93889e-12,0.00696013,-0.0124015,-0.00184932,0.00226979,-0.000108498,1.30164e-05,0,0,0.328487,-0.0073942,0.25567,0.00247123,-0.0319463,-0.00304003,-0.000915938,0,0,0,0.0728548,-0.00436708,0.0489167,0.00277005,0.000876043,-2.86961e-05,0,0,-0.00738646,0.616184,-0.000217613,-0.0694537,0.00311981,-0.0253312,-0.000349096,0,0,1.99493e-11,-0.00468852,0.0287081,-0.00228951,-0.00102663,-0.00023027,3.34774e-06,0,0,0.255829,-0.000178315,0.322585,-0.00256473,-0.029888,-0.000781815,-0.000819729,0,0,0,0.0650359,0.000495902,-0.042974,-0.00365948,0.00332093,-0.000106465,0,0,0.00248766,-0.0700587,-0.00255306,0.615272,0.0179541,0.0543388,-0.00223947,0,0,2.34188e-11,0.0288733,-0.00988648,-0.0403286,0.0289558,-0.000552181,0.00012944,0,0,-0.318959,0.0309409,-0.298689,0.179688,0.304379,-0.0344068,0.0406717,0,0,0,0.0391912,-0.00611577,0.0413736,0.0105909,-0.0770018,0.00243033,0,0,-0.0304426,-0.253343,-0.00787684,0.543186,-0.0343587,0.396396,-0.00441108,0,0,0,-0.00314366,0.00162853,0.00407805,-0.00178628,0.00325269,-4.77469e-05,0,0,-0.00916211,-0.0034703,-0.00821949,-0.0224281,0.0406932,-0.00441751,0.0650271,0,0,0,0,1.20024e-12,1.20024e-12,-1.20024e-12,-1.20024e-12,1.20024e-12,5.76116e-11,0,0,0,0,0,0,0,0,0.905991,4.14263e-09,0,0,0,0,0,0,0,0,0,0,0,0,0,0,0,0,4.14293e-09,0.905991,
0,0.00695967,-0.0124146,-0.0018475,0.00227091,-0.00010847,1.3051e-05,0,0,0.328556,-0.00740082,0.255616,0.00247727,-0.0319357,-0.00304345,-0.000917025,0,0,0,0.0728665,-0.00436781,0.0488977,0.0027695,0.000876314,-2.87134e-05,0,0,-0.00739313,0.616195,-0.000217773,-0.0694604,0.00311959,-0.0253262,-0.000349236,0,0,4.33681e-13,-0.00469024,0.0287439,-0.00228673,-0.0010276,-0.000230546,3.3463e-06,0,0,0.255775,-0.000178383,0.322648,-0.00256653,-0.0298831,-0.000782659,-0.000820043,0,0,-2.51535e-11,0.0650208,0.000497935,-0.0429576,-0.00365985,0.00332073,-0.000106488,0,0,0.00249354,-0.0700656,-0.00255505,0.615267,0.0179555,0.0543426,-0.00223928,0,0,1.21431e-11,0.0288712,-0.00989156,-0.0403233,0.0289756,-0.000548307,0.000129708,0,0,-0.318852,0.0309385,-0.298639,0.179702,0.30436,-0.0344152,0.0406693,0,0,8.32667e-11,0.0392012,-0.0061212,0.0413453,0.0105945,-0.0769866,0.00243037,0,0,-0.0304764,-0.253293,-0.00788503,0.543224,-0.0343672,0.396393,-0.00441144,0,0,0,-0.00314424,0.00162991,0.00407895,-0.00178696,0.00325266,-4.78138e-05,0,0,-0.00917298,-0.00347165,-0.00822268,-0.0224262,0.0406909,-0.00441787,0.0650275,0,0,0,0,0,0,0,0,0,0,0,0,0,0,0,0,0,0,0.905991,-4.36198e-09,0,0,0,0,0,0,0,0,0,0,0,0,0,0,0,0,-4.36228e-09,0.905991,
-1.30104e-12,0.00695921,-0.0124277,-0.00184567,0.00227202,-0.000108441,1.30856e-05,0,0,0.328626,-0.00740744,0.255562,0.0024833,-0.031925,-0.00304685,-0.000918114,0,0,-2.08167e-11,0.0728782,-0.00436854,0.0488787,0.00276896,0.000876585,-2.87308e-05,0,0,-0.00739979,0.616206,-0.00021793,-0.0694671,0.00311937,-0.0253211,-0.000349376,0,0,3.90313e-12,-0.00469196,0.0287796,-0.00228395,-0.00102858,-0.00023082,3.34482e-06,0,0,0.255722,-0.000178446,0.322712,-0.00256833,-0.0298781,-0.000783496,-0.000820357,0,0,4.33681e-12,0.0650057,0.000499967,-0.0429411,-0.00366022,0.00332052,-0.000106512,0,0,0.0024994,-0.0700726,-0.00255705,0.615262,0.0179569,0.0543464,-0.00223909,0,0,3.46945e-12,0.028869,-0.0098966,-0.0403181,0.0289953,-0.00054444,0.000129977,0,0,-0.318745,0.0309362,-0.298589,0.179716,0.304342,-0.0344237,0.040667,0,0,0,0.0392113,-0.0061266,0.0413169,0.0105982,-0.0769715,0.0024304,0,0,-0.0305101,-0.253242,-0.00789315,0.543263,-0.0343756,0.39639,-0.00441179,0,0,0,-0.00314483,0.00163129,0.00407986,-0.00178763,0.00325262,-4.78801e-05,0,0,-0.00918388,-0.00347301,-0.00822587,-0.0224244,0.0406886,-0.00441823,0.0650279,0,0,0,2.40048e-12,2.40048e-12,0,0,-2.40048e-12,-2.40048e-12,-2.40048e-12,0,0,0,0,0,0,0,0,0.905991,-4.45019e-09,0,3.60072e-12,3.60072e-12,0,0,-3.60072e-12,-3.60072e-12,-2.40048e-12,0,0,0,0,0,0,0,0,-4.45019e-09,0.905991,
1.30104e-12,0.00695875,-0.0124408,-0.00184385,0.00227313,-0.000108411,1.31202e-05,0,0,0.328696,-0.00741404,0.255508,0.00248931,-0.0319143,-0.00305024,-0.000919204,0,0,2.08167e-11,0.0728899,-0.00436925,0.0488596,0.00276841,0.000876856,-2.87481e-05,0,0,-0.00740644,0.616217,-0.000218082,-0.0694738,0.00311916,-0.025316,-0.000349516,0,0,-4.33681e-12,-0.00469366,0.0288154,-0.00228118,-0.00102955,-0.000231093,3.3433e-06,0,0,0.255668,-0.000178506,0.322775,-0.00257013,-0.0298732,-0.000784325,-0.000820671,0,0,-3.46945e-12,0.0649906,0.000501997,-0.0429247,-0.00366058,0.00332032,-0.000106535,0,0,0.00250525,-0.0700796,-0.00255905,0.615257,0.0179582,0.0543502,-0.00223891,0,0,-1.30104e-11,0.0288669,-0.0099016,-0.0403128,0.029015,-0.000540577,0.000130246,0,0,-0.318637,0.0309338,-0.298539,0.17973,0.304323,-0.0344321,0.0406647,0,0,4.16334e-11,0.0392214,-0.006132,0.0412885,0.0106018,-0.0769563,0.00243044,0,0,-0.0305437,-0.253191,-0.0079012,0.543301,-0.0343841,0.396387,-0.00441215,0,0,3.46945e-12,-0.00314542,0.00163267,0.00408076,-0.0017883,0.00325259,-4.7946e-05,0,0,-0.00919479,-0.00347438,-0.00822906,-0.0224225,0.0406863,-0.0044186,0.0650282,0,0,0,0,1.20024e-12,-1.20024e-12,1.20024e-12,0,1.20024e-12,0,0,0,0,0,0,0,0,0,0.905991,-4.40128e-09,0,0,-2.40048e-12,2.40048e-12,-2.40048e-12,0,-2.40048e-12,0,0,0,0,0,0,0,0,0,-4.40158e-09,0.905991,
-3.90313e-12,0.00695828,-0.0124539,-0.00184202,0.00227423,-0.00010838,1.31548e-05,0,0,0.328766,-0.00742063,0.255454,0.0024953,-0.0319036,-0.00305361,-0.000920296,0,0,0,0.0729016,-0.00436996,0.0488405,0.00276786,0.000877127,-2.87654e-05,0,0,-0.00741308,0.616228,-0.00021823,-0.0694806,0.00311894,-0.0253108,-0.000349656,0,0,1.04083e-11,-0.00469535,0.0288511,-0.00227842,-0.00103051,-0.000231365,3.34173e-06,0,0,0.255614,-0.000178561,0.322839,-0.00257195,-0.0298682,-0.000785146,-0.000820984,0,0,1.73472e-11,0.0649755,0.000504026,-0.0429082,-0.00366095,0.00332011,-0.000106558,0,0,0.00251107,-0.0700867,-0.00256106,0.615251,0.0179597,0.054354,-0.00223872,0,0,3.46945e-12,0.0288648,-0.00990655,-0.0403076,0.0290347,-0.000536721,0.000130515,0,0,-0.318529,0.0309315,-0.298489,0.179745,0.304305,-0.0344406,0.0406623,0,0,-6.245e-11,0.0392315,-0.00613738,0.04126,0.0106054,-0.0769411,0.00243048,0,0,-0.0305771,-0.25314,-0.00790917,0.543339,-0.0343926,0.396383,-0.0044125,0,0,0,-0.003146,0.00163404,0.00408166,-0.00178897,0.00325256,-4.80113e-05,0,0,-0.00920571,-0.00347574,-0.00823224,-0.0224207,0.040684,-0.00441896,0.0650286,0,0,0,-1.20024e-12,1.20024e-12,0,0,1.20024e-12,-1.20024e-12,5.76116e-11,0,0,0,0,0,0,0,0,0.905991,4.23985e-09,0,-1.20024e-12,1.20024e-12,0,0,1.20024e-12,-1.20024e-12,0,0,0,0,0,0,0,0,0,4.23985e-09,0.905991,
-1.73472e-12,0.0069578,-0.012467,-0.0018402,0.00227532,-0.000108349,1.31893e-05,0,0,0.328836,-0.00742722,0.2554,0.00250127,-0.0318928,-0.00305697,-0.00092139,0,0,-6.93889e-12,0.0729133,-0.00437067,0.0488213,0.00276731,0.000877398,-2.87828e-05,0,0,-0.00741971,0.616239,-0.000218373,-0.0694873,0.00311873,-0.0253057,-0.000349797,0,0,6.07153e-12,-0.00469703,0.0288869,-0.00227565,-0.00103148,-0.000231635,3.34013e-06,0,0,0.25556,-0.000178612,0.322903,-0.00257377,-0.0298632,-0.00078596,-0.000821297,0,0,-6.07153e-12,0.0649603,0.000506053,-0.0428916,-0.00366131,0.00331991,-0.000106582,0,0,0.00251688,-0.0700938,-0.00256308,0.615246,0.0179611,0.0543578,-0.00223853,0,0,1.64799e-11,0.0288627,-0.00991145,-0.0403023,0.0290544,-0.00053287,0.000130785,0,0,-0.31842,0.0309291,-0.298438,0.179759,0.304286,-0.0344491,0.04066,0,0,-6.93889e-12,0.0392416,-0.00614275,0.0412314,0.010609,-0.0769259,0.00243051,0,0,-0.0306104,-0.253088,-0.00791707,0.543378,-0.0344011,0.39638,-0.00441286,0,0,-3.46945e-12,-0.00314659,0.00163542,0.00408257,-0.00178964,0.00325252,-4.80762e-05,0,0,-0.00921666,-0.00347712,-0.00823542,-0.0224188,0.0406817,-0.00441932,0.065029,0,0,0,0,0,0,0,0,0,0,0,0,0,0,0,0,0,0,0.905991,4.20805e-09,0,0,0,0,0,0,0,0,0,0,0,0,0,0,0,0,4.20835e-09,0.905991,
1.73472e-12,0.00695731,-0.0124801,-0.00183838,0.0022764,-0.000108317,1.32238e-05,0,0,0.328907,-0.00743379,0.255346,0.00250723,-0.0318819,-0.00306032,-0.000922485,0,0,6.93889e-12,0.072925,-0.00437137,0.0488021,0.00276676,0.000877669,-2.88001e-05,0,0,-0.00742633,0.616251,-0.000218513,-0.0694942,0.00311851,-0.0253006,-0.000349939,0,0,-3.90313e-12,-0.00469871,0.0289226,-0.00227289,-0.00103244,-0.000231904,3.33849e-06,0,0,0.255507,-0.000178658,0.322967,-0.0025756,-0.0298582,-0.000786767,-0.00082161,0,0,-1.73472e-12,0.0649452,0.000508079,-0.0428751,-0.00366168,0.00331971,-0.000106605,0,0,0.00252268,-0.0701009,-0.0025651,0.615241,0.0179625,0.0543616,-0.00223835,0,0,0,0.0288605,-0.00991631,-0.0402971,0.029074,-0.000529025,0.000131055,0,0,-0.318311,0.0309268,-0.298388,0.179774,0.304268,-0.0344575,0.0406576,0,0,4.16334e-11,0.0392517,-0.00614811,0.0412027,0.0106126,-0.0769107,0.00243055,0,0,-0.0306436,-0.253037,-0.0079249,0.543416,-0.0344096,0.396377,-0.00441321,0,0,-3.46945e-12,-0.00314717,0.00163678,0.00408348,-0.0017903,0.00325249,-4.81406e-05,0,0,-0.00922762,-0.00347849,-0.00823859,-0.022417,0.0406794,-0.00441969,0.0650294,0,0,0,1.20024e-12,-1.20024e-12,0,2.40048e-12,-1.20024e-12,2.40048e-12,0,0,0,0,0,0,0,0,0,0.905991,-4.28726e-09,0,0,-1.20024e-12,0,1.20024e-12,-1.20024e-12,1.20024e-12,0,0,0,0,0,0,0,0,0,-4.28666e-09,0.905991,
3.03577e-12,0.00695682,-0.0124932,-0.00183656,0.00227748,-0.000108285,1.32583e-05,0,0,0.328978,-0.00744036,0.255293,0.00251316,-0.031871,-0.00306364,-0.000923582,0,0,-6.93889e-12,0.0729367,-0.00437206,0.0487829,0.00276621,0.00087794,-2.88174e-05,0,0,-0.00743295,0.616262,-0.000218648,-0.069501,0.0031183,-0.0252954,-0.000350081,0,0,-6.50521e-12,-0.00470037,0.0289584,-0.00227014,-0.0010334,-0.000232173,3.3368e-06,0,0,0.255453,-0.000178701,0.323031,-0.00257744,-0.0298532,-0.000787566,-0.000821923,0,0,1.30104e-11,0.06493,0.000510103,-0.0428585,-0.00366205,0.0033195,-0.000106629,0,0,0.00252846,-0.070108,-0.00256713,0.615235,0.017964,0.0543655,-0.00223816,0,0,2.60209e-12,0.0288584,-0.00992113,-0.0402919,0.0290936,-0.000525185,0.000131326,0,0,-0.318202,0.0309244,-0.298337,0.179789,0.304249,-0.034466,0.0406552,0,0,-1.38778e-11,0.0392619,-0.00615345,0.041174,0.0106162,-0.0768955,0.00243058,0,0,-0.0306766,-0.252986,-0.00793266,0.543455,-0.0344181,0.396374,-0.00441357,0,0,3.46945e-12,-0.00314776,0.00163814,0.00408439,-0.00179095,0.00325246,-4.82046e-05,0,0,-0.0092386,-0.00347988,-0.00824177,-0.0224152,0.040677,-0.00442005,0.0650298,0,0,0,2.40048e-12,0,-2.40048e-12,0,0,0,0,0,0,0,0,0,0,0,0,0.905991,4.24435e-09,0,0,0,0,0,0,0,0,0,0,0,0,0,0,0,0,4.24375e-09,0.905991,
-1.73472e-12,0.00695633,-0.0125063,-0.00183474,0.00227855,-0.000108252,1.32927e-05,0,0,0.329048,-0.00744692,0.255239,0.00251908,-0.0318601,-0.00306696,-0.000924681,0,0,0,0.0729484,-0.00437274,0.0487636,0.00276565,0.00087821,-2.88347e-05,0,0,-0.00743955,0.616273,-0.00021878,-0.0695079,0.00311808,-0.0252903,-0.000350223,0,0,1.73472e-12,-0.00470203,0.0289941,-0.00226739,-0.00103435,-0.000232439,3.33508e-06,0,0,0.2554,-0.000178739,0.323096,-0.00257928,-0.0298481,-0.000788357,-0.000822235,0,0,-1.73472e-12,0.0649148,0.000512126,-0.0428419,-0.00366242,0.0033193,-0.000106652,0,0,0.00253422,-0.0701152,-0.00256917,0.61523,0.0179654,0.0543693,-0.00223797,0,0,-1.04083e-11,0.0288562,-0.0099259,-0.0402866,0.0291132,-0.000521351,0.000131596,0,0,-0.318092,0.0309221,-0.298286,0.179804,0.304231,-0.0344745,0.0406529,0,0,-4.16334e-11,0.0392721,-0.00615879,0.0411453,0.0106198,-0.0768803,0.00243062,0,0,-0.0307094,-0.252934,-0.00794034,0.543493,-0.0344266,0.39637,-0.00441392,0,0,0,-0.00314834,0.0016395,0.0040853,-0.00179161,0.00325242,-4.8268e-05,0,0,-0.00924959,-0.00348126,-0.00824494,-0.0224133,0.0406747,-0.00442041,0.0650301,0,0,0,0,-1.20024e-12,-1.20024e-12,-1.20024e-12,0,-1.20024e-12,0,0,0,0,0,0,0,0,0,0.905991,-4.31517e-09,0,0,0,0,0,0,0,0,0,0,0,0,0,0,0,0,-4.31517e-09,0.905991,
-4.33681e-12,0.00695582,-0.0125193,-0.00183292,0.00227962,-0.000108219,1.33272e-05,0,0,0.329119,-0.00745346,0.255185,0.00252499,-0.0318491,-0.00307026,-0.000925782,0,0,1.38778e-11,0.0729601,-0.00437342,0.0487444,0.0027651,0.000878481,-2.88521e-05,0,0,-0.00744614,0.616285,-0.000218907,-0.0695148,0.00311787,-0.0252851,-0.000350366,0,0,9.1073e-12,-0.00470367,0.0290299,-0.00226464,-0.0010353,-0.000232705,3.33332e-06,0,0,0.255346,-0.000178774,0.32316,-0.00258113,-0.0298431,-0.000789142,-0.000822547,0,0,1.73472e-12,0.0648995,0.000514147,-0.0428253,-0.00366278,0.0033191,-0.000106676,0,0,0.00253996,-0.0701223,-0.00257121,0.615224,0.0179669,0.0543731,-0.00223779,0,0,-5.20417e-12,0.0288541,-0.00993062,-0.0402814,0.0291327,-0.000517521,0.000131867,0,0,-0.317981,0.0309197,-0.298235,0.179819,0.304213,-0.0344831,0.0406505,0,0,-4.85723e-11,0.0392823,-0.0061641,0.0411164,0.0106234,-0.0768651,0.00243066,0,0,-0.0307422,-0.252883,-0.00794796,0.543532,-0.0344352,0.396367,-0.00441428,0,0,0,-0.00314892,0.00164086,0.00408621,-0.00179226,0.00325239,-4.8331e-05,0,0,-0.00926061,-0.00348265,-0.00824811,-0.0224115,0.0406723,-0.00442078,0.0650305,0,0,0,0,-1.20024e-12,1.20024e-12,-1.20024e-12,1.20024e-12,0,1.15223e-10,0,0,0,0,0,0,0,0,0.905991,4.26326e-09,0,0,0,0,0,0,0,0,0,0,0,0,0,0,0,0,4.26356e-09,0.905991,
5.20417e-12,0.00695531,-0.0125324,-0.0018311,0.00228068,-0.000108184,1.33616e-05,0,0,0.329191,-0.00746,0.255131,0.00253087,-0.0318381,-0.00307355,-0.000926884,0,0,1.38778e-11,0.0729718,-0.0043741,0.048725,0.00276454,0.000878752,-2.88694e-05,0,0,-0.00745273,0.616296,-0.000219031,-0.0695217,0.00311766,-0.02528,-0.000350509,0,0,-1.17094e-11,-0.00470531,0.0290656,-0.00226189,-0.00103625,-0.000232969,3.33152e-06,0,0,0.255293,-0.000178804,0.323225,-0.00258299,-0.029838,-0.000789919,-0.000822859,0,0,-1.38778e-11,0.0648843,0.000516167,-0.0428087,-0.00366315,0.0033189,-0.0001067,0,0,0.00254568,-0.0701296,-0.00257326,0.615219,0.0179684,0.054377,-0.0022376,0,0,1.12757e-11,0.0288519,-0.00993531,-0.0402762,0.0291522,-0.000513698,0.000132139,0,0,-0.31787,0.0309174,-0.298184,0.179834,0.304194,-0.0344916,0.0406481,0,0,5.55112e-11,0.0392926,-0.00616941,0.0410875,0.010627,-0.0768499,0.00243069,0,0,-0.0307747,-0.252831,-0.00795551,0.543571,-0.0344437,0.396364,-0.00441464,0,0,0,-0.00314951,0.00164221,0.00408712,-0.00179291,0.00325236,-4.83935e-05,0,0,-0.00927163,-0.00348405,-0.00825128,-0.0224096,0.0406699,-0.00442114,0.0650309,0,0,0,1.20024e-12,1.20024e-12,0,0,-1.20024e-12,0,0,0,0,0,0,0,0,0,0,0.905991,-4.32867e-09,0,-1.20024e-12,-1.20024e-12,0,0,1.20024e-12,0,0,0,0,0,0,0,0,0,0,-4.32837e-09,0.905991,
-8.67362e-13,0.0069548,-0.0125454,-0.00182928,0.00228173,-0.00010815,1.33959e-05,0,0,0.329262,-0.00746653,0.255078,0.00253674,-0.031827,-0.00307682,-0.000927988,0,0,0,0.0729834,-0.00437477,0.0487057,0.00276399,0.000879023,-2.88867e-05,0,0,-0.0074593,0.616308,-0.00021915,-0.0695286,0.00311745,-0.0252748,-0.000350653,0,0,1.73472e-12,-0.00470693,0.0291013,-0.00225915,-0.00103719,-0.000233233,3.32968e-06,0,0,0.255239,-0.00017883,0.32329,-0.00258485,-0.029833,-0.000790689,-0.000823171,0,0,3.46945e-12,0.064869,0.000518185,-0.042792,-0.00366352,0.0033187,-0.000106723,0,0,0.00255139,-0.0701368,-0.00257532,0.615214,0.0179699,0.0543808,-0.00223742,0,0,-4.33681e-12,0.0288498,-0.00993994,-0.0402709,0.0291716,-0.000509879,0.000132411,0,0,-0.317759,0.0309151,-0.298133,0.17985,0.304176,-0.0345001,0.0406457,0,0,6.93889e-12,0.0393028,-0.0061747,0.0410585,0.0106306,-0.0768347,0.00243073,0,0,-0.0308072,-0.252779,-0.00796299,0.543609,-0.0344523,0.396361,-0.00441499,0,0,-3.46945e-12,-0.00315009,0.00164356,0.00408803,-0.00179355,0.00325233,-4.84556e-05,0,0,-0.00928268,-0.00348545,-0.00825444,-0.0224078,0.0406676,-0.0044215,0.0650313,0,0,0,0,0,0,-1.20024e-12,0,0,0,0,0,0,0,0,0,0,0,0.905991,4.26986e-09,0,0,0,0,-1.20024e-12,0,0,0,0,0,0,0,0,0,0,0,4.26896e-09,0.905991,
6.93889e-12,0.00695427,-0.0125585,-0.00182746,0.00228277,-0.000108114,1.34303e-05,0,0,0.329333,-0.00747306,0.255024,0.00254258,-0.0318159,-0.00308008,-0.000929094,0,0,1.38778e-11,0.0729951,-0.00437543,0.0486863,0.00276343,0.000879294,-2.8904e-05,0,0,-0.00746587,0.61632,-0.000219266,-0.0695356,0.00311723,-0.0252696,-0.000350797,0,0,-1.47451e-11,-0.00470855,0.0291371,-0.00225642,-0.00103813,-0.000233495,3.3278e-06,0,0,0.255186,-0.000178853,0.323355,-0.00258672,-0.0298279,-0.000791452,-0.000823482,0,0,-1.30104e-11,0.0648537,0.000520202,-0.0427753,-0.00366389,0.00331849,-0.000106747,0,0,0.00255709,-0.0701441,-0.00257738,0.615208,0.0179714,0.0543846,-0.00223723,0,0,6.07153e-12,0.0288476,-0.00994453,-0.0402657,0.0291911,-0.000506066,0.000132683,0,0,-0.317647,0.0309127,-0.298082,0.179865,0.304158,-0.0345087,0.0406432,0,0,7.63278e-11,0.0393131,-0.00617998,0.0410295,0.0106341,-0.0768195,0.00243077,0,0,-0.0308395,-0.252728,-0.0079704,0.543648,-0.0344608,0.396358,-0.00441535,0,0,-3.46945e-12,-0.00315067,0.0016449,0.00408895,-0.00179419,0.0032523,-4.85172e-05,0,0,-0.00929374,-0.00348685,-0.00825761,-0.022406,0.0406652,-0.00442187,0.0650317,0,0,0,1.20024e-12,-1.20024e-12,0,0,0,1.20024e-12,0,0,0,0,0,0,0,0,0,0.905991,-4.32837e-09,0,1.20024e-12,-1.20024e-12,0,0,0,1.20024e-12,0,0,0,0,0,0,0,0,0,-4.32807e-09,0.905991,
-1.30104e-12,0.00695375,-0.0125715,-0.00182565,0.00228381,-0.000108079,1.34646e-05,0,0,0.329405,-0.00747957,0.254971,0.00254842,-0.0318047,-0.00308332,-0.000930202,0,0,0,0.0730067,-0.00437608,0.0486669,0.00276287,0.000879565,-2.89214e-05,0,0,-0.00747243,0.616331,-0.000219377,-0.0695426,0.00311702,-0.0252644,-0.000350941,0,0,4.33681e-12,-0.00471015,0.0291728,-0.00225368,-0.00103907,-0.000233755,3.32589e-06,0,0,0.255132,-0.000178871,0.32342,-0.0025886,-0.0298228,-0.000792208,-0.000823794,0,0,4.33681e-12,0.0648384,0.000522218,-0.0427586,-0.00366425,0.00331829,-0.000106771,0,0,0.00256276,-0.0701514,-0.00257945,0.615203,0.017973,0.0543885,-0.00223705,0,0,6.93889e-12,0.0288454,-0.00994908,-0.0402605,0.0292104,-0.000502258,0.000132956,0,0,-0.317535,0.0309104,-0.29803,0.179881,0.30414,-0.0345172,0.0406408,0,0,5.55112e-11,0.0393234,-0.00618525,0.0410004,0.0106377,-0.0768043,0.0024308,0,0,-0.0308717,-0.252676,-0.00797774,0.543687,-0.0344694,0.396354,-0.0044157,0,0,3.46945e-12,-0.00315124,0.00164624,0.00408986,-0.00179483,0.00325227,-4.85783e-05,0,0,-0.00930482,-0.00348826,-0.00826077,-0.0224042,0.0406628,-0.00442223,0.0650321,0,0,0,0,0,0,0,0,0,0,0,0,0,0,0,0,0,0,0.905991,4.26386e-09,0,0,0,0,0,0,0,0,0,0,0,0,0,0,0,0,4.26356e-09,0.905991,
3.46945e-12,0.00695321,-0.0125846,-0.00182383,0.00228484,-0.000108042,1.34989e-05,0,0,0.329477,-0.00748607,0.254917,0.00255423,-0.0317935,-0.00308655,-0.000931311,0,0,0,0.0730184,-0.00437673,0.0486474,0.00276231,0.000879836,-2.89387e-05,0,0,-0.00747898,0.616343,-0.000219485,-0.0695497,0.00311681,-0.0252592,-0.000351086,0,0,-6.07153e-12,-0.00471175,0.0292085,-0.00225095,-0.00104,-0.000234015,3.32394e-06,0,0,0.255079,-0.000178886,0.323485,-0.00259048,-0.0298176,-0.000792957,-0.000824105,0,0,-2.25514e-11,0.0648231,0.000524232,-0.0427419,-0.00366462,0.00331809,-0.000106795,0,0,0.00256842,-0.0701587,-0.00258152,0.615197,0.0179745,0.0543923,-0.00223686,0,0,2.42861e-11,0.0288432,-0.00995358,-0.0402553,0.0292298,-0.000498456,0.000133228,0,0,-0.317422,0.0309081,-0.297979,0.179897,0.304122,-0.0345258,0.0406384,0,0,1.17961e-10,0.0393338,-0.0061905,0.0409712,0.0106412,-0.0767891,0.00243084,0,0,-0.0309037,-0.252624,-0.00798502,0.543726,-0.034478,0.396351,-0.00441606,0,0,0,-0.00315182,0.00164758,0.00409078,-0.00179546,0.00325224,-4.8639e-05,0,0,-0.00931592,-0.00348967,-0.00826393,-0.0224023,0.0406604,-0.00442259,0.0650325,0,0,0,0,0,0,0,0,0,0,0,0,0,0,0,0,0,0,0.905991,-4.31817e-09,0,0,-2.40048e-12,0,-2.40048e-12,0,2.40048e-12,0,0,0,0,0,0,0,0,0,-4.31817e-09,0.905991,
1.30104e-12,0.00695267,-0.0125976,-0.00182201,0.00228587,-0.000108005,1.35332e-05,0,0,0.329549,-0.00749257,0.254864,0.00256003,-0.0317822,-0.00308977,-0.000932422,0,0,0,0.07303,-0.00437738,0.0486279,0.00276175,0.000880107,-2.8956e-05,0,0,-0.00748552,0.616355,-0.000219589,-0.0695567,0.0031166,-0.025254,-0.000351231,0,0,-3.46945e-12,-0.00471334,0.0292443,-0.00224822,-0.00104093,-0.000234274,3.32194e-06,0,0,0.255026,-0.000178896,0.323551,-0.00259237,-0.0298125,-0.0007937,-0.000824416,0,0,0,0.0648078,0.000526245,-0.0427251,-0.00366499,0.00331789,-0.000106818,0,0,0.00257407,-0.0701661,-0.0025836,0.615191,0.0179761,0.0543962,-0.00223668,0,0,-8.67362e-13,0.028841,-0.00995803,-0.0402501,0.0292491,-0.000494658,0.000133502,0,0,-0.317309,0.0309058,-0.297927,0.179912,0.304103,-0.0345344,0.0406359,0,0,4.16334e-11,0.0393441,-0.00619574,0.040942,0.0106448,-0.0767739,0.00243088,0,0,-0.0309356,-0.252571,-0.00799223,0.543764,-0.0344866,0.396348,-0.00441642,0,0,0,-0.0031524,0.00164891,0.0040917,-0.00179609,0.00325221,-4.86993e-05,0,0,-0.00932704,-0.00349109,-0.00826708,-0.0224005,0.0406579,-0.00442296,0.0650329,0,0,0,0,0,2.40048e-12,-2.40048e-12,0,0,1.14023e-10,0,0,0,0,0,0,0,0,0.905991,4.25005e-09,0,0,1.20024e-12,1.20024e-12,0,1.20024e-12,0,0,0,0,0,0,0,0,0,0,4.25065e-09,0.905991,
-4.33681e-13,0.00695212,-0.0126106,-0.0018202,0.00228689,-0.000107968,1.35674e-05,0,0,0.329621,-0.00749906,0.25481,0.00256581,-0.0317709,-0.00309297,-0.000933535,0,0,-1.38778e-11,0.0730416,-0.00437802,0.0486084,0.00276119,0.000880378,-2.89734e-05,0,0,-0.00749205,0.616367,-0.00021969,-0.0695638,0.00311639,-0.0252487,-0.000351377,0,0,8.67362e-13,-0.00471492,0.02928,-0.0022455,-0.00104186,-0.000234531,3.31991e-06,0,0,0.254972,-0.000178903,0.323616,-0.00259427,-0.0298074,-0.000794435,-0.000824727,0,0,8.67362e-13,0.0647924,0.000528256,-0.0427084,-0.00366536,0.00331769,-0.000106842,0,0,0.00257969,-0.0701734,-0.00258568,0.615186,0.0179776,0.0544001,-0.00223649,0,0,1.73472e-12,0.0288389,-0.00996244,-0.0402449,0.0292684,-0.000490865,0.000133775,0,0,-0.317195,0.0309035,-0.297875,0.179929,0.304085,-0.0345429,0.0406335,0,0,-1.38778e-11,0.0393545,-0.00620097,0.0409127,0.0106483,-0.0767587,0.00243092,0,0,-0.0309674,-0.252519,-0.00799937,0.543803,-0.0344952,0.396345,-0.00441677,0,0,0,-0.00315298,0.00165024,0.00409262,-0.00179672,0.00325218,-4.8759e-05,0,0,-0.00933817,-0.00349251,-0.00827023,-0.0223987,0.0406555,-0.00442332,0.0650333,0,0,0,-1.20024e-12,0,0,0,0,0,0,0,0,0,0,0,0,0,0,0.905991,-4.29926e-09,0,1.20024e-12,0,0,0,0,0,0,0,0,0,0,0,0,0,0,-4.29956e-09,0.905991,
-2.1684e-12,0.00695157,-0.0126237,-0.00181839,0.0022879,-0.00010793,1.36017e-05,0,0,0.329694,-0.00750554,0.254757,0.00257157,-0.0317596,-0.00309616,-0.000934649,0,0,0,0.0730532,-0.00437865,0.0485888,0.00276063,0.000880649,-2.89907e-05,0,0,-0.00749857,0.616379,-0.000219786,-0.0695709,0.00311618,-0.0252435,-0.000351523,0,0,3.03577e-12,-0.00471649,0.0293157,-0.00224278,-0.00104278,-0.000234787,3.31785e-06,0,0,0.254919,-0.000178907,0.323682,-0.00259617,-0.0298022,-0.000795164,-0.000825037,0,0,-1.04083e-11,0.0647771,0.000530266,-0.0426916,-0.00366573,0.00331749,-0.000106866,0,0,0.0025853,-0.0701809,-0.00258777,0.61518,0.0179792,0.0544039,-0.00223631,0,0,-1.21431e-11,0.0288367,-0.00996681,-0.0402397,0.0292876,-0.000487078,0.000134049,0,0,-0.317081,0.0309012,-0.297823,0.179945,0.304067,-0.0345515,0.040631,0,0,1.38778e-11,0.0393649,-0.00620619,0.0408833,0.0106519,-0.0767435,0.00243095,0,0,-0.030999,-0.252467,-0.00800645,0.543842,-0.0345038,0.396341,-0.00441713,0,0,0,-0.00315355,0.00165157,0.00409354,-0.00179735,0.00325215,-4.88184e-05,0,0,-0.00934932,-0.00349393,-0.00827339,-0.0223969,0.0406531,-0.00442369,0.0650337,0,0,0,0,0,0,0,-1.20024e-12,0,0,0,0,0,0,0,0,0,0,0.905991,4.22815e-09,0,0,0,0,0,-2.40048e-12,0,0,0,0,0,0,0,0,0,0,4.22935e-09,0.905991,
8.67362e-13,0.00695101,-0.0126367,-0.00181657,0.00228891,-0.000107891,1.36359e-05,0,0,0.329766,-0.00751201,0.254703,0.00257732,-0.0317482,-0.00309934,-0.000935766,0,0,6.93889e-12,0.0730649,-0.00437928,0.0485692,0.00276006,0.00088092,-2.9008e-05,0,0,-0.00750509,0.616391,-0.000219879,-0.0695781,0.00311597,-0.0252382,-0.000351669,0,0,-3.03577e-12,-0.00471805,0.0293515,-0.00224006,-0.0010437,-0.000235043,3.31574e-06,0,0,0.254866,-0.000178906,0.323748,-0.00259809,-0.029797,-0.000795886,-0.000825347,0,0,-1.47451e-11,0.0647617,0.000532274,-0.0426747,-0.00366609,0.00331729,-0.00010689,0,0,0.0025909,-0.0701883,-0.00258987,0.615175,0.0179808,0.0544078,-0.00223612,0,0,-3.46945e-12,0.0288344,-0.00997113,-0.0402345,0.0293068,-0.000483295,0.000134324,0,0,-0.316966,0.0308989,-0.297771,0.179961,0.304049,-0.0345601,0.0406285,0,0,5.55112e-11,0.0393753,-0.00621139,0.0408539,0.0106554,-0.0767283,0.00243099,0,0,-0.0310306,-0.252414,-0.00801347,0.543881,-0.0345124,0.396338,-0.00441749,0,0,0,-0.00315413,0.00165289,0.00409446,-0.00179797,0.00325213,-4.88773e-05,0,0,-0.00936049,-0.00349536,-0.00827654,-0.022395,0.0406507,-0.00442405,0.065034,0,0,0,0,0,0,0,0,0,0,0,0,0,0,0,0,0,0,0.905991,4.27406e-09,0,2.40048e-12,2.40048e-12,-2.40048e-12,0,-2.40048e-12,0,1.20024e-12,0,0,0,0,0,0,0,0,4.27436e-09,0.905991,
-4.33681e-13,0.00695044,-0.0126497,-0.00181476,0.0022899,-0.000107852,1.367e-05,0,0,0.329839,-0.00751847,0.25465,0.00258305,-0.0317367,-0.0031025,-0.000936884,0,0,2.08167e-11,0.0730765,-0.0043799,0.0485496,0.0027595,0.000881191,-2.90254e-05,0,0,-0.00751159,0.616403,-0.000219968,-0.0695852,0.00311576,-0.025233,-0.000351816,0,0,3.03577e-12,-0.0047196,0.0293872,-0.00223735,-0.00104462,-0.000235297,3.3136e-06,0,0,0.254813,-0.000178902,0.323814,-0.0026,-0.0297918,-0.000796602,-0.000825658,0,0,0,0.0647463,0.000534281,-0.0426579,-0.00366646,0.0033171,-0.000106914,0,0,0.00259648,-0.0701958,-0.00259197,0.615169,0.0179824,0.0544117,-0.00223594,0,0,-2.60209e-12,0.0288322,-0.0099754,-0.0402293,0.029326,-0.000479518,0.000134598,0,0,-0.316851,0.0308966,-0.297718,0.179978,0.304031,-0.0345687,0.0406261,0,0,5.55112e-11,0.0393858,-0.00621658,0.0408244,0.0106589,-0.0767131,0.00243103,0,0,-0.0310619,-0.252362,-0.00802042,0.54392,-0.034521,0.396335,-0.00441785,0,0,3.46945e-12,-0.0031547,0.00165421,0.00409538,-0.00179858,0.0032521,-4.89357e-05,0,0,-0.00937167,-0.00349679,-0.00827968,-0.0223932,0.0406482,-0.00442441,0.0650344,0,0,0,0,0,0,0,0,0,1.15223e-10,0,0,0,0,0,0,0,0,0.905991,-4.43189e-09,0,-1.20024e-12,1.20024e-12,0,0,-1.20024e-12,0,0,0,0,0,0,0,0,0,0,-4.43159e-09,0.905991,
3.03577e-12,0.00694987,-0.0126627,-0.00181295,0.0022909,-0.000107812,1.37042e-05,0,0,0.329912,-0.00752493,0.254597,0.00258876,-0.0317253,-0.00310565,-0.000938004,0,0,-1.38778e-11,0.0730881,-0.00438051,0.04853,0.00275893,0.000881462,-2.90427e-05,0,0,-0.00751809,0.616416,-0.000220054,-0.0695924,0.00311556,-0.0252277,-0.000351964,0,0,-8.23994e-12,-0.00472114,0.0294229,-0.00223464,-0.00104553,-0.00023555,3.31142e-06,0,0,0.25476,-0.000178894,0.32388,-0.00260193,-0.0297866,-0.000797311,-0.000825967,0,0,1.04083e-11,0.0647309,0.000536287,-0.042641,-0.00366683,0.0033169,-0.000106938,0,0,0.00260204,-0.0702032,-0.00259408,0.615163,0.0179841,0.0544155,-0.00223576,0,0,-1.73472e-12,0.02883,-0.00997963,-0.0402241,0.0293451,-0.000475745,0.000134873,0,0,-0.316736,0.0308943,-0.297666,0.179994,0.304013,-0.0345774,0.0406236,0,0,-5.55112e-11,0.0393963,-0.00622176,0.0407948,0.0106625,-0.0766979,0.00243106,0,0,-0.0310932,-0.252309,-0.00802731,0.543959,-0.0345297,0.396332,-0.0044182,0,0,0,-0.00315527,0.00165552,0.0040963,-0.0017992,0.00325207,-4.89937e-05,0,0,-0.00938288,-0.00349823,-0.00828283,-0.0223914,0.0406457,-0.00442478,0.0650348,0,0,0,0,0,0,0,0,0,0,0,0,0,0,0,0,0,0,0.905991,-4.45169e-09,0,0,0,0,0,0,0,0,0,0,0,0,0,0,0,0,-4.45139e-09,0.905991,
1.30104e-12,0.0069493,-0.0126757,-0.00181113,0.00229188,-0.000107772,1.37383e-05,0,0,0.329985,-0.00753138,0.254544,0.00259446,-0.0317137,-0.00310879,-0.000939125,0,0,-1.38778e-11,0.0730997,-0.00438112,0.0485103,0.00275837,0.000881733,-2.90601e-05,0,0,-0.00752458,0.616428,-0.000220136,-0.0695997,0.00311535,-0.0252224,-0.000352111,0,0,-6.07153e-12,-0.00472268,0.0294586,-0.00223193,-0.00104644,-0.000235801,3.3092e-06,0,0,0.254707,-0.000178883,0.323947,-0.00260386,-0.0297814,-0.000798013,-0.000826277,0,0,7.80626e-12,0.0647154,0.000538291,-0.0426241,-0.0036672,0.0033167,-0.000106962,0,0,0.00260758,-0.0702108,-0.0025962,0.615157,0.0179857,0.0544194,-0.00223557,0,0,-6.93889e-12,0.0288278,-0.00998382,-0.0402189,0.0293642,-0.000471977,0.000135149,0,0,-0.31662,0.030892,-0.297613,0.180011,0.303995,-0.034586,0.0406211,0,0,-5.55112e-11,0.0394067,-0.00622693,0.0407652,0.010666,-0.0766827,0.0024311,0,0,-0.0311243,-0.252257,-0.00803414,0.543998,-0.0345383,0.396328,-0.00441856,0,0,0,-0.00315585,0.00165683,0.00409723,-0.00179981,0.00325205,-4.90513e-05,0,0,-0.0093941,-0.00349967,-0.00828597,-0.0223896,0.0406433,-0.00442514,0.0650352,0,0,0,0,-1.20024e-12,-1.20024e-12,0,1.20024e-12,0,0,0,0,0,0,0,0,0,0,0.905991,-4.34307e-09,0,0,0,1.20024e-12,1.20024e-12,-1.20024e-12,0,0,0,0,0,0,0,0,0,0,-4.34247e-09,0.905991,
3.03577e-12,0.00694871,-0.0126887,-0.00180932,0.00229286,-0.000107731,1.37725e-05,0,0,0.330058,-0.00753781,0.25449,0.00260014,-0.0317021,-0.00311192,-0.000940249,0,0,-6.93889e-12,0.0731113,-0.00438173,0.0484906,0.0027578,0.000882004,-2.90774e-05,0,0,-0.00753106,0.61644,-0.000220215,-0.0696069,0.00311514,-0.0252172,-0.000352259,0,0,-7.80626e-12,-0.0047242,0.0294943,-0.00222922,-0.00104735,-0.000236052,3.30695e-06,0,0,0.254654,-0.000178868,0.324013,-0.00260579,-0.0297762,-0.00079871,-0.000826587,0,0,2.60209e-12,0.0647,0.000540294,-0.0426072,-0.00366756,0.0033165,-0.000106986,0,0,0.00261312,-0.0702183,-0.00259832,0.615152,0.0179874,0.0544233,-0.00223539,0,0,-8.67362e-13,0.0288256,-0.00998796,-0.0402137,0.0293833,-0.000468215,0.000135424,0,0,-0.316504,0.0308897,-0.297561,0.180028,0.303977,-0.0345946,0.0406186,0,0,-6.93889e-12,0.0394173,-0.00623209,0.0407355,0.0106695,-0.0766676,0.00243114,0,0,-0.0311553,-0.252204,-0.0080409,0.544037,-0.034547,0.396325,-0.00441892,0,0,-3.46945e-12,-0.00315642,0.00165814,0.00409816,-0.00180042,0.00325202,-4.91084e-05,0,0,-0.00940533,-0.00350112,-0.00828911,-0.0223878,0.0406408,-0.00442551,0.0650356,0,0,0,0,0,0,0,0,0,0,0,0,0,0,0,0,0,0,0.905991,4.13753e-09,0,0,0,0,0,0,0,0,0,0,0,0,0,0,0,0,4.13753e-09,0.905991,
0,0.00694812,-0.0127017,-0.00180751,0.00229383,-0.000107689,1.38065e-05,0,0,0.330132,-0.00754425,0.254437,0.0026058,-0.0316905,-0.00311503,-0.000941374,0,0,-1.38778e-11,0.0731229,-0.00438233,0.0484708,0.00275723,0.000882276,-2.90948e-05,0,0,-0.00753753,0.616453,-0.00022029,-0.0696142,0.00311493,-0.0252119,-0.000352408,0,0,2.1684e-12,-0.00472572,0.0295301,-0.00222652,-0.00104825,-0.000236302,3.30466e-06,0,0,0.254601,-0.00017885,0.32408,-0.00260774,-0.029771,-0.000799399,-0.000826896,0,0,4.33681e-12,0.0646845,0.000542295,-0.0425903,-0.00366793,0.0033163,-0.00010701,0,0,0.00261863,-0.0702259,-0.00260044,0.615146,0.017989,0.0544272,-0.0022352,0,0,1.38778e-11,0.0288233,-0.00999205,-0.0402085,0.0294023,-0.000464456,0.000135701,0,0,-0.316387,0.0308875,-0.297508,0.180045,0.30396,-0.0346033,0.040616,0,0,-2.08167e-11,0.0394278,-0.00623723,0.0407058,0.010673,-0.0766524,0.00243118,0,0,-0.0311862,-0.252151,-0.00804761,0.544077,-0.0345556,0.396322,-0.00441928,0,0,0,-0.00315699,0.00165945,0.00409908,-0.00180102,0.00325199,-4.91651e-05,0,0,-0.00941659,-0.00350257,-0.00829225,-0.022386,0.0406383,-0.00442587,0.065036,0,0,0,0,0,0,0,0,0,0,0,0,0,0,0,0,0,0,0.905991,4.06342e-09,0,0,0,-1.20024e-12,-1.20024e-12,0,-1.20024e-12,0,0,0,0,0,0,0,0,0,4.06282e-09,0.905991,
1.73472e-12,0.00694753,-0.0127147,-0.0018057,0.0022948,-0.000107648,1.38406e-05,0,0,0.330205,-0.00755067,0.254384,0.00261145,-0.0316789,-0.00311813,-0.000942501,0,0,-6.93889e-12,0.0731344,-0.00438292,0.048451,0.00275666,0.000882547,-2.91121e-05,0,0,-0.007544,0.616465,-0.000220362,-0.0696215,0.00311473,-0.0252066,-0.000352557,0,0,-4.77049e-12,-0.00472722,0.0295658,-0.00222382,-0.00104915,-0.00023655,3.30233e-06,0,0,0.254548,-0.000178828,0.324147,-0.00260968,-0.0297657,-0.000800083,-0.000827205,0,0,-1.21431e-11,0.064669,0.000544295,-0.0425733,-0.0036683,0.00331611,-0.000107034,0,0,0.00262413,-0.0702335,-0.00260257,0.61514,0.0179907,0.0544311,-0.00223502,0,0,6.93889e-12,0.0288211,-0.0099961,-0.0402034,0.0294213,-0.000460703,0.000135977,0,0,-0.316269,0.0308852,-0.297455,0.180062,0.303942,-0.0346119,0.0406135,0,0,-2.77556e-11,0.0394384,-0.00624236,0.0406759,0.0106765,-0.0766372,0.00243121,0,0,-0.031217,-0.252098,-0.00805425,0.544116,-0.0345643,0.396319,-0.00441964,0,0,-3.46945e-12,-0.00315756,0.00166075,0.00410001,-0.00180162,0.00325197,-4.92214e-05,0,0,-0.00942786,-0.00350402,-0.00829539,-0.0223841,0.0406358,-0.00442624,0.0650364,0,0,0,0,-1.20024e-12,0,0,0,1.20024e-12,0,0,0,0,0,0,0,0,0,0.905991,4.09192e-09,0,0,-1.20024e-12,0,0,0,1.20024e-12,0,0,0,0,0,0,0,0,0,4.09252e-09,0.905991,
-2.60209e-12,0.00694692,-0.0127276,-0.00180389,0.00229576,-0.000107605,1.38747e-05,0,0,0.330279,-0.00755708,0.254331,0.00261708,-0.0316671,-0.00312121,-0.00094363,0,0,6.93889e-12,0.073146,-0.00438351,0.0484312,0.00275609,0.000882819,-2.91295e-05,0,0,-0.00755045,0.616478,-0.00022043,-0.0696288,0.00311452,-0.0252012,-0.000352706,0,0,6.93889e-12,-0.00472872,0.0296015,-0.00222113,-0.00105005,-0.000236798,3.29997e-06,0,0,0.254495,-0.000178803,0.324214,-0.00261164,-0.0297604,-0.00080076,-0.000827514,0,0,1.99493e-11,0.0646535,0.000546294,-0.0425563,-0.00366867,0.00331591,-0.000107058,0,0,0.00262961,-0.0702411,-0.00260471,0.615134,0.0179924,0.054435,-0.00223484,0,0,0,0.0288188,-0.0100001,-0.0401982,0.0294403,-0.000456955,0.000136254,0,0,-0.316152,0.0308829,-0.297402,0.180079,0.303924,-0.0346206,0.040611,0,0,-1.38778e-11,0.039449,-0.00624748,0.040646,0.01068,-0.076622,0.00243125,0,0,-0.0312476,-0.252045,-0.00806083,0.544155,-0.034573,0.396315,-0.00442,0,0,0,-0.00315813,0.00166204,0.00410094,-0.00180222,0.00325194,-4.92772e-05,0,0,-0.00943916,-0.00350548,-0.00829852,-0.0223823,0.0406333,-0.0044266,0.0650369,0,0,0,0,0,0,0,3.60072e-12,0,0,0,0,0,0,0,0,0,0,0.905991,4.21915e-09,0,0,0,0,0,-1.20024e-12,0,0,0,0,0,0,0,0,0,0,4.21945e-09,0.905991,
-1.73472e-12,0.00694632,-0.0127406,-0.00180208,0.00229671,-0.000107562,1.39087e-05,0,0,0.330353,-0.00756349,0.254278,0.00262269,-0.0316554,-0.00312429,-0.000944761,0,0,0,0.0731576,-0.00438409,0.0484114,0.00275551,0.00088309,-2.91468e-05,0,0,-0.0075569,0.616491,-0.000220495,-0.0696362,0.00311432,-0.0251959,-0.000352856,0,0,6.93889e-12,-0.00473021,0.0296372,-0.00221843,-0.00105094,-0.000237045,3.29757e-06,0,0,0.254442,-0.000178774,0.324281,-0.0026136,-0.0297551,-0.000801431,-0.000827823,0,0,0,0.0646379,0.000548292,-0.0425393,-0.00366903,0.00331571,-0.000107082,0,0,0.00263508,-0.0702487,-0.00260685,0.615128,0.0179941,0.0544389,-0.00223465,0,0,1.9082e-11,0.0288166,-0.0100041,-0.040193,0.0294592,-0.000453211,0.000136531,0,0,-0.316034,0.0308807,-0.297348,0.180096,0.303906,-0.0346293,0.0406084,0,0,-3.46945e-11,0.0394596,-0.00625259,0.0406161,0.0106835,-0.0766068,0.00243129,0,0,-0.0312781,-0.251992,-0.00806735,0.544194,-0.0345817,0.396312,-0.00442036,0,0,0,-0.0031587,0.00166333,0.00410187,-0.00180281,0.00325192,-4.93326e-05,0,0,-0.00945047,-0.00350695,-0.00830166,-0.0223805,0.0406308,-0.00442697,0.0650373,0,0,0,0,0,0,2.40048e-12,2.40048e-12,0,1.20024e-12,0,0,0,0,0,0,0,0,0.905991,-4.4574e-09,0,0,0,0,0,0,0,0,0,0,0,0,0,0,0,0,-4.4571e-09,0.905991,
1.30104e-12,0.0069457,-0.0127536,-0.00180027,0.00229765,-0.000107519,1.39427e-05,0,0,0.330427,-0.00756989,0.254225,0.00262829,-0.0316436,-0.00312735,-0.000945893,0,0,-6.93889e-12,0.0731691,-0.00438466,0.0483915,0.00275494,0.000883362,-2.91642e-05,0,0,-0.00756334,0.616503,-0.000220557,-0.0696436,0.00311411,-0.0251906,-0.000353006,0,0,-9.1073e-12,-0.00473169,0.0296729,-0.00221574,-0.00105183,-0.00023729,3.29513e-06,0,0,0.254389,-0.000178742,0.324348,-0.00261557,-0.0297499,-0.000802096,-0.000828132,0,0,1.21431e-11,0.0646224,0.000550288,-0.0425222,-0.0036694,0.00331552,-0.000107106,0,0,0.00264053,-0.0702564,-0.002609,0.615123,0.0179958,0.0544428,-0.00223447,0,0,-3.38271e-11,0.0288143,-0.010008,-0.0401878,0.0294781,-0.000449472,0.000136809,0,0,-0.315915,0.0308784,-0.297295,0.180114,0.303888,-0.034638,0.0406059,0,0,-8.32667e-11,0.0394702,-0.00625768,0.040586,0.0106869,-0.0765916,0.00243133,0,0,-0.0313085,-0.251938,-0.00807381,0.544234,-0.0345904,0.396309,-0.00442072,0,0,3.46945e-12,-0.00315926,0.00166462,0.0041028,-0.0018034,0.00325189,-4.93876e-05,0,0,-0.00946179,-0.00350841,-0.00830479,-0.0223787,0.0406283,-0.00442734,0.0650377,0,0,0,0,0,0,0,0,0,1.15223e-10,0,0,0,0,0,0,0,0,0.905991,-4.55492e-09,0,0,0,0,0,0,0,0,0,0,0,0,0,0,0,0,-4.55522e-09,0.905991,
1.30104e-12,0.00694508,-0.0127665,-0.00179846,0.00229859,-0.000107475,1.39766e-05,0,0,0.330502,-0.00757628,0.254172,0.00263387,-0.0316317,-0.00313039,-0.000947028,0,0,6.93889e-12,0.0731807,-0.00438523,0.0483716,0.00275437,0.000883634,-2.91815e-05,0,0,-0.00756977,0.616516,-0.000220615,-0.069651,0.00311391,-0.0251852,-0.000353157,0,0,-2.60209e-12,-0.00473316,0.0297086,-0.00221306,-0.00105272,-0.000237534,3.29266e-06,0,0,0.254336,-0.000178707,0.324415,-0.00261754,-0.0297445,-0.000802755,-0.000828441,0,0,8.67362e-12,0.0646068,0.000552282,-0.0425052,-0.00366977,0.00331532,-0.00010713,0,0,0.00264597,-0.0702641,-0.00261116,0.615117,0.0179975,0.0544467,-0.00223429,0,0,3.46945e-12,0.028812,-0.0100118,-0.0401827,0.0294969,-0.000445737,0.000137087,0,0,-0.315796,0.0308762,-0.297241,0.180131,0.303871,-0.0346466,0.0406033,0,0,1.38778e-11,0.0394809,-0.00626276,0.0405559,0.0106904,-0.0765764,0.00243137,0,0,-0.0313387,-0.251885,-0.00808022,0.544273,-0.0345991,0.396305,-0.00442108,0,0,0,-0.00315983,0.00166591,0.00410373,-0.00180399,0.00325187,-4.94422e-05,0,0,-0.00947314,-0.00350988,-0.00830792,-0.0223769,0.0406257,-0.0044277,0.0650381,0,0,0,0,0,0,0,0,0,-1.20024e-12,0,0,0,0,0,0,0,0,0.905991,-4.50871e-09,0,0,0,0,0,0,0,-1.20024e-12,0,0,0,0,0,0,0,0,-4.50811e-09,0.905991,
1.30104e-12,0.00694446,-0.0127795,-0.00179665,0.00229952,-0.000107431,1.40106e-05,0,0,0.330576,-0.00758267,0.254118,0.00263944,-0.0316198,-0.00313343,-0.000948164,0,0,-1.38778e-11,0.0731922,-0.0043858,0.0483516,0.00275379,0.000883906,-2.91989e-05,0,0,-0.0075762,0.616529,-0.00022067,-0.0696584,0.0031137,-0.0251799,-0.000353307,0,0,-4.77049e-12,-0.00473463,0.0297443,-0.00221037,-0.00105361,-0.000237778,3.29016e-06,0,0,0.254283,-0.000178668,0.324483,-0.00261952,-0.0297392,-0.000803408,-0.000828749,0,0,-1.21431e-11,0.0645912,0.000554276,-0.0424881,-0.00367013,0.00331512,-0.000107154,0,0,0.00265139,-0.0702718,-0.00261331,0.615111,0.0179993,0.0544506,-0.0022341,0,0,-6.07153e-12,0.0288098,-0.0100157,-0.0401775,0.0295157,-0.000442007,0.000137365,0,0,-0.315676,0.0308739,-0.297188,0.180149,0.303853,-0.0346553,0.0406007,0,0,2.77556e-11,0.0394916,-0.00626784,0.0405258,0.0106939,-0.0765612,0.0024314,0,0,-0.0313689,-0.251832,-0.00808656,0.544312,-0.0346078,0.396302,-0.00442144,0,0,0,-0.00316039,0.00166719,0.00410466,-0.00180457,0.00325185,-4.94963e-05,0,0,-0.0094845,-0.00351136,-0.00831105,-0.0223751,0.0406232,-0.00442807,0.0650385,0,0,0,0,2.40048e-12,2.40048e-12,0,2.40048e-12,0,0,0,0,0,0,0,0,0,0,0.905991,-4.33917e-09,0,0,0,0,0,0,0,0,0,0,0,0,0,0,0,0,-4.33797e-09,0.905991,
-2.1684e-12,0.00694382,-0.0127925,-0.00179484,0.00230045,-0.000107386,1.40445e-05,0,0,0.330651,-0.00758904,0.254065,0.00264499,-0.0316079,-0.00313645,-0.000949302,0,0,6.93889e-12,0.0732038,-0.00438636,0.0483317,0.00275322,0.000884178,-2.92163e-05,0,0,-0.00758261,0.616542,-0.000220722,-0.0696659,0.0031135,-0.0251745,-0.000353459,0,0,4.33681e-12,-0.00473608,0.0297801,-0.00220769,-0.00105449,-0.00023802,3.28761e-06,0,0,0.25423,-0.000178626,0.324551,-0.00262151,-0.0297339,-0.000804055,-0.000829057,0,0,1.21431e-11,0.0645756,0.000556268,-0.042471,-0.0036705,0.00331493,-0.000107179,0,0,0.0026568,-0.0702796,-0.00261548,0.615105,0.018001,0.0544545,-0.00223392,0,0,-1.47451e-11,0.0288075,-0.0100194,-0.0401723,0.0295345,-0.000438282,0.000137644,0,0,-0.315556,0.0308717,-0.297134,0.180167,0.303835,-0.0346641,0.0405981,0,0,-1.38778e-11,0.0395023,-0.0062729,0.0404956,0.0106973,-0.0765461,0.00243144,0,0,-0.0313989,-0.251778,-0.00809285,0.544352,-0.0346165,0.396299,-0.0044218,0,0,0,-0.00316096,0.00166847,0.0041056,-0.00180515,0.00325182,-4.95501e-05,0,0,-0.00949588,-0.00351284,-0.00831417,-0.0223733,0.0406206,-0.00442844,0.0650389,0,0,0,-3.60072e-12,0,0,3.60072e-12,-3.60072e-12,0,0,0,0,0,0,0,0,0,0,0.905991,4.08772e-09,0,3.60072e-12,0,0,-3.60072e-12,3.60072e-12,0,0,0,0,0,0,0,0,0,0,4.08712e-09,0.905991,
-8.67362e-13,0.00694319,-0.0128054,-0.00179303,0.00230136,-0.00010734,1.40784e-05,0,0,0.330726,-0.00759541,0.254013,0.00265052,-0.0315959,-0.00313946,-0.000950442,0,0,6.93889e-12,0.0732153,-0.00438691,0.0483117,0.00275264,0.00088445,-2.92337e-05,0,0,-0.00758902,0.616555,-0.00022077,-0.0696733,0.0031133,-0.0251692,-0.000353611,0,0,-1.30104e-12,-0.00473753,0.0298158,-0.00220501,-0.00105537,-0.000238262,3.28504e-06,0,0,0.254178,-0.000178581,0.324619,-0.0026235,-0.0297285,-0.000804696,-0.000829365,0,0,-1.21431e-11,0.06456,0.000558259,-0.0424539,-0.00367086,0.00331473,-0.000107203,0,0,0.00266219,-0.0702874,-0.00261765,0.615099,0.0180028,0.0544584,-0.00223374,0,0,-2.08167e-11,0.0288052,-0.0100232,-0.0401671,0.0295532,-0.000434561,0.000137923,0,0,-0.315436,0.0308695,-0.29708,0.180185,0.303818,-0.0346728,0.0405955,0,0,3.46945e-11,0.039513,-0.00627794,0.0404653,0.0107008,-0.0765309,0.00243148,0,0,-0.0314288,-0.251724,-0.00809908,0.544391,-0.0346252,0.396296,-0.00442216,0,0,0,-0.00316152,0.00166974,0.00410653,-0.00180573,0.0032518,-4.96034e-05,0,0,-0.00950728,-0.00351432,-0.0083173,-0.0223715,0.040618,-0.0044288,0.0650393,0,0,0,0,0,0,0,0,0,0,0,0,0,0,0,0,0,0,0.905991,3.9743e-09,0,0,0,0,0,0,0,0,0,0,0,0,0,0,0,0,3.9746e-09,0.905991,
3.03577e-12,0.00694254,-0.0128183,-0.00179123,0.00230228,-0.000107294,1.41123e-05,0,0,0.330801,-0.00760177,0.25396,0.00265604,-0.0315839,-0.00314246,-0.000951583,0,0,1.38778e-11,0.0732268,-0.00438746,0.0482916,0.00275206,0.000884723,-2.9251e-05,0,0,-0.00759542,0.616568,-0.000220816,-0.0696808,0.0031131,-0.0251638,-0.000353763,0,0,-8.23994e-12,-0.00473897,0.0298515,-0.00220234,-0.00105624,-0.000238502,3.28242e-06,0,0,0.254125,-0.000178533,0.324687,-0.0026255,-0.0297232,-0.000805331,-0.000829673,0,0,-1.21431e-11,0.0645444,0.000560248,-0.0424367,-0.00367123,0.00331454,-0.000107227,0,0,0.00266757,-0.0702952,-0.00261982,0.615093,0.0180046,0.0544623,-0.00223355,0,0,-8.67362e-12,0.0288029,-0.0100269,-0.040162,0.0295719,-0.000430845,0.000138202,0,0,-0.315315,0.0308673,-0.297026,0.180203,0.3038,-0.0346815,0.0405929,0,0,7.63278e-11,0.0395238,-0.00628298,0.0404349,0.0107042,-0.0765157,0.00243152,0,0,-0.0314585,-0.251671,-0.00810526,0.544431,-0.034634,0.396292,-0.00442252,0,0,3.46945e-12,-0.00316209,0.00167101,0.00410747,-0.0018063,0.00325178,-4.96563e-05,0,0,-0.0095187,-0.00351581,-0.00832042,-0.0223697,0.0406155,-0.00442917,0.0650397,0,0,0,0,0,0,0,0,0,-5.76116e-11,0,0,0,0,0,0,0,0,0.905991,3.9644e-09,0,0,2.40048e-12,2.40048e-12,2.40048e-12,-2.40048e-12,2.40048e-12,0,0,0,0,0,0,0,0,0,3.9638e-09,0.905991,
3.90313e-12,0.00694189,-0.0128313,-0.00178942,0.00230318,-0.000107248,1.41462e-05,0,0,0.330876,-0.00760813,0.253907,0.00266154,-0.0315718,-0.00314545,-0.000952727,0,0,0,0.0732384,-0.00438801,0.0482716,0.00275148,0.000884995,-2.92684e-05,0,0,-0.00760181,0.616581,-0.000220858,-0.0696884,0.0031129,-0.0251584,-0.000353915,0,0,-9.54098e-12,-0.0047404,0.0298872,-0.00219966,-0.00105711,-0.000238741,3.27977e-06,0,0,0.254072,-0.000178482,0.324755,-0.00262751,-0.0297178,-0.00080596,-0.000829981,0,0,-6.93889e-12,0.0645287,0.000562236,-0.0424195,-0.00367159,0.00331435,-0.000107252,0,0,0.00267293,-0.070303,-0.002622,0.615087,0.0180064,0.0544662,-0.00223337,0,0,8.67362e-13,0.0288006,-0.0100305,-0.0401568,0.0295906,-0.000427133,0.000138482,0,0,-0.315194,0.030865,-0.296972,0.180221,0.303782,-0.0346902,0.0405903,0,0,3.46945e-11,0.0395346,-0.00628801,0.0404045,0.0107077,-0.0765005,0.00243156,0,0,-0.0314882,-0.251617,-0.00811137,0.54447,-0.0346427,0.396289,-0.00442288,0,0,0,-0.00316265,0.00167228,0.00410841,-0.00180687,0.00325175,-4.97088e-05,0,0,-0.00953014,-0.0035173,-0.00832354,-0.0223678,0.0406129,-0.00442954,0.0650401,0,0,0,0,0,0,0,0,0,-5.64113e-11,0,0,0,0,0,0,0,0,0.905991,4.04391e-09,0,0,0,0,0,0,0,0,0,0,0,0,0,0,0,0,4.04391e-09,0.905991,
-5.63785e-12,0.00694124,-0.0128442,-0.00178761,0.00230408,-0.000107201,1.418e-05,0,0,0.330951,-0.00761448,0.253854,0.00266703,-0.0315597,-0.00314843,-0.000953872,0,0,-1.38778e-11,0.0732499,-0.00438854,0.0482514,0.0027509,0.000885268,-2.92858e-05,0,0,-0.0076082,0.616594,-0.000220897,-0.0696959,0.0031127,-0.025153,-0.000354068,0,0,1.25767e-11,-0.00474182,0.0299229,-0.00219699,-0.00105798,-0.00023898,3.27709e-06,0,0,0.254019,-0.000178427,0.324823,-0.00262952,-0.0297124,-0.000806584,-0.000830289,0,0,0,0.064513,0.000564223,-0.0424024,-0.00367196,0.00331415,-0.000107276,0,0,0.00267827,-0.0703109,-0.00262419,0.615081,0.0180082,0.0544702,-0.00223319,0,0,-3.46945e-12,0.0287983,-0.0100341,-0.0401516,0.0296092,-0.000423426,0.000138762,0,0,-0.315072,0.0308628,-0.296918,0.180239,0.303765,-0.034699,0.0405877,0,0,-2.08167e-11,0.0395454,-0.00629302,0.040374,0.0107111,-0.0764853,0.0024316,0,0,-0.0315177,-0.251563,-0.00811744,0.54451,-0.0346515,0.396286,-0.00442324,0,0,0,-0.00316321,0.00167355,0.00410934,-0.00180743,0.00325173,-4.97609e-05,0,0,-0.00954159,-0.0035188,-0.00832666,-0.022366,0.0406103,-0.00442991,0.0650405,0,0,0,1.20024e-12,0,0,-1.20024e-12,0,-1.20024e-12,-1.20024e-12,0,0,0,0,0,0,0,0,0.905991,4.21915e-09,0,1.20024e-12,0,0,-1.20024e-12,0,-1.20024e-12,-2.40048e-12,0,0,0,0,0,0,0,0,4.21915e-09,0.905991,
-1.30104e-12,0.00694058,-0.0128571,-0.0017858,0.00230497,-0.000107154,1.42139e-05,0,0,0.331027,-0.00762082,0.253801,0.0026725,-0.0315475,-0.00315139,-0.000955019,0,0,0,0.0732614,-0.00438908,0.0482313,0.00275032,0.000885541,-2.93032e-05,0,0,-0.00761458,0.616607,-0.000220933,-0.0697035,0.0031125,-0.0251476,-0.000354221,0,0,3.03577e-12,-0.00474323,0.0299586,-0.00219433,-0.00105885,-0.000239217,3.27437e-06,0,0,0.253967,-0.00017837,0.324891,-0.00263153,-0.029707,-0.000807201,-0.000830596,0,0,1.04083e-11,0.0644973,0.000566209,-0.0423851,-0.00367232,0.00331396,-0.0001073,0,0,0.00268361,-0.0703187,-0.00262638,0.615075,0.01801,0.0544741,-0.002233,0,0,-7.80626e-12,0.0287959,-0.0100377,-0.0401465,0.0296278,-0.000419723,0.000139043,0,0,-0.31495,0.0308606,-0.296863,0.180258,0.303747,-0.0347077,0.0405851,0,0,0,0.0395562,-0.00629802,0.0403434,0.0107145,-0.0764702,0.00243163,0,0,-0.0315472,-0.251509,-0.00812344,0.544549,-0.0346602,0.396282,-0.00442361,0,0,3.46945e-12,-0.00316377,0.00167481,0.00411028,-0.001808,0.00325171,-4.98125e-05,0,0,-0.00955307,-0.0035203,-0.00832978,-0.0223642,0.0406077,-0.00443027,0.065041,0,0,0,0,0,0,0,0,0,0,0,0,0,0,0,0,0,0,0.905991,-4.50691e-09,0,0,0,0,0,0,0,0,0,0,0,0,0,0,0,0,-4.50691e-09,0.905991,
-8.67362e-13,0.00693991,-0.0128701,-0.00178399,0.00230585,-0.000107106,1.42477e-05,0,0,0.331102,-0.00762715,0.253748,0.00267795,-0.0315353,-0.00315434,-0.000956168,0,0,0,0.0732729,-0.0043896,0.0482112,0.00274973,0.000885814,-2.93206e-05,0,0,-0.00762095,0.61662,-0.000220966,-0.0697111,0.0031123,-0.0251422,-0.000354375,0,0,1.30104e-12,-0.00474463,0.0299943,-0.00219166,-0.00105971,-0.000239453,3.27162e-06,0,0,0.253914,-0.000178309,0.32496,-0.00263356,-0.0297016,-0.000807813,-0.000830903,0,0,2.25514e-11,0.0644816,0.000568193,-0.0423679,-0.00367269,0.00331376,-0.000107325,0,0,0.00268892,-0.0703267,-0.00262858,0.615069,0.0180118,0.054478,-0.00223282,0,0,-8.67362e-12,0.0287936,-0.0100412,-0.0401413,0.0296463,-0.000416025,0.000139324,0,0,-0.314827,0.0308584,-0.296809,0.180276,0.30373,-0.0347165,0.0405824,0,0,-5.55112e-11,0.039567,-0.00630301,0.0403128,0.010718,-0.076455,0.00243167,0,0,-0.0315765,-0.251455,-0.00812939,0.544589,-0.034669,0.396279,-0.00442397,0,0,0,-0.00316433,0.00167606,0.00411122,-0.00180855,0.00325169,-4.98638e-05,0,0,-0.00956456,-0.0035218,-0.0083329,-0.0223624,0.0406051,-0.00443064,0.0650414,0,0,0,0,0,0,0,0,0,0,0,0,0,0,0,0,0,0,0.905991,-4.65514e-09,0,0,0,0,0,0,0,0,0,0,0,0,0,0,0,0,-4.65514e-09,0.905991,
-8.67362e-13,0.00693924,-0.012883,-0.00178219,0.00230673,-0.000107058,1.42814e-05,0,0,0.331178,-0.00763347,0.253695,0.00268339,-0.0315231,-0.00315728,-0.000957319,0,0,0,0.0732844,-0.00439013,0.048191,0.00274915,0.000886087,-2.9338e-05,0,0,-0.00762731,0.616634,-0.000220996,-0.0697188,0.0031121,-0.0251367,-0.000354529,0,0,8.67362e-13,-0.00474603,0.03003,-0.002189,-0.00106057,-0.000239689,3.26883e-06,0,0,0.253862,-0.000178245,0.325029,-0.00263558,-0.0296962,-0.00080842,-0.000831211,0,0,-1.73472e-12,0.0644659,0.000570176,-0.0423506,-0.00367305,0.00331357,-0.000107349,0,0,0.00269422,-0.0703346,-0.00263078,0.615062,0.0180136,0.054482,-0.00223264,0,0,-6.93889e-12,0.0287913,-0.0100446,-0.0401362,0.0296648,-0.000412331,0.000139605,0,0,-0.314704,0.0308562,-0.296754,0.180295,0.303713,-0.0347252,0.0405798,0,0,1.38778e-11,0.0395779,-0.00630799,0.0402821,0.0107214,-0.0764398,0.00243171,0,0,-0.0316057,-0.2514,-0.00813529,0.544629,-0.0346778,0.396276,-0.00442433,0,0,3.46945e-12,-0.00316489,0.00167731,0.00411216,-0.00180911,0.00325167,-4.99147e-05,0,0,-0.00957607,-0.00352331,-0.00833601,-0.0223606,0.0406025,-0.00443101,0.0650418,0,0,0,2.40048e-12,2.40048e-12,0,0,0,-2.40048e-12,0,0,0,0,0,0,0,0,0,0.905991,-4.64643e-09,0,0,0,0,0,0,0,0,0,0,0,0,0,0,0,0,-4.64583e-09,0.905991,
0,0.00693856,-0.0128959,-0.00178038,0.0023076,-0.000107009,1.43152e-05,0,0,0.331254,-0.00763979,0.253642,0.00268881,-0.0315108,-0.00316021,-0.000958472,0,0,-6.93889e-12,0.0732959,-0.00439064,0.0481707,0.00274856,0.00088636,-2.93554e-05,0,0,-0.00763367,0.616647,-0.000221023,-0.0697264,0.0031119,-0.0251313,-0.000354683,0,0,3.46945e-12,-0.00474742,0.0300657,-0.00218634,-0.00106142,-0.000239923,3.26601e-06,0,0,0.253809,-0.000178179,0.325098,-0.00263762,-0.0296907,-0.000809021,-0.000831518,0,0,-8.67362e-12,0.0644501,0.000572158,-0.0423333,-0.00367342,0.00331338,-0.000107374,0,0,0.00269951,-0.0703425,-0.00263299,0.615056,0.0180155,0.0544859,-0.00223245,0,0,2.1684e-11,0.0287889,-0.010048,-0.040131,0.0296833,-0.000408641,0.000139887,0,0,-0.31458,0.030854,-0.296699,0.180314,0.303695,-0.034734,0.0405771,0,0,6.245e-11,0.0395888,-0.00631296,0.0402513,0.0107248,-0.0764246,0.00243175,0,0,-0.0316347,-0.251346,-0.00814113,0.544668,-0.0346866,0.396273,-0.0044247,0,0,-3.46945e-12,-0.00316544,0.00167856,0.0041131,-0.00180966,0.00325165,-4.99651e-05,0,0,-0.00958759,-0.00352482,-0.00833912,-0.0223588,0.0405998,-0.00443138,0.0650422,0,0,0,0,0,0,0,0,0,0,0,0,0,0,0,0,0,0,0.905991,-4.4967e-09,0,0,0,0,0,0,0,0,0,0,0,0,0,0,0,0,-4.497e-09,0.905991,
1.73472e-12,0.00693787,-0.0129088,-0.00177857,0.00230847,-0.00010696,1.43489e-05,0,0,0.33133,-0.0076461,0.25359,0.00269422,-0.0314984,-0.00316312,-0.000959627,0,0,-6.93889e-12,0.0733073,-0.00439115,0.0481505,0.00274798,0.000886633,-2.93729e-05,0,0,-0.00764002,0.616661,-0.000221047,-0.0697341,0.0031117,-0.0251258,-0.000354838,0,0,-4.77049e-12,-0.0047488,0.0301014,-0.00218368,-0.00106228,-0.000240157,3.26315e-06,0,0,0.253756,-0.000178109,0.325167,-0.00263966,-0.0296853,-0.000809616,-0.000831825,0,0,1.73472e-11,0.0644343,0.000574138,-0.042316,-0.00367378,0.00331319,-0.000107398,0,0,0.00270478,-0.0703505,-0.0026352,0.61505,0.0180173,0.0544898,-0.00223227,0,0,-1.04083e-11,0.0287866,-0.0100514,-0.0401258,0.0297017,-0.000404956,0.000140169,0,0,-0.314456,0.0308518,-0.296644,0.180332,0.303678,-0.0347428,0.0405744,0,0,-2.08167e-11,0.0395997,-0.00631791,0.0402205,0.0107282,-0.0764095,0.00243179,0,0,-0.0316637,-0.251292,-0.00814692,0.544708,-0.0346954,0.396269,-0.00442506,0,0,3.46945e-12,-0.003166,0.00167981,0.00411404,-0.00181021,0.00325163,-5.00152e-05,0,0,-0.00959914,-0.00352633,-0.00834224,-0.022357,0.0405972,-0.00443175,0.0650426,0,0,0,0,0,0,0,-2.40048e-12,0,0,0,0,0,0,0,0,0,0,0.905991,4.24735e-09,0,0,0,0,0,-2.40048e-12,0,0,0,0,0,0,0,0,0,0,4.24735e-09,0.905991,
-2.1684e-12,0.00693718,-0.0129217,-0.00177677,0.00230932,-0.00010691,1.43827e-05,0,0,0.331406,-0.00765241,0.253537,0.00269961,-0.031486,-0.00316603,-0.000960783,0,0,6.93889e-12,0.0733188,-0.00439166,0.0481302,0.00274739,0.000886907,-2.93903e-05,0,0,-0.00764636,0.616674,-0.000221068,-0.0697418,0.0031115,-0.0251204,-0.000354994,0,0,3.03577e-12,-0.00475017,0.0301371,-0.00218103,-0.00106313,-0.00024039,3.26026e-06,0,0,0.253704,-0.000178037,0.325236,-0.00264171,-0.0296798,-0.000810206,-0.000832131,0,0,-1.56125e-11,0.0644186,0.000576117,-0.0422987,-0.00367414,0.003313,-0.000107423,0,0,0.00271004,-0.0703585,-0.00263742,0.615044,0.0180192,0.0544938,-0.00223209,0,0,-4.33681e-12,0.0287842,-0.0100547,-0.0401207,0.0297201,-0.000401275,0.000140451,0,0,-0.314332,0.0308497,-0.296589,0.180351,0.303661,-0.0347516,0.0405717,0,0,6.93889e-12,0.0396107,-0.00632286,0.0401896,0.0107316,-0.0763943,0.00243183,0,0,-0.0316925,-0.251237,-0.00815266,0.544748,-0.0347042,0.396266,-0.00442542,0,0,0,-0.00316656,0.00168105,0.00411499,-0.00181075,0.00325161,-5.00649e-05,0,0,-0.00961071,-0.00352785,-0.00834535,-0.0223552,0.0405945,-0.00443212,0.0650431,0,0,0,0,0,0,0,0,0,0,0,0,0,0,0,0,0,0,0.905991,4.14773e-09,0,0,0,0,0,0,0,0,0,0,0,0,0,0,0,0,4.14743e-09,0.905991,
-2.1684e-12,0.00693649,-0.0129346,-0.00177496,0.00231017,-0.00010686,1.44164e-05,0,0,0.331483,-0.0076587,0.253484,0.00270499,-0.0314736,-0.00316892,-0.000961942,0,0,1.38778e-11,0.0733303,-0.00439216,0.0481099,0.0027468,0.000887181,-2.94077e-05,0,0,-0.00765269,0.616688,-0.000221086,-0.0697496,0.00311131,-0.0251149,-0.000355149,0,0,6.93889e-12,-0.00475153,0.0301728,-0.00217837,-0.00106397,-0.000240621,3.25733e-06,0,0,0.253651,-0.000177961,0.325305,-0.00264376,-0.0296744,-0.00081079,-0.000832438,0,0,8.67362e-12,0.0644028,0.000578095,-0.0422813,-0.0036745,0.0033128,-0.000107447,0,0,0.00271528,-0.0703666,-0.00263964,0.615038,0.0180211,0.0544977,-0.0022319,0,0,1.04083e-11,0.0287819,-0.010058,-0.0401155,0.0297384,-0.000397598,0.000140734,0,0,-0.314207,0.0308475,-0.296534,0.18037,0.303643,-0.0347604,0.040569,0,0,-2.08167e-11,0.0396217,-0.00632779,0.0401586,0.010735,-0.0763791,0.00243187,0,0,-0.0317213,-0.251182,-0.00815834,0.544788,-0.034713,0.396263,-0.00442579,0,0,-3.46945e-12,-0.00316711,0.00168229,0.00411593,-0.00181129,0.00325159,-5.01141e-05,0,0,-0.00962229,-0.00352938,-0.00834845,-0.0223534,0.0405919,-0.00443249,0.0650435,0,0,0,1.20024e-12,-1.20024e-12,0,0,-1.20024e-12,0,0,0,0,0,0,0,0,0,0,0.905991,4.16004e-09,0,0,0,0,0,0,0,0,0,0,0,0,0,0,0,0,4.15974e-09,0.905991,
1.73472e-12,0.00693579,-0.0129475,-0.00177315,0.00231102,-0.00010681,1.445e-05,0,0,0.33156,-0.007665,0.253431,0.00271035,-0.0314611,-0.0031718,-0.000963102,0,0,0,0.0733418,-0.00439266,0.0480895,0.00274621,0.000887455,-2.94252e-05,0,0,-0.00765902,0.616701,-0.000221102,-0.0697573,0.00311111,-0.0251094,-0.000355305,0,0,-6.07153e-12,-0.00475288,0.0302086,-0.00217572,-0.00106482,-0.000240852,3.25437e-06,0,0,0.253599,-0.000177883,0.325375,-0.00264582,-0.0296689,-0.000811369,-0.000832745,0,0,-3.46945e-12,0.0643869,0.000580072,-0.0422639,-0.00367487,0.00331261,-0.000107472,0,0,0.00272051,-0.0703746,-0.00264187,0.615032,0.018023,0.0545017,-0.00223172,0,0,-7.80626e-12,0.0287795,-0.0100612,-0.0401104,0.0297567,-0.000393925,0.000141018,0,0,-0.314081,0.0308453,-0.296479,0.18039,0.303626,-0.0347692,0.0405663,0,0,4.16334e-11,0.0396327,-0.00633272,0.0401276,0.0107384,-0.076364,0.00243191,0,0,-0.0317499,-0.251128,-0.00816397,0.544827,-0.0347218,0.396259,-0.00442615,0,0,0,-0.00316766,0.00168352,0.00411688,-0.00181183,0.00325157,-5.0163e-05,0,0,-0.00963389,-0.0035309,-0.00835156,-0.0223516,0.0405892,-0.00443286,0.0650439,0,0,0,0,0,1.20024e-12,-1.20024e-12,0,-1.20024e-12,0,0,0,0,0,0,0,0,0,0.905991,4.27676e-09,0,0,0,0,0,0,0,0,0,0,0,0,0,0,0,0,4.27646e-09,0.905991,
-4.33681e-12,0.00693508,-0.0129603,-0.00177135,0.00231185,-0.000106759,1.44837e-05,0,0,0.331636,-0.00767128,0.253379,0.0027157,-0.0314486,-0.00317467,-0.000964264,0,0,-6.93889e-12,0.0733532,-0.00439315,0.0480691,0.00274562,0.000887729,-2.94426e-05,0,0,-0.00766534,0.616715,-0.000221114,-0.0697651,0.00311092,-0.0251039,-0.000355461,0,0,7.80626e-12,-0.00475423,0.0302443,-0.00217308,-0.00106566,-0.000241082,3.25138e-06,0,0,0.253546,-0.000177802,0.325444,-0.00264788,-0.0296634,-0.000811943,-0.000833051,0,0,-1.73472e-12,0.0643711,0.000582047,-0.0422465,-0.00367523,0.00331242,-0.000107497,0,0,0.00272572,-0.0703827,-0.0026441,0.615025,0.0180249,0.0545056,-0.00223154,0,0,-2.60209e-12,0.0287771,-0.0100644,-0.0401052,0.029775,-0.000390257,0.000141301,0,0,-0.313956,0.0308432,-0.296423,0.180409,0.303609,-0.034778,0.0405636,0,0,-2.77556e-11,0.0396437,-0.00633763,0.0400965,0.0107418,-0.0763488,0.00243194,0,0,-0.0317784,-0.251073,-0.00816955,0.544867,-0.0347306,0.396256,-0.00442652,0,0,0,-0.00316822,0.00168475,0.00411782,-0.00181236,0.00325155,-5.02115e-05,0,0,-0.00964551,-0.00353244,-0.00835467,-0.0223497,0.0405865,-0.00443323,0.0650443,0,0,0,0,0,-1.20024e-12,0,0,0,0,0,0,0,0,0,0,0,0,0.905991,-4.50691e-09,0,0,0,0,0,0,0,0,0,0,0,0,0,0,0,0,-4.50661e-09,0.905991,
-2.60209e-12,0.00693437,-0.0129732,-0.00176954,0.00231268,-0.000106707,1.45173e-05,0,0,0.331713,-0.00767756,0.253326,0.00272103,-0.0314361,-0.00317753,-0.000965428,0,0,6.93889e-12,0.0733647,-0.00439363,0.0480487,0.00274503,0.000888003,-2.946e-05,0,0,-0.00767165,0.616729,-0.000221124,-0.0697729,0.00311072,-0.0250984,-0.000355618,0,0,6.93889e-12,-0.00475557,0.03028,-0.00217043,-0.00106649,-0.00024131,3.24835e-06,0,0,0.253494,-0.000177718,0.325514,-0.00264995,-0.0296579,-0.000812511,-0.000833357,0,0,1.56125e-11,0.0643552,0.000584021,-0.0422291,-0.00367559,0.00331223,-0.000107521,0,0,0.00273092,-0.0703908,-0.00264634,0.615019,0.0180268,0.0545096,-0.00223135,0,0,8.67362e-13,0.0287747,-0.0100676,-0.0401001,0.0297932,-0.000386593,0.000141585,0,0,-0.313829,0.030841,-0.296368,0.180428,0.303592,-0.0347868,0.0405609,0,0,-9.71445e-11,0.0396547,-0.00634253,0.0400654,0.0107451,-0.0763337,0.00243198,0,0,-0.0318068,-0.251018,-0.00817507,0.544907,-0.0347395,0.396253,-0.00442689,0,0,-3.46945e-12,-0.00316877,0.00168598,0.00411877,-0.00181289,0.00325153,-5.02596e-05,0,0,-0.00965715,-0.00353397,-0.00835777,-0.0223479,0.0405838,-0.00443361,0.0650448,0,0,0,0,0,0,0,0,0,-1.12823e-10,0,0,0,0,0,0,0,0,0.905991,-4.59212e-09,0,0,0,0,0,0,0,0,0,0,0,0,0,0,0,0,-4.59212e-09,0.905991,
4.33681e-12,0.00693365,-0.0129861,-0.00176774,0.00231351,-0.000106655,1.45509e-05,0,0,0.33179,-0.00768383,0.253273,0.00272635,-0.0314234,-0.00318037,-0.000966594,0,0,0,0.0733761,-0.00439411,0.0480283,0.00274444,0.000888278,-2.94775e-05,0,0,-0.00767795,0.616743,-0.000221131,-0.0697807,0.00311053,-0.0250929,-0.000355775,0,0,-1.34441e-11,-0.0047569,0.0303157,-0.00216779,-0.00106733,-0.000241538,3.24529e-06,0,0,0.253441,-0.000177631,0.325584,-0.00265203,-0.0296523,-0.000813074,-0.000833664,0,0,1.56125e-11,0.0643393,0.000585994,-0.0422116,-0.00367595,0.00331204,-0.000107546,0,0,0.00273611,-0.0703989,-0.00264858,0.615013,0.0180287,0.0545136,-0.00223117,0,0,-2.51535e-11,0.0287723,-0.0100707,-0.0400949,0.0298114,-0.000382933,0.00014187,0,0,-0.313703,0.0308388,-0.296312,0.180448,0.303574,-0.0347957,0.0405582,0,0,-6.245e-11,0.0396658,-0.00634742,0.0400341,0.0107485,-0.0763185,0.00243202,0,0,-0.0318351,-0.250963,-0.00818055,0.544947,-0.0347483,0.39625,-0.00442725,0,0,0,-0.00316932,0.00168721,0.00411971,-0.00181341,0.00325151,-5.03073e-05,0,0,-0.00966881,-0.00353551,-0.00836088,-0.0223461,0.0405811,-0.00443398,0.0650452,0,0,0,0,0,3.60072e-12,0,0,0,0,0,0,0,0,0,0,0,0,0.905991,-4.53121e-09,0,0,0,3.60072e-12,0,0,0,0,0,0,0,0,0,0,0,0,-4.53121e-09,0.905991,
8.67362e-13,0.00693292,-0.0129989,-0.00176593,0.00231432,-0.000106603,1.45845e-05,0,0,0.331868,-0.00769009,0.253221,0.00273165,-0.0314108,-0.00318321,-0.000967762,0,0,0,0.0733876,-0.00439459,0.0480078,0.00274384,0.000888552,-2.9495e-05,0,0,-0.00768425,0.616757,-0.000221135,-0.0697886,0.00311033,-0.0250874,-0.000355933,0,0,-4.77049e-12,-0.00475822,0.0303514,-0.00216515,-0.00106816,-0.000241765,3.2422e-06,0,0,0.253389,-0.000177542,0.325654,-0.00265411,-0.0296468,-0.000813632,-0.00083397,0,0,1.73472e-12,0.0643234,0.000587966,-0.0421942,-0.00367631,0.00331185,-0.000107571,0,0,0.00274128,-0.0704071,-0.00265083,0.615006,0.0180307,0.0545175,-0.00223099,0,0,-1.04083e-11,0.0287699,-0.0100737,-0.0400898,0.0298295,-0.000379277,0.000142154,0,0,-0.313576,0.0308367,-0.296256,0.180467,0.303557,-0.0348045,0.0405554,0,0,2.77556e-11,0.0396769,-0.0063523,0.0400028,0.0107519,-0.0763033,0.00243206,0,0,-0.0318633,-0.250908,-0.00818597,0.544987,-0.0347572,0.396246,-0.00442762,0,0,-3.46945e-12,-0.00316987,0.00168843,0.00412066,-0.00181394,0.00325149,-5.03546e-05,0,0,-0.00968049,-0.00353705,-0.00836398,-0.0223443,0.0405784,-0.00443435,0.0650456,0,0,0,0,0,0,0,0,0,0,0,0,0,0,0,0,0,0,0.905991,-4.34877e-09,0,-1.20024e-12,0,0,-1.20024e-12,0,-1.20024e-12,0,0,0,0,0,0,0,0,0,-4.34817e-09,0.905991,
4.33681e-12,0.00693219,-0.0130118,-0.00176412,0.00231513,-0.00010655,1.46181e-05,0,0,0.331945,-0.00769635,0.253168,0.00273693,-0.0313981,-0.00318603,-0.000968932,0,0,0,0.073399,-0.00439506,0.0479873,0.00274325,0.000888827,-2.95124e-05,0,0,-0.00769054,0.616771,-0.000221136,-0.0697965,0.00311014,-0.0250819,-0.000356091,0,0,-1.30104e-11,-0.00475954,0.0303871,-0.00216251,-0.00106899,-0.000241992,3.23907e-06,0,0,0.253336,-0.00017745,0.325724,-0.00265619,-0.0296412,-0.000814184,-0.000834276,0,0,-5.20417e-12,0.0643075,0.000589936,-0.0421767,-0.00367667,0.00331166,-0.000107595,0,0,0.00274644,-0.0704153,-0.00265308,0.615,0.0180326,0.0545215,-0.0022308,0,0,-1.56125e-11,0.0287675,-0.0100767,-0.0400846,0.0298476,-0.000375626,0.000142439,0,0,-0.313448,0.0308346,-0.2962,0.180487,0.30354,-0.0348133,0.0405527,0,0,-1.38778e-11,0.039688,-0.00635717,0.0399715,0.0107552,-0.0762882,0.0024321,0,0,-0.0318913,-0.250853,-0.00819135,0.545027,-0.034766,0.396243,-0.00442799,0,0,0,-0.00317042,0.00168964,0.00412161,-0.00181445,0.00325147,-5.04015e-05,0,0,-0.00969219,-0.0035386,-0.00836708,-0.0223425,0.0405757,-0.00443472,0.0650461,0,0,0,0,0,1.20024e-12,1.20024e-12,0,-1.20024e-12,0,0,0,0,0,0,0,0,0,0.905991,4.08622e-09,0,0,0,0,-1.20024e-12,0,0,0,0,0,0,0,0,0,0,0,4.08712e-09,0.905991,
-8.67362e-13,0.00693146,-0.0130247,-0.00176232,0.00231594,-0.000106497,1.46517e-05,0,0,0.332023,-0.0077026,0.253115,0.00274221,-0.0313854,-0.00318885,-0.000970104,0,0,-1.38778e-11,0.0734104,-0.00439553,0.0479668,0.00274265,0.000889103,-2.95299e-05,0,0,-0.00769683,0.616785,-0.000221135,-0.0698044,0.00310995,-0.0250763,-0.000356249,0,0,2.1684e-12,-0.00476084,0.0304228,-0.00215988,-0.00106981,-0.000242217,3.23591e-06,0,0,0.253284,-0.000177355,0.325794,-0.00265829,-0.0296357,-0.000814732,-0.000834582,0,0,-3.46945e-12,0.0642916,0.000591906,-0.0421592,-0.00367703,0.00331147,-0.00010762,0,0,0.00275158,-0.0704235,-0.00265534,0.614994,0.0180346,0.0545255,-0.00223062,0,0,-9.54098e-12,0.0287651,-0.0100797,-0.0400794,0.0298657,-0.000371979,0.000142725,0,0,-0.31332,0.0308324,-0.296144,0.180507,0.303523,-0.0348222,0.0405499,0,0,-1.38778e-11,0.0396992,-0.00636202,0.03994,0.0107586,-0.076273,0.00243214,0,0,-0.0319193,-0.250797,-0.00819667,0.545067,-0.0347749,0.39624,-0.00442835,0,0,0,-0.00317097,0.00169086,0.00412256,-0.00181497,0.00325145,-5.04481e-05,0,0,-0.0097039,-0.00354015,-0.00837018,-0.0223407,0.0405729,-0.0044351,0.0650465,0,0,0,0,0,0,2.40048e-12,0,0,0,0,0,0,0,0,0,0,0,0.905991,3.9656e-09,0,0,0,0,0,0,0,0,0,0,0,0,0,0,0,0,3.9656e-09,0.905991,
-9.54098e-12,0.00693071,-0.0130375,-0.00176051,0.00231673,-0.000106444,1.46852e-05,0,0,0.332101,-0.00770884,0.253063,0.00274746,-0.0313726,-0.00319165,-0.000971277,0,0,1.38778e-11,0.0734218,-0.00439599,0.0479462,0.00274205,0.000889378,-2.95474e-05,0,0,-0.00770311,0.616799,-0.000221131,-0.0698123,0.00310976,-0.0250708,-0.000356407,0,0,2.55872e-11,-0.00476214,0.0304585,-0.00215724,-0.00107063,-0.000242441,3.23271e-06,0,0,0.253231,-0.000177258,0.325864,-0.00266038,-0.0296301,-0.000815274,-0.000834887,0,0,5.20417e-12,0.0642756,0.000593874,-0.0421416,-0.00367739,0.00331128,-0.000107645,0,0,0.00275671,-0.0704317,-0.0026576,0.614987,0.0180365,0.0545295,-0.00223044,0,0,8.67362e-13,0.0287627,-0.0100826,-0.0400743,0.0298837,-0.000368335,0.000143011,0,0,-0.313192,0.0308303,-0.296088,0.180527,0.303506,-0.0348311,0.0405471,0,0,-1.38778e-11,0.0397103,-0.00636687,0.0399085,0.0107619,-0.0762579,0.00243218,0,0,-0.0319472,-0.250742,-0.00820195,0.545107,-0.0347837,0.396236,-0.00442872,0,0,3.46945e-12,-0.00317152,0.00169207,0.00412351,-0.00181548,0.00325144,-5.04942e-05,0,0,-0.00971564,-0.0035417,-0.00837328,-0.0223389,0.0405702,-0.00443547,0.0650469,0,0,0,0,0,0,0,0,0,-5.64113e-11,0,0,0,0,0,0,0,0,0.905991,3.94699e-09,0,1.20024e-12,0,0,1.20024e-12,1.20024e-12,-1.20024e-12,-1.20024e-12,0,0,0,0,0,0,0,0,3.94699e-09,0.905991,
4.33681e-12,0.00692997,-0.0130503,-0.00175871,0.00231752,-0.00010639,1.47187e-05,0,0,0.332178,-0.00771508,0.25301,0.0027527,-0.0313597,-0.00319444,-0.000972453,0,0,0,0.0734333,-0.00439644,0.0479256,0.00274145,0.000889654,-2.95649e-05,0,0,-0.00770938,0.616813,-0.000221124,-0.0698202,0.00310957,-0.0250652,-0.000356566,0,0,-6.50521e-12,-0.00476344,0.0304942,-0.00215461,-0.00107145,-0.000242665,3.22948e-06,0,0,0.253179,-0.000177158,0.325935,-0.00266249,-0.0296245,-0.000815811,-0.000835193,0,0,-1.04083e-11,0.0642596,0.000595841,-0.042124,-0.00367775,0.00331109,-0.00010767,0,0,0.00276182,-0.07044,-0.00265987,0.614981,0.0180385,0.0545334,-0.00223025,0,0,3.42608e-11,0.0287603,-0.0100855,-0.0400691,0.0299017,-0.000364696,0.000143297,0,0,-0.313063,0.0308282,-0.296032,0.180547,0.303489,-0.0348399,0.0405443,0,0,3.46945e-11,0.0397215,-0.0063717,0.039877,0.0107653,-0.0762427,0.00243222,0,0,-0.0319749,-0.250686,-0.00820717,0.545147,-0.0347926,0.396233,-0.00442909,0,0,-3.46945e-12,-0.00317206,0.00169327,0.00412446,-0.00181599,0.00325142,-5.054e-05,0,0,-0.00972739,-0.00354326,-0.00837638,-0.0223371,0.0405674,-0.00443584,0.0650474,0,0,0,1.20024e-12,0,0,-1.20024e-12,-1.20024e-12,-1.20024e-12,0,0,0,0,0,0,0,0,0,0.905991,4.01871e-09,0,-1.20024e-12,0,0,1.20024e-12,1.20024e-12,1.20024e-12,0,0,0,0,0,0,0,0,0,4.01901e-09,0.905991,
2.60209e-12,0.00692921,-0.0130632,-0.0017569,0.0023183,-0.000106335,1.47522e-05,0,0,0.332257,-0.00772131,0.252958,0.00275793,-0.0313469,-0.00319722,-0.00097363,0,0,6.93889e-12,0.0734447,-0.00439689,0.047905,0.00274085,0.000889929,-2.95824e-05,0,0,-0.00771564,0.616827,-0.000221115,-0.0698282,0.00310937,-0.0250597,-0.000356726,0,0,-3.90313e-12,-0.00476472,0.0305299,-0.00215198,-0.00107227,-0.000242887,3.22622e-06,0,0,0.253127,-0.000177055,0.326006,-0.0026646,-0.0296189,-0.000816343,-0.000835499,0,0,5.20417e-12,0.0642436,0.000597806,-0.0421064,-0.0036781,0.0033109,-0.000107695,0,0,0.00276692,-0.0704482,-0.00266214,0.614974,0.0180405,0.0545374,-0.00223007,0,0,1.12757e-11,0.0287578,-0.0100883,-0.040064,0.0299196,-0.000361061,0.000143584,0,0,-0.312933,0.0308261,-0.295975,0.180567,0.303472,-0.0348488,0.0405415,0,0,2.08167e-11,0.0397327,-0.00637653,0.0398453,0.0107686,-0.0762276,0.00243226,0,0,-0.0320025,-0.250631,-0.00821235,0.545188,-0.0348015,0.39623,-0.00442946,0,0,0,-0.00317261,0.00169447,0.00412541,-0.00181649,0.0032514,-5.05854e-05,0,0,-0.00973916,-0.00354482,-0.00837947,-0.0223352,0.0405647,-0.00443622,0.0650478,0,0,0,-1.20024e-12,1.20024e-12,-1.20024e-12,-1.20024e-12,0,0,0,0,0,0,0,0,0,0,0,0.905991,4.18374e-09,0,0,0,0,0,0,0,0,0,0,0,0,0,0,0,0,4.18284e-09,0.905991,
4.33681e-12,0.00692845,-0.013076,-0.00175509,0.00231908,-0.000106281,1.47857e-05,0,0,0.332335,-0.00772753,0.252905,0.00276314,-0.031334,-0.00319999,-0.000974809,0,0,-1.38778e-11,0.0734561,-0.00439734,0.0478843,0.00274025,0.000890205,-2.95999e-05,0,0,-0.0077219,0.616841,-0.000221103,-0.0698362,0.00310918,-0.0250541,-0.000356885,0,0,-9.54098e-12,-0.00476599,0.0305656,-0.00214936,-0.00107308,-0.000243109,3.22293e-06,0,0,0.253074,-0.00017695,0.326077,-0.00266671,-0.0296133,-0.000816871,-0.000835804,0,0,1.38778e-11,0.0642276,0.000599771,-0.0420888,-0.00367846,0.00331072,-0.00010772,0,0,0.00277201,-0.0704565,-0.00266441,0.614968,0.0180425,0.0545414,-0.00222989,0,0,1.47451e-11,0.0287554,-0.0100911,-0.0400588,0.0299375,-0.00035743,0.000143871,0,0,-0.312804,0.030824,-0.295919,0.180587,0.303455,-0.0348577,0.0405387,0,0,-6.93889e-11,0.039744,-0.00638134,0.0398136,0.0107719,-0.0762125,0.0024323,0,0,-0.0320301,-0.250575,-0.00821748,0.545228,-0.0348104,0.396227,-0.00442983,0,0,0,-0.00317315,0.00169567,0.00412636,-0.00181699,0.00325138,-5.06304e-05,0,0,-0.00975095,-0.00354639,-0.00838257,-0.0223334,0.0405619,-0.00443659,0.0650482,0,0,0,0,0,0,0,0,0,0,0,0,0,0,0,0,0,0,0.905991,-4.4571e-09,0,0,0,0,0,0,-1.20024e-12,0,0,0,0,0,0,0,0,0,-4.4574e-09,0.905991,
-1.73472e-12,0.00692769,-0.0130888,-0.00175329,0.00231985,-0.000106225,1.48191e-05,0,0,0.332413,-0.00773375,0.252852,0.00276834,-0.031321,-0.00320275,-0.000975991,0,0,6.93889e-12,0.0734675,-0.00439778,0.0478637,0.00273965,0.000890482,-2.96174e-05,0,0,-0.00772815,0.616855,-0.000221089,-0.0698442,0.003109,-0.0250485,-0.000357046,0,0,3.03577e-12,-0.00476726,0.0306013,-0.00214673,-0.00107389,-0.00024333,3.2196e-06,0,0,0.253022,-0.000176842,0.326148,-0.00266883,-0.0296077,-0.000817393,-0.00083611,0,0,-3.46945e-12,0.0642116,0.000601734,-0.0420712,-0.00367882,0.00331053,-0.000107745,0,0,0.00277708,-0.0704649,-0.0026667,0.614961,0.0180445,0.0545454,-0.0022297,0,0,2.60209e-12,0.0287529,-0.0100938,-0.0400537,0.0299554,-0.000353803,0.000144158,0,0,-0.312673,0.0308219,-0.295862,0.180608,0.303439,-0.0348666,0.0405359,0,0,-1.38778e-11,0.0397552,-0.00638614,0.0397818,0.0107752,-0.0761973,0.00243234,0,0,-0.0320575,-0.250519,-0.00822256,0.545268,-0.0348193,0.396223,-0.0044302,0,0,0,-0.0031737,0.00169687,0.00412732,-0.00181749,0.00325137,-5.06751e-05,0,0,-0.00976276,-0.00354796,-0.00838566,-0.0223316,0.0405591,-0.00443697,0.0650487,0,0,0,0,1.20024e-12,0,0,-1.20024e-12,1.20024e-12,0,0,0,0,0,0,0,0,0,0.905991,-4.59572e-09,0,0,0,0,0,0,0,0,0,0,0,0,0,0,0,0,-4.59512e-09,0.905991,
4.33681e-12,0.00692692,-0.0131017,-0.00175148,0.00232061,-0.00010617,1.48526e-05,0,0,0.332492,-0.00773996,0.2528,0.00277352,-0.031308,-0.0032055,-0.000977174,0,0,-6.93889e-12,0.0734789,-0.00439821,0.0478429,0.00273905,0.000890758,-2.9635e-05,0,0,-0.0077344,0.61687,-0.000221072,-0.0698523,0.00310881,-0.0250429,-0.000357206,0,0,-1.25767e-11,-0.00476852,0.030637,-0.00214411,-0.0010747,-0.00024355,3.21624e-06,0,0,0.25297,-0.000176732,0.326219,-0.00267096,-0.029602,-0.00081791,-0.000836415,0,0,-3.46945e-12,0.0641956,0.000603696,-0.0420535,-0.00367917,0.00331034,-0.00010777,0,0,0.00278214,-0.0704732,-0.00266898,0.614955,0.0180465,0.0545494,-0.00222952,0,0,3.46945e-12,0.0287504,-0.0100965,-0.0400485,0.0299732,-0.00035018,0.000144446,0,0,-0.312543,0.0308198,-0.295805,0.180628,0.303422,-0.0348755,0.0405331,0,0,6.93889e-12,0.0397665,-0.00639094,0.03975,0.0107786,-0.0761822,0.00243238,0,0,-0.0320848,-0.250463,-0.00822759,0.545308,-0.0348282,0.39622,-0.00443057,0,0,0,-0.00317424,0.00169806,0.00412827,-0.00181798,0.00325135,-5.07193e-05,0,0,-0.00977459,-0.00354953,-0.00838876,-0.0223298,0.0405563,-0.00443734,0.0650491,0,0,0,1.20024e-12,0,1.20024e-12,-1.20024e-12,0,1.20024e-12,0,0,0,0,0,0,0,0,0,0.905991,-4.58162e-09,0,-1.20024e-12,0,-1.20024e-12,1.20024e-12,0,-1.20024e-12,0,0,0,0,0,0,0,0,0,-4.58162e-09,0.905991,
0,0.00692615,-0.0131145,-0.00174968,0.00232137,-0.000106114,1.4886e-05,0,0,0.33257,-0.00774616,0.252747,0.00277869,-0.031295,-0.00320824,-0.000978359,0,0,-1.38778e-11,0.0734902,-0.00439864,0.0478222,0.00273844,0.000891035,-2.96525e-05,0,0,-0.00774063,0.616884,-0.000221052,-0.0698604,0.00310862,-0.0250373,-0.000357367,0,0,-2.60209e-12,-0.00476978,0.0306727,-0.00214149,-0.0010755,-0.000243769,3.21285e-06,0,0,0.252917,-0.000176619,0.32629,-0.00267309,-0.0295964,-0.000818423,-0.00083672,0,0,5.20417e-12,0.0641795,0.000605657,-0.0420359,-0.00367953,0.00331015,-0.000107794,0,0,0.00278718,-0.0704816,-0.00267128,0.614948,0.0180486,0.0545534,-0.00222934,0,0,-7.80626e-12,0.028748,-0.0100991,-0.0400434,0.029991,-0.000346561,0.000144735,0,0,-0.312412,0.0308177,-0.295748,0.180649,0.303405,-0.0348844,0.0405302,0,0,-3.46945e-11,0.0397778,-0.00639572,0.0397181,0.0107819,-0.076167,0.00243242,0,0,-0.032112,-0.250407,-0.00823257,0.545349,-0.0348371,0.396217,-0.00443094,0,0,0,-0.00317478,0.00169925,0.00412923,-0.00181847,0.00325134,-5.07632e-05,0,0,-0.00978644,-0.00355111,-0.00839185,-0.022328,0.0405535,-0.00443772,0.0650495,0,0,0,0,0,0,0,0,0,0,0,0,0,0,0,0,0,0,0.905991,-4.43369e-09,0,0,0,0,0,0,0,0,0,0,0,0,0,0,0,0,-4.43429e-09,0.905991,
4.33681e-12,0.00692536,-0.0131273,-0.00174787,0.00232211,-0.000106057,1.49194e-05,0,0,0.332649,-0.00775236,0.252695,0.00278384,-0.0312819,-0.00321096,-0.000979546,0,0,-6.93889e-12,0.0735016,-0.00439907,0.0478014,0.00273784,0.000891312,-2.96701e-05,0,0,-0.00774686,0.616899,-0.00022103,-0.0698684,0.00310843,-0.0250317,-0.000357528,0,0,-9.54098e-12,-0.00477102,0.0307084,-0.00213887,-0.0010763,-0.000243987,3.20943e-06,0,0,0.252865,-0.000176504,0.326361,-0.00267523,-0.0295907,-0.00081893,-0.000837025,0,0,8.67362e-12,0.0641634,0.000607617,-0.0420181,-0.00367988,0.00330997,-0.00010782,0,0,0.00279221,-0.07049,-0.00267357,0.614942,0.0180506,0.0545574,-0.00222915,0,0,-6.93889e-12,0.0287455,-0.0101017,-0.0400382,0.0300087,-0.000342946,0.000145023,0,0,-0.31228,0.0308156,-0.295691,0.18067,0.303388,-0.0348933,0.0405274,0,0,4.85723e-11,0.0397892,-0.00640049,0.0396861,0.0107852,-0.0761519,0.00243246,0,0,-0.0321391,-0.250351,-0.00823751,0.545389,-0.034846,0.396213,-0.00443132,0,0,3.46945e-12,-0.00317532,0.00170043,0.00413018,-0.00181895,0.00325132,-5.08067e-05,0,0,-0.00979831,-0.00355269,-0.00839494,-0.0223262,0.0405507,-0.0044381,0.06505,0,0,0,0,0,0,0,0,0,0,0,0,0,0,0,0,0,0,0.905991,4.19094e-09,0,0,0,0,0,0,0,0,0,0,0,0,0,0,0,0,4.19124e-09,0.905991,
1.73472e-12,0.00692458,-0.0131401,-0.00174606,0.00232285,-0.000106001,1.49527e-05,0,0,0.332728,-0.00775856,0.252642,0.00278898,-0.0312687,-0.00321368,-0.000980735,0,0,1.38778e-11,0.073513,-0.00439949,0.0477806,0.00273723,0.00089159,-2.96876e-05,0,0,-0.00775309,0.616913,-0.000221006,-0.0698766,0.00310825,-0.0250261,-0.000357689,0,0,-5.20417e-12,-0.00477226,0.0307442,-0.00213625,-0.0010771,-0.000244204,3.20597e-06,0,0,0.252812,-0.000176386,0.326433,-0.00267737,-0.029585,-0.000819433,-0.00083733,0,0,1.38778e-11,0.0641473,0.000609576,-0.0420004,-0.00368024,0.00330978,-0.000107845,0,0,0.00279723,-0.0704984,-0.00267587,0.614935,0.0180526,0.0545614,-0.00222897,0,0,-9.97466e-12,0.028743,-0.0101043,-0.0400331,0.0300264,-0.000339335,0.000145312,0,0,-0.312148,0.0308135,-0.295634,0.18069,0.303372,-0.0349022,0.0405245,0,0,-5.55112e-11,0.0398005,-0.00640525,0.0396541,0.0107885,-0.0761368,0.0024325,0,0,-0.0321661,-0.250295,-0.0082424,0.545429,-0.034855,0.39621,-0.00443169,0,0,3.46945e-12,-0.00317586,0.00170161,0.00413114,-0.00181943,0.0032513,-5.08499e-05,0,0,-0.0098102,-0.00355427,-0.00839803,-0.0223243,0.0405479,-0.00443847,0.0650504,0,0,0,0,0,0,0,0,0,0,0,0,0,0,0,0,0,0,0.905991,4.09222e-09,0,0,0,0,0,1.20024e-12,0,0,0,0,0,0,0,0,0,0,4.09192e-09,0.905991,
8.67362e-13,0.00692379,-0.0131529,-0.00174426,0.00232359,-0.000105944,1.49861e-05,0,0,0.332807,-0.00776474,0.25259,0.0027941,-0.0312556,-0.00321639,-0.000981926,0,0,-1.38778e-11,0.0735244,-0.00439991,0.0477598,0.00273663,0.000891867,-2.97052e-05,0,0,-0.00775931,0.616928,-0.000220979,-0.0698847,0.00310806,-0.0250204,-0.000357851,0,0,-6.07153e-12,-0.00477349,0.0307799,-0.00213364,-0.00107789,-0.000244421,3.20248e-06,0,0,0.25276,-0.000176266,0.326504,-0.00267952,-0.0295794,-0.000819931,-0.000837635,0,0,1.38778e-11,0.0641312,0.000611533,-0.0419827,-0.00368059,0.00330959,-0.00010787,0,0,0.00280223,-0.0705068,-0.00267818,0.614929,0.0180547,0.0545654,-0.00222878,0,0,-1.95156e-11,0.0287405,-0.0101068,-0.0400279,0.030044,-0.000335728,0.000145602,0,0,-0.312016,0.0308115,-0.295577,0.180711,0.303355,-0.0349111,0.0405217,0,0,-9.02056e-11,0.0398119,-0.00641,0.039622,0.0107918,-0.0761216,0.00243254,0,0,-0.032193,-0.250239,-0.00824724,0.54547,-0.0348639,0.396207,-0.00443206,0,0,0,-0.0031764,0.00170279,0.00413209,-0.00181991,0.00325129,-5.08926e-05,0,0,-0.0098221,-0.00355586,-0.00840112,-0.0223225,0.040545,-0.00443885,0.0650509,0,0,0,0,0,0,0,-1.20024e-12,0,0,0,0,0,0,0,0,0,0,0.905991,4.10152e-09,0,0,0,0,0,0,0,0,0,0,0,0,0,0,0,0,4.10062e-09,0.905991,
8.67362e-13,0.00692299,-0.0131657,-0.00174245,0.00232432,-0.000105886,1.50194e-05,0,0,0.332887,-0.00777092,0.252537,0.00279921,-0.0312423,-0.00321908,-0.000983119,0,0,6.93889e-12,0.0735357,-0.00440032,0.0477389,0.00273602,0.000892145,-2.97227e-05,0,0,-0.00776552,0.616942,-0.00022095,-0.0698929,0.00310787,-0.0250148,-0.000358014,0,0,-2.60209e-12,-0.00477471,0.0308156,-0.00213103,-0.00107869,-0.000244637,3.19896e-06,0,0,0.252708,-0.000176144,0.326576,-0.00268168,-0.0295737,-0.000820424,-0.00083794,0,0,-1.04083e-11,0.064115,0.000613489,-0.0419649,-0.00368094,0.00330941,-0.000107895,0,0,0.00280722,-0.0705153,-0.00268049,0.614922,0.0180568,0.0545694,-0.0022286,0,0,-3.46945e-12,0.028738,-0.0101092,-0.0400227,0.0300616,-0.000332125,0.000145892,0,0,-0.311883,0.0308094,-0.295519,0.180732,0.303338,-0.03492,0.0405188,0,0,0,0.0398233,-0.00641474,0.0395898,0.010795,-0.0761065,0.00243257,0,0,-0.0322198,-0.250183,-0.00825204,0.54551,-0.0348728,0.396204,-0.00443244,0,0,0,-0.00317694,0.00170396,0.00413305,-0.00182038,0.00325127,-5.0935e-05,0,0,-0.00983403,-0.00355745,-0.00840421,-0.0223207,0.0405422,-0.00443923,0.0650513,0,0,0,0,0,0,0,0,0,0,0,0,0,0,0,0,0,0,0.905991,4.20985e-09,0,0,0,0,0,0,0,0,0,0,0,0,0,0,0,0,4.20895e-09,0.905991,
2.60209e-12,0.00692219,-0.0131785,-0.00174065,0.00232504,-0.000105828,1.50527e-05,0,0,0.332966,-0.0077771,0.252485,0.00280431,-0.0312291,-0.00322177,-0.000984314,0,0,-1.38778e-11,0.0735471,-0.00440072,0.047718,0.00273541,0.000892423,-2.97403e-05,0,0,-0.00777173,0.616957,-0.000220918,-0.069901,0.00310769,-0.0250091,-0.000358176,0,0,-7.80626e-12,-0.00477593,0.0308513,-0.00212842,-0.00107947,-0.000244852,3.1954e-06,0,0,0.252656,-0.000176019,0.326648,-0.00268384,-0.0295679,-0.000820913,-0.000838245,0,0,8.67362e-12,0.0640988,0.000615445,-0.0419471,-0.00368129,0.00330922,-0.00010792,0,0,0.0028122,-0.0705238,-0.00268281,0.614915,0.0180589,0.0545734,-0.00222841,0,0,3.90313e-12,0.0287355,-0.0101117,-0.0400176,0.0300792,-0.000328526,0.000146182,0,0,-0.31175,0.0308073,-0.295462,0.180753,0.303322,-0.034929,0.0405159,0,0,-2.08167e-11,0.0398348,-0.00641947,0.0395576,0.0107983,-0.0760914,0.00243261,0,0,-0.0322465,-0.250126,-0.00825679,0.54555,-0.0348818,0.3962,-0.00443281,0,0,-3.46945e-12,-0.00317748,0.00170513,0.00413401,-0.00182085,0.00325126,-5.09771e-05,0,0,-0.00984598,-0.00355905,-0.0084073,-0.0223189,0.0405393,-0.00443961,0.0650518,0,0,0,-3.60072e-12,-3.60072e-12,1.20024e-12,2.40048e-12,2.40048e-12,0,-5.76116e-11,0,0,0,0,0,0,0,0,0.905991,-4.42559e-09,0,2.40048e-12,2.40048e-12,-1.20024e-12,-1.20024e-12,-1.20024e-12,0,0,0,0,0,0,0,0,0,0,-4.42649e-09,0.905991,
6.93889e-12,0.00692138,-0.0131912,-0.00173884,0.00232575,-0.00010577,1.5086e-05,0,0,0.333046,-0.00778327,0.252432,0.00280939,-0.0312158,-0.00322444,-0.000985511,0,0,-6.93889e-12,0.0735584,-0.00440113,0.0476971,0.0027348,0.000892702,-2.97579e-05,0,0,-0.00777793,0.616972,-0.000220884,-0.0699092,0.00310751,-0.0250035,-0.000358339,0,0,-1.60462e-11,-0.00477714,0.030887,-0.00212581,-0.00108026,-0.000245066,3.19182e-06,0,0,0.252603,-0.000175892,0.32672,-0.002686,-0.0295622,-0.000821396,-0.00083855,0,0,-1.73472e-12,0.0640827,0.000617399,-0.0419293,-0.00368164,0.00330904,-0.000107945,0,0,0.00281716,-0.0705323,-0.00268513,0.614909,0.0180609,0.0545774,-0.00222823,0,0,3.03577e-12,0.028733,-0.010114,-0.0400124,0.0300967,-0.000324931,0.000146472,0,0,-0.311616,0.0308053,-0.295404,0.180774,0.303305,-0.0349379,0.040513,0,0,0,0.0398462,-0.00642419,0.0395253,0.0108016,-0.0760763,0.00243265,0,0,-0.0322731,-0.25007,-0.0082615,0.545591,-0.0348907,0.396197,-0.00443318,0,0,0,-0.00317801,0.0017063,0.00413497,-0.00182131,0.00325124,-5.10187e-05,0,0,-0.00985794,-0.00356065,-0.00841038,-0.0223171,0.0405365,-0.00443999,0.0650522,0,0,0,0,0,2.40048e-12,0,2.40048e-12,-2.40048e-12,0,0,0,0,0,0,0,0,0,0.905991,-4.50601e-09,0,0,0,-2.40048e-12,0,-2.40048e-12,2.40048e-12,0,0,0,0,0,0,0,0,0,-4.50691e-09,0.905991,
8.67362e-13,0.00692056,-0.013204,-0.00173703,0.00232646,-0.000105711,1.51193e-05,0,0,0.333126,-0.00778943,0.25238,0.00281446,-0.0312024,-0.00322711,-0.00098671,0,0,-6.93889e-12,0.0735698,-0.00440152,0.0476762,0.00273419,0.00089298,-2.97755e-05,0,0,-0.00778412,0.616987,-0.000220847,-0.0699175,0.00310732,-0.0249978,-0.000358503,0,0,-3.03577e-12,-0.00477834,0.0309227,-0.0021232,-0.00108104,-0.000245279,3.1882e-06,0,0,0.252551,-0.000175762,0.326792,-0.00268817,-0.0295565,-0.000821876,-0.000838855,0,0,8.67362e-12,0.0640665,0.000619352,-0.0419114,-0.00368199,0.00330885,-0.00010797,0,0,0.00282211,-0.0705408,-0.00268745,0.614902,0.018063,0.0545814,-0.00222805,0,0,-2.1684e-12,0.0287304,-0.0101163,-0.0400073,0.0301142,-0.000321339,0.000146763,0,0,-0.311482,0.0308033,-0.295346,0.180796,0.303289,-0.0349469,0.0405101,0,0,3.46945e-11,0.0398577,-0.00642889,0.0394929,0.0108048,-0.0760611,0.00243269,0,0,-0.0322996,-0.250013,-0.00826616,0.545631,-0.0348997,0.396194,-0.00443356,0,0,0,-0.00317855,0.00170746,0.00413593,-0.00182178,0.00325123,-5.106e-05,0,0,-0.00986993,-0.00356225,-0.00841347,-0.0223152,0.0405336,-0.00444037,0.0650527,0,0,0,0,0,0,0,0,0,0,0,0,0,0,0,0,0,0,0.905991,-4.44569e-09,0,0,0,0,0,0,0,0,0,0,0,0,0,0,0,0,-4.44599e-09,0.905991,
8.67362e-12,0.00691974,-0.0132168,-0.00173523,0.00232716,-0.000105652,1.51526e-05,0,0,0.333206,-0.00779558,0.252327,0.00281951,-0.031189,-0.00322976,-0.000987911,0,0,-1.38778e-11,0.0735811,-0.00440192,0.0476552,0.00273357,0.000893259,-2.97931e-05,0,0,-0.00779031,0.617001,-0.000220809,-0.0699257,0.00310714,-0.0249921,-0.000358666,0,0,-2.38524e-11,-0.00477953,0.0309584,-0.0021206,-0.00108182,-0.000245491,3.18455e-06,0,0,0.252499,-0.000175631,0.326865,-0.00269035,-0.0295507,-0.00082235,-0.000839159,0,0,-5.20417e-12,0.0640502,0.000621303,-0.0418936,-0.00368234,0.00330867,-0.000107995,0,0,0.00282704,-0.0705494,-0.00268978,0.614895,0.0180652,0.0545854,-0.00222786,0,0,-4.33681e-12,0.0287279,-0.0101186,-0.0400021,0.0301316,-0.000317752,0.000147055,0,0,-0.311348,0.0308012,-0.295289,0.180817,0.303272,-0.0349558,0.0405072,0,0,-2.08167e-11,0.0398692,-0.00643359,0.0394604,0.0108081,-0.076046,0.00243273,0,0,-0.032326,-0.249956,-0.00827077,0.545672,-0.0349087,0.39619,-0.00443394,0,0,0,-0.00317908,0.00170862,0.00413689,-0.00182223,0.00325122,-5.1101e-05,0,0,-0.00988193,-0.00356386,-0.00841655,-0.0223134,0.0405307,-0.00444075,0.0650531,0,0,0,0,0,1.20024e-12,0,0,0,0,0,0,0,0,0,0,0,0,0.905991,4.27166e-09,0,-1.20024e-12,-1.20024e-12,0,1.20024e-12,1.20024e-12,0,0,0,0,0,0,0,0,0,0,4.27196e-09,0.905991,
-8.67362e-12,0.00691892,-0.0132295,-0.00173342,0.00232785,-0.000105593,1.51858e-05,0,0,0.333286,-0.00780174,0.252275,0.00282455,-0.0311756,-0.0032324,-0.000989113,0,0,6.93889e-12,0.0735924,-0.0044023,0.0476342,0.00273296,0.000893539,-2.98108e-05,0,0,-0.00779649,0.617016,-0.000220768,-0.069934,0.00310696,-0.0249864,-0.00035883,0,0,1.82146e-11,-0.00478072,0.0309942,-0.002118,-0.0010826,-0.000245703,3.18087e-06,0,0,0.252446,-0.000175497,0.326937,-0.00269253,-0.029545,-0.00082282,-0.000839464,0,0,3.46945e-12,0.064034,0.000623254,-0.0418757,-0.00368269,0.00330848,-0.000108021,0,0,0.00283196,-0.070558,-0.00269212,0.614889,0.0180673,0.0545895,-0.00222768,0,0,-2.21177e-11,0.0287253,-0.0101208,-0.039997,0.030149,-0.000314169,0.000147347,0,0,-0.311213,0.0307992,-0.295231,0.180838,0.303256,-0.0349648,0.0405042,0,0,6.93889e-12,0.0398808,-0.00643828,0.0394279,0.0108114,-0.0760309,0.00243277,0,0,-0.0323523,-0.249899,-0.00827534,0.545712,-0.0349176,0.396187,-0.00443431,0,0,3.46945e-12,-0.00317962,0.00170978,0.00413785,-0.00182269,0.0032512,-5.11415e-05,0,0,-0.00989395,-0.00356547,-0.00841964,-0.0223116,0.0405278,-0.00444113,0.0650536,0,0,0,-1.20024e-12,0,1.20024e-12,1.20024e-12,-1.20024e-12,1.20024e-12,0,0,0,0,0,0,0,0,0,0.905991,4.23145e-09,0,1.20024e-12,0,-2.40048e-12,-1.20024e-12,1.20024e-12,-2.40048e-12,0,0,0,0,0,0,0,0,0,4.23145e-09,0.905991,
-8.67362e-13,0.00691809,-0.0132423,-0.00173161,0.00232854,-0.000105533,1.5219e-05,0,0,0.333366,-0.00780788,0.252222,0.00282957,-0.0311621,-0.00323504,-0.000990318,0,0,-1.38778e-11,0.0736037,-0.00440269,0.0476131,0.00273234,0.000893818,-2.98284e-05,0,0,-0.00780266,0.617031,-0.000220724,-0.0699423,0.00310678,-0.0249807,-0.000358995,0,0,-8.67362e-13,-0.00478189,0.0310299,-0.0021154,-0.00108337,-0.000245914,3.17716e-06,0,0,0.252394,-0.000175361,0.32701,-0.00269472,-0.0295392,-0.000823285,-0.000839769,0,0,8.67362e-12,0.0640177,0.000625204,-0.0418578,-0.00368304,0.0033083,-0.000108046,0,0,0.00283687,-0.0705666,-0.00269446,0.614882,0.0180694,0.0545935,-0.00222749,0,0,-1.25767e-11,0.0287228,-0.010123,-0.0399918,0.0301663,-0.000310589,0.000147639,0,0,-0.311077,0.0307972,-0.295172,0.18086,0.303239,-0.0349738,0.0405013,0,0,-6.245e-11,0.0398923,-0.00644296,0.0393954,0.0108146,-0.0760158,0.00243281,0,0,-0.0323785,-0.249842,-0.00827987,0.545753,-0.0349266,0.396184,-0.00443469,0,0,3.46945e-12,-0.00318015,0.00171093,0.00413881,-0.00182314,0.00325119,-5.11817e-05,0,0,-0.009906,-0.00356708,-0.00842272,-0.0223098,0.0405249,-0.00444151,0.065054,0,0,0,0,-1.20024e-12,1.20024e-12,1.20024e-12,0,0,0,0,0,0,0,0,0,0,0,0.905991,-4.30436e-09,0,0,-1.20024e-12,1.20024e-12,1.20024e-12,0,0,0,0,0,0,0,0,0,0,0,-4.30376e-09,0.905991,
3.46945e-12,0.00691725,-0.0132551,-0.0017298,0.00232922,-0.000105473,1.52522e-05,0,0,0.333446,-0.00781402,0.25217,0.00283458,-0.0311486,-0.00323766,-0.000991525,0,0,0,0.0736151,-0.00440306,0.0475921,0.00273173,0.000894098,-2.9846e-05,0,0,-0.00780883,0.617046,-0.000220679,-0.0699506,0.0031066,-0.024975,-0.000359159,0,0,-9.97466e-12,-0.00478307,0.0310656,-0.0021128,-0.00108414,-0.000246124,3.17341e-06,0,0,0.252342,-0.000175222,0.327082,-0.00269691,-0.0295334,-0.000823746,-0.000840073,0,0,3.46945e-12,0.0640015,0.000627152,-0.0418398,-0.00368339,0.00330811,-0.000108071,0,0,0.00284177,-0.0705752,-0.0026968,0.614875,0.0180715,0.0545975,-0.00222731,0,0,-1.73472e-12,0.0287202,-0.0101252,-0.0399866,0.0301836,-0.000307013,0.000147931,0,0,-0.310941,0.0307951,-0.295114,0.180882,0.303223,-0.0349827,0.0404983,0,0,6.93889e-12,0.0399039,-0.00644762,0.0393627,0.0108178,-0.0760007,0.00243285,0,0,-0.0324046,-0.249785,-0.00828435,0.545794,-0.0349356,0.396181,-0.00443507,0,0,0,-0.00318068,0.00171208,0.00413977,-0.00182358,0.00325117,-5.12216e-05,0,0,-0.00991806,-0.0035687,-0.00842581,-0.0223079,0.040522,-0.00444189,0.0650545,0,0,0,1.20024e-12,-1.20024e-12,0,0,0,1.20024e-12,2.40048e-12,0,0,0,0,0,0,0,0,0.905991,4.25395e-09,0,0,0,0,0,0,0,-1.15223e-10,0,0,0,0,0,0,0,0,4.25395e-09,0.905991,
-8.67362e-13,0.00691641,-0.0132678,-0.001728,0.00232989,-0.000105412,1.52854e-05,0,0,0.333527,-0.00782015,0.252117,0.00283957,-0.031135,-0.00324027,-0.000992733,0,0,6.93889e-12,0.0736264,-0.00440344,0.047571,0.00273111,0.000894378,-2.98637e-05,0,0,-0.007815,0.617061,-0.000220631,-0.069959,0.00310642,-0.0249693,-0.000359325,0,0,2.1684e-12,-0.00478423,0.0311013,-0.0021102,-0.00108491,-0.000246333,3.16964e-06,0,0,0.25229,-0.000175082,0.327155,-0.00269911,-0.0295276,-0.000824203,-0.000840378,0,0,-1.73472e-12,0.0639852,0.0006291,-0.0418219,-0.00368374,0.00330793,-0.000108097,0,0,0.00284665,-0.0705838,-0.00269915,0.614868,0.0180737,0.0546015,-0.00222712,0,0,1.73472e-12,0.0287176,-0.0101273,-0.0399815,0.0302009,-0.000303441,0.000148224,0,0,-0.310805,0.0307931,-0.295056,0.180903,0.303207,-0.0349917,0.0404954,0,0,-6.93889e-12,0.0399155,-0.00645228,0.03933,0.0108211,-0.0759856,0.00243289,0,0,-0.0324306,-0.249728,-0.00828879,0.545834,-0.0349446,0.396177,-0.00443544,0,0,0,-0.00318121,0.00171322,0.00414073,-0.00182402,0.00325116,-5.12611e-05,0,0,-0.00993014,-0.00357032,-0.00842889,-0.0223061,0.040519,-0.00444228,0.0650549,0,0,0,0,0,-1.20024e-12,0,0,0,0,0,0,0,0,0,0,0,0,0.905991,-4.32027e-09,0,0,0,-1.20024e-12,0,0,0,0,0,0,0,0,0,0,0,0,-4.31997e-09,0.905991,
2.60209e-12,0.00691557,-0.0132805,-0.00172619,0.00233055,-0.000105351,1.53186e-05,0,0,0.333608,-0.00782628,0.252065,0.00284456,-0.0311214,-0.00324288,-0.000993944,0,0,-1.38778e-11,0.0736377,-0.00440381,0.0475499,0.00273049,0.000894659,-2.98814e-05,0,0,-0.00782115,0.617076,-0.000220581,-0.0699673,0.00310624,-0.0249636,-0.00035949,0,0,-8.23994e-12,-0.00478539,0.031137,-0.0021076,-0.00108568,-0.000246541,3.16583e-06,0,0,0.252237,-0.000174939,0.327228,-0.00270131,-0.0295218,-0.000824655,-0.000840682,0,0,-1.73472e-12,0.0639688,0.000631046,-0.0418039,-0.00368408,0.00330775,-0.000108122,0,0,0.00285151,-0.0705925,-0.0027015,0.614862,0.0180758,0.0546056,-0.00222693,0,0,-3.90313e-12,0.0287151,-0.0101293,-0.0399763,0.0302181,-0.000299874,0.000148518,0,0,-0.310668,0.0307911,-0.294997,0.180925,0.30319,-0.0350007,0.0404924,0,0,2.08167e-11,0.0399272,-0.00645693,0.0392972,0.0108243,-0.0759705,0.00243293,0,0,-0.0324564,-0.249671,-0.00829319,0.545875,-0.0349536,0.396174,-0.00443582,0,0,0,-0.00318174,0.00171436,0.0041417,-0.00182446,0.00325115,-5.13002e-05,0,0,-0.00994224,-0.00357194,-0.00843197,-0.0223043,0.0405161,-0.00444266,0.0650554,0,0,0,0,0,0,0,1.20024e-12,0,0,0,0,0,0,0,0,0,0,0.905991,4.26296e-09,0,0,0,0,0,0,0,0,0,0,0,0,0,0,0,0,4.26296e-09,0.905991,
0,0.00691471,-0.0132933,-0.00172438,0.00233121,-0.00010529,1.53517e-05,0,0,0.333688,-0.0078324,0.252012,0.00284952,-0.0311078,-0.00324547,-0.000995157,0,0,0,0.073649,-0.00440417,0.0475287,0.00272987,0.00089494,-2.9899e-05,0,0,-0.0078273,0.617091,-0.000220529,-0.0699757,0.00310606,-0.0249578,-0.000359656,0,0,-1.73472e-12,-0.00478654,0.0311727,-0.00210501,-0.00108644,-0.000246749,3.16199e-06,0,0,0.252185,-0.000174794,0.327301,-0.00270352,-0.029516,-0.000825102,-0.000840986,0,0,-1.73472e-12,0.0639525,0.000632991,-0.0417859,-0.00368443,0.00330756,-0.000108147,0,0,0.00285637,-0.0706012,-0.00270386,0.614855,0.018078,0.0546096,-0.00222675,0,0,-7.37257e-12,0.0287125,-0.0101313,-0.0399711,0.0302353,-0.000296309,0.000148812,0,0,-0.310531,0.0307891,-0.294939,0.180947,0.303174,-0.0350097,0.0404894,0,0,-6.93889e-12,0.0399388,-0.00646156,0.0392644,0.0108275,-0.0759554,0.00243297,0,0,-0.0324822,-0.249614,-0.00829754,0.545916,-0.0349626,0.396171,-0.0044362,0,0,0,-0.00318227,0.0017155,0.00414266,-0.0018249,0.00325114,-5.1339e-05,0,0,-0.00995436,-0.00357357,-0.00843505,-0.0223024,0.0405131,-0.00444304,0.0650559,0,0,0,0,0,0,0,0,0,0,0,0,0,0,0,0,0,0,0.905991,-4.32207e-09,0,0,-1.20024e-12,0,0,0,1.20024e-12,0,0,0,0,0,0,0,0,0,-4.32267e-09,0.905991,
2.60209e-12,0.00691386,-0.013306,-0.00172257,0.00233186,-0.000105228,1.53848e-05,0,0,0.333769,-0.00783852,0.25196,0.00285447,-0.0310941,-0.00324805,-0.000996371,0,0,-1.38778e-11,0.0736603,-0.00440453,0.0475075,0.00272925,0.000895221,-2.99167e-05,0,0,-0.00783345,0.617107,-0.000220475,-0.0699841,0.00310588,-0.0249521,-0.000359822,0,0,-8.67362e-12,-0.00478768,0.0312085,-0.00210242,-0.0010872,-0.000246956,3.15812e-06,0,0,0.252133,-0.000174647,0.327374,-0.00270573,-0.0295102,-0.000825545,-0.000841291,0,0,1.04083e-11,0.0639361,0.000634935,-0.0417679,-0.00368477,0.00330738,-0.000108173,0,0,0.00286121,-0.0706099,-0.00270623,0.614848,0.0180802,0.0546137,-0.00222656,0,0,-1.86483e-11,0.0287099,-0.0101333,-0.039966,0.0302524,-0.000292749,0.000149106,0,0,-0.310394,0.0307872,-0.29488,0.180969,0.303158,-0.0350187,0.0404864,0,0,-2.77556e-11,0.0399505,-0.00646619,0.0392315,0.0108307,-0.0759403,0.00243301,0,0,-0.0325079,-0.249556,-0.00830185,0.545956,-0.0349716,0.396168,-0.00443658,0,0,0,-0.0031828,0.00171663,0.00414363,-0.00182533,0.00325112,-5.13774e-05,0,0,-0.00996651,-0.0035752,-0.00843814,-0.0223006,0.0405102,-0.00444343,0.0650563,0,0,0,0,0,0,0,0,0,0,0,0,0,0,0,0,0,0,0.905991,4.25966e-09,0,0,3.60072e-12,0,0,0,0,0,0,0,0,0,0,0,0,0,4.26026e-09,0.905991,
-8.67362e-13,0.00691299,-0.0133187,-0.00172077,0.00233251,-0.000105166,1.54179e-05,0,0,0.333851,-0.00784463,0.251907,0.00285941,-0.0310803,-0.00325062,-0.000997588,0,0,6.93889e-12,0.0736715,-0.00440489,0.0474863,0.00272863,0.000895502,-2.99344e-05,0,0,-0.00783959,0.617122,-0.000220419,-0.0699925,0.00310571,-0.0249463,-0.000359988,0,0,2.1684e-12,-0.00478882,0.0312442,-0.00209983,-0.00108795,-0.000247162,3.15422e-06,0,0,0.25208,-0.000174498,0.327448,-0.00270795,-0.0295044,-0.000825984,-0.000841595,0,0,1.56125e-11,0.0639198,0.000636878,-0.0417498,-0.00368511,0.0033072,-0.000108198,0,0,0.00286604,-0.0706187,-0.00270859,0.614841,0.0180824,0.0546177,-0.00222638,0,0,4.33681e-13,0.0287073,-0.0101352,-0.0399608,0.0302695,-0.000289193,0.0001494,0,0,-0.310256,0.0307852,-0.294821,0.180991,0.303142,-0.0350277,0.0404834,0,0,6.93889e-12,0.0399622,-0.00647081,0.0391985,0.0108339,-0.0759252,0.00243305,0,0,-0.0325335,-0.249499,-0.00830611,0.545997,-0.0349806,0.396164,-0.00443696,0,0,-3.46945e-12,-0.00318332,0.00171777,0.00414459,-0.00182575,0.00325111,-5.14154e-05,0,0,-0.00997867,-0.00357684,-0.00844122,-0.0222988,0.0405072,-0.00444381,0.0650568,0,0,0,0,0,0,0,0,0,0,0,0,0,0,0,0,0,0,0.905991,-4.31427e-09,0,-1.20024e-12,0,1.20024e-12,-1.20024e-12,0,-1.20024e-12,0,0,0,0,0,0,0,0,0,-4.31427e-09,0.905991,
5.20417e-12,0.00691213,-0.0133314,-0.00171896,0.00233315,-0.000105104,1.5451e-05,0,0,0.333932,-0.00785073,0.251855,0.00286434,-0.0310665,-0.00325319,-0.000998807,0,0,-6.93889e-12,0.0736828,-0.00440524,0.0474651,0.00272801,0.000895784,-2.99521e-05,0,0,-0.00784572,0.617137,-0.00022036,-0.070001,0.00310553,-0.0249405,-0.000360155,0,0,-1.73472e-11,-0.00478995,0.0312799,-0.00209724,-0.00108871,-0.000247367,3.15028e-06,0,0,0.252028,-0.000174347,0.327521,-0.00271018,-0.0294985,-0.000826418,-0.000841899,0,0,8.67362e-12,0.0639034,0.00063882,-0.0417317,-0.00368546,0.00330701,-0.000108224,0,0,0.00287085,-0.0706274,-0.00271097,0.614834,0.0180846,0.0546217,-0.00222619,0,0,-2.0383e-11,0.0287046,-0.010137,-0.0399556,0.0302865,-0.00028564,0.000149695,0,0,-0.310117,0.0307832,-0.294762,0.181013,0.303126,-0.0350367,0.0404804,0,0,-5.55112e-11,0.039974,-0.00647541,0.0391654,0.0108371,-0.0759101,0.00243309,0,0,-0.032559,-0.249441,-0.00831033,0.546038,-0.0349897,0.396161,-0.00443734,0,0,0,-0.00318385,0.00171889,0.00414556,-0.00182617,0.0032511,-5.14531e-05,0,0,-0.00999085,-0.00357848,-0.0084443,-0.0222969,0.0405042,-0.0044442,0.0650572,0,0,0,0,-1.20024e-12,0,-1.20024e-12,-1.20024e-12,0,0,0,0,0,0,0,0,0,0,0.905991,4.24855e-09,0,0,0,0,0,0,0,0,0,0,0,0,0,0,0,0,4.24825e-09,0.905991,
0,0.00691125,-0.0133442,-0.00171715,0.00233378,-0.000105041,1.54841e-05,0,0,0.334013,-0.00785683,0.251802,0.00286925,-0.0310527,-0.00325574,-0.00100003,0,0,-6.93889e-12,0.0736941,-0.00440559,0.0474438,0.00272738,0.000896066,-2.99698e-05,0,0,-0.00785185,0.617153,-0.000220299,-0.0700095,0.00310535,-0.0249348,-0.000360322,0,0,-2.60209e-12,-0.00479107,0.0313156,-0.00209465,-0.00108946,-0.000247572,3.14632e-06,0,0,0.251976,-0.000174194,0.327595,-0.00271241,-0.0294926,-0.000826848,-0.000842204,0,0,-1.56125e-11,0.0638869,0.000640761,-0.0417136,-0.0036858,0.00330683,-0.000108249,0,0,0.00287566,-0.0706362,-0.00271334,0.614827,0.0180868,0.0546258,-0.00222601,0,0,-8.67362e-12,0.028702,-0.0101389,-0.0399504,0.0303035,-0.000282091,0.000149991,0,0,-0.309979,0.0307812,-0.294703,0.181036,0.30311,-0.0350457,0.0404774,0,0,2.77556e-11,0.0399857,-0.00648001,0.0391323,0.0108403,-0.075895,0.00243313,0,0,-0.0325844,-0.249383,-0.00831452,0.546079,-0.0349987,0.396158,-0.00443773,0,0,0,-0.00318437,0.00172002,0.00414652,-0.00182659,0.00325109,-5.14904e-05,0,0,-0.010003,-0.00358012,-0.00844738,-0.0222951,0.0405012,-0.00444459,0.0650577,0,0,0,0,0,0,0,0,0,0,0,0,0,0,0,0,0,0,0.905991,-4.29776e-09,0,0,0,0,0,0,0,0,0,0,0,0,0,0,0,0,-4.29716e-09,0.905991,
0,0.00691037,-0.0133569,-0.00171534,0.0023344,-0.000104978,1.55171e-05,0,0,0.334095,-0.00786293,0.25175,0.00287415,-0.0310389,-0.00325829,-0.00100125,0,0,2.08167e-11,0.0737054,-0.00440593,0.0474225,0.00272676,0.000896349,-2.99876e-05,0,0,-0.00785797,0.617168,-0.000220237,-0.0700179,0.00310518,-0.024929,-0.00036049,0,0,4.33681e-13,-0.00479218,0.0313514,-0.00209207,-0.0010902,-0.000247775,3.14232e-06,0,0,0.251924,-0.000174039,0.327669,-0.00271464,-0.0294868,-0.000827274,-0.000842508,0,0,-5.20417e-12,0.0638705,0.000642701,-0.0416955,-0.00368614,0.00330665,-0.000108275,0,0,0.00288044,-0.070645,-0.00271572,0.61482,0.018089,0.0546298,-0.00222582,0,0,4.33681e-13,0.0286994,-0.0101406,-0.0399453,0.0303205,-0.000278546,0.000150287,0,0,-0.309839,0.0307793,-0.294644,0.181058,0.303094,-0.0350548,0.0404743,0,0,4.16334e-11,0.0399975,-0.0064846,0.0390991,0.0108435,-0.0758799,0.00243317,0,0,-0.0326097,-0.249325,-0.00831866,0.54612,-0.0350077,0.396154,-0.00443811,0,0,3.46945e-12,-0.0031849,0.00172114,0.00414749,-0.00182701,0.00325108,-5.15274e-05,0,0,-0.0100153,-0.00358177,-0.00845046,-0.0222932,0.0404982,-0.00444497,0.0650582,0,0,0,0,0,0,0,0,0,0,0,0,0,0,0,0,0,0,0.905991,4.22755e-09,0,0,0,0,0,0,0,0,0,0,0,0,0,0,0,0,4.22815e-09,0.905991,
-3.46945e-12,0.00690949,-0.0133696,-0.00171353,0.00233502,-0.000104915,1.55502e-05,0,0,0.334177,-0.00786902,0.251697,0.00287903,-0.0310249,-0.00326082,-0.00100247,0,0,6.93889e-12,0.0737166,-0.00440626,0.0474012,0.00272613,0.000896632,-3.00053e-05,0,0,-0.00786409,0.617183,-0.000220172,-0.0700265,0.003105,-0.0249232,-0.000360658,0,0,9.1073e-12,-0.00479329,0.0313871,-0.00208948,-0.00109095,-0.000247978,3.1383e-06,0,0,0.251871,-0.000173882,0.327742,-0.00271689,-0.0294809,-0.000827695,-0.000842812,0,0,2.94903e-11,0.0638541,0.00064464,-0.0416774,-0.00368648,0.00330647,-0.0001083,0,0,0.00288522,-0.0706538,-0.00271811,0.614814,0.0180912,0.0546339,-0.00222563,0,0,-1.30104e-11,0.0286967,-0.0101423,-0.0399401,0.0303374,-0.000275005,0.000150583,0,0,-0.3097,0.0307773,-0.294585,0.18108,0.303078,-0.0350638,0.0404713,0,0,-1.38778e-11,0.0400093,-0.00648917,0.0390659,0.0108467,-0.0758648,0.00243321,0,0,-0.0326349,-0.249268,-0.00832275,0.546161,-0.0350168,0.396151,-0.00443849,0,0,0,-0.00318542,0.00172225,0.00414846,-0.00182742,0.00325106,-5.1564e-05,0,0,-0.0100275,-0.00358342,-0.00845354,-0.0222914,0.0404952,-0.00444536,0.0650586,0,0,0,0,0,0,0,0,0,1.14023e-10,0,0,0,0,0,0,0,0,0.905991,4.27376e-09,0,0,0,0,0,0,0,0,0,0,0,0,0,0,0,0,4.27376e-09,0.905991,
-1.73472e-12,0.0069086,-0.0133823,-0.00171172,0.00233563,-0.000104852,1.55832e-05,0,0,0.334259,-0.0078751,0.251645,0.0028839,-0.031011,-0.00326334,-0.0010037,0,0,0,0.0737279,-0.0044066,0.0473798,0.0027255,0.000896915,-3.00231e-05,0,0,-0.0078702,0.617199,-0.000220105,-0.070035,0.00310483,-0.0249174,-0.000360826,0,0,0,-0.00479439,0.0314228,-0.0020869,-0.00109169,-0.00024818,3.13424e-06,0,0,0.251819,-0.000173723,0.327816,-0.00271913,-0.029475,-0.000828112,-0.000843116,0,0,6.93889e-12,0.0638376,0.000646578,-0.0416592,-0.00368682,0.00330629,-0.000108326,0,0,0.00288998,-0.0706627,-0.0027205,0.614807,0.0180934,0.0546379,-0.00222545,0,0,-2.42861e-11,0.0286941,-0.010144,-0.0399349,0.0303542,-0.000271468,0.000150879,0,0,-0.30956,0.0307754,-0.294526,0.181103,0.303062,-0.0350728,0.0404682,0,0,-5.55112e-11,0.0400211,-0.00649374,0.0390325,0.0108499,-0.0758497,0.00243325,0,0,-0.03266,-0.24921,-0.00832681,0.546202,-0.0350258,0.396148,-0.00443888,0,0,-3.46945e-12,-0.00318594,0.00172337,0.00414942,-0.00182782,0.00325105,-5.16003e-05,0,0,-0.0100398,-0.00358507,-0.00845661,-0.0222896,0.0404922,-0.00444575,0.0650591,0,0,0,-3.60072e-12,3.60072e-12,1.20024e-12,0,0,3.60072e-12,0,0,0,0,0,0,0,0,0,0.905991,-4.43159e-09,0,2.40048e-12,-2.40048e-12,-1.20024e-12,0,0,-2.40048e-12,0,0,0,0,0,0,0,0,0,-4.43189e-09,0.905991,
-5.20417e-12,0.00690771,-0.013395,-0.00170991,0.00233623,-0.000104788,1.56162e-05,0,0,0.334341,-0.00788118,0.251592,0.00288875,-0.030997,-0.00326586,-0.00100493,0,0,-1.38778e-11,0.0737391,-0.00440693,0.0473585,0.00272488,0.000897198,-3.00409e-05,0,0,-0.00787631,0.617215,-0.000220037,-0.0700436,0.00310466,-0.0249115,-0.000360995,0,0,1.25767e-11,-0.00479548,0.0314586,-0.00208432,-0.00109243,-0.000248382,3.13015e-06,0,0,0.251767,-0.000173562,0.327891,-0.00272138,-0.0294691,-0.000828525,-0.00084342,0,0,-5.20417e-12,0.0638211,0.000648514,-0.041641,-0.00368715,0.00330611,-0.000108351,0,0,0.00289473,-0.0706716,-0.0027229,0.6148,0.0180957,0.054642,-0.00222526,0,0,-8.23994e-12,0.0286914,-0.0101457,-0.0399297,0.030371,-0.000267934,0.000151176,0,0,-0.309419,0.0307734,-0.294466,0.181126,0.303046,-0.0350819,0.0404651,0,0,3.46945e-11,0.040033,-0.0064983,0.0389992,0.0108531,-0.0758346,0.00243329,0,0,-0.032685,-0.249151,-0.00833082,0.546242,-0.0350349,0.396145,-0.00443926,0,0,0,-0.00318646,0.00172448,0.00415039,-0.00182823,0.00325104,-5.16362e-05,0,0,-0.0100521,-0.00358673,-0.00845969,-0.0222877,0.0404891,-0.00444614,0.0650596,0,0,0,0,0,-1.20024e-12,1.20024e-12,1.20024e-12,1.20024e-12,5.64113e-11,0,0,0,0,0,0,0,0,0.905991,-4.45199e-09,0,0,0,1.20024e-12,-1.20024e-12,-1.20024e-12,-1.20024e-12,0,0,0,0,0,0,0,0,0,-4.45139e-09,0.905991,
-6.07153e-12,0.00690681,-0.0134076,-0.0017081,0.00233683,-0.000104723,1.56491e-05,0,0,0.334423,-0.00788725,0.25154,0.0028936,-0.030983,-0.00326836,-0.00100616,0,0,6.93889e-12,0.0737504,-0.00440725,0.0473371,0.00272425,0.000897482,-3.00586e-05,0,0,-0.00788241,0.61723,-0.000219966,-0.0700521,0.00310449,-0.0249057,-0.000361164,0,0,1.43115e-11,-0.00479657,0.0314943,-0.00208174,-0.00109317,-0.000248583,3.12603e-06,0,0,0.251714,-0.000173399,0.327965,-0.00272364,-0.0294632,-0.000828934,-0.000843725,0,0,5.20417e-12,0.0638046,0.00065045,-0.0416228,-0.00368749,0.00330593,-0.000108377,0,0,0.00289947,-0.0706804,-0.0027253,0.614793,0.0180979,0.0546461,-0.00222507,0,0,-1.47451e-11,0.0286887,-0.0101472,-0.0399245,0.0303878,-0.000264404,0.000151474,0,0,-0.309278,0.0307715,-0.294407,0.181148,0.30303,-0.0350909,0.0404621,0,0,-6.93889e-12,0.0400449,-0.00650284,0.0389657,0.0108562,-0.0758195,0.00243334,0,0,-0.03271,-0.249093,-0.0083348,0.546283,-0.0350439,0.396141,-0.00443965,0,0,0,-0.00318698,0.00172558,0.00415136,-0.00182862,0.00325103,-5.16718e-05,0,0,-0.0100644,-0.00358838,-0.00846277,-0.0222859,0.0404861,-0.00444653,0.06506,0,0,0,0,0,0,0,0,0,0,0,0,0,0,0,0,0,0,0.905991,-4.34337e-09,0,0,1.20024e-12,-1.20024e-12,0,0,1.20024e-12,0,0,0,0,0,0,0,0,0,-4.34307e-09,0.905991,
0,0.0069059,-0.0134203,-0.00170629,0.00233742,-0.000104659,1.56821e-05,0,0,0.334505,-0.00789332,0.251487,0.00289842,-0.0309689,-0.00327086,-0.00100739,0,0,0,0.0737616,-0.00440757,0.0473156,0.00272362,0.000897767,-3.00765e-05,0,0,-0.0078885,0.617246,-0.000219893,-0.0700607,0.00310431,-0.0248999,-0.000361333,0,0,4.33681e-13,-0.00479765,0.03153,-0.00207916,-0.0010939,-0.000248782,3.12188e-06,0,0,0.251662,-0.000173234,0.328039,-0.0027259,-0.0294572,-0.000829338,-0.000844029,0,0,-1.21431e-11,0.063788,0.000652385,-0.0416046,-0.00368783,0.00330575,-0.000108403,0,0,0.00290419,-0.0706894,-0.0027277,0.614786,0.0181002,0.0546501,-0.00222488,0,0,9.54098e-12,0.028686,-0.0101488,-0.0399194,0.0304045,-0.000260878,0.000151772,0,0,-0.309137,0.0307696,-0.294347,0.181171,0.303014,-0.0351,0.040459,0,0,2.77556e-11,0.0400568,-0.00650738,0.0389322,0.0108594,-0.0758045,0.00243338,0,0,-0.0327348,-0.249035,-0.00833873,0.546324,-0.035053,0.396138,-0.00444003,0,0,0,-0.0031875,0.00172668,0.00415233,-0.00182902,0.00325102,-5.1707e-05,0,0,-0.0100767,-0.00359005,-0.00846585,-0.022284,0.040483,-0.00444692,0.0650605,0,0,0,0,0,0,0,0,0,0,0,0,0,0,0,0,0,0,0.905991,4.13903e-09,0,0,0,0,0,-1.20024e-12,1.20024e-12,0,0,0,0,0,0,0,0,0,4.13843e-09,0.905991,
-8.67362e-13,0.00690499,-0.013433,-0.00170448,0.002338,-0.000104594,1.5715e-05,0,0,0.334588,-0.00789938,0.251435,0.00290324,-0.0309548,-0.00327334,-0.00100863,0,0,-6.93889e-12,0.0737728,-0.00440789,0.0472942,0.00272298,0.000898051,-3.00942e-05,0,0,-0.00789459,0.617262,-0.000219819,-0.0700694,0.00310414,-0.024894,-0.000361502,0,0,4.33681e-12,-0.00479873,0.0315658,-0.00207659,-0.00109463,-0.000248982,3.1177e-06,0,0,0.25161,-0.000173067,0.328114,-0.00272817,-0.0294513,-0.000829739,-0.000844333,0,0,-3.46945e-12,0.0637715,0.000654318,-0.0415863,-0.00368816,0.00330557,-0.000108428,0,0,0.0029089,-0.0706983,-0.00273011,0.614779,0.0181024,0.0546542,-0.0022247,0,0,7.37257e-12,0.0286834,-0.0101503,-0.0399142,0.0304212,-0.000257356,0.00015207,0,0,-0.308995,0.0307676,-0.294287,0.181194,0.302998,-0.0351091,0.0404559,0,0,2.77556e-11,0.0400687,-0.00651191,0.0388986,0.0108625,-0.0757894,0.00243342,0,0,-0.0327595,-0.248977,-0.00834262,0.546365,-0.0350621,0.396135,-0.00444042,0,0,0,-0.00318802,0.00172778,0.0041533,-0.00182941,0.00325101,-5.17419e-05,0,0,-0.010089,-0.00359171,-0.00846893,-0.0222822,0.0404799,-0.00444731,0.065061,0,0,0,0,0,-1.20024e-12,0,0,0,0,0,0,0,0,0,0,0,0,0.905991,4.06552e-09,0,-1.20024e-12,-1.20024e-12,-1.20024e-12,0,0,1.20024e-12,0,0,0,0,0,0,0,0,0,4.06432e-09,0.905991,
2.60209e-12,0.00690408,-0.0134457,-0.00170267,0.00233857,-0.000104528,1.57479e-05,0,0,0.33467,-0.00790544,0.251382,0.00290804,-0.0309406,-0.00327582,-0.00100987,0,0,1.38778e-11,0.0737841,-0.0044082,0.0472727,0.00272235,0.000898336,-3.01121e-05,0,0,-0.00790067,0.617277,-0.000219742,-0.070078,0.00310397,-0.0248882,-0.000361672,0,0,-3.90313e-12,-0.00479979,0.0316015,-0.00207401,-0.00109536,-0.00024918,3.11349e-06,0,0,0.251558,-0.000172898,0.328188,-0.00273045,-0.0294453,-0.000830135,-0.000844637,0,0,-3.46945e-12,0.0637549,0.000656251,-0.0415681,-0.0036885,0.00330539,-0.000108454,0,0,0.0029136,-0.0707072,-0.00273253,0.614772,0.0181047,0.0546583,-0.00222451,0,0,1.60462e-11,0.0286807,-0.0101517,-0.039909,0.0304378,-0.000253838,0.000152369,0,0,-0.308853,0.0307657,-0.294227,0.181217,0.302983,-0.0351181,0.0404527,0,0,-1.38778e-11,0.0400807,-0.00651642,0.0388649,0.0108657,-0.0757743,0.00243346,0,0,-0.0327842,-0.248918,-0.00834647,0.546407,-0.0350711,0.396132,-0.0044408,0,0,0,-0.00318854,0.00172888,0.00415427,-0.0018298,0.003251,-5.17764e-05,0,0,-0.0101014,-0.00359338,-0.008472,-0.0222803,0.0404768,-0.0044477,0.0650615,0,0,0,0,0,0,-2.40048e-12,0,0,0,0,0,0,0,0,0,0,0,0.905991,4.09402e-09,0,0,0,0,-1.20024e-12,0,0,0,0,0,0,0,0,0,0,0,4.09342e-09,0.905991,
2.60209e-12,0.00690316,-0.0134583,-0.00170086,0.00233914,-0.000104463,1.57808e-05,0,0,0.334753,-0.00791149,0.25133,0.00291283,-0.0309264,-0.00327829,-0.0010111,0,0,0,0.0737953,-0.0044085,0.0472512,0.00272172,0.000898621,-3.01299e-05,0,0,-0.00790675,0.617293,-0.000219664,-0.0700867,0.00310381,-0.0248823,-0.000361843,0,0,-7.80626e-12,-0.00480085,0.0316373,-0.00207144,-0.00109608,-0.000249378,3.10925e-06,0,0,0.251505,-0.000172728,0.328263,-0.00273273,-0.0294394,-0.000830527,-0.000844941,0,0,1.73472e-12,0.0637383,0.000658183,-0.0415497,-0.00368883,0.00330521,-0.00010848,0,0,0.00291828,-0.0707162,-0.00273494,0.614764,0.018107,0.0546623,-0.00222432,0,0,-1.21431e-11,0.0286779,-0.0101531,-0.0399038,0.0304544,-0.000250323,0.000152668,0,0,-0.30871,0.0307638,-0.294167,0.18124,0.302967,-0.0351272,0.0404496,0,0,-1.38778e-11,0.0400926,-0.00652093,0.0388312,0.0108688,-0.0757592,0.0024335,0,0,-0.0328087,-0.24886,-0.00835028,0.546448,-0.0350802,0.396129,-0.00444119,0,0,3.46945e-12,-0.00318905,0.00172997,0.00415524,-0.00183018,0.00325099,-5.18106e-05,0,0,-0.0101138,-0.00359506,-0.00847508,-0.0222784,0.0404737,-0.00444809,0.0650619,0,0,0,0,0,0,1.20024e-12,0,0,1.72835e-10,0,0,0,0,0,0,0,0,0.905991,4.22155e-09,0,0,0,0,0,0,0,0,0,0,0,0,0,0,0,0,4.22185e-09,0.905991,
-4.33681e-12,0.00690223,-0.013471,-0.00169905,0.0023397,-0.000104397,1.58137e-05,0,0,0.334836,-0.00791754,0.251277,0.0029176,-0.0309122,-0.00328074,-0.00101234,0,0,0,0.0738065,-0.00440881,0.0472296,0.00272108,0.000898907,-3.01477e-05,0,0,-0.00791282,0.617309,-0.000219583,-0.0700953,0.00310364,-0.0248764,-0.000362013,0,0,8.23994e-12,-0.00480191,0.031673,-0.00206887,-0.0010968,-0.000249575,3.10497e-06,0,0,0.251453,-0.000172556,0.328338,-0.00273501,-0.0294334,-0.000830915,-0.000845245,0,0,8.67362e-12,0.0637217,0.000660113,-0.0415314,-0.00368916,0.00330503,-0.000108506,0,0,0.00292296,-0.0707252,-0.00273737,0.614757,0.0181093,0.0546664,-0.00222413,0,0,-1.04083e-11,0.0286752,-0.0101545,-0.0398986,0.0304709,-0.000246812,0.000152967,0,0,-0.308567,0.0307619,-0.294107,0.181263,0.302951,-0.0351363,0.0404465,0,0,-6.245e-11,0.0401047,-0.00652543,0.0387974,0.0108719,-0.0757442,0.00243354,0,0,-0.0328331,-0.248801,-0.00835406,0.546489,-0.0350893,0.396125,-0.00444158,0,0,0,-0.00318957,0.00173106,0.00415621,-0.00183056,0.00325098,-5.18444e-05,0,0,-0.0101262,-0.00359674,-0.00847816,-0.0222766,0.0404706,-0.00444848,0.0650624,0,0,0,0,0,0,0,0,0,0,0,0,0,0,0,0,0,0,0.905991,-4.4598e-09,0,1.20024e-12,1.20024e-12,0,0,0,-1.20024e-12,0,0,0,0,0,0,0,0,0,-4.4598e-09,0.905991,
1.73472e-12,0.0069013,-0.0134836,-0.00169724,0.00234026,-0.000104331,1.58466e-05,0,0,0.334919,-0.00792358,0.251225,0.00292236,-0.0308979,-0.00328319,-0.00101359,0,0,6.93889e-12,0.0738177,-0.0044091,0.047208,0.00272045,0.000899193,-3.01656e-05,0,0,-0.00791889,0.617325,-0.000219501,-0.070104,0.00310347,-0.0248705,-0.000362184,0,0,-1.73472e-12,-0.00480295,0.0317087,-0.0020663,-0.00109752,-0.000249771,3.10067e-06,0,0,0.251401,-0.000172382,0.328413,-0.0027373,-0.0294274,-0.000831299,-0.000845549,0,0,8.67362e-12,0.0637051,0.000662043,-0.0415131,-0.00368949,0.00330485,-0.000108532,0,0,0.00292762,-0.0707342,-0.0027398,0.61475,0.0181116,0.0546705,-0.00222395,0,0,2.60209e-12,0.0286725,-0.0101558,-0.0398934,0.0304874,-0.000243305,0.000153267,0,0,-0.308424,0.03076,-0.294047,0.181286,0.302936,-0.0351453,0.0404433,0,0,-1.38778e-11,0.0401167,-0.00652992,0.0387635,0.0108751,-0.0757291,0.00243358,0,0,-0.0328575,-0.248742,-0.00835779,0.54653,-0.0350984,0.396122,-0.00444197,0,0,0,-0.00319008,0.00173214,0.00415718,-0.00183093,0.00325097,-5.18779e-05,0,0,-0.0101386,-0.00359842,-0.00848124,-0.0222747,0.0404675,-0.00444888,0.0650629,0,0,0,0,0,0,0,1.20024e-12,0,0,0,0,0,0,0,0,0,0,0.905991,-4.55882e-09,0,0,0,0,0,-1.20024e-12,0,0,0,0,0,0,0,0,0,0,-4.55852e-09,0.905991,
-7.80626e-12,0.00690036,-0.0134963,-0.00169542,0.0023408,-0.000104264,1.58794e-05,0,0,0.335002,-0.00792962,0.251172,0.00292711,-0.0308835,-0.00328563,-0.00101483,0,0,0,0.0738289,-0.0044094,0.0471864,0.00271981,0.00089948,-3.01835e-05,0,0,-0.00792495,0.617341,-0.000219417,-0.0701128,0.0031033,-0.0248646,-0.000362355,0,0,2.29851e-11,-0.00480399,0.0317445,-0.00206373,-0.00109824,-0.000249966,3.09634e-06,0,0,0.251348,-0.000172206,0.328488,-0.00273959,-0.0294214,-0.000831679,-0.000845853,0,0,1.73472e-12,0.0636884,0.000663972,-0.0414947,-0.00368982,0.00330467,-0.000108557,0,0,0.00293226,-0.0707433,-0.00274223,0.614743,0.0181139,0.0546746,-0.00222376,0,0,2.47198e-11,0.0286698,-0.0101571,-0.0398882,0.0305039,-0.000239802,0.000153567,0,0,-0.30828,0.0307581,-0.293986,0.18131,0.30292,-0.0351544,0.0404402,0,0,3.46945e-11,0.0401287,-0.0065344,0.0387296,0.0108782,-0.075714,0.00243362,0,0,-0.0328818,-0.248683,-0.00836148,0.546571,-0.0351075,0.396119,-0.00444236,0,0,0,-0.00319059,0.00173322,0.00415816,-0.0018313,0.00325096,-5.1911e-05,0,0,-0.010151,-0.0036001,-0.00848431,-0.0222729,0.0404644,-0.00444927,0.0650634,0,0,0,0,0,1.20024e-12,-1.20024e-12,-1.20024e-12,0,0,0,0,0,0,0,0,0,0,0.905991,-4.51081e-09,0,0,0,0,0,0,0,0,0,0,0,0,0,0,0,0,-4.51141e-09,0.905991,
8.67362e-13,0.00689942,-0.0135089,-0.00169361,0.00234134,-0.000104197,1.59122e-05,0,0,0.335085,-0.00793565,0.25112,0.00293184,-0.0308692,-0.00328806,-0.00101608,0,0,1.38778e-11,0.0738401,-0.00440969,0.0471648,0.00271917,0.000899766,-3.02014e-05,0,0,-0.00793101,0.617357,-0.000219331,-0.0701215,0.00310314,-0.0248587,-0.000362527,0,0,-3.03577e-12,-0.00480503,0.0317802,-0.00206116,-0.00109895,-0.000250161,3.09198e-06,0,0,0.251296,-0.000172028,0.328563,-0.00274189,-0.0294154,-0.000832055,-0.000846157,0,0,3.46945e-12,0.0636718,0.000665899,-0.0414763,-0.00369015,0.00330449,-0.000108583,0,0,0.0029369,-0.0707523,-0.00274467,0.614736,0.0181162,0.0546787,-0.00222357,0,0,-6.07153e-12,0.028667,-0.0101583,-0.039883,0.0305203,-0.000236302,0.000153868,0,0,-0.308135,0.0307563,-0.293926,0.181333,0.302905,-0.0351635,0.040437,0,0,3.46945e-11,0.0401408,-0.00653887,0.0386956,0.0108813,-0.075699,0.00243366,0,0,-0.0329059,-0.248624,-0.00836513,0.546612,-0.0351166,0.396116,-0.00444275,0,0,0,-0.00319111,0.0017343,0.00415913,-0.00183167,0.00325095,-5.19438e-05,0,0,-0.0101635,-0.00360179,-0.00848739,-0.022271,0.0404613,-0.00444966,0.0650638,0,0,0,0,0,0,0,0,0,0,0,0,0,0,0,0,0,0,0.905991,-4.34127e-09,0,0,0,0,0,0,0,0,0,0,0,0,0,0,0,0,-4.34097e-09,0.905991,
2.60209e-12,0.00689848,-0.0135215,-0.0016918,0.00234188,-0.00010413,1.5945e-05,0,0,0.335169,-0.00794168,0.251067,0.00293656,-0.0308547,-0.00329048,-0.00101733,0,0,-2.08167e-11,0.0738513,-0.00440997,0.0471431,0.00271853,0.000900054,-3.02193e-05,0,0,-0.00793706,0.617373,-0.000219244,-0.0701303,0.00310297,-0.0248528,-0.000362699,0,0,-6.93889e-12,-0.00480606,0.031816,-0.0020586,-0.00109966,-0.000250355,3.08758e-06,0,0,0.251244,-0.000171849,0.328639,-0.0027442,-0.0294094,-0.000832427,-0.000846462,0,0,-5.20417e-12,0.0636551,0.000667826,-0.0414579,-0.00369048,0.00330431,-0.000108609,0,0,0.00294152,-0.0707614,-0.00274711,0.614729,0.0181185,0.0546827,-0.00222338,0,0,4.77049e-12,0.0286643,-0.0101594,-0.0398778,0.0305366,-0.000232807,0.000154169,0,0,-0.307991,0.0307544,-0.293865,0.181357,0.302889,-0.0351726,0.0404338,0,0,0,0.0401529,-0.00654332,0.0386615,0.0108844,-0.0756839,0.0024337,0,0,-0.03293,-0.248565,-0.00836875,0.546653,-0.0351257,0.396112,-0.00444314,0,0,0,-0.00319162,0.00173538,0.0041601,-0.00183203,0.00325094,-5.19762e-05,0,0,-0.010176,-0.00360348,-0.00849047,-0.0222691,0.0404581,-0.00445006,0.0650643,0,0,0,0,0,0,0,0,-1.20024e-12,0,0,0,0,0,0,0,0,0,0.905991,4.09132e-09,0,0,0,0,0,0,0,0,0,0,0,0,0,0,0,0,4.08982e-09,0.905991,
1.73472e-12,0.00689753,-0.0135342,-0.00168999,0.0023424,-0.000104063,1.59778e-05,0,0,0.335252,-0.0079477,0.251015,0.00294126,-0.0308403,-0.00329289,-0.00101858,0,0,-6.93889e-12,0.0738624,-0.00441025,0.0471215,0.00271789,0.000900341,-3.02372e-05,0,0,-0.00794311,0.617389,-0.000219154,-0.0701391,0.00310281,-0.0248469,-0.000362871,0,0,4.33681e-13,-0.00480708,0.0318518,-0.00205603,-0.00110037,-0.000250548,3.08315e-06,0,0,0.251191,-0.000171668,0.328714,-0.00274651,-0.0294033,-0.000832795,-0.000846766,0,0,-1.56125e-11,0.0636384,0.000669752,-0.0414395,-0.00369081,0.00330413,-0.000108635,0,0,0.00294613,-0.0707705,-0.00274955,0.614722,0.0181209,0.0546868,-0.00222319,0,0,3.85976e-11,0.0286615,-0.0101606,-0.0398726,0.0305529,-0.000229315,0.00015447,0,0,-0.307845,0.0307525,-0.293804,0.18138,0.302874,-0.0351817,0.0404306,0,0,1.11022e-10,0.0401651,-0.00654777,0.0386274,0.0108875,-0.0756689,0.00243374,0,0,-0.032954,-0.248506,-0.00837232,0.546695,-0.0351348,0.396109,-0.00444353,0,0,0,-0.00319213,0.00173645,0.00416107,-0.00183238,0.00325093,-5.20083e-05,0,0,-0.0101885,-0.00360517,-0.00849354,-0.0222673,0.0404549,-0.00445046,0.0650648,0,0,0,0,0,0,0,0,0,0,0,0,0,0,0,0,0,0,0.905991,3.9767e-09,0,0,0,0,1.20024e-12,0,0,0,0,0,0,0,0,0,0,0,3.9767e-09,0.905991,
-1.73472e-12,0.00689657,-0.0135468,-0.00168817,0.00234292,-0.000103995,1.60106e-05,0,0,0.335336,-0.00795371,0.250962,0.00294595,-0.0308258,-0.00329529,-0.00101983,0,0,0,0.0738736,-0.00441053,0.0470997,0.00271725,0.000900629,-3.02551e-05,0,0,-0.00794915,0.617405,-0.000219063,-0.0701479,0.00310264,-0.024841,-0.000363044,0,0,3.90313e-12,-0.00480809,0.0318875,-0.00205347,-0.00110107,-0.000250741,3.0787e-06,0,0,0.251139,-0.000171485,0.32879,-0.00274883,-0.0293973,-0.000833159,-0.00084707,0,0,1.73472e-12,0.0636216,0.000671676,-0.041421,-0.00369113,0.00330395,-0.000108661,0,0,0.00295072,-0.0707797,-0.002752,0.614715,0.0181232,0.0546909,-0.002223,0,0,-5.20417e-12,0.0286587,-0.0101617,-0.0398674,0.0305692,-0.000225827,0.000154772,0,0,-0.3077,0.0307507,-0.293744,0.181404,0.302858,-0.0351908,0.0404274,0,0,-5.55112e-11,0.0401772,-0.00655221,0.0385932,0.0108906,-0.0756538,0.00243378,0,0,-0.0329779,-0.248447,-0.00837586,0.546736,-0.0351439,0.396106,-0.00444393,0,0,0,-0.00319264,0.00173751,0.00416205,-0.00183274,0.00325093,-5.204e-05,0,0,-0.010201,-0.00360687,-0.00849662,-0.0222654,0.0404518,-0.00445085,0.0650653,0,0,0,0,0,2.40048e-12,0,0,-2.40048e-12,0,0,0,0,0,0,0,0,0,0.905991,3.9674e-09,0,0,0,2.40048e-12,0,0,-2.40048e-12,0,0,0,0,0,0,0,0,0,3.9668e-09,0.905991,
0,0.00689561,-0.0135594,-0.00168636,0.00234344,-0.000103927,1.60433e-05,0,0,0.33542,-0.00795973,0.250909,0.00295063,-0.0308112,-0.00329768,-0.00102109,0,0,1.38778e-11,0.0738848,-0.0044108,0.047078,0.00271661,0.000900918,-3.02731e-05,0,0,-0.00795519,0.617421,-0.00021897,-0.0701567,0.00310248,-0.024835,-0.000363217,0,0,0,-0.0048091,0.0319233,-0.00205091,-0.00110177,-0.000250933,3.07421e-06,0,0,0.251086,-0.0001713,0.328866,-0.00275115,-0.0293913,-0.000833519,-0.000847374,0,0,-1.73472e-12,0.0636049,0.0006736,-0.0414025,-0.00369146,0.00330378,-0.000108687,0,0,0.0029553,-0.0707888,-0.00275446,0.614707,0.0181256,0.054695,-0.00222281,0,0,-1.38778e-11,0.0286559,-0.0101627,-0.0398622,0.0305854,-0.000222343,0.000155075,0,0,-0.307554,0.0307488,-0.293683,0.181428,0.302843,-0.0351999,0.0404242,0,0,6.93889e-12,0.0401894,-0.00655665,0.0385589,0.0108936,-0.0756388,0.00243382,0,0,-0.0330017,-0.248387,-0.00837936,0.546777,-0.0351531,0.396103,-0.00444432,0,0,0,-0.00319315,0.00173858,0.00416302,-0.00183309,0.00325092,-5.20714e-05,0,0,-0.0102135,-0.00360857,-0.0084997,-0.0222635,0.0404486,-0.00445125,0.0650658,0,0,0,0,0,0,0,0,0,-5.76116e-11,0,0,0,0,0,0,0,0,0.905991,4.04661e-09,0,0,0,0,0,0,0,0,0,0,0,0,0,0,0,0,4.04751e-09,0.905991,
8.67362e-13,0.00689464,-0.013572,-0.00168455,0.00234394,-0.000103858,1.60761e-05,0,0,0.335504,-0.00796573,0.250857,0.0029553,-0.0307967,-0.00330006,-0.00102235,0,0,-1.38778e-11,0.073896,-0.00441107,0.0470562,0.00271596,0.000901207,-3.0291e-05,0,0,-0.00796122,0.617437,-0.000218876,-0.0701655,0.00310232,-0.0248291,-0.00036339,0,0,-2.60209e-12,-0.0048101,0.031959,-0.00204835,-0.00110247,-0.000251124,3.0697e-06,0,0,0.251034,-0.000171114,0.328942,-0.00275348,-0.0293852,-0.000833876,-0.000847678,0,0,3.29597e-11,0.0635881,0.000675523,-0.041384,-0.00369178,0.0033036,-0.000108713,0,0,0.00295987,-0.070798,-0.00275692,0.6147,0.0181279,0.0546991,-0.00222262,0,0,-1.51788e-11,0.0286531,-0.0101637,-0.0398569,0.0306016,-0.000218863,0.000155377,0,0,-0.307407,0.030747,-0.293622,0.181451,0.302828,-0.0352091,0.0404209,0,0,-8.32667e-11,0.0402016,-0.00656107,0.0385246,0.0108967,-0.0756237,0.00243386,0,0,-0.0330254,-0.248328,-0.00838282,0.546819,-0.0351622,0.3961,-0.00444471,0,0,3.46945e-12,-0.00319365,0.00173964,0.004164,-0.00183343,0.00325091,-5.21025e-05,0,0,-0.0102261,-0.00361027,-0.00850278,-0.0222617,0.0404454,-0.00445165,0.0650663,0,0,0,-1.20024e-12,0,0,0,0,0,0,0,0,0,0,0,0,0,0,0.905991,4.22185e-09,0,1.20024e-12,-1.20024e-12,0,-1.20024e-12,0,1.20024e-12,0,0,0,0,0,0,0,0,0,4.22185e-09,0.905991,
3.46945e-12,0.00689367,-0.0135846,-0.00168273,0.00234444,-0.00010379,1.61088e-05,0,0,0.335588,-0.00797174,0.250804,0.00295995,-0.030782,-0.00330243,-0.0010236,0,0,0,0.0739071,-0.00441134,0.0470344,0.00271532,0.000901496,-3.0309e-05,0,0,-0.00796724,0.617454,-0.000218779,-0.0701744,0.00310215,-0.0248231,-0.000363564,0,0,-7.80626e-12,-0.00481109,0.0319948,-0.00204579,-0.00110317,-0.000251315,3.06515e-06,0,0,0.250982,-0.000170926,0.329018,-0.00275581,-0.0293791,-0.000834228,-0.000847982,0,0,1.38778e-11,0.0635713,0.000677445,-0.0413655,-0.0036921,0.00330342,-0.000108739,0,0,0.00296443,-0.0708071,-0.00275938,0.614693,0.0181303,0.0547032,-0.00222243,0,0,-6.93889e-12,0.0286503,-0.0101646,-0.0398517,0.0306177,-0.000215386,0.000155681,0,0,-0.30726,0.0307451,-0.293561,0.181475,0.302813,-0.0352182,0.0404177,0,0,-3.46945e-11,0.0402138,-0.00656548,0.0384902,0.0108998,-0.0756087,0.0024339,0,0,-0.033049,-0.248268,-0.00838624,0.54686,-0.0351713,0.396096,-0.00444511,0,0,0,-0.00319416,0.00174069,0.00416497,-0.00183377,0.0032509,-5.21332e-05,0,0,-0.0102387,-0.00361198,-0.00850585,-0.0222598,0.0404422,-0.00445205,0.0650668,0,0,0,0,-1.20024e-12,0,-1.20024e-12,0,0,0,0,0,0,0,0,0,0,0,0.905991,-4.51051e-09,0,0,0,0,0,0,0,0,0,0,0,0,0,0,0,0,-4.51051e-09,0.905991,
-8.67362e-13,0.00689269,-0.0135972,-0.00168092,0.00234493,-0.000103721,1.61415e-05,0,0,0.335673,-0.00797773,0.250751,0.00296459,-0.0307674,-0.0033048,-0.00102487,0,0,-6.93889e-12,0.0739183,-0.0044116,0.0470126,0.00271467,0.000901786,-3.0327e-05,0,0,-0.00797327,0.61747,-0.000218681,-0.0701833,0.00310199,-0.0248171,-0.000363738,0,0,5.63785e-12,-0.00481208,0.0320306,-0.00204323,-0.00110386,-0.000251504,3.06058e-06,0,0,0.250929,-0.000170737,0.329094,-0.00275814,-0.029373,-0.000834576,-0.000848287,0,0,-2.94903e-11,0.0635545,0.000679366,-0.0413469,-0.00369243,0.00330324,-0.000108765,0,0,0.00296898,-0.0708164,-0.00276185,0.614686,0.0181326,0.0547073,-0.00222224,0,0,2.55872e-11,0.0286475,-0.0101655,-0.0398465,0.0306337,-0.000211913,0.000155984,0,0,-0.307113,0.0307433,-0.293499,0.181499,0.302797,-0.0352273,0.0404145,0,0,1.17961e-10,0.0402261,-0.00656988,0.0384557,0.0109029,-0.0755936,0.00243394,0,0,-0.0330725,-0.248209,-0.00838962,0.546901,-0.0351805,0.396093,-0.0044455,0,0,-3.46945e-12,-0.00319466,0.00174175,0.00416595,-0.00183411,0.00325089,-5.21636e-05,0,0,-0.0102513,-0.00361369,-0.00850893,-0.0222579,0.040439,-0.00445245,0.0650672,0,0,0,0,0,0,0,0,0,0,0,0,0,0,0,0,0,0,0.905991,-4.65994e-09,0,1.20024e-12,0,1.20024e-12,0,0,0,0,0,0,0,0,0,0,0,0,-4.65934e-09,0.905991,
0,0.00689171,-0.0136098,-0.0016791,0.00234542,-0.000103651,1.61741e-05,0,0,0.335757,-0.00798373,0.250699,0.00296921,-0.0307527,-0.00330715,-0.00102613,0,0,-1.38778e-11,0.0739294,-0.00441185,0.0469908,0.00271402,0.000902076,-3.0345e-05,0,0,-0.00797928,0.617486,-0.000218581,-0.0701922,0.00310183,-0.0248111,-0.000363912,0,0,8.67362e-13,-0.00481307,0.0320663,-0.00204067,-0.00110455,-0.000251693,3.05597e-06,0,0,0.250877,-0.000170546,0.32917,-0.00276049,-0.0293669,-0.000834921,-0.000848591,0,0,3.46945e-12,0.0635377,0.000681286,-0.0413284,-0.00369275,0.00330307,-0.000108791,0,0,0.00297351,-0.0708256,-0.00276433,0.614678,0.018135,0.0547114,-0.00222205,0,0,1.38778e-11,0.0286447,-0.0101663,-0.0398413,0.0306498,-0.000208444,0.000156288,0,0,-0.306965,0.0307415,-0.293438,0.181523,0.302782,-0.0352365,0.0404112,0,0,2.08167e-11,0.0402384,-0.00657427,0.0384212,0.0109059,-0.0755786,0.00243398,0,0,-0.033096,-0.248149,-0.00839297,0.546943,-0.0351896,0.39609,-0.0044459,0,0,0,-0.00319517,0.0017428,0.00416693,-0.00183444,0.00325089,-5.21936e-05,0,0,-0.0102639,-0.00361541,-0.00851201,-0.022256,0.0404357,-0.00445285,0.0650677,0,0,0,0,0,0,0,0,0,0,0,0,0,0,0,0,0,0,0.905991,-4.65033e-09,0,0,0,0,-1.20024e-12,0,0,1.20024e-12,0,0,0,0,0,0,0,0,-4.65063e-09,0.905991,
0,0.00689072,-0.0136224,-0.00167729,0.00234589,-0.000103582,1.62068e-05,0,0,0.335842,-0.00798971,0.250646,0.00297383,-0.0307379,-0.0033095,-0.0010274,0,0,-6.93889e-12,0.0739405,-0.00441211,0.0469689,0.00271338,0.000902366,-3.0363e-05,0,0,-0.00798529,0.617503,-0.00021848,-0.0702011,0.00310167,-0.0248052,-0.000364086,0,0,-2.60209e-12,-0.00481404,0.0321021,-0.00203811,-0.00110524,-0.000251882,3.05134e-06,0,0,0.250824,-0.000170353,0.329246,-0.00276284,-0.0293608,-0.000835262,-0.000848895,0,0,6.93889e-12,0.0635208,0.000683205,-0.0413098,-0.00369307,0.00330289,-0.000108817,0,0,0.00297803,-0.0708348,-0.00276681,0.614671,0.0181374,0.0547155,-0.00222186,0,0,-1.30104e-11,0.0286419,-0.0101671,-0.0398361,0.0306657,-0.000204978,0.000156593,0,0,-0.306817,0.0307397,-0.293376,0.181547,0.302767,-0.0352456,0.0404079,0,0,-6.93889e-11,0.0402507,-0.00657866,0.0383866,0.010909,-0.0755635,0.00243402,0,0,-0.0331193,-0.248089,-0.00839628,0.546984,-0.0351987,0.396087,-0.0044463,0,0,0,-0.00319567,0.00174384,0.0041679,-0.00183477,0.00325088,-5.22233e-05,0,0,-0.0102766,-0.00361712,-0.00851509,-0.0222541,0.0404325,-0.00445325,0.0650682,0,0,0,0,1.20024e-12,0,0,0,1.20024e-12,0,0,0,0,0,0,0,0,0,0.905991,-4.5012e-09,0,0,0,0,0,0,0,0,0,0,0,0,0,0,0,0,-4.5012e-09,0.905991,
3.46945e-12,0.00688973,-0.013635,-0.00167547,0.00234636,-0.000103512,1.62394e-05,0,0,0.335926,-0.0079957,0.250593,0.00297842,-0.0307231,-0.00331183,-0.00102866,0,0,2.77556e-11,0.0739517,-0.00441235,0.046947,0.00271273,0.000902657,-3.0381e-05,0,0,-0.0079913,0.617519,-0.000218377,-0.0702101,0.00310151,-0.0247992,-0.000364261,0,0,-7.80626e-12,-0.00481501,0.0321379,-0.00203556,-0.00110593,-0.000252069,3.04667e-06,0,0,0.250772,-0.000170159,0.329323,-0.00276519,-0.0293547,-0.000835599,-0.0008492,0,0,-5.20417e-12,0.0635039,0.000685123,-0.0412911,-0.00369338,0.00330271,-0.000108843,0,0,0.00298254,-0.0708441,-0.00276929,0.614664,0.0181398,0.0547196,-0.00222167,0,0,-4.33681e-13,0.028639,-0.0101679,-0.0398308,0.0306817,-0.000201517,0.000156897,0,0,-0.306669,0.0307379,-0.293315,0.181572,0.302752,-0.0352547,0.0404046,0,0,6.93889e-12,0.040263,-0.00658303,0.0383519,0.010912,-0.0755485,0.00243406,0,0,-0.0331426,-0.248029,-0.00839955,0.547025,-0.0352079,0.396084,-0.0044467,0,0,-3.46945e-12,-0.00319617,0.00174489,0.00416888,-0.0018351,0.00325087,-5.22526e-05,0,0,-0.0102892,-0.00361884,-0.00851817,-0.0222522,0.0404292,-0.00445365,0.0650687,0,0,0,-1.20024e-12,1.20024e-12,0,0,0,0,0,0,0,0,0,0,0,0,0,0.905991,4.25125e-09,0,1.20024e-12,-1.20024e-12,0,0,0,0,0,0,0,0,0,0,0,0,0,4.25155e-09,0.905991,
4.33681e-12,0.00688873,-0.0136475,-0.00167366,0.00234683,-0.000103442,1.6272e-05,0,0,0.336011,-0.00800168,0.250541,0.00298301,-0.0307083,-0.00331416,-0.00102993,0,0,-6.93889e-12,0.0739628,-0.0044126,0.0469251,0.00271208,0.000902948,-3.03991e-05,0,0,-0.0079973,0.617536,-0.000218272,-0.070219,0.00310136,-0.0247931,-0.000364436,0,0,-9.1073e-12,-0.00481597,0.0321736,-0.00203301,-0.00110661,-0.000252256,3.04198e-06,0,0,0.250719,-0.000169963,0.3294,-0.00276755,-0.0293486,-0.000835932,-0.000849504,0,0,-2.08167e-11,0.0634871,0.00068704,-0.0412725,-0.0036937,0.00330254,-0.000108869,0,0,0.00298703,-0.0708534,-0.00277178,0.614656,0.0181422,0.0547237,-0.00222148,0,0,2.25514e-11,0.0286362,-0.0101686,-0.0398256,0.0306975,-0.000198059,0.000157203,0,0,-0.30652,0.0307361,-0.293253,0.181596,0.302737,-0.0352639,0.0404013,0,0,1.38778e-11,0.0402754,-0.0065874,0.0383172,0.010915,-0.0755335,0.0024341,0,0,-0.0331657,-0.247969,-0.00840278,0.547067,-0.0352171,0.39608,-0.00444709,0,0,0,-0.00319668,0.00174593,0.00416986,-0.00183542,0.00325087,-5.22816e-05,0,0,-0.0103019,-0.00362057,-0.00852125,-0.0222504,0.040426,-0.00445405,0.0650692,0,0,0,0,0,0,1.20024e-12,0,-1.20024e-12,0,0,0,0,0,0,0,0,0,0.905991,4.15013e-09,0,0,0,0,0,0,0,0,0,0,0,0,0,0,0,0,4.15043e-09,0.905991,
1.73472e-12,0.00688773,-0.0136601,-0.00167184,0.00234728,-0.000103372,1.63046e-05,0,0,0.336096,-0.00800765,0.250488,0.00298758,-0.0306934,-0.00331648,-0.0010312,0,0,1.38778e-11,0.0739739,-0.00441284,0.0469031,0.00271142,0.00090324,-3.04171e-05,0,0,-0.0080033,0.617552,-0.000218166,-0.070228,0.0031012,-0.0247871,-0.000364612,0,0,-4.33681e-13,-0.00481693,0.0322094,-0.00203045,-0.00110729,-0.000252443,3.03726e-06,0,0,0.250667,-0.000169766,0.329476,-0.00276991,-0.0293424,-0.000836261,-0.000849808,0,0,8.67362e-12,0.0634701,0.000688956,-0.0412538,-0.00369402,0.00330236,-0.000108896,0,0,0.00299151,-0.0708627,-0.00277427,0.614649,0.0181446,0.0547278,-0.00222129,0,0,5.20417e-12,0.0286333,-0.0101693,-0.0398204,0.0307134,-0.000194605,0.000157508,0,0,-0.306371,0.0307343,-0.293191,0.18162,0.302722,-0.035273,0.040398,0,0,4.16334e-11,0.0402878,-0.00659175,0.0382824,0.0109181,-0.0755184,0.00243414,0,0,-0.0331888,-0.247909,-0.00840598,0.547108,-0.0352262,0.396077,-0.00444749,0,0,3.46945e-12,-0.00319718,0.00174696,0.00417083,-0.00183573,0.00325086,-5.23103e-05,0,0,-0.0103146,-0.00362229,-0.00852432,-0.0222485,0.0404227,-0.00445445,0.0650697,0,0,0,1.20024e-12,1.20024e-12,-1.20024e-12,0,0,-1.20024e-12,0,0,0,0,0,0,0,0,0,0.905991,4.16304e-09,0,0,0,0,0,0,0,0,0,0,0,0,0,0,0,0,4.16304e-09,0.905991,
-8.67362e-13,0.00688672,-0.0136727,-0.00167002,0.00234773,-0.000103301,1.63372e-05,0,0,0.336182,-0.00801362,0.250435,0.00299214,-0.0306785,-0.00331879,-0.00103248,0,0,1.38778e-11,0.073985,-0.00441307,0.0468811,0.00271077,0.000903532,-3.04352e-05,0,0,-0.00800929,0.617569,-0.000218058,-0.070237,0.00310104,-0.0247811,-0.000364788,0,0,1.73472e-12,-0.00481788,0.0322452,-0.0020279,-0.00110796,-0.000252628,3.0325e-06,0,0,0.250614,-0.000169567,0.329553,-0.00277228,-0.0293363,-0.000836587,-0.000850113,0,0,-6.93889e-12,0.0634532,0.000690872,-0.0412351,-0.00369433,0.00330219,-0.000108922,0,0,0.00299598,-0.070872,-0.00277676,0.614642,0.0181471,0.0547319,-0.0022211,0,0,3.90313e-12,0.0286305,-0.0101699,-0.0398151,0.0307291,-0.000191155,0.000157814,0,0,-0.306221,0.0307325,-0.29313,0.181645,0.302707,-0.0352822,0.0403947,0,0,-1.38778e-11,0.0403002,-0.0065961,0.0382475,0.0109211,-0.0755034,0.00243418,0,0,-0.0332118,-0.247849,-0.00840914,0.54715,-0.0352354,0.396074,-0.00444789,0,0,-3.46945e-12,-0.00319768,0.00174799,0.00417181,-0.00183604,0.00325085,-5.23386e-05,0,0,-0.0103274,-0.00362403,-0.0085274,-0.0222466,0.0404194,-0.00445486,0.0650702,0,0,0,-1.20024e-12,0,0,0,0,2.40048e-12,0,0,0,0,0,0,0,0,0,0.905991,4.27976e-09,0,1.20024e-12,0,0,0,0,-1.20024e-12,0,0,0,0,0,0,0,0,0,4.27976e-09,0.905991,
8.67362e-13,0.00688571,-0.0136852,-0.00166821,0.00234817,-0.00010323,1.63698e-05,0,0,0.336267,-0.00801959,0.250382,0.00299669,-0.0306635,-0.00332109,-0.00103375,0,0,1.38778e-11,0.0739961,-0.00441331,0.0468591,0.00271012,0.000903825,-3.04533e-05,0,0,-0.00801528,0.617585,-0.000217949,-0.070246,0.00310089,-0.024775,-0.000364964,0,0,-2.60209e-12,-0.00481883,0.032281,-0.00202535,-0.00110864,-0.000252813,3.02772e-06,0,0,0.250562,-0.000169367,0.32963,-0.00277466,-0.0293301,-0.000836909,-0.000850417,0,0,-8.67362e-12,0.0634363,0.000692786,-0.0412164,-0.00369464,0.00330201,-0.000108948,0,0,0.00300044,-0.0708814,-0.00277927,0.614634,0.0181495,0.0547361,-0.0022209,0,0,4.33681e-13,0.0286276,-0.0101705,-0.0398099,0.0307449,-0.000187708,0.000158121,0,0,-0.306071,0.0307307,-0.293068,0.181669,0.302692,-0.0352913,0.0403914,0,0,6.93889e-12,0.0403126,-0.00660043,0.0382126,0.0109241,-0.0754884,0.00243422,0,0,-0.0332347,-0.247789,-0.00841226,0.547192,-0.0352446,0.396071,-0.00444829,0,0,3.46945e-12,-0.00319817,0.00174902,0.00417279,-0.00183635,0.00325085,-5.23666e-05,0,0,-0.0103401,-0.00362576,-0.00853048,-0.0222447,0.0404161,-0.00445526,0.0650707,0,0,0,0,0,0,0,0,2.40048e-12,0,0,0,0,0,0,0,0,0,0.905991,-4.50991e-09,0,0,0,0,0,0,2.40048e-12,0,0,0,0,0,0,0,0,0,-4.51021e-09,0.905991,
0,0.00688469,-0.0136978,-0.00166639,0.00234861,-0.000103159,1.64023e-05,0,0,0.336352,-0.00802555,0.25033,0.00300122,-0.0306485,-0.00332338,-0.00103503,0,0,2.08167e-11,0.0740072,-0.00441353,0.0468371,0.00270946,0.000904118,-3.04714e-05,0,0,-0.00802126,0.617602,-0.000217838,-0.0702551,0.00310073,-0.024769,-0.000365141,0,0,1.30104e-12,-0.00481977,0.0323168,-0.0020228,-0.00110931,-0.000252997,3.02291e-06,0,0,0.250509,-0.000169165,0.329707,-0.00277704,-0.029324,-0.000837227,-0.000850722,0,0,0,0.0634193,0.0006947,-0.0411977,-0.00369496,0.00330183,-0.000108974,0,0,0.00300489,-0.0708907,-0.00278177,0.614627,0.0181519,0.0547402,-0.00222071,0,0,0,0.0286247,-0.010171,-0.0398046,0.0307605,-0.000184266,0.000158428,0,0,-0.30592,0.030729,-0.293005,0.181694,0.302677,-0.0353005,0.040388,0,0,-1.38778e-11,0.0403251,-0.00660476,0.0381776,0.0109271,-0.0754734,0.00243427,0,0,-0.0332575,-0.247728,-0.00841535,0.547233,-0.0352537,0.396068,-0.0044487,0,0,3.46945e-12,-0.00319867,0.00175005,0.00417377,-0.00183666,0.00325084,-5.23942e-05,0,0,-0.0103529,-0.0036275,-0.00853356,-0.0222428,0.0404128,-0.00445567,0.0650712,0,0,0,0,0,0,0,0,0,0,0,0,0,0,0,0,0,0,0.905991,-4.59662e-09,0,0,0,0,-2.40048e-12,-2.40048e-12,0,0,0,0,0,0,0,0,0,0,-4.59662e-09,0.905991,
-4.33681e-12,0.00688367,-0.0137103,-0.00166457,0.00234904,-0.000103088,1.64348e-05,0,0,0.336438,-0.0080315,0.250277,0.00300574,-0.0306335,-0.00332566,-0.00103631,0,0,1.38778e-11,0.0740183,-0.00441376,0.046815,0.00270881,0.000904412,-3.04895e-05,0,0,-0.00802724,0.617619,-0.000217726,-0.0702641,0.00310058,-0.0247629,-0.000365317,0,0,7.80626e-12,-0.0048207,0.0323526,-0.00202025,-0.00110998,-0.000253181,3.01806e-06,0,0,0.250456,-0.000168962,0.329784,-0.00277942,-0.0293178,-0.000837541,-0.000851027,0,0,-1.21431e-11,0.0634023,0.000696612,-0.0411789,-0.00369527,0.00330166,-0.000109001,0,0,0.00300932,-0.0709001,-0.00278428,0.614619,0.0181544,0.0547443,-0.00222052,0,0,-1.12757e-11,0.0286218,-0.0101714,-0.0397994,0.0307762,-0.000180827,0.000158735,0,0,-0.305769,0.0307272,-0.292943,0.181719,0.302663,-0.0353097,0.0403847,0,0,4.16334e-11,0.0403375,-0.00660908,0.0381425,0.0109301,-0.0754583,0.00243431,0,0,-0.0332802,-0.247668,-0.0084184,0.547275,-0.0352629,0.396065,-0.0044491,0,0,0,-0.00319917,0.00175107,0.00417475,-0.00183696,0.00325083,-5.24215e-05,0,0,-0.0103657,-0.00362924,-0.00853664,-0.0222409,0.0404095,-0.00445607,0.0650717,0,0,0,3.60072e-12,3.60072e-12,0,0,0,0,0,0,0,0,0,0,0,0,0,0.905991,-4.53511e-09,0,1.20024e-12,1.20024e-12,1.20024e-12,0,0,0,0,0,0,0,0,0,0,0,0,-4.53511e-09,0.905991,
-1.73472e-12,0.00688264,-0.0137228,-0.00166275,0.00234946,-0.000103016,1.64673e-05,0,0,0.336524,-0.00803745,0.250224,0.00301024,-0.0306184,-0.00332794,-0.00103759,0,0,1.38778e-11,0.0740294,-0.00441398,0.0467929,0.00270815,0.000904706,-3.05076e-05,0,0,-0.00803321,0.617636,-0.000217612,-0.0702732,0.00310042,-0.0247569,-0.000365494,0,0,4.33681e-12,-0.00482162,0.0323884,-0.00201771,-0.00111064,-0.000253364,3.01319e-06,0,0,0.250404,-0.000168757,0.329862,-0.00278181,-0.0293116,-0.000837852,-0.000851331,0,0,-3.46945e-12,0.0633853,0.000698524,-0.0411602,-0.00369558,0.00330148,-0.000109027,0,0,0.00301374,-0.0709095,-0.0027868,0.614612,0.0181568,0.0547484,-0.00222033,0,0,8.67362e-13,0.0286189,-0.0101719,-0.0397941,0.0307918,-0.000177392,0.000159043,0,0,-0.305618,0.0307255,-0.292881,0.181743,0.302648,-0.0353189,0.0403813,0,0,5.55112e-11,0.04035,-0.00661339,0.0381073,0.0109331,-0.0754433,0.00243435,0,0,-0.0333028,-0.247607,-0.00842141,0.547316,-0.0352721,0.396061,-0.0044495,0,0,0,-0.00319966,0.00175209,0.00417573,-0.00183725,0.00325083,-5.24485e-05,0,0,-0.0103785,-0.00363098,-0.00853973,-0.022239,0.0404061,-0.00445648,0.0650722,0,0,0,-2.40048e-12,-2.40048e-12,0,-2.40048e-12,0,0,1.15223e-10,0,0,0,0,0,0,0,0,0.905991,-4.35207e-09,0,1.20024e-12,1.20024e-12,0,1.20024e-12,0,0,0,0,0,0,0,0,0,0,0,-4.35207e-09,0.905991,
0,0.00688161,-0.0137354,-0.00166093,0.00234987,-0.000102944,1.64998e-05,0,0,0.336609,-0.0080434,0.250171,0.00301474,-0.0306033,-0.0033302,-0.00103888,0,0,-1.38778e-11,0.0740405,-0.00441419,0.0467708,0.00270749,0.000905,-3.05258e-05,0,0,-0.00803918,0.617652,-0.000217496,-0.0702823,0.00310027,-0.0247508,-0.000365672,0,0,-2.60209e-12,-0.00482254,0.0324242,-0.00201516,-0.00111131,-0.000253546,3.00829e-06,0,0,0.250351,-0.000168551,0.329939,-0.00278421,-0.0293054,-0.000838159,-0.000851636,0,0,1.73472e-12,0.0633682,0.000700435,-0.0411414,-0.00369588,0.00330131,-0.000109053,0,0,0.00301815,-0.0709189,-0.00278932,0.614604,0.0181593,0.0547525,-0.00222013,0,0,-4.33681e-12,0.028616,-0.0101723,-0.0397889,0.0308073,-0.000173961,0.000159351,0,0,-0.305466,0.0307237,-0.292818,0.181768,0.302633,-0.035328,0.0403779,0,0,-6.93889e-12,0.0403626,-0.00661769,0.0380721,0.0109361,-0.0754283,0.00243439,0,0,-0.0333254,-0.247546,-0.00842439,0.547358,-0.0352813,0.396058,-0.00444991,0,0,3.46945e-12,-0.00320016,0.0017531,0.00417671,-0.00183754,0.00325082,-5.24751e-05,0,0,-0.0103913,-0.00363273,-0.00854281,-0.0222371,0.0404028,-0.00445689,0.0650727,0,0,0,0,0,0,0,0,0,0,0,0,0,0,0,0,0,0,0.905991,4.08922e-09,0,0,0,0,0,0,0,0,0,0,0,0,0,0,0,0,4.08952e-09,0.905991,
1.73472e-12,0.00688057,-0.0137479,-0.00165911,0.00235028,-0.000102872,1.65323e-05,0,0,0.336695,-0.00804934,0.250118,0.00301922,-0.0305881,-0.00333246,-0.00104017,0,0,-2.08167e-11,0.0740516,-0.00441441,0.0467487,0.00270683,0.000905295,-3.0544e-05,0,0,-0.00804514,0.617669,-0.000217379,-0.0702914,0.00310012,-0.0247447,-0.00036585,0,0,-1.30104e-12,-0.00482346,0.03246,-0.00201262,-0.00111197,-0.000253727,3.00336e-06,0,0,0.250298,-0.000168344,0.330017,-0.00278661,-0.0292992,-0.000838462,-0.000851941,0,0,2.25514e-11,0.0633512,0.000702345,-0.0411225,-0.00369619,0.00330113,-0.00010908,0,0,0.00302254,-0.0709284,-0.00279184,0.614597,0.0181617,0.0547567,-0.00221994,0,0,9.54098e-12,0.028613,-0.0101726,-0.0397836,0.0308228,-0.000170534,0.000159659,0,0,-0.305314,0.030722,-0.292756,0.181793,0.302618,-0.0353372,0.0403745,0,0,-5.55112e-11,0.0403751,-0.00662198,0.0380368,0.010939,-0.0754133,0.00243443,0,0,-0.0333478,-0.247486,-0.00842733,0.5474,-0.0352905,0.396055,-0.00445031,0,0,0,-0.00320065,0.00175411,0.00417769,-0.00183783,0.00325082,-5.25014e-05,0,0,-0.0104042,-0.00363448,-0.00854589,-0.0222352,0.0403994,-0.0044573,0.0650732,0,0,0,0,0,0,0,0,0,0,0,0,0,0,0,0,0,0,0.905991,3.9674e-09,0,0,2.40048e-12,0,0,0,0,0,0,0,0,0,0,0,0,0,3.968e-09,0.905991,
8.67362e-13,0.00687953,-0.0137604,-0.00165729,0.00235068,-0.000102799,1.65647e-05,0,0,0.336781,-0.00805528,0.250065,0.00302368,-0.0305729,-0.0033347,-0.00104145,0,0,6.93889e-12,0.0740627,-0.00441461,0.0467265,0.00270617,0.00090559,-3.05622e-05,0,0,-0.0080511,0.617686,-0.000217261,-0.0703006,0.00309997,-0.0247386,-0.000366028,0,0,-4.33681e-12,-0.00482437,0.0324958,-0.00201007,-0.00111262,-0.000253908,2.9984e-06,0,0,0.250246,-0.000168135,0.330095,-0.00278902,-0.0292929,-0.000838762,-0.000852246,0,0,0,0.0633341,0.000704254,-0.0411037,-0.0036965,0.00330096,-0.000109106,0,0,0.00302693,-0.0709378,-0.00279437,0.614589,0.0181642,0.0547608,-0.00221975,0,0,-1.21431e-11,0.0286101,-0.0101729,-0.0397783,0.0308382,-0.000167111,0.000159968,0,0,-0.305161,0.0307202,-0.292693,0.181818,0.302604,-0.0353464,0.0403711,0,0,-4.16334e-11,0.0403877,-0.00662626,0.0380015,0.010942,-0.0753983,0.00243447,0,0,-0.0333702,-0.247425,-0.00843023,0.547441,-0.0352997,0.396052,-0.00445072,0,0,3.46945e-12,-0.00320115,0.00175512,0.00417867,-0.00183811,0.00325081,-5.25273e-05,0,0,-0.0104171,-0.00363623,-0.00854897,-0.0222332,0.040396,-0.00445771,0.0650737,0,0,0,1.20024e-12,1.20024e-12,-1.20024e-12,0,0,0,0,0,0,0,0,0,0,0,0,0.905991,3.94909e-09,0,0,1.20024e-12,0,0,1.20024e-12,1.20024e-12,0,0,0,0,0,0,0,0,0,3.94939e-09,0.905991,
5.20417e-12,0.00687848,-0.0137729,-0.00165547,0.00235107,-0.000102727,1.65971e-05,0,0,0.336868,-0.00806122,0.250013,0.00302814,-0.0305576,-0.00333694,-0.00104274,0,0,0,0.0740737,-0.00441482,0.0467043,0.00270551,0.000905886,-3.05804e-05,0,0,-0.00805706,0.617703,-0.000217141,-0.0703097,0.00309982,-0.0247325,-0.000366206,0,0,-1.25767e-11,-0.00482527,0.0325316,-0.00200753,-0.00111328,-0.000254088,2.9934e-06,0,0,0.250193,-0.000167924,0.330172,-0.00279143,-0.0292867,-0.000839058,-0.000852551,0,0,3.46945e-12,0.063317,0.000706163,-0.0410848,-0.0036968,0.00330079,-0.000109132,0,0,0.0030313,-0.0709473,-0.00279691,0.614582,0.0181667,0.0547649,-0.00221955,0,0,7.37257e-12,0.0286071,-0.0101731,-0.0397731,0.0308536,-0.000163691,0.000160278,0,0,-0.305008,0.0307185,-0.292631,0.181843,0.302589,-0.0353556,0.0403677,0,0,-4.16334e-11,0.0404003,-0.00663053,0.0379661,0.010945,-0.0753833,0.00243451,0,0,-0.0333925,-0.247364,-0.0084331,0.547483,-0.0353089,0.396049,-0.00445112,0,0,-3.46945e-12,-0.00320164,0.00175612,0.00417965,-0.00183839,0.00325081,-5.25529e-05,0,0,-0.0104299,-0.00363799,-0.00855206,-0.0222313,0.0403927,-0.00445812,0.0650742,0,0,0,0,0,0,0,0,0,0,0,0,0,0,0,0,0,0,0.905991,4.02141e-09,0,2.40048e-12,2.40048e-12,-2.40048e-12,0,0,0,0,0,0,0,0,0,0,0,0,4.02141e-09,0.905991,
8.67362e-13,0.00687743,-0.0137854,-0.00165365,0.00235146,-0.000102654,1.66295e-05,0,0,0.336954,-0.00806715,0.24996,0.00303258,-0.0305424,-0.00333917,-0.00104404,0,0,-6.93889e-12,0.0740848,-0.00441502,0.0466821,0.00270485,0.000906182,-3.05986e-05,0,0,-0.00806301,0.61772,-0.00021702,-0.0703189,0.00309967,-0.0247264,-0.000366385,0,0,-6.07153e-12,-0.00482616,0.0325674,-0.00200499,-0.00111393,-0.000254268,2.98838e-06,0,0,0.25014,-0.000167713,0.33025,-0.00279385,-0.0292805,-0.000839351,-0.000852856,0,0,0,0.0632999,0.00070807,-0.0410659,-0.0036971,0.00330061,-0.000109159,0,0,0.00303566,-0.0709568,-0.00279944,0.614574,0.0181692,0.0547691,-0.00221936,0,0,-1.64799e-11,0.0286042,-0.0101733,-0.0397678,0.0308689,-0.000160276,0.000160588,0,0,-0.304854,0.0307168,-0.292568,0.181868,0.302575,-0.0353648,0.0403643,0,0,-2.08167e-11,0.040413,-0.00663479,0.0379306,0.0109479,-0.0753683,0.00243455,0,0,-0.0334147,-0.247303,-0.00843594,0.547525,-0.0353181,0.396046,-0.00445153,0,0,0,-0.00320213,0.00175713,0.00418063,-0.00183866,0.0032508,-5.25782e-05,0,0,-0.0104429,-0.00363974,-0.00855514,-0.0222294,0.0403893,-0.00445853,0.0650747,0,0,0,0,3.60072e-12,0,0,0,0,0,0,0,0,0,0,0,0,0,0.905991,4.18644e-09,0,0,0,0,0,0,0,0,0,0,0,0,0,0,0,0,4.18614e-09,0.905991,
3.46945e-12,0.00687637,-0.0137979,-0.00165183,0.00235184,-0.00010258,1.66619e-05,0,0,0.337041,-0.00807307,0.249907,0.003037,-0.030527,-0.00334139,-0.00104533,0,0,0,0.0740958,-0.00441522,0.0466598,0.00270418,0.000906479,-3.06168e-05,0,0,-0.00806895,0.617737,-0.000216897,-0.0703281,0.00309952,-0.0247202,-0.000366564,0,0,-9.97466e-12,-0.00482706,0.0326032,-0.00200245,-0.00111458,-0.000254447,2.98334e-06,0,0,0.250088,-0.0001675,0.330328,-0.00279627,-0.0292742,-0.000839639,-0.000853161,0,0,-3.46945e-12,0.0632828,0.000709976,-0.041047,-0.00369741,0.00330044,-0.000109185,0,0,0.00304,-0.0709663,-0.00280199,0.614567,0.0181717,0.0547732,-0.00221916,0,0,-9.1073e-12,0.0286012,-0.0101735,-0.0397625,0.0308842,-0.000156864,0.000160898,0,0,-0.3047,0.0307151,-0.292505,0.181893,0.30256,-0.035374,0.0403608,0,0,-1.38778e-11,0.0404256,-0.00663905,0.0378951,0.0109509,-0.0753533,0.00243459,0,0,-0.0334368,-0.247242,-0.00843873,0.547566,-0.0353273,0.396043,-0.00445194,0,0,0,-0.00320262,0.00175812,0.00418161,-0.00183893,0.0032508,-5.26031e-05,0,0,-0.0104558,-0.00364151,-0.00855822,-0.0222275,0.0403859,-0.00445894,0.0650753,0,0,0,0,0,0,0,0,0,0,0,0,0,0,0,0,0,0,0.905991,-4.4613e-09,0,0,0,0,0,0,-1.20024e-12,0,0,0,0,0,0,0,0,0,-4.4613e-09,0.905991,
1.73472e-12,0.00687531,-0.0138104,-0.00165001,0.00235221,-0.000102507,1.66943e-05,0,0,0.337127,-0.00807899,0.249854,0.00304142,-0.0305117,-0.0033436,-0.00104663,0,0,6.93889e-12,0.0741069,-0.00441541,0.0466376,0.00270352,0.000906776,-3.06351e-05,0,0,-0.00807489,0.617754,-0.000216773,-0.0703373,0.00309937,-0.0247141,-0.000366743,0,0,-4.33681e-12,-0.00482794,0.032639,-0.00199991,-0.00111523,-0.000254625,2.97826e-06,0,0,0.250035,-0.000167285,0.330406,-0.0027987,-0.0292679,-0.000839925,-0.000853466,0,0,-1.73472e-11,0.0632656,0.000711882,-0.0410281,-0.00369771,0.00330026,-0.000109212,0,0,0.00304434,-0.0709759,-0.00280453,0.614559,0.0181742,0.0547773,-0.00221897,0,0,2.1684e-12,0.0285982,-0.0101736,-0.0397573,0.0308995,-0.000153457,0.000161208,0,0,-0.304546,0.0307134,-0.292442,0.181919,0.302546,-0.0353832,0.0403574,0,0,-2.08167e-11,0.0404383,-0.00664329,0.0378594,0.0109538,-0.0753382,0.00243463,0,0,-0.0334588,-0.24718,-0.0084415,0.547608,-0.0353365,0.396039,-0.00445235,0,0,-3.46945e-12,-0.00320311,0.00175912,0.00418259,-0.00183919,0.0032508,-5.26277e-05,0,0,-0.0104688,-0.00364327,-0.00856131,-0.0222256,0.0403825,-0.00445935,0.0650758,0,0,0,0,0,0,0,0,0,0,0,0,0,0,0,0,0,0,0.905991,-4.59932e-09,0,1.20024e-12,1.20024e-12,1.20024e-12,-1.20024e-12,0,0,0,0,0,0,0,0,0,0,0,-4.59932e-09,0.905991,
0,0.00687425,-0.0138229,-0.00164819,0.00235257,-0.000102433,1.67266e-05,0,0,0.337214,-0.00808491,0.249801,0.00304582,-0.0304962,-0.0033458,-0.00104793,0,0,1.38778e-11,0.0741179,-0.0044156,0.0466153,0.00270285,0.000907074,-3.06533e-05,0,0,-0.00808083,0.617771,-0.000216648,-0.0703465,0.00309922,-0.024708,-0.000366923,0,0,-4.33681e-13,-0.00482882,0.0326748,-0.00199737,-0.00111587,-0.000254802,2.97315e-06,0,0,0.249982,-0.00016707,0.330485,-0.00280113,-0.0292617,-0.000840206,-0.000853771,0,0,5.20417e-12,0.0632484,0.000713787,-0.0410091,-0.00369801,0.00330009,-0.000109238,0,0,0.00304866,-0.0709854,-0.00280709,0.614552,0.0181767,0.0547815,-0.00221877,0,0,-2.60209e-12,0.0285952,-0.0101736,-0.039752,0.0309146,-0.000150053,0.000161519,0,0,-0.304391,0.0307117,-0.292379,0.181944,0.302532,-0.0353924,0.0403539,0,0,-9.02056e-11,0.040451,-0.00664753,0.0378238,0.0109568,-0.0753232,0.00243467,0,0,-0.0334807,-0.247119,-0.00844423,0.54765,-0.0353457,0.396036,-0.00445276,0,0,3.46945e-12,-0.00320359,0.00176011,0.00418358,-0.00183946,0.00325079,-5.2652e-05,0,0,-0.0104817,-0.00364504,-0.0085644,-0.0222236,0.040379,-0.00445976,0.0650763,0,0,0,0,0,0,0,0,0,0,0,0,0,0,0,0,0,0,0.905991,-4.58492e-09,0,0,0,0,0,0,0,0,0,0,0,0,0,0,0,0,-4.58582e-09,0.905991,
-4.33681e-12,0.00687317,-0.0138354,-0.00164637,0.00235293,-0.000102359,1.6759e-05,0,0,0.337301,-0.00809082,0.249748,0.00305021,-0.0304808,-0.003348,-0.00104923,0,0,-1.38778e-11,0.074129,-0.00441578,0.046593,0.00270218,0.000907372,-3.06716e-05,0,0,-0.00808676,0.617788,-0.000216521,-0.0703558,0.00309908,-0.0247018,-0.000367103,0,0,7.80626e-12,-0.00482969,0.0327106,-0.00199483,-0.00111651,-0.000254979,2.96801e-06,0,0,0.249929,-0.000166853,0.330563,-0.00280357,-0.0292554,-0.000840484,-0.000854077,0,0,1.04083e-11,0.0632312,0.000715691,-0.0409901,-0.0036983,0.00329992,-0.000109265,0,0,0.00305297,-0.070995,-0.00280964,0.614544,0.0181792,0.0547856,-0.00221858,0,0,-1.17094e-11,0.0285922,-0.0101736,-0.0397467,0.0309298,-0.000146653,0.000161831,0,0,-0.304236,0.03071,-0.292315,0.181969,0.302517,-0.0354016,0.0403504,0,0,-2.77556e-11,0.0404637,-0.00665176,0.037788,0.0109597,-0.0753082,0.00243471,0,0,-0.0335026,-0.247057,-0.00844692,0.547692,-0.0353549,0.396033,-0.00445317,0,0,3.46945e-12,-0.00320408,0.00176109,0.00418456,-0.00183971,0.00325079,-5.26759e-05,0,0,-0.0104947,-0.00364681,-0.00856748,-0.0222217,0.0403756,-0.00446018,0.0650768,0,0,0,-1.20024e-12,0,-1.20024e-12,-1.20024e-12,1.20024e-12,0,0,0,0,0,0,0,0,0,0,0.905991,-4.43669e-09,0,0,0,0,0,0,0,0,0,0,0,0,0,0,0,0,-4.43669e-09,0.905991,
3.46945e-12,0.0068721,-0.0138479,-0.00164455,0.00235328,-0.000102285,1.67913e-05,0,0,0.337388,-0.00809673,0.249694,0.00305458,-0.0304653,-0.00335018,-0.00105053,0,0,0,0.07414,-0.00441596,0.0465706,0.00270152,0.000907671,-3.06899e-05,0,0,-0.00809269,0.617805,-0.000216393,-0.070365,0.00309893,-0.0246956,-0.000367283,0,0,-1.04083e-11,-0.00483056,0.0327465,-0.00199229,-0.00111715,-0.000255155,2.96284e-06,0,0,0.249876,-0.000166635,0.330642,-0.00280602,-0.0292491,-0.000840759,-0.000854382,0,0,1.21431e-11,0.063214,0.000717594,-0.0409711,-0.0036986,0.00329974,-0.000109292,0,0,0.00305727,-0.0710046,-0.00281221,0.614537,0.0181817,0.0547898,-0.00221838,0,0,-1.0842e-11,0.0285892,-0.0101736,-0.0397414,0.0309449,-0.000143257,0.000162143,0,0,-0.304081,0.0307083,-0.292252,0.181995,0.302503,-0.0354108,0.040347,0,0,-6.245e-11,0.0404765,-0.00665597,0.0377522,0.0109626,-0.0752932,0.00243475,0,0,-0.0335243,-0.246996,-0.00844958,0.547734,-0.0353641,0.39603,-0.00445358,0,0,0,-0.00320457,0.00176208,0.00418554,-0.00183996,0.00325078,-5.26995e-05,0,0,-0.0105078,-0.00364859,-0.00857057,-0.0222198,0.0403721,-0.00446059,0.0650773,0,0,0,-2.40048e-12,0,0,0,-2.40048e-12,0,0,0,0,0,0,0,0,0,0,0.905991,4.19364e-09,0,0,0,0,0,0,0,0,0,0,0,0,0,0,0,0,4.19424e-09,0.905991,
3.46945e-12,0.00687102,-0.0138604,-0.00164272,0.00235363,-0.00010221,1.68236e-05,0,0,0.337475,-0.00810264,0.249641,0.00305894,-0.0304498,-0.00335236,-0.00105184,0,0,6.93889e-12,0.074151,-0.00441614,0.0465482,0.00270085,0.00090797,-3.07082e-05,0,0,-0.00809861,0.617822,-0.000216263,-0.0703743,0.00309879,-0.0246895,-0.000367464,0,0,-1.0842e-11,-0.00483142,0.0327823,-0.00198975,-0.00111779,-0.000255331,2.95765e-06,0,0,0.249823,-0.000166415,0.33072,-0.00280847,-0.0292428,-0.00084103,-0.000854687,0,0,-5.20417e-12,0.0631968,0.000719497,-0.0409521,-0.0036989,0.00329957,-0.000109318,0,0,0.00306155,-0.0710142,-0.00281477,0.614529,0.0181843,0.0547939,-0.00221819,0,0,-6.93889e-12,0.0285862,-0.0101735,-0.0397361,0.0309599,-0.000139865,0.000162455,0,0,-0.303925,0.0307067,-0.292189,0.18202,0.302489,-0.03542,0.0403435,0,0,-4.16334e-11,0.0404893,-0.00666018,0.0377163,0.0109655,-0.0752783,0.00243479,0,0,-0.033546,-0.246934,-0.0084522,0.547775,-0.0353734,0.396027,-0.00445399,0,0,3.46945e-12,-0.00320505,0.00176306,0.00418652,-0.00184021,0.00325078,-5.27227e-05,0,0,-0.0105208,-0.00365037,-0.00857366,-0.0222178,0.0403687,-0.00446101,0.0650778,0,0,0,0,0,0,0,0,0,0,0,0,0,0,0,0,0,0,0.905991,4.09432e-09,0,1.20024e-12,0,0,0,0,0,0,0,0,0,0,0,0,0,0,4.09432e-09,0.905991,
1.73472e-12,0.00686993,-0.0138728,-0.0016409,0.00235396,-0.000102135,1.68558e-05,0,0,0.337563,-0.00810854,0.249588,0.00306329,-0.0304342,-0.00335453,-0.00105315,0,0,6.93889e-12,0.074162,-0.00441631,0.0465258,0.00270018,0.000908269,-3.07266e-05,0,0,-0.00810453,0.61784,-0.000216132,-0.0703836,0.00309864,-0.0246833,-0.000367645,0,0,-3.90313e-12,-0.00483227,0.0328181,-0.00198722,-0.00111842,-0.000255505,2.95242e-06,0,0,0.24977,-0.000166195,0.330799,-0.00281092,-0.0292365,-0.000841298,-0.000854993,0,0,1.21431e-11,0.0631795,0.000721398,-0.040933,-0.00369919,0.0032994,-0.000109345,0,0,0.00306582,-0.0710239,-0.00281734,0.614521,0.0181868,0.0547981,-0.00221799,0,0,2.1684e-12,0.0285832,-0.0101734,-0.0397308,0.0309749,-0.000136477,0.000162768,0,0,-0.303768,0.030705,-0.292125,0.182046,0.302475,-0.0354293,0.0403399,0,0,1.38778e-11,0.0405021,-0.00666438,0.0376803,0.0109684,-0.0752633,0.00243483,0,0,-0.0335676,-0.246873,-0.00845479,0.547817,-0.0353826,0.396024,-0.0044544,0,0,0,-0.00320553,0.00176403,0.00418751,-0.00184045,0.00325078,-5.27456e-05,0,0,-0.0105339,-0.00365215,-0.00857675,-0.0222159,0.0403652,-0.00446142,0.0650783,0,0,0,0,0,0,0,0,0,0,0,0,0,0,0,0,0,0,0.905991,4.10332e-09,0,0,0,0,0,0,0,0,0,0,0,0,0,0,0,0,4.10332e-09,0.905991,
1.73472e-12,0.00686884,-0.0138853,-0.00163908,0.00235429,-0.00010206,1.68881e-05,0,0,0.33765,-0.00811443,0.249535,0.00306763,-0.0304186,-0.00335669,-0.00105446,0,0,-6.93889e-12,0.074173,-0.00441648,0.0465034,0.00269951,0.000908569,-3.07449e-05,0,0,-0.00811045,0.617857,-0.000216,-0.0703929,0.0030985,-0.0246771,-0.000367826,0,0,-2.60209e-12,-0.00483312,0.032854,-0.00198468,-0.00111905,-0.00025568,2.94716e-06,0,0,0.249718,-0.000165973,0.330878,-0.00281338,-0.0292301,-0.000841561,-0.000855299,0,0,6.93889e-12,0.0631622,0.000723299,-0.0409139,-0.00369948,0.00329923,-0.000109371,0,0,0.00307008,-0.0710335,-0.00281992,0.614514,0.0181893,0.0548022,-0.00221779,0,0,3.03577e-12,0.0285801,-0.0101732,-0.0397255,0.0309898,-0.000133093,0.000163081,0,0,-0.303612,0.0307033,-0.292061,0.182072,0.30246,-0.0354385,0.0403364,0,0,-2.77556e-11,0.0405149,-0.00666857,0.0376443,0.0109713,-0.0752483,0.00243487,0,0,-0.0335891,-0.246811,-0.00845734,0.547859,-0.0353918,0.396021,-0.00445482,0,0,0,-0.00320602,0.00176501,0.00418849,-0.00184069,0.00325077,-5.27682e-05,0,0,-0.010547,-0.00365393,-0.00857984,-0.022214,0.0403617,-0.00446184,0.0650789,0,0,0,0,0,0,0,0,0,0,0,0,0,0,0,0,0,0,0.905991,4.21255e-09,0,0,0,0,0,0,0,0,0,0,0,0,0,0,0,0,4.21255e-09,0.905991,
-1.73472e-12,0.00686774,-0.0138977,-0.00163725,0.00235461,-0.000101985,1.69203e-05,0,0,0.337738,-0.00812033,0.249482,0.00307195,-0.0304029,-0.00335884,-0.00105577,0,0,0,0.074184,-0.00441665,0.0464809,0.00269883,0.00090887,-3.07633e-05,0,0,-0.00811636,0.617874,-0.000215867,-0.0704023,0.00309836,-0.0246709,-0.000368007,0,0,3.03577e-12,-0.00483397,0.0328898,-0.00198215,-0.00111968,-0.000255853,2.94188e-06,0,0,0.249665,-0.000165749,0.330957,-0.00281585,-0.0292238,-0.000841822,-0.000855605,0,0,1.21431e-11,0.0631449,0.000725199,-0.0408949,-0.00369977,0.00329905,-0.000109398,0,0,0.00307433,-0.0710432,-0.0028225,0.614506,0.0181919,0.0548064,-0.0022176,0,0,-1.51788e-11,0.0285771,-0.0101729,-0.0397202,0.0310047,-0.000129713,0.000163395,0,0,-0.303455,0.0307017,-0.291998,0.182097,0.302446,-0.0354477,0.0403329,0,0,-1.38778e-11,0.0405278,-0.00667275,0.0376082,0.0109742,-0.0752333,0.00243491,0,0,-0.0336105,-0.246749,-0.00845986,0.547901,-0.0354011,0.396018,-0.00445523,0,0,3.46945e-12,-0.0032065,0.00176598,0.00418947,-0.00184093,0.00325077,-5.27904e-05,0,0,-0.0105601,-0.00365572,-0.00858293,-0.022212,0.0403582,-0.00446226,0.0650794,0,0,0,0,0,0,0,0,0,0,0,0,0,0,0,0,0,0,0.905991,-4.42889e-09,0,0,0,0,0,0,0,0,0,0,0,0,0,0,0,0,-4.42889e-09,0.905991,
0,0.00686664,-0.0139102,-0.00163543,0.00235493,-0.00010191,1.69525e-05,0,0,0.337825,-0.00812622,0.249429,0.00307627,-0.0303872,-0.00336098,-0.00105708,0,0,-2.08167e-11,0.074195,-0.00441681,0.0464585,0.00269816,0.000909171,-3.07817e-05,0,0,-0.00812226,0.617892,-0.000215732,-0.0704116,0.00309822,-0.0246647,-0.000368189,0,0,4.33681e-13,-0.00483481,0.0329256,-0.00197961,-0.00112031,-0.000256026,2.93656e-06,0,0,0.249612,-0.000165525,0.331036,-0.00281832,-0.0292175,-0.000842079,-0.00085591,0,0,-8.67362e-12,0.0631276,0.000727098,-0.0408757,-0.00370006,0.00329888,-0.000109425,0,0,0.00307857,-0.0710529,-0.00282508,0.614498,0.0181945,0.0548105,-0.0022174,0,0,1.47451e-11,0.028574,-0.0101727,-0.0397149,0.0310195,-0.000126337,0.000163709,0,0,-0.303297,0.0307001,-0.291934,0.182123,0.302432,-0.0354569,0.0403293,0,0,3.46945e-11,0.0405407,-0.00667693,0.0375721,0.0109771,-0.0752183,0.00243496,0,0,-0.0336318,-0.246687,-0.00846234,0.547943,-0.0354103,0.396015,-0.00445565,0,0,0,-0.00320698,0.00176694,0.00419046,-0.00184116,0.00325077,-5.28123e-05,0,0,-0.0105732,-0.00365751,-0.00858602,-0.0222101,0.0403547,-0.00446268,0.0650799,0,0,0,0,-2.40048e-12,2.40048e-12,0,2.40048e-12,0,0,0,0,0,0,0,0,0,0,0.905991,-4.50961e-09,0,0,2.40048e-12,-2.40048e-12,0,-2.40048e-12,0,0,0,0,0,0,0,0,0,0,-4.50901e-09,0.905991,
1.73472e-12,0.00686554,-0.0139226,-0.0016336,0.00235524,-0.000101834,1.69847e-05,0,0,0.337913,-0.0081321,0.249375,0.00308056,-0.0303715,-0.00336311,-0.0010584,0,0,1.38778e-11,0.074206,-0.00441697,0.046436,0.00269748,0.000909473,-3.08001e-05,0,0,-0.00812817,0.617909,-0.000215596,-0.070421,0.00309807,-0.0246585,-0.000368371,0,0,-1.73472e-12,-0.00483564,0.0329615,-0.00197708,-0.00112093,-0.000256198,2.93122e-06,0,0,0.249559,-0.0001653,0.331115,-0.0028208,-0.0292111,-0.000842332,-0.000856216,0,0,5.20417e-12,0.0631103,0.000728996,-0.0408566,-0.00370035,0.00329871,-0.000109452,0,0,0.00308279,-0.0710626,-0.00282767,0.614491,0.018197,0.0548147,-0.0022172,0,0,4.98733e-12,0.028571,-0.0101724,-0.0397096,0.0310343,-0.000122965,0.000164023,0,0,-0.303139,0.0306984,-0.29187,0.182149,0.302418,-0.0354662,0.0403258,0,0,-2.77556e-11,0.0405536,-0.00668109,0.0375359,0.01098,-0.0752033,0.002435,0,0,-0.033653,-0.246625,-0.00846479,0.547985,-0.0354196,0.396012,-0.00445606,0,0,0,-0.00320746,0.00176791,0.00419144,-0.00184138,0.00325077,-5.28338e-05,0,0,-0.0105863,-0.00365931,-0.00858911,-0.0222081,0.0403512,-0.0044631,0.0650804,0,0,0,-2.40048e-12,-2.40048e-12,0,0,0,0,0,0,0,0,0,0,0,0,0,0.905991,-4.44899e-09,0,0,0,0,0,0,0,0,0,0,0,0,0,0,0,0,-4.44869e-09,0.905991,
0,0.00686443,-0.013935,-0.00163178,0.00235554,-0.000101758,1.70169e-05,0,0,0.338001,-0.00813798,0.249322,0.00308485,-0.0303557,-0.00336524,-0.00105972,0,0,6.93889e-12,0.074217,-0.00441713,0.0464134,0.00269681,0.000909775,-3.08185e-05,0,0,-0.00813407,0.617926,-0.000215459,-0.0704304,0.00309793,-0.0246522,-0.000368554,0,0,-3.03577e-12,-0.00483646,0.0329973,-0.00197455,-0.00112155,-0.00025637,2.92585e-06,0,0,0.249505,-0.000165073,0.331194,-0.00282328,-0.0292047,-0.000842582,-0.000856522,0,0,-8.67362e-12,0.0630929,0.000730894,-0.0408374,-0.00370064,0.00329854,-0.000109478,0,0,0.00308701,-0.0710723,-0.00283027,0.614483,0.0181996,0.0548188,-0.002217,0,0,-1.25767e-11,0.0285679,-0.010172,-0.0397042,0.031049,-0.000119597,0.000164338,0,0,-0.302981,0.0306968,-0.291806,0.182175,0.302404,-0.0354754,0.0403222,0,0,0,0.0405665,-0.00668524,0.0374996,0.0109828,-0.0751883,0.00243504,0,0,-0.0336742,-0.246562,-0.00846721,0.548027,-0.0354288,0.396009,-0.00445648,0,0,0,-0.00320794,0.00176886,0.00419243,-0.00184161,0.00325076,-5.2855e-05,0,0,-0.0105995,-0.0036611,-0.00859221,-0.0222062,0.0403476,-0.00446352,0.0650809,0,0,0,2.40048e-12,0,-2.40048e-12,0,2.40048e-12,0,0,0,0,0,0,0,0,0,0,0.905991,4.27406e-09,0,1.20024e-12,0,-1.20024e-12,0,1.20024e-12,0,0,0,0,0,0,0,0,0,0,4.27406e-09,0.905991,
2.60209e-12,0.00686331,-0.0139475,-0.00162995,0.00235583,-0.000101682,1.70491e-05,0,0,0.338089,-0.00814386,0.249269,0.00308912,-0.0303399,-0.00336735,-0.00106104,0,0,0,0.074228,-0.00441728,0.0463909,0.00269613,0.000910077,-3.0837e-05,0,0,-0.00813996,0.617944,-0.00021532,-0.0704398,0.0030978,-0.024646,-0.000368737,0,0,-6.07153e-12,-0.00483729,0.0330332,-0.00197202,-0.00112217,-0.000256541,2.92045e-06,0,0,0.249452,-0.000164845,0.331274,-0.00282577,-0.0291984,-0.000842829,-0.000856829,0,0,-5.20417e-12,0.0630755,0.00073279,-0.0408182,-0.00370092,0.00329836,-0.000109505,0,0,0.00309121,-0.071082,-0.00283287,0.614475,0.0182022,0.054823,-0.00221681,0,0,-6.07153e-12,0.0285648,-0.0101716,-0.0396989,0.0310637,-0.000116232,0.000164654,0,0,-0.302822,0.0306952,-0.291742,0.182201,0.302391,-0.0354847,0.0403186,0,0,-6.93889e-12,0.0405795,-0.00668939,0.0374632,0.0109857,-0.0751733,0.00243508,0,0,-0.0336952,-0.2465,-0.00846959,0.548069,-0.0354381,0.396006,-0.0044569,0,0,0,-0.00320842,0.00176982,0.00419341,-0.00184182,0.00325076,-5.28759e-05,0,0,-0.0106127,-0.0036629,-0.0085953,-0.0222042,0.0403441,-0.00446394,0.0650815,0,0,0,0,0,0,0,0,0,0,0,0,0,0,0,0,0,0,0.905991,4.23475e-09,0,0,0,0,0,0,0,0,0,0,0,0,0,0,0,0,4.23325e-09,0.905991,
4.33681e-12,0.00686219,-0.0139599,-0.00162813,0.00235612,-0.000101606,1.70812e-05,0,0,0.338177,-0.00814973,0.249215,0.00309338,-0.030324,-0.00336946,-0.00106236,0,0,0,0.074239,-0.00441743,0.0463683,0.00269545,0.000910381,-3.08554e-05,0,0,-0.00814585,0.617961,-0.000215181,-0.0704492,0.00309766,-0.0246397,-0.00036892,0,0,-1.21431e-11,-0.0048381,0.033069,-0.00196948,-0.00112278,-0.000256711,2.91502e-06,0,0,0.249399,-0.000164616,0.331353,-0.00282826,-0.029192,-0.000843072,-0.000857135,0,0,6.93889e-12,0.0630581,0.000734686,-0.040799,-0.0037012,0.00329819,-0.000109532,0,0,0.0030954,-0.0710918,-0.00283547,0.614467,0.0182048,0.0548272,-0.00221661,0,0,-1.53957e-11,0.0285617,-0.0101711,-0.0396936,0.0310783,-0.000112872,0.000164969,0,0,-0.302663,0.0306936,-0.291677,0.182227,0.302377,-0.0354939,0.040315,0,0,6.93889e-12,0.0405925,-0.00669353,0.0374268,0.0109885,-0.0751584,0.00243512,0,0,-0.0337162,-0.246438,-0.00847194,0.548111,-0.0354473,0.396002,-0.00445732,0,0,0,-0.00320889,0.00177077,0.0041944,-0.00184203,0.00325076,-5.28964e-05,0,0,-0.0106259,-0.00366471,-0.0085984,-0.0222022,0.0403405,-0.00446436,0.065082,0,0,0,1.20024e-12,0,0,0,1.20024e-12,-1.20024e-12,0,0,0,0,0,0,0,0,0,0.905991,-4.30737e-09,0,0,0,0,0,0,0,0,0,0,0,0,0,0,0,0,-4.30677e-09,0.905991,
0,0.00686107,-0.0139723,-0.0016263,0.0023564,-0.000101529,1.71133e-05,0,0,0.338266,-0.0081556,0.249162,0.00309763,-0.0303081,-0.00337156,-0.00106368,0,0,0,0.0742499,-0.00441757,0.0463457,0.00269477,0.000910684,-3.08739e-05,0,0,-0.00815174,0.617979,-0.00021504,-0.0704587,0.00309752,-0.0246335,-0.000369103,0,0,0,-0.00483891,0.0331049,-0.00196695,-0.00112339,-0.000256881,2.90956e-06,0,0,0.249346,-0.000164386,0.331433,-0.00283076,-0.0291856,-0.000843312,-0.000857441,0,0,-1.9082e-11,0.0630407,0.000736581,-0.0407798,-0.00370149,0.00329802,-0.000109559,0,0,0.00309957,-0.0711016,-0.00283808,0.61446,0.0182074,0.0548313,-0.00221641,0,0,5.42101e-12,0.0285586,-0.0101706,-0.0396882,0.0310929,-0.000109517,0.000165286,0,0,-0.302503,0.030692,-0.291613,0.182253,0.302363,-0.0355031,0.0403114,0,0,3.46945e-11,0.0406055,-0.00669765,0.0373903,0.0109914,-0.0751434,0.00243516,0,0,-0.0337371,-0.246375,-0.00847425,0.548153,-0.0354566,0.395999,-0.00445773,0,0,0,-0.00320937,0.00177172,0.00419538,-0.00184224,0.00325076,-5.29166e-05,0,0,-0.0106392,-0.00366651,-0.00860149,-0.0222003,0.0403369,-0.00446479,0.0650825,0,0,0,0,0,0,0,0,0,0,0,0,0,0,0,0,0,0,0.905991,4.25605e-09,0,0,0,0,0,0,0,0,0,0,0,0,0,0,0,0,4.25696e-09,0.905991,
1.73472e-12,0.00685994,-0.0139847,-0.00162447,0.00235667,-0.000101452,1.71454e-05,0,0,0.338354,-0.00816146,0.249109,0.00310186,-0.0302922,-0.00337365,-0.00106501,0,0,6.93889e-12,0.0742609,-0.00441771,0.0463231,0.00269409,0.000910988,-3.08924e-05,0,0,-0.00815762,0.617996,-0.000214898,-0.0704681,0.00309738,-0.0246272,-0.000369287,0,0,-1.30104e-12,-0.00483972,0.0331408,-0.00196442,-0.001124,-0.00025705,2.90407e-06,0,0,0.249293,-0.000164155,0.331513,-0.00283327,-0.0291792,-0.000843548,-0.000857748,0,0,-5.20417e-12,0.0630232,0.000738476,-0.0407605,-0.00370177,0.00329785,-0.000109586,0,0,0.00310374,-0.0711114,-0.00284069,0.614452,0.01821,0.0548355,-0.00221621,0,0,1.75641e-11,0.0285555,-0.01017,-0.0396829,0.0311074,-0.000106165,0.000165602,0,0,-0.302343,0.0306904,-0.291549,0.18228,0.302349,-0.0355124,0.0403078,0,0,2.77556e-11,0.0406185,-0.00670177,0.0373537,0.0109942,-0.0751284,0.0024352,0,0,-0.0337579,-0.246313,-0.00847653,0.548195,-0.0354658,0.395996,-0.00445816,0,0,3.46945e-12,-0.00320984,0.00177267,0.00419637,-0.00184245,0.00325076,-5.29364e-05,0,0,-0.0106524,-0.00366832,-0.00860459,-0.0221983,0.0403334,-0.00446521,0.0650831,0,0,0,0,0,0,0,0,0,0,0,0,0,0,0,0,0,0,0.905991,-4.32267e-09,0,0,0,0,0,0,0,0,0,0,0,0,0,0,0,0,-4.32297e-09,0.905991,
3.46945e-12,0.0068588,-0.0139971,-0.00162264,0.00235693,-0.000101375,1.71775e-05,0,0,0.338443,-0.00816733,0.249055,0.00310608,-0.0302762,-0.00337573,-0.00106634,0,0,-6.93889e-12,0.0742719,-0.00441785,0.0463004,0.00269341,0.000911293,-3.09109e-05,0,0,-0.00816349,0.618014,-0.000214755,-0.0704776,0.00309725,-0.0246209,-0.000369471,0,0,-7.80626e-12,-0.00484051,0.0331766,-0.0019619,-0.00112461,-0.000257218,2.89855e-06,0,0,0.24924,-0.000163922,0.331593,-0.00283578,-0.0291728,-0.000843781,-0.000858055,0,0,3.46945e-12,0.0630058,0.000740369,-0.0407413,-0.00370205,0.00329768,-0.000109612,0,0,0.00310789,-0.0711212,-0.00284331,0.614444,0.0182126,0.0548397,-0.00221601,0,0,3.25261e-12,0.0285523,-0.0101694,-0.0396776,0.0311219,-0.000102817,0.000165919,0,0,-0.302183,0.0306888,-0.291484,0.182306,0.302336,-0.0355217,0.0403042,0,0,1.38778e-11,0.0406316,-0.00670588,0.0373171,0.010997,-0.0751134,0.00243524,0,0,-0.0337787,-0.24625,-0.00847878,0.548237,-0.0354751,0.395993,-0.00445858,0,0,-3.46945e-12,-0.00321032,0.00177361,0.00419735,-0.00184265,0.00325076,-5.2956e-05,0,0,-0.0106657,-0.00367013,-0.00860769,-0.0221963,0.0403298,-0.00446564,0.0650836,0,0,0,0,0,0,0,0,0,0,0,0,0,0,0,0,0,0,0.905991,4.26506e-09,0,0,0,0,0,0,0,0,0,0,0,0,0,0,0,0,4.26506e-09,0.905991,
1.73472e-12,0.00685766,-0.0140095,-0.00162082,0.00235719,-0.000101298,1.72096e-05,0,0,0.338532,-0.00817318,0.249002,0.00311029,-0.0302602,-0.0033778,-0.00106767,0,0,2.08167e-11,0.0742828,-0.00441798,0.0462777,0.00269273,0.000911598,-3.09295e-05,0,0,-0.00816937,0.618032,-0.00021461,-0.0704871,0.00309711,-0.0246146,-0.000369655,0,0,-8.67362e-13,-0.00484131,0.0332125,-0.00195937,-0.00112521,-0.000257386,2.893e-06,0,0,0.249186,-0.000163689,0.331673,-0.00283829,-0.0291663,-0.00084401,-0.000858361,0,0,-2.08167e-11,0.0629883,0.000742262,-0.0407219,-0.00370232,0.00329751,-0.000109639,0,0,0.00311203,-0.071131,-0.00284593,0.614436,0.0182152,0.0548438,-0.00221581,0,0,9.97466e-12,0.0285492,-0.0101688,-0.0396722,0.0311363,-9.94734e-05,0.000166237,0,0,-0.302022,0.0306872,-0.291419,0.182332,0.302322,-0.0355309,0.0403005,0,0,8.32667e-11,0.0406447,-0.00670998,0.0372804,0.0109999,-0.0750985,0.00243528,0,0,-0.0337993,-0.246187,-0.00848099,0.548279,-0.0354844,0.39599,-0.004459,0,0,0,-0.00321079,0.00177455,0.00419834,-0.00184284,0.00325075,-5.29751e-05,0,0,-0.010679,-0.00367195,-0.00861079,-0.0221944,0.0403261,-0.00446606,0.0650841,0,0,0,0,0,0,0,0,0,0,0,0,0,0,0,0,0,0,0.905991,-4.32537e-09,0,2.40048e-12,0,0,0,0,0,0,0,0,0,0,0,0,0,0,-4.32477e-09,0.905991,
4.33681e-12,0.00685652,-0.0140219,-0.00161899,0.00235744,-0.00010122,1.72416e-05,0,0,0.338621,-0.00817904,0.248948,0.00311448,-0.0302441,-0.00337987,-0.001069,0,0,1.38778e-11,0.0742937,-0.00441811,0.046255,0.00269205,0.000911904,-3.0948e-05,0,0,-0.00817524,0.618049,-0.000214465,-0.0704966,0.00309698,-0.0246083,-0.000369839,0,0,-8.67362e-12,-0.0048421,0.0332484,-0.00195684,-0.00112582,-0.000257553,2.88742e-06,0,0,0.249133,-0.000163454,0.331753,-0.00284081,-0.0291599,-0.000844236,-0.000858668,0,0,-1.21431e-11,0.0629708,0.000744154,-0.0407026,-0.0037026,0.00329734,-0.000109666,0,0,0.00311616,-0.0711409,-0.00284856,0.614428,0.0182178,0.054848,-0.00221561,0,0,4.33681e-13,0.028546,-0.0101681,-0.0396669,0.0311506,-9.61338e-05,0.000166555,0,0,-0.301861,0.0306856,-0.291355,0.182359,0.302309,-0.0355402,0.0402969,0,0,4.16334e-11,0.0406578,-0.00671408,0.0372437,0.0110027,-0.0750835,0.00243532,0,0,-0.0338198,-0.246124,-0.00848317,0.548321,-0.0354936,0.395987,-0.00445942,0,0,-3.46945e-12,-0.00321126,0.00177548,0.00419933,-0.00184303,0.00325075,-5.2994e-05,0,0,-0.0106923,-0.00367377,-0.00861389,-0.0221924,0.0403225,-0.00446649,0.0650847,0,0,0,0,0,0,0,0,0,0,0,0,0,0,0,0,0,0,0.905991,4.26296e-09,0,0,0,0,0,0,0,0,0,0,0,0,0,0,0,0,4.26266e-09,0.905991,
2.60209e-12,0.00685537,-0.0140343,-0.00161716,0.00235769,-0.000101143,1.72736e-05,0,0,0.33871,-0.00818489,0.248895,0.00311866,-0.030228,-0.00338192,-0.00107034,0,0,6.93889e-12,0.0743047,-0.00441824,0.0462323,0.00269136,0.00091221,-3.09666e-05,0,0,-0.0081811,0.618067,-0.000214318,-0.0705061,0.00309684,-0.024602,-0.000370024,0,0,-9.1073e-12,-0.00484288,0.0332843,-0.00195431,-0.00112641,-0.000257719,2.88182e-06,0,0,0.24908,-0.000163219,0.331833,-0.00284334,-0.0291534,-0.000844459,-0.000858975,0,0,-2.08167e-11,0.0629532,0.000746046,-0.0406833,-0.00370288,0.00329716,-0.000109693,0,0,0.00312027,-0.0711507,-0.00285119,0.614421,0.0182204,0.0548522,-0.00221541,0,0,-1.40946e-11,0.0285429,-0.0101673,-0.0396615,0.0311649,-9.27985e-05,0.000166873,0,0,-0.301699,0.0306841,-0.29129,0.182385,0.302295,-0.0355494,0.0402932,0,0,-6.93889e-12,0.0406709,-0.00671816,0.0372068,0.0110055,-0.0750685,0.00243536,0,0,-0.0338403,-0.246061,-0.00848531,0.548364,-0.0355029,0.395984,-0.00445985,0,0,0,-0.00321173,0.00177641,0.00420031,-0.00184322,0.00325075,-5.30125e-05,0,0,-0.0107057,-0.00367559,-0.00861699,-0.0221904,0.0403189,-0.00446692,0.0650852,0,0,0,0,0,0,0,0,0,0,0,0,0,0,0,0,0,0,0.905991,-4.31667e-09,0,0,0,0,0,0,0,0,0,0,0,0,0,0,0,0,-4.31727e-09,0.905991,
-4.33681e-12,0.00685422,-0.0140467,-0.00161533,0.00235792,-0.000101065,1.73056e-05,0,0,0.338799,-0.00819073,0.248841,0.00312283,-0.0302119,-0.00338397,-0.00107168,0,0,6.93889e-12,0.0743156,-0.00441836,0.0462095,0.00269068,0.000912517,-3.09852e-05,0,0,-0.00818697,0.618085,-0.00021417,-0.0705157,0.00309671,-0.0245957,-0.000370209,0,0,9.97466e-12,-0.00484366,0.0333201,-0.00195179,-0.00112701,-0.000257885,2.87618e-06,0,0,0.249026,-0.000162982,0.331913,-0.00284587,-0.029147,-0.000844678,-0.000859282,0,0,-3.46945e-12,0.0629357,0.000747936,-0.0406639,-0.00370315,0.00329699,-0.00010972,0,0,0.00312437,-0.0711606,-0.00285383,0.614413,0.0182231,0.0548564,-0.00221521,0,0,-3.25261e-12,0.0285397,-0.0101665,-0.0396561,0.0311792,-8.94672e-05,0.000167192,0,0,-0.301537,0.0306825,-0.291225,0.182412,0.302282,-0.0355587,0.0402895,0,0,0,0.0406841,-0.00672223,0.0371699,0.0110083,-0.0750536,0.0024354,0,0,-0.0338607,-0.245998,-0.00848742,0.548406,-0.0355122,0.395981,-0.00446027,0,0,0,-0.0032122,0.00177734,0.0042013,-0.0018434,0.00325075,-5.30306e-05,0,0,-0.010719,-0.00367741,-0.0086201,-0.0221884,0.0403152,-0.00446734,0.0650857,0,0,0,0,-1.20024e-12,0,-1.20024e-12,-1.20024e-12,0,0,0,0,0,0,0,0,0,0,0.905991,4.25035e-09,0,0,2.40048e-12,0,2.40048e-12,1.20024e-12,0,0,0,0,0,0,0,0,0,0,4.25065e-09,0.905991,
-3.46945e-12,0.00685306,-0.014059,-0.0016135,0.00235815,-0.000100986,1.73376e-05,0,0,0.338888,-0.00819657,0.248787,0.00312699,-0.0301957,-0.00338601,-0.00107302,0,0,0,0.0743265,-0.00441848,0.0461867,0.00268999,0.000912824,-3.10038e-05,0,0,-0.00819282,0.618103,-0.000214022,-0.0705252,0.00309658,-0.0245894,-0.000370395,0,0,6.93889e-12,-0.00484443,0.033356,-0.00194926,-0.0011276,-0.00025805,2.87052e-06,0,0,0.248973,-0.000162745,0.331994,-0.00284841,-0.0291405,-0.000844894,-0.00085959,0,0,-1.73472e-11,0.0629181,0.000749826,-0.0406445,-0.00370342,0.00329682,-0.000109747,0,0,0.00312847,-0.0711705,-0.00285647,0.614405,0.0182257,0.0548605,-0.00221501,0,0,-7.37257e-12,0.0285365,-0.0101657,-0.0396508,0.0311934,-8.61402e-05,0.000167511,0,0,-0.301375,0.030681,-0.29116,0.182438,0.302268,-0.035568,0.0402858,0,0,1.38778e-11,0.0406973,-0.0067263,0.037133,0.011011,-0.0750386,0.00243544,0,0,-0.033881,-0.245935,-0.0084895,0.548448,-0.0355215,0.395978,-0.0044607,0,0,-3.46945e-12,-0.00321267,0.00177827,0.00420229,-0.00184358,0.00325075,-5.30484e-05,0,0,-0.0107324,-0.00367924,-0.0086232,-0.0221864,0.0403116,-0.00446777,0.0650863,0,0,0,0,0,0,0,0,0,0,0,0,0,0,0,0,0,0,0.905991,-4.30046e-09,0,0,1.20024e-12,0,0,0,0,0,0,0,0,0,0,0,0,0,-4.29956e-09,0.905991,
0,0.0068519,-0.0140714,-0.00161167,0.00235838,-0.000100908,1.73695e-05,0,0,0.338977,-0.00820241,0.248734,0.00313113,-0.0301794,-0.00338804,-0.00107436,0,0,-6.93889e-12,0.0743375,-0.0044186,0.0461639,0.0026893,0.000913132,-3.10224e-05,0,0,-0.00819868,0.61812,-0.000213872,-0.0705348,0.00309645,-0.0245831,-0.000370581,0,0,4.33681e-13,-0.00484519,0.0333919,-0.00194673,-0.0011282,-0.000258214,2.86483e-06,0,0,0.24892,-0.000162506,0.332074,-0.00285095,-0.0291341,-0.000845106,-0.000859897,0,0,-3.46945e-12,0.0629005,0.000751715,-0.0406251,-0.00370369,0.00329665,-0.000109774,0,0,0.00313255,-0.0711804,-0.00285912,0.614397,0.0182283,0.0548647,-0.00221481,0,0,-4.33681e-12,0.0285333,-0.0101648,-0.0396454,0.0312076,-8.28173e-05,0.000167831,0,0,-0.301212,0.0306794,-0.291095,0.182465,0.302255,-0.0355772,0.0402821,0,0,3.46945e-11,0.0407105,-0.00673036,0.037096,0.0110138,-0.0750236,0.00243548,0,0,-0.0339012,-0.245872,-0.00849155,0.54849,-0.0355307,0.395975,-0.00446112,0,0,-3.46945e-12,-0.00321314,0.00177919,0.00420327,-0.00184375,0.00325075,-5.30659e-05,0,0,-0.0107458,-0.00368107,-0.00862631,-0.0221844,0.0403079,-0.0044682,0.0650868,0,0,0,0,0,0,0,0,0,-1.15223e-10,0,0,0,0,0,0,0,0,0.905991,4.22935e-09,0,0,0,0,0,0,0,0,0,0,0,0,0,0,0,0,4.22995e-09,0.905991,
2.60209e-12,0.00685073,-0.0140837,-0.00160984,0.00235859,-0.00010083,1.74015e-05,0,0,0.339067,-0.00820825,0.24868,0.00313527,-0.0301632,-0.00339006,-0.0010757,0,0,0,0.0743484,-0.00441871,0.0461411,0.00268861,0.00091344,-3.10411e-05,0,0,-0.00820453,0.618138,-0.000213721,-0.0705444,0.00309632,-0.0245767,-0.000370767,0,0,-7.80626e-12,-0.00484595,0.0334278,-0.00194421,-0.00112878,-0.000258378,2.85911e-06,0,0,0.248866,-0.000162267,0.332155,-0.0028535,-0.0291276,-0.000845316,-0.000860205,0,0,1.04083e-11,0.0628829,0.000753603,-0.0406057,-0.00370396,0.00329648,-0.000109801,0,0,0.00313661,-0.0711904,-0.00286177,0.614389,0.018231,0.0548689,-0.0022146,0,0,-1.04083e-11,0.0285301,-0.0101639,-0.03964,0.0312217,-7.94987e-05,0.000168151,0,0,-0.301049,0.0306779,-0.29103,0.182492,0.302241,-0.0355865,0.0402784,0,0,6.93889e-12,0.0407237,-0.00673441,0.0370589,0.0110166,-0.0750087,0.00243552,0,0,-0.0339213,-0.245809,-0.00849356,0.548532,-0.03554,0.395972,-0.00446155,0,0,0,-0.00321361,0.00178011,0.00420426,-0.00184392,0.00325075,-5.3083e-05,0,0,-0.0107592,-0.0036829,-0.00862942,-0.0221824,0.0403042,-0.00446863,0.0650873,0,0,0,0,1.20024e-12,1.20024e-12,-1.20024e-12,0,0,5.76116e-11,0,0,0,0,0,0,0,0,0.905991,4.27526e-09,0,0,0,0,0,0,0,0,0,0,0,0,0,0,0,0,4.27556e-09,0.905991,
-1.73472e-12,0.00684956,-0.0140961,-0.00160801,0.0023588,-0.000100751,1.74334e-05,0,0,0.339157,-0.00821408,0.248626,0.00313938,-0.0301469,-0.00339208,-0.00107705,0,0,-6.93889e-12,0.0743593,-0.00441882,0.0461182,0.00268792,0.000913749,-3.10597e-05,0,0,-0.00821037,0.618156,-0.000213569,-0.070554,0.00309619,-0.0245704,-0.000370953,0,0,4.77049e-12,-0.00484671,0.0334637,-0.00194169,-0.00112937,-0.000258541,2.85335e-06,0,0,0.248813,-0.000162026,0.332236,-0.00285605,-0.0291211,-0.000845521,-0.000860512,0,0,6.93889e-12,0.0628653,0.000755491,-0.0405862,-0.00370422,0.00329631,-0.000109828,0,0,0.00314067,-0.0712003,-0.00286443,0.614381,0.0182337,0.0548731,-0.0022144,0,0,4.55365e-12,0.0285269,-0.0101629,-0.0396347,0.0312357,-7.61843e-05,0.000168471,0,0,-0.300885,0.0306764,-0.290964,0.182519,0.302228,-0.0355958,0.0402747,0,0,-2.77556e-11,0.040737,-0.00673845,0.0370217,0.0110194,-0.0749937,0.00243556,0,0,-0.0339414,-0.245745,-0.00849554,0.548575,-0.0355493,0.395969,-0.00446198,0,0,0,-0.00321407,0.00178102,0.00420525,-0.00184408,0.00325075,-5.30998e-05,0,0,-0.0107727,-0.00368474,-0.00863252,-0.0221805,0.0403005,-0.00446907,0.0650879,0,0,0,0,0,1.20024e-12,0,0,0,5.64113e-11,0,0,0,0,0,0,0,0,0.905991,-4.43429e-09,0,0,0,0,0,0,0,0,0,0,0,0,0,0,0,0,-4.43429e-09,0.905991,
-8.67362e-13,0.00684838,-0.0141084,-0.00160617,0.002359,-0.000100672,1.74653e-05,0,0,0.339246,-0.00821991,0.248573,0.00314349,-0.0301305,-0.00339408,-0.0010784,0,0,-1.38778e-11,0.0743702,-0.00441892,0.0460954,0.00268723,0.000914058,-3.10784e-05,0,0,-0.00821622,0.618174,-0.000213415,-0.0705636,0.00309606,-0.024564,-0.00037114,0,0,2.60209e-12,-0.00484746,0.0334996,-0.00193916,-0.00112995,-0.000258704,2.84757e-06,0,0,0.248759,-0.000161784,0.332317,-0.00285861,-0.0291146,-0.000845724,-0.00086082,0,0,-5.20417e-12,0.0628476,0.000757378,-0.0405667,-0.00370449,0.00329614,-0.000109855,0,0,0.00314471,-0.0712103,-0.00286709,0.614373,0.0182363,0.0548773,-0.0022142,0,0,1.95156e-12,0.0285237,-0.0101619,-0.0396293,0.0312497,-7.2874e-05,0.000168792,0,0,-0.300721,0.0306749,-0.290899,0.182545,0.302215,-0.0356051,0.0402709,0,0,2.08167e-11,0.0407503,-0.00674248,0.0369845,0.0110221,-0.0749788,0.0024356,0,0,-0.0339614,-0.245682,-0.00849748,0.548617,-0.0355586,0.395966,-0.00446241,0,0,0,-0.00321454,0.00178193,0.00420624,-0.00184424,0.00325075,-5.31163e-05,0,0,-0.0107862,-0.00368658,-0.00863563,-0.0221784,0.0402968,-0.0044695,0.0650884,0,0,0,0,0,0,0,0,0,0,0,0,0,0,0,0,0,0,0.905991,-4.45409e-09,0,0,0,0,0,0,0,0,0,0,0,0,0,0,0,0,-4.45409e-09,0.905991,
-8.67362e-13,0.0068472,-0.0141208,-0.00160434,0.0023592,-0.000100593,1.74972e-05,0,0,0.339336,-0.00822573,0.248519,0.00314758,-0.0301142,-0.00339608,-0.00107975,0,0,0,0.0743811,-0.00441902,0.0460725,0.00268654,0.000914368,-3.10971e-05,0,0,-0.00822206,0.618192,-0.000213261,-0.0705733,0.00309593,-0.0245576,-0.000371327,0,0,-1.30104e-12,-0.0048482,0.0335355,-0.00193664,-0.00113053,-0.000258866,2.84176e-06,0,0,0.248705,-0.000161542,0.332398,-0.00286118,-0.0291081,-0.000845923,-0.000861128,0,0,5.20417e-12,0.0628299,0.000759264,-0.0405472,-0.00370475,0.00329597,-0.000109883,0,0,0.00314875,-0.0712203,-0.00286976,0.614365,0.018239,0.0548814,-0.002214,0,0,-2.42861e-11,0.0285204,-0.0101608,-0.0396239,0.0312636,-6.95681e-05,0.000169113,0,0,-0.300557,0.0306734,-0.290833,0.182572,0.302202,-0.0356144,0.0402672,0,0,-1.38778e-11,0.0407636,-0.0067465,0.0369472,0.0110249,-0.0749638,0.00243564,0,0,-0.0339812,-0.245618,-0.0084994,0.548659,-0.0355679,0.395963,-0.00446284,0,0,0,-0.003215,0.00178284,0.00420722,-0.00184439,0.00325076,-5.31324e-05,0,0,-0.0107996,-0.00368842,-0.00863875,-0.0221764,0.0402931,-0.00446993,0.065089,0,0,0,0,0,0,0,0,0,0,0,0,0,0,0,0,0,0,0.905991,-4.34667e-09,0,0,0,0,0,0,0,0,0,0,0,0,0,0,0,0,-4.34577e-09,0.905991,
8.67362e-12,0.00684602,-0.0141331,-0.00160251,0.00235938,-0.000100513,1.7529e-05,0,0,0.339426,-0.00823155,0.248465,0.00315166,-0.0300977,-0.00339807,-0.0010811,0,0,6.93889e-12,0.0743919,-0.00441912,0.0460495,0.00268585,0.000914679,-3.11159e-05,0,0,-0.00822789,0.61821,-0.000213106,-0.0705829,0.0030958,-0.0245512,-0.000371514,0,0,-1.99493e-11,-0.00484894,0.0335714,-0.00193412,-0.00113111,-0.000259027,2.83593e-06,0,0,0.248652,-0.000161299,0.332479,-0.00286375,-0.0291015,-0.000846119,-0.000861436,0,0,-2.25514e-11,0.0628122,0.00076115,-0.0405277,-0.00370501,0.0032958,-0.00010991,0,0,0.00315277,-0.0712303,-0.00287243,0.614357,0.0182417,0.0548856,-0.00221379,0,0,6.07153e-12,0.0285172,-0.0101597,-0.0396185,0.0312775,-6.62665e-05,0.000169435,0,0,-0.300392,0.0306719,-0.290768,0.182599,0.302189,-0.0356236,0.0402634,0,0,6.245e-11,0.0407769,-0.00675051,0.0369098,0.0110276,-0.0749489,0.00243568,0,0,-0.034001,-0.245554,-0.00850128,0.548701,-0.0355772,0.39596,-0.00446327,0,0,0,-0.00321546,0.00178374,0.00420821,-0.00184454,0.00325076,-5.31482e-05,0,0,-0.0108132,-0.00369027,-0.00864186,-0.0221744,0.0402894,-0.00447037,0.0650895,0,0,0,-1.20024e-12,-1.20024e-12,0,0,-1.20024e-12,0,0,0,0,0,0,0,0,0,0,0.905991,4.14113e-09,0,0,0,0,0,0,0,0,0,0,0,0,0,0,0,0,4.14083e-09,0.905991,
3.46945e-12,0.00684482,-0.0141454,-0.00160068,0.00235956,-0.000100434,1.75609e-05,0,0,0.339517,-0.00823737,0.248411,0.00315573,-0.0300813,-0.00340004,-0.00108246,0,0,6.93889e-12,0.0744028,-0.00441922,0.0460266,0.00268515,0.00091499,-3.11346e-05,0,0,-0.00823372,0.618228,-0.00021295,-0.0705926,0.00309568,-0.0245448,-0.000371701,0,0,-5.63785e-12,-0.00484968,0.0336074,-0.00193159,-0.00113169,-0.000259188,2.83006e-06,0,0,0.248598,-0.000161054,0.33256,-0.00286632,-0.029095,-0.000846311,-0.000861745,0,0,-8.67362e-12,0.0627945,0.000763034,-0.0405081,-0.00370528,0.00329563,-0.000109937,0,0,0.00315677,-0.0712403,-0.0028751,0.614349,0.0182443,0.0548898,-0.00221359,0,0,1.82146e-11,0.0285139,-0.0101585,-0.0396131,0.0312913,-6.29691e-05,0.000169757,0,0,-0.300227,0.0306704,-0.290702,0.182626,0.302176,-0.0356329,0.0402596,0,0,3.46945e-11,0.0407903,-0.00675452,0.0368724,0.0110303,-0.0749339,0.00243572,0,0,-0.0340207,-0.245491,-0.00850312,0.548744,-0.0355865,0.395957,-0.0044637,0,0,-3.46945e-12,-0.00321593,0.00178464,0.0042092,-0.00184469,0.00325076,-5.31636e-05,0,0,-0.0108267,-0.00369212,-0.00864497,-0.0221724,0.0402856,-0.0044708,0.0650901,0,0,0,0,0,2.40048e-12,0,2.40048e-12,0,-5.64113e-11,0,0,0,0,0,0,0,0,0.905991,4.06672e-09,0,0,0,-2.40048e-12,0,-2.40048e-12,0,0,0,0,0,0,0,0,0,0,4.06672e-09,0.905991,
-8.67362e-13,0.00684363,-0.0141577,-0.00159884,0.00235973,-0.000100354,1.75927e-05,0,0,0.339607,-0.00824318,0.248357,0.00315979,-0.0300648,-0.00340202,-0.00108381,0,0,6.93889e-12,0.0744137,-0.00441931,0.0460036,0.00268446,0.000915301,-3.11534e-05,0,0,-0.00823955,0.618246,-0.000212793,-0.0706023,0.00309555,-0.0245384,-0.000371889,0,0,3.46945e-12,-0.00485041,0.0336433,-0.00192907,-0.00113226,-0.000259348,2.82416e-06,0,0,0.248544,-0.000160809,0.332641,-0.00286891,-0.0290885,-0.000846501,-0.000862053,0,0,-1.38778e-11,0.0627767,0.000764919,-0.0404885,-0.00370553,0.00329546,-0.000109964,0,0,0.00316077,-0.0712504,-0.00287779,0.614341,0.018247,0.054894,-0.00221338,0,0,9.32414e-12,0.0285107,-0.0101573,-0.0396077,0.0313051,-5.96761e-05,0.00017008,0,0,-0.300061,0.0306689,-0.290636,0.182654,0.302163,-0.0356422,0.0402558,0,0,2.08167e-11,0.0408037,-0.00675851,0.0368349,0.0110331,-0.074919,0.00243576,0,0,-0.0340404,-0.245427,-0.00850494,0.548786,-0.0355958,0.395954,-0.00446414,0,0,0,-0.00321639,0.00178554,0.00421019,-0.00184483,0.00325076,-5.31787e-05,0,0,-0.0108403,-0.00369397,-0.00864809,-0.0221704,0.0402819,-0.00447124,0.0650906,0,0,0,-1.20024e-12,-1.20024e-12,1.20024e-12,0,0,-1.20024e-12,0,0,0,0,0,0,0,0,0,0.905991,4.09612e-09,0,0,0,0,0,0,0,0,0,0,0,0,0,0,0,0,4.09552e-09,0.905991,
4.33681e-12,0.00684243,-0.0141701,-0.00159701,0.0023599,-0.000100274,1.76245e-05,0,0,0.339697,-0.00824899,0.248303,0.00316383,-0.0300482,-0.00340398,-0.00108517,0,0,-1.38778e-11,0.0744246,-0.0044194,0.0459806,0.00268376,0.000915614,-3.11722e-05,0,0,-0.00824537,0.618264,-0.000212635,-0.070612,0.00309543,-0.024532,-0.000372077,0,0,-1.34441e-11,-0.00485113,0.0336792,-0.00192655,-0.00113283,-0.000259507,2.81823e-06,0,0,0.248491,-0.000160563,0.332723,-0.00287149,-0.0290819,-0.000846687,-0.000862362,0,0,-1.56125e-11,0.062759,0.000766802,-0.0404689,-0.00370579,0.00329529,-0.000109991,0,0,0.00316475,-0.0712604,-0.00288047,0.614333,0.0182497,0.0548982,-0.00221318,0,0,-7.58942e-12,0.0285074,-0.010156,-0.0396023,0.0313188,-5.63874e-05,0.000170403,0,0,-0.299895,0.0306674,-0.29057,0.182681,0.30215,-0.0356515,0.040252,0,0,1.38778e-11,0.0408171,-0.0067625,0.0367973,0.0110358,-0.074904,0.0024358,0,0,-0.0340599,-0.245363,-0.00850672,0.548828,-0.0356051,0.395952,-0.00446457,0,0,0,-0.00321685,0.00178644,0.00421118,-0.00184497,0.00325076,-5.31934e-05,0,0,-0.0108538,-0.00369582,-0.00865121,-0.0221684,0.0402781,-0.00447168,0.0650912,0,0,0,0,-1.20024e-12,0,0,1.20024e-12,0,0,0,0,0,0,0,0,0,0,0.905991,4.22395e-09,0,0,-3.60072e-12,0,0,3.60072e-12,0,0,0,0,0,0,0,0,0,0,4.22455e-09,0.905991,
-8.67362e-13,0.00684123,-0.0141824,-0.00159517,0.00236006,-0.000100194,1.76563e-05,0,0,0.339788,-0.0082548,0.248249,0.00316786,-0.0300316,-0.00340593,-0.00108653,0,0,6.93889e-12,0.0744354,-0.00441948,0.0459576,0.00268306,0.000915926,-3.1191e-05,0,0,-0.00825119,0.618282,-0.000212475,-0.0706217,0.0030953,-0.0245256,-0.000372266,0,0,5.63785e-12,-0.00485185,0.0337151,-0.00192403,-0.0011334,-0.000259666,2.81228e-06,0,0,0.248437,-0.000160316,0.332804,-0.00287409,-0.0290753,-0.000846869,-0.00086267,0,0,1.73472e-12,0.0627412,0.000768685,-0.0404493,-0.00370605,0.00329512,-0.000110019,0,0,0.00316873,-0.0712705,-0.00288316,0.614325,0.0182524,0.0549024,-0.00221298,0,0,2.10335e-11,0.0285041,-0.0101547,-0.0395968,0.0313325,-5.3103e-05,0.000170727,0,0,-0.299728,0.030666,-0.290504,0.182708,0.302137,-0.0356608,0.0402482,0,0,0,0.0408305,-0.00676648,0.0367597,0.0110385,-0.0748891,0.00243585,0,0,-0.0340794,-0.245299,-0.00850847,0.548871,-0.0356144,0.395949,-0.00446501,0,0,0,-0.00321731,0.00178733,0.00421216,-0.0018451,0.00325076,-5.32078e-05,0,0,-0.0108674,-0.00369768,-0.00865433,-0.0221664,0.0402743,-0.00447212,0.0650917,0,0,0,0,0,-1.20024e-12,0,0,0,0,0,0,0,0,0,0,0,0,0.905991,-4.4625e-09,0,2.40048e-12,-2.40048e-12,0,0,2.40048e-12,-2.40048e-12,-1.14023e-10,0,0,0,0,0,0,0,0,-4.4628e-09,0.905991,
6.07153e-12,0.00684002,-0.0141947,-0.00159334,0.00236021,-0.000100113,1.7688e-05,0,0,0.339878,-0.0082606,0.248195,0.00317187,-0.030015,-0.00340788,-0.0010879,0,0,0,0.0744463,-0.00441956,0.0459345,0.00268236,0.00091624,-3.12098e-05,0,0,-0.00825701,0.6183,-0.000212315,-0.0706315,0.00309518,-0.0245192,-0.000372454,0,0,-1.43115e-11,-0.00485256,0.0337511,-0.00192151,-0.00113397,-0.000259824,2.8063e-06,0,0,0.248383,-0.000160068,0.332886,-0.00287669,-0.0290688,-0.000847048,-0.000862979,0,0,1.73472e-12,0.0627234,0.000770567,-0.0404297,-0.0037063,0.00329495,-0.000110046,0,0,0.00317269,-0.0712806,-0.00288586,0.614317,0.0182551,0.0549066,-0.00221277,0,0,-3.68629e-12,0.0285008,-0.0101533,-0.0395914,0.0313461,-4.9823e-05,0.00017105,0,0,-0.299562,0.0306645,-0.290438,0.182735,0.302124,-0.0356701,0.0402444,0,0,-6.93889e-12,0.040844,-0.00677045,0.036722,0.0110412,-0.0748741,0.00243589,0,0,-0.0340987,-0.245235,-0.00851019,0.548913,-0.0356237,0.395946,-0.00446544,0,0,0,-0.00321776,0.00178821,0.00421315,-0.00184522,0.00325077,-5.32219e-05,0,0,-0.0108811,-0.00369954,-0.00865745,-0.0221643,0.0402705,-0.00447256,0.0650923,0,0,0,0,0,0,0,0,1.20024e-12,-5.76116e-11,0,0,0,0,0,0,0,0,0.905991,-4.56062e-09,0,0,0,0,0,0,-2.40048e-12,0,0,0,0,0,0,0,0,0,-4.56092e-09,0.905991,
3.46945e-12,0.0068388,-0.0142069,-0.0015915,0.00236035,-0.000100033,1.77198e-05,0,0,0.339969,-0.0082664,0.248141,0.00317588,-0.0299983,-0.00340982,-0.00108926,0,0,-6.93889e-12,0.0744571,-0.00441964,0.0459114,0.00268166,0.000916553,-3.12287e-05,0,0,-0.00826282,0.618319,-0.000212154,-0.0706412,0.00309506,-0.0245127,-0.000372643,0,0,-8.23994e-12,-0.00485327,0.033787,-0.00191899,-0.00113453,-0.000259982,2.80028e-06,0,0,0.248329,-0.000159819,0.332968,-0.00287929,-0.0290622,-0.000847224,-0.000863288,0,0,-1.73472e-12,0.0627055,0.000772448,-0.04041,-0.00370655,0.00329478,-0.000110073,0,0,0.00317663,-0.0712907,-0.00288856,0.614309,0.0182579,0.0549108,-0.00221256,0,0,1.40946e-11,0.0284975,-0.0101519,-0.039586,0.0313597,-4.65474e-05,0.000171375,0,0,-0.299394,0.030663,-0.290372,0.182763,0.302111,-0.0356794,0.0402405,0,0,-6.93889e-12,0.0408575,-0.00677441,0.0366842,0.0110439,-0.0748592,0.00243593,0,0,-0.034118,-0.24517,-0.00851187,0.548955,-0.035633,0.395943,-0.00446588,0,0,-3.46945e-12,-0.00321822,0.0017891,0.00421414,-0.00184535,0.00325077,-5.32356e-05,0,0,-0.0108947,-0.0037014,-0.00866057,-0.0221623,0.0402667,-0.004473,0.0650928,0,0,0,0,0,0,0,0,2.40048e-12,0,0,0,0,0,0,0,0,0,0.905991,-4.51411e-09,0,0,0,0,0,0,-1.20024e-12,0,0,0,0,0,0,0,0,0,-4.51381e-09,0.905991,
-5.20417e-12,0.00683758,-0.0142192,-0.00158967,0.00236049,-9.9952e-05,1.77515e-05,0,0,0.34006,-0.0082722,0.248087,0.00317987,-0.0299816,-0.00341175,-0.00109063,0,0,-1.38778e-11,0.074468,-0.00441971,0.0458883,0.00268096,0.000916868,-3.12475e-05,0,0,-0.00826863,0.618337,-0.000211992,-0.070651,0.00309493,-0.0245063,-0.000372833,0,0,1.34441e-11,-0.00485398,0.033823,-0.00191647,-0.00113509,-0.000260139,2.79424e-06,0,0,0.248275,-0.000159569,0.33305,-0.0028819,-0.0290556,-0.000847397,-0.000863598,0,0,5.20417e-12,0.0626877,0.000774329,-0.0403903,-0.0037068,0.00329461,-0.000110101,0,0,0.00318057,-0.0713008,-0.00289126,0.614301,0.0182606,0.054915,-0.00221236,0,0,1.04083e-11,0.0284942,-0.0101504,-0.0395806,0.0313732,-4.32763e-05,0.0001717,0,0,-0.299227,0.0306616,-0.290306,0.18279,0.302099,-0.0356887,0.0402367,0,0,-2.77556e-11,0.040871,-0.00677836,0.0366464,0.0110465,-0.0748442,0.00243597,0,0,-0.0341372,-0.245106,-0.00851352,0.548998,-0.0356423,0.39594,-0.00446632,0,0,0,-0.00321868,0.00178998,0.00421513,-0.00184546,0.00325077,-5.3249e-05,0,0,-0.0109084,-0.00370327,-0.00866369,-0.0221603,0.0402629,-0.00447344,0.0650934,0,0,0,-1.20024e-12,1.20024e-12,0,-1.20024e-12,0,0,0,0,0,0,0,0,0,0,0,0.905991,-4.34397e-09,0,-1.20024e-12,1.20024e-12,0,-1.20024e-12,0,0,0,0,0,0,0,0,0,0,0,-4.34367e-09,0.905991,
-3.46945e-12,0.00683636,-0.0142315,-0.00158783,0.00236062,-9.98711e-05,1.77832e-05,0,0,0.340151,-0.00827799,0.248032,0.00318385,-0.0299649,-0.00341367,-0.001092,0,0,2.77556e-11,0.0744788,-0.00441979,0.0458652,0.00268026,0.000917183,-3.12664e-05,0,0,-0.00827444,0.618355,-0.00021183,-0.0706608,0.00309481,-0.0244998,-0.000373022,0,0,1.12757e-11,-0.00485467,0.0338589,-0.00191395,-0.00113565,-0.000260295,2.78817e-06,0,0,0.248221,-0.000159319,0.333132,-0.00288451,-0.029049,-0.000847567,-0.000863907,0,0,-3.46945e-12,0.0626698,0.000776209,-0.0403706,-0.00370705,0.00329444,-0.000110128,0,0,0.0031845,-0.0713109,-0.00289397,0.614293,0.0182633,0.0549192,-0.00221215,0,0,-3.90313e-12,0.0284908,-0.0101489,-0.0395751,0.0313866,-4.00096e-05,0.000172025,0,0,-0.299059,0.0306602,-0.290239,0.182818,0.302086,-0.035698,0.0402328,0,0,5.55112e-11,0.0408845,-0.0067823,0.0366085,0.0110492,-0.0748293,0.00243601,0,0,-0.0341564,-0.245042,-0.00851514,0.54904,-0.0356516,0.395937,-0.00446675,0,0,0,-0.00321913,0.00179085,0.00421612,-0.00184558,0.00325077,-5.3262e-05,0,0,-0.0109221,-0.00370514,-0.00866682,-0.0221582,0.0402591,-0.00447388,0.0650939,0,0,0,0,0,0,-1.20024e-12,0,0,0,0,0,0,0,0,0,0,0,0.905991,4.09222e-09,0,0,0,0,0,0,0,0,0,0,0,0,0,0,0,0,4.09282e-09,0.905991,
0,0.00683513,-0.0142438,-0.00158599,0.00236074,-9.97899e-05,1.78148e-05,0,0,0.340242,-0.00828378,0.247978,0.00318781,-0.0299481,-0.00341558,-0.00109337,0,0,0,0.0744897,-0.00441985,0.045842,0.00267956,0.000917498,-3.12853e-05,0,0,-0.00828024,0.618373,-0.000211666,-0.0706706,0.00309469,-0.0244934,-0.000373212,0,0,-1.73472e-12,-0.00485537,0.0338949,-0.00191143,-0.0011362,-0.000260451,2.78207e-06,0,0,0.248167,-0.000159067,0.333214,-0.00288714,-0.0290424,-0.000847733,-0.000864217,0,0,1.04083e-11,0.0626519,0.000778088,-0.0403509,-0.0037073,0.00329427,-0.000110155,0,0,0.00318841,-0.0713211,-0.00289669,0.614285,0.018266,0.0549234,-0.00221194,0,0,-1.40946e-11,0.0284875,-0.0101474,-0.0395697,0.0314,-3.67473e-05,0.000172351,0,0,-0.29889,0.0306587,-0.290173,0.182845,0.302074,-0.0357073,0.0402289,0,0,-4.85723e-11,0.0408981,-0.00678624,0.0365705,0.0110519,-0.0748144,0.00243605,0,0,-0.0341754,-0.244977,-0.00851673,0.549083,-0.0356609,0.395934,-0.00446719,0,0,0,-0.00321959,0.00179173,0.00421711,-0.00184569,0.00325078,-5.32747e-05,0,0,-0.0109358,-0.00370701,-0.00866994,-0.0221562,0.0402552,-0.00447432,0.0650945,0,0,0,0,0,0,0,0,0,0,0,0,0,0,0,0,0,0,0.905991,3.9785e-09,0,0,0,0,0,0,0,0,0,0,0,0,0,0,0,0,3.9797e-09,0.905991,
-4.33681e-12,0.0068339,-0.014256,-0.00158416,0.00236086,-9.97086e-05,1.78465e-05,0,0,0.340334,-0.00828957,0.247924,0.00319177,-0.0299313,-0.00341748,-0.00109475,0,0,-1.38778e-11,0.0745005,-0.00441992,0.0458189,0.00267885,0.000917814,-3.13042e-05,0,0,-0.00828604,0.618392,-0.000211501,-0.0706804,0.00309458,-0.0244869,-0.000373402,0,0,6.50521e-12,-0.00485606,0.0339308,-0.00190891,-0.00113676,-0.000260606,2.77594e-06,0,0,0.248113,-0.000158815,0.333296,-0.00288976,-0.0290358,-0.000847896,-0.000864526,0,0,1.04083e-11,0.062634,0.000779967,-0.0403311,-0.00370754,0.00329411,-0.000110183,0,0,0.00319231,-0.0713312,-0.00289941,0.614277,0.0182688,0.0549276,-0.00221174,0,0,-2.4503e-11,0.0284841,-0.0101458,-0.0395642,0.0314133,-3.34895e-05,0.000172677,0,0,-0.298722,0.0306573,-0.290106,0.182873,0.302061,-0.0357166,0.040225,0,0,-1.38778e-11,0.0409117,-0.00679016,0.0365325,0.0110545,-0.0747994,0.00243609,0,0,-0.0341944,-0.244912,-0.00851828,0.549125,-0.0356702,0.395931,-0.00446763,0,0,3.46945e-12,-0.00322004,0.0017926,0.0042181,-0.00184579,0.00325078,-5.3287e-05,0,0,-0.0109495,-0.00370888,-0.00867307,-0.0221541,0.0402514,-0.00447477,0.0650951,0,0,0,0,0,0,0,0,0,0,0,0,0,0,0,0,0,0,0.905991,3.9686e-09,0,0,0,0,0,0,0,0,0,0,0,0,0,0,0,0,3.9683e-09,0.905991,
2.60209e-12,0.00683266,-0.0142683,-0.00158232,0.00236096,-9.96271e-05,1.78781e-05,0,0,0.340425,-0.00829535,0.24787,0.00319571,-0.0299144,-0.00341938,-0.00109613,0,0,-1.38778e-11,0.0745113,-0.00441998,0.0457957,0.00267815,0.000918131,-3.13232e-05,0,0,-0.00829184,0.61841,-0.000211336,-0.0706902,0.00309446,-0.0244804,-0.000373593,0,0,-7.80626e-12,-0.00485674,0.0339668,-0.00190639,-0.00113731,-0.00026076,2.76978e-06,0,0,0.248059,-0.000158562,0.333378,-0.0028924,-0.0290292,-0.000848056,-0.000864836,0,0,-1.38778e-11,0.062616,0.000781845,-0.0403113,-0.00370778,0.00329394,-0.00011021,0,0,0.0031962,-0.0713414,-0.00290214,0.614269,0.0182715,0.0549318,-0.00221153,0,0,-3.90313e-12,0.0284808,-0.0101441,-0.0395588,0.0314266,-3.02362e-05,0.000173003,0,0,-0.298553,0.0306559,-0.29004,0.1829,0.302049,-0.0357259,0.0402211,0,0,-2.77556e-11,0.0409253,-0.00679408,0.0364944,0.0110572,-0.0747845,0.00243613,0,0,-0.0342132,-0.244848,-0.00851981,0.549168,-0.0356796,0.395928,-0.00446808,0,0,-3.46945e-12,-0.00322049,0.00179346,0.00421909,-0.00184589,0.00325078,-5.3299e-05,0,0,-0.0109632,-0.00371076,-0.0086762,-0.0221521,0.0402475,-0.00447521,0.0650956,0,0,0,1.20024e-12,-1.20024e-12,-1.20024e-12,0,0,0,0,0,0,0,0,0,0,0,0,0.905991,4.04871e-09,0,0,0,0,0,0,0,0,0,0,0,0,0,0,0,0,4.04871e-09,0.905991,
-6.07153e-12,0.00683142,-0.0142805,-0.00158048,0.00236107,-9.95454e-05,1.79097e-05,0,0,0.340516,-0.00830113,0.247815,0.00319964,-0.0298975,-0.00342127,-0.00109751,0,0,6.93889e-12,0.0745221,-0.00442004,0.0457724,0.00267744,0.000918448,-3.13422e-05,0,0,-0.00829763,0.618428,-0.000211169,-0.0707001,0.00309434,-0.0244739,-0.000373783,0,0,1.51788e-11,-0.00485742,0.0340027,-0.00190387,-0.00113785,-0.000260914,2.76359e-06,0,0,0.248005,-0.000158309,0.333461,-0.00289503,-0.0290225,-0.000848212,-0.000865146,0,0,-1.21431e-11,0.0625981,0.000783722,-0.0402915,-0.00370803,0.00329377,-0.000110237,0,0,0.00320007,-0.0713516,-0.00290487,0.614261,0.0182743,0.054936,-0.00221132,0,0,6.50521e-13,0.0284774,-0.0101424,-0.0395533,0.0314399,-2.69874e-05,0.00017333,0,0,-0.298383,0.0306545,-0.289973,0.182928,0.302036,-0.0357352,0.0402172,0,0,-1.38778e-11,0.0409389,-0.00679799,0.0364563,0.0110598,-0.0747695,0.00243617,0,0,-0.034232,-0.244783,-0.0085213,0.54921,-0.0356889,0.395925,-0.00446852,0,0,0,-0.00322094,0.00179433,0.00422008,-0.00184599,0.00325079,-5.33107e-05,0,0,-0.010977,-0.00371264,-0.00867933,-0.02215,0.0402436,-0.00447566,0.0650962,0,0,0,0,1.20024e-12,0,1.20024e-12,0,0,0,0,0,0,0,0,0,0,0,0.905991,4.22335e-09,0,0,1.20024e-12,0,1.20024e-12,0,0,0,0,0,0,0,0,0,0,0,4.22395e-09,0.905991,
6.93889e-12,0.00683018,-0.0142928,-0.00157864,0.00236116,-9.94636e-05,1.79413e-05,0,0,0.340608,-0.00830691,0.247761,0.00320355,-0.0298806,-0.00342315,-0.00109889,0,0,0,0.0745329,-0.00442009,0.0457492,0.00267673,0.000918766,-3.13611e-05,0,0,-0.00830342,0.618447,-0.000211002,-0.07071,0.00309422,-0.0244674,-0.000373974,0,0,-1.60462e-11,-0.00485809,0.0340387,-0.00190135,-0.0011384,-0.000261067,2.75738e-06,0,0,0.247951,-0.000158054,0.333543,-0.00289768,-0.0290159,-0.000848365,-0.000865457,0,0,0,0.0625801,0.000785599,-0.0402717,-0.00370827,0.0032936,-0.000110265,0,0,0.00320394,-0.0713618,-0.0029076,0.614253,0.018277,0.0549402,-0.00221111,0,0,7.80626e-12,0.028474,-0.0101407,-0.0395478,0.031453,-2.37432e-05,0.000173658,0,0,-0.298213,0.0306531,-0.289906,0.182956,0.302024,-0.0357445,0.0402133,0,0,0,0.0409526,-0.00680189,0.036418,0.0110624,-0.0747546,0.00243621,0,0,-0.0342507,-0.244718,-0.00852276,0.549253,-0.0356982,0.395923,-0.00446896,0,0,0,-0.00322139,0.00179519,0.00422107,-0.00184608,0.00325079,-5.3322e-05,0,0,-0.0109908,-0.00371452,-0.00868247,-0.022148,0.0402397,-0.0044761,0.0650967,0,0,0,0,0,0,0,0,0,0,0,0,0,0,0,0,0,0,0.905991,-4.51381e-09,0,-3.60072e-12,3.60072e-12,3.60072e-12,-3.60072e-12,0,0,0,0,0,0,0,0,0,0,0,-4.51321e-09,0.905991,
0,0.00682893,-0.014305,-0.0015768,0.00236125,-9.93815e-05,1.79729e-05,0,0,0.3407,-0.00831268,0.247706,0.00320746,-0.0298636,-0.00342502,-0.00110027,0,0,-6.93889e-12,0.0745437,-0.00442014,0.0457259,0.00267603,0.000919085,-3.13802e-05,0,0,-0.0083092,0.618465,-0.000210834,-0.0707198,0.00309411,-0.0244609,-0.000374166,0,0,-1.73472e-12,-0.00485876,0.0340747,-0.00189883,-0.00113894,-0.000261219,2.75113e-06,0,0,0.247896,-0.000157799,0.333626,-0.00290033,-0.0290092,-0.000848515,-0.000865767,0,0,5.20417e-12,0.0625621,0.000787475,-0.0402519,-0.0037085,0.00329343,-0.000110292,0,0,0.00320779,-0.0713721,-0.00291034,0.614244,0.0182798,0.0549444,-0.0022109,0,0,-7.80626e-12,0.0284706,-0.0101389,-0.0395424,0.0314661,-2.05036e-05,0.000173986,0,0,-0.298043,0.0306517,-0.289839,0.182984,0.302011,-0.0357538,0.0402093,0,0,-5.55112e-11,0.0409663,-0.00680578,0.0363797,0.011065,-0.0747397,0.00243625,0,0,-0.0342694,-0.244653,-0.00852418,0.549295,-0.0357075,0.39592,-0.00446941,0,0,0,-0.00322184,0.00179604,0.00422206,-0.00184616,0.0032508,-5.33329e-05,0,0,-0.0110046,-0.00371641,-0.0086856,-0.0221459,0.0402358,-0.00447655,0.0650973,0,0,0,0,0,1.20024e-12,-1.20024e-12,1.20024e-12,-1.20024e-12,0,0,0,0,0,0,0,0,0,0.905991,-4.66234e-09,0,0,0,0,0,0,0,0,0,0,0,0,0,0,0,0,-4.66264e-09,0.905991,
2.60209e-12,0.00682767,-0.0143173,-0.00157496,0.00236132,-9.92993e-05,1.80044e-05,0,0,0.340792,-0.00831845,0.247652,0.00321135,-0.0298466,-0.00342688,-0.00110166,0,0,-1.38778e-11,0.0745545,-0.00442019,0.0457026,0.00267532,0.000919403,-3.13992e-05,0,0,-0.00831498,0.618484,-0.000210665,-0.0707297,0.00309399,-0.0244544,-0.000374357,0,0,-9.54098e-12,-0.00485942,0.0341107,-0.00189632,-0.00113948,-0.000261371,2.74486e-06,0,0,0.247842,-0.000157543,0.333709,-0.00290298,-0.0290026,-0.000848662,-0.000866078,0,0,1.9082e-11,0.062544,0.00078935,-0.040232,-0.00370874,0.00329326,-0.00011032,0,0,0.00321163,-0.0713823,-0.00291309,0.614236,0.0182826,0.0549486,-0.0022107,0,0,-2.81893e-12,0.0284672,-0.010137,-0.0395369,0.0314792,-1.72685e-05,0.000174314,0,0,-0.297872,0.0306503,-0.289772,0.183012,0.301999,-0.0357632,0.0402053,0,0,-1.04083e-10,0.04098,-0.00680967,0.0363414,0.0110677,-0.0747247,0.00243629,0,0,-0.0342879,-0.244588,-0.00852558,0.549338,-0.0357168,0.395917,-0.00446985,0,0,0,-0.00322229,0.0017969,0.00422305,-0.00184624,0.0032508,-5.33435e-05,0,0,-0.0110185,-0.0037183,-0.00868874,-0.0221439,0.0402319,-0.004477,0.0650979,0,0,0,0,0,0,0,0,0,5.76116e-11,0,0,0,0,0,0,0,0,0.905991,-4.65363e-09,0,0,-1.20024e-12,-1.20024e-12,-1.20024e-12,0,1.20024e-12,-1.20024e-12,0,0,0,0,0,0,0,0,-4.65303e-09,0.905991,
2.60209e-12,0.00682641,-0.0143295,-0.00157312,0.0023614,-9.92169e-05,1.8036e-05,0,0,0.340884,-0.00832422,0.247597,0.00321522,-0.0298295,-0.00342873,-0.00110304,0,0,0,0.0745653,-0.00442023,0.0456793,0.00267461,0.000919723,-3.14182e-05,0,0,-0.00832076,0.618502,-0.000210495,-0.0707396,0.00309388,-0.0244478,-0.000374549,0,0,-6.50521e-12,-0.00486008,0.0341467,-0.0018938,-0.00114002,-0.000261523,2.73855e-06,0,0,0.247788,-0.000157286,0.333791,-0.00290564,-0.0289959,-0.000848806,-0.000866389,0,0,8.67362e-12,0.062526,0.000791225,-0.0402121,-0.00370897,0.00329309,-0.000110347,0,0,0.00321546,-0.0713926,-0.00291584,0.614228,0.0182853,0.0549529,-0.00221049,0,0,-1.27936e-11,0.0284638,-0.0101351,-0.0395314,0.0314922,-1.4038e-05,0.000174643,0,0,-0.297701,0.030649,-0.289705,0.18304,0.301987,-0.0357725,0.0402014,0,0,-2.77556e-11,0.0409937,-0.00681354,0.0363029,0.0110703,-0.0747098,0.00243633,0,0,-0.0343064,-0.244523,-0.00852694,0.54938,-0.0357262,0.395914,-0.0044703,0,0,0,-0.00322274,0.00179775,0.00422404,-0.00184632,0.00325081,-5.33538e-05,0,0,-0.0110323,-0.00372019,-0.00869188,-0.0221418,0.0402279,-0.00447745,0.0650984,0,0,0,0,2.40048e-12,0,0,2.40048e-12,0,0,0,0,0,0,0,0,0,0,0.905991,-4.503e-09,0,0,0,0,0,0,0,0,0,0,0,0,0,0,0,0,-4.5033e-09,0.905991,
-2.60209e-12,0.00682515,-0.0143417,-0.00157128,0.00236146,-9.91344e-05,1.80675e-05,0,0,0.340976,-0.00832998,0.247542,0.00321909,-0.0298125,-0.00343058,-0.00110443,0,0,0,0.0745761,-0.00442028,0.045656,0.00267389,0.000920043,-3.14373e-05,0,0,-0.00832654,0.618521,-0.000210325,-0.0707496,0.00309377,-0.0244413,-0.000374741,0,0,5.63785e-12,-0.00486073,0.0341827,-0.00189128,-0.00114055,-0.000261673,2.73222e-06,0,0,0.247733,-0.000157029,0.333874,-0.00290831,-0.0289892,-0.000848946,-0.0008667,0,0,-1.56125e-11,0.0625079,0.000793099,-0.0401922,-0.00370921,0.00329292,-0.000110375,0,0,0.00321928,-0.0714029,-0.00291859,0.61422,0.0182881,0.0549571,-0.00221028,0,0,8.0231e-12,0.0284603,-0.0101332,-0.0395259,0.0315052,-1.08122e-05,0.000174972,0,0,-0.297529,0.0306476,-0.289638,0.183068,0.301975,-0.0357818,0.0401974,0,0,3.46945e-11,0.0410075,-0.00681741,0.0362644,0.0110729,-0.0746949,0.00243637,0,0,-0.0343247,-0.244457,-0.00852827,0.549423,-0.0357355,0.395911,-0.00447075,0,0,-3.46945e-12,-0.00322318,0.00179859,0.00422503,-0.00184639,0.00325081,-5.33637e-05,0,0,-0.0110462,-0.00372208,-0.00869502,-0.0221397,0.040224,-0.0044779,0.065099,0,0,0,-2.40048e-12,-2.40048e-12,0,0,0,0,0,0,0,0,0,0,0,0,0,0.905991,4.25275e-09,0,-1.20024e-12,-1.20024e-12,0,0,0,0,0,0,0,0,0,0,0,0,0,4.25425e-09,0.905991,
0,0.00682388,-0.0143539,-0.00156944,0.00236152,-9.90517e-05,1.8099e-05,0,0,0.341068,-0.00833574,0.247488,0.00322294,-0.0297953,-0.00343242,-0.00110583,0,0,-6.93889e-12,0.0745869,-0.00442031,0.0456326,0.00267318,0.000920364,-3.14564e-05,0,0,-0.00833231,0.618539,-0.000210153,-0.0707595,0.00309365,-0.0244348,-0.000374934,0,0,1.30104e-12,-0.00486138,0.0342186,-0.00188876,-0.00114109,-0.000261823,2.72586e-06,0,0,0.247679,-0.000156771,0.333957,-0.00291098,-0.0289825,-0.000849083,-0.000867011,0,0,1.73472e-12,0.0624898,0.000794973,-0.0401723,-0.00370944,0.00329275,-0.000110403,0,0,0.00322309,-0.0714132,-0.00292136,0.614212,0.0182909,0.0549613,-0.00221007,0,0,0,0.0284569,-0.0101312,-0.0395204,0.031518,-7.59108e-06,0.000175302,0,0,-0.297357,0.0306463,-0.289571,0.183096,0.301963,-0.0357911,0.0401934,0,0,-1.38778e-11,0.0410213,-0.00682126,0.0362259,0.0110754,-0.0746799,0.00243641,0,0,-0.034343,-0.244392,-0.00852957,0.549465,-0.0357448,0.395908,-0.00447119,0,0,0,-0.00322363,0.00179944,0.00422602,-0.00184646,0.00325082,-5.33732e-05,0,0,-0.0110601,-0.00372398,-0.00869817,-0.0221376,0.04022,-0.00447835,0.0650996,0,0,0,0,0,0,0,0,0,0,0,0,0,0,0,0,0,0,0.905991,4.15163e-09,0,0,0,0,0,0,0,0,0,0,0,0,0,0,0,0,4.15223e-09,0.905991,
-8.67362e-13,0.00682261,-0.0143661,-0.0015676,0.00236157,-9.89687e-05,1.81304e-05,0,0,0.341161,-0.0083415,0.247433,0.00322678,-0.0297781,-0.00343425,-0.00110722,0,0,-6.93889e-12,0.0745976,-0.00442035,0.0456092,0.00267247,0.000920685,-3.14755e-05,0,0,-0.00833808,0.618558,-0.000209981,-0.0707694,0.00309354,-0.0244282,-0.000375127,0,0,3.03577e-12,-0.00486203,0.0342546,-0.00188625,-0.00114162,-0.000261973,2.71946e-06,0,0,0.247624,-0.000156512,0.334041,-0.00291366,-0.0289758,-0.000849217,-0.000867322,0,0,-5.20417e-12,0.0624717,0.000796846,-0.0401523,-0.00370966,0.00329259,-0.00011043,0,0,0.00322688,-0.0714235,-0.00292412,0.614203,0.0182937,0.0549655,-0.00220985,0,0,-4.33681e-13,0.0284534,-0.0101292,-0.0395149,0.0315309,-4.37462e-06,0.000175632,0,0,-0.297185,0.0306449,-0.289503,0.183124,0.301951,-0.0358004,0.0401894,0,0,6.93889e-12,0.0410351,-0.00682511,0.0361872,0.011078,-0.074665,0.00243645,0,0,-0.0343612,-0.244327,-0.00853083,0.549508,-0.0357542,0.395905,-0.00447164,0,0,0,-0.00322407,0.00180027,0.00422701,-0.00184652,0.00325082,-5.33825e-05,0,0,-0.0110741,-0.00372588,-0.00870131,-0.0221356,0.0402161,-0.00447881,0.0651001,0,0,0,0,0,0,0,0,0,0,0,0,0,0,0,0,0,0,0.905991,4.16454e-09,0,0,0,0,0,0,0,0,0,0,0,0,0,0,0,0,4.16454e-09,0.905991,
8.67362e-13,0.00682133,-0.0143783,-0.00156576,0.00236161,-9.88857e-05,1.81619e-05,0,0,0.341253,-0.00834726,0.247378,0.00323061,-0.0297609,-0.00343607,-0.00110862,0,0,0,0.0746084,-0.00442038,0.0455858,0.00267175,0.000921007,-3.14947e-05,0,0,-0.00834384,0.618576,-0.000209808,-0.0707794,0.00309343,-0.0244216,-0.00037532,0,0,-4.33681e-13,-0.00486267,0.0342907,-0.00188373,-0.00114214,-0.000262121,2.71304e-06,0,0,0.24757,-0.000156252,0.334124,-0.00291635,-0.0289691,-0.000849348,-0.000867634,0,0,1.9082e-11,0.0624536,0.000798718,-0.0401323,-0.00370989,0.00329242,-0.000110458,0,0,0.00323066,-0.0714338,-0.00292689,0.614195,0.0182965,0.0549697,-0.00220964,0,0,2.1684e-12,0.02845,-0.0101271,-0.0395094,0.0315437,-1.16286e-06,0.000175962,0,0,-0.297012,0.0306436,-0.289436,0.183152,0.301939,-0.0358098,0.0401854,0,0,-1.38778e-11,0.041049,-0.00682895,0.0361485,0.0110806,-0.0746501,0.00243649,0,0,-0.0343794,-0.244261,-0.00853207,0.549551,-0.0357635,0.395903,-0.00447209,0,0,0,-0.00322452,0.00180111,0.004228,-0.00184658,0.00325083,-5.33913e-05,0,0,-0.011088,-0.00372778,-0.00870446,-0.0221335,0.0402121,-0.00447926,0.0651007,0,0,0,0,0,0,0,0,0,0,0,0,0,0,0,0,0,0,0.905991,4.28156e-09,0,0,0,0,0,0,0,0,0,0,0,0,0,0,0,0,4.28156e-09,0.905991,
-3.46945e-12,0.00682005,-0.0143905,-0.00156391,0.00236165,-9.88024e-05,1.81933e-05,0,0,0.341346,-0.00835301,0.247323,0.00323442,-0.0297437,-0.00343788,-0.00111002,0,0,6.93889e-12,0.0746191,-0.00442041,0.0455624,0.00267104,0.00092133,-3.15138e-05,0,0,-0.0083496,0.618595,-0.000209635,-0.0707894,0.00309332,-0.024415,-0.000375513,0,0,7.37257e-12,-0.0048633,0.0343267,-0.00188121,-0.00114267,-0.00026227,2.70659e-06,0,0,0.247515,-0.000155992,0.334207,-0.00291904,-0.0289624,-0.000849475,-0.000867946,0,0,3.46945e-12,0.0624354,0.00080059,-0.0401123,-0.00371012,0.00329225,-0.000110485,0,0,0.00323443,-0.0714441,-0.00292967,0.614187,0.0182993,0.0549739,-0.00220943,0,0,-7.58942e-12,0.0284465,-0.010125,-0.0395039,0.0315564,2.04415e-06,0.000176293,0,0,-0.296839,0.0306422,-0.289368,0.18318,0.301927,-0.0358191,0.0401813,0,0,-7.63278e-11,0.0410628,-0.00683279,0.0361098,0.0110831,-0.0746352,0.00243653,0,0,-0.0343974,-0.244195,-0.00853327,0.549593,-0.0357728,0.3959,-0.00447255,0,0,0,-0.00322496,0.00180194,0.00422899,-0.00184663,0.00325083,-5.33998e-05,0,0,-0.011102,-0.00372969,-0.00870761,-0.0221314,0.0402081,-0.00447971,0.0651013,0,0,0,0,-1.20024e-12,0,0,0,0,0,0,0,0,0,0,0,0,0,0.905991,-4.51321e-09,0,0,0,0,1.20024e-12,0,-1.20024e-12,0,0,0,0,0,0,0,0,0,-4.51291e-09,0.905991,
-5.20417e-12,0.00681876,-0.0144027,-0.00156207,0.00236168,-9.8719e-05,1.82247e-05,0,0,0.341438,-0.00835876,0.247268,0.00323823,-0.0297264,-0.00343968,-0.00111142,0,0,-6.93889e-12,0.0746299,-0.00442044,0.0455389,0.00267032,0.000921653,-3.1533e-05,0,0,-0.00835536,0.618614,-0.00020946,-0.0707994,0.00309321,-0.0244085,-0.000375706,0,0,1.34441e-11,-0.00486393,0.0343627,-0.0018787,-0.00114319,-0.000262417,2.70011e-06,0,0,0.24746,-0.000155731,0.334291,-0.00292173,-0.0289557,-0.0008496,-0.000868258,0,0,6.93889e-12,0.0624172,0.000802461,-0.0400923,-0.00371034,0.00329208,-0.000110513,0,0,0.00323819,-0.0714545,-0.00293245,0.614179,0.0183021,0.0549782,-0.00220922,0,0,3.03577e-12,0.028443,-0.0101228,-0.0394984,0.031569,5.24642e-06,0.000176625,0,0,-0.296666,0.0306409,-0.289301,0.183209,0.301915,-0.0358284,0.0401773,0,0,-1.38778e-11,0.0410767,-0.00683661,0.036071,0.0110857,-0.0746202,0.00243657,0,0,-0.0344154,-0.24413,-0.00853444,0.549636,-0.0357822,0.395897,-0.004473,0,0,0,-0.0032254,0.00180277,0.00422998,-0.00184668,0.00325084,-5.3408e-05,0,0,-0.011116,-0.0037316,-0.00871076,-0.0221293,0.0402041,-0.00448017,0.0651019,0,0,0,-3.60072e-12,3.60072e-12,0,0,0,0,0,0,0,0,0,0,0,0,0,0.905991,-4.59872e-09,0,0,0,0,0,0,0,0,0,0,0,0,0,0,0,0,-4.59962e-09,0.905991,
1.73472e-12,0.00681747,-0.0144148,-0.00156023,0.0023617,-9.86355e-05,1.82561e-05,0,0,0.341531,-0.0083645,0.247213,0.00324202,-0.0297091,-0.00344148,-0.00111282,0,0,-6.93889e-12,0.0746406,-0.00442046,0.0455154,0.0026696,0.000921977,-3.15522e-05,0,0,-0.00836112,0.618632,-0.000209285,-0.0708094,0.00309311,-0.0244019,-0.0003759,0,0,-5.63785e-12,-0.00486455,0.0343987,-0.00187618,-0.00114371,-0.000262564,2.69361e-06,0,0,0.247406,-0.00015547,0.334374,-0.00292444,-0.0289489,-0.000849721,-0.00086857,0,0,1.04083e-11,0.062399,0.000804332,-0.0400722,-0.00371056,0.00329191,-0.000110541,0,0,0.00324193,-0.0714649,-0.00293524,0.61417,0.0183049,0.0549824,-0.00220901,0,0,-6.50521e-12,0.0284395,-0.0101206,-0.0394928,0.0315817,8.44388e-06,0.000176956,0,0,-0.296492,0.0306396,-0.289233,0.183237,0.301903,-0.0358377,0.0401732,0,0,-1.11022e-10,0.0410906,-0.00684042,0.0360321,0.0110882,-0.0746053,0.00243661,0,0,-0.0344332,-0.244064,-0.00853558,0.549678,-0.0357915,0.395894,-0.00447345,0,0,0,-0.00322584,0.0018036,0.00423097,-0.00184672,0.00325085,-5.34158e-05,0,0,-0.01113,-0.00373351,-0.00871391,-0.0221272,0.0402,-0.00448063,0.0651024,0,0,0,0,0,1.20024e-12,1.20024e-12,0,0,0,0,0,0,0,0,0,0,0,0.905991,-4.53691e-09,0,-2.40048e-12,2.40048e-12,0,-2.40048e-12,2.40048e-12,0,0,0,0,0,0,0,0,0,0,-4.53721e-09,0.905991,
-1.73472e-12,0.00681618,-0.014427,-0.00155838,0.00236171,-9.85517e-05,1.82874e-05,0,0,0.341624,-0.00837024,0.247158,0.00324579,-0.0296917,-0.00344327,-0.00111423,0,0,-1.38778e-11,0.0746514,-0.00442048,0.0454919,0.00266888,0.000922301,-3.15714e-05,0,0,-0.00836687,0.618651,-0.000209109,-0.0708194,0.003093,-0.0243953,-0.000376094,0,0,5.63785e-12,-0.00486517,0.0344347,-0.00187366,-0.00114423,-0.00026271,2.68707e-06,0,0,0.247351,-0.000155207,0.334458,-0.00292714,-0.0289422,-0.000849839,-0.000868883,0,0,2.25514e-11,0.0623808,0.000806202,-0.0400521,-0.00371078,0.00329174,-0.000110569,0,0,0.00324567,-0.0714753,-0.00293803,0.614162,0.0183077,0.0549866,-0.00220879,0,0,3.90313e-12,0.028436,-0.0101183,-0.0394873,0.0315942,1.16365e-05,0.000177289,0,0,-0.296317,0.0306383,-0.289165,0.183265,0.301891,-0.0358471,0.0401691,0,0,-9.71445e-11,0.0411046,-0.00684423,0.0359931,0.0110907,-0.0745904,0.00243665,0,0,-0.034451,-0.243998,-0.00853669,0.549721,-0.0358008,0.395892,-0.0044739,0,0,3.46945e-12,-0.00322628,0.00180442,0.00423196,-0.00184676,0.00325085,-5.34232e-05,0,0,-0.011144,-0.00373543,-0.00871707,-0.0221251,0.040196,-0.00448108,0.065103,0,0,0,0,0,0,0,0,0,0,0,0,0,0,0,0,0,0,0.905991,-4.35477e-09,0,0,1.20024e-12,0,0,0,0,0,0,0,0,0,0,0,0,0,-4.35297e-09,0.905991,
6.07153e-12,0.00681488,-0.0144392,-0.00155654,0.00236172,-9.84679e-05,1.83187e-05,0,0,0.341717,-0.00837598,0.247103,0.00324956,-0.0296743,-0.00344505,-0.00111563,0,0,0,0.0746621,-0.00442049,0.0454684,0.00266816,0.000922626,-3.15907e-05,0,0,-0.00837262,0.61867,-0.000208933,-0.0708295,0.00309289,-0.0243886,-0.000376289,0,0,-1.34441e-11,-0.00486579,0.0344708,-0.00187115,-0.00114474,-0.000262856,2.6805e-06,0,0,0.247296,-0.000154944,0.334542,-0.00292986,-0.0289354,-0.000849953,-0.000869195,0,0,6.93889e-12,0.0623625,0.000808071,-0.040032,-0.003711,0.00329157,-0.000110596,0,0,0.00324939,-0.0714857,-0.00294083,0.614154,0.0183105,0.0549908,-0.00220858,0,0,9.75782e-12,0.0284325,-0.010116,-0.0394818,0.0316067,1.48244e-05,0.000177621,0,0,-0.296143,0.030637,-0.289097,0.183294,0.30188,-0.0358564,0.040165,0,0,-6.93889e-12,0.0411186,-0.00684803,0.0359541,0.0110933,-0.0745755,0.00243669,0,0,-0.0344687,-0.243932,-0.00853776,0.549764,-0.0358102,0.395889,-0.00447436,0,0,0,-0.00322672,0.00180524,0.00423295,-0.0018468,0.00325086,-5.34303e-05,0,0,-0.0111581,-0.00373734,-0.00872022,-0.022123,0.0401919,-0.00448154,0.0651036,0,0,0,-1.20024e-12,-1.20024e-12,-1.20024e-12,0,0,0,0,0,0,0,0,0,0,0,0,0.905991,4.09042e-09,0,0,0,0,0,0,0,0,0,0,0,0,0,0,0,0,4.09102e-09,0.905991,
-7.80626e-12,0.00681357,-0.0144513,-0.00155469,0.00236172,-9.83838e-05,1.835e-05,0,0,0.341811,-0.00838172,0.247048,0.00325331,-0.0296568,-0.00344682,-0.00111704,0,0,0,0.0746728,-0.00442051,0.0454448,0.00266744,0.000922951,-3.161e-05,0,0,-0.00837836,0.618689,-0.000208756,-0.0708395,0.00309279,-0.024382,-0.000376484,0,0,1.82146e-11,-0.0048664,0.0345068,-0.00186863,-0.00114526,-0.000263001,2.67391e-06,0,0,0.247241,-0.000154681,0.334625,-0.00293258,-0.0289287,-0.000850065,-0.000869508,0,0,-5.20417e-12,0.0623442,0.00080994,-0.0400119,-0.00371121,0.00329141,-0.000110624,0,0,0.0032531,-0.0714961,-0.00294363,0.614146,0.0183134,0.0549951,-0.00220837,0,0,-5.63785e-12,0.028429,-0.0101136,-0.0394762,0.0316191,1.80073e-05,0.000177955,0,0,-0.295968,0.0306357,-0.289029,0.183322,0.301868,-0.0358657,0.0401609,0,0,-2.08167e-11,0.0411325,-0.00685181,0.035915,0.0110958,-0.0745605,0.00243673,0,0,-0.0344864,-0.243866,-0.00853881,0.549806,-0.0358195,0.395886,-0.00447482,0,0,0,-0.00322715,0.00180605,0.00423394,-0.00184683,0.00325087,-5.34371e-05,0,0,-0.0111722,-0.00373926,-0.00872338,-0.0221209,0.0401879,-0.004482,0.0651042,0,0,0,0,0,0,0,0,0,0,0,0,0,0,0,0,0,0,0.905991,3.9695e-09,0,0,0,0,0,0,0,0,0,0,0,0,0,0,0,0,3.9689e-09,0.905991,
-1.73472e-12,0.00681226,-0.0144635,-0.00155285,0.00236171,-9.82996e-05,1.83813e-05,0,0,0.341904,-0.00838745,0.246993,0.00325705,-0.0296393,-0.00344858,-0.00111846,0,0,-1.38778e-11,0.0746836,-0.00442052,0.0454212,0.00266672,0.000923278,-3.16293e-05,0,0,-0.0083841,0.618708,-0.000208578,-0.0708496,0.00309268,-0.0243754,-0.000376679,0,0,6.07153e-12,-0.004867,0.0345428,-0.00186611,-0.00114577,-0.000263145,2.66728e-06,0,0,0.247186,-0.000154417,0.334709,-0.0029353,-0.0289219,-0.000850173,-0.000869821,0,0,-5.20417e-12,0.0623259,0.000811808,-0.0399918,-0.00371143,0.00329124,-0.000110652,0,0,0.0032568,-0.0715065,-0.00294643,0.614137,0.0183162,0.0549993,-0.00220815,0,0,7.80626e-12,0.0284254,-0.0101112,-0.0394707,0.0316315,2.11854e-05,0.000178288,0,0,-0.295792,0.0306344,-0.288961,0.183351,0.301857,-0.035875,0.0401568,0,0,3.46945e-11,0.0411466,-0.00685559,0.0358758,0.0110983,-0.0745456,0.00243677,0,0,-0.0345039,-0.2438,-0.00853982,0.549849,-0.0358288,0.395883,-0.00447527,0,0,0,-0.00322759,0.00180687,0.00423493,-0.00184685,0.00325087,-5.34435e-05,0,0,-0.0111863,-0.00374119,-0.00872654,-0.0221188,0.0401838,-0.00448246,0.0651048,0,0,0,0,1.20024e-12,0,0,0,1.20024e-12,-1.15223e-10,0,0,0,0,0,0,0,0,0.905991,3.95059e-09,0,0,1.20024e-12,0,0,0,1.20024e-12,1.15223e-10,0,0,0,0,0,0,0,0,3.95089e-09,0.905991,
2.60209e-12,0.00681095,-0.0144756,-0.001551,0.0023617,-9.82152e-05,1.84126e-05,0,0,0.341997,-0.00839318,0.246938,0.00326078,-0.0296218,-0.00345033,-0.00111987,0,0,0,0.0746943,-0.00442052,0.0453976,0.00266599,0.000923604,-3.16486e-05,0,0,-0.00838984,0.618726,-0.000208399,-0.0708597,0.00309258,-0.0243687,-0.000376874,0,0,-6.50521e-12,-0.00486761,0.0345789,-0.0018636,-0.00114628,-0.000263289,2.66063e-06,0,0,0.247131,-0.000154152,0.334794,-0.00293803,-0.0289151,-0.000850278,-0.000870135,0,0,-6.93889e-12,0.0623076,0.000813676,-0.0399716,-0.00371164,0.00329107,-0.00011068,0,0,0.00326049,-0.0715169,-0.00294925,0.614129,0.018319,0.0550035,-0.00220794,0,0,6.50521e-13,0.0284219,-0.0101087,-0.0394651,0.0316438,2.43586e-05,0.000178622,0,0,-0.295616,0.0306332,-0.288893,0.18338,0.301845,-0.0358844,0.0401527,0,0,6.93889e-12,0.0411606,-0.00685937,0.0358366,0.0111008,-0.0745307,0.00243681,0,0,-0.0345214,-0.243733,-0.0085408,0.549892,-0.0358382,0.395881,-0.00447573,0,0,0,-0.00322803,0.00180768,0.00423592,-0.00184687,0.00325088,-5.34495e-05,0,0,-0.0112004,-0.00374311,-0.00872971,-0.0221166,0.0401797,-0.00448293,0.0651053,0,0,0,0,0,0,-1.20024e-12,1.20024e-12,-1.20024e-12,0,0,0,0,0,0,0,0,0,0.905991,4.02381e-09,0,0,0,0,0,0,0,0,0,0,0,0,0,0,0,0,4.02261e-09,0.905991,
1.73472e-12,0.00680963,-0.0144877,-0.00154916,0.00236168,-9.81307e-05,1.84438e-05,0,0,0.342091,-0.00839891,0.246883,0.00326449,-0.0296042,-0.00345208,-0.00112129,0,0,0,0.074705,-0.00442053,0.045374,0.00266527,0.000923932,-3.16679e-05,0,0,-0.00839558,0.618745,-0.00020822,-0.0708698,0.00309248,-0.0243621,-0.000377069,0,0,-4.33681e-12,-0.0048682,0.034615,-0.00186108,-0.00114678,-0.000263432,2.65394e-06,0,0,0.247076,-0.000153887,0.334878,-0.00294077,-0.0289083,-0.00085038,-0.000870448,0,0,-5.20417e-12,0.0622893,0.000815543,-0.0399514,-0.00371185,0.0032909,-0.000110707,0,0,0.00326416,-0.0715274,-0.00295207,0.614121,0.0183219,0.0550077,-0.00220772,0,0,8.0231e-12,0.0284183,-0.0101062,-0.0394595,0.0316561,2.75268e-05,0.000178957,0,0,-0.29544,0.0306319,-0.288824,0.183408,0.301834,-0.0358937,0.0401486,0,0,4.16334e-11,0.0411747,-0.00686313,0.0357973,0.0111033,-0.0745158,0.00243685,0,0,-0.0345387,-0.243667,-0.00854175,0.549935,-0.0358475,0.395878,-0.00447619,0,0,3.46945e-12,-0.00322846,0.00180848,0.00423691,-0.00184688,0.00325089,-5.34552e-05,0,0,-0.0112145,-0.00374504,-0.00873287,-0.0221145,0.0401756,-0.00448339,0.0651059,0,0,0,0,0,0,0,0,0,-5.76116e-11,0,0,0,0,0,0,0,0,0.905991,4.18824e-09,0,0,0,0,0,0,0,0,0,0,0,0,0,0,0,0,4.18824e-09,0.905991,
4.33681e-12,0.00680831,-0.0144999,-0.00154731,0.00236165,-9.80461e-05,1.84751e-05,0,0,0.342185,-0.00840463,0.246827,0.00326819,-0.0295866,-0.00345382,-0.00112271,0,0,2.77556e-11,0.0747157,-0.00442053,0.0453504,0.00266454,0.00092426,-3.16873e-05,0,0,-0.00840131,0.618764,-0.00020804,-0.0708799,0.00309237,-0.0243554,-0.000377265,0,0,-5.20417e-12,-0.00486879,0.034651,-0.00185857,-0.00114728,-0.000263575,2.64723e-06,0,0,0.247021,-0.000153621,0.334962,-0.00294351,-0.0289015,-0.000850479,-0.000870762,0,0,8.67362e-12,0.0622709,0.00081741,-0.0399312,-0.00371206,0.00329073,-0.000110735,0,0,0.00326783,-0.0715379,-0.00295489,0.614112,0.0183247,0.055012,-0.00220751,0,0,1.69136e-11,0.0284147,-0.0101036,-0.039454,0.0316683,3.069e-05,0.000179292,0,0,-0.295264,0.0306307,-0.288756,0.183437,0.301822,-0.035903,0.0401444,0,0,3.46945e-11,0.0411888,-0.00686688,0.0357579,0.0111057,-0.0745008,0.00243689,0,0,-0.034556,-0.243601,-0.00854266,0.549977,-0.0358569,0.395875,-0.00447665,0,0,0,-0.00322889,0.00180928,0.0042379,-0.0018469,0.0032509,-5.34605e-05,0,0,-0.0112287,-0.00374697,-0.00873604,-0.0221124,0.0401715,-0.00448385,0.0651065,0,0,0,0,0,0,0,0,0,0,0,0,0,0,0,0,0,0,0.905991,-4.4628e-09,0,0,0,0,0,0,0,0,0,0,0,0,0,0,0,0,-4.4628e-09,0.905991,
1.73472e-12,0.00680698,-0.014512,-0.00154546,0.00236161,-9.79612e-05,1.85063e-05,0,0,0.342278,-0.00841036,0.246772,0.00327188,-0.029569,-0.00345555,-0.00112413,0,0,-6.93889e-12,0.0747264,-0.00442053,0.0453267,0.00266381,0.000924588,-3.17067e-05,0,0,-0.00840704,0.618783,-0.000207859,-0.07089,0.00309227,-0.0243488,-0.000377461,0,0,-3.46945e-12,-0.00486938,0.0346871,-0.00185605,-0.00114778,-0.000263717,2.64049e-06,0,0,0.246966,-0.000153355,0.335046,-0.00294626,-0.0288947,-0.000850575,-0.000871076,0,0,-2.08167e-11,0.0622525,0.000819276,-0.039911,-0.00371226,0.00329056,-0.000110763,0,0,0.00327148,-0.0715484,-0.00295772,0.614104,0.0183276,0.0550162,-0.00220729,0,0,7.58942e-13,0.0284111,-0.010101,-0.0394484,0.0316805,3.38483e-05,0.000179627,0,0,-0.295087,0.0306294,-0.288688,0.183466,0.301811,-0.0359124,0.0401402,0,0,2.77556e-11,0.0412029,-0.00687063,0.0357185,0.0111082,-0.0744859,0.00243692,0,0,-0.0345732,-0.243534,-0.00854355,0.55002,-0.0358662,0.395872,-0.00447711,0,0,0,-0.00322933,0.00181008,0.00423889,-0.0018469,0.00325091,-5.34655e-05,0,0,-0.0112429,-0.00374891,-0.00873921,-0.0221103,0.0401674,-0.00448432,0.0651071,0,0,0,0,0,0,1.20024e-12,0,1.20024e-12,0,0,0,0,0,0,0,0,0,0.905991,-4.60082e-09,0,0,0,0,0,0,0,-1.20024e-12,0,0,0,0,0,0,0,0,-4.60142e-09,0.905991,
8.67362e-13,0.00680565,-0.0145241,-0.00154362,0.00236157,-9.78763e-05,1.85374e-05,0,0,0.342372,-0.00841607,0.246716,0.00327556,-0.0295513,-0.00345727,-0.00112555,0,0,6.93889e-12,0.0747371,-0.00442052,0.045303,0.00266309,0.000924917,-3.17261e-05,0,0,-0.00841277,0.618802,-0.000207678,-0.0709001,0.00309217,-0.0243421,-0.000377658,0,0,1.73472e-12,-0.00486996,0.0347231,-0.00185353,-0.00114828,-0.000263858,2.63371e-06,0,0,0.246911,-0.000153088,0.335131,-0.00294902,-0.0288879,-0.000850667,-0.00087139,0,0,3.46945e-12,0.0622341,0.000821141,-0.0398907,-0.00371246,0.0032904,-0.000110791,0,0,0.00327512,-0.0715589,-0.00296055,0.614095,0.0183305,0.0550204,-0.00220707,0,0,2.14672e-11,0.0284075,-0.0100983,-0.0394428,0.0316926,3.70015e-05,0.000179963,0,0,-0.294909,0.0306282,-0.288619,0.183495,0.3018,-0.0359217,0.0401361,0,0,-2.08167e-11,0.041217,-0.00687437,0.035679,0.0111106,-0.074471,0.00243696,0,0,-0.0345904,-0.243467,-0.0085444,0.550063,-0.0358756,0.39587,-0.00447758,0,0,0,-0.00322976,0.00181088,0.00423988,-0.0018469,0.00325092,-5.34701e-05,0,0,-0.0112571,-0.00375084,-0.00874238,-0.0221081,0.0401632,-0.00448478,0.0651077,0,0,0,0,0,0,2.40048e-12,0,2.40048e-12,-1.20024e-12,0,0,0,0,0,0,0,0,0.905991,-4.58702e-09,0,0,0,0,0,0,0,-1.15223e-10,0,0,0,0,0,0,0,0,-4.58732e-09,0.905991,
-4.33681e-12,0.00680432,-0.0145362,-0.00154177,0.00236152,-9.77912e-05,1.85686e-05,0,0,0.342466,-0.00842179,0.246661,0.00327922,-0.0295336,-0.00345898,-0.00112697,0,0,0,0.0747477,-0.00442051,0.0452793,0.00266236,0.000925247,-3.17455e-05,0,0,-0.00841849,0.618821,-0.000207496,-0.0709103,0.00309207,-0.0243354,-0.000377854,0,0,1.12757e-11,-0.00487054,0.0347592,-0.00185102,-0.00114878,-0.000263999,2.62691e-06,0,0,0.246855,-0.000152821,0.335216,-0.00295178,-0.0288811,-0.000850757,-0.000871705,0,0,-8.67362e-12,0.0622157,0.000823006,-0.0398704,-0.00371267,0.00329023,-0.000110819,0,0,0.00327874,-0.0715694,-0.00296339,0.614087,0.0183333,0.0550247,-0.00220686,0,0,5.20417e-12,0.0284039,-0.0100956,-0.0394372,0.0317046,4.01497e-05,0.000180299,0,0,-0.294731,0.0306269,-0.28855,0.183523,0.301788,-0.035931,0.0401319,0,0,2.08167e-11,0.0412312,-0.0068781,0.0356395,0.0111131,-0.0744561,0.002437,0,0,-0.0346074,-0.243401,-0.00854523,0.550106,-0.0358849,0.395867,-0.00447804,0,0,0,-0.00323019,0.00181167,0.00424087,-0.0018469,0.00325093,-5.34744e-05,0,0,-0.0112714,-0.00375278,-0.00874556,-0.022106,0.0401591,-0.00448525,0.0651083,0,0,0,0,0,0,0,0,0,0,0,0,0,0,0,0,0,0,0.905991,-4.43879e-09,0,0,-2.40048e-12,0,2.40048e-12,-2.40048e-12,0,0,0,0,0,0,0,0,0,0,-4.43849e-09,0.905991,
1.73472e-12,0.00680298,-0.0145483,-0.00153992,0.00236146,-9.77059e-05,1.85997e-05,0,0,0.34256,-0.0084275,0.246605,0.00328287,-0.0295158,-0.00346068,-0.0011284,0,0,-6.93889e-12,0.0747584,-0.0044205,0.0452555,0.00266163,0.000925578,-3.1765e-05,0,0,-0.00842421,0.61884,-0.000207314,-0.0709205,0.00309197,-0.0243287,-0.000378051,0,0,4.33681e-13,-0.00487111,0.0347953,-0.0018485,-0.00114927,-0.000264139,2.62008e-06,0,0,0.2468,-0.000152553,0.3353,-0.00295455,-0.0288742,-0.000850843,-0.00087202,0,0,3.46945e-12,0.0621972,0.00082487,-0.0398501,-0.00371287,0.00329006,-0.000110847,0,0,0.00328236,-0.0715799,-0.00296623,0.614079,0.0183362,0.0550289,-0.00220664,0,0,2.9924e-11,0.0284003,-0.0100928,-0.0394316,0.0317166,4.32928e-05,0.000180636,0,0,-0.294553,0.0306257,-0.288482,0.183552,0.301777,-0.0359404,0.0401277,0,0,5.55112e-11,0.0412454,-0.00688182,0.0355998,0.0111155,-0.0744412,0.00243704,0,0,-0.0346244,-0.243334,-0.00854602,0.550148,-0.0358942,0.395864,-0.0044785,0,0,0,-0.00323062,0.00181246,0.00424186,-0.00184689,0.00325093,-5.34783e-05,0,0,-0.0112856,-0.00375472,-0.00874874,-0.0221038,0.0401549,-0.00448572,0.0651089,0,0,0,3.60072e-12,0,0,3.60072e-12,0,0,0,0,0,0,0,0,0,0,0,0.905991,4.19544e-09,0,0,0,0,0,0,0,0,0,0,0,0,0,0,0,0,4.19514e-09,0.905991,
-4.33681e-12,0.00680163,-0.0145604,-0.00153807,0.0023614,-9.76205e-05,1.86308e-05,0,0,0.342655,-0.00843321,0.24655,0.00328651,-0.029498,-0.00346238,-0.00112983,0,0,6.93889e-12,0.0747691,-0.00442049,0.0452318,0.0026609,0.000925909,-3.17844e-05,0,0,-0.00842993,0.618859,-0.000207131,-0.0709306,0.00309188,-0.024322,-0.000378249,0,0,7.80626e-12,-0.00487168,0.0348314,-0.00184598,-0.00114976,-0.000264278,2.61322e-06,0,0,0.246744,-0.000152284,0.335385,-0.00295732,-0.0288674,-0.000850926,-0.000872335,0,0,1.73472e-11,0.0621787,0.000826734,-0.0398298,-0.00371306,0.00328989,-0.000110875,0,0,0.00328596,-0.0715905,-0.00296908,0.61407,0.0183391,0.0550331,-0.00220642,0,0,-2.12504e-11,0.0283967,-0.01009,-0.039426,0.0317285,4.64308e-05,0.000180973,0,0,-0.294375,0.0306245,-0.288413,0.183581,0.301766,-0.0359497,0.0401234,0,0,-9.71445e-11,0.0412596,-0.00688553,0.0355602,0.0111179,-0.0744262,0.00243708,0,0,-0.0346412,-0.243267,-0.00854678,0.550191,-0.0359036,0.395862,-0.00447897,0,0,3.46945e-12,-0.00323105,0.00181324,0.00424285,-0.00184688,0.00325094,-5.34818e-05,0,0,-0.0112999,-0.00375667,-0.00875192,-0.0221017,0.0401507,-0.00448619,0.0651095,0,0,0,0,0,0,0,0,0,0,0,0,0,0,0,0,0,0,0.905991,4.09582e-09,0,0,0,0,0,0,0,0,0,0,0,0,0,0,0,0,4.09552e-09,0.905991,
8.67362e-13,0.00680028,-0.0145725,-0.00153622,0.00236132,-9.75349e-05,1.86619e-05,0,0,0.342749,-0.00843892,0.246494,0.00329014,-0.0294802,-0.00346407,-0.00113126,0,0,6.93889e-12,0.0747797,-0.00442047,0.045208,0.00266016,0.00092624,-3.18039e-05,0,0,-0.00843565,0.618878,-0.000206947,-0.0709408,0.00309178,-0.0243153,-0.000378446,0,0,4.33681e-13,-0.00487225,0.0348675,-0.00184347,-0.00115025,-0.000264417,2.60633e-06,0,0,0.246689,-0.000152015,0.33547,-0.0029601,-0.0288605,-0.000851006,-0.00087265,0,0,1.56125e-11,0.0621602,0.000828598,-0.0398095,-0.00371326,0.00328972,-0.000110903,0,0,0.00328956,-0.071601,-0.00297194,0.614062,0.018342,0.0550374,-0.0022062,0,0,2.38524e-12,0.028393,-0.0100872,-0.0394204,0.0317403,4.95636e-05,0.000181311,0,0,-0.294196,0.0306233,-0.288344,0.18361,0.301755,-0.0359591,0.0401192,0,0,-1.38778e-11,0.0412739,-0.00688923,0.0355204,0.0111204,-0.0744113,0.00243712,0,0,-0.034658,-0.2432,-0.00854751,0.550234,-0.0359129,0.395859,-0.00447943,0,0,3.46945e-12,-0.00323147,0.00181403,0.00424384,-0.00184686,0.00325095,-5.3485e-05,0,0,-0.0113142,-0.00375862,-0.0087551,-0.0220995,0.0401465,-0.00448666,0.0651101,0,0,0,-2.40048e-12,0,0,2.40048e-12,0,0,0,0,0,0,0,0,0,0,0,0.905991,4.10452e-09,0,0,0,0,0,0,0,0,0,0,0,0,0,0,0,0,4.10452e-09,0.905991,
-6.07153e-12,0.00679893,-0.0145845,-0.00153437,0.00236124,-9.74492e-05,1.8693e-05,0,0,0.342844,-0.00844462,0.246438,0.00329375,-0.0294623,-0.00346575,-0.0011327,0,0,0,0.0747904,-0.00442045,0.0451842,0.00265943,0.000926573,-3.18234e-05,0,0,-0.00844136,0.618897,-0.000206763,-0.070951,0.00309168,-0.0243086,-0.000378644,0,0,1.51788e-11,-0.00487281,0.0349036,-0.00184095,-0.00115073,-0.000264555,2.59942e-06,0,0,0.246633,-0.000151746,0.335555,-0.00296288,-0.0288537,-0.000851082,-0.000872965,0,0,8.67362e-12,0.0621417,0.00083046,-0.0397891,-0.00371345,0.00328955,-0.000110931,0,0,0.00329314,-0.0716116,-0.0029748,0.614053,0.0183448,0.0550416,-0.00220599,0,0,-6.39679e-12,0.0283894,-0.0100843,-0.0394148,0.0317521,5.26913e-05,0.000181649,0,0,-0.294017,0.0306221,-0.288275,0.18364,0.301744,-0.0359684,0.040115,0,0,1.38778e-11,0.0412881,-0.00689293,0.0354806,0.0111228,-0.0743964,0.00243716,0,0,-0.0346747,-0.243133,-0.0085482,0.550277,-0.0359223,0.395856,-0.0044799,0,0,-3.46945e-12,-0.0032319,0.0018148,0.00424484,-0.00184683,0.00325096,-5.34878e-05,0,0,-0.0113285,-0.00376057,-0.00875828,-0.0220974,0.0401423,-0.00448713,0.0651107,0,0,0,0,0,0,0,0,0,0,0,0,0,0,0,0,0,0,0.905991,4.21345e-09,0,0,0,0,-1.20024e-12,0,0,0,0,0,0,0,0,0,0,0,4.21405e-09,0.905991,
-2.60209e-12,0.00679757,-0.0145966,-0.00153252,0.00236116,-9.73634e-05,1.8724e-05,0,0,0.342938,-0.00845033,0.246382,0.00329735,-0.0294444,-0.00346742,-0.00113414,0,0,0,0.074801,-0.00442042,0.0451603,0.0026587,0.000926906,-3.1843e-05,0,0,-0.00844707,0.618916,-0.000206578,-0.0709613,0.00309159,-0.0243018,-0.000378842,0,0,8.67362e-12,-0.00487336,0.0349397,-0.00183844,-0.00115122,-0.000264692,2.59247e-06,0,0,0.246578,-0.000151476,0.33564,-0.00296567,-0.0288468,-0.000851156,-0.000873281,0,0,-6.93889e-12,0.0621232,0.000832323,-0.0397687,-0.00371364,0.00328938,-0.000110959,0,0,0.0032967,-0.0716222,-0.00297766,0.614045,0.0183477,0.0550459,-0.00220577,0,0,1.46367e-11,0.0283857,-0.0100813,-0.0394092,0.0317639,5.58139e-05,0.000181987,0,0,-0.293837,0.0306209,-0.288206,0.183669,0.301733,-0.0359777,0.0401107,0,0,6.93889e-12,0.0413024,-0.00689661,0.0354407,0.0111252,-0.0743815,0.0024372,0,0,-0.0346914,-0.243066,-0.00854887,0.55032,-0.0359316,0.395854,-0.00448037,0,0,0,-0.00323232,0.00181558,0.00424583,-0.00184681,0.00325098,-5.34902e-05,0,0,-0.0113429,-0.00376252,-0.00876147,-0.0220952,0.0401381,-0.0044876,0.0651113,0,0,0,0,0,0,1.20024e-12,-1.20024e-12,0,0,0,0,0,0,0,0,0,0,0.905991,-4.43099e-09,0,0,0,0,-1.20024e-12,1.20024e-12,0,0,0,0,0,0,0,0,0,0,-4.43039e-09,0.905991,
-3.46945e-12,0.00679621,-0.0146086,-0.00153067,0.00236106,-9.72774e-05,1.8755e-05,0,0,0.343033,-0.00845603,0.246326,0.00330094,-0.0294265,-0.00346908,-0.00113557,0,0,2.77556e-11,0.0748117,-0.0044204,0.0451365,0.00265796,0.000927239,-3.18625e-05,0,0,-0.00845277,0.618935,-0.000206393,-0.0709715,0.0030915,-0.0242951,-0.00037904,0,0,1.0842e-11,-0.00487391,0.0349758,-0.00183592,-0.0011517,-0.000264829,2.58549e-06,0,0,0.246522,-0.000151205,0.335725,-0.00296847,-0.0288399,-0.000851226,-0.000873597,0,0,-1.56125e-11,0.0621046,0.000834184,-0.0397483,-0.00371383,0.00328922,-0.000110987,0,0,0.00330026,-0.0716328,-0.00298054,0.614036,0.0183506,0.0550501,-0.00220555,0,0,1.60462e-11,0.028382,-0.0100783,-0.0394035,0.0317756,5.89311e-05,0.000182326,0,0,-0.293657,0.0306197,-0.288137,0.183698,0.301722,-0.0359871,0.0401064,0,0,4.85723e-11,0.0413167,-0.00690029,0.0354007,0.0111275,-0.0743666,0.00243724,0,0,-0.0347079,-0.242998,-0.0085495,0.550363,-0.035941,0.395851,-0.00448084,0,0,0,-0.00323275,0.00181635,0.00424682,-0.00184677,0.00325099,-5.34923e-05,0,0,-0.0113573,-0.00376448,-0.00876466,-0.022093,0.0401339,-0.00448807,0.0651119,0,0,0,0,0,0,0,0,0,0,0,0,0,0,0,0,0,0,0.905991,-4.51081e-09,0,0,0,0,0,0,0,0,0,0,0,0,0,0,0,0,-4.51141e-09,0.905991,
-8.67362e-13,0.00679485,-0.0146207,-0.00152882,0.00236096,-9.71913e-05,1.8786e-05,0,0,0.343128,-0.00846172,0.24627,0.00330452,-0.0294085,-0.00347074,-0.00113702,0,0,6.93889e-12,0.0748223,-0.00442037,0.0451126,0.00265722,0.000927574,-3.18821e-05,0,0,-0.00845848,0.618954,-0.000206207,-0.0709817,0.0030914,-0.0242883,-0.000379239,0,0,4.33681e-13,-0.00487446,0.0350119,-0.0018334,-0.00115218,-0.000264966,2.57848e-06,0,0,0.246466,-0.000150934,0.33581,-0.00297128,-0.028833,-0.000851293,-0.000873913,0,0,-1.04083e-11,0.062086,0.000836046,-0.0397278,-0.00371402,0.00328905,-0.000111015,0,0,0.00330381,-0.0716434,-0.00298341,0.614028,0.0183535,0.0550543,-0.00220533,0,0,-5.42101e-12,0.0283783,-0.0100752,-0.0393979,0.0317872,6.20432e-05,0.000182666,0,0,-0.293476,0.0306186,-0.288068,0.183727,0.301712,-0.0359964,0.0401021,0,0,6.93889e-11,0.0413311,-0.00690396,0.0353607,0.0111299,-0.0743516,0.00243728,0,0,-0.0347244,-0.242931,-0.0085501,0.550405,-0.0359503,0.395848,-0.00448131,0,0,0,-0.00323317,0.00181712,0.00424781,-0.00184674,0.003251,-5.3494e-05,0,0,-0.0113716,-0.00376644,-0.00876785,-0.0220909,0.0401296,-0.00448855,0.0651125,0,0,0,0,0,0,0,0,0,-1.15223e-10,0,0,0,0,0,0,0,0,0.905991,-4.45019e-09,0,1.20024e-12,1.20024e-12,0,-1.20024e-12,1.20024e-12,1.20024e-12,0,0,0,0,0,0,0,0,0,-4.45079e-09,0.905991,
-8.67362e-13,0.00679348,-0.0146327,-0.00152697,0.00236085,-9.71051e-05,1.8817e-05,0,0,0.343223,-0.00846742,0.246214,0.00330808,-0.0293905,-0.00347238,-0.00113846,0,0,-1.38778e-11,0.074833,-0.00442034,0.0450887,0.00265649,0.000927908,-3.19017e-05,0,0,-0.00846418,0.618974,-0.000206021,-0.070992,0.00309131,-0.0242816,-0.000379438,0,0,1.73472e-12,-0.004875,0.035048,-0.00183088,-0.00115265,-0.000265101,2.57145e-06,0,0,0.246411,-0.000150663,0.335896,-0.00297408,-0.0288262,-0.000851357,-0.00087423,0,0,6.93889e-12,0.0620674,0.000837906,-0.0397074,-0.00371421,0.00328888,-0.000111043,0,0,0.00330734,-0.0716541,-0.00298629,0.614019,0.0183564,0.0550586,-0.00220511,0,0,5.85469e-12,0.0283746,-0.0100721,-0.0393923,0.0317987,6.51499e-05,0.000183006,0,0,-0.293296,0.0306174,-0.287998,0.183756,0.301701,-0.0360057,0.0400978,0,0,-5.55112e-11,0.0413455,-0.00690762,0.0353206,0.0111323,-0.0743367,0.00243732,0,0,-0.0347407,-0.242864,-0.00855067,0.550448,-0.0359597,0.395846,-0.00448178,0,0,0,-0.00323359,0.00181788,0.0042488,-0.00184669,0.00325101,-5.34954e-05,0,0,-0.0113861,-0.0037684,-0.00877104,-0.0220887,0.0401254,-0.00448902,0.0651131,0,0,0,0,1.20024e-12,-1.20024e-12,1.20024e-12,0,0,0,0,0,0,0,0,0,0,0,0.905991,4.27496e-09,0,0,0,0,0,0,0,0,0,0,0,0,0,0,0,0,4.27556e-09,0.905991,
1.73472e-12,0.0067921,-0.0146448,-0.00152512,0.00236074,-9.70187e-05,1.8848e-05,0,0,0.343318,-0.00847311,0.246158,0.00331163,-0.0293724,-0.00347402,-0.0011399,0,0,-1.38778e-11,0.0748436,-0.0044203,0.0450648,0.00265575,0.000928244,-3.19214e-05,0,0,-0.00846987,0.618993,-0.000205834,-0.0710023,0.00309122,-0.0242748,-0.000379637,0,0,-4.77049e-12,-0.00487554,0.0350842,-0.00182837,-0.00115313,-0.000265236,2.56438e-06,0,0,0.246355,-0.000150391,0.335981,-0.0029769,-0.0288193,-0.000851418,-0.000874546,0,0,-8.67362e-12,0.0620488,0.000839767,-0.0396869,-0.00371439,0.00328871,-0.000111071,0,0,0.00331086,-0.0716647,-0.00298918,0.614011,0.0183594,0.0550628,-0.00220489,0,0,9.43256e-12,0.0283709,-0.010069,-0.0393866,0.0318102,6.82513e-05,0.000183346,0,0,-0.293114,0.0306162,-0.287929,0.183786,0.30169,-0.0360151,0.0400935,0,0,6.93889e-12,0.0413598,-0.00691127,0.0352805,0.0111346,-0.0743218,0.00243736,0,0,-0.034757,-0.242796,-0.00855121,0.550491,-0.035969,0.395843,-0.00448226,0,0,-3.46945e-12,-0.00323402,0.00181865,0.00424979,-0.00184665,0.00325102,-5.34964e-05,0,0,-0.0114005,-0.00377036,-0.00877424,-0.0220865,0.0401211,-0.0044895,0.0651137,0,0,0,0,0,0,0,0,0,-5.64113e-11,0,0,0,0,0,0,0,0,0.905991,4.23535e-09,0,0,0,0,0,0,0,0,0,0,0,0,0,0,0,0,4.23445e-09,0.905991,
3.46945e-12,0.00679072,-0.0146568,-0.00152326,0.00236062,-9.69322e-05,1.88789e-05,0,0,0.343413,-0.00847879,0.246102,0.00331517,-0.0293543,-0.00347565,-0.00114135,0,0,-1.38778e-11,0.0748542,-0.00442026,0.0450408,0.00265501,0.00092858,-3.1941e-05,0,0,-0.00847557,0.619012,-0.000205646,-0.0710126,0.00309113,-0.024268,-0.000379836,0,0,-6.93889e-12,-0.00487607,0.0351203,-0.00182585,-0.0011536,-0.000265371,2.55729e-06,0,0,0.246299,-0.000150119,0.336067,-0.00297972,-0.0288123,-0.000851476,-0.000874863,0,0,8.67362e-12,0.0620301,0.000841626,-0.0396664,-0.00371457,0.00328854,-0.000111099,0,0,0.00331437,-0.0716754,-0.00299208,0.614002,0.0183623,0.0550671,-0.00220466,0,0,2.05998e-11,0.0283672,-0.0100658,-0.039381,0.0318217,7.13474e-05,0.000183687,0,0,-0.292933,0.0306151,-0.287859,0.183815,0.30168,-0.0360244,0.0400892,0,0,-1.249e-10,0.0413743,-0.00691492,0.0352403,0.011137,-0.0743069,0.0024374,0,0,-0.0347732,-0.242728,-0.00855172,0.550534,-0.0359784,0.39584,-0.00448273,0,0,0,-0.00323444,0.0018194,0.00425078,-0.00184659,0.00325103,-5.3497e-05,0,0,-0.011415,-0.00377233,-0.00877744,-0.0220843,0.0401168,-0.00448998,0.0651143,0,0,0,0,1.20024e-12,0,0,0,0,0,0,0,0,0,0,0,0,0,0.905991,-4.30797e-09,0,0,0,0,-1.20024e-12,0,0,0,0,0,0,0,0,0,0,0,-4.30767e-09,0.905991,
7.80626e-12,0.00678934,-0.0146688,-0.00152141,0.00236049,-9.68455e-05,1.89098e-05,0,0,0.343508,-0.00848448,0.246046,0.00331869,-0.0293361,-0.00347727,-0.0011428,0,0,1.38778e-11,0.0748648,-0.00442022,0.0450169,0.00265427,0.000928917,-3.19607e-05,0,0,-0.00848126,0.619031,-0.000205458,-0.0710229,0.00309104,-0.0242612,-0.000380036,0,0,-1.82146e-11,-0.0048766,0.0351564,-0.00182333,-0.00115407,-0.000265504,2.55016e-06,0,0,0.246243,-0.000149846,0.336153,-0.00298255,-0.0288054,-0.00085153,-0.000875181,0,0,0,0.0620114,0.000843486,-0.0396459,-0.00371475,0.00328837,-0.000111128,0,0,0.00331787,-0.071686,-0.00299497,0.613994,0.0183652,0.0550713,-0.00220444,0,0,-5.42101e-13,0.0283635,-0.0100625,-0.0393753,0.0318331,7.44382e-05,0.000184028,0,0,-0.292751,0.030614,-0.28779,0.183845,0.301669,-0.0360338,0.0400849,0,0,2.08167e-11,0.0413887,-0.00691855,0.0352,0.0111393,-0.074292,0.00243744,0,0,-0.0347894,-0.242661,-0.0085522,0.550577,-0.0359877,0.395838,-0.0044832,0,0,0,-0.00323486,0.00182016,0.00425177,-0.00184654,0.00325104,-5.34973e-05,0,0,-0.0114294,-0.0037743,-0.00878064,-0.0220821,0.0401125,-0.00449045,0.0651149,0,0,0,0,-1.20024e-12,0,0,0,0,0,0,0,0,0,0,0,0,0,0.905991,4.25816e-09,0,0,1.20024e-12,0,0,-1.20024e-12,-1.20024e-12,0,0,0,0,0,0,0,0,0,4.25786e-09,0.905991,
-1.73472e-12,0.00678795,-0.0146808,-0.00151956,0.00236035,-9.67587e-05,1.89407e-05,0,0,0.343604,-0.00849016,0.24599,0.00332221,-0.029318,-0.00347888,-0.00114425,0,0,-1.38778e-11,0.0748754,-0.00442018,0.0449929,0.00265352,0.000929254,-3.19804e-05,0,0,-0.00848695,0.61905,-0.00020527,-0.0710332,0.00309095,-0.0242544,-0.000380236,0,0,4.77049e-12,-0.00487713,0.0351926,-0.00182081,-0.00115453,-0.000265638,2.54301e-06,0,0,0.246187,-0.000149573,0.336239,-0.00298538,-0.0287985,-0.000851582,-0.000875498,0,0,1.21431e-11,0.0619927,0.000845344,-0.0396253,-0.00371493,0.0032882,-0.000111156,0,0,0.00332135,-0.0716967,-0.00299788,0.613985,0.0183681,0.0550756,-0.00220422,0,0,-4.01155e-12,0.0283597,-0.0100592,-0.0393696,0.0318444,7.75235e-05,0.00018437,0,0,-0.292568,0.0306128,-0.28772,0.183874,0.301659,-0.0360431,0.0400805,0,0,-4.16334e-11,0.0414032,-0.00692218,0.0351596,0.0111416,-0.0742771,0.00243748,0,0,-0.0348054,-0.242593,-0.00855264,0.55062,-0.0359971,0.395835,-0.00448368,0,0,-3.46945e-12,-0.00323527,0.00182091,0.00425276,-0.00184647,0.00325106,-5.34972e-05,0,0,-0.0114439,-0.00377627,-0.00878385,-0.0220799,0.0401082,-0.00449093,0.0651155,0,0,0,-2.40048e-12,0,0,0,0,0,0,0,0,0,0,0,0,0,0,0.905991,-4.32387e-09,0,2.40048e-12,0,0,0,0,0,0,0,0,0,0,0,0,0,0,-4.32357e-09,0.905991,
5.20417e-12,0.00678656,-0.0146928,-0.0015177,0.0023602,-9.66718e-05,1.89715e-05,0,0,0.343699,-0.00849584,0.245933,0.00332571,-0.0292997,-0.00348049,-0.00114571,0,0,0,0.074886,-0.00442013,0.0449688,0.00265278,0.000929592,-3.20002e-05,0,0,-0.00849263,0.61907,-0.000205081,-0.0710435,0.00309086,-0.0242476,-0.000380436,0,0,-8.67362e-12,-0.00487765,0.0352287,-0.0018183,-0.001155,-0.00026577,2.53582e-06,0,0,0.246131,-0.000149299,0.336324,-0.00298822,-0.0287916,-0.00085163,-0.000875816,0,0,1.73472e-12,0.061974,0.000847203,-0.0396047,-0.0037151,0.00328804,-0.000111184,0,0,0.00332483,-0.0717074,-0.00300079,0.613977,0.0183711,0.0550798,-0.002204,0,0,1.17094e-11,0.028356,-0.0100559,-0.0393639,0.0318557,8.06033e-05,0.000184712,0,0,-0.292386,0.0306117,-0.28765,0.183904,0.301648,-0.0360524,0.0400761,0,0,8.32667e-11,0.0414177,-0.00692579,0.0351192,0.011144,-0.0742621,0.00243752,0,0,-0.0348214,-0.242525,-0.00855306,0.550663,-0.0360064,0.395833,-0.00448416,0,0,0,-0.00323569,0.00182166,0.00425375,-0.00184641,0.00325107,-5.34967e-05,0,0,-0.0114585,-0.00377825,-0.00878705,-0.0220777,0.0401038,-0.00449141,0.0651161,0,0,0,0,0,0,1.20024e-12,0,0,1.20024e-12,0,0,0,0,0,0,0,0,0.905991,4.26716e-09,0,0,0,0,-1.20024e-12,0,0,0,0,0,0,0,0,0,0,0,4.26656e-09,0.905991,
-2.60209e-12,0.00678516,-0.0147048,-0.00151585,0.00236005,-9.65848e-05,1.90024e-05,0,0,0.343795,-0.00850152,0.245877,0.0033292,-0.0292815,-0.00348208,-0.00114717,0,0,0,0.0748966,-0.00442008,0.0449448,0.00265204,0.000929931,-3.20199e-05,0,0,-0.00849832,0.619089,-0.000204892,-0.0710538,0.00309077,-0.0242408,-0.000380636,0,0,3.90313e-12,-0.00487816,0.0352649,-0.00181578,-0.00115546,-0.000265902,2.52861e-06,0,0,0.246075,-0.000149026,0.33641,-0.00299107,-0.0287846,-0.000851675,-0.000876134,0,0,0,0.0619552,0.000849061,-0.0395841,-0.00371527,0.00328787,-0.000111212,0,0,0.00332829,-0.0717181,-0.0030037,0.613968,0.018374,0.0550841,-0.00220377,0,0,-1.35525e-11,0.0283522,-0.0100525,-0.0393583,0.0318669,8.36778e-05,0.000185054,0,0,-0.292202,0.0306106,-0.287581,0.183933,0.301638,-0.0360618,0.0400718,0,0,0,0.0414322,-0.0069294,0.0350787,0.0111463,-0.0742472,0.00243755,0,0,-0.0348372,-0.242457,-0.00855344,0.550706,-0.0360158,0.39583,-0.00448463,0,0,0,-0.00323611,0.0018224,0.00425474,-0.00184634,0.00325108,-5.34959e-05,0,0,-0.011473,-0.00378022,-0.00879026,-0.0220755,0.0400995,-0.0044919,0.0651167,0,0,0,-2.40048e-12,-2.40048e-12,0,0,0,-2.40048e-12,0,0,0,0,0,0,0,0,0,0.905991,-4.32687e-09,0,-3.60072e-12,-3.60072e-12,0,0,0,-3.60072e-12,0,0,0,0,0,0,0,0,0,-4.32717e-09,0.905991,
-5.20417e-12,0.00678376,-0.0147168,-0.00151399,0.00235989,-9.64976e-05,1.90332e-05,0,0,0.343891,-0.0085072,0.24582,0.00333267,-0.0292632,-0.00348367,-0.00114863,0,0,-1.38778e-11,0.0749072,-0.00442003,0.0449207,0.00265129,0.00093027,-3.20397e-05,0,0,-0.008504,0.619108,-0.000204702,-0.0710642,0.00309069,-0.024234,-0.000380837,0,0,9.97466e-12,-0.00487867,0.0353011,-0.00181326,-0.00115592,-0.000266033,2.52136e-06,0,0,0.246018,-0.000148751,0.336496,-0.00299392,-0.0287777,-0.000851717,-0.000876452,0,0,1.21431e-11,0.0619364,0.000850918,-0.0395635,-0.00371544,0.0032877,-0.00011124,0,0,0.00333174,-0.0717289,-0.00300662,0.61396,0.0183769,0.0550883,-0.00220355,0,0,-7.80626e-12,0.0283484,-0.010049,-0.0393526,0.031878,8.67467e-05,0.000185397,0,0,-0.292019,0.0306095,-0.287511,0.183963,0.301628,-0.0360711,0.0400674,0,0,-4.16334e-11,0.0414467,-0.00693301,0.0350382,0.0111486,-0.0742323,0.00243759,0,0,-0.034853,-0.242389,-0.00855379,0.550749,-0.0360251,0.395828,-0.00448511,0,0,3.46945e-12,-0.00323652,0.00182314,0.00425573,-0.00184626,0.0032511,-5.34946e-05,0,0,-0.0114876,-0.0037822,-0.00879348,-0.0220733,0.0400952,-0.00449238,0.0651173,0,0,0,-1.20024e-12,0,1.20024e-12,1.20024e-12,1.20024e-12,0,1.20024e-12,0,0,0,0,0,0,0,0,0.905991,4.26266e-09,0,0,0,0,0,0,0,1.15223e-10,0,0,0,0,0,0,0,0,4.26476e-09,0.905991,
8.67362e-13,0.00678235,-0.0147288,-0.00151214,0.00235973,-9.64104e-05,1.90639e-05,0,0,0.343987,-0.00851287,0.245764,0.00333613,-0.0292449,-0.00348525,-0.00115009,0,0,6.93889e-12,0.0749178,-0.00441997,0.0448967,0.00265055,0.00093061,-3.20595e-05,0,0,-0.00850968,0.619128,-0.000204512,-0.0710745,0.0030906,-0.0242272,-0.000381038,0,0,-3.46945e-12,-0.00487918,0.0353372,-0.00181074,-0.00115637,-0.000266164,2.51409e-06,0,0,0.245962,-0.000148477,0.336583,-0.00299678,-0.0287707,-0.000851756,-0.000876771,0,0,8.67362e-12,0.0619176,0.000852775,-0.0395429,-0.00371561,0.00328753,-0.000111269,0,0,0.00333517,-0.0717396,-0.00300955,0.613951,0.0183799,0.0550926,-0.00220332,0,0,-1.2902e-11,0.0283446,-0.0100455,-0.0393469,0.0318891,8.98101e-05,0.000185741,0,0,-0.291835,0.0306084,-0.287441,0.183993,0.301617,-0.0360805,0.040063,0,0,-6.93889e-12,0.0414613,-0.0069366,0.0349976,0.0111508,-0.0742174,0.00243763,0,0,-0.0348687,-0.242321,-0.00855411,0.550792,-0.0360345,0.395825,-0.00448559,0,0,0,-0.00323694,0.00182388,0.00425672,-0.00184618,0.00325111,-5.34931e-05,0,0,-0.0115022,-0.00378419,-0.00879669,-0.0220711,0.0400908,-0.00449286,0.0651179,0,0,0,0,0,0,0,0,0,0,0,0,0,0,0,0,0,0,0.905991,-4.31817e-09,0,0,0,0,0,0,0,0,0,0,0,0,0,0,0,0,-4.31847e-09,0.905991,
1.73472e-12,0.00678095,-0.0147408,-0.00151028,0.00235955,-9.63229e-05,1.90947e-05,0,0,0.344083,-0.00851854,0.245707,0.00333959,-0.0292265,-0.00348682,-0.00115155,0,0,0,0.0749283,-0.00441991,0.0448726,0.0026498,0.000930951,-3.20793e-05,0,0,-0.00851535,0.619147,-0.000204321,-0.0710849,0.00309052,-0.0242203,-0.000381239,0,0,-8.67362e-13,-0.00487968,0.0353734,-0.00180822,-0.00115683,-0.000266294,2.50679e-06,0,0,0.245906,-0.000148202,0.336669,-0.00299965,-0.0287637,-0.000851792,-0.00087709,0,0,0,0.0618988,0.000854631,-0.0395222,-0.00371578,0.00328736,-0.000111297,0,0,0.0033386,-0.0717504,-0.00301248,0.613942,0.0183828,0.0550968,-0.0022031,0,0,1.86483e-11,0.0283408,-0.010042,-0.0393412,0.0319001,9.28679e-05,0.000186085,0,0,-0.291651,0.0306073,-0.287371,0.184022,0.301607,-0.0360898,0.0400585,0,0,0,0.0414759,-0.00694018,0.0349569,0.0111531,-0.0742025,0.00243767,0,0,-0.0348844,-0.242252,-0.0085544,0.550835,-0.0360438,0.395823,-0.00448607,0,0,0,-0.00323735,0.00182462,0.00425771,-0.00184609,0.00325112,-5.34911e-05,0,0,-0.0115168,-0.00378617,-0.00879991,-0.0220689,0.0400864,-0.00449335,0.0651185,0,0,0,0,0,0,0,0,0,0,0,0,0,0,0,0,0,0,0.905991,4.25215e-09,0,0,0,0,0,0,0,0,0,0,0,0,0,0,0,0,4.25155e-09,0.905991,
-2.60209e-12,0.00677953,-0.0147528,-0.00150843,0.00235937,-9.62354e-05,1.91254e-05,0,0,0.344179,-0.00852421,0.24565,0.00334302,-0.0292081,-0.00348838,-0.00115302,0,0,1.38778e-11,0.0749389,-0.00441985,0.0448484,0.00264905,0.000931292,-3.20992e-05,0,0,-0.00852102,0.619166,-0.00020413,-0.0710953,0.00309043,-0.0242135,-0.000381441,0,0,1.34441e-11,-0.00488018,0.0354096,-0.0018057,-0.00115728,-0.000266423,2.49945e-06,0,0,0.245849,-0.000147926,0.336755,-0.00300252,-0.0287567,-0.000851824,-0.000877409,0,0,8.67362e-12,0.06188,0.000856487,-0.0395015,-0.00371594,0.00328719,-0.000111325,0,0,0.00334201,-0.0717611,-0.00301542,0.613934,0.0183858,0.0551011,-0.00220287,0,0,2.82977e-11,0.028337,-0.0100384,-0.0393354,0.0319111,9.59201e-05,0.000186429,0,0,-0.291466,0.0306062,-0.2873,0.184052,0.301597,-0.0360991,0.0400541,0,0,0,0.0414905,-0.00694376,0.0349162,0.0111554,-0.0741875,0.00243771,0,0,-0.0348999,-0.242184,-0.00855465,0.550878,-0.0360531,0.39582,-0.00448656,0,0,-3.46945e-12,-0.00323776,0.00182535,0.0042587,-0.001846,0.00325114,-5.34888e-05,0,0,-0.0115314,-0.00378816,-0.00880313,-0.0220667,0.040082,-0.00449383,0.0651191,0,0,0,-1.20024e-12,0,0,0,0,1.20024e-12,0,0,0,0,0,0,0,0,0,0.905991,-4.30166e-09,0,0,0,0,0,0,0,0,0,0,0,0,0,0,0,0,-4.30136e-09,0.905991,
8.67362e-13,0.00677811,-0.0147647,-0.00150657,0.00235918,-9.61478e-05,1.91561e-05,0,0,0.344275,-0.00852987,0.245594,0.00334645,-0.0291896,-0.00348994,-0.00115448,0,0,0,0.0749495,-0.00441979,0.0448243,0.0026483,0.000931634,-3.21191e-05,0,0,-0.00852669,0.619186,-0.000203938,-0.0711057,0.00309035,-0.0242066,-0.000381643,0,0,4.33681e-13,-0.00488068,0.0354458,-0.00180318,-0.00115773,-0.000266552,2.49209e-06,0,0,0.245793,-0.000147651,0.336842,-0.0030054,-0.0287498,-0.000851854,-0.000877728,0,0,1.73472e-12,0.0618611,0.000858343,-0.0394808,-0.0037161,0.00328702,-0.000111354,0,0,0.00334542,-0.0717719,-0.00301836,0.613925,0.0183887,0.0551053,-0.00220265,0,0,9.86624e-12,0.0283332,-0.0100348,-0.0393297,0.031922,9.89668e-05,0.000186774,0,0,-0.291281,0.0306052,-0.28723,0.184082,0.301587,-0.0361085,0.0400497,0,0,8.32667e-11,0.0415052,-0.00694732,0.0348753,0.0111576,-0.0741726,0.00243775,0,0,-0.0349153,-0.242116,-0.00855488,0.550921,-0.0360625,0.395817,-0.00448704,0,0,0,-0.00323818,0.00182608,0.00425969,-0.0018459,0.00325115,-5.34861e-05,0,0,-0.0115461,-0.00379015,-0.00880635,-0.0220644,0.0400776,-0.00449432,0.0651198,0,0,0,0,0,0,0,0,0,0,0,0,0,0,0,0,0,0,0.905991,4.23025e-09,0,0,0,0,0,0,0,0,0,0,0,0,0,0,0,0,4.23145e-09,0.905991,
1.73472e-12,0.00677669,-0.0147767,-0.00150471,0.00235899,-9.606e-05,1.91868e-05,0,0,0.344371,-0.00853553,0.245537,0.00334986,-0.0291712,-0.00349148,-0.00115595,0,0,0,0.07496,-0.00441972,0.0448001,0.00264755,0.000931977,-3.2139e-05,0,0,-0.00853236,0.619205,-0.000203746,-0.0711161,0.00309027,-0.0241998,-0.000381845,0,0,-5.85469e-12,-0.00488117,0.035482,-0.00180066,-0.00115817,-0.00026668,2.4847e-06,0,0,0.245736,-0.000147375,0.336928,-0.00300828,-0.0287428,-0.00085188,-0.000878048,0,0,-8.67362e-12,0.0618422,0.000860198,-0.03946,-0.00371626,0.00328685,-0.000111382,0,0,0.00334881,-0.0717827,-0.00302131,0.613917,0.0183917,0.0551096,-0.00220242,0,0,5.42101e-12,0.0283293,-0.0100311,-0.039324,0.0319328,0.000102008,0.000187119,0,0,-0.291096,0.0306041,-0.28716,0.184112,0.301577,-0.0361178,0.0400452,0,0,2.08167e-11,0.0415198,-0.00695088,0.0348345,0.0111599,-0.0741577,0.00243779,0,0,-0.0349307,-0.242047,-0.00855507,0.550964,-0.0360718,0.395815,-0.00448752,0,0,-3.46945e-12,-0.00323859,0.0018268,0.00426068,-0.0018458,0.00325117,-5.3483e-05,0,0,-0.0115608,-0.00379215,-0.00880958,-0.0220622,0.0400732,-0.00449481,0.0651204,0,0,0,0,0,0,0,0,0,-5.76116e-11,0,0,0,0,0,0,0,0,0.905991,4.27676e-09,0,1.20024e-12,0,0,0,0,0,0,0,0,0,0,0,0,0,0,4.27706e-09,0.905991,
5.20417e-12,0.00677526,-0.0147886,-0.00150286,0.00235879,-9.59721e-05,1.92175e-05,0,0,0.344468,-0.00854119,0.24548,0.00335326,-0.0291526,-0.00349302,-0.00115743,0,0,0,0.0749706,-0.00441965,0.0447759,0.0026468,0.00093232,-3.21589e-05,0,0,-0.00853802,0.619225,-0.000203554,-0.0711265,0.00309019,-0.0241929,-0.000382047,0,0,-1.40946e-11,-0.00488165,0.0355182,-0.00179814,-0.00115862,-0.000266807,2.47728e-06,0,0,0.245679,-0.000147098,0.337015,-0.00301117,-0.0287358,-0.000851903,-0.000878368,0,0,3.46945e-12,0.0618233,0.000862053,-0.0394393,-0.00371642,0.00328668,-0.00011141,0,0,0.00335219,-0.0717935,-0.00302426,0.613908,0.0183947,0.0551138,-0.0022022,0,0,-5.9089e-12,0.0283255,-0.0100273,-0.0393183,0.0319436,0.000105043,0.000187465,0,0,-0.29091,0.0306031,-0.287089,0.184142,0.301567,-0.0361271,0.0400407,0,0,2.08167e-11,0.0415345,-0.00695443,0.0347935,0.0111621,-0.0741428,0.00243783,0,0,-0.034946,-0.241979,-0.00855523,0.551007,-0.0360812,0.395812,-0.00448801,0,0,0,-0.003239,0.00182752,0.00426167,-0.0018457,0.00325118,-5.34795e-05,0,0,-0.0115755,-0.00379414,-0.00881281,-0.02206,0.0400687,-0.0044953,0.065121,0,0,0,0,0,-1.20024e-12,1.20024e-12,-1.20024e-12,1.20024e-12,-5.76116e-11,0,0,0,0,0,0,0,0,0.905991,-4.43519e-09,0,0,-1.20024e-12,-1.20024e-12,1.20024e-12,0,0,0,0,0,0,0,0,0,0,0,-4.43549e-09,0.905991,
0,0.00677383,-0.0148006,-0.001501,0.00235858,-9.58841e-05,1.92481e-05,0,0,0.344565,-0.00854685,0.245423,0.00335665,-0.0291341,-0.00349455,-0.0011589,0,0,-6.93889e-12,0.0749811,-0.00441958,0.0447517,0.00264604,0.000932664,-3.21788e-05,0,0,-0.00854369,0.619244,-0.000203361,-0.071137,0.00309011,-0.024186,-0.00038225,0,0,4.33681e-13,-0.00488213,0.0355544,-0.00179562,-0.00115906,-0.000266934,2.46982e-06,0,0,0.245623,-0.000146822,0.337102,-0.00301407,-0.0287287,-0.000851923,-0.000878688,0,0,8.67362e-12,0.0618043,0.000863907,-0.0394185,-0.00371657,0.00328652,-0.000111439,0,0,0.00335555,-0.0718043,-0.00302722,0.613899,0.0183977,0.0551181,-0.00220197,0,0,1.14925e-11,0.0283216,-0.0100235,-0.0393125,0.0319543,0.000108073,0.000187811,0,0,-0.290724,0.030602,-0.287019,0.184172,0.301558,-0.0361365,0.0400362,0,0,0,0.0415493,-0.00695797,0.0347525,0.0111643,-0.0741278,0.00243787,0,0,-0.0349612,-0.24191,-0.00855537,0.55105,-0.0360905,0.39581,-0.0044885,0,0,0,-0.0032394,0.00182824,0.00426266,-0.00184558,0.0032512,-5.34757e-05,0,0,-0.0115902,-0.00379614,-0.00881604,-0.0220577,0.0400643,-0.00449579,0.0651216,0,0,0,0,0,0,0,0,0,0,0,0,0,0,0,0,0,0,0.905991,-4.4556e-09,0,0,-1.20024e-12,0,-1.20024e-12,-1.20024e-12,0,0,0,0,0,0,0,0,0,0,-4.45529e-09,0.905991,
5.20417e-12,0.0067724,-0.0148125,-0.00149914,0.00235836,-9.5796e-05,1.92787e-05,0,0,0.344661,-0.0085525,0.245366,0.00336002,-0.0291155,-0.00349607,-0.00116038,0,0,1.38778e-11,0.0749916,-0.0044195,0.0447274,0.00264529,0.000933008,-3.21988e-05,0,0,-0.00854934,0.619264,-0.000203168,-0.0711474,0.00309003,-0.0241791,-0.000382453,0,0,-1.34441e-11,-0.00488261,0.0355906,-0.0017931,-0.0011595,-0.00026706,2.46234e-06,0,0,0.245566,-0.000146545,0.337189,-0.00301697,-0.0287217,-0.00085194,-0.000879009,0,0,5.20417e-12,0.0617854,0.000865761,-0.0393977,-0.00371673,0.00328635,-0.000111467,0,0,0.00335891,-0.0718151,-0.00303019,0.613891,0.0184006,0.0551223,-0.00220174,0,0,-1.30646e-11,0.0283178,-0.0100197,-0.0393068,0.031965,0.000111096,0.000188158,0,0,-0.290537,0.030601,-0.286948,0.184202,0.301548,-0.0361458,0.0400317,0,0,-3.46945e-11,0.041564,-0.00696151,0.0347115,0.0111665,-0.0741129,0.0024379,0,0,-0.0349763,-0.241841,-0.00855546,0.551093,-0.0360999,0.395808,-0.00448898,0,0,0,-0.00323981,0.00182895,0.00426365,-0.00184547,0.00325121,-5.34715e-05,0,0,-0.011605,-0.00379814,-0.00881928,-0.0220555,0.0400598,-0.00449628,0.0651222,0,0,0,0,0,0,0,0,0,0,0,0,0,0,0,0,0,0,0.905991,-4.34727e-09,0,0,0,0,0,0,1.20024e-12,0,0,0,0,0,0,0,0,0,-4.34727e-09,0.905991,
-2.60209e-12,0.00677096,-0.0148244,-0.00149728,0.00235813,-9.57077e-05,1.93093e-05,0,0,0.344758,-0.00855816,0.245309,0.00336339,-0.0290968,-0.00349758,-0.00116186,0,0,0,0.0750022,-0.00441942,0.0447032,0.00264454,0.000933354,-3.22188e-05,0,0,-0.008555,0.619283,-0.000202974,-0.0711579,0.00308995,-0.0241722,-0.000382656,0,0,7.37257e-12,-0.00488309,0.0356268,-0.00179058,-0.00115994,-0.000267186,2.45483e-06,0,0,0.245509,-0.000146267,0.337276,-0.00301988,-0.0287147,-0.000851953,-0.00087933,0,0,3.46945e-12,0.0617664,0.000867614,-0.0393769,-0.00371688,0.00328618,-0.000111496,0,0,0.00336225,-0.071826,-0.00303316,0.613882,0.0184036,0.0551266,-0.00220151,0,0,-4.71628e-12,0.0283139,-0.0100158,-0.039301,0.0319756,0.000114114,0.000188505,0,0,-0.29035,0.0306,-0.286878,0.184232,0.301538,-0.0361551,0.0400272,0,0,2.08167e-11,0.0415788,-0.00696503,0.0346703,0.0111687,-0.074098,0.00243794,0,0,-0.0349914,-0.241772,-0.00855553,0.551136,-0.0361092,0.395805,-0.00448947,0,0,3.46945e-12,-0.00324022,0.00182967,0.00426464,-0.00184535,0.00325123,-5.34669e-05,0,0,-0.0116197,-0.00380015,-0.00882251,-0.0220532,0.0400553,-0.00449677,0.0651229,0,0,0,0,1.20024e-12,1.20024e-12,-1.20024e-12,0,0,0,0,0,0,0,0,0,0,0,0.905991,4.14203e-09,0,1.20024e-12,-2.40048e-12,-1.20024e-12,1.20024e-12,0,0,0,0,0,0,0,0,0,0,0,4.14233e-09,0.905991,
8.67362e-13,0.00676951,-0.0148363,-0.00149542,0.0023579,-9.56194e-05,1.93399e-05,0,0,0.344855,-0.00856381,0.245251,0.00336674,-0.0290782,-0.00349908,-0.00116334,0,0,2.08167e-11,0.0750127,-0.00441934,0.0446789,0.00264378,0.000933699,-3.22388e-05,0,0,-0.00856065,0.619303,-0.000202781,-0.0711683,0.00308987,-0.0241653,-0.00038286,0,0,8.67362e-13,-0.00488355,0.035663,-0.00178806,-0.00116037,-0.000267311,2.44729e-06,0,0,0.245452,-0.00014599,0.337363,-0.00302279,-0.0287077,-0.000851964,-0.000879651,0,0,6.93889e-12,0.0617474,0.000869467,-0.039356,-0.00371703,0.00328601,-0.000111524,0,0,0.00336558,-0.0718368,-0.00303614,0.613873,0.0184066,0.0551309,-0.00220128,0,0,1.43115e-11,0.02831,-0.0100119,-0.0392952,0.0319861,0.000117127,0.000188852,0,0,-0.290163,0.0305989,-0.286807,0.184262,0.301528,-0.0361645,0.0400227,0,0,-1.38778e-11,0.0415936,-0.00696854,0.0346291,0.0111709,-0.0740831,0.00243798,0,0,-0.0350063,-0.241703,-0.00855557,0.551179,-0.0361186,0.395803,-0.00448996,0,0,0,-0.00324062,0.00183037,0.00426563,-0.00184522,0.00325125,-5.34619e-05,0,0,-0.0116345,-0.00380216,-0.00882575,-0.022051,0.0400509,-0.00449726,0.0651235,0,0,0,0,0,0,0,0,0,0,0,0,0,0,0,0,0,0,0.905991,4.06762e-09,0,0,0,0,0,0,0,1.15223e-10,0,0,0,0,0,0,0,0,4.06732e-09,0.905991,
-8.67362e-13,0.00676807,-0.0148482,-0.00149357,0.00235766,-9.55309e-05,1.93704e-05,0,0,0.344952,-0.00856945,0.245194,0.00337007,-0.0290595,-0.00350058,-0.00116482,0,0,0,0.0750232,-0.00441926,0.0446546,0.00264302,0.000934046,-3.22589e-05,0,0,-0.00856631,0.619322,-0.000202586,-0.0711788,0.0030898,-0.0241584,-0.000383063,0,0,3.46945e-12,-0.00488402,0.0356993,-0.00178554,-0.00116081,-0.000267435,2.43972e-06,0,0,0.245395,-0.000145712,0.33745,-0.00302571,-0.0287006,-0.000851971,-0.000879972,0,0,1.04083e-11,0.0617283,0.000871319,-0.0393351,-0.00371717,0.00328584,-0.000111553,0,0,0.0033689,-0.0718477,-0.00303912,0.613865,0.0184096,0.0551351,-0.00220105,0,0,9.05309e-12,0.0283061,-0.0100079,-0.0392895,0.0319966,0.000120133,0.0001892,0,0,-0.289975,0.0305979,-0.286736,0.184292,0.301519,-0.0361738,0.0400181,0,0,-4.85723e-11,0.0416084,-0.00697205,0.0345879,0.0111731,-0.0740681,0.00243802,0,0,-0.0350212,-0.241634,-0.00855557,0.551222,-0.0361279,0.3958,-0.00449045,0,0,3.46945e-12,-0.00324103,0.00183108,0.00426662,-0.00184509,0.00325126,-5.34566e-05,0,0,-0.0116493,-0.00380417,-0.008829,-0.0220487,0.0400464,-0.00449776,0.0651241,0,0,0,0,0,0,0,0,0,0,0,0,0,0,0,0,0,0,0.905991,4.09732e-09,0,0,0,0,0,0,0,0,0,0,0,0,0,0,0,0,4.09672e-09,0.905991,
-4.33681e-12,0.00676661,-0.0148601,-0.00149171,0.00235742,-9.54423e-05,1.94009e-05,0,0,0.345049,-0.0085751,0.245137,0.0033734,-0.0290407,-0.00350207,-0.00116631,0,0,-6.93889e-12,0.0750337,-0.00441917,0.0446303,0.00264226,0.000934393,-3.22789e-05,0,0,-0.00857195,0.619342,-0.000202392,-0.0711893,0.00308972,-0.0241514,-0.000383267,0,0,7.80626e-12,-0.00488448,0.0357355,-0.00178302,-0.00116124,-0.000267558,2.43211e-06,0,0,0.245338,-0.000145434,0.337537,-0.00302864,-0.0286936,-0.000851975,-0.000880294,0,0,6.93889e-12,0.0617093,0.000873171,-0.0393142,-0.00371731,0.00328567,-0.000111581,0,0,0.00337221,-0.0718586,-0.00304211,0.613856,0.0184126,0.0551394,-0.00220082,0,0,-1.23057e-11,0.0283021,-0.0100038,-0.0392837,0.032007,0.000123133,0.000189549,0,0,-0.289787,0.0305969,-0.286665,0.184322,0.301509,-0.0361831,0.0400136,0,0,2.77556e-11,0.0416232,-0.00697555,0.0345465,0.0111753,-0.0740532,0.00243806,0,0,-0.035036,-0.241565,-0.00855555,0.551265,-0.0361372,0.395798,-0.00449095,0,0,3.46945e-12,-0.00324143,0.00183178,0.00426761,-0.00184495,0.00325128,-5.34508e-05,0,0,-0.0116642,-0.00380618,-0.00883224,-0.0220464,0.0400418,-0.00449825,0.0651247,0,0,0,1.20024e-12,0,0,0,0,0,0,0,0,0,0,0,0,0,0,0.905991,4.22605e-09,0,-1.20024e-12,0,0,0,0,0,0,0,0,0,0,0,0,0,0,4.22545e-09,0.905991,
1.73472e-12,0.00676516,-0.014872,-0.00148985,0.00235716,-9.53536e-05,1.94314e-05,0,0,0.345146,-0.00858074,0.245079,0.00337671,-0.0290219,-0.00350354,-0.0011678,0,0,0,0.0750442,-0.00441908,0.0446059,0.0026415,0.000934741,-3.2299e-05,0,0,-0.0085776,0.619362,-0.000202197,-0.0711998,0.00308965,-0.0241445,-0.000383472,0,0,-2.1684e-12,-0.00488494,0.0357717,-0.00178049,-0.00116166,-0.000267681,2.42448e-06,0,0,0.245281,-0.000145156,0.337625,-0.00303158,-0.0286865,-0.000851976,-0.000880616,0,0,0,0.0616902,0.000875023,-0.0392933,-0.00371746,0.0032855,-0.00011161,0,0,0.0033755,-0.0718695,-0.0030451,0.613847,0.0184156,0.0551436,-0.00220059,0,0,2.50993e-11,0.0282982,-0.00999974,-0.0392779,0.0320174,0.000126127,0.000189898,0,0,-0.289599,0.0305959,-0.286594,0.184352,0.3015,-0.0361925,0.040009,0,0,5.55112e-11,0.0416381,-0.00697904,0.0345051,0.0111774,-0.0740383,0.0024381,0,0,-0.0350507,-0.241496,-0.00855549,0.551308,-0.0361466,0.395795,-0.00449144,0,0,-3.46945e-12,-0.00324184,0.00183248,0.0042686,-0.00184481,0.0032513,-5.34447e-05,0,0,-0.011679,-0.00380819,-0.00883549,-0.0220442,0.0400373,-0.00449875,0.0651254,0,0,0,0,0,0,0,0,0,0,0,0,0,0,0,0,0,0,0.905991,-4.4631e-09,0,0,0,0,0,0,0,0,0,0,0,0,0,0,0,0,-4.4631e-09,0.905991,
2.60209e-12,0.0067637,-0.0148839,-0.00148799,0.0023569,-9.52647e-05,1.94619e-05,0,0,0.345244,-0.00858638,0.245022,0.00338001,-0.0290031,-0.00350501,-0.00116929,0,0,6.93889e-12,0.0750547,-0.00441899,0.0445815,0.00264074,0.000935089,-3.23192e-05,0,0,-0.00858324,0.619381,-0.000202002,-0.0712104,0.00308957,-0.0241375,-0.000383676,0,0,-5.42101e-12,-0.00488539,0.035808,-0.00177797,-0.00116209,-0.000267804,2.41681e-06,0,0,0.245223,-0.000144877,0.337712,-0.00303452,-0.0286794,-0.000851974,-0.000880938,0,0,0,0.0616711,0.000876874,-0.0392724,-0.00371759,0.00328533,-0.000111638,0,0,0.00337878,-0.0718804,-0.0030481,0.613838,0.0184186,0.0551479,-0.00220036,0,0,4.77049e-12,0.0282943,-0.0099956,-0.0392721,0.0320277,0.000129116,0.000190247,0,0,-0.28941,0.030595,-0.286523,0.184383,0.30149,-0.0362018,0.0400044,0,0,6.93889e-12,0.041653,-0.00698252,0.0344637,0.0111796,-0.0740234,0.00243813,0,0,-0.0350653,-0.241427,-0.0085554,0.551351,-0.0361559,0.395793,-0.00449193,0,0,0,-0.00324224,0.00183317,0.00426959,-0.00184467,0.00325131,-5.34382e-05,0,0,-0.0116939,-0.00381021,-0.00883875,-0.0220419,0.0400328,-0.00449925,0.065126,0,0,0,0,0,0,0,0,0,0,0,0,0,0,0,0,0,0,0.905991,-4.56272e-09,0,0,0,0,0,0,0,0,0,0,0,0,0,0,0,0,-4.56212e-09,0.905991,
-8.67362e-13,0.00676223,-0.0148958,-0.00148612,0.00235663,-9.51756e-05,1.94923e-05,0,0,0.345341,-0.00859202,0.244964,0.0033833,-0.0289842,-0.00350648,-0.00117078,0,0,-1.38778e-11,0.0750652,-0.00441889,0.0445571,0.00263998,0.000935438,-3.23393e-05,0,0,-0.00858888,0.619401,-0.000201806,-0.0712209,0.0030895,-0.0241306,-0.000383881,0,0,3.68629e-12,-0.00488584,0.0358443,-0.00177545,-0.00116251,-0.000267925,2.40912e-06,0,0,0.245166,-0.000144599,0.3378,-0.00303746,-0.0286724,-0.000851969,-0.000881261,0,0,2.25514e-11,0.0616519,0.000878725,-0.0392514,-0.00371773,0.00328516,-0.000111667,0,0,0.00338206,-0.0718913,-0.00305111,0.61383,0.0184216,0.0551522,-0.00220013,0,0,8.61941e-12,0.0282903,-0.00999141,-0.0392663,0.0320379,0.000132098,0.000190597,0,0,-0.289221,0.030594,-0.286452,0.184413,0.301481,-0.0362111,0.0399998,0,0,-9.02056e-11,0.0416679,-0.00698599,0.0344221,0.0111817,-0.0740084,0.00243817,0,0,-0.0350798,-0.241357,-0.00855528,0.551394,-0.0361653,0.39579,-0.00449243,0,0,0,-0.00324264,0.00183386,0.00427058,-0.00184452,0.00325133,-5.34313e-05,0,0,-0.0117088,-0.00381223,-0.008842,-0.0220396,0.0400282,-0.00449975,0.0651266,0,0,0,0,0,0,0,0,0,0,0,0,0,0,0,0,0,0,0.905991,-4.51531e-09,0,0,0,0,0,0,0,0,0,0,0,0,0,0,0,0,-4.51471e-09,0.905991,
0,0.00676076,-0.0149076,-0.00148426,0.00235636,-9.50863e-05,1.95227e-05,0,0,0.345439,-0.00859766,0.244907,0.00338657,-0.0289653,-0.00350793,-0.00117228,0,0,-6.93889e-12,0.0750757,-0.0044188,0.0445327,0.00263922,0.000935788,-3.23595e-05,0,0,-0.00859452,0.61942,-0.000201611,-0.0712314,0.00308943,-0.0241236,-0.000384086,0,0,-2.81893e-12,-0.00488628,0.0358805,-0.00177292,-0.00116293,-0.000268046,2.40138e-06,0,0,0.245109,-0.00014432,0.337887,-0.00304042,-0.0286653,-0.00085196,-0.000881584,0,0,-1.56125e-11,0.0616328,0.000880576,-0.0392304,-0.00371786,0.00328499,-0.000111695,0,0,0.00338532,-0.0719022,-0.00305412,0.613821,0.0184246,0.0551564,-0.0021999,0,0,-1.65883e-11,0.0282863,-0.00998717,-0.0392605,0.032048,0.000135074,0.000190947,0,0,-0.289031,0.030593,-0.286381,0.184443,0.301472,-0.0362205,0.0399952,0,0,-1.38778e-11,0.0416829,-0.00698946,0.0343805,0.0111838,-0.0739935,0.00243821,0,0,-0.0350942,-0.241288,-0.00855512,0.551437,-0.0361746,0.395788,-0.00449293,0,0,0,-0.00324304,0.00183455,0.00427157,-0.00184436,0.00325135,-5.34241e-05,0,0,-0.0117238,-0.00381425,-0.00884526,-0.0220373,0.0400236,-0.00450025,0.0651272,0,0,0,0,0,-1.20024e-12,0,0,0,-5.52111e-11,0,0,0,0,0,0,0,0,0.905991,-4.34517e-09,0,0,0,0,0,0,0,0,0,0,0,0,0,0,0,0,-4.34487e-09,0.905991,
6.07153e-12,0.00675929,-0.0149195,-0.0014824,0.00235607,-9.49969e-05,1.95531e-05,0,0,0.345536,-0.00860329,0.244849,0.00338983,-0.0289464,-0.00350937,-0.00117377,0,0,6.93889e-12,0.0750861,-0.0044187,0.0445083,0.00263846,0.000936138,-3.23797e-05,0,0,-0.00860016,0.61944,-0.000201414,-0.071242,0.00308936,-0.0241166,-0.000384291,0,0,-1.77809e-11,-0.00488673,0.0359168,-0.0017704,-0.00116335,-0.000268166,2.39362e-06,0,0,0.245051,-0.00014404,0.337975,-0.00304338,-0.0286582,-0.000851949,-0.000881907,0,0,-1.56125e-11,0.0616136,0.000882426,-0.0392094,-0.003718,0.00328482,-0.000111724,0,0,0.00338856,-0.0719132,-0.00305714,0.613812,0.0184277,0.0551607,-0.00219967,0,0,-1.00289e-11,0.0282824,-0.00998288,-0.0392547,0.0320581,0.000138043,0.000191298,0,0,-0.288841,0.0305921,-0.286309,0.184474,0.301463,-0.0362298,0.0399906,0,0,6.93889e-12,0.0416978,-0.00699291,0.0343389,0.0111859,-0.0739786,0.00243825,0,0,-0.0351086,-0.241218,-0.00855494,0.55148,-0.0361839,0.395786,-0.00449342,0,0,-3.46945e-12,-0.00324344,0.00183524,0.00427256,-0.0018442,0.00325137,-5.34164e-05,0,0,-0.0117387,-0.00381628,-0.00884852,-0.022035,0.040019,-0.00450075,0.0651279,0,0,0,-1.20024e-12,0,1.20024e-12,1.20024e-12,0,0,0,0,0,0,0,0,0,0,0,0.905991,4.09372e-09,0,-1.20024e-12,0,1.20024e-12,1.20024e-12,0,0,0,0,0,0,0,0,0,0,0,4.09282e-09,0.905991,
-1.73472e-12,0.00675781,-0.0149313,-0.00148054,0.00235578,-9.49075e-05,1.95835e-05,0,0,0.345634,-0.00860892,0.244791,0.00339308,-0.0289274,-0.00351081,-0.00117527,0,0,1.38778e-11,0.0750966,-0.00441859,0.0444838,0.00263769,0.000936489,-3.23999e-05,0,0,-0.00860579,0.61946,-0.000201218,-0.0712525,0.00308929,-0.0241097,-0.000384497,0,0,7.37257e-12,-0.00488716,0.0359531,-0.00176787,-0.00116377,-0.000268286,2.38582e-06,0,0,0.244994,-0.000143761,0.338063,-0.00304635,-0.0286511,-0.000851934,-0.000882231,0,0,-6.93889e-12,0.0615944,0.000884275,-0.0391884,-0.00371813,0.00328465,-0.000111752,0,0,0.0033918,-0.0719241,-0.00306016,0.613803,0.0184307,0.0551649,-0.00219943,0,0,2.1684e-12,0.0282784,-0.00997854,-0.0392488,0.0320682,0.000141006,0.000191649,0,0,-0.288651,0.0305911,-0.286238,0.184504,0.301454,-0.0362391,0.0399859,0,0,5.55112e-11,0.0417128,-0.00699636,0.0342972,0.011188,-0.0739636,0.00243829,0,0,-0.0351229,-0.241148,-0.00855472,0.551523,-0.0361933,0.395783,-0.00449392,0,0,-3.46945e-12,-0.00324383,0.00183592,0.00427355,-0.00184403,0.00325139,-5.34084e-05,0,0,-0.0117537,-0.00381831,-0.00885179,-0.0220327,0.0400144,-0.00450125,0.0651285,0,0,0,0,0,0,0,0,0,0,0,0,0,0,0,0,0,0,0.905991,3.98e-09,0,2.40048e-12,0,1.20024e-12,-1.20024e-12,-2.40048e-12,2.40048e-12,0,0,0,0,0,0,0,0,0,3.9797e-09,0.905991,
1.73472e-12,0.00675633,-0.0149432,-0.00147868,0.00235548,-9.4818e-05,1.96138e-05,0,0,0.345732,-0.00861455,0.244733,0.00339632,-0.0289084,-0.00351224,-0.00117677,0,0,0,0.0751071,-0.00441849,0.0444593,0.00263693,0.00093684,-3.24201e-05,0,0,-0.00861142,0.61948,-0.000201022,-0.0712631,0.00308922,-0.0241027,-0.000384703,0,0,-5.42101e-12,-0.00488759,0.0359893,-0.00176534,-0.00116418,-0.000268405,2.37799e-06,0,0,0.244936,-0.000143481,0.338151,-0.00304932,-0.028644,-0.000851916,-0.000882555,0,0,2.25514e-11,0.0615752,0.000886125,-0.0391673,-0.00371825,0.00328448,-0.000111781,0,0,0.00339502,-0.0719351,-0.00306319,0.613795,0.0184337,0.0551692,-0.0021992,0,0,-5.44812e-12,0.0282744,-0.00997415,-0.039243,0.0320782,0.000143964,0.000192001,0,0,-0.28846,0.0305902,-0.286167,0.184535,0.301445,-0.0362484,0.0399813,0,0,-4.85723e-11,0.0417278,-0.0069998,0.0342554,0.0111901,-0.0739487,0.00243832,0,0,-0.0351371,-0.241079,-0.00855448,0.551566,-0.0362026,0.395781,-0.00449442,0,0,0,-0.00324423,0.0018366,0.00427454,-0.00184386,0.00325141,-5.34e-05,0,0,-0.0117687,-0.00382034,-0.00885506,-0.0220304,0.0400098,-0.00450176,0.0651292,0,0,0,0,0,0,0,0,0,0,0,0,0,0,0,0,0,0,0.905991,3.9695e-09,0,0,0,0,0,0,0,0,0,0,0,0,0,0,0,0,3.9689e-09,0.905991,
6.07153e-12,0.00675484,-0.014955,-0.00147681,0.00235518,-9.47285e-05,1.96442e-05,0,0,0.34583,-0.00862018,0.244675,0.00339954,-0.0288894,-0.00351366,-0.00117828,0,0,2.08167e-11,0.0751175,-0.00441838,0.0444348,0.00263616,0.000937192,-3.24404e-05,0,0,-0.00861705,0.619499,-0.000200825,-0.0712737,0.00308915,-0.0240957,-0.000384909,0,0,-1.14925e-11,-0.00488802,0.0360256,-0.00176282,-0.00116459,-0.000268523,2.37014e-06,0,0,0.244878,-0.000143202,0.338239,-0.0030523,-0.0286368,-0.000851895,-0.000882879,0,0,-2.25514e-11,0.0615559,0.000887974,-0.0391462,-0.00371838,0.0032843,-0.00011181,0,0,0.00339823,-0.0719461,-0.00306623,0.613786,0.0184367,0.0551735,-0.00219897,0,0,1.9353e-11,0.0282704,-0.00996971,-0.0392372,0.0320881,0.000146915,0.000192354,0,0,-0.288269,0.0305892,-0.286095,0.184565,0.301436,-0.0362578,0.0399766,0,0,6.245e-11,0.0417429,-0.00700323,0.0342135,0.0111922,-0.0739337,0.00243836,0,0,-0.0351512,-0.241009,-0.0085542,0.551609,-0.0362119,0.395779,-0.00449492,0,0,-3.46945e-12,-0.00324463,0.00183727,0.00427553,-0.00184369,0.00325143,-5.33912e-05,0,0,-0.0117837,-0.00382237,-0.00885833,-0.0220281,0.0400052,-0.00450226,0.0651298,0,0,0,0,0,0,0,-1.20024e-12,-1.20024e-12,1.20024e-12,0,0,0,0,0,0,0,0,0.905991,4.04931e-09,0,0,0,0,0,0,0,0,0,0,0,0,0,0,0,0,4.04991e-09,0.905991,
-5.20417e-12,0.00675335,-0.0149668,-0.00147495,0.00235487,-9.4639e-05,1.96745e-05,0,0,0.345928,-0.0086258,0.244617,0.00340275,-0.0288703,-0.00351507,-0.00117978,0,0,1.38778e-11,0.075128,-0.00441827,0.0444103,0.00263539,0.000937545,-3.24607e-05,0,0,-0.00862268,0.619519,-0.000200628,-0.0712843,0.00308908,-0.0240887,-0.000385115,0,0,1.30104e-11,-0.00488845,0.0360619,-0.00176029,-0.001165,-0.000268641,2.36225e-06,0,0,0.244821,-0.000142922,0.338327,-0.00305529,-0.0286297,-0.00085187,-0.000883204,0,0,-3.46945e-12,0.0615367,0.000889822,-0.0391251,-0.0037185,0.00328413,-0.000111838,0,0,0.00340143,-0.0719571,-0.00306927,0.613777,0.0184398,0.0551777,-0.00219873,0,0,3.93023e-12,0.0282663,-0.00996522,-0.0392313,0.0320979,0.00014986,0.000192706,0,0,-0.288078,0.0305883,-0.286023,0.184596,0.301427,-0.0362671,0.0399719,0,0,1.38778e-11,0.0417579,-0.00700665,0.0341716,0.0111943,-0.0739188,0.0024384,0,0,-0.0351652,-0.240939,-0.00855389,0.551652,-0.0362213,0.395776,-0.00449542,0,0,0,-0.00324502,0.00183794,0.00427652,-0.00184351,0.00325145,-5.3382e-05,0,0,-0.0117987,-0.00382441,-0.0088616,-0.0220258,0.0400006,-0.00450277,0.0651304,0,0,0,0,0,0,0,0,0,5.76116e-11,0,0,0,0,0,0,0,0,0.905991,4.22515e-09,0,-2.40048e-12,0,0,0,0,-2.40048e-12,-1.15223e-10,0,0,0,0,0,0,0,0,4.22485e-09,0.905991,
8.67362e-13,0.00675186,-0.0149786,-0.00147308,0.00235455,-9.45493e-05,1.97047e-05,0,0,0.346026,-0.00863142,0.244559,0.00340595,-0.0288512,-0.00351647,-0.00118129,0,0,-6.93889e-12,0.0751384,-0.00441815,0.0443857,0.00263462,0.000937898,-3.2481e-05,0,0,-0.0086283,0.619539,-0.00020043,-0.0712949,0.00308901,-0.0240816,-0.000385322,0,0,-4.98733e-12,-0.00488887,0.0360982,-0.00175776,-0.00116541,-0.000268758,2.35434e-06,0,0,0.244763,-0.000142642,0.338415,-0.00305828,-0.0286226,-0.000851843,-0.000883529,0,0,-5.20417e-12,0.0615174,0.00089167,-0.039104,-0.00371862,0.00328396,-0.000111867,0,0,0.00340462,-0.0719681,-0.00307232,0.613768,0.0184428,0.055182,-0.0021985,0,0,-8.72783e-12,0.0282623,-0.00996068,-0.0392254,0.0321077,0.000152799,0.00019306,0,0,-0.287886,0.0305874,-0.285952,0.184627,0.301418,-0.0362764,0.0399672,0,0,3.46945e-11,0.041773,-0.00701006,0.0341296,0.0111963,-0.0739039,0.00243844,0,0,-0.0351791,-0.240869,-0.00855355,0.551696,-0.0362306,0.395774,-0.00449593,0,0,0,-0.00324542,0.00183861,0.0042775,-0.00184332,0.00325147,-5.33724e-05,0,0,-0.0118138,-0.00382645,-0.00886488,-0.0220235,0.0399959,-0.00450327,0.0651311,0,0,0,1.20024e-12,0,0,-1.20024e-12,1.20024e-12,1.20024e-12,0,0,0,0,0,0,0,0,0,0.905991,-4.51471e-09,0,1.20024e-12,0,0,-1.20024e-12,1.20024e-12,1.20024e-12,0,0,0,0,0,0,0,0,0,-4.51411e-09,0.905991,
1.73472e-12,0.00675037,-0.0149904,-0.00147121,0.00235422,-9.44176e-05,1.97335e-05,0,0,0.346125,-0.00863704,0.244501,0.00340914,-0.028832,-0.00351786,-0.0011828,0,0,2.08167e-11,0.0751488,-0.00441803,0.0443612,0.00263385,0.000938249,-3.25011e-05,0,0,-0.00863392,0.619559,-0.000200232,-0.0713055,0.00308895,-0.0240746,-0.000385529,0,0,-2.81893e-12,-0.00488929,0.0361345,-0.00175519,-0.00116581,-0.000268845,2.34547e-06,0,0,0.244705,-0.000142362,0.338503,-0.00306128,-0.0286154,-0.000851812,-0.000883854,0,0,-1.73472e-11,0.061498,0.000893519,-0.0390829,-0.00371871,0.0032838,-0.000111896,0,0,0.0034078,-0.0719791,-0.00307537,0.613759,0.0184459,0.0551863,-0.00219826,0,0,3.46945e-12,0.0282582,-0.00995608,-0.0392195,0.0321174,0.000155655,0.000193414,0,0,-0.287694,0.0305865,-0.28588,0.184657,0.301409,-0.0362857,0.0399625,0,0,6.245e-11,0.0417882,-0.00701346,0.0340876,0.0111983,-0.0738889,0.00243847,0,0,-0.035193,-0.240799,-0.00855317,0.551739,-0.0362399,0.395772,-0.00449643,0,0,0,-0.00324581,0.00183927,0.00427849,-0.00184313,0.00325148,-5.33615e-05,0,0,-0.0118289,-0.00382849,-0.00886816,-0.0220212,0.0399912,-0.00450378,0.0651317,0,0,0,0,0,0,0,0,0,0,0,0,0,0,0,0,0,0,0.905991,-4.66384e-09,0,-1.20024e-12,0,-1.20024e-12,1.20024e-12,1.20024e-12,-1.20024e-12,0,0,0,0,0,0,0,0,0,-4.66384e-09,0.905991,
0,0.00674887,-0.0150022,-0.00146929,0.00235388,-9.42877e-05,1.97625e-05,0,0,0.346223,-0.00864266,0.244443,0.00341231,-0.0288128,-0.00351925,-0.00118432,0,0,-1.38778e-11,0.0751593,-0.00441791,0.0443366,0.00263307,0.0009386,-3.25213e-05,0,0,-0.00863954,0.619578,-0.000200034,-0.0713162,0.00308888,-0.0240676,-0.000385736,0,0,-3.90313e-12,-0.0048897,0.0361709,-0.00175258,-0.0011662,-0.000268933,2.33669e-06,0,0,0.244647,-0.000142082,0.338592,-0.00306428,-0.0286083,-0.000851778,-0.000884179,0,0,1.38778e-11,0.0614787,0.000895369,-0.0390617,-0.00371879,0.00328363,-0.000111924,0,0,0.00341096,-0.0719901,-0.00307843,0.613751,0.0184489,0.0551905,-0.00219802,0,0,-2.51806e-11,0.0282542,-0.00995144,-0.0392136,0.0321271,0.000158467,0.000193771,0,0,-0.287501,0.0305856,-0.285808,0.184688,0.3014,-0.036295,0.0399578,0,0,-4.16334e-11,0.0418033,-0.00701685,0.0340454,0.0112002,-0.073874,0.0024385,0,0,-0.0352068,-0.240729,-0.00855277,0.551782,-0.0362493,0.395769,-0.00449694,0,0,3.46945e-12,-0.0032462,0.00183994,0.00427949,-0.00184293,0.00325149,-5.33489e-05,0,0,-0.011844,-0.00383053,-0.00887144,-0.0220188,0.0399866,-0.00450429,0.0651324,0,0,0,0,0,0,0,0,0,0,0,0,0,0,0,0,0,0,0.905991,-4.65454e-09,0,0,0,0,0,0,0,0,0,0,0,0,0,0,0,0,-4.65454e-09,0.905991,
4.33681e-12,0.00674738,-0.015014,-0.00146736,0.00235354,-9.41694e-05,1.97919e-05,0,0,0.346322,-0.00864828,0.244384,0.00341547,-0.0287936,-0.00352062,-0.00118583,0,0,-6.93889e-12,0.0751697,-0.00441779,0.0443119,0.0026323,0.000938952,-3.25415e-05,0,0,-0.00864516,0.619598,-0.000199837,-0.0713268,0.00308882,-0.0240605,-0.000385943,0,0,-1.40946e-11,-0.0048901,0.0362072,-0.00174995,-0.00116659,-0.000269026,2.32812e-06,0,0,0.244589,-0.000141802,0.33868,-0.0030673,-0.0286011,-0.00085174,-0.000884505,0,0,6.93889e-12,0.0614593,0.000897218,-0.0390405,-0.00371888,0.00328346,-0.000111953,0,0,0.00341411,-0.0720012,-0.00308149,0.613742,0.018452,0.0551948,-0.00219779,0,0,-5.8818e-12,0.0282501,-0.00994674,-0.0392077,0.0321366,0.000161272,0.000194128,0,0,-0.287308,0.0305847,-0.285736,0.184719,0.301392,-0.0363044,0.0399531,0,0,-1.38778e-10,0.0418185,-0.00702023,0.0340032,0.0112022,-0.0738591,0.00243853,0,0,-0.0352204,-0.240658,-0.00855235,0.551825,-0.0362586,0.395767,-0.00449744,0,0,0,-0.00324659,0.00184059,0.00428048,-0.00184272,0.00325151,-5.33354e-05,0,0,-0.0118591,-0.00383258,-0.00887473,-0.0220165,0.0399819,-0.0045048,0.065133,0,0,0,0,0,0,0,0,0,0,0,0,0,0,0,0,0,0,0.905991,-4.5042e-09,0,0,0,0,0,0,0,1.15223e-10,0,0,0,0,0,0,0,0,-4.5042e-09,0.905991,
3.46945e-12,0.00674587,-0.0150258,-0.00146543,0.00235319,-9.40613e-05,1.98216e-05,0,0,0.346421,-0.00865389,0.244326,0.00341862,-0.0287743,-0.00352199,-0.00118735,0,0,-1.38778e-11,0.0751801,-0.00441767,0.0442873,0.00263152,0.000939307,-3.25618e-05,0,0,-0.00865078,0.619618,-0.000199639,-0.0713375,0.00308876,-0.0240535,-0.000386151,0,0,-1.0842e-11,-0.0048905,0.0362435,-0.00174733,-0.00116699,-0.000269127,2.31973e-06,0,0,0.24453,-0.000141522,0.338769,-0.00307031,-0.028594,-0.0008517,-0.000884831,0,0,-6.93889e-12,0.0614399,0.000899067,-0.0390192,-0.00371897,0.00328329,-0.000111982,0,0,0.00341726,-0.0720122,-0.00308456,0.613733,0.018455,0.0551991,-0.00219755,0,0,-3.78116e-12,0.028246,-0.009942,-0.0392017,0.0321461,0.000164087,0.000194485,0,0,-0.287115,0.0305839,-0.285664,0.18475,0.301383,-0.0363137,0.0399483,0,0,-2.77556e-11,0.0418337,-0.0070236,0.033961,0.0112041,-0.0738441,0.00243856,0,0,-0.0352341,-0.240588,-0.00855189,0.551868,-0.0362679,0.395765,-0.00449795,0,0,0,-0.00324698,0.00184125,0.00428148,-0.00184251,0.00325154,-5.33217e-05,0,0,-0.0118743,-0.00383463,-0.00887802,-0.0220141,0.0399771,-0.00450531,0.0651336,0,0,0,-1.20024e-12,1.20024e-12,1.20024e-12,-1.20024e-12,0,0,0,0,0,0,0,0,0,0,0,0.905991,4.25455e-09,0,2.40048e-12,-2.40048e-12,-2.40048e-12,2.40048e-12,0,0,0,0,0,0,0,0,0,0,0,4.25395e-09,0.905991,
-8.67362e-13,0.00674436,-0.0150375,-0.0014635,0.00235283,-9.39606e-05,1.98514e-05,0,0,0.346519,-0.0086595,0.244267,0.00342176,-0.028755,-0.00352335,-0.00118887,0,0,1.38778e-11,0.0751905,-0.00441755,0.0442626,0.00263074,0.000939662,-3.25822e-05,0,0,-0.00865639,0.619638,-0.000199441,-0.0713481,0.0030887,-0.0240464,-0.000386359,0,0,2.38524e-12,-0.00489089,0.0362799,-0.00174473,-0.00116738,-0.000269232,2.31146e-06,0,0,0.244472,-0.000141242,0.338858,-0.00307334,-0.0285868,-0.000851657,-0.000885158,0,0,-5.20417e-12,0.0614205,0.000900916,-0.038998,-0.00371907,0.00328312,-0.00011201,0,0,0.00342039,-0.0720233,-0.00308764,0.613724,0.0184581,0.0552033,-0.00219731,0,0,-7.56231e-12,0.0282419,-0.00993721,-0.0391958,0.0321556,0.00016692,0.000194842,0,0,-0.286921,0.030583,-0.285592,0.18478,0.301375,-0.036323,0.0399436,0,0,3.46945e-11,0.0418489,-0.00702696,0.0339187,0.011206,-0.0738292,0.00243859,0,0,-0.0352476,-0.240517,-0.00855141,0.551911,-0.0362772,0.395763,-0.00449846,0,0,3.46945e-12,-0.00324737,0.0018419,0.00428247,-0.0018423,0.00325156,-5.33082e-05,0,0,-0.0118895,-0.00383668,-0.00888131,-0.0220118,0.0399724,-0.00450582,0.0651343,0,0,0,0,0,0,-1.20024e-12,0,0,-1.14023e-10,0,0,0,0,0,0,0,0,0.905991,4.15283e-09,0,0,0,0,-1.20024e-12,-1.20024e-12,-1.20024e-12,0,0,0,0,0,0,0,0,0,4.15253e-09,0.905991,
5.20417e-12,0.00674284,-0.0150493,-0.00146159,0.00235247,-9.3865e-05,1.98814e-05,0,0,0.346618,-0.00866511,0.244209,0.00342489,-0.0287356,-0.0035247,-0.00119039,0,0,-6.93889e-12,0.0752009,-0.00441742,0.0442379,0.00262996,0.000940019,-3.26026e-05,0,0,-0.008662,0.619658,-0.000199244,-0.0713588,0.00308864,-0.0240393,-0.000386567,0,0,-1.66967e-11,-0.00489128,0.0363162,-0.00174214,-0.00116777,-0.00026934,2.30327e-06,0,0,0.244414,-0.000140963,0.338946,-0.00307637,-0.0285796,-0.000851611,-0.000885485,0,0,8.67362e-12,0.061401,0.000902763,-0.0389767,-0.00371916,0.00328295,-0.000112039,0,0,0.00342351,-0.0720344,-0.00309072,0.613715,0.0184612,0.0552076,-0.00219707,0,0,-2.05998e-11,0.0282378,-0.00993236,-0.0391898,0.032165,0.00016977,0.000195199,0,0,-0.286727,0.0305821,-0.28552,0.184811,0.301366,-0.0363323,0.0399388,0,0,-6.93889e-12,0.0418641,-0.00703032,0.0338763,0.0112079,-0.0738142,0.00243863,0,0,-0.0352611,-0.240447,-0.00855091,0.551954,-0.0362865,0.39576,-0.00449897,0,0,3.46945e-12,-0.00324775,0.00184255,0.00428346,-0.00184208,0.00325159,-5.32948e-05,0,0,-0.0119047,-0.00383874,-0.00888461,-0.0220094,0.0399677,-0.00450634,0.0651349,0,0,0,0,0,0,0,0,0,0,0,0,0,0,0,0,0,0,0.905991,4.16544e-09,0,0,0,0,0,0,0,1.20024e-12,0,0,0,0,0,0,0,0,4.16514e-09,0.905991,
0,0.00674132,-0.0150611,-0.00145969,0.0023521,-9.37733e-05,1.99114e-05,0,0,0.346717,-0.00867072,0.24415,0.003428,-0.0287163,-0.00352605,-0.00119192,0,0,0,0.0752113,-0.00441729,0.0442132,0.00262918,0.000940378,-3.26231e-05,0,0,-0.00866761,0.619678,-0.000199047,-0.0713695,0.00308858,-0.0240323,-0.000386775,0,0,-2.1684e-13,-0.00489167,0.0363525,-0.00173956,-0.00116816,-0.000269451,2.29514e-06,0,0,0.244355,-0.000140683,0.339035,-0.0030794,-0.0285724,-0.000851563,-0.000885812,0,0,-3.46945e-12,0.0613816,0.00090461,-0.0389554,-0.00371926,0.00328278,-0.000112068,0,0,0.00342661,-0.0720454,-0.00309381,0.613706,0.0184642,0.0552119,-0.00219684,0,0,-7.72494e-13,0.0282337,-0.00992747,-0.0391839,0.0321743,0.000172634,0.000195556,0,0,-0.286533,0.0305813,-0.285447,0.184842,0.301358,-0.0363416,0.039934,0,0,1.38778e-11,0.0418794,-0.00703367,0.0338338,0.0112099,-0.0737993,0.00243867,0,0,-0.0352745,-0.240376,-0.00855037,0.551997,-0.0362959,0.395758,-0.00449948,0,0,3.46945e-12,-0.00324814,0.0018432,0.00428445,-0.00184186,0.00325161,-5.32815e-05,0,0,-0.0119199,-0.0038408,-0.00888791,-0.0220071,0.0399629,-0.00450685,0.0651356,0,0,0,0,0,0,0,0,0,-1.20024e-12,0,0,0,0,0,0,0,0,0.905991,4.28156e-09,0,0,0,0,0,0,0,0,0,0,0,0,0,0,0,0,4.28186e-09,0.905991,
-8.67362e-13,0.00673979,-0.0150728,-0.00145781,0.00235172,-9.3684e-05,1.99415e-05,0,0,0.346816,-0.00867632,0.244091,0.00343111,-0.0286968,-0.00352739,-0.00119344,0,0,-1.38778e-11,0.0752217,-0.00441716,0.0441885,0.0026284,0.000940737,-3.26437e-05,0,0,-0.00867322,0.619698,-0.00019885,-0.0713802,0.00308852,-0.0240252,-0.000386984,0,0,4.33681e-13,-0.00489206,0.0363889,-0.00173701,-0.00116855,-0.000269564,2.28704e-06,0,0,0.244297,-0.000140403,0.339124,-0.00308244,-0.0285652,-0.000851512,-0.000886139,0,0,5.20417e-12,0.0613621,0.000906456,-0.0389341,-0.00371936,0.00328261,-0.000112097,0,0,0.00342971,-0.0720565,-0.0030969,0.613697,0.0184673,0.0552161,-0.0021966,0,0,-4.09964e-12,0.0282296,-0.00992253,-0.0391779,0.0321836,0.000175509,0.000195913,0,0,-0.286338,0.0305805,-0.285375,0.184873,0.30135,-0.0363509,0.0399292,0,0,-2.08167e-11,0.0418947,-0.00703702,0.0337913,0.0112118,-0.0737843,0.00243871,0,0,-0.0352878,-0.240306,-0.00854981,0.552041,-0.0363052,0.395756,-0.0045,0,0,3.46945e-12,-0.00324853,0.00184384,0.00428544,-0.00184163,0.00325163,-5.32684e-05,0,0,-0.0119351,-0.00384286,-0.00889121,-0.0220047,0.0399582,-0.00450737,0.0651362,0,0,0,0,0,0,0,0,0,5.76116e-11,0,0,0,0,0,0,0,0,0.905991,-4.51291e-09,0,0,0,0,0,0,0,0,0,0,0,0,0,0,0,0,-4.51291e-09,0.905991,
-2.60209e-12,0.00673826,-0.0150845,-0.00145593,0.00235134,-9.35965e-05,1.99716e-05,0,0,0.346916,-0.00868193,0.244032,0.0034342,-0.0286774,-0.00352872,-0.00119497,0,0,0,0.0752321,-0.00441702,0.0441637,0.00262763,0.000941097,-3.26642e-05,0,0,-0.00867882,0.619718,-0.000198653,-0.0713909,0.00308846,-0.0240181,-0.000387193,0,0,5.63785e-12,-0.00489244,0.0364253,-0.00173446,-0.00116893,-0.000269677,2.27895e-06,0,0,0.244238,-0.000140123,0.339213,-0.00308549,-0.028558,-0.000851458,-0.000886466,0,0,5.20417e-12,0.0613426,0.000908302,-0.0389128,-0.00371946,0.00328244,-0.000112126,0,0,0.00343279,-0.0720677,-0.0031,0.613688,0.0184704,0.0552204,-0.00219636,0,0,5.39391e-12,0.0282254,-0.00991754,-0.039172,0.0321928,0.000178393,0.000196269,0,0,-0.286143,0.0305796,-0.285303,0.184904,0.301341,-0.0363602,0.0399243,0,0,-1.38778e-11,0.04191,-0.00704035,0.0337487,0.0112138,-0.0737694,0.00243874,0,0,-0.035301,-0.240235,-0.00854923,0.552084,-0.0363145,0.395754,-0.00450051,0,0,0,-0.00324891,0.00184448,0.00428643,-0.0018414,0.00325166,-5.32552e-05,0,0,-0.0119504,-0.00384492,-0.00889451,-0.0220024,0.0399534,-0.00450789,0.0651369,0,0,0,0,0,0,0,0,-1.20024e-12,0,0,0,0,0,0,0,0,0,0.905991,-4.59992e-09,0,0,0,0,0,0,-2.40048e-12,0,0,0,0,0,0,0,0,0,-4.60052e-09,0.905991,
1.73472e-12,0.00673672,-0.0150963,-0.00145405,0.00235094,-9.35102e-05,2.00017e-05,0,0,0.347015,-0.00868753,0.243973,0.00343728,-0.0286579,-0.00353004,-0.0011965,0,0,-1.38778e-11,0.0752424,-0.00441688,0.0441389,0.00262685,0.000941458,-3.26848e-05,0,0,-0.00868443,0.619737,-0.000198456,-0.0714016,0.0030884,-0.024011,-0.000387402,0,0,-1.30104e-12,-0.00489282,0.0364616,-0.00173192,-0.00116932,-0.000269791,2.27086e-06,0,0,0.244179,-0.000139843,0.339302,-0.00308854,-0.0285508,-0.000851402,-0.000886794,0,0,-3.46945e-12,0.061323,0.000910147,-0.0388914,-0.00371956,0.00328226,-0.000112155,0,0,0.00343587,-0.0720788,-0.0031031,0.61368,0.0184735,0.0552247,-0.00219612,0,0,2.51637e-11,0.0282212,-0.00991249,-0.039166,0.0322019,0.000181281,0.000196626,0,0,-0.285948,0.0305788,-0.28523,0.184935,0.301333,-0.0363695,0.0399195,0,0,-6.93889e-12,0.0419254,-0.00704369,0.0337061,0.0112157,-0.0737544,0.00243878,0,0,-0.0353142,-0.240164,-0.00854861,0.552127,-0.0363238,0.395751,-0.00450103,0,0,0,-0.00324929,0.00184511,0.00428741,-0.00184116,0.00325168,-5.3242e-05,0,0,-0.0119657,-0.00384698,-0.00889782,-0.022,0.0399486,-0.00450841,0.0651375,0,0,0,0,-1.20024e-12,0,0,0,0,0,0,0,0,0,0,0,0,0,0.905991,-4.53871e-09,0,0,-2.40048e-12,0,0,0,0,0,0,0,0,0,0,0,0,0,-4.53841e-09,0.905991,
-8.67362e-13,0.00673518,-0.015108,-0.00145219,0.00235055,-9.34247e-05,2.00318e-05,0,0,0.347114,-0.00869313,0.243914,0.00344035,-0.0286384,-0.00353135,-0.00119803,0,0,-6.93889e-12,0.0752528,-0.00441674,0.0441142,0.00262606,0.00094182,-3.27055e-05,0,0,-0.00869003,0.619757,-0.000198259,-0.0714124,0.00308835,-0.0240039,-0.000387611,0,0,-8.67362e-13,-0.0048932,0.036498,-0.00172939,-0.0011697,-0.000269906,2.26277e-06,0,0,0.244121,-0.000139564,0.339392,-0.0030916,-0.0285436,-0.000851343,-0.000887123,0,0,-1.21431e-11,0.0613034,0.000911992,-0.03887,-0.00371965,0.00328209,-0.000112184,0,0,0.00343893,-0.0720899,-0.00310621,0.613671,0.0184765,0.0552289,-0.00219587,0,0,-8.26958e-12,0.0282171,-0.0099074,-0.0391601,0.032211,0.000184171,0.000196984,0,0,-0.285752,0.030578,-0.285158,0.184966,0.301325,-0.0363788,0.0399147,0,0,-6.93889e-12,0.0419407,-0.00704701,0.0336634,0.0112176,-0.0737395,0.00243882,0,0,-0.0353273,-0.240093,-0.00854797,0.55217,-0.0363331,0.395749,-0.00450154,0,0,0,-0.00324968,0.00184574,0.0042884,-0.00184092,0.00325171,-5.32286e-05,0,0,-0.011981,-0.00384905,-0.00890113,-0.0219976,0.0399438,-0.00450893,0.0651382,0,0,0,0,0,0,0,0,0,0,0,0,0,0,0,0,0,0,0.905991,-4.35447e-09,0,0,0,0,1.20024e-12,0,0,0,0,0,0,0,0,0,0,0,-4.35447e-09,0.905991,
8.67362e-13,0.00673363,-0.0151197,-0.00145032,0.00235014,-9.33398e-05,2.00619e-05,0,0,0.347214,-0.00869873,0.243855,0.0034434,-0.0286188,-0.00353266,-0.00119957,0,0,0,0.0752632,-0.00441659,0.0440893,0.00262528,0.000942182,-3.27261e-05,0,0,-0.00869563,0.619777,-0.000198062,-0.0714231,0.00308829,-0.0239967,-0.000387821,0,0,-4.98733e-12,-0.00489357,0.0365344,-0.00172687,-0.00117008,-0.00027002,2.25466e-06,0,0,0.244062,-0.000139284,0.339481,-0.00309466,-0.0285364,-0.000851281,-0.000887451,0,0,-6.93889e-12,0.0612838,0.000913836,-0.0388486,-0.00371975,0.00328192,-0.000112212,0,0,0.00344198,-0.072101,-0.00310933,0.613662,0.0184796,0.0552332,-0.00219563,0,0,-1.02593e-11,0.0282129,-0.00990226,-0.0391541,0.0322201,0.000187062,0.000197341,0,0,-0.285556,0.0305772,-0.285085,0.184997,0.301317,-0.0363881,0.0399098,0,0,6.93889e-12,0.0419561,-0.00705033,0.0336206,0.0112196,-0.0737245,0.00243886,0,0,-0.0353403,-0.240022,-0.0085473,0.552213,-0.0363424,0.395747,-0.00450206,0,0,0,-0.00325006,0.00184637,0.00428939,-0.00184068,0.00325173,-5.32151e-05,0,0,-0.0119963,-0.00385112,-0.00890444,-0.0219952,0.039939,-0.00450945,0.0651389,0,0,0,0,-1.20024e-12,0,0,1.20024e-12,0,0,0,0,0,0,0,0,0,0,0.905991,4.09162e-09,0,0,0,0,0,0,0,0,0,0,0,0,0,0,0,0,4.09162e-09,0.905991,
8.67362e-13,0.00673208,-0.0151314,-0.00144846,0.00234973,-9.32552e-05,2.0092e-05,0,0,0.347314,-0.00870433,0.243796,0.00344645,-0.0285992,-0.00353396,-0.00120111,0,0,0,0.0752735,-0.00441644,0.0440645,0.0026245,0.000942546,-3.27468e-05,0,0,-0.00870122,0.619797,-0.000197866,-0.0714338,0.00308824,-0.0239896,-0.000388031,0,0,-2.81893e-12,-0.00489394,0.0365708,-0.00172434,-0.00117045,-0.000270134,2.24653e-06,0,0,0.244003,-0.000139005,0.33957,-0.00309774,-0.0285291,-0.000851217,-0.00088778,0,0,-5.20417e-12,0.0612642,0.000915681,-0.0388272,-0.00371984,0.00328174,-0.000112241,0,0,0.00344502,-0.0721122,-0.00311245,0.613653,0.0184827,0.0552375,-0.00219539,0,0,2.08031e-12,0.0282087,-0.00989707,-0.0391482,0.032229,0.000189952,0.000197699,0,0,-0.285359,0.0305764,-0.285012,0.185028,0.301309,-0.0363974,0.0399049,0,0,5.55112e-11,0.0419715,-0.00705364,0.0335778,0.0112215,-0.0737095,0.0024389,0,0,-0.0353532,-0.239951,-0.00854661,0.552256,-0.0363517,0.395745,-0.00450258,0,0,-3.46945e-12,-0.00325044,0.001847,0.00429037,-0.00184042,0.00325176,-5.32013e-05,0,0,-0.0120116,-0.00385319,-0.00890776,-0.0219928,0.0399341,-0.00450997,0.0651395,0,0,0,0,0,0,0,-1.20024e-12,0,0,0,0,0,0,0,0,0,0,0.905991,3.9698e-09,0,-1.20024e-12,0,0,0,0,0,0,0,0,0,0,0,0,0,0,3.9698e-09,0.905991,
-1.73472e-12,0.00673053,-0.0151431,-0.00144661,0.00234931,-9.31709e-05,2.0122e-05,0,0,0.347413,-0.00870992,0.243737,0.00344948,-0.0285795,-0.00353525,-0.00120265,0,0,6.93889e-12,0.0752839,-0.00441629,0.0440397,0.00262372,0.00094291,-3.27675e-05,0,0,-0.00870682,0.619817,-0.000197669,-0.0714446,0.00308818,-0.0239825,-0.000388241,0,0,-2.1684e-13,-0.00489431,0.0366072,-0.00172182,-0.00117083,-0.000270248,2.23839e-06,0,0,0.243944,-0.000138726,0.33966,-0.00310081,-0.0285219,-0.00085115,-0.000888109,0,0,-1.21431e-11,0.0612446,0.000917524,-0.0388058,-0.00371993,0.00328157,-0.00011227,0,0,0.00344805,-0.0721234,-0.00311557,0.613644,0.0184858,0.0552418,-0.00219515,0,0,-3.06897e-11,0.0282044,-0.00989183,-0.0391422,0.0322379,0.000192839,0.000198057,0,0,-0.285162,0.0305756,-0.28494,0.18506,0.301301,-0.0364067,0.0399,0,0,-1.38778e-11,0.041987,-0.00705694,0.0335349,0.0112234,-0.0736946,0.00243893,0,0,-0.035366,-0.23988,-0.00854588,0.5523,-0.036361,0.395743,-0.0045031,0,0,0,-0.00325082,0.00184762,0.00429136,-0.00184017,0.00325178,-5.31872e-05,0,0,-0.012027,-0.00385527,-0.00891108,-0.0219904,0.0399293,-0.00451049,0.0651402,0,0,0,0,0,0,0,0,0,0,0,0,0,0,0,0,0,0,0.905991,3.95269e-09,0,0,0,0,0,0,0,0,0,0,0,0,0,0,0,0,3.95149e-09,0.905991,
-8.67362e-13,0.00672897,-0.0151548,-0.00144475,0.00234888,-9.30866e-05,2.01521e-05,0,0,0.347513,-0.00871552,0.243677,0.0034525,-0.0285599,-0.00353653,-0.00120419,0,0,0,0.0752942,-0.00441614,0.0440148,0.00262293,0.000943275,-3.27883e-05,0,0,-0.00871241,0.619837,-0.000197473,-0.0714554,0.00308813,-0.0239753,-0.000388451,0,0,2.1684e-13,-0.00489467,0.0366436,-0.00171931,-0.0011712,-0.000270361,2.23021e-06,0,0,0.243885,-0.000138446,0.339749,-0.0031039,-0.0285147,-0.00085108,-0.000888439,0,0,0,0.0612249,0.000919368,-0.0387843,-0.00372002,0.0032814,-0.000112299,0,0,0.00345107,-0.0721345,-0.00311871,0.613635,0.0184889,0.055246,-0.0021949,0,0,-4.77727e-12,0.0282002,-0.00988654,-0.0391362,0.0322468,0.000195723,0.000198416,0,0,-0.284965,0.0305749,-0.284867,0.185091,0.301293,-0.036416,0.0398951,0,0,1.38778e-11,0.0420024,-0.00706023,0.0334919,0.0112253,-0.0736796,0.00243897,0,0,-0.0353788,-0.239808,-0.00854513,0.552343,-0.0363703,0.395741,-0.00450362,0,0,0,-0.0032512,0.00184824,0.00429234,-0.00183991,0.00325181,-5.31728e-05,0,0,-0.0120424,-0.00385734,-0.0089144,-0.021988,0.0399244,-0.00451102,0.0651408,0,0,0,0,0,0,0,0,0,0,0,0,0,0,0,0,0,0,0.905991,4.02441e-09,0,0,-1.20024e-12,1.20024e-12,0,0,0,0,0,0,0,0,0,0,0,0,4.02321e-09,0.905991,
-8.67362e-13,0.0067274,-0.0151665,-0.00144289,0.00234844,-9.30022e-05,2.01821e-05,0,0,0.347613,-0.00872111,0.243618,0.00345551,-0.0285401,-0.00353781,-0.00120573,0,0,0,0.0753045,-0.00441598,0.0439899,0.00262215,0.00094364,-3.2809e-05,0,0,-0.008718,0.619857,-0.000197276,-0.0714662,0.00308808,-0.0239681,-0.000388662,0,0,3.46945e-12,-0.00489503,0.03668,-0.00171679,-0.00117157,-0.000270474,2.22202e-06,0,0,0.243825,-0.000138167,0.339839,-0.00310699,-0.0285074,-0.000851007,-0.000888768,0,0,-6.93889e-12,0.0612052,0.000921211,-0.0387628,-0.0037201,0.00328122,-0.000112328,0,0,0.00345407,-0.0721457,-0.00312184,0.613626,0.018492,0.0552503,-0.00219466,0,0,1.00289e-12,0.028196,-0.0098812,-0.0391303,0.0322555,0.000198602,0.000198775,0,0,-0.284767,0.0305741,-0.284794,0.185122,0.301286,-0.0364253,0.0398902,0,0,6.93889e-12,0.0420179,-0.00706352,0.0334489,0.0112272,-0.0736647,0.00243901,0,0,-0.0353915,-0.239737,-0.00854435,0.552386,-0.0363796,0.395738,-0.00450414,0,0,0,-0.00325158,0.00184885,0.00429332,-0.00183964,0.00325183,-5.31581e-05,0,0,-0.0120578,-0.00385942,-0.00891773,-0.0219856,0.0399195,-0.00451155,0.0651415,0,0,0,1.20024e-12,0,0,0,0,1.20024e-12,0,0,0,0,0,0,0,0,0,0.905991,4.18884e-09,0,-2.40048e-12,0,-1.20024e-12,-1.20024e-12,-1.20024e-12,-1.20024e-12,0,0,0,0,0,0,0,0,0,4.18794e-09,0.905991,
0,0.00672583,-0.0151782,-0.00144104,0.002348,-9.29178e-05,2.02121e-05,0,0,0.347713,-0.0087267,0.243558,0.00345851,-0.0285204,-0.00353908,-0.00120728,0,0,-6.93889e-12,0.0753148,-0.00441582,0.043965,0.00262136,0.000944007,-3.28298e-05,0,0,-0.00872359,0.619878,-0.00019708,-0.071477,0.00308803,-0.023961,-0.000388873,0,0,-1.95156e-12,-0.00489539,0.0367164,-0.00171427,-0.00117194,-0.000270587,2.21379e-06,0,0,0.243766,-0.000137889,0.339929,-0.00311008,-0.0285001,-0.000850932,-0.000889099,0,0,-6.93889e-12,0.0611855,0.000923054,-0.0387413,-0.00372019,0.00328105,-0.000112357,0,0,0.00345707,-0.0721569,-0.00312499,0.613617,0.0184951,0.0552546,-0.00219441,0,0,-8.86335e-12,0.0281917,-0.00987581,-0.0391243,0.0322643,0.000201476,0.000199134,0,0,-0.284569,0.0305733,-0.284721,0.185153,0.301278,-0.0364346,0.0398853,0,0,6.93889e-12,0.0420334,-0.0070668,0.0334058,0.0112291,-0.0736497,0.00243905,0,0,-0.0354041,-0.239665,-0.00854353,0.552429,-0.0363889,0.395736,-0.00450467,0,0,-3.46945e-12,-0.00325195,0.00184946,0.00429431,-0.00183937,0.00325186,-5.31431e-05,0,0,-0.0120733,-0.0038615,-0.00892106,-0.0219832,0.0399146,-0.00451207,0.0651422,0,0,0,0,0,0,0,0,0,0,0,0,0,0,0,0,0,0,0.905991,-4.4637e-09,0,0,0,0,0,0,0,0,0,0,0,0,0,0,0,0,-4.4637e-09,0.905991,
8.67362e-13,0.00672426,-0.0151898,-0.00143918,0.00234755,-9.28331e-05,2.0242e-05,0,0,0.347813,-0.00873228,0.243499,0.00346149,-0.0285006,-0.00354034,-0.00120883,0,0,-2.08167e-11,0.0753252,-0.00441566,0.04394,0.00262057,0.000944374,-3.28507e-05,0,0,-0.00872918,0.619898,-0.000196883,-0.0714878,0.00308798,-0.0239538,-0.000389084,0,0,-4.98733e-12,-0.00489574,0.0367529,-0.00171176,-0.00117231,-0.000270698,2.20553e-06,0,0,0.243707,-0.00013761,0.340019,-0.00311319,-0.0284929,-0.000850853,-0.000889429,0,0,2.08167e-11,0.0611658,0.000924896,-0.0387197,-0.00372027,0.00328087,-0.000112386,0,0,0.00346005,-0.0721681,-0.00312814,0.613608,0.0184982,0.0552588,-0.00219417,0,0,-2.67391e-11,0.0281875,-0.00987037,-0.0391183,0.0322729,0.000204344,0.000199494,0,0,-0.28437,0.0305726,-0.284648,0.185185,0.30127,-0.0364439,0.0398803,0,0,-3.46945e-11,0.042049,-0.00707007,0.0333627,0.011231,-0.0736347,0.00243909,0,0,-0.0354166,-0.239594,-0.00854269,0.552472,-0.0363982,0.395734,-0.00450519,0,0,0,-0.00325233,0.00185007,0.00429529,-0.0018391,0.00325188,-5.31276e-05,0,0,-0.0120887,-0.00386359,-0.00892439,-0.0219808,0.0399097,-0.0045126,0.0651428,0,0,0,0,1.20024e-12,0,-1.20024e-12,0,0,0,0,0,0,0,0,0,0,0,0.905991,-4.60172e-09,0,0,0,0,0,0,0,0,0,0,0,0,0,0,0,0,-4.60202e-09,0.905991,
3.46945e-12,0.00672268,-0.0152015,-0.00143733,0.00234709,-9.27483e-05,2.02719e-05,0,0,0.347914,-0.00873787,0.243439,0.00346446,-0.0284808,-0.00354159,-0.00121038,0,0,-1.38778e-11,0.0753355,-0.00441549,0.0439151,0.00261978,0.000944741,-3.28715e-05,0,0,-0.00873476,0.619918,-0.000196687,-0.0714986,0.00308793,-0.0239466,-0.000389295,0,0,-7.58942e-12,-0.00489609,0.0367893,-0.00170924,-0.00117267,-0.000270809,2.19724e-06,0,0,0.243647,-0.000137331,0.340109,-0.0031163,-0.0284856,-0.000850772,-0.00088976,0,0,0,0.061146,0.000926739,-0.0386982,-0.00372035,0.0032807,-0.000112415,0,0,0.00346302,-0.0721794,-0.00313129,0.613599,0.0185013,0.0552631,-0.00219392,0,0,1.14112e-11,0.0281832,-0.00986487,-0.0391123,0.0322815,0.000207206,0.000199854,0,0,-0.284172,0.0305719,-0.284575,0.185216,0.301263,-0.0364532,0.0398753,0,0,-3.46945e-11,0.0420645,-0.00707333,0.0333195,0.0112329,-0.0736198,0.00243913,0,0,-0.035429,-0.239522,-0.00854182,0.552515,-0.0364075,0.395732,-0.00450572,0,0,0,-0.0032527,0.00185068,0.00429627,-0.00183881,0.00325191,-5.31118e-05,0,0,-0.0121042,-0.00386567,-0.00892773,-0.0219784,0.0399048,-0.00451313,0.0651435,0,0,0,-1.20024e-12,-1.20024e-12,1.20024e-12,1.20024e-12,0,-1.20024e-12,5.76116e-11,0,0,0,0,0,0,0,0,0.905991,-4.58822e-09,0,1.20024e-12,1.20024e-12,-1.20024e-12,-1.20024e-12,0,1.20024e-12,0,0,0,0,0,0,0,0,0,-4.58792e-09,0.905991,
5.20417e-12,0.0067211,-0.0152131,-0.00143547,0.00234663,-9.26632e-05,2.03018e-05,0,0,0.348014,-0.00874345,0.243379,0.00346742,-0.0284609,-0.00354283,-0.00121193,0,0,1.38778e-11,0.0753458,-0.00441533,0.0438901,0.00261899,0.00094511,-3.28924e-05,0,0,-0.00874035,0.619938,-0.00019649,-0.0715094,0.00308788,-0.0239394,-0.000389507,0,0,-1.0842e-11,-0.00489643,0.0368258,-0.00170672,-0.00117303,-0.000270919,2.18893e-06,0,0,0.243588,-0.000137053,0.340199,-0.00311941,-0.0284783,-0.000850688,-0.000890091,0,0,-1.73472e-12,0.0611262,0.000928581,-0.0386766,-0.00372042,0.00328052,-0.000112445,0,0,0.00346598,-0.0721906,-0.00313445,0.61359,0.0185044,0.0552674,-0.00219368,0,0,1.95156e-12,0.0281789,-0.00985933,-0.0391062,0.03229,0.000210061,0.000200214,0,0,-0.283972,0.0305711,-0.284501,0.185247,0.301255,-0.0364624,0.0398704,0,0,6.93889e-12,0.0420801,-0.00707658,0.0332762,0.0112347,-0.0736048,0.00243916,0,0,-0.0354414,-0.23945,-0.00854092,0.552559,-0.0364168,0.39573,-0.00450625,0,0,-3.46945e-12,-0.00325308,0.00185128,0.00429726,-0.00183853,0.00325194,-5.30956e-05,0,0,-0.0121197,-0.00386776,-0.00893107,-0.0219759,0.0398999,-0.00451366,0.0651442,0,0,0,0,0,0,0,0,0,0,0,0,0,0,0,0,0,0,0.905991,-4.43939e-09,0,0,0,-1.20024e-12,0,0,0,0,0,0,0,0,0,0,0,0,-4.43939e-09,0.905991,
8.67362e-13,0.00671952,-0.0152248,-0.00143362,0.00234616,-9.25778e-05,2.03316e-05,0,0,0.348115,-0.00874903,0.243319,0.00347037,-0.028441,-0.00354407,-0.00121349,0,0,-2.77556e-11,0.0753561,-0.00441516,0.0438651,0.0026182,0.000945479,-3.29133e-05,0,0,-0.00874593,0.619958,-0.000196294,-0.0715202,0.00308784,-0.0239322,-0.000389719,0,0,-3.68629e-12,-0.00489677,0.0368622,-0.0017042,-0.00117339,-0.000271029,2.18057e-06,0,0,0.243528,-0.000136774,0.340289,-0.00312254,-0.028471,-0.000850601,-0.000890423,0,0,5.20417e-12,0.0611064,0.000930423,-0.038655,-0.00372049,0.00328035,-0.000112474,0,0,0.00346893,-0.0722018,-0.00313762,0.613581,0.0185076,0.0552717,-0.00219343,0,0,3.30682e-12,0.0281746,-0.00985374,-0.0391002,0.0322985,0.000212909,0.000200575,0,0,-0.283773,0.0305704,-0.284428,0.185279,0.301248,-0.0364717,0.0398654,0,0,-5.55112e-11,0.0420957,-0.00707982,0.0332328,0.0112366,-0.0735898,0.0024392,0,0,-0.0354537,-0.239378,-0.00853999,0.552602,-0.0364261,0.395728,-0.00450677,0,0,0,-0.00325345,0.00185188,0.00429824,-0.00183824,0.00325196,-5.3079e-05,0,0,-0.0121352,-0.00386985,-0.00893441,-0.0219735,0.0398949,-0.0045142,0.0651448,0,0,0,0,0,0,0,0,0,1.20024e-12,0,0,0,0,0,0,0,0,0.905991,4.19634e-09,0,0,0,0,0,0,0,0,0,0,0,0,0,0,0,0,4.19604e-09,0.905991,
2.60209e-12,0.00671793,-0.0152364,-0.00143176,0.00234568,-9.24921e-05,2.03614e-05,0,0,0.348215,-0.00875461,0.243259,0.0034733,-0.0284211,-0.0035453,-0.00121504,0,0,1.38778e-11,0.0753664,-0.00441498,0.0438401,0.00261741,0.000945849,-3.29342e-05,0,0,-0.00875151,0.619978,-0.000196097,-0.0715311,0.00308779,-0.023925,-0.000389931,0,0,-8.0231e-12,-0.00489711,0.0368987,-0.00170168,-0.00117375,-0.000271137,2.17218e-06,0,0,0.243468,-0.000136496,0.340379,-0.00312567,-0.0284637,-0.000850511,-0.000890755,0,0,1.21431e-11,0.0610866,0.000932264,-0.0386333,-0.00372056,0.00328017,-0.000112503,0,0,0.00347186,-0.0722131,-0.00314079,0.613572,0.0185107,0.0552759,-0.00219318,0,0,-1.14112e-11,0.0281703,-0.00984809,-0.0390942,0.0323069,0.00021575,0.000200937,0,0,-0.283573,0.0305697,-0.284355,0.18531,0.301241,-0.036481,0.0398604,0,0,-2.77556e-11,0.0421114,-0.00708306,0.0331894,0.0112384,-0.0735748,0.00243924,0,0,-0.0354659,-0.239307,-0.00853903,0.552645,-0.0364354,0.395726,-0.0045073,0,0,3.46945e-12,-0.00325382,0.00185247,0.00429922,-0.00183794,0.00325199,-5.30619e-05,0,0,-0.0121508,-0.00387195,-0.00893776,-0.021971,0.0398899,-0.00451473,0.0651455,0,0,0,0,0,0,0,0,0,0,0,0,0,0,0,0,0,0,0.905991,4.09612e-09,0,0,0,0,0,0,0,0,0,0,0,0,0,0,0,0,4.09672e-09,0.905991,
3.46945e-12,0.00671633,-0.015248,-0.0014299,0.00234519,-9.24061e-05,2.03912e-05,0,0,0.348316,-0.00876019,0.243199,0.00347623,-0.0284011,-0.00354651,-0.0012166,0,0,6.93889e-12,0.0753767,-0.00441481,0.0438151,0.00261662,0.000946219,-3.29552e-05,0,0,-0.00875708,0.619998,-0.000195901,-0.0715419,0.00308775,-0.0239178,-0.000390143,0,0,-6.72205e-12,-0.00489744,0.0369351,-0.00169916,-0.0011741,-0.000271245,2.16376e-06,0,0,0.243409,-0.000136218,0.34047,-0.00312881,-0.0284564,-0.000850418,-0.000891087,0,0,2.08167e-11,0.0610667,0.000934106,-0.0386117,-0.00372063,0.00328,-0.000112532,0,0,0.00347479,-0.0722243,-0.00314397,0.613563,0.0185138,0.0552802,-0.00219293,0,0,-1.76183e-12,0.0281659,-0.0098424,-0.0390881,0.0323152,0.000218584,0.000201299,0,0,-0.283373,0.030569,-0.284281,0.185342,0.301233,-0.0364903,0.0398553,0,0,4.16334e-11,0.042127,-0.00708629,0.0331459,0.0112402,-0.0735599,0.00243928,0,0,-0.035478,-0.239235,-0.00853804,0.552688,-0.0364446,0.395724,-0.00450784,0,0,3.46945e-12,-0.00325419,0.00185307,0.0043002,-0.00183764,0.00325202,-5.30445e-05,0,0,-0.0121664,-0.00387404,-0.00894111,-0.0219686,0.039885,-0.00451527,0.0651462,0,0,0,0,0,-1.20024e-12,0,0,0,0,0,0,0,0,0,0,0,0,0.905991,4.10482e-09,0,0,0,0,0,0,0,0,0,0,0,0,0,0,0,0,4.10542e-09,0.905991,
-6.07153e-12,0.00671474,-0.0152596,-0.00142804,0.0023447,-9.23199e-05,2.04209e-05,0,0,0.348417,-0.00876577,0.243139,0.00347914,-0.0283811,-0.00354772,-0.00121816,0,0,-6.93889e-12,0.0753869,-0.00441463,0.04379,0.00261582,0.000946591,-3.29762e-05,0,0,-0.00876266,0.620018,-0.000195704,-0.0715528,0.0030877,-0.0239106,-0.000390356,0,0,1.92988e-11,-0.00489777,0.0369716,-0.00169663,-0.00117445,-0.000271352,2.15531e-06,0,0,0.243349,-0.00013594,0.34056,-0.00313195,-0.0284491,-0.000850322,-0.000891419,0,0,8.67362e-12,0.0610468,0.000935947,-0.03859,-0.00372069,0.00327982,-0.000112561,0,0,0.0034777,-0.0722356,-0.00314716,0.613554,0.0185169,0.0552845,-0.00219269,0,0,1.21973e-11,0.0281616,-0.00983665,-0.0390821,0.0323234,0.00022141,0.000201661,0,0,-0.283172,0.0305683,-0.284208,0.185373,0.301226,-0.0364995,0.0398503,0,0,2.08167e-11,0.0421427,-0.0070895,0.0331024,0.011242,-0.0735449,0.00243932,0,0,-0.03549,-0.239162,-0.00853702,0.552731,-0.0364539,0.395722,-0.00450837,0,0,3.46945e-12,-0.00325456,0.00185366,0.00430118,-0.00183733,0.00325205,-5.30266e-05,0,0,-0.012182,-0.00387614,-0.00894446,-0.0219661,0.03988,-0.0045158,0.0651468,0,0,0,0,-1.20024e-12,0,1.20024e-12,0,-1.20024e-12,0,0,0,0,0,0,0,0,0,0.905991,4.21405e-09,0,0,0,0,0,0,0,0,0,0,0,0,0,0,0,0,4.21375e-09,0.905991,
-8.67362e-13,0.00671314,-0.0152712,-0.00142618,0.0023442,-9.22333e-05,2.04506e-05,0,0,0.348518,-0.00877134,0.243078,0.00348203,-0.0283611,-0.00354893,-0.00121973,0,0,6.93889e-12,0.0753972,-0.00441445,0.0437649,0.00261503,0.000946963,-3.29972e-05,0,0,-0.00876823,0.620038,-0.000195508,-0.0715636,0.00308766,-0.0239033,-0.000390569,0,0,4.33681e-12,-0.0048981,0.0370081,-0.00169411,-0.0011748,-0.000271458,2.14682e-06,0,0,0.243289,-0.000135662,0.340651,-0.0031351,-0.0284418,-0.000850223,-0.000891752,0,0,0,0.0610269,0.000937788,-0.0385683,-0.00372076,0.00327964,-0.00011259,0,0,0.0034806,-0.0722469,-0.00315035,0.613545,0.0185201,0.0552887,-0.00219244,0,0,9.73071e-12,0.0281572,-0.00983085,-0.039076,0.0323316,0.000224228,0.000202024,0,0,-0.282971,0.0305676,-0.284134,0.185405,0.301219,-0.0365088,0.0398453,0,0,1.38778e-11,0.0421584,-0.00709271,0.0330588,0.0112438,-0.0735299,0.00243935,0,0,-0.0355019,-0.23909,-0.00853596,0.552775,-0.0364632,0.39572,-0.0045089,0,0,0,-0.00325493,0.00185424,0.00430217,-0.00183702,0.00325207,-5.30083e-05,0,0,-0.0121976,-0.00387824,-0.00894782,-0.0219637,0.039875,-0.00451634,0.0651475,0,0,0,0,0,0,0,0,0,0,0,0,0,0,0,0,0,0,0.905991,-4.43159e-09,0,0,0,0,0,0,0,0,0,0,0,0,0,0,0,0,-4.43189e-09,0.905991,
1.73472e-12,0.00671153,-0.0152828,-0.00142432,0.00234369,-9.21465e-05,2.04803e-05,0,0,0.348619,-0.00877691,0.243018,0.00348492,-0.028341,-0.00355012,-0.0012213,0,0,0,0.0754075,-0.00441427,0.0437398,0.00261423,0.000947335,-3.30183e-05,0,0,-0.0087738,0.620059,-0.000195312,-0.0715745,0.00308762,-0.0238961,-0.000390782,0,0,-4.77049e-12,-0.00489842,0.0370446,-0.00169158,-0.00117515,-0.000271564,2.13829e-06,0,0,0.243228,-0.000135384,0.340741,-0.00313826,-0.0284344,-0.000850121,-0.000892086,0,0,2.60209e-11,0.0610069,0.000939629,-0.0385466,-0.00372081,0.00327947,-0.000112619,0,0,0.00348349,-0.0722582,-0.00315355,0.613536,0.0185232,0.055293,-0.00219219,0,0,-1.02457e-11,0.0281529,-0.009825,-0.03907,0.0323397,0.000227039,0.000202387,0,0,-0.28277,0.030567,-0.28406,0.185436,0.301212,-0.0365181,0.0398402,0,0,-3.46945e-11,0.0421742,-0.00709592,0.0330151,0.0112456,-0.0735149,0.00243939,0,0,-0.0355138,-0.239018,-0.00853488,0.552818,-0.0364725,0.395718,-0.00450944,0,0,3.46945e-12,-0.0032553,0.00185482,0.00430315,-0.0018367,0.0032521,-5.29895e-05,0,0,-0.0122132,-0.00388035,-0.00895118,-0.0219612,0.0398699,-0.00451688,0.0651482,0,0,0,0,0,0,0,0,0,0,0,0,0,0,0,0,0,0,0.905991,-4.51201e-09,0,-1.20024e-12,0,-1.20024e-12,0,1.20024e-12,0,0,0,0,0,0,0,0,0,0,-4.51141e-09,0.905991,
1.73472e-12,0.00670992,-0.0152944,-0.00142246,0.00234318,-9.20594e-05,2.05099e-05,0,0,0.34872,-0.00878249,0.242958,0.00348779,-0.0283209,-0.00355131,-0.00122286,0,0,0,0.0754177,-0.00441408,0.0437147,0.00261343,0.000947709,-3.30393e-05,0,0,-0.00877937,0.620079,-0.000195116,-0.0715854,0.00308758,-0.0238888,-0.000390995,0,0,-4.55365e-12,-0.00489874,0.0370811,-0.00168905,-0.00117549,-0.000271668,2.12973e-06,0,0,0.243168,-0.000135107,0.340832,-0.00314142,-0.0284271,-0.000850016,-0.00089242,0,0,3.46945e-12,0.060987,0.000941469,-0.0385248,-0.00372087,0.00327929,-0.000112649,0,0,0.00348637,-0.0722695,-0.00315675,0.613527,0.0185264,0.0552973,-0.00219194,0,0,6.50521e-12,0.0281485,-0.0098191,-0.0390639,0.0323478,0.000229842,0.000202751,0,0,-0.282568,0.0305663,-0.283987,0.185468,0.301205,-0.0365273,0.0398351,0,0,-8.32667e-11,0.0421899,-0.00709911,0.0329714,0.0112474,-0.0734999,0.00243943,0,0,-0.0355255,-0.238946,-0.00853376,0.552861,-0.0364817,0.395716,-0.00450997,0,0,0,-0.00325567,0.0018554,0.00430413,-0.00183638,0.00325213,-5.29704e-05,0,0,-0.0122289,-0.00388245,-0.00895455,-0.0219587,0.0398649,-0.00451742,0.0651489,0,0,0,0,0,0,0,0,0,0,0,0,0,0,0,0,0,0,0.905991,-4.45139e-09,0,1.20024e-12,-1.20024e-12,0,1.20024e-12,-1.20024e-12,0,0,0,0,0,0,0,0,0,0,-4.45139e-09,0.905991,
-2.60209e-12,0.0067083,-0.015306,-0.00142061,0.00234266,-9.20039e-05,2.05406e-05,0,0,0.348821,-0.00878805,0.242897,0.00349065,-0.0283007,-0.00355248,-0.00122443,0,0,-6.93889e-12,0.075428,-0.0044139,0.0436896,0.00261264,0.000948085,-3.30605e-05,0,0,-0.00878494,0.620099,-0.00019492,-0.0715963,0.00308754,-0.0238816,-0.000391209,0,0,3.46945e-12,-0.00489905,0.0371176,-0.00168655,-0.00117584,-0.000271794,2.12183e-06,0,0,0.243108,-0.000134829,0.340923,-0.00314459,-0.0284197,-0.000849908,-0.000892754,0,0,2.08167e-11,0.060967,0.000943309,-0.0385031,-0.00372094,0.00327911,-0.000112678,0,0,0.00348923,-0.0722808,-0.00315996,0.613518,0.0185295,0.0553016,-0.00219168,0,0,-3.42066e-11,0.0281441,-0.00981315,-0.0390578,0.0323558,0.000232691,0.000203115,0,0,-0.282366,0.0305657,-0.283913,0.1855,0.301198,-0.0365366,0.03983,0,0,6.93889e-12,0.0422057,-0.00710229,0.0329276,0.0112491,-0.0734849,0.00243947,0,0,-0.0355372,-0.238873,-0.00853262,0.552904,-0.036491,0.395714,-0.00451051,0,0,3.46945e-12,-0.00325603,0.00185598,0.00430511,-0.00183605,0.00325217,-5.29514e-05,0,0,-0.0122446,-0.00388456,-0.00895792,-0.0219563,0.0398598,-0.00451796,0.0651496,0,0,0,0,0,0,0,0,0,0,0,0,0,0,0,0,0,0,0.905991,4.27646e-09,0,0,0,0,0,0,0,0,0,0,0,0,0,0,0,0,4.27646e-09,0.905991,
-1.73472e-12,0.00670667,-0.0153176,-0.00141879,0.00234213,-9.19467e-05,2.05711e-05,0,0,0.348923,-0.00879362,0.242836,0.0034935,-0.0282805,-0.00355365,-0.00122601,0,0,-2.08167e-11,0.0754382,-0.00441371,0.0436644,0.00261184,0.000948462,-3.30818e-05,0,0,-0.0087905,0.620119,-0.000194724,-0.0716072,0.0030875,-0.0238743,-0.000391423,0,0,-1.0842e-12,-0.00489937,0.0371541,-0.00168408,-0.00117619,-0.000271918,2.1138e-06,0,0,0.243048,-0.000134552,0.341013,-0.00314777,-0.0284124,-0.000849797,-0.000893088,0,0,1.04083e-11,0.060947,0.000945147,-0.0384813,-0.00372101,0.00327893,-0.000112707,0,0,0.00349208,-0.0722921,-0.00316318,0.613509,0.0185326,0.0553058,-0.00219143,0,0,-1.96241e-11,0.0281397,-0.00980715,-0.0390518,0.0323637,0.000235561,0.000203478,0,0,-0.282164,0.030565,-0.283839,0.185531,0.301191,-0.0365459,0.0398249,0,0,-4.85723e-11,0.0422215,-0.00710547,0.0328837,0.0112509,-0.07347,0.00243952,0,0,-0.0355488,-0.238801,-0.00853143,0.552947,-0.0365003,0.395712,-0.00451105,0,0,0,-0.0032564,0.00185655,0.00430609,-0.00183572,0.0032522,-5.2933e-05,0,0,-0.0122603,-0.00388667,-0.00896129,-0.0219538,0.0398548,-0.0045185,0.0651502,0,0,0,2.40048e-12,0,0,0,0,0,0,0,0,0,0,0,0,0,0,0.905991,4.23655e-09,0,-2.40048e-12,0,0,0,0,0,0,0,0,0,0,0,0,0,0,4.23535e-09,0.905991,
1.73472e-12,0.00670504,-0.0153291,-0.00141697,0.00234159,-9.18806e-05,2.06012e-05,0,0,0.349024,-0.00879919,0.242776,0.00349633,-0.0282603,-0.00355481,-0.00122758,0,0,-6.93889e-12,0.0754484,-0.00441351,0.0436392,0.00261104,0.00094884,-3.31031e-05,0,0,-0.00879606,0.620139,-0.000194527,-0.0716181,0.00308746,-0.023867,-0.000391637,0,0,-2.81893e-12,-0.00489968,0.0371906,-0.00168162,-0.00117653,-0.000272037,2.10556e-06,0,0,0.242987,-0.000134274,0.341104,-0.00315096,-0.028405,-0.000849683,-0.000893423,0,0,3.46945e-12,0.0609269,0.000946985,-0.0384594,-0.00372108,0.00327875,-0.000112737,0,0,0.00349492,-0.0723035,-0.0031664,0.6135,0.0185358,0.0553101,-0.00219118,0,0,5.52943e-12,0.0281353,-0.0098011,-0.0390457,0.0323716,0.000238424,0.000203841,0,0,-0.281961,0.0305644,-0.283765,0.185563,0.301184,-0.0365551,0.0398198,0,0,-5.55112e-11,0.0422374,-0.00710865,0.0328398,0.0112527,-0.073455,0.00243956,0,0,-0.0355603,-0.238728,-0.00853022,0.552991,-0.0365095,0.39571,-0.00451159,0,0,0,-0.00325676,0.00185712,0.00430706,-0.00183539,0.00325224,-5.29145e-05,0,0,-0.012276,-0.00388878,-0.00896467,-0.0219513,0.0398497,-0.00451905,0.0651509,0,0,0,-2.40048e-12,0,0,0,0,0,-1.20024e-12,0,0,0,0,0,0,0,0,0.905991,-4.30857e-09,0,0,0,0,0,0,0,1.16423e-10,0,0,0,0,0,0,0,0,-4.30887e-09,0.905991,
-8.67362e-13,0.00670341,-0.0153407,-0.00141516,0.00234105,-9.18066e-05,2.06311e-05,0,0,0.349126,-0.00880475,0.242715,0.00349915,-0.02824,-0.00355596,-0.00122916,0,0,0,0.0754587,-0.00441332,0.043614,0.00261024,0.000949218,-3.31243e-05,0,0,-0.00880162,0.62016,-0.000194331,-0.0716291,0.00308743,-0.0238597,-0.000391851,0,0,5.85469e-12,-0.00489999,0.0372271,-0.00167915,-0.00117686,-0.000272149,2.09713e-06,0,0,0.242926,-0.000133997,0.341195,-0.00315415,-0.0283977,-0.000849565,-0.000893758,0,0,3.46945e-12,0.0609069,0.000948823,-0.0384376,-0.00372113,0.00327857,-0.000112766,0,0,0.00349775,-0.0723148,-0.00316963,0.61349,0.018539,0.0553144,-0.00219093,0,0,3.00324e-11,0.0281308,-0.009795,-0.0390396,0.0323794,0.000241268,0.000204205,0,0,-0.281758,0.0305638,-0.283691,0.185595,0.301178,-0.0365644,0.0398146,0,0,1.38778e-11,0.0422532,-0.00711181,0.0327958,0.0112545,-0.07344,0.0024396,0,0,-0.0355717,-0.238655,-0.00852896,0.553034,-0.0365188,0.395708,-0.00451213,0,0,-3.46945e-12,-0.00325713,0.00185768,0.00430804,-0.00183504,0.00325227,-5.28955e-05,0,0,-0.0122918,-0.0038909,-0.00896805,-0.0219488,0.0398446,-0.00451959,0.0651516,0,0,0,0,-2.40048e-12,-2.40048e-12,2.40048e-12,0,0,0,0,0,0,0,0,0,0,0,0.905991,4.25816e-09,0,0,0,0,0,0,0,0,0,0,0,0,0,0,0,0,4.25846e-09,0.905991,
0,0.00670178,-0.0153522,-0.00141334,0.0023405,-9.17268e-05,2.06607e-05,0,0,0.349227,-0.00881031,0.242654,0.00350195,-0.0282197,-0.00355711,-0.00123074,0,0,0,0.0754689,-0.00441312,0.0435888,0.00260944,0.000949595,-3.31456e-05,0,0,-0.00880718,0.62018,-0.000194134,-0.07164,0.00308739,-0.0238524,-0.000392066,0,0,-2.38524e-12,-0.00490029,0.0372637,-0.00167667,-0.0011772,-0.000272256,2.08856e-06,0,0,0.242866,-0.000133719,0.341287,-0.00315735,-0.0283903,-0.000849445,-0.000894094,0,0,5.20417e-12,0.0608868,0.000950661,-0.0384157,-0.00372118,0.00327839,-0.000112795,0,0,0.00350057,-0.0723262,-0.00317287,0.613481,0.0185421,0.0553187,-0.00219067,0,0,-4.98733e-12,0.0281264,-0.00978884,-0.0390335,0.0323872,0.000244088,0.00020457,0,0,-0.281554,0.0305631,-0.283617,0.185627,0.301171,-0.0365736,0.0398095,0,0,-6.93889e-11,0.0422691,-0.00711496,0.0327518,0.0112563,-0.073425,0.00243964,0,0,-0.035583,-0.238583,-0.00852767,0.553077,-0.036528,0.395706,-0.00451267,0,0,0,-0.00325749,0.00185825,0.00430901,-0.0018347,0.0032523,-5.28756e-05,0,0,-0.0123075,-0.00389302,-0.00897144,-0.0219463,0.0398395,-0.00452014,0.0651523,0,0,0,0,0,0,0,0,0,0,0,0,0,0,0,0,0,0,0.905991,-4.32447e-09,0,0,0,0,0,0,0,0,0,0,0,0,0,0,0,0,-4.32477e-09,0.905991,
1.73472e-12,0.00670014,-0.0153637,-0.0014115,0.00233994,-9.16431e-05,2.06903e-05,0,0,0.349329,-0.00881587,0.242593,0.00350475,-0.0281994,-0.00355824,-0.00123232,0,0,-6.93889e-12,0.0754791,-0.00441291,0.0435635,0.00260864,0.000949973,-3.31668e-05,0,0,-0.00881273,0.6202,-0.000193938,-0.0716509,0.00308736,-0.0238451,-0.000392281,0,0,-2.1684e-12,-0.0049006,0.0373002,-0.00167418,-0.00117753,-0.00027236,2.07988e-06,0,0,0.242805,-0.000133442,0.341378,-0.00316056,-0.0283829,-0.00084932,-0.00089443,0,0,0,0.0608667,0.000952499,-0.0383939,-0.00372123,0.00327821,-0.000112825,0,0,0.00350337,-0.0723375,-0.00317611,0.613472,0.0185453,0.0553229,-0.00219042,0,0,1.21973e-11,0.0281219,-0.00978264,-0.0390274,0.0323948,0.000246883,0.000204936,0,0,-0.28135,0.0305625,-0.283542,0.185658,0.301165,-0.0365828,0.0398043,0,0,9.02056e-11,0.042285,-0.0071181,0.0327077,0.011258,-0.07341,0.00243968,0,0,-0.0355942,-0.23851,-0.00852635,0.55312,-0.0365373,0.395704,-0.00451321,0,0,0,-0.00325785,0.00185881,0.00430999,-0.00183434,0.00325233,-5.2855e-05,0,0,-0.0123233,-0.00389514,-0.00897483,-0.0219438,0.0398344,-0.00452068,0.065153,0,0,0,0,3.60072e-12,-3.60072e-12,0,3.60072e-12,0,0,0,0,0,0,0,0,0,0,0.905991,4.26626e-09,0,0,1.20024e-12,-1.20024e-12,0,1.20024e-12,0,0,0,0,0,0,0,0,0,0,4.26716e-09,0.905991,
-8.67362e-13,0.0066985,-0.0153753,-0.00140966,0.00233937,-9.15565e-05,2.07197e-05,0,0,0.349431,-0.00882142,0.242532,0.00350753,-0.028179,-0.00355936,-0.00123391,0,0,0,0.0754893,-0.00441271,0.0435383,0.00260783,0.000950352,-3.31881e-05,0,0,-0.00881829,0.62022,-0.000193741,-0.0716619,0.00308732,-0.0238378,-0.000392496,0,0,-4.33681e-13,-0.00490089,0.0373367,-0.00167167,-0.00117786,-0.000272461,2.0711e-06,0,0,0.242744,-0.000133165,0.341469,-0.00316378,-0.0283755,-0.000849192,-0.000894767,0,0,3.46945e-12,0.0608465,0.000954337,-0.038372,-0.00372127,0.00327803,-0.000112854,0,0,0.00350616,-0.0723489,-0.00317936,0.613463,0.0185484,0.0553272,-0.00219017,0,0,-5.96311e-12,0.0281175,-0.00977638,-0.0390213,0.0324024,0.000249656,0.000205303,0,0,-0.281146,0.0305619,-0.283468,0.18569,0.301158,-0.0365921,0.0397991,0,0,0,0.0423009,-0.00712123,0.0326635,0.0112597,-0.0733949,0.00243972,0,0,-0.0356054,-0.238437,-0.00852499,0.553164,-0.0365466,0.395702,-0.00451376,0,0,0,-0.00325821,0.00185936,0.00431097,-0.00183399,0.00325236,-5.28335e-05,0,0,-0.0123392,-0.00389726,-0.00897822,-0.0219413,0.0398292,-0.00452123,0.0651537,0,0,0,0,0,0,0,0,0,0,0,0,0,0,0,0,0,0,0.905991,-4.32807e-09,0,0,0,0,0,0,0,-1.15223e-10,0,0,0,0,0,0,0,0,-4.32717e-09,0.905991,
-8.67362e-13,0.00669686,-0.0153868,-0.00140782,0.0023388,-9.14678e-05,2.07491e-05,0,0,0.349533,-0.00882698,0.24247,0.00351029,-0.0281586,-0.00356048,-0.0012355,0,0,2.08167e-11,0.0754995,-0.0044125,0.043513,0.00260703,0.000950731,-3.32094e-05,0,0,-0.00882384,0.620241,-0.000193543,-0.0716729,0.00308729,-0.0238305,-0.000392711,0,0,4.98733e-12,-0.00490119,0.0373733,-0.00166915,-0.00117819,-0.000272559,2.06225e-06,0,0,0.242683,-0.000132888,0.341561,-0.003167,-0.0283681,-0.00084906,-0.000895104,0,0,-2.25514e-11,0.0608263,0.000956176,-0.03835,-0.0037213,0.00327786,-0.000112883,0,0,0.00350894,-0.0723603,-0.00318262,0.613454,0.0185516,0.0553315,-0.00218991,0,0,2.50451e-11,0.028113,-0.00977006,-0.0390152,0.03241,0.000252408,0.000205671,0,0,-0.280941,0.0305614,-0.283394,0.185722,0.301152,-0.0366013,0.0397939,0,0,9.71445e-11,0.0423169,-0.00712436,0.0326193,0.0112614,-0.0733799,0.00243975,0,0,-0.0356164,-0.238364,-0.00852359,0.553207,-0.0365558,0.3957,-0.0045143,0,0,-3.46945e-12,-0.00325857,0.00185991,0.00431195,-0.00183362,0.00325239,-5.28112e-05,0,0,-0.012355,-0.00389938,-0.00898162,-0.0219388,0.0398241,-0.00452178,0.0651543,0,0,0,0,0,0,0,0,0,0,0,0,0,0,0,0,0,0,0.905991,4.26416e-09,0,0,-1.20024e-12,0,-1.20024e-12,0,1.20024e-12,0,0,0,0,0,0,0,0,0,4.26476e-09,0.905991,
8.67362e-13,0.00669521,-0.0153983,-0.00140596,0.00233822,-9.13777e-05,2.07784e-05,0,0,0.349635,-0.00883253,0.242409,0.00351304,-0.0281382,-0.00356158,-0.00123708,0,0,0,0.0755097,-0.00441229,0.0434877,0.00260622,0.00095111,-3.32307e-05,0,0,-0.00882938,0.620261,-0.000193346,-0.0716838,0.00308726,-0.0238232,-0.000392927,0,0,8.67362e-13,-0.00490147,0.0374099,-0.00166663,-0.00117851,-0.000272656,2.05333e-06,0,0,0.242622,-0.000132611,0.341652,-0.00317023,-0.0283607,-0.000848925,-0.000895441,0,0,0,0.0608061,0.000958014,-0.0383281,-0.00372133,0.00327768,-0.000112913,0,0,0.0035117,-0.0723717,-0.00318588,0.613445,0.0185548,0.0553357,-0.00218966,0,0,1.74014e-11,0.0281085,-0.0097637,-0.039009,0.0324174,0.000255141,0.000206039,0,0,-0.280736,0.0305608,-0.283319,0.185754,0.301146,-0.0366106,0.0397887,0,0,4.16334e-11,0.0423329,-0.00712747,0.032575,0.011263,-0.0733649,0.00243979,0,0,-0.0356273,-0.238291,-0.00852215,0.55325,-0.036565,0.395698,-0.00451485,0,0,0,-0.00325893,0.00186046,0.00431293,-0.00183325,0.00325242,-5.27881e-05,0,0,-0.0123709,-0.00390151,-0.00898502,-0.0219363,0.0398189,-0.00452233,0.065155,0,0,0,0,0,0,0,0,0,0,0,0,0,0,0,0,0,0,0.905991,-4.31877e-09,0,-1.20024e-12,1.20024e-12,0,0,0,1.20024e-12,0,0,0,0,0,0,0,0,0,-4.31877e-09,0.905991,
-2.60209e-12,0.00669356,-0.0154098,-0.0014041,0.00233763,-9.12865e-05,2.08076e-05,0,0,0.349737,-0.00883808,0.242348,0.00351578,-0.0281177,-0.00356268,-0.00123868,0,0,6.93889e-12,0.0755199,-0.00441208,0.0434623,0.00260541,0.00095149,-3.3252e-05,0,0,-0.00883493,0.620281,-0.000193149,-0.0716948,0.00308723,-0.0238158,-0.000393143,0,0,6.50521e-12,-0.00490176,0.0374464,-0.00166409,-0.00117883,-0.00027275,2.04436e-06,0,0,0.242561,-0.000132334,0.341744,-0.00317347,-0.0283533,-0.000848786,-0.000895779,0,0,-1.73472e-12,0.0607859,0.000959852,-0.0383061,-0.00372136,0.0032775,-0.000112942,0,0,0.00351446,-0.0723831,-0.00318915,0.613436,0.018558,0.05534,-0.0021894,0,0,-1.12757e-11,0.028104,-0.00975728,-0.0390028,0.0324248,0.000257859,0.000206408,0,0,-0.280531,0.0305602,-0.283245,0.185786,0.301139,-0.0366198,0.0397835,0,0,-1.38778e-11,0.0423489,-0.00713057,0.0325306,0.0112646,-0.0733499,0.00243982,0,0,-0.0356381,-0.238218,-0.00852068,0.553293,-0.0365743,0.395697,-0.0045154,0,0,0,-0.00325928,0.00186101,0.00431391,-0.00183288,0.00325246,-5.27644e-05,0,0,-0.0123868,-0.00390364,-0.00898843,-0.0219337,0.0398137,-0.00452289,0.0651557,0,0,0,0,0,0,0,0,0,0,0,0,0,0,0,0,0,0,0.905991,4.25185e-09,0,0,0,0,0,0,0,0,0,0,0,0,0,0,0,0,4.25155e-09,0.905991,
8.67362e-13,0.00669191,-0.0154212,-0.00140223,0.00233703,-9.11945e-05,2.08367e-05,0,0,0.349839,-0.00884363,0.242286,0.00351851,-0.0280972,-0.00356376,-0.00124027,0,0,-1.38778e-11,0.07553,-0.00441187,0.043437,0.0026046,0.000951871,-3.32734e-05,0,0,-0.00884047,0.620302,-0.000192951,-0.0717058,0.0030872,-0.0238085,-0.000393359,0,0,-4.55365e-12,-0.00490204,0.037483,-0.00166154,-0.00117915,-0.000272844,2.03533e-06,0,0,0.2425,-0.000132057,0.341835,-0.00317672,-0.0283459,-0.000848644,-0.000896118,0,0,6.93889e-12,0.0607657,0.00096169,-0.0382841,-0.00372138,0.00327732,-0.000112971,0,0,0.0035172,-0.0723945,-0.00319243,0.613427,0.0185611,0.0553443,-0.00218914,0,0,-9.21572e-12,0.0280995,-0.00975081,-0.0389967,0.0324321,0.000260562,0.000206777,0,0,-0.280325,0.0305596,-0.28317,0.185818,0.301133,-0.036629,0.0397783,0,0,-6.93889e-12,0.0423649,-0.00713366,0.0324862,0.0112662,-0.0733349,0.00243986,0,0,-0.0356489,-0.238144,-0.00851917,0.553336,-0.0365835,0.395695,-0.00451595,0,0,3.46945e-12,-0.00325964,0.00186155,0.00431489,-0.00183249,0.00325249,-5.274e-05,0,0,-0.0124027,-0.00390578,-0.00899184,-0.0219312,0.0398085,-0.00452344,0.0651564,0,0,0,1.20024e-12,0,1.20024e-12,1.20024e-12,0,0,0,0,0,0,0,0,0,0,0,0.905991,-4.30226e-09,0,0,0,0,0,0,0,0,0,0,0,0,0,0,0,0,-4.30196e-09,0.905991,
8.67362e-13,0.00669025,-0.0154327,-0.00140036,0.00233643,-9.11019e-05,2.08659e-05,0,0,0.349942,-0.00884918,0.242224,0.00352122,-0.0280766,-0.00356484,-0.00124187,0,0,-1.38778e-11,0.0755402,-0.00441166,0.0434116,0.00260379,0.000952252,-3.32947e-05,0,0,-0.00884602,0.620322,-0.000192754,-0.0717168,0.00308717,-0.0238011,-0.000393576,0,0,-4.98733e-12,-0.00490232,0.0375196,-0.001659,-0.00117947,-0.000272936,2.02626e-06,0,0,0.242438,-0.00013178,0.341927,-0.00317998,-0.0283385,-0.000848497,-0.000896456,0,0,2.42861e-11,0.0607454,0.000963527,-0.038262,-0.0037214,0.00327714,-0.000113001,0,0,0.00351992,-0.0724059,-0.00319571,0.613417,0.0185643,0.0553486,-0.00218888,0,0,-1.12757e-11,0.0280949,-0.00974429,-0.0389905,0.0324394,0.000263251,0.000207147,0,0,-0.280119,0.0305591,-0.283096,0.18585,0.301127,-0.0366382,0.039773,0,0,-1.04083e-10,0.042381,-0.00713674,0.0324417,0.0112678,-0.0733199,0.0024399,0,0,-0.0356595,-0.238071,-0.00851763,0.55338,-0.0365928,0.395693,-0.0045165,0,0,3.46945e-12,-0.00326,0.00186209,0.00431587,-0.00183211,0.00325253,-5.27151e-05,0,0,-0.0124186,-0.00390791,-0.00899526,-0.0219287,0.0398033,-0.00452399,0.0651571,0,0,0,0,0,0,0,0,0,0,0,0,0,0,0,0,0,0,0.905991,4.23145e-09,0,0,0,-2.40048e-12,0,0,-2.40048e-12,0,0,0,0,0,0,0,0,0,4.23175e-09,0.905991,
2.60209e-12,0.00668859,-0.0154442,-0.00139849,0.00233582,-9.10089e-05,2.0895e-05,0,0,0.350044,-0.00885472,0.242163,0.00352391,-0.0280561,-0.00356591,-0.00124346,0,0,-1.38778e-11,0.0755504,-0.00441144,0.0433862,0.00260298,0.000952634,-3.33161e-05,0,0,-0.00885156,0.620342,-0.000192557,-0.0717278,0.00308714,-0.0237938,-0.000393793,0,0,-3.68629e-12,-0.00490259,0.0375562,-0.00165644,-0.00117978,-0.000273027,2.01715e-06,0,0,0.242377,-0.000131504,0.342019,-0.00318324,-0.028331,-0.000848348,-0.000896796,0,0,1.73472e-12,0.0607251,0.000965365,-0.03824,-0.00372141,0.00327696,-0.00011303,0,0,0.00352264,-0.0724173,-0.00319901,0.613408,0.0185675,0.0553528,-0.00218863,0,0,2.33103e-11,0.0280904,-0.00973772,-0.0389843,0.0324466,0.000265928,0.000207518,0,0,-0.279913,0.0305586,-0.283021,0.185883,0.301121,-0.0366475,0.0397677,0,0,-4.85723e-11,0.042397,-0.00713981,0.0323971,0.0112694,-0.0733048,0.00243993,0,0,-0.0356701,-0.237998,-0.00851605,0.553423,-0.036602,0.395691,-0.00451705,0,0,0,-0.00326035,0.00186263,0.00431685,-0.00183171,0.00325256,-5.26896e-05,0,0,-0.0124346,-0.00391005,-0.00899868,-0.0219261,0.0397981,-0.00452455,0.0651578,0,0,0,2.40048e-12,0,2.40048e-12,0,0,0,0,0,0,0,0,0,0,0,0,0.905991,4.27766e-09,0,2.40048e-12,0,2.40048e-12,0,0,0,0,0,0,0,0,0,0,0,0,4.27796e-09,0.905991,
1.73472e-12,0.00668692,-0.0154556,-0.00139662,0.0023352,-9.09155e-05,2.0924e-05,0,0,0.350147,-0.00886027,0.242101,0.0035266,-0.0280354,-0.00356696,-0.00124507,0,0,6.93889e-12,0.0755605,-0.00441122,0.0433608,0.00260217,0.000953017,-3.33376e-05,0,0,-0.00885709,0.620363,-0.000192359,-0.0717388,0.00308711,-0.0237864,-0.00039401,0,0,-4.55365e-12,-0.00490286,0.0375928,-0.00165388,-0.00118009,-0.000273117,2.008e-06,0,0,0.242315,-0.000131227,0.342111,-0.00318651,-0.0283236,-0.000848194,-0.000897135,0,0,-5.20417e-12,0.0607048,0.000967203,-0.0382179,-0.00372142,0.00327678,-0.00011306,0,0,0.00352534,-0.0724288,-0.0032023,0.613399,0.0185707,0.0553571,-0.00218837,0,0,8.67362e-13,0.0280859,-0.00973109,-0.0389781,0.0324537,0.000268594,0.000207889,0,0,-0.279706,0.030558,-0.282946,0.185915,0.301115,-0.0366567,0.0397625,0,0,1.38778e-11,0.0424131,-0.00714287,0.0323525,0.011271,-0.0732898,0.00243997,0,0,-0.0356805,-0.237924,-0.00851443,0.553466,-0.0366112,0.395689,-0.0045176,0,0,0,-0.0032607,0.00186316,0.00431783,-0.00183132,0.0032526,-5.26635e-05,0,0,-0.0124506,-0.00391219,-0.00900211,-0.0219236,0.0397929,-0.0045251,0.0651585,0,0,0,-1.20024e-12,1.20024e-12,0,0,1.20024e-12,0,0,0,0,0,0,0,0,0,0,0.905991,-4.43609e-09,0,1.20024e-12,-1.20024e-12,0,0,-1.20024e-12,0,0,0,0,0,0,0,0,0,0,-4.43579e-09,0.905991,
8.67362e-13,0.00668525,-0.0154671,-0.00139474,0.00233457,-9.0822e-05,2.0953e-05,0,0,0.35025,-0.00886581,0.242039,0.00352927,-0.0280148,-0.00356801,-0.00124667,0,0,-2.08167e-11,0.0755707,-0.004411,0.0433354,0.00260135,0.000953401,-3.3359e-05,0,0,-0.00886263,0.620383,-0.000192162,-0.0717498,0.00308709,-0.023779,-0.000394227,0,0,-3.46945e-12,-0.00490313,0.0376294,-0.00165132,-0.0011804,-0.000273206,1.99881e-06,0,0,0.242254,-0.000130951,0.342203,-0.00318979,-0.0283161,-0.000848037,-0.000897476,0,0,-3.46945e-12,0.0606844,0.00096904,-0.0381958,-0.00372143,0.00327661,-0.000113089,0,0,0.00352803,-0.0724402,-0.00320561,0.61339,0.0185739,0.0553614,-0.00218811,0,0,-5.42101e-13,0.0280813,-0.00972441,-0.0389718,0.0324607,0.00027125,0.000208261,0,0,-0.279499,0.0305575,-0.282871,0.185947,0.301109,-0.0366659,0.0397572,0,0,-2.08167e-11,0.0424293,-0.00714592,0.0323078,0.0112725,-0.0732748,0.00244,0,0,-0.0356909,-0.23785,-0.00851278,0.553509,-0.0366204,0.395687,-0.00451815,0,0,0,-0.00326106,0.00186369,0.0043188,-0.00183091,0.00325263,-5.26369e-05,0,0,-0.0124666,-0.00391434,-0.00900554,-0.021921,0.0397876,-0.00452566,0.0651592,0,0,0,2.40048e-12,2.40048e-12,-2.40048e-12,0,2.40048e-12,0,0,0,0,0,0,0,0,0,0,0.905991,-4.4565e-09,0,1.20024e-12,1.20024e-12,-1.20024e-12,0,1.20024e-12,0,0,0,0,0,0,0,0,0,0,-4.4556e-09,0.905991,
-8.67362e-13,0.00668358,-0.0154785,-0.00139287,0.00233394,-9.07284e-05,2.0982e-05,0,0,0.350353,-0.00887135,0.241977,0.00353193,-0.0279941,-0.00356905,-0.00124827,0,0,6.93889e-12,0.0755808,-0.00441078,0.0433099,0.00260054,0.000953785,-3.33805e-05,0,0,-0.00886816,0.620403,-0.000191964,-0.0717609,0.00308706,-0.0237716,-0.000394445,0,0,5.42101e-12,-0.00490339,0.037666,-0.00164876,-0.00118071,-0.000273294,1.98959e-06,0,0,0.242192,-0.000130674,0.342295,-0.00319308,-0.0283087,-0.000847876,-0.000897816,0,0,0,0.060664,0.000970877,-0.0381737,-0.00372143,0.00327643,-0.000113119,0,0,0.0035307,-0.0724517,-0.00320892,0.613381,0.0185771,0.0553657,-0.00218785,0,0,1.22515e-11,0.0280767,-0.00971768,-0.0389656,0.0324677,0.000273895,0.000208634,0,0,-0.279291,0.030557,-0.282796,0.185979,0.301103,-0.0366751,0.0397519,0,0,1.38778e-11,0.0424454,-0.00714896,0.032263,0.011274,-0.0732597,0.00244004,0,0,-0.0357011,-0.237777,-0.00851109,0.553553,-0.0366297,0.395686,-0.00451871,0,0,0,-0.00326141,0.00186421,0.00431978,-0.0018305,0.00325267,-5.26098e-05,0,0,-0.0124826,-0.00391648,-0.00900897,-0.0219185,0.0397823,-0.00452622,0.0651599,0,0,0,0,-2.40048e-12,0,0,0,0,-1.12823e-10,0,0,0,0,0,0,0,0,0.905991,-4.34817e-09,0,0,0,0,0,0,0,0,0,0,0,0,0,0,0,0,-4.34787e-09,0.905991,
-4.33681e-12,0.0066819,-0.0154899,-0.00139099,0.0023333,-9.06348e-05,2.10109e-05,0,0,0.350455,-0.00887688,0.241915,0.00353457,-0.0279734,-0.00357008,-0.00124988,0,0,2.77556e-11,0.075591,-0.00441055,0.0432844,0.00259972,0.00095417,-3.3402e-05,0,0,-0.00887369,0.620424,-0.000191767,-0.0717719,0.00308704,-0.0237642,-0.000394663,0,0,1.0842e-11,-0.00490365,0.0377026,-0.0016462,-0.00118101,-0.000273381,1.98033e-06,0,0,0.24213,-0.000130398,0.342387,-0.00319637,-0.0283012,-0.000847712,-0.000898157,0,0,1.38778e-11,0.0606436,0.000972714,-0.0381515,-0.00372144,0.00327625,-0.000113148,0,0,0.00353337,-0.0724632,-0.00321224,0.613371,0.0185803,0.0553699,-0.00218759,0,0,-1.61546e-11,0.0280721,-0.0097109,-0.0389593,0.0324746,0.000276531,0.000209006,0,0,-0.279083,0.0305565,-0.282721,0.186011,0.301098,-0.0366843,0.0397465,0,0,0,0.0424616,-0.00715199,0.0322182,0.0112755,-0.0732447,0.00244007,0,0,-0.0357113,-0.237703,-0.00850936,0.553596,-0.0366389,0.395684,-0.00451926,0,0,0,-0.00326176,0.00186474,0.00432076,-0.00183009,0.00325271,-5.25822e-05,0,0,-0.0124986,-0.00391863,-0.00901241,-0.0219159,0.0397771,-0.00452678,0.0651606,0,0,0,0,0,1.20024e-12,1.20024e-12,-1.20024e-12,0,0,0,0,0,0,0,0,0,0,0.905991,4.14293e-09,0,0,-1.20024e-12,1.20024e-12,0,-1.20024e-12,0,0,0,0,0,0,0,0,0,0,4.14263e-09,0.905991,
2.60209e-12,0.00668022,-0.0155013,-0.00138911,0.00233265,-9.05411e-05,2.10398e-05,0,0,0.350558,-0.00888242,0.241852,0.0035372,-0.0279526,-0.0035711,-0.00125149,0,0,0,0.0756011,-0.00441032,0.0432589,0.0025989,0.000954555,-3.34236e-05,0,0,-0.00887922,0.620444,-0.000191569,-0.0717829,0.00308701,-0.0237568,-0.000394881,0,0,-8.23994e-12,-0.0049039,0.0377393,-0.00164363,-0.00118131,-0.000273468,1.97104e-06,0,0,0.242068,-0.000130122,0.342479,-0.00319967,-0.0282938,-0.000847544,-0.000898499,0,0,0,0.0606232,0.000974551,-0.0381294,-0.00372144,0.00327607,-0.000113178,0,0,0.00353602,-0.0724746,-0.00321557,0.613362,0.0185835,0.0553742,-0.00218733,0,0,-1.31188e-11,0.0280675,-0.00970407,-0.0389531,0.0324814,0.000279158,0.00020938,0,0,-0.278875,0.030556,-0.282646,0.186044,0.301092,-0.0366935,0.0397412,0,0,0,0.0424778,-0.00715502,0.0321733,0.011277,-0.0732296,0.00244011,0,0,-0.0357214,-0.237629,-0.0085076,0.553639,-0.0366481,0.395682,-0.00451982,0,0,0,-0.00326211,0.00186525,0.00432174,-0.00182967,0.00325275,-5.25541e-05,0,0,-0.0125147,-0.00392078,-0.00901586,-0.0219133,0.0397718,-0.00452734,0.0651613,0,0,0,0,0,0,0,0,2.40048e-12,0,0,0,0,0,0,0,0,0,0.905991,4.06822e-09,0,0,1.20024e-12,0,0,0,1.20024e-12,0,0,0,0,0,0,0,0,0,4.06822e-09,0.905991,
6.07153e-12,0.00667853,-0.0155127,-0.00138723,0.002332,-9.04475e-05,2.10687e-05,0,0,0.350662,-0.00888795,0.24179,0.00353982,-0.0279318,-0.00357211,-0.0012531,0,0,-6.93889e-12,0.0756112,-0.00441009,0.0432334,0.00259808,0.000954942,-3.34451e-05,0,0,-0.00888475,0.620465,-0.000191372,-0.071794,0.00308699,-0.0237494,-0.000395099,0,0,-1.38778e-11,-0.00490416,0.0377759,-0.00164106,-0.00118161,-0.000273554,1.96171e-06,0,0,0.242006,-0.000129846,0.342572,-0.00320298,-0.0282863,-0.000847372,-0.000898841,0,0,-6.93889e-12,0.0606027,0.000976388,-0.0381072,-0.00372143,0.00327589,-0.000113207,0,0,0.00353865,-0.0724861,-0.0032189,0.613353,0.0185867,0.0553785,-0.00218707,0,0,1.43115e-11,0.0280629,-0.00969718,-0.0389468,0.0324882,0.000281776,0.000209754,0,0,-0.278667,0.0305555,-0.282571,0.186076,0.301086,-0.0367027,0.0397358,0,0,-6.93889e-12,0.042494,-0.00715803,0.0321284,0.0112785,-0.0732146,0.00244014,0,0,-0.0357313,-0.237555,-0.0085058,0.553682,-0.0366573,0.39568,-0.00452038,0,0,-6.93889e-12,-0.00326246,0.00186577,0.00432272,-0.00182925,0.00325279,-5.25255e-05,0,0,-0.0125308,-0.00392294,-0.00901931,-0.0219107,0.0397665,-0.00452791,0.065162,0,0,0,2.40048e-12,0,0,0,0,0,0,0,0,0,0,0,0,0,0,0.905991,4.09732e-09,0,1.20024e-12,-2.40048e-12,0,0,0,0,0,0,0,0,0,0,0,0,0,4.09792e-09,0.905991,
-1.73472e-12,0.00667684,-0.0155241,-0.00138535,0.00233133,-9.03539e-05,2.10976e-05,0,0,0.350765,-0.00889348,0.241728,0.00354242,-0.0279109,-0.00357311,-0.00125472,0,0,6.93889e-12,0.0756213,-0.00440986,0.0432079,0.00259726,0.000955329,-3.34667e-05,0,0,-0.00889028,0.620485,-0.000191175,-0.071805,0.00308697,-0.023742,-0.000395318,0,0,7.80626e-12,-0.00490441,0.0378126,-0.0016385,-0.00118191,-0.000273639,1.95235e-06,0,0,0.241944,-0.00012957,0.342664,-0.0032063,-0.0282788,-0.000847197,-0.000899183,0,0,-8.67362e-12,0.0605823,0.000978224,-0.0380849,-0.00372142,0.00327571,-0.000113237,0,0,0.00354128,-0.0724976,-0.00322225,0.613344,0.0185899,0.0553828,-0.0021868,0,0,2.68882e-11,0.0280583,-0.00969024,-0.0389406,0.0324949,0.000284385,0.000210128,0,0,-0.278458,0.030555,-0.282496,0.186108,0.301081,-0.0367119,0.0397305,0,0,4.16334e-11,0.0425103,-0.00716104,0.0320834,0.0112799,-0.0731995,0.00244018,0,0,-0.0357412,-0.237481,-0.00850396,0.553725,-0.0366665,0.395679,-0.00452094,0,0,0,-0.0032628,0.00186628,0.0043237,-0.00182882,0.00325282,-5.24964e-05,0,0,-0.0125469,-0.00392509,-0.00902276,-0.0219081,0.0397611,-0.00452847,0.0651627,0,0,0,0,0,-1.20024e-12,0,0,0,0,0,0,0,0,0,0,0,0,0.905991,4.22575e-09,0,0,0,-1.20024e-12,0,0,0,-1.15223e-10,0,0,0,0,0,0,0,0,4.22575e-09,0.905991,
-1.73472e-12,0.00667515,-0.0155355,-0.00138347,0.00233066,-9.02604e-05,2.11264e-05,0,0,0.350868,-0.00889901,0.241665,0.00354501,-0.0278901,-0.0035741,-0.00125634,0,0,-6.93889e-12,0.0756314,-0.00440963,0.0431823,0.00259644,0.000955717,-3.34884e-05,0,0,-0.0088958,0.620505,-0.000190978,-0.0718161,0.00308695,-0.0237345,-0.000395537,0,0,4.55365e-12,-0.00490465,0.0378492,-0.00163593,-0.0011822,-0.000273723,1.94296e-06,0,0,0.241881,-0.000129295,0.342757,-0.00320963,-0.0282713,-0.000847018,-0.000899526,0,0,-5.20417e-12,0.0605618,0.00098006,-0.0380627,-0.00372141,0.00327553,-0.000113267,0,0,0.00354389,-0.0725091,-0.00322559,0.613335,0.0185931,0.055387,-0.00218654,0,0,1.50704e-11,0.0280536,-0.00968325,-0.0389343,0.0325015,0.000286986,0.000210503,0,0,-0.278248,0.0305546,-0.28242,0.186141,0.301076,-0.0367211,0.0397251,0,0,-1.38778e-11,0.0425265,-0.00716403,0.0320383,0.0112814,-0.0731844,0.00244021,0,0,-0.035751,-0.237407,-0.00850209,0.553769,-0.0366757,0.395677,-0.0045215,0,0,-3.46945e-12,-0.00326315,0.00186679,0.00432468,-0.00182838,0.00325286,-5.24669e-05,0,0,-0.0125631,-0.00392725,-0.00902622,-0.0219056,0.0397558,-0.00452903,0.0651634,0,0,0,1.20024e-12,0,0,0,0,0,0,0,0,0,0,0,0,0,0,0.905991,-4.464e-09,0,0,0,0,0,0,0,0,0,0,0,0,0,0,0,0,-4.4643e-09,0.905991,
-5.20417e-12,0.00667345,-0.0155469,-0.0013816,0.00232999,-9.0167e-05,2.11552e-05,0,0,0.350972,-0.00890454,0.241602,0.00354759,-0.0278692,-0.00357508,-0.00125795,0,0,0,0.0756415,-0.00440939,0.0431567,0.00259562,0.000956105,-3.351e-05,0,0,-0.00890132,0.620526,-0.000190781,-0.0718272,0.00308693,-0.0237271,-0.000395756,0,0,1.38778e-11,-0.0049049,0.0378859,-0.00163336,-0.0011825,-0.000273807,1.93354e-06,0,0,0.241819,-0.000129019,0.342849,-0.00321296,-0.0282638,-0.000846835,-0.000899869,0,0,0,0.0605412,0.000981897,-0.0380404,-0.0037214,0.00327534,-0.000113296,0,0,0.00354649,-0.0725206,-0.00322895,0.613325,0.0185964,0.0553913,-0.00218628,0,0,-4.77049e-12,0.028049,-0.0096762,-0.038928,0.0325081,0.000289577,0.000210878,0,0,-0.278039,0.0305541,-0.282345,0.186173,0.30107,-0.0367303,0.0397197,0,0,1.38778e-11,0.0425428,-0.00716702,0.0319932,0.0112828,-0.0731694,0.00244025,0,0,-0.0357607,-0.237333,-0.00850019,0.553812,-0.0366849,0.395675,-0.00452206,0,0,0,-0.00326349,0.0018673,0.00432566,-0.00182794,0.00325291,-5.24369e-05,0,0,-0.0125792,-0.00392941,-0.00902968,-0.021903,0.0397504,-0.0045296,0.0651641,0,0,0,0,0,0,0,0,0,0,0,0,0,0,0,0,0,0,0.905991,-4.56272e-09,0,0,0,0,0,0,0,0,0,0,0,0,0,0,0,0,-4.56302e-09,0.905991,
-6.07153e-12,0.00667175,-0.0155582,-0.00137972,0.0023293,-9.00736e-05,2.1184e-05,0,0,0.351075,-0.00891007,0.24154,0.00355015,-0.0278482,-0.00357605,-0.00125958,0,0,6.93889e-12,0.0756516,-0.00440915,0.0431311,0.00259479,0.000956495,-3.35317e-05,0,0,-0.00890684,0.620546,-0.000190584,-0.0718383,0.00308691,-0.0237197,-0.000395975,0,0,1.95156e-11,-0.00490514,0.0379226,-0.00163079,-0.00118279,-0.00027389,1.92409e-06,0,0,0.241757,-0.000128744,0.342942,-0.0032163,-0.0282563,-0.000846649,-0.000900213,0,0,-6.93889e-12,0.0605207,0.000983733,-0.0380182,-0.00372139,0.00327516,-0.000113326,0,0,0.00354908,-0.0725321,-0.00323231,0.613316,0.0185996,0.0553956,-0.00218601,0,0,2.52619e-11,0.0280443,-0.00966911,-0.0389217,0.0325146,0.000292161,0.000211254,0,0,-0.277829,0.0305537,-0.28227,0.186206,0.301065,-0.0367395,0.0397143,0,0,2.77556e-11,0.0425592,-0.00716999,0.031948,0.0112842,-0.0731543,0.00244028,0,0,-0.0357703,-0.237259,-0.00849824,0.553855,-0.0366941,0.395673,-0.00452262,0,0,0,-0.00326384,0.0018678,0.00432663,-0.00182749,0.00325295,-5.24064e-05,0,0,-0.0125954,-0.00393158,-0.00903315,-0.0219004,0.0397451,-0.00453017,0.0651648,0,0,0,0,0,-1.20024e-12,0,0,0,0,0,0,0,0,0,0,0,0,0.905991,-4.51651e-09,0,0,0,1.20024e-12,0,0,0,0,0,0,0,0,0,0,0,0,-4.51591e-09,0.905991,
-2.60209e-12,0.00667005,-0.0155696,-0.00137784,0.00232861,-8.99803e-05,2.12127e-05,0,0,0.351179,-0.00891559,0.241477,0.0035527,-0.0278272,-0.00357701,-0.0012612,0,0,-6.93889e-12,0.0756617,-0.00440891,0.0431055,0.00259397,0.000956885,-3.35534e-05,0,0,-0.00891236,0.620567,-0.000190387,-0.0718494,0.00308689,-0.0237122,-0.000396195,0,0,1.10589e-11,-0.00490537,0.0379592,-0.00162821,-0.00118307,-0.000273972,1.9146e-06,0,0,0.241694,-0.000128469,0.343035,-0.00321965,-0.0282488,-0.000846459,-0.000900557,0,0,1.73472e-12,0.0605001,0.000985568,-0.0379958,-0.00372137,0.00327498,-0.000113355,0,0,0.00355165,-0.0725437,-0.00323568,0.613307,0.0186028,0.0553998,-0.00218575,0,0,1.92988e-11,0.0280397,-0.00966196,-0.0389154,0.032521,0.000294736,0.00021163,0,0,-0.277618,0.0305532,-0.282194,0.186238,0.30106,-0.0367486,0.0397088,0,0,6.93889e-12,0.0425755,-0.00717296,0.0319027,0.0112856,-0.0731392,0.00244032,0,0,-0.0357798,-0.237184,-0.00849626,0.553898,-0.0367033,0.395672,-0.00452319,0,0,-3.46945e-12,-0.00326418,0.0018683,0.00432761,-0.00182704,0.00325299,-5.23755e-05,0,0,-0.0126116,-0.00393374,-0.00903662,-0.0218977,0.0397397,-0.00453074,0.0651655,0,0,0,0,0,0,0,0,0,0,0,0,0,0,0,0,0,0,0.905991,-4.34607e-09,0,0,0,0,0,0,0,0,0,0,0,0,0,0,0,0,-4.34547e-09,0.905991,
-4.33681e-12,0.00666834,-0.0155809,-0.00137596,0.00232791,-8.98871e-05,2.12415e-05,0,0,0.351283,-0.00892112,0.241414,0.00355524,-0.0278062,-0.00357796,-0.00126283,0,0,6.93889e-12,0.0756718,-0.00440866,0.0430798,0.00259314,0.000957275,-3.35752e-05,0,0,-0.00891788,0.620587,-0.000190191,-0.0718605,0.00308688,-0.0237047,-0.000396415,0,0,1.21431e-11,-0.00490561,0.0379959,-0.00162564,-0.00118336,-0.000274054,1.90509e-06,0,0,0.241631,-0.000128195,0.343128,-0.00322301,-0.0282413,-0.000846266,-0.000900902,0,0,-2.25514e-11,0.0604795,0.000987404,-0.0379735,-0.00372134,0.0032748,-0.000113385,0,0,0.00355421,-0.0725552,-0.00323906,0.613298,0.018606,0.0554041,-0.00218548,0,0,4.55365e-12,0.028035,-0.00965476,-0.0389091,0.0325273,0.000297302,0.000212007,0,0,-0.277408,0.0305528,-0.282118,0.186271,0.301055,-0.0367578,0.0397034,0,0,9.02056e-11,0.0425919,-0.00717592,0.0318574,0.011287,-0.0731241,0.00244035,0,0,-0.0357892,-0.23711,-0.00849425,0.553942,-0.0367124,0.39567,-0.00452375,0,0,0,-0.00326453,0.0018688,0.00432859,-0.00182658,0.00325303,-5.23441e-05,0,0,-0.0126279,-0.00393591,-0.00904009,-0.0218951,0.0397343,-0.00453131,0.0651663,0,0,0,0,0,0,0,0,-1.20024e-12,0,0,0,0,0,0,0,0,0,0.905991,4.09342e-09,0,0,0,0,0,0,0,0,0,0,0,0,0,0,0,0,4.09282e-09,0.905991,
-2.60209e-12,0.00666662,-0.0155923,-0.00137408,0.00232721,-8.9794e-05,2.12701e-05,0,0,0.351386,-0.00892664,0.241351,0.00355776,-0.0277852,-0.00357891,-0.00126445,0,0,0,0.0756818,-0.00440842,0.0430542,0.00259232,0.000957667,-3.35969e-05,0,0,-0.00892339,0.620608,-0.000189994,-0.0718716,0.00308686,-0.0236973,-0.000396635,0,0,9.1073e-12,-0.00490584,0.0380326,-0.00162307,-0.00118364,-0.000274135,1.89554e-06,0,0,0.241568,-0.00012792,0.343221,-0.00322637,-0.0282337,-0.000846069,-0.000901247,0,0,-1.04083e-11,0.0604588,0.000989239,-0.0379511,-0.00372132,0.00327462,-0.000113415,0,0,0.00355676,-0.0725668,-0.00324245,0.613288,0.0186093,0.0554084,-0.00218522,0,0,1.64799e-11,0.0280303,-0.0096475,-0.0389027,0.0325336,0.000299859,0.000212384,0,0,-0.277197,0.0305524,-0.282043,0.186303,0.30105,-0.036767,0.0396979,0,0,3.46945e-11,0.0426083,-0.00717887,0.031812,0.0112884,-0.0731091,0.00244039,0,0,-0.0357985,-0.237035,-0.0084922,0.553985,-0.0367216,0.395668,-0.00452432,0,0,0,-0.00326487,0.00186929,0.00432956,-0.00182612,0.00325307,-5.23122e-05,0,0,-0.0126441,-0.00393809,-0.00904357,-0.0218925,0.0397289,-0.00453188,0.065167,0,0,0,0,0,0,-1.20024e-12,-1.20024e-12,0,0,0,0,0,0,0,0,0,0,0.905991,3.9794e-09,0,0,0,0,1.20024e-12,1.20024e-12,0,-1.20024e-12,0,0,0,0,0,0,0,0,3.9809e-09,0.905991,
-2.60209e-12,0.0066649,-0.0156036,-0.0013722,0.00232649,-8.9701e-05,2.12988e-05,0,0,0.35149,-0.00893216,0.241287,0.00356027,-0.0277641,-0.00357984,-0.00126608,0,0,0,0.0756919,-0.00440817,0.0430285,0.00259149,0.000958059,-3.36187e-05,0,0,-0.0089289,0.620628,-0.000189798,-0.0718827,0.00308685,-0.0236898,-0.000396855,0,0,4.98733e-12,-0.00490607,0.0380693,-0.00162049,-0.00118392,-0.000274215,1.88596e-06,0,0,0.241505,-0.000127646,0.343314,-0.00322974,-0.0282262,-0.000845868,-0.000901593,0,0,8.67362e-12,0.0604382,0.000991075,-0.0379288,-0.00372129,0.00327444,-0.000113444,0,0,0.0035593,-0.0725783,-0.00324584,0.613279,0.0186125,0.0554127,-0.00218495,0,0,-2.71051e-12,0.0280256,-0.00964019,-0.0388964,0.0325398,0.000302408,0.000212762,0,0,-0.276985,0.030552,-0.281967,0.186336,0.301045,-0.0367762,0.0396925,0,0,-7.63278e-11,0.0426247,-0.00718181,0.0317666,0.0112898,-0.073094,0.00244042,0,0,-0.0358077,-0.236961,-0.00849011,0.554028,-0.0367308,0.395667,-0.00452489,0,0,0,-0.00326521,0.00186978,0.00433054,-0.00182565,0.00325312,-5.22798e-05,0,0,-0.0126604,-0.00394026,-0.00904706,-0.0218899,0.0397234,-0.00453245,0.0651677,0,0,0,0,0,-2.40048e-12,-2.40048e-12,-2.40048e-12,0,0,0,0,0,0,0,0,0,0,0.905991,3.9689e-09,0,0,0,0,0,0,0,0,0,0,0,0,0,0,0,0,3.9692e-09,0.905991,
-2.60209e-12,0.00666318,-0.0156149,-0.00137032,0.00232577,-8.9608e-05,2.13274e-05,0,0,0.351594,-0.00893767,0.241224,0.00356277,-0.027743,-0.00358076,-0.00126772,0,0,0,0.0757019,-0.00440792,0.0430028,0.00259066,0.000958452,-3.36406e-05,0,0,-0.00893441,0.620649,-0.000189602,-0.0718938,0.00308683,-0.0236823,-0.000397076,0,0,9.32414e-12,-0.00490629,0.038106,-0.00161792,-0.0011842,-0.000274295,1.87634e-06,0,0,0.241442,-0.000127372,0.343407,-0.00323312,-0.0282187,-0.000845664,-0.000901939,0,0,-1.56125e-11,0.0604175,0.00099291,-0.0379064,-0.00372126,0.00327425,-0.000113474,0,0,0.00356182,-0.0725899,-0.00324924,0.61327,0.0186158,0.0554169,-0.00218468,0,0,1.96241e-11,0.0280208,-0.00963284,-0.03889,0.032546,0.000304949,0.00021314,0,0,-0.276773,0.0305516,-0.281891,0.186369,0.30104,-0.0367853,0.039687,0,0,7.63278e-11,0.0426411,-0.00718474,0.0317211,0.0112911,-0.0730789,0.00244046,0,0,-0.0358168,-0.236886,-0.00848798,0.554071,-0.03674,0.395665,-0.00452546,0,0,0,-0.00326555,0.00187027,0.00433152,-0.00182518,0.00325316,-5.2247e-05,0,0,-0.0126767,-0.00394244,-0.00905055,-0.0218872,0.039718,-0.00453302,0.0651684,0,0,0,0,2.40048e-12,2.40048e-12,0,0,0,0,0,0,0,0,0,0,0,0,0.905991,4.05051e-09,0,0,3.60072e-12,3.60072e-12,0,0,0,0,0,0,0,0,0,0,0,0,4.05021e-09,0.905991,
0,0.00666146,-0.0156262,-0.00136845,0.00232505,-8.95151e-05,2.1356e-05,0,0,0.351699,-0.00894319,0.241161,0.00356525,-0.0277218,-0.00358168,-0.00126935,0,0,-6.93889e-12,0.075712,-0.00440767,0.0429771,0.00258983,0.000958846,-3.36624e-05,0,0,-0.00893992,0.620669,-0.000189406,-0.0719049,0.00308682,-0.0236748,-0.000397297,0,0,-4.33681e-13,-0.00490651,0.0381428,-0.00161534,-0.00118448,-0.000274373,1.8667e-06,0,0,0.241379,-0.000127098,0.3435,-0.00323651,-0.0282111,-0.000845456,-0.000902286,0,0,1.38778e-11,0.0603967,0.000994745,-0.0378839,-0.00372123,0.00327407,-0.000113504,0,0,0.00356433,-0.0726014,-0.00325264,0.61326,0.018619,0.0554212,-0.00218441,0,0,-1.32273e-11,0.0280161,-0.00962542,-0.0388837,0.032552,0.00030748,0.000213519,0,0,-0.276561,0.0305512,-0.281815,0.186401,0.301035,-0.0367945,0.0396815,0,0,-5.55112e-11,0.0426576,-0.00718766,0.0316755,0.0112924,-0.0730638,0.00244049,0,0,-0.0358258,-0.236811,-0.00848582,0.554114,-0.0367491,0.395664,-0.00452603,0,0,0,-0.00326589,0.00187075,0.00433249,-0.0018247,0.0032532,-5.22137e-05,0,0,-0.012693,-0.00394462,-0.00905405,-0.0218846,0.0397125,-0.0045336,0.0651691,0,0,0,0,0,0,0,0,0,0,0,0,0,0,0,0,0,0,0.905991,4.22485e-09,0,0,0,0,0,0,0,-3.60072e-12,0,0,0,0,0,0,0,0,4.22515e-09,0.905991,
-6.07153e-12,0.00665973,-0.0156375,-0.00136657,0.00232431,-8.94222e-05,2.13846e-05,0,0,0.351803,-0.00894871,0.241097,0.00356772,-0.0277006,-0.00358258,-0.00127099,0,0,-1.38778e-11,0.075722,-0.00440741,0.0429513,0.002589,0.00095924,-3.36843e-05,0,0,-0.00894543,0.62069,-0.00018921,-0.0719161,0.00308681,-0.0236673,-0.000397518,0,0,1.4962e-11,-0.00490673,0.0381795,-0.00161277,-0.00118476,-0.000274452,1.85702e-06,0,0,0.241316,-0.000126824,0.343593,-0.00323991,-0.0282036,-0.000845245,-0.000902633,0,0,2.60209e-11,0.060376,0.00099658,-0.0378615,-0.00372119,0.00327389,-0.000113534,0,0,0.00356683,-0.072613,-0.00325606,0.613251,0.0186222,0.0554255,-0.00218415,0,0,-1.69136e-11,0.0280113,-0.00961796,-0.0388773,0.032558,0.000310003,0.000213898,0,0,-0.276349,0.0305508,-0.281739,0.186434,0.30103,-0.0368036,0.0396759,0,0,-6.93889e-12,0.0426741,-0.00719057,0.0316299,0.0112938,-0.0730487,0.00244053,0,0,-0.0358348,-0.236737,-0.00848363,0.554158,-0.0367583,0.395662,-0.0045266,0,0,3.46945e-12,-0.00326622,0.00187123,0.00433347,-0.00182422,0.00325325,-5.21799e-05,0,0,-0.0127094,-0.0039468,-0.00905755,-0.021882,0.0397071,-0.00453417,0.0651698,0,0,0,0,0,0,0,0,0,0,0,0,0,0,0,0,0,0,0.905991,-4.51471e-09,0,0,0,0,0,0,0,0,0,0,0,0,0,0,0,0,-4.51531e-09,0.905991,
-1.73472e-12,0.00665799,-0.0156488,-0.00136469,0.00232357,-8.93294e-05,2.14132e-05,0,0,0.351907,-0.00895422,0.241033,0.00357018,-0.0276794,-0.00358348,-0.00127263,0,0,-2.77556e-11,0.0757321,-0.00440715,0.0429255,0.00258816,0.000959635,-3.37062e-05,0,0,-0.00895094,0.62071,-0.000189015,-0.0719272,0.0030868,-0.0236598,-0.00039774,0,0,5.42101e-12,-0.00490694,0.0382162,-0.00161019,-0.00118503,-0.000274529,1.84731e-06,0,0,0.241253,-0.000126551,0.343687,-0.00324331,-0.028196,-0.00084503,-0.00090298,0,0,-6.93889e-12,0.0603552,0.000998415,-0.037839,-0.00372115,0.0032737,-0.000113563,0,0,0.00356931,-0.0726246,-0.00325948,0.613242,0.0186255,0.0554298,-0.00218388,0,0,9.21572e-12,0.0280066,-0.00961044,-0.0388709,0.032564,0.000312517,0.000214278,0,0,-0.276136,0.0305504,-0.281663,0.186467,0.301026,-0.0368128,0.0396704,0,0,-6.93889e-12,0.0426906,-0.00719347,0.0315842,0.0112951,-0.0730335,0.00244056,0,0,-0.0358436,-0.236662,-0.00848139,0.554201,-0.0367675,0.39566,-0.00452717,0,0,0,-0.00326656,0.00187171,0.00433444,-0.00182373,0.00325329,-5.21456e-05,0,0,-0.0127258,-0.00394898,-0.00906105,-0.0218793,0.0397016,-0.00453475,0.0651705,0,0,0,0,0,0,0,0,0,-1.72835e-10,0,0,0,0,0,0,0,0,0.905991,-4.66444e-09,0,1.20024e-12,0,0,1.20024e-12,-1.20024e-12,0,0,0,0,0,0,0,0,0,0,-4.66414e-09,0.905991,
0,0.00665625,-0.01566,-0.00136281,0.00232282,-8.92366e-05,2.14417e-05,0,0,0.352012,-0.00895973,0.24097,0.00357262,-0.0276581,-0.00358436,-0.00127427,0,0,1.38778e-11,0.0757421,-0.00440689,0.0428998,0.00258733,0.000960031,-3.37282e-05,0,0,-0.00895644,0.620731,-0.000188819,-0.0719384,0.00308679,-0.0236523,-0.000397962,0,0,2.1684e-12,-0.00490716,0.038253,-0.00160761,-0.0011853,-0.000274605,1.83756e-06,0,0,0.241189,-0.000126278,0.34378,-0.00324672,-0.0281884,-0.000844811,-0.000903328,0,0,-3.46945e-12,0.0603344,0.00100025,-0.0378165,-0.00372111,0.00327352,-0.000113593,0,0,0.00357178,-0.0726362,-0.00326291,0.613232,0.0186288,0.055434,-0.00218361,0,0,5.74627e-12,0.0280018,-0.00960287,-0.0388646,0.0325698,0.000315021,0.000214658,0,0,-0.275923,0.0305501,-0.281587,0.186499,0.301021,-0.0368219,0.0396649,0,0,-3.46945e-11,0.0427071,-0.00719636,0.0315384,0.0112963,-0.0730184,0.0024406,0,0,-0.0358523,-0.236587,-0.00847912,0.554244,-0.0367766,0.395659,-0.00452774,0,0,0,-0.0032669,0.00187218,0.00433542,-0.00182323,0.00325334,-5.21109e-05,0,0,-0.0127421,-0.00395117,-0.00906456,-0.0218767,0.0396961,-0.00453533,0.0651713,0,0,0,-1.20024e-12,0,0,0,-1.20024e-12,0,0,0,0,0,0,0,0,0,0,0.905991,-4.65514e-09,0,1.20024e-12,0,0,0,1.20024e-12,0,0,0,0,0,0,0,0,0,0,-4.65514e-09,0.905991,
-6.07153e-12,0.00665451,-0.0156713,-0.00136094,0.00232206,-8.91438e-05,2.14702e-05,0,0,0.352116,-0.00896524,0.240906,0.00357505,-0.0276368,-0.00358524,-0.00127591,0,0,2.08167e-11,0.0757521,-0.00440663,0.042874,0.0025865,0.000960428,-3.37501e-05,0,0,-0.00896194,0.620751,-0.000188624,-0.0719495,0.00308678,-0.0236448,-0.000398184,0,0,1.6263e-11,-0.00490737,0.0382897,-0.00160503,-0.00118557,-0.000274681,1.82778e-06,0,0,0.241126,-0.000126005,0.343874,-0.00325014,-0.0281808,-0.000844588,-0.000903677,0,0,-2.77556e-11,0.0603136,0.00100208,-0.037794,-0.00372106,0.00327333,-0.000113623,0,0,0.00357424,-0.0726478,-0.00326634,0.613223,0.018632,0.0554383,-0.00218334,0,0,4.22839e-12,0.027997,-0.00959525,-0.0388582,0.0325756,0.000317517,0.000215039,0,0,-0.275709,0.0305497,-0.281511,0.186532,0.301017,-0.0368311,0.0396593,0,0,6.93889e-11,0.0427237,-0.00719924,0.0314926,0.0112976,-0.0730033,0.00244063,0,0,-0.0358609,-0.236512,-0.00847681,0.554287,-0.0367858,0.395657,-0.00452832,0,0,0,-0.00326723,0.00187265,0.00433639,-0.00182273,0.00325339,-5.20756e-05,0,0,-0.0127586,-0.00395336,-0.00906807,-0.021874,0.0396906,-0.00453591,0.065172,0,0,0,1.20024e-12,0,0,1.20024e-12,1.20024e-12,-1.20024e-12,0,0,0,0,0,0,0,0,0,0.905991,-4.5048e-09,0,0,0,0,0,0,0,0,0,0,0,0,0,0,0,0,-4.5051e-09,0.905991,
0,0.00665276,-0.0156826,-0.00135906,0.0023213,-8.9051e-05,2.14986e-05,0,0,0.352221,-0.00897075,0.240842,0.00357747,-0.0276155,-0.0035861,-0.00127756,0,0,2.08167e-11,0.0757621,-0.00440637,0.0428481,0.00258566,0.000960825,-3.37721e-05,0,0,-0.00896744,0.620772,-0.000188429,-0.0719607,0.00308677,-0.0236372,-0.000398406,0,0,-8.67362e-13,-0.00490757,0.0383265,-0.00160245,-0.00118583,-0.000274756,1.81797e-06,0,0,0.241062,-0.000125733,0.343967,-0.00325357,-0.0281733,-0.000844362,-0.000904026,0,0,6.93889e-12,0.0602927,0.00100392,-0.0377714,-0.00372101,0.00327315,-0.000113653,0,0,0.00357669,-0.0726594,-0.00326979,0.613214,0.0186353,0.0554426,-0.00218307,0,0,-2.13588e-11,0.0279922,-0.00958757,-0.0388518,0.0325814,0.000320004,0.00021542,0,0,-0.275495,0.0305494,-0.281435,0.186565,0.301012,-0.0368402,0.0396537,0,0,-1.38778e-11,0.0427403,-0.00720212,0.0314467,0.0112989,-0.0729882,0.00244066,0,0,-0.0358695,-0.236437,-0.00847447,0.554331,-0.0367949,0.395656,-0.00452889,0,0,0,-0.00326757,0.00187311,0.00433737,-0.00182222,0.00325343,-5.20399e-05,0,0,-0.012775,-0.00395555,-0.00907159,-0.0218713,0.039685,-0.00453649,0.0651727,0,0,0,0,0,0,0,0,0,0,0,0,0,0,0,0,0,0,0.905991,4.25455e-09,0,0,0,0,0,0,0,0,0,0,0,0,0,0,0,0,4.25455e-09,0.905991,
-8.67362e-13,0.00665101,-0.0156938,-0.00135718,0.00232052,-8.89583e-05,2.1527e-05,0,0,0.352326,-0.00897625,0.240778,0.00357987,-0.0275941,-0.00358696,-0.00127921,0,0,0,0.0757721,-0.0044061,0.0428223,0.00258482,0.000961223,-3.37942e-05,0,0,-0.00897294,0.620792,-0.000188234,-0.0719719,0.00308677,-0.0236297,-0.000398628,0,0,2.60209e-12,-0.00490778,0.0383633,-0.00159987,-0.00118609,-0.000274831,1.80812e-06,0,0,0.240998,-0.000125461,0.344061,-0.003257,-0.0281657,-0.000844133,-0.000904375,0,0,-8.67362e-12,0.0602719,0.00100575,-0.0377488,-0.00372096,0.00327296,-0.000113683,0,0,0.00357912,-0.072671,-0.00327324,0.613204,0.0186385,0.0554468,-0.00218279,0,0,1.33357e-11,0.0279874,-0.00957984,-0.0388454,0.032587,0.000322481,0.000215802,0,0,-0.275281,0.030549,-0.281359,0.186598,0.301008,-0.0368493,0.0396481,0,0,6.245e-11,0.0427569,-0.00720498,0.0314008,0.0113001,-0.0729731,0.0024407,0,0,-0.0358779,-0.236361,-0.00847209,0.554374,-0.036804,0.395654,-0.00452947,0,0,0,-0.0032679,0.00187358,0.00433834,-0.00182171,0.00325348,-5.20037e-05,0,0,-0.0127915,-0.00395775,-0.00907512,-0.0218686,0.0396795,-0.00453707,0.0651734,0,0,0,0,0,0,0,0,0,0,0,0,0,0,0,0,0,0,0.905991,4.15343e-09,0,0,0,-1.20024e-12,0,0,1.20024e-12,0,0,0,0,0,0,0,0,0,4.15343e-09,0.905991,
-5.20417e-12,0.00664926,-0.015705,-0.0013553,0.00231974,-8.88656e-05,2.15554e-05,0,0,0.352431,-0.00898176,0.240714,0.00358226,-0.0275727,-0.00358781,-0.00128086,0,0,1.38778e-11,0.0757821,-0.00440583,0.0427964,0.00258399,0.000961622,-3.38162e-05,0,0,-0.00897843,0.620813,-0.00018804,-0.0719831,0.00308676,-0.0236221,-0.000398851,0,0,1.27936e-11,-0.00490798,0.0384,-0.00159728,-0.00118636,-0.000274904,1.79824e-06,0,0,0.240934,-0.000125189,0.344155,-0.00326045,-0.0281581,-0.000843899,-0.000904725,0,0,-1.73472e-12,0.0602509,0.00100759,-0.0377262,-0.00372091,0.00327278,-0.000113713,0,0,0.00358155,-0.0726827,-0.0032767,0.613195,0.0186418,0.0554511,-0.00218252,0,0,-3.25261e-12,0.0279825,-0.00957206,-0.0388389,0.0325926,0.000324948,0.000216184,0,0,-0.275066,0.0305487,-0.281282,0.186631,0.301004,-0.0368585,0.0396425,0,0,-6.93889e-12,0.0427735,-0.00720783,0.0313547,0.0113013,-0.0729579,0.00244073,0,0,-0.0358863,-0.236286,-0.00846968,0.554417,-0.0368132,0.395653,-0.00453005,0,0,0,-0.00326823,0.00187404,0.00433932,-0.0018212,0.00325353,-5.1967e-05,0,0,-0.0128079,-0.00395995,-0.00907865,-0.021866,0.0396739,-0.00453765,0.0651742,0,0,0,0,0,0,0,0,0,-5.64113e-11,0,0,0,0,0,0,0,0,0.905991,4.16634e-09,0,0,0,0,0,0,0,1.15223e-10,0,0,0,0,0,0,0,0,4.16574e-09,0.905991,
-6.93889e-12,0.0066475,-0.0157163,-0.00135342,0.00231896,-8.8771e-05,2.15837e-05,0,0,0.352536,-0.00898726,0.240649,0.00358464,-0.0275513,-0.00358864,-0.00128251,0,0,-6.93889e-12,0.0757921,-0.00440556,0.0427705,0.00258315,0.000962022,-3.38383e-05,0,0,-0.00898393,0.620833,-0.000187846,-0.0719942,0.00308676,-0.0236146,-0.000399074,0,0,1.99493e-11,-0.00490817,0.0384368,-0.0015947,-0.00118661,-0.000274976,1.78828e-06,0,0,0.24087,-0.000124917,0.344249,-0.0032639,-0.0281505,-0.000843662,-0.000905076,0,0,-8.67362e-12,0.06023,0.00100942,-0.0377036,-0.00372085,0.00327259,-0.000113742,0,0,0.00358395,-0.0726943,-0.00328016,0.613186,0.0186451,0.0554554,-0.00218225,0,0,2.68882e-11,0.0279777,-0.00956422,-0.0388325,0.0325981,0.000327404,0.000216567,0,0,-0.274851,0.0305484,-0.281206,0.186664,0.300999,-0.0368676,0.0396369,0,0,-6.93889e-12,0.0427902,-0.00721068,0.0313087,0.0113025,-0.0729428,0.00244077,0,0,-0.0358945,-0.236211,-0.00846722,0.55446,-0.0368223,0.395651,-0.00453063,0,0,0,-0.00326856,0.00187449,0.00434029,-0.00182067,0.00325358,-5.19297e-05,0,0,-0.0128244,-0.00396215,-0.00908218,-0.0218633,0.0396683,-0.00453824,0.0651749,0,0,0,0,-1.20024e-12,1.20024e-12,0,0,0,0,0,0,0,0,0,0,0,0,0.905991,4.28216e-09,0,0,-2.40048e-12,2.40048e-12,0,0,0,0,0,0,0,0,0,0,0,0,4.28246e-09,0.905991,
-8.67362e-13,0.00664574,-0.0157275,-0.00135154,0.00231816,-8.86768e-05,2.1612e-05,0,0,0.352641,-0.00899276,0.240585,0.003587,-0.0275298,-0.00358947,-0.00128417,0,0,1.38778e-11,0.0758021,-0.00440529,0.0427446,0.00258231,0.000962422,-3.38604e-05,0,0,-0.00898942,0.620854,-0.000187652,-0.0720054,0.00308675,-0.023607,-0.000399297,0,0,-3.03577e-12,-0.00490837,0.0384736,-0.00159211,-0.00118687,-0.000275046,1.7783e-06,0,0,0.240806,-0.000124646,0.344343,-0.00326736,-0.0281429,-0.000843422,-0.000905427,0,0,-6.93889e-12,0.060209,0.00101126,-0.037681,-0.00372079,0.0032724,-0.000113772,0,0,0.00358635,-0.0727059,-0.00328364,0.613176,0.0186483,0.0554596,-0.00218197,0,0,-3.79471e-11,0.0279728,-0.00955633,-0.0388261,0.0326036,0.000329849,0.00021695,0,0,-0.274636,0.0305481,-0.281129,0.186697,0.300995,-0.0368767,0.0396313,0,0,0,0.0428069,-0.00721351,0.0312625,0.0113037,-0.0729276,0.0024408,0,0,-0.0359027,-0.236135,-0.00846473,0.554503,-0.0368314,0.39565,-0.00453121,0,0,3.46945e-12,-0.00326889,0.00187495,0.00434126,-0.00182014,0.00325363,-5.18919e-05,0,0,-0.012841,-0.00396435,-0.00908572,-0.0218606,0.0396627,-0.00453883,0.0651756,0,0,0,0,1.20024e-12,1.20024e-12,1.20024e-12,-1.20024e-12,0,0,0,0,0,0,0,0,0,0,0.905991,-4.51381e-09,0,0,1.20024e-12,0,1.20024e-12,0,0,0,0,0,0,0,0,0,0,0,-4.51471e-09,0.905991,
-9.54098e-12,0.00664397,-0.0157387,-0.00134966,0.00231736,-8.85833e-05,2.16402e-05,0,0,0.352746,-0.00899826,0.24052,0.00358935,-0.0275083,-0.00359029,-0.00128583,0,0,6.93889e-12,0.075812,-0.00440501,0.0427187,0.00258147,0.000962822,-3.38826e-05,0,0,-0.00899491,0.620874,-0.000187458,-0.0720166,0.00308675,-0.0235994,-0.000399521,0,0,2.34188e-11,-0.00490856,0.0385104,-0.00158952,-0.00118712,-0.000275117,1.7683e-06,0,0,0.240742,-0.000124375,0.344437,-0.00327083,-0.0281352,-0.000843177,-0.000905778,0,0,1.73472e-12,0.0601881,0.00101309,-0.0376583,-0.00372072,0.00327222,-0.000113802,0,0,0.00358873,-0.0727176,-0.00328712,0.613167,0.0186516,0.0554639,-0.0021817,0,0,-2.81893e-12,0.027968,-0.00954839,-0.0388196,0.0326089,0.000332285,0.000217334,0,0,-0.27442,0.0305478,-0.281053,0.18673,0.300991,-0.0368858,0.0396256,0,0,5.55112e-11,0.0428236,-0.00721634,0.0312163,0.0113049,-0.0729125,0.00244083,0,0,-0.0359107,-0.23606,-0.00846221,0.554547,-0.0368405,0.395648,-0.00453179,0,0,1.73472e-12,-0.00326922,0.0018754,0.00434224,-0.00181961,0.00325368,-5.18536e-05,0,0,-0.0128575,-0.00396655,-0.00908926,-0.0218579,0.0396571,-0.00453941,0.0651764,0,0,0,0,0,0,0,0,0,0,0,0,0,0,0,0,0,0,0.905991,-4.60142e-09,0,0,0,0,0,0,0,0,0,0,0,0,0,0,0,0,-4.60142e-09,0.905991,
1.73472e-12,0.00664221,-0.0157498,-0.00134777,0.00231655,-8.84888e-05,2.16684e-05,0,0,0.352851,-0.00900376,0.240456,0.00359169,-0.0274867,-0.0035911,-0.00128749,0,0,-6.93889e-12,0.075822,-0.00440474,0.0426927,0.00258062,0.000963225,-3.39048e-05,0,0,-0.0090004,0.620895,-0.000187264,-0.0720278,0.00308675,-0.0235918,-0.000399745,0,0,-6.28837e-12,-0.00490874,0.0385472,-0.0015869,-0.00118737,-0.000275185,1.75826e-06,0,0,0.240677,-0.000124105,0.344531,-0.0032743,-0.0281276,-0.000842929,-0.00090613,0,0,8.67362e-12,0.060167,0.00101492,-0.0376356,-0.00372065,0.00327203,-0.000113832,0,0,0.0035911,-0.0727293,-0.0032906,0.613158,0.0186549,0.0554682,-0.00218142,0,0,-8.67362e-13,0.0279631,-0.0095404,-0.0388131,0.0326142,0.00033469,0.000217718,0,0,-0.274204,0.0305475,-0.280976,0.186763,0.300987,-0.0368949,0.0396199,0,0,0,0.0428403,-0.00721915,0.0311701,0.011306,-0.0728973,0.00244087,0,0,-0.0359187,-0.235984,-0.00845964,0.55459,-0.0368497,0.395647,-0.00453238,0,0,0,-0.00326955,0.00187584,0.00434321,-0.00181907,0.00325373,-5.18141e-05,0,0,-0.0128741,-0.00396876,-0.00909281,-0.0218552,0.0396515,-0.00454,0.0651771,0,0,0,0,1.20024e-12,0,0,0,0,0,0,0,0,0,0,0,0,0,0.905991,-4.53901e-09,0,0,-1.20024e-12,0,0,0,0,0,0,0,0,0,0,0,0,0,-4.53841e-09,0.905991,
1.73472e-12,0.00664042,-0.015761,-0.00134596,0.00231568,-8.84727e-05,2.17001e-05,0,0,0.352957,-0.00900926,0.240391,0.00359401,-0.0274651,-0.0035919,-0.00128915,0,0,6.93889e-12,0.0758319,-0.00440446,0.0426667,0.00257978,0.000963604,-3.39266e-05,0,0,-0.00900589,0.620915,-0.000187072,-0.0720391,0.00308675,-0.0235842,-0.000399969,0,0,-2.60209e-12,-0.00490893,0.0385841,-0.00158444,-0.00118767,-0.000275308,1.74914e-06,0,0,0.240613,-0.000123835,0.344625,-0.00327779,-0.02812,-0.000842678,-0.000906483,0,0,-1.04083e-11,0.060146,0.00101675,-0.0376129,-0.00372063,0.00327181,-0.000113863,0,0,0.00359346,-0.0727409,-0.0032941,0.613148,0.0186582,0.0554725,-0.00218115,0,0,1.36609e-11,0.0279582,-0.00953232,-0.0388067,0.0326194,0.000337301,0.000218112,0,0,-0.273988,0.0305473,-0.280899,0.186796,0.300983,-0.036904,0.0396143,0,0,5.55112e-11,0.042857,-0.00722197,0.0311237,0.0113073,-0.0728821,0.0024409,0,0,-0.0359265,-0.235908,-0.00845704,0.554633,-0.0368588,0.395645,-0.00453296,0,0,0,-0.00326988,0.00187629,0.00434418,-0.00181854,0.0032538,-5.17804e-05,0,0,-0.0128907,-0.00397097,-0.00909636,-0.0218524,0.0396459,-0.00454059,0.0651778,0,0,0,0,0,0,0,0,0,0,0,0,0,0,0,0,0,0,0.905991,-4.35477e-09,0,0,0,0,0,0,0,0,0,0,0,0,0,0,0,0,-4.35567e-09,0.905991,
3.46945e-12,0.00663862,-0.0157721,-0.00134421,0.00231482,-8.84504e-05,2.17311e-05,0,0,0.353062,-0.00901475,0.240326,0.00359632,-0.0274435,-0.00359269,-0.00129081,0,0,0,0.0758419,-0.00440416,0.0426406,0.00257894,0.000963988,-3.39486e-05,0,0,-0.00901138,0.620936,-0.000186879,-0.0720503,0.00308675,-0.0235766,-0.000400193,0,0,-6.93889e-12,-0.00490913,0.0386209,-0.00158207,-0.00118795,-0.000275428,1.73988e-06,0,0,0.240548,-0.000123565,0.344719,-0.00328128,-0.0281124,-0.000842424,-0.000906836,0,0,1.56125e-11,0.0601249,0.00101858,-0.0375902,-0.00372062,0.0032716,-0.000113893,0,0,0.0035958,-0.0727526,-0.0032976,0.613139,0.0186615,0.0554767,-0.00218087,0,0,6.50521e-13,0.0279533,-0.00952418,-0.0388004,0.0326246,0.00033997,0.000218503,0,0,-0.273771,0.030547,-0.280823,0.186829,0.30098,-0.0369131,0.0396086,0,0,-5.55112e-11,0.0428738,-0.00722477,0.0310773,0.0113087,-0.0728668,0.00244094,0,0,-0.0359342,-0.235833,-0.00845439,0.554676,-0.0368679,0.395644,-0.00453355,0,0,-1.73472e-12,-0.0032702,0.00187673,0.00434514,-0.001818,0.00325385,-5.17486e-05,0,0,-0.0129073,-0.00397318,-0.00909992,-0.0218497,0.0396402,-0.00454118,0.0651786,0,0,0,0,0,0,0,0,0,0,0,0,0,0,0,0,0,0,0.905991,4.09192e-09,0,0,0,0,0,0,0,0,0,0,0,0,0,0,0,0,4.09192e-09,0.905991,
0,0.00663681,-0.0157832,-0.00134249,0.00231397,-8.84091e-05,2.17612e-05,0,0,0.353168,-0.00902025,0.240261,0.00359861,-0.0274219,-0.00359347,-0.00129248,0,0,-1.38778e-11,0.0758518,-0.00440386,0.0426145,0.0025781,0.00096438,-3.39707e-05,0,0,-0.00901686,0.620956,-0.000186685,-0.0720615,0.00308675,-0.023569,-0.000400418,0,0,-3.46945e-12,-0.00490933,0.0386577,-0.0015797,-0.00118822,-0.000275535,1.73036e-06,0,0,0.240484,-0.000123295,0.344814,-0.00328478,-0.0281047,-0.000842166,-0.000907189,0,0,5.20417e-12,0.0601038,0.0010204,-0.0375674,-0.00372058,0.00327139,-0.000113924,0,0,0.00359813,-0.0727643,-0.00330112,0.61313,0.0186647,0.055481,-0.0021806,0,0,-1.99493e-11,0.0279483,-0.00951597,-0.038794,0.0326296,0.00034262,0.000218891,0,0,-0.273554,0.0305467,-0.280746,0.186862,0.300976,-0.0369222,0.0396028,0,0,-7.63278e-11,0.0428906,-0.00722756,0.0310308,0.01131,-0.0728516,0.00244098,0,0,-0.0359419,-0.235757,-0.0084517,0.554719,-0.036877,0.395642,-0.00453414,0,0,3.46945e-12,-0.00327053,0.00187717,0.0043461,-0.00181746,0.0032539,-5.17161e-05,0,0,-0.012924,-0.0039754,-0.00910349,-0.021847,0.0396346,-0.00454177,0.0651793,0,0,0,0,0,0,0,0,0,0,0,0,0,0,0,0,0,0,0.905991,3.9701e-09,0,0,-2.40048e-12,0,0,0,-2.40048e-12,0,0,0,0,0,0,0,0,0,3.9701e-09,0.905991,
-1.73472e-12,0.006635,-0.0157943,-0.00134075,0.00231313,-8.8352e-05,2.17906e-05,0,0,0.353273,-0.00902574,0.240196,0.00360089,-0.0274002,-0.00359424,-0.00129415,0,0,6.93889e-12,0.0758618,-0.00440355,0.0425883,0.00257726,0.000964777,-3.39929e-05,0,0,-0.00902234,0.620977,-0.000186491,-0.0720728,0.00308675,-0.0235614,-0.000400643,0,0,3.90313e-12,-0.00490952,0.0386945,-0.00157731,-0.00118847,-0.00027563,1.72064e-06,0,0,0.240419,-0.000123026,0.344908,-0.00328829,-0.0280971,-0.000841904,-0.000907543,0,0,-2.94903e-11,0.0600827,0.00102223,-0.0375446,-0.00372053,0.00327118,-0.000113954,0,0,0.00360045,-0.072776,-0.00330463,0.61312,0.018668,0.0554853,-0.00218032,0,0,1.06252e-11,0.0279434,-0.00950772,-0.0387876,0.0326347,0.000345218,0.000219277,0,0,-0.273337,0.0305465,-0.280669,0.186895,0.300972,-0.0369313,0.0395971,0,0,9.02056e-11,0.0429074,-0.00723033,0.0309842,0.0113113,-0.0728364,0.00244101,0,0,-0.0359494,-0.235681,-0.00844896,0.554762,-0.0368861,0.395641,-0.00453472,0,0,0,-0.00327086,0.00187761,0.00434706,-0.0018169,0.00325395,-5.16818e-05,0,0,-0.0129406,-0.00397761,-0.00910706,-0.0218443,0.0396289,-0.00454236,0.06518,0,0,0,0,0,1.20024e-12,0,0,0,0,0,0,0,0,0,0,0,0,0.905991,3.95119e-09,0,0,0,1.20024e-12,0,0,0,0,0,0,0,0,0,0,0,0,3.95119e-09,0.905991,
-1.73472e-12,0.0066332,-0.0158054,-0.00133898,0.00231228,-8.82827e-05,2.18195e-05,0,0,0.353379,-0.00903123,0.240131,0.00360315,-0.0273785,-0.00359499,-0.00129582,0,0,0,0.0758717,-0.00440325,0.0425622,0.00257641,0.000965178,-3.40151e-05,0,0,-0.00902782,0.620998,-0.000186297,-0.072084,0.00308676,-0.0235538,-0.000400868,0,0,6.50521e-13,-0.00490971,0.0387314,-0.00157487,-0.00118871,-0.000275715,1.71074e-06,0,0,0.240354,-0.000122757,0.345003,-0.00329182,-0.0280894,-0.000841637,-0.000907898,0,0,-3.46945e-12,0.0600616,0.00102406,-0.0375218,-0.00372047,0.00327098,-0.000113984,0,0,0.00360275,-0.0727877,-0.00330816,0.613111,0.0186713,0.0554895,-0.00218004,0,0,-1.19262e-11,0.0279385,-0.00949942,-0.0387812,0.0326396,0.000347743,0.000219663,0,0,-0.273119,0.0305463,-0.280592,0.186928,0.300969,-0.0369404,0.0395914,0,0,-5.55112e-11,0.0429243,-0.0072331,0.0309376,0.0113125,-0.0728211,0.00244105,0,0,-0.0359568,-0.235605,-0.00844617,0.554806,-0.0368952,0.39564,-0.00453531,0,0,1.73472e-12,-0.00327118,0.00187804,0.00434802,-0.00181635,0.003254,-5.1645e-05,0,0,-0.0129573,-0.00397983,-0.00911064,-0.0218415,0.0396232,-0.00454296,0.0651808,0,0,0,0,0,0,0,0,0,0,0,0,0,0,0,0,0,0,0.905991,4.02381e-09,0,0,0,0,0,0,0,0,0,0,0,0,0,0,0,0,4.02411e-09,0.905991,
3.46945e-12,0.00663138,-0.0158165,-0.00133723,0.0023114,-8.82536e-05,2.18501e-05,0,0,0.353485,-0.00903671,0.240065,0.00360539,-0.0273567,-0.00359574,-0.0012975,0,0,6.93889e-12,0.0758816,-0.00440294,0.042536,0.00257556,0.000965571,-3.40373e-05,0,0,-0.00903329,0.621018,-0.000186102,-0.0720952,0.00308676,-0.0235462,-0.000401094,0,0,-9.32414e-12,-0.0049099,0.0387683,-0.00157247,-0.00118898,-0.000275826,1.70134e-06,0,0,0.240289,-0.000122488,0.345098,-0.00329535,-0.0280817,-0.000841365,-0.000908253,0,0,8.67362e-12,0.0600404,0.00102588,-0.0374989,-0.00372043,0.00327077,-0.000114014,0,0,0.00360503,-0.0727994,-0.0033117,0.613101,0.0186746,0.0554938,-0.00217976,0,0,-5.42101e-12,0.0279335,-0.00949105,-0.0387748,0.0326445,0.000350341,0.000220054,0,0,-0.272901,0.030546,-0.280515,0.186962,0.300965,-0.0369494,0.0395856,0,0,3.46945e-11,0.0429411,-0.00723585,0.030891,0.0113137,-0.0728059,0.00244108,0,0,-0.035964,-0.235529,-0.00844333,0.554849,-0.0369042,0.395638,-0.0045359,0,0,0,-0.0032715,0.00187847,0.00434898,-0.00181578,0.00325406,-5.16098e-05,0,0,-0.012974,-0.00398206,-0.00911422,-0.0218388,0.0396175,-0.00454355,0.0651815,0,0,0,0,0,1.20024e-12,0,-1.20024e-12,1.20024e-12,-1.72835e-10,0,0,0,0,0,0,0,0,0.905991,4.18914e-09,0,0,0,1.20024e-12,0,-1.20024e-12,1.20024e-12,-1.20024e-12,0,0,0,0,0,0,0,0,4.18794e-09,0.905991,
1.73472e-12,0.00662956,-0.0158276,-0.0013355,0.00231052,-8.8216e-05,2.18802e-05,0,0,0.353591,-0.0090422,0.24,0.00360762,-0.0273349,-0.00359648,-0.00129917,0,0,0,0.0758915,-0.00440263,0.0425098,0.00257472,0.000965967,-3.40596e-05,0,0,-0.00903877,0.621039,-0.000185907,-0.0721065,0.00308677,-0.0235385,-0.000401319,0,0,-6.28837e-12,-0.00491008,0.0388051,-0.0015701,-0.00118923,-0.000275931,1.69176e-06,0,0,0.240224,-0.00012222,0.345192,-0.00329889,-0.0280741,-0.00084109,-0.000908609,0,0,2.08167e-11,0.0600192,0.0010277,-0.0374761,-0.00372039,0.00327056,-0.000114045,0,0,0.0036073,-0.0728111,-0.00331524,0.613092,0.0186779,0.0554981,-0.00217948,0,0,-1.6263e-11,0.0279285,-0.00948263,-0.0387684,0.0326492,0.000352936,0.000220443,0,0,-0.272682,0.0305458,-0.280438,0.186995,0.300962,-0.0369585,0.0395798,0,0,-1.04083e-10,0.042958,-0.00723859,0.0308442,0.0113149,-0.0727906,0.00244112,0,0,-0.0359712,-0.235452,-0.00844043,0.554892,-0.0369133,0.395637,-0.0045365,0,0,1.73472e-12,-0.00327183,0.0018789,0.00434994,-0.00181522,0.00325411,-5.15745e-05,0,0,-0.0129908,-0.00398428,-0.00911781,-0.021836,0.0396117,-0.00454415,0.0651822,0,0,0,0,0,1.20024e-12,0,1.20024e-12,1.20024e-12,0,0,0,0,0,0,0,0,0,0.905991,-4.464e-09,0,0,0,1.20024e-12,0,1.20024e-12,1.20024e-12,0,0,0,0,0,0,0,0,0,-4.4637e-09,0.905991,
8.67362e-13,0.00662773,-0.0158387,-0.00133376,0.00230965,-8.81639e-05,2.19096e-05,0,0,0.353697,-0.00904768,0.239934,0.00360983,-0.0273131,-0.0035972,-0.00130085,0,0,6.93889e-12,0.0759014,-0.00440232,0.0424835,0.00257387,0.000966368,-3.4082e-05,0,0,-0.00904424,0.621059,-0.000185711,-0.0721178,0.00308677,-0.0235309,-0.000401546,0,0,-6.50521e-13,-0.00491027,0.038842,-0.00156771,-0.00118948,-0.000276025,1.68197e-06,0,0,0.240158,-0.000121952,0.345287,-0.00330245,-0.0280664,-0.000840809,-0.000908966,0,0,-2.42861e-11,0.0599979,0.00102953,-0.0374532,-0.00372033,0.00327035,-0.000114075,0,0,0.00360956,-0.0728228,-0.0033188,0.613082,0.0186812,0.0555023,-0.0021792,0,0,1.43115e-11,0.0279235,-0.00947416,-0.038762,0.032654,0.000355489,0.000220832,0,0,-0.272463,0.0305456,-0.28036,0.187028,0.300959,-0.0369676,0.0395741,0,0,-2.77556e-11,0.0429749,-0.00724133,0.0307974,0.0113162,-0.0727753,0.00244116,0,0,-0.0359782,-0.235376,-0.00843749,0.554935,-0.0369224,0.395636,-0.00453709,0,0,-3.46945e-12,-0.00327215,0.00187932,0.0043509,-0.00181465,0.00325416,-5.15378e-05,0,0,-0.0130075,-0.00398651,-0.00912141,-0.0218333,0.039606,-0.00454475,0.065183,0,0,0,0,0,-2.40048e-12,0,0,-2.40048e-12,-5.64113e-11,0,0,0,0,0,0,0,0,0.905991,-4.60202e-09,0,0,0,0,0,0,0,0,0,0,0,0,0,0,0,0,-4.60262e-09,0.905991,
-8.67362e-13,0.00662591,-0.0158497,-0.00133201,0.00230878,-8.81e-05,2.19384e-05,0,0,0.353803,-0.00905316,0.239869,0.00361203,-0.0272912,-0.00359791,-0.00130253,0,0,-6.93889e-12,0.0759113,-0.004402,0.0424573,0.00257302,0.000966774,-3.41044e-05,0,0,-0.00904971,0.62108,-0.000185514,-0.072129,0.00308678,-0.0235232,-0.000401772,0,0,1.51788e-12,-0.00491044,0.0388789,-0.00156529,-0.00118971,-0.00027611,1.672e-06,0,0,0.240093,-0.000121684,0.345382,-0.00330601,-0.0280587,-0.000840524,-0.000909323,0,0,1.56125e-11,0.0599767,0.00103135,-0.0374303,-0.00372025,0.00327015,-0.000114105,0,0,0.0036118,-0.0728345,-0.00332236,0.613073,0.0186845,0.0555066,-0.00217892,0,0,-3.46945e-12,0.0279185,-0.00946564,-0.0387556,0.0326586,0.000357987,0.000221219,0,0,-0.272244,0.0305454,-0.280283,0.187062,0.300955,-0.0369766,0.0395682,0,0,-1.17961e-10,0.0429919,-0.00724404,0.0307506,0.0113173,-0.0727601,0.00244119,0,0,-0.0359851,-0.2353,-0.00843449,0.554978,-0.0369315,0.395634,-0.00453768,0,0,0,-0.00327247,0.00187974,0.00435186,-0.00181406,0.00325422,-5.14992e-05,0,0,-0.0130243,-0.00398874,-0.00912501,-0.0218305,0.0396002,-0.00454535,0.0651837,0,0,0,-1.20024e-12,0,1.20024e-12,-1.20024e-12,0,-1.20024e-12,0,0,0,0,0,0,0,0,0,0.905991,-4.58852e-09,0,0,0,0,0,0,0,0,0,0,0,0,0,0,0,0,-4.58792e-09,0.905991,
8.67362e-13,0.00662408,-0.0158608,-0.00133023,0.0023079,-8.80273e-05,2.19669e-05,0,0,0.35391,-0.00905864,0.239803,0.0036142,-0.0272693,-0.00359861,-0.00130422,0,0,0,0.0759212,-0.00440169,0.0424311,0.00257217,0.000967183,-3.41269e-05,0,0,-0.00905517,0.621101,-0.000185317,-0.0721403,0.00308679,-0.0235156,-0.000401999,0,0,-2.60209e-12,-0.00491062,0.0389158,-0.00156283,-0.00118994,-0.000276187,1.66188e-06,0,0,0.240028,-0.000121416,0.345477,-0.00330959,-0.028051,-0.000840233,-0.000909681,0,0,-1.21431e-11,0.0599554,0.00103318,-0.0374073,-0.00372017,0.00326995,-0.000114135,0,0,0.00361403,-0.0728462,-0.00332593,0.613063,0.0186878,0.0555109,-0.00217864,0,0,-2.1684e-13,0.0279135,-0.00945707,-0.0387491,0.0326632,0.000360427,0.000221607,0,0,-0.272024,0.0305452,-0.280206,0.187095,0.300952,-0.0369857,0.0395624,0,0,6.245e-11,0.0430088,-0.00724675,0.0307037,0.0113184,-0.0727448,0.00244123,0,0,-0.0359918,-0.235223,-0.00843143,0.555022,-0.0369405,0.395633,-0.00453828,0,0,0,-0.00327279,0.00188015,0.00435282,-0.00181347,0.00325427,-5.14586e-05,0,0,-0.0130412,-0.00399097,-0.00912862,-0.0218277,0.0395945,-0.00454594,0.0651845,0,0,0,0,0,0,0,0,0,0,0,0,0,0,0,0,0,0,0.905991,-4.43999e-09,0,0,0,0,1.20024e-12,0,1.20024e-12,0,0,0,0,0,0,0,0,0,-4.43969e-09,0.905991,
0,0.00662225,-0.0158718,-0.00132844,0.00230701,-8.79617e-05,2.19957e-05,0,0,0.354016,-0.00906411,0.239737,0.00361636,-0.0272474,-0.0035993,-0.0013059,0,0,-6.93889e-12,0.075931,-0.00440138,0.0424049,0.00257132,0.000967592,-3.41494e-05,0,0,-0.00906063,0.621121,-0.000185119,-0.0721516,0.0030868,-0.0235079,-0.000402226,0,0,-2.1684e-13,-0.00491079,0.0389527,-0.00156036,-0.00119018,-0.000276267,1.65182e-06,0,0,0.239962,-0.000121148,0.345572,-0.00331318,-0.0280433,-0.000839937,-0.00091004,0,0,1.04083e-11,0.0599341,0.00103501,-0.0373844,-0.00372009,0.00326976,-0.000114166,0,0,0.00361624,-0.072858,-0.00332951,0.613054,0.0186912,0.0555151,-0.00217836,0,0,-1.56125e-11,0.0279085,-0.00944845,-0.0387426,0.0326677,0.000362851,0.000221997,0,0,-0.271805,0.0305451,-0.280128,0.187128,0.300949,-0.0369948,0.0395566,0,0,4.16334e-11,0.0430258,-0.00724944,0.0306567,0.0113195,-0.0727296,0.00244126,0,0,-0.0359985,-0.235147,-0.00842832,0.555065,-0.0369496,0.395632,-0.00453887,0,0,3.46945e-12,-0.00327311,0.00188056,0.00435379,-0.00181288,0.00325433,-5.14172e-05,0,0,-0.013058,-0.00399321,-0.00913223,-0.021825,0.0395887,-0.00454655,0.0651852,0,0,0,0,0,0,0,0,0,0,0,0,0,0,0,0,0,0,0.905991,4.19634e-09,0,0,0,0,0,0,0,-1.20024e-12,0,0,0,0,0,0,0,0,4.19694e-09,0.905991,
1.73472e-12,0.00662042,-0.0158829,-0.00132665,0.00230611,-8.78905e-05,2.20242e-05,0,0,0.354123,-0.00906958,0.239671,0.0036185,-0.0272254,-0.00359997,-0.00130759,0,0,2.08167e-11,0.0759409,-0.00440107,0.0423787,0.00257046,0.000968003,-3.4172e-05,0,0,-0.00906609,0.621142,-0.00018492,-0.0721629,0.00308681,-0.0235002,-0.000402453,0,0,6.50521e-13,-0.00491095,0.0389896,-0.00155787,-0.00119041,-0.000276341,1.64164e-06,0,0,0.239896,-0.00012088,0.345667,-0.00331678,-0.0280356,-0.000839635,-0.000910399,0,0,-1.38778e-11,0.0599127,0.00103683,-0.0373614,-0.00372,0.00326956,-0.000114196,0,0,0.00361843,-0.0728697,-0.0033331,0.613045,0.0186945,0.0555194,-0.00217808,0,0,1.45283e-11,0.0279035,-0.00943978,-0.0387361,0.0326721,0.000365243,0.000222387,0,0,-0.271584,0.0305449,-0.280051,0.187162,0.300946,-0.0370038,0.0395507,0,0,1.04083e-10,0.0430428,-0.00725212,0.0306097,0.0113205,-0.0727143,0.0024413,0,0,-0.036005,-0.23507,-0.00842515,0.555108,-0.0369587,0.39563,-0.00453947,0,0,0,-0.00327343,0.00188097,0.00435475,-0.00181228,0.00325439,-5.13745e-05,0,0,-0.0130749,-0.00399545,-0.00913586,-0.0218222,0.0395829,-0.00454715,0.065186,0,0,0,0,0,0,0,0,0,0,0,0,0,0,0,0,0,0,0.905991,4.09612e-09,0,0,0,0,0,0,0,0,0,0,0,0,0,0,0,0,4.09672e-09,0.905991,
1.73472e-12,0.00661859,-0.0158939,-0.00132484,0.00230521,-8.78123e-05,2.20524e-05,0,0,0.354229,-0.00907505,0.239605,0.00362063,-0.0272034,-0.00360063,-0.00130928,0,0,0,0.0759508,-0.00440075,0.0423524,0.00256961,0.000968416,-3.41947e-05,0,0,-0.00907155,0.621162,-0.000184721,-0.0721742,0.00308682,-0.0234925,-0.000402681,0,0,-1.95156e-12,-0.00491112,0.0390265,-0.00155537,-0.00119063,-0.00027641,1.63132e-06,0,0,0.23983,-0.000120612,0.345762,-0.00332039,-0.0280278,-0.000839328,-0.000910759,0,0,-1.04083e-11,0.0598914,0.00103866,-0.0373384,-0.0037199,0.00326937,-0.000114226,0,0,0.00362061,-0.0728815,-0.00333671,0.613035,0.0186978,0.0555237,-0.00217779,0,0,1.4962e-11,0.0278984,-0.00943106,-0.0387296,0.0326765,0.000367596,0.000222777,0,0,-0.271363,0.0305447,-0.279973,0.187196,0.300943,-0.0370128,0.0395449,0,0,9.02056e-11,0.0430599,-0.00725479,0.0305626,0.0113215,-0.0726991,0.00244133,0,0,-0.0360113,-0.234994,-0.00842192,0.555151,-0.0369677,0.395629,-0.00454007,0,0,0,-0.00327374,0.00188137,0.00435572,-0.00181167,0.00325445,-5.13305e-05,0,0,-0.0130918,-0.00399769,-0.00913949,-0.0218194,0.0395771,-0.00454775,0.0651867,0,0,0,0,0,0,0,1.20024e-12,-1.20024e-12,0,0,0,0,0,0,0,0,0,0.905991,4.10512e-09,0,0,1.20024e-12,0,-1.20024e-12,-2.40048e-12,1.20024e-12,0,0,0,0,0,0,0,0,0,4.10572e-09,0.905991,
2.60209e-12,0.00661676,-0.0159049,-0.00132302,0.0023043,-8.77286e-05,2.20803e-05,0,0,0.354336,-0.00908052,0.239538,0.00362273,-0.0271813,-0.00360128,-0.00131098,0,0,0,0.0759606,-0.00440044,0.0423262,0.00256875,0.000968832,-3.42174e-05,0,0,-0.009077,0.621183,-0.000184522,-0.0721855,0.00308683,-0.0234848,-0.000402909,0,0,-8.23994e-12,-0.00491128,0.0390634,-0.00155284,-0.00119085,-0.000276473,1.62087e-06,0,0,0.239764,-0.000120343,0.345858,-0.00332401,-0.0280201,-0.000839016,-0.000911119,0,0,5.20417e-12,0.05987,0.00104049,-0.0373154,-0.00371979,0.00326917,-0.000114256,0,0,0.00362277,-0.0728932,-0.00334032,0.613026,0.0187011,0.0555279,-0.00217751,0,0,-2.1684e-12,0.0278934,-0.00942228,-0.0387231,0.0326808,0.000369909,0.000223168,0,0,-0.271142,0.0305446,-0.279895,0.187229,0.30094,-0.0370219,0.039539,0,0,-6.93889e-11,0.0430769,-0.00725745,0.0305155,0.0113225,-0.0726839,0.00244137,0,0,-0.0360175,-0.234917,-0.00841864,0.555194,-0.0369767,0.395628,-0.00454067,0,0,5.20417e-12,-0.00327406,0.00188177,0.00435668,-0.00181105,0.00325451,-5.12851e-05,0,0,-0.0131087,-0.00399994,-0.00914312,-0.0218166,0.0395712,-0.00454835,0.0651875,0,0,0,0,0,0,0,0,0,0,0,0,0,0,0,0,0,0,0.905991,4.21435e-09,0,0,0,0,0,0,0,0,0,0,0,0,0,0,0,0,4.21435e-09,0.905991,
0,0.00661492,-0.015916,-0.00132119,0.00230338,-8.76406e-05,2.21081e-05,0,0,0.354443,-0.00908598,0.239472,0.00362482,-0.0271593,-0.00360191,-0.00131267,0,0,6.93889e-12,0.0759705,-0.00440012,0.0423,0.00256789,0.000969249,-3.42401e-05,0,0,-0.00908245,0.621204,-0.000184322,-0.0721968,0.00308685,-0.0234771,-0.000403137,0,0,2.1684e-12,-0.00491143,0.0391004,-0.00155029,-0.00119106,-0.000276532,1.61032e-06,0,0,0.239698,-0.000120075,0.345953,-0.00332764,-0.0280124,-0.000838698,-0.00091148,0,0,-1.21431e-11,0.0598485,0.00104232,-0.0372923,-0.00371968,0.00326898,-0.000114287,0,0,0.00362491,-0.072905,-0.00334394,0.613016,0.0187045,0.0555322,-0.00217722,0,0,7.80626e-12,0.0278883,-0.00941346,-0.0387165,0.032685,0.000372184,0.000223559,0,0,-0.270921,0.0305444,-0.279817,0.187263,0.300938,-0.0370309,0.0395331,0,0,8.32667e-11,0.043094,-0.00726009,0.0304683,0.0113234,-0.0726686,0.00244141,0,0,-0.0360236,-0.23484,-0.0084153,0.555238,-0.0369858,0.395627,-0.00454127,0,0,0,-0.00327437,0.00188216,0.00435765,-0.00181042,0.00325457,-5.12384e-05,0,0,-0.0131256,-0.00400219,-0.00914677,-0.0218138,0.0395654,-0.00454896,0.0651882,0,0,0,0,0,0,0,0,0,0,0,0,0,0,0,0,0,0,0.905991,-4.43189e-09,0,0,0,0,0,0,0,0,0,0,0,0,0,0,0,0,-4.43219e-09,0.905991,
8.67362e-13,0.00661309,-0.015927,-0.00131935,0.00230246,-8.75488e-05,2.21357e-05,0,0,0.35455,-0.00909145,0.239405,0.00362689,-0.0271371,-0.00360253,-0.00131437,0,0,0,0.0759803,-0.00439981,0.0422737,0.00256704,0.000969666,-3.42628e-05,0,0,-0.0090879,0.621224,-0.000184121,-0.0722081,0.00308686,-0.0234694,-0.000403366,0,0,-8.67362e-13,-0.00491158,0.0391373,-0.00154772,-0.00119128,-0.000276586,1.59965e-06,0,0,0.239632,-0.000119807,0.346048,-0.00333128,-0.0280046,-0.000838374,-0.000911842,0,0,-1.21431e-11,0.0598271,0.00104415,-0.0372692,-0.00371956,0.0032688,-0.000114317,0,0,0.00362704,-0.0729167,-0.00334757,0.613007,0.0187078,0.0555365,-0.00217694,0,0,5.42101e-12,0.0278832,-0.00940459,-0.0387099,0.0326891,0.000374424,0.000223951,0,0,-0.270699,0.0305443,-0.279739,0.187296,0.300935,-0.0370399,0.0395272,0,0,6.93889e-12,0.0431112,-0.00726273,0.030421,0.0113243,-0.0726534,0.00244144,0,0,-0.0360296,-0.234763,-0.00841191,0.555281,-0.0369948,0.395625,-0.00454187,0,0,0,-0.00327469,0.00188255,0.00435862,-0.00180979,0.00325464,-5.11904e-05,0,0,-0.0131426,-0.00400444,-0.00915041,-0.021811,0.0395595,-0.00454956,0.065189,0,0,0,0,0,1.20024e-12,-1.20024e-12,1.20024e-12,0,0,0,0,0,0,0,0,0,0,0.905991,-4.51171e-09,0,0,0,0,0,0,0,0,0,0,0,0,0,0,0,0,-4.51231e-09,0.905991,
2.60209e-12,0.00661125,-0.015938,-0.00131749,0.00230153,-8.74535e-05,2.21631e-05,0,0,0.354657,-0.00909691,0.239339,0.00362895,-0.027115,-0.00360314,-0.00131607,0,0,2.08167e-11,0.0759901,-0.0043995,0.0422474,0.00256618,0.000970085,-3.42856e-05,0,0,-0.00909335,0.621245,-0.00018392,-0.0722194,0.00308688,-0.0234617,-0.000403595,0,0,-7.15573e-12,-0.00491173,0.0391743,-0.00154514,-0.00119149,-0.000276636,1.58888e-06,0,0,0.239566,-0.000119539,0.346144,-0.00333494,-0.0279969,-0.000838044,-0.000912205,0,0,8.67362e-12,0.0598056,0.00104598,-0.0372462,-0.00371943,0.00326861,-0.000114347,0,0,0.00362915,-0.0729285,-0.00335121,0.612997,0.0187112,0.0555407,-0.00217665,0,0,-2.0383e-11,0.0278782,-0.00939566,-0.0387033,0.0326932,0.000376631,0.000224344,0,0,-0.270477,0.0305442,-0.279661,0.18733,0.300933,-0.0370489,0.0395213,0,0,-2.77556e-11,0.0431283,-0.00726534,0.0303737,0.0113252,-0.0726382,0.00244147,0,0,-0.0360354,-0.234686,-0.00840846,0.555324,-0.0370038,0.395624,-0.00454247,0,0,0,-0.003275,0.00188294,0.00435958,-0.00180916,0.0032547,-5.11411e-05,0,0,-0.0131596,-0.00400669,-0.00915407,-0.0218082,0.0395536,-0.00455017,0.0651897,0,0,0,0,0,0,0,0,0,0,0,0,0,0,0,0,0,0,0.905991,-4.45259e-09,0,-1.20024e-12,0,0,0,1.20024e-12,0,0,0,0,0,0,0,0,0,0,-4.45199e-09,0.905991,
1.73472e-12,0.00660941,-0.015949,-0.00131563,0.00230059,-8.73546e-05,2.21904e-05,0,0,0.354764,-0.00910237,0.239272,0.00363099,-0.0270928,-0.00360373,-0.00131778,0,0,6.93889e-12,0.0759999,-0.00439918,0.0422212,0.00256532,0.000970505,-3.43084e-05,0,0,-0.00909879,0.621265,-0.000183719,-0.0722308,0.00308689,-0.0234539,-0.000403825,0,0,-3.68629e-12,-0.00491188,0.0392112,-0.00154254,-0.00119169,-0.000276683,1.57799e-06,0,0,0.239499,-0.00011927,0.34624,-0.0033386,-0.0279891,-0.000837709,-0.000912568,0,0,-1.73472e-12,0.0597841,0.00104781,-0.037223,-0.0037193,0.00326842,-0.000114377,0,0,0.00363125,-0.0729403,-0.00335486,0.612988,0.0187145,0.055545,-0.00217637,0,0,1.01915e-11,0.0278731,-0.00938668,-0.0386967,0.0326971,0.000378805,0.000224738,0,0,-0.270255,0.0305441,-0.279583,0.187364,0.30093,-0.037058,0.0395153,0,0,-2.08167e-11,0.0431455,-0.00726795,0.0303263,0.011326,-0.0726229,0.00244151,0,0,-0.0360411,-0.234609,-0.00840495,0.555367,-0.0370129,0.395623,-0.00454308,0,0,-1.73472e-12,-0.00327531,0.00188332,0.00436055,-0.00180851,0.00325477,-5.10908e-05,0,0,-0.0131766,-0.00400895,-0.00915773,-0.0218054,0.0395477,-0.00455078,0.0651905,0,0,0,0,0,0,0,0,0,0,0,0,0,0,0,0,0,0,0.905991,4.27736e-09,0,-1.20024e-12,0,0,1.20024e-12,0,-1.20024e-12,0,0,0,0,0,0,0,0,0,4.27646e-09,0.905991,
8.67362e-13,0.00660757,-0.01596,-0.00131375,0.00229964,-8.72519e-05,2.22176e-05,0,0,0.354871,-0.00910782,0.239205,0.00363301,-0.0270706,-0.00360431,-0.00131948,0,0,0,0.0760097,-0.00439887,0.0421949,0.00256445,0.000970925,-3.43312e-05,0,0,-0.00910423,0.621286,-0.000183518,-0.0722421,0.00308691,-0.0234462,-0.000404054,0,0,-1.95156e-12,-0.00491202,0.0392482,-0.00153991,-0.0011919,-0.000276725,1.56699e-06,0,0,0.239433,-0.000119002,0.346335,-0.00334228,-0.0279813,-0.000837368,-0.000912932,0,0,5.20417e-12,0.0597625,0.00104964,-0.0371999,-0.00371916,0.00326823,-0.000114408,0,0,0.00363333,-0.0729521,-0.00335852,0.612978,0.0187179,0.0555493,-0.00217608,0,0,1.73472e-12,0.027868,-0.00937764,-0.0386901,0.032701,0.000380944,0.000225133,0,0,-0.270032,0.030544,-0.279505,0.187398,0.300928,-0.037067,0.0395094,0,0,-1.38778e-11,0.0431626,-0.00727054,0.0302789,0.0113268,-0.0726077,0.00244154,0,0,-0.0360466,-0.234532,-0.00840139,0.555411,-0.0370219,0.395622,-0.00454368,0,0,0,-0.00327562,0.0018837,0.00436152,-0.00180786,0.00325483,-5.10392e-05,0,0,-0.0131936,-0.00401121,-0.0091614,-0.0218026,0.0395418,-0.00455139,0.0651912,0,0,0,0,0,0,0,0,2.40048e-12,0,0,0,0,0,0,0,0,0,0.905991,4.23565e-09,0,0,0,0,0,0,-1.20024e-12,0,0,0,0,0,0,0,0,0,4.23595e-09,0.905991,
-8.67362e-13,0.00660572,-0.0159709,-0.00131187,0.00229868,-8.71517e-05,2.22448e-05,0,0,0.354978,-0.00911327,0.239138,0.00363501,-0.0270483,-0.00360487,-0.00132119,0,0,-6.93889e-12,0.0760195,-0.00439855,0.0421686,0.00256359,0.000971345,-3.43541e-05,0,0,-0.00910967,0.621307,-0.000183317,-0.0722534,0.00308693,-0.0234385,-0.000404284,0,0,2.60209e-12,-0.00491216,0.0392852,-0.00153728,-0.0011921,-0.000276767,1.55596e-06,0,0,0.239366,-0.000118733,0.346431,-0.00334597,-0.0279736,-0.000837022,-0.000913296,0,0,-1.21431e-11,0.059741,0.00105147,-0.0371768,-0.00371902,0.00326805,-0.000114438,0,0,0.0036354,-0.0729639,-0.00336219,0.612968,0.0187212,0.0555535,-0.00217579,0,0,2.40693e-11,0.0278629,-0.00936855,-0.0386834,0.0327049,0.000383065,0.000225529,0,0,-0.269809,0.0305439,-0.279427,0.187432,0.300925,-0.037076,0.0395034,0,0,-4.16334e-11,0.0431798,-0.00727312,0.0302314,0.0113275,-0.0725924,0.00244157,0,0,-0.036052,-0.234455,-0.00839777,0.555454,-0.0370309,0.395621,-0.00454428,0,0,0,-0.00327593,0.00188408,0.00436249,-0.0018072,0.0032549,-5.09868e-05,0,0,-0.0132107,-0.00401348,-0.00916508,-0.0217997,0.0395359,-0.004552,0.065192,0,0,0,0,0,0,0,0,0,1.15223e-10,0,0,0,0,0,0,0,0,0.905991,-4.30857e-09,0,0,0,0,0,0,0,0,0,0,0,0,0,0,0,0,-4.30887e-09,0.905991,
-1.73472e-12,0.00660387,-0.0159819,-0.00130999,0.00229772,-8.7054e-05,2.22721e-05,0,0,0.355086,-0.00911873,0.239071,0.003637,-0.027026,-0.00360543,-0.0013229,0,0,6.93889e-12,0.0760293,-0.00439823,0.0421422,0.00256272,0.000971765,-3.43769e-05,0,0,-0.00911511,0.621327,-0.000183115,-0.0722648,0.00308695,-0.0234307,-0.000404514,0,0,9.75782e-12,-0.00491229,0.0393222,-0.00153465,-0.0011923,-0.00027681,1.5449e-06,0,0,0.239299,-0.000118464,0.346527,-0.00334966,-0.0279658,-0.00083667,-0.000913662,0,0,-1.04083e-11,0.0597194,0.0010533,-0.0371536,-0.00371887,0.00326786,-0.000114469,0,0,0.00363745,-0.0729757,-0.00336587,0.612959,0.0187246,0.0555578,-0.0021755,0,0,2.12504e-11,0.0278577,-0.0093594,-0.0386768,0.0327086,0.000385174,0.000225927,0,0,-0.269585,0.0305438,-0.279349,0.187465,0.300923,-0.037085,0.0394974,0,0,2.77556e-11,0.0431971,-0.00727569,0.0301838,0.0113282,-0.0725772,0.00244161,0,0,-0.0360573,-0.234378,-0.0083941,0.555497,-0.0370399,0.395619,-0.00454489,0,0,1.73472e-12,-0.00327624,0.00188445,0.00436346,-0.00180654,0.00325497,-5.09339e-05,0,0,-0.0132278,-0.00401575,-0.00916876,-0.0217969,0.03953,-0.00455261,0.0651928,0,0,0,0,0,0,0,0,0,0,0,0,0,0,0,0,0,0,0.905991,4.25876e-09,0,-1.20024e-12,0,-1.20024e-12,-1.20024e-12,0,0,0,0,0,0,0,0,0,0,0,4.25876e-09,0.905991,
-6.07153e-12,0.00660202,-0.0159928,-0.00130811,0.00229674,-8.69572e-05,2.22995e-05,0,0,0.355193,-0.00912418,0.239004,0.00363897,-0.0270037,-0.00360597,-0.00132462,0,0,-6.93889e-12,0.0760391,-0.00439791,0.0421159,0.00256186,0.000972185,-3.43997e-05,0,0,-0.00912054,0.621348,-0.000182913,-0.0722761,0.00308697,-0.023423,-0.000404745,0,0,1.71304e-11,-0.00491243,0.0393592,-0.00153203,-0.0011925,-0.000276852,1.53379e-06,0,0,0.239232,-0.000118195,0.346623,-0.00335337,-0.027958,-0.000836313,-0.000914028,0,0,1.9082e-11,0.0596977,0.00105513,-0.0371304,-0.00371872,0.00326767,-0.000114499,0,0,0.00363948,-0.0729875,-0.00336956,0.612949,0.0187279,0.0555621,-0.00217522,0,0,3.46945e-12,0.0278526,-0.00935019,-0.0386701,0.0327123,0.000387271,0.000226325,0,0,-0.269361,0.0305437,-0.27927,0.187499,0.300921,-0.0370939,0.0394914,0,0,-2.77556e-11,0.0432143,-0.00727824,0.0301362,0.011329,-0.0725619,0.00244164,0,0,-0.0360625,-0.2343,-0.00839038,0.55554,-0.0370489,0.395618,-0.0045455,0,0,3.46945e-12,-0.00327655,0.00188482,0.00436443,-0.00180587,0.00325505,-5.08804e-05,0,0,-0.0132449,-0.00401802,-0.00917245,-0.0217941,0.039524,-0.00455322,0.0651935,0,0,0,0,1.20024e-12,0,-1.20024e-12,0,0,0,0,0,0,0,0,0,0,0,0.905991,-4.32477e-09,0,0,0,0,0,0,0,0,0,0,0,0,0,0,0,0,-4.32507e-09,0.905991,
0,0.00660016,-0.0160038,-0.00130623,0.00229575,-8.68599e-05,2.23267e-05,0,0,0.355301,-0.00912962,0.238936,0.00364092,-0.0269813,-0.00360649,-0.00132633,0,0,1.38778e-11,0.0760489,-0.00439759,0.0420895,0.00256099,0.000972604,-3.44226e-05,0,0,-0.00912597,0.621369,-0.000182711,-0.0722875,0.00308699,-0.0234152,-0.000404976,0,0,-5.20417e-12,-0.00491256,0.0393962,-0.0015294,-0.0011927,-0.000276893,1.5226e-06,0,0,0.239165,-0.000117926,0.346719,-0.00335709,-0.0279502,-0.00083595,-0.000914394,0,0,-1.04083e-11,0.0596761,0.00105696,-0.0371071,-0.00371857,0.00326748,-0.00011453,0,0,0.0036415,-0.0729993,-0.00337326,0.61294,0.0187313,0.0555663,-0.00217493,0,0,-2.84061e-11,0.0278475,-0.00934093,-0.0386635,0.0327158,0.000389354,0.000226725,0,0,-0.269137,0.0305437,-0.279192,0.187533,0.300919,-0.0371029,0.0394854,0,0,-2.77556e-11,0.0432316,-0.00728079,0.0300885,0.0113296,-0.0725467,0.00244167,0,0,-0.0360675,-0.234223,-0.0083866,0.555583,-0.0370579,0.395617,-0.00454611,0,0,0,-0.00327685,0.00188519,0.0043654,-0.0018052,0.00325512,-5.08264e-05,0,0,-0.013262,-0.00402029,-0.00917615,-0.0217912,0.039518,-0.00455384,0.0651943,0,0,0,0,0,0,0,0,0,0,0,0,0,0,0,0,0,0,0.905991,4.26776e-09,0,0,0,0,0,0,0,1.15223e-10,0,0,0,0,0,0,0,0,4.26776e-09,0.905991,
1.73472e-12,0.0065983,-0.0160147,-0.00130435,0.00229476,-8.67612e-05,2.2354e-05,0,0,0.355409,-0.00913507,0.238869,0.00364286,-0.0269589,-0.003607,-0.00132805,0,0,0,0.0760587,-0.00439726,0.0420631,0.00256012,0.000973024,-3.44455e-05,0,0,-0.0091314,0.621389,-0.000182509,-0.0722988,0.00308701,-0.0234074,-0.000405207,0,0,-4.55365e-12,-0.00491269,0.0394332,-0.00152677,-0.0011929,-0.000276931,1.51133e-06,0,0,0.239098,-0.000117658,0.346815,-0.00336082,-0.0279424,-0.000835581,-0.000914761,0,0,-1.04083e-11,0.0596544,0.00105879,-0.0370839,-0.00371841,0.00326728,-0.00011456,0,0,0.0036435,-0.0730111,-0.00337697,0.61293,0.0187347,0.0555706,-0.00217464,0,0,4.33681e-13,0.0278423,-0.0093316,-0.0386568,0.0327193,0.000391419,0.000227125,0,0,-0.268913,0.0305436,-0.279113,0.187567,0.300917,-0.0371119,0.0394794,0,0,-2.08167e-11,0.0432489,-0.00728332,0.0300408,0.0113303,-0.0725314,0.0024417,0,0,-0.0360724,-0.234145,-0.00838276,0.555627,-0.0370669,0.395616,-0.00454672,0,0,-1.73472e-12,-0.00327716,0.00188555,0.00436637,-0.00180452,0.00325519,-5.07717e-05,0,0,-0.0132791,-0.00402257,-0.00917985,-0.0217884,0.039512,-0.00455445,0.0651951,0,0,0,-1.20024e-12,-1.20024e-12,0,0,0,-1.20024e-12,0,0,0,0,0,0,0,0,0,0.905991,-4.32687e-09,0,2.40048e-12,2.40048e-12,0,0,0,2.40048e-12,0,0,0,0,0,0,0,0,0,-4.32747e-09,0.905991,
-1.73472e-12,0.00659644,-0.0160256,-0.00130247,0.00229376,-8.66606e-05,2.23811e-05,0,0,0.355516,-0.00914051,0.238801,0.00364478,-0.0269365,-0.0036075,-0.00132977,0,0,0,0.0760684,-0.00439694,0.0420366,0.00255925,0.000973445,-3.44684e-05,0,0,-0.00913683,0.62141,-0.000182307,-0.0723102,0.00308704,-0.0233996,-0.000405439,0,0,3.03577e-12,-0.00491282,0.0394702,-0.00152413,-0.00119309,-0.000276967,1.49997e-06,0,0,0.23903,-0.000117389,0.346911,-0.00336456,-0.0279346,-0.000835207,-0.000915129,0,0,8.67362e-12,0.0596327,0.00106062,-0.0370606,-0.00371825,0.00326709,-0.000114591,0,0,0.00364548,-0.0730229,-0.00338069,0.612921,0.018738,0.0555749,-0.00217435,0,0,-7.58942e-12,0.0278371,-0.00932222,-0.0386501,0.0327228,0.000393463,0.000227525,0,0,-0.268688,0.0305436,-0.279035,0.187601,0.300915,-0.0371209,0.0394733,0,0,-3.46945e-11,0.0432663,-0.00728583,0.029993,0.011331,-0.0725161,0.00244173,0,0,-0.0360771,-0.234068,-0.00837887,0.55567,-0.0370758,0.395615,-0.00454733,0,0,0,-0.00327746,0.00188591,0.00436734,-0.00180383,0.00325526,-5.07161e-05,0,0,-0.0132963,-0.00402485,-0.00918356,-0.0217855,0.039506,-0.00455507,0.0651958,0,0,0,-1.20024e-12,0,1.20024e-12,0,0,0,0,0,0,0,0,0,0,0,0,0.905991,4.26446e-09,0,0,0,0,0,0,0,0,0,0,0,0,0,0,0,0,4.26446e-09,0.905991,
-2.60209e-12,0.00659457,-0.0160365,-0.00130058,0.00229275,-8.65579e-05,2.24081e-05,0,0,0.355624,-0.00914595,0.238733,0.00364668,-0.026914,-0.00360799,-0.00133149,0,0,-1.38778e-11,0.0760782,-0.00439661,0.0420102,0.00255838,0.000973866,-3.44913e-05,0,0,-0.00914226,0.621431,-0.000182105,-0.0723215,0.00308706,-0.0233918,-0.000405671,0,0,8.23994e-12,-0.00491295,0.0395072,-0.00152149,-0.00119329,-0.000277001,1.48852e-06,0,0,0.238963,-0.00011712,0.347007,-0.00336831,-0.0279267,-0.000834828,-0.000915498,0,0,0,0.059611,0.00106245,-0.0370373,-0.00371808,0.0032669,-0.000114621,0,0,0.00364745,-0.0730347,-0.00338442,0.612911,0.0187414,0.0555791,-0.00217405,0,0,1.60462e-11,0.0278319,-0.00931278,-0.0386434,0.0327261,0.000395483,0.000227927,0,0,-0.268462,0.0305436,-0.278956,0.187635,0.300913,-0.0371298,0.0394672,0,0,3.46945e-11,0.0432836,-0.00728833,0.0299451,0.0113316,-0.0725008,0.00244176,0,0,-0.0360818,-0.23399,-0.00837493,0.555713,-0.0370848,0.395614,-0.00454794,0,0,-3.46945e-12,-0.00327777,0.00188627,0.00436831,-0.00180314,0.00325534,-5.06597e-05,0,0,-0.0133135,-0.00402713,-0.00918728,-0.0217826,0.0395,-0.00455568,0.0651966,0,0,0,2.40048e-12,1.20024e-12,0,0,3.60072e-12,2.40048e-12,0,0,0,0,0,0,0,0,0,0.905991,-4.31937e-09,0,3.60072e-12,0,0,0,3.60072e-12,3.60072e-12,0,0,0,0,0,0,0,0,0,-4.31907e-09,0.905991,
-1.73472e-12,0.0065927,-0.0160474,-0.00129869,0.00229174,-8.64531e-05,2.2435e-05,0,0,0.355732,-0.00915139,0.238666,0.00364857,-0.0268915,-0.00360846,-0.00133322,0,0,0,0.0760879,-0.00439628,0.0419837,0.00255751,0.000974287,-3.45142e-05,0,0,-0.00914768,0.621451,-0.000181903,-0.0723329,0.00308709,-0.0233841,-0.000405903,0,0,5.63785e-12,-0.00491307,0.0395443,-0.00151883,-0.00119347,-0.000277031,1.47698e-06,0,0,0.238895,-0.000116851,0.347104,-0.00337207,-0.0279189,-0.000834443,-0.000915867,0,0,5.20417e-12,0.0595892,0.00106428,-0.0370139,-0.00371791,0.00326671,-0.000114652,0,0,0.0036494,-0.0730466,-0.00338816,0.612901,0.0187448,0.0555834,-0.00217376,0,0,6.93889e-12,0.0278267,-0.00930328,-0.0386367,0.0327294,0.000397478,0.000228329,0,0,-0.268237,0.0305435,-0.278877,0.187669,0.300911,-0.0371388,0.0394612,0,0,-4.85723e-11,0.043301,-0.00729082,0.0298971,0.0113322,-0.0724855,0.00244179,0,0,-0.0360863,-0.233912,-0.00837093,0.555756,-0.0370938,0.395613,-0.00454855,0,0,0,-0.00327807,0.00188662,0.00436928,-0.00180244,0.00325541,-5.06024e-05,0,0,-0.0133308,-0.00402942,-0.009191,-0.0217798,0.039494,-0.0045563,0.0651974,0,0,0,0,0,0,0,0,0,-1.20024e-12,0,0,0,0,0,0,0,0,0.905991,4.25185e-09,0,0,0,0,0,0,1.20024e-12,2.40048e-12,0,0,0,0,0,0,0,0,4.25185e-09,0.905991,
3.46945e-12,0.00659082,-0.0160582,-0.0012968,0.00229072,-8.63462e-05,2.24618e-05,0,0,0.35584,-0.00915683,0.238598,0.00365044,-0.026869,-0.00360892,-0.00133495,0,0,0,0.0760977,-0.00439595,0.0419572,0.00255663,0.000974709,-3.45371e-05,0,0,-0.0091531,0.621472,-0.000181701,-0.0723443,0.00308711,-0.0233762,-0.000406135,0,0,-8.89046e-12,-0.00491319,0.0395813,-0.00151617,-0.00119366,-0.000277058,1.46536e-06,0,0,0.238828,-0.000116582,0.3472,-0.00337584,-0.0279111,-0.000834053,-0.000916237,0,0,-1.04083e-11,0.0595674,0.00106611,-0.0369906,-0.00371773,0.00326652,-0.000114682,0,0,0.00365134,-0.0730584,-0.00339191,0.612892,0.0187482,0.0555877,-0.00217347,0,0,9.75782e-12,0.0278215,-0.00929373,-0.0386299,0.0327325,0.000399448,0.000228733,0,0,-0.268011,0.0305435,-0.278799,0.187704,0.30091,-0.0371477,0.0394551,0,0,5.55112e-11,0.0433184,-0.0072933,0.0298491,0.0113327,-0.0724702,0.00244182,0,0,-0.0360906,-0.233835,-0.00836689,0.555799,-0.0371027,0.395612,-0.00454917,0,0,0,-0.00327837,0.00188697,0.00437025,-0.00180173,0.00325549,-5.05441e-05,0,0,-0.013348,-0.00403171,-0.00919473,-0.0217769,0.039488,-0.00455692,0.0651981,0,0,0,-3.60072e-12,0,-3.60072e-12,-3.60072e-12,-3.60072e-12,3.60072e-12,0,0,0,0,0,0,0,0,0,0.905991,-4.30226e-09,0,-1.20024e-12,0,-1.20024e-12,-1.20024e-12,-1.20024e-12,1.20024e-12,0,0,0,0,0,0,0,0,0,-4.30256e-09,0.905991,
0,0.00658895,-0.0160691,-0.00129489,0.00228969,-8.62375e-05,2.24885e-05,0,0,0.355949,-0.00916227,0.238529,0.0036523,-0.0268464,-0.00360937,-0.00133668,0,0,2.08167e-11,0.0761074,-0.00439561,0.0419307,0.00255575,0.000975132,-3.45601e-05,0,0,-0.00915852,0.621492,-0.000181499,-0.0723557,0.00308714,-0.0233684,-0.000406368,0,0,6.07153e-12,-0.0049133,0.0396184,-0.00151349,-0.00119384,-0.000277083,1.45365e-06,0,0,0.23876,-0.000116314,0.347297,-0.00337963,-0.0279032,-0.000833657,-0.000916608,0,0,-3.46945e-11,0.0595456,0.00106794,-0.0369672,-0.00371754,0.00326633,-0.000114713,0,0,0.00365326,-0.0730703,-0.00339568,0.612882,0.0187516,0.0555919,-0.00217317,0,0,2.90566e-11,0.0278163,-0.00928412,-0.0386232,0.0327356,0.000401393,0.000229137,0,0,-0.267785,0.0305435,-0.27872,0.187738,0.300908,-0.0371567,0.039449,0,0,1.31839e-10,0.0433358,-0.00729576,0.0298011,0.0113332,-0.0724548,0.00244185,0,0,-0.0360949,-0.233757,-0.00836278,0.555843,-0.0371117,0.395611,-0.00454978,0,0,-1.73472e-12,-0.00327867,0.00188732,0.00437123,-0.00180102,0.00325556,-5.04848e-05,0,0,-0.0133653,-0.004034,-0.00919847,-0.021774,0.0394819,-0.00455754,0.0651989,0,0,0,0,0,0,-1.20024e-12,0,0,0,0,0,0,0,0,0,0,0,0.905991,4.23265e-09,0,0,0,0,-1.20024e-12,0,0,0,0,0,0,0,0,0,0,0,4.23145e-09,0.905991,
-8.67362e-13,0.00658707,-0.0160799,-0.00129299,0.00228865,-8.61271e-05,2.25152e-05,0,0,0.356057,-0.0091677,0.238461,0.00365414,-0.0268238,-0.00360981,-0.00133841,0,0,0,0.0761171,-0.00439528,0.0419041,0.00255488,0.000975556,-3.45831e-05,0,0,-0.00916394,0.621513,-0.000181297,-0.072367,0.00308717,-0.0233606,-0.000406601,0,0,2.1684e-13,-0.00491342,0.0396554,-0.0015108,-0.00119402,-0.000277105,1.44187e-06,0,0,0.238692,-0.000116045,0.347393,-0.00338342,-0.0278954,-0.000833256,-0.000916979,0,0,-1.38778e-11,0.0595237,0.00106977,-0.0369438,-0.00371735,0.00326614,-0.000114743,0,0,0.00365517,-0.0730821,-0.00339945,0.612873,0.018755,0.0555962,-0.00217288,0,0,-1.51788e-11,0.0278111,-0.00927445,-0.0386164,0.0327386,0.000403313,0.000229541,0,0,-0.267558,0.0305435,-0.278641,0.187772,0.300907,-0.0371656,0.0394428,0,0,3.46945e-11,0.0433532,-0.00729821,0.0297529,0.0113337,-0.0724395,0.00244187,0,0,-0.036099,-0.233679,-0.00835863,0.555886,-0.0371206,0.39561,-0.0045504,0,0,1.73472e-12,-0.00327897,0.00188766,0.0043722,-0.0018003,0.00325564,-5.04246e-05,0,0,-0.0133826,-0.0040363,-0.00920221,-0.0217711,0.0394758,-0.00455816,0.0651997,0,0,0,0,0,0,0,0,0,0,0,0,0,0,0,0,0,0,0.905991,4.27826e-09,0,0,-2.40048e-12,0,-2.40048e-12,-2.40048e-12,2.40048e-12,0,0,0,0,0,0,0,0,0,4.27766e-09,0.905991,
-8.67362e-13,0.00658518,-0.0160907,-0.00129107,0.00228761,-8.60156e-05,2.25417e-05,0,0,0.356165,-0.00917313,0.238393,0.00365596,-0.0268012,-0.00361023,-0.00134014,0,0,-6.93889e-12,0.0761268,-0.00439494,0.0418775,0.002554,0.000975981,-3.46061e-05,0,0,-0.00916936,0.621534,-0.000181095,-0.0723784,0.0030872,-0.0233528,-0.000406835,0,0,0,-0.00491353,0.0396925,-0.0015081,-0.0011942,-0.000277125,1.43002e-06,0,0,0.238624,-0.000115777,0.34749,-0.00338722,-0.0278875,-0.00083285,-0.000917351,0,0,-1.73472e-12,0.0595019,0.0010716,-0.0369204,-0.00371716,0.00326594,-0.000114774,0,0,0.00365706,-0.073094,-0.00340323,0.612863,0.0187584,0.0556005,-0.00217259,0,0,-6.28837e-12,0.0278058,-0.00926473,-0.0386096,0.0327416,0.000405209,0.000229947,0,0,-0.267331,0.0305436,-0.278562,0.187806,0.300905,-0.0371746,0.0394367,0,0,1.38778e-11,0.0433707,-0.00730064,0.0297047,0.0113342,-0.0724242,0.0024419,0,0,-0.036103,-0.233601,-0.00835443,0.555929,-0.0371296,0.395609,-0.00455101,0,0,0,-0.00327927,0.001888,0.00437317,-0.00179958,0.00325572,-5.03636e-05,0,0,-0.0133999,-0.0040386,-0.00920596,-0.0217682,0.0394697,-0.00455878,0.0652004,0,0,0,0,-2.40048e-12,0,2.40048e-12,-2.40048e-12,0,0,0,0,0,0,0,0,0,0,0.905991,-4.43669e-09,0,0,0,0,0,0,0,0,0,0,0,0,0,0,0,0,-4.43639e-09,0.905991,
-1.73472e-12,0.0065833,-0.0161015,-0.00128915,0.00228656,-8.5903e-05,2.25682e-05,0,0,0.356274,-0.00917857,0.238324,0.00365777,-0.0267785,-0.00361063,-0.00134188,0,0,6.93889e-12,0.0761365,-0.00439461,0.041851,0.00255311,0.000976406,-3.46291e-05,0,0,-0.00917477,0.621554,-0.000180894,-0.0723898,0.00308723,-0.023345,-0.000407068,0,0,2.60209e-12,-0.00491364,0.0397296,-0.0015054,-0.00119437,-0.000277144,1.4181e-06,0,0,0.238556,-0.000115509,0.347587,-0.00339103,-0.0278796,-0.000832438,-0.000917723,0,0,-6.93889e-12,0.0594799,0.00107343,-0.0368969,-0.00371696,0.00326575,-0.000114804,0,0,0.00365894,-0.0731058,-0.00340702,0.612853,0.0187618,0.0556047,-0.00217229,0,0,-2.1684e-12,0.0278006,-0.00925495,-0.0386028,0.0327444,0.000407083,0.000230353,0,0,-0.267104,0.0305436,-0.278483,0.187841,0.300904,-0.0371835,0.0394305,0,0,4.16334e-11,0.0433882,-0.00730306,0.0296565,0.0113346,-0.0724088,0.00244193,0,0,-0.0361068,-0.233523,-0.00835017,0.555972,-0.0371385,0.395608,-0.00455163,0,0,0,-0.00327957,0.00188834,0.00437414,-0.00179885,0.0032558,-5.03016e-05,0,0,-0.0134172,-0.0040409,-0.00920972,-0.0217653,0.0394636,-0.0045594,0.0652012,0,0,0,0,2.40048e-12,0,2.40048e-12,2.40048e-12,0,0,0,0,0,0,0,0,0,0,0.905991,-4.4562e-09,0,0,0,0,0,0,0,0,0,0,0,0,0,0,0,0,-4.4565e-09,0.905991,
-8.67362e-13,0.00658141,-0.0161123,-0.00128723,0.0022855,-8.57898e-05,2.25946e-05,0,0,0.356382,-0.00918399,0.238256,0.00365956,-0.0267558,-0.00361103,-0.00134362,0,0,1.38778e-11,0.0761462,-0.00439427,0.0418244,0.00255223,0.000976832,-3.46522e-05,0,0,-0.00918018,0.621575,-0.000180692,-0.0724012,0.00308726,-0.0233371,-0.000407302,0,0,4.33681e-12,-0.00491374,0.0397666,-0.00150268,-0.00119454,-0.00027716,1.40613e-06,0,0,0.238487,-0.000115241,0.347683,-0.00339486,-0.0278718,-0.000832021,-0.000918097,0,0,-3.46945e-12,0.059458,0.00107526,-0.0368734,-0.00371675,0.00326556,-0.000114835,0,0,0.0036608,-0.0731177,-0.00341082,0.612844,0.0187652,0.055609,-0.00217199,0,0,4.11997e-12,0.0277953,-0.00924511,-0.038596,0.0327472,0.000408936,0.00023076,0,0,-0.266876,0.0305436,-0.278403,0.187875,0.300903,-0.0371924,0.0394244,0,0,2.08167e-11,0.0434057,-0.00730548,0.0296082,0.011335,-0.0723935,0.00244196,0,0,-0.0361106,-0.233444,-0.00834587,0.556015,-0.0371474,0.395607,-0.00455225,0,0,0,-0.00327986,0.00188867,0.00437511,-0.00179811,0.00325588,-5.02387e-05,0,0,-0.0134346,-0.00404321,-0.00921348,-0.0217624,0.0394575,-0.00456003,0.065202,0,0,0,0,0,0,0,0,0,0,0,0,0,0,0,0,0,0,0.905991,-4.34847e-09,0,0,1.20024e-12,0,0,-1.20024e-12,0,0,0,0,0,0,0,0,0,0,-4.34877e-09,0.905991,
-3.46945e-12,0.00657951,-0.0161231,-0.0012853,0.00228443,-8.56763e-05,2.26209e-05,0,0,0.356491,-0.00918942,0.238187,0.00366134,-0.026733,-0.00361141,-0.00134536,0,0,1.38778e-11,0.0761559,-0.00439393,0.0417977,0.00255135,0.000977259,-3.46753e-05,0,0,-0.0091856,0.621596,-0.000180492,-0.0724126,0.00308729,-0.0233293,-0.000407537,0,0,8.0231e-12,-0.00491385,0.0398037,-0.00149996,-0.00119471,-0.000277175,1.39412e-06,0,0,0.238419,-0.000114973,0.34778,-0.00339869,-0.0278639,-0.000831599,-0.000918471,0,0,1.38778e-11,0.059436,0.00107709,-0.0368499,-0.00371654,0.00326537,-0.000114866,0,0,0.00366264,-0.0731296,-0.00341463,0.612834,0.0187686,0.0556132,-0.0021717,0,0,-1.17094e-11,0.02779,-0.00923522,-0.0385892,0.0327499,0.00041077,0.000231167,0,0,-0.266648,0.0305437,-0.278324,0.187909,0.300902,-0.0372013,0.0394182,0,0,-5.55112e-11,0.0434233,-0.00730787,0.0295598,0.0113354,-0.0723781,0.00244198,0,0,-0.0361142,-0.233366,-0.00834152,0.556058,-0.0371563,0.395606,-0.00455287,0,0,0,-0.00328016,0.001889,0.00437608,-0.00179737,0.00325596,-5.01751e-05,0,0,-0.013452,-0.00404552,-0.00921725,-0.0217594,0.0394513,-0.00456065,0.0652028,0,0,0,0,2.40048e-12,0,0,0,0,0,0,0,0,0,0,0,0,0,0.905991,4.14203e-09,0,2.40048e-12,0,2.40048e-12,2.40048e-12,0,0,0,0,0,0,0,0,0,0,0,4.14233e-09,0.905991,
-8.67362e-13,0.00657762,-0.0161339,-0.00128338,0.00228336,-8.55627e-05,2.26472e-05,0,0,0.3566,-0.00919485,0.238118,0.0036631,-0.0267102,-0.00361178,-0.00134711,0,0,0,0.0761656,-0.00439359,0.0417711,0.00255046,0.000977687,-3.46985e-05,0,0,-0.00919101,0.621616,-0.000180291,-0.072424,0.00308733,-0.0233214,-0.000407771,0,0,2.60209e-12,-0.00491395,0.0398408,-0.00149723,-0.00119487,-0.000277188,1.38206e-06,0,0,0.23835,-0.000114705,0.347877,-0.00340253,-0.027856,-0.000831172,-0.000918845,0,0,-1.73472e-12,0.059414,0.00107892,-0.0368264,-0.00371633,0.00326518,-0.000114896,0,0,0.00366447,-0.0731415,-0.00341845,0.612824,0.018772,0.0556175,-0.0021714,0,0,2.1684e-12,0.0277847,-0.00922527,-0.0385823,0.0327526,0.000412586,0.000231575,0,0,-0.266419,0.0305437,-0.278245,0.187944,0.300901,-0.0372102,0.039412,0,0,1.38778e-11,0.0434408,-0.00731026,0.0295114,0.0113357,-0.0723628,0.00244201,0,0,-0.0361177,-0.233288,-0.00833712,0.556102,-0.0371653,0.395605,-0.00455349,0,0,-5.20417e-12,-0.00328045,0.00188932,0.00437706,-0.00179662,0.00325605,-5.01107e-05,0,0,-0.0134694,-0.00404783,-0.00922103,-0.0217565,0.0394452,-0.00456128,0.0652035,0,0,0,0,1.20024e-12,1.20024e-12,1.20024e-12,1.20024e-12,0,0,0,0,0,0,0,0,0,0,0.905991,4.06792e-09,0,0,1.20024e-12,1.20024e-12,1.20024e-12,1.20024e-12,0,0,0,0,0,0,0,0,0,0,4.06822e-09,0.905991,
1.73472e-12,0.00657572,-0.0161447,-0.00128145,0.00228228,-8.54494e-05,2.26735e-05,0,0,0.356709,-0.00920027,0.238049,0.00366485,-0.0266874,-0.00361214,-0.00134885,0,0,0,0.0761753,-0.00439324,0.0417444,0.00254958,0.000978116,-3.47216e-05,0,0,-0.00919641,0.621637,-0.000180091,-0.0724354,0.00308736,-0.0233135,-0.000408006,0,0,-3.25261e-12,-0.00491404,0.039878,-0.0014945,-0.00119504,-0.000277201,1.36996e-06,0,0,0.238282,-0.000114438,0.347974,-0.00340639,-0.0278481,-0.00083074,-0.00091922,0,0,8.67362e-12,0.059392,0.00108075,-0.0368028,-0.00371611,0.00326499,-0.000114927,0,0,0.00366629,-0.0731533,-0.00342228,0.612815,0.0187754,0.0556218,-0.0021711,0,0,1.30104e-12,0.0277794,-0.00921527,-0.0385755,0.0327551,0.000414386,0.000231984,0,0,-0.266191,0.0305438,-0.278165,0.187978,0.3009,-0.0372191,0.0394058,0,0,-3.46945e-11,0.0434584,-0.00731264,0.0294629,0.0113361,-0.0723474,0.00244204,0,0,-0.036121,-0.233209,-0.00833267,0.556145,-0.0371742,0.395604,-0.00455412,0,0,0,-0.00328075,0.00188965,0.00437803,-0.00179587,0.00325613,-5.00455e-05,0,0,-0.0134869,-0.00405014,-0.00922481,-0.0217536,0.039439,-0.00456191,0.0652043,0,0,0,2.40048e-12,2.40048e-12,-1.20024e-12,0,-2.40048e-12,0,5.64113e-11,0,0,0,0,0,0,0,0,0.905991,4.09762e-09,0,1.20024e-12,1.20024e-12,0,0,-1.20024e-12,0,-1.20024e-12,0,0,0,0,0,0,0,0,4.09762e-09,0.905991,
-1.73472e-12,0.00657381,-0.0161554,-0.00127952,0.00228119,-8.53366e-05,2.26997e-05,0,0,0.356818,-0.0092057,0.23798,0.00366658,-0.0266646,-0.00361249,-0.0013506,0,0,2.08167e-11,0.0761849,-0.0043929,0.0417177,0.00254869,0.000978546,-3.47448e-05,0,0,-0.00920182,0.621658,-0.000179891,-0.0724469,0.0030874,-0.0233057,-0.000408241,0,0,7.80626e-12,-0.00491414,0.0399151,-0.00149177,-0.0011952,-0.000277213,1.35783e-06,0,0,0.238213,-0.000114171,0.348071,-0.00341025,-0.0278402,-0.000830303,-0.000919596,0,0,-8.67362e-12,0.05937,0.00108258,-0.0367793,-0.00371589,0.00326479,-0.000114958,0,0,0.00366809,-0.0731652,-0.00342612,0.612805,0.0187788,0.055626,-0.0021708,0,0,9.54098e-12,0.0277741,-0.00920521,-0.0385686,0.0327576,0.000416172,0.000232393,0,0,-0.265962,0.0305439,-0.278086,0.188012,0.300899,-0.037228,0.0393995,0,0,9.02056e-11,0.043476,-0.007315,0.0294143,0.0113364,-0.072332,0.00244206,0,0,-0.0361243,-0.233131,-0.00832817,0.556188,-0.0371831,0.395603,-0.00455474,0,0,-3.46945e-12,-0.00328104,0.00188996,0.004379,-0.0017951,0.00325621,-4.99797e-05,0,0,-0.0135043,-0.00405246,-0.0092286,-0.0217506,0.0394328,-0.00456254,0.0652051,0,0,0,0,0,0,0,-2.40048e-12,-2.40048e-12,0,0,0,0,0,0,0,0,0,0.905991,4.22665e-09,0,0,1.20024e-12,1.20024e-12,0,-1.20024e-12,-2.40048e-12,0,0,0,0,0,0,0,0,0,4.22605e-09,0.905991,
-8.67362e-13,0.0065719,-0.0161662,-0.00127759,0.0022801,-8.52244e-05,2.27259e-05,0,0,0.356927,-0.00921112,0.23791,0.00366829,-0.0266417,-0.00361282,-0.00135235,0,0,1.38778e-11,0.0761946,-0.00439255,0.0416911,0.0025478,0.000978977,-3.47681e-05,0,0,-0.00920723,0.621678,-0.000179692,-0.0724583,0.00308743,-0.0232978,-0.000408477,0,0,1.95156e-12,-0.00491423,0.0399522,-0.00148904,-0.00119536,-0.000277224,1.34568e-06,0,0,0.238144,-0.000113904,0.348169,-0.00341412,-0.0278323,-0.000829861,-0.000919973,0,0,1.04083e-11,0.0593479,0.00108441,-0.0367557,-0.00371566,0.0032646,-0.000114988,0,0,0.00366988,-0.0731771,-0.00342997,0.612796,0.0187822,0.0556303,-0.0021705,0,0,-3.90313e-12,0.0277688,-0.00919509,-0.0385617,0.03276,0.000417944,0.000232802,0,0,-0.265732,0.030544,-0.278006,0.188047,0.300898,-0.0372369,0.0393933,0,0,2.08167e-11,0.0434937,-0.00731735,0.0293657,0.0113367,-0.0723167,0.00244209,0,0,-0.0361274,-0.233052,-0.00832363,0.556231,-0.037192,0.395602,-0.00455537,0,0,1.73472e-12,-0.00328133,0.00189028,0.00437997,-0.00179434,0.0032563,-4.99132e-05,0,0,-0.0135218,-0.00405478,-0.0092324,-0.0217477,0.0394266,-0.00456317,0.0652059,0,0,0,0,0,0,0,-2.40048e-12,0,-1.15223e-10,0,0,0,0,0,0,0,0,0.905991,-4.4637e-09,0,0,0,0,0,-2.40048e-12,0,0,0,0,0,0,0,0,0,0,-4.4652e-09,0.905991,
2.60209e-12,0.00656999,-0.0161769,-0.00127566,0.002279,-8.51132e-05,2.27521e-05,0,0,0.357036,-0.00921654,0.237841,0.00366999,-0.0266188,-0.00361314,-0.00135411,0,0,6.93889e-12,0.0762042,-0.00439221,0.0416643,0.00254691,0.000979408,-3.47914e-05,0,0,-0.00921263,0.621699,-0.000179494,-0.0724697,0.00308747,-0.0232899,-0.000408713,0,0,-6.28837e-12,-0.00491433,0.0399893,-0.0014863,-0.00119551,-0.000277234,1.3335e-06,0,0,0.238075,-0.000113638,0.348266,-0.003418,-0.0278244,-0.000829414,-0.00092035,0,0,-2.25514e-11,0.0593258,0.00108624,-0.036732,-0.00371543,0.00326441,-0.000115019,0,0,0.00367165,-0.073189,-0.00343383,0.612786,0.0187857,0.0556346,-0.0021702,0,0,-3.03577e-12,0.0277634,-0.00918492,-0.0385549,0.0327623,0.000419703,0.000233213,0,0,-0.265502,0.0305441,-0.277927,0.188081,0.300897,-0.0372458,0.039387,0,0,6.245e-11,0.0435113,-0.00731969,0.029317,0.0113369,-0.0723013,0.00244212,0,0,-0.0361305,-0.232974,-0.00831904,0.556274,-0.0372008,0.395601,-0.00455599,0,0,1.73472e-12,-0.00328162,0.00189059,0.00438094,-0.00179357,0.00325639,-4.98461e-05,0,0,-0.0135393,-0.0040571,-0.0092362,-0.0217447,0.0394204,-0.0045638,0.0652067,0,0,0,0,0,-1.20024e-12,0,0,1.20024e-12,0,0,0,0,0,0,0,0,0,0.905991,-4.56422e-09,0,0,0,2.40048e-12,0,0,-2.40048e-12,0,0,0,0,0,0,0,0,0,-4.56302e-09,0.905991,
0,0.00656807,-0.0161876,-0.00127373,0.00227789,-8.50029e-05,2.27783e-05,0,0,0.357145,-0.00922196,0.237771,0.00367168,-0.0265958,-0.00361345,-0.00135586,0,0,-1.38778e-11,0.0762139,-0.00439186,0.0416376,0.00254602,0.000979841,-3.48147e-05,0,0,-0.00921803,0.621719,-0.000179296,-0.0724811,0.00308751,-0.023282,-0.000408949,0,0,-3.25261e-12,-0.00491442,0.0400265,-0.00148357,-0.00119567,-0.000277245,1.3213e-06,0,0,0.238005,-0.000113372,0.348363,-0.00342189,-0.0278165,-0.000828963,-0.000920728,0,0,3.46945e-12,0.0593036,0.00108807,-0.0367084,-0.0037152,0.00326422,-0.00011505,0,0,0.0036734,-0.0732009,-0.0034377,0.612776,0.0187891,0.0556388,-0.0021699,0,0,-5.20417e-12,0.0277581,-0.0091747,-0.038548,0.0327645,0.000421452,0.000233623,0,0,-0.265272,0.0305442,-0.277847,0.188116,0.300896,-0.0372546,0.0393807,0,0,-4.16334e-11,0.043529,-0.00732202,0.0292683,0.0113372,-0.0722859,0.00244214,0,0,-0.0361334,-0.232895,-0.0083144,0.556317,-0.0372097,0.3956,-0.00455662,0,0,0,-0.00328191,0.0018909,0.00438191,-0.00179279,0.00325648,-4.97785e-05,0,0,-0.0135568,-0.00405943,-0.00924001,-0.0217418,0.0394142,-0.00456443,0.0652075,0,0,0,0,0,0,0,0,0,0,0,0,0,0,0,0,0,0,0.905991,-4.51591e-09,0,0,-2.40048e-12,-1.20024e-12,1.20024e-12,2.40048e-12,-3.60072e-12,0,0,0,0,0,0,0,0,0,-4.51651e-09,0.905991,
0,0.00656615,-0.0161983,-0.00127181,0.00227677,-8.48939e-05,2.28045e-05,0,0,0.357255,-0.00922738,0.237702,0.00367335,-0.0265728,-0.00361375,-0.00135762,0,0,-6.93889e-12,0.0762235,-0.0043915,0.0416108,0.00254513,0.000980274,-3.4838e-05,0,0,-0.00922344,0.62174,-0.000179098,-0.0724926,0.00308755,-0.0232741,-0.000409185,0,0,-6.50521e-13,-0.0049145,0.0400636,-0.00148083,-0.00119582,-0.000277255,1.30908e-06,0,0,0.237936,-0.000113106,0.348461,-0.00342579,-0.0278085,-0.000828507,-0.000921106,0,0,-1.04083e-11,0.0592815,0.0010899,-0.0366847,-0.00371497,0.00326402,-0.00011508,0,0,0.00367514,-0.0732128,-0.00344158,0.612766,0.0187925,0.0556431,-0.0021696,0,0,6.50521e-12,0.0277527,-0.00916441,-0.0385411,0.0327667,0.00042319,0.000234034,0,0,-0.265042,0.0305443,-0.277767,0.18815,0.300896,-0.0372635,0.0393744,0,0,-3.46945e-11,0.0435467,-0.00732434,0.0292195,0.0113374,-0.0722705,0.00244217,0,0,-0.0361361,-0.232816,-0.00830972,0.556361,-0.0372186,0.3956,-0.00455725,0,0,-1.73472e-12,-0.0032822,0.00189121,0.00438288,-0.001792,0.00325656,-4.97103e-05,0,0,-0.0135744,-0.00406176,-0.00924382,-0.0217388,0.0394079,-0.00456507,0.0652082,0,0,0,0,0,0,0,0,0,0,0,0,0,0,0,0,0,0,0.905991,-4.34667e-09,0,0,1.20024e-12,-1.20024e-12,0,0,0,0,0,0,0,0,0,0,0,0,-4.34577e-09,0.905991,
1.73472e-12,0.00656423,-0.016209,-0.00126988,0.00227565,-8.47861e-05,2.28306e-05,0,0,0.357364,-0.00923279,0.237632,0.00367501,-0.0265498,-0.00361403,-0.00135938,0,0,-6.93889e-12,0.0762331,-0.00439115,0.0415841,0.00254424,0.000980709,-3.48614e-05,0,0,-0.00922884,0.621761,-0.000178901,-0.072504,0.00308759,-0.0232662,-0.000409422,0,0,-5.42101e-12,-0.00491459,0.0401008,-0.0014781,-0.00119597,-0.000277265,1.29684e-06,0,0,0.237866,-0.000112841,0.348558,-0.0034297,-0.0278006,-0.000828046,-0.000921485,0,0,-1.9082e-11,0.0592593,0.00109173,-0.036661,-0.00371473,0.00326383,-0.000115111,0,0,0.00367687,-0.0732248,-0.00344546,0.612757,0.018796,0.0556473,-0.0021693,0,0,2.1684e-12,0.0277473,-0.00915407,-0.0385342,0.0327688,0.000424919,0.000234446,0,0,-0.264811,0.0305444,-0.277688,0.188185,0.300895,-0.0372724,0.0393681,0,0,-4.16334e-11,0.0435645,-0.00732665,0.0291706,0.0113376,-0.0722551,0.0024422,0,0,-0.0361388,-0.232737,-0.008305,0.556404,-0.0372274,0.395599,-0.00455788,0,0,-1.73472e-12,-0.00328249,0.00189151,0.00438385,-0.00179121,0.00325665,-4.96415e-05,0,0,-0.013592,-0.00406409,-0.00924764,-0.0217358,0.0394017,-0.0045657,0.065209,0,0,0,0,0,2.40048e-12,0,0,0,0,0,0,0,0,0,0,0,0,0.905991,4.09312e-09,0,0,0,0,0,0,0,1.15223e-10,0,0,0,0,0,0,0,0,4.09432e-09,0.905991,
-3.46945e-12,0.0065623,-0.0162197,-0.00126796,0.00227451,-8.46796e-05,2.28568e-05,0,0,0.357474,-0.00923821,0.237562,0.00367666,-0.0265267,-0.00361431,-0.00136114,0,0,-6.93889e-12,0.0762427,-0.0043908,0.0415573,0.00254334,0.000981144,-3.48849e-05,0,0,-0.00923424,0.621781,-0.000178705,-0.0725154,0.00308763,-0.0232583,-0.000409659,0,0,8.67362e-12,-0.00491467,0.040138,-0.00147537,-0.00119612,-0.000277274,1.28459e-06,0,0,0.237797,-0.000112577,0.348656,-0.00343362,-0.0277926,-0.000827581,-0.000921865,0,0,5.20417e-12,0.059237,0.00109356,-0.0366373,-0.00371449,0.00326363,-0.000115142,0,0,0.00367859,-0.0732367,-0.00344936,0.612747,0.0187994,0.0556516,-0.00216899,0,0,3.03577e-12,0.0277419,-0.00914368,-0.0385272,0.0327708,0.000426639,0.000234858,0,0,-0.26458,0.0305446,-0.277608,0.188219,0.300895,-0.0372812,0.0393618,0,0,5.55112e-11,0.0435822,-0.00732895,0.0291217,0.0113378,-0.0722396,0.00244223,0,0,-0.0361414,-0.232658,-0.00830023,0.556447,-0.0372363,0.395598,-0.00455851,0,0,1.73472e-12,-0.00328277,0.00189181,0.00438482,-0.00179042,0.00325674,-4.95723e-05,0,0,-0.0136096,-0.00406643,-0.00925147,-0.0217328,0.0393954,-0.00456634,0.0652098,0,0,0,1.20024e-12,0,1.20024e-12,0,1.20024e-12,0,0,0,0,0,0,0,0,0,0,0.905991,3.98e-09,0,0,0,0,0,0,0,0,0,0,0,0,0,0,0,0,3.9809e-09,0.905991,
-1.73472e-12,0.00656037,-0.0162303,-0.00126603,0.00227338,-8.45729e-05,2.28829e-05,0,0,0.357583,-0.00924362,0.237492,0.00367828,-0.0265037,-0.00361457,-0.00136291,0,0,6.93889e-12,0.0762523,-0.00439044,0.0415305,0.00254245,0.000981581,-3.49084e-05,0,0,-0.00923963,0.621802,-0.00017851,-0.0725269,0.00308768,-0.0232503,-0.000409896,0,0,4.11997e-12,-0.00491475,0.0401752,-0.00147262,-0.00119627,-0.000277283,1.2723e-06,0,0,0.237727,-0.000112312,0.348753,-0.00343755,-0.0277847,-0.000827111,-0.000922245,0,0,-1.9082e-11,0.0592148,0.00109539,-0.0366135,-0.00371424,0.00326344,-0.000115173,0,0,0.00368028,-0.0732486,-0.00345327,0.612737,0.0188028,0.0556558,-0.00216869,0,0,6.93889e-12,0.0277365,-0.00913323,-0.0385203,0.0327727,0.000428327,0.000235271,0,0,-0.264349,0.0305447,-0.277528,0.188254,0.300895,-0.0372901,0.0393554,0,0,3.46945e-11,0.0436,-0.00733124,0.0290727,0.011338,-0.0722242,0.00244225,0,0,-0.0361438,-0.232579,-0.00829542,0.55649,-0.0372451,0.395597,-0.00455914,0,0,-1.73472e-12,-0.00328306,0.0018921,0.00438579,-0.00178962,0.00325684,-4.95017e-05,0,0,-0.0136272,-0.00406877,-0.0092553,-0.0217298,0.0393891,-0.00456697,0.0652106,0,0,0,0,0,0,-1.20024e-12,0,0,5.64113e-11,0,0,0,0,0,0,0,0,0.905991,3.9698e-09,0,0,0,0,0,0,0,1.20024e-12,0,0,0,0,0,0,0,0,3.9704e-09,0.905991,
-1.73472e-12,0.00655841,-0.016241,-0.00126418,0.00227218,-8.45469e-05,2.29124e-05,0,0,0.357693,-0.00924904,0.237422,0.0036799,-0.0264805,-0.00361482,-0.00136468,0,0,0,0.0762619,-0.00439008,0.0415036,0.00254156,0.000981998,-3.49316e-05,0,0,-0.00924503,0.621823,-0.000178315,-0.0725383,0.00308772,-0.0232424,-0.000410133,0,0,3.46945e-12,-0.00491484,0.0402123,-0.00147002,-0.00119645,-0.000277346,1.26098e-06,0,0,0.237657,-0.000112048,0.348851,-0.00344149,-0.0277767,-0.000826637,-0.000922626,0,0,-1.38778e-11,0.0591925,0.00109721,-0.0365898,-0.00371405,0.00326321,-0.000115204,0,0,0.00368197,-0.0732606,-0.00345718,0.612728,0.0188063,0.0556601,-0.00216838,0,0,-9.1073e-12,0.0277311,-0.0091227,-0.0385135,0.0327746,0.000430205,0.000235693,0,0,-0.264117,0.0305449,-0.277448,0.188289,0.300895,-0.0372989,0.0393491,0,0,2.08167e-11,0.0436178,-0.00733352,0.0290236,0.0113383,-0.0722087,0.00244229,0,0,-0.0361461,-0.2325,-0.00829056,0.556533,-0.037254,0.395596,-0.00455978,0,0,0,-0.00328334,0.00189239,0.00438675,-0.00178882,0.00325695,-4.94365e-05,0,0,-0.0136448,-0.00407111,-0.00925914,-0.0217268,0.0393828,-0.00456761,0.0652114,0,0,0,0,2.40048e-12,0,0,0,0,0,0,0,0,0,0,0,0,0,0.905991,4.04991e-09,0,0,0,0,0,0,0,0,0,0,0,0,0,0,0,0,4.04991e-09,0.905991,
2.60209e-12,0.00655645,-0.0162516,-0.0012624,0.00227099,-8.45124e-05,2.29413e-05,0,0,0.357803,-0.00925445,0.237351,0.0036815,-0.0264574,-0.00361506,-0.00136645,0,0,2.08167e-11,0.0762715,-0.00438971,0.0414766,0.00254067,0.000982419,-3.49549e-05,0,0,-0.00925042,0.621843,-0.000178121,-0.0725498,0.00308777,-0.0232345,-0.000410371,0,0,-6.07153e-12,-0.00491493,0.0402495,-0.0014675,-0.00119663,-0.000277405,1.24946e-06,0,0,0.237587,-0.000111785,0.348949,-0.00344544,-0.0277688,-0.000826159,-0.000923007,0,0,-1.04083e-11,0.0591702,0.00109904,-0.036566,-0.00371385,0.00326299,-0.000115236,0,0,0.00368364,-0.0732725,-0.00346111,0.612718,0.0188097,0.0556644,-0.00216808,0,0,-1.30104e-12,0.0277256,-0.0091121,-0.0385066,0.0327764,0.000432139,0.000236112,0,0,-0.263885,0.0305451,-0.277368,0.188323,0.300894,-0.0373077,0.0393427,0,0,3.46945e-11,0.0436356,-0.00733579,0.0289745,0.0113387,-0.0721932,0.00244232,0,0,-0.0361483,-0.232421,-0.00828564,0.556576,-0.0372628,0.395596,-0.00456041,0,0,-1.73472e-12,-0.00328363,0.00189269,0.00438771,-0.00178802,0.00325705,-4.93731e-05,0,0,-0.0136625,-0.00407345,-0.00926299,-0.0217238,0.0393765,-0.00456825,0.0652122,0,0,0,0,0,0,0,0,0,0,0,0,0,0,0,0,0,0,0.905991,4.22515e-09,0,1.20024e-12,0,-1.20024e-12,0,0,0,0,0,0,0,0,0,0,0,0,4.22545e-09,0.905991,
-2.60209e-12,0.00655448,-0.0162622,-0.00126064,0.00226982,-8.44573e-05,2.29692e-05,0,0,0.357913,-0.00925986,0.237281,0.00368308,-0.0264342,-0.00361529,-0.00136822,0,0,-1.38778e-11,0.076281,-0.00438932,0.0414497,0.00253977,0.000982847,-3.49783e-05,0,0,-0.00925582,0.621864,-0.000177927,-0.0725613,0.00308781,-0.0232265,-0.000410609,0,0,4.98733e-12,-0.00491503,0.0402867,-0.001465,-0.00119679,-0.000277449,1.23768e-06,0,0,0.237517,-0.000111522,0.349047,-0.0034494,-0.0277608,-0.000825677,-0.00092339,0,0,3.46945e-12,0.0591479,0.00110086,-0.0365422,-0.00371364,0.00326277,-0.000115267,0,0,0.00368529,-0.0732844,-0.00346504,0.612708,0.0188131,0.0556686,-0.00216777,0,0,-3.90313e-12,0.0277202,-0.00910144,-0.0384998,0.0327781,0.000434053,0.000236527,0,0,-0.263652,0.0305453,-0.277288,0.188358,0.300894,-0.0373165,0.0393363,0,0,-2.08167e-11,0.0436534,-0.00733805,0.0289253,0.011339,-0.0721777,0.00244235,0,0,-0.0361504,-0.232342,-0.00828068,0.556619,-0.0372716,0.395595,-0.00456105,0,0,1.73472e-12,-0.00328391,0.00189297,0.00438866,-0.00178721,0.00325714,-4.9309e-05,0,0,-0.0136802,-0.0040758,-0.00926684,-0.0217208,0.0393701,-0.00456889,0.065213,0,0,0,1.20024e-12,-1.20024e-12,1.20024e-12,0,1.20024e-12,-1.20024e-12,0,0,0,0,0,0,0,0,0,0.905991,-4.51501e-09,0,-1.20024e-12,1.20024e-12,-1.20024e-12,-1.20024e-12,0,1.20024e-12,0,0,0,0,0,0,0,0,0,-4.51561e-09,0.905991,
1.73472e-12,0.00655251,-0.0162727,-0.00125886,0.00226864,-8.43862e-05,2.29964e-05,0,0,0.358023,-0.00926527,0.23721,0.00368465,-0.026411,-0.00361551,-0.00136999,0,0,0,0.0762906,-0.00438894,0.0414227,0.00253887,0.00098328,-3.50019e-05,0,0,-0.00926121,0.621885,-0.000177732,-0.0725727,0.00308786,-0.0232186,-0.000410848,0,0,-4.77049e-12,-0.00491512,0.0403239,-0.00146247,-0.00119693,-0.000277482,1.22567e-06,0,0,0.237447,-0.00011126,0.349145,-0.00345337,-0.0277528,-0.000825189,-0.000923773,0,0,-1.73472e-12,0.0591255,0.00110268,-0.0365183,-0.00371342,0.00326256,-0.000115298,0,0,0.00368693,-0.0732964,-0.00346899,0.612699,0.0188166,0.0556729,-0.00216746,0,0,0,0.0277147,-0.00909073,-0.038493,0.0327797,0.000435915,0.000236941,0,0,-0.263419,0.0305455,-0.277207,0.188393,0.300894,-0.0373254,0.0393299,0,0,6.93889e-11,0.0436713,-0.0073403,0.028876,0.0113393,-0.0721622,0.00244238,0,0,-0.0361523,-0.232262,-0.00827566,0.556662,-0.0372804,0.395594,-0.00456168,0,0,-1.73472e-12,-0.0032842,0.00189326,0.00438961,-0.0017864,0.00325723,-4.92431e-05,0,0,-0.0136979,-0.00407814,-0.0092707,-0.0217178,0.0393638,-0.00456954,0.0652138,0,0,0,0,0,0,-1.20024e-12,0,0,0,0,0,0,0,0,0,0,0,0.905991,-4.66534e-09,0,0,0,0,0,-1.20024e-12,1.20024e-12,0,0,0,0,0,0,0,0,0,-4.66504e-09,0.905991,
-8.67362e-13,0.00655054,-0.0162833,-0.00125706,0.00226747,-8.43045e-05,2.30231e-05,0,0,0.358133,-0.00927068,0.237139,0.0036862,-0.0263877,-0.00361571,-0.00137177,0,0,6.93889e-12,0.0763002,-0.00438856,0.0413957,0.00253798,0.000983717,-3.50255e-05,0,0,-0.0092666,0.621905,-0.000177538,-0.0725842,0.00308791,-0.0232106,-0.000411086,0,0,1.30104e-12,-0.00491521,0.0403612,-0.0014599,-0.00119707,-0.000277506,1.21351e-06,0,0,0.237376,-0.000110999,0.349243,-0.00345735,-0.0277448,-0.000824696,-0.000924156,0,0,1.73472e-12,0.0591031,0.0011045,-0.0364944,-0.00371318,0.00326235,-0.000115329,0,0,0.00368855,-0.0733083,-0.00347294,0.612689,0.01882,0.0556771,-0.00216716,0,0,-1.12757e-11,0.0277092,-0.00907996,-0.0384861,0.0327813,0.000437719,0.000237355,0,0,-0.263186,0.0305457,-0.277127,0.188428,0.300895,-0.0373342,0.0393235,0,0,6.93889e-12,0.0436892,-0.00734253,0.0288267,0.0113395,-0.0721467,0.00244241,0,0,-0.0361541,-0.232183,-0.00827059,0.556705,-0.0372893,0.395593,-0.00456232,0,0,0,-0.00328448,0.00189354,0.00439057,-0.00178557,0.00325732,-4.91751e-05,0,0,-0.0137157,-0.0040805,-0.00927457,-0.0217147,0.0393574,-0.00457018,0.0652146,0,0,0,0,0,0,0,0,0,0,0,0,0,0,0,0,0,0,0.905991,-4.65544e-09,0,0,0,0,0,0,0,0,0,0,0,0,0,0,0,0,-4.65484e-09,0.905991,
-8.67362e-13,0.00654857,-0.0162939,-0.00125524,0.00226629,-8.42161e-05,2.30495e-05,0,0,0.358243,-0.00927608,0.237068,0.00368773,-0.0263644,-0.0036159,-0.00137355,0,0,6.93889e-12,0.0763097,-0.00438817,0.0413687,0.00253708,0.000984158,-3.50491e-05,0,0,-0.00927198,0.621926,-0.000177343,-0.0725957,0.00308796,-0.0232026,-0.000411325,0,0,1.95156e-12,-0.00491529,0.0403984,-0.0014573,-0.00119721,-0.000277523,1.20124e-06,0,0,0.237306,-0.000110738,0.349341,-0.00346134,-0.0277368,-0.000824198,-0.000924541,0,0,3.46945e-12,0.0590807,0.00110633,-0.0364705,-0.00371293,0.00326215,-0.00011536,0,0,0.00369016,-0.0733203,-0.00347691,0.612679,0.0188235,0.0556814,-0.00216685,0,0,-5.20417e-12,0.0277037,-0.00906914,-0.0384792,0.0327828,0.000439469,0.000237769,0,0,-0.262953,0.0305459,-0.277047,0.188462,0.300895,-0.037343,0.0393171,0,0,-2.77556e-11,0.0437071,-0.00734474,0.0287773,0.0113397,-0.0721312,0.00244244,0,0,-0.0361558,-0.232104,-0.00826547,0.556748,-0.0372981,0.395593,-0.00456296,0,0,0,-0.00328476,0.00189381,0.00439153,-0.00178474,0.00325741,-4.91052e-05,0,0,-0.0137334,-0.00408285,-0.00927845,-0.0217117,0.039351,-0.00457082,0.0652154,0,0,0,0,0,0,0,0,0,0,0,0,0,0,0,0,0,0,0.905991,-4.5045e-09,0,2.40048e-12,0,-2.40048e-12,2.40048e-12,-2.40048e-12,0,0,0,0,0,0,0,0,0,0,-4.5051e-09,0.905991,
0,0.0065466,-0.0163045,-0.00125339,0.00226511,-8.41227e-05,2.30756e-05,0,0,0.358354,-0.00928148,0.236997,0.00368925,-0.0263411,-0.00361608,-0.00137533,0,0,0,0.0763192,-0.00438779,0.0413417,0.00253617,0.000984601,-3.50729e-05,0,0,-0.00927737,0.621946,-0.000177149,-0.0726071,0.00308801,-0.0231946,-0.000411565,0,0,6.50521e-13,-0.00491537,0.0404356,-0.00145465,-0.00119733,-0.000277535,1.18887e-06,0,0,0.237235,-0.000110477,0.349439,-0.00346535,-0.0277288,-0.000823695,-0.000924926,0,0,0,0.0590582,0.00110816,-0.0364466,-0.00371267,0.00326195,-0.000115391,0,0,0.00369176,-0.0733323,-0.00348088,0.612669,0.0188269,0.0556856,-0.00216654,0,0,-1.30104e-12,0.0276982,-0.00905828,-0.0384722,0.0327842,0.000441163,0.000238184,0,0,-0.262719,0.0305461,-0.276966,0.188497,0.300895,-0.0373517,0.0393106,0,0,0,0.043725,-0.00734695,0.0287279,0.0113398,-0.0721157,0.00244247,0,0,-0.0361574,-0.232024,-0.00826029,0.556791,-0.0373069,0.395592,-0.0045636,0,0,0,-0.00328504,0.00189409,0.00439249,-0.00178391,0.0032575,-4.90333e-05,0,0,-0.0137512,-0.00408521,-0.00928233,-0.0217087,0.0393446,-0.00457147,0.0652162,0,0,0,0,-1.20024e-12,1.20024e-12,1.20024e-12,-1.20024e-12,0,0,0,0,0,0,0,0,0,0,0.905991,4.25425e-09,0,-1.20024e-12,-1.20024e-12,1.20024e-12,1.20024e-12,-1.20024e-12,0,0,0,0,0,0,0,0,0,0,4.25485e-09,0.905991,
0,0.00654462,-0.016315,-0.00125156,0.00226391,-8.40585e-05,2.31029e-05,0,0,0.358464,-0.00928689,0.236926,0.00369075,-0.0263177,-0.00361625,-0.00137711,0,0,1.38778e-11,0.0763288,-0.00438741,0.0413147,0.00253527,0.00098504,-3.50966e-05,0,0,-0.00928275,0.621967,-0.000176955,-0.0726186,0.00308807,-0.0231866,-0.000411804,0,0,-6.50521e-13,-0.00491544,0.0404729,-0.00145204,-0.00119747,-0.000277565,1.17689e-06,0,0,0.237164,-0.000110217,0.349537,-0.00346936,-0.0277208,-0.000823186,-0.000925312,0,0,-8.67362e-12,0.0590357,0.00110998,-0.0364227,-0.00371242,0.00326174,-0.000115422,0,0,0.00369333,-0.0733442,-0.00348486,0.61266,0.0188304,0.0556899,-0.00216623,0,0,-1.38778e-11,0.0276927,-0.00904735,-0.0384653,0.0327855,0.00044289,0.000238601,0,0,-0.262484,0.0305464,-0.276886,0.188532,0.300896,-0.0373605,0.0393041,0,0,6.93889e-11,0.043743,-0.00734914,0.0286784,0.01134,-0.0721002,0.0024425,0,0,-0.0361588,-0.231944,-0.00825506,0.556835,-0.0373156,0.395591,-0.00456424,0,0,1.73472e-12,-0.00328532,0.00189435,0.00439345,-0.00178306,0.00325761,-4.89617e-05,0,0,-0.013769,-0.00408757,-0.00928622,-0.0217056,0.0393382,-0.00457212,0.065217,0,0,0,1.20024e-12,-1.20024e-12,0,0,-1.20024e-12,-1.20024e-12,0,0,0,0,0,0,0,0,0,0.905991,4.15343e-09,0,0,0,0,0,0,0,0,0,0,0,0,0,0,0,0,4.15403e-09,0.905991,
0,0.00654264,-0.0163256,-0.00124974,0.0022627,-8.39914e-05,2.31299e-05,0,0,0.358575,-0.00929229,0.236855,0.00369223,-0.0262943,-0.0036164,-0.0013789,0,0,6.93889e-12,0.0763383,-0.00438703,0.0412877,0.00253437,0.000985483,-3.51205e-05,0,0,-0.00928813,0.621988,-0.000176761,-0.0726301,0.00308812,-0.0231787,-0.000412044,0,0,-3.25261e-12,-0.00491552,0.0405101,-0.00144944,-0.00119761,-0.000277592,1.16481e-06,0,0,0.237093,-0.000109957,0.349636,-0.00347339,-0.0277128,-0.000822673,-0.000925698,0,0,-1.9082e-11,0.0590132,0.00111181,-0.0363987,-0.00371217,0.00326153,-0.000115453,0,0,0.0036949,-0.0733562,-0.00348886,0.61265,0.0188339,0.0556941,-0.00216592,0,0,-1.12757e-11,0.0276871,-0.00903637,-0.0384584,0.0327867,0.000444616,0.000239018,0,0,-0.26225,0.0305466,-0.276805,0.188567,0.300896,-0.0373693,0.0392977,0,0,-6.93889e-12,0.043761,-0.00735133,0.0286289,0.0113401,-0.0720846,0.00244253,0,0,-0.0361601,-0.231865,-0.00824977,0.556878,-0.0373244,0.395591,-0.00456489,0,0,0,-0.0032856,0.00189462,0.0043944,-0.00178221,0.00325771,-4.889e-05,0,0,-0.0137869,-0.00408993,-0.00929012,-0.0217025,0.0393318,-0.00457276,0.0652178,0,0,0,0,0,-1.20024e-12,0,0,0,0,0,0,0,0,0,0,0,0,0.905991,4.16604e-09,0,0,1.20024e-12,0,0,0,0,0,0,0,0,0,0,0,0,0,4.16634e-09,0.905991,
-5.20417e-12,0.00654065,-0.0163361,-0.00124793,0.00226148,-8.39165e-05,2.31566e-05,0,0,0.358685,-0.00929769,0.236783,0.0036937,-0.0262709,-0.00361654,-0.00138069,0,0,-6.93889e-12,0.0763478,-0.00438664,0.0412607,0.00253347,0.000985927,-3.51443e-05,0,0,-0.00929351,0.622008,-0.000176567,-0.0726416,0.00308817,-0.0231706,-0.000412285,0,0,1.36609e-11,-0.00491559,0.0405474,-0.00144684,-0.00119774,-0.000277613,1.15258e-06,0,0,0.237022,-0.000109698,0.349734,-0.00347743,-0.0277048,-0.000822154,-0.000926085,0,0,1.73472e-12,0.0589906,0.00111363,-0.0363747,-0.00371192,0.00326132,-0.000115484,0,0,0.00369644,-0.0733682,-0.00349286,0.61264,0.0188373,0.0556984,-0.0021656,0,0,6.50521e-12,0.0276816,-0.00902534,-0.0384514,0.0327879,0.00044632,0.000239435,0,0,-0.262015,0.0305469,-0.276725,0.188602,0.300897,-0.0373781,0.0392912,0,0,-3.46945e-11,0.043779,-0.0073535,0.0285793,0.0113402,-0.0720691,0.00244256,0,0,-0.0361612,-0.231785,-0.00824443,0.556921,-0.0373332,0.39559,-0.00456553,0,0,1.73472e-12,-0.00328587,0.00189488,0.00439536,-0.00178136,0.00325781,-4.88175e-05,0,0,-0.0138047,-0.0040923,-0.00929402,-0.0216995,0.0393253,-0.00457341,0.0652186,0,0,0,0,0,0,0,0,0,0,0,0,0,0,0,0,0,0,0.905991,4.28246e-09,0,0,0,1.20024e-12,-1.20024e-12,-2.40048e-12,-1.20024e-12,0,0,0,0,0,0,0,0,0,4.28336e-09,0.905991,
2.60209e-12,0.00653866,-0.0163466,-0.00124611,0.00226027,-8.38351e-05,2.31829e-05,0,0,0.358796,-0.00930308,0.236712,0.00369515,-0.0262474,-0.00361667,-0.00138248,0,0,-1.38778e-11,0.0763573,-0.00438625,0.0412336,0.00253257,0.000986374,-3.51682e-05,0,0,-0.00929889,0.622029,-0.000176374,-0.0726531,0.00308823,-0.0231626,-0.000412525,0,0,-8.45678e-12,-0.00491566,0.0405847,-0.00144422,-0.00119786,-0.000277629,1.14022e-06,0,0,0.236951,-0.000109439,0.349833,-0.00348147,-0.0276968,-0.000821629,-0.000926473,0,0,6.93889e-12,0.0589681,0.00111546,-0.0363507,-0.00371165,0.00326112,-0.000115515,0,0,0.00369797,-0.0733802,-0.00349688,0.61263,0.0188408,0.0557026,-0.00216529,0,0,-3.46945e-12,0.027676,-0.00901425,-0.0384445,0.032789,0.000447991,0.000239852,0,0,-0.26178,0.0305472,-0.276644,0.188637,0.300897,-0.0373868,0.0392846,0,0,-4.16334e-11,0.043797,-0.00735566,0.0285296,0.0113403,-0.0720536,0.0024426,0,0,-0.0361622,-0.231705,-0.00823903,0.556964,-0.0373419,0.395589,-0.00456618,0,0,1.73472e-12,-0.00328615,0.00189514,0.00439632,-0.0017805,0.00325791,-4.87437e-05,0,0,-0.0138226,-0.00409467,-0.00929793,-0.0216964,0.0393188,-0.00457406,0.0652194,0,0,0,3.60072e-12,3.60072e-12,0,0,0,-3.60072e-12,-5.64113e-11,0,0,0,0,0,0,0,0,0.905991,-4.51411e-09,0,0,0,0,0,0,0,0,0,0,0,0,0,0,0,0,-4.51411e-09,0.905991,
2.60209e-12,0.00653667,-0.0163571,-0.00124428,0.00225904,-8.3749e-05,2.32091e-05,0,0,0.358907,-0.00930848,0.23664,0.00369658,-0.0262239,-0.00361678,-0.00138427,0,0,-1.38778e-11,0.0763668,-0.00438587,0.0412066,0.00253166,0.000986822,-3.51922e-05,0,0,-0.00930427,0.622049,-0.00017618,-0.0726646,0.00308829,-0.0231546,-0.000412766,0,0,-7.58942e-12,-0.00491573,0.040622,-0.00144159,-0.00119798,-0.000277639,1.12774e-06,0,0,0.236879,-0.000109181,0.349931,-0.00348554,-0.0276887,-0.000821099,-0.000926862,0,0,1.73472e-12,0.0589455,0.00111728,-0.0363267,-0.00371138,0.00326091,-0.000115546,0,0,0.00369949,-0.0733921,-0.0035009,0.612621,0.0188443,0.0557069,-0.00216498,0,0,6.07153e-12,0.0276704,-0.0090031,-0.0384375,0.03279,0.000449627,0.00024027,0,0,-0.261544,0.0305474,-0.276563,0.188672,0.300898,-0.0373956,0.0392781,0,0,-6.245e-11,0.0438151,-0.0073578,0.0284799,0.0113403,-0.0720381,0.00244263,0,0,-0.0361631,-0.231625,-0.00823357,0.557007,-0.0373507,0.395589,-0.00456682,0,0,0,-0.00328642,0.00189539,0.00439727,-0.00177963,0.00325801,-4.86688e-05,0,0,-0.0138405,-0.00409704,-0.00930185,-0.0216933,0.0393124,-0.00457471,0.0652202,0,0,0,0,0,0,0,0,0,-5.64113e-11,0,0,0,0,0,0,0,0,0.905991,-4.60112e-09,0,0,0,0,0,0,0,1.20024e-12,0,0,0,0,0,0,0,0,-4.60082e-09,0.905991,
-2.60209e-12,0.00653468,-0.0163676,-0.00124244,0.00225781,-8.36593e-05,2.32351e-05,0,0,0.359018,-0.00931387,0.236568,0.003698,-0.0262004,-0.00361688,-0.00138607,0,0,-1.38778e-11,0.0763763,-0.00438548,0.0411795,0.00253075,0.000987271,-3.52162e-05,0,0,-0.00930964,0.62207,-0.000175986,-0.0726761,0.00308834,-0.0231466,-0.000413008,0,0,6.72205e-12,-0.0049158,0.0406593,-0.00143894,-0.0011981,-0.000277646,1.11516e-06,0,0,0.236808,-0.000108923,0.35003,-0.00348961,-0.0276807,-0.000820564,-0.000927252,0,0,1.21431e-11,0.0589228,0.00111911,-0.0363026,-0.0037111,0.00326071,-0.000115578,0,0,0.00370098,-0.0734041,-0.00350494,0.612611,0.0188477,0.0557111,-0.00216466,0,0,1.0842e-11,0.0276649,-0.0089919,-0.0384305,0.032791,0.000451229,0.000240688,0,0,-0.261308,0.0305477,-0.276482,0.188707,0.300899,-0.0374043,0.0392716,0,0,-2.77556e-11,0.0438331,-0.00735993,0.0284302,0.0113403,-0.0720225,0.00244266,0,0,-0.0361638,-0.231545,-0.00822806,0.55705,-0.0373595,0.395588,-0.00456747,0,0,0,-0.0032867,0.00189564,0.00439823,-0.00177875,0.00325812,-4.85925e-05,0,0,-0.0138584,-0.00409942,-0.00930578,-0.0216902,0.0393059,-0.00457537,0.065221,0,0,0,0,0,1.20024e-12,-1.20024e-12,1.20024e-12,0,0,0,0,0,0,0,0,0,0,0.905991,-4.53901e-09,0,0,0,0,0,0,0,0,0,0,0,0,0,0,0,0,-4.53871e-09,0.905991,
-8.67362e-13,0.00653269,-0.0163781,-0.00124059,0.00225657,-8.35666e-05,2.3261e-05,0,0,0.359129,-0.00931926,0.236496,0.00369939,-0.0261768,-0.00361696,-0.00138787,0,0,6.93889e-12,0.0763858,-0.00438509,0.0411525,0.00252985,0.000987721,-3.52402e-05,0,0,-0.00931501,0.622091,-0.000175793,-0.0726876,0.0030884,-0.0231386,-0.000413249,0,0,2.81893e-12,-0.00491587,0.0406966,-0.00143628,-0.00119822,-0.000277648,1.10249e-06,0,0,0.236736,-0.000108666,0.350129,-0.00349369,-0.0276726,-0.000820023,-0.000927642,0,0,-1.73472e-12,0.0589002,0.00112094,-0.0362785,-0.00371081,0.00326051,-0.000115609,0,0,0.00370247,-0.0734161,-0.00350898,0.612601,0.0188512,0.0557153,-0.00216435,0,0,8.23994e-12,0.0276593,-0.00898064,-0.0384235,0.0327918,0.000452798,0.000241107,0,0,-0.261072,0.0305481,-0.276401,0.188742,0.3009,-0.0374131,0.039265,0,0,-3.46945e-11,0.0438512,-0.00736205,0.0283803,0.0113403,-0.072007,0.00244269,0,0,-0.0361644,-0.231465,-0.0082225,0.557093,-0.0373682,0.395588,-0.00456812,0,0,0,-0.00328697,0.00189589,0.00439919,-0.00177787,0.00325822,-4.85151e-05,0,0,-0.0138764,-0.0041018,-0.00930971,-0.0216871,0.0392993,-0.00457602,0.0652218,0,0,0,0,0,0,0,0,0,0,0,0,0,0,0,0,0,0,0.905991,-4.35507e-09,0,-1.20024e-12,0,0,0,0,0,-1.20024e-12,0,0,0,0,0,0,0,0,-4.35537e-09,0.905991,
-6.93889e-12,0.00653069,-0.0163886,-0.00123873,0.00225533,-8.3471e-05,2.32867e-05,0,0,0.35924,-0.00932465,0.236424,0.00370078,-0.0261532,-0.00361703,-0.00138967,0,0,6.93889e-12,0.0763952,-0.0043847,0.0411254,0.00252894,0.000988172,-3.52642e-05,0,0,-0.00932038,0.622111,-0.0001756,-0.0726991,0.00308846,-0.0231305,-0.000413491,0,0,1.92988e-11,-0.00491593,0.0407339,-0.00143359,-0.00119833,-0.000277648,1.08971e-06,0,0,0.236664,-0.000108409,0.350227,-0.00349779,-0.0276646,-0.000819476,-0.000928033,0,0,1.73472e-12,0.0588775,0.00112277,-0.0362544,-0.00371052,0.00326031,-0.00011564,0,0,0.00370393,-0.0734281,-0.00351304,0.612591,0.0188547,0.0557196,-0.00216403,0,0,1.17094e-11,0.0276536,-0.00896933,-0.0384165,0.0327926,0.000454332,0.000241527,0,0,-0.260835,0.0305484,-0.27632,0.188777,0.300901,-0.0374218,0.0392584,0,0,0,0.0438694,-0.00736416,0.0283305,0.0113402,-0.0719915,0.00244272,0,0,-0.0361649,-0.231385,-0.00821687,0.557136,-0.0373769,0.395587,-0.00456877,0,0,0,-0.00328724,0.00189613,0.00440015,-0.00177698,0.00325833,-4.84364e-05,0,0,-0.0138944,-0.00410418,-0.00931365,-0.021684,0.0392928,-0.00457667,0.0652226,0,0,0,0,-1.20024e-12,0,-1.20024e-12,-1.20024e-12,0,0,0,0,0,0,0,0,0,0,0.905991,4.09222e-09,0,0,0,0,0,0,0,0,0,0,0,0,0,0,0,0,4.09222e-09,0.905991,
-2.60209e-12,0.00652869,-0.0163991,-0.00123688,0.00225407,-8.33861e-05,2.33128e-05,0,0,0.359351,-0.00933004,0.236352,0.00370214,-0.0261295,-0.00361709,-0.00139147,0,0,-1.38778e-11,0.0764047,-0.00438431,0.0410983,0.00252803,0.000988622,-3.52883e-05,0,0,-0.00932575,0.622132,-0.000175407,-0.0727106,0.00308853,-0.0231225,-0.000413733,0,0,6.07153e-12,-0.00491599,0.0407712,-0.00143092,-0.00119844,-0.000277653,1.07703e-06,0,0,0.236592,-0.000108152,0.350326,-0.00350189,-0.0276565,-0.000818924,-0.000928424,0,0,5.20417e-12,0.0588547,0.0011246,-0.0362303,-0.00371023,0.0032601,-0.000115671,0,0,0.00370538,-0.0734401,-0.00351711,0.612581,0.0188582,0.0557238,-0.00216372,0,0,-1.30104e-12,0.027648,-0.00895796,-0.0384094,0.0327933,0.000455865,0.000241948,0,0,-0.260598,0.0305487,-0.276239,0.188812,0.300902,-0.0374305,0.0392518,0,0,-9.02056e-11,0.0438875,-0.00736625,0.0282805,0.0113401,-0.0719759,0.00244275,0,0,-0.0361652,-0.231305,-0.0082112,0.557179,-0.0373856,0.395587,-0.00456942,0,0,0,-0.00328751,0.00189637,0.00440111,-0.00177608,0.00325844,-4.83574e-05,0,0,-0.0139124,-0.00410657,-0.0093176,-0.0216809,0.0392863,-0.00457733,0.0652234,0,0,0,0,0,1.20024e-12,0,0,1.20024e-12,0,0,0,0,0,0,0,0,0,0.905991,3.9704e-09,0,0,0,1.20024e-12,0,0,0,0,0,0,0,0,0,0,0,0,3.9701e-09,0.905991,
0,0.00652668,-0.0164095,-0.00123503,0.0022528,-8.32979e-05,2.33387e-05,0,0,0.359463,-0.00933543,0.236279,0.00370349,-0.0261059,-0.00361714,-0.00139327,0,0,-6.93889e-12,0.0764141,-0.00438392,0.0410712,0.00252712,0.000989073,-3.53123e-05,0,0,-0.00933112,0.622152,-0.000175215,-0.0727221,0.00308859,-0.0231144,-0.000413976,0,0,-4.33681e-13,-0.00491605,0.0408085,-0.00142824,-0.00119856,-0.000277654,1.06423e-06,0,0,0.23652,-0.000107896,0.350425,-0.00350601,-0.0276484,-0.000818366,-0.000928817,0,0,-5.20417e-12,0.058832,0.00112642,-0.0362062,-0.00370993,0.0032599,-0.000115702,0,0,0.00370682,-0.0734521,-0.00352119,0.612572,0.0188616,0.0557281,-0.0021634,0,0,0,0.0276424,-0.00894653,-0.0384024,0.0327939,0.000457382,0.00024237,0,0,-0.260361,0.030549,-0.276158,0.188847,0.300903,-0.0374392,0.0392452,0,0,2.08167e-11,0.0439057,-0.00736833,0.0282305,0.01134,-0.0719604,0.00244278,0,0,-0.0361654,-0.231224,-0.00820546,0.557222,-0.0373944,0.395586,-0.00457007,0,0,-3.46945e-12,-0.00328778,0.0018966,0.00440206,-0.00177518,0.00325855,-4.82777e-05,0,0,-0.0139304,-0.00410896,-0.00932156,-0.0216778,0.0392797,-0.00457799,0.0652243,0,0,0,0,0,0,0,0,0,0,0,0,0,0,0,0,0,0,0.905991,3.95269e-09,0,0,0,0,0,0,0,0,0,0,0,0,0,0,0,0,3.95179e-09,0.905991,
6.07153e-12,0.00652468,-0.0164199,-0.00123318,0.00225153,-8.32039e-05,2.33644e-05,0,0,0.359574,-0.00934082,0.236207,0.00370482,-0.0260822,-0.00361717,-0.00139508,0,0,0,0.0764236,-0.00438352,0.041044,0.0025262,0.000989525,-3.53364e-05,0,0,-0.00933648,0.622173,-0.000175022,-0.0727337,0.00308865,-0.0231064,-0.000414219,0,0,-1.4962e-11,-0.0049161,0.0408459,-0.00142556,-0.00119866,-0.00027765,1.05129e-06,0,0,0.236448,-0.00010764,0.350524,-0.00351014,-0.0276404,-0.000817803,-0.00092921,0,0,-8.67362e-12,0.0588092,0.00112825,-0.036182,-0.00370963,0.00325969,-0.000115733,0,0,0.00370824,-0.0734641,-0.00352528,0.612562,0.0188651,0.0557323,-0.00216308,0,0,6.07153e-12,0.0276367,-0.00893504,-0.0383953,0.0327944,0.000458869,0.000242793,0,0,-0.260123,0.0305494,-0.276077,0.188882,0.300904,-0.0374479,0.0392386,0,0,3.46945e-11,0.0439239,-0.0073704,0.0281804,0.0113398,-0.0719448,0.00244281,0,0,-0.0361655,-0.231144,-0.00819967,0.557265,-0.0374031,0.395586,-0.00457073,0,0,0,-0.00328805,0.00189683,0.00440302,-0.00177427,0.00325866,-4.8197e-05,0,0,-0.0139484,-0.00411135,-0.00932552,-0.0216747,0.0392731,-0.00457865,0.0652251,0,0,0,0,-1.20024e-12,0,-1.20024e-12,1.20024e-12,1.20024e-12,5.76116e-11,0,0,0,0,0,0,0,0,0.905991,4.02411e-09,0,0,0,-1.20024e-12,1.20024e-12,-1.20024e-12,-1.20024e-12,0,0,0,0,0,0,0,0,0,4.02441e-09,0.905991,
2.60209e-12,0.00652266,-0.0164304,-0.00123132,0.00225025,-8.31104e-05,2.339e-05,0,0,0.359686,-0.0093462,0.236134,0.00370614,-0.0260584,-0.00361719,-0.00139689,0,0,6.93889e-12,0.076433,-0.00438313,0.0410169,0.00252529,0.000989977,-3.53605e-05,0,0,-0.00934185,0.622194,-0.00017483,-0.0727452,0.00308872,-0.0230983,-0.000414462,0,0,-5.20417e-12,-0.00491616,0.0408832,-0.00142286,-0.00119877,-0.000277645,1.0383e-06,0,0,0.236375,-0.000107384,0.350623,-0.00351428,-0.0276323,-0.000817234,-0.000929604,0,0,-3.46945e-12,0.0587864,0.00113008,-0.0361578,-0.00370932,0.00325949,-0.000115765,0,0,0.00370964,-0.0734762,-0.00352937,0.612552,0.0188686,0.0557366,-0.00216277,0,0,-6.50521e-12,0.0276311,-0.0089235,-0.0383882,0.0327949,0.000460333,0.000243216,0,0,-0.259885,0.0305498,-0.275995,0.188917,0.300906,-0.0374566,0.0392319,0,0,5.55112e-11,0.0439421,-0.00737245,0.0281303,0.0113397,-0.0719292,0.00244283,0,0,-0.0361654,-0.231064,-0.00819382,0.557308,-0.0374118,0.395585,-0.00457138,0,0,-1.73472e-12,-0.00328832,0.00189706,0.00440398,-0.00177336,0.00325877,-4.81153e-05,0,0,-0.0139665,-0.00411374,-0.00932949,-0.0216716,0.0392665,-0.00457931,0.0652259,0,0,0,0,0,0,0,0,0,1.14023e-10,0,0,0,0,0,0,0,0,0.905991,4.18944e-09,0,1.20024e-12,0,-1.20024e-12,0,1.20024e-12,0,0,0,0,0,0,0,0,0,0,4.18944e-09,0.905991,
-3.46945e-12,0.00652065,-0.0164408,-0.00122946,0.00224896,-8.30179e-05,2.34157e-05,0,0,0.359797,-0.00935158,0.236061,0.00370743,-0.0260346,-0.00361719,-0.0013987,0,0,6.93889e-12,0.0764424,-0.00438273,0.0409897,0.00252437,0.000990429,-3.53847e-05,0,0,-0.00934721,0.622214,-0.000174639,-0.0727567,0.00308878,-0.0230902,-0.000414706,0,0,7.80626e-12,-0.00491621,0.0409206,-0.00142017,-0.00119887,-0.00027764,1.02525e-06,0,0,0.236303,-0.000107129,0.350723,-0.00351843,-0.0276242,-0.000816659,-0.000929999,0,0,1.21431e-11,0.0587635,0.00113191,-0.0361336,-0.003709,0.00325928,-0.000115796,0,0,0.00371103,-0.0734882,-0.00353348,0.612542,0.0188721,0.0557408,-0.00216245,0,0,-1.34441e-11,0.0276254,-0.00891189,-0.0383811,0.0327953,0.000461778,0.000243641,0,0,-0.259647,0.0305501,-0.275914,0.188952,0.300907,-0.0374653,0.0392253,0,0,-3.46945e-11,0.0439603,-0.00737449,0.0280801,0.0113394,-0.0719137,0.00244286,0,0,-0.0361652,-0.230983,-0.00818792,0.557351,-0.0374204,0.395585,-0.00457203,0,0,1.73472e-12,-0.00328858,0.00189729,0.00440493,-0.00177244,0.00325888,-4.8033e-05,0,0,-0.0139846,-0.00411614,-0.00933347,-0.0216684,0.0392599,-0.00457997,0.0652267,0,0,0,0,0,0,0,0,0,0,0,0,0,0,0,0,0,0,0.905991,-4.4634e-09,0,0,0,0,0,0,0,0,0,0,0,0,0,0,0,0,-4.4646e-09,0.905991,
2.60209e-12,0.00651863,-0.0164512,-0.0012276,0.00224766,-8.29255e-05,2.34414e-05,0,0,0.359909,-0.00935697,0.235988,0.00370872,-0.0260108,-0.00361718,-0.00140052,0,0,-1.38778e-11,0.0764518,-0.00438233,0.0409625,0.00252346,0.000990882,-3.54088e-05,0,0,-0.00935257,0.622235,-0.000174447,-0.0727682,0.00308885,-0.0230821,-0.000414949,0,0,-7.15573e-12,-0.00491626,0.0409579,-0.00141747,-0.00119897,-0.000277632,1.01214e-06,0,0,0.23623,-0.000106874,0.350822,-0.00352259,-0.0276161,-0.000816079,-0.000930394,0,0,8.67362e-12,0.0587406,0.00113374,-0.0361093,-0.00370868,0.00325908,-0.000115827,0,0,0.0037124,-0.0735002,-0.00353761,0.612532,0.0188756,0.055745,-0.00216213,0,0,-3.03577e-12,0.0276197,-0.00890022,-0.038374,0.0327955,0.000463205,0.000244066,0,0,-0.259408,0.0305505,-0.275832,0.188988,0.300909,-0.037474,0.0392186,0,0,0,0.0439786,-0.00737651,0.0280299,0.0113392,-0.0718981,0.00244289,0,0,-0.0361648,-0.230903,-0.00818196,0.557394,-0.0374291,0.395584,-0.00457269,0,0,-1.73472e-12,-0.00328885,0.00189751,0.00440589,-0.00177151,0.00325899,-4.79498e-05,0,0,-0.0140027,-0.00411854,-0.00933746,-0.0216653,0.0392533,-0.00458063,0.0652275,0,0,0,-1.20024e-12,-1.20024e-12,0,1.20024e-12,0,-1.20024e-12,0,0,0,0,0,0,0,0,0,0.905991,-4.60292e-09,0,0,0,0,0,0,0,0,0,0,0,0,0,0,0,0,-4.60232e-09,0.905991,
2.60209e-12,0.00651661,-0.0164615,-0.00122575,0.00224635,-8.28324e-05,2.3467e-05,0,0,0.360021,-0.00936235,0.235915,0.00370998,-0.025987,-0.00361716,-0.00140233,0,0,1.38778e-11,0.0764612,-0.00438193,0.0409352,0.00252254,0.000991334,-3.5433e-05,0,0,-0.00935793,0.622255,-0.000174256,-0.0727797,0.00308892,-0.023074,-0.000415194,0,0,-4.98733e-12,-0.00491631,0.0409953,-0.00141476,-0.00119907,-0.000277624,9.98951e-07,0,0,0.236157,-0.00010662,0.350921,-0.00352677,-0.027608,-0.000815493,-0.00093079,0,0,-1.38778e-11,0.0587177,0.00113556,-0.036085,-0.00370836,0.00325887,-0.000115859,0,0,0.00371375,-0.0735122,-0.00354174,0.612523,0.0188791,0.0557493,-0.00216181,0,0,1.12757e-11,0.027614,-0.0088885,-0.0383669,0.0327957,0.000464611,0.000244493,0,0,-0.259169,0.0305509,-0.275751,0.189023,0.30091,-0.0374826,0.0392119,0,0,5.55112e-11,0.0439969,-0.00737852,0.0279796,0.011339,-0.0718824,0.00244292,0,0,-0.0361643,-0.230822,-0.00817594,0.557437,-0.0374378,0.395584,-0.00457335,0,0,-3.46945e-12,-0.00328911,0.00189773,0.00440685,-0.00177058,0.00325911,-4.78659e-05,0,0,-0.0140208,-0.00412095,-0.00934145,-0.0216621,0.0392467,-0.00458129,0.0652283,0,0,0,0,0,0,0,0,0,0,0,0,0,0,0,0,0,0,0.905991,-4.58912e-09,0,0,0,0,0,0,0,0,0,0,0,0,0,0,0,0,-4.58852e-09,0.905991,
2.60209e-12,0.00651458,-0.0164719,-0.00122389,0.00224504,-8.27382e-05,2.34925e-05,0,0,0.360133,-0.00936772,0.235842,0.00371123,-0.0259631,-0.00361712,-0.00140415,0,0,0,0.0764706,-0.00438153,0.040908,0.00252162,0.000991787,-3.54571e-05,0,0,-0.00936329,0.622276,-0.000174066,-0.0727913,0.00308899,-0.0230659,-0.000415438,0,0,-8.0231e-12,-0.00491636,0.0410327,-0.00141206,-0.00119917,-0.000277612,9.85685e-07,0,0,0.236084,-0.000106367,0.351021,-0.00353095,-0.0275999,-0.000814901,-0.000931187,0,0,-3.46945e-12,0.0586948,0.00113739,-0.0360607,-0.00370803,0.00325866,-0.00011589,0,0,0.00371509,-0.0735243,-0.00354588,0.612513,0.0188826,0.0557535,-0.00216148,0,0,-7.80626e-12,0.0276083,-0.00887671,-0.0383598,0.0327958,0.000465997,0.00024492,0,0,-0.25893,0.0305513,-0.275669,0.189058,0.300912,-0.0374913,0.0392052,0,0,2.08167e-11,0.0440152,-0.00738052,0.0279292,0.0113387,-0.0718668,0.00244294,0,0,-0.0361637,-0.230741,-0.00816987,0.55748,-0.0374465,0.395583,-0.00457401,0,0,0,-0.00328938,0.00189794,0.0044078,-0.00176964,0.00325922,-4.77812e-05,0,0,-0.014039,-0.00412335,-0.00934545,-0.021659,0.03924,-0.00458195,0.0652292,0,0,0,0,1.20024e-12,-1.20024e-12,1.20024e-12,1.20024e-12,-1.20024e-12,0,0,0,0,0,0,0,0,0,0.905991,-4.44059e-09,0,0,0,0,0,0,0,0,0,0,0,0,0,0,0,0,-4.44029e-09,0.905991,
-8.67362e-13,0.00651255,-0.0164822,-0.00122202,0.00224372,-8.26425e-05,2.3518e-05,0,0,0.360245,-0.0093731,0.235768,0.00371246,-0.0259392,-0.00361707,-0.00140597,0,0,0,0.07648,-0.00438112,0.0408807,0.00252069,0.000992241,-3.54814e-05,0,0,-0.00936864,0.622296,-0.000173875,-0.0728028,0.00308906,-0.0230578,-0.000415683,0,0,3.25261e-12,-0.0049164,0.0410701,-0.00140934,-0.00119926,-0.000277599,9.72335e-07,0,0,0.236011,-0.000106114,0.35112,-0.00353515,-0.0275917,-0.000814304,-0.000931585,0,0,-6.93889e-12,0.0586718,0.00113922,-0.0360364,-0.0037077,0.00325846,-0.000115921,0,0,0.00371641,-0.0735363,-0.00355003,0.612503,0.0188861,0.0557578,-0.00216116,0,0,1.38778e-11,0.0276026,-0.00886487,-0.0383527,0.0327959,0.000467358,0.000245348,0,0,-0.25869,0.0305517,-0.275588,0.189094,0.300914,-0.0375,0.0391985,0,0,7.63278e-11,0.0440335,-0.0073825,0.0278788,0.0113384,-0.0718512,0.00244297,0,0,-0.0361629,-0.23066,-0.00816374,0.557523,-0.0374551,0.395583,-0.00457467,0,0,0,-0.00328964,0.00189816,0.00440876,-0.00176869,0.00325934,-4.76955e-05,0,0,-0.0140572,-0.00412576,-0.00934946,-0.0216558,0.0392333,-0.00458262,0.06523,0,0,0,0,0,0,0,0,0,0,0,0,0,0,0,0,0,0,0.905991,4.19634e-09,0,0,0,0,0,0,0,0,0,0,0,0,0,0,0,0,4.19634e-09,0.905991,
3.46945e-12,0.00651052,-0.0164926,-0.00122016,0.00224239,-8.25453e-05,2.35433e-05,0,0,0.360357,-0.00937848,0.235695,0.00371367,-0.0259153,-0.003617,-0.0014078,0,0,-1.38778e-11,0.0764894,-0.00438071,0.0408534,0.00251977,0.000992695,-3.55056e-05,0,0,-0.00937399,0.622317,-0.000173686,-0.0728143,0.00308913,-0.0230497,-0.000415928,0,0,-1.34441e-11,-0.00491645,0.0411075,-0.00140662,-0.00119936,-0.000277583,9.58903e-07,0,0,0.235938,-0.000105861,0.35122,-0.00353936,-0.0275836,-0.000813702,-0.000931983,0,0,5.20417e-12,0.0586488,0.00114105,-0.036012,-0.00370736,0.00325825,-0.000115953,0,0,0.00371772,-0.0735483,-0.0035542,0.612493,0.0188896,0.055762,-0.00216084,0,0,-1.9082e-11,0.0275968,-0.00885296,-0.0383455,0.0327958,0.000468695,0.000245777,0,0,-0.25845,0.0305522,-0.275506,0.189129,0.300916,-0.0375086,0.0391917,0,0,2.08167e-11,0.0440519,-0.00738447,0.0278283,0.011338,-0.0718356,0.002443,0,0,-0.036162,-0.23058,-0.00815756,0.557566,-0.0374638,0.395582,-0.00457533,0,0,0,-0.0032899,0.00189837,0.00440972,-0.00176774,0.00325945,-4.76089e-05,0,0,-0.0140754,-0.00412818,-0.00935348,-0.0216526,0.0392267,-0.00458329,0.0652308,0,0,0,2.40048e-12,2.40048e-12,0,-2.40048e-12,-2.40048e-12,0,0,0,0,0,0,0,0,0,0,0.905991,4.09642e-09,0,-1.20024e-12,-1.20024e-12,0,1.20024e-12,1.20024e-12,0,0,0,0,0,0,0,0,0,0,4.09642e-09,0.905991,
-3.46945e-12,0.00650849,-0.0165029,-0.00121829,0.00224105,-8.24466e-05,2.35686e-05,0,0,0.360469,-0.00938385,0.235621,0.00371487,-0.0258913,-0.00361692,-0.00140962,0,0,-1.38778e-11,0.0764987,-0.00438031,0.0408261,0.00251885,0.00099315,-3.55298e-05,0,0,-0.00937935,0.622338,-0.000173496,-0.0728259,0.0030892,-0.0230416,-0.000416174,0,0,9.54098e-12,-0.00491649,0.0411449,-0.00140388,-0.00119944,-0.000277564,9.45389e-07,0,0,0.235865,-0.000105609,0.351319,-0.00354358,-0.0275755,-0.000813093,-0.000932382,0,0,1.04083e-11,0.0586258,0.00114288,-0.0359877,-0.00370701,0.00325804,-0.000115984,0,0,0.00371901,-0.0735604,-0.00355837,0.612483,0.0188931,0.0557662,-0.00216052,0,0,9.97466e-12,0.0275911,-0.008841,-0.0383383,0.0327957,0.000470007,0.000246206,0,0,-0.25821,0.0305526,-0.275424,0.189164,0.300918,-0.0375172,0.039185,0,0,-2.77556e-11,0.0440702,-0.00738642,0.0277777,0.0113376,-0.0718199,0.00244302,0,0,-0.036161,-0.230499,-0.00815132,0.557608,-0.0374724,0.395582,-0.00457599,0,0,-5.20417e-12,-0.00329016,0.00189857,0.00441067,-0.00176679,0.00325957,-4.75214e-05,0,0,-0.0140936,-0.0041306,-0.0093575,-0.0216494,0.03922,-0.00458395,0.0652316,0,0,0,0,0,0,0,0,0,1.14023e-10,0,0,0,0,0,0,0,0,0.905991,4.10693e-09,0,0,0,0,0,0,0,1.20024e-12,0,0,0,0,0,0,0,0,4.10542e-09,0.905991,
3.46945e-12,0.00650645,-0.0165132,-0.00121641,0.00223971,-8.23464e-05,2.35937e-05,0,0,0.360582,-0.00938922,0.235547,0.00371605,-0.0258673,-0.00361683,-0.00141145,0,0,0,0.0765081,-0.0043799,0.0407988,0.00251792,0.000993605,-3.55541e-05,0,0,-0.0093847,0.622358,-0.000173307,-0.0728374,0.00308928,-0.0230335,-0.000416419,0,0,-3.90313e-12,-0.00491653,0.0411823,-0.00140114,-0.00119953,-0.000277543,9.31795e-07,0,0,0.235791,-0.000105357,0.351419,-0.00354781,-0.0275673,-0.000812479,-0.000932782,0,0,-1.21431e-11,0.0586027,0.00114471,-0.0359633,-0.00370666,0.00325783,-0.000116015,0,0,0.00372029,-0.0735724,-0.00356256,0.612473,0.0188966,0.0557705,-0.00216019,0,0,2.94903e-11,0.0275853,-0.00882897,-0.0383311,0.0327954,0.000471293,0.000246636,0,0,-0.257969,0.0305531,-0.275342,0.1892,0.30092,-0.0375259,0.0391782,0,0,1.38778e-10,0.0440886,-0.00738836,0.0277271,0.0113372,-0.0718043,0.00244305,0,0,-0.0361598,-0.230418,-0.00814503,0.557651,-0.037481,0.395582,-0.00457665,0,0,-1.73472e-12,-0.00329042,0.00189877,0.00441163,-0.00176582,0.00325969,-4.74329e-05,0,0,-0.0141119,-0.00413302,-0.00936154,-0.0216462,0.0392132,-0.00458462,0.0652325,0,0,0,-2.40048e-12,2.40048e-12,0,0,0,-2.40048e-12,0,0,0,0,0,0,0,0,0,0.905991,4.21435e-09,0,0,0,0,0,0,0,0,0,0,0,0,0,0,0,0,4.21495e-09,0.905991,
2.60209e-12,0.0065044,-0.0165235,-0.00121454,0.00223836,-8.2245e-05,2.36188e-05,0,0,0.360694,-0.0093946,0.235473,0.00371722,-0.0258432,-0.00361673,-0.00141328,0,0,0,0.0765174,-0.00437949,0.0407714,0.00251699,0.000994062,-3.55784e-05,0,0,-0.00939005,0.622379,-0.000173119,-0.072849,0.00308935,-0.0230253,-0.000416666,0,0,-5.20417e-12,-0.00491656,0.0412197,-0.00139839,-0.00119961,-0.000277519,9.18127e-07,0,0,0.235718,-0.000105106,0.351519,-0.00355205,-0.0275592,-0.00081186,-0.000933183,0,0,-3.46945e-12,0.0585796,0.00114654,-0.0359388,-0.00370631,0.00325762,-0.000116047,0,0,0.00372155,-0.0735845,-0.00356675,0.612464,0.0189001,0.0557747,-0.00215987,0,0,6.93889e-12,0.0275795,-0.00881689,-0.0383239,0.0327951,0.000472554,0.000247068,0,0,-0.257728,0.0305535,-0.27526,0.189235,0.300922,-0.0375345,0.0391714,0,0,-2.08167e-11,0.0441071,-0.00739029,0.0276764,0.0113368,-0.0717886,0.00244307,0,0,-0.0361585,-0.230336,-0.00813868,0.557694,-0.0374896,0.395581,-0.00457732,0,0,0,-0.00329068,0.00189897,0.00441259,-0.00176485,0.00325981,-4.73434e-05,0,0,-0.0141302,-0.00413544,-0.00936558,-0.021643,0.0392065,-0.00458529,0.0652333,0,0,0,0,0,0,0,0,0,0,0,0,0,0,0,0,0,0,0.905991,-4.43159e-09,0,0,0,0,0,0,0,0,0,0,0,0,0,0,0,0,-4.43129e-09,0.905991,
-8.67362e-13,0.00650236,-0.0165337,-0.00121265,0.002237,-8.21426e-05,2.36438e-05,0,0,0.360807,-0.00939997,0.235399,0.00371837,-0.0258192,-0.00361661,-0.00141512,0,0,0,0.0765268,-0.00437908,0.040744,0.00251606,0.000994518,-3.56027e-05,0,0,-0.0093954,0.622399,-0.000172931,-0.0728605,0.00308943,-0.0230172,-0.000416912,0,0,0,-0.0049166,0.0412572,-0.00139563,-0.00119969,-0.000277493,9.04388e-07,0,0,0.235644,-0.000104856,0.351619,-0.00355631,-0.027551,-0.000811235,-0.000933585,0,0,0,0.0585565,0.00114837,-0.0359144,-0.00370594,0.00325741,-0.000116078,0,0,0.00372279,-0.0735965,-0.00357096,0.612454,0.0189037,0.0557789,-0.00215954,0,0,-2.08167e-11,0.0275737,-0.00880474,-0.0383167,0.0327947,0.00047379,0.000247499,0,0,-0.257487,0.030554,-0.275178,0.18927,0.300924,-0.0375431,0.0391646,0,0,0,0.0441255,-0.0073922,0.0276257,0.0113363,-0.0717729,0.00244309,0,0,-0.036157,-0.230255,-0.00813227,0.557737,-0.0374983,0.395581,-0.00457798,0,0,-1.73472e-12,-0.00329093,0.00189917,0.00441354,-0.00176387,0.00325993,-4.72529e-05,0,0,-0.0141485,-0.00413787,-0.00936962,-0.0216398,0.0391998,-0.00458596,0.0652341,0,0,0,0,-1.20024e-12,0,0,0,0,0,0,0,0,0,0,0,0,0,0.905991,-4.51231e-09,0,0,1.20024e-12,0,0,0,0,1.15223e-10,0,0,0,0,0,0,0,0,-4.51171e-09,0.905991,
-1.73472e-12,0.00650031,-0.016544,-0.00121077,0.00223564,-8.20392e-05,2.36687e-05,0,0,0.360919,-0.00940534,0.235325,0.0037195,-0.0257951,-0.00361647,-0.00141695,0,0,-2.08167e-11,0.0765361,-0.00437866,0.0407166,0.00251513,0.000994976,-3.56271e-05,0,0,-0.00940074,0.62242,-0.000172743,-0.0728721,0.00308951,-0.023009,-0.000417159,0,0,1.73472e-12,-0.00491663,0.0412946,-0.00139286,-0.00119977,-0.000277465,8.90581e-07,0,0,0.23557,-0.000104606,0.351718,-0.00356057,-0.0275429,-0.000810604,-0.000933987,0,0,1.9082e-11,0.0585334,0.0011502,-0.0358899,-0.00370557,0.00325721,-0.00011611,0,0,0.00372402,-0.0736086,-0.00357518,0.612444,0.0189072,0.0557832,-0.00215921,0,0,-2.21177e-11,0.0275679,-0.00879254,-0.0383095,0.0327943,0.000475002,0.000247932,0,0,-0.257245,0.0305545,-0.275096,0.189306,0.300927,-0.0375517,0.0391578,0,0,-7.63278e-11,0.044144,-0.0073941,0.0275749,0.0113358,-0.0717572,0.00244312,0,0,-0.0361555,-0.230174,-0.00812581,0.55778,-0.0375069,0.395581,-0.00457865,0,0,1.73472e-12,-0.00329119,0.00189936,0.0044145,-0.00176289,0.00326005,-4.71615e-05,0,0,-0.0141668,-0.0041403,-0.00937368,-0.0216366,0.039193,-0.00458663,0.065235,0,0,0,0,0,0,0,0,-1.20024e-12,-5.76116e-11,0,0,0,0,0,0,0,0,0.905991,-4.45139e-09,0,0,0,0,0,0,1.20024e-12,0,0,0,0,0,0,0,0,0,-4.45199e-09,0.905991,
-4.33681e-12,0.00649826,-0.0165542,-0.00120888,0.00223427,-8.19353e-05,2.36936e-05,0,0,0.361032,-0.0094107,0.23525,0.00372062,-0.0257709,-0.00361633,-0.00141879,0,0,6.93889e-12,0.0765454,-0.00437825,0.0406892,0.0025142,0.000995435,-3.56514e-05,0,0,-0.00940609,0.62244,-0.000172556,-0.0728836,0.00308959,-0.0230009,-0.000417406,0,0,1.34441e-11,-0.00491666,0.0413321,-0.00139008,-0.00119984,-0.000277435,8.76713e-07,0,0,0.235496,-0.000104357,0.351818,-0.00356485,-0.0275347,-0.000809968,-0.00093439,0,0,-1.73472e-11,0.0585102,0.00115203,-0.0358654,-0.0037052,0.003257,-0.000116141,0,0,0.00372523,-0.0736207,-0.0035794,0.612434,0.0189107,0.0557874,-0.00215889,0,0,1.17094e-11,0.0275621,-0.00878028,-0.0383022,0.0327937,0.000476191,0.000248365,0,0,-0.257003,0.030555,-0.275014,0.189341,0.300929,-0.0375603,0.039151,0,0,7.63278e-11,0.0441625,-0.00739598,0.027524,0.0113352,-0.0717415,0.00244314,0,0,-0.0361538,-0.230093,-0.0081193,0.557823,-0.0375154,0.39558,-0.00457932,0,0,0,-0.00329145,0.00189955,0.00441546,-0.0017619,0.00326017,-4.70692e-05,0,0,-0.0141852,-0.00414273,-0.00937774,-0.0216334,0.0391862,-0.00458731,0.0652358,0,0,0,0,-1.20024e-12,-1.20024e-12,0,3.60072e-12,-1.20024e-12,0,0,0,0,0,0,0,0,0,0.905991,4.27586e-09,0,0,-1.20024e-12,-1.20024e-12,0,-2.40048e-12,-1.20024e-12,0,0,0,0,0,0,0,0,0,4.27646e-09,0.905991,
-6.93889e-12,0.0064962,-0.0165644,-0.00120699,0.00223289,-8.18309e-05,2.37184e-05,0,0,0.361145,-0.00941607,0.235176,0.00372172,-0.0257467,-0.00361617,-0.00142063,0,0,6.93889e-12,0.0765547,-0.00437783,0.0406618,0.00251327,0.000995894,-3.56759e-05,0,0,-0.00941143,0.622461,-0.00017237,-0.0728952,0.00308967,-0.0229927,-0.000417653,0,0,1.45283e-11,-0.00491669,0.0413695,-0.0013873,-0.00119991,-0.000277404,8.62788e-07,0,0,0.235421,-0.000104108,0.351919,-0.00356914,-0.0275265,-0.000809326,-0.000934794,0,0,1.56125e-11,0.058487,0.00115386,-0.0358409,-0.00370482,0.00325679,-0.000116172,0,0,0.00372643,-0.0736327,-0.00358364,0.612424,0.0189142,0.0557916,-0.00215856,0,0,-3.1225e-11,0.0275563,-0.00876796,-0.038295,0.0327931,0.000477357,0.000248799,0,0,-0.256761,0.0305555,-0.274932,0.189377,0.300932,-0.0375689,0.0391441,0,0,-2.08167e-11,0.044181,-0.00739785,0.0274731,0.0113347,-0.0717258,0.00244316,0,0,-0.0361519,-0.230011,-0.00811273,0.557866,-0.037524,0.39558,-0.00457998,0,0,3.46945e-12,-0.0032917,0.00189973,0.00441642,-0.0017609,0.0032603,-4.6976e-05,0,0,-0.0142035,-0.00414517,-0.00938181,-0.0216302,0.0391794,-0.00458798,0.0652366,0,0,0,0,0,-1.20024e-12,0,0,0,0,0,0,0,0,0,0,0,0,0.905991,4.23595e-09,0,0,0,-1.20024e-12,0,0,0,0,0,0,0,0,0,0,0,0,4.23595e-09,0.905991,
-6.07153e-12,0.00649414,-0.0165746,-0.00120509,0.0022315,-8.17263e-05,2.37431e-05,0,0,0.361258,-0.00942144,0.235101,0.00372281,-0.0257225,-0.00361599,-0.00142247,0,0,-6.93889e-12,0.076564,-0.00437742,0.0406343,0.00251233,0.000996354,-3.57003e-05,0,0,-0.00941678,0.622481,-0.000172185,-0.0729067,0.00308975,-0.0229845,-0.000417901,0,0,1.47451e-11,-0.00491672,0.041407,-0.00138451,-0.00119998,-0.000277371,8.48809e-07,0,0,0.235347,-0.00010386,0.352019,-0.00357344,-0.0275183,-0.000808679,-0.000935198,0,0,1.9082e-11,0.0584637,0.00115569,-0.0358163,-0.00370444,0.00325658,-0.000116204,0,0,0.00372761,-0.0736448,-0.00358789,0.612414,0.0189177,0.0557959,-0.00215823,0,0,-1.47451e-11,0.0275504,-0.00875558,-0.0382877,0.0327923,0.000478502,0.000249234,0,0,-0.256518,0.030556,-0.27485,0.189412,0.300934,-0.0375774,0.0391373,0,0,-7.63278e-11,0.0441995,-0.00739971,0.0274221,0.0113341,-0.0717101,0.00244319,0,0,-0.0361499,-0.22993,-0.00810611,0.557909,-0.0375326,0.39558,-0.00458065,0,0,5.20417e-12,-0.00329195,0.00189991,0.00441737,-0.0017599,0.00326042,-4.68818e-05,0,0,-0.0142219,-0.00414761,-0.00938589,-0.0216269,0.0391726,-0.00458866,0.0652374,0,0,0,0,-1.20024e-12,0,0,-1.20024e-12,-1.20024e-12,0,0,0,0,0,0,0,0,0,0.905991,-4.30797e-09,0,0,0,0,0,0,0,0,0,0,0,0,0,0,0,0,-4.30917e-09,0.905991,
-1.73472e-12,0.00649208,-0.0165848,-0.0012032,0.00223011,-8.16202e-05,2.37677e-05,0,0,0.361371,-0.0094268,0.235026,0.00372388,-0.0256983,-0.00361581,-0.00142432,0,0,1.38778e-11,0.0765733,-0.004377,0.0406068,0.00251139,0.000996814,-3.57248e-05,0,0,-0.00942212,0.622502,-0.000172,-0.0729183,0.00308983,-0.0229764,-0.000418149,0,0,3.90313e-12,-0.00491674,0.0414445,-0.00138171,-0.00120005,-0.000277335,8.3475e-07,0,0,0.235272,-0.000103613,0.352119,-0.00357775,-0.0275102,-0.000808026,-0.000935603,0,0,-1.73472e-12,0.0584404,0.00115752,-0.0357917,-0.00370405,0.00325637,-0.000116235,0,0,0.00372877,-0.0736569,-0.00359216,0.612404,0.0189213,0.0558001,-0.0021579,0,0,5.63785e-12,0.0275446,-0.00874314,-0.0382804,0.0327915,0.000479624,0.000249669,0,0,-0.256276,0.0305565,-0.274767,0.189448,0.300937,-0.037586,0.0391304,0,0,-4.85723e-11,0.0442181,-0.00740155,0.0273711,0.0113335,-0.0716944,0.00244321,0,0,-0.0361478,-0.229848,-0.00809944,0.557952,-0.0375412,0.39558,-0.00458133,0,0,-1.73472e-12,-0.0032922,0.00190009,0.00441833,-0.00175889,0.00326055,-4.67869e-05,0,0,-0.0142403,-0.00415005,-0.00938997,-0.0216237,0.0391658,-0.00458933,0.0652383,0,0,0,0,1.20024e-12,0,0,0,1.20024e-12,0,0,0,0,0,0,0,0,0,0.905991,4.25876e-09,0,1.20024e-12,-2.40048e-12,0,1.20024e-12,0,-2.40048e-12,0,0,0,0,0,0,0,0,0,4.25936e-09,0.905991,
8.67362e-13,0.00649001,-0.016595,-0.00120129,0.00222871,-8.15128e-05,2.37922e-05,0,0,0.361484,-0.00943217,0.234951,0.00372493,-0.025674,-0.00361561,-0.00142616,0,0,2.08167e-11,0.0765826,-0.00437658,0.0405793,0.00251045,0.000997277,-3.57493e-05,0,0,-0.00942746,0.622522,-0.000171816,-0.0729298,0.00308991,-0.0229682,-0.000418397,0,0,-8.67362e-13,-0.00491676,0.041482,-0.00137889,-0.00120011,-0.000277297,8.20631e-07,0,0,0.235198,-0.000103366,0.352219,-0.00358207,-0.027502,-0.000807368,-0.000936009,0,0,-3.46945e-12,0.0584171,0.00115935,-0.0357671,-0.00370365,0.00325616,-0.000116267,0,0,0.00372993,-0.0736689,-0.00359643,0.612394,0.0189248,0.0558043,-0.00215757,0,0,4.33681e-12,0.0275387,-0.00873065,-0.0382731,0.0327906,0.000480704,0.000250105,0,0,-0.256032,0.0305571,-0.274685,0.189483,0.30094,-0.0375946,0.0391235,0,0,-1.38778e-11,0.0442367,-0.00740338,0.0273199,0.0113328,-0.0716786,0.00244323,0,0,-0.0361456,-0.229767,-0.00809271,0.557994,-0.0375497,0.39558,-0.004582,0,0,0,-0.00329245,0.00190027,0.00441929,-0.00175787,0.00326068,-4.66903e-05,0,0,-0.0142588,-0.00415249,-0.00939407,-0.0216204,0.0391589,-0.00459001,0.0652391,0,0,0,-1.20024e-12,-1.20024e-12,-1.20024e-12,0,1.20024e-12,-1.20024e-12,0,0,0,0,0,0,0,0,0,0.905991,-4.32477e-09,0,-1.20024e-12,-1.20024e-12,-1.20024e-12,0,1.20024e-12,-1.20024e-12,0,0,0,0,0,0,0,0,0,-4.32477e-09,0.905991,
6.07153e-12,0.00648793,-0.0166052,-0.00119944,0.00222725,-8.14781e-05,2.38198e-05,0,0,0.361597,-0.00943753,0.234876,0.00372597,-0.0256497,-0.00361539,-0.00142801,0,0,1.38778e-11,0.0765918,-0.00437616,0.0405517,0.00250952,0.000997721,-3.57736e-05,0,0,-0.0094328,0.622543,-0.000171633,-0.0729414,0.00309,-0.02296,-0.000418646,0,0,-1.51788e-11,-0.00491679,0.0415195,-0.00137619,-0.00120021,-0.000277307,8.07342e-07,0,0,0.235123,-0.00010312,0.35232,-0.0035864,-0.0274938,-0.000806706,-0.000936416,0,0,-1.73472e-12,0.0583938,0.00116118,-0.0357425,-0.0037033,0.00325592,-0.000116299,0,0,0.00373106,-0.073681,-0.00360071,0.612384,0.0189283,0.0558085,-0.00215723,0,0,-1.73472e-12,0.0275328,-0.00871807,-0.0382658,0.0327896,0.00048193,0.000250551,0,0,-0.255789,0.0305576,-0.274602,0.189519,0.300943,-0.0376031,0.0391166,0,0,-1.38778e-11,0.0442553,-0.0074052,0.0272688,0.0113322,-0.0716628,0.00244326,0,0,-0.0361432,-0.229685,-0.00808593,0.558037,-0.0375583,0.395579,-0.00458267,0,0,0,-0.0032927,0.00190044,0.00442024,-0.00175686,0.00326083,-4.65979e-05,0,0,-0.0142772,-0.00415494,-0.00939817,-0.0216172,0.0391521,-0.00459069,0.06524,0,0,0,0,0,0,0,0,0,0,0,0,0,0,0,0,0,0,0.905991,4.26716e-09,0,0,0,0,0,0,0,0,0,0,0,0,0,0,0,0,4.26746e-09,0.905991,
1.73472e-12,0.00648583,-0.0166153,-0.00119765,0.00222581,-8.14332e-05,2.38467e-05,0,0,0.36171,-0.00944289,0.2348,0.00372699,-0.0256254,-0.00361517,-0.00142986,0,0,-6.93889e-12,0.0766011,-0.00437572,0.0405241,0.00250858,0.00099817,-3.5798e-05,0,0,-0.00943814,0.622563,-0.000171451,-0.072953,0.00309008,-0.0229518,-0.000418895,0,0,0,-0.00491682,0.0415569,-0.00137356,-0.0012003,-0.000277311,7.93844e-07,0,0,0.235048,-0.000102874,0.35242,-0.00359074,-0.0274855,-0.000806038,-0.000936824,0,0,-1.9082e-11,0.0583704,0.001163,-0.0357178,-0.00370294,0.00325569,-0.000116331,0,0,0.00373218,-0.0736931,-0.003605,0.612375,0.0189319,0.0558128,-0.0021569,0,0,2.51535e-11,0.0275269,-0.00870543,-0.0382586,0.0327886,0.000483194,0.000250993,0,0,-0.255545,0.0305582,-0.27452,0.189555,0.300946,-0.0376116,0.0391096,0,0,6.93889e-11,0.0442739,-0.00740701,0.0272175,0.0113317,-0.071647,0.00244329,0,0,-0.0361407,-0.229604,-0.00807909,0.55808,-0.0375668,0.395579,-0.00458335,0,0,-1.73472e-12,-0.00329295,0.00190061,0.00442118,-0.00175584,0.00326096,-4.65066e-05,0,0,-0.0142957,-0.00415739,-0.00940227,-0.0216139,0.0391452,-0.00459137,0.0652408,0,0,0,0,-1.20024e-12,0,-1.20024e-12,0,0,0,0,0,0,0,0,0,0,0,0.905991,-4.32687e-09,0,0,-1.20024e-12,0,-1.20024e-12,0,0,0,0,0,0,0,0,0,0,0,-4.32807e-09,0.905991,
3.46945e-12,0.00648373,-0.0166254,-0.00119587,0.00222437,-8.13685e-05,2.38727e-05,0,0,0.361824,-0.00944825,0.234725,0.00372799,-0.025601,-0.00361493,-0.00143172,0,0,6.93889e-12,0.0766104,-0.00437528,0.0404965,0.00250764,0.000998626,-3.58225e-05,0,0,-0.00944348,0.622584,-0.000171268,-0.0729645,0.00309017,-0.0229436,-0.000419144,0,0,-9.97466e-12,-0.00491685,0.0415945,-0.00137094,-0.00120037,-0.000277302,7.80076e-07,0,0,0.234973,-0.000102629,0.352521,-0.00359509,-0.0274773,-0.000805365,-0.000937232,0,0,-1.73472e-12,0.058347,0.00116483,-0.0356931,-0.00370257,0.00325546,-0.000116363,0,0,0.00373328,-0.0737052,-0.00360931,0.612365,0.0189354,0.055817,-0.00215657,0,0,-7.37257e-12,0.0275209,-0.00869272,-0.0382514,0.0327874,0.000484432,0.000251432,0,0,-0.2553,0.0305588,-0.274437,0.18959,0.300949,-0.0376202,0.0391027,0,0,-6.93889e-12,0.0442925,-0.00740881,0.0271662,0.0113311,-0.0716312,0.00244331,0,0,-0.036138,-0.229522,-0.00807219,0.558123,-0.0375753,0.395579,-0.00458402,0,0,-1.73472e-12,-0.0032932,0.00190077,0.00442213,-0.00175482,0.00326109,-4.64144e-05,0,0,-0.0143142,-0.00415985,-0.00940639,-0.0216106,0.0391383,-0.00459205,0.0652416,0,0,0,1.20024e-12,0,0,0,0,0,0,0,0,0,0,0,0,0,0,0.905991,4.26476e-09,0,1.20024e-12,0,0,0,0,0,0,0,0,0,0,0,0,0,0,4.26416e-09,0.905991,
-2.60209e-12,0.00648163,-0.0166355,-0.00119408,0.00222294,-8.12884e-05,2.38979e-05,0,0,0.361937,-0.00945361,0.234649,0.00372898,-0.0255766,-0.00361468,-0.00143357,0,0,6.93889e-12,0.0766196,-0.00437484,0.0404688,0.0025067,0.000999086,-3.5847e-05,0,0,-0.00944881,0.622604,-0.000171086,-0.0729761,0.00309026,-0.0229354,-0.000419394,0,0,4.33681e-12,-0.00491688,0.041632,-0.00136828,-0.00120043,-0.00027728,7.66093e-07,0,0,0.234897,-0.000102385,0.352621,-0.00359946,-0.0274691,-0.000804685,-0.000937641,0,0,-3.46945e-12,0.0583236,0.00116665,-0.0356684,-0.00370218,0.00325524,-0.000116394,0,0,0.00373437,-0.0737173,-0.00361362,0.612355,0.0189389,0.0558212,-0.00215623,0,0,-9.1073e-12,0.027515,-0.00867996,-0.0382441,0.0327862,0.000485615,0.00025187,0,0,-0.255056,0.0305594,-0.274354,0.189626,0.300952,-0.0376287,0.0390957,0,0,-5.55112e-11,0.0443112,-0.00741059,0.0271148,0.0113305,-0.0716154,0.00244333,0,0,-0.0361352,-0.22944,-0.00806523,0.558166,-0.0375838,0.395579,-0.0045847,0,0,0,-0.00329345,0.00190094,0.00442307,-0.00175379,0.00326122,-4.63203e-05,0,0,-0.0143328,-0.00416231,-0.00941051,-0.0216073,0.0391314,-0.00459273,0.0652425,0,0,0,0,0,0,0,0,0,0,0,0,0,0,0,0,0,0,0.905991,-4.31937e-09,0,0,0,0,0,0,0,0,0,0,0,0,0,0,0,0,-4.31907e-09,0.905991,
8.67362e-13,0.00647953,-0.0166456,-0.00119226,0.00222151,-8.11983e-05,2.39228e-05,0,0,0.362051,-0.00945897,0.234574,0.00372995,-0.0255521,-0.00361441,-0.00143543,0,0,6.93889e-12,0.0766288,-0.00437439,0.0404412,0.00250576,0.000999549,-3.58717e-05,0,0,-0.00945414,0.622625,-0.000170904,-0.0729877,0.00309035,-0.0229271,-0.000419644,0,0,1.30104e-12,-0.00491691,0.0416695,-0.00136559,-0.00120049,-0.00027725,7.51953e-07,0,0,0.234822,-0.000102142,0.352722,-0.00360384,-0.0274609,-0.000804,-0.000938051,0,0,6.93889e-12,0.0583001,0.00116848,-0.0356437,-0.00370177,0.00325502,-0.000116426,0,0,0.00373544,-0.0737294,-0.00361795,0.612345,0.0189425,0.0558254,-0.0021559,0,0,2.60209e-12,0.0275091,-0.00866714,-0.0382368,0.0327849,0.000486737,0.000252308,0,0,-0.25481,0.03056,-0.274272,0.189662,0.300955,-0.0376372,0.0390888,0,0,6.245e-11,0.0443299,-0.00741235,0.0270634,0.0113299,-0.0715995,0.00244336,0,0,-0.0361323,-0.229358,-0.00805822,0.558208,-0.0375923,0.395579,-0.00458538,0,0,1.73472e-12,-0.0032937,0.0019011,0.00442402,-0.00175275,0.00326135,-4.6224e-05,0,0,-0.0143513,-0.00416477,-0.00941465,-0.021604,0.0391245,-0.00459342,0.0652433,0,0,0,0,0,0,2.40048e-12,0,0,0,0,0,0,0,0,0,0,0,0.905991,4.25215e-09,0,0,0,0,0,0,0,0,0,0,0,0,0,0,0,0,4.25275e-09,0.905991,
6.93889e-12,0.00647744,-0.0166557,-0.00119043,0.00222007,-8.11016e-05,2.39473e-05,0,0,0.362164,-0.00946432,0.234498,0.0037309,-0.0255276,-0.00361413,-0.00143729,0,0,-2.08167e-11,0.076638,-0.00437395,0.0404135,0.00250481,0.00100002,-3.58964e-05,0,0,-0.00945948,0.622645,-0.000170722,-0.0729993,0.00309044,-0.0229189,-0.000419894,0,0,-1.73472e-11,-0.00491693,0.041707,-0.00136285,-0.00120053,-0.000277212,7.37695e-07,0,0,0.234746,-0.0001019,0.352823,-0.00360823,-0.0274526,-0.000803309,-0.000938462,0,0,1.21431e-11,0.0582766,0.00117031,-0.0356189,-0.00370136,0.00325481,-0.000116458,0,0,0.00373649,-0.0737415,-0.00362229,0.612335,0.018946,0.0558296,-0.00215556,0,0,-4.33681e-12,0.0275031,-0.00865426,-0.0382295,0.0327835,0.000487802,0.000252747,0,0,-0.254565,0.0305606,-0.274189,0.189697,0.300959,-0.0376457,0.0390818,0,0,5.55112e-11,0.0443486,-0.0074141,0.0270119,0.0113291,-0.0715837,0.00244338,0,0,-0.0361292,-0.229276,-0.00805114,0.558251,-0.0376008,0.395579,-0.00458606,0,0,0,-0.00329394,0.00190125,0.00442497,-0.0017517,0.00326148,-4.61257e-05,0,0,-0.0143699,-0.00416723,-0.00941879,-0.0216007,0.0391175,-0.0045941,0.0652442,0,0,0,0,0,0,-1.20024e-12,0,0,0,0,0,0,0,0,0,0,0,0.905991,-4.30256e-09,0,0,0,0,0,0,0,0,0,0,0,0,0,0,0,0,-4.30256e-09,0.905991,
-8.67362e-13,0.00647534,-0.0166657,-0.00118857,0.00221862,-8.10008e-05,2.39716e-05,0,0,0.362278,-0.00946968,0.234421,0.00373184,-0.0255031,-0.00361383,-0.00143915,0,0,0,0.0766472,-0.00437351,0.0403858,0.00250386,0.00100049,-3.59212e-05,0,0,-0.00946481,0.622665,-0.000170541,-0.0730109,0.00309053,-0.0229107,-0.000420145,0,0,1.73472e-12,-0.00491695,0.0417446,-0.00136009,-0.00120058,-0.00027717,7.23344e-07,0,0,0.234671,-0.000101659,0.352923,-0.00361264,-0.0274444,-0.000802612,-0.000938873,0,0,-5.20417e-12,0.0582531,0.00117214,-0.0355941,-0.00370094,0.00325459,-0.000116489,0,0,0.00373753,-0.0737536,-0.00362663,0.612325,0.0189496,0.0558338,-0.00215523,0,0,2.60209e-12,0.0274971,-0.00864134,-0.0382221,0.0327821,0.000488818,0.000253186,0,0,-0.254319,0.0305612,-0.274106,0.189733,0.300962,-0.0376542,0.0390748,0,0,-1.38778e-11,0.0443673,-0.00741583,0.0269604,0.0113283,-0.0715679,0.0024434,0,0,-0.036126,-0.229194,-0.00804401,0.558294,-0.0376093,0.395579,-0.00458674,0,0,0,-0.00329419,0.0019014,0.00442592,-0.00175064,0.00326161,-4.60255e-05,0,0,-0.0143885,-0.0041697,-0.00942294,-0.0215974,0.0391106,-0.00459479,0.065245,0,0,0,1.20024e-12,-1.20024e-12,-1.20024e-12,-1.20024e-12,1.20024e-12,0,0,0,0,0,0,0,0,0,0,0.905991,4.23265e-09,0,0,0,0,0,0,1.20024e-12,0,0,0,0,0,0,0,0,0,4.23175e-09,0.905991,
6.07153e-12,0.00647324,-0.0166758,-0.0011867,0.00221717,-8.08971e-05,2.39957e-05,0,0,0.362392,-0.00947503,0.234345,0.00373275,-0.0254786,-0.00361352,-0.00144102,0,0,1.38778e-11,0.0766564,-0.00437308,0.0403582,0.00250292,0.00100096,-3.5946e-05,0,0,-0.00947014,0.622686,-0.000170361,-0.0730224,0.00309063,-0.0229024,-0.000420396,0,0,-8.45678e-12,-0.00491696,0.0417822,-0.00135729,-0.00120062,-0.000277124,7.08916e-07,0,0,0.234595,-0.000101418,0.353024,-0.00361705,-0.0274361,-0.00080191,-0.000939286,0,0,-2.94903e-11,0.0582296,0.00117397,-0.0355693,-0.00370051,0.00325438,-0.000116521,0,0,0.00373855,-0.0737657,-0.00363099,0.612315,0.0189531,0.0558381,-0.00215489,0,0,4.29344e-11,0.0274911,-0.00862836,-0.0382147,0.0327805,0.000489792,0.000253625,0,0,-0.254073,0.0305619,-0.274023,0.189769,0.300966,-0.0376627,0.0390677,0,0,1.04083e-10,0.0443861,-0.00741755,0.0269088,0.0113275,-0.0715521,0.00244342,0,0,-0.0361226,-0.229112,-0.00803681,0.558337,-0.0376178,0.395578,-0.00458742,0,0,-3.46945e-12,-0.00329443,0.00190155,0.00442687,-0.00174957,0.00326175,-4.59238e-05,0,0,-0.0144071,-0.00417217,-0.00942709,-0.0215941,0.0391036,-0.00459547,0.0652459,0,0,0,0,0,0,0,0,0,0,0,0,0,0,0,0,0,0,0.905991,4.27886e-09,0,0,0,0,0,0,0,0,0,0,0,0,0,0,0,0,4.27826e-09,0.905991,
-6.07153e-12,0.00647113,-0.0166858,-0.00118482,0.00221571,-8.07914e-05,2.40197e-05,0,0,0.362506,-0.00948038,0.234269,0.00373365,-0.025454,-0.0036132,-0.00144289,0,0,-6.93889e-12,0.0766656,-0.00437264,0.0403305,0.00250197,0.00100143,-3.59709e-05,0,0,-0.00947546,0.622706,-0.000170181,-0.073034,0.00309072,-0.0228942,-0.000420647,0,0,1.58294e-11,-0.00491697,0.0418197,-0.00135448,-0.00120065,-0.000277075,6.94418e-07,0,0,0.234519,-0.000101178,0.353125,-0.00362148,-0.0274279,-0.000801201,-0.000939699,0,0,-1.04083e-11,0.058206,0.0011758,-0.0355445,-0.00370007,0.00325417,-0.000116552,0,0,0.00373956,-0.0737778,-0.00363537,0.612305,0.0189567,0.0558423,-0.00215455,0,0,8.67362e-12,0.0274851,-0.00861532,-0.0382073,0.0327789,0.000490728,0.000254065,0,0,-0.253827,0.0305625,-0.27394,0.189805,0.300969,-0.0376711,0.0390607,0,0,7.63278e-11,0.0444049,-0.00741925,0.0268572,0.0113266,-0.0715362,0.00244345,0,0,-0.0361191,-0.229029,-0.00802957,0.558379,-0.0376263,0.395578,-0.0045881,0,0,-1.73472e-12,-0.00329467,0.00190169,0.00442783,-0.0017485,0.00326189,-4.58206e-05,0,0,-0.0144258,-0.00417465,-0.00943126,-0.0215908,0.0390966,-0.00459616,0.0652467,0,0,0,1.20024e-12,-1.20024e-12,0,0,0,1.20024e-12,0,0,0,0,0,0,0,0,0,0.905991,-4.43669e-09,0,0,0,0,0,0,0,0,0,0,0,0,0,0,0,0,-4.43669e-09,0.905991,
-2.60209e-12,0.00646903,-0.0166959,-0.00118293,0.00221424,-8.0688e-05,2.40438e-05,0,0,0.36262,-0.00948573,0.234192,0.00373454,-0.0254294,-0.00361286,-0.00144476,0,0,6.93889e-12,0.0766748,-0.0043722,0.0403028,0.00250102,0.0010019,-3.59958e-05,0,0,-0.00948079,0.622727,-0.000170001,-0.0730456,0.00309082,-0.0228859,-0.000420899,0,0,7.58942e-12,-0.00491698,0.0418573,-0.00135166,-0.00120069,-0.000277025,6.79904e-07,0,0,0.234442,-0.000100938,0.353226,-0.00362592,-0.0274196,-0.000800486,-0.000940113,0,0,-8.67362e-12,0.0581823,0.00117764,-0.0355196,-0.00369963,0.00325395,-0.000116584,0,0,0.00374054,-0.0737899,-0.00363975,0.612295,0.0189602,0.0558465,-0.00215421,0,0,-3.90313e-12,0.0274791,-0.00860223,-0.0381999,0.0327771,0.000491638,0.000254506,0,0,-0.25358,0.0305632,-0.273857,0.18984,0.300973,-0.0376796,0.0390536,0,0,0,0.0444237,-0.00742095,0.0268055,0.0113257,-0.0715204,0.00244347,0,0,-0.0361154,-0.228947,-0.00802226,0.558422,-0.0376347,0.395578,-0.00458878,0,0,-3.46945e-12,-0.00329491,0.00190183,0.00442878,-0.00174742,0.00326203,-4.57163e-05,0,0,-0.0144444,-0.00417713,-0.00943543,-0.0215874,0.0390896,-0.00459685,0.0652476,0,0,0,0,0,0,0,0,0,0,0,0,0,0,0,0,0,0,0.905991,-4.4568e-09,0,-1.20024e-12,0,0,0,0,0,0,0,0,0,0,0,0,0,0,-4.4565e-09,0.905991,
0,0.00646692,-0.0167059,-0.00118104,0.00221277,-8.059e-05,2.4068e-05,0,0,0.362734,-0.00949108,0.234116,0.00373541,-0.0254048,-0.00361251,-0.00144663,0,0,2.77556e-11,0.076684,-0.00437177,0.0402751,0.00250006,0.00100238,-3.60208e-05,0,0,-0.00948612,0.622747,-0.000169823,-0.0730572,0.00309091,-0.0228776,-0.000421151,0,0,2.1684e-12,-0.00491699,0.0418949,-0.00134884,-0.00120073,-0.000276978,6.6541e-07,0,0,0.234366,-0.000100699,0.353327,-0.00363037,-0.0274113,-0.000799766,-0.000940528,0,0,-2.42861e-11,0.0581587,0.00117947,-0.0354947,-0.00369919,0.00325374,-0.000116616,0,0,0.00374152,-0.073802,-0.00364414,0.612285,0.0189638,0.0558507,-0.00215387,0,0,-3.46945e-12,0.0274731,-0.00858908,-0.0381925,0.0327753,0.000492536,0.000254949,0,0,-0.253333,0.0305639,-0.273773,0.189876,0.300977,-0.037688,0.0390465,0,0,1.52656e-10,0.0444425,-0.00742263,0.0267537,0.0113248,-0.0715045,0.00244349,0,0,-0.0361116,-0.228865,-0.0080149,0.558465,-0.0376432,0.395578,-0.00458947,0,0,-1.73472e-12,-0.00329515,0.00190197,0.00442973,-0.00174634,0.00326217,-4.56115e-05,0,0,-0.0144631,-0.00417961,-0.00943961,-0.0215841,0.0390826,-0.00459754,0.0652484,0,0,0,0,0,-1.20024e-12,1.20024e-12,0,0,0,0,0,0,0,0,0,0,0,0.905991,-4.34817e-09,0,0,0,1.20024e-12,-1.20024e-12,0,0,0,0,0,0,0,0,0,0,0,-4.34787e-09,0.905991,
0,0.0064648,-0.0167159,-0.00117917,0.00221128,-8.04963e-05,2.40923e-05,0,0,0.362848,-0.00949643,0.234039,0.00373626,-0.0253801,-0.00361214,-0.0014485,0,0,1.38778e-11,0.0766931,-0.00437133,0.0402474,0.00249911,0.00100285,-3.60457e-05,0,0,-0.00949144,0.622768,-0.000169645,-0.0730688,0.00309101,-0.0228694,-0.000421403,0,0,1.0842e-12,-0.00491699,0.0419325,-0.00134602,-0.00120077,-0.000276932,6.50919e-07,0,0,0.234289,-0.000100461,0.353428,-0.00363483,-0.0274031,-0.00079904,-0.000940943,0,0,-8.67362e-12,0.058135,0.0011813,-0.0354698,-0.00369875,0.00325352,-0.000116647,0,0,0.00374248,-0.0738141,-0.00364855,0.612275,0.0189673,0.0558549,-0.00215353,0,0,2.1684e-12,0.027467,-0.00857586,-0.038185,0.0327734,0.000493427,0.000255392,0,0,-0.253086,0.0305646,-0.27369,0.189912,0.300981,-0.0376965,0.0390395,0,0,6.93889e-11,0.0444614,-0.00742429,0.0267019,0.0113238,-0.0714887,0.00244352,0,0,-0.0361077,-0.228782,-0.00800748,0.558508,-0.0376516,0.395578,-0.00459016,0,0,0,-0.00329539,0.0019021,0.00443068,-0.00174525,0.00326231,-4.55061e-05,0,0,-0.0144819,-0.00418209,-0.0094438,-0.0215807,0.0390755,-0.00459823,0.0652493,0,0,0,0,-1.20024e-12,0,1.20024e-12,0,0,0,0,0,0,0,0,0,0,0,0.905991,4.14233e-09,0,0,1.20024e-12,0,-1.20024e-12,0,0,0,0,0,0,0,0,0,0,0,4.14263e-09,0.905991,
-2.60209e-12,0.00646268,-0.0167259,-0.0011773,0.00220978,-8.04053e-05,2.41167e-05,0,0,0.362963,-0.00950178,0.233962,0.00373709,-0.0253554,-0.00361176,-0.00145038,0,0,1.38778e-11,0.0767023,-0.00437088,0.0402197,0.00249816,0.00100332,-3.60707e-05,0,0,-0.00949677,0.622788,-0.000169468,-0.0730804,0.00309111,-0.0228611,-0.000421656,0,0,1.95156e-12,-0.004917,0.0419701,-0.00134322,-0.0012008,-0.000276887,6.36409e-07,0,0,0.234213,-0.000100224,0.35353,-0.00363931,-0.0273948,-0.000798309,-0.00094136,0,0,1.21431e-11,0.0581113,0.00118314,-0.0354449,-0.0036983,0.00325331,-0.000116679,0,0,0.00374342,-0.0738262,-0.00365296,0.612265,0.0189709,0.0558591,-0.00215319,0,0,-3.9465e-11,0.027461,-0.00856259,-0.0381776,0.0327715,0.000494311,0.000255836,0,0,-0.252838,0.0305653,-0.273607,0.189948,0.300985,-0.0377049,0.0390323,0,0,-7.63278e-11,0.0444803,-0.00742595,0.02665,0.0113229,-0.0714728,0.00244354,0,0,-0.0361036,-0.2287,-0.008,0.55855,-0.0376601,0.395578,-0.00459084,0,0,5.20417e-12,-0.00329563,0.00190223,0.00443163,-0.00174415,0.00326246,-4.54004e-05,0,0,-0.0145006,-0.00418458,-0.009448,-0.0215774,0.0390685,-0.00459893,0.0652501,0,0,0,0,0,0,0,0,0,0,0,0,0,0,0,0,0,0,0.905991,4.06912e-09,0,0,0,0,-2.40048e-12,0,0,0,0,0,0,0,0,0,0,0,4.06792e-09,0.905991,
-8.67362e-13,0.00646056,-0.0167359,-0.00117543,0.00220828,-8.0316e-05,2.4141e-05,0,0,0.363077,-0.00950713,0.233884,0.00373791,-0.0253306,-0.00361137,-0.00145226,0,0,-1.38778e-11,0.0767114,-0.00437044,0.040192,0.00249721,0.0010038,-3.60958e-05,0,0,-0.00950209,0.622808,-0.000169292,-0.073092,0.00309121,-0.0228528,-0.000421909,0,0,-8.67362e-13,-0.00491701,0.0420077,-0.00134042,-0.00120084,-0.000276842,6.21864e-07,0,0,0.234136,-9.99868e-05,0.353631,-0.00364379,-0.0273865,-0.000797571,-0.000941777,0,0,-6.93889e-12,0.0580876,0.00118497,-0.03542,-0.00369785,0.00325309,-0.000116711,0,0,0.00374434,-0.0738383,-0.00365739,0.612255,0.0189744,0.0558633,-0.00215285,0,0,-8.67362e-12,0.0274549,-0.00854926,-0.0381701,0.0327694,0.000495187,0.000256281,0,0,-0.25259,0.030566,-0.273523,0.189984,0.300989,-0.0377133,0.0390252,0,0,-2.77556e-11,0.0444992,-0.00742759,0.0265981,0.0113219,-0.0714569,0.00244357,0,0,-0.0360994,-0.228617,-0.00799247,0.558593,-0.0376685,0.395578,-0.00459153,0,0,-1.73472e-12,-0.00329586,0.00190236,0.00443258,-0.00174305,0.00326261,-4.52942e-05,0,0,-0.0145193,-0.00418707,-0.0094522,-0.021574,0.0390614,-0.00459962,0.065251,0,0,0,-1.20024e-12,0,-1.20024e-12,1.20024e-12,0,-1.20024e-12,0,0,0,0,0,0,0,0,0,0.905991,4.09732e-09,0,3.60072e-12,0,3.60072e-12,-3.60072e-12,0,3.60072e-12,0,0,0,0,0,0,0,0,0,4.09792e-09,0.905991,
6.07153e-12,0.00645843,-0.0167459,-0.00117358,0.00220676,-8.02275e-05,2.41654e-05,0,0,0.363192,-0.00951247,0.233807,0.00373872,-0.0253059,-0.00361096,-0.00145414,0,0,1.38778e-11,0.0767206,-0.00436999,0.0401642,0.00249625,0.00100427,-3.61208e-05,0,0,-0.00950741,0.622829,-0.000169117,-0.0731036,0.00309131,-0.0228445,-0.000422162,0,0,-1.43115e-11,-0.00491701,0.0420453,-0.00133763,-0.00120087,-0.000276796,6.07271e-07,0,0,0.234059,-9.97509e-05,0.353732,-0.00364829,-0.0273782,-0.000796829,-0.000942195,0,0,-8.67362e-12,0.0580638,0.0011868,-0.035395,-0.0036974,0.00325287,-0.000116743,0,0,0.00374525,-0.0738505,-0.00366183,0.612245,0.018978,0.0558675,-0.0021525,0,0,1.73472e-12,0.0274488,-0.00853587,-0.0381627,0.0327673,0.00049605,0.000256726,0,0,-0.252342,0.0305667,-0.27344,0.19002,0.300993,-0.0377218,0.0390181,0,0,0,0.0445181,-0.00742922,0.0265461,0.0113209,-0.0714411,0.00244359,0,0,-0.0360951,-0.228534,-0.00798488,0.558636,-0.0376769,0.395578,-0.00459222,0,0,1.73472e-12,-0.0032961,0.00190248,0.00443352,-0.00174194,0.00326276,-4.51874e-05,0,0,-0.0145381,-0.00418956,-0.00945641,-0.0215706,0.0390543,-0.00460032,0.0652518,0,0,0,-1.20024e-12,0,0,0,0,0,5.76116e-11,0,0,0,0,0,0,0,0,0.905991,4.22635e-09,0,-1.20024e-12,0,0,0,0,0,0,0,0,0,0,0,0,0,0,4.22575e-09,0.905991,
-2.60209e-12,0.0064563,-0.0167558,-0.00117172,0.00220524,-8.01391e-05,2.41897e-05,0,0,0.363307,-0.00951782,0.23373,0.0037395,-0.025281,-0.00361054,-0.00145603,0,0,6.93889e-12,0.0767297,-0.00436954,0.0401364,0.00249529,0.00100475,-3.61459e-05,0,0,-0.00951273,0.622849,-0.000168942,-0.0731152,0.00309142,-0.0228362,-0.000422416,0,0,6.28837e-12,-0.00491702,0.042083,-0.00133485,-0.0012009,-0.000276749,5.92623e-07,0,0,0.233982,-9.95157e-05,0.353834,-0.0036528,-0.0273699,-0.00079608,-0.000942613,0,0,3.46945e-12,0.05804,0.00118863,-0.03537,-0.00369695,0.00325265,-0.000116775,0,0,0.00374614,-0.0738626,-0.00366628,0.612236,0.0189816,0.0558717,-0.00215216,0,0,-3.46945e-12,0.0274427,-0.00852241,-0.0381552,0.0327651,0.000496899,0.000257172,0,0,-0.252093,0.0305674,-0.273356,0.190056,0.300997,-0.0377302,0.0390109,0,0,-2.08167e-11,0.044537,-0.00743083,0.0264941,0.0113199,-0.0714251,0.00244361,0,0,-0.0360906,-0.228452,-0.00797724,0.558678,-0.0376853,0.395579,-0.00459291,0,0,0,-0.00329633,0.0019026,0.00443447,-0.00174083,0.0032629,-4.508e-05,0,0,-0.0145569,-0.00419206,-0.00946063,-0.0215673,0.0390472,-0.00460101,0.0652527,0,0,0,0,-2.40048e-12,2.40048e-12,-2.40048e-12,0,0,0,0,0,0,0,0,0,0,0,0.905991,-4.4646e-09,0,0,-1.20024e-12,1.20024e-12,-1.20024e-12,0,1.20024e-12,0,0,0,0,0,0,0,0,0,-4.4646e-09,0.905991,
-1.73472e-12,0.00645416,-0.0167657,-0.00116987,0.00220372,-8.00505e-05,2.4214e-05,0,0,0.363421,-0.00952316,0.233652,0.00374027,-0.0252562,-0.0036101,-0.00145791,0,0,1.38778e-11,0.0767388,-0.00436909,0.0401086,0.00249434,0.00100522,-3.6171e-05,0,0,-0.00951805,0.622869,-0.000168768,-0.0731268,0.00309152,-0.0228279,-0.00042267,0,0,3.46945e-12,-0.00491702,0.0421206,-0.00133206,-0.00120093,-0.000276701,5.77911e-07,0,0,0.233905,-9.92814e-05,0.353935,-0.00365732,-0.0273616,-0.000795326,-0.000943033,0,0,-1.73472e-11,0.0580161,0.00119047,-0.035345,-0.00369649,0.00325243,-0.000116807,0,0,0.00374702,-0.0738747,-0.00367074,0.612226,0.0189851,0.0558759,-0.00215181,0,0,-6.93889e-12,0.0274366,-0.00850889,-0.0381478,0.0327628,0.000497729,0.000257619,0,0,-0.251845,0.0305682,-0.273273,0.190091,0.301002,-0.0377385,0.0390038,0,0,1.11022e-10,0.044556,-0.00743243,0.026442,0.0113189,-0.0714092,0.00244364,0,0,-0.036086,-0.228369,-0.00796953,0.558721,-0.0376937,0.395579,-0.0045936,0,0,1.73472e-12,-0.00329656,0.00190271,0.00443542,-0.00173971,0.00326305,-4.49718e-05,0,0,-0.0145758,-0.00419456,-0.00946486,-0.0215639,0.0390401,-0.00460171,0.0652536,0,0,0,0,0,0,0,0,0,1.71634e-10,0,0,0,0,0,0,0,0,0.905991,-4.56392e-09,0,0,0,1.20024e-12,0,-1.20024e-12,0,0,0,0,0,0,0,0,0,0,-4.56362e-09,0.905991,
4.33681e-12,0.00645202,-0.0167757,-0.00116803,0.00220218,-7.99614e-05,2.42382e-05,0,0,0.363536,-0.0095285,0.233574,0.00374103,-0.0252313,-0.00360965,-0.0014598,0,0,1.38778e-11,0.0767479,-0.00436864,0.0400807,0.00249338,0.0010057,-3.61961e-05,0,0,-0.00952336,0.62289,-0.000168595,-0.0731384,0.00309163,-0.0228196,-0.000422924,0,0,-1.21431e-11,-0.00491702,0.0421583,-0.00132927,-0.00120095,-0.00027665,5.63131e-07,0,0,0.233827,-9.90478e-05,0.354037,-0.00366185,-0.0273532,-0.000794566,-0.000943453,0,0,-1.73472e-11,0.0579922,0.0011923,-0.0353199,-0.00369602,0.00325221,-0.000116838,0,0,0.00374788,-0.0738868,-0.00367521,0.612216,0.0189887,0.0558802,-0.00215147,0,0,-1.17094e-11,0.0274305,-0.00849532,-0.0381403,0.0327604,0.00049854,0.000258067,0,0,-0.251595,0.030569,-0.273189,0.190127,0.301006,-0.0377469,0.0389966,0,0,7.63278e-11,0.044575,-0.00743402,0.0263898,0.0113178,-0.0713933,0.00244366,0,0,-0.0360812,-0.228286,-0.00796177,0.558763,-0.037702,0.395579,-0.0045943,0,0,1.73472e-12,-0.0032968,0.00190282,0.00443636,-0.00173858,0.0032632,-4.48628e-05,0,0,-0.0145946,-0.00419706,-0.0094691,-0.0215605,0.039033,-0.00460241,0.0652544,0,0,0,0,-1.20024e-12,-1.20024e-12,1.20024e-12,-1.20024e-12,0,0,0,0,0,0,0,0,0,0,0.905991,-4.51591e-09,0,0,0,0,0,0,0,0,0,0,0,0,0,0,0,0,-4.51651e-09,0.905991,
-6.07153e-12,0.00644987,-0.0167855,-0.00116618,0.00220064,-7.98716e-05,2.42623e-05,0,0,0.363651,-0.00953385,0.233496,0.00374176,-0.0252064,-0.00360919,-0.00146169,0,0,6.93889e-12,0.076757,-0.00436818,0.0400529,0.00249242,0.00100617,-3.62213e-05,0,0,-0.00952868,0.62291,-0.000168422,-0.07315,0.00309174,-0.0228113,-0.000423179,0,0,1.38778e-11,-0.00491703,0.0421959,-0.00132647,-0.00120097,-0.000276598,5.48284e-07,0,0,0.233749,-9.88152e-05,0.354139,-0.0036664,-0.0273449,-0.000793801,-0.000943874,0,0,-6.93889e-12,0.0579683,0.00119413,-0.0352948,-0.00369555,0.00325199,-0.00011687,0,0,0.00374873,-0.073899,-0.0036797,0.612206,0.0189923,0.0558844,-0.00215112,0,0,-1.0842e-11,0.0274243,-0.00848168,-0.0381328,0.0327579,0.000499329,0.000258515,0,0,-0.251346,0.0305697,-0.273105,0.190163,0.301011,-0.0377553,0.0389894,0,0,-6.93889e-11,0.044594,-0.00743559,0.0263376,0.0113167,-0.0713774,0.00244368,0,0,-0.0360763,-0.228203,-0.00795395,0.558806,-0.0377104,0.395579,-0.00459499,0,0,-1.73472e-12,-0.00329703,0.00190293,0.00443731,-0.00173745,0.00326336,-4.47529e-05,0,0,-0.0146135,-0.00419957,-0.00947335,-0.0215571,0.0390258,-0.00460311,0.0652553,0,0,0,2.40048e-12,-2.40048e-12,0,1.20024e-12,0,-1.20024e-12,0,0,0,0,0,0,0,0,0,0.905991,-4.34577e-09,0,-1.20024e-12,1.20024e-12,0,0,0,0,0,0,0,0,0,0,0,0,0,-4.34637e-09,0.905991,
-6.07153e-12,0.00644772,-0.0167954,-0.00116433,0.00219909,-7.97811e-05,2.42864e-05,0,0,0.363766,-0.00953919,0.233418,0.00374248,-0.0251815,-0.00360871,-0.00146358,0,0,0,0.0767661,-0.00436773,0.040025,0.00249145,0.00100665,-3.62464e-05,0,0,-0.009534,0.62293,-0.000168251,-0.0731616,0.00309184,-0.0228029,-0.000423434,0,0,1.4962e-11,-0.00491702,0.0422336,-0.00132367,-0.00120099,-0.000276544,5.33365e-07,0,0,0.233672,-9.85833e-05,0.35424,-0.00367095,-0.0273366,-0.000793029,-0.000944296,0,0,3.29597e-11,0.0579444,0.00119597,-0.0352697,-0.00369507,0.00325177,-0.000116902,0,0,0.00374956,-0.0739111,-0.00368419,0.612196,0.0189958,0.0558886,-0.00215077,0,0,-6.07153e-12,0.0274182,-0.00846798,-0.0381253,0.0327553,0.000500096,0.000258964,0,0,-0.251096,0.0305705,-0.273022,0.190199,0.301015,-0.0377637,0.0389821,0,0,-5.55112e-11,0.044613,-0.00743715,0.0262853,0.0113156,-0.0713614,0.00244371,0,0,-0.0360712,-0.22812,-0.00794608,0.558849,-0.0377188,0.395579,-0.00459569,0,0,1.73472e-12,-0.00329726,0.00190304,0.00443825,-0.00173631,0.00326351,-4.46422e-05,0,0,-0.0146324,-0.00420208,-0.0094776,-0.0215536,0.0390186,-0.00460381,0.0652561,0,0,0,1.20024e-12,-1.20024e-12,1.20024e-12,0,0,0,0,0,0,0,0,0,0,0,0,0.905991,4.09432e-09,0,2.40048e-12,-2.40048e-12,2.40048e-12,0,0,0,0,0,0,0,0,0,0,0,0,4.09402e-09,0.905991,
1.73472e-12,0.00644557,-0.0168053,-0.00116248,0.00219753,-7.96898e-05,2.43103e-05,0,0,0.363881,-0.00954453,0.23334,0.00374318,-0.0251565,-0.00360822,-0.00146548,0,0,6.93889e-12,0.0767751,-0.00436727,0.0399971,0.00249049,0.00100713,-3.62716e-05,0,0,-0.00953931,0.622951,-0.00016808,-0.0731732,0.00309195,-0.0227946,-0.000423689,0,0,-4.77049e-12,-0.00491702,0.0422713,-0.00132086,-0.00120101,-0.000276487,5.18376e-07,0,0,0.233594,-9.83524e-05,0.354342,-0.00367552,-0.0273282,-0.000792252,-0.000944719,0,0,-6.93889e-12,0.0579204,0.0011978,-0.0352446,-0.00369459,0.00325154,-0.000116934,0,0,0.00375037,-0.0739232,-0.0036887,0.612186,0.0189994,0.0558928,-0.00215043,0,0,-5.20417e-12,0.027412,-0.00845421,-0.0381177,0.0327527,0.000500838,0.000259414,0,0,-0.250845,0.0305713,-0.272938,0.190235,0.30102,-0.037772,0.0389749,0,0,4.16334e-11,0.0446321,-0.00743869,0.0262329,0.0113144,-0.0713454,0.00244373,0,0,-0.0360661,-0.228037,-0.00793814,0.558891,-0.0377271,0.395579,-0.00459638,0,0,0,-0.00329749,0.00190314,0.0044392,-0.00173516,0.00326366,-4.45305e-05,0,0,-0.0146513,-0.0042046,-0.00948186,-0.0215502,0.0390114,-0.00460451,0.065257,0,0,0,0,0,0,0,0,0,0,0,0,0,0,0,0,0,0,0.905991,3.9806e-09,0,0,0,0,0,0,0,0,0,0,0,0,0,0,0,0,3.9809e-09,0.905991,
4.33681e-12,0.00644342,-0.0168151,-0.00116062,0.00219597,-7.95977e-05,2.43342e-05,0,0,0.363997,-0.00954986,0.233261,0.00374387,-0.0251315,-0.00360771,-0.00146737,0,0,-6.93889e-12,0.0767842,-0.00436681,0.0399692,0.00248952,0.00100761,-3.62969e-05,0,0,-0.00954462,0.622971,-0.000167909,-0.0731848,0.00309207,-0.0227863,-0.000423945,0,0,-9.75782e-12,-0.00491702,0.0423089,-0.00131805,-0.00120102,-0.000276429,5.03314e-07,0,0,0.233516,-9.81223e-05,0.354444,-0.0036801,-0.0273199,-0.000791469,-0.000945143,0,0,-8.67362e-12,0.0578964,0.00119963,-0.0352194,-0.0036941,0.00325132,-0.000116966,0,0,0.00375117,-0.0739354,-0.00369322,0.612176,0.019003,0.0558969,-0.00215008,0,0,5.20417e-12,0.0274058,-0.00844039,-0.0381102,0.0327499,0.000501557,0.000259864,0,0,-0.250595,0.0305721,-0.272854,0.190271,0.301025,-0.0377804,0.0389676,0,0,7.63278e-11,0.0446512,-0.00744022,0.0261805,0.0113132,-0.0713295,0.00244375,0,0,-0.0360607,-0.227954,-0.00793015,0.558934,-0.0377355,0.395579,-0.00459708,0,0,0,-0.00329771,0.00190324,0.00444014,-0.00173401,0.00326382,-4.44179e-05,0,0,-0.0146703,-0.00420711,-0.00948613,-0.0215468,0.0390043,-0.00460521,0.0652579,0,0,0,-1.20024e-12,0,0,-1.20024e-12,1.20024e-12,-1.20024e-12,5.76116e-11,0,0,0,0,0,0,0,0,0.905991,3.9704e-09,0,0,0,0,0,0,0,0,0,0,0,0,0,0,0,0,3.9695e-09,0.905991,
0,0.00644126,-0.016825,-0.00115877,0.0021944,-7.95049e-05,2.43581e-05,0,0,0.364112,-0.0095552,0.233183,0.00374454,-0.0251065,-0.00360719,-0.00146927,0,0,1.38778e-11,0.0767932,-0.00436635,0.0399412,0.00248856,0.00100809,-3.63221e-05,0,0,-0.00954993,0.622991,-0.00016774,-0.0731964,0.00309218,-0.0227779,-0.000424201,0,0,-2.60209e-12,-0.00491701,0.0423466,-0.00131523,-0.00120103,-0.000276368,4.88185e-07,0,0,0.233437,-9.7893e-05,0.354546,-0.00368469,-0.0273115,-0.000790681,-0.000945567,0,0,1.73472e-11,0.0578724,0.00120147,-0.0351943,-0.0036936,0.0032511,-0.000116998,0,0,0.00375195,-0.0739475,-0.00369774,0.612166,0.0190066,0.0559011,-0.00214973,0,0,-2.21177e-11,0.0273996,-0.00842651,-0.0381026,0.0327471,0.000502251,0.000260315,0,0,-0.250344,0.030573,-0.27277,0.190307,0.30103,-0.0377887,0.0389604,0,0,-8.32667e-11,0.0446703,-0.00744173,0.026128,0.011312,-0.0713135,0.00244377,0,0,-0.0360553,-0.227871,-0.0079221,0.558976,-0.0377438,0.39558,-0.00459778,0,0,3.46945e-12,-0.00329794,0.00190333,0.00444108,-0.00173285,0.00326397,-4.43043e-05,0,0,-0.0146892,-0.00420963,-0.00949041,-0.0215433,0.038997,-0.00460592,0.0652587,0,0,0,0,-1.20024e-12,0,-1.20024e-12,-1.20024e-12,0,1.20024e-12,0,0,0,0,0,0,0,0,0.905991,4.05051e-09,0,0,0,0,0,0,0,-1.20024e-12,0,0,0,0,0,0,0,0,4.04991e-09,0.905991,
-8.67362e-13,0.0064391,-0.0168348,-0.00115691,0.00219282,-7.94114e-05,2.43818e-05,0,0,0.364227,-0.00956054,0.233104,0.00374519,-0.0250814,-0.00360666,-0.00147118,0,0,-6.93889e-12,0.0768023,-0.00436588,0.0399133,0.00248759,0.00100857,-3.63474e-05,0,0,-0.00955524,0.623012,-0.000167571,-0.073208,0.00309229,-0.0227695,-0.000424457,0,0,-1.95156e-12,-0.00491701,0.0423843,-0.00131241,-0.00120104,-0.000276305,4.72987e-07,0,0,0.233359,-9.76647e-05,0.354648,-0.0036893,-0.0273032,-0.000789886,-0.000945992,0,0,-1.56125e-11,0.0578483,0.0012033,-0.035169,-0.0036931,0.00325087,-0.00011703,0,0,0.00375272,-0.0739597,-0.00370229,0.612156,0.0190101,0.0559053,-0.00214938,0,0,-1.99493e-11,0.0273934,-0.00841256,-0.0380951,0.0327442,0.000502921,0.000260767,0,0,-0.250093,0.0305738,-0.272686,0.190343,0.301035,-0.037797,0.0389531,0,0,1.38778e-11,0.0446894,-0.00744323,0.0260755,0.0113108,-0.0712975,0.00244379,0,0,-0.0360496,-0.227787,-0.00791399,0.559019,-0.0377521,0.39558,-0.00459848,0,0,0,-0.00329817,0.00190342,0.00444203,-0.00173169,0.00326413,-4.41897e-05,0,0,-0.0147082,-0.00421216,-0.0094947,-0.0215399,0.0389898,-0.00460662,0.0652596,0,0,0,-1.20024e-12,0,1.20024e-12,-1.20024e-12,1.20024e-12,0,0,0,0,0,0,0,0,0,0,0.905991,4.22575e-09,0,0,0,0,0,0,0,0,0,0,0,0,0,0,0,0,4.22605e-09,0.905991,
-4.33681e-12,0.00643693,-0.0168446,-0.00115506,0.00219123,-7.93174e-05,2.44055e-05,0,0,0.364343,-0.00956587,0.233025,0.00374583,-0.0250563,-0.00360611,-0.00147308,0,0,6.93889e-12,0.0768113,-0.00436542,0.0398853,0.00248662,0.00100905,-3.63727e-05,0,0,-0.00956055,0.623032,-0.000167403,-0.0732196,0.00309241,-0.0227612,-0.000424714,0,0,8.89046e-12,-0.004917,0.0424221,-0.00130957,-0.00120105,-0.000276241,4.57723e-07,0,0,0.23328,-9.74373e-05,0.35475,-0.00369392,-0.0272948,-0.000789086,-0.000946419,0,0,-1.73472e-12,0.0578242,0.00120514,-0.0351438,-0.0036926,0.00325065,-0.000117062,0,0,0.00375347,-0.0739718,-0.00370684,0.612146,0.0190137,0.0559095,-0.00214902,0,0,-4.33681e-12,0.0273871,-0.00839855,-0.0380875,0.0327412,0.000503567,0.00026122,0,0,-0.249841,0.0305747,-0.272602,0.19038,0.30104,-0.0378053,0.0389458,0,0,-3.46945e-11,0.0447085,-0.00744471,0.0260229,0.0113095,-0.0712815,0.00244381,0,0,-0.0360439,-0.227704,-0.00790583,0.559061,-0.0377604,0.39558,-0.00459918,0,0,0,-0.00329839,0.00190351,0.00444297,-0.00173051,0.00326429,-4.40742e-05,0,0,-0.0147272,-0.00421468,-0.00949899,-0.0215364,0.0389826,-0.00460733,0.0652605,0,0,0,0,0,0,0,0,0,0,0,0,0,0,0,0,0,0,0.905991,-4.51531e-09,0,0,0,0,0,0,0,0,0,0,0,0,0,0,0,0,-4.51561e-09,0.905991,
3.46945e-12,0.00643476,-0.0168544,-0.0011532,0.00218964,-7.92229e-05,2.44291e-05,0,0,0.364458,-0.00957121,0.232946,0.00374645,-0.0250312,-0.00360555,-0.00147499,0,0,-3.46945e-11,0.0768203,-0.00436495,0.0398573,0.00248565,0.00100953,-3.6398e-05,0,0,-0.00956586,0.623052,-0.000167236,-0.0732312,0.00309252,-0.0227528,-0.000424971,0,0,-9.1073e-12,-0.00491699,0.0424598,-0.00130673,-0.00120105,-0.000276174,4.42395e-07,0,0,0.233202,-9.72108e-05,0.354852,-0.00369854,-0.0272864,-0.00078828,-0.000946845,0,0,-6.93889e-12,0.0578001,0.00120697,-0.0351185,-0.00369209,0.00325043,-0.000117094,0,0,0.0037542,-0.073984,-0.0037114,0.612136,0.0190173,0.0559137,-0.00214867,0,0,2.60209e-12,0.0273809,-0.00838449,-0.0380799,0.0327381,0.000504189,0.000261673,0,0,-0.249589,0.0305755,-0.272517,0.190416,0.301045,-0.0378136,0.0389385,0,0,-2.08167e-11,0.0447277,-0.00744618,0.0259703,0.0113082,-0.0712654,0.00244383,0,0,-0.036038,-0.227621,-0.0078976,0.559104,-0.0377687,0.39558,-0.00459988,0,0,0,-0.00329862,0.0019036,0.00444391,-0.00172934,0.00326445,-4.39578e-05,0,0,-0.0147462,-0.00421721,-0.00950329,-0.0215329,0.0389753,-0.00460804,0.0652613,0,0,0,0,0,0,0,0,0,0,0,0,0,0,0,0,0,0,0.905991,-4.66474e-09,0,0,0,0,0,0,0,0,0,0,0,0,0,0,0,0,-4.66564e-09,0.905991,
-1.73472e-12,0.00643259,-0.0168641,-0.00115134,0.00218804,-7.9128e-05,2.44527e-05,0,0,0.364574,-0.00957654,0.232867,0.00374706,-0.025006,-0.00360497,-0.00147689,0,0,-6.93889e-12,0.0768293,-0.00436449,0.0398293,0.00248467,0.00101001,-3.64234e-05,0,0,-0.00957117,0.623073,-0.00016707,-0.0732428,0.00309264,-0.0227444,-0.000425228,0,0,2.81893e-12,-0.00491698,0.0424975,-0.00130389,-0.00120105,-0.000276106,4.27004e-07,0,0,0.233123,-9.69852e-05,0.354955,-0.00370318,-0.0272781,-0.000787469,-0.000947273,0,0,-1.21431e-11,0.0577759,0.00120881,-0.0350933,-0.00369157,0.0032502,-0.000117126,0,0,0.00375492,-0.0739961,-0.00371598,0.612126,0.0190209,0.0559179,-0.00214832,0,0,-8.67362e-13,0.0273746,-0.00837036,-0.0380723,0.032735,0.000504787,0.000262127,0,0,-0.249337,0.0305764,-0.272433,0.190452,0.301051,-0.0378219,0.0389311,0,0,3.46945e-11,0.0447469,-0.00744763,0.0259176,0.0113068,-0.0712494,0.00244385,0,0,-0.0360319,-0.227537,-0.00788932,0.559146,-0.037777,0.395581,-0.00460059,0,0,0,-0.00329884,0.00190368,0.00444486,-0.00172815,0.00326461,-4.38404e-05,0,0,-0.0147653,-0.00421975,-0.00950761,-0.0215295,0.038968,-0.00460875,0.0652622,0,0,0,0,0,0,0,0,0,0,0,0,0,0,0,0,0,0,0.905991,-4.65514e-09,0,0,1.20024e-12,0,0,0,1.20024e-12,0,0,0,0,0,0,0,0,0,-4.65514e-09,0.905991,
-2.60209e-12,0.00643041,-0.0168739,-0.00114946,0.00218643,-7.90318e-05,2.44761e-05,0,0,0.36469,-0.00958188,0.232787,0.00374764,-0.0249808,-0.00360438,-0.0014788,0,0,1.38778e-11,0.0768383,-0.00436402,0.0398012,0.0024837,0.00101049,-3.64488e-05,0,0,-0.00957648,0.623093,-0.000166905,-0.0732544,0.00309276,-0.022736,-0.000425486,0,0,9.1073e-12,-0.00491696,0.0425352,-0.00130102,-0.00120105,-0.000276034,4.11542e-07,0,0,0.233044,-9.67606e-05,0.355057,-0.00370784,-0.0272697,-0.000786651,-0.000947702,0,0,-2.77556e-11,0.0577517,0.00121064,-0.035068,-0.00369105,0.00324998,-0.000117158,0,0,0.00375562,-0.0740083,-0.00372056,0.612116,0.0190245,0.0559221,-0.00214796,0,0,1.77809e-11,0.0273683,-0.00835617,-0.0380646,0.0327317,0.000505345,0.000262582,0,0,-0.249084,0.0305773,-0.272349,0.190488,0.301056,-0.0378302,0.0389238,0,0,7.63278e-11,0.0447661,-0.00744907,0.0258648,0.0113054,-0.0712334,0.00244387,0,0,-0.0360258,-0.227454,-0.00788099,0.559189,-0.0377852,0.395581,-0.00460129,0,0,-1.73472e-12,-0.00329906,0.00190376,0.0044458,-0.00172696,0.00326477,-4.37215e-05,0,0,-0.0147844,-0.00422228,-0.00951192,-0.021526,0.0389607,-0.00460946,0.0652631,0,0,0,1.20024e-12,0,0,0,0,0,0,0,0,0,0,0,0,0,0,0.905991,-4.5048e-09,0,-2.40048e-12,0,0,0,0,0,0,0,0,0,0,0,0,0,0,-4.5051e-09,0.905991,
-2.60209e-12,0.00642822,-0.0168836,-0.00114764,0.00218478,-7.89903e-05,2.45019e-05,0,0,0.364806,-0.00958721,0.232708,0.00374821,-0.0249556,-0.00360377,-0.00148072,0,0,6.93889e-12,0.0768473,-0.00436355,0.0397731,0.00248273,0.00101096,-3.64741e-05,0,0,-0.00958178,0.623113,-0.000166741,-0.0732661,0.00309288,-0.0227276,-0.000425744,0,0,5.85469e-12,-0.00491695,0.042573,-0.00129825,-0.00120107,-0.000275999,3.9666e-07,0,0,0.232965,-9.65367e-05,0.355159,-0.0037125,-0.0272613,-0.000785828,-0.000948131,0,0,-6.93889e-12,0.0577275,0.00121248,-0.0350426,-0.00369055,0.00324973,-0.000117191,0,0,0.00375631,-0.0740204,-0.00372516,0.612106,0.0190281,0.0559263,-0.00214761,0,0,-4.33681e-13,0.0273621,-0.0083419,-0.038057,0.0327283,0.000505998,0.000263045,0,0,-0.248831,0.0305782,-0.272264,0.190524,0.301062,-0.0378384,0.0389164,0,0,7.63278e-11,0.0447853,-0.0074505,0.025812,0.0113041,-0.0712173,0.0024439,0,0,-0.0360195,-0.22737,-0.00787259,0.559231,-0.0377935,0.395581,-0.004602,0,0,0,-0.00329928,0.00190383,0.00444674,-0.00172577,0.00326495,-4.36053e-05,0,0,-0.0148035,-0.00422482,-0.00951625,-0.0215225,0.0389534,-0.00461017,0.065264,0,0,0,0,0,0,0,0,0,0,0,0,0,0,0,0,0,0,0.905991,4.25485e-09,0,0,0,0,0,0,0,0,0,0,0,0,0,0,0,0,4.25455e-09,0.905991,
2.60209e-12,0.00642601,-0.0168933,-0.00114585,0.00218314,-7.8939e-05,2.45269e-05,0,0,0.364922,-0.00959254,0.232628,0.00374877,-0.0249303,-0.00360316,-0.00148263,0,0,0,0.0768563,-0.00436306,0.039745,0.00248175,0.00101144,-3.64994e-05,0,0,-0.00958709,0.623133,-0.000166577,-0.0732777,0.003093,-0.0227193,-0.000426002,0,0,-8.45678e-12,-0.00491695,0.0426107,-0.00129552,-0.00120109,-0.000275957,3.81573e-07,0,0,0.232885,-9.63138e-05,0.355262,-0.00371718,-0.0272529,-0.000785,-0.000948561,0,0,-1.73472e-12,0.0577032,0.00121431,-0.0350172,-0.00369005,0.00324949,-0.000117223,0,0,0.00375698,-0.0740326,-0.00372977,0.612096,0.0190317,0.0559305,-0.00214725,0,0,-5.20417e-12,0.0273557,-0.00832757,-0.0380494,0.0327249,0.00050667,0.000263505,0,0,-0.248578,0.0305791,-0.27218,0.19056,0.301067,-0.0378467,0.038909,0,0,6.93889e-11,0.0448046,-0.00745191,0.025759,0.0113028,-0.0712011,0.00244392,0,0,-0.036013,-0.227286,-0.00786413,0.559274,-0.0378017,0.395582,-0.0046027,0,0,3.46945e-12,-0.0032995,0.00190391,0.00444767,-0.00172457,0.00326512,-4.34897e-05,0,0,-0.0148226,-0.00422736,-0.00952059,-0.021519,0.0389461,-0.00461088,0.0652648,0,0,0,0,0,0,0,0,-2.40048e-12,0,0,0,0,0,0,0,0,0,0.905991,4.15313e-09,0,0,0,0,0,-1.20024e-12,-2.40048e-12,0,0,0,0,0,0,0,0,0,4.15373e-09,0.905991,
1.73472e-12,0.00642381,-0.016903,-0.00114407,0.0021815,-7.88695e-05,2.45512e-05,0,0,0.365038,-0.00959787,0.232548,0.00374931,-0.024905,-0.00360252,-0.00148455,0,0,-6.93889e-12,0.0768652,-0.00436258,0.0397168,0.00248077,0.00101191,-3.65248e-05,0,0,-0.00959239,0.623154,-0.000166414,-0.0732893,0.00309312,-0.0227108,-0.000426261,0,0,-4.98733e-12,-0.00491694,0.0426485,-0.00129279,-0.00120109,-0.000275903,3.6623e-07,0,0,0.232806,-9.60919e-05,0.355364,-0.00372186,-0.0272445,-0.000784166,-0.000948992,0,0,-3.46945e-12,0.057679,0.00121614,-0.0349919,-0.00368953,0.00324925,-0.000117255,0,0,0.00375763,-0.0740447,-0.00373439,0.612086,0.0190352,0.0559346,-0.00214689,0,0,0,0.0273494,-0.00831317,-0.0380418,0.0327214,0.000507309,0.000263963,0,0,-0.248325,0.03058,-0.272095,0.190596,0.301073,-0.0378549,0.0389016,0,0,2.08167e-11,0.0448239,-0.00745331,0.0257061,0.0113014,-0.071185,0.00244394,0,0,-0.0360064,-0.227203,-0.00785561,0.559316,-0.03781,0.395582,-0.00460341,0,0,0,-0.00329972,0.00190398,0.00444861,-0.00172337,0.00326528,-4.33729e-05,0,0,-0.0148417,-0.00422991,-0.00952494,-0.0215155,0.0389387,-0.0046116,0.0652657,0,0,0,0,0,-2.40048e-12,-2.40048e-12,0,-2.40048e-12,0,0,0,0,0,0,0,0,0,0.905991,4.16634e-09,0,0,0,0,0,0,0,0,0,0,0,0,0,0,0,0,4.16634e-09,0.905991,
-3.46945e-12,0.00642161,-0.0169126,-0.00114227,0.00217987,-7.87851e-05,2.45748e-05,0,0,0.365154,-0.0096032,0.232468,0.00374982,-0.0248797,-0.00360188,-0.00148647,0,0,-6.93889e-12,0.0768742,-0.00436209,0.0396886,0.00247979,0.0010124,-3.65503e-05,0,0,-0.00959769,0.623174,-0.000166252,-0.0733009,0.00309325,-0.0227024,-0.00042652,0,0,9.32414e-12,-0.00491693,0.0426863,-0.00129001,-0.00120108,-0.000275835,3.50669e-07,0,0,0.232726,-9.58712e-05,0.355467,-0.00372657,-0.027236,-0.000783325,-0.000949424,0,0,5.20417e-12,0.0576546,0.00121797,-0.0349664,-0.003689,0.00324902,-0.000117287,0,0,0.00375827,-0.0740569,-0.00373902,0.612076,0.0190388,0.0559388,-0.00214654,0,0,1.73472e-12,0.0273431,-0.00829871,-0.0380342,0.0327178,0.000507879,0.00026442,0,0,-0.248071,0.030581,-0.272011,0.190632,0.301079,-0.0378632,0.0388942,0,0,-1.38778e-11,0.0448432,-0.00745469,0.0256531,0.0113,-0.0711689,0.00244396,0,0,-0.0359996,-0.227119,-0.00784702,0.559359,-0.0378182,0.395582,-0.00460412,0,0,0,-0.00329994,0.00190404,0.00444955,-0.00172216,0.00326545,-4.32537e-05,0,0,-0.0148609,-0.00423246,-0.00952929,-0.021512,0.0389314,-0.00461231,0.0652666,0,0,0,0,0,0,0,0,0,0,0,0,0,0,0,0,0,0,0.905991,4.28216e-09,0,1.20024e-12,0,0,-1.20024e-12,0,0,0,0,0,0,0,0,0,0,0,4.28366e-09,0.905991,
8.67362e-13,0.0064194,-0.0169223,-0.00114048,0.0021782,-7.87328e-05,2.45998e-05,0,0,0.365271,-0.00960853,0.232388,0.00375033,-0.0248543,-0.00360122,-0.00148839,0,0,6.93889e-12,0.0768831,-0.0043616,0.0396604,0.00247881,0.00101287,-3.65758e-05,0,0,-0.00960299,0.623194,-0.00016609,-0.0733125,0.00309337,-0.022694,-0.00042678,0,0,-5.85469e-12,-0.00491692,0.042724,-0.00128726,-0.00120108,-0.000275788,3.35443e-07,0,0,0.232646,-9.56513e-05,0.355569,-0.00373128,-0.0272276,-0.000782479,-0.000949857,0,0,1.73472e-12,0.0576303,0.0012198,-0.034941,-0.00368848,0.00324878,-0.00011732,0,0,0.00375889,-0.0740691,-0.00374367,0.612066,0.0190424,0.055943,-0.00214618,0,0,-1.82146e-11,0.0273367,-0.00828419,-0.0380266,0.0327141,0.000508475,0.000264883,0,0,-0.247817,0.0305819,-0.271926,0.190669,0.301085,-0.0378714,0.0388868,0,0,6.93889e-12,0.0448625,-0.00745606,0.0256,0.0112986,-0.0711527,0.00244398,0,0,-0.0359927,-0.227035,-0.00783837,0.559401,-0.0378264,0.395583,-0.00460483,0,0,0,-0.00330015,0.0019041,0.00445048,-0.00172094,0.00326562,-4.31349e-05,0,0,-0.0148801,-0.00423501,-0.00953365,-0.0215084,0.038924,-0.00461303,0.0652675,0,0,0,1.20024e-12,0,-1.20024e-12,0,1.20024e-12,1.20024e-12,0,0,0,0,0,0,0,0,0,0.905991,-4.51441e-09,0,-1.20024e-12,0,1.20024e-12,0,-1.20024e-12,-1.20024e-12,0,0,0,0,0,0,0,0,0,-4.51441e-09,0.905991,
4.33681e-12,0.00641718,-0.0169319,-0.0011387,0.00217654,-7.86712e-05,2.46242e-05,0,0,0.365387,-0.00961385,0.232308,0.00375081,-0.0248289,-0.00360054,-0.00149031,0,0,0,0.0768921,-0.00436111,0.0396322,0.00247783,0.00101335,-3.66013e-05,0,0,-0.00960829,0.623214,-0.000165929,-0.0733242,0.0030935,-0.0226856,-0.000427039,0,0,-1.12757e-11,-0.00491691,0.0427618,-0.00128453,-0.00120107,-0.000275733,3.20034e-07,0,0,0.232566,-9.54323e-05,0.355672,-0.00373601,-0.0272192,-0.000781627,-0.000950291,0,0,0,0.0576059,0.00122164,-0.0349155,-0.00368796,0.00324854,-0.000117352,0,0,0.00375949,-0.0740812,-0.00374832,0.612056,0.019046,0.0559472,-0.00214582,0,0,-5.20417e-12,0.0273304,-0.0082696,-0.0380189,0.0327103,0.000509053,0.000265344,0,0,-0.247562,0.0305829,-0.271841,0.190705,0.301091,-0.0378796,0.0388793,0,0,0,0.0448818,-0.00745741,0.0255468,0.0112972,-0.0711366,0.002444,0,0,-0.0359856,-0.226951,-0.00782966,0.559443,-0.0378346,0.395583,-0.00460554,0,0,0,-0.00330037,0.00190416,0.00445141,-0.00171972,0.00326579,-4.30154e-05,0,0,-0.0148993,-0.00423757,-0.00953803,-0.0215049,0.0389166,-0.00461374,0.0652684,0,0,0,0,2.40048e-12,0,0,0,0,0,0,0,0,0,0,0,0,0,0.905991,-4.60082e-09,0,0,0,0,0,0,0,0,0,0,0,0,0,0,0,0,-4.60112e-09,0.905991,
2.60209e-12,0.00641496,-0.0169415,-0.00113692,0.00217488,-7.85958e-05,2.46479e-05,0,0,0.365504,-0.00961918,0.232227,0.00375127,-0.0248035,-0.00359985,-0.00149224,0,0,-1.38778e-11,0.076901,-0.00436062,0.0396039,0.00247685,0.00101384,-3.66269e-05,0,0,-0.00961359,0.623234,-0.000165768,-0.0733358,0.00309363,-0.0226771,-0.0004273,0,0,-7.58942e-12,-0.0049169,0.0427996,-0.00128177,-0.00120106,-0.000275668,3.04413e-07,0,0,0.232486,-9.52145e-05,0.355775,-0.00374075,-0.0272108,-0.000780768,-0.000950726,0,0,-1.73472e-12,0.0575814,0.00122347,-0.03489,-0.00368741,0.0032483,-0.000117384,0,0,0.00376008,-0.0740934,-0.00375299,0.612046,0.0190496,0.0559514,-0.00214546,0,0,6.07153e-12,0.027324,-0.00825495,-0.0380113,0.0327064,0.000509582,0.000265803,0,0,-0.247307,0.0305839,-0.271756,0.190741,0.301097,-0.0378878,0.0388719,0,0,-6.93889e-12,0.0449012,-0.00745874,0.0254936,0.0112957,-0.0711204,0.00244402,0,0,-0.0359784,-0.226867,-0.00782088,0.559486,-0.0378428,0.395584,-0.00460625,0,0,0,-0.00330058,0.00190422,0.00445235,-0.00171849,0.00326596,-4.28942e-05,0,0,-0.0149185,-0.00424013,-0.00954241,-0.0215013,0.0389092,-0.00461446,0.0652692,0,0,0,0,0,0,1.20024e-12,0,-1.20024e-12,0,0,0,0,0,0,0,0,0,0.905991,-4.53931e-09,0,0,0,0,1.20024e-12,0,-1.20024e-12,0,0,0,0,0,0,0,0,0,-4.53961e-09,0.905991,
4.33681e-12,0.00641274,-0.0169511,-0.00113512,0.00217322,-7.85209e-05,2.46717e-05,0,0,0.36562,-0.0096245,0.232146,0.00375172,-0.024778,-0.00359914,-0.00149417,0,0,1.38778e-11,0.0769099,-0.00436013,0.0395757,0.00247586,0.00101432,-3.66525e-05,0,0,-0.00961888,0.623255,-0.000165607,-0.0733474,0.00309376,-0.0226687,-0.00042756,0,0,-9.54098e-12,-0.00491689,0.0428374,-0.00127899,-0.00120104,-0.0002756,2.88757e-07,0,0,0.232406,-9.49975e-05,0.355878,-0.00374551,-0.0272023,-0.000779902,-0.000951161,0,0,-1.04083e-11,0.057557,0.0012253,-0.0348645,-0.00368686,0.00324807,-0.000117417,0,0,0.00376064,-0.0741056,-0.00375767,0.612036,0.0190532,0.0559555,-0.0021451,0,0,1.73472e-12,0.0273176,-0.00824025,-0.0380036,0.0327025,0.000510077,0.000266264,0,0,-0.247052,0.0305849,-0.271671,0.190777,0.301103,-0.037896,0.0388644,0,0,6.93889e-11,0.0449206,-0.00746006,0.0254404,0.0112942,-0.0711042,0.00244404,0,0,-0.035971,-0.226783,-0.00781203,0.559528,-0.037851,0.395584,-0.00460697,0,0,0,-0.0033008,0.00190427,0.00445328,-0.00171725,0.00326613,-4.27716e-05,0,0,-0.0149378,-0.00424269,-0.0095468,-0.0214978,0.0389018,-0.00461518,0.0652701,0,0,0,0,0,0,0,0,1.20024e-12,0,0,0,0,0,0,0,0,0,0.905991,-4.35537e-09,0,0,0,0,0,0,1.20024e-12,0,0,0,0,0,0,0,0,0,-4.35537e-09,0.905991,
0,0.00641052,-0.0169607,-0.00113332,0.00217155,-7.8438e-05,2.46951e-05,0,0,0.365737,-0.00962982,0.232065,0.00375215,-0.0247525,-0.00359842,-0.0014961,0,0,0,0.0769188,-0.00435963,0.0395474,0.00247488,0.00101481,-3.66782e-05,0,0,-0.00962418,0.623275,-0.000165447,-0.073359,0.00309389,-0.0226603,-0.000427821,0,0,2.1684e-13,-0.00491688,0.0428753,-0.00127619,-0.00120102,-0.000275525,2.72949e-07,0,0,0.232325,-9.47815e-05,0.355981,-0.00375028,-0.0271939,-0.00077903,-0.000951598,0,0,-3.46945e-12,0.0575325,0.00122714,-0.0348389,-0.00368631,0.00324783,-0.000117449,0,0,0.0037612,-0.0741177,-0.00376237,0.612026,0.0190568,0.0559597,-0.00214473,0,0,1.73472e-12,0.0273112,-0.00822548,-0.0379959,0.0326985,0.000510525,0.000266725,0,0,-0.246797,0.0305859,-0.271586,0.190814,0.301109,-0.0379042,0.0388569,0,0,2.08167e-11,0.04494,-0.00746136,0.025387,0.0112926,-0.071088,0.00244406,0,0,-0.0359634,-0.226698,-0.00780312,0.55957,-0.0378592,0.395584,-0.00460768,0,0,0,-0.00330101,0.00190432,0.00445422,-0.00171601,0.0032663,-4.26474e-05,0,0,-0.0149571,-0.00424526,-0.0095512,-0.0214942,0.0388943,-0.0046159,0.065271,0,0,0,0,0,0,0,0,0,0,0,0,0,0,0,0,0,0,0.905991,4.09162e-09,0,1.20024e-12,1.20024e-12,1.20024e-12,0,-1.20024e-12,-1.20024e-12,0,0,0,0,0,0,0,0,0,4.09282e-09,0.905991,
1.73472e-12,0.0064083,-0.0169703,-0.0011315,0.00216987,-7.83478e-05,2.47181e-05,0,0,0.365854,-0.00963515,0.231984,0.00375256,-0.024727,-0.00359768,-0.00149803,0,0,0,0.0769277,-0.00435914,0.0395192,0.00247389,0.0010153,-3.67039e-05,0,0,-0.00962947,0.623295,-0.000165288,-0.0733707,0.00309402,-0.0226518,-0.000428082,0,0,-6.07153e-12,-0.00491686,0.0429131,-0.00127336,-0.00120099,-0.000275443,2.56998e-07,0,0,0.232245,-9.45665e-05,0.356084,-0.00375506,-0.0271854,-0.000778152,-0.000952035,0,0,-8.67362e-12,0.057508,0.00122897,-0.0348134,-0.00368574,0.0032476,-0.000117481,0,0,0.00376173,-0.0741299,-0.00376707,0.612015,0.0190604,0.0559639,-0.00214437,0,0,-5.20417e-12,0.0273047,-0.00821066,-0.0379882,0.0326943,0.000510922,0.000267185,0,0,-0.246541,0.0305869,-0.271501,0.19085,0.301116,-0.0379124,0.0388494,0,0,3.46945e-11,0.0449594,-0.00746265,0.0253337,0.011291,-0.0710718,0.00244408,0,0,-0.0359557,-0.226614,-0.00779414,0.559613,-0.0378673,0.395585,-0.0046084,0,0,0,-0.00330122,0.00190436,0.00445515,-0.00171476,0.00326648,-4.25213e-05,0,0,-0.0149764,-0.00424783,-0.00955561,-0.0214906,0.0388868,-0.00461662,0.0652719,0,0,0,0,0,0,0,0,0,0,0,0,0,0,0,0,0,0,0.905991,3.9698e-09,0,0,0,0,0,0,0,0,0,0,0,0,0,0,0,0,3.9707e-09,0.905991,
-4.33681e-12,0.00640608,-0.0169799,-0.00112967,0.00216819,-7.82519e-05,2.47408e-05,0,0,0.365971,-0.00964047,0.231903,0.00375295,-0.0247014,-0.00359692,-0.00149997,0,0,-6.93889e-12,0.0769365,-0.00435865,0.0394909,0.0024729,0.0010158,-3.67297e-05,0,0,-0.00963476,0.623315,-0.000165129,-0.0733823,0.00309416,-0.0226433,-0.000428344,0,0,1.04083e-11,-0.00491684,0.0429509,-0.0012705,-0.00120095,-0.000275355,2.40921e-07,0,0,0.232164,-9.43524e-05,0.356187,-0.00375985,-0.0271769,-0.000777267,-0.000952473,0,0,2.60209e-11,0.0574834,0.00123081,-0.0347878,-0.00368516,0.00324737,-0.000117513,0,0,0.00376225,-0.0741421,-0.00377179,0.612005,0.019064,0.055968,-0.00214401,0,0,-2.60209e-12,0.0272983,-0.00819577,-0.0379804,0.0326901,0.000511269,0.000267647,0,0,-0.246285,0.0305879,-0.271416,0.190886,0.301122,-0.0379205,0.0388418,0,0,-1.17961e-10,0.0449789,-0.00746391,0.0252803,0.0112893,-0.0710556,0.00244409,0,0,-0.0359478,-0.22653,-0.0077851,0.559655,-0.0378755,0.395585,-0.00460912,0,0,0,-0.00330143,0.0019044,0.00445609,-0.00171349,0.00326665,-4.23934e-05,0,0,-0.0149957,-0.0042504,-0.00956002,-0.0214871,0.0388794,-0.00461735,0.0652728,0,0,0,1.20024e-12,0,0,-1.20024e-12,1.20024e-12,0,0,0,0,0,0,0,0,0,0,0.905991,3.95239e-09,0,0,0,0,0,0,0,0,0,0,0,0,0,0,0,0,3.95209e-09,0.905991,
0,0.00640385,-0.0169894,-0.00112782,0.0021665,-7.81517e-05,2.47633e-05,0,0,0.366088,-0.00964578,0.231822,0.00375332,-0.0246759,-0.00359615,-0.00150191,0,0,2.08167e-11,0.0769454,-0.00435816,0.0394626,0.00247191,0.00101629,-3.67556e-05,0,0,-0.00964005,0.623335,-0.000164971,-0.0733939,0.00309429,-0.0226349,-0.000428606,0,0,-8.67362e-13,-0.00491681,0.0429888,-0.00126762,-0.00120092,-0.000275262,2.24732e-07,0,0,0.232083,-9.41392e-05,0.35629,-0.00376466,-0.0271685,-0.000776375,-0.000952912,0,0,-8.67362e-12,0.0574588,0.00123265,-0.0347622,-0.00368457,0.00324714,-0.000117545,0,0,0.00376275,-0.0741543,-0.00377652,0.611995,0.0190676,0.0559722,-0.00214364,0,0,-1.82146e-11,0.0272919,-0.00818084,-0.0379726,0.0326858,0.000511568,0.000268108,0,0,-0.246028,0.030589,-0.271331,0.190923,0.301129,-0.0379287,0.0388343,0,0,3.46945e-11,0.0449983,-0.00746517,0.0252268,0.0112876,-0.0710394,0.00244411,0,0,-0.0359398,-0.226445,-0.00777599,0.559697,-0.0378836,0.395586,-0.00460983,0,0,-1.73472e-12,-0.00330164,0.00190444,0.00445703,-0.00171222,0.00326683,-4.22637e-05,0,0,-0.0150151,-0.00425298,-0.00956445,-0.0214835,0.0388719,-0.00461807,0.0652737,0,0,0,0,0,-1.20024e-12,1.20024e-12,0,0,0,0,0,0,0,0,0,0,0,0.905991,4.02471e-09,0,2.40048e-12,-2.40048e-12,-1.20024e-12,1.20024e-12,2.40048e-12,0,0,0,0,0,0,0,0,0,0,4.02411e-09,0.905991,
-4.33681e-12,0.00640163,-0.016999,-0.00112595,0.00216481,-7.80488e-05,2.47857e-05,0,0,0.366205,-0.0096511,0.23174,0.00375368,-0.0246502,-0.00359537,-0.00150385,0,0,0,0.0769543,-0.00435767,0.0394343,0.00247091,0.00101679,-3.67815e-05,0,0,-0.00964534,0.623355,-0.000164813,-0.0734055,0.00309443,-0.0226264,-0.000428868,0,0,1.12757e-11,-0.00491678,0.0430266,-0.00126471,-0.00120087,-0.000275165,2.08449e-07,0,0,0.232002,-9.39268e-05,0.356393,-0.00376948,-0.02716,-0.000775476,-0.000953352,0,0,-1.73472e-11,0.0574342,0.00123449,-0.0347365,-0.00368397,0.00324692,-0.000117577,0,0,0.00376323,-0.0741664,-0.00378127,0.611985,0.0190712,0.0559764,-0.00214327,0,0,-4.33681e-12,0.0272854,-0.00816584,-0.0379648,0.0326814,0.000511818,0.000268571,0,0,-0.245771,0.03059,-0.271246,0.190959,0.301135,-0.0379368,0.0388267,0,0,7.63278e-11,0.0450178,-0.0074664,0.0251733,0.0112858,-0.0710232,0.00244413,0,0,-0.0359317,-0.226361,-0.00776681,0.55974,-0.0378918,0.395586,-0.00461055,0,0,0,-0.00330184,0.00190447,0.00445796,-0.00171095,0.003267,-4.21323e-05,0,0,-0.0150344,-0.00425556,-0.00956889,-0.0214799,0.0388644,-0.00461879,0.0652746,0,0,0,0,0,-2.40048e-12,0,0,0,0,0,0,0,0,0,0,0,0,0.905991,4.18884e-09,0,0,0,-1.20024e-12,0,0,0,0,0,0,0,0,0,0,0,0,4.18914e-09,0.905991,
0,0.00639939,-0.0170085,-0.0011241,0.00216309,-7.79732e-05,2.48091e-05,0,0,0.366322,-0.00965642,0.231659,0.00375402,-0.0246246,-0.00359457,-0.00150579,0,0,1.38778e-11,0.0769631,-0.00435718,0.039406,0.00246992,0.00101728,-3.68073e-05,0,0,-0.00965063,0.623375,-0.000164657,-0.0734172,0.00309456,-0.0226179,-0.000429131,0,0,2.1684e-13,-0.00491676,0.0430645,-0.00126182,-0.00120084,-0.000275084,1.92463e-07,0,0,0.23192,-9.37153e-05,0.356497,-0.00377432,-0.0271515,-0.000774572,-0.000953793,0,0,6.93889e-12,0.0574095,0.00123633,-0.0347108,-0.00368338,0.00324668,-0.00011761,0,0,0.00376369,-0.0741786,-0.00378602,0.611975,0.0190748,0.0559805,-0.00214291,0,0,-1.38778e-11,0.0272789,-0.00815077,-0.037957,0.0326769,0.000512088,0.000269038,0,0,-0.245514,0.0305911,-0.27116,0.190995,0.301142,-0.0379449,0.0388191,0,0,-2.08167e-11,0.0450374,-0.00746762,0.0251197,0.011284,-0.071007,0.00244415,0,0,-0.0359233,-0.226277,-0.00775758,0.559782,-0.0378999,0.395587,-0.00461127,0,0,1.73472e-12,-0.00330205,0.0019045,0.0044589,-0.00170967,0.00326719,-4.20012e-05,0,0,-0.0150538,-0.00425814,-0.00957333,-0.0214763,0.0388568,-0.00461952,0.0652755,0,0,0,0,0,0,0,1.20024e-12,0,-1.20024e-12,0,0,0,0,0,0,0,0,0.905991,-4.4643e-09,0,0,0,0,0,0,0,1.15223e-10,0,0,0,0,0,0,0,0,-4.4643e-09,0.905991,
-8.67362e-13,0.00639715,-0.017018,-0.00112227,0.00216137,-7.78927e-05,2.48322e-05,0,0,0.366439,-0.00966174,0.231577,0.00375434,-0.0245989,-0.00359375,-0.00150774,0,0,-6.93889e-12,0.0769719,-0.00435668,0.0393777,0.00246893,0.00101778,-3.68333e-05,0,0,-0.00965591,0.623396,-0.000164501,-0.0734288,0.0030947,-0.0226094,-0.000429394,0,0,3.46945e-12,-0.00491673,0.0431024,-0.00125896,-0.00120081,-0.000275,1.76331e-07,0,0,0.231839,-9.35046e-05,0.3566,-0.00377917,-0.027143,-0.000773661,-0.000954235,0,0,1.73472e-11,0.0573848,0.00123817,-0.0346851,-0.00368279,0.00324645,-0.000117642,0,0,0.00376414,-0.0741908,-0.00379079,0.611965,0.0190785,0.0559847,-0.00214254,0,0,3.46945e-12,0.0272724,-0.00813565,-0.0379492,0.0326724,0.000512349,0.000269504,0,0,-0.245257,0.0305922,-0.271075,0.191032,0.301149,-0.037953,0.0388115,0,0,-3.46945e-11,0.0450569,-0.00746883,0.025066,0.0112822,-0.0709908,0.00244417,0,0,-0.0359148,-0.226192,-0.00774827,0.559824,-0.037908,0.395588,-0.00461199,0,0,0,-0.00330226,0.00190452,0.00445983,-0.00170838,0.00326738,-4.18697e-05,0,0,-0.0150732,-0.00426073,-0.00957778,-0.0214727,0.0388493,-0.00462025,0.0652763,0,0,0,0,0,0,2.40048e-12,-2.40048e-12,2.40048e-12,0,0,0,0,0,0,0,0,0,0.905991,-4.60262e-09,0,0,0,0,0,0,0,0,0,0,0,0,0,0,0,0,-4.60232e-09,0.905991,
0,0.00639491,-0.0170275,-0.00112044,0.00215965,-7.78023e-05,2.48549e-05,0,0,0.366557,-0.00966705,0.231495,0.00375464,-0.0245732,-0.00359292,-0.00150968,0,0,6.93889e-12,0.0769808,-0.00435618,0.0393493,0.00246793,0.00101827,-3.68592e-05,0,0,-0.0096612,0.623416,-0.000164346,-0.0734404,0.00309484,-0.0226009,-0.000429657,0,0,1.0842e-12,-0.0049167,0.0431403,-0.00125608,-0.00120077,-0.000274906,1.60005e-07,0,0,0.231757,-9.32949e-05,0.356703,-0.00378403,-0.0271345,-0.000772743,-0.000954678,0,0,8.67362e-12,0.0573601,0.00124001,-0.0346594,-0.00368219,0.00324621,-0.000117675,0,0,0.00376457,-0.074203,-0.00379557,0.611955,0.0190821,0.0559889,-0.00214217,0,0,8.67362e-13,0.0272659,-0.00812046,-0.0379414,0.0326677,0.000512577,0.00026997,0,0,-0.244999,0.0305933,-0.270989,0.191068,0.301156,-0.0379611,0.0388039,0,0,3.46945e-11,0.0450765,-0.00747003,0.0250123,0.0112804,-0.0709745,0.00244419,0,0,-0.0359062,-0.226107,-0.0077389,0.559867,-0.0379161,0.395588,-0.00461272,0,0,-1.73472e-12,-0.00330246,0.00190455,0.00446077,-0.00170708,0.00326756,-4.1737e-05,0,0,-0.0150927,-0.00426332,-0.00958225,-0.021469,0.0388417,-0.00462098,0.0652772,0,0,0,0,0,0,0,0,0,0,0,0,0,0,0,0,0,0,0.905991,-4.58852e-09,0,0,0,0,0,0,0,0,0,0,0,0,0,0,0,0,-4.58912e-09,0.905991,
2.60209e-12,0.00639267,-0.0170369,-0.0011186,0.00215792,-7.77077e-05,2.48773e-05,0,0,0.366674,-0.00967236,0.231413,0.00375492,-0.0245474,-0.00359207,-0.00151163,0,0,6.93889e-12,0.0769896,-0.00435568,0.039321,0.00246693,0.00101877,-3.68852e-05,0,0,-0.00966648,0.623436,-0.000164192,-0.0734521,0.00309499,-0.0225924,-0.000429921,0,0,-6.93889e-12,-0.00491668,0.0431782,-0.00125319,-0.00120072,-0.000274809,1.43562e-07,0,0,0.231675,-9.30861e-05,0.356807,-0.0037889,-0.027126,-0.000771818,-0.000955122,0,0,-5.20417e-12,0.0573354,0.00124184,-0.0346337,-0.00368158,0.00324598,-0.000117707,0,0,0.00376499,-0.0742152,-0.00380036,0.611945,0.0190857,0.055993,-0.0021418,0,0,-1.12757e-11,0.0272594,-0.00810521,-0.0379335,0.032663,0.000512768,0.000270436,0,0,-0.244741,0.0305944,-0.270904,0.191105,0.301163,-0.0379692,0.0387963,0,0,1.38778e-11,0.0450961,-0.0074712,0.0249585,0.0112785,-0.0709583,0.00244421,0,0,-0.0358974,-0.226023,-0.00772946,0.559909,-0.0379241,0.395589,-0.00461344,0,0,0,-0.00330266,0.00190456,0.0044617,-0.00170578,0.00326775,-4.1603e-05,0,0,-0.0151121,-0.00426592,-0.00958672,-0.0214654,0.0388342,-0.00462171,0.0652781,0,0,0,1.20024e-12,-1.20024e-12,1.20024e-12,1.20024e-12,1.20024e-12,0,0,0,0,0,0,0,0,0,0,0.905991,-4.44029e-09,0,1.20024e-12,-1.20024e-12,1.20024e-12,1.20024e-12,1.20024e-12,0,0,0,0,0,0,0,0,0,0,-4.44029e-09,0.905991,
8.67362e-13,0.00639042,-0.0170464,-0.00111675,0.00215618,-7.76147e-05,2.48999e-05,0,0,0.366792,-0.00967768,0.23133,0.00375519,-0.0245216,-0.00359121,-0.00151358,0,0,6.93889e-12,0.0769984,-0.00435519,0.0392926,0.00246593,0.00101927,-3.69112e-05,0,0,-0.00967177,0.623456,-0.000164039,-0.0734637,0.00309513,-0.0225839,-0.000430186,0,0,-1.95156e-12,-0.00491665,0.0432161,-0.00125029,-0.00120067,-0.00027471,1.27068e-07,0,0,0.231593,-9.28783e-05,0.35691,-0.00379379,-0.0271175,-0.000770888,-0.000955566,0,0,-2.60209e-11,0.0573106,0.00124368,-0.0346079,-0.00368096,0.00324575,-0.000117739,0,0,0.00376539,-0.0742273,-0.00380517,0.611935,0.0190893,0.0559972,-0.00214143,0,0,7.80626e-12,0.0272528,-0.00808989,-0.0379257,0.0326581,0.000512928,0.000270904,0,0,-0.244482,0.0305955,-0.270818,0.191141,0.30117,-0.0379773,0.0387886,0,0,4.85723e-11,0.0451157,-0.00747236,0.0249047,0.0112766,-0.070942,0.00244423,0,0,-0.0358884,-0.225938,-0.00771996,0.559951,-0.0379322,0.395589,-0.00461416,0,0,0,-0.00330286,0.00190458,0.00446264,-0.00170447,0.00326793,-4.14678e-05,0,0,-0.0151316,-0.00426852,-0.0095912,-0.0214618,0.0388266,-0.00462244,0.065279,0,0,0,0,0,0,0,0,0,-1.14023e-10,0,0,0,0,0,0,0,0,0.905991,4.19634e-09,0,0,0,0,0,0,0,0,0,0,0,0,0,0,0,0,4.19694e-09,0.905991,
0,0.00638817,-0.0170558,-0.00111491,0.00215444,-7.75232e-05,2.49224e-05,0,0,0.366909,-0.00968299,0.231248,0.00375544,-0.0244958,-0.00359033,-0.00151554,0,0,6.93889e-12,0.0770072,-0.00435469,0.0392642,0.00246493,0.00101976,-3.69372e-05,0,0,-0.00967705,0.623476,-0.000163887,-0.0734753,0.00309527,-0.0225754,-0.00043045,0,0,1.30104e-12,-0.00491661,0.043254,-0.00124738,-0.00120062,-0.00027461,1.10522e-07,0,0,0.231511,-9.26715e-05,0.357014,-0.00379869,-0.027109,-0.00076995,-0.000956012,0,0,-1.73472e-12,0.0572858,0.00124553,-0.0345821,-0.00368034,0.00324551,-0.000117772,0,0,0.00376577,-0.0742395,-0.00380999,0.611925,0.0190929,0.0560014,-0.00214106,0,0,8.67362e-13,0.0272463,-0.00807451,-0.0379178,0.0326532,0.000513064,0.000271373,0,0,-0.244224,0.0305967,-0.270732,0.191178,0.301177,-0.0379854,0.038781,0,0,2.77556e-11,0.0451353,-0.0074735,0.0248508,0.0112746,-0.0709257,0.00244424,0,0,-0.0358793,-0.225853,-0.00771039,0.559993,-0.0379403,0.39559,-0.00461489,0,0,0,-0.00330306,0.00190459,0.00446357,-0.00170316,0.00326812,-4.13316e-05,0,0,-0.0151511,-0.00427112,-0.00959569,-0.0214581,0.038819,-0.00462317,0.0652799,0,0,0,0,0,-1.20024e-12,0,-1.20024e-12,-1.20024e-12,1.15223e-10,0,0,0,0,0,0,0,0,0.905991,4.09702e-09,0,0,0,0,0,0,0,0,0,0,0,0,0,0,0,0,4.09672e-09,0.905991,
2.60209e-12,0.00638592,-0.0170652,-0.00111307,0.00215268,-7.74322e-05,2.49449e-05,0,0,0.367027,-0.0096883,0.231165,0.00375567,-0.02447,-0.00358943,-0.00151749,0,0,0,0.0770159,-0.00435418,0.0392358,0.00246393,0.00102026,-3.69632e-05,0,0,-0.00968233,0.623496,-0.000163735,-0.073487,0.00309542,-0.0225669,-0.000430715,0,0,-8.67362e-12,-0.00491658,0.0432919,-0.00124447,-0.00120057,-0.000274509,9.39127e-08,0,0,0.231429,-9.24656e-05,0.357118,-0.0038036,-0.0271004,-0.000769006,-0.000956458,0,0,-1.38778e-11,0.0572609,0.00124737,-0.0345563,-0.00367971,0.00324528,-0.000117804,0,0,0.00376613,-0.0742517,-0.00381482,0.611915,0.0190965,0.0560055,-0.00214069,0,0,3.46945e-12,0.0272397,-0.00805907,-0.0379099,0.0326482,0.000513177,0.000271843,0,0,-0.243965,0.0305978,-0.270647,0.191214,0.301185,-0.0379934,0.0387733,0,0,2.08167e-11,0.045155,-0.00747463,0.0247969,0.0112726,-0.0709094,0.00244426,0,0,-0.0358701,-0.225768,-0.00770076,0.560035,-0.0379483,0.395591,-0.00461562,0,0,-1.73472e-12,-0.00330326,0.0019046,0.0044645,-0.00170184,0.00326831,-4.11946e-05,0,0,-0.0151707,-0.00427373,-0.00960019,-0.0214544,0.0388113,-0.0046239,0.0652808,0,0,0,0,0,0,0,0,0,0,0,0,0,0,0,0,0,0,0.905991,4.10602e-09,0,0,2.40048e-12,-2.40048e-12,2.40048e-12,0,0,0,0,0,0,0,0,0,0,0,4.10602e-09,0.905991,
3.46945e-12,0.00638366,-0.0170746,-0.00111122,0.00215092,-7.7341e-05,2.49673e-05,0,0,0.367145,-0.00969361,0.231082,0.00375589,-0.0244441,-0.00358852,-0.00151945,0,0,-6.93889e-12,0.0770247,-0.00435368,0.0392073,0.00246293,0.00102076,-3.69893e-05,0,0,-0.00968761,0.623516,-0.000163585,-0.0734986,0.00309557,-0.0225583,-0.00043098,0,0,-8.89046e-12,-0.00491655,0.0433298,-0.00124156,-0.00120052,-0.000274406,7.72295e-08,0,0,0.231346,-9.22606e-05,0.357222,-0.00380853,-0.0270919,-0.000768056,-0.000956905,0,0,-6.93889e-12,0.057236,0.00124921,-0.0345304,-0.00367908,0.00324504,-0.000117836,0,0,0.00376648,-0.0742639,-0.00381966,0.611905,0.0191002,0.0560097,-0.00214031,0,0,7.80626e-12,0.0272331,-0.00804357,-0.037902,0.0326431,0.000513264,0.000272314,0,0,-0.243705,0.030599,-0.270561,0.19125,0.301192,-0.0380015,0.0387656,0,0,4.85723e-11,0.0451746,-0.00747574,0.0247429,0.0112706,-0.0708931,0.00244428,0,0,-0.0358607,-0.225683,-0.00769107,0.560077,-0.0379563,0.395592,-0.00461634,0,0,0,-0.00330346,0.0019046,0.00446544,-0.00170051,0.00326851,-4.10565e-05,0,0,-0.0151902,-0.00427634,-0.0096047,-0.0214508,0.0388037,-0.00462463,0.0652817,0,0,0,0,0,0,0,0,0,0,0,0,0,0,0,0,0,0,0.905991,4.21465e-09,0,0,0,0,0,0,0,0,0,0,0,0,0,0,0,0,4.21525e-09,0.905991,
0,0.0063814,-0.017084,-0.00110938,0.00214915,-7.72491e-05,2.49896e-05,0,0,0.367263,-0.00969892,0.230999,0.00375608,-0.0244182,-0.0035876,-0.00152141,0,0,6.93889e-12,0.0770335,-0.00435317,0.0391788,0.00246192,0.00102126,-3.70154e-05,0,0,-0.00969289,0.623536,-0.000163435,-0.0735102,0.00309572,-0.0225498,-0.000431246,0,0,8.67362e-13,-0.00491652,0.0433677,-0.00123864,-0.00120046,-0.000274301,6.04653e-08,0,0,0.231264,-9.20567e-05,0.357325,-0.00381347,-0.0270834,-0.000767099,-0.000957354,0,0,3.46945e-12,0.0572111,0.00125105,-0.0345045,-0.00367844,0.00324481,-0.000117869,0,0,0.0037668,-0.0742761,-0.00382452,0.611895,0.0191038,0.0560138,-0.00213994,0,0,1.73472e-12,0.0272265,-0.008028,-0.0378941,0.0326379,0.000513326,0.000272785,0,0,-0.243445,0.0306002,-0.270475,0.191287,0.3012,-0.0380095,0.0387579,0,0,-2.77556e-11,0.0451943,-0.00747683,0.0246889,0.0112686,-0.0708768,0.00244429,0,0,-0.0358511,-0.225598,-0.0076813,0.56012,-0.0379644,0.395592,-0.00461707,0,0,1.73472e-12,-0.00330366,0.0019046,0.00446637,-0.00169917,0.0032687,-4.09175e-05,0,0,-0.0152098,-0.00427895,-0.00960922,-0.0214471,0.038796,-0.00462537,0.0652826,0,0,0,0,1.20024e-12,0,0,0,0,0,0,0,0,0,0,0,0,0,0.905991,-4.43249e-09,0,0,1.20024e-12,0,0,0,0,0,0,0,0,0,0,0,0,0,-4.43189e-09,0.905991,
8.67362e-13,0.00637913,-0.0170934,-0.00110753,0.00214737,-7.71562e-05,2.50119e-05,0,0,0.367381,-0.00970423,0.230916,0.00375626,-0.0243922,-0.00358666,-0.00152337,0,0,-6.93889e-12,0.0770422,-0.00435267,0.0391503,0.00246091,0.00102176,-3.70415e-05,0,0,-0.00969817,0.623556,-0.000163286,-0.0735218,0.00309587,-0.0225413,-0.000431512,0,0,-4.77049e-12,-0.00491648,0.0434057,-0.00123571,-0.0012004,-0.000274193,4.36177e-08,0,0,0.231181,-9.18539e-05,0.357429,-0.00381842,-0.0270748,-0.000766135,-0.000957803,0,0,1.9082e-11,0.0571861,0.00125289,-0.0344786,-0.00367779,0.00324457,-0.000117901,0,0,0.00376712,-0.0742883,-0.00382939,0.611885,0.0191074,0.056018,-0.00213956,0,0,-1.38778e-11,0.0272199,-0.00801236,-0.0378862,0.0326326,0.000513361,0.000273258,0,0,-0.243185,0.0306014,-0.270389,0.191323,0.301207,-0.0380175,0.0387502,0,0,-1.45717e-10,0.045214,-0.00747791,0.0246347,0.0112665,-0.0708604,0.00244431,0,0,-0.0358413,-0.225513,-0.00767148,0.560162,-0.0379724,0.395593,-0.0046178,0,0,1.73472e-12,-0.00330385,0.0019046,0.0044673,-0.00169783,0.00326889,-4.07775e-05,0,0,-0.0152294,-0.00428157,-0.00961374,-0.0214434,0.0387884,-0.0046261,0.0652835,0,0,0,0,0,0,0,0,0,0,0,0,0,0,0,0,0,0,0.905991,-4.51231e-09,0,2.40048e-12,0,-2.40048e-12,2.40048e-12,0,0,0,0,0,0,0,0,0,0,0,-4.51171e-09,0.905991,
1.73472e-12,0.00637686,-0.0171027,-0.00110569,0.00214558,-7.70622e-05,2.50341e-05,0,0,0.367499,-0.00970954,0.230832,0.00375642,-0.0243662,-0.0035857,-0.00152534,0,0,1.38778e-11,0.0770509,-0.00435216,0.0391218,0.0024599,0.00102226,-3.70676e-05,0,0,-0.00970345,0.623576,-0.000163138,-0.0735335,0.00309602,-0.0225327,-0.000431778,0,0,-4.33681e-12,-0.00491644,0.0434436,-0.00123278,-0.00120034,-0.000274083,2.66859e-08,0,0,0.231098,-9.1652e-05,0.357533,-0.00382339,-0.0270663,-0.000765165,-0.000958253,0,0,1.04083e-11,0.0571611,0.00125473,-0.0344527,-0.00367714,0.00324433,-0.000117934,0,0,0.00376741,-0.0743005,-0.00383427,0.611875,0.019111,0.0560221,-0.00213919,0,0,-2.1684e-11,0.0272133,-0.00799666,-0.0378782,0.0326272,0.000513367,0.000273731,0,0,-0.242925,0.0306026,-0.270303,0.19136,0.301215,-0.0380255,0.0387424,0,0,-6.93889e-12,0.0452338,-0.00747897,0.0245806,0.0112644,-0.0708441,0.00244432,0,0,-0.0358315,-0.225428,-0.00766158,0.560204,-0.0379804,0.395594,-0.00461853,0,0,1.73472e-12,-0.00330405,0.00190459,0.00446824,-0.00169649,0.00326909,-4.06363e-05,0,0,-0.015249,-0.00428419,-0.00961828,-0.0214397,0.0387807,-0.00462684,0.0652844,0,0,0,0,0,0,0,0,0,0,0,0,0,0,0,0,0,0,0.905991,-4.45229e-09,0,0,0,0,0,1.20024e-12,1.20024e-12,0,0,0,0,0,0,0,0,0,-4.45169e-09,0.905991,
-2.60209e-12,0.00637459,-0.017112,-0.00110384,0.00214379,-7.69671e-05,2.50562e-05,0,0,0.367618,-0.00971484,0.230749,0.00375657,-0.0243402,-0.00358473,-0.0015273,0,0,6.93889e-12,0.0770597,-0.00435165,0.0390933,0.00245889,0.00102276,-3.70937e-05,0,0,-0.00970872,0.623596,-0.000162992,-0.0735451,0.00309617,-0.0225241,-0.000432045,0,0,7.58942e-12,-0.00491641,0.0434816,-0.00122984,-0.00120027,-0.00027397,9.67282e-09,0,0,0.231015,-9.14512e-05,0.357637,-0.00382837,-0.0270577,-0.000764188,-0.000958704,0,0,8.67362e-12,0.0571361,0.00125657,-0.0344268,-0.00367648,0.0032441,-0.000117966,0,0,0.00376769,-0.0743127,-0.00383916,0.611865,0.0191147,0.0560263,-0.00213881,0,0,-8.67362e-12,0.0272066,-0.0079809,-0.0378703,0.0326217,0.000513343,0.000274205,0,0,-0.242664,0.0306038,-0.270217,0.191397,0.301223,-0.0380335,0.0387346,0,0,-6.93889e-12,0.0452535,-0.00748001,0.0245263,0.0112622,-0.0708277,0.00244434,0,0,-0.0358214,-0.225342,-0.00765163,0.560246,-0.0379883,0.395594,-0.00461927,0,0,1.73472e-12,-0.00330424,0.00190459,0.00446917,-0.00169513,0.00326929,-4.04941e-05,0,0,-0.0152686,-0.00428681,-0.00962283,-0.021436,0.038773,-0.00462758,0.0652853,0,0,0,0,0,1.20024e-12,1.20024e-12,0,0,1.15223e-10,0,0,0,0,0,0,0,0,0.905991,4.27676e-09,0,0,0,0,0,0,0,0,0,0,0,0,0,0,0,0,4.27646e-09,0.905991,
1.73472e-12,0.00637231,-0.0171213,-0.00110199,0.00214199,-7.68709e-05,2.50782e-05,0,0,0.367736,-0.00972015,0.230665,0.0037567,-0.0243142,-0.00358374,-0.00152927,0,0,6.93889e-12,0.0770684,-0.00435114,0.0390647,0.00245788,0.00102326,-3.71199e-05,0,0,-0.009714,0.623616,-0.000162846,-0.0735567,0.00309633,-0.0225156,-0.000432312,0,0,-3.90313e-12,-0.00491637,0.0435196,-0.00122688,-0.00120021,-0.000273855,-7.42288e-09,0,0,0.230931,-9.12515e-05,0.357741,-0.00383336,-0.0270491,-0.000763205,-0.000959156,0,0,-2.42861e-11,0.057111,0.00125842,-0.0344008,-0.00367582,0.00324386,-0.000117999,0,0,0.00376795,-0.0743249,-0.00384407,0.611854,0.0191183,0.0560304,-0.00213843,0,0,-8.67362e-13,0.0272,-0.00796507,-0.0378623,0.0326161,0.00051329,0.00027468,0,0,-0.242403,0.030605,-0.270131,0.191433,0.301231,-0.0380415,0.0387269,0,0,4.16334e-11,0.0452733,-0.00748104,0.024472,0.01126,-0.0708113,0.00244435,0,0,-0.0358112,-0.225257,-0.00764161,0.560288,-0.0379963,0.395595,-0.00462,0,0,1.73472e-12,-0.00330443,0.00190457,0.0044701,-0.00169377,0.00326948,-4.03508e-05,0,0,-0.0152883,-0.00428944,-0.00962738,-0.0214323,0.0387652,-0.00462832,0.0652862,0,0,0,0,0,0,0,0,0,0,0,0,0,0,0,0,0,0,0.905991,4.23595e-09,0,0,0,0,0,0,0,0,0,0,0,0,0,0,0,0,4.23565e-09,0.905991,
-8.67362e-13,0.00637003,-0.0171306,-0.00110013,0.00214019,-7.67737e-05,2.51001e-05,0,0,0.367854,-0.00972545,0.230581,0.0037568,-0.0242881,-0.00358274,-0.00153124,0,0,0,0.0770771,-0.00435062,0.0390362,0.00245687,0.00102376,-3.71461e-05,0,0,-0.00971927,0.623636,-0.000162701,-0.0735684,0.00309648,-0.022507,-0.00043258,0,0,1.30104e-12,-0.00491633,0.0435576,-0.00122392,-0.00120013,-0.000273737,-2.45979e-08,0,0,0.230848,-9.10529e-05,0.357846,-0.00383836,-0.0270406,-0.000762216,-0.000959608,0,0,6.93889e-12,0.0570859,0.00126026,-0.0343748,-0.00367515,0.00324362,-0.000118031,0,0,0.0037682,-0.0743371,-0.00384899,0.611844,0.0191219,0.0560345,-0.00213805,0,0,-1.38778e-11,0.0271933,-0.00794918,-0.0378543,0.0326105,0.000513208,0.000275156,0,0,-0.242142,0.0306063,-0.270044,0.19147,0.301239,-0.0380495,0.0387191,0,0,-1.38778e-11,0.0452931,-0.00748205,0.0244177,0.0112578,-0.0707949,0.00244436,0,0,-0.0358009,-0.225172,-0.00763152,0.56033,-0.0380043,0.395596,-0.00462073,0,0,3.46945e-12,-0.00330463,0.00190456,0.00447103,-0.0016924,0.00326968,-4.02063e-05,0,0,-0.015308,-0.00429207,-0.00963195,-0.0214286,0.0387575,-0.00462906,0.0652872,0,0,0,0,-2.40048e-12,0,0,-2.40048e-12,2.40048e-12,0,0,0,0,0,0,0,0,0,0.905991,-4.30887e-09,0,-1.20024e-12,-1.20024e-12,-1.20024e-12,-1.20024e-12,0,0,1.15223e-10,0,0,0,0,0,0,0,0,-4.30977e-09,0.905991,
-8.67362e-13,0.00636775,-0.0171399,-0.00109826,0.00213838,-7.66743e-05,2.51218e-05,0,0,0.367973,-0.00973076,0.230497,0.0037569,-0.024262,-0.00358172,-0.00153322,0,0,-6.93889e-12,0.0770858,-0.00435011,0.0390076,0.00245585,0.00102426,-3.71724e-05,0,0,-0.00972455,0.623656,-0.000162558,-0.07358,0.00309664,-0.0224984,-0.000432848,0,0,2.38524e-12,-0.00491628,0.0435955,-0.00122094,-0.00120006,-0.000273615,-4.1863e-08,0,0,0.230764,-9.08554e-05,0.35795,-0.00384338,-0.027032,-0.00076122,-0.000960062,0,0,-6.93889e-12,0.0570608,0.00126211,-0.0343487,-0.00367447,0.00324338,-0.000118064,0,0,0.00376842,-0.0743493,-0.00385392,0.611834,0.0191255,0.0560387,-0.00213767,0,0,4.33681e-12,0.0271866,-0.00793323,-0.0378463,0.0326047,0.000513076,0.000275632,0,0,-0.241881,0.0306076,-0.269958,0.191506,0.301247,-0.0380574,0.0387113,0,0,6.93889e-12,0.045313,-0.00748304,0.0243633,0.0112555,-0.0707785,0.00244438,0,0,-0.0357904,-0.225086,-0.00762137,0.560372,-0.0380122,0.395597,-0.00462147,0,0,-1.73472e-12,-0.00330481,0.00190454,0.00447196,-0.00169103,0.00326989,-4.006e-05,0,0,-0.0153277,-0.00429471,-0.00963652,-0.0214248,0.0387497,-0.0046298,0.0652881,0,0,0,0,0,0,0,0,0,0,0,0,0,0,0,0,0,0,0.905991,4.25876e-09,0,0,0,0,0,0,0,0,0,0,0,0,0,0,0,0,4.25846e-09,0.905991,
-8.67362e-13,0.00636544,-0.0171491,-0.00109644,0.00213652,-7.66405e-05,2.51462e-05,0,0,0.368092,-0.00973606,0.230413,0.00375697,-0.0242359,-0.00358068,-0.00153519,0,0,-6.93889e-12,0.0770944,-0.00434959,0.0389789,0.00245484,0.00102475,-3.71985e-05,0,0,-0.00972982,0.623676,-0.000162415,-0.0735916,0.0030968,-0.0224899,-0.000433116,0,0,2.1684e-12,-0.00491624,0.0436335,-0.00121805,-0.00120002,-0.000273537,-5.84196e-08,0,0,0.23068,-9.06588e-05,0.358054,-0.00384841,-0.0270234,-0.000760218,-0.000960517,0,0,-5.20417e-12,0.0570356,0.00126395,-0.0343227,-0.00367382,0.00324312,-0.000118097,0,0,0.00376863,-0.0743615,-0.00385887,0.611824,0.0191292,0.0560428,-0.00213729,0,0,3.46945e-12,0.0271799,-0.0079172,-0.0378383,0.0325989,0.000513046,0.000276118,0,0,-0.241619,0.0306088,-0.269872,0.191543,0.301255,-0.0380654,0.0387034,0,0,2.08167e-11,0.0453328,-0.00748402,0.0243088,0.0112533,-0.0707621,0.0024444,0,0,-0.0357797,-0.225001,-0.00761115,0.560414,-0.0380202,0.395598,-0.00462221,0,0,0,-0.003305,0.00190452,0.00447289,-0.00168965,0.00327011,-3.99167e-05,0,0,-0.0153474,-0.00429735,-0.0096411,-0.0214211,0.038742,-0.00463054,0.065289,0,0,0,0,0,0,0,0,0,0,0,0,0,0,0,0,0,0,0.905991,-4.32507e-09,0,0,0,0,0,-1.20024e-12,0,0,0,0,0,0,0,0,0,0,-4.32537e-09,0.905991,
0,0.00636313,-0.0171583,-0.00109467,0.00213467,-7.6594e-05,2.51699e-05,0,0,0.36821,-0.00974136,0.230329,0.00375703,-0.0242097,-0.00357963,-0.00153717,0,0,6.93889e-12,0.0771031,-0.00434907,0.0389502,0.00245382,0.00102524,-3.72246e-05,0,0,-0.00973509,0.623696,-0.000162274,-0.0736033,0.00309696,-0.0224813,-0.000433384,0,0,-1.51788e-12,-0.00491621,0.0436715,-0.00121523,-0.00119996,-0.00027345,-7.52285e-08,0,0,0.230596,-9.04633e-05,0.358159,-0.00385346,-0.0270148,-0.00075921,-0.000960972,0,0,2.60209e-11,0.0570104,0.00126578,-0.0342966,-0.00367317,0.00324287,-0.00011813,0,0,0.00376883,-0.0743737,-0.00386382,0.611814,0.0191328,0.056047,-0.00213691,0,0,-2.42861e-11,0.0271731,-0.00790109,-0.0378303,0.0325929,0.000513038,0.0002766,0,0,-0.241356,0.0306101,-0.269785,0.191579,0.301263,-0.0380733,0.0386956,0,0,-1.38778e-11,0.0453527,-0.00748499,0.0242542,0.0112511,-0.0707456,0.00244441,0,0,-0.0357689,-0.224915,-0.00760087,0.560456,-0.0380281,0.395599,-0.00462294,0,0,5.20417e-12,-0.00330519,0.00190449,0.00447381,-0.00168827,0.00327032,-3.97741e-05,0,0,-0.0153672,-0.00429999,-0.00964569,-0.0214173,0.0387342,-0.00463129,0.0652899,0,0,0,0,0,0,0,0,0,0,0,0,0,0,0,0,0,0,0.905991,4.26776e-09,0,0,0,0,0,-1.20024e-12,0,0,0,0,0,0,0,0,0,0,4.26776e-09,0.905991,
-2.60209e-12,0.00636082,-0.0171675,-0.00109291,0.00213282,-7.65252e-05,2.51926e-05,0,0,0.368329,-0.00974667,0.230244,0.00375707,-0.0241835,-0.00357857,-0.00153915,0,0,-6.93889e-12,0.0771117,-0.00434853,0.0389215,0.0024528,0.00102574,-3.72509e-05,0,0,-0.00974036,0.623716,-0.000162133,-0.0736149,0.00309712,-0.0224727,-0.000433653,0,0,9.54098e-12,-0.00491618,0.0437095,-0.00121239,-0.00119989,-0.000273347,-9.23506e-08,0,0,0.230512,-9.02691e-05,0.358263,-0.00385852,-0.0270062,-0.000758195,-0.000961429,0,0,-1.56125e-11,0.0569852,0.00126762,-0.0342704,-0.0036725,0.00324262,-0.000118162,0,0,0.003769,-0.0743859,-0.00386879,0.611804,0.0191364,0.0560511,-0.00213653,0,0,2.08167e-11,0.0271664,-0.00788492,-0.0378223,0.0325869,0.000512992,0.00027708,0,0,-0.241094,0.0306114,-0.269699,0.191616,0.301272,-0.0380812,0.0386877,0,0,8.32667e-11,0.0453726,-0.00748594,0.0241996,0.0112489,-0.0707291,0.00244443,0,0,-0.0357579,-0.224829,-0.00759052,0.560498,-0.038036,0.3956,-0.00462368,0,0,0,-0.00330538,0.00190446,0.00447474,-0.00168689,0.00327052,-3.96301e-05,0,0,-0.0153869,-0.00430263,-0.0096503,-0.0214136,0.0387264,-0.00463203,0.0652908,0,0,0,0,0,0,0,0,0,0,0,0,0,0,0,0,0,0,0.905991,-4.32747e-09,0,1.20024e-12,0,-1.20024e-12,1.20024e-12,0,1.20024e-12,0,0,0,0,0,0,0,0,0,-4.32807e-09,0.905991,
-5.20417e-12,0.00635851,-0.0171767,-0.00109113,0.00213098,-7.64394e-05,2.52145e-05,0,0,0.368448,-0.00975197,0.230159,0.00375709,-0.0241573,-0.00357749,-0.00154113,0,0,0,0.0771204,-0.004348,0.0388927,0.00245178,0.00102624,-3.72772e-05,0,0,-0.00974563,0.623735,-0.000161993,-0.0736265,0.00309728,-0.0224641,-0.000433923,0,0,1.6263e-11,-0.00491615,0.0437476,-0.00120952,-0.00119981,-0.00027323,-1.0972e-07,0,0,0.230428,-9.00762e-05,0.358368,-0.00386359,-0.0269976,-0.000757173,-0.000961886,0,0,-3.46945e-12,0.0569599,0.00126946,-0.0342443,-0.00367181,0.00324237,-0.000118195,0,0,0.00376916,-0.0743981,-0.00387378,0.611794,0.0191401,0.0560552,-0.00213614,0,0,4.33681e-12,0.0271596,-0.00786869,-0.0378143,0.0325808,0.000512887,0.000277559,0,0,-0.240831,0.0306128,-0.269612,0.191653,0.30128,-0.0380891,0.0386798,0,0,2.77556e-11,0.0453925,-0.00748687,0.0241449,0.0112466,-0.0707126,0.00244444,0,0,-0.0357467,-0.224744,-0.00758009,0.56054,-0.0380439,0.3956,-0.00462442,0,0,0,-0.00330557,0.00190443,0.00447566,-0.00168549,0.00327072,-3.9484e-05,0,0,-0.0154067,-0.00430528,-0.00965491,-0.0214098,0.0387186,-0.00463278,0.0652917,0,0,0,-1.20024e-12,1.20024e-12,0,-1.20024e-12,0,-1.20024e-12,0,0,0,0,0,0,0,0,0,0.905991,4.26476e-09,0,-1.20024e-12,1.20024e-12,0,-1.20024e-12,0,-1.20024e-12,0,0,0,0,0,0,0,0,0,4.26446e-09,0.905991,
-8.67362e-13,0.00635621,-0.0171859,-0.0010893,0.00212915,-7.6321e-05,2.52351e-05,0,0,0.368567,-0.00975727,0.230074,0.00375709,-0.024131,-0.00357639,-0.00154312,0,0,-6.93889e-12,0.077129,-0.00434747,0.038864,0.00245075,0.00102675,-3.73036e-05,0,0,-0.0097509,0.623755,-0.000161853,-0.0736382,0.00309745,-0.0224554,-0.000434193,0,0,3.03577e-12,-0.00491611,0.0437856,-0.00120656,-0.0011997,-0.000273089,-1.27538e-07,0,0,0.230343,-8.98846e-05,0.358472,-0.00386868,-0.026989,-0.000756144,-0.000962345,0,0,1.56125e-11,0.0569346,0.00127131,-0.0342181,-0.00367109,0.00324213,-0.000118227,0,0,0.0037693,-0.0744103,-0.00387877,0.611784,0.0191437,0.0560594,-0.00213576,0,0,-6.93889e-12,0.0271529,-0.00785241,-0.0378063,0.0325746,0.000512668,0.000278035,0,0,-0.240568,0.0306141,-0.269525,0.191689,0.301289,-0.038097,0.0386719,0,0,-5.55112e-11,0.0454124,-0.00748777,0.0240902,0.0112442,-0.0706961,0.00244445,0,0,-0.0357354,-0.224658,-0.0075696,0.560582,-0.0380518,0.395601,-0.00462516,0,0,1.73472e-12,-0.00330575,0.0019044,0.00447659,-0.00168408,0.00327092,-3.93341e-05,0,0,-0.0154265,-0.00430794,-0.00965953,-0.021406,0.0387107,-0.00463353,0.0652926,0,0,0,0,0,0,0,-1.20024e-12,1.20024e-12,0,0,0,0,0,0,0,0,0,0.905991,-4.31937e-09,0,0,0,0,0,1.20024e-12,-1.20024e-12,0,0,0,0,0,0,0,0,0,-4.31937e-09,0.905991,
-3.46945e-12,0.00635391,-0.017195,-0.00108744,0.00212731,-7.62051e-05,2.52558e-05,0,0,0.368686,-0.00976256,0.229989,0.00375707,-0.0241047,-0.00357528,-0.00154511,0,0,0,0.0771376,-0.00434694,0.0388353,0.00244973,0.00102726,-3.73301e-05,0,0,-0.00975616,0.623775,-0.000161715,-0.0736498,0.00309761,-0.0224468,-0.000434463,0,0,8.67362e-12,-0.00491606,0.0438236,-0.00120355,-0.0011996,-0.000272945,-1.45365e-07,0,0,0.230258,-8.96941e-05,0.358577,-0.00387378,-0.0269803,-0.000755108,-0.000962804,0,0,6.93889e-12,0.0569093,0.00127316,-0.0341919,-0.00367037,0.0032419,-0.00011826,0,0,0.00376943,-0.0744225,-0.00388378,0.611774,0.0191473,0.0560635,-0.00213537,0,0,4.33681e-12,0.0271461,-0.00783606,-0.0377981,0.0325683,0.000512376,0.000278513,0,0,-0.240304,0.0306154,-0.269438,0.191726,0.301298,-0.0381049,0.038664,0,0,-1.38778e-11,0.0454324,-0.00748866,0.0240355,0.0112417,-0.0706796,0.00244446,0,0,-0.0357239,-0.224572,-0.00755904,0.560624,-0.0380596,0.395602,-0.00462591,0,0,-3.46945e-12,-0.00330593,0.00190436,0.00447752,-0.00168267,0.00327112,-3.91816e-05,0,0,-0.0154464,-0.00431059,-0.00966416,-0.0214022,0.0387029,-0.00463427,0.0652935,0,0,0,-1.20024e-12,1.20024e-12,1.20024e-12,1.20024e-12,-1.20024e-12,-1.20024e-12,0,0,0,0,0,0,0,0,0,0.905991,4.25245e-09,0,0,0,0,0,0,0,0,0,0,0,0,0,0,0,0,4.25215e-09,0.905991,
0,0.0063516,-0.0172042,-0.00108557,0.00212545,-7.60969e-05,2.52768e-05,0,0,0.368806,-0.00976786,0.229904,0.00375704,-0.0240784,-0.00357415,-0.00154709,0,0,-1.38778e-11,0.0771462,-0.00434642,0.0388066,0.0024487,0.00102777,-3.73566e-05,0,0,-0.00976143,0.623795,-0.000161577,-0.0736614,0.00309778,-0.0224382,-0.000434733,0,0,-1.73472e-12,-0.00491601,0.0438617,-0.00120051,-0.0011995,-0.000272805,-1.63155e-07,0,0,0.230173,-8.95048e-05,0.358682,-0.00387889,-0.0269717,-0.000754065,-0.000963264,0,0,-5.20417e-12,0.0568839,0.001275,-0.0341657,-0.00366964,0.00324166,-0.000118292,0,0,0.00376953,-0.0744347,-0.0038888,0.611764,0.019151,0.0560676,-0.00213499,0,0,-5.20417e-12,0.0271393,-0.00781966,-0.03779,0.0325619,0.000512042,0.000278994,0,0,-0.24004,0.0306168,-0.269352,0.191763,0.301306,-0.0381128,0.0386561,0,0,2.08167e-11,0.0454523,-0.00748953,0.0239806,0.0112391,-0.0706631,0.00244447,0,0,-0.0357123,-0.224486,-0.00754842,0.560666,-0.0380675,0.395603,-0.00462665,0,0,0,-0.00330612,0.00190431,0.00447845,-0.00168124,0.00327133,-3.90274e-05,0,0,-0.0154662,-0.00431326,-0.0096688,-0.0213984,0.038695,-0.00463502,0.0652945,0,0,0,-1.20024e-12,0,0,0,0,1.20024e-12,0,0,0,0,0,0,0,0,0,0.905991,-4.30226e-09,0,-1.20024e-12,-1.20024e-12,0,0,-1.20024e-12,1.20024e-12,0,0,0,0,0,0,0,0,0,-4.30226e-09,0.905991,
6.07153e-12,0.00634929,-0.0172133,-0.00108369,0.00212359,-7.59952e-05,2.52979e-05,0,0,0.368925,-0.00977316,0.229818,0.00375699,-0.024052,-0.003573,-0.00154909,0,0,0,0.0771548,-0.00434589,0.0387778,0.00244767,0.00102828,-3.73831e-05,0,0,-0.0097667,0.623815,-0.000161441,-0.0736731,0.00309795,-0.0224296,-0.000435004,0,0,-1.92988e-11,-0.00491596,0.0438997,-0.00119747,-0.00119941,-0.000272666,-1.80928e-07,0,0,0.230088,-8.93166e-05,0.358786,-0.00388402,-0.0269631,-0.000753015,-0.000963726,0,0,6.93889e-12,0.0568585,0.00127685,-0.0341394,-0.00366891,0.00324142,-0.000118325,0,0,0.00376962,-0.0744469,-0.00389384,0.611753,0.0191546,0.0560717,-0.0021346,0,0,-1.9082e-11,0.0271325,-0.00780319,-0.0377819,0.0325554,0.000511685,0.000279476,0,0,-0.239776,0.0306182,-0.269265,0.191799,0.301315,-0.0381206,0.0386482,0,0,-1.38778e-11,0.0454723,-0.00749039,0.0239257,0.0112365,-0.0706465,0.00244448,0,0,-0.0357005,-0.2244,-0.00753773,0.560708,-0.0380753,0.395604,-0.00462739,0,0,-1.73472e-12,-0.0033063,0.00190426,0.00447938,-0.00167981,0.00327155,-3.88723e-05,0,0,-0.0154861,-0.00431592,-0.00967345,-0.0213946,0.0386871,-0.00463577,0.0652954,0,0,0,0,0,0,0,-1.20024e-12,-1.20024e-12,0,0,0,0,0,0,0,0,0,0.905991,4.23235e-09,0,-1.20024e-12,0,0,0,0,0,0,0,0,0,0,0,0,0,0,4.23175e-09,0.905991,
8.67362e-13,0.00634697,-0.0172224,-0.00108182,0.00212171,-7.58977e-05,2.53192e-05,0,0,0.369044,-0.00977846,0.229733,0.00375692,-0.0240256,-0.00357184,-0.00155108,0,0,-1.38778e-11,0.0771634,-0.00434537,0.038749,0.00244664,0.00102879,-3.74097e-05,0,0,-0.00977196,0.623835,-0.000161306,-0.0736847,0.00309812,-0.0224209,-0.000435275,0,0,-8.23994e-12,-0.0049159,0.0439378,-0.00119444,-0.00119931,-0.000272529,-1.98709e-07,0,0,0.230003,-8.91295e-05,0.358891,-0.00388916,-0.0269544,-0.000751959,-0.000964188,0,0,3.46945e-12,0.0568331,0.0012787,-0.0341132,-0.00366818,0.00324118,-0.000118357,0,0,0.00376969,-0.0744591,-0.00389889,0.611743,0.0191583,0.0560759,-0.00213421,0,0,-3.29597e-11,0.0271256,-0.00778666,-0.0377737,0.0325488,0.000511311,0.00027996,0,0,-0.239512,0.0306196,-0.269178,0.191836,0.301324,-0.0381285,0.0386402,0,0,-6.245e-11,0.0454924,-0.00749123,0.0238708,0.0112339,-0.07063,0.00244449,0,0,-0.0356886,-0.224314,-0.00752698,0.56075,-0.0380832,0.395605,-0.00462814,0,0,0,-0.00330647,0.00190421,0.00448031,-0.00167838,0.00327177,-3.87165e-05,0,0,-0.015506,-0.00431859,-0.00967811,-0.0213908,0.0386792,-0.00463652,0.0652963,0,0,0,0,0,0,0,0,0,5.76116e-11,0,0,0,0,0,0,0,0,0.905991,4.27766e-09,0,0,0,0,0,0,0,0,0,0,0,0,0,0,0,0,4.27736e-09,0.905991,
-3.46945e-12,0.00634465,-0.0172315,-0.00107995,0.00211983,-7.58031e-05,2.53404e-05,0,0,0.369164,-0.00978375,0.229647,0.00375683,-0.0239992,-0.00357066,-0.00155307,0,0,-1.38778e-11,0.077172,-0.00434484,0.0387203,0.00244561,0.0010293,-3.74362e-05,0,0,-0.00977723,0.623854,-0.000161173,-0.0736963,0.00309829,-0.0224123,-0.000435547,0,0,7.15573e-12,-0.00491585,0.0439759,-0.00119141,-0.00119921,-0.000272392,-2.16513e-07,0,0,0.229918,-8.89436e-05,0.358996,-0.00389431,-0.0269458,-0.000750897,-0.000964651,0,0,0,0.0568076,0.00128055,-0.0340869,-0.00366744,0.00324093,-0.00011839,0,0,0.00376975,-0.0744713,-0.00390395,0.611733,0.0191619,0.05608,-0.00213382,0,0,-1.73472e-12,0.0271188,-0.00777007,-0.0377655,0.0325422,0.000510923,0.000280444,0,0,-0.239247,0.030621,-0.269091,0.191873,0.301333,-0.0381363,0.0386322,0,0,-6.93889e-11,0.0455124,-0.00749206,0.0238158,0.0112313,-0.0706135,0.00244451,0,0,-0.0356765,-0.224228,-0.00751616,0.560791,-0.038091,0.395606,-0.00462889,0,0,1.73472e-12,-0.00330665,0.00190416,0.00448123,-0.00167693,0.00327198,-3.85599e-05,0,0,-0.0155259,-0.00432126,-0.00968277,-0.0213869,0.0386713,-0.00463728,0.0652972,0,0,0,0,0,0,0,0,0,0,0,0,0,0,0,0,0,0,0.905991,-4.43639e-09,0,0,0,0,0,0,0,0,0,0,0,0,0,0,0,0,-4.43609e-09,0.905991,
-4.33681e-12,0.00634232,-0.0172406,-0.00107809,0.00211793,-7.57104e-05,2.53617e-05,0,0,0.369284,-0.00978905,0.229561,0.00375673,-0.0239727,-0.00356947,-0.00155507,0,0,6.93889e-12,0.0771805,-0.00434431,0.0386915,0.00244458,0.00102981,-3.74629e-05,0,0,-0.00978249,0.623874,-0.000161041,-0.0737079,0.00309846,-0.0224036,-0.000435819,0,0,1.25767e-11,-0.0049158,0.044014,-0.00118838,-0.0011991,-0.000272255,-2.34355e-07,0,0,0.229832,-8.87589e-05,0.359101,-0.00389948,-0.0269371,-0.000749828,-0.000965115,0,0,-1.04083e-11,0.0567821,0.0012824,-0.0340605,-0.0036667,0.00324069,-0.000118423,0,0,0.00376979,-0.0744835,-0.00390902,0.611723,0.0191656,0.0560841,-0.00213343,0,0,4.33681e-12,0.0271119,-0.00775341,-0.0377573,0.0325354,0.00051052,0.000280929,0,0,-0.238982,0.0306224,-0.269004,0.191909,0.301343,-0.0381441,0.0386242,0,0,6.245e-11,0.0455325,-0.00749287,0.0237608,0.0112287,-0.0705969,0.00244452,0,0,-0.0356642,-0.224142,-0.00750528,0.560833,-0.0380988,0.395607,-0.00462963,0,0,1.73472e-12,-0.00330683,0.0019041,0.00448216,-0.00167549,0.0032722,-3.84027e-05,0,0,-0.0155459,-0.00432394,-0.00968745,-0.0213831,0.0386633,-0.00463803,0.0652981,0,0,0,1.20024e-12,-1.20024e-12,1.20024e-12,0,0,0,0,0,0,0,0,0,0,0,0,0.905991,-4.4574e-09,0,0,1.20024e-12,-1.20024e-12,0,0,0,0,0,0,0,0,0,0,0,0,-4.4565e-09,0.905991,
2.60209e-12,0.00633999,-0.0172496,-0.00107624,0.00211603,-7.5619e-05,2.53829e-05,0,0,0.369403,-0.00979434,0.229475,0.00375661,-0.0239463,-0.00356826,-0.00155707,0,0,-6.93889e-12,0.0771891,-0.00434378,0.0386626,0.00244354,0.00103032,-3.74895e-05,0,0,-0.00978775,0.623894,-0.00016091,-0.0737196,0.00309864,-0.022395,-0.000436091,0,0,-8.67362e-12,-0.00491575,0.0440521,-0.00118536,-0.001199,-0.000272117,-2.52242e-07,0,0,0.229746,-8.85753e-05,0.359206,-0.00390466,-0.0269284,-0.000748752,-0.00096558,0,0,-8.67362e-12,0.0567566,0.00128425,-0.0340342,-0.00366596,0.00324045,-0.000118455,0,0,0.00376981,-0.0744957,-0.00391411,0.611713,0.0191692,0.0560882,-0.00213304,0,0,3.46945e-12,0.027105,-0.00773669,-0.0377492,0.0325285,0.000510098,0.000281414,0,0,-0.238716,0.0306239,-0.268916,0.191946,0.301352,-0.038152,0.0386162,0,0,-3.46945e-11,0.0455526,-0.00749367,0.0237057,0.011226,-0.0705803,0.00244453,0,0,-0.0356518,-0.224055,-0.00749433,0.560875,-0.0381066,0.395609,-0.00463038,0,0,-1.73472e-12,-0.003307,0.00190404,0.00448309,-0.00167403,0.00327243,-3.82447e-05,0,0,-0.0155659,-0.00432662,-0.00969214,-0.0213793,0.0386554,-0.00463879,0.0652991,0,0,0,0,0,0,0,0,0,0,0,0,0,0,0,0,0,0,0.905991,-4.34877e-09,0,1.20024e-12,-1.20024e-12,0,1.20024e-12,0,1.20024e-12,0,0,0,0,0,0,0,0,0,-4.34847e-09,0.905991,
5.20417e-12,0.00633766,-0.0172586,-0.00107439,0.00211413,-7.55283e-05,2.54041e-05,0,0,0.369523,-0.00979964,0.229389,0.00375647,-0.0239197,-0.00356703,-0.00155907,0,0,-6.93889e-12,0.0771976,-0.00434324,0.0386338,0.00244251,0.00103084,-3.75162e-05,0,0,-0.00979301,0.623914,-0.00016078,-0.0737312,0.00309881,-0.0223863,-0.000436364,0,0,-1.6263e-11,-0.00491569,0.0440902,-0.00118235,-0.00119889,-0.000271978,-2.70181e-07,0,0,0.22966,-8.83931e-05,0.359311,-0.00390985,-0.0269198,-0.00074767,-0.000966046,0,0,2.25514e-11,0.056731,0.00128609,-0.0340078,-0.00366521,0.0032402,-0.000118488,0,0,0.00376982,-0.0745079,-0.00391921,0.611703,0.0191728,0.0560923,-0.00213265,0,0,-1.82146e-11,0.0270981,-0.0077199,-0.037741,0.0325216,0.000509658,0.0002819,0,0,-0.23845,0.0306253,-0.268829,0.191983,0.301361,-0.0381597,0.0386082,0,0,-6.245e-11,0.0455727,-0.00749445,0.0236505,0.0112233,-0.0705637,0.00244455,0,0,-0.0356393,-0.223969,-0.00748332,0.560917,-0.0381144,0.39561,-0.00463113,0,0,0,-0.00330718,0.00190397,0.00448401,-0.00167257,0.00327265,-3.80859e-05,0,0,-0.0155858,-0.0043293,-0.00969683,-0.0213754,0.0386474,-0.00463954,0.0653,0,0,0,0,0,0,0,0,0,0,0,0,0,0,0,0,0,0,0.905991,4.14353e-09,0,0,0,0,0,0,0,0,0,0,0,0,0,0,0,0,4.14263e-09,0.905991,
3.46945e-12,0.00633532,-0.0172677,-0.00107255,0.00211221,-7.54381e-05,2.54253e-05,0,0,0.369643,-0.00980493,0.229302,0.00375632,-0.0238932,-0.00356579,-0.00156108,0,0,-1.38778e-11,0.0772061,-0.00434271,0.0386049,0.00244147,0.00103135,-3.75429e-05,0,0,-0.00979828,0.623933,-0.000160652,-0.0737428,0.00309899,-0.0223776,-0.000436637,0,0,-8.0231e-12,-0.00491564,0.0441283,-0.00117933,-0.00119878,-0.000271838,-2.88178e-07,0,0,0.229574,-8.82121e-05,0.359417,-0.00391506,-0.0269111,-0.000746581,-0.000966513,0,0,1.56125e-11,0.0567054,0.00128794,-0.0339814,-0.00366445,0.00323995,-0.000118521,0,0,0.0037698,-0.0745201,-0.00392432,0.611693,0.0191765,0.0560964,-0.00213225,0,0,-8.67362e-13,0.0270912,-0.00770305,-0.0377328,0.0325146,0.000509196,0.000282387,0,0,-0.238184,0.0306268,-0.268742,0.192019,0.301371,-0.0381675,0.0386001,0,0,-4.16334e-11,0.0455928,-0.00749521,0.0235953,0.0112206,-0.0705471,0.00244456,0,0,-0.0356265,-0.223883,-0.00747224,0.560959,-0.0381221,0.395611,-0.00463188,0,0,-1.73472e-12,-0.00330735,0.0019039,0.00448493,-0.0016711,0.00327287,-3.79262e-05,0,0,-0.0156059,-0.00433199,-0.00970154,-0.0213715,0.0386394,-0.0046403,0.0653009,0,0,0,0,0,0,0,0,0,0,0,0,0,0,0,0,0,0,0.905991,4.06762e-09,0,0,0,0,0,0,0,0,0,0,0,0,0,0,0,0,4.06882e-09,0.905991,
-4.33681e-12,0.00633297,-0.0172767,-0.00107071,0.00211029,-7.53482e-05,2.54464e-05,0,0,0.369763,-0.00981022,0.229215,0.00375614,-0.0238666,-0.00356454,-0.00156308,0,0,1.38778e-11,0.0772146,-0.00434217,0.038576,0.00244043,0.00103186,-3.75696e-05,0,0,-0.00980354,0.623953,-0.000160525,-0.0737545,0.00309917,-0.022369,-0.000436911,0,0,1.14925e-11,-0.00491559,0.0441664,-0.00117631,-0.00119867,-0.000271696,-3.06233e-07,0,0,0.229488,-8.80324e-05,0.359522,-0.00392027,-0.0269024,-0.000745486,-0.000966981,0,0,-5.20417e-12,0.0566797,0.00128979,-0.033955,-0.00366369,0.00323971,-0.000118554,0,0,0.00376978,-0.0745323,-0.00392945,0.611683,0.0191801,0.0561006,-0.00213186,0,0,-2.60209e-12,0.0270843,-0.00768613,-0.0377245,0.0325075,0.000508712,0.000282875,0,0,-0.237918,0.0306283,-0.268654,0.192056,0.30138,-0.0381753,0.0385921,0,0,4.16334e-11,0.045613,-0.00749595,0.02354,0.0112178,-0.0705305,0.00244457,0,0,-0.0356137,-0.223796,-0.0074611,0.561,-0.0381299,0.395612,-0.00463264,0,0,1.73472e-12,-0.00330753,0.00190383,0.00448586,-0.00166963,0.0032731,-3.77656e-05,0,0,-0.0156259,-0.00433468,-0.00970625,-0.0213676,0.0386314,-0.00464106,0.0653019,0,0,0,0,0,0,0,0,0,0,0,0,0,0,0,0,0,0,0.905991,4.09822e-09,0,0,0,0,0,0,0,0,0,0,0,0,0,0,0,0,4.09792e-09,0.905991,
-2.60209e-12,0.00633063,-0.0172856,-0.00106887,0.00210837,-7.5258e-05,2.54674e-05,0,0,0.369883,-0.00981552,0.229128,0.00375595,-0.02384,-0.00356327,-0.00156509,0,0,0,0.0772231,-0.00434163,0.0385471,0.00243939,0.00103238,-3.75964e-05,0,0,-0.0098088,0.623973,-0.000160399,-0.0737661,0.00309935,-0.0223603,-0.000437185,0,0,8.67362e-12,-0.00491554,0.0442045,-0.00117329,-0.00119856,-0.000271552,-3.24355e-07,0,0,0.229402,-8.78541e-05,0.359627,-0.00392551,-0.0268937,-0.000744385,-0.000967449,0,0,3.46945e-12,0.0566541,0.00129164,-0.0339285,-0.00366292,0.00323946,-0.000118586,0,0,0.00376973,-0.0745445,-0.00393458,0.611672,0.0191838,0.0561047,-0.00213146,0,0,1.30104e-11,0.0270774,-0.00766914,-0.0377163,0.0325002,0.000508203,0.000283363,0,0,-0.237651,0.0306298,-0.268567,0.192093,0.30139,-0.0381831,0.038584,0,0,-2.77556e-11,0.0456331,-0.00749668,0.0234847,0.0112151,-0.0705139,0.00244458,0,0,-0.0356006,-0.22371,-0.00744989,0.561042,-0.0381376,0.395613,-0.00463339,0,0,0,-0.0033077,0.00190376,0.00448678,-0.00166815,0.00327332,-3.76041e-05,0,0,-0.0156459,-0.00433737,-0.00971098,-0.0213638,0.0386234,-0.00464182,0.0653028,0,0,0,0,-1.20024e-12,0,0,-1.20024e-12,0,-1.14023e-10,0,0,0,0,0,0,0,0,0.905991,4.22665e-09,0,3.60072e-12,-3.60072e-12,0,0,-3.60072e-12,0,0,0,0,0,0,0,0,0,0,4.22545e-09,0.905991,
-4.33681e-12,0.00632827,-0.0172946,-0.00106703,0.00210643,-7.51678e-05,2.54884e-05,0,0,0.370004,-0.00982081,0.229041,0.00375575,-0.0238134,-0.00356198,-0.0015671,0,0,1.38778e-11,0.0772316,-0.00434109,0.0385182,0.00243835,0.00103289,-3.76232e-05,0,0,-0.00981406,0.623993,-0.000160275,-0.0737777,0.00309954,-0.0223516,-0.000437459,0,0,8.67362e-12,-0.00491548,0.0442427,-0.00117026,-0.00119844,-0.000271407,-3.4254e-07,0,0,0.229315,-8.76771e-05,0.359733,-0.00393075,-0.026885,-0.000743277,-0.000967919,0,0,1.73472e-12,0.0566283,0.00129349,-0.033902,-0.00366215,0.00323921,-0.000118619,0,0,0.00376967,-0.0745567,-0.00393974,0.611662,0.0191874,0.0561088,-0.00213107,0,0,-1.64799e-11,0.0270704,-0.0076521,-0.037708,0.0324929,0.000507669,0.000283852,0,0,-0.237384,0.0306313,-0.26848,0.19213,0.3014,-0.0381908,0.0385759,0,0,-3.46945e-11,0.0456533,-0.0074974,0.0234293,0.0112122,-0.0704972,0.00244459,0,0,-0.0355875,-0.223623,-0.00743862,0.561084,-0.0381453,0.395614,-0.00463414,0,0,0,-0.00330787,0.00190368,0.0044877,-0.00166666,0.00327355,-3.74415e-05,0,0,-0.015666,-0.00434007,-0.00971571,-0.0213599,0.0386154,-0.00464258,0.0653037,0,0,0,0,0,0,0,0,0,0,0,0,0,0,0,0,0,0,0.905991,-4.4643e-09,0,0,-1.20024e-12,1.20024e-12,0,0,-1.20024e-12,0,0,0,0,0,0,0,0,0,-4.4649e-09,0.905991,
-6.93889e-12,0.00632592,-0.0173035,-0.00106519,0.00210449,-7.50777e-05,2.55093e-05,0,0,0.370124,-0.0098261,0.228954,0.00375553,-0.0237867,-0.00356068,-0.00156911,0,0,-6.93889e-12,0.0772401,-0.00434054,0.0384892,0.00243731,0.00103341,-3.765e-05,0,0,-0.00981932,0.624012,-0.000160152,-0.0737893,0.00309972,-0.0223429,-0.000437734,0,0,1.6263e-11,-0.00491543,0.0442808,-0.00116723,-0.00119832,-0.000271259,-3.60789e-07,0,0,0.229228,-8.75015e-05,0.359838,-0.00393601,-0.0268763,-0.000742162,-0.00096839,0,0,-8.67362e-12,0.0566026,0.00129534,-0.0338755,-0.00366137,0.00323896,-0.000118652,0,0,0.00376959,-0.0745689,-0.0039449,0.611652,0.0191911,0.0561129,-0.00213067,0,0,1.30104e-11,0.0270634,-0.00763498,-0.0376998,0.0324855,0.000507109,0.000284342,0,0,-0.237117,0.0306328,-0.268392,0.192166,0.30141,-0.0381985,0.0385678,0,0,-6.245e-11,0.0456735,-0.00749809,0.0233738,0.0112094,-0.0704805,0.0024446,0,0,-0.0355741,-0.223537,-0.00742728,0.561125,-0.0381531,0.395615,-0.0046349,0,0,-1.73472e-12,-0.00330803,0.00190359,0.00448862,-0.00166517,0.00327378,-3.72779e-05,0,0,-0.0156861,-0.00434277,-0.00972046,-0.0213559,0.0386073,-0.00464334,0.0653046,0,0,0,0,0,0,0,0,0,0,0,0,0,0,0,0,0,0,0.905991,-4.56302e-09,0,0,0,0,0,0,0,0,0,0,0,0,0,0,0,0,-4.56392e-09,0.905991,
-3.46945e-12,0.00632356,-0.0173124,-0.00106335,0.00210254,-7.49875e-05,2.55302e-05,0,0,0.370244,-0.00983139,0.228867,0.00375529,-0.02376,-0.00355936,-0.00157113,0,0,1.38778e-11,0.0772486,-0.00434,0.0384603,0.00243626,0.00103392,-3.76769e-05,0,0,-0.00982458,0.624032,-0.00016003,-0.073801,0.0030999,-0.0223342,-0.000438009,0,0,8.45678e-12,-0.00491537,0.044319,-0.0011642,-0.00119819,-0.00027111,-3.79102e-07,0,0,0.229141,-8.73272e-05,0.359943,-0.00394128,-0.0268676,-0.000741042,-0.000968861,0,0,1.21431e-11,0.0565768,0.0012972,-0.033849,-0.00366059,0.00323871,-0.000118685,0,0,0.0037695,-0.0745811,-0.00395008,0.611642,0.0191947,0.056117,-0.00213027,0,0,-6.93889e-12,0.0270564,-0.0076178,-0.0376915,0.032478,0.000506522,0.000284833,0,0,-0.236849,0.0306343,-0.268304,0.192203,0.30142,-0.0382062,0.0385596,0,0,-2.77556e-11,0.0456938,-0.00749877,0.0233183,0.0112065,-0.0704638,0.00244461,0,0,-0.0355606,-0.22345,-0.00741588,0.561167,-0.0381608,0.395617,-0.00463566,0,0,3.46945e-12,-0.0033082,0.00190351,0.00448954,-0.00166366,0.00327401,-3.71133e-05,0,0,-0.0157062,-0.00434548,-0.00972521,-0.021352,0.0385992,-0.0046441,0.0653056,0,0,0,1.20024e-12,-1.20024e-12,0,0,0,0,0,0,0,0,0,0,0,0,0,0.905991,-4.51651e-09,0,-1.20024e-12,1.20024e-12,0,0,0,0,0,0,0,0,0,0,0,0,0,-4.51711e-09,0.905991,
-8.67362e-13,0.0063212,-0.0173213,-0.00106152,0.00210058,-7.48972e-05,2.5551e-05,0,0,0.370365,-0.00983668,0.228779,0.00375503,-0.0237332,-0.00355803,-0.00157315,0,0,0,0.077257,-0.00433945,0.0384313,0.00243522,0.00103444,-3.77037e-05,0,0,-0.00982983,0.624052,-0.00015991,-0.0738126,0.00310009,-0.0223255,-0.000438284,0,0,3.25261e-12,-0.00491531,0.0443571,-0.00116116,-0.00119807,-0.000270959,-3.9748e-07,0,0,0.229054,-8.71544e-05,0.360049,-0.00394657,-0.0268589,-0.000739914,-0.000969334,0,0,0,0.056551,0.00129905,-0.0338224,-0.00365979,0.00323846,-0.000118718,0,0,0.00376939,-0.0745933,-0.00395526,0.611632,0.0191984,0.0561211,-0.00212987,0,0,-2.60209e-12,0.0270494,-0.00760056,-0.0376832,0.0324705,0.00050591,0.000285324,0,0,-0.236582,0.0306359,-0.268217,0.19224,0.30143,-0.0382139,0.0385515,0,0,0,0.045714,-0.00749944,0.0232627,0.0112036,-0.0704471,0.00244462,0,0,-0.035547,-0.223363,-0.00740442,0.561209,-0.0381684,0.395618,-0.00463641,0,0,1.73472e-12,-0.00330837,0.00190342,0.00449046,-0.00166216,0.00327424,-3.69476e-05,0,0,-0.0157263,-0.00434819,-0.00972997,-0.0213481,0.0385911,-0.00464487,0.0653065,0,0,0,0,0,0,0,0,0,0,0,0,0,0,0,0,0,0,0.905991,-4.34637e-09,0,0,0,0,0,0,0,0,0,0,0,0,0,0,0,0,-4.34607e-09,0.905991,
1.73472e-12,0.00631883,-0.0173302,-0.00105967,0.00209862,-7.48057e-05,2.55716e-05,0,0,0.370485,-0.00984197,0.228691,0.00375475,-0.0237065,-0.00355668,-0.00157516,0,0,-6.93889e-12,0.0772654,-0.0043389,0.0384023,0.00243417,0.00103496,-3.77307e-05,0,0,-0.00983509,0.624071,-0.000159791,-0.0738242,0.00310028,-0.0223168,-0.00043856,0,0,-4.77049e-12,-0.00491525,0.0443953,-0.00115809,-0.00119794,-0.000270805,-4.15935e-07,0,0,0.228966,-8.69829e-05,0.360155,-0.00395186,-0.0268501,-0.00073878,-0.000969807,0,0,-6.93889e-12,0.0565251,0.0013009,-0.0337958,-0.00365899,0.00323821,-0.000118751,0,0,0.00376926,-0.0746055,-0.00396047,0.611622,0.019202,0.0561252,-0.00212947,0,0,9.54098e-12,0.0270424,-0.00758325,-0.0376749,0.0324628,0.000505253,0.000285816,0,0,-0.236313,0.0306375,-0.268129,0.192277,0.30144,-0.0382216,0.0385433,0,0,1.38778e-11,0.0457343,-0.00750008,0.0232071,0.0112006,-0.0704304,0.00244463,0,0,-0.0355332,-0.223276,-0.00739289,0.56125,-0.0381761,0.395619,-0.00463717,0,0,0,-0.00330853,0.00190333,0.00449138,-0.00166064,0.00327448,-3.67803e-05,0,0,-0.0157465,-0.0043509,-0.00973474,-0.0213442,0.038583,-0.00464563,0.0653074,0,0,0,0,0,0,0,0,0,0,0,0,0,0,0,0,0,0,0.905991,4.09432e-09,0,0,0,0,0,0,0,1.14023e-10,0,0,0,0,0,0,0,0,4.09342e-09,0.905991,
-8.67362e-13,0.00631644,-0.0173391,-0.00105786,0.00209662,-7.4769e-05,2.55945e-05,0,0,0.370606,-0.00984726,0.228603,0.00375446,-0.0236797,-0.00355531,-0.00157718,0,0,-6.93889e-12,0.0772739,-0.00433835,0.0383732,0.00243312,0.00103546,-3.77575e-05,0,0,-0.00984035,0.624091,-0.000159674,-0.0738358,0.00310047,-0.022308,-0.000438836,0,0,1.51788e-12,-0.0049152,0.0444335,-0.00115512,-0.00119784,-0.000270686,-4.33834e-07,0,0,0.228879,-8.68127e-05,0.36026,-0.00395718,-0.0268414,-0.00073764,-0.000970282,0,0,0,0.0564992,0.00130275,-0.0337692,-0.00365822,0.00323795,-0.000118784,0,0,0.00376911,-0.0746178,-0.00396568,0.611612,0.0192057,0.0561293,-0.00212907,0,0,6.07153e-12,0.0270353,-0.00756586,-0.0376666,0.032455,0.000504674,0.000286316,0,0,-0.236045,0.030639,-0.268041,0.192313,0.30145,-0.0382293,0.0385351,0,0,-6.93889e-11,0.0457546,-0.00750072,0.0231514,0.0111977,-0.0704137,0.00244465,0,0,-0.0355192,-0.223189,-0.00738129,0.561292,-0.0381838,0.39562,-0.00463793,0,0,0,-0.0033087,0.00190323,0.0044923,-0.00165913,0.00327473,-3.66153e-05,0,0,-0.0157667,-0.00435362,-0.00973953,-0.0213402,0.0385749,-0.0046464,0.0653084,0,0,0,0,1.20024e-12,0,-1.20024e-12,-1.20024e-12,1.20024e-12,-5.76116e-11,0,0,0,0,0,0,0,0,0.905991,3.9803e-09,0,0,-1.20024e-12,0,1.20024e-12,1.20024e-12,-1.20024e-12,0,0,0,0,0,0,0,0,0,3.98e-09,0.905991,
4.33681e-12,0.00631405,-0.0173479,-0.0010561,0.00209462,-7.47187e-05,2.56166e-05,0,0,0.370727,-0.00985255,0.228515,0.00375415,-0.0236528,-0.00355394,-0.00157921,0,0,2.08167e-11,0.0772823,-0.00433779,0.0383441,0.00243207,0.00103597,-3.77843e-05,0,0,-0.0098456,0.624111,-0.000159558,-0.0738475,0.00310066,-0.0222993,-0.000439112,0,0,-6.28837e-12,-0.00491515,0.0444717,-0.00115219,-0.00119772,-0.000270559,-4.52006e-07,0,0,0.228791,-8.66439e-05,0.360366,-0.0039625,-0.0268326,-0.000736494,-0.000970757,0,0,-2.42861e-11,0.0564733,0.0013046,-0.0337426,-0.00365744,0.00323768,-0.000118817,0,0,0.00376895,-0.07463,-0.00397091,0.611601,0.0192093,0.0561333,-0.00212867,0,0,2.94903e-11,0.0270283,-0.00754841,-0.0376583,0.0324471,0.000504109,0.000286814,0,0,-0.235776,0.0306406,-0.267953,0.19235,0.301461,-0.038237,0.038527,0,0,8.32667e-11,0.0457749,-0.00750133,0.0230956,0.0111948,-0.0703969,0.00244466,0,0,-0.0355051,-0.223102,-0.00736962,0.561334,-0.0381914,0.395622,-0.0046387,0,0,-1.73472e-12,-0.00330886,0.00190313,0.00449321,-0.00165761,0.00327497,-3.64508e-05,0,0,-0.0157869,-0.00435633,-0.00974432,-0.0213363,0.0385668,-0.00464717,0.0653093,0,0,0,-1.20024e-12,0,1.20024e-12,0,0,0,0,0,0,0,0,0,0,0,0,0.905991,3.9695e-09,0,1.20024e-12,0,-1.20024e-12,0,0,0,0,0,0,0,0,0,0,0,0,3.9698e-09,0.905991,
0,0.00631166,-0.0173567,-0.00105434,0.00209263,-7.46469e-05,2.56378e-05,0,0,0.370848,-0.00985784,0.228427,0.00375383,-0.023626,-0.00355254,-0.00158123,0,0,2.08167e-11,0.0772907,-0.00433722,0.038315,0.00243102,0.00103648,-3.78112e-05,0,0,-0.00985086,0.62413,-0.000159443,-0.0738591,0.00310085,-0.0222906,-0.000439389,0,0,5.20417e-12,-0.0049151,0.0445099,-0.00114925,-0.00119759,-0.000270415,-4.70494e-07,0,0,0.228703,-8.64768e-05,0.360472,-0.00396784,-0.0268239,-0.000735341,-0.000971233,0,0,1.04083e-11,0.0564473,0.00130645,-0.0337159,-0.00365664,0.00323742,-0.00011885,0,0,0.00376877,-0.0746422,-0.00397615,0.611591,0.019213,0.0561374,-0.00212826,0,0,1.99493e-11,0.0270212,-0.00753088,-0.03765,0.0324392,0.000503505,0.000287309,0,0,-0.235507,0.0306423,-0.267865,0.192387,0.301471,-0.0382446,0.0385187,0,0,6.93889e-12,0.0457952,-0.00750193,0.0230398,0.0111918,-0.0703801,0.00244467,0,0,-0.0354908,-0.223015,-0.00735789,0.561375,-0.0381991,0.395623,-0.00463946,0,0,0,-0.00330902,0.00190303,0.00449412,-0.00165608,0.0032752,-3.62849e-05,0,0,-0.0158071,-0.00435906,-0.00974912,-0.0213323,0.0385586,-0.00464793,0.0653103,0,0,0,1.20024e-12,0,-1.20024e-12,0,0,0,0,0,0,0,0,0,0,0,0,0.905991,4.05051e-09,0,-1.20024e-12,0,1.20024e-12,0,0,0,0,0,0,0,0,0,0,0,0,4.05081e-09,0.905991,
-3.46945e-12,0.00630927,-0.0173654,-0.00105256,0.00209064,-7.45585e-05,2.56584e-05,0,0,0.370969,-0.00986313,0.228339,0.00375348,-0.0235991,-0.00355113,-0.00158326,0,0,-6.93889e-12,0.077299,-0.00433665,0.0382858,0.00242997,0.001037,-3.78382e-05,0,0,-0.00985611,0.62415,-0.000159328,-0.0738707,0.00310105,-0.0222818,-0.000439667,0,0,1.0842e-11,-0.00491505,0.0445481,-0.00114627,-0.00119745,-0.000270258,-4.89231e-07,0,0,0.228615,-8.63113e-05,0.360578,-0.00397319,-0.0268151,-0.000734181,-0.000971711,0,0,2.25514e-11,0.0564213,0.0013083,-0.0336892,-0.00365583,0.00323716,-0.000118883,0,0,0.00376857,-0.0746544,-0.00398141,0.611581,0.0192166,0.0561415,-0.00212786,0,0,8.67362e-12,0.0270141,-0.00751329,-0.0376417,0.0324312,0.000502837,0.000287803,0,0,-0.235237,0.0306439,-0.267777,0.192424,0.301482,-0.0382523,0.0385105,0,0,-2.08167e-11,0.0458156,-0.00750251,0.0229839,0.0111888,-0.0703633,0.00244468,0,0,-0.0354763,-0.222928,-0.00734609,0.561417,-0.0382067,0.395624,-0.00464022,0,0,3.46945e-12,-0.00330918,0.00190293,0.00449503,-0.00165455,0.00327544,-3.61167e-05,0,0,-0.0158273,-0.00436178,-0.00975393,-0.0213283,0.0385505,-0.0046487,0.0653112,0,0,0,0,0,0,0,0,0,0,0,0,0,0,0,0,0,0,0.905991,4.22545e-09,0,0,0,0,0,0,0,0,0,0,0,0,0,0,0,0,4.22605e-09,0.905991,
-1.73472e-12,0.00630688,-0.0173742,-0.00105076,0.00208865,-7.44589e-05,2.56784e-05,0,0,0.37109,-0.00986841,0.22825,0.00375312,-0.0235722,-0.0035497,-0.00158529,0,0,0,0.0773074,-0.00433609,0.0382567,0.00242891,0.00103752,-3.78652e-05,0,0,-0.00986137,0.624169,-0.000159215,-0.0738823,0.00310125,-0.0222731,-0.000439944,0,0,3.46945e-12,-0.004915,0.0445863,-0.00114324,-0.0011973,-0.000270091,-5.0816e-07,0,0,0.228527,-8.61474e-05,0.360684,-0.00397856,-0.0268064,-0.000733014,-0.000972189,0,0,5.20417e-12,0.0563953,0.00131015,-0.0336624,-0.003655,0.00323691,-0.000118916,0,0,0.00376836,-0.0746666,-0.00398667,0.611571,0.0192203,0.0561456,-0.00212745,0,0,-5.20417e-12,0.027007,-0.00749564,-0.0376333,0.032423,0.000502099,0.000288298,0,0,-0.234967,0.0306455,-0.267689,0.192461,0.301493,-0.0382599,0.0385023,0,0,-5.55112e-11,0.045836,-0.00750307,0.022928,0.0111857,-0.0703465,0.00244468,0,0,-0.0354617,-0.222841,-0.00733421,0.561458,-0.0382143,0.395626,-0.00464099,0,0,0,-0.00330934,0.00190282,0.00449595,-0.001653,0.00327567,-3.59461e-05,0,0,-0.0158476,-0.00436452,-0.00975875,-0.0213243,0.0385423,-0.00464947,0.0653121,0,0,0,0,0,0,0,0,0,0,0,0,0,0,0,0,0,0,0.905991,-4.51531e-09,0,0,0,0,0,0,0,0,0,0,0,0,0,0,0,0,-4.51591e-09,0.905991,
-2.60209e-12,0.0063045,-0.017383,-0.00104893,0.00208665,-7.43519e-05,2.56981e-05,0,0,0.371211,-0.0098737,0.228161,0.00375273,-0.0235452,-0.00354826,-0.00158732,0,0,-6.93889e-12,0.0773158,-0.00433552,0.0382275,0.00242785,0.00103804,-3.78923e-05,0,0,-0.00986662,0.624189,-0.000159103,-0.073894,0.00310144,-0.0222643,-0.000440222,0,0,7.80626e-12,-0.00491494,0.0446245,-0.00114017,-0.00119715,-0.000269916,-5.27235e-07,0,0,0.228438,-8.5985e-05,0.36079,-0.00398394,-0.0267976,-0.000731841,-0.000972669,0,0,-2.25514e-11,0.0563692,0.001312,-0.0336357,-0.00365416,0.00323666,-0.000118949,0,0,0.00376813,-0.0746788,-0.00399195,0.611561,0.0192239,0.0561497,-0.00212705,0,0,1.47451e-11,0.0269998,-0.00747793,-0.0376249,0.0324148,0.000501295,0.000288793,0,0,-0.234697,0.0306472,-0.2676,0.192497,0.301504,-0.0382675,0.038494,0,0,5.55112e-11,0.0458564,-0.00750361,0.022872,0.0111825,-0.0703296,0.00244469,0,0,-0.035447,-0.222754,-0.00732227,0.5615,-0.0382219,0.395627,-0.00464175,0,0,0,-0.0033095,0.00190271,0.00449687,-0.00165145,0.0032759,-3.57732e-05,0,0,-0.0158679,-0.00436725,-0.00976358,-0.0213203,0.0385341,-0.00465025,0.0653131,0,0,0,0,0,-1.20024e-12,-1.20024e-12,-1.20024e-12,1.20024e-12,0,0,0,0,0,0,0,0,0,0.905991,-4.66504e-09,0,0,0,-2.40048e-12,-2.40048e-12,-2.40048e-12,2.40048e-12,0,0,0,0,0,0,0,0,0,-4.66474e-09,0.905991,
1.73472e-12,0.00630211,-0.0173917,-0.00104708,0.00208465,-7.42399e-05,2.57175e-05,0,0,0.371333,-0.00987899,0.228072,0.00375233,-0.0235182,-0.0035468,-0.00158935,0,0,0,0.0773241,-0.00433496,0.0381984,0.00242679,0.00103857,-3.79194e-05,0,0,-0.00987187,0.624208,-0.000158993,-0.0739056,0.00310164,-0.0222555,-0.000440501,0,0,-2.81893e-12,-0.00491487,0.0446628,-0.00113706,-0.00119699,-0.000269735,-5.4643e-07,0,0,0.22835,-8.58242e-05,0.360896,-0.00398934,-0.0267888,-0.00073066,-0.000973149,0,0,8.67362e-12,0.0563431,0.00131386,-0.0336089,-0.0036533,0.00323641,-0.000118981,0,0,0.00376788,-0.074691,-0.00399725,0.611551,0.0192276,0.0561538,-0.00212664,0,0,-8.67362e-13,0.0269927,-0.00746016,-0.0376165,0.0324064,0.000500431,0.000289288,0,0,-0.234427,0.0306489,-0.267512,0.192534,0.301514,-0.0382751,0.0384857,0,0,2.77556e-11,0.0458768,-0.00750413,0.022816,0.0111793,-0.0703128,0.00244469,0,0,-0.035432,-0.222666,-0.00731027,0.561541,-0.0382294,0.395629,-0.00464252,0,0,-1.73472e-12,-0.00330966,0.00190259,0.00449778,-0.00164988,0.00327614,-3.55981e-05,0,0,-0.0158882,-0.00436999,-0.00976842,-0.0213163,0.0385258,-0.00465102,0.065314,0,0,0,0,0,0,0,0,0,0,0,0,0,0,0,0,0,0,0.905991,-4.65544e-09,0,1.20024e-12,0,1.20024e-12,1.20024e-12,0,0,0,0,0,0,0,0,0,0,0,-4.65574e-09,0.905991,
1.73472e-12,0.00629972,-0.0174004,-0.00104522,0.00208263,-7.41273e-05,2.57369e-05,0,0,0.371454,-0.00988427,0.227983,0.00375192,-0.0234912,-0.00354532,-0.00159139,0,0,0,0.0773325,-0.0043344,0.0381692,0.00242573,0.00103909,-3.79465e-05,0,0,-0.00987712,0.624228,-0.000158884,-0.0739172,0.00310184,-0.0222468,-0.00044078,0,0,-4.11997e-12,-0.00491481,0.044701,-0.00113392,-0.00119683,-0.000269551,-5.65689e-07,0,0,0.228261,-8.56649e-05,0.361002,-0.00399475,-0.02678,-0.000729472,-0.00097363,0,0,0,0.056317,0.00131572,-0.0335821,-0.00365244,0.00323616,-0.000119014,0,0,0.00376762,-0.0747032,-0.00400255,0.611541,0.0192312,0.0561578,-0.00212623,0,0,5.20417e-12,0.0269855,-0.00744232,-0.037608,0.032398,0.000499517,0.000289785,0,0,-0.234156,0.0306506,-0.267424,0.192571,0.301525,-0.0382827,0.0384774,0,0,0,0.0458973,-0.00750463,0.0227599,0.011176,-0.070296,0.0024447,0,0,-0.0354169,-0.222579,-0.0072982,0.561582,-0.038237,0.39563,-0.00464329,0,0,0,-0.00330981,0.00190247,0.0044987,-0.00164831,0.00327638,-3.54211e-05,0,0,-0.0159085,-0.00437273,-0.00977327,-0.0213123,0.0385176,-0.00465179,0.065315,0,0,0,0,0,0,0,0,0,0,0,0,0,0,0,0,0,0,0.905991,-4.50541e-09,0,0,0,0,0,0,0,0,0,0,0,0,0,0,0,0,-4.5051e-09,0.905991,
-2.60209e-12,0.00629732,-0.0174091,-0.00104335,0.00208061,-7.40199e-05,2.57564e-05,0,0,0.371576,-0.00988956,0.227893,0.00375148,-0.0234642,-0.00354383,-0.00159343,0,0,0,0.0773408,-0.00433384,0.03814,0.00242466,0.00103962,-3.79737e-05,0,0,-0.00988237,0.624247,-0.000158776,-0.0739288,0.00310205,-0.022238,-0.000441059,0,0,6.50521e-12,-0.00491474,0.0447393,-0.00113077,-0.00119667,-0.000269369,-5.84946e-07,0,0,0.228172,-8.55071e-05,0.361109,-0.00400017,-0.0267713,-0.000728278,-0.000974112,0,0,5.20417e-12,0.0562908,0.00131758,-0.0335552,-0.00365157,0.00323591,-0.000119047,0,0,0.00376734,-0.0747154,-0.00400787,0.61153,0.0192349,0.0561619,-0.00212582,0,0,-5.20417e-12,0.0269784,-0.00742442,-0.0375995,0.0323895,0.000498571,0.000290283,0,0,-0.233885,0.0306523,-0.267335,0.192608,0.301537,-0.0382902,0.0384691,0,0,-4.85723e-11,0.0459177,-0.00750511,0.0227037,0.0111726,-0.0702791,0.00244471,0,0,-0.0354017,-0.222492,-0.00728606,0.561624,-0.0382446,0.395631,-0.00464406,0,0,0,-0.00330996,0.00190235,0.00449962,-0.00164674,0.00327663,-3.5243e-05,0,0,-0.0159289,-0.00437548,-0.00977813,-0.0213083,0.0385093,-0.00465257,0.0653159,0,0,0,1.20024e-12,1.20024e-12,0,0,0,1.20024e-12,0,0,0,0,0,0,0,0,0,0.905991,4.25455e-09,0,1.20024e-12,1.20024e-12,0,0,0,1.20024e-12,0,0,0,0,0,0,0,0,0,4.25515e-09,0.905991,
1.73472e-12,0.00629492,-0.0174178,-0.00104148,0.00207858,-7.39171e-05,2.5776e-05,0,0,0.371697,-0.00989484,0.227804,0.00375103,-0.0234371,-0.00354232,-0.00159547,0,0,-1.38778e-11,0.0773491,-0.00433328,0.0381108,0.0024236,0.00104014,-3.80009e-05,0,0,-0.00988762,0.624267,-0.000158671,-0.0739404,0.00310225,-0.0222292,-0.000441338,0,0,-6.50521e-12,-0.00491467,0.0447775,-0.00112762,-0.00119651,-0.000269187,-6.04208e-07,0,0,0.228083,-8.53508e-05,0.361215,-0.00400561,-0.0267625,-0.000727077,-0.000974596,0,0,3.46945e-12,0.0562646,0.00131944,-0.0335284,-0.0036507,0.00323565,-0.00011908,0,0,0.00376704,-0.0747277,-0.00401321,0.61152,0.0192385,0.056166,-0.00212541,0,0,-8.67362e-12,0.0269712,-0.00740646,-0.037591,0.0323809,0.000497603,0.000290783,0,0,-0.233614,0.030654,-0.267247,0.192645,0.301548,-0.0382978,0.0384608,0,0,-1.38778e-11,0.0459382,-0.00750558,0.0226475,0.0111693,-0.0702622,0.00244471,0,0,-0.0353863,-0.222404,-0.00727386,0.561665,-0.0382521,0.395633,-0.00464483,0,0,0,-0.00331012,0.00190222,0.00450054,-0.00164515,0.00327688,-3.50639e-05,0,0,-0.0159492,-0.00437823,-0.009783,-0.0213042,0.0385011,-0.00465335,0.0653169,0,0,0,0,0,-2.40048e-12,0,2.40048e-12,0,0,0,0,0,0,0,0,0,0,0.905991,4.15343e-09,0,-1.20024e-12,0,0,-1.20024e-12,0,-1.20024e-12,0,0,0,0,0,0,0,0,0,4.15343e-09,0.905991,
1.73472e-12,0.00629252,-0.0174265,-0.00103962,0.00207654,-7.38175e-05,2.57957e-05,0,0,0.371819,-0.00990013,0.227714,0.00375057,-0.02341,-0.0035408,-0.00159751,0,0,6.93889e-12,0.0773574,-0.00433272,0.0380816,0.00242253,0.00104067,-3.80282e-05,0,0,-0.00989288,0.624286,-0.000158567,-0.073952,0.00310246,-0.0222204,-0.000441618,0,0,-6.72205e-12,-0.0049146,0.0448158,-0.00112447,-0.00119635,-0.000269006,-6.23494e-07,0,0,0.227993,-8.51961e-05,0.361321,-0.00401105,-0.0267537,-0.000725869,-0.00097508,0,0,1.73472e-12,0.0562383,0.0013213,-0.0335015,-0.00364983,0.0032354,-0.000119113,0,0,0.00376673,-0.0747399,-0.00401855,0.61151,0.0192422,0.0561701,-0.002125,0,0,-1.47451e-11,0.026964,-0.00738843,-0.0375825,0.0323722,0.000496617,0.000291283,0,0,-0.233342,0.0306558,-0.267158,0.192681,0.301559,-0.0383053,0.0384524,0,0,6.93889e-12,0.0459588,-0.00750603,0.0225912,0.0111659,-0.0702454,0.00244472,0,0,-0.0353707,-0.222317,-0.0072616,0.561707,-0.0382596,0.395634,-0.0046456,0,0,0,-0.00331027,0.00190209,0.00450145,-0.00164356,0.00327713,-3.4884e-05,0,0,-0.0159696,-0.00438099,-0.00978788,-0.0213002,0.0384928,-0.00465412,0.0653178,0,0,0,0,0,0,1.20024e-12,0,1.20024e-12,-5.64113e-11,0,0,0,0,0,0,0,0,0.905991,4.16604e-09,0,0,0,0,0,0,0,1.20024e-12,0,0,0,0,0,0,0,0,4.16664e-09,0.905991,
-3.46945e-12,0.00629011,-0.0174351,-0.00103776,0.00207449,-7.372e-05,2.58153e-05,0,0,0.371941,-0.00990541,0.227624,0.00375008,-0.0233828,-0.00353926,-0.00159955,0,0,1.38778e-11,0.0773657,-0.00433215,0.0380523,0.00242146,0.00104119,-3.80555e-05,0,0,-0.00989813,0.624306,-0.000158464,-0.0739637,0.00310266,-0.0222116,-0.000441899,0,0,9.97466e-12,-0.00491453,0.0448541,-0.00112133,-0.00119619,-0.000268825,-6.42815e-07,0,0,0.227904,-8.50429e-05,0.361428,-0.00401651,-0.0267448,-0.000724655,-0.000975565,0,0,-6.93889e-12,0.056212,0.00132316,-0.0334746,-0.00364895,0.00323514,-0.000119146,0,0,0.0037664,-0.0747521,-0.00402391,0.6115,0.0192459,0.0561741,-0.00212459,0,0,1.56125e-11,0.0269567,-0.00737033,-0.037574,0.0323633,0.000495614,0.000291784,0,0,-0.23307,0.0306575,-0.26707,0.192718,0.301571,-0.0383129,0.0384441,0,0,0,0.0459793,-0.00750647,0.0225349,0.0111624,-0.0702285,0.00244472,0,0,-0.035355,-0.222229,-0.00724927,0.561748,-0.0382671,0.395636,-0.00464637,0,0,0,-0.00331042,0.00190195,0.00450237,-0.00164197,0.00327738,-3.47034e-05,0,0,-0.01599,-0.00438374,-0.00979277,-0.0212961,0.0384845,-0.0046549,0.0653188,0,0,0,0,0,0,0,0,0,0,0,0,0,0,0,0,0,0,0.905991,4.28336e-09,0,0,1.20024e-12,-1.20024e-12,-1.20024e-12,1.20024e-12,-1.20024e-12,0,0,0,0,0,0,0,0,0,4.28306e-09,0.905991,
0,0.00628769,-0.0174438,-0.00103591,0.00207244,-7.36238e-05,2.5835e-05,0,0,0.372063,-0.00991069,0.227534,0.00374958,-0.0233557,-0.0035377,-0.0016016,0,0,1.38778e-11,0.077374,-0.00433158,0.0380231,0.00242039,0.00104172,-3.80828e-05,0,0,-0.00990338,0.624325,-0.000158364,-0.0739753,0.00310287,-0.0222028,-0.000442179,0,0,-1.51788e-12,-0.00491446,0.0448923,-0.00111819,-0.00119602,-0.000268643,-6.62182e-07,0,0,0.227814,-8.48914e-05,0.361534,-0.00402199,-0.026736,-0.000723435,-0.000976051,0,0,-1.56125e-11,0.0561857,0.00132502,-0.0334476,-0.00364807,0.00323489,-0.000119179,0,0,0.00376605,-0.0747643,-0.00402928,0.61149,0.0192495,0.0561782,-0.00212417,0,0,-1.21431e-11,0.0269495,-0.00735217,-0.0375654,0.0323544,0.000494591,0.000292286,0,0,-0.232798,0.0306593,-0.266981,0.192755,0.301582,-0.0383204,0.0384357,0,0,-2.77556e-11,0.0459998,-0.00750689,0.0224785,0.011159,-0.0702115,0.00244473,0,0,-0.0353392,-0.222141,-0.00723688,0.561789,-0.0382746,0.395637,-0.00464714,0,0,0,-0.00331057,0.00190182,0.00450328,-0.00164036,0.00327763,-3.4522e-05,0,0,-0.0160104,-0.00438651,-0.00979767,-0.021292,0.0384762,-0.00465568,0.0653197,0,0,0,0,0,0,0,0,0,5.76116e-11,0,0,0,0,0,0,0,0,0.905991,-4.51441e-09,0,0,0,0,-1.20024e-12,1.20024e-12,-1.20024e-12,0,0,0,0,0,0,0,0,0,-4.51471e-09,0.905991,
-3.46945e-12,0.00628527,-0.0174524,-0.00103407,0.00207038,-7.35282e-05,2.58546e-05,0,0,0.372185,-0.00991598,0.227444,0.00374907,-0.0233285,-0.00353613,-0.00160365,0,0,0,0.0773822,-0.00433101,0.0379938,0.00241932,0.00104225,-3.81101e-05,0,0,-0.00990863,0.624345,-0.000158265,-0.0739869,0.00310308,-0.022194,-0.00044246,0,0,1.12757e-11,-0.00491439,0.0449306,-0.00111505,-0.00119586,-0.00026846,-6.81604e-07,0,0,0.227724,-8.47415e-05,0.361641,-0.00402748,-0.0267272,-0.000722209,-0.000976538,0,0,-1.04083e-11,0.0561594,0.00132688,-0.0334207,-0.00364718,0.00323463,-0.000119211,0,0,0.00376569,-0.0747765,-0.00403467,0.61148,0.0192532,0.0561823,-0.00212376,0,0,2.60209e-11,0.0269422,-0.00733394,-0.0375569,0.0323455,0.000493547,0.000292789,0,0,-0.232525,0.0306611,-0.266892,0.192792,0.301594,-0.0383279,0.0384273,0,0,8.32667e-11,0.0460204,-0.0075073,0.0224221,0.0111555,-0.0701946,0.00244474,0,0,-0.0353232,-0.222054,-0.00722443,0.561831,-0.0382821,0.395639,-0.00464792,0,0,0,-0.00331071,0.00190168,0.00450419,-0.00163876,0.00327789,-3.43397e-05,0,0,-0.0160309,-0.00438927,-0.00980258,-0.021288,0.0384678,-0.00465646,0.0653207,0,0,0,0,0,0,0,2.40048e-12,0,0,0,0,0,0,0,0,0,0,0.905991,-4.60112e-09,0,0,0,0,0,-1.20024e-12,0,0,0,0,0,0,0,0,0,0,-4.60082e-09,0.905991,
1.73472e-12,0.00628288,-0.017461,-0.00103222,0.00206831,-7.33559e-05,2.58713e-05,0,0,0.372307,-0.00992126,0.227353,0.00374854,-0.0233012,-0.00353455,-0.0016057,0,0,-1.38778e-11,0.0773905,-0.00433044,0.0379645,0.00241824,0.00104277,-3.81371e-05,0,0,-0.00991388,0.624364,-0.000158168,-0.0739985,0.00310329,-0.0221852,-0.000442742,0,0,-5.85469e-12,-0.00491433,0.0449689,-0.00111185,-0.00119566,-0.000268224,-7.02477e-07,0,0,0.227634,-8.4594e-05,0.361748,-0.00403298,-0.0267184,-0.000720975,-0.000977026,0,0,-1.73472e-12,0.056133,0.00132874,-0.0333937,-0.00364625,0.00323438,-0.000119244,0,0,0.00376531,-0.0747887,-0.00404006,0.61147,0.0192568,0.0561863,-0.00212334,0,0,-5.20417e-12,0.0269349,-0.00731565,-0.0375483,0.0323364,0.000492428,0.000293288,0,0,-0.232252,0.0306629,-0.266803,0.192829,0.301605,-0.0383354,0.0384189,0,0,-1.38778e-11,0.046041,-0.00750769,0.0223656,0.0111519,-0.0701777,0.00244473,0,0,-0.035307,-0.221966,-0.00721192,0.561872,-0.0382896,0.395641,-0.00464869,0,0,0,-0.00331086,0.00190153,0.00450511,-0.00163714,0.00327812,-3.41565e-05,0,0,-0.0160514,-0.00439204,-0.00980749,-0.0212839,0.0384595,-0.00465725,0.0653216,0,0,0,0,0,0,0,0,0,0,0,0,0,0,0,0,0,0,0.905991,-4.53961e-09,0,0,0,-1.20024e-12,0,-1.20024e-12,0,0,0,0,0,0,0,0,0,0,-4.53901e-09,0.905991,
8.67362e-13,0.00628048,-0.0174695,-0.00103031,0.00206624,-7.31892e-05,2.58886e-05,0,0,0.372429,-0.00992654,0.227262,0.00374799,-0.023274,-0.00353294,-0.00160775,0,0,6.93889e-12,0.0773987,-0.00432987,0.0379352,0.00241717,0.0010433,-3.81642e-05,0,0,-0.00991913,0.624383,-0.000158072,-0.0740101,0.00310351,-0.0221764,-0.000443024,0,0,-1.95156e-12,-0.00491425,0.0450072,-0.00110858,-0.00119547,-0.000267989,-7.23188e-07,0,0,0.227544,-8.44486e-05,0.361854,-0.00403849,-0.0267095,-0.000719735,-0.000977515,0,0,-2.60209e-11,0.0561065,0.0013306,-0.0333666,-0.00364531,0.00323413,-0.000119276,0,0,0.00376492,-0.0748009,-0.00404547,0.611459,0.0192605,0.0561904,-0.00212292,0,0,8.67362e-13,0.0269276,-0.00729729,-0.0375396,0.0323272,0.000491221,0.000293791,0,0,-0.231979,0.0306647,-0.266715,0.192865,0.301617,-0.0383428,0.0384104,0,0,4.85723e-11,0.0460616,-0.00750805,0.0223091,0.0111483,-0.0701607,0.00244472,0,0,-0.0352907,-0.221878,-0.00719936,0.561913,-0.038297,0.395642,-0.00464947,0,0,-1.73472e-12,-0.003311,0.00190138,0.00450602,-0.00163551,0.00327835,-3.39699e-05,0,0,-0.0160718,-0.00439481,-0.00981242,-0.0212798,0.0384511,-0.00465803,0.0653226,0,0,0,0,0,0,0,0,0,0,0,0,0,0,0,0,0,0,0.905991,-4.35537e-09,0,0,0,0,0,0,0,0,0,0,0,0,0,0,0,0,-4.35447e-09,0.905991,
-2.60209e-12,0.00627807,-0.017478,-0.00102839,0.00206415,-7.30449e-05,2.59066e-05,0,0,0.372551,-0.00993183,0.227171,0.00374742,-0.0232467,-0.00353133,-0.0016098,0,0,1.38778e-11,0.0774069,-0.0043293,0.0379058,0.00241608,0.00104382,-3.81914e-05,0,0,-0.00992438,0.624403,-0.000157979,-0.0740217,0.00310372,-0.0221675,-0.000443306,0,0,7.58942e-12,-0.00491417,0.0450456,-0.00110528,-0.00119529,-0.000267765,-7.43582e-07,0,0,0.227453,-8.4305e-05,0.361961,-0.00404401,-0.0267007,-0.000718488,-0.000978004,0,0,1.73472e-11,0.0560801,0.00133247,-0.0333396,-0.00364437,0.00323388,-0.000119309,0,0,0.00376451,-0.0748131,-0.00405089,0.611449,0.0192641,0.0561944,-0.00212251,0,0,-5.20417e-12,0.0269203,-0.00727886,-0.0375309,0.0323179,0.000489966,0.000294296,0,0,-0.231706,0.0306666,-0.266626,0.192902,0.301629,-0.0383503,0.038402,0,0,-1.38778e-11,0.0460823,-0.00750839,0.0222524,0.0111445,-0.0701437,0.00244471,0,0,-0.0352743,-0.22179,-0.00718674,0.561954,-0.0383044,0.395644,-0.00465025,0,0,1.73472e-12,-0.00331114,0.00190123,0.00450694,-0.00163388,0.0032786,-3.37813e-05,0,0,-0.0160923,-0.00439759,-0.00981735,-0.0212756,0.0384427,-0.00465881,0.0653235,0,0,0,0,-1.20024e-12,0,0,1.20024e-12,1.20024e-12,0,0,0,0,0,0,0,0,0,0.905991,4.09282e-09,0,0,-1.20024e-12,0,0,0,0,0,0,0,0,0,0,0,0,0,4.09162e-09,0.905991,
-4.33681e-12,0.00627565,-0.0174866,-0.00102646,0.00206206,-7.29198e-05,2.5925e-05,0,0,0.372674,-0.00993711,0.22708,0.00374685,-0.0232193,-0.0035297,-0.00161186,0,0,0,0.0774151,-0.00432873,0.0378765,0.002415,0.00104435,-3.82187e-05,0,0,-0.00992963,0.624422,-0.000157888,-0.0740333,0.00310394,-0.0221587,-0.000443588,0,0,1.12757e-11,-0.00491408,0.0450839,-0.00110199,-0.0011951,-0.000267552,-7.63716e-07,0,0,0.227363,-8.41633e-05,0.362068,-0.00404955,-0.0266918,-0.000717236,-0.000978495,0,0,8.67362e-12,0.0560536,0.00133434,-0.0333125,-0.00364343,0.00323363,-0.000119341,0,0,0.00376409,-0.0748253,-0.00405633,0.611439,0.0192678,0.0561985,-0.00212209,0,0,-8.67362e-12,0.026913,-0.00726037,-0.0375222,0.0323084,0.000488697,0.000294803,0,0,-0.231432,0.0306684,-0.266537,0.192939,0.301641,-0.0383577,0.0383935,0,0,-7.63278e-11,0.0461029,-0.00750872,0.0221958,0.0111408,-0.0701268,0.00244471,0,0,-0.0352577,-0.221702,-0.00717406,0.561995,-0.0383119,0.395645,-0.00465103,0,0,0,-0.00331128,0.00190108,0.00450786,-0.00163224,0.00327886,-3.35916e-05,0,0,-0.0161129,-0.00440037,-0.0098223,-0.0212715,0.0384343,-0.0046596,0.0653245,0,0,0,0,0,0,0,0,0,0,0,0,0,0,0,0,0,0,0.905991,3.9704e-09,0,1.20024e-12,0,1.20024e-12,-1.20024e-12,0,0,0,0,0,0,0,0,0,0,0,3.9704e-09,0.905991,
1.73472e-12,0.00627322,-0.0174951,-0.00102455,0.00205997,-7.2808e-05,2.59438e-05,0,0,0.372796,-0.0099424,0.226989,0.00374625,-0.023192,-0.00352805,-0.00161392,0,0,6.93889e-12,0.0774233,-0.00432816,0.0378471,0.00241392,0.00104488,-3.82461e-05,0,0,-0.00993488,0.624441,-0.0001578,-0.0740449,0.00310416,-0.0221499,-0.000443871,0,0,-6.07153e-12,-0.004914,0.0451222,-0.00109871,-0.00119491,-0.000267347,-7.83683e-07,0,0,0.227272,-8.40235e-05,0.362175,-0.0040551,-0.026683,-0.000715979,-0.000978986,0,0,0,0.056027,0.00133621,-0.0332854,-0.0036425,0.00323337,-0.000119374,0,0,0.00376365,-0.0748376,-0.00406177,0.611429,0.0192714,0.0562025,-0.00212167,0,0,-4.33681e-12,0.0269056,-0.00724181,-0.0375135,0.032299,0.000487427,0.00029531,0,0,-0.231158,0.0306703,-0.266447,0.192976,0.301653,-0.0383652,0.038385,0,0,6.93889e-11,0.0461236,-0.00750903,0.022139,0.011137,-0.0701097,0.00244471,0,0,-0.035241,-0.221614,-0.00716134,0.562037,-0.0383193,0.395647,-0.00465181,0,0,-1.73472e-12,-0.00331142,0.00190092,0.00450877,-0.00163059,0.00327912,-3.34014e-05,0,0,-0.0161334,-0.00440316,-0.00982725,-0.0212674,0.0384259,-0.00466039,0.0653255,0,0,0,0,-2.40048e-12,0,0,0,0,0,0,0,0,0,0,0,0,0,0.905991,3.95179e-09,0,0,-1.20024e-12,0,0,0,0,0,0,0,0,0,0,0,0,0,3.95209e-09,0.905991,
-1.73472e-12,0.00627079,-0.0175035,-0.00102265,0.00205786,-7.2705e-05,2.59628e-05,0,0,0.372919,-0.00994768,0.226898,0.00374565,-0.0231646,-0.00352639,-0.00161598,0,0,-6.93889e-12,0.0774315,-0.00432759,0.0378176,0.00241283,0.00104541,-3.82736e-05,0,0,-0.00994013,0.624461,-0.000157714,-0.0740565,0.00310438,-0.022141,-0.000444154,0,0,3.68629e-12,-0.00491391,0.0451606,-0.00109545,-0.00119473,-0.000267147,-8.03549e-07,0,0,0.227181,-8.38856e-05,0.362282,-0.00406066,-0.0266741,-0.000714716,-0.000979479,0,0,1.9082e-11,0.0560004,0.00133807,-0.0332582,-0.00364156,0.00323311,-0.000119407,0,0,0.0037632,-0.0748498,-0.00406723,0.611419,0.0192751,0.0562066,-0.00212124,0,0,0,0.0268983,-0.00722319,-0.0375048,0.0322894,0.000486159,0.000295818,0,0,-0.230883,0.0306722,-0.266358,0.193012,0.301666,-0.0383726,0.0383765,0,0,-4.16334e-11,0.0461443,-0.00750934,0.0220822,0.0111333,-0.0700927,0.00244471,0,0,-0.0352242,-0.221526,-0.00714857,0.562078,-0.0383266,0.395649,-0.00465259,0,0,0,-0.00331156,0.00190076,0.00450969,-0.00162894,0.00327939,-3.3211e-05,0,0,-0.016154,-0.00440595,-0.00983221,-0.0212632,0.0384174,-0.00466118,0.0653264,0,0,0,0,0,0,0,0,0,-1.20024e-12,0,0,0,0,0,0,0,0,0.905991,4.02441e-09,0,0,1.20024e-12,0,-1.20024e-12,0,0,0,0,0,0,0,0,0,0,0,4.02441e-09,0.905991,
-3.46945e-12,0.00626834,-0.017512,-0.00102076,0.00205576,-7.2608e-05,2.59818e-05,0,0,0.373041,-0.00995297,0.226806,0.00374503,-0.0231372,-0.00352472,-0.00161804,0,0,0,0.0774397,-0.00432701,0.0377882,0.00241175,0.00104594,-3.83011e-05,0,0,-0.00994539,0.62448,-0.000157631,-0.0740681,0.0031046,-0.0221322,-0.000444438,0,0,9.1073e-12,-0.00491383,0.0451989,-0.00109222,-0.00119454,-0.000266949,-8.23364e-07,0,0,0.22709,-8.37498e-05,0.362389,-0.00406623,-0.0266652,-0.000713449,-0.000979972,0,0,5.20417e-12,0.0559738,0.00133994,-0.0332311,-0.00364062,0.00323285,-0.00011944,0,0,0.00376274,-0.074862,-0.0040727,0.611409,0.0192788,0.0562106,-0.00212082,0,0,-3.46945e-12,0.0268909,-0.0072045,-0.0374961,0.0322797,0.000484893,0.000296325,0,0,-0.230609,0.0306741,-0.266269,0.193049,0.301678,-0.03838,0.038368,0,0,-4.85723e-11,0.046165,-0.00750963,0.0220254,0.0111295,-0.0700756,0.00244471,0,0,-0.0352072,-0.221438,-0.00713574,0.562119,-0.038334,0.39565,-0.00465338,0,0,3.46945e-12,-0.0033117,0.0019006,0.0045106,-0.00162729,0.00327965,-3.30203e-05,0,0,-0.0161745,-0.00440874,-0.00983718,-0.0212591,0.038409,-0.00466197,0.0653274,0,0,0,0,0,0,0,0,0,0,0,0,0,0,0,0,0,0,0.905991,4.18944e-09,0,-1.20024e-12,0,-1.20024e-12,1.20024e-12,-1.20024e-12,0,0,0,0,0,0,0,0,0,0,4.18884e-09,0.905991,
8.67362e-13,0.00626589,-0.0175204,-0.00101889,0.00205364,-7.25148e-05,2.6001e-05,0,0,0.373164,-0.00995825,0.226714,0.0037444,-0.0231097,-0.00352304,-0.0016201,0,0,2.08167e-11,0.0774478,-0.00432643,0.0377587,0.00241066,0.00104647,-3.83287e-05,0,0,-0.00995064,0.624499,-0.00015755,-0.0740797,0.00310482,-0.0221233,-0.000444721,0,0,3.90313e-12,-0.00491374,0.0452373,-0.001089,-0.00119435,-0.000266754,-8.43162e-07,0,0,0.226998,-8.36159e-05,0.362496,-0.00407181,-0.0266564,-0.000712176,-0.000980466,0,0,-5.20417e-12,0.0559472,0.00134181,-0.0332039,-0.00363968,0.00323259,-0.000119473,0,0,0.00376226,-0.0748742,-0.00407818,0.611399,0.0192824,0.0562147,-0.0021204,0,0,1.9082e-11,0.0268834,-0.00718575,-0.0374874,0.03227,0.000483624,0.000296833,0,0,-0.230334,0.030676,-0.26618,0.193086,0.30169,-0.0383874,0.0383595,0,0,4.85723e-11,0.0461858,-0.0075099,0.0219685,0.0111257,-0.0700586,0.00244472,0,0,-0.0351901,-0.221349,-0.00712286,0.56216,-0.0383414,0.395652,-0.00465416,0,0,-1.73472e-12,-0.00331184,0.00190043,0.00451151,-0.00162562,0.00327992,-3.28293e-05,0,0,-0.0161951,-0.00441153,-0.00984216,-0.0212549,0.0384005,-0.00466276,0.0653283,0,0,0,0,0,0,0,0,0,0,0,0,0,0,0,0,0,0,0.905991,-4.4646e-09,0,0,1.20024e-12,0,-1.20024e-12,0,0,0,0,0,0,0,0,0,0,0,-4.4643e-09,0.905991,
-2.60209e-12,0.00626344,-0.0175289,-0.00101703,0.00205152,-7.24245e-05,2.60201e-05,0,0,0.373287,-0.00996354,0.226622,0.00374375,-0.0230823,-0.00352134,-0.00162216,0,0,0,0.077456,-0.00432584,0.0377293,0.00240958,0.001047,-3.83563e-05,0,0,-0.0099559,0.624519,-0.000157471,-0.0740913,0.00310505,-0.0221144,-0.000445006,0,0,9.1073e-12,-0.00491366,0.0452757,-0.00108579,-0.00119415,-0.000266558,-8.62962e-07,0,0,0.226907,-8.34842e-05,0.362603,-0.0040774,-0.0266475,-0.000710897,-0.000980961,0,0,-5.20417e-12,0.0559205,0.00134368,-0.0331766,-0.00363873,0.00323232,-0.000119506,0,0,0.00376176,-0.0748864,-0.00408368,0.611388,0.0192861,0.0562187,-0.00211997,0,0,6.93889e-12,0.026876,-0.00716693,-0.0374787,0.0322601,0.000482348,0.000297341,0,0,-0.230058,0.0306779,-0.266091,0.193123,0.301703,-0.0383947,0.0383509,0,0,5.55112e-11,0.0462066,-0.00751016,0.0219115,0.0111219,-0.0700415,0.00244472,0,0,-0.0351729,-0.221261,-0.00710994,0.562201,-0.0383487,0.395654,-0.00465495,0,0,0,-0.00331197,0.00190027,0.00451241,-0.00162396,0.00328019,-3.26378e-05,0,0,-0.0162157,-0.00441433,-0.00984714,-0.0212507,0.038392,-0.00466355,0.0653293,0,0,0,0,0,0,0,0,0,0,0,0,0,0,0,0,0,0,0.905991,-4.60322e-09,0,0,0,0,0,0,0,0,0,0,0,0,0,0,0,0,-4.60232e-09,0.905991,
-1.73472e-12,0.00626098,-0.0175373,-0.00101518,0.00204939,-7.2336e-05,2.60392e-05,0,0,0.37341,-0.00996883,0.22653,0.00374309,-0.0230548,-0.00351963,-0.00162423,0,0,0,0.0774641,-0.00432526,0.0376998,0.00240849,0.00104754,-3.83839e-05,0,0,-0.00996115,0.624538,-0.000157395,-0.0741029,0.00310528,-0.0221056,-0.00044529,0,0,4.11997e-12,-0.00491358,0.045314,-0.00108258,-0.00119396,-0.000266363,-8.8278e-07,0,0,0.226815,-8.33546e-05,0.36271,-0.004083,-0.0266386,-0.000709614,-0.000981457,0,0,-3.46945e-12,0.0558938,0.00134554,-0.0331494,-0.00363779,0.00323205,-0.00011954,0,0,0.00376125,-0.0748986,-0.00408918,0.611378,0.0192897,0.0562227,-0.00211955,0,0,-4.33681e-12,0.0268686,-0.00714804,-0.0374699,0.0322502,0.000481062,0.00029785,0,0,-0.229783,0.0306799,-0.266001,0.193159,0.301715,-0.0384021,0.0383423,0,0,2.77556e-11,0.0462273,-0.00751041,0.0218545,0.0111181,-0.0700244,0.00244473,0,0,-0.0351556,-0.221173,-0.00709696,0.562242,-0.0383561,0.395656,-0.00465574,0,0,1.73472e-12,-0.00331211,0.00190009,0.00451332,-0.00162228,0.00328046,-3.24458e-05,0,0,-0.0162364,-0.00441713,-0.00985214,-0.0212465,0.0383835,-0.00466435,0.0653303,0,0,0,0,0,0,1.20024e-12,0,0,0,0,0,0,0,0,0,0,0,0.905991,-4.58882e-09,0,0,0,0,-1.20024e-12,0,0,0,0,0,0,0,0,0,0,0,-4.58912e-09,0.905991,
-2.60209e-12,0.00625851,-0.0175456,-0.00101334,0.00204725,-7.22489e-05,2.60583e-05,0,0,0.373533,-0.00997411,0.226438,0.00374241,-0.0230272,-0.00351791,-0.0016263,0,0,6.93889e-12,0.0774722,-0.00432467,0.0376702,0.0024074,0.00104807,-3.84116e-05,0,0,-0.00996641,0.624557,-0.000157321,-0.0741145,0.00310551,-0.0220967,-0.000445575,0,0,6.28837e-12,-0.00491349,0.0453524,-0.00107939,-0.00119376,-0.000266168,-9.02625e-07,0,0,0.226723,-8.32272e-05,0.362818,-0.00408862,-0.0266297,-0.000708326,-0.000981953,0,0,-1.73472e-11,0.055867,0.00134741,-0.0331221,-0.00363683,0.00323179,-0.000119573,0,0,0.00376073,-0.0749108,-0.0040947,0.611368,0.0192934,0.0562267,-0.00211912,0,0,0,0.0268611,-0.00712909,-0.0374612,0.0322402,0.000479761,0.000298359,0,0,-0.229507,0.0306818,-0.265912,0.193196,0.301728,-0.0384094,0.0383338,0,0,3.46945e-11,0.0462481,-0.00751065,0.0217974,0.0111143,-0.0700072,0.00244473,0,0,-0.0351381,-0.221084,-0.00708392,0.562283,-0.0383634,0.395658,-0.00465652,0,0,0,-0.00331224,0.00189992,0.00451422,-0.00162061,0.00328073,-3.22531e-05,0,0,-0.016257,-0.00441994,-0.00985714,-0.0212423,0.038375,-0.00466514,0.0653312,0,0,0,0,0,0,0,0,0,1.15223e-10,0,0,0,0,0,0,0,0,0.905991,-4.43999e-09,0,0,0,0,0,0,0,0,0,0,0,0,0,0,0,0,-4.44059e-09,0.905991,
-4.33681e-12,0.00625604,-0.017554,-0.0010115,0.00204511,-7.21627e-05,2.60773e-05,0,0,0.373656,-0.0099794,0.226345,0.00374172,-0.0229997,-0.00351617,-0.00162837,0,0,2.08167e-11,0.0774803,-0.00432407,0.0376407,0.00240631,0.0010486,-3.84393e-05,0,0,-0.00997166,0.624576,-0.00015725,-0.0741261,0.00310574,-0.0220878,-0.00044586,0,0,1.19262e-11,-0.00491341,0.0453908,-0.00107619,-0.00119356,-0.000265972,-9.22504e-07,0,0,0.226631,-8.3102e-05,0.362925,-0.00409425,-0.0266208,-0.000707032,-0.000982451,0,0,-1.38778e-11,0.0558402,0.00134928,-0.0330948,-0.00363587,0.00323152,-0.000119606,0,0,0.00376019,-0.074923,-0.00410022,0.611358,0.019297,0.0562308,-0.00211869,0,0,-3.46945e-12,0.0268536,-0.00711007,-0.0374524,0.03223,0.000478445,0.000298868,0,0,-0.229231,0.0306838,-0.265822,0.193233,0.301741,-0.0384167,0.0383252,0,0,2.08167e-11,0.046269,-0.00751086,0.0217403,0.0111104,-0.0699901,0.00244474,0,0,-0.0351205,-0.220996,-0.00707084,0.562324,-0.0383707,0.395659,-0.00465731,0,0,-1.73472e-12,-0.00331237,0.00189974,0.00451512,-0.00161892,0.003281,-3.20597e-05,0,0,-0.0162777,-0.00442275,-0.00986215,-0.0212381,0.0383664,-0.00466594,0.0653322,0,0,0,0,0,0,0,0,2.40048e-12,0,0,0,0,0,0,0,0,0,0.905991,4.19664e-09,0,0,1.20024e-12,-1.20024e-12,0,0,3.60072e-12,0,0,0,0,0,0,0,0,0,4.19784e-09,0.905991,
0,0.00625356,-0.0175623,-0.00100966,0.00204296,-7.20772e-05,2.60963e-05,0,0,0.37378,-0.00998469,0.226252,0.00374102,-0.0229721,-0.00351442,-0.00163044,0,0,-6.93889e-12,0.0774884,-0.00432348,0.0376111,0.00240521,0.00104914,-3.84671e-05,0,0,-0.00997692,0.624596,-0.000157181,-0.0741377,0.00310597,-0.0220789,-0.000446145,0,0,-2.1684e-12,-0.00491333,0.0454292,-0.001073,-0.00119336,-0.000265774,-9.42424e-07,0,0,0.226538,-8.2979e-05,0.363032,-0.00409989,-0.0266119,-0.000705733,-0.000982949,0,0,1.56125e-11,0.0558134,0.00135115,-0.0330675,-0.00363491,0.00323125,-0.000119639,0,0,0.00375964,-0.0749352,-0.00410576,0.611348,0.0193006,0.0562348,-0.00211826,0,0,-1.30104e-11,0.0268461,-0.00709099,-0.0374436,0.0322198,0.000477111,0.000299378,0,0,-0.228954,0.0306858,-0.265733,0.193269,0.301754,-0.0384241,0.0383165,0,0,-4.85723e-11,0.0462898,-0.00751107,0.0216831,0.0111065,-0.0699729,0.00244474,0,0,-0.0351027,-0.220907,-0.00705771,0.562365,-0.038378,0.395661,-0.00465811,0,0,0,-0.0033125,0.00189955,0.00451603,-0.00161723,0.00328127,-3.18655e-05,0,0,-0.0162984,-0.00442556,-0.00986717,-0.0212339,0.0383579,-0.00466674,0.0653332,0,0,0,0,0,0,0,0,0,0,0,0,0,0,0,0,0,0,0.905991,4.09582e-09,0,0,0,0,0,0,0,0,0,0,0,0,0,0,0,0,4.09612e-09,0.905991,
-1.73472e-12,0.00625108,-0.0175706,-0.00100783,0.00204081,-7.19921e-05,2.61152e-05,0,0,0.373903,-0.00998998,0.226159,0.0037403,-0.0229445,-0.00351266,-0.00163252,0,0,6.93889e-12,0.0774965,-0.00432288,0.0375815,0.00240412,0.00104967,-3.84949e-05,0,0,-0.00998217,0.624615,-0.000157114,-0.0741493,0.0031062,-0.02207,-0.000446431,0,0,6.93889e-12,-0.00491324,0.0454677,-0.0010698,-0.00119315,-0.000265576,-9.62388e-07,0,0,0.226446,-8.28582e-05,0.36314,-0.00410554,-0.026603,-0.000704429,-0.000983448,0,0,-1.73472e-12,0.0557865,0.00135302,-0.0330401,-0.00363394,0.00323098,-0.000119672,0,0,0.00375908,-0.0749475,-0.00411131,0.611338,0.0193043,0.0562388,-0.00211783,0,0,4.33681e-12,0.0268385,-0.00707184,-0.0374349,0.0322095,0.000475756,0.000299889,0,0,-0.228678,0.0306878,-0.265643,0.193306,0.301767,-0.0384314,0.0383079,0,0,2.77556e-11,0.0463107,-0.00751126,0.0216258,0.0111026,-0.0699557,0.00244474,0,0,-0.0350848,-0.220818,-0.00704452,0.562405,-0.0383852,0.395663,-0.0046589,0,0,-1.73472e-12,-0.00331263,0.00189937,0.00451693,-0.00161553,0.00328155,-3.16705e-05,0,0,-0.0163191,-0.00442837,-0.0098722,-0.0212296,0.0383493,-0.00466754,0.0653341,0,0,0,0,0,1.20024e-12,0,0,0,0,0,0,0,0,0,0,0,0,0.905991,4.10542e-09,0,0,0,-2.40048e-12,0,0,0,0,0,0,0,0,0,0,0,0,4.10572e-09,0.905991,
6.07153e-12,0.0062486,-0.0175789,-0.001006,0.00203865,-7.19073e-05,2.61341e-05,0,0,0.374027,-0.00999527,0.226066,0.00373957,-0.0229168,-0.00351088,-0.00163459,0,0,-6.93889e-12,0.0775045,-0.00432228,0.0375519,0.00240302,0.00105021,-3.85227e-05,0,0,-0.00998743,0.624634,-0.00015705,-0.0741609,0.00310644,-0.0220611,-0.000446717,0,0,-1.69136e-11,-0.00491316,0.0455061,-0.0010666,-0.00119294,-0.000265376,-9.82399e-07,0,0,0.226353,-8.27397e-05,0.363247,-0.0041112,-0.0265941,-0.00070312,-0.000983948,0,0,-1.73472e-12,0.0557596,0.00135489,-0.0330128,-0.00363297,0.00323071,-0.000119705,0,0,0.0037585,-0.0749597,-0.00411688,0.611328,0.0193079,0.0562428,-0.0021174,0,0,-2.60209e-12,0.026831,-0.00705262,-0.037426,0.0321991,0.000474381,0.0003004,0,0,-0.2284,0.0306899,-0.265553,0.193343,0.30178,-0.0384386,0.0382992,0,0,-6.93889e-12,0.0463316,-0.00751143,0.0215685,0.0110986,-0.0699386,0.00244475,0,0,-0.0350668,-0.22073,-0.00703128,0.562446,-0.0383925,0.395665,-0.00465969,0,0,-3.46945e-12,-0.00331276,0.00189918,0.00451782,-0.00161383,0.00328182,-3.14746e-05,0,0,-0.0163398,-0.00443119,-0.00987724,-0.0212254,0.0383407,-0.00466834,0.0653351,0,0,0,0,0,1.20024e-12,0,-1.20024e-12,0,5.64113e-11,0,0,0,0,0,0,0,0,0.905991,4.21585e-09,0,0,0,0,0,1.20024e-12,0,0,0,0,0,0,0,0,0,0,4.21435e-09,0.905991,
-8.67362e-13,0.00624611,-0.0175872,-0.00100417,0.00203648,-7.18227e-05,2.61529e-05,0,0,0.37415,-0.0100006,0.225973,0.00373882,-0.0228891,-0.00350909,-0.00163667,0,0,-2.77556e-11,0.0775126,-0.00432168,0.0375223,0.00240192,0.00105074,-3.85505e-05,0,0,-0.00999269,0.624653,-0.000156988,-0.0741725,0.00310667,-0.0220522,-0.000447004,0,0,1.30104e-12,-0.00491307,0.0455445,-0.0010634,-0.00119273,-0.000265175,-1.00246e-06,0,0,0.22626,-8.26235e-05,0.363355,-0.00411687,-0.0265852,-0.000701806,-0.000984449,0,0,-5.20417e-12,0.0557327,0.00135677,-0.0329853,-0.00363198,0.00323044,-0.000119738,0,0,0.00375791,-0.0749719,-0.00412245,0.611317,0.0193116,0.0562468,-0.00211697,0,0,1.04083e-11,0.0268234,-0.00703334,-0.0374172,0.0321887,0.000472984,0.000300911,0,0,-0.228123,0.0306919,-0.265464,0.193379,0.301793,-0.0384459,0.0382906,0,0,-2.08167e-11,0.0463525,-0.00751159,0.0215112,0.0110946,-0.0699213,0.00244475,0,0,-0.0350487,-0.220641,-0.00701799,0.562487,-0.0383997,0.395667,-0.00466049,0,0,0,-0.00331288,0.00189899,0.00451872,-0.00161212,0.0032821,-3.12778e-05,0,0,-0.0163605,-0.00443401,-0.00988229,-0.0212211,0.0383321,-0.00466914,0.0653361,0,0,0,-1.20024e-12,1.20024e-12,-2.40048e-12,0,0,-1.20024e-12,0,0,0,0,0,0,0,0,0,0.905991,-4.43189e-09,0,-1.20024e-12,-1.20024e-12,0,0,0,1.20024e-12,0,0,0,0,0,0,0,0,0,-4.43219e-09,0.905991,
-2.60209e-12,0.00624362,-0.0175954,-0.00100235,0.00203431,-7.17382e-05,2.61716e-05,0,0,0.374274,-0.0100059,0.225879,0.00373806,-0.0228614,-0.00350729,-0.00163875,0,0,6.93889e-12,0.0775206,-0.00432108,0.0374926,0.00240082,0.00105128,-3.85784e-05,0,0,-0.00999795,0.624672,-0.000156928,-0.0741841,0.00310691,-0.0220432,-0.000447291,0,0,8.67362e-12,-0.00491298,0.0455829,-0.00106019,-0.00119252,-0.000264972,-1.02257e-06,0,0,0.226167,-8.25096e-05,0.363463,-0.00412256,-0.0265762,-0.000700486,-0.000984951,0,0,-1.73472e-11,0.0557057,0.00135864,-0.0329579,-0.003631,0.00323016,-0.000119771,0,0,0.0037573,-0.0749841,-0.00412803,0.611307,0.0193152,0.0562509,-0.00211654,0,0,1.73472e-11,0.0268158,-0.00701399,-0.0374084,0.0321781,0.000471563,0.000301423,0,0,-0.227845,0.030694,-0.265374,0.193416,0.301807,-0.0384532,0.0382819,0,0,7.63278e-11,0.0463734,-0.00751173,0.0214537,0.0110906,-0.0699041,0.00244475,0,0,-0.0350304,-0.220552,-0.00700465,0.562528,-0.038407,0.395669,-0.00466129,0,0,-3.46945e-12,-0.00331301,0.00189879,0.00451962,-0.00161041,0.00328238,-3.10801e-05,0,0,-0.0163813,-0.00443684,-0.00988735,-0.0212169,0.0383235,-0.00466994,0.0653371,0,0,0,0,0,0,0,0,0,0,0,0,0,0,0,0,0,0,0.905991,-4.51201e-09,0,0,0,0,0,0,0,0,0,0,0,0,0,0,0,0,-4.51261e-09,0.905991,
2.60209e-12,0.00624113,-0.0176037,-0.00100052,0.00203212,-7.16538e-05,2.61902e-05,0,0,0.374398,-0.0100111,0.225786,0.00373728,-0.0228337,-0.00350547,-0.00164083,0,0,0,0.0775286,-0.00432047,0.037463,0.00239972,0.00105182,-3.86063e-05,0,0,-0.0100032,0.624691,-0.000156871,-0.0741957,0.00310715,-0.0220343,-0.000447578,0,0,-5.42101e-12,-0.00491289,0.0456214,-0.00105698,-0.0011923,-0.000264768,-1.04273e-06,0,0,0.226074,-8.2398e-05,0.363571,-0.00412826,-0.0265673,-0.000699162,-0.000985454,0,0,1.38778e-11,0.0556786,0.00136051,-0.0329304,-0.00363,0.00322989,-0.000119804,0,0,0.00375668,-0.0749963,-0.00413363,0.611297,0.0193189,0.0562549,-0.0021161,0,0,9.54098e-12,0.0268082,-0.00699457,-0.0373995,0.0321674,0.00047012,0.000301936,0,0,-0.227567,0.0306961,-0.265284,0.193453,0.30182,-0.0384604,0.0382732,0,0,-1.38778e-11,0.0463944,-0.00751186,0.0213962,0.0110866,-0.0698868,0.00244476,0,0,-0.035012,-0.220463,-0.00699125,0.562569,-0.0384142,0.395671,-0.00466209,0,0,1.73472e-12,-0.00331313,0.00189859,0.00452052,-0.00160868,0.00328266,-3.08815e-05,0,0,-0.0164021,-0.00443966,-0.00989241,-0.0212126,0.0383149,-0.00467075,0.065338,0,0,0,-1.20024e-12,0,0,-1.20024e-12,-1.20024e-12,0,0,0,0,0,0,0,0,0,0,0.905991,-4.45259e-09,0,-1.20024e-12,0,0,0,-1.20024e-12,0,0,0,0,0,0,0,0,0,0,-4.45289e-09,0.905991,
-8.67362e-13,0.00623862,-0.0176119,-0.000998696,0.00202994,-7.15695e-05,2.62088e-05,0,0,0.374522,-0.0100164,0.225692,0.00373649,-0.0228059,-0.00350364,-0.00164291,0,0,6.93889e-12,0.0775366,-0.00431987,0.0374333,0.00239862,0.00105236,-3.86342e-05,0,0,-0.0100085,0.62471,-0.000156816,-0.0742073,0.0031074,-0.0220254,-0.000447865,0,0,3.68629e-12,-0.0049128,0.0456599,-0.00105377,-0.00119208,-0.000264562,-1.06294e-06,0,0,0.22598,-8.22887e-05,0.363678,-0.00413397,-0.0265583,-0.000697832,-0.000985958,0,0,-1.73472e-12,0.0556516,0.00136239,-0.0329029,-0.003629,0.00322962,-0.000119837,0,0,0.00375605,-0.0750085,-0.00413924,0.611287,0.0193225,0.0562589,-0.00211567,0,0,-8.67362e-13,0.0268006,-0.00697509,-0.0373907,0.0321566,0.000468653,0.000302449,0,0,-0.227289,0.0306982,-0.265194,0.193489,0.301834,-0.0384676,0.0382645,0,0,2.77556e-11,0.0464153,-0.00751197,0.0213387,0.0110825,-0.0698696,0.00244476,0,0,-0.0349935,-0.220374,-0.0069778,0.562609,-0.0384214,0.395673,-0.00466288,0,0,0,-0.00331326,0.00189839,0.00452141,-0.00160695,0.00328294,-3.06819e-05,0,0,-0.0164229,-0.00444249,-0.00989749,-0.0212083,0.0383062,-0.00467156,0.065339,0,0,0,-1.20024e-12,0,1.20024e-12,2.40048e-12,-1.20024e-12,-2.40048e-12,0,0,0,0,0,0,0,0,0,0.905991,4.27676e-09,0,-1.20024e-12,0,1.20024e-12,1.20024e-12,-1.20024e-12,-1.20024e-12,0,0,0,0,0,0,0,0,0,4.27676e-09,0.905991,
-3.46945e-12,0.00623612,-0.0176201,-0.000996872,0.00202774,-7.14852e-05,2.62273e-05,0,0,0.374646,-0.0100217,0.225597,0.00373569,-0.0227781,-0.0035018,-0.001645,0,0,-1.38778e-11,0.0775446,-0.00431926,0.0374036,0.00239751,0.00105289,-3.86622e-05,0,0,-0.0100137,0.624729,-0.000156763,-0.0742189,0.00310764,-0.0220164,-0.000448153,0,0,8.67362e-12,-0.00491271,0.0456983,-0.00105054,-0.00119186,-0.000264354,-1.0832e-06,0,0,0.225886,-8.21817e-05,0.363786,-0.00413969,-0.0265494,-0.000696497,-0.000986462,0,0,1.38778e-11,0.0556245,0.00136426,-0.0328754,-0.003628,0.00322934,-0.00011987,0,0,0.0037554,-0.0750207,-0.00414486,0.611277,0.0193261,0.0562629,-0.00211523,0,0,1.9082e-11,0.026793,-0.00695555,-0.0373818,0.0321458,0.000467162,0.000302962,0,0,-0.227011,0.0307003,-0.265104,0.193526,0.301848,-0.0384748,0.0382557,0,0,-5.55112e-11,0.0464363,-0.00751206,0.0212811,0.0110784,-0.0698523,0.00244476,0,0,-0.0349748,-0.220285,-0.0069643,0.56265,-0.0384285,0.395675,-0.00466369,0,0,1.73472e-12,-0.00331338,0.00189819,0.00452231,-0.00160522,0.00328322,-3.04813e-05,0,0,-0.0164437,-0.00444533,-0.00990257,-0.021204,0.0382975,-0.00467236,0.06534,0,0,0,1.20024e-12,1.20024e-12,0,0,1.20024e-12,0,-5.76116e-11,0,0,0,0,0,0,0,0,0.905991,4.23595e-09,0,-1.20024e-12,-1.20024e-12,0,0,-1.20024e-12,0,0,0,0,0,0,0,0,0,0,4.23655e-09,0.905991,
-3.46945e-12,0.00623362,-0.0176282,-0.000995048,0.00202554,-7.13923e-05,2.62455e-05,0,0,0.37477,-0.010027,0.225503,0.00373487,-0.0227503,-0.00349994,-0.00164708,0,0,0,0.0775526,-0.00431864,0.0373738,0.00239641,0.00105343,-3.86901e-05,0,0,-0.010019,0.624749,-0.000156713,-0.0742305,0.00310789,-0.0220075,-0.000448441,0,0,1.06252e-11,-0.00491262,0.0457368,-0.00104731,-0.00119163,-0.00026414,-1.10368e-06,0,0,0.225793,-8.20771e-05,0.363894,-0.00414542,-0.0265404,-0.000695156,-0.000986967,0,0,1.04083e-11,0.0555974,0.00136614,-0.0328479,-0.00362698,0.00322907,-0.000119903,0,0,0.00375473,-0.0750329,-0.00415049,0.611267,0.0193298,0.0562669,-0.00211479,0,0,-8.67362e-13,0.0267853,-0.00693593,-0.0373728,0.0321348,0.000465642,0.000303476,0,0,-0.226732,0.0307024,-0.265014,0.193562,0.301861,-0.038482,0.038247,0,0,-3.46945e-11,0.0464573,-0.00751214,0.0212235,0.0110742,-0.069835,0.00244476,0,0,-0.034956,-0.220196,-0.00695075,0.562691,-0.0384357,0.395677,-0.00466449,0,0,0,-0.0033135,0.00189798,0.0045232,-0.00160348,0.0032835,-3.02798e-05,0,0,-0.0164645,-0.00444817,-0.00990766,-0.0211997,0.0382888,-0.00467317,0.065341,0,0,0,0,-1.20024e-12,0,1.20024e-12,0,-1.20024e-12,0,0,0,0,0,0,0,0,0,0.905991,-4.30857e-09,0,0,0,0,0,0,0,0,0,0,0,0,0,0,0,0,-4.30977e-09,0.905991,
3.46945e-12,0.00623111,-0.0176364,-0.000993219,0.00202333,-7.12998e-05,2.62636e-05,0,0,0.374894,-0.0100323,0.225409,0.00373404,-0.0227224,-0.00349807,-0.00164917,0,0,6.93889e-12,0.0775606,-0.00431803,0.0373441,0.0023953,0.00105397,-3.87181e-05,0,0,-0.0100242,0.624768,-0.000156666,-0.0742421,0.00310813,-0.0219985,-0.00044873,0,0,-1.17094e-11,-0.00491253,0.0457753,-0.00104407,-0.0011914,-0.000263923,-1.12418e-06,0,0,0.225698,-8.1975e-05,0.364002,-0.00415117,-0.0265315,-0.00069381,-0.000987474,0,0,-6.93889e-12,0.0555702,0.00136802,-0.0328203,-0.00362595,0.00322879,-0.000119936,0,0,0.00375406,-0.0750451,-0.00415614,0.611257,0.0193334,0.0562708,-0.00211435,0,0,-6.93889e-12,0.0267776,-0.00691625,-0.0373639,0.0321238,0.00046409,0.000303991,0,0,-0.226453,0.0307046,-0.264924,0.193599,0.301875,-0.0384892,0.0382382,0,0,-2.08167e-11,0.0464784,-0.0075122,0.0211658,0.01107,-0.0698177,0.00244476,0,0,-0.034937,-0.220107,-0.00693714,0.562731,-0.0384429,0.395679,-0.00466529,0,0,-1.73472e-12,-0.00331361,0.00189777,0.00452409,-0.00160173,0.00328378,-3.00771e-05,0,0,-0.0164853,-0.00445101,-0.00991276,-0.0211954,0.0382801,-0.00467398,0.0653419,0,0,0,0,0,0,0,0,0,1.15223e-10,0,0,0,0,0,0,0,0,0.905991,4.25966e-09,0,-2.40048e-12,0,0,0,2.40048e-12,0,0,0,0,0,0,0,0,0,0,4.25906e-09,0.905991,
0,0.00622859,-0.0176445,-0.000991388,0.00202112,-7.12095e-05,2.62817e-05,0,0,0.375018,-0.0100376,0.225314,0.00373319,-0.0226945,-0.00349619,-0.00165126,0,0,0,0.0775685,-0.00431741,0.0373143,0.00239419,0.00105451,-3.87462e-05,0,0,-0.0100295,0.624787,-0.00015662,-0.0742536,0.00310838,-0.0219896,-0.000449019,0,0,4.11997e-12,-0.00491244,0.0458138,-0.00104081,-0.00119117,-0.000263706,-1.1447e-06,0,0,0.225604,-8.18752e-05,0.36411,-0.00415693,-0.0265225,-0.000692459,-0.000987981,0,0,0,0.055543,0.00136989,-0.0327927,-0.00362492,0.00322851,-0.000119969,0,0,0.00375337,-0.0750574,-0.00416179,0.611247,0.019337,0.0562748,-0.00211391,0,0,2.08167e-11,0.0267699,-0.00689651,-0.037355,0.0321126,0.00046251,0.000304506,0,0,-0.226173,0.0307068,-0.264834,0.193636,0.301889,-0.0384963,0.0382294,0,0,4.16334e-11,0.0464994,-0.00751225,0.021108,0.0110658,-0.0698003,0.00244476,0,0,-0.034918,-0.220017,-0.00692349,0.562772,-0.03845,0.395681,-0.0046661,0,0,0,-0.00331373,0.00189755,0.00452498,-0.00159997,0.00328406,-2.98732e-05,0,0,-0.0165062,-0.00445385,-0.00991787,-0.021191,0.0382714,-0.0046748,0.0653429,0,0,0,0,0,0,0,0,0,5.76116e-11,0,0,0,0,0,0,0,0,0.905991,-4.32567e-09,0,0,0,-1.20024e-12,0,0,0,0,0,0,0,0,0,0,0,0,-4.32447e-09,0.905991,
-8.67362e-13,0.00622607,-0.0176526,-0.000989556,0.0020189,-7.11212e-05,2.62998e-05,0,0,0.375143,-0.0100429,0.225219,0.00373233,-0.0226666,-0.0034943,-0.00165335,0,0,-2.08167e-11,0.0775765,-0.0043168,0.0372845,0.00239308,0.00105505,-3.87742e-05,0,0,-0.0100348,0.624806,-0.000156578,-0.0742652,0.00310863,-0.0219806,-0.000449308,0,0,-6.50521e-13,-0.00491234,0.0458523,-0.00103755,-0.00119093,-0.00026349,-1.16524e-06,0,0,0.22551,-8.17779e-05,0.364218,-0.00416269,-0.0265136,-0.000691103,-0.000988489,0,0,-3.46945e-12,0.0555157,0.00137177,-0.032765,-0.00362389,0.00322824,-0.000120002,0,0,0.00375266,-0.0750696,-0.00416746,0.611236,0.0193407,0.0562788,-0.00211347,0,0,8.67362e-13,0.0267622,-0.00687669,-0.037346,0.0321014,0.000460906,0.000305022,0,0,-0.225894,0.0307089,-0.264744,0.193672,0.301903,-0.0385035,0.0382206,0,0,-1.38778e-11,0.0465205,-0.00751228,0.0210502,0.0110615,-0.069783,0.00244476,0,0,-0.0348988,-0.219928,-0.00690978,0.562812,-0.0384571,0.395683,-0.0046669,0,0,0,-0.00331385,0.00189734,0.00452588,-0.00159821,0.00328435,-2.96684e-05,0,0,-0.0165271,-0.0044567,-0.00992299,-0.0211867,0.0382627,-0.00467561,0.0653439,0,0,0,0,0,0,-2.40048e-12,0,0,0,0,0,0,0,0,0,0,0,0.905991,4.26746e-09,0,0,0,0,0,0,0,0,0,0,0,0,0,0,0,0,4.26806e-09,0.905991,
3.46945e-12,0.00622355,-0.0176607,-0.000987726,0.00201667,-7.10346e-05,2.63179e-05,0,0,0.375267,-0.0100482,0.225124,0.00373145,-0.0226387,-0.00349239,-0.00165545,0,0,0,0.0775844,-0.00431618,0.0372547,0.00239196,0.00105559,-3.88023e-05,0,0,-0.01004,0.624825,-0.000156537,-0.0742768,0.00310889,-0.0219716,-0.000449597,0,0,-8.45678e-12,-0.00491224,0.0458908,-0.00103429,-0.00119069,-0.000263272,-1.1858e-06,0,0,0.225415,-8.16829e-05,0.364327,-0.00416848,-0.0265046,-0.000689741,-0.000988998,0,0,-1.04083e-11,0.0554885,0.00137365,-0.0327374,-0.00362285,0.00322796,-0.000120036,0,0,0.00375194,-0.0750818,-0.00417314,0.611226,0.0193443,0.0562828,-0.00211303,0,0,1.30104e-11,0.0267545,-0.00685681,-0.037337,0.03209,0.00045928,0.000305539,0,0,-0.225614,0.0307111,-0.264653,0.193709,0.301917,-0.0385106,0.0382118,0,0,3.46945e-11,0.0465416,-0.00751229,0.0209923,0.0110573,-0.0697656,0.00244476,0,0,-0.0348794,-0.219839,-0.00689602,0.562853,-0.0384642,0.395685,-0.00466771,0,0,1.73472e-12,-0.00331396,0.00189712,0.00452677,-0.00159645,0.00328464,-2.94626e-05,0,0,-0.016548,-0.00445955,-0.00992812,-0.0211823,0.0382539,-0.00467642,0.0653449,0,0,0,-1.20024e-12,0,0,2.40048e-12,0,0,0,0,0,0,0,0,0,0,0,0.905991,-4.32777e-09,0,1.20024e-12,0,0,-1.20024e-12,0,0,0,0,0,0,0,0,0,0,0,-4.32777e-09,0.905991,
1.73472e-12,0.00622101,-0.0176687,-0.000985899,0.00201443,-7.09843e-05,2.63372e-05,0,0,0.375392,-0.0100535,0.225029,0.00373056,-0.0226107,-0.00349046,-0.00165754,0,0,0,0.0775923,-0.00431556,0.0372248,0.00239085,0.00105614,-3.88306e-05,0,0,-0.0100453,0.624844,-0.0001565,-0.0742884,0.00310914,-0.0219627,-0.000449887,0,0,-8.89046e-12,-0.00491214,0.0459293,-0.00103104,-0.00119046,-0.000263077,-1.20577e-06,0,0,0.22532,-8.15901e-05,0.364435,-0.00417427,-0.0264956,-0.000688375,-0.000989508,0,0,0,0.0554611,0.00137553,-0.0327097,-0.00362182,0.00322767,-0.000120069,0,0,0.00375121,-0.075094,-0.00417883,0.611216,0.0193479,0.0562868,-0.00211258,0,0,-9.54098e-12,0.0267467,-0.00683687,-0.037328,0.0320786,0.000457652,0.000306058,0,0,-0.225333,0.0307134,-0.264563,0.193745,0.301932,-0.0385177,0.0382029,0,0,-6.93889e-11,0.0465627,-0.00751229,0.0209343,0.0110529,-0.0697482,0.00244477,0,0,-0.03486,-0.219749,-0.0068822,0.562893,-0.0384713,0.395687,-0.00466852,0,0,1.73472e-12,-0.00331408,0.00189689,0.00452766,-0.00159467,0.00328494,-2.92559e-05,0,0,-0.0165689,-0.0044624,-0.00993326,-0.0211779,0.0382451,-0.00467724,0.0653459,0,0,0,0,0,0,0,0,0,0,0,0,0,0,0,0,0,0,0.905991,4.26506e-09,0,0,0,0,0,0,0,0,0,0,0,0,0,0,0,0,4.26506e-09,0.905991,
6.07153e-12,0.00621846,-0.0176768,-0.000984098,0.00201219,-7.09317e-05,2.63561e-05,0,0,0.375516,-0.0100588,0.224933,0.00372966,-0.0225827,-0.00348853,-0.00165964,0,0,0,0.0776002,-0.00431494,0.037195,0.00238973,0.00105668,-3.88589e-05,0,0,-0.0100505,0.624863,-0.000156465,-0.0743,0.0031094,-0.0219537,-0.000450177,0,0,-1.6263e-11,-0.00491204,0.0459678,-0.00102783,-0.00119022,-0.000262879,-1.22588e-06,0,0,0.225225,-8.14995e-05,0.364543,-0.00418007,-0.0264866,-0.000687003,-0.000990019,0,0,-1.21431e-11,0.0554338,0.00137741,-0.032682,-0.00362078,0.00322739,-0.000120102,0,0,0.00375046,-0.0751062,-0.00418453,0.611206,0.0193516,0.0562907,-0.00211214,0,0,4.33681e-12,0.0267389,-0.00681685,-0.037319,0.0320671,0.000456031,0.000306576,0,0,-0.225053,0.0307156,-0.264473,0.193782,0.301946,-0.0385248,0.0381941,0,0,6.245e-11,0.0465838,-0.00751228,0.0208763,0.0110486,-0.0697308,0.00244478,0,0,-0.0348403,-0.21966,-0.00686833,0.562934,-0.0384784,0.395689,-0.00466933,0,0,-1.73472e-12,-0.00331419,0.00189666,0.00452854,-0.0015929,0.00328524,-2.90493e-05,0,0,-0.0165898,-0.00446526,-0.00993841,-0.0211736,0.0382363,-0.00467806,0.0653469,0,0,0,0,-2.40048e-12,-2.40048e-12,0,0,0,0,0,0,0,0,0,0,0,0,0.905991,-4.31937e-09,0,0,0,0,0,0,0,0,0,0,0,0,0,0,0,0,-4.31877e-09,0.905991,
4.33681e-12,0.00621591,-0.0176848,-0.00098231,0.00200995,-7.08685e-05,2.63746e-05,0,0,0.375641,-0.0100641,0.224838,0.00372874,-0.0225546,-0.00348658,-0.00166174,0,0,6.93889e-12,0.0776081,-0.00431431,0.0371651,0.00238861,0.00105723,-3.88872e-05,0,0,-0.0100558,0.624881,-0.000156433,-0.0743115,0.00310965,-0.0219447,-0.000450468,0,0,-1.25767e-11,-0.00491194,0.0460063,-0.00102462,-0.00118998,-0.000262674,-1.24623e-06,0,0,0.22513,-8.14114e-05,0.364652,-0.00418589,-0.0264776,-0.000685626,-0.00099053,0,0,-1.73472e-11,0.0554064,0.00137929,-0.0326542,-0.00361974,0.0032271,-0.000120136,0,0,0.0037497,-0.0751184,-0.00419024,0.611196,0.0193552,0.0562947,-0.00211169,0,0,-5.20417e-12,0.0267311,-0.00679677,-0.03731,0.0320555,0.000454398,0.000307094,0,0,-0.224772,0.0307179,-0.264382,0.193818,0.301961,-0.0385319,0.0381852,0,0,-3.46945e-11,0.046605,-0.00751225,0.0208183,0.0110443,-0.0697133,0.00244478,0,0,-0.0348206,-0.21957,-0.0068544,0.562974,-0.0384854,0.395692,-0.00467014,0,0,-1.73472e-12,-0.0033143,0.00189643,0.00452942,-0.00159111,0.00328554,-2.88423e-05,0,0,-0.0166108,-0.00446812,-0.00994356,-0.0211692,0.0382275,-0.00467887,0.0653478,0,0,0,0,0,0,0,0,-2.40048e-12,0,0,0,0,0,0,0,0,0,0.905991,4.25185e-09,0,0,0,0,0,0,0,0,0,0,0,0,0,0,0,0,4.25305e-09,0.905991,
8.67362e-13,0.00621336,-0.0176928,-0.000980525,0.00200769,-7.07965e-05,2.63928e-05,0,0,0.375766,-0.0100694,0.224742,0.00372781,-0.0225266,-0.00348462,-0.00166384,0,0,-2.08167e-11,0.0776159,-0.00431367,0.0371352,0.0023875,0.00105777,-3.89155e-05,0,0,-0.0100611,0.6249,-0.000156402,-0.0743231,0.00310991,-0.0219357,-0.000450759,0,0,-3.90313e-12,-0.00491185,0.0460449,-0.00102141,-0.00118974,-0.000262461,-1.26677e-06,0,0,0.225034,-8.13258e-05,0.36476,-0.00419172,-0.0264686,-0.000684244,-0.000991043,0,0,-5.20417e-12,0.055379,0.00138118,-0.0326265,-0.00361868,0.00322682,-0.000120169,0,0,0.00374893,-0.0751306,-0.00419597,0.611186,0.0193588,0.0562987,-0.00211125,0,0,5.20417e-12,0.0267233,-0.00677662,-0.037301,0.0320438,0.000452738,0.000307612,0,0,-0.224491,0.0307201,-0.264292,0.193854,0.301975,-0.038539,0.0381763,0,0,5.55112e-11,0.0466262,-0.00751221,0.0207602,0.01104,-0.0696959,0.00244478,0,0,-0.0348007,-0.219481,-0.00684042,0.563014,-0.0384925,0.395694,-0.00467095,0,0,1.73472e-12,-0.00331441,0.0018962,0.00453031,-0.00158932,0.00328583,-2.86344e-05,0,0,-0.0166318,-0.00447098,-0.00994873,-0.0211648,0.0382187,-0.00467969,0.0653488,0,0,0,0,0,0,0,0,0,0,0,0,0,0,0,0,0,0,0.905991,-4.30196e-09,0,-2.40048e-12,0,2.40048e-12,-2.40048e-12,0,0,0,0,0,0,0,0,0,0,0,-4.30166e-09,0.905991,
-1.73472e-12,0.00621082,-0.0177008,-0.000978735,0.00200543,-7.07183e-05,2.64107e-05,0,0,0.375891,-0.0100747,0.224646,0.00372686,-0.0224985,-0.00348264,-0.00166594,0,0,2.08167e-11,0.0776238,-0.00431304,0.0371052,0.00238638,0.00105832,-3.89438e-05,0,0,-0.0100663,0.624919,-0.000156374,-0.0743347,0.00311018,-0.0219267,-0.00045105,0,0,3.90313e-12,-0.00491175,0.0460834,-0.00101818,-0.00118949,-0.000262242,-1.28747e-06,0,0,0.224939,-8.12426e-05,0.364868,-0.00419756,-0.0264596,-0.000682856,-0.000991556,0,0,-5.20417e-12,0.0553515,0.00138306,-0.0325987,-0.00361761,0.00322653,-0.000120202,0,0,0.00374814,-0.0751428,-0.00420171,0.611176,0.0193624,0.0563027,-0.0021108,0,0,-1.47451e-11,0.0267154,-0.00675641,-0.0372919,0.032032,0.000451042,0.000308131,0,0,-0.224209,0.0307224,-0.264201,0.193891,0.30199,-0.038546,0.0381674,0,0,6.93889e-12,0.0466473,-0.00751215,0.020702,0.0110356,-0.0696784,0.00244478,0,0,-0.0347807,-0.219391,-0.00682638,0.563055,-0.0384995,0.395696,-0.00467177,0,0,3.46945e-12,-0.00331452,0.00189596,0.00453119,-0.00158752,0.00328613,-2.84252e-05,0,0,-0.0166527,-0.00447385,-0.0099539,-0.0211604,0.0382099,-0.00468051,0.0653498,0,0,0,0,0,0,0,1.20024e-12,0,0,0,0,0,0,0,0,0,0,0.905991,4.23175e-09,0,0,0,0,0,-1.20024e-12,0,0,0,0,0,0,0,0,0,0,4.23265e-09,0.905991,
0,0.00620826,-0.0177087,-0.000976939,0.00200317,-7.06361e-05,2.64285e-05,0,0,0.376016,-0.01008,0.224549,0.00372589,-0.0224704,-0.00348065,-0.00166805,0,0,-6.93889e-12,0.0776316,-0.0043124,0.0370753,0.00238525,0.00105886,-3.89721e-05,0,0,-0.0100716,0.624938,-0.000156349,-0.0743463,0.00311044,-0.0219177,-0.000451342,0,0,-1.0842e-12,-0.00491166,0.046122,-0.00101493,-0.00118923,-0.000262019,-1.30829e-06,0,0,0.224843,-8.11619e-05,0.364977,-0.00420342,-0.0264506,-0.000681463,-0.000992071,0,0,1.56125e-11,0.055324,0.00138494,-0.0325708,-0.00361654,0.00322625,-0.000120235,0,0,0.00374733,-0.075155,-0.00420746,0.611166,0.019366,0.0563066,-0.00211035,0,0,-6.07153e-12,0.0267076,-0.00673613,-0.0372828,0.0320201,0.000449309,0.00030865,0,0,-0.223927,0.0307247,-0.26411,0.193927,0.302005,-0.0385531,0.0381585,0,0,-8.32667e-11,0.0466686,-0.00751207,0.0206438,0.0110311,-0.0696609,0.00244478,0,0,-0.0347605,-0.219301,-0.00681229,0.563095,-0.0385065,0.395698,-0.00467258,0,0,0,-0.00331462,0.00189572,0.00453207,-0.00158572,0.00328642,-2.82148e-05,0,0,-0.0166738,-0.00447672,-0.00995909,-0.0211559,0.038201,-0.00468134,0.0653508,0,0,0,0,0,0,1.20024e-12,1.20024e-12,1.20024e-12,0,0,0,0,0,0,0,0,0,0.905991,4.27796e-09,0,0,0,0,0,0,0,0,0,0,0,0,0,0,0,0,4.27856e-09,0.905991,
-6.07153e-12,0.00620571,-0.0177166,-0.000975137,0.0020009,-7.05513e-05,2.64461e-05,0,0,0.376141,-0.0100853,0.224453,0.00372491,-0.0224422,-0.00347865,-0.00167015,0,0,-1.38778e-11,0.0776395,-0.00431177,0.0370453,0.00238413,0.00105941,-3.90005e-05,0,0,-0.0100769,0.624957,-0.000156325,-0.0743578,0.0031107,-0.0219086,-0.000451634,0,0,1.36609e-11,-0.00491156,0.0461606,-0.00101166,-0.00118898,-0.000261792,-1.32922e-06,0,0,0.224747,-8.10837e-05,0.365086,-0.00420928,-0.0264416,-0.000680064,-0.000992586,0,0,2.94903e-11,0.0552964,0.00138683,-0.032543,-0.00361546,0.00322596,-0.000120268,0,0,0.00374651,-0.0751672,-0.00421322,0.611155,0.0193697,0.0563106,-0.0021099,0,0,-6.93889e-12,0.0266997,-0.00671578,-0.0372737,0.0320081,0.000447539,0.000309171,0,0,-0.223645,0.0307271,-0.26402,0.193964,0.30202,-0.0385601,0.0381496,0,0,-1.04083e-10,0.0466898,-0.00751197,0.0205855,0.0110266,-0.0696434,0.00244478,0,0,-0.0347402,-0.219212,-0.00679813,0.563135,-0.0385135,0.395701,-0.0046734,0,0,0,-0.00331473,0.00189548,0.00453295,-0.00158391,0.00328672,-2.8003e-05,0,0,-0.0166948,-0.00447959,-0.00996428,-0.0211515,0.0381921,-0.00468216,0.0653518,0,0,0,0,0,0,0,0,-1.20024e-12,-5.64113e-11,0,0,0,0,0,0,0,0,0.905991,-4.43639e-09,0,1.20024e-12,-1.20024e-12,-1.20024e-12,0,0,0,0,0,0,0,0,0,0,0,0,-4.43609e-09,0.905991,
-6.07153e-12,0.00620315,-0.0177245,-0.00097333,0.00199862,-7.04554e-05,2.64632e-05,0,0,0.376267,-0.0100906,0.224356,0.00372392,-0.022414,-0.00347663,-0.00167226,0,0,6.93889e-12,0.0776473,-0.00431113,0.0370153,0.002383,0.00105995,-3.90288e-05,0,0,-0.0100821,0.624976,-0.000156304,-0.0743694,0.00311097,-0.0218996,-0.000451926,0,0,1.66967e-11,-0.00491145,0.0461991,-0.00100837,-0.00118871,-0.000261555,-1.3504e-06,0,0,0.224651,-8.1008e-05,0.365194,-0.00421516,-0.0264325,-0.000678659,-0.000993103,0,0,-2.60209e-11,0.0552689,0.00138871,-0.0325151,-0.00361436,0.00322568,-0.000120301,0,0,0.00374568,-0.0751794,-0.00421899,0.611145,0.0193733,0.0563145,-0.00210944,0,0,1.21431e-11,0.0266918,-0.00669536,-0.0372646,0.031996,0.000445729,0.000309691,0,0,-0.223363,0.0307294,-0.263929,0.194,0.302035,-0.0385671,0.0381406,0,0,4.16334e-11,0.0467111,-0.00751186,0.0205272,0.011022,-0.0696259,0.00244478,0,0,-0.0347198,-0.219122,-0.00678393,0.563175,-0.0385205,0.395703,-0.00467422,0,0,-3.46945e-12,-0.00331483,0.00189523,0.00453384,-0.00158209,0.00328701,-2.779e-05,0,0,-0.0167158,-0.00448247,-0.00996948,-0.021147,0.0381832,-0.00468299,0.0653528,0,0,0,0,0,0,-2.40048e-12,0,0,1.20024e-12,0,0,0,0,0,0,0,0,0.905991,-4.4568e-09,0,0,0,0,0,0,0,1.14023e-10,0,0,0,0,0,0,0,0,-4.4574e-09,0.905991,
2.60209e-12,0.0062006,-0.0177324,-0.000971511,0.00199633,-7.03588e-05,2.64803e-05,0,0,0.376392,-0.0100959,0.224259,0.00372291,-0.0223858,-0.0034746,-0.00167437,0,0,6.93889e-12,0.0776551,-0.00431049,0.0369853,0.00238187,0.0010605,-3.90571e-05,0,0,-0.0100874,0.624995,-0.000156286,-0.074381,0.00311124,-0.0218906,-0.000452219,0,0,-3.46945e-12,-0.00491135,0.0462377,-0.00100506,-0.00118845,-0.000261316,-1.37163e-06,0,0,0.224554,-8.09349e-05,0.365303,-0.00422106,-0.0264235,-0.000677248,-0.00099362,0,0,-8.67362e-12,0.0552412,0.0013906,-0.0324872,-0.00361326,0.00322539,-0.000120334,0,0,0.00374483,-0.0751916,-0.00422478,0.611135,0.0193769,0.0563185,-0.00210899,0,0,2.25514e-11,0.0266839,-0.00667487,-0.0372554,0.0319838,0.000443878,0.000310213,0,0,-0.22308,0.0307318,-0.263838,0.194037,0.30205,-0.0385741,0.0381316,0,0,4.16334e-11,0.0467323,-0.00751172,0.0204688,0.0110174,-0.0696083,0.00244477,0,0,-0.0346992,-0.219032,-0.00676966,0.563216,-0.0385275,0.395705,-0.00467504,0,0,1.73472e-12,-0.00331493,0.00189498,0.00453472,-0.00158026,0.00328731,-2.75755e-05,0,0,-0.0167369,-0.00448535,-0.0099747,-0.0211426,0.0381743,-0.00468381,0.0653538,0,0,0,0,0,0,0,0,0,-5.76116e-11,0,0,0,0,0,0,0,0,0.905991,-4.34877e-09,0,2.40048e-12,0,-1.20024e-12,1.20024e-12,0,-1.20024e-12,0,0,0,0,0,0,0,0,0,-4.34877e-09,0.905991,
9.54098e-12,0.00619803,-0.0177403,-0.000969687,0.00199404,-7.02641e-05,2.64974e-05,0,0,0.376518,-0.0101012,0.224162,0.00372189,-0.0223576,-0.00347256,-0.00167648,0,0,0,0.0776628,-0.00430985,0.0369553,0.00238074,0.00106104,-3.90855e-05,0,0,-0.0100926,0.625013,-0.00015627,-0.0743925,0.00311151,-0.0218815,-0.000452512,0,0,-2.68882e-11,-0.00491124,0.0462763,-0.00100174,-0.00118818,-0.000261076,-1.39288e-06,0,0,0.224458,-8.08643e-05,0.365412,-0.00422696,-0.0264145,-0.000675832,-0.000994138,0,0,1.73472e-12,0.0552136,0.00139249,-0.0324592,-0.00361215,0.0032251,-0.000120367,0,0,0.00374397,-0.0752038,-0.00423058,0.611125,0.0193805,0.0563224,-0.00210854,0,0,-1.30104e-11,0.0266759,-0.00665432,-0.0372463,0.0319715,0.000441991,0.000310735,0,0,-0.222797,0.0307341,-0.263747,0.194073,0.302065,-0.0385811,0.0381226,0,0,-2.77556e-11,0.0467536,-0.00751157,0.0204103,0.0110128,-0.0695907,0.00244477,0,0,-0.0346785,-0.218942,-0.00675534,0.563256,-0.0385344,0.395708,-0.00467586,0,0,0,-0.00331503,0.00189473,0.0045356,-0.00157843,0.0032876,-2.73595e-05,0,0,-0.016758,-0.00448823,-0.00997992,-0.0211381,0.0381654,-0.00468464,0.0653548,0,0,0,0,0,0,0,0,0,0,0,0,0,0,0,0,0,0,0.905991,4.14293e-09,0,0,0,0,0,0,0,0,0,0,0,0,0,0,0,0,4.14293e-09,0.905991,
-6.07153e-12,0.00619546,-0.0177481,-0.000967859,0.00199174,-7.01714e-05,2.65145e-05,0,0,0.376643,-0.0101065,0.224065,0.00372085,-0.0223293,-0.0034705,-0.00167859,0,0,-1.38778e-11,0.0776706,-0.00430921,0.0369252,0.0023796,0.00106159,-3.91139e-05,0,0,-0.0100979,0.625032,-0.000156257,-0.0744041,0.00311178,-0.0218725,-0.000452805,0,0,1.77809e-11,-0.00491113,0.0463149,-0.000998402,-0.00118791,-0.000260835,-1.41416e-06,0,0,0.224361,-8.07962e-05,0.365521,-0.00423288,-0.0264054,-0.00067441,-0.000994658,0,0,-1.73472e-12,0.0551859,0.00139438,-0.0324312,-0.00361103,0.00322482,-0.0001204,0,0,0.00374309,-0.075216,-0.00423639,0.611115,0.0193841,0.0563264,-0.00210808,0,0,1.56125e-11,0.026668,-0.0066337,-0.037237,0.0319592,0.000440075,0.000311258,0,0,-0.222514,0.0307365,-0.263656,0.194109,0.30208,-0.038588,0.0381136,0,0,0,0.0467749,-0.0075114,0.0203518,0.0110081,-0.0695732,0.00244476,0,0,-0.0346576,-0.218852,-0.00674097,0.563296,-0.0385413,0.39571,-0.00467668,0,0,-1.73472e-12,-0.00331513,0.00189447,0.00453648,-0.00157659,0.00328791,-2.71424e-05,0,0,-0.016779,-0.00449112,-0.00998515,-0.0211336,0.0381564,-0.00468547,0.0653558,0,0,0,0,0,0,0,0,0,0,0,0,0,0,0,0,0,0,0.905991,4.06912e-09,0,0,0,1.20024e-12,0,0,1.20024e-12,0,0,0,0,0,0,0,0,0,4.06882e-09,0.905991,
-1.73472e-12,0.00619289,-0.0177559,-0.000966031,0.00198943,-7.00802e-05,2.65315e-05,0,0,0.376769,-0.0101118,0.223968,0.0037198,-0.022301,-0.00346842,-0.00168071,0,0,1.38778e-11,0.0776784,-0.00430856,0.0368952,0.00237847,0.00106214,-3.91423e-05,0,0,-0.0101032,0.625051,-0.000156246,-0.0744156,0.00311206,-0.0218634,-0.000453099,0,0,3.03577e-12,-0.00491102,0.0463535,-0.00099506,-0.00118763,-0.000260594,-1.43547e-06,0,0,0.224264,-8.07307e-05,0.36563,-0.00423881,-0.0263964,-0.000672982,-0.000995178,0,0,-8.67362e-12,0.0551581,0.00139627,-0.0324032,-0.0036099,0.00322453,-0.000120433,0,0,0.0037422,-0.0752282,-0.00424221,0.611105,0.0193877,0.0563303,-0.00210763,0,0,-1.73472e-12,0.02666,-0.00661301,-0.0372278,0.0319467,0.000438132,0.000311782,0,0,-0.22223,0.0307389,-0.263565,0.194146,0.302096,-0.038595,0.0381046,0,0,4.16334e-11,0.0467963,-0.00751122,0.0202932,0.0110034,-0.0695556,0.00244476,0,0,-0.0346366,-0.218762,-0.00672654,0.563336,-0.0385482,0.395712,-0.0046775,0,0,3.46945e-12,-0.00331523,0.00189422,0.00453736,-0.00157475,0.00328821,-2.69243e-05,0,0,-0.0168002,-0.00449401,-0.00999039,-0.0211291,0.0381475,-0.0046863,0.0653568,0,0,0,0,-2.40048e-12,2.40048e-12,0,0,0,2.40048e-12,0,0,0,0,0,0,0,0,0.905991,4.09732e-09,0,0,2.40048e-12,-2.40048e-12,0,0,0,-2.40048e-12,0,0,0,0,0,0,0,0,4.09792e-09,0.905991,
2.60209e-12,0.00619032,-0.0177637,-0.000964203,0.00198712,-6.99901e-05,2.65485e-05,0,0,0.376895,-0.0101171,0.22387,0.00371873,-0.0222727,-0.00346634,-0.00168283,0,0,1.38778e-11,0.0776861,-0.00430792,0.0368651,0.00237733,0.00106269,-3.91708e-05,0,0,-0.0101084,0.62507,-0.000156238,-0.0744272,0.00311233,-0.0218544,-0.000453393,0,0,-9.1073e-12,-0.00491091,0.0463921,-0.000991714,-0.00118735,-0.000260351,-1.45681e-06,0,0,0.224167,-8.06677e-05,0.365739,-0.00424475,-0.0263873,-0.000671549,-0.000995699,0,0,1.73472e-12,0.0551304,0.00139816,-0.0323752,-0.00360877,0.00322424,-0.000120466,0,0,0.0037413,-0.0752404,-0.00424804,0.611095,0.0193914,0.0563342,-0.00210717,0,0,-1.56125e-11,0.026652,-0.00659226,-0.0372186,0.0319341,0.000436165,0.000312306,0,0,-0.221947,0.0307414,-0.263474,0.194182,0.302111,-0.0386019,0.0380955,0,0,6.93889e-12,0.0468176,-0.00751102,0.0202346,0.0109986,-0.0695379,0.00244475,0,0,-0.0346155,-0.218671,-0.00671206,0.563376,-0.0385551,0.395715,-0.00467832,0,0,1.73472e-12,-0.00331533,0.00189395,0.00453824,-0.0015729,0.00328851,-2.67051e-05,0,0,-0.0168213,-0.00449691,-0.00999564,-0.0211246,0.0381385,-0.00468713,0.0653578,0,0,0,0,0,0,0,0,0,5.76116e-11,0,0,0,0,0,0,0,0,0.905991,4.22605e-09,0,0,0,0,0,0,0,1.20024e-12,0,0,0,0,0,0,0,0,4.22635e-09,0.905991,
0,0.00618773,-0.0177715,-0.000962377,0.0019848,-6.99009e-05,2.65654e-05,0,0,0.377021,-0.0101224,0.223772,0.00371765,-0.0222443,-0.00346424,-0.00168494,0,0,-1.38778e-11,0.0776938,-0.00430727,0.036835,0.00237619,0.00106323,-3.91994e-05,0,0,-0.0101137,0.625088,-0.000156233,-0.0744387,0.00311261,-0.0218453,-0.000453687,0,0,-1.30104e-12,-0.0049108,0.0464308,-0.000988364,-0.00118707,-0.000260108,-1.47819e-06,0,0,0.224069,-8.06073e-05,0.365848,-0.0042507,-0.0263783,-0.000670111,-0.000996221,0,0,1.04083e-11,0.0551025,0.00140005,-0.0323472,-0.00360764,0.00322395,-0.0001205,0,0,0.00374038,-0.0752526,-0.00425389,0.611085,0.019395,0.0563382,-0.00210671,0,0,8.67362e-13,0.026644,-0.00657144,-0.0372093,0.0319214,0.000434173,0.000312831,0,0,-0.221663,0.0307438,-0.263383,0.194218,0.302127,-0.0386088,0.0380865,0,0,-2.77556e-11,0.046839,-0.0075108,0.0201759,0.0109938,-0.0695203,0.00244475,0,0,-0.0345943,-0.218581,-0.00669752,0.563416,-0.038562,0.395717,-0.00467915,0,0,1.73472e-12,-0.00331542,0.00189369,0.00453912,-0.00157104,0.00328882,-2.64849e-05,0,0,-0.0168424,-0.00449981,-0.0100009,-0.0211201,0.0381295,-0.00468796,0.0653588,0,0,0,0,0,0,0,0,0,0,0,0,0,0,0,0,0,0,0.905991,-4.4649e-09,0,-1.20024e-12,0,-1.20024e-12,0,0,0,0,0,0,0,0,0,0,0,0,-4.4643e-09,0.905991,
-1.73472e-12,0.00618515,-0.0177792,-0.000960553,0.00198248,-6.98125e-05,2.65823e-05,0,0,0.377147,-0.0101277,0.223674,0.00371655,-0.0222159,-0.00346212,-0.00168706,0,0,-1.38778e-11,0.0777015,-0.00430662,0.0368048,0.00237505,0.00106378,-3.92279e-05,0,0,-0.010119,0.625107,-0.000156231,-0.0744503,0.00311289,-0.0218363,-0.000453982,0,0,3.03577e-12,-0.00491068,0.0464694,-0.00098501,-0.00118679,-0.000259863,-1.49962e-06,0,0,0.223972,-8.05494e-05,0.365957,-0.00425667,-0.0263692,-0.000668667,-0.000996744,0,0,-1.21431e-11,0.0550747,0.00140194,-0.0323191,-0.0036065,0.00322366,-0.000120533,0,0,0.00373945,-0.0752648,-0.00425975,0.611075,0.0193986,0.0563421,-0.00210625,0,0,2.60209e-12,0.0266359,-0.00655055,-0.0372,0.0319086,0.000432158,0.000313356,0,0,-0.221378,0.0307463,-0.263292,0.194254,0.302143,-0.0386157,0.0380774,0,0,-6.93889e-12,0.0468604,-0.00751057,0.0201172,0.010989,-0.0695026,0.00244475,0,0,-0.0345729,-0.218491,-0.00668293,0.563456,-0.0385689,0.39572,-0.00467998,0,0,-1.73472e-12,-0.00331552,0.00189342,0.00454,-0.00156917,0.00328913,-2.62638e-05,0,0,-0.0168636,-0.00450271,-0.0100062,-0.0211156,0.0381205,-0.00468879,0.0653598,0,0,0,1.20024e-12,0,0,-1.20024e-12,1.20024e-12,-1.20024e-12,0,0,0,0,0,0,0,0,0,0.905991,-4.56332e-09,0,0,0,0,0,0,0,0,0,0,0,0,0,0,0,0,-4.56362e-09,0.905991,
-1.73472e-12,0.00618256,-0.0177869,-0.00095873,0.00198015,-6.97248e-05,2.65991e-05,0,0,0.377273,-0.010133,0.223576,0.00371545,-0.0221875,-0.00345999,-0.00168919,0,0,0,0.0777092,-0.00430597,0.0367747,0.00237391,0.00106433,-3.92565e-05,0,0,-0.0101242,0.625126,-0.000156231,-0.0744619,0.00311317,-0.0218272,-0.000454277,0,0,4.77049e-12,-0.00491057,0.046508,-0.000981651,-0.00118651,-0.000259618,-1.52108e-06,0,0,0.223874,-8.04942e-05,0.366066,-0.00426264,-0.0263601,-0.000667217,-0.000997268,0,0,1.38778e-11,0.0550468,0.00140384,-0.032291,-0.00360535,0.00322337,-0.000120566,0,0,0.0037385,-0.075277,-0.00426562,0.611065,0.0194022,0.056346,-0.00210579,0,0,-8.67362e-12,0.0266279,-0.00652959,-0.0371907,0.0318958,0.000430119,0.000313882,0,0,-0.221093,0.0307488,-0.263201,0.194291,0.302159,-0.0386226,0.0380683,0,0,-2.08167e-11,0.0468818,-0.00751032,0.0200584,0.0109841,-0.0694849,0.00244474,0,0,-0.0345513,-0.2184,-0.00666828,0.563496,-0.0385757,0.395722,-0.0046808,0,0,1.73472e-12,-0.00331561,0.00189315,0.00454087,-0.0015673,0.00328944,-2.60417e-05,0,0,-0.0168848,-0.00450561,-0.0100115,-0.021111,0.0381115,-0.00468963,0.0653608,0,0,0,0,0,0,0,0,0,0,0,0,0,0,0,0,0,0,0.905991,-4.51681e-09,0,0,0,0,0,0,0,0,0,0,0,0,0,0,0,0,-4.51651e-09,0.905991,
-2.60209e-12,0.00617996,-0.0177946,-0.000956909,0.00197781,-6.96377e-05,2.66158e-05,0,0,0.377399,-0.0101383,0.223477,0.00371432,-0.0221591,-0.00345785,-0.00169131,0,0,0,0.0777169,-0.00430532,0.0367445,0.00237276,0.00106489,-3.92851e-05,0,0,-0.0101295,0.625145,-0.000156234,-0.0744734,0.00311345,-0.0218181,-0.000454572,0,0,5.63785e-12,-0.00491045,0.0465467,-0.000978289,-0.00118622,-0.000259371,-1.54259e-06,0,0,0.223776,-8.04417e-05,0.366176,-0.00426863,-0.026351,-0.000665762,-0.000997793,0,0,-6.93889e-12,0.0550189,0.00140573,-0.0322628,-0.00360419,0.00322307,-0.000120599,0,0,0.00373754,-0.0752892,-0.0042715,0.611055,0.0194058,0.0563499,-0.00210533,0,0,-1.38778e-11,0.0266198,-0.00650856,-0.0371814,0.0318828,0.000428056,0.000314409,0,0,-0.220808,0.0307513,-0.263109,0.194327,0.302175,-0.0386294,0.0380592,0,0,6.93889e-12,0.0469033,-0.00751005,0.0199995,0.0109792,-0.0694672,0.00244474,0,0,-0.0345297,-0.21831,-0.00665358,0.563536,-0.0385826,0.395725,-0.00468163,0,0,1.73472e-12,-0.0033157,0.00189287,0.00454175,-0.00156542,0.00328975,-2.58186e-05,0,0,-0.016906,-0.00450852,-0.0100167,-0.0211065,0.0381024,-0.00469047,0.0653618,0,0,0,0,0,0,0,0,0,0,0,0,0,0,0,0,0,0,0.905991,-4.34577e-09,0,0,0,0,0,0,0,0,0,0,0,0,0,0,0,0,-4.34667e-09,0.905991,
-8.67362e-13,0.00617736,-0.0178023,-0.00095509,0.00197547,-6.95511e-05,2.66325e-05,0,0,0.377525,-0.0101436,0.223379,0.00371318,-0.0221306,-0.0034557,-0.00169343,0,0,0,0.0777246,-0.00430466,0.0367143,0.00237162,0.00106544,-3.93138e-05,0,0,-0.0101348,0.625163,-0.00015624,-0.074485,0.00311374,-0.021809,-0.000454868,0,0,4.33681e-12,-0.00491033,0.0465853,-0.000974923,-0.00118593,-0.000259122,-1.56414e-06,0,0,0.223678,-8.03918e-05,0.366285,-0.00427463,-0.026342,-0.000664302,-0.000998318,0,0,-5.20417e-12,0.0549909,0.00140763,-0.0322346,-0.00360303,0.00322278,-0.000120632,0,0,0.00373656,-0.0753014,-0.00427739,0.611044,0.0194094,0.0563539,-0.00210486,0,0,3.46945e-12,0.0266117,-0.00648747,-0.0371721,0.0318697,0.00042597,0.000314936,0,0,-0.220523,0.0307538,-0.263018,0.194363,0.302191,-0.0386363,0.0380501,0,0,-2.08167e-11,0.0469247,-0.00750977,0.0199406,0.0109743,-0.0694495,0.00244473,0,0,-0.0345079,-0.218219,-0.00663883,0.563576,-0.0385894,0.395727,-0.00468246,0,0,0,-0.00331579,0.00189259,0.00454262,-0.00156354,0.00329006,-2.55946e-05,0,0,-0.0169272,-0.00451143,-0.010022,-0.0211019,0.0380934,-0.0046913,0.0653628,0,0,0,0,0,0,0,0,0,0,0,0,0,0,0,0,0,0,0.905991,4.09372e-09,0,0,0,2.40048e-12,0,0,0,0,0,0,0,0,0,0,0,0,4.09402e-09,0.905991,
8.67362e-13,0.00617477,-0.01781,-0.000953227,0.00197312,-6.94608e-05,2.6649e-05,0,0,0.377652,-0.0101489,0.22328,0.00371203,-0.0221021,-0.00345353,-0.00169556,0,0,-1.38778e-11,0.0777322,-0.004304,0.036684,0.00237047,0.00106599,-3.93424e-05,0,0,-0.01014,0.625182,-0.000156248,-0.0744965,0.00311402,-0.0217999,-0.000455164,0,0,-4.77049e-12,-0.00491021,0.046624,-0.000971486,-0.00118563,-0.000258868,-1.58586e-06,0,0,0.223579,-8.03445e-05,0.366394,-0.00428065,-0.0263329,-0.000662836,-0.000998845,0,0,1.73472e-11,0.0549629,0.00140953,-0.0322064,-0.00360185,0.00322248,-0.000120665,0,0,0.00373557,-0.0753136,-0.0042833,0.611034,0.019413,0.0563578,-0.0021044,0,0,-1.21431e-11,0.0266036,-0.00646631,-0.0371627,0.0318565,0.000423791,0.000315465,0,0,-0.220238,0.0307563,-0.262926,0.194399,0.302207,-0.0386431,0.0380409,0,0,-6.93889e-11,0.0469462,-0.00750946,0.0198817,0.0109692,-0.0694318,0.00244473,0,0,-0.0344859,-0.218129,-0.00662402,0.563615,-0.0385962,0.39573,-0.0046833,0,0,1.73472e-12,-0.00331588,0.00189231,0.0045435,-0.00156165,0.00329038,-2.53676e-05,0,0,-0.0169484,-0.00451435,-0.0100273,-0.0210974,0.0380843,-0.00469214,0.0653638,0,0,0,0,0,0,0,-1.20024e-12,0,0,0,0,0,0,0,0,0,0,0.905991,3.9803e-09,0,0,0,0,0,-1.20024e-12,0,0,0,0,0,0,0,0,0,0,3.98e-09,0.905991,
2.60209e-12,0.00617206,-0.0178176,-0.000951576,0.00197073,-6.96681e-05,2.66754e-05,0,0,0.377778,-0.0101542,0.223181,0.00371087,-0.0220736,-0.00345135,-0.00169769,0,0,-2.77556e-11,0.0777398,-0.00430333,0.0366537,0.00236933,0.00106654,-3.93722e-05,0,0,-0.0101453,0.6252,-0.00015626,-0.074508,0.00311431,-0.0217908,-0.000455461,0,0,-1.21431e-11,-0.00491009,0.0466627,-0.000968529,-0.00118542,-0.000258816,-1.60276e-06,0,0,0.223481,-8.0299e-05,0.366504,-0.00428667,-0.0263238,-0.000661368,-0.000999373,0,0,1.73472e-11,0.0549348,0.00141141,-0.0321782,-0.00360083,0.00322214,-0.000120701,0,0,0.00373457,-0.0753258,-0.00428922,0.611024,0.0194166,0.0563617,-0.00210393,0,0,-2.25514e-11,0.0265954,-0.00644507,-0.0371536,0.0318434,0.000422036,0.000316006,0,0,-0.219952,0.0307589,-0.262835,0.194436,0.302223,-0.0386499,0.0380318,0,0,-7.63278e-11,0.0469677,-0.00750918,0.0198226,0.0109647,-0.0694139,0.00244478,0,0,-0.0344639,-0.218038,-0.00660914,0.563655,-0.038603,0.395732,-0.00468413,0,0,1.73472e-12,-0.00331597,0.00189203,0.00454435,-0.00155977,0.00329079,-2.51489e-05,0,0,-0.0169696,-0.00451726,-0.0100327,-0.0210928,0.0380752,-0.00469298,0.0653648,0,0,0,0,0,0,0,0,0,2.40048e-12,0,0,0,0,0,0,0,0,0.905991,3.9698e-09,0,0,0,1.20024e-12,1.20024e-12,0,0,0,0,0,0,0,0,0,0,0,3.9698e-09,0.905991,
1.73472e-12,0.00616944,-0.0178252,-0.000949931,0.00196839,-6.95574e-05,2.66902e-05,0,0,0.377905,-0.0101595,0.223081,0.00370968,-0.022045,-0.00344916,-0.00169982,0,0,0,0.0777475,-0.00430264,0.0366235,0.00236819,0.0010671,-3.9401e-05,0,0,-0.0101506,0.625219,-0.000156273,-0.0745196,0.0031146,-0.0217817,-0.000455758,0,0,-5.63785e-12,-0.00491001,0.0467014,-0.000965383,-0.0011851,-0.000258554,-1.62492e-06,0,0,0.223382,-8.02568e-05,0.366613,-0.00429271,-0.0263147,-0.000659893,-0.000999901,0,0,0,0.0549067,0.0014133,-0.03215,-0.00359966,0.00322185,-0.000120734,0,0,0.00373355,-0.075338,-0.00429515,0.611014,0.0194202,0.0563656,-0.00210347,0,0,-1.73472e-11,0.0265872,-0.00642377,-0.0371443,0.0318301,0.000420094,0.000316524,0,0,-0.219666,0.0307615,-0.262743,0.194472,0.302239,-0.0386567,0.0380226,0,0,0,0.0469892,-0.00750887,0.0197636,0.0109599,-0.0693961,0.00244477,0,0,-0.0344416,-0.217948,-0.0065942,0.563695,-0.0386098,0.395735,-0.00468496,0,0,1.73472e-12,-0.00331606,0.00189174,0.0045452,-0.00155788,0.00329108,-2.49291e-05,0,0,-0.0169909,-0.00452018,-0.010038,-0.0210882,0.0380661,-0.00469382,0.0653658,0,0,0,0,0,1.20024e-12,0,0,0,-5.76116e-11,0,0,0,0,0,0,0,0,0.905991,4.05051e-09,0,0,0,1.20024e-12,0,0,0,0,0,0,0,0,0,0,0,0,4.05081e-09,0.905991,
-8.67362e-13,0.00616674,-0.0178328,-0.000948329,0.00196601,-6.96958e-05,2.67141e-05,0,0,0.378031,-0.0101648,0.222982,0.00370849,-0.0220164,-0.00344695,-0.00170195,0,0,-1.38778e-11,0.0777551,-0.00430195,0.0365931,0.00236705,0.00106766,-3.94306e-05,0,0,-0.0101558,0.625238,-0.000156288,-0.0745311,0.0031149,-0.0217726,-0.000456055,0,0,-1.73472e-12,-0.00490991,0.0467401,-0.000962445,-0.00118486,-0.000258456,-1.64299e-06,0,0,0.223283,-8.02167e-05,0.366723,-0.00429877,-0.0263055,-0.000658413,-0.00100043,0,0,1.21431e-11,0.0548786,0.00141518,-0.0321217,-0.0035986,0.00322151,-0.000120769,0,0,0.00373251,-0.0753502,-0.00430109,0.611004,0.0194238,0.0563695,-0.002103,0,0,-2.1684e-11,0.026579,-0.00640239,-0.0371352,0.0318168,0.000418313,0.00031706,0,0,-0.219379,0.030764,-0.262652,0.194508,0.302256,-0.0386635,0.0380134,0,0,-2.77556e-11,0.0470107,-0.00750855,0.0197045,0.0109553,-0.0693782,0.00244481,0,0,-0.0344192,-0.217857,-0.00657919,0.563735,-0.0386165,0.395738,-0.0046858,0,0,-1.73472e-12,-0.00331615,0.00189145,0.00454605,-0.00155599,0.00329146,-2.47101e-05,0,0,-0.0170122,-0.0045231,-0.0100433,-0.0210836,0.0380569,-0.00469467,0.0653668,0,0,0,0,0,0,0,0,0,0,0,0,0,0,0,0,0,0,0.905991,4.22515e-09,0,0,0,0,0,0,0,0,0,0,0,0,0,0,0,0,4.22545e-09,0.905991,
0,0.00616403,-0.0178404,-0.000946852,0.00196364,-6.9819e-05,2.67367e-05,0,0,0.378158,-0.0101701,0.222882,0.00370727,-0.0219878,-0.00344473,-0.00170408,0,0,0,0.0777626,-0.00430124,0.0365628,0.00236591,0.00106822,-3.94604e-05,0,0,-0.0101611,0.625256,-0.000156304,-0.0745427,0.00311519,-0.0217635,-0.000456353,0,0,-4.33681e-13,-0.00490984,0.0467788,-0.000959671,-0.00118461,-0.000258351,-1.6614e-06,0,0,0.223184,-8.01791e-05,0.366832,-0.00430484,-0.0262964,-0.000656927,-0.00100096,0,0,-1.56125e-11,0.0548505,0.00141706,-0.0320934,-0.00359754,0.00322118,-0.000120804,0,0,0.00373146,-0.0753624,-0.00430705,0.610994,0.0194274,0.0563734,-0.00210253,0,0,-5.20417e-12,0.0265708,-0.00638095,-0.0371261,0.0318034,0.00041666,0.000317589,0,0,-0.219093,0.0307667,-0.26256,0.194544,0.302273,-0.0386703,0.0380042,0,0,7.63278e-11,0.0470323,-0.00750823,0.0196453,0.0109509,-0.0693603,0.00244485,0,0,-0.0343966,-0.217766,-0.0065641,0.563774,-0.0386232,0.39574,-0.00468664,0,0,0,-0.00331624,0.00189115,0.00454689,-0.0015541,0.00329182,-2.44951e-05,0,0,-0.0170335,-0.00452603,-0.0100487,-0.021079,0.0380478,-0.00469551,0.0653678,0,0,0,0,0,0,0,0,0,0,0,0,0,0,0,0,0,0,0.905991,-4.51561e-09,0,0,0,0,0,0,0,0,0,0,0,0,0,0,0,0,-4.51561e-09,0.905991,
-2.60209e-12,0.00616133,-0.017848,-0.000945418,0.00196127,-6.98883e-05,2.67574e-05,0,0,0.378285,-0.0101754,0.222782,0.00370603,-0.0219592,-0.0034425,-0.00170622,0,0,0,0.0777702,-0.00430052,0.0365324,0.00236477,0.00106878,-3.949e-05,0,0,-0.0101664,0.625275,-0.000156321,-0.0745542,0.00311549,-0.0217543,-0.000456651,0,0,1.21431e-11,-0.00490978,0.0468175,-0.000956922,-0.00118433,-0.00025821,-1.68065e-06,0,0,0.223084,-8.01443e-05,0.366942,-0.00431093,-0.0262873,-0.000655435,-0.00100149,0,0,8.67362e-12,0.0548223,0.00141894,-0.0320651,-0.00359646,0.00322085,-0.000120838,0,0,0.00373039,-0.0753745,-0.00431302,0.610984,0.0194309,0.0563773,-0.00210206,0,0,2.86229e-11,0.0265626,-0.00635943,-0.0371171,0.03179,0.000415006,0.000318112,0,0,-0.218806,0.0307693,-0.262468,0.19458,0.302289,-0.038677,0.0379949,0,0,4.16334e-11,0.0470538,-0.00750789,0.0195861,0.0109464,-0.0693424,0.00244487,0,0,-0.0343738,-0.217675,-0.00654891,0.563814,-0.03863,0.395743,-0.00468747,0,0,0,-0.00331632,0.00189085,0.00454772,-0.00155221,0.00329216,-2.42805e-05,0,0,-0.0170548,-0.00452896,-0.010054,-0.0210743,0.0380386,-0.00469636,0.0653689,0,0,0,0,0,1.20024e-12,1.20024e-12,-1.20024e-12,0,0,0,0,0,0,0,0,0,0,0.905991,-4.66504e-09,0,0,0,0,0,0,0,0,0,0,0,0,0,0,0,0,-4.66504e-09,0.905991,
-8.67362e-13,0.00615863,-0.0178555,-0.000943969,0.0019589,-6.99168e-05,2.67768e-05,0,0,0.378412,-0.0101807,0.222682,0.00370476,-0.0219305,-0.00344024,-0.00170836,0,0,-1.38778e-11,0.0777778,-0.0042998,0.0365021,0.00236363,0.00106935,-3.95195e-05,0,0,-0.0101716,0.625293,-0.000156338,-0.0745657,0.00311578,-0.0217452,-0.000456949,0,0,8.67362e-13,-0.00490972,0.0468562,-0.000954119,-0.00118404,-0.000258039,-1.70057e-06,0,0,0.222985,-8.0112e-05,0.367052,-0.00431704,-0.0262782,-0.000653935,-0.00100203,0,0,1.73472e-11,0.054794,0.00142082,-0.0320367,-0.00359535,0.00322053,-0.000120872,0,0,0.0037293,-0.0753867,-0.00431901,0.610974,0.0194345,0.0563812,-0.00210159,0,0,-9.54098e-12,0.0265544,-0.00633786,-0.037108,0.0317764,0.000413273,0.000318635,0,0,-0.218518,0.0307719,-0.262376,0.194616,0.302306,-0.0386838,0.0379857,0,0,-7.63278e-11,0.0470754,-0.00750753,0.0195269,0.0109418,-0.0693245,0.00244489,0,0,-0.0343508,-0.217584,-0.00653364,0.563854,-0.0386367,0.395746,-0.00468831,0,0,0,-0.00331641,0.00189055,0.00454855,-0.0015503,0.00329249,-2.40637e-05,0,0,-0.0170762,-0.00453189,-0.0100594,-0.0210697,0.0380294,-0.0046972,0.0653699,0,0,0,0,-1.20024e-12,0,-1.20024e-12,0,1.20024e-12,2.40048e-12,0,0,0,0,0,0,0,0,0.905991,-4.65604e-09,0,0,-1.20024e-12,0,-1.20024e-12,0,1.20024e-12,1.20024e-12,0,0,0,0,0,0,0,0,-4.65634e-09,0.905991,
-3.46945e-12,0.00615595,-0.017863,-0.000942482,0.00195652,-6.99205e-05,2.67953e-05,0,0,0.378539,-0.010186,0.222582,0.00370348,-0.0219018,-0.00343797,-0.00171049,0,0,-1.38778e-11,0.0777853,-0.00429909,0.0364718,0.00236249,0.00106992,-3.9549e-05,0,0,-0.0101769,0.625312,-0.000156355,-0.0745773,0.00311608,-0.0217361,-0.000457249,0,0,7.37257e-12,-0.00490965,0.0468949,-0.000951237,-0.00118374,-0.000257848,-1.72095e-06,0,0,0.222885,-8.00823e-05,0.367162,-0.00432316,-0.026269,-0.000652426,-0.00100256,0,0,-3.46945e-12,0.0547657,0.0014227,-0.0320083,-0.00359422,0.00322021,-0.000120906,0,0,0.00372819,-0.0753989,-0.004325,0.610964,0.0194381,0.056385,-0.00210111,0,0,-3.46945e-12,0.0265461,-0.00631622,-0.0370989,0.0317628,0.000411432,0.000319158,0,0,-0.218231,0.0307746,-0.262284,0.194653,0.302323,-0.0386905,0.0379764,0,0,-4.85723e-11,0.047097,-0.00750714,0.0194676,0.0109371,-0.0693066,0.00244491,0,0,-0.0343276,-0.217493,-0.00651827,0.563893,-0.0386433,0.395748,-0.00468915,0,0,-3.46945e-12,-0.00331649,0.00189024,0.00454939,-0.00154838,0.00329282,-2.38436e-05,0,0,-0.0170975,-0.00453482,-0.0100648,-0.0210651,0.0380202,-0.00469805,0.0653709,0,0,0,0,0,0,0,0,0,0,0,0,0,0,0,0,0,0,0.905991,-4.5039e-09,0,1.20024e-12,1.20024e-12,0,-1.20024e-12,0,1.20024e-12,0,0,0,0,0,0,0,0,0,-4.5048e-09,0.905991,
8.67362e-13,0.00615326,-0.0178705,-0.000940987,0.00195414,-6.99134e-05,2.68134e-05,0,0,0.378667,-0.0101913,0.222482,0.00370217,-0.0218731,-0.00343568,-0.00171264,0,0,0,0.0777928,-0.00429837,0.0364414,0.00236135,0.00107049,-3.95785e-05,0,0,-0.0101821,0.62533,-0.000156373,-0.0745888,0.00311639,-0.0217269,-0.000457548,0,0,-4.77049e-12,-0.00490958,0.0469337,-0.000948328,-0.00118344,-0.000257646,-1.74153e-06,0,0,0.222785,-8.00551e-05,0.367272,-0.00432931,-0.0262599,-0.000650908,-0.0010031,0,0,0,0.0547374,0.00142459,-0.03198,-0.00359307,0.0032199,-0.000120939,0,0,0.00372707,-0.0754111,-0.00433102,0.610954,0.0194417,0.0563889,-0.00210064,0,0,-1.73472e-11,0.0265379,-0.00629451,-0.0370897,0.031749,0.000409532,0.000319682,0,0,-0.217943,0.0307773,-0.262192,0.194689,0.30234,-0.0386972,0.0379671,0,0,0,0.0471186,-0.00750674,0.0194083,0.0109323,-0.0692887,0.00244492,0,0,-0.0343042,-0.217402,-0.00650281,0.563933,-0.03865,0.395751,-0.00468999,0,0,0,-0.00331658,0.00188993,0.00455023,-0.00154645,0.00329314,-2.36214e-05,0,0,-0.0171189,-0.00453776,-0.0100702,-0.0210604,0.038011,-0.0046989,0.0653719,0,0,0,0,1.20024e-12,0,0,0,0,0,0,0,0,0,0,0,0,0,0.905991,4.25485e-09,0,0,1.20024e-12,0,0,0,0,0,0,0,0,0,0,0,0,0,4.25515e-09,0.905991,
8.67362e-13,0.00615066,-0.017878,-0.000939298,0.00195175,-6.9685e-05,2.68244e-05,0,0,0.378794,-0.0101966,0.222381,0.00370083,-0.0218443,-0.00343336,-0.00171478,0,0,0,0.0778003,-0.00429767,0.0364111,0.00236019,0.00107105,-3.96071e-05,0,0,-0.0101874,0.625349,-0.000156391,-0.0746003,0.00311669,-0.0217178,-0.000457848,0,0,-3.90313e-12,-0.0049095,0.0469724,-0.000944993,-0.00118308,-0.000257288,-1.76598e-06,0,0,0.222684,-8.00305e-05,0.367382,-0.00433547,-0.0262507,-0.00064938,-0.00100363,0,0,-6.93889e-12,0.0547091,0.00142649,-0.0319515,-0.00359179,0.00321962,-0.000120971,0,0,0.00372592,-0.0754233,-0.00433705,0.610944,0.0194453,0.0563928,-0.00210017,0,0,6.07153e-12,0.0265296,-0.00627274,-0.0370803,0.031735,0.000407211,0.000320202,0,0,-0.217655,0.03078,-0.2621,0.194725,0.302357,-0.0387039,0.0379578,0,0,6.93889e-12,0.0471402,-0.00750627,0.0193489,0.0109271,-0.0692709,0.00244489,0,0,-0.0342807,-0.217311,-0.00648726,0.563972,-0.0386567,0.395754,-0.00469083,0,0,-1.73472e-12,-0.00331665,0.00188961,0.00455108,-0.0015445,0.00329341,-2.33897e-05,0,0,-0.0171403,-0.00454071,-0.0100756,-0.0210557,0.0380018,-0.00469974,0.0653729,0,0,0,0,0,0,0,0,0,0,0,0,0,0,0,0,0,0,0.905991,4.15373e-09,0,0,-3.60072e-12,0,0,-3.60072e-12,0,1.12823e-10,0,0,0,0,0,0,0,0,4.15373e-09,0.905991,
-8.67362e-13,0.00614795,-0.0178855,-0.0009376,0.0019493,-6.97726e-05,2.68464e-05,0,0,0.378921,-0.0102019,0.22228,0.00369948,-0.0218155,-0.00343103,-0.00171692,0,0,-1.38778e-11,0.0778078,-0.00429699,0.0363807,0.00235903,0.00107161,-3.96367e-05,0,0,-0.0101926,0.625367,-0.000156411,-0.0746118,0.003117,-0.0217086,-0.000458149,0,0,3.46945e-12,-0.00490938,0.0470112,-0.000941831,-0.00118281,-0.000257134,-1.78547e-06,0,0,0.222584,-8.00072e-05,0.367492,-0.00434165,-0.0262416,-0.000647845,-0.00100417,0,0,-5.20417e-12,0.0546807,0.00142838,-0.0319231,-0.00359064,0.00321929,-0.000121006,0,0,0.00372476,-0.0754355,-0.00434309,0.610934,0.0194489,0.0563967,-0.00209969,0,0,1.9082e-11,0.0265213,-0.00625089,-0.0370709,0.0317209,0.000404985,0.000320748,0,0,-0.217366,0.0307827,-0.262008,0.194761,0.302374,-0.0387106,0.0379485,0,0,-2.08167e-11,0.0471619,-0.00750579,0.0192894,0.010922,-0.0692529,0.00244492,0,0,-0.0342569,-0.21722,-0.00647161,0.564012,-0.0386633,0.395757,-0.00469167,0,0,-1.73472e-12,-0.00331673,0.00188929,0.00455193,-0.00154255,0.0032938,-2.31562e-05,0,0,-0.0171617,-0.00454366,-0.010081,-0.0210511,0.0379925,-0.00470059,0.0653739,0,0,0,0,2.40048e-12,2.40048e-12,-2.40048e-12,0,2.40048e-12,0,0,0,0,0,0,0,0,0,0.905991,4.16634e-09,0,0,0,0,0,0,0,0,0,0,0,0,0,0,0,0,4.16634e-09,0.905991,
-2.60209e-12,0.00614523,-0.0178929,-0.000936038,0.00194688,-6.98798e-05,2.6868e-05,0,0,0.379049,-0.0102071,0.222179,0.00369811,-0.0217867,-0.00342868,-0.00171907,0,0,1.38778e-11,0.0778153,-0.00429628,0.0363503,0.00235788,0.00107217,-3.96666e-05,0,0,-0.0101979,0.625385,-0.000156432,-0.0746233,0.0031173,-0.0216995,-0.00045845,0,0,5.63785e-12,-0.00490929,0.0470499,-0.000938874,-0.00118253,-0.000256996,-1.80477e-06,0,0,0.222483,-7.99856e-05,0.367602,-0.00434785,-0.0262324,-0.000646302,-0.00100471,0,0,1.21431e-11,0.0546522,0.00143027,-0.0318946,-0.00358951,0.00321896,-0.000121041,0,0,0.00372357,-0.0754476,-0.00434915,0.610924,0.0194525,0.0564006,-0.00209921,0,0,-1.56125e-11,0.0265129,-0.00622897,-0.0370617,0.0317068,0.000402912,0.000321286,0,0,-0.217077,0.0307854,-0.261916,0.194797,0.302392,-0.0387172,0.0379392,0,0,-6.93889e-11,0.0471836,-0.00750531,0.0192299,0.0109171,-0.0692349,0.00244495,0,0,-0.0342328,-0.217129,-0.00645587,0.564051,-0.0386699,0.395759,-0.00469252,0,0,3.46945e-12,-0.00331681,0.00188896,0.00455277,-0.0015406,0.00329419,-2.29266e-05,0,0,-0.0171832,-0.00454661,-0.0100865,-0.0210464,0.0379833,-0.00470144,0.0653749,0,0,0,0,0,0,0,0,0,0,0,0,0,0,0,0,0,0,0.905991,4.28276e-09,0,-1.20024e-12,0,1.20024e-12,-1.20024e-12,1.20024e-12,1.20024e-12,0,0,0,0,0,0,0,0,0,4.28216e-09,0.905991,
8.67362e-13,0.0061425,-0.0179003,-0.000934553,0.00194446,-6.99505e-05,2.68881e-05,0,0,0.379176,-0.0102124,0.222078,0.00369671,-0.0217578,-0.00342631,-0.00172122,0,0,-1.38778e-11,0.0778228,-0.00429556,0.0363199,0.00235673,0.00107275,-3.96966e-05,0,0,-0.0102031,0.625404,-0.000156454,-0.0746348,0.00311761,-0.0216903,-0.000458752,0,0,-1.73472e-12,-0.00490922,0.0470887,-0.000935998,-0.00118224,-0.000256835,-1.82461e-06,0,0,0.222383,-7.99659e-05,0.367712,-0.00435407,-0.0262232,-0.00064475,-0.00100525,0,0,0,0.0546237,0.00143216,-0.0318661,-0.00358837,0.00321863,-0.000121076,0,0,0.00372236,-0.0754598,-0.00435523,0.610913,0.0194561,0.0564044,-0.00209873,0,0,8.67362e-12,0.0265046,-0.00620698,-0.0370525,0.0316926,0.000400886,0.000321818,0,0,-0.216788,0.0307882,-0.261823,0.194834,0.302409,-0.0387238,0.0379298,0,0,-2.77556e-11,0.0472053,-0.00750481,0.0191703,0.0109122,-0.0692169,0.00244498,0,0,-0.0342086,-0.217038,-0.00644002,0.564091,-0.0386765,0.395762,-0.00469336,0,0,1.73472e-12,-0.00331689,0.00188864,0.0045536,-0.00153865,0.00329455,-2.26986e-05,0,0,-0.0172046,-0.00454957,-0.0100919,-0.0210417,0.037974,-0.00470229,0.065376,0,0,0,0,0,0,0,0,0,0,0,0,0,0,0,0,0,0,0.905991,-4.51441e-09,0,0,0,-2.40048e-12,2.40048e-12,0,-2.40048e-12,0,0,0,0,0,0,0,0,0,-4.51471e-09,0.905991,
0,0.00613978,-0.0179077,-0.000933084,0.00194204,-6.99874e-05,2.6907e-05,0,0,0.379304,-0.0102177,0.221976,0.00369529,-0.0217289,-0.00342392,-0.00172337,0,0,0,0.0778302,-0.00429484,0.0362895,0.00235558,0.00107332,-3.97264e-05,0,0,-0.0102084,0.625422,-0.000156475,-0.0746464,0.00311792,-0.0216811,-0.000459054,0,0,1.30104e-12,-0.00490915,0.0471275,-0.000933118,-0.00118193,-0.000256649,-1.84499e-06,0,0,0.222282,-7.99481e-05,0.367822,-0.00436031,-0.026214,-0.000643188,-0.00100579,0,0,-1.04083e-11,0.0545952,0.00143404,-0.0318376,-0.0035872,0.00321831,-0.00012111,0,0,0.00372114,-0.075472,-0.00436132,0.610903,0.0194597,0.0564083,-0.00209825,0,0,2.34188e-11,0.0264962,-0.00618493,-0.0370432,0.0316784,0.000398823,0.000322348,0,0,-0.216499,0.0307909,-0.261731,0.19487,0.302427,-0.0387305,0.0379205,0,0,1.04083e-10,0.047227,-0.00750429,0.0191107,0.0109072,-0.069199,0.00244501,0,0,-0.0341841,-0.216946,-0.00642406,0.56413,-0.0386831,0.395765,-0.0046942,0,0,0,-0.00331696,0.0018883,0.00455443,-0.00153668,0.00329491,-2.24694e-05,0,0,-0.0172261,-0.00455253,-0.0100974,-0.021037,0.0379647,-0.00470315,0.065377,0,0,0,1.20024e-12,0,0,-1.20024e-12,-1.20024e-12,0,-5.76116e-11,0,0,0,0,0,0,0,0,0.905991,-4.60112e-09,0,2.40048e-12,0,0,-2.40048e-12,-2.40048e-12,0,0,0,0,0,0,0,0,0,0,-4.60172e-09,0.905991,
3.46945e-12,0.00613706,-0.0179151,-0.000931601,0.00193962,-7.00009e-05,2.69251e-05,0,0,0.379432,-0.010223,0.221875,0.00369384,-0.0217,-0.00342151,-0.00172552,0,0,0,0.0778376,-0.00429411,0.0362591,0.00235443,0.0010739,-3.97563e-05,0,0,-0.0102136,0.62544,-0.000156496,-0.0746579,0.00311824,-0.0216719,-0.000459357,0,0,-1.12757e-11,-0.00490909,0.0471663,-0.000930196,-0.00118161,-0.000256445,-1.86581e-06,0,0,0.22218,-7.99322e-05,0.367932,-0.00436658,-0.0262048,-0.000641617,-0.00100634,0,0,-1.21431e-11,0.0545667,0.00143593,-0.031809,-0.00358602,0.00321799,-0.000121144,0,0,0.00371989,-0.0754841,-0.00436743,0.610893,0.0194632,0.0564122,-0.00209777,0,0,-1.38778e-11,0.0264878,-0.0061628,-0.037034,0.031664,0.000396684,0.000322879,0,0,-0.216209,0.0307937,-0.261638,0.194906,0.302444,-0.0387371,0.0379111,0,0,2.08167e-11,0.0472487,-0.00750374,0.0190511,0.0109022,-0.069181,0.00244502,0,0,-0.0341594,-0.216855,-0.00640798,0.56417,-0.0386896,0.395768,-0.00469505,0,0,0,-0.00331704,0.00188796,0.00455527,-0.00153471,0.00329526,-2.22379e-05,0,0,-0.0172476,-0.00455549,-0.0101029,-0.0210322,0.0379554,-0.004704,0.065378,0,0,0,0,0,0,-1.20024e-12,0,0,0,0,0,0,0,0,0,0,0,0.905991,-4.53901e-09,0,0,0,0,-1.20024e-12,0,0,0,0,0,0,0,0,0,0,0,-4.53961e-09,0.905991,
4.33681e-12,0.00613435,-0.0179225,-0.000930094,0.00193719,-6.99979e-05,2.69427e-05,0,0,0.37956,-0.0102283,0.221773,0.00369237,-0.0216711,-0.00341907,-0.00172768,0,0,0,0.0778451,-0.00429339,0.0362287,0.00235327,0.00107448,-3.97861e-05,0,0,-0.0102189,0.625459,-0.000156517,-0.0746694,0.00311855,-0.0216628,-0.00045966,0,0,-1.04083e-11,-0.00490902,0.0472051,-0.000927219,-0.00118129,-0.000256225,-1.887e-06,0,0,0.222079,-7.9918e-05,0.368043,-0.00437286,-0.0261956,-0.000640034,-0.00100688,0,0,1.04083e-11,0.0545381,0.00143782,-0.0317804,-0.00358481,0.00321768,-0.000121178,0,0,0.00371861,-0.0754963,-0.00437356,0.610883,0.0194668,0.056416,-0.00209729,0,0,-8.67362e-13,0.0264794,-0.00614061,-0.0370247,0.0316495,0.000394453,0.00032341,0,0,-0.215919,0.0307965,-0.261545,0.194942,0.302462,-0.0387437,0.0379017,0,0,0,0.0472704,-0.00750317,0.0189915,0.0108971,-0.0691629,0.00244504,0,0,-0.0341345,-0.216763,-0.0063918,0.564209,-0.0386962,0.395771,-0.00469589,0,0,1.73472e-12,-0.00331711,0.00188762,0.0045561,-0.00153273,0.00329561,-2.20035e-05,0,0,-0.0172691,-0.00455846,-0.0101084,-0.0210275,0.037946,-0.00470485,0.065379,0,0,0,-1.20024e-12,0,1.20024e-12,0,0,1.20024e-12,0,0,0,0,0,0,0,0,0,0.905991,-4.35477e-09,0,1.20024e-12,0,0,-1.20024e-12,-1.20024e-12,0,0,0,0,0,0,0,0,0,0,-4.35447e-09,0.905991,
9.54098e-12,0.00613164,-0.0179298,-0.00092856,0.00193475,-6.99826e-05,2.69598e-05,0,0,0.379688,-0.0102336,0.22167,0.00369087,-0.0216421,-0.00341661,-0.00172984,0,0,0,0.0778525,-0.00429267,0.0361982,0.00235211,0.00107505,-3.98159e-05,0,0,-0.0102241,0.625477,-0.000156538,-0.0746808,0.00311887,-0.0216536,-0.000459964,0,0,-2.55872e-11,-0.00490895,0.0472439,-0.000924187,-0.00118096,-0.000255993,-1.9085e-06,0,0,0.221977,-7.99056e-05,0.368153,-0.00437916,-0.0261864,-0.000638441,-0.00100743,0,0,-3.46945e-12,0.0545094,0.00143972,-0.0317518,-0.00358359,0.00321737,-0.000121211,0,0,0.00371732,-0.0755085,-0.0043797,0.610873,0.0194704,0.0564199,-0.00209681,0,0,6.93889e-12,0.026471,-0.00611835,-0.0370153,0.0316349,0.000392128,0.000323944,0,0,-0.215629,0.0307994,-0.261453,0.194978,0.30248,-0.0387502,0.0378923,0,0,6.245e-11,0.0472922,-0.00750256,0.0189317,0.0108918,-0.0691449,0.00244505,0,0,-0.0341092,-0.216672,-0.00637549,0.564248,-0.0387027,0.395774,-0.00469674,0,0,-1.73472e-12,-0.00331718,0.00188727,0.00455694,-0.00153073,0.00329596,-2.1766e-05,0,0,-0.0172907,-0.00456144,-0.0101139,-0.0210228,0.0379367,-0.00470571,0.0653801,0,0,0,0,0,-1.20024e-12,0,0,0,0,0,0,0,0,0,0,0,0,0.905991,4.09222e-09,0,0,0,1.20024e-12,0,0,0,0,0,0,0,0,0,0,0,0,4.09252e-09,0.905991,
6.93889e-12,0.00612893,-0.0179371,-0.000927001,0.0019323,-6.99567e-05,2.69766e-05,0,0,0.379816,-0.0102389,0.221568,0.00368934,-0.0216131,-0.00341413,-0.00173199,0,0,1.38778e-11,0.0778598,-0.00429196,0.0361678,0.00235095,0.00107563,-3.98457e-05,0,0,-0.0102293,0.625495,-0.000156559,-0.0746923,0.00311919,-0.0216444,-0.000460269,0,0,-1.60462e-11,-0.00490887,0.0472827,-0.000921103,-0.00118063,-0.000255749,-1.9303e-06,0,0,0.221875,-7.98947e-05,0.368263,-0.00438549,-0.0261772,-0.000636836,-0.00100797,0,0,-1.9082e-11,0.0544807,0.00144161,-0.0317232,-0.00358236,0.00321706,-0.000121245,0,0,0.003716,-0.0755206,-0.00438587,0.610863,0.019474,0.0564238,-0.00209633,0,0,1.82146e-11,0.0264626,-0.00609602,-0.037006,0.0316202,0.000389712,0.000324479,0,0,-0.215339,0.0308022,-0.26136,0.195015,0.302498,-0.0387568,0.0378829,0,0,4.16334e-11,0.047314,-0.00750192,0.018872,0.0108865,-0.0691269,0.00244506,0,0,-0.0340838,-0.21658,-0.00635907,0.564288,-0.0387092,0.395777,-0.00469759,0,0,-1.73472e-12,-0.00331725,0.00188692,0.00455777,-0.00152873,0.00329631,-2.15256e-05,0,0,-0.0173122,-0.00456442,-0.0101194,-0.021018,0.0379273,-0.00470656,0.0653811,0,0,0,0,-1.20024e-12,0,1.20024e-12,0,1.20024e-12,0,0,0,0,0,0,0,0,0,0.905991,3.9704e-09,0,0,-1.20024e-12,0,1.20024e-12,0,1.20024e-12,0,0,0,0,0,0,0,0,0,3.9704e-09,0.905991,
-1.73472e-12,0.00612623,-0.0179444,-0.000925418,0.00192984,-6.99209e-05,2.6993e-05,0,0,0.379945,-0.0102441,0.221466,0.00368779,-0.0215841,-0.00341162,-0.00173416,0,0,1.38778e-11,0.0778672,-0.00429124,0.0361374,0.00234978,0.0010762,-3.98754e-05,0,0,-0.0102346,0.625514,-0.00015658,-0.0747038,0.00311951,-0.0216352,-0.000460574,0,0,2.1684e-12,-0.00490879,0.0473215,-0.000917969,-0.00118029,-0.000255495,-1.95239e-06,0,0,0.221773,-7.98853e-05,0.368374,-0.00439184,-0.026168,-0.00063522,-0.00100852,0,0,-3.46945e-12,0.054452,0.00144351,-0.0316945,-0.0035811,0.00321675,-0.000121279,0,0,0.00371466,-0.0755328,-0.00439205,0.610853,0.0194776,0.0564276,-0.00209584,0,0,-9.54098e-12,0.0264542,-0.00607362,-0.0369965,0.0316053,0.000387207,0.000325016,0,0,-0.215048,0.0308051,-0.261267,0.195051,0.302516,-0.0387633,0.0378734,0,0,-5.55112e-11,0.0473358,-0.00750126,0.0188122,0.010881,-0.0691089,0.00244507,0,0,-0.0340581,-0.216489,-0.00634253,0.564327,-0.0387157,0.39578,-0.00469843,0,0,1.73472e-12,-0.00331731,0.00188657,0.00455861,-0.00152672,0.00329667,-2.12824e-05,0,0,-0.0173338,-0.00456741,-0.0101249,-0.0210133,0.0379179,-0.00470742,0.0653821,0,0,0,0,0,0,0,0,0,0,0,0,0,0,0,0,0,0,0.905991,3.95329e-09,0,0,0,0,0,0,0,0,0,0,0,0,0,0,0,0,3.95209e-09,0.905991,
1.73472e-12,0.00612352,-0.0179517,-0.000923795,0.00192737,-6.98733e-05,2.70089e-05,0,0,0.380073,-0.0102494,0.221363,0.00368621,-0.021555,-0.00340909,-0.00173632,0,0,1.38778e-11,0.0778746,-0.00429053,0.0361069,0.00234861,0.00107678,-3.99051e-05,0,0,-0.0102398,0.625532,-0.000156601,-0.0747153,0.00311983,-0.021626,-0.00046088,0,0,-2.60209e-12,-0.0049087,0.0473603,-0.000914761,-0.00117995,-0.000255227,-1.97481e-06,0,0,0.221671,-7.98773e-05,0.368484,-0.00439821,-0.0261587,-0.000633592,-0.00100907,0,0,-1.21431e-11,0.0544232,0.00144541,-0.0316658,-0.00357983,0.00321644,-0.000121313,0,0,0.0037133,-0.075545,-0.00439825,0.610843,0.0194812,0.0564315,-0.00209535,0,0,6.07153e-12,0.0264457,-0.00605114,-0.0369871,0.0315904,0.000384588,0.000325556,0,0,-0.214757,0.0308079,-0.261174,0.195087,0.302534,-0.0387698,0.0378639,0,0,9.71445e-11,0.0473576,-0.00750056,0.0187523,0.0108755,-0.0690908,0.00244508,0,0,-0.0340321,-0.216397,-0.00632587,0.564366,-0.0387222,0.395783,-0.00469928,0,0,-3.46945e-12,-0.00331738,0.00188621,0.00455946,-0.00152469,0.00329703,-2.10355e-05,0,0,-0.0173554,-0.0045704,-0.0101305,-0.0210085,0.0379085,-0.00470827,0.0653831,0,0,0,-1.20024e-12,-1.20024e-12,1.20024e-12,-1.20024e-12,0,-1.20024e-12,0,0,0,0,0,0,0,0,0,0.905991,4.02501e-09,0,0,0,0,0,0,-1.20024e-12,1.14023e-10,0,0,0,0,0,0,0,0,4.02411e-09,0.905991,
-3.46945e-12,0.00612078,-0.0179589,-0.000922207,0.00192486,-6.99279e-05,2.70286e-05,0,0,0.380201,-0.0102547,0.22126,0.00368461,-0.021526,-0.00340653,-0.00173848,0,0,0,0.0778819,-0.00428982,0.0360764,0.00234744,0.00107734,-3.9935e-05,0,0,-0.010245,0.62555,-0.000156623,-0.0747268,0.00312015,-0.0216168,-0.000461186,0,0,7.37257e-12,-0.00490862,0.0473992,-0.000911661,-0.00117965,-0.000255025,-1.99599e-06,0,0,0.221568,-7.98703e-05,0.368595,-0.0044046,-0.0261495,-0.000631954,-0.00100962,0,0,1.73472e-12,0.0543944,0.00144731,-0.0316371,-0.0035786,0.00321612,-0.000121348,0,0,0.00371191,-0.0755571,-0.00440447,0.610833,0.0194848,0.0564353,-0.00209487,0,0,-2.25514e-11,0.0264372,-0.00602858,-0.0369776,0.0315753,0.000382019,0.000326108,0,0,-0.214465,0.0308108,-0.261081,0.195123,0.302553,-0.0387763,0.0378545,0,0,-6.93889e-11,0.0473795,-0.00749984,0.0186923,0.01087,-0.0690727,0.0024451,0,0,-0.0340059,-0.216305,-0.00630909,0.564406,-0.0387286,0.395786,-0.00470013,0,0,3.46945e-12,-0.00331744,0.00188585,0.00456029,-0.00152267,0.00329743,-2.07893e-05,0,0,-0.0173771,-0.0045734,-0.0101361,-0.0210037,0.0378991,-0.00470913,0.0653842,0,0,0,0,0,0,0,0,0,0,0,0,0,0,0,0,0,0,0.905991,4.18884e-09,0,0,1.20024e-12,0,-1.20024e-12,0,0,0,0,0,0,0,0,0,0,0,4.18944e-09,0.905991,
-6.93889e-12,0.00611802,-0.0179661,-0.000920705,0.00192235,-7.00114e-05,2.70489e-05,0,0,0.38033,-0.01026,0.221157,0.00368298,-0.0214969,-0.00340395,-0.00174065,0,0,0,0.0778892,-0.00428909,0.0360458,0.00234628,0.00107791,-3.9965e-05,0,0,-0.0102503,0.625568,-0.000156645,-0.0747382,0.00312048,-0.0216075,-0.000461493,0,0,2.0383e-11,-0.00490855,0.047438,-0.000908699,-0.00117934,-0.000254843,-2.01684e-06,0,0,0.221466,-7.98645e-05,0.368706,-0.00441102,-0.0261402,-0.000630305,-0.00101018,0,0,-6.93889e-12,0.0543656,0.0014492,-0.0316084,-0.00357738,0.00321578,-0.000121383,0,0,0.0037105,-0.0755693,-0.00441071,0.610823,0.0194884,0.0564392,-0.00209438,0,0,1.99493e-11,0.0264287,-0.00600593,-0.0369683,0.0315602,0.000379535,0.000326659,0,0,-0.214173,0.0308137,-0.260988,0.19516,0.302571,-0.0387828,0.037845,0,0,4.85723e-11,0.0474013,-0.00749909,0.0186323,0.0108646,-0.0690544,0.00244512,0,0,-0.0339794,-0.216214,-0.00629218,0.564445,-0.038735,0.395789,-0.00470098,0,0,3.46945e-12,-0.00331751,0.00188548,0.00456112,-0.00152065,0.00329783,-2.05449e-05,0,0,-0.0173987,-0.0045764,-0.0101416,-0.0209989,0.0378897,-0.00470998,0.0653852,0,0,0,0,0,0,0,0,0,0,0,0,0,0,0,0,0,0,0.905991,-4.4643e-09,0,0,0,0,0,0,-2.40048e-12,0,0,0,0,0,0,0,0,0,-4.4646e-09,0.905991,
5.20417e-12,0.00611526,-0.0179733,-0.000919238,0.00191985,-7.00489e-05,2.70674e-05,0,0,0.380459,-0.0102652,0.221053,0.00368132,-0.0214677,-0.00340135,-0.00174282,0,0,-1.38778e-11,0.0778965,-0.00428835,0.0360151,0.0023451,0.00107848,-3.99949e-05,0,0,-0.0102555,0.625586,-0.000156665,-0.0747497,0.00312081,-0.0215983,-0.000461801,0,0,-1.64799e-11,-0.00490849,0.0474769,-0.000905754,-0.00117902,-0.000254628,-2.03841e-06,0,0,0.221363,-7.986e-05,0.368817,-0.00441745,-0.026131,-0.000628645,-0.00101073,0,0,-5.20417e-12,0.0543367,0.00145109,-0.0315796,-0.00357614,0.00321545,-0.000121418,0,0,0.00370907,-0.0755814,-0.00441697,0.610813,0.019492,0.056443,-0.00209389,0,0,-3.46945e-12,0.0264202,-0.0059832,-0.0369589,0.0315449,0.000377029,0.000327205,0,0,-0.213881,0.0308167,-0.260894,0.195196,0.30259,-0.0387893,0.0378354,0,0,2.08167e-11,0.0474232,-0.00749832,0.0185723,0.0108591,-0.0690362,0.00244514,0,0,-0.0339527,-0.216122,-0.00627513,0.564484,-0.0387415,0.395792,-0.00470182,0,0,0,-0.00331757,0.00188512,0.00456195,-0.00151862,0.00329821,-2.02999e-05,0,0,-0.0174204,-0.00457941,-0.0101472,-0.0209941,0.0378802,-0.00471084,0.0653862,0,0,0,0,0,0,0,0,0,0,0,0,0,0,0,0,0,0,0.905991,-4.60352e-09,0,0,0,0,0,0,0,0,0,0,0,0,0,0,0,0,-4.60202e-09,0.905991,
5.20417e-12,0.0061125,-0.0179804,-0.000917785,0.00191736,-7.00932e-05,2.7086e-05,0,0,0.380587,-0.0102705,0.22095,0.00367963,-0.0214385,-0.00339872,-0.00174499,0,0,0,0.0779038,-0.0042876,0.0359845,0.00234393,0.00107906,-4.0025e-05,0,0,-0.0102607,0.625604,-0.000156686,-0.0747611,0.00312114,-0.0215891,-0.000462109,0,0,-1.51788e-11,-0.00490844,0.0475157,-0.000902826,-0.00117869,-0.000254414,-2.05992e-06,0,0,0.22126,-7.98569e-05,0.368927,-0.00442392,-0.0261217,-0.000626971,-0.00101129,0,0,1.04083e-11,0.0543078,0.00145297,-0.0315507,-0.00357489,0.00321512,-0.000121453,0,0,0.0037076,-0.0755936,-0.00442324,0.610803,0.0194956,0.0564469,-0.0020934,0,0,-1.56125e-11,0.0264117,-0.0059604,-0.0369495,0.0315296,0.000374492,0.000327752,0,0,-0.213589,0.0308196,-0.260801,0.195232,0.302608,-0.0387958,0.0378259,0,0,-3.46945e-11,0.0474451,-0.00749752,0.0185122,0.0108537,-0.0690179,0.00244516,0,0,-0.0339256,-0.21603,-0.00625795,0.564523,-0.0387479,0.395795,-0.00470267,0,0,3.46945e-12,-0.00331763,0.00188475,0.00456278,-0.00151658,0.0032986,-2.00532e-05,0,0,-0.0174421,-0.00458242,-0.0101528,-0.0209893,0.0378708,-0.0047117,0.0653873,0,0,0,-1.20024e-12,1.20024e-12,0,0,0,1.20024e-12,-6.00121e-11,0,0,0,0,0,0,0,0,0.905991,-4.58852e-09,0,0,0,0,0,0,0,-3.60072e-12,0,0,0,0,0,0,0,0,-4.58882e-09,0.905991,
-5.20417e-12,0.00610974,-0.0179876,-0.000916337,0.00191486,-7.01001e-05,2.71032e-05,0,0,0.380716,-0.0102758,0.220846,0.00367791,-0.0214093,-0.00339606,-0.00174717,0,0,1.38778e-11,0.0779111,-0.00428685,0.0359538,0.00234276,0.00107963,-4.0055e-05,0,0,-0.0102659,0.625623,-0.000156705,-0.0747726,0.00312147,-0.0215799,-0.000462418,0,0,1.69136e-11,-0.00490839,0.0475546,-0.000899873,-0.00117834,-0.000254173,-2.08206e-06,0,0,0.221156,-7.98551e-05,0.369038,-0.0044304,-0.0261124,-0.000625285,-0.00101185,0,0,1.38778e-11,0.0542788,0.00145486,-0.0315219,-0.00357362,0.0032148,-0.000121487,0,0,0.00370612,-0.0756057,-0.00442954,0.610792,0.0194992,0.0564507,-0.0020929,0,0,8.67362e-12,0.0264031,-0.00593753,-0.0369401,0.0315142,0.000371887,0.000328296,0,0,-0.213297,0.0308226,-0.260707,0.195269,0.302627,-0.0388022,0.0378164,0,0,1.38778e-11,0.047467,-0.00749668,0.018452,0.0108481,-0.0689996,0.00244517,0,0,-0.0338983,-0.215938,-0.00624063,0.564562,-0.0387542,0.395798,-0.00470352,0,0,0,-0.0033177,0.00188437,0.00456361,-0.00151453,0.00329898,-1.98044e-05,0,0,-0.0174638,-0.00458544,-0.0101585,-0.0209845,0.0378613,-0.00471255,0.0653883,0,0,0,0,2.40048e-12,1.20024e-12,1.20024e-12,-1.20024e-12,1.20024e-12,0,0,0,0,0,0,0,0,0,0.905991,-4.44059e-09,0,0,-2.40048e-12,-2.40048e-12,0,0,0,0,0,0,0,0,0,0,0,0,-4.44029e-09,0.905991,
1.73472e-12,0.00610702,-0.0179947,-0.000914811,0.00191237,-6.99962e-05,2.71166e-05,0,0,0.380845,-0.010281,0.220742,0.00367617,-0.0213801,-0.00339337,-0.00174934,0,0,-1.38778e-11,0.0779183,-0.00428611,0.0359232,0.00234157,0.00108022,-4.00848e-05,0,0,-0.0102711,0.625641,-0.000156723,-0.074784,0.00312181,-0.0215706,-0.000462728,0,0,-9.1073e-12,-0.00490834,0.0475935,-0.000896729,-0.00117795,-0.000253851,-2.10596e-06,0,0,0.221053,-7.98548e-05,0.369149,-0.00443692,-0.0261031,-0.000623584,-0.00101241,0,0,1.73472e-11,0.0542498,0.00145676,-0.031493,-0.00357228,0.00321449,-0.00012152,0,0,0.0037046,-0.0756179,-0.00443586,0.610782,0.0195028,0.0564546,-0.00209241,0,0,-4.16334e-11,0.0263946,-0.00591459,-0.0369306,0.0314986,0.000369064,0.000328835,0,0,-0.213004,0.0308256,-0.260614,0.195305,0.302646,-0.0388086,0.0378068,0,0,-1.17961e-10,0.0474889,-0.00749581,0.0183918,0.0108423,-0.0689814,0.00244516,0,0,-0.0338707,-0.215846,-0.00622317,0.564602,-0.0387606,0.395801,-0.00470437,0,0,3.46945e-12,-0.00331775,0.00188399,0.00456444,-0.00151247,0.00329932,-1.95498e-05,0,0,-0.0174855,-0.00458846,-0.0101641,-0.0209797,0.0378518,-0.00471341,0.0653893,0,0,0,0,0,0,0,0,0,0,0,0,0,0,0,0,0,0,0.905991,4.19664e-09,0,2.40048e-12,2.40048e-12,-2.40048e-12,2.40048e-12,0,0,0,0,0,0,0,0,0,0,0,4.19664e-09,0.905991,
2.60209e-12,0.00610431,-0.0180018,-0.000913184,0.00190987,-6.98728e-05,2.71295e-05,0,0,0.380974,-0.0102863,0.220638,0.00367439,-0.0213508,-0.00339066,-0.00175152,0,0,0,0.0779256,-0.00428539,0.0358925,0.00234039,0.0010808,-4.01144e-05,0,0,-0.0102763,0.625659,-0.00015674,-0.0747955,0.00312214,-0.0215614,-0.000463038,0,0,-6.93889e-12,-0.00490826,0.0476324,-0.000893411,-0.00117756,-0.000253508,-2.13034e-06,0,0,0.220949,-7.98558e-05,0.36926,-0.00444346,-0.0260938,-0.000621869,-0.00101297,0,0,-8.67362e-12,0.0542208,0.00145867,-0.0314641,-0.00357091,0.00321419,-0.000121553,0,0,0.00370307,-0.07563,-0.0044422,0.610772,0.0195064,0.0564584,-0.00209192,0,0,3.46945e-12,0.026386,-0.00589158,-0.036921,0.0314829,0.000366027,0.00032938,0,0,-0.212711,0.0308286,-0.26052,0.195342,0.302665,-0.038815,0.0377972,0,0,7.63278e-11,0.0475108,-0.00749489,0.0183316,0.0108362,-0.0689631,0.00244515,0,0,-0.0338428,-0.215754,-0.00620557,0.564641,-0.0387669,0.395804,-0.00470522,0,0,-3.46945e-12,-0.00331781,0.00188361,0.00456529,-0.00151039,0.00329967,-1.92886e-05,0,0,-0.0175073,-0.00459149,-0.0101698,-0.0209748,0.0378423,-0.00471427,0.0653903,0,0,0,0,0,0,0,0,0,0,0,0,0,0,0,0,0,0,0.905991,4.09702e-09,0,0,0,0,0,0,0,0,0,0,0,0,0,0,0,0,4.09762e-09,0.905991,
8.67362e-13,0.0061016,-0.0180088,-0.000911483,0.00190735,-6.97465e-05,2.71424e-05,0,0,0.381104,-0.0102916,0.220533,0.00367258,-0.0213215,-0.00338791,-0.0017537,0,0,-1.38778e-11,0.0779328,-0.00428467,0.0358619,0.00233919,0.00108137,-4.01441e-05,0,0,-0.0102815,0.625677,-0.000156758,-0.0748069,0.00312248,-0.0215521,-0.000463349,0,0,-3.90313e-12,-0.00490818,0.0476713,-0.000889973,-0.00117718,-0.000253156,-2.15498e-06,0,0,0.220845,-7.98578e-05,0.369371,-0.00445002,-0.0260845,-0.000620141,-0.00101353,0,0,-1.73472e-12,0.0541917,0.00146058,-0.0314351,-0.00356952,0.0032139,-0.000121587,0,0,0.0037015,-0.0756421,-0.00444856,0.610762,0.01951,0.0564622,-0.00209142,0,0,-1.73472e-12,0.0263774,-0.0058685,-0.0369112,0.031467,0.000362825,0.00032993,0,0,-0.212417,0.0308316,-0.260426,0.195378,0.302684,-0.0388214,0.0377876,0,0,-4.16334e-11,0.0475328,-0.00749393,0.0182713,0.01083,-0.0689449,0.00244514,0,0,-0.0338146,-0.215662,-0.00618785,0.56468,-0.0387732,0.395807,-0.00470607,0,0,-1.73472e-12,-0.00331786,0.00188322,0.00456614,-0.00150829,0.00330004,-1.90222e-05,0,0,-0.0175291,-0.00459453,-0.0101755,-0.02097,0.0378328,-0.00471513,0.0653914,0,0,0,-2.40048e-12,-2.40048e-12,2.40048e-12,0,0,2.40048e-12,0,0,0,0,0,0,0,0,0,0.905991,4.10542e-09,0,0,0,0,0,0,0,0,0,0,0,0,0,0,0,0,4.10602e-09,0.905991,
-3.46945e-12,0.0060989,-0.0180159,-0.000909712,0.00190482,-6.96144e-05,2.71551e-05,0,0,0.381233,-0.0102968,0.220428,0.00367075,-0.0212922,-0.00338514,-0.00175588,0,0,0,0.07794,-0.00428397,0.0358312,0.00233799,0.00108195,-4.01736e-05,0,0,-0.0102867,0.625695,-0.000156776,-0.0748183,0.00312282,-0.0215429,-0.00046366,0,0,9.1073e-12,-0.00490808,0.0477102,-0.000886418,-0.00117678,-0.000252793,-2.17991e-06,0,0,0.220741,-7.98606e-05,0.369482,-0.0044566,-0.0260752,-0.000618398,-0.00101409,0,0,8.67362e-12,0.0541625,0.00146249,-0.0314062,-0.0035681,0.0032136,-0.00012162,0,0,0.00369992,-0.0756542,-0.00445495,0.610752,0.0195136,0.0564661,-0.00209092,0,0,0,0.0263688,-0.00584535,-0.0369014,0.031451,0.00035946,0.000330484,0,0,-0.212123,0.0308347,-0.260333,0.195414,0.302703,-0.0388277,0.037778,0,0,2.77556e-11,0.0475548,-0.00749293,0.018211,0.0108235,-0.0689266,0.00244512,0,0,-0.0337861,-0.21557,-0.00616999,0.564719,-0.0387795,0.39581,-0.00470692,0,0,1.73472e-12,-0.00331791,0.00188282,0.004567,-0.00150619,0.00330041,-1.87506e-05,0,0,-0.0175509,-0.00459758,-0.0101812,-0.0209651,0.0378232,-0.00471599,0.0653924,0,0,0,0,0,0,0,0,0,0,0,0,0,0,0,0,0,0,0.905991,4.21495e-09,0,0,0,0,0,0,0,0,0,0,0,0,0,0,0,0,4.21495e-09,0.905991,
-8.67362e-13,0.00609614,-0.0180228,-0.000907989,0.00190224,-6.96271e-05,2.7173e-05,0,0,0.381362,-0.0103021,0.220324,0.00366889,-0.0212629,-0.00338234,-0.00175807,0,0,2.77556e-11,0.0779472,-0.00428326,0.0358005,0.0023368,0.00108251,-4.02034e-05,0,0,-0.010292,0.625713,-0.000156795,-0.0748297,0.00312316,-0.0215336,-0.000463973,0,0,4.77049e-12,-0.00490798,0.0477491,-0.000883016,-0.00117645,-0.000252524,-2.203e-06,0,0,0.220637,-7.98639e-05,0.369594,-0.0044632,-0.0260658,-0.000616644,-0.00101466,0,0,-1.9082e-11,0.0541333,0.0014644,-0.0313772,-0.00356675,0.00321328,-0.000121655,0,0,0.0036983,-0.0756664,-0.00446135,0.610742,0.0195172,0.0564699,-0.00209043,0,0,1.9082e-11,0.0263602,-0.00582211,-0.0368917,0.0314349,0.000356175,0.000331054,0,0,-0.211829,0.0308377,-0.260239,0.195451,0.302722,-0.0388341,0.0377684,0,0,2.77556e-11,0.0475768,-0.00749191,0.0181505,0.0108173,-0.0689082,0.00244513,0,0,-0.0337574,-0.215478,-0.00615201,0.564758,-0.0387858,0.395814,-0.00470777,0,0,1.73472e-12,-0.00331795,0.00188243,0.00456785,-0.00150408,0.00330084,-1.84802e-05,0,0,-0.0175727,-0.00460063,-0.0101869,-0.0209602,0.0378136,-0.00471685,0.0653935,0,0,0,0,0,-1.20024e-12,0,0,0,0,0,0,0,0,0,0,0,0,0.905991,-4.43189e-09,0,0,0,0,0,0,0,0,0,0,0,0,0,0,0,0,-4.43219e-09,0.905991,
0,0.00609338,-0.0180298,-0.00090638,0.00189967,-6.96234e-05,2.71897e-05,0,0,0.381492,-0.0103073,0.220218,0.00366701,-0.0212335,-0.00337951,-0.00176025,0,0,0,0.0779544,-0.00428253,0.0357697,0.0023356,0.00108308,-4.02333e-05,0,0,-0.0102972,0.625731,-0.000156814,-0.0748411,0.0031235,-0.0215244,-0.000464286,0,0,-4.33681e-13,-0.00490791,0.047788,-0.000879765,-0.00117609,-0.000252245,-2.22639e-06,0,0,0.220532,-7.98681e-05,0.369705,-0.00446983,-0.0260565,-0.000614878,-0.00101523,0,0,-1.04083e-11,0.0541041,0.0014663,-0.0313481,-0.0035654,0.00321295,-0.00012169,0,0,0.00369666,-0.0756785,-0.00446778,0.610732,0.0195208,0.0564737,-0.00208993,0,0,1.73472e-12,0.0263515,-0.00579878,-0.0368821,0.0314187,0.000352995,0.000331618,0,0,-0.211535,0.0308408,-0.260144,0.195487,0.302742,-0.0388404,0.0377587,0,0,2.77556e-11,0.0475988,-0.00749087,0.0180901,0.0108111,-0.0688898,0.00244513,0,0,-0.0337284,-0.215386,-0.00613389,0.564797,-0.0387921,0.395817,-0.00470862,0,0,0,-0.003318,0.00188203,0.00456869,-0.00150198,0.00330125,-1.82127e-05,0,0,-0.0175945,-0.00460369,-0.0101926,-0.0209553,0.0378041,-0.00471771,0.0653945,0,0,0,1.20024e-12,0,0,0,0,0,5.88118e-11,0,0,0,0,0,0,0,0,0.905991,-4.51201e-09,0,2.40048e-12,0,0,0,0,0,1.20024e-12,0,0,0,0,0,0,0,0,-4.51231e-09,0.905991,
-8.67362e-13,0.0060907,-0.0180367,-0.000904628,0.00189713,-6.93439e-05,2.71972e-05,0,0,0.381622,-0.0103126,0.220113,0.0036651,-0.0212041,-0.00337665,-0.00176244,0,0,1.38778e-11,0.0779616,-0.00428181,0.0357389,0.00233439,0.00108365,-4.02622e-05,0,0,-0.0103024,0.625749,-0.000156833,-0.0748525,0.00312385,-0.0215151,-0.000464599,0,0,4.33681e-12,-0.00490784,0.047827,-0.000876124,-0.00117565,-0.000251775,-2.25423e-06,0,0,0.220427,-7.98741e-05,0.369816,-0.00447649,-0.0260472,-0.000613095,-0.0010158,0,0,1.73472e-12,0.0540748,0.00146821,-0.031319,-0.00356389,0.00321267,-0.000121722,0,0,0.003695,-0.0756906,-0.00447422,0.610722,0.0195244,0.0564776,-0.00208943,0,0,0,0.0263429,-0.00577538,-0.0368722,0.0314023,0.000349443,0.000332168,0,0,-0.21124,0.0308439,-0.26005,0.195524,0.302761,-0.0388467,0.0377491,0,0,7.63278e-11,0.0476208,-0.00748977,0.0180296,0.0108044,-0.0688714,0.00244508,0,0,-0.0336991,-0.215294,-0.00611564,0.564836,-0.0387983,0.39582,-0.00470948,0,0,0,-0.00331805,0.00188163,0.00456955,-0.00149985,0.00330157,-1.79371e-05,0,0,-0.0176164,-0.00460676,-0.0101983,-0.0209504,0.0377945,-0.00471857,0.0653955,0,0,0,0,0,0,0,0,0,0,0,0,0,0,0,0,0,0,0.905991,-4.45199e-09,0,0,0,0,0,0,0,0,0,0,0,0,0,0,0,0,-4.45169e-09,0.905991,
-6.07153e-12,0.00608794,-0.0180436,-0.000902849,0.00189453,-6.93479e-05,2.72149e-05,0,0,0.381751,-0.0103178,0.220008,0.00366316,-0.0211747,-0.00337377,-0.00176463,0,0,0,0.0779687,-0.0042811,0.035708,0.00233318,0.00108421,-4.0292e-05,0,0,-0.0103076,0.625766,-0.000156853,-0.0748639,0.0031242,-0.0215059,-0.000464913,0,0,1.21431e-11,-0.00490773,0.0478659,-0.000872609,-0.0011753,-0.000251487,-2.27775e-06,0,0,0.220322,-7.98804e-05,0.369927,-0.00448316,-0.0260378,-0.000611302,-0.00101637,0,0,1.56125e-11,0.0540455,0.00147012,-0.0312899,-0.0035625,0.00321234,-0.000121758,0,0,0.00369331,-0.0757027,-0.00448069,0.610712,0.019528,0.0564814,-0.00208893,0,0,-1.56125e-11,0.0263342,-0.0057519,-0.0368623,0.0313858,0.000345913,0.000332745,0,0,-0.210945,0.030847,-0.259956,0.19556,0.302781,-0.038853,0.0377394,0,0,-1.17961e-10,0.0476429,-0.00748864,0.0179689,0.0107978,-0.0688529,0.00244508,0,0,-0.0336696,-0.215202,-0.00609726,0.564875,-0.0388046,0.395823,-0.00471033,0,0,1.73472e-12,-0.00331809,0.00188123,0.0045704,-0.00149772,0.00330201,-1.76581e-05,0,0,-0.0176383,-0.00460983,-0.0102041,-0.0209455,0.0377849,-0.00471943,0.0653966,0,0,0,0,0,0,0,0,0,0,0,0,0,0,0,0,0,0,0.905991,4.27646e-09,0,0,0,0,0,0,0,0,0,0,0,0,0,0,0,0,4.27646e-09,0.905991,
-7.80626e-12,0.00608516,-0.0180505,-0.0009012,0.00189195,-6.93576e-05,2.72318e-05,0,0,0.381881,-0.0103231,0.219902,0.0036612,-0.0211452,-0.00337086,-0.00176683,0,0,-1.38778e-11,0.0779758,-0.00428036,0.0356771,0.00233197,0.00108478,-4.0322e-05,0,0,-0.0103128,0.625784,-0.000156874,-0.0748753,0.00312455,-0.0214966,-0.000465228,0,0,1.95156e-11,-0.00490765,0.0479048,-0.000869283,-0.00117493,-0.000251204,-2.30131e-06,0,0,0.220217,-7.98877e-05,0.370039,-0.00448985,-0.0260284,-0.000609496,-0.00101694,0,0,1.38778e-11,0.0540162,0.00147203,-0.0312608,-0.00356111,0.00321202,-0.000121793,0,0,0.0036916,-0.0757148,-0.00448718,0.610701,0.0195316,0.0564852,-0.00208842,0,0,-3.46945e-12,0.0263255,-0.00572833,-0.0368526,0.0313693,0.000342515,0.000333315,0,0,-0.21065,0.0308502,-0.259862,0.195597,0.302801,-0.0388593,0.0377297,0,0,-5.55112e-11,0.0476649,-0.0074875,0.0179083,0.0107914,-0.0688344,0.00244509,0,0,-0.0336397,-0.215109,-0.00607875,0.564914,-0.0388108,0.395827,-0.00471118,0,0,1.73472e-12,-0.00331814,0.00188082,0.00457125,-0.00149559,0.00330244,-1.73827e-05,0,0,-0.0176602,-0.0046129,-0.0102099,-0.0209406,0.0377752,-0.00472029,0.0653976,0,0,0,1.20024e-12,0,0,-1.20024e-12,0,0,-1.15223e-10,0,0,0,0,0,0,0,0,0.905991,4.23595e-09,0,1.20024e-12,0,0,-1.20024e-12,0,0,1.15223e-10,0,0,0,0,0,0,0,0,4.23625e-09,0.905991,
8.67362e-13,0.00608245,-0.0180573,-0.000899492,0.00188941,-6.91301e-05,2.72404e-05,0,0,0.382011,-0.0103283,0.219796,0.00365921,-0.0211157,-0.00336792,-0.00176902,0,0,0,0.0779829,-0.00427963,0.0356462,0.00233076,0.00108536,-4.03514e-05,0,0,-0.0103179,0.625802,-0.000156895,-0.0748867,0.0031249,-0.0214873,-0.000465544,0,0,-1.30104e-12,-0.00490758,0.0479438,-0.000865712,-0.00117448,-0.000250759,-2.32841e-06,0,0,0.220111,-7.98967e-05,0.37015,-0.00449657,-0.0260191,-0.000607675,-0.00101751,0,0,8.67362e-12,0.0539868,0.00147394,-0.0312316,-0.00355961,0.00321173,-0.000121825,0,0,0.00368986,-0.0757269,-0.00449369,0.610691,0.0195353,0.056489,-0.00208792,0,0,8.67362e-12,0.0263168,-0.0057047,-0.0368427,0.0313526,0.000338882,0.000333865,0,0,-0.210355,0.0308533,-0.259767,0.195633,0.30282,-0.0388655,0.03772,0,0,2.77556e-11,0.047687,-0.00748631,0.0178476,0.0107846,-0.0688159,0.00244505,0,0,-0.0336097,-0.215017,-0.00606012,0.564953,-0.0388169,0.39583,-0.00471203,0,0,-1.73472e-12,-0.00331817,0.00188041,0.0045721,-0.00149344,0.00330278,-1.71019e-05,0,0,-0.0176821,-0.00461599,-0.0102156,-0.0209357,0.0377656,-0.00472115,0.0653987,0,0,0,0,2.40048e-12,2.40048e-12,0,-2.40048e-12,0,0,0,0,0,0,0,0,0,0,0.905991,-4.30917e-09,0,0,0,0,0,0,0,0,0,0,0,0,0,0,0,0,-4.30857e-09,0.905991,
-2.60209e-12,0.00607976,-0.0180641,-0.00089764,0.00188684,-6.88806e-05,2.72488e-05,0,0,0.382141,-0.0103336,0.21969,0.00365719,-0.0210862,-0.00336496,-0.00177122,0,0,0,0.07799,-0.00427892,0.0356153,0.00232953,0.00108593,-4.03806e-05,0,0,-0.0103231,0.62582,-0.000156916,-0.0748981,0.00312525,-0.021478,-0.00046586,0,0,6.93889e-12,-0.00490749,0.0479828,-0.0008619,-0.00117403,-0.00025029,-2.35597e-06,0,0,0.220006,-7.9907e-05,0.370262,-0.00450332,-0.0260097,-0.00060584,-0.00101809,0,0,1.38778e-11,0.0539574,0.00147586,-0.0312024,-0.00355806,0.00321144,-0.000121857,0,0,0.0036881,-0.075739,-0.00450022,0.610681,0.0195389,0.0564928,-0.00208741,0,0,0,0.0263081,-0.00568101,-0.0368326,0.0313358,0.000334981,0.000334425,0,0,-0.210059,0.0308565,-0.259673,0.19567,0.30284,-0.0388718,0.0377102,0,0,2.08167e-11,0.0477091,-0.00748508,0.0177869,0.0107775,-0.0687974,0.00244501,0,0,-0.0335793,-0.214925,-0.00604136,0.564992,-0.0388231,0.395833,-0.00471288,0,0,-1.73472e-12,-0.00331821,0.00188,0.00457297,-0.00149127,0.00330314,-1.6813e-05,0,0,-0.017704,-0.00461908,-0.0102214,-0.0209307,0.0377559,-0.00472201,0.0653997,0,0,0,-1.20024e-12,0,0,1.20024e-12,0,-1.20024e-12,0,0,0,0,0,0,0,0,0,0.905991,4.25906e-09,0,0,0,0,0,0,0,0,0,0,0,0,0,0,0,0,4.25936e-09,0.905991,
-1.73472e-12,0.00607707,-0.0180709,-0.000895696,0.00188425,-6.86478e-05,2.72579e-05,0,0,0.382272,-0.0103388,0.219583,0.00365516,-0.0210566,-0.00336196,-0.00177342,0,0,0,0.0779971,-0.00427822,0.0355844,0.0023283,0.0010865,-4.04098e-05,0,0,-0.0103283,0.625838,-0.00015694,-0.0749095,0.00312561,-0.0214687,-0.000466177,0,0,7.37257e-12,-0.00490737,0.0480217,-0.000857953,-0.00117359,-0.000249824,-2.38353e-06,0,0,0.2199,-7.99185e-05,0.370373,-0.00451008,-0.0260003,-0.000603992,-0.00101866,0,0,-1.56125e-11,0.0539279,0.00147779,-0.0311731,-0.00355651,0.00321116,-0.00012189,0,0,0.00368632,-0.0757511,-0.00450677,0.610671,0.0195425,0.0564966,-0.00208691,0,0,3.29597e-11,0.0262993,-0.00565724,-0.0368224,0.0313188,0.000330903,0.000334993,0,0,-0.209763,0.0308597,-0.259578,0.195706,0.30286,-0.038878,0.0377005,0,0,2.77556e-11,0.0477312,-0.00748381,0.0177261,0.0107703,-0.0687789,0.00244496,0,0,-0.0335487,-0.214832,-0.00602249,0.565031,-0.0388293,0.395837,-0.00471374,0,0,-1.73472e-12,-0.00331824,0.00187958,0.00457384,-0.00148909,0.00330351,-1.65182e-05,0,0,-0.017726,-0.00462218,-0.0102273,-0.0209257,0.0377463,-0.00472288,0.0654007,0,0,0,0,0,0,0,0,0,0,0,0,0,0,0,0,0,0,0.905991,-4.32537e-09,0,0,0,0,0,0,0,0,0,0,0,0,0,0,0,0,-4.32477e-09,0.905991,
-1.73472e-12,0.00607437,-0.0180776,-0.000893665,0.00188165,-6.84244e-05,2.72674e-05,0,0,0.382402,-0.0103441,0.219477,0.0036531,-0.0210271,-0.00335894,-0.00177562,0,0,0,0.0780042,-0.00427754,0.0355534,0.00232707,0.00108707,-4.0439e-05,0,0,-0.0103335,0.625856,-0.000156965,-0.0749208,0.00312597,-0.0214594,-0.000466494,0,0,4.77049e-12,-0.00490724,0.0480607,-0.000853871,-0.00117315,-0.000249356,-2.41122e-06,0,0,0.219793,-7.9931e-05,0.370485,-0.00451686,-0.0259909,-0.000602131,-0.00101924,0,0,0,0.0538983,0.00147973,-0.0311438,-0.00355493,0.00321087,-0.000121923,0,0,0.00368451,-0.0757632,-0.00451334,0.610661,0.0195461,0.0565005,-0.0020864,0,0,1.04083e-11,0.0262906,-0.00563339,-0.0368122,0.0313016,0.000326647,0.000335567,0,0,-0.209467,0.0308629,-0.259483,0.195743,0.302881,-0.0388842,0.0376907,0,0,0,0.0477534,-0.00748249,0.0176652,0.0107628,-0.0687603,0.00244492,0,0,-0.0335179,-0.21474,-0.00600352,0.56507,-0.0388354,0.39584,-0.00471459,0,0,0,-0.00331827,0.00187916,0.00457473,-0.0014869,0.0033039,-1.62179e-05,0,0,-0.017748,-0.00462529,-0.0102331,-0.0209208,0.0377366,-0.00472374,0.0654018,0,0,0,0,0,0,0,0,0,0,0,0,0,0,0,0,0,0,0.905991,4.26806e-09,0,0,0,0,0,0,0,0,0,0,0,0,0,0,0,0,4.26746e-09,0.905991,
-2.60209e-12,0.00607157,-0.0180844,-0.000891767,0.001879,-6.85045e-05,2.72868e-05,0,0,0.382532,-0.0103493,0.21937,0.00365102,-0.0209975,-0.0033559,-0.00177782,0,0,1.38778e-11,0.0780113,-0.00427684,0.0355224,0.00232584,0.00108763,-4.04692e-05,0,0,-0.0103387,0.625873,-0.000156994,-0.0749322,0.00312633,-0.0214501,-0.000466812,0,0,8.23994e-12,-0.00490711,0.0480997,-0.000850167,-0.0011728,-0.000249091,-2.43434e-06,0,0,0.219687,-7.99437e-05,0.370597,-0.00452365,-0.0259814,-0.000600262,-0.00101982,0,0,3.46945e-12,0.0538688,0.00148165,-0.0311145,-0.0035535,0.00321054,-0.00012196,0,0,0.00368269,-0.0757753,-0.00451993,0.610651,0.0195497,0.0565043,-0.00208589,0,0,-1.04083e-11,0.0262818,-0.00560946,-0.0368021,0.0312844,0.000322648,0.000336161,0,0,-0.20917,0.0308662,-0.259389,0.195779,0.302901,-0.0388903,0.0376809,0,0,-3.46945e-11,0.0477755,-0.00748118,0.0176042,0.0107557,-0.0687416,0.00244493,0,0,-0.0334868,-0.214647,-0.00598443,0.565109,-0.0388415,0.395844,-0.00471544,0,0,0,-0.00331831,0.00187874,0.00457559,-0.00148472,0.00330441,-1.59215e-05,0,0,-0.01777,-0.0046284,-0.0102389,-0.0209158,0.0377268,-0.0047246,0.0654028,0,0,0,2.40048e-12,0,2.40048e-12,0,0,0,0,0,0,0,0,0,0,0,0,0.905991,-4.32837e-09,0,-2.40048e-12,0,-2.40048e-12,0,0,0,0,0,0,0,0,0,0,0,0,-4.32747e-09,0.905991,
2.60209e-12,0.00606876,-0.0180911,-0.000890064,0.00187638,-6.85563e-05,2.73044e-05,0,0,0.382663,-0.0103546,0.219263,0.00364892,-0.0209678,-0.00335283,-0.00178002,0,0,-1.38778e-11,0.0780183,-0.00427611,0.0354913,0.00232461,0.0010882,-4.04995e-05,0,0,-0.0103439,0.625891,-0.000157024,-0.0749436,0.00312669,-0.0214408,-0.000467131,0,0,-7.80626e-12,-0.00490703,0.0481387,-0.000846731,-0.00117242,-0.000248813,-2.45798e-06,0,0,0.219581,-7.99575e-05,0.370709,-0.00453047,-0.025972,-0.000598382,-0.0010204,0,0,3.46945e-12,0.0538392,0.00148356,-0.0310852,-0.00355207,0.0032102,-0.000121996,0,0,0.00368083,-0.0757874,-0.00452655,0.610641,0.0195533,0.0565081,-0.00208538,0,0,-1.04083e-11,0.0262729,-0.00558544,-0.0367922,0.0312672,0.000318874,0.000336742,0,0,-0.208873,0.0308694,-0.259294,0.195816,0.302921,-0.0388965,0.0376711,0,0,4.85723e-11,0.0477977,-0.00747986,0.0175432,0.0107489,-0.0687228,0.00244495,0,0,-0.0334555,-0.214555,-0.00596523,0.565147,-0.0388476,0.395847,-0.0047163,0,0,1.73472e-12,-0.00331834,0.00187831,0.00457644,-0.00148255,0.00330487,-1.56319e-05,0,0,-0.017792,-0.00463152,-0.0102448,-0.0209108,0.0377171,-0.00472547,0.0654039,0,0,0,0,0,0,0,0,0,0,0,0,0,0,0,0,0,0,0.905991,4.26446e-09,0,-1.20024e-12,0,0,0,-1.20024e-12,0,0,0,0,0,0,0,0,0,0,4.26446e-09,0.905991,
5.20417e-12,0.00606595,-0.0180977,-0.000888439,0.00187377,-6.85346e-05,2.73194e-05,0,0,0.382793,-0.0103598,0.219155,0.0036468,-0.0209382,-0.00334974,-0.00178223,0,0,1.38778e-11,0.0780253,-0.00427535,0.0354602,0.00232339,0.00108878,-4.05297e-05,0,0,-0.0103491,0.625909,-0.000157055,-0.0749549,0.00312705,-0.0214315,-0.00046745,0,0,-1.25767e-11,-0.00490697,0.0481777,-0.000843355,-0.00117202,-0.000248487,-2.4827e-06,0,0,0.219474,-7.9973e-05,0.37082,-0.00453731,-0.0259626,-0.000596491,-0.00102098,0,0,-2.25514e-11,0.0538095,0.00148547,-0.0310558,-0.00355061,0.00320987,-0.00012203,0,0,0.00367896,-0.0757995,-0.00453318,0.610631,0.019557,0.0565119,-0.00208487,0,0,8.67362e-12,0.0262641,-0.00556135,-0.0367823,0.03125,0.000315139,0.000337315,0,0,-0.208576,0.0308727,-0.259199,0.195852,0.302942,-0.0389026,0.0376613,0,0,9.02056e-11,0.0478199,-0.00747852,0.0174822,0.010742,-0.068704,0.00244494,0,0,-0.0334239,-0.214462,-0.0059459,0.565186,-0.0388536,0.39585,-0.00471716,0,0,-1.73472e-12,-0.00331838,0.00187789,0.00457728,-0.00148037,0.00330531,-1.5344e-05,0,0,-0.017814,-0.00463464,-0.0102507,-0.0209058,0.0377074,-0.00472633,0.0654049,0,0,0,0,-1.20024e-12,1.20024e-12,0,1.20024e-12,0,0,0,0,0,0,0,0,0,0,0.905991,-4.31997e-09,0,0,-1.20024e-12,1.20024e-12,0,1.20024e-12,0,0,0,0,0,0,0,0,0,0,-4.31907e-09,0.905991,
0,0.00606316,-0.0181044,-0.000886806,0.00187116,-6.84572e-05,2.73327e-05,0,0,0.382924,-0.0103651,0.219048,0.00364465,-0.0209085,-0.00334663,-0.00178444,0,0,0,0.0780323,-0.0042746,0.035429,0.00232216,0.00108936,-4.05596e-05,0,0,-0.0103543,0.625926,-0.000157086,-0.0749663,0.00312742,-0.0214222,-0.00046777,0,0,-2.1684e-12,-0.00490691,0.0482167,-0.000839924,-0.00117159,-0.000248121,-2.50832e-06,0,0,0.219367,-7.99902e-05,0.370932,-0.00454417,-0.0259532,-0.000594587,-0.00102157,0,0,1.56125e-11,0.0537798,0.00148738,-0.0310264,-0.00354911,0.00320955,-0.000122065,0,0,0.00367706,-0.0758116,-0.00453983,0.610621,0.0195606,0.0565157,-0.00208436,0,0,-1.73472e-11,0.0262553,-0.00553718,-0.0367724,0.0312326,0.000311323,0.000337886,0,0,-0.208279,0.030876,-0.259104,0.195889,0.302962,-0.0389087,0.0376515,0,0,-4.85723e-11,0.0478421,-0.00747715,0.0174212,0.0107351,-0.0686852,0.00244493,0,0,-0.0333921,-0.214369,-0.00592644,0.565225,-0.0388597,0.395854,-0.00471801,0,0,0,-0.00331841,0.00187745,0.00457812,-0.00147818,0.00330572,-1.50538e-05,0,0,-0.0178361,-0.00463777,-0.0102566,-0.0209008,0.0376976,-0.0047272,0.065406,0,0,0,0,0,0,0,0,0,0,0,0,0,0,0,0,0,0,0.905991,4.25215e-09,0,0,0,0,0,0,0,0,0,0,0,0,0,0,0,0,4.25215e-09,0.905991,
4.33681e-12,0.00606039,-0.018111,-0.000885123,0.00186854,-6.83444e-05,2.73448e-05,0,0,0.383055,-0.0103703,0.21894,0.00364247,-0.0208788,-0.00334349,-0.00178665,0,0,1.38778e-11,0.0780393,-0.00427386,0.0353979,0.00232093,0.00108993,-4.05894e-05,0,0,-0.0103595,0.625944,-0.000157118,-0.0749776,0.00312778,-0.0214129,-0.00046809,0,0,-1.25767e-11,-0.00490685,0.0482558,-0.000836385,-0.00117116,-0.000247725,-2.53457e-06,0,0,0.219259,-8.00092e-05,0.371044,-0.00455105,-0.0259437,-0.000592671,-0.00102215,0,0,-1.73472e-12,0.0537501,0.0014893,-0.0309969,-0.00354759,0.00320923,-0.000122098,0,0,0.00367514,-0.0758237,-0.00454651,0.61061,0.0195642,0.0565195,-0.00208385,0,0,-3.46945e-12,0.0262464,-0.00551294,-0.0367624,0.0312151,0.000307369,0.000338458,0,0,-0.207981,0.0308793,-0.259009,0.195925,0.302983,-0.0389148,0.0376417,0,0,2.77556e-11,0.0478643,-0.00747574,0.01736,0.010728,-0.0686664,0.00244491,0,0,-0.03336,-0.214277,-0.00590686,0.565264,-0.0388657,0.395857,-0.00471887,0,0,0,-0.00331844,0.00187702,0.00457897,-0.00147598,0.00330613,-1.47594e-05,0,0,-0.0178581,-0.0046409,-0.0102625,-0.0208957,0.0376879,-0.00472806,0.065407,0,0,0,0,0,0,0,0,0,0,0,0,0,0,0,0,0,0,0.905991,-4.30196e-09,0,0,0,0,0,0,0,0,0,0,0,0,0,0,0,0,-4.30226e-09,0.905991,
-3.46945e-12,0.0060576,-0.0181176,-0.000883401,0.0018659,-6.82475e-05,2.73575e-05,0,0,0.383186,-0.0103756,0.218832,0.00364028,-0.020849,-0.00334032,-0.00178886,0,0,-1.38778e-11,0.0780462,-0.00427312,0.0353667,0.00231969,0.0010905,-4.06193e-05,0,0,-0.0103647,0.625962,-0.000157151,-0.0749889,0.00312815,-0.0214036,-0.000468411,0,0,7.80626e-12,-0.00490678,0.0482948,-0.000832788,-0.00117073,-0.000247335,-2.56078e-06,0,0,0.219152,-8.00298e-05,0.371156,-0.00455796,-0.0259343,-0.000590742,-0.00102274,0,0,1.56125e-11,0.0537203,0.00149122,-0.0309675,-0.00354605,0.00320892,-0.000122132,0,0,0.0036732,-0.0758357,-0.0045532,0.6106,0.0195678,0.0565232,-0.00208333,0,0,-1.38778e-11,0.0262375,-0.00548862,-0.0367523,0.0311974,0.000303308,0.000339035,0,0,-0.207683,0.0308827,-0.258913,0.195962,0.303004,-0.0389209,0.0376318,0,0,-4.85723e-11,0.0478865,-0.00747429,0.0172989,0.0107207,-0.0686476,0.00244489,0,0,-0.0333277,-0.214184,-0.00588717,0.565302,-0.0388717,0.395861,-0.00471972,0,0,0,-0.00331846,0.00187658,0.00457982,-0.00147377,0.00330655,-1.44615e-05,0,0,-0.0178802,-0.00464404,-0.0102684,-0.0208907,0.0376781,-0.00472893,0.0654081,0,0,0,0,0,0,0,0,0,0,0,0,0,0,0,0,0,0,0.905991,4.23175e-09,0,0,0,0,0,0,0,0,0,0,0,0,0,0,0,0,4.23235e-09,0.905991,
3.46945e-12,0.0060548,-0.0181241,-0.000881684,0.00186326,-6.8191e-05,2.73714e-05,0,0,0.383317,-0.0103808,0.218724,0.00363805,-0.0208193,-0.00333713,-0.00179107,0,0,0,0.0780532,-0.00427237,0.0353355,0.00231845,0.00109108,-4.06493e-05,0,0,-0.0103699,0.625979,-0.000157186,-0.0750003,0.00312852,-0.0213942,-0.000468733,0,0,-1.47451e-11,-0.00490671,0.0483339,-0.000829215,-0.0011703,-0.000246968,-2.58645e-06,0,0,0.219044,-8.00518e-05,0.371268,-0.00456489,-0.0259248,-0.000588802,-0.00102333,0,0,-5.20417e-12,0.0536905,0.00149314,-0.030938,-0.00354453,0.00320859,-0.000122167,0,0,0.00367123,-0.0758478,-0.00455992,0.61059,0.0195714,0.056527,-0.00208281,0,0,-3.29597e-11,0.0262286,-0.00546423,-0.0367423,0.0311797,0.000299217,0.000339616,0,0,-0.207385,0.030886,-0.258818,0.195998,0.303025,-0.038927,0.0376219,0,0,-2.08167e-11,0.0479088,-0.00747282,0.0172376,0.0107135,-0.0686287,0.00244488,0,0,-0.0332951,-0.214091,-0.00586735,0.565341,-0.0388777,0.395864,-0.00472058,0,0,1.73472e-12,-0.00331849,0.00187613,0.00458067,-0.00147155,0.00330699,-1.41616e-05,0,0,-0.0179023,-0.00464719,-0.0102743,-0.0208856,0.0376683,-0.00472979,0.0654091,0,0,0,0,0,0,0,2.40048e-12,-2.40048e-12,0,0,0,0,0,0,0,0,0,0.905991,4.27796e-09,0,0,0,0,0,-2.40048e-12,2.40048e-12,1.20024e-12,0,0,0,0,0,0,0,0,4.27826e-09,0.905991,
-4.33681e-12,0.00605201,-0.0181307,-0.000879979,0.00186062,-6.81132e-05,2.73843e-05,0,0,0.383448,-0.0103861,0.218615,0.00363581,-0.0207895,-0.00333391,-0.00179329,0,0,1.38778e-11,0.0780601,-0.00427163,0.0353043,0.00231721,0.00109165,-4.06794e-05,0,0,-0.0103751,0.625997,-0.000157221,-0.0750116,0.0031289,-0.0213849,-0.000469056,0,0,1.47451e-11,-0.00490664,0.0483729,-0.000825634,-0.00116987,-0.000246584,-2.61251e-06,0,0,0.218936,-8.00754e-05,0.371381,-0.00457183,-0.0259153,-0.000586849,-0.00102392,0,0,5.20417e-12,0.0536606,0.00149506,-0.0309084,-0.00354299,0.00320827,-0.000122201,0,0,0.00366924,-0.0758598,-0.00456665,0.61058,0.019575,0.0565308,-0.0020823,0,0,1.56125e-11,0.0262197,-0.00543977,-0.0367322,0.0311619,0.000295077,0.000340195,0,0,-0.207086,0.0308894,-0.258723,0.196035,0.303046,-0.038933,0.037612,0,0,2.08167e-11,0.047931,-0.00747133,0.0171764,0.0107061,-0.0686098,0.00244486,0,0,-0.0332622,-0.213998,-0.00584741,0.56538,-0.0388837,0.395868,-0.00472144,0,0,0,-0.00331851,0.00187569,0.00458152,-0.00146932,0.00330743,-1.38599e-05,0,0,-0.0179245,-0.00465034,-0.0102803,-0.0208805,0.0376584,-0.00473066,0.0654102,0,0,0,0,0,1.20024e-12,0,-1.20024e-12,-1.20024e-12,0,0,0,0,0,0,0,0,0,0.905991,-4.43639e-09,0,0,-1.20024e-12,-1.20024e-12,1.20024e-12,1.20024e-12,0,0,0,0,0,0,0,0,0,0,-4.43639e-09,0.905991,
6.07153e-12,0.00604921,-0.0181372,-0.000878261,0.00185798,-6.80128e-05,2.73964e-05,0,0,0.38358,-0.0103913,0.218507,0.00363354,-0.0207596,-0.00333066,-0.0017955,0,0,1.38778e-11,0.078067,-0.00427089,0.0352731,0.00231597,0.00109223,-4.07094e-05,0,0,-0.0103803,0.626014,-0.000157257,-0.0750229,0.00312927,-0.0213756,-0.000469379,0,0,-1.34441e-11,-0.00490657,0.048412,-0.000822009,-0.00116942,-0.000246181,-2.63897e-06,0,0,0.218828,-8.01006e-05,0.371493,-0.0045788,-0.0259058,-0.000584884,-0.00102451,0,0,-5.20417e-12,0.0536307,0.00149698,-0.0308789,-0.00354142,0.00320795,-0.000122235,0,0,0.00366723,-0.0758719,-0.00457341,0.61057,0.0195787,0.0565346,-0.00208178,0,0,0,0.0262107,-0.00541523,-0.0367221,0.0311439,0.000290855,0.000340773,0,0,-0.206787,0.0308928,-0.258627,0.196071,0.303067,-0.038939,0.0376021,0,0,2.08167e-11,0.0479533,-0.0074698,0.0171151,0.0106987,-0.0685909,0.00244484,0,0,-0.0332291,-0.213905,-0.00582735,0.565418,-0.0388896,0.395872,-0.0047223,0,0,-1.73472e-12,-0.00331854,0.00187523,0.00458237,-0.00146709,0.00330786,-1.35556e-05,0,0,-0.0179466,-0.0046535,-0.0102862,-0.0208755,0.0376486,-0.00473153,0.0654112,0,0,0,3.60072e-12,0,0,-3.60072e-12,-3.60072e-12,0,0,0,0,0,0,0,0,0,0,0.905991,-4.4568e-09,0,-1.20024e-12,0,0,1.20024e-12,1.20024e-12,0,-1.20024e-12,0,0,0,0,0,0,0,0,-4.4574e-09,0.905991,
-8.67362e-13,0.00604642,-0.0181437,-0.000876519,0.00185534,-6.7898e-05,2.74079e-05,0,0,0.383711,-0.0103966,0.218398,0.00363124,-0.0207298,-0.00332739,-0.00179772,0,0,-1.38778e-11,0.0780739,-0.00427015,0.0352419,0.00231472,0.00109282,-4.07395e-05,0,0,-0.0103855,0.626032,-0.000157295,-0.0750342,0.00312965,-0.0213662,-0.000469702,0,0,1.73472e-12,-0.00490651,0.0484511,-0.000818329,-0.00116896,-0.000245763,-2.66573e-06,0,0,0.21872,-8.01275e-05,0.371605,-0.00458579,-0.0258963,-0.000582907,-0.0010251,0,0,8.67362e-12,0.0536007,0.0014989,-0.0308493,-0.00353984,0.00320764,-0.000122269,0,0,0.0036652,-0.075884,-0.00458018,0.61056,0.0195823,0.0565384,-0.00208126,0,0,5.20417e-12,0.0262018,-0.00539063,-0.0367119,0.0311258,0.000286538,0.000341351,0,0,-0.206488,0.0308962,-0.258532,0.196107,0.303088,-0.038945,0.0375922,0,0,3.46945e-11,0.0479756,-0.00746824,0.0170537,0.0106912,-0.068572,0.00244482,0,0,-0.0331957,-0.213812,-0.00580717,0.565457,-0.0388956,0.395875,-0.00472316,0,0,1.73472e-12,-0.00331856,0.00187478,0.00458322,-0.00146484,0.00330829,-1.32482e-05,0,0,-0.0179688,-0.00465667,-0.0102922,-0.0208704,0.0376387,-0.0047324,0.0654123,0,0,0,0,0,0,0,-2.40048e-12,0,-5.76116e-11,0,0,0,0,0,0,0,0,0.905991,-4.34817e-09,0,0,0,0,0,1.20024e-12,0,0,0,0,0,0,0,0,0,0,-4.34787e-09,0.905991,
-8.67362e-13,0.00604363,-0.0181502,-0.000874753,0.00185268,-6.77754e-05,2.74191e-05,0,0,0.383843,-0.0104018,0.218289,0.00362893,-0.0206999,-0.0033241,-0.00179994,0,0,-2.77556e-11,0.0780808,-0.00426941,0.0352106,0.00231347,0.0010934,-4.07696e-05,0,0,-0.0103907,0.626049,-0.000157334,-0.0750455,0.00313003,-0.0213569,-0.000470027,0,0,0,-0.00490643,0.0484901,-0.000814596,-0.0011685,-0.000245336,-2.69273e-06,0,0,0.218611,-8.0156e-05,0.371717,-0.0045928,-0.0258868,-0.000580918,-0.00102569,0,0,6.93889e-12,0.0535707,0.00150083,-0.0308197,-0.00353825,0.00320733,-0.000122303,0,0,0.00366314,-0.075896,-0.00458698,0.61055,0.0195859,0.0565422,-0.00208074,0,0,-3.46945e-12,0.0261928,-0.00536596,-0.0367017,0.0311076,0.000282128,0.000341932,0,0,-0.206189,0.0308997,-0.258436,0.196144,0.303109,-0.038951,0.0375822,0,0,-4.85723e-11,0.0479979,-0.00746665,0.0169923,0.0106835,-0.0685531,0.0024448,0,0,-0.0331621,-0.213719,-0.00578688,0.565495,-0.0389015,0.395879,-0.00472401,0,0,0,-0.00331858,0.00187432,0.00458407,-0.00146258,0.00330872,-1.29376e-05,0,0,-0.0179909,-0.00465984,-0.0102982,-0.0208653,0.0376289,-0.00473327,0.0654133,0,0,0,0,0,0,-1.20024e-12,0,-1.20024e-12,0,0,0,0,0,0,0,0,0,0.905991,4.14203e-09,0,0,0,0,-2.40048e-12,0,-2.40048e-12,0,0,0,0,0,0,0,0,0,4.14323e-09,0.905991,
-8.67362e-13,0.00604084,-0.0181566,-0.000872967,0.00185002,-6.76488e-05,2.74301e-05,0,0,0.383974,-0.010407,0.218179,0.00362659,-0.02067,-0.00332078,-0.00180217,0,0,0,0.0780876,-0.00426868,0.0351794,0.00231222,0.00109398,-4.07996e-05,0,0,-0.0103958,0.626067,-0.000157375,-0.0750568,0.00313041,-0.0213475,-0.000470352,0,0,1.30104e-12,-0.00490636,0.0485292,-0.000810819,-0.00116804,-0.000244902,-2.71989e-06,0,0,0.218502,-8.0186e-05,0.37183,-0.00459984,-0.0258773,-0.000578916,-0.00102629,0,0,0,0.0535407,0.00150277,-0.0307901,-0.00353664,0.00320702,-0.000122337,0,0,0.00366107,-0.0759081,-0.00459379,0.61054,0.0195895,0.0565459,-0.00208022,0,0,3.46945e-12,0.0261838,-0.00534122,-0.0366915,0.0310893,0.000277633,0.000342514,0,0,-0.205889,0.0309031,-0.25834,0.19618,0.303131,-0.038957,0.0375723,0,0,0,0.0480202,-0.00746504,0.0169309,0.0106758,-0.0685342,0.00244477,0,0,-0.0331282,-0.213626,-0.00576647,0.565534,-0.0389074,0.395882,-0.00472487,0,0,0,-0.00331859,0.00187385,0.00458492,-0.00146032,0.00330916,-1.26242e-05,0,0,-0.0180131,-0.00466302,-0.0103042,-0.0208601,0.037619,-0.00473413,0.0654144,0,0,0,0,1.20024e-12,0,0,0,1.20024e-12,0,0,0,0,0,0,0,0,0,0.905991,4.06792e-09,0,0,0,0,0,0,0,0,0,0,0,0,0,0,0,0,4.06822e-09,0.905991,
6.93889e-12,0.00603805,-0.0181631,-0.000871166,0.00184735,-6.75201e-05,2.74409e-05,0,0,0.384106,-0.0104123,0.21807,0.00362423,-0.02064,-0.00331743,-0.00180439,0,0,0,0.0780945,-0.00426795,0.0351482,0.00231097,0.00109456,-4.08297e-05,0,0,-0.010401,0.626084,-0.000157418,-0.0750681,0.0031308,-0.0213382,-0.000470677,0,0,-2.1684e-11,-0.00490628,0.0485683,-0.000807007,-0.00116758,-0.000244463,-2.74721e-06,0,0,0.218393,-8.02177e-05,0.371942,-0.00460689,-0.0258678,-0.000576903,-0.00102689,0,0,-1.9082e-11,0.0535106,0.0015047,-0.0307604,-0.00353501,0.00320671,-0.000122371,0,0,0.00365897,-0.0759201,-0.00460063,0.61053,0.0195931,0.0565497,-0.00207969,0,0,-5.20417e-12,0.0261748,-0.00531641,-0.0366812,0.0310709,0.000273062,0.000343097,0,0,-0.205589,0.0309066,-0.258245,0.196217,0.303152,-0.0389629,0.0375623,0,0,6.93889e-11,0.0480426,-0.0074634,0.0168694,0.010668,-0.0685152,0.00244475,0,0,-0.0330941,-0.213533,-0.00574595,0.565572,-0.0389132,0.395886,-0.00472573,0,0,0,-0.00331861,0.00187338,0.00458578,-0.00145804,0.0033096,-1.23082e-05,0,0,-0.0180354,-0.00466621,-0.0103102,-0.020855,0.0376091,-0.004735,0.0654155,0,0,0,1.20024e-12,0,-1.20024e-12,0,0,-1.20024e-12,0,0,0,0,0,0,0,0,0,0.905991,4.09822e-09,0,0,0,0,0,0,0,0,0,0,0,0,0,0,0,0,4.09822e-09,0.905991,
-2.60209e-12,0.00603525,-0.0181695,-0.000869354,0.00184467,-6.73898e-05,2.74517e-05,0,0,0.384238,-0.0104175,0.21796,0.00362185,-0.0206101,-0.00331406,-0.00180662,0,0,0,0.0781013,-0.00426722,0.0351169,0.00230971,0.00109514,-4.08598e-05,0,0,-0.0104062,0.626102,-0.000157463,-0.0750794,0.00313118,-0.0213288,-0.000471003,0,0,8.23994e-12,-0.0049062,0.0486075,-0.000803167,-0.00116711,-0.000244018,-2.77467e-06,0,0,0.218284,-8.02511e-05,0.372055,-0.00461396,-0.0258583,-0.000574878,-0.00102748,0,0,1.56125e-11,0.0534805,0.00150664,-0.0307307,-0.00353338,0.0032064,-0.000122406,0,0,0.00365685,-0.0759321,-0.00460748,0.610519,0.0195967,0.0565535,-0.00207917,0,0,6.93889e-12,0.0261657,-0.00529152,-0.0366709,0.0310523,0.000268423,0.000343683,0,0,-0.205289,0.0309101,-0.258149,0.196253,0.303174,-0.0389688,0.0375523,0,0,-4.85723e-11,0.048065,-0.00746172,0.0168079,0.0106601,-0.0684962,0.00244472,0,0,-0.0330598,-0.21344,-0.00572532,0.565611,-0.0389191,0.39589,-0.00472659,0,0,0,-0.00331862,0.00187291,0.00458663,-0.00145576,0.00331005,-1.19899e-05,0,0,-0.0180576,-0.0046694,-0.0103163,-0.0208499,0.0375992,-0.00473587,0.0654165,0,0,0,0,0,-1.20024e-12,0,0,0,0,0,0,0,0,0,0,0,0,0.905991,4.22665e-09,0,0,0,0,0,0,0,0,0,0,0,0,0,0,0,0,4.22605e-09,0.905991,
-2.60209e-12,0.00603245,-0.0181759,-0.000867535,0.00184198,-6.7258e-05,2.74623e-05,0,0,0.38437,-0.0104228,0.21785,0.00361945,-0.0205801,-0.00331066,-0.00180884,0,0,1.38778e-11,0.0781081,-0.00426649,0.0350856,0.00230845,0.00109573,-4.08898e-05,0,0,-0.0104114,0.626119,-0.00015751,-0.0750907,0.00313157,-0.0213195,-0.00047133,0,0,9.54098e-12,-0.00490613,0.0486466,-0.000799304,-0.00116664,-0.000243569,-2.80227e-06,0,0,0.218175,-8.02861e-05,0.372167,-0.00462105,-0.0258488,-0.000572842,-0.00102808,0,0,-1.38778e-11,0.0534503,0.00150857,-0.030701,-0.00353174,0.00320609,-0.00012244,0,0,0.00365471,-0.0759442,-0.00461435,0.610509,0.0196004,0.0565572,-0.00207864,0,0,2.25514e-11,0.0261566,-0.00526656,-0.0366605,0.0310337,0.000263722,0.00034427,0,0,-0.204989,0.0309136,-0.258053,0.19629,0.303196,-0.0389747,0.0375423,0,0,5.55112e-11,0.0480873,-0.00746003,0.0167463,0.0106521,-0.0684772,0.0024447,0,0,-0.0330252,-0.213347,-0.00570459,0.565649,-0.0389249,0.395894,-0.00472745,0,0,1.73472e-12,-0.00331863,0.00187243,0.00458749,-0.00145347,0.0033105,-1.16694e-05,0,0,-0.0180798,-0.0046726,-0.0103223,-0.0208447,0.0375892,-0.00473675,0.0654176,0,0,0,0,0,0,0,0,0,0,0,0,0,0,0,0,0,0,0.905991,-4.4643e-09,0,1.20024e-12,0,0,-1.20024e-12,-1.20024e-12,-1.20024e-12,0,0,0,0,0,0,0,0,0,-4.4655e-09,0.905991,
-2.60209e-12,0.00602965,-0.0181822,-0.00086571,0.00183929,-6.71242e-05,2.74728e-05,0,0,0.384502,-0.010428,0.21774,0.00361703,-0.0205501,-0.00330724,-0.00181107,0,0,-1.38778e-11,0.0781149,-0.00426576,0.0350543,0.00230719,0.00109631,-4.09199e-05,0,0,-0.0104166,0.626136,-0.000157559,-0.075102,0.00313196,-0.0213101,-0.000471657,0,0,6.07153e-12,-0.00490605,0.0486857,-0.000795419,-0.00116617,-0.000243115,-2.83003e-06,0,0,0.218065,-8.03229e-05,0.37228,-0.00462816,-0.0258392,-0.000570795,-0.00102869,0,0,0,0.0534201,0.00151051,-0.0306712,-0.00353008,0.00320578,-0.000122474,0,0,0.00365255,-0.0759562,-0.00462125,0.610499,0.019604,0.056561,-0.00207811,0,0,-6.93889e-12,0.0261476,-0.00524153,-0.0366502,0.0310149,0.000258962,0.000344859,0,0,-0.204688,0.0309172,-0.257957,0.196326,0.303218,-0.0389806,0.0375323,0,0,-1.11022e-10,0.0481097,-0.0074583,0.0166846,0.0106441,-0.0684582,0.00244467,0,0,-0.0329904,-0.213254,-0.00568375,0.565687,-0.0389307,0.395897,-0.00472831,0,0,-5.20417e-12,-0.00331864,0.00187195,0.00458834,-0.00145117,0.00331095,-1.13468e-05,0,0,-0.0181021,-0.0046758,-0.0103284,-0.0208395,0.0375793,-0.00473762,0.0654186,0,0,0,0,0,2.40048e-12,2.40048e-12,-2.40048e-12,0,0,0,0,0,0,0,0,0,0,0.905991,-4.56392e-09,0,0,0,0,0,0,0,0,0,0,0,0,0,0,0,0,-4.56332e-09,0.905991,
4.33681e-12,0.00602685,-0.0181885,-0.000863879,0.00183658,-6.69879e-05,2.74832e-05,0,0,0.384634,-0.0104333,0.217629,0.00361458,-0.02052,-0.0033038,-0.0018133,0,0,0,0.0781217,-0.00426503,0.035023,0.00230593,0.00109689,-4.095e-05,0,0,-0.0104218,0.626154,-0.00015761,-0.0751132,0.00313235,-0.0213007,-0.000471985,0,0,-1.21431e-11,-0.00490597,0.0487249,-0.000791515,-0.00116569,-0.000242656,-2.85795e-06,0,0,0.217955,-8.03615e-05,0.372393,-0.00463529,-0.0258297,-0.000568736,-0.00102929,0,0,1.73472e-12,0.0533898,0.00151246,-0.0306414,-0.00352842,0.00320546,-0.000122508,0,0,0.00365037,-0.0759682,-0.00462816,0.610489,0.0196076,0.0565647,-0.00207759,0,0,-1.04083e-11,0.0261385,-0.00521643,-0.0366398,0.030996,0.000254146,0.00034545,0,0,-0.204387,0.0309207,-0.257861,0.196363,0.30324,-0.0389865,0.0375222,0,0,-3.46945e-11,0.0481321,-0.00745654,0.016623,0.010636,-0.0684391,0.00244464,0,0,-0.0329554,-0.21316,-0.0056628,0.565726,-0.0389365,0.395901,-0.00472918,0,0,1.73472e-12,-0.00331864,0.00187147,0.00458919,-0.00144886,0.0033114,-1.10223e-05,0,0,-0.0181244,-0.00467901,-0.0103345,-0.0208343,0.0375693,-0.00473849,0.0654197,0,0,0,-1.20024e-12,1.20024e-12,0,-1.20024e-12,0,-1.20024e-12,1.71634e-10,0,0,0,0,0,0,0,0,0.905991,-4.51591e-09,0,-1.20024e-12,1.20024e-12,1.20024e-12,-2.40048e-12,0,-2.40048e-12,0,0,0,0,0,0,0,0,0,-4.51651e-09,0.905991,
0,0.00602405,-0.0181948,-0.000862043,0.00183387,-6.68484e-05,2.74935e-05,0,0,0.384766,-0.0104385,0.217519,0.00361212,-0.0204899,-0.00330033,-0.00181554,0,0,-1.38778e-11,0.0781285,-0.00426429,0.0349916,0.00230466,0.00109746,-4.098e-05,0,0,-0.010427,0.626171,-0.000157665,-0.0751245,0.00313275,-0.0212913,-0.000472314,0,0,3.03577e-12,-0.00490589,0.048764,-0.000787589,-0.00116521,-0.000242192,-2.88604e-06,0,0,0.217845,-8.0402e-05,0.372505,-0.00464243,-0.0258201,-0.000566667,-0.00102989,0,0,1.73472e-12,0.0533595,0.0015144,-0.0306116,-0.00352674,0.00320515,-0.000122542,0,0,0.00364817,-0.0759802,-0.00463509,0.610479,0.0196112,0.0565685,-0.00207706,0,0,1.21431e-11,0.0261293,-0.00519124,-0.0366294,0.030977,0.000249273,0.000346042,0,0,-0.204086,0.0309243,-0.257764,0.196399,0.303262,-0.0389923,0.0375122,0,0,1.38778e-11,0.0481546,-0.00745476,0.0165612,0.0106278,-0.06842,0.00244461,0,0,-0.0329202,-0.213067,-0.00564176,0.565764,-0.0389423,0.395905,-0.00473004,0,0,1.73472e-12,-0.00331865,0.00187098,0.00459005,-0.00144655,0.00331186,-1.06959e-05,0,0,-0.0181467,-0.00468223,-0.0103406,-0.0208291,0.0375593,-0.00473936,0.0654207,0,0,0,0,0,0,0,0,1.20024e-12,5.76116e-11,0,0,0,0,0,0,0,0,0.905991,-4.34697e-09,0,0,0,0,0,0,1.20024e-12,0,0,0,0,0,0,0,0,0,-4.34667e-09,0.905991,
-4.33681e-12,0.00602124,-0.0182011,-0.000860191,0.00183115,-6.67042e-05,2.75035e-05,0,0,0.384899,-0.0104438,0.217408,0.00360964,-0.0204598,-0.00329684,-0.00181777,0,0,1.38778e-11,0.0781352,-0.00426356,0.0349602,0.00230339,0.00109804,-4.101e-05,0,0,-0.0104322,0.626188,-0.000157722,-0.0751358,0.00313314,-0.021282,-0.000472643,0,0,1.43115e-11,-0.00490581,0.0488032,-0.000783626,-0.00116473,-0.00024172,-2.91435e-06,0,0,0.217734,-8.04445e-05,0.372618,-0.0046496,-0.0258105,-0.000564587,-0.0010305,0,0,1.73472e-12,0.0533292,0.00151634,-0.0305817,-0.00352505,0.00320484,-0.000122576,0,0,0.00364596,-0.0759923,-0.00464204,0.610469,0.0196148,0.0565722,-0.00207652,0,0,8.67362e-12,0.0261202,-0.00516598,-0.0366189,0.0309579,0.000244329,0.000346636,0,0,-0.203784,0.0309279,-0.257668,0.196435,0.303284,-0.0389981,0.0375021,0,0,6.93889e-12,0.048177,-0.00745295,0.0164994,0.0106196,-0.0684008,0.00244457,0,0,-0.0328847,-0.212974,-0.00562061,0.565802,-0.0389481,0.395909,-0.0047309,0,0,-1.73472e-12,-0.00331865,0.0018705,0.0045909,-0.00144422,0.00331232,-1.03671e-05,0,0,-0.018169,-0.00468545,-0.0103467,-0.0208239,0.0375493,-0.00474024,0.0654218,0,0,0,1.20024e-12,1.20024e-12,0,0,1.20024e-12,-2.40048e-12,0,0,0,0,0,0,0,0,0,0.905991,4.09462e-09,0,0,0,0,0,0,0,0,0,0,0,0,0,0,0,0,4.09372e-09,0.905991,
8.67362e-13,0.00601841,-0.0182073,-0.000858364,0.00182841,-6.66221e-05,2.75156e-05,0,0,0.385031,-0.010449,0.217297,0.00360715,-0.0204297,-0.00329333,-0.00182,0,0,-2.77556e-11,0.0781419,-0.00426283,0.0349288,0.00230212,0.00109862,-4.10401e-05,0,0,-0.0104374,0.626206,-0.000157781,-0.075147,0.00313354,-0.0212726,-0.000472972,0,0,-1.73472e-12,-0.00490573,0.0488423,-0.00077973,-0.00116426,-0.000241287,-2.94183e-06,0,0,0.217624,-8.04888e-05,0.372731,-0.00465678,-0.025801,-0.000562497,-0.0010311,0,0,8.67362e-12,0.0532988,0.00151829,-0.0305519,-0.00352338,0.00320451,-0.000122611,0,0,0.00364372,-0.0760043,-0.00464901,0.610459,0.0196184,0.056576,-0.00207599,0,0,1.73472e-11,0.026111,-0.00514065,-0.0366084,0.0309387,0.000239394,0.000347236,0,0,-0.203482,0.0309315,-0.257572,0.196472,0.303306,-0.0390039,0.037492,0,0,6.93889e-12,0.0481995,-0.00745111,0.0164376,0.0106113,-0.0683816,0.00244455,0,0,-0.0328491,-0.21288,-0.00559937,0.56584,-0.0389538,0.395913,-0.00473176,0,0,-1.73472e-12,-0.00331866,0.00187001,0.00459176,-0.0014419,0.0033128,-1.00376e-05,0,0,-0.0181913,-0.00468868,-0.0103528,-0.0208187,0.0375393,-0.00474111,0.0654229,0,0,0,0,0,0,0,0,0,0,0,0,0,0,0,0,0,0,0.905991,3.98e-09,0,0,0,0,0,0,0,0,0,0,0,0,0,0,0,0,3.9803e-09,0.905991,
3.46945e-12,0.00601557,-0.0182135,-0.000856573,0.00182568,-6.65287e-05,2.75271e-05,0,0,0.385164,-0.0104543,0.217185,0.00360463,-0.0203996,-0.0032898,-0.00182224,0,0,0,0.0781486,-0.00426208,0.0348973,0.00230084,0.00109919,-4.10703e-05,0,0,-0.0104426,0.626223,-0.000157844,-0.0751583,0.00313394,-0.0212632,-0.000473302,0,0,-7.37257e-12,-0.00490566,0.0488815,-0.000775872,-0.00116379,-0.000240846,-2.96959e-06,0,0,0.217513,-8.05353e-05,0.372844,-0.00466398,-0.0257914,-0.000560397,-0.00103171,0,0,-1.73472e-11,0.0532683,0.00152023,-0.0305219,-0.0035217,0.00320418,-0.000122645,0,0,0.00364146,-0.0760163,-0.004656,0.610449,0.019622,0.0565797,-0.00207546,0,0,1.38778e-11,0.0261018,-0.00511523,-0.036598,0.0309194,0.000234463,0.000347834,0,0,-0.20318,0.0309352,-0.257475,0.196508,0.303329,-0.0390097,0.0374819,0,0,4.85723e-11,0.0482219,-0.00744926,0.0163757,0.0106031,-0.0683624,0.00244453,0,0,-0.0328132,-0.212787,-0.00557802,0.565878,-0.0389595,0.395916,-0.00473263,0,0,0,-0.00331866,0.00186951,0.0045926,-0.00143957,0.00331327,-9.70818e-06,0,0,-0.0182136,-0.00469191,-0.0103589,-0.0208135,0.0375293,-0.00474198,0.0654239,0,0,0,0,0,0,0,0,0,0,0,0,0,0,0,0,0,0,0.905991,3.9701e-09,0,0,0,0,0,0,0,0,0,0,0,0,0,0,0,0,3.9704e-09,0.905991,
2.60209e-12,0.00601274,-0.0182196,-0.00085479,0.00182294,-6.64141e-05,2.75379e-05,0,0,0.385297,-0.0104595,0.217074,0.0036021,-0.0203694,-0.00328625,-0.00182448,0,0,0,0.0781553,-0.00426133,0.0348658,0.00229956,0.00109976,-4.11004e-05,0,0,-0.0104478,0.62624,-0.000157909,-0.0751695,0.00313435,-0.0212538,-0.000473633,0,0,-6.50521e-12,-0.0049056,0.0489207,-0.000772005,-0.0011633,-0.000240388,-2.99775e-06,0,0,0.217402,-8.05841e-05,0.372957,-0.0046712,-0.0257818,-0.000558287,-0.00103232,0,0,-2.42861e-11,0.0532378,0.00152218,-0.030492,-0.00352,0.00320386,-0.00012268,0,0,0.00363919,-0.0760283,-0.00466301,0.610439,0.0196256,0.0565834,-0.00207492,0,0,8.67362e-12,0.0260926,-0.00508974,-0.0365875,0.0309,0.000229496,0.000348432,0,0,-0.202878,0.0309388,-0.257379,0.196544,0.303351,-0.0390155,0.0374718,0,0,1.17961e-10,0.0482444,-0.00744737,0.0163137,0.0105948,-0.0683431,0.0024445,0,0,-0.0327771,-0.212694,-0.00555658,0.565917,-0.0389652,0.39592,-0.00473349,0,0,0,-0.00331866,0.00186902,0.00459345,-0.00143724,0.00331374,-9.3775e-06,0,0,-0.018236,-0.00469515,-0.0103651,-0.0208082,0.0375192,-0.00474286,0.065425,0,0,0,0,-1.20024e-12,0,0,0,-1.20024e-12,1.15223e-10,0,0,0,0,0,0,0,0,0.905991,4.04991e-09,0,0,0,0,0,0,0,0,0,0,0,0,0,0,0,0,4.05051e-09,0.905991,
5.20417e-12,0.0060099,-0.0182257,-0.000852997,0.0018202,-6.62821e-05,2.7548e-05,0,0,0.38543,-0.0104648,0.216962,0.00359955,-0.0203392,-0.00328267,-0.00182672,0,0,0,0.078162,-0.00426058,0.0348342,0.00229828,0.00110034,-4.11304e-05,0,0,-0.010453,0.626257,-0.000157976,-0.0751807,0.00313475,-0.0212444,-0.000473964,0,0,-1.17094e-11,-0.00490554,0.0489599,-0.000768099,-0.00116281,-0.000239915,-3.02629e-06,0,0,0.21729,-8.06352e-05,0.37307,-0.00467843,-0.0257722,-0.000556167,-0.00103293,0,0,-1.73472e-12,0.0532073,0.00152412,-0.030462,-0.00351829,0.00320353,-0.000122714,0,0,0.0036369,-0.0760403,-0.00467003,0.610429,0.0196292,0.0565872,-0.00207439,0,0,1.21431e-11,0.0260833,-0.00506416,-0.036577,0.0308805,0.000224463,0.00034903,0,0,-0.202576,0.0309425,-0.257282,0.196581,0.303374,-0.0390212,0.0374617,0,0,6.93889e-11,0.0482669,-0.00744546,0.0162517,0.0105864,-0.0683237,0.00244446,0,0,-0.0327408,-0.2126,-0.00553504,0.565955,-0.0389709,0.395924,-0.00473436,0,0,-3.46945e-12,-0.00331866,0.00186852,0.0045943,-0.00143489,0.00331421,-9.04472e-06,0,0,-0.0182583,-0.0046984,-0.0103712,-0.020803,0.0375092,-0.00474374,0.0654261,0,0,0,0,0,0,0,0,0,-1.20024e-12,0,0,0,0,0,0,0,0,0.905991,4.22515e-09,0,0,0,0,-2.40048e-12,0,0,-2.40048e-12,0,0,0,0,0,0,0,0,4.22515e-09,0.905991,
1.73472e-12,0.00600707,-0.0182318,-0.000851185,0.00181744,-6.61376e-05,2.75578e-05,0,0,0.385563,-0.01047,0.21685,0.00359698,-0.020309,-0.00327907,-0.00182896,0,0,-1.38778e-11,0.0781686,-0.00425983,0.0348026,0.002297,0.00110091,-4.11603e-05,0,0,-0.0104582,0.626274,-0.000158046,-0.0751919,0.00313516,-0.021235,-0.000474296,0,0,-2.60209e-12,-0.00490547,0.0489991,-0.000764146,-0.00116231,-0.000239429,-3.05512e-06,0,0,0.217179,-8.06888e-05,0.373183,-0.00468569,-0.0257626,-0.000554036,-0.00103354,0,0,3.46945e-12,0.0531767,0.00152607,-0.0304319,-0.00351656,0.00320321,-0.000122748,0,0,0.00363459,-0.0760523,-0.00467708,0.610419,0.0196328,0.0565909,-0.00207385,0,0,1.56125e-11,0.0260741,-0.00503852,-0.0365664,0.0308609,0.000219353,0.00034963,0,0,-0.202273,0.0309462,-0.257186,0.196617,0.303397,-0.0390269,0.0374515,0,0,2.77556e-11,0.0482894,-0.00744351,0.0161896,0.0105779,-0.0683044,0.00244442,0,0,-0.0327042,-0.212506,-0.00551341,0.565993,-0.0389765,0.395928,-0.00473522,0,0,0,-0.00331865,0.00186802,0.00459515,-0.00143254,0.00331467,-8.70943e-06,0,0,-0.0182807,-0.00470165,-0.0103774,-0.0207977,0.0374991,-0.00474461,0.0654271,0,0,0,0,0,-1.20024e-12,0,0,1.20024e-12,0,0,0,0,0,0,0,0,0,0.905991,-4.51591e-09,0,0,0,1.20024e-12,0,0,-1.20024e-12,0,0,0,0,0,0,0,0,0,-4.51651e-09,0.905991,
-5.20417e-12,0.00600424,-0.0182379,-0.00084935,0.00181469,-6.59837e-05,2.75672e-05,0,0,0.385696,-0.0104753,0.216737,0.00359439,-0.0202787,-0.00327545,-0.0018312,0,0,1.38778e-11,0.0781753,-0.00425908,0.034771,0.00229571,0.00110148,-4.11902e-05,0,0,-0.0104634,0.626292,-0.00015812,-0.0752032,0.00313557,-0.0212256,-0.000474628,0,0,1.25767e-11,-0.0049054,0.0490383,-0.000760143,-0.00116181,-0.000238934,-3.08422e-06,0,0,0.217067,-8.07449e-05,0.373296,-0.00469296,-0.025753,-0.000551896,-0.00103416,0,0,-1.73472e-11,0.0531461,0.00152802,-0.0304019,-0.00351481,0.00320288,-0.000122782,0,0,0.00363226,-0.0760643,-0.00468414,0.610409,0.0196364,0.0565946,-0.00207331,0,0,0,0.0260648,-0.00501279,-0.0365558,0.0308412,0.000214163,0.000350232,0,0,-0.20197,0.0309499,-0.257089,0.196653,0.30342,-0.0390326,0.0374413,0,0,3.46945e-11,0.048312,-0.00744154,0.0161275,0.0105693,-0.068285,0.00244438,0,0,-0.0326675,-0.212413,-0.00549169,0.566031,-0.0389821,0.395932,-0.00473609,0,0,0,-0.00331865,0.00186752,0.004596,-0.00143018,0.00331513,-8.37153e-06,0,0,-0.0183031,-0.00470491,-0.0103836,-0.0207924,0.037489,-0.00474549,0.0654282,0,0,0,0,-1.20024e-12,0,0,0,0,0,0,0,0,0,0,0,0,0,0.905991,-4.66534e-09,0,0,0,0,0,0,0,0,0,0,0,0,0,0,0,0,-4.66474e-09,0.905991,
-3.46945e-12,0.00600141,-0.0182439,-0.000847494,0.00181192,-6.58226e-05,2.75764e-05,0,0,0.385829,-0.0104805,0.216625,0.00359178,-0.0202484,-0.00327181,-0.00183345,0,0,0,0.0781819,-0.00425833,0.0347393,0.00229442,0.00110205,-4.12201e-05,0,0,-0.0104686,0.626309,-0.000158196,-0.0752144,0.00313598,-0.0212161,-0.000474961,0,0,1.12757e-11,-0.00490533,0.0490775,-0.000756093,-0.0011613,-0.00023843,-3.11355e-06,0,0,0.216955,-8.08035e-05,0.37341,-0.00470025,-0.0257434,-0.000549745,-0.00103477,0,0,0,0.0531154,0.00152998,-0.0303717,-0.00351305,0.00320255,-0.000122816,0,0,0.00362991,-0.0760763,-0.00469121,0.610398,0.01964,0.0565983,-0.00207277,0,0,1.56125e-11,0.0260555,-0.00498699,-0.0365452,0.0308213,0.000208896,0.000350835,0,0,-0.201667,0.0309537,-0.256992,0.196689,0.303443,-0.0390383,0.0374312,0,0,0,0.0483345,-0.00743953,0.0160653,0.0105606,-0.0682655,0.00244433,0,0,-0.0326306,-0.212319,-0.00546988,0.566069,-0.0389877,0.395936,-0.00473696,0,0,0,-0.00331864,0.00186701,0.00459685,-0.00142782,0.0033156,-8.03108e-06,0,0,-0.0183255,-0.00470817,-0.0103898,-0.0207871,0.0374789,-0.00474637,0.0654293,0,0,0,0,0,0,1.20024e-12,-1.20024e-12,1.20024e-12,-1.16423e-10,0,0,0,0,0,0,0,0,0.905991,-4.65574e-09,0,0,0,0,1.20024e-12,-1.20024e-12,1.20024e-12,0,0,0,0,0,0,0,0,0,-4.65664e-09,0.905991,
-8.67362e-13,0.00599858,-0.0182499,-0.000845619,0.00180915,-6.56554e-05,2.75853e-05,0,0,0.385962,-0.0104858,0.216512,0.00358916,-0.0202181,-0.00326815,-0.00183569,0,0,1.38778e-11,0.0781885,-0.00425758,0.0347076,0.00229312,0.00110262,-4.12499e-05,0,0,-0.0104738,0.626326,-0.000158276,-0.0752256,0.00313639,-0.0212067,-0.000475295,0,0,4.33681e-12,-0.00490525,0.0491167,-0.000751999,-0.00116079,-0.000237918,-3.14309e-06,0,0,0.216843,-8.08648e-05,0.373523,-0.00470755,-0.0257338,-0.000547585,-0.00103539,0,0,2.08167e-11,0.0530847,0.00153194,-0.0303416,-0.00351127,0.00320223,-0.000122849,0,0,0.00362755,-0.0760883,-0.00469831,0.610388,0.0196436,0.056602,-0.00207223,0,0,-1.73472e-12,0.0260461,-0.00496111,-0.0365345,0.0308013,0.000203556,0.00035144,0,0,-0.201363,0.0309574,-0.256896,0.196726,0.303466,-0.039044,0.037421,0,0,-6.93889e-11,0.0483571,-0.0074375,0.016003,0.0105519,-0.068246,0.00244429,0,0,-0.0325935,-0.212226,-0.00544798,0.566106,-0.0389933,0.39594,-0.00473783,0,0,0,-0.00331863,0.00186651,0.00459771,-0.00142544,0.00331607,-7.68818e-06,0,0,-0.0183479,-0.00471144,-0.010396,-0.0207818,0.0374688,-0.00474725,0.0654303,0,0,0,0,0,0,0,0,0,0,0,0,0,0,0,0,0,0,0.905991,-4.5048e-09,0,0,0,0,0,0,0,0,0,0,0,0,0,0,0,0,-4.50541e-09,0.905991,
8.67362e-13,0.00599575,-0.0182558,-0.000843726,0.00180637,-6.54832e-05,2.7594e-05,0,0,0.386096,-0.0104911,0.216399,0.00358653,-0.0201878,-0.00326446,-0.00183794,0,0,1.38778e-11,0.078195,-0.00425683,0.0346758,0.00229182,0.00110318,-4.12797e-05,0,0,-0.010479,0.626343,-0.000158359,-0.0752368,0.00313681,-0.0211973,-0.000475629,0,0,-5.20417e-12,-0.00490517,0.0491559,-0.000747865,-0.00116027,-0.000237399,-3.17281e-06,0,0,0.21673,-8.09287e-05,0.373636,-0.00471487,-0.0257242,-0.000545416,-0.00103601,0,0,-1.73472e-12,0.0530539,0.0015339,-0.0303114,-0.00350948,0.0032019,-0.000122883,0,0,0.00362517,-0.0761002,-0.00470542,0.610378,0.0196472,0.0566058,-0.00207168,0,0,-1.56125e-11,0.0260368,-0.00493516,-0.0365237,0.0307812,0.000198147,0.000352046,0,0,-0.201059,0.0309612,-0.256799,0.196762,0.303489,-0.0390496,0.0374107,0,0,-1.38778e-11,0.0483797,-0.00743544,0.0159407,0.010543,-0.0682265,0.00244424,0,0,-0.0325562,-0.212132,-0.005426,0.566144,-0.0389989,0.395944,-0.00473869,0,0,0,-0.00331862,0.001866,0.00459856,-0.00142306,0.00331654,-7.34296e-06,0,0,-0.0183704,-0.00471471,-0.0104022,-0.0207764,0.0374586,-0.00474812,0.0654314,0,0,0,0,0,0,0,0,0,0,0,0,0,0,0,0,0,0,0.905991,4.25485e-09,0,1.20024e-12,0,1.20024e-12,1.20024e-12,1.20024e-12,-1.20024e-12,0,0,0,0,0,0,0,0,0,4.25515e-09,0.905991,
-2.60209e-12,0.00599291,-0.0182617,-0.000841817,0.00180358,-6.53064e-05,2.76025e-05,0,0,0.386229,-0.0104963,0.216286,0.00358388,-0.0201574,-0.00326076,-0.00184019,0,0,0,0.0782016,-0.00425608,0.034644,0.00229051,0.00110375,-4.13094e-05,0,0,-0.0104842,0.62636,-0.000158446,-0.075248,0.00313723,-0.0211879,-0.000475963,0,0,4.33681e-12,-0.00490509,0.0491952,-0.000743693,-0.00115975,-0.000236874,-3.20271e-06,0,0,0.216618,-8.09953e-05,0.37375,-0.0047222,-0.0257145,-0.000543238,-0.00103662,0,0,-3.46945e-12,0.0530231,0.00153586,-0.0302812,-0.00350767,0.00320157,-0.000122917,0,0,0.00362278,-0.0761122,-0.00471255,0.610368,0.0196508,0.0566095,-0.00207114,0,0,-8.67362e-12,0.0260274,-0.00490913,-0.0365129,0.030761,0.000192672,0.000352655,0,0,-0.200755,0.030965,-0.256702,0.196798,0.303512,-0.0390552,0.0374005,0,0,-4.85723e-11,0.0484023,-0.00743335,0.0158783,0.0105341,-0.0682069,0.00244419,0,0,-0.0325187,-0.212038,-0.00540394,0.566182,-0.0390045,0.395948,-0.00473956,0,0,0,-0.0033186,0.00186549,0.00459942,-0.00142067,0.00331701,-6.99555e-06,0,0,-0.0183928,-0.00471799,-0.0104085,-0.0207711,0.0374485,-0.004749,0.0654325,0,0,0,1.20024e-12,1.20024e-12,0,0,0,1.20024e-12,1.15223e-10,0,0,0,0,0,0,0,0,0.905991,4.15373e-09,0,1.20024e-12,2.40048e-12,-1.20024e-12,0,1.20024e-12,1.20024e-12,0,0,0,0,0,0,0,0,0,4.15343e-09,0.905991,
-8.67362e-13,0.00599007,-0.0182676,-0.000839893,0.00180079,-6.51255e-05,2.76108e-05,0,0,0.386363,-0.0105016,0.216172,0.00358121,-0.0201271,-0.00325704,-0.00184244,0,0,0,0.0782082,-0.00425533,0.0346122,0.0022892,0.00110431,-4.13391e-05,0,0,-0.0104894,0.626377,-0.000158538,-0.0752592,0.00313765,-0.0211784,-0.000476298,0,0,8.67362e-13,-0.004905,0.0492344,-0.000739485,-0.00115922,-0.000236343,-3.23279e-06,0,0,0.216505,-8.10648e-05,0.373863,-0.00472955,-0.0257049,-0.000541051,-0.00103724,0,0,-2.60209e-11,0.0529923,0.00153782,-0.0302509,-0.00350585,0.00320124,-0.000122951,0,0,0.00362037,-0.0761242,-0.0047197,0.610358,0.0196544,0.0566132,-0.0020706,0,0,0,0.026018,-0.00488302,-0.0365021,0.0307407,0.000187134,0.000353264,0,0,-0.200451,0.0309689,-0.256605,0.196834,0.303536,-0.0390608,0.0373903,0,0,4.85723e-11,0.0484249,-0.00743123,0.0158159,0.010525,-0.0681873,0.00244413,0,0,-0.0324811,-0.211944,-0.00538181,0.56622,-0.03901,0.395952,-0.00474043,0,0,3.46945e-12,-0.00331859,0.00186497,0.00460027,-0.00141827,0.00331748,-6.64599e-06,0,0,-0.0184153,-0.00472128,-0.0104147,-0.0207657,0.0374383,-0.00474989,0.0654336,0,0,0,0,0,0,0,0,0,0,0,0,0,0,0,0,0,0,0.905991,4.16604e-09,0,0,0,0,0,0,0,0,0,0,0,0,0,0,0,0,4.16634e-09,0.905991,
-1.73472e-12,0.00598723,-0.0182735,-0.000837957,0.00179799,-6.49482e-05,2.76192e-05,0,0,0.386497,-0.0105069,0.216059,0.00357854,-0.0200967,-0.0032533,-0.00184469,0,0,0,0.0782147,-0.00425457,0.0345803,0.00228789,0.00110488,-4.13689e-05,0,0,-0.0104947,0.626394,-0.000158633,-0.0752704,0.00313807,-0.021169,-0.000476633,0,0,4.33681e-12,-0.00490491,0.0492737,-0.000735251,-0.00115869,-0.00023581,-3.26288e-06,0,0,0.216392,-8.11372e-05,0.373977,-0.00473692,-0.0256952,-0.000538855,-0.00103787,0,0,0,0.0529614,0.00153979,-0.0302206,-0.00350402,0.00320091,-0.000122985,0,0,0.00361795,-0.0761362,-0.00472686,0.610348,0.019658,0.0566168,-0.00207005,0,0,5.20417e-12,0.0260086,-0.00485683,-0.0364912,0.0307202,0.00018154,0.000353875,0,0,-0.200146,0.0309727,-0.256508,0.19687,0.303559,-0.0390664,0.03738,0,0,-3.46945e-11,0.0484475,-0.00742909,0.0157534,0.010516,-0.0681677,0.00244408,0,0,-0.0324433,-0.21185,-0.0053596,0.566258,-0.0390155,0.395957,-0.0047413,0,0,-1.73472e-12,-0.00331857,0.00186446,0.00460113,-0.00141587,0.00331796,-6.29437e-06,0,0,-0.0184378,-0.00472457,-0.010421,-0.0207603,0.0374281,-0.00475077,0.0654346,0,0,0,0,0,0,0,1.20024e-12,0,-5.76116e-11,0,0,0,0,0,0,0,0,0.905991,4.28306e-09,0,-2.40048e-12,0,2.40048e-12,0,-2.40048e-12,-2.40048e-12,0,0,0,0,0,0,0,0,0,4.28306e-09,0.905991,
-3.46945e-12,0.00598438,-0.0182793,-0.000836018,0.00179519,-6.47786e-05,2.76276e-05,0,0,0.386631,-0.0105121,0.215945,0.00357585,-0.0200662,-0.00324954,-0.00184694,0,0,0,0.0782212,-0.00425382,0.0345484,0.00228658,0.00110544,-4.13987e-05,0,0,-0.0104999,0.626411,-0.000158732,-0.0752816,0.00313849,-0.0211595,-0.000476969,0,0,1.25767e-11,-0.00490482,0.0493129,-0.000731007,-0.00115816,-0.000235281,-3.2929e-06,0,0,0.216278,-8.12125e-05,0.37409,-0.0047443,-0.0256856,-0.000536652,-0.00103849,0,0,-1.21431e-11,0.0529304,0.00154176,-0.0301903,-0.00350219,0.00320057,-0.000123018,0,0,0.00361551,-0.0761481,-0.00473404,0.610338,0.0196616,0.0566205,-0.0020695,0,0,1.04083e-11,0.0259991,-0.00483057,-0.0364803,0.0306997,0.000175904,0.000354487,0,0,-0.199841,0.0309766,-0.25641,0.196906,0.303583,-0.039072,0.0373697,0,0,9.71445e-11,0.0484702,-0.00742692,0.0156908,0.0105068,-0.068148,0.00244402,0,0,-0.0324053,-0.211756,-0.00533732,0.566295,-0.039021,0.395961,-0.00474218,0,0,-1.73472e-12,-0.00331855,0.00186394,0.00460198,-0.00141346,0.00331844,-5.94098e-06,0,0,-0.0184602,-0.00472787,-0.0104272,-0.0207549,0.0374179,-0.00475165,0.0654357,0,0,0,0,0,0,0,0,0,1.20024e-12,0,0,0,0,0,0,0,0,0.905991,-4.51531e-09,0,0,0,0,0,0,0,1.20024e-12,0,0,0,0,0,0,0,0,-4.51471e-09,0.905991,
0,0.00598152,-0.0182851,-0.000834081,0.00179239,-6.46148e-05,2.76362e-05,0,0,0.386765,-0.0105174,0.21583,0.00357315,-0.0200358,-0.00324577,-0.0018492,0,0,1.38778e-11,0.0782277,-0.00425306,0.0345164,0.00228526,0.00110601,-4.14286e-05,0,0,-0.0105051,0.626428,-0.000158836,-0.0752927,0.00313892,-0.0211501,-0.000477305,0,0,0,-0.00490473,0.0493522,-0.000726759,-0.00115762,-0.000234753,-3.32289e-06,0,0,0.216164,-8.12909e-05,0.374204,-0.00475169,-0.0256759,-0.000534441,-0.00103911,0,0,1.73472e-12,0.0528994,0.00154373,-0.0301599,-0.00350035,0.00320024,-0.000123052,0,0,0.00361306,-0.0761601,-0.00474124,0.610328,0.0196651,0.0566242,-0.00206895,0,0,-1.9082e-11,0.0259896,-0.00480424,-0.0364694,0.030679,0.000170236,0.0003551,0,0,-0.199536,0.0309805,-0.256313,0.196942,0.303607,-0.0390775,0.0373594,0,0,3.46945e-11,0.0484929,-0.00742474,0.0156282,0.0104976,-0.0681282,0.00244397,0,0,-0.0323672,-0.211662,-0.00531498,0.566333,-0.0390265,0.395965,-0.00474305,0,0,-1.73472e-12,-0.00331853,0.00186342,0.00460284,-0.00141105,0.00331892,-5.58619e-06,0,0,-0.0184827,-0.00473117,-0.0104335,-0.0207495,0.0374077,-0.00475253,0.0654368,0,0,0,0,0,0,0,0,0,0,0,0,0,0,0,0,0,0,0.905991,-4.60172e-09,0,0,0,0,0,0,0,0,0,0,0,0,0,0,0,0,-4.60112e-09,0.905991,
-8.67362e-13,0.00597866,-0.0182908,-0.000832149,0.00178958,-6.44543e-05,2.76447e-05,0,0,0.386899,-0.0105227,0.215716,0.00357043,-0.0200053,-0.00324197,-0.00185145,0,0,-2.77556e-11,0.0782341,-0.0042523,0.0344845,0.00228394,0.00110657,-4.14585e-05,0,0,-0.0105103,0.626444,-0.000158945,-0.0753039,0.00313935,-0.0211406,-0.000477642,0,0,1.73472e-12,-0.00490465,0.0493915,-0.000722509,-0.00115708,-0.000234225,-3.35288e-06,0,0,0.216051,-8.13724e-05,0.374318,-0.00475909,-0.0256663,-0.000532223,-0.00103974,0,0,0,0.0528684,0.0015457,-0.0301295,-0.0034985,0.0031999,-0.000123086,0,0,0.00361059,-0.076172,-0.00474845,0.610318,0.0196687,0.0566279,-0.0020684,0,0,-6.93889e-12,0.0259801,-0.00477784,-0.0364584,0.0306583,0.00016454,0.000355713,0,0,-0.199231,0.0309844,-0.256216,0.196978,0.30363,-0.039083,0.0373491,0,0,-3.46945e-11,0.0485156,-0.00742253,0.0155656,0.0104884,-0.0681085,0.00244392,0,0,-0.0323289,-0.211568,-0.00529257,0.56637,-0.0390319,0.395969,-0.00474392,0,0,1.73472e-12,-0.00331851,0.0018629,0.00460369,-0.00140863,0.00331941,-5.23018e-06,0,0,-0.0185052,-0.00473448,-0.0104398,-0.0207441,0.0373974,-0.00475342,0.0654379,0,0,0,0,2.40048e-12,-2.40048e-12,1.20024e-12,2.40048e-12,-1.20024e-12,0,0,0,0,0,0,0,0,0,0.905991,-4.53901e-09,0,0,1.20024e-12,-1.20024e-12,0,1.20024e-12,0,0,0,0,0,0,0,0,0,0,-4.53931e-09,0.905991,
6.93889e-12,0.00597579,-0.0182965,-0.000830222,0.00178677,-6.42958e-05,2.76531e-05,0,0,0.387033,-0.0105279,0.215601,0.00356771,-0.0199748,-0.00323817,-0.00185371,0,0,1.38778e-11,0.0782406,-0.00425154,0.0344525,0.00228261,0.00110714,-4.14885e-05,0,0,-0.0105156,0.626461,-0.000159058,-0.0753151,0.00313978,-0.0211312,-0.000477979,0,0,-1.99493e-11,-0.00490456,0.0494308,-0.000718258,-0.00115654,-0.000233696,-3.3829e-06,0,0,0.215936,-8.14572e-05,0.374432,-0.00476651,-0.0256566,-0.000529997,-0.00104036,0,0,1.73472e-12,0.0528373,0.00154767,-0.0300991,-0.00349664,0.00319956,-0.00012312,0,0,0.00360812,-0.076184,-0.00475567,0.610308,0.0196723,0.0566316,-0.00206785,0,0,-1.73472e-11,0.0259706,-0.00475136,-0.0364475,0.0306374,0.000158815,0.000356326,0,0,-0.198925,0.0309884,-0.256119,0.197014,0.303654,-0.0390885,0.0373388,0,0,6.93889e-12,0.0485383,-0.0074203,0.0155028,0.0104791,-0.0680886,0.00244387,0,0,-0.0322905,-0.211474,-0.00527009,0.566408,-0.0390373,0.395973,-0.0047448,0,0,0,-0.00331848,0.00186238,0.00460454,-0.0014062,0.0033199,-4.87299e-06,0,0,-0.0185278,-0.00473779,-0.0104461,-0.0207387,0.0373872,-0.0047543,0.0654389,0,0,0,0,0,0,0,0,1.20024e-12,0,0,0,0,0,0,0,0,0,0.905991,-4.35567e-09,0,0,0,0,0,0,1.20024e-12,0,0,0,0,0,0,0,0,0,-4.35537e-09,0.905991,
-1.73472e-12,0.00597292,-0.0183022,-0.0008283,0.00178395,-6.41388e-05,2.76616e-05,0,0,0.387167,-0.0105332,0.215486,0.00356498,-0.0199442,-0.00323434,-0.00185596,0,0,-1.38778e-11,0.078247,-0.00425078,0.0344204,0.00228129,0.0011077,-4.15185e-05,0,0,-0.0105208,0.626478,-0.000159176,-0.0753263,0.00314021,-0.0211217,-0.000478316,0,0,4.33681e-12,-0.00490447,0.0494701,-0.000714003,-0.001156,-0.000233166,-3.41295e-06,0,0,0.215822,-8.15454e-05,0.374545,-0.00477394,-0.0256469,-0.000527765,-0.00104099,0,0,1.56125e-11,0.0528062,0.00154965,-0.0300686,-0.00349478,0.00319922,-0.000123154,0,0,0.00360563,-0.0761959,-0.00476291,0.610298,0.0196759,0.0566352,-0.00206729,0,0,-3.46945e-12,0.025961,-0.00472481,-0.0364365,0.0306164,0.000153063,0.00035694,0,0,-0.19862,0.0309923,-0.256021,0.19705,0.303678,-0.039094,0.0373284,0,0,-4.85723e-11,0.048561,-0.00741806,0.0154401,0.0104698,-0.0680688,0.00244382,0,0,-0.0322519,-0.21138,-0.00524756,0.566445,-0.0390427,0.395977,-0.00474567,0,0,1.73472e-12,-0.00331846,0.00186185,0.00460539,-0.00140377,0.00332039,-4.51463e-06,0,0,-0.0185503,-0.0047411,-0.0104525,-0.0207332,0.0373769,-0.00475519,0.06544,0,0,0,0,0,0,0,0,0,-1.15223e-10,0,0,0,0,0,0,0,0,0.905991,4.09282e-09,0,0,0,0,0,0,0,0,0,0,0,0,0,0,0,0,4.09222e-09,0.905991,
0,0.00597004,-0.0183079,-0.000826367,0.00178112,-6.39818e-05,2.76699e-05,0,0,0.387302,-0.0105385,0.215371,0.00356223,-0.0199137,-0.0032305,-0.00185822,0,0,1.38778e-11,0.0782534,-0.00425001,0.0343884,0.00227996,0.00110827,-4.15485e-05,0,0,-0.010526,0.626495,-0.000159299,-0.0753374,0.00314065,-0.0211122,-0.000478654,0,0,2.1684e-12,-0.00490438,0.0495094,-0.000709722,-0.00115545,-0.000232633,-3.44309e-06,0,0,0.215708,-8.1637e-05,0.374659,-0.00478138,-0.0256372,-0.000525526,-0.00104162,0,0,-1.56125e-11,0.052775,0.00155163,-0.0300381,-0.00349291,0.00319888,-0.000123188,0,0,0.00360312,-0.0762079,-0.00477017,0.610288,0.0196794,0.0566389,-0.00206674,0,0,1.38778e-11,0.0259514,-0.00469818,-0.0364254,0.0305954,0.000147259,0.000357555,0,0,-0.198313,0.0309963,-0.255924,0.197086,0.303703,-0.0390994,0.037318,0,0,8.32667e-11,0.0485837,-0.00741579,0.0153772,0.0104605,-0.0680489,0.00244376,0,0,-0.0322132,-0.211286,-0.00522497,0.566483,-0.0390481,0.395982,-0.00474655,0,0,0,-0.00331843,0.00186132,0.00460624,-0.00140133,0.00332089,-4.15452e-06,0,0,-0.0185728,-0.00474443,-0.0104588,-0.0207278,0.0373666,-0.00475608,0.0654411,0,0,0,0,0,0,2.40048e-12,2.40048e-12,0,0,0,0,0,0,0,0,0,0,0.905991,3.9704e-09,0,0,0,0,-1.20024e-12,-1.20024e-12,0,0,0,0,0,0,0,0,0,0,3.9701e-09,0.905991,
-3.46945e-12,0.00596712,-0.0183136,-0.000824479,0.00177831,-6.3922e-05,2.7681e-05,0,0,0.387436,-0.0105438,0.215256,0.00355948,-0.0198831,-0.00322665,-0.00186048,0,0,0,0.0782598,-0.00424924,0.0343563,0.00227864,0.00110885,-4.15791e-05,0,0,-0.0105313,0.626512,-0.000159426,-0.0753486,0.00314108,-0.0211028,-0.000478993,0,0,8.67362e-12,-0.00490429,0.0495487,-0.00070556,-0.00115491,-0.000232165,-3.47153e-06,0,0,0.215593,-8.17318e-05,0.374773,-0.00478883,-0.0256275,-0.000523281,-0.00104224,0,0,0,0.0527438,0.00155361,-0.0300076,-0.00349107,0.00319852,-0.000123223,0,0,0.00360061,-0.0762198,-0.00477744,0.610278,0.019683,0.0566425,-0.00206618,0,0,0,0.0259418,-0.0046715,-0.0364145,0.0305742,0.000141505,0.000358172,0,0,-0.198007,0.0310003,-0.255827,0.197121,0.303727,-0.0391049,0.0373077,0,0,-3.46945e-11,0.0486065,-0.00741352,0.0153144,0.0104512,-0.068029,0.00244374,0,0,-0.0321743,-0.211192,-0.00520232,0.56652,-0.0390535,0.395986,-0.00474743,0,0,-3.46945e-12,-0.0033184,0.00186079,0.00460708,-0.00139889,0.00332142,-3.7937e-06,0,0,-0.0185954,-0.00474775,-0.0104651,-0.0207223,0.0373563,-0.00475697,0.0654422,0,0,0,0,-1.20024e-12,0,-1.20024e-12,0,1.20024e-12,-1.14023e-10,0,0,0,0,0,0,0,0,0.905991,3.95209e-09,0,0,0,0,0,0,0,0,0,0,0,0,0,0,0,0,3.95209e-09,0.905991,
8.67362e-12,0.0059642,-0.0183192,-0.000822657,0.00177549,-6.38463e-05,2.76913e-05,0,0,0.387571,-0.0105491,0.21514,0.00355671,-0.0198525,-0.00322278,-0.00186274,0,0,0,0.0782662,-0.00424845,0.0343242,0.00227731,0.00110942,-4.16097e-05,0,0,-0.0105365,0.626529,-0.000159559,-0.0753597,0.00314152,-0.0210933,-0.000479332,0,0,-2.68882e-11,-0.00490421,0.0495881,-0.000701475,-0.00115437,-0.000231687,-3.50033e-06,0,0,0.215478,-8.18302e-05,0.374887,-0.0047963,-0.0256178,-0.00052103,-0.00104287,0,0,2.25514e-11,0.0527125,0.00155558,-0.0299771,-0.00348923,0.00319817,-0.000123257,0,0,0.00359808,-0.0762317,-0.00478472,0.610268,0.0196865,0.0566462,-0.00206562,0,0,-2.42861e-11,0.0259322,-0.00464474,-0.0364035,0.0305531,0.00013581,0.000358785,0,0,-0.197701,0.0310044,-0.255729,0.197157,0.303751,-0.0391103,0.0372973,0,0,-2.08167e-11,0.0486292,-0.00741123,0.0152514,0.010442,-0.0680091,0.0024437,0,0,-0.0321353,-0.211097,-0.00517961,0.566557,-0.0390589,0.39599,-0.00474831,0,0,0,-0.00331837,0.00186025,0.00460791,-0.00139644,0.00332194,-3.43478e-06,0,0,-0.0186179,-0.00475108,-0.0104715,-0.0207168,0.037346,-0.00475786,0.0654432,0,0,0,0,0,0,0,0,1.20024e-12,0,0,0,0,0,0,0,0,0,0.905991,4.02411e-09,0,0,0,0,0,0,2.40048e-12,0,0,0,0,0,0,0,0,0,4.02411e-09,0.905991,
4.33681e-12,0.00596128,-0.0183248,-0.000820857,0.00177266,-6.37405e-05,2.77007e-05,0,0,0.387706,-0.0105544,0.215025,0.00355393,-0.0198219,-0.0032189,-0.001865,0,0,-1.38778e-11,0.0782726,-0.00424766,0.0342921,0.00227599,0.00111,-4.16402e-05,0,0,-0.0105418,0.626545,-0.000159695,-0.0753709,0.00314196,-0.0210838,-0.000479671,0,0,-1.30104e-11,-0.00490414,0.0496274,-0.000697396,-0.00115382,-0.000231188,-3.52967e-06,0,0,0.215362,-8.19323e-05,0.375001,-0.00480377,-0.0256081,-0.000518773,-0.00104351,0,0,-8.67362e-12,0.0526812,0.00155756,-0.0299465,-0.00348737,0.00319782,-0.000123291,0,0,0.00359554,-0.0762437,-0.00479202,0.610258,0.0196901,0.0566498,-0.00206506,0,0,-5.20417e-12,0.0259225,-0.00461791,-0.0363925,0.0305318,0.000130112,0.000359398,0,0,-0.197394,0.0310084,-0.255631,0.197193,0.303776,-0.0391157,0.0372868,0,0,6.93889e-12,0.048652,-0.00740893,0.0151885,0.0104327,-0.0679891,0.00244366,0,0,-0.0320962,-0.211003,-0.00515683,0.566595,-0.0390642,0.395995,-0.00474919,0,0,3.46945e-12,-0.00331834,0.00185971,0.00460874,-0.00139399,0.00332244,-3.0761e-06,0,0,-0.0186405,-0.00475441,-0.0104778,-0.0207113,0.0373357,-0.00475875,0.0654443,0,0,0,0,0,0,0,0,0,0,0,0,0,0,0,0,0,0,0.905991,4.18944e-09,0,1.20024e-12,-1.20024e-12,0,-1.20024e-12,0,1.20024e-12,0,0,0,0,0,0,0,0,0,4.18944e-09,0.905991,
-1.73472e-12,0.00595838,-0.0183304,-0.00081902,0.00176982,-6.36101e-05,2.77093e-05,0,0,0.387841,-0.0105597,0.214908,0.00355115,-0.0197912,-0.003215,-0.00186727,0,0,1.38778e-11,0.0782789,-0.00424688,0.0342599,0.00227466,0.00111057,-4.16704e-05,0,0,-0.010547,0.626562,-0.000159836,-0.075382,0.00314241,-0.0210743,-0.00048001,0,0,3.03577e-12,-0.00490407,0.0496668,-0.000693233,-0.00115326,-0.000230669,-3.55953e-06,0,0,0.215247,-8.20383e-05,0.375115,-0.00481127,-0.0255984,-0.00051651,-0.00104414,0,0,1.21431e-11,0.0526499,0.00155954,-0.0299159,-0.00348549,0.00319746,-0.000123325,0,0,0.00359299,-0.0762556,-0.00479933,0.610248,0.0196936,0.0566535,-0.0020645,0,0,-2.42861e-11,0.0259128,-0.004591,-0.0363815,0.0305104,0.000124318,0.000360012,0,0,-0.197087,0.0310125,-0.255534,0.197228,0.3038,-0.039121,0.0372764,0,0,-2.77556e-11,0.0486748,-0.00740661,0.0151255,0.0104233,-0.0679691,0.00244362,0,0,-0.0320569,-0.210908,-0.005134,0.566632,-0.0390695,0.395999,-0.00475007,0,0,1.73472e-12,-0.00331831,0.00185916,0.00460958,-0.00139153,0.00332294,-2.71468e-06,0,0,-0.0186631,-0.00475775,-0.0104842,-0.0207058,0.0373253,-0.00475964,0.0654454,0,0,0,-1.20024e-12,0,-1.20024e-12,0,0,0,0,0,0,0,0,0,0,0,0,0.905991,-4.464e-09,0,0,0,0,0,0,0,0,0,0,0,0,0,0,0,0,-4.4643e-09,0.905991,
-2.60209e-12,0.00595539,-0.0183359,-0.000817266,0.00176695,-6.36881e-05,2.77249e-05,0,0,0.387976,-0.010565,0.214792,0.00354835,-0.0197605,-0.00321109,-0.00186953,0,0,-1.38778e-11,0.0782852,-0.00424608,0.0342277,0.00227333,0.00111114,-4.17015e-05,0,0,-0.0105523,0.626579,-0.000159982,-0.0753932,0.00314285,-0.0210648,-0.00048035,0,0,6.07153e-12,-0.004904,0.0497061,-0.000689321,-0.00115277,-0.000230289,-3.58632e-06,0,0,0.215131,-8.21474e-05,0.37523,-0.00481877,-0.0255887,-0.000514242,-0.00104477,0,0,8.67362e-12,0.0526185,0.00156151,-0.0298852,-0.0034837,0.00319708,-0.000123362,0,0,0.00359042,-0.0762675,-0.00480666,0.610238,0.0196972,0.0566571,-0.00206394,0,0,8.67362e-12,0.0259031,-0.00456402,-0.0363706,0.0304889,0.000118658,0.000360642,0,0,-0.196779,0.0310166,-0.255436,0.197264,0.303825,-0.0391264,0.037266,0,0,-3.46945e-11,0.0486976,-0.00740428,0.0150624,0.0104142,-0.067949,0.00244361,0,0,-0.0320174,-0.210814,-0.00511109,0.566669,-0.0390748,0.396003,-0.00475095,0,0,-1.73472e-12,-0.00331828,0.00185862,0.0046104,-0.00138908,0.00332352,-2.35504e-06,0,0,-0.0186857,-0.00476109,-0.0104906,-0.0207003,0.037315,-0.00476053,0.0654465,0,0,0,0,0,0,0,0,0,0,0,0,0,0,0,0,0,0,0.905991,-4.60292e-09,0,0,0,0,0,0,0,0,0,0,0,0,0,0,0,0,-4.60232e-09,0.905991,
-2.60209e-12,0.00595239,-0.0183414,-0.00081564,0.00176409,-6.37406e-05,2.7739e-05,0,0,0.388111,-0.0105703,0.214676,0.00354553,-0.0197298,-0.00320717,-0.00187179,0,0,-2.77556e-11,0.0782915,-0.00424525,0.0341955,0.00227201,0.00111171,-4.17325e-05,0,0,-0.0105575,0.626595,-0.000160131,-0.0754043,0.0031433,-0.0210553,-0.000480691,0,0,6.50521e-12,-0.00490395,0.0497455,-0.00068558,-0.00115225,-0.000229896,-3.61355e-06,0,0,0.215015,-8.22604e-05,0.375344,-0.00482629,-0.025579,-0.000511969,-0.00104541,0,0,-1.04083e-11,0.052587,0.00156348,-0.0298546,-0.00348191,0.0031967,-0.000123398,0,0,0.00358784,-0.0762794,-0.004814,0.610228,0.0197007,0.0566607,-0.00206338,0,0,6.93889e-12,0.0258933,-0.00453696,-0.0363598,0.0304674,0.000113147,0.000361263,0,0,-0.196472,0.0310207,-0.255338,0.197299,0.30385,-0.0391317,0.0372555,0,0,0,0.0487204,-0.00740194,0.0149993,0.0104052,-0.0679289,0.0024436,0,0,-0.0319778,-0.210719,-0.00508812,0.566706,-0.0390801,0.396008,-0.00475183,0,0,0,-0.00331825,0.00185807,0.00461121,-0.00138663,0.00332408,-1.99996e-06,0,0,-0.0187083,-0.00476443,-0.010497,-0.0206947,0.0373046,-0.00476142,0.0654476,0,0,0,0,0,0,0,0,0,0,0,0,0,0,0,0,0,0,0.905991,-4.58852e-09,0,0,0,-1.20024e-12,0,-1.20024e-12,0,0,0,0,0,0,0,0,0,0,-4.58912e-09,0.905991,
1.73472e-12,0.0059494,-0.0183469,-0.000814057,0.00176124,-6.3739e-05,2.77511e-05,0,0,0.388246,-0.0105756,0.214559,0.00354271,-0.0196991,-0.00320323,-0.00187406,0,0,0,0.0782978,-0.00424442,0.0341632,0.00227068,0.00111229,-4.17634e-05,0,0,-0.0105628,0.626612,-0.000160284,-0.0754155,0.00314375,-0.0210458,-0.000481032,0,0,-6.50521e-12,-0.00490392,0.0497848,-0.000681861,-0.00115172,-0.000229467,-3.64156e-06,0,0,0.214899,-8.23774e-05,0.375458,-0.00483382,-0.0255693,-0.000509688,-0.00104604,0,0,-6.93889e-12,0.0525555,0.00156545,-0.0298239,-0.00348009,0.00319632,-0.000123433,0,0,0.00358525,-0.0762914,-0.00482136,0.610218,0.0197042,0.0566644,-0.00206281,0,0,-6.93889e-12,0.0258836,-0.00450982,-0.036349,0.0304458,0.000107652,0.000361878,0,0,-0.196164,0.0310249,-0.25524,0.197335,0.303875,-0.039137,0.037245,0,0,6.93889e-12,0.0487432,-0.00739959,0.0149362,0.0103962,-0.0679088,0.00244358,0,0,-0.0319381,-0.210625,-0.00506507,0.566743,-0.0390853,0.396012,-0.00475272,0,0,0,-0.00331821,0.00185752,0.00461201,-0.00138417,0.00332461,-1.64551e-06,0,0,-0.0187309,-0.00476778,-0.0105034,-0.0206892,0.0372942,-0.00476232,0.0654487,0,0,0,0,0,0,0,0,0,0,0,0,0,0,0,0,0,0,0.905991,-4.44029e-09,0,0,1.20024e-12,0,0,0,0,0,0,0,0,0,0,0,0,0,-4.43999e-09,0.905991,
0,0.00594641,-0.0183524,-0.00081249,0.00175839,-6.37507e-05,2.77637e-05,0,0,0.388382,-0.0105809,0.214442,0.00353986,-0.0196683,-0.00319928,-0.00187633,0,0,1.38778e-11,0.078304,-0.00424358,0.034131,0.00226935,0.00111286,-4.17945e-05,0,0,-0.010568,0.626629,-0.00016044,-0.0754266,0.00314421,-0.0210363,-0.000481374,0,0,1.73472e-12,-0.0049039,0.0498242,-0.000678163,-0.00115118,-0.000229045,-3.66933e-06,0,0,0.214782,-8.24984e-05,0.375573,-0.00484138,-0.0255595,-0.000507401,-0.00104668,0,0,-6.93889e-12,0.052524,0.00156742,-0.0297931,-0.00347827,0.00319593,-0.000123468,0,0,0.00358264,-0.0763033,-0.00482873,0.610208,0.0197078,0.056668,-0.00206225,0,0,1.04083e-11,0.0258738,-0.00448262,-0.0363381,0.0304241,0.000102144,0.000362493,0,0,-0.195856,0.031029,-0.255143,0.19737,0.3039,-0.0391423,0.0372345,0,0,-2.77556e-11,0.0487661,-0.00739722,0.014873,0.0103871,-0.0678886,0.00244356,0,0,-0.0318981,-0.21053,-0.00504193,0.56678,-0.0390905,0.396017,-0.0047536,0,0,-3.46945e-12,-0.00331818,0.00185696,0.00461282,-0.00138171,0.00332514,-1.28999e-06,0,0,-0.0187536,-0.00477113,-0.0105098,-0.0206836,0.0372838,-0.00476321,0.0654498,0,0,0,0,0,0,-1.20024e-12,-1.20024e-12,1.20024e-12,0,0,0,0,0,0,0,0,0,0.905991,4.19724e-09,0,0,0,0,3.60072e-12,3.60072e-12,-3.60072e-12,0,0,0,0,0,0,0,0,0,4.19724e-09,0.905991,
-1.73472e-12,0.00594342,-0.0183578,-0.000810929,0.00175554,-6.37373e-05,2.77753e-05,0,0,0.388517,-0.0105862,0.214325,0.00353701,-0.0196376,-0.00319531,-0.00187859,0,0,-1.38778e-11,0.0783103,-0.00424274,0.0340987,0.00226802,0.00111344,-4.18255e-05,0,0,-0.0105733,0.626645,-0.000160598,-0.0754377,0.00314466,-0.0210268,-0.000481716,0,0,6.50521e-12,-0.00490387,0.0498636,-0.000674449,-0.00115063,-0.000228604,-3.69751e-06,0,0,0.214666,-8.26234e-05,0.375687,-0.00484894,-0.0255498,-0.000505107,-0.00104732,0,0,-2.25514e-11,0.0524924,0.00156939,-0.0297624,-0.00347643,0.00319556,-0.000123503,0,0,0.00358002,-0.0763152,-0.00483611,0.610198,0.0197113,0.0566716,-0.00206168,0,0,2.77556e-11,0.025864,-0.00445534,-0.0363273,0.0304024,9.65957e-05,0.000363106,0,0,-0.195547,0.0310332,-0.255045,0.197406,0.303925,-0.0391476,0.037224,0,0,9.71445e-11,0.0487889,-0.00739483,0.0148097,0.010378,-0.0678684,0.00244354,0,0,-0.031858,-0.210436,-0.00501872,0.566817,-0.0390957,0.396021,-0.00475449,0,0,0,-0.00331814,0.0018564,0.00461362,-0.00137923,0.00332567,-9.33037e-07,0,0,-0.0187762,-0.00477449,-0.0105163,-0.020678,0.0372733,-0.00476411,0.0654508,0,0,0,0,0,0,-2.40048e-12,0,0,0,0,0,0,0,0,0,0,0,0.905991,4.09672e-09,0,0,0,0,-1.20024e-12,0,0,0,0,0,0,0,0,0,0,0,4.09732e-09,0.905991,
-4.33681e-12,0.00594043,-0.0183632,-0.000809355,0.00175269,-6.37036e-05,2.77861e-05,0,0,0.388653,-0.0105915,0.214207,0.00353413,-0.0196067,-0.00319132,-0.00188086,0,0,1.38778e-11,0.0783165,-0.0042419,0.0340664,0.00226669,0.00111403,-4.18565e-05,0,0,-0.0105785,0.626662,-0.000160759,-0.0754489,0.00314512,-0.0210173,-0.000482058,0,0,1.34441e-11,-0.00490385,0.049903,-0.000670689,-0.00115007,-0.000228147,-3.72603e-06,0,0,0.214549,-8.27523e-05,0.375801,-0.00485653,-0.0255401,-0.000502804,-0.00104796,0,0,1.73472e-12,0.0524608,0.00157137,-0.0297316,-0.00347457,0.00319518,-0.000123537,0,0,0.00357738,-0.0763271,-0.00484351,0.610188,0.0197148,0.0566752,-0.00206111,0,0,5.20417e-12,0.0258541,-0.004428,-0.0363164,0.0303805,9.09763e-05,0.000363719,0,0,-0.195239,0.0310374,-0.254946,0.197441,0.30395,-0.0391529,0.0372135,0,0,0,0.0488118,-0.00739241,0.0147465,0.0103688,-0.0678482,0.00244351,0,0,-0.0318176,-0.210341,-0.00499541,0.566854,-0.0391009,0.396026,-0.00475538,0,0,0,-0.00331811,0.00185584,0.00461442,-0.00137675,0.0033262,-5.73694e-07,0,0,-0.0187989,-0.00477785,-0.0105227,-0.0206724,0.0372629,-0.00476501,0.0654519,0,0,0,0,0,0,0,0,0,0,0,0,0,0,0,0,0,0,0.905991,4.10723e-09,0,0,0,0,0,0,0,0,0,0,0,0,0,0,0,0,4.10602e-09,0.905991,
-5.20417e-12,0.00593744,-0.0183686,-0.000807761,0.00174983,-6.36594e-05,2.77964e-05,0,0,0.388788,-0.0105968,0.214089,0.00353124,-0.0195759,-0.00318731,-0.00188313,0,0,1.38778e-11,0.0783227,-0.00424106,0.0340342,0.00226536,0.00111461,-4.18876e-05,0,0,-0.0105838,0.626678,-0.000160923,-0.07546,0.00314558,-0.0210077,-0.000482401,0,0,1.64799e-11,-0.00490382,0.0499424,-0.000666879,-0.00114951,-0.000227678,-3.75475e-06,0,0,0.214432,-8.28851e-05,0.375916,-0.00486413,-0.0255303,-0.000500493,-0.0010486,0,0,-2.42861e-11,0.0524291,0.00157334,-0.0297008,-0.0034727,0.00319481,-0.000123572,0,0,0.00357473,-0.076339,-0.00485093,0.610178,0.0197183,0.0566788,-0.00206054,0,0,6.93889e-12,0.0258443,-0.00440059,-0.0363054,0.0303585,8.52759e-05,0.000364332,0,0,-0.19493,0.0310417,-0.254848,0.197477,0.303976,-0.0391581,0.0372029,0,0,4.16334e-11,0.0488347,-0.00738997,0.0146832,0.0103596,-0.067828,0.00244348,0,0,-0.0317771,-0.210246,-0.00497202,0.566891,-0.0391061,0.39603,-0.00475626,0,0,-1.73472e-12,-0.00331807,0.00185527,0.00461522,-0.00137426,0.00332672,-2.116e-07,0,0,-0.0188215,-0.00478121,-0.0105292,-0.0206668,0.0372524,-0.0047659,0.065453,0,0,0,0,-1.20024e-12,2.40048e-12,0,-2.40048e-12,1.20024e-12,0,0,0,0,0,0,0,0,0,0.905991,4.21405e-09,0,0,1.20024e-12,-1.20024e-12,0,1.20024e-12,-1.20024e-12,0,0,0,0,0,0,0,0,0,4.21465e-09,0.905991,
-3.46945e-12,0.00593446,-0.018374,-0.000806149,0.00174696,-6.36115e-05,2.78066e-05,0,0,0.388924,-0.0106021,0.213972,0.00352833,-0.0195451,-0.00318329,-0.00188541,0,0,-1.38778e-11,0.0783288,-0.00424023,0.0340019,0.00226403,0.0011152,-4.19187e-05,0,0,-0.0105891,0.626695,-0.00016109,-0.0754711,0.00314604,-0.0209982,-0.000482745,0,0,8.23994e-12,-0.00490379,0.0499819,-0.000663027,-0.00114894,-0.000227204,-3.7836e-06,0,0,0.214314,-8.30215e-05,0.376031,-0.00487176,-0.0255205,-0.000498174,-0.00104924,0,0,-1.73472e-12,0.0523974,0.00157533,-0.02967,-0.00347081,0.00319444,-0.000123606,0,0,0.00357206,-0.0763509,-0.00485836,0.610168,0.0197218,0.0566824,-0.00205997,0,0,3.46945e-12,0.0258344,-0.00437311,-0.0362944,0.0303364,7.9499e-05,0.000364945,0,0,-0.194621,0.0310459,-0.25475,0.197512,0.304001,-0.0391633,0.0371924,0,0,-6.93889e-12,0.0488576,-0.00738751,0.0146198,0.0103502,-0.0678078,0.00244345,0,0,-0.0317364,-0.210151,-0.00494855,0.566927,-0.0391112,0.396035,-0.00475715,0,0,0,-0.00331802,0.0018547,0.00461602,-0.00137176,0.00332725,1.53141e-07,0,0,-0.0188442,-0.00478458,-0.0105356,-0.0206612,0.0372419,-0.0047668,0.0654541,0,0,0,0,1.20024e-12,-1.20024e-12,0,1.20024e-12,0,0,0,0,0,0,0,0,0,0,0.905991,-4.43279e-09,0,0,-1.20024e-12,1.20024e-12,0,-1.20024e-12,0,0,0,0,0,0,0,0,0,0,-4.43219e-09,0.905991,
-4.33681e-12,0.00593147,-0.0183794,-0.000804526,0.00174409,-6.35632e-05,2.78166e-05,0,0,0.38906,-0.0106074,0.213853,0.0035254,-0.0195142,-0.00317925,-0.00188768,0,0,-1.38778e-11,0.078335,-0.00423939,0.0339697,0.00226269,0.00111578,-4.19498e-05,0,0,-0.0105943,0.626711,-0.000161261,-0.0754822,0.00314651,-0.0209887,-0.000483089,0,0,1.12757e-11,-0.00490375,0.0500213,-0.000659144,-0.00114836,-0.000226725,-3.81254e-06,0,0,0.214197,-8.31617e-05,0.376145,-0.00487939,-0.0255108,-0.000495847,-0.00104988,0,0,1.38778e-11,0.0523656,0.00157731,-0.0296391,-0.00346891,0.00319407,-0.000123641,0,0,0.00356938,-0.0763628,-0.0048658,0.610159,0.0197253,0.056686,-0.00205939,0,0,-3.46945e-12,0.0258245,-0.00434556,-0.0362834,0.0303142,7.36544e-05,0.00036556,0,0,-0.194312,0.0310502,-0.254652,0.197547,0.304027,-0.0391685,0.0371818,0,0,-5.55112e-11,0.0488805,-0.00738502,0.0145564,0.0103407,-0.0677876,0.00244343,0,0,-0.0316956,-0.210056,-0.00492498,0.566964,-0.0391163,0.39604,-0.00475804,0,0,0,-0.00331798,0.00185412,0.00461682,-0.00136925,0.00332778,5.20275e-07,0,0,-0.0188669,-0.00478796,-0.0105421,-0.0206555,0.0372314,-0.0047677,0.0654552,0,0,0,0,0,1.20024e-12,0,-1.20024e-12,-1.20024e-12,0,0,0,0,0,0,0,0,0,0.905991,-4.51171e-09,0,0,0,0,0,0,0,0,0,0,0,0,0,0,0,0,-4.51261e-09,0.905991,
1.73472e-12,0.00592847,-0.0183847,-0.000802898,0.00174121,-6.3519e-05,2.78266e-05,0,0,0.389196,-0.0106127,0.213735,0.00352246,-0.0194833,-0.00317518,-0.00188995,0,0,-1.38778e-11,0.0783411,-0.00423856,0.0339374,0.00226135,0.00111637,-4.1981e-05,0,0,-0.0105996,0.626728,-0.000161434,-0.0754933,0.00314697,-0.0209791,-0.000483433,0,0,-4.33681e-12,-0.00490372,0.0500607,-0.000655245,-0.00114779,-0.000226247,-3.84149e-06,0,0,0.214079,-8.33054e-05,0.37626,-0.00488705,-0.025501,-0.000493511,-0.00105053,0,0,1.21431e-11,0.0523338,0.0015793,-0.0296082,-0.00346701,0.0031937,-0.000123675,0,0,0.00356668,-0.0763747,-0.00487327,0.610149,0.0197288,0.0566896,-0.00205882,0,0,3.46945e-12,0.0258146,-0.00431795,-0.0362724,0.0302918,6.77548e-05,0.000366177,0,0,-0.194002,0.0310545,-0.254554,0.197582,0.304052,-0.0391737,0.0371712,0,0,-2.08167e-11,0.0489035,-0.00738251,0.014493,0.0103312,-0.0677674,0.0024434,0,0,-0.0316545,-0.209962,-0.00490133,0.567001,-0.0391214,0.396044,-0.00475893,0,0,0,-0.00331793,0.00185354,0.00461762,-0.00136673,0.00332832,8.89459e-07,0,0,-0.0188896,-0.00479134,-0.0105486,-0.0206499,0.0372209,-0.0047686,0.0654563,0,0,0,0,0,0,0,0,0,0,0,0,0,0,0,0,0,0,0.905991,-4.45199e-09,0,0,0,0,0,0,0,0,0,0,0,0,0,0,0,0,-4.45139e-09,0.905991,
4.33681e-12,0.00592547,-0.01839,-0.00080127,0.00173832,-6.34753e-05,2.78366e-05,0,0,0.389332,-0.010618,0.213616,0.0035195,-0.0194523,-0.00317111,-0.00189223,0,0,0,0.0783473,-0.00423773,0.0339051,0.00226001,0.00111696,-4.20122e-05,0,0,-0.0106048,0.626744,-0.00016161,-0.0755044,0.00314744,-0.0209696,-0.000483778,0,0,-1.30104e-11,-0.00490368,0.0501002,-0.000651334,-0.00114721,-0.000225765,-3.87052e-06,0,0,0.213961,-8.34526e-05,0.376375,-0.00489472,-0.0254912,-0.000491166,-0.00105117,0,0,-1.56125e-11,0.052302,0.00158129,-0.0295773,-0.0034651,0.00319332,-0.00012371,0,0,0.00356397,-0.0763865,-0.00488075,0.610139,0.0197323,0.0566932,-0.00205824,0,0,1.38778e-11,0.0258046,-0.00429026,-0.0362613,0.0302694,6.18078e-05,0.000366794,0,0,-0.193692,0.0310588,-0.254455,0.197618,0.304078,-0.0391788,0.0371606,0,0,4.85723e-11,0.0489264,-0.00737997,0.0144295,0.0103217,-0.0677471,0.00244337,0,0,-0.0316132,-0.209867,-0.00487759,0.567037,-0.0391265,0.396049,-0.00475982,0,0,-1.73472e-12,-0.00331788,0.00185296,0.00461842,-0.0013642,0.00332886,1.26039e-06,0,0,-0.0189123,-0.00479472,-0.0105551,-0.0206442,0.0372104,-0.0047695,0.0654574,0,0,0,0,0,0,0,0,0,0,0,0,0,0,0,0,0,0,0.905991,4.27706e-09,0,0,0,0,0,0,0,0,0,0,0,0,0,0,0,0,4.27646e-09,0.905991,
0,0.00592247,-0.0183953,-0.000799644,0.00173543,-6.34306e-05,2.78464e-05,0,0,0.389469,-0.0106233,0.213497,0.00351652,-0.0194214,-0.00316701,-0.0018945,0,0,-1.38778e-11,0.0783533,-0.00423689,0.0338728,0.00225867,0.00111755,-4.20435e-05,0,0,-0.0106101,0.626761,-0.00016179,-0.0755155,0.00314792,-0.02096,-0.000484124,0,0,-1.73472e-12,-0.00490364,0.0501396,-0.000647414,-0.00114664,-0.000225281,-3.89966e-06,0,0,0.213842,-8.36034e-05,0.37649,-0.00490241,-0.0254814,-0.000488813,-0.00105182,0,0,0,0.0522701,0.00158328,-0.0295464,-0.00346317,0.00319295,-0.000123745,0,0,0.00356124,-0.0763984,-0.00488824,0.610129,0.0197358,0.0566967,-0.00205766,0,0,1.73472e-12,0.0257946,-0.0042625,-0.0362502,0.0302468,5.58153e-05,0.000367412,0,0,-0.193382,0.0310632,-0.254357,0.197653,0.304104,-0.0391839,0.03715,0,0,-6.93889e-11,0.0489494,-0.00737741,0.014366,0.0103121,-0.0677268,0.00244335,0,0,-0.0315717,-0.209772,-0.00485376,0.567074,-0.0391316,0.396054,-0.00476071,0,0,0,-0.00331783,0.00185237,0.00461922,-0.00136167,0.00332941,1.63297e-06,0,0,-0.018935,-0.00479811,-0.0105617,-0.0206385,0.0371998,-0.0047704,0.0654585,0,0,0,0,0,0,0,0,0,0,0,0,0,0,0,0,0,0,0.905991,4.23625e-09,0,0,0,0,0,0,0,0,0,0,0,0,0,0,0,0,4.23625e-09,0.905991,
0,0.00591947,-0.0184006,-0.00079802,0.00173252,-6.33839e-05,2.78561e-05,0,0,0.389605,-0.0106287,0.213378,0.00351353,-0.0193904,-0.00316289,-0.00189678,0,0,1.38778e-11,0.0783594,-0.00423606,0.0338405,0.00225732,0.00111813,-4.20747e-05,0,0,-0.0106154,0.626777,-0.000161973,-0.0755266,0.00314839,-0.0209505,-0.00048447,0,0,0,-0.00490361,0.0501791,-0.000643483,-0.00114606,-0.000224791,-3.92894e-06,0,0,0.213724,-8.37576e-05,0.376605,-0.00491012,-0.0254716,-0.000486451,-0.00105247,0,0,-3.46945e-12,0.0522381,0.00158528,-0.0295154,-0.00346124,0.00319258,-0.000123779,0,0,0.00355849,-0.0764103,-0.00489575,0.610119,0.0197393,0.0567003,-0.00205709,0,0,-3.46945e-12,0.0257846,-0.00423467,-0.0362391,0.0302242,4.97773e-05,0.000368032,0,0,-0.193072,0.0310675,-0.254258,0.197688,0.30413,-0.039189,0.0371393,0,0,-4.85723e-11,0.0489724,-0.00737483,0.0143025,0.0103024,-0.0677065,0.00244332,0,0,-0.0315301,-0.209677,-0.00482983,0.567111,-0.0391366,0.396058,-0.0047616,0,0,-1.73472e-12,-0.00331778,0.00185177,0.00462002,-0.00135913,0.00332995,2.00718e-06,0,0,-0.0189578,-0.0048015,-0.0105682,-0.0206329,0.0371893,-0.0047713,0.0654596,0,0,0,0,0,0,0,0,-1.20024e-12,0,0,0,0,0,0,0,0,0,0.905991,-4.30947e-09,0,0,0,0,0,0,1.20024e-12,0,0,0,0,0,0,0,0,0,-4.30947e-09,0.905991,
0,0.00591646,-0.0184058,-0.000796396,0.00172961,-6.3334e-05,2.78657e-05,0,0,0.389741,-0.010634,0.213259,0.00351051,-0.0193594,-0.00315875,-0.00189906,0,0,0,0.0783655,-0.00423522,0.0338082,0.00225597,0.00111872,-4.21059e-05,0,0,-0.0106206,0.626793,-0.000162158,-0.0755377,0.00314887,-0.0209409,-0.000484817,0,0,-1.30104e-12,-0.00490357,0.0502185,-0.00063954,-0.00114547,-0.000224297,-3.95837e-06,0,0,0.213605,-8.39154e-05,0.376719,-0.00491785,-0.0254618,-0.00048408,-0.00105312,0,0,0,0.0522061,0.00158727,-0.0294844,-0.0034593,0.00319221,-0.000123814,0,0,0.00355573,-0.0764222,-0.00490328,0.610109,0.0197428,0.0567039,-0.00205651,0,0,0,0.0257746,-0.00420676,-0.036228,0.0302014,4.36919e-05,0.000368652,0,0,-0.192761,0.0310719,-0.254159,0.197723,0.304156,-0.0391941,0.0371287,0,0,0,0.0489954,-0.00737222,0.0142389,0.0102927,-0.0676862,0.00244329,0,0,-0.0314882,-0.209582,-0.00480581,0.567147,-0.0391416,0.396063,-0.00476249,0,0,3.46945e-12,-0.00331773,0.00185118,0.00462081,-0.00135658,0.0033305,2.38306e-06,0,0,-0.0189805,-0.0048049,-0.0105748,-0.0206272,0.0371787,-0.00477221,0.0654607,0,0,0,1.20024e-12,0,1.20024e-12,0,1.20024e-12,0,0,0,0,0,0,0,0,0,0,0.905991,4.25906e-09,0,0,0,0,0,0,0,0,0,0,0,0,0,0,0,0,4.25906e-09,0.905991,
8.67362e-13,0.00591345,-0.018411,-0.000794771,0.0017267,-6.32795e-05,2.7875e-05,0,0,0.389878,-0.0106393,0.213139,0.00350748,-0.0193284,-0.0031546,-0.00190134,0,0,0,0.0783715,-0.00423438,0.0337759,0.00225462,0.0011193,-4.21371e-05,0,0,-0.0106259,0.62681,-0.000162347,-0.0755487,0.00314934,-0.0209313,-0.000485164,0,0,1.73472e-12,-0.00490354,0.050258,-0.00063558,-0.00114489,-0.000223797,-3.98799e-06,0,0,0.213486,-8.40766e-05,0.376834,-0.00492559,-0.025452,-0.0004817,-0.00105377,0,0,-1.21431e-11,0.0521741,0.00158927,-0.0294534,-0.00345734,0.00319183,-0.000123849,0,0,0.00355295,-0.076434,-0.00491083,0.610099,0.0197463,0.0567074,-0.00205592,0,0,2.77556e-11,0.0257645,-0.00417878,-0.0362168,0.0301786,3.75565e-05,0.000369274,0,0,-0.192451,0.0310764,-0.254061,0.197758,0.304183,-0.0391992,0.037118,0,0,6.245e-11,0.0490184,-0.00736959,0.0141752,0.0102829,-0.0676658,0.00244326,0,0,-0.0314462,-0.209486,-0.0047817,0.567183,-0.0391466,0.396068,-0.00476338,0,0,-3.46945e-12,-0.00331767,0.00185058,0.0046216,-0.00135402,0.00333105,2.76068e-06,0,0,-0.0190033,-0.00480831,-0.0105813,-0.0206214,0.0371681,-0.00477311,0.0654618,0,0,0,0,0,0,0,0,0,0,0,0,0,0,0,0,0,0,0.905991,-4.32567e-09,0,0,0,0,0,0,0,0,0,0,0,0,0,0,0,0,-4.32567e-09,0.905991,
8.67362e-13,0.00591044,-0.0184162,-0.000793143,0.00172377,-6.32191e-05,2.78841e-05,0,0,0.390015,-0.0106446,0.21302,0.00350444,-0.0192973,-0.00315042,-0.00190362,0,0,1.38778e-11,0.0783775,-0.00423354,0.0337435,0.00225327,0.00111989,-4.21683e-05,0,0,-0.0106312,0.626826,-0.000162539,-0.0755598,0.00314983,-0.0209218,-0.000485512,0,0,-3.03577e-12,-0.00490351,0.0502975,-0.000631599,-0.00114429,-0.000223289,-4.01781e-06,0,0,0.213367,-8.42414e-05,0.376949,-0.00493335,-0.0254422,-0.00047931,-0.00105442,0,0,-2.77556e-11,0.052142,0.00159127,-0.0294223,-0.00345537,0.00319146,-0.000123883,0,0,0.00355016,-0.0764459,-0.00491839,0.610089,0.0197498,0.056711,-0.00205534,0,0,-5.20417e-12,0.0257545,-0.00415072,-0.0362056,0.0301556,3.13674e-05,0.000369898,0,0,-0.19214,0.0310808,-0.253962,0.197793,0.304209,-0.0392043,0.0371073,0,0,1.04083e-10,0.0490414,-0.00736692,0.0141115,0.010273,-0.0676454,0.00244322,0,0,-0.0314039,-0.209391,-0.00475749,0.56722,-0.0391516,0.396073,-0.00476428,0,0,0,-0.00331761,0.00184998,0.0046224,-0.00135146,0.0033316,3.14012e-06,0,0,-0.0190261,-0.00481172,-0.0105879,-0.0206157,0.0371575,-0.00477401,0.0654629,0,0,0,0,0,0,0,0,0,5.76116e-11,0,0,0,0,0,0,0,0,0.905991,4.26746e-09,0,0,0,0,0,0,0,0,0,0,0,0,0,0,0,0,4.26776e-09,0.905991,
0,0.00590742,-0.0184213,-0.000791507,0.00172084,-6.31517e-05,2.7893e-05,0,0,0.390152,-0.0106499,0.2129,0.00350137,-0.0192662,-0.00314622,-0.0019059,0,0,0,0.0783835,-0.00423269,0.0337111,0.00225191,0.00112047,-4.21995e-05,0,0,-0.0106364,0.626842,-0.000162734,-0.0755709,0.00315031,-0.0209122,-0.000485861,0,0,-1.30104e-12,-0.00490347,0.050337,-0.000627593,-0.0011437,-0.000222774,-4.04787e-06,0,0,0.213247,-8.44096e-05,0.377065,-0.00494114,-0.0254324,-0.000476911,-0.00105508,0,0,1.73472e-12,0.0521098,0.00159327,-0.0293912,-0.00345339,0.00319108,-0.000123918,0,0,0.00354734,-0.0764578,-0.00492597,0.610079,0.0197533,0.0567145,-0.00205476,0,0,-1.73472e-11,0.0257444,-0.00412259,-0.0361944,0.0301325,2.51206e-05,0.000370523,0,0,-0.191828,0.0310853,-0.253863,0.197828,0.304235,-0.0392093,0.0370966,0,0,-6.93889e-11,0.0490644,-0.00736423,0.0140478,0.0102631,-0.067625,0.00244319,0,0,-0.0313615,-0.209296,-0.00473319,0.567256,-0.0391565,0.396077,-0.00476517,0,0,0,-0.00331755,0.00184937,0.00462319,-0.00134889,0.00333215,3.52151e-06,0,0,-0.0190489,-0.00481513,-0.0105945,-0.02061,0.0371468,-0.00477492,0.065464,0,0,0,0,0,0,0,0,0,0,0,0,0,0,0,0,0,0,0.905991,-4.32747e-09,0,0,0,0,0,0,0,0,0,0,0,0,0,0,0,0,-4.32867e-09,0.905991,
1.73472e-12,0.00590441,-0.0184264,-0.000789863,0.0017179,-6.30761e-05,2.79016e-05,0,0,0.390289,-0.0106552,0.212779,0.00349829,-0.0192351,-0.00314201,-0.00190819,0,0,2.77556e-11,0.0783895,-0.00423185,0.0336786,0.00225055,0.00112105,-4.22305e-05,0,0,-0.0106417,0.626858,-0.000162933,-0.0755819,0.0031508,-0.0209026,-0.00048621,0,0,-4.77049e-12,-0.00490344,0.0503765,-0.000623557,-0.0011431,-0.00022225,-4.07818e-06,0,0,0.213127,-8.45814e-05,0.37718,-0.00494893,-0.0254226,-0.000474503,-0.00105573,0,0,6.93889e-12,0.0520777,0.00159527,-0.0293601,-0.0034514,0.0031907,-0.000123952,0,0,0.00354452,-0.0764696,-0.00493356,0.610069,0.0197568,0.0567181,-0.00205417,0,0,-5.20417e-12,0.0257342,-0.00409437,-0.0361831,0.0301093,1.88117e-05,0.000371149,0,0,-0.191517,0.0310897,-0.253764,0.197863,0.304262,-0.0392143,0.0370859,0,0,-1.38778e-11,0.0490875,-0.00736151,0.013984,0.010253,-0.0676045,0.00244315,0,0,-0.0313188,-0.209201,-0.00470879,0.567292,-0.0391615,0.396082,-0.00476606,0,0,0,-0.00331749,0.00184877,0.00462399,-0.00134632,0.0033327,3.90495e-06,0,0,-0.0190717,-0.00481855,-0.0106011,-0.0206042,0.0371362,-0.00477582,0.0654651,0,0,0,0,0,0,0,0,0,0,0,0,0,0,0,0,0,0,0.905991,4.26476e-09,0,0,0,0,0,0,0,0,0,0,0,0,0,0,0,0,4.26506e-09,0.905991,
0,0.00590139,-0.0184314,-0.000788207,0.00171495,-6.29914e-05,2.79098e-05,0,0,0.390426,-0.0106606,0.212659,0.00349519,-0.019204,-0.00313777,-0.00191047,0,0,0,0.0783955,-0.004231,0.0336461,0.00224919,0.00112163,-4.22615e-05,0,0,-0.010647,0.626875,-0.000163135,-0.075593,0.00315128,-0.020893,-0.000486559,0,0,-8.67362e-13,-0.0049034,0.050416,-0.000619486,-0.0011425,-0.000221715,-4.10876e-06,0,0,0.213007,-8.47568e-05,0.377295,-0.00495675,-0.0254127,-0.000472085,-0.00105639,0,0,3.46945e-12,0.0520454,0.00159728,-0.0293289,-0.00344938,0.00319033,-0.000123986,0,0,0.00354167,-0.0764815,-0.00494117,0.61006,0.0197602,0.0567216,-0.00205358,0,0,-2.42861e-11,0.0257241,-0.00406608,-0.0361718,0.030086,1.24366e-05,0.000371777,0,0,-0.191205,0.0310943,-0.253665,0.197898,0.304289,-0.0392193,0.0370751,0,0,-3.46945e-11,0.0491106,-0.00735875,0.0139201,0.0102429,-0.0675839,0.0024431,0,0,-0.0312759,-0.209105,-0.0046843,0.567329,-0.0391664,0.396087,-0.00476696,0,0,3.46945e-12,-0.00331743,0.00184816,0.00462478,-0.00134373,0.00333324,4.29059e-06,0,0,-0.0190945,-0.00482198,-0.0106077,-0.0205984,0.0371255,-0.00477673,0.0654662,0,0,0,0,0,0,0,0,0,0,0,0,0,0,0,0,0,0,0.905991,-4.31907e-09,0,0,0,0,0,0,0,0,0,0,0,0,0,0,0,0,-4.31997e-09,0.905991,
1.73472e-12,0.00589838,-0.0184365,-0.000786537,0.001712,-6.28969e-05,2.79177e-05,0,0,0.390563,-0.0106659,0.212538,0.00349208,-0.0191729,-0.00313351,-0.00191276,0,0,0,0.0784014,-0.00423015,0.0336136,0.00224782,0.00112221,-4.22925e-05,0,0,-0.0106522,0.626891,-0.000163339,-0.075604,0.00315178,-0.0208834,-0.000486909,0,0,-7.37257e-12,-0.00490336,0.0504555,-0.000615376,-0.00114189,-0.000221171,-4.13961e-06,0,0,0.212887,-8.49357e-05,0.37741,-0.00496459,-0.0254029,-0.000469658,-0.00105705,0,0,-1.73472e-12,0.0520131,0.00159929,-0.0292977,-0.00344736,0.00318995,-0.000124021,0,0,0.00353881,-0.0764933,-0.0049488,0.61005,0.0197637,0.0567252,-0.00205299,0,0,-3.46945e-12,0.0257139,-0.0040377,-0.0361604,0.0300625,5.99156e-06,0.000372406,0,0,-0.190893,0.0310988,-0.253566,0.197933,0.304315,-0.0392242,0.0370644,0,0,-4.85723e-11,0.0491337,-0.00735597,0.0138562,0.0102327,-0.0675634,0.00244306,0,0,-0.0312329,-0.20901,-0.00465971,0.567365,-0.0391713,0.396092,-0.00476785,0,0,0,-0.00331736,0.00184755,0.00462557,-0.00134114,0.00333379,4.67851e-06,0,0,-0.0191173,-0.00482541,-0.0106144,-0.0205926,0.0371149,-0.00477763,0.0654673,0,0,0,0,0,0,0,2.40048e-12,0,0,0,0,0,0,0,0,0,0,0.905991,4.25275e-09,0,0,0,0,0,0,0,0,0,0,0,0,0,0,0,0,4.25215e-09,0.905991,
6.07153e-12,0.00589536,-0.0184414,-0.00078485,0.00170904,-6.27921e-05,2.79253e-05,0,0,0.3907,-0.0106712,0.212417,0.00348894,-0.0191417,-0.00312924,-0.00191504,0,0,0,0.0784073,-0.0042293,0.033581,0.00224645,0.00112278,-4.23234e-05,0,0,-0.0106575,0.626907,-0.000163548,-0.0756151,0.00315227,-0.0208738,-0.00048726,0,0,-1.51788e-11,-0.00490332,0.050495,-0.000611222,-0.00114127,-0.000220616,-4.17075e-06,0,0,0.212767,-8.51181e-05,0.377526,-0.00497244,-0.025393,-0.000467221,-0.00105771,0,0,-5.20417e-12,0.0519808,0.0016013,-0.0292664,-0.00344531,0.00318957,-0.000124055,0,0,0.00353594,-0.0765051,-0.00495645,0.61004,0.0197672,0.0567287,-0.0020524,0,0,1.21431e-11,0.0257037,-0.00400925,-0.036149,0.0300389,-5.27089e-07,0.000373037,0,0,-0.190581,0.0311034,-0.253467,0.197968,0.304342,-0.0392292,0.0370536,0,0,1.38778e-11,0.0491568,-0.00735315,0.0137922,0.0102225,-0.0675427,0.00244301,0,0,-0.0311896,-0.208915,-0.00463503,0.567401,-0.0391761,0.396097,-0.00476875,0,0,-1.73472e-12,-0.00331729,0.00184693,0.00462637,-0.00133854,0.00333434,5.06885e-06,0,0,-0.0191401,-0.00482885,-0.010621,-0.0205868,0.0371042,-0.00477854,0.0654684,0,0,0,0,0,0,0,0,0,0,0,0,0,0,0,0,0,0,0.905991,-4.30226e-09,0,0,0,0,0,0,1.20024e-12,0,0,0,0,0,0,0,0,0,-4.30316e-09,0.905991,
-8.67362e-13,0.00589234,-0.0184464,-0.000783144,0.00170607,-6.26785e-05,2.79325e-05,0,0,0.390837,-0.0106765,0.212296,0.00348579,-0.0191105,-0.00312494,-0.00191733,0,0,2.77556e-11,0.0784132,-0.00422844,0.0335484,0.00224507,0.00112335,-4.23542e-05,0,0,-0.0106628,0.626923,-0.00016376,-0.0756261,0.00315276,-0.0208642,-0.000487611,0,0,4.77049e-12,-0.00490327,0.0505345,-0.000607021,-0.00114065,-0.000220051,-4.20215e-06,0,0,0.212646,-8.53042e-05,0.377641,-0.00498031,-0.0253832,-0.000464774,-0.00105837,0,0,-3.46945e-12,0.0519484,0.00160331,-0.0292351,-0.00344325,0.00318919,-0.000124089,0,0,0.00353305,-0.076517,-0.00496412,0.61003,0.0197706,0.0567322,-0.00205181,0,0,-3.46945e-12,0.0256935,-0.00398071,-0.0361375,0.0300153,-7.12349e-06,0.000373669,0,0,-0.190268,0.0311079,-0.253368,0.198003,0.304369,-0.0392341,0.0370428,0,0,9.02056e-11,0.0491799,-0.0073503,0.0137281,0.0102121,-0.0675221,0.00244295,0,0,-0.0311462,-0.208819,-0.00461025,0.567437,-0.039181,0.396102,-0.00476964,0,0,3.46945e-12,-0.00331722,0.00184632,0.00462717,-0.00133594,0.00333489,5.46174e-06,0,0,-0.019163,-0.00483229,-0.0106277,-0.020581,0.0370935,-0.00477945,0.0654695,0,0,0,0,0,0,0,0,0,0,0,0,0,0,0,0,0,0,0.905991,4.23205e-09,0,0,0,-1.20024e-12,0,-1.20024e-12,0,0,0,0,0,0,0,0,0,0,4.23205e-09,0.905991,
1.73472e-12,0.00588932,-0.0184513,-0.000781421,0.0017031,-6.2567e-05,2.79396e-05,0,0,0.390975,-0.0106819,0.212174,0.00348263,-0.0190793,-0.00312062,-0.00191962,0,0,-1.38778e-11,0.0784191,-0.00422759,0.0335157,0.00224369,0.00112393,-4.23851e-05,0,0,-0.0106681,0.626939,-0.000163976,-0.0756371,0.00315326,-0.0208546,-0.000487963,0,0,-3.03577e-12,-0.00490322,0.050574,-0.000602786,-0.00114002,-0.000219484,-4.23359e-06,0,0,0.212525,-8.54939e-05,0.377756,-0.0049882,-0.0253733,-0.000462318,-0.00105903,0,0,1.73472e-11,0.051916,0.00160532,-0.0292038,-0.00344118,0.00318881,-0.000124123,0,0,0.00353014,-0.0765288,-0.0049718,0.61002,0.0197741,0.0567357,-0.00205122,0,0,8.67362e-12,0.0256832,-0.0039521,-0.036126,0.0299914,-1.37913e-05,0.000374303,0,0,-0.189956,0.0311125,-0.253268,0.198037,0.304396,-0.039239,0.037032,0,0,-3.46945e-11,0.049203,-0.00734742,0.013664,0.0102016,-0.0675014,0.0024429,0,0,-0.0311025,-0.208724,-0.00458539,0.567473,-0.0391858,0.396107,-0.00477054,0,0,0,-0.00331715,0.00184571,0.00462796,-0.00133332,0.00333544,5.85728e-06,0,0,-0.0191858,-0.00483574,-0.0106344,-0.0205752,0.0370827,-0.00478035,0.0654706,0,0,0,1.20024e-12,0,0,0,0,0,0,0,0,0,0,0,0,0,0,0.905991,4.27796e-09,0,-1.20024e-12,0,0,0,0,0,0,0,0,0,0,0,0,0,0,4.27766e-09,0.905991,
1.73472e-12,0.0058863,-0.0184561,-0.00077969,0.00170013,-6.24563e-05,2.79467e-05,0,0,0.391113,-0.0106872,0.212052,0.00347945,-0.019048,-0.00311629,-0.00192191,0,0,-1.38778e-11,0.0784249,-0.00422673,0.033483,0.00224231,0.0011245,-4.2416e-05,0,0,-0.0106733,0.626955,-0.000164195,-0.0756481,0.00315376,-0.020845,-0.000488315,0,0,-3.46945e-12,-0.00490317,0.0506135,-0.000598527,-0.00113939,-0.000218914,-4.26509e-06,0,0,0.212404,-8.56871e-05,0.377872,-0.0049961,-0.0253634,-0.000459852,-0.0010597,0,0,-3.46945e-12,0.0518835,0.00160734,-0.0291724,-0.00343909,0.00318843,-0.000124157,0,0,0.00352721,-0.0765406,-0.0049795,0.61001,0.0197775,0.0567393,-0.00205062,0,0,1.73472e-11,0.0256729,-0.0039234,-0.0361145,0.0299675,-2.05199e-05,0.000374938,0,0,-0.189643,0.0311172,-0.253169,0.198072,0.304424,-0.0392439,0.0370212,0,0,6.245e-11,0.0492262,-0.00734451,0.0135998,0.0101911,-0.0674806,0.00244285,0,0,-0.0310587,-0.208628,-0.00456043,0.567509,-0.0391906,0.396112,-0.00477144,0,0,-1.73472e-12,-0.00331707,0.00184509,0.00462876,-0.0013307,0.003336,6.25511e-06,0,0,-0.0192087,-0.00483919,-0.0106411,-0.0205693,0.037072,-0.00478126,0.0654717,0,0,0,-1.20024e-12,0,-1.20024e-12,0,0,1.20024e-12,0,0,0,0,0,0,0,0,0,0.905991,-4.43729e-09,0,1.20024e-12,0,1.20024e-12,0,0,-1.20024e-12,0,0,0,0,0,0,0,0,0,-4.43579e-09,0.905991,
8.67362e-13,0.00588327,-0.0184609,-0.000777915,0.00169715,-6.23389e-05,2.79534e-05,0,0,0.39125,-0.0106925,0.21193,0.00347625,-0.0190167,-0.00311193,-0.0019242,0,0,1.38778e-11,0.0784308,-0.00422588,0.0334503,0.00224092,0.00112507,-4.24469e-05,0,0,-0.0106786,0.626971,-0.000164419,-0.0756591,0.00315427,-0.0208354,-0.000488668,0,0,-3.03577e-12,-0.00490311,0.0506531,-0.000594183,-0.00113875,-0.000218334,-4.29683e-06,0,0,0.212282,-8.58839e-05,0.377988,-0.00500402,-0.0253535,-0.000457378,-0.00106036,0,0,8.67362e-12,0.051851,0.00160936,-0.029141,-0.00343699,0.00318805,-0.000124192,0,0,0.00352427,-0.0765525,-0.00498721,0.61,0.019781,0.0567428,-0.00205003,0,0,-2.42861e-11,0.0256626,-0.00389463,-0.0361028,0.0299435,-2.7368e-05,0.000375575,0,0,-0.189329,0.0311218,-0.253069,0.198107,0.304451,-0.0392487,0.0370103,0,0,-6.93889e-12,0.0492493,-0.00734157,0.0135356,0.0101804,-0.0674598,0.00244279,0,0,-0.0310146,-0.208533,-0.00453539,0.567545,-0.0391954,0.396117,-0.00477234,0,0,1.73472e-12,-0.00331699,0.00184447,0.00462956,-0.00132807,0.00333656,6.65679e-06,0,0,-0.0192316,-0.00484265,-0.0106478,-0.0205635,0.0370612,-0.00478217,0.0654728,0,0,0,0,0,2.40048e-12,0,2.40048e-12,2.40048e-12,0,0,0,0,0,0,0,0,0,0.905991,-4.4562e-09,0,0,0,-1.20024e-12,0,-1.20024e-12,-1.20024e-12,0,0,0,0,0,0,0,0,0,-4.4571e-09,0.905991,
-5.20417e-12,0.00588014,-0.0184658,-0.000776244,0.00169416,-6.2482e-05,2.79683e-05,0,0,0.391388,-0.0106978,0.211808,0.00347304,-0.0189854,-0.00310756,-0.0019265,0,0,0,0.0784366,-0.00422501,0.0334175,0.00223953,0.00112565,-4.24791e-05,0,0,-0.0106839,0.626987,-0.000164647,-0.0756702,0.00315477,-0.0208258,-0.000489021,0,0,1.51788e-11,-0.00490305,0.0506926,-0.00059016,-0.00113818,-0.000217929,-4.32457e-06,0,0,0.212161,-8.60836e-05,0.378103,-0.00501196,-0.0253436,-0.000454896,-0.00106103,0,0,-1.04083e-11,0.0518184,0.00161138,-0.0291096,-0.00343499,0.00318763,-0.000124229,0,0,0.00352132,-0.0765643,-0.00499495,0.609991,0.0197844,0.0567463,-0.00204943,0,0,6.93889e-12,0.0256522,-0.00386579,-0.0360914,0.0299194,-3.40767e-05,0.000376227,0,0,-0.189016,0.0311265,-0.25297,0.198142,0.304478,-0.0392536,0.0369995,0,0,-6.93889e-12,0.0492725,-0.00733863,0.0134713,0.01017,-0.0674389,0.00244279,0,0,-0.0309704,-0.208437,-0.00451025,0.567581,-0.0392001,0.396122,-0.00477323,0,0,0,-0.00331692,0.00184384,0.00463035,-0.00132545,0.00333723,7.05763e-06,0,0,-0.0192545,-0.00484611,-0.0106545,-0.0205576,0.0370505,-0.00478308,0.0654739,0,0,0,0,-2.40048e-12,0,0,0,2.40048e-12,0,0,0,0,0,0,0,0,0,0.905991,-4.34847e-09,0,0,-1.20024e-12,0,0,0,1.20024e-12,0,0,0,0,0,0,0,0,0,-4.34847e-09,0.905991,
2.60209e-12,0.00587701,-0.0184705,-0.000774733,0.00169119,-6.25832e-05,2.7981e-05,0,0,0.391526,-0.0107032,0.211686,0.00346981,-0.0189541,-0.00310317,-0.00192879,0,0,0,0.0784424,-0.00422411,0.0333846,0.00223815,0.00112624,-4.25112e-05,0,0,-0.0106892,0.627003,-0.000164878,-0.0756812,0.00315528,-0.0208162,-0.000489375,0,0,-8.67362e-12,-0.00490303,0.0507322,-0.00058635,-0.00113758,-0.000217501,-4.35305e-06,0,0,0.212039,-8.62869e-05,0.378219,-0.00501992,-0.0253337,-0.000452406,-0.0010617,0,0,2.08167e-11,0.0517858,0.00161338,-0.0290781,-0.00343298,0.00318722,-0.000124265,0,0,0.00351834,-0.0765761,-0.0050027,0.609981,0.0197879,0.0567498,-0.00204883,0,0,-1.04083e-11,0.0256419,-0.00383686,-0.03608,0.0298953,-4.05924e-05,0.000376868,0,0,-0.188702,0.0311312,-0.25287,0.198176,0.304506,-0.0392584,0.0369886,0,0,-6.93889e-11,0.0492957,-0.00733568,0.013407,0.0101598,-0.067418,0.00244279,0,0,-0.0309259,-0.208341,-0.004485,0.567617,-0.0392049,0.396127,-0.00477413,0,0,3.46945e-12,-0.00331685,0.00184322,0.00463112,-0.00132283,0.00333786,7.4524e-06,0,0,-0.0192774,-0.00484958,-0.0106612,-0.0205517,0.0370397,-0.00478399,0.065475,0,0,0,0,0,0,0,0,0,0,0,0,0,0,0,0,0,0,0.905991,4.14293e-09,0,0,0,0,0,0,0,-1.15223e-10,0,0,0,0,0,0,0,0,4.14323e-09,0.905991,
0,0.00587389,-0.0184753,-0.000773272,0.00168822,-6.26031e-05,2.79911e-05,0,0,0.391664,-0.0107085,0.211563,0.00346656,-0.0189228,-0.00309876,-0.00193109,0,0,-1.38778e-11,0.0784481,-0.0042232,0.0333518,0.00223677,0.00112683,-4.25429e-05,0,0,-0.0106945,0.627019,-0.000165111,-0.0756922,0.00315579,-0.0208066,-0.000489729,0,0,-4.33681e-13,-0.00490303,0.0507718,-0.000582555,-0.00113696,-0.000217018,-4.38277e-06,0,0,0.211917,-8.64942e-05,0.378335,-0.0050279,-0.0253238,-0.000449907,-0.00106236,0,0,-1.73472e-12,0.0517531,0.00161539,-0.0290466,-0.00343095,0.00318681,-0.0001243,0,0,0.00351535,-0.0765879,-0.00501047,0.609971,0.0197913,0.0567533,-0.00204823,0,0,-1.38778e-11,0.0256315,-0.00380785,-0.0360687,0.0298711,-4.70865e-05,0.000377501,0,0,-0.188388,0.0311359,-0.25277,0.198211,0.304534,-0.0392632,0.0369777,0,0,-4.16334e-11,0.0493189,-0.00733271,0.0133427,0.0101495,-0.067397,0.00244276,0,0,-0.0308812,-0.208245,-0.00445963,0.567653,-0.0392096,0.396132,-0.00477503,0,0,0,-0.00331677,0.00184258,0.00463188,-0.0013202,0.00333845,7.84602e-06,0,0,-0.0193003,-0.00485305,-0.010668,-0.0205458,0.0370289,-0.0047849,0.0654761,0,0,0,2.40048e-12,-2.40048e-12,0,0,0,0,0,0,0,0,0,0,0,0,0,0.905991,4.06822e-09,0,0,0,0,0,0,0,0,0,0,0,0,0,0,0,0,4.06852e-09,0.905991,
-2.60209e-12,0.00587078,-0.01848,-0.000771812,0.00168524,-6.26118e-05,2.8001e-05,0,0,0.391803,-0.0107138,0.21144,0.00346329,-0.0188914,-0.00309432,-0.00193338,0,0,1.38778e-11,0.0784539,-0.00422229,0.0333189,0.00223539,0.00112741,-4.25747e-05,0,0,-0.0106997,0.627035,-0.000165346,-0.0757031,0.0031563,-0.0207969,-0.000490085,0,0,7.37257e-12,-0.00490303,0.0508114,-0.000578742,-0.00113633,-0.000216524,-4.41269e-06,0,0,0.211794,-8.67053e-05,0.37845,-0.0050359,-0.0253139,-0.000447397,-0.00106304,0,0,-1.73472e-11,0.0517204,0.00161739,-0.0290151,-0.0034289,0.0031864,-0.000124336,0,0,0.00351234,-0.0765997,-0.00501826,0.609961,0.0197947,0.0567568,-0.00204763,0,0,-1.73472e-12,0.0256211,-0.00377877,-0.0360573,0.0298468,-5.36303e-05,0.000378136,0,0,-0.188074,0.0311407,-0.252671,0.198245,0.304561,-0.0392679,0.0369668,0,0,3.46945e-11,0.0493421,-0.00732971,0.0132783,0.0101392,-0.067376,0.00244273,0,0,-0.0308363,-0.20815,-0.00443416,0.567688,-0.0392143,0.396137,-0.00477593,0,0,-1.73472e-12,-0.00331669,0.00184195,0.00463265,-0.00131757,0.00333903,8.2415e-06,0,0,-0.0193232,-0.00485653,-0.0106748,-0.0205399,0.037018,-0.00478581,0.0654772,0,0,0,0,0,0,0,0,1.20024e-12,5.64113e-11,0,0,0,0,0,0,0,0,0.905991,4.09792e-09,0,0,0,0,0,0,-1.20024e-12,0,0,0,0,0,0,0,0,0,4.09822e-09,0.905991,
-8.67362e-13,0.00586768,-0.0184847,-0.000770334,0.00168226,-6.25781e-05,2.80095e-05,0,0,0.391941,-0.0107192,0.211317,0.00345999,-0.01886,-0.00308987,-0.00193568,0,0,0,0.0784596,-0.00422137,0.0332861,0.002234,0.00112799,-4.26063e-05,0,0,-0.010705,0.627051,-0.000165583,-0.0757141,0.00315682,-0.0207873,-0.00049044,0,0,2.60209e-12,-0.00490304,0.0508509,-0.00057486,-0.00113569,-0.000215998,-4.44333e-06,0,0,0.211672,-8.69204e-05,0.378566,-0.00504392,-0.025304,-0.000444875,-0.00106371,0,0,-5.20417e-12,0.0516877,0.0016194,-0.0289835,-0.00342682,0.003186,-0.00012437,0,0,0.00350931,-0.0766115,-0.00502606,0.609951,0.0197982,0.0567602,-0.00204703,0,0,-3.46945e-12,0.0256107,-0.00374961,-0.0360459,0.0298223,-6.02633e-05,0.000378769,0,0,-0.187759,0.0311455,-0.252571,0.19828,0.304589,-0.0392727,0.0369559,0,0,5.55112e-11,0.0493653,-0.00732667,0.0132138,0.0101288,-0.067355,0.0024427,0,0,-0.0307912,-0.208054,-0.00440856,0.567724,-0.0392189,0.396142,-0.00477683,0,0,1.73472e-12,-0.00331661,0.00184131,0.00463342,-0.00131492,0.00333961,8.63971e-06,0,0,-0.0193462,-0.00486001,-0.0106816,-0.020534,0.0370072,-0.00478672,0.0654783,0,0,0,0,0,0,0,0,0,-5.76116e-11,0,0,0,0,0,0,0,0,0.905991,4.22665e-09,0,0,0,0,0,0,0,0,0,0,0,0,0,0,0,0,4.22575e-09,0.905991,
-1.73472e-12,0.00586459,-0.0184894,-0.00076881,0.00167928,-6.25107e-05,2.80168e-05,0,0,0.392079,-0.0107245,0.211193,0.00345668,-0.0188286,-0.00308539,-0.00193798,0,0,0,0.0784653,-0.00422047,0.0332532,0.00223261,0.00112858,-4.26377e-05,0,0,-0.0107103,0.627067,-0.000165822,-0.0757251,0.00315734,-0.0207776,-0.000490797,0,0,4.77049e-12,-0.00490303,0.0508905,-0.000570871,-0.00113503,-0.000215444,-4.47459e-06,0,0,0.211549,-8.71393e-05,0.378682,-0.00505196,-0.0252941,-0.000442343,-0.00106438,0,0,1.04083e-11,0.0516549,0.00162142,-0.0289519,-0.00342471,0.0031856,-0.000124405,0,0,0.00350626,-0.0766233,-0.00503389,0.609941,0.0198016,0.0567637,-0.00204642,0,0,3.46945e-12,0.0256002,-0.00372038,-0.0360344,0.0297978,-6.70311e-05,0.000379403,0,0,-0.187445,0.0311503,-0.252471,0.198315,0.304617,-0.0392774,0.036945,0,0,6.93889e-12,0.0493885,-0.0073236,0.0131494,0.0101182,-0.067334,0.00244265,0,0,-0.0307458,-0.207958,-0.00438286,0.56776,-0.0392236,0.396147,-0.00477773,0,0,0,-0.00331652,0.00184067,0.00463419,-0.00131226,0.00334018,9.0421e-06,0,0,-0.0193692,-0.0048635,-0.0106884,-0.0205281,0.0369964,-0.00478763,0.0654794,0,0,0,-1.20024e-12,0,-1.20024e-12,0,1.20024e-12,0,0,0,0,0,0,0,0,0,0,0.905991,-4.4643e-09,0,0,0,0,0,0,0,0,0,0,0,0,0,0,0,0,-4.4652e-09,0.905991,
-1.73472e-12,0.00586149,-0.018494,-0.000767258,0.00167628,-6.24713e-05,2.80249e-05,0,0,0.392218,-0.0107298,0.21107,0.00345334,-0.0187972,-0.00308089,-0.00194028,0,0,0,0.078471,-0.00421957,0.0332203,0.00223121,0.00112917,-4.26694e-05,0,0,-0.0107156,0.627083,-0.000166064,-0.0757361,0.00315786,-0.020768,-0.000491154,0,0,4.77049e-12,-0.00490302,0.0509301,-0.000566844,-0.00113438,-0.000214904,-4.50547e-06,0,0,0.211426,-8.73617e-05,0.378798,-0.00506003,-0.0252841,-0.000439799,-0.00106506,0,0,1.21431e-11,0.051622,0.00162344,-0.0289203,-0.0034226,0.0031852,-0.000124439,0,0,0.00350319,-0.0766351,-0.00504173,0.609932,0.019805,0.0567672,-0.00204582,0,0,-1.21431e-11,0.0255897,-0.00369107,-0.0360228,0.0297731,-7.39002e-05,0.000380041,0,0,-0.18713,0.0311551,-0.252371,0.198349,0.304645,-0.0392821,0.036934,0,0,-3.46945e-11,0.0494118,-0.00732049,0.0130848,0.0101075,-0.0673129,0.00244262,0,0,-0.0307002,-0.207862,-0.00435703,0.567795,-0.0392282,0.396153,-0.00477864,0,0,3.46945e-12,-0.00331644,0.00184002,0.00463496,-0.0013096,0.00334077,9.44851e-06,0,0,-0.0193921,-0.004867,-0.0106952,-0.0205221,0.0369855,-0.00478854,0.0654805,0,0,0,-1.20024e-12,1.20024e-12,0,0,1.20024e-12,0,5.76116e-11,0,0,0,0,0,0,0,0,0.905991,-4.56332e-09,0,-1.20024e-12,1.20024e-12,0,0,1.20024e-12,0,0,0,0,0,0,0,0,0,0,-4.56392e-09,0.905991,
-4.33681e-12,0.00585839,-0.0184987,-0.000765695,0.00167329,-6.2416e-05,2.80323e-05,0,0,0.392357,-0.0107352,0.210946,0.00344998,-0.0187657,-0.00307636,-0.00194258,0,0,0,0.0784766,-0.00421866,0.0331874,0.00222981,0.00112976,-4.27011e-05,0,0,-0.0107209,0.627099,-0.000166309,-0.0757471,0.00315838,-0.0207583,-0.000491512,0,0,7.80626e-12,-0.004903,0.0509697,-0.000562775,-0.00113372,-0.000214348,-4.53669e-06,0,0,0.211302,-8.75876e-05,0.378914,-0.00506811,-0.0252742,-0.000437243,-0.00106574,0,0,1.04083e-11,0.0515891,0.00162546,-0.0288886,-0.00342047,0.00318481,-0.000124474,0,0,0.0035001,-0.0766469,-0.0050496,0.609922,0.0198085,0.0567707,-0.00204521,0,0,-3.64292e-11,0.0255792,-0.00366169,-0.0360112,0.0297483,-8.08491e-05,0.000380677,0,0,-0.186814,0.03116,-0.25227,0.198384,0.304674,-0.0392868,0.0369231,0,0,-3.46945e-11,0.0494351,-0.00731735,0.0130203,0.0100967,-0.0672919,0.00244258,0,0,-0.0306543,-0.207766,-0.00433109,0.567831,-0.0392328,0.396158,-0.00477954,0,0,1.73472e-12,-0.00331635,0.00183937,0.00463573,-0.00130692,0.00334136,9.85763e-06,0,0,-0.0194151,-0.0048705,-0.010702,-0.0205161,0.0369746,-0.00478945,0.0654816,0,0,0,2.40048e-12,0,0,0,0,0,0,0,0,0,0,0,0,0,0,0.905991,-4.51651e-09,0,2.40048e-12,0,0,0,0,0,0,0,0,0,0,0,0,0,0,-4.51561e-09,0.905991,
1.73472e-12,0.00585529,-0.0185032,-0.000764114,0.00167029,-6.23439e-05,2.80391e-05,0,0,0.392495,-0.0107405,0.210821,0.00344661,-0.0187342,-0.00307182,-0.00194488,0,0,0,0.0784823,-0.00421776,0.0331545,0.00222841,0.00113035,-4.27328e-05,0,0,-0.0107261,0.627114,-0.000166556,-0.075758,0.00315891,-0.0207487,-0.00049187,0,0,-2.1684e-12,-0.00490299,0.0510094,-0.000558653,-0.00113305,-0.000213777,-4.56826e-06,0,0,0.211179,-8.78171e-05,0.37903,-0.00507622,-0.0252642,-0.000434676,-0.00106641,0,0,-1.56125e-11,0.0515561,0.00162749,-0.028857,-0.00341831,0.00318441,-0.000124508,0,0,0.003497,-0.0766587,-0.00505748,0.609912,0.0198119,0.0567741,-0.0020446,0,0,1.21431e-11,0.0255687,-0.00363224,-0.0359996,0.0297234,-8.7889e-05,0.000381315,0,0,-0.186499,0.0311648,-0.25217,0.198418,0.304702,-0.0392915,0.0369121,0,0,4.85723e-11,0.0494583,-0.00731418,0.0129557,0.0100858,-0.0672708,0.00244253,0,0,-0.0306082,-0.20767,-0.00430503,0.567866,-0.0392374,0.396163,-0.00478044,0,0,0,-0.00331626,0.00183872,0.0046365,-0.00130423,0.00334195,1.02698e-05,0,0,-0.0194381,-0.00487401,-0.0107089,-0.0205102,0.0369637,-0.00479037,0.0654828,0,0,0,0,0,0,0,0,0,1.14023e-10,0,0,0,0,0,0,0,0,0.905991,-4.34637e-09,0,0,0,-1.20024e-12,0,1.20024e-12,0,0,0,0,0,0,0,0,0,0,-4.34607e-09,0.905991,
-1.73472e-12,0.0058522,-0.0185078,-0.00076251,0.00166728,-6.22611e-05,2.80454e-05,0,0,0.392634,-0.0107458,0.210697,0.00344321,-0.0187027,-0.00306724,-0.00194719,0,0,-1.38778e-11,0.0784879,-0.00421687,0.0331216,0.00222701,0.00113094,-4.27645e-05,0,0,-0.0107314,0.62713,-0.000166805,-0.075769,0.00315944,-0.020739,-0.000492229,0,0,3.90313e-12,-0.00490297,0.051049,-0.000554476,-0.00113237,-0.000213194,-4.6001e-06,0,0,0.211055,-8.80499e-05,0.379146,-0.00508435,-0.0252542,-0.000432098,-0.0010671,0,0,0,0.0515231,0.00162952,-0.0288253,-0.00341615,0.00318402,-0.000124543,0,0,0.00349387,-0.0766704,-0.00506538,0.609902,0.0198153,0.0567776,-0.00204399,0,0,-3.46945e-12,0.0255581,-0.00360271,-0.0359879,0.0296983,-9.50243e-05,0.000381953,0,0,-0.186183,0.0311697,-0.25207,0.198452,0.30473,-0.0392961,0.0369011,0,0,-3.46945e-11,0.0494816,-0.00731098,0.012891,0.0100748,-0.0672497,0.00244249,0,0,-0.0305619,-0.207574,-0.00427885,0.567902,-0.0392419,0.396168,-0.00478134,0,0,0,-0.00331616,0.00183806,0.00463728,-0.00130153,0.00334254,1.0685e-05,0,0,-0.0194611,-0.00487752,-0.0107157,-0.0205042,0.0369528,-0.00479128,0.0654839,0,0,0,0,0,0,3.60072e-12,0,0,0,0,0,0,0,0,0,0,0,0.905991,4.09372e-09,0,0,0,0,1.20024e-12,0,0,0,0,0,0,0,0,0,0,0,4.09372e-09,0.905991,
2.60209e-12,0.0058491,-0.0185124,-0.000760888,0.00166427,-6.21723e-05,2.80515e-05,0,0,0.392773,-0.0107512,0.210572,0.00343979,-0.0186711,-0.00306265,-0.00194949,0,0,-1.38778e-11,0.0784935,-0.00421597,0.0330887,0.0022256,0.00113153,-4.27961e-05,0,0,-0.0107367,0.627146,-0.000167058,-0.0757799,0.00315997,-0.0207294,-0.000492589,0,0,-9.54098e-12,-0.00490294,0.0510886,-0.000550251,-0.00113169,-0.000212602,-4.63215e-06,0,0,0.210931,-8.82862e-05,0.379262,-0.0050925,-0.0252443,-0.000429507,-0.00106778,0,0,-5.20417e-12,0.0514901,0.00163155,-0.0287935,-0.00341396,0.00318363,-0.000124577,0,0,0.00349073,-0.0766822,-0.00507331,0.609893,0.0198187,0.0567811,-0.00204338,0,0,0,0.0255476,-0.00357311,-0.0359762,0.0296731,-0.000102251,0.000382594,0,0,-0.185867,0.0311747,-0.251969,0.198487,0.304759,-0.0393008,0.0368901,0,0,5.55112e-11,0.049505,-0.00730775,0.0128264,0.0100636,-0.0672286,0.00244244,0,0,-0.0305153,-0.207478,-0.00425256,0.567937,-0.0392464,0.396174,-0.00478224,0,0,-3.46945e-12,-0.00331607,0.00183739,0.00463805,-0.00129883,0.00334313,1.11033e-05,0,0,-0.0194841,-0.00488104,-0.0107226,-0.0204981,0.0369418,-0.00479219,0.065485,0,0,0,0,0,0,0,0,0,-1.15223e-10,0,0,0,0,0,0,0,0,0.905991,3.9803e-09,0,0,0,0,0,0,0,0,0,0,0,0,0,0,0,0,3.9803e-09,0.905991,
-4.33681e-12,0.00584601,-0.0185169,-0.00075925,0.00166125,-6.20803e-05,2.80574e-05,0,0,0.392912,-0.0107565,0.210447,0.00343635,-0.0186396,-0.00305803,-0.0019518,0,0,1.38778e-11,0.0784991,-0.00421508,0.0330558,0.00222419,0.00113212,-4.28277e-05,0,0,-0.010742,0.627162,-0.000167314,-0.0757909,0.0031605,-0.0207197,-0.000492949,0,0,1.0842e-11,-0.00490292,0.0511283,-0.000545986,-0.00113101,-0.000212004,-4.66437e-06,0,0,0.210806,-8.85257e-05,0.379379,-0.00510067,-0.0252343,-0.000426905,-0.00106846,0,0,-1.56125e-11,0.051457,0.00163359,-0.0287617,-0.00341176,0.00318324,-0.000124611,0,0,0.00348756,-0.076694,-0.00508125,0.609883,0.0198221,0.0567845,-0.00204276,0,0,-8.67362e-12,0.0255369,-0.00354343,-0.0359644,0.0296478,-0.000109561,0.000383236,0,0,-0.185551,0.0311796,-0.251869,0.198521,0.304787,-0.0393054,0.036879,0,0,8.32667e-11,0.0495283,-0.00730449,0.0127616,0.0100524,-0.0672075,0.00244239,0,0,-0.0304685,-0.207382,-0.00422616,0.567972,-0.0392509,0.396179,-0.00478314,0,0,-1.73472e-12,-0.00331597,0.00183673,0.00463882,-0.00129611,0.00334372,1.15245e-05,0,0,-0.0195072,-0.00488457,-0.0107295,-0.0204921,0.0369309,-0.0047931,0.0654861,0,0,0,0,2.40048e-12,-2.40048e-12,0,2.40048e-12,2.40048e-12,0,0,0,0,0,0,0,0,0,0.905991,3.9701e-09,0,0,0,0,0,0,0,0,0,0,0,0,0,0,0,0,3.9701e-09,0.905991,
-3.46945e-12,0.00584291,-0.0185213,-0.000757601,0.00165822,-6.19861e-05,2.80631e-05,0,0,0.393052,-0.0107619,0.210322,0.00343289,-0.018608,-0.00305338,-0.00195411,0,0,1.38778e-11,0.0785046,-0.00421419,0.0330229,0.00222278,0.00113271,-4.28594e-05,0,0,-0.0107473,0.627177,-0.000167573,-0.0758018,0.00316104,-0.02071,-0.00049331,0,0,8.23994e-12,-0.00490289,0.0511679,-0.000541689,-0.00113033,-0.0002114,-4.69675e-06,0,0,0.210682,-8.87686e-05,0.379495,-0.00510886,-0.0252243,-0.000424292,-0.00106915,0,0,-5.20417e-12,0.0514238,0.00163563,-0.0287299,-0.00340955,0.00318285,-0.000124646,0,0,0.00348438,-0.0767057,-0.00508921,0.609873,0.0198255,0.0567879,-0.00204215,0,0,-5.20417e-12,0.0255263,-0.00351368,-0.0359526,0.0296224,-0.000116946,0.00038388,0,0,-0.185235,0.0311846,-0.251768,0.198555,0.304816,-0.0393099,0.036868,0,0,1.38778e-11,0.0495516,-0.00730119,0.0126969,0.0100411,-0.0671863,0.00244234,0,0,-0.0304214,-0.207286,-0.00419964,0.568008,-0.0392554,0.396184,-0.00478405,0,0,0,-0.00331587,0.00183606,0.0046396,-0.00129339,0.00334432,1.19482e-05,0,0,-0.0195302,-0.0048881,-0.0107364,-0.0204861,0.0369199,-0.00479402,0.0654872,0,0,0,0,-1.20024e-12,0,0,1.20024e-12,1.20024e-12,0,0,0,0,0,0,0,0,0,0.905991,4.05111e-09,0,0,0,0,0,0,0,0,0,0,0,0,0,0,0,0,4.05021e-09,0.905991,
-1.73472e-12,0.0058398,-0.0185258,-0.000755944,0.00165518,-6.18895e-05,2.80687e-05,0,0,0.393191,-0.0107672,0.210197,0.00342941,-0.0185764,-0.00304872,-0.00195642,0,0,2.77556e-11,0.0785101,-0.00421329,0.0329899,0.00222136,0.00113329,-4.2891e-05,0,0,-0.0107525,0.627193,-0.000167835,-0.0758127,0.00316158,-0.0207004,-0.000493672,0,0,5.20417e-12,-0.00490286,0.0512075,-0.000537364,-0.00112964,-0.000210791,-4.7293e-06,0,0,0.210557,-8.90149e-05,0.379611,-0.00511707,-0.0252143,-0.000421666,-0.00106983,0,0,-5.20417e-12,0.0513906,0.00163767,-0.0286981,-0.00340732,0.00318246,-0.00012468,0,0,0.00348118,-0.0767175,-0.00509719,0.609863,0.0198289,0.0567914,-0.00204153,0,0,-5.20417e-12,0.0255157,-0.00348385,-0.0359407,0.0295969,-0.000124402,0.000384525,0,0,-0.184918,0.0311896,-0.251668,0.19859,0.304845,-0.0393145,0.0368569,0,0,4.85723e-11,0.049575,-0.00729786,0.012632,0.0100297,-0.0671651,0.00244229,0,0,-0.0303742,-0.207189,-0.004173,0.568043,-0.0392599,0.39619,-0.00478495,0,0,3.46945e-12,-0.00331576,0.00183538,0.00464037,-0.00129065,0.00334493,1.23744e-05,0,0,-0.0195533,-0.00489164,-0.0107433,-0.02048,0.0369089,-0.00479493,0.0654883,0,0,0,0,0,0,0,0,0,0,0,0,0,0,0,0,0,0,0.905991,4.22635e-09,0,0,0,0,1.20024e-12,0,0,0,0,0,0,0,0,0,0,0,4.22515e-09,0.905991,
-5.20417e-12,0.0058367,-0.0185302,-0.000754281,0.00165214,-6.17901e-05,2.80741e-05,0,0,0.393331,-0.0107725,0.210071,0.00342592,-0.0185447,-0.00304403,-0.00195873,0,0,-2.77556e-11,0.0785156,-0.0042124,0.0329569,0.00221994,0.00113388,-4.29227e-05,0,0,-0.0107578,0.627208,-0.000168101,-0.0758236,0.00316212,-0.0206907,-0.000494034,0,0,9.97466e-12,-0.00490283,0.0512472,-0.000533015,-0.00112895,-0.000210176,-4.76201e-06,0,0,0.210432,-8.92644e-05,0.379728,-0.0051253,-0.0252043,-0.00041903,-0.00107052,0,0,2.42861e-11,0.0513574,0.00163971,-0.0286662,-0.00340509,0.00318207,-0.000124714,0,0,0.00347796,-0.0767292,-0.00510519,0.609853,0.0198323,0.0567948,-0.00204091,0,0,-1.21431e-11,0.025505,-0.00345394,-0.0359289,0.0295712,-0.000131924,0.000385173,0,0,-0.184601,0.0311947,-0.251567,0.198624,0.304874,-0.039319,0.0368458,0,0,-8.32667e-11,0.0495983,-0.00729451,0.0125672,0.0100182,-0.0671439,0.00244224,0,0,-0.0303267,-0.207093,-0.00414626,0.568078,-0.0392643,0.396195,-0.00478585,0,0,0,-0.00331566,0.00183471,0.00464114,-0.00128791,0.00334553,1.28028e-05,0,0,-0.0195763,-0.00489519,-0.0107503,-0.020474,0.0368979,-0.00479585,0.0654894,0,0,0,0,0,0,0,0,0,0,0,0,0,0,0,0,0,0,0.905991,-4.51561e-09,0,0,0,0,0,0,0,0,0,0,0,0,0,0,0,0,-4.51561e-09,0.905991,
4.33681e-12,0.00583359,-0.0185346,-0.000752612,0.00164909,-6.16871e-05,2.80793e-05,0,0,0.39347,-0.0107779,0.209945,0.0034224,-0.0185131,-0.00303931,-0.00196104,0,0,2.77556e-11,0.0785211,-0.0042115,0.0329239,0.00221852,0.00113447,-4.29543e-05,0,0,-0.0107631,0.627224,-0.000168371,-0.0758345,0.00316266,-0.020681,-0.000494397,0,0,-8.23994e-12,-0.00490279,0.0512869,-0.000528642,-0.00112825,-0.000209554,-4.79492e-06,0,0,0.210307,-8.95174e-05,0.379844,-0.00513355,-0.0251942,-0.000416382,-0.00107121,0,0,-1.04083e-11,0.0513241,0.00164176,-0.0286343,-0.00340284,0.00318168,-0.000124749,0,0,0.00347473,-0.076741,-0.00511321,0.609844,0.0198357,0.0567983,-0.00204029,0,0,-6.93889e-12,0.0254943,-0.00342395,-0.0359169,0.0295454,-0.000139511,0.000385821,0,0,-0.184284,0.0311997,-0.251466,0.198658,0.304903,-0.0393235,0.0368348,0,0,9.02056e-11,0.0496217,-0.00729112,0.0125022,0.0100067,-0.0671226,0.00244219,0,0,-0.030279,-0.206997,-0.0041194,0.568113,-0.0392688,0.396201,-0.00478676,0,0,1.73472e-12,-0.00331555,0.00183403,0.00464192,-0.00128516,0.00334614,1.32334e-05,0,0,-0.0195994,-0.00489874,-0.0107572,-0.0204679,0.0368869,-0.00479676,0.0654906,0,0,0,0,0,-1.20024e-12,0,0,0,0,0,0,0,0,0,0,0,0,0.905991,-4.66444e-09,0,0,0,0,0,0,0,0,0,0,0,0,0,0,0,0,-4.66414e-09,0.905991,
6.07153e-12,0.00583048,-0.0185389,-0.000750937,0.00164603,-6.15796e-05,2.80844e-05,0,0,0.39361,-0.0107832,0.209819,0.00341887,-0.0184814,-0.00303458,-0.00196335,0,0,0,0.0785266,-0.00421061,0.0328908,0.00221709,0.00113505,-4.29858e-05,0,0,-0.0107684,0.62724,-0.000168643,-0.0758454,0.00316321,-0.0206713,-0.000494761,0,0,-1.43115e-11,-0.00490276,0.0513265,-0.000524244,-0.00112755,-0.000208926,-4.82803e-06,0,0,0.210181,-8.97738e-05,0.37996,-0.00514182,-0.0251842,-0.000413722,-0.0010719,0,0,5.20417e-12,0.0512907,0.0016438,-0.0286024,-0.00340057,0.00318129,-0.000124783,0,0,0.00347147,-0.0767527,-0.00512125,0.609834,0.0198391,0.0568017,-0.00203967,0,0,1.04083e-11,0.0254835,-0.00339388,-0.035905,0.0295195,-0.000147161,0.000386472,0,0,-0.183967,0.0312048,-0.251365,0.198692,0.304932,-0.039328,0.0368236,0,0,2.77556e-11,0.0496451,-0.00728769,0.0124373,0.00999507,-0.0671013,0.00244213,0,0,-0.030231,-0.206901,-0.00409243,0.568148,-0.0392731,0.396206,-0.00478766,0,0,0,-0.00331544,0.00183334,0.00464269,-0.00128241,0.00334675,1.36663e-05,0,0,-0.0196225,-0.0049023,-0.0107642,-0.0204618,0.0368759,-0.00479768,0.0654917,0,0,0,-1.20024e-12,1.20024e-12,1.20024e-12,0,1.20024e-12,0,0,0,0,0,0,0,0,0,0,0.905991,-4.65574e-09,0,0,0,0,0,0,0,-1.20024e-12,0,0,0,0,0,0,0,0,-4.65634e-09,0.905991,
5.20417e-12,0.00582737,-0.0185432,-0.000749256,0.00164296,-6.14667e-05,2.80893e-05,0,0,0.39375,-0.0107886,0.209693,0.00341532,-0.0184497,-0.00302982,-0.00196566,0,0,0,0.078532,-0.00420971,0.0328577,0.00221566,0.00113563,-4.30174e-05,0,0,-0.0107737,0.627255,-0.00016892,-0.0758563,0.00316376,-0.0206616,-0.000495125,0,0,-1.38778e-11,-0.00490273,0.0513662,-0.000519819,-0.00112685,-0.000208291,-4.86135e-06,0,0,0.210055,-9.00337e-05,0.380077,-0.00515011,-0.0251742,-0.000411051,-0.00107259,0,0,5.20417e-12,0.0512573,0.00164585,-0.0285704,-0.0033983,0.00318089,-0.000124817,0,0,0.0034682,-0.0767644,-0.00512931,0.609824,0.0198425,0.0568051,-0.00203905,0,0,-5.20417e-12,0.0254727,-0.00336374,-0.035893,0.0294935,-0.000154877,0.000387124,0,0,-0.183649,0.0312099,-0.251264,0.198726,0.304962,-0.0393325,0.0368125,0,0,2.08167e-11,0.0496685,-0.00728424,0.0123723,0.00998337,-0.0670799,0.00244207,0,0,-0.0301828,-0.206804,-0.00406535,0.568184,-0.0392775,0.396212,-0.00478856,0,0,1.73472e-12,-0.00331532,0.00183266,0.00464346,-0.00127965,0.00334736,1.41013e-05,0,0,-0.0196456,-0.00490587,-0.0107712,-0.0204557,0.0368649,-0.00479859,0.0654928,0,0,0,0,1.20024e-12,1.20024e-12,-1.20024e-12,0,0,0,0,0,0,0,0,0,0,0,0.905991,-4.5048e-09,0,0,-1.20024e-12,-1.20024e-12,1.20024e-12,0,0,0,0,0,0,0,0,0,0,0,-4.50541e-09,0.905991,
-4.33681e-12,0.00582425,-0.0185474,-0.000747567,0.00163989,-6.13475e-05,2.80939e-05,0,0,0.39389,-0.0107939,0.209566,0.00341175,-0.0184179,-0.00302504,-0.00196798,0,0,0,0.0785375,-0.0042088,0.0328246,0.00221422,0.00113621,-4.30488e-05,0,0,-0.010779,0.627271,-0.0001692,-0.0758672,0.00316431,-0.0206519,-0.00049549,0,0,1.47451e-11,-0.0049027,0.0514059,-0.000515365,-0.00112614,-0.000207647,-4.89491e-06,0,0,0.209929,-9.02971e-05,0.380194,-0.00515842,-0.0251641,-0.000408369,-0.00107329,0,0,-8.67362e-12,0.0512238,0.00164791,-0.0285384,-0.003396,0.0031805,-0.000124852,0,0,0.00346491,-0.0767762,-0.00513738,0.609814,0.0198459,0.0568085,-0.00203843,0,0,1.04083e-11,0.025462,-0.00333351,-0.035881,0.0294674,-0.000162658,0.000387778,0,0,-0.183331,0.031215,-0.251163,0.19876,0.304991,-0.0393369,0.0368014,0,0,7.63278e-11,0.0496919,-0.00728075,0.0123072,0.00997157,-0.0670585,0.00244201,0,0,-0.0301345,-0.206708,-0.00403817,0.568219,-0.0392819,0.396217,-0.00478947,0,0,3.46945e-12,-0.00331521,0.00183197,0.00464423,-0.00127688,0.00334797,1.45386e-05,0,0,-0.0196687,-0.00490944,-0.0107782,-0.0204495,0.0368538,-0.00479951,0.0654939,0,0,0,0,0,0,0,0,0,-1.12823e-10,0,0,0,0,0,0,0,0,0.905991,4.25515e-09,0,0,0,0,0,0,0,-1.20024e-12,0,0,0,0,0,0,0,0,4.25545e-09,0.905991,
1.73472e-12,0.00582114,-0.0185517,-0.000745867,0.00163681,-6.12214e-05,2.80982e-05,0,0,0.39403,-0.0107993,0.209439,0.00340816,-0.0183862,-0.00302023,-0.00197029,0,0,1.38778e-11,0.0785429,-0.0042079,0.0327914,0.00221279,0.00113679,-4.30802e-05,0,0,-0.0107843,0.627286,-0.000169484,-0.0758781,0.00316486,-0.0206422,-0.000495855,0,0,-2.60209e-12,-0.00490266,0.0514456,-0.000510879,-0.00112543,-0.000206995,-4.92872e-06,0,0,0.209803,-9.05641e-05,0.38031,-0.00516675,-0.0251541,-0.000405676,-0.00107399,0,0,-1.38778e-11,0.0511903,0.00164996,-0.0285063,-0.0033937,0.0031801,-0.000124886,0,0,0.00346161,-0.0767879,-0.00514548,0.609805,0.0198493,0.0568119,-0.0020378,0,0,-3.46945e-12,0.0254511,-0.0033032,-0.0358689,0.0294411,-0.000170509,0.000388434,0,0,-0.183013,0.0312202,-0.251062,0.198794,0.305021,-0.0393413,0.0367902,0,0,5.55112e-11,0.0497154,-0.00727723,0.012242,0.00995969,-0.067037,0.00244195,0,0,-0.0300858,-0.206611,-0.00401088,0.568253,-0.0392862,0.396223,-0.00479037,0,0,0,-0.00331509,0.00183128,0.004645,-0.0012741,0.00334858,1.49782e-05,0,0,-0.0196918,-0.00491302,-0.0107852,-0.0204434,0.0368427,-0.00480042,0.065495,0,0,0,0,0,-2.40048e-12,0,-2.40048e-12,2.40048e-12,0,0,0,0,0,0,0,0,0,0.905991,4.15313e-09,0,0,0,0,0,0,0,0,0,0,0,0,0,0,0,0,4.15313e-09,0.905991,
-3.46945e-12,0.00581802,-0.0185558,-0.000744157,0.00163373,-6.10878e-05,2.81023e-05,0,0,0.39417,-0.0108046,0.209312,0.00340456,-0.0183544,-0.00301541,-0.00197261,0,0,0,0.0785482,-0.00420699,0.0327582,0.00221134,0.00113737,-4.31116e-05,0,0,-0.0107896,0.627302,-0.000169773,-0.075889,0.00316542,-0.0206325,-0.000496221,0,0,9.97466e-12,-0.00490263,0.0514853,-0.000506357,-0.00112471,-0.000206333,-4.96277e-06,0,0,0.209676,-9.08348e-05,0.380427,-0.0051751,-0.025144,-0.000402972,-0.00107468,0,0,-8.67362e-12,0.0511568,0.00165202,-0.0284742,-0.00339138,0.0031797,-0.00012492,0,0,0.00345828,-0.0767996,-0.0051536,0.609795,0.0198527,0.0568153,-0.00203717,0,0,5.20417e-12,0.0254403,-0.0032728,-0.0358568,0.0294147,-0.000178429,0.000389091,0,0,-0.182695,0.0312254,-0.25096,0.198828,0.30505,-0.0393457,0.036779,0,0,0,0.0497388,-0.00727367,0.0121768,0.00994771,-0.0670155,0.00244188,0,0,-0.030037,-0.206515,-0.00398348,0.568288,-0.0392905,0.396228,-0.00479128,0,0,0,-0.00331497,0.00183059,0.00464578,-0.00127132,0.00334919,1.54202e-05,0,0,-0.019715,-0.0049166,-0.0107923,-0.0204372,0.0368316,-0.00480134,0.0654962,0,0,0,0,0,0,0,0,0,0,0,0,0,0,0,0,0,0,0.905991,4.16604e-09,0,-1.20024e-12,0,1.20024e-12,0,1.20024e-12,-1.20024e-12,0,0,0,0,0,0,0,0,0,4.16604e-09,0.905991,
8.67362e-13,0.0058149,-0.01856,-0.000742433,0.00163063,-6.09462e-05,2.81061e-05,0,0,0.39431,-0.01081,0.209184,0.00340094,-0.0183226,-0.00301056,-0.00197493,0,0,0,0.0785536,-0.00420608,0.0327249,0.0022099,0.00113794,-4.31429e-05,0,0,-0.0107948,0.627317,-0.000170065,-0.0758998,0.00316598,-0.0206228,-0.000496588,0,0,-4.77049e-12,-0.00490259,0.051525,-0.000501797,-0.00112399,-0.000205663,-4.99708e-06,0,0,0.209549,-9.11092e-05,0.380544,-0.00518346,-0.025134,-0.000400257,-0.00107538,0,0,2.60209e-11,0.0511232,0.00165408,-0.0284421,-0.00338904,0.0031793,-0.000124954,0,0,0.00345494,-0.0768113,-0.00516173,0.609785,0.019856,0.0568187,-0.00203655,0,0,-1.21431e-11,0.0254294,-0.00324233,-0.0358446,0.0293882,-0.000186421,0.00038975,0,0,-0.182377,0.0312306,-0.250859,0.198862,0.30508,-0.0393501,0.0367678,0,0,-7.63278e-11,0.0497623,-0.00727009,0.0121116,0.00993564,-0.066994,0.00244181,0,0,-0.029988,-0.206418,-0.00395598,0.568323,-0.0392948,0.396234,-0.00479218,0,0,0,-0.00331485,0.0018299,0.00464655,-0.00126853,0.00334981,1.58645e-05,0,0,-0.0197381,-0.00492019,-0.0107993,-0.0204311,0.0368205,-0.00480226,0.0654973,0,0,0,0,-1.20024e-12,1.20024e-12,-1.20024e-12,0,0,0,0,0,0,0,0,0,0,0,0.905991,4.28336e-09,0,0,0,0,0,0,0,0,0,0,0,0,0,0,0,0,4.28276e-09,0.905991,
8.67362e-13,0.00581178,-0.018564,-0.000740693,0.00162754,-6.07962e-05,2.81096e-05,0,0,0.394451,-0.0108153,0.209057,0.0033973,-0.0182908,-0.00300569,-0.00197724,0,0,0,0.0785589,-0.00420517,0.0326915,0.00220844,0.00113851,-4.31741e-05,0,0,-0.0108001,0.627332,-0.000170361,-0.0759107,0.00316654,-0.0206131,-0.000496955,0,0,-8.67362e-13,-0.00490255,0.0515647,-0.000497193,-0.00112326,-0.000204982,-5.03166e-06,0,0,0.209422,-9.13874e-05,0.380661,-0.00519185,-0.0251239,-0.000397531,-0.00107608,0,0,-3.46945e-12,0.0510895,0.00165614,-0.0284099,-0.00338668,0.0031789,-0.000124988,0,0,0.00345158,-0.076823,-0.00516988,0.609776,0.0198594,0.0568221,-0.00203592,0,0,1.21431e-11,0.0254185,-0.00321177,-0.0358324,0.0293616,-0.00019449,0.000390411,0,0,-0.182058,0.0312358,-0.250757,0.198896,0.30511,-0.0393545,0.0367566,0,0,2.77556e-11,0.0497858,-0.00726646,0.0120463,0.00992348,-0.0669724,0.00244173,0,0,-0.0299387,-0.206322,-0.00392838,0.568358,-0.039299,0.396239,-0.00479309,0,0,-3.46945e-12,-0.00331473,0.00182921,0.00464732,-0.00126573,0.00335042,1.63114e-05,0,0,-0.0197612,-0.00492379,-0.0108064,-0.0204249,0.0368094,-0.00480317,0.0654984,0,0,0,0,0,1.20024e-12,-1.20024e-12,0,0,0,0,0,0,0,0,0,0,0,0.905991,-4.51441e-09,0,0,0,0,0,0,0,0,0,0,0,0,0,0,0,0,-4.51441e-09,0.905991,
3.46945e-12,0.00580866,-0.0185681,-0.00073894,0.00162444,-6.06511e-05,2.81131e-05,0,0,0.394591,-0.0108207,0.208929,0.00339365,-0.0182589,-0.00300079,-0.00197956,0,0,-1.38778e-11,0.0785642,-0.00420426,0.0326582,0.00220699,0.00113909,-4.32054e-05,0,0,-0.0108054,0.627348,-0.000170663,-0.0759215,0.00316711,-0.0206033,-0.000497323,0,0,-9.97466e-12,-0.0049025,0.0516044,-0.00049256,-0.00112253,-0.000204301,-5.06623e-06,0,0,0.209295,-9.16694e-05,0.380777,-0.00520025,-0.0251138,-0.000394794,-0.00107678,0,0,2.25514e-11,0.0510558,0.00165821,-0.0283777,-0.00338431,0.0031785,-0.000125022,0,0,0.00344821,-0.0768347,-0.00517806,0.609766,0.0198628,0.0568255,-0.00203528,0,0,-5.20417e-12,0.0254076,-0.00318113,-0.0358201,0.0293349,-0.000202631,0.000391073,0,0,-0.181739,0.0312411,-0.250656,0.19893,0.30514,-0.0393588,0.0367454,0,0,-5.55112e-11,0.0498092,-0.00726281,0.0119809,0.00991123,-0.0669507,0.00244166,0,0,-0.0298893,-0.206225,-0.00390068,0.568393,-0.0393033,0.396245,-0.00479399,0,0,0,-0.0033146,0.00182852,0.0046481,-0.00126292,0.00335104,1.6761e-05,0,0,-0.0197844,-0.0049274,-0.0108134,-0.0204187,0.0367983,-0.00480409,0.0654995,0,0,0,0,0,0,0,0,0,0,0,0,0,0,0,0,0,0,0.905991,-4.60112e-09,0,-1.20024e-12,0,1.20024e-12,-1.20024e-12,0,0,0,0,0,0,0,0,0,0,0,-4.60172e-09,0.905991,
-8.67362e-13,0.00580552,-0.0185721,-0.000737181,0.00162133,-6.05102e-05,2.81166e-05,0,0,0.394732,-0.010826,0.208801,0.00338998,-0.0182271,-0.00299588,-0.00198188,0,0,-1.38778e-11,0.0785695,-0.00420334,0.0326247,0.00220553,0.00113966,-4.32367e-05,0,0,-0.0108107,0.627363,-0.000170968,-0.0759324,0.00316768,-0.0205936,-0.000497691,0,0,1.73472e-12,-0.00490246,0.0516441,-0.000487908,-0.00112179,-0.00020362,-5.10082e-06,0,0,0.209167,-9.19552e-05,0.380894,-0.00520867,-0.0251037,-0.000392047,-0.00107749,0,0,1.73472e-11,0.0510221,0.00166027,-0.0283454,-0.00338194,0.0031781,-0.000125056,0,0,0.00344482,-0.0768464,-0.00518625,0.609756,0.0198661,0.0568289,-0.00203465,0,0,-1.73472e-11,0.0253966,-0.00315041,-0.0358078,0.029308,-0.000210831,0.000391736,0,0,-0.18142,0.0312464,-0.250554,0.198964,0.30517,-0.0393631,0.0367342,0,0,-4.16334e-11,0.0498327,-0.00725912,0.0119154,0.0098989,-0.066929,0.00244158,0,0,-0.0298397,-0.206128,-0.00387289,0.568427,-0.0393075,0.396251,-0.0047949,0,0,0,-0.00331447,0.00182782,0.00464887,-0.00126011,0.00335166,1.72129e-05,0,0,-0.0198076,-0.00493101,-0.0108205,-0.0204124,0.0367871,-0.00480501,0.0655007,0,0,0,0,0,0,0,0,0,1.15223e-10,0,0,0,0,0,0,0,0,0.905991,-4.53931e-09,0,-1.20024e-12,0,0,0,1.20024e-12,0,0,0,0,0,0,0,0,0,0,-4.53991e-09,0.905991,
2.60209e-12,0.00580239,-0.0185761,-0.000735385,0.00161823,-6.0366e-05,2.81198e-05,0,0,0.394873,-0.0108314,0.208672,0.0033863,-0.0181952,-0.00299095,-0.00198421,0,0,2.77556e-11,0.0785748,-0.00420243,0.0325913,0.00220406,0.00114023,-4.3268e-05,0,0,-0.010816,0.627378,-0.000171279,-0.0759432,0.00316825,-0.0205839,-0.00049806,0,0,-5.63785e-12,-0.0049024,0.0516838,-0.000483182,-0.00112104,-0.00020293,-5.1356e-06,0,0,0.20904,-9.22449e-05,0.381011,-0.0052171,-0.0250936,-0.000389291,-0.00107819,0,0,-1.38778e-11,0.0509883,0.00166234,-0.0283131,-0.00337954,0.00317769,-0.00012509,0,0,0.00344142,-0.0768581,-0.00519446,0.609746,0.0198695,0.0568323,-0.00203402,0,0,-5.20417e-12,0.0253856,-0.00311961,-0.0357955,0.029281,-0.000219145,0.000392401,0,0,-0.1811,0.0312517,-0.250453,0.198998,0.3052,-0.0393674,0.0367229,0,0,9.02056e-11,0.0498563,-0.0072554,0.0118499,0.00988645,-0.0669072,0.00244151,0,0,-0.0297898,-0.206032,-0.003845,0.568462,-0.0393117,0.396256,-0.00479581,0,0,0,-0.00331434,0.00182712,0.00464965,-0.00125729,0.00335229,1.76685e-05,0,0,-0.0198307,-0.00493462,-0.0108277,-0.0204062,0.0367759,-0.00480593,0.0655018,0,0,0,0,0,-1.20024e-12,0,0,0,1.20024e-12,0,0,0,0,0,0,0,0,0.905991,-4.35507e-09,0,0,0,-1.20024e-12,0,0,0,-1.20024e-12,0,0,0,0,0,0,0,0,-4.35507e-09,0.905991,
-8.67362e-13,0.00579915,-0.01858,-0.000733686,0.00161513,-6.04813e-05,2.81309e-05,0,0,0.395014,-0.0108367,0.208544,0.0033826,-0.0181633,-0.002986,-0.00198653,0,0,0,0.07858,-0.0042015,0.0325578,0.0022026,0.00114082,-4.33008e-05,0,0,-0.0108214,0.627394,-0.000171594,-0.0759541,0.00316882,-0.0205742,-0.00049843,0,0,3.03577e-12,-0.00490235,0.0517236,-0.000478769,-0.00112036,-0.000202416,-5.1663e-06,0,0,0.208912,-9.25379e-05,0.381128,-0.00522556,-0.0250835,-0.000386526,-0.0010789,0,0,5.20417e-12,0.0509544,0.00166441,-0.0282807,-0.00337724,0.00317726,-0.000125127,0,0,0.003438,-0.0768698,-0.00520269,0.609737,0.0198728,0.0568356,-0.00203338,0,0,-8.67362e-12,0.0253746,-0.00308873,-0.0357832,0.029254,-0.000227359,0.00039308,0,0,-0.180781,0.031257,-0.250351,0.199031,0.30523,-0.0393716,0.0367117,0,0,1.38778e-11,0.0498798,-0.00725167,0.0117844,0.0098743,-0.0668853,0.00244149,0,0,-0.0297398,-0.205935,-0.00381701,0.568497,-0.0393159,0.396262,-0.00479671,0,0,0,-0.00331421,0.00182642,0.00465041,-0.00125448,0.00335302,1.81247e-05,0,0,-0.0198539,-0.00493824,-0.0108348,-0.0203999,0.0367648,-0.00480685,0.0655029,0,0,0,0,0,0,1.20024e-12,0,1.20024e-12,0,0,0,0,0,0,0,0,0,0.905991,4.09222e-09,0,0,0,-1.20024e-12,1.20024e-12,0,0,0,0,0,0,0,0,0,0,0,4.09252e-09,0.905991,
4.33681e-12,0.0057959,-0.018584,-0.000732145,0.00161204,-6.05568e-05,2.814e-05,0,0,0.395155,-0.0108421,0.208415,0.00337889,-0.0181313,-0.00298103,-0.00198885,0,0,-1.38778e-11,0.0785852,-0.00420053,0.0325242,0.00220115,0.00114141,-4.33334e-05,0,0,-0.0108267,0.627409,-0.000171914,-0.0759649,0.00316939,-0.0205644,-0.0004988,0,0,-1.47451e-11,-0.00490233,0.0517633,-0.00047457,-0.00111965,-0.000201879,-5.19772e-06,0,0,0.208783,-9.28348e-05,0.381245,-0.00523403,-0.0250734,-0.000383753,-0.00107961,0,0,8.67362e-12,0.0509205,0.00166646,-0.0282484,-0.00337494,0.00317683,-0.000125164,0,0,0.00343456,-0.0768815,-0.00521093,0.609727,0.0198762,0.056839,-0.00203274,0,0,0,0.0253635,-0.00305778,-0.0357711,0.0292269,-0.000235376,0.000393747,0,0,-0.180461,0.0312624,-0.250249,0.199065,0.305261,-0.0393759,0.0367004,0,0,-6.245e-11,0.0499033,-0.00724795,0.0117188,0.00986232,-0.0668634,0.00244147,0,0,-0.0296895,-0.205838,-0.0037889,0.568531,-0.03932,0.396268,-0.00479762,0,0,-1.73472e-12,-0.00331409,0.00182571,0.00465115,-0.00125167,0.00335372,1.85748e-05,0,0,-0.0198771,-0.00494187,-0.0108419,-0.0203937,0.0367536,-0.00480776,0.065504,0,0,0,0,0,0,0,0,0,0,0,0,0,0,0,0,0,0,0.905991,3.971e-09,0,0,0,1.20024e-12,1.20024e-12,0,0,0,0,0,0,0,0,0,0,0,3.9704e-09,0.905991,
8.67362e-13,0.00579268,-0.0185879,-0.000730664,0.00160894,-6.05532e-05,2.81466e-05,0,0,0.395296,-0.0108475,0.208285,0.00337516,-0.0180994,-0.00297604,-0.00199118,0,0,0,0.0785904,-0.00419956,0.0324907,0.00219969,0.00114199,-4.33658e-05,0,0,-0.010832,0.627424,-0.000172236,-0.0759757,0.00316997,-0.0205547,-0.000499171,0,0,-1.73472e-12,-0.00490234,0.0518031,-0.000470402,-0.00111892,-0.00020129,-5.23036e-06,0,0,0.208655,-9.31361e-05,0.381362,-0.00524253,-0.0250632,-0.000380969,-0.00108032,0,0,5.20417e-12,0.0508866,0.00166852,-0.028216,-0.00337262,0.0031764,-0.000125199,0,0,0.0034311,-0.0768932,-0.0052192,0.609717,0.0198795,0.0568423,-0.0020321,0,0,8.67362e-12,0.0253525,-0.00302674,-0.0357591,0.0291998,-0.000243346,0.000394408,0,0,-0.180141,0.0312678,-0.250147,0.199099,0.305291,-0.0393801,0.0366891,0,0,2.08167e-11,0.0499268,-0.0072442,0.0116532,0.00985031,-0.0668415,0.00244143,0,0,-0.029639,-0.205741,-0.00376069,0.568566,-0.0393241,0.396274,-0.00479853,0,0,-1.73472e-12,-0.00331396,0.001825,0.00465189,-0.00124885,0.00335438,1.9023e-05,0,0,-0.0199003,-0.0049455,-0.0108491,-0.0203874,0.0367423,-0.00480868,0.0655052,0,0,0,0,0,3.60072e-12,0,-3.60072e-12,3.60072e-12,0,0,0,0,0,0,0,0,0,0.905991,3.95179e-09,0,0,0,2.40048e-12,0,-2.40048e-12,2.40048e-12,0,0,0,0,0,0,0,0,0,3.95179e-09,0.905991,
-3.46945e-12,0.00578947,-0.0185917,-0.000729169,0.00160584,-6.04905e-05,2.81515e-05,0,0,0.395437,-0.0108528,0.208156,0.0033714,-0.0180674,-0.00297102,-0.0019935,0,0,-2.77556e-11,0.0785956,-0.00419859,0.0324572,0.00219823,0.00114258,-4.33977e-05,0,0,-0.0108373,0.627439,-0.000172561,-0.0759865,0.00317055,-0.0205449,-0.000499542,0,0,8.23994e-12,-0.00490235,0.0518429,-0.000466158,-0.00111817,-0.000200657,-5.26396e-06,0,0,0.208526,-9.34418e-05,0.38148,-0.00525104,-0.0250531,-0.000378174,-0.00108103,0,0,2.77556e-11,0.0508526,0.00167058,-0.0281836,-0.00337026,0.00317597,-0.000125233,0,0,0.00342763,-0.0769048,-0.00522749,0.609708,0.0198829,0.0568457,-0.00203146,0,0,1.73472e-12,0.0253414,-0.00299563,-0.0357469,0.0291726,-0.000251394,0.000395068,0,0,-0.17982,0.0312732,-0.250045,0.199132,0.305322,-0.0393843,0.0366777,0,0,-1.04083e-10,0.0499504,-0.00724041,0.0115876,0.00983817,-0.0668196,0.00244137,0,0,-0.0295883,-0.205644,-0.00373235,0.5686,-0.0393282,0.396279,-0.00479944,0,0,0,-0.00331382,0.00182429,0.00465263,-0.00124602,0.00335502,1.94732e-05,0,0,-0.0199236,-0.00494914,-0.0108562,-0.0203811,0.0367311,-0.0048096,0.0655063,0,0,0,0,0,0,0,0,0,0,0,0,0,0,0,0,0,0,0.905991,4.02441e-09,0,0,0,0,0,0,2.40048e-12,0,0,0,0,0,0,0,0,0,4.02441e-09,0.905991,
4.33681e-12,0.00578627,-0.0185956,-0.000727639,0.00160273,-6.04162e-05,2.81561e-05,0,0,0.395578,-0.0108582,0.208026,0.00336763,-0.0180354,-0.00296599,-0.00199583,0,0,1.38778e-11,0.0786007,-0.00419762,0.0324236,0.00219677,0.00114316,-4.34297e-05,0,0,-0.0108426,0.627454,-0.00017289,-0.0759973,0.00317114,-0.0205352,-0.000499914,0,0,-6.50521e-12,-0.00490236,0.0518826,-0.000461836,-0.00111742,-0.00020001,-5.29783e-06,0,0,0.208397,-9.37518e-05,0.381597,-0.00525958,-0.025043,-0.000375367,-0.00108174,0,0,-8.67362e-12,0.0508185,0.00167264,-0.0281511,-0.00336788,0.00317555,-0.000125268,0,0,0.00342414,-0.0769165,-0.00523579,0.609698,0.0198862,0.056849,-0.00203082,0,0,3.29597e-11,0.0253303,-0.00296444,-0.0357347,0.0291452,-0.000259556,0.000395729,0,0,-0.1795,0.0312787,-0.249943,0.199166,0.305353,-0.0393885,0.0366664,0,0,8.32667e-11,0.049974,-0.00723659,0.0115219,0.00982589,-0.0667976,0.00244131,0,0,-0.0295374,-0.205547,-0.0037039,0.568634,-0.0393323,0.396285,-0.00480035,0,0,-1.73472e-12,-0.00331369,0.00182357,0.00465338,-0.00124318,0.00335566,1.99273e-05,0,0,-0.0199468,-0.00495278,-0.0108634,-0.0203748,0.0367199,-0.00481052,0.0655074,0,0,0,-1.20024e-12,0,0,0,0,1.20024e-12,0,0,0,0,0,0,0,0,0,0.905991,4.18914e-09,0,0,0,0,0,0,0,1.16423e-10,0,0,0,0,0,0,0,0,4.18854e-09,0.905991,
6.93889e-12,0.00578307,-0.0185994,-0.000726075,0.00159962,-6.03197e-05,2.81599e-05,0,0,0.39572,-0.0108635,0.207896,0.00336384,-0.0180033,-0.00296093,-0.00199815,0,0,1.38778e-11,0.0786059,-0.00419665,0.03239,0.0021953,0.00114375,-4.34616e-05,0,0,-0.0108479,0.627469,-0.000173221,-0.0760081,0.00317172,-0.0205254,-0.000500287,0,0,-1.9082e-11,-0.00490236,0.0519224,-0.000457433,-0.00111666,-0.000199344,-5.33215e-06,0,0,0.208267,-9.40661e-05,0.381714,-0.00526814,-0.0250328,-0.000372549,-0.00108246,0,0,1.73472e-12,0.0507844,0.00167471,-0.0281186,-0.00336547,0.00317513,-0.000125302,0,0,0.00342063,-0.0769282,-0.00524411,0.609688,0.0198895,0.0568524,-0.00203018,0,0,-1.73472e-11,0.0253191,-0.00293318,-0.0357224,0.0291177,-0.000267831,0.000396392,0,0,-0.179179,0.0312841,-0.249841,0.199199,0.305383,-0.0393926,0.0366551,0,0,6.93889e-12,0.0499976,-0.00723273,0.0114562,0.00981347,-0.0667756,0.00244125,0,0,-0.0294862,-0.20545,-0.00367534,0.568669,-0.0393364,0.396291,-0.00480126,0,0,0,-0.00331355,0.00182285,0.00465412,-0.00124033,0.0033563,2.03849e-05,0,0,-0.01997,-0.00495643,-0.0108706,-0.0203685,0.0367086,-0.00481144,0.0655085,0,0,0,2.40048e-12,-2.40048e-12,2.40048e-12,-2.40048e-12,0,2.40048e-12,0,0,0,0,0,0,0,0,0,0.905991,-4.4649e-09,0,-2.40048e-12,2.40048e-12,-2.40048e-12,2.40048e-12,0,-2.40048e-12,0,0,0,0,0,0,0,0,0,-4.4643e-09,0.905991,
-3.46945e-12,0.00577988,-0.0186031,-0.000724472,0.00159649,-6.02066e-05,2.81632e-05,0,0,0.395862,-0.0108689,0.207766,0.00336003,-0.0179713,-0.00295585,-0.00200048,0,0,-1.38778e-11,0.078611,-0.00419569,0.0323564,0.00219382,0.00114433,-4.34934e-05,0,0,-0.0108532,0.627485,-0.000173557,-0.0760189,0.00317231,-0.0205157,-0.000500661,0,0,6.07153e-12,-0.00490235,0.0519622,-0.00045294,-0.00111589,-0.000198661,-5.36686e-06,0,0,0.208138,-9.43846e-05,0.381832,-0.00527671,-0.0250226,-0.000369719,-0.00108317,0,0,1.73472e-12,0.0507502,0.00167678,-0.0280861,-0.00336304,0.00317472,-0.000125336,0,0,0.00341711,-0.0769398,-0.00525246,0.609679,0.0198929,0.0568557,-0.00202953,0,0,-5.20417e-12,0.025308,-0.00290183,-0.0357101,0.02909,-0.000276231,0.000397057,0,0,-0.178858,0.0312897,-0.249738,0.199233,0.305414,-0.0393968,0.0366437,0,0,-2.08167e-11,0.0500212,-0.00722884,0.0113904,0.0098009,-0.0667536,0.00244118,0,0,-0.0294348,-0.205353,-0.00364666,0.568703,-0.0393404,0.396297,-0.00480217,0,0,0,-0.00331341,0.00182212,0.00465487,-0.00123747,0.00335694,2.08466e-05,0,0,-0.0199933,-0.00496008,-0.0108779,-0.0203621,0.0366973,-0.00481236,0.0655097,0,0,0,0,0,0,0,0,0,0,0,0,0,0,0,0,0,0,0.905991,-4.60232e-09,0,0,0,0,0,0,0,0,0,0,0,0,0,0,0,0,-4.60202e-09,0.905991,
0,0.00577668,-0.0186069,-0.00072285,0.00159337,-6.01242e-05,2.81672e-05,0,0,0.396003,-0.0108743,0.207636,0.0033562,-0.0179392,-0.00295074,-0.00200281,0,0,1.38778e-11,0.078616,-0.00419473,0.0323228,0.00219235,0.00114491,-4.35254e-05,0,0,-0.0108585,0.6275,-0.000173896,-0.0760297,0.00317291,-0.0205059,-0.000501035,0,0,-3.03577e-12,-0.00490233,0.052002,-0.000448423,-0.00111512,-0.000197994,-5.40115e-06,0,0,0.208008,-9.4707e-05,0.381949,-0.00528531,-0.0250125,-0.000366878,-0.00108389,0,0,-1.21431e-11,0.050716,0.00167886,-0.0280536,-0.00336061,0.0031743,-0.00012537,0,0,0.00341357,-0.0769515,-0.00526082,0.609669,0.0198962,0.0568591,-0.00202889,0,0,-2.60209e-11,0.0252968,-0.00287041,-0.0356977,0.0290622,-0.000284723,0.000397724,0,0,-0.178536,0.0312952,-0.249636,0.199266,0.305446,-0.0394009,0.0366323,0,0,-6.245e-11,0.0500448,-0.00722491,0.0113246,0.00978825,-0.0667316,0.00244112,0,0,-0.0293831,-0.205256,-0.00361788,0.568737,-0.0393444,0.396303,-0.00480307,0,0,0,-0.00331326,0.0018214,0.00465562,-0.0012346,0.0033576,2.1312e-05,0,0,-0.0200165,-0.00496375,-0.0108851,-0.0203558,0.036686,-0.00481329,0.0655108,0,0,0,0,0,0,0,0,2.40048e-12,0,0,0,0,0,0,0,0,0,0.905991,-4.58912e-09,0,0,0,0,0,0,-3.60072e-12,0,0,0,0,0,0,0,0,0,-4.58882e-09,0.905991,
-1.73472e-12,0.00577347,-0.0186106,-0.000721228,0.00159024,-6.00336e-05,2.81708e-05,0,0,0.396145,-0.0108797,0.207505,0.00335236,-0.0179071,-0.00294562,-0.00200514,0,0,0,0.0786211,-0.00419377,0.0322892,0.00219087,0.0011455,-4.35575e-05,0,0,-0.0108638,0.627515,-0.000174239,-0.0760405,0.0031735,-0.0204961,-0.00050141,0,0,6.93889e-12,-0.00490232,0.0520418,-0.000443885,-0.00111435,-0.000197317,-5.43568e-06,0,0,0.207878,-9.50335e-05,0.382066,-0.00529393,-0.0250023,-0.000364026,-0.00108461,0,0,-3.46945e-12,0.0506818,0.00168094,-0.028021,-0.00335816,0.00317388,-0.000125405,0,0,0.00341001,-0.0769631,-0.0052692,0.60966,0.0198995,0.0568624,-0.00202824,0,0,1.21431e-11,0.0252855,-0.00283892,-0.0356852,0.0290343,-0.000293277,0.000398392,0,0,-0.178215,0.0313007,-0.249533,0.1993,0.305477,-0.0394049,0.0366209,0,0,2.77556e-11,0.0500684,-0.00722095,0.0112587,0.00977553,-0.0667095,0.00244106,0,0,-0.0293313,-0.205159,-0.00358897,0.568771,-0.0393484,0.396309,-0.00480398,0,0,0,-0.00331311,0.00182066,0.00465637,-0.00123172,0.00335826,2.17796e-05,0,0,-0.0200398,-0.00496742,-0.0108924,-0.0203494,0.0366747,-0.00481421,0.0655119,0,0,0,0,0,0,0,0,0,0,0,0,0,0,0,0,0,0,0.905991,-4.43939e-09,0,0,0,0,0,0,0,0,0,0,0,0,0,0,0,0,-4.43969e-09,0.905991,
-1.73472e-12,0.00577026,-0.0186143,-0.000719599,0.0015871,-5.99318e-05,2.81739e-05,0,0,0.396287,-0.010885,0.207374,0.0033485,-0.017875,-0.00294047,-0.00200747,0,0,1.38778e-11,0.0786261,-0.00419281,0.0322555,0.00218939,0.00114608,-4.35895e-05,0,0,-0.0108691,0.62753,-0.000174586,-0.0760513,0.0031741,-0.0204864,-0.000501785,0,0,6.50521e-12,-0.0049023,0.0520816,-0.000439314,-0.00111357,-0.000196629,-5.4705e-06,0,0,0.207747,-9.53641e-05,0.382184,-0.00530257,-0.0249921,-0.000361162,-0.00108533,0,0,0,0.0506475,0.00168302,-0.0279883,-0.0033557,0.00317346,-0.000125439,0,0,0.00340643,-0.0769748,-0.0052776,0.60965,0.0199028,0.0568657,-0.00202759,0,0,8.67362e-12,0.0252743,-0.00280734,-0.0356728,0.0290063,-0.0003019,0.00039906,0,0,-0.177893,0.0313063,-0.249431,0.199333,0.305508,-0.039409,0.0366095,0,0,6.93889e-11,0.050092,-0.00721697,0.0111928,0.00976271,-0.0666874,0.00244099,0,0,-0.0292792,-0.205062,-0.00355996,0.568805,-0.0393523,0.396315,-0.00480489,0,0,0,-0.00331296,0.00181993,0.00465711,-0.00122884,0.00335892,2.22494e-05,0,0,-0.0200631,-0.00497109,-0.0108996,-0.020343,0.0366634,-0.00481513,0.0655131,0,0,0,0,0,-2.40048e-12,-2.40048e-12,0,2.40048e-12,0,0,0,0,0,0,0,0,0,0.905991,4.19664e-09,0,0,0,-1.20024e-12,-1.20024e-12,0,1.20024e-12,0,0,0,0,0,0,0,0,0,4.19664e-09,0.905991,
-8.67362e-13,0.00576706,-0.0186179,-0.000717959,0.00158396,-5.98223e-05,2.81767e-05,0,0,0.396429,-0.0108904,0.207243,0.00334462,-0.0178428,-0.00293529,-0.00200981,0,0,-1.38778e-11,0.0786311,-0.00419185,0.0322218,0.0021879,0.00114666,-4.36215e-05,0,0,-0.0108745,0.627545,-0.000174937,-0.076062,0.0031747,-0.0204766,-0.000502161,0,0,5.20417e-12,-0.00490228,0.0521214,-0.000434706,-0.00111279,-0.000195932,-5.50555e-06,0,0,0.207617,-9.56987e-05,0.382301,-0.00531123,-0.0249819,-0.000358287,-0.00108605,0,0,0,0.0506131,0.00168511,-0.0279557,-0.00335322,0.00317304,-0.000125473,0,0,0.00340284,-0.0769864,-0.00528602,0.60964,0.0199061,0.056869,-0.00202694,0,0,2.60209e-11,0.025263,-0.00277569,-0.0356603,0.0289782,-0.000310598,0.00039973,0,0,-0.177571,0.0313119,-0.249328,0.199366,0.305539,-0.039413,0.0365981,0,0,4.16334e-11,0.0501157,-0.00721295,0.0111268,0.00974981,-0.0666653,0.00244093,0,0,-0.0292269,-0.204965,-0.00353084,0.568839,-0.0393563,0.396321,-0.0048058,0,0,-3.46945e-12,-0.00331281,0.00181919,0.00465786,-0.00122594,0.00335958,2.27218e-05,0,0,-0.0200864,-0.00497477,-0.0109069,-0.0203366,0.036652,-0.00481605,0.0655142,0,0,0,0,0,0,0,0,0,1.15223e-10,0,0,0,0,0,0,0,0,0.905991,4.09612e-09,0,1.20024e-12,-1.20024e-12,0,0,-1.20024e-12,-1.20024e-12,2.40048e-12,0,0,0,0,0,0,0,0,4.09612e-09,0.905991,
3.46945e-12,0.00576385,-0.0186215,-0.000716308,0.00158081,-5.97084e-05,2.81794e-05,0,0,0.396571,-0.0108958,0.207111,0.00334072,-0.0178106,-0.0029301,-0.00201214,0,0,1.38778e-11,0.0786361,-0.00419089,0.0321881,0.00218641,0.00114725,-4.36534e-05,0,0,-0.0108798,0.627559,-0.000175292,-0.0760728,0.0031753,-0.0204668,-0.000502538,0,0,-7.80626e-12,-0.00490226,0.0521612,-0.000430064,-0.001112,-0.000195228,-5.5408e-06,0,0,0.207486,-9.60374e-05,0.382419,-0.00531991,-0.0249717,-0.0003554,-0.00108678,0,0,-6.93889e-12,0.0505787,0.0016872,-0.027923,-0.00335073,0.00317263,-0.000125507,0,0,0.00339923,-0.076998,-0.00529446,0.609631,0.0199094,0.0568723,-0.00202628,0,0,-1.04083e-11,0.0252517,-0.00274396,-0.0356477,0.0289499,-0.000319371,0.000400402,0,0,-0.177249,0.0313176,-0.249225,0.1994,0.305571,-0.0394171,0.0365866,0,0,6.93889e-11,0.0501393,-0.0072089,0.0110608,0.00973681,-0.0666431,0.00244086,0,0,-0.0291744,-0.204867,-0.00350161,0.568873,-0.0393602,0.396327,-0.00480671,0,0,0,-0.00331266,0.00181845,0.00465861,-0.00122304,0.00336024,2.31967e-05,0,0,-0.0201097,-0.00497846,-0.0109142,-0.0203302,0.0366407,-0.00481697,0.0655153,0,0,0,0,0,0,0,1.20024e-12,-1.20024e-12,-5.76116e-11,0,0,0,0,0,0,0,0,0.905991,4.10602e-09,0,0,0,0,0,1.20024e-12,-1.20024e-12,0,0,0,0,0,0,0,0,0,4.10602e-09,0.905991,
8.67362e-13,0.00576063,-0.0186251,-0.000714649,0.00157765,-5.95919e-05,2.81819e-05,0,0,0.396714,-0.0109011,0.20698,0.0033368,-0.0177785,-0.00292488,-0.00201447,0,0,1.38778e-11,0.078641,-0.00418992,0.0321544,0.00218492,0.00114783,-4.36853e-05,0,0,-0.0108851,0.627574,-0.000175652,-0.0760836,0.00317591,-0.020457,-0.000502915,0,0,-8.67362e-13,-0.00490224,0.052201,-0.000425392,-0.00111122,-0.000194518,-5.57621e-06,0,0,0.207355,-9.63801e-05,0.382537,-0.0053286,-0.0249615,-0.000352503,-0.0010875,0,0,2.08167e-11,0.0505442,0.00168929,-0.0278903,-0.00334822,0.00317221,-0.000125542,0,0,0.0033956,-0.0770096,-0.00530292,0.609621,0.0199127,0.0568756,-0.00202563,0,0,0,0.0252403,-0.00271215,-0.0356351,0.0289215,-0.000328215,0.000401076,0,0,-0.176926,0.0313232,-0.249123,0.199433,0.305602,-0.039421,0.0365752,0,0,-3.46945e-11,0.050163,-0.00720481,0.0109948,0.00972373,-0.0666209,0.00244078,0,0,-0.0291217,-0.20477,-0.00347227,0.568907,-0.0393641,0.396333,-0.00480762,0,0,1.73472e-12,-0.0033125,0.00181771,0.00465935,-0.00122013,0.0033609,2.3674e-05,0,0,-0.020133,-0.00498216,-0.0109215,-0.0203238,0.0366293,-0.00481789,0.0655165,0,0,0,0,0,0,0,0,0,0,0,0,0,0,0,0,0,0,0.905991,4.21465e-09,0,0,0,0,0,0,0,0,0,0,0,0,0,0,0,0,4.21555e-09,0.905991,
-2.60209e-12,0.00575742,-0.0186286,-0.000712982,0.00157449,-5.94734e-05,2.81843e-05,0,0,0.396856,-0.0109065,0.206848,0.00333287,-0.0177462,-0.00291964,-0.00201681,0,0,0,0.078646,-0.00418896,0.0321206,0.00218342,0.00114841,-4.37172e-05,0,0,-0.0108904,0.627589,-0.000176016,-0.0760943,0.00317652,-0.0204472,-0.000503293,0,0,6.93889e-12,-0.00490222,0.0522409,-0.000420694,-0.00111042,-0.000193803,-5.61179e-06,0,0,0.207224,-9.6727e-05,0.382654,-0.00533732,-0.0249513,-0.000349594,-0.00108823,0,0,-2.08167e-11,0.0505097,0.00169138,-0.0278575,-0.0033457,0.00317179,-0.000125576,0,0,0.00339196,-0.0770213,-0.00531139,0.609611,0.019916,0.0568789,-0.00202497,0,0,1.04083e-11,0.0252289,-0.00268027,-0.0356225,0.028893,-0.000337126,0.000401751,0,0,-0.176604,0.0313289,-0.24902,0.199466,0.305634,-0.039425,0.0365637,0,0,6.93889e-11,0.0501867,-0.0072007,0.0109287,0.00971056,-0.0665986,0.00244071,0,0,-0.0290687,-0.204673,-0.00344282,0.568941,-0.0393679,0.396339,-0.00480854,0,0,0,-0.00331234,0.00181696,0.0046601,-0.00121721,0.00336157,2.41536e-05,0,0,-0.0201563,-0.00498586,-0.0109289,-0.0203173,0.0366179,-0.00481882,0.0655176,0,0,0,0,1.20024e-12,0,0,0,-1.20024e-12,0,0,0,0,0,0,0,0,0,0.905991,-4.43219e-09,0,0,1.20024e-12,0,0,0,-1.20024e-12,0,0,0,0,0,0,0,0,0,-4.43249e-09,0.905991,
-6.07153e-12,0.0057542,-0.0186321,-0.000711311,0.00157132,-5.93527e-05,2.81865e-05,0,0,0.396999,-0.0109119,0.206716,0.00332893,-0.017714,-0.00291438,-0.00201914,0,0,0,0.0786509,-0.00418799,0.0320868,0.00218192,0.00114898,-4.37491e-05,0,0,-0.0108957,0.627604,-0.000176385,-0.076105,0.00317713,-0.0204374,-0.000503671,0,0,1.64799e-11,-0.00490219,0.0522807,-0.000415972,-0.00110963,-0.000193082,-5.64753e-06,0,0,0.207092,-9.70781e-05,0.382772,-0.00534606,-0.024941,-0.000346675,-0.00108896,0,0,6.93889e-12,0.0504751,0.00169348,-0.0278247,-0.00334317,0.00317136,-0.00012561,0,0,0.0033883,-0.0770329,-0.00531989,0.609602,0.0199193,0.0568822,-0.00202432,0,0,1.73472e-12,0.0252175,-0.0026483,-0.0356098,0.0288644,-0.000346101,0.000402428,0,0,-0.176281,0.0313347,-0.248917,0.199499,0.305666,-0.039429,0.0365522,0,0,-4.85723e-11,0.0502104,-0.00719655,0.0108625,0.00969732,-0.0665763,0.00244064,0,0,-0.0290156,-0.204576,-0.00341327,0.568975,-0.0393718,0.396345,-0.00480945,0,0,0,-0.00331218,0.00181621,0.00466084,-0.00121429,0.00336224,2.46355e-05,0,0,-0.0201796,-0.00498956,-0.0109362,-0.0203109,0.0366065,-0.00481974,0.0655187,0,0,0,0,0,1.20024e-12,0,0,0,0,0,0,0,0,0,0,0,0,0.905991,-4.51201e-09,0,0,0,1.20024e-12,0,0,0,0,0,0,0,0,0,0,0,0,-4.51261e-09,0.905991,
-3.46945e-12,0.00575098,-0.0186355,-0.000709634,0.00156814,-5.92293e-05,2.81886e-05,0,0,0.397141,-0.0109173,0.206583,0.00332497,-0.0176817,-0.0029091,-0.00202148,0,0,-1.38778e-11,0.0786558,-0.00418702,0.032053,0.00218042,0.00114956,-4.3781e-05,0,0,-0.0109011,0.627619,-0.000176758,-0.0761158,0.00317774,-0.0204276,-0.000504051,0,0,9.1073e-12,-0.00490217,0.0523205,-0.000411227,-0.00110883,-0.000192356,-5.68344e-06,0,0,0.20696,-9.74334e-05,0.38289,-0.00535481,-0.0249308,-0.000343744,-0.00108969,0,0,1.73472e-11,0.0504405,0.00169558,-0.0277919,-0.00334062,0.00317094,-0.000125644,0,0,0.00338463,-0.0770445,-0.00532841,0.609592,0.0199226,0.0568855,-0.00202366,0,0,-8.67362e-12,0.0252061,-0.00261625,-0.0355971,0.0288357,-0.000355138,0.000403106,0,0,-0.175958,0.0313404,-0.248814,0.199532,0.305698,-0.0394329,0.0365407,0,0,0,0.0502341,-0.00719237,0.0107963,0.009684,-0.066554,0.00244056,0,0,-0.0289622,-0.204478,-0.00338362,0.569009,-0.0393756,0.396351,-0.00481036,0,0,1.73472e-12,-0.00331202,0.00181546,0.00466158,-0.00121136,0.00336291,2.51195e-05,0,0,-0.0202029,-0.00499328,-0.0109436,-0.0203044,0.0365951,-0.00482066,0.0655199,0,0,0,0,0,0,0,0,0,0,0,0,0,0,0,0,0,0,0.905991,-4.45229e-09,0,0,0,0,0,0,0,0,0,0,0,0,0,0,0,0,-4.45139e-09,0.905991,
8.67362e-13,0.00574775,-0.018639,-0.000707953,0.00156496,-5.91024e-05,2.81906e-05,0,0,0.397284,-0.0109227,0.20645,0.00332099,-0.0176495,-0.0029038,-0.00202382,0,0,-2.77556e-11,0.0786606,-0.00418604,0.0320191,0.00217891,0.00115013,-4.38128e-05,0,0,-0.0109064,0.627634,-0.000177136,-0.0761265,0.00317836,-0.0204178,-0.00050443,0,0,-3.46945e-12,-0.00490214,0.0523604,-0.000406458,-0.00110802,-0.000191624,-5.71952e-06,0,0,0.206828,-9.77929e-05,0.383008,-0.00536358,-0.0249205,-0.000340803,-0.00109042,0,0,-6.93889e-12,0.0504058,0.00169768,-0.027759,-0.00333807,0.00317052,-0.000125678,0,0,0.00338094,-0.0770561,-0.00533694,0.609583,0.0199259,0.0568888,-0.002023,0,0,6.93889e-12,0.0251947,-0.00258412,-0.0355844,0.0288068,-0.000364236,0.000403786,0,0,-0.175635,0.0313462,-0.24871,0.199565,0.30573,-0.0394368,0.0365291,0,0,1.38778e-11,0.0502578,-0.00718816,0.01073,0.0096706,-0.0665316,0.00244048,0,0,-0.0289087,-0.204381,-0.00335386,0.569042,-0.0393794,0.396357,-0.00481127,0,0,0,-0.00331185,0.00181471,0.00466233,-0.00120842,0.00336359,2.56056e-05,0,0,-0.0202263,-0.004997,-0.010951,-0.0202979,0.0365836,-0.00482159,0.065521,0,0,0,0,0,0,0,0,0,0,0,0,0,0,0,0,0,0,0.905991,4.27676e-09,0,0,-1.20024e-12,-1.20024e-12,0,1.20024e-12,0,0,0,0,0,0,0,0,0,0,4.27646e-09,0.905991,
-2.60209e-12,0.00574452,-0.0186423,-0.000706266,0.00156177,-5.89714e-05,2.81923e-05,0,0,0.397427,-0.0109281,0.206317,0.003317,-0.0176172,-0.00289847,-0.00202615,0,0,-1.38778e-11,0.0786655,-0.00418507,0.0319852,0.0021774,0.00115071,-4.38446e-05,0,0,-0.0109117,0.627648,-0.000177519,-0.0761372,0.00317898,-0.020408,-0.000504811,0,0,2.1684e-12,-0.00490212,0.0524002,-0.000401664,-0.00110721,-0.000190886,-5.7558e-06,0,0,0.206696,-9.81568e-05,0.383126,-0.00537237,-0.0249103,-0.000337851,-0.00109115,0,0,1.73472e-12,0.0503711,0.00169979,-0.0277261,-0.0033355,0.00317009,-0.000125712,0,0,0.00337723,-0.0770677,-0.00534549,0.609573,0.0199292,0.056892,-0.00202233,0,0,-3.81639e-11,0.0251832,-0.0025519,-0.0355716,0.0287778,-0.000373395,0.000404467,0,0,-0.175311,0.031352,-0.248607,0.199598,0.305762,-0.0394406,0.0365176,0,0,-3.46945e-11,0.0502816,-0.00718392,0.0106637,0.00965712,-0.0665092,0.0024404,0,0,-0.0288549,-0.204283,-0.003324,0.569076,-0.0393832,0.396364,-0.00481218,0,0,1.73472e-12,-0.00331168,0.00181396,0.00466307,-0.00120548,0.00336426,2.60938e-05,0,0,-0.0202496,-0.00500073,-0.0109584,-0.0202914,0.0365722,-0.00482251,0.0655222,0,0,0,1.20024e-12,0,1.20024e-12,0,0,0,0,0,0,0,0,0,0,0,0,0.905991,4.23655e-09,0,0,0,0,-1.20024e-12,0,0,0,0,0,0,0,0,0,0,0,4.23655e-09,0.905991,
6.93889e-12,0.00574129,-0.0186456,-0.000704573,0.00155858,-5.88355e-05,2.81939e-05,0,0,0.39757,-0.0109334,0.206184,0.00331299,-0.0175848,-0.00289313,-0.00202849,0,0,0,0.0786703,-0.00418409,0.0319512,0.00217589,0.00115128,-4.38763e-05,0,0,-0.0109171,0.627663,-0.000177907,-0.0761479,0.0031796,-0.0203982,-0.000505192,0,0,-1.60462e-11,-0.00490209,0.0524401,-0.000396843,-0.0011064,-0.000190141,-5.79227e-06,0,0,0.206563,-9.85251e-05,0.383244,-0.00538118,-0.0249,-0.000334889,-0.00109189,0,0,-1.21431e-11,0.0503363,0.00170189,-0.0276931,-0.00333291,0.00316966,-0.000125747,0,0,0.00337351,-0.0770793,-0.00535407,0.609564,0.0199324,0.0568953,-0.00202167,0,0,1.38778e-11,0.0251716,-0.00251961,-0.0355588,0.0287487,-0.000382617,0.00040515,0,0,-0.174987,0.0313578,-0.248504,0.199631,0.305794,-0.0394445,0.036506,0,0,-4.16334e-11,0.0503053,-0.00717964,0.0105973,0.00964356,-0.0664867,0.00244031,0,0,-0.0288009,-0.204186,-0.00329403,0.569109,-0.0393869,0.39637,-0.00481309,0,0,-1.73472e-12,-0.00331151,0.0018132,0.00466381,-0.00120253,0.00336494,2.65842e-05,0,0,-0.020273,-0.00500446,-0.0109658,-0.0202849,0.0365607,-0.00482343,0.0655233,0,0,0,-1.20024e-12,0,0,1.20024e-12,0,1.20024e-12,0,0,0,0,0,0,0,0,0,0.905991,-4.30917e-09,0,1.20024e-12,0,0,0,0,-1.20024e-12,0,0,0,0,0,0,0,0,0,-4.30857e-09,0.905991,
0,0.00573805,-0.0186489,-0.000702872,0.00155538,-5.86939e-05,2.81952e-05,0,0,0.397713,-0.0109388,0.20605,0.00330897,-0.0175525,-0.00288776,-0.00203083,0,0,0,0.0786751,-0.0041831,0.0319172,0.00217437,0.00115184,-4.3908e-05,0,0,-0.0109224,0.627678,-0.000178299,-0.0761586,0.00318023,-0.0203884,-0.000505573,0,0,8.67362e-13,-0.00490206,0.05248,-0.000391991,-0.00110558,-0.000189388,-5.82895e-06,0,0,0.20643,-9.88978e-05,0.383362,-0.00539001,-0.0248897,-0.000331916,-0.00109262,0,0,-6.93889e-12,0.0503015,0.001704,-0.0276601,-0.00333031,0.00316923,-0.000125781,0,0,0.00336978,-0.0770908,-0.00536266,0.609554,0.0199357,0.0568986,-0.002021,0,0,6.93889e-12,0.0251601,-0.00248723,-0.0355459,0.0287195,-0.000391903,0.000405835,0,0,-0.174663,0.0313637,-0.2484,0.199664,0.305827,-0.0394483,0.0364945,0,0,5.55112e-11,0.0503291,-0.00717533,0.0105309,0.00962991,-0.0664641,0.00244023,0,0,-0.0287468,-0.204088,-0.00326398,0.569143,-0.0393907,0.396376,-0.004814,0,0,1.73472e-12,-0.00331134,0.00181244,0.00466455,-0.00119957,0.00336561,2.70767e-05,0,0,-0.0202963,-0.0050082,-0.0109732,-0.0202783,0.0365492,-0.00482436,0.0655244,0,0,0,1.20024e-12,0,0,-1.20024e-12,0,-1.20024e-12,0,0,0,0,0,0,0,0,0,0.905991,4.25936e-09,0,1.20024e-12,0,0,-1.20024e-12,0,-1.20024e-12,0,0,0,0,0,0,0,0,0,4.25966e-09,0.905991,
1.73472e-12,0.00573481,-0.0186522,-0.000701162,0.00155217,-5.85536e-05,2.81964e-05,0,0,0.397857,-0.0109442,0.205917,0.00330493,-0.0175201,-0.00288238,-0.00203317,0,0,0,0.0786798,-0.00418212,0.0318831,0.00217285,0.00115241,-4.39396e-05,0,0,-0.0109277,0.627692,-0.000178697,-0.0761693,0.00318085,-0.0203786,-0.000505955,0,0,-2.1684e-12,-0.00490203,0.0525198,-0.000387114,-0.00110476,-0.000188632,-5.86572e-06,0,0,0.206297,-9.92751e-05,0.38348,-0.00539885,-0.0248794,-0.000328933,-0.00109336,0,0,5.20417e-12,0.0502666,0.00170611,-0.0276271,-0.0033277,0.0031688,-0.000125814,0,0,0.00336603,-0.0771024,-0.00537127,0.609545,0.0199389,0.0569018,-0.00202034,0,0,1.56125e-11,0.0251485,-0.00245477,-0.035533,0.0286902,-0.000401255,0.000406521,0,0,-0.174339,0.0313696,-0.248297,0.199696,0.305859,-0.0394521,0.0364829,0,0,-1.38778e-11,0.0503528,-0.00717099,0.0104644,0.00961619,-0.0664415,0.00244014,0,0,-0.0286924,-0.20399,-0.00323382,0.569176,-0.0393944,0.396382,-0.00481492,0,0,-3.46945e-12,-0.00331116,0.00181168,0.00466529,-0.0011966,0.00336629,2.75717e-05,0,0,-0.0203197,-0.00501194,-0.0109806,-0.0202717,0.0365377,-0.00482528,0.0655256,0,0,0,0,0,1.20024e-12,-1.20024e-12,0,0,0,0,0,0,0,0,0,0,0,0.905991,-4.32417e-09,0,0,0,0,0,0,0,0,0,0,0,0,0,0,0,0,-4.32507e-09,0.905991,
-1.73472e-12,0.00573156,-0.0186553,-0.000699449,0.00154897,-5.84205e-05,2.81977e-05,0,0,0.398,-0.0109496,0.205783,0.00330088,-0.0174877,-0.00287697,-0.00203551,0,0,-1.38778e-11,0.0786846,-0.00418113,0.031849,0.00217132,0.00115298,-4.39714e-05,0,0,-0.0109331,0.627707,-0.000179101,-0.07618,0.00318149,-0.0203687,-0.000506338,0,0,6.07153e-12,-0.00490199,0.0525597,-0.000382222,-0.00110393,-0.000187878,-5.90243e-06,0,0,0.206163,-9.96569e-05,0.383598,-0.00540771,-0.0248692,-0.00032594,-0.0010941,0,0,6.93889e-12,0.0502316,0.00170823,-0.027594,-0.00332507,0.00316837,-0.000125849,0,0,0.00336227,-0.077114,-0.00537989,0.609535,0.0199422,0.0569051,-0.00201967,0,0,8.67362e-12,0.0251369,-0.00242223,-0.0355201,0.0286607,-0.000410666,0.000407207,0,0,-0.174015,0.0313755,-0.248193,0.199729,0.305892,-0.0394559,0.0364713,0,0,-4.16334e-11,0.0503766,-0.00716662,0.0103979,0.00960239,-0.0664189,0.00244005,0,0,-0.0286379,-0.203893,-0.00320357,0.56921,-0.039398,0.396389,-0.00481583,0,0,0,-0.00331099,0.00181092,0.00466603,-0.00119363,0.00336698,2.8069e-05,0,0,-0.0203431,-0.0050157,-0.0109881,-0.0202652,0.0365262,-0.00482621,0.0655267,0,0,0,0,0,0,0,0,0,0,0,0,0,0,0,0,0,0,0.905991,4.26746e-09,0,0,0,1.20024e-12,1.20024e-12,0,1.20024e-12,0,0,0,0,0,0,0,0,0,4.26776e-09,0.905991,
8.67362e-13,0.00572831,-0.0186585,-0.000697703,0.00154576,-5.82877e-05,2.81989e-05,0,0,0.398144,-0.010955,0.205648,0.00329682,-0.0174553,-0.00287154,-0.00203785,0,0,0,0.0786893,-0.00418014,0.0318149,0.00216979,0.00115355,-4.40032e-05,0,0,-0.0109384,0.627722,-0.000179509,-0.0761907,0.00318212,-0.0203589,-0.000506722,0,0,-1.30104e-12,-0.00490195,0.0525996,-0.000377265,-0.0011031,-0.000187118,-5.93926e-06,0,0,0.20603,-0.000100043,0.383716,-0.00541659,-0.0248588,-0.000322937,-0.00109484,0,0,0,0.0501967,0.00171035,-0.0275609,-0.00332243,0.00316794,-0.000125883,0,0,0.00335849,-0.0771255,-0.00538854,0.609525,0.0199455,0.0569083,-0.002019,0,0,1.21431e-11,0.0251253,-0.00238961,-0.0355071,0.0286311,-0.000420184,0.000407896,0,0,-0.17369,0.0313814,-0.24809,0.199762,0.305925,-0.0394597,0.0364597,0,0,0,0.0504004,-0.00716221,0.0103312,0.00958848,-0.0663962,0.00243997,0,0,-0.0285831,-0.203795,-0.00317322,0.569243,-0.0394017,0.396395,-0.00481674,0,0,-1.73472e-12,-0.00331081,0.00181016,0.00466677,-0.00119066,0.00336767,2.85699e-05,0,0,-0.0203664,-0.00501945,-0.0109956,-0.0202586,0.0365147,-0.00482713,0.0655279,0,0,0,0,0,0,1.20024e-12,0,0,-1.14023e-10,0,0,0,0,0,0,0,0,0.905991,-4.32777e-09,0,0,0,0,-1.20024e-12,0,0,0,0,0,0,0,0,0,0,0,-4.32717e-09,0.905991,
-3.46945e-12,0.00572495,-0.0186617,-0.00069605,0.00154257,-5.84129e-05,2.82077e-05,0,0,0.398287,-0.0109604,0.205514,0.00329275,-0.0174229,-0.0028661,-0.0020402,0,0,-1.38778e-11,0.078694,-0.00417913,0.0317807,0.00216826,0.00115413,-4.40366e-05,0,0,-0.0109438,0.627736,-0.000179924,-0.0762014,0.00318276,-0.0203491,-0.000507105,0,0,8.67362e-12,-0.00490191,0.0526395,-0.000372618,-0.00110232,-0.000186534,-5.97202e-06,0,0,0.205896,-0.000100433,0.383834,-0.00542549,-0.0248485,-0.000319927,-0.00109558,0,0,1.73472e-12,0.0501616,0.00171246,-0.0275277,-0.00331989,0.00316748,-0.00012592,0,0,0.00335469,-0.0771371,-0.0053972,0.609516,0.0199487,0.0569115,-0.00201833,0,0,1.04083e-11,0.0251136,-0.00235692,-0.0354942,0.0286015,-0.000429632,0.000408598,0,0,-0.173365,0.0313874,-0.247986,0.199794,0.305957,-0.0394634,0.036448,0,0,1.38778e-11,0.0504242,-0.00715781,0.0102646,0.00957486,-0.0663734,0.00243994,0,0,-0.0285282,-0.203697,-0.00314277,0.569276,-0.0394053,0.396401,-0.00481766,0,0,0,-0.00331063,0.00180939,0.0046675,-0.00118768,0.00336847,2.90723e-05,0,0,-0.0203898,-0.00502322,-0.011003,-0.020252,0.0365031,-0.00482806,0.065529,0,0,0,0,0,0,0,0,0,0,0,0,0,0,0,0,0,0,0.905991,4.26446e-09,0,0,0,0,0,0,2.40048e-12,0,0,0,0,0,0,0,0,0,4.26446e-09,0.905991,
0,0.00572159,-0.0186648,-0.000694554,0.00153938,-5.85e-05,2.82145e-05,0,0,0.398431,-0.0109658,0.205379,0.00328866,-0.0173904,-0.00286064,-0.00204254,0,0,-1.38778e-11,0.0786986,-0.00417809,0.0317465,0.00216674,0.00115472,-4.40698e-05,0,0,-0.0109491,0.627751,-0.000180342,-0.076212,0.0031834,-0.0203392,-0.00050749,0,0,-3.90313e-12,-0.00490191,0.0526794,-0.000368186,-0.00110152,-0.000185928,-6.00547e-06,0,0,0.205762,-0.000100828,0.383952,-0.0054344,-0.0248382,-0.000316908,-0.00109633,0,0,2.77556e-11,0.0501265,0.00171456,-0.0274946,-0.00331734,0.00316701,-0.000125956,0,0,0.00335089,-0.0771487,-0.00540589,0.609506,0.0199519,0.0569148,-0.00201765,0,0,-2.60209e-11,0.0251019,-0.00232415,-0.0354815,0.0285719,-0.000438878,0.000409288,0,0,-0.17304,0.0313934,-0.247882,0.199827,0.30599,-0.0394671,0.0364364,0,0,-1.11022e-10,0.050448,-0.0071534,0.0101979,0.00956141,-0.0663506,0.00243991,0,0,-0.028473,-0.2036,-0.00311221,0.56931,-0.0394089,0.396408,-0.00481857,0,0,3.46945e-12,-0.00331045,0.00180862,0.00466821,-0.00118471,0.00336924,2.95685e-05,0,0,-0.0204132,-0.00502698,-0.0110106,-0.0202454,0.0364916,-0.00482899,0.0655301,0,0,0,0,0,0,0,0,0,0,0,0,0,0,0,0,0,0,0.905991,-4.31967e-09,0,0,0,0,0,0,0,-1.20024e-12,0,0,0,0,0,0,0,0,-4.31967e-09,0.905991,
-8.67362e-13,0.00571824,-0.0186679,-0.000693122,0.0015362,-5.85087e-05,2.82189e-05,0,0,0.398575,-0.0109712,0.205244,0.00328455,-0.017358,-0.00285516,-0.00204488,0,0,0,0.0787033,-0.00417704,0.0317123,0.00216522,0.00115531,-4.41027e-05,0,0,-0.0109545,0.627765,-0.000180764,-0.0762227,0.00318404,-0.0203294,-0.000507875,0,0,4.33681e-13,-0.00490193,0.0527193,-0.000363791,-0.0011007,-0.000185269,-6.04011e-06,0,0,0.205627,-0.000101228,0.384071,-0.00544334,-0.0248279,-0.000313878,-0.00109707,0,0,-5.20417e-12,0.0500914,0.00171666,-0.0274614,-0.00331477,0.00316656,-0.000125991,0,0,0.00334706,-0.0771602,-0.00541459,0.609497,0.0199552,0.056918,-0.00201698,0,0,-1.73472e-12,0.0250901,-0.0022913,-0.0354687,0.0285421,-0.000448065,0.000409972,0,0,-0.172715,0.0313994,-0.247778,0.199859,0.306023,-0.0394708,0.0364247,0,0,-1.38778e-11,0.0504718,-0.00714897,0.0101313,0.00954795,-0.0663277,0.00243986,0,0,-0.0284176,-0.203502,-0.00308154,0.569343,-0.0394125,0.396414,-0.00481949,0,0,0,-0.00331027,0.00180784,0.00466892,-0.00118173,0.00336996,3.00624e-05,0,0,-0.0204366,-0.00503075,-0.0110181,-0.0202387,0.03648,-0.00482991,0.0655313,0,0,0,0,0,0,0,0,0,-5.76116e-11,0,0,0,0,0,0,0,0,0.905991,4.25275e-09,0,-1.20024e-12,0,0,0,0,-1.20024e-12,1.20024e-12,0,0,0,0,0,0,0,0,4.25185e-09,0.905991,
-6.93889e-12,0.00571492,-0.018671,-0.000691683,0.001533,-5.84586e-05,2.82217e-05,0,0,0.398719,-0.0109766,0.205109,0.00328042,-0.0173255,-0.00284966,-0.00204723,0,0,0,0.0787079,-0.00417599,0.0316781,0.00216369,0.00115589,-4.41352e-05,0,0,-0.0109598,0.62778,-0.00018119,-0.0762333,0.00318468,-0.0203195,-0.000508261,0,0,1.86483e-11,-0.00490196,0.0527592,-0.000359331,-0.00109986,-0.000184567,-6.07572e-06,0,0,0.205493,-0.000101633,0.384189,-0.0054523,-0.0248176,-0.000310838,-0.00109782,0,0,2.25514e-11,0.0500562,0.00171877,-0.0274281,-0.00331217,0.0031661,-0.000126026,0,0,0.00334322,-0.0771718,-0.00542331,0.609487,0.0199584,0.0569212,-0.0020163,0,0,-1.38778e-11,0.0250784,-0.00225836,-0.0354559,0.0285123,-0.000457314,0.000410654,0,0,-0.172389,0.0314055,-0.247674,0.199892,0.306057,-0.0394745,0.036413,0,0,-9.71445e-11,0.0504957,-0.0071445,0.0100645,0.00953436,-0.0663049,0.00243979,0,0,-0.028362,-0.203404,-0.00305074,0.569376,-0.0394161,0.39642,-0.0048204,0,0,0,-0.00331009,0.00180706,0.00466962,-0.00117875,0.00337066,3.05579e-05,0,0,-0.02046,-0.00503453,-0.0110256,-0.0202321,0.0364684,-0.00483084,0.0655324,0,0,0,0,0,0,0,0,0,-1.20024e-12,0,0,0,0,0,0,0,0,0.905991,-4.30196e-09,0,1.20024e-12,-1.20024e-12,-1.20024e-12,-1.20024e-12,-1.20024e-12,0,0,0,0,0,0,0,0,0,0,-4.30166e-09,0.905991,
-1.73472e-12,0.00571161,-0.018674,-0.000690206,0.00152979,-5.83723e-05,2.82235e-05,0,0,0.398863,-0.010982,0.204973,0.00327627,-0.0172929,-0.00284414,-0.00204957,0,0,0,0.0787125,-0.00417495,0.0316439,0.00216216,0.00115647,-4.41675e-05,0,0,-0.0109652,0.627794,-0.000181619,-0.076244,0.00318533,-0.0203097,-0.000508648,0,0,4.33681e-12,-0.00490198,0.0527991,-0.000354769,-0.00109901,-0.000183836,-6.11199e-06,0,0,0.205358,-0.000102043,0.384307,-0.00546128,-0.0248072,-0.000307785,-0.00109857,0,0,2.08167e-11,0.0500209,0.00172088,-0.0273949,-0.00330953,0.00316565,-0.00012606,0,0,0.00333936,-0.0771833,-0.00543205,0.609478,0.0199616,0.0569244,-0.00201562,0,0,-1.73472e-11,0.0250666,-0.00222535,-0.0354431,0.0284823,-0.000466681,0.000411338,0,0,-0.172064,0.0314116,-0.24757,0.199924,0.30609,-0.0394781,0.0364013,0,0,-3.46945e-11,0.0505195,-0.00714,0.00999777,0.0095206,-0.066282,0.00243972,0,0,-0.0283062,-0.203306,-0.00301983,0.569409,-0.0394196,0.396427,-0.00482132,0,0,0,-0.0033099,0.00180628,0.00467033,-0.00117575,0.00337136,3.1057e-05,0,0,-0.0204835,-0.00503832,-0.0110332,-0.0202254,0.0364568,-0.00483176,0.0655336,0,0,0,1.20024e-12,-1.20024e-12,0,1.20024e-12,1.20024e-12,0,0,0,0,0,0,0,0,0,0,0.905991,4.23205e-09,0,0,0,0,0,0,0,0,0,0,0,0,0,0,0,0,4.23235e-09,0.905991,
-2.60209e-12,0.0057083,-0.018677,-0.000688685,0.00152657,-5.82653e-05,2.82245e-05,0,0,0.399007,-0.0109875,0.204837,0.00327211,-0.0172604,-0.00283859,-0.00205192,0,0,-1.38778e-11,0.078717,-0.00417391,0.0316096,0.00216062,0.00115705,-4.41998e-05,0,0,-0.0109705,0.627809,-0.000182053,-0.0762546,0.00318598,-0.0202998,-0.000509035,0,0,7.37257e-12,-0.004902,0.0528391,-0.000350105,-0.00109816,-0.000183084,-6.14872e-06,0,0,0.205222,-0.000102458,0.384426,-0.00547028,-0.0247969,-0.00030472,-0.00109932,0,0,-1.73472e-12,0.0499856,0.001723,-0.0273616,-0.00330687,0.00316521,-0.000126094,0,0,0.00333549,-0.0771948,-0.00544081,0.609469,0.0199648,0.0569276,-0.00201494,0,0,-6.93889e-12,0.0250548,-0.00219226,-0.0354301,0.0284522,-0.000476182,0.000412023,0,0,-0.171738,0.0314177,-0.247466,0.199957,0.306123,-0.0394817,0.0363896,0,0,3.46945e-11,0.0505434,-0.00713545,0.00993095,0.00950669,-0.0662591,0.00243964,0,0,-0.0282501,-0.203208,-0.0029888,0.569442,-0.0394231,0.396433,-0.00482223,0,0,-1.73472e-12,-0.00330971,0.00180549,0.00467104,-0.00117274,0.00337205,3.15603e-05,0,0,-0.0205069,-0.00504211,-0.0110407,-0.0202187,0.0364451,-0.00483269,0.0655347,0,0,0,0,0,0,0,0,0,0,0,0,0,0,0,0,0,0,0.905991,4.27736e-09,0,0,0,0,0,0,0,0,0,0,0,0,0,0,0,0,4.27766e-09,0.905991,
4.33681e-12,0.005705,-0.0186799,-0.000687123,0.00152334,-5.81469e-05,2.82252e-05,0,0,0.399152,-0.0109929,0.204701,0.00326792,-0.0172278,-0.00283302,-0.00205427,0,0,0,0.0787216,-0.00417287,0.0315753,0.00215908,0.00115762,-4.42319e-05,0,0,-0.0109759,0.627823,-0.00018249,-0.0762653,0.00318664,-0.02029,-0.000509423,0,0,-1.12757e-11,-0.004902,0.052879,-0.000345354,-0.0010973,-0.000182319,-6.18574e-06,0,0,0.205087,-0.000102878,0.384544,-0.0054793,-0.0247865,-0.000301644,-0.00110007,0,0,-1.73472e-12,0.0499503,0.00172513,-0.0273282,-0.00330419,0.00316476,-0.000126128,0,0,0.0033316,-0.0772064,-0.00544958,0.609459,0.019968,0.0569308,-0.00201426,0,0,3.46945e-12,0.025043,-0.00215909,-0.0354171,0.0284219,-0.00048581,0.000412711,0,0,-0.171412,0.0314238,-0.247361,0.199989,0.306157,-0.0394853,0.0363779,0,0,-4.16334e-11,0.0505673,-0.00713087,0.00986408,0.00949262,-0.0662362,0.00243955,0,0,-0.0281939,-0.20311,-0.00295766,0.569475,-0.0394266,0.39644,-0.00482315,0,0,-1.73472e-12,-0.00330952,0.0018047,0.00467175,-0.00116972,0.00337275,3.20678e-05,0,0,-0.0205303,-0.00504591,-0.0110483,-0.020212,0.0364335,-0.00483362,0.0655359,0,0,0,0,0,0,0,0,0,0,0,0,0,0,0,0,0,0,0.905991,-4.43699e-09,0,-2.40048e-12,0,0,0,-2.40048e-12,2.40048e-12,0,0,0,0,0,0,0,0,0,-4.43639e-09,0.905991,
-3.46945e-12,0.0057017,-0.0186828,-0.00068553,0.00152011,-5.80225e-05,2.82256e-05,0,0,0.399296,-0.0109983,0.204565,0.00326373,-0.0171952,-0.00282743,-0.00205662,0,0,1.38778e-11,0.0787261,-0.00417184,0.031541,0.00215754,0.0011582,-4.42641e-05,0,0,-0.0109812,0.627837,-0.000182932,-0.0762759,0.00318729,-0.0202801,-0.000509812,0,0,1.17094e-11,-0.00490199,0.0529189,-0.00034053,-0.00109644,-0.000181544,-6.223e-06,0,0,0.204951,-0.000103303,0.384663,-0.00548834,-0.0247761,-0.000298556,-0.00110083,0,0,-1.21431e-11,0.0499149,0.00172725,-0.0272948,-0.00330149,0.00316432,-0.000126162,0,0,0.00332769,-0.0772179,-0.00545838,0.60945,0.0199712,0.056934,-0.00201358,0,0,-3.46945e-12,0.0250311,-0.00212584,-0.035404,0.0283915,-0.000495552,0.0004134,0,0,-0.171085,0.03143,-0.247257,0.200021,0.30619,-0.0394889,0.0363661,0,0,6.245e-11,0.0505911,-0.00712625,0.00979715,0.00947841,-0.0662132,0.00243947,0,0,-0.0281374,-0.203012,-0.00292641,0.569507,-0.0394301,0.396446,-0.00482406,0,0,3.46945e-12,-0.00330933,0.00180391,0.00467247,-0.00116669,0.00337345,3.25791e-05,0,0,-0.0205538,-0.00504971,-0.0110559,-0.0202053,0.0364218,-0.00483455,0.065537,0,0,0,0,1.20024e-12,1.20024e-12,0,0,-1.20024e-12,0,0,0,0,0,0,0,0,0,0.905991,-4.4565e-09,0,0,-1.20024e-12,-1.20024e-12,0,0,1.20024e-12,0,0,0,0,0,0,0,0,0,-4.4568e-09,0.905991,
-2.60209e-12,0.0056984,-0.0186857,-0.000683913,0.00151688,-5.78946e-05,2.82258e-05,0,0,0.399441,-0.0110037,0.204428,0.00325951,-0.0171626,-0.00282181,-0.00205896,0,0,0,0.0787306,-0.00417081,0.0315067,0.00215599,0.00115877,-4.42963e-05,0,0,-0.0109866,0.627852,-0.000183379,-0.0762865,0.00318795,-0.0202702,-0.000510201,0,0,7.80626e-12,-0.00490198,0.0529589,-0.000335651,-0.00109557,-0.000180763,-6.26044e-06,0,0,0.204815,-0.000103732,0.384781,-0.0054974,-0.0247657,-0.000295457,-0.00110158,0,0,1.38778e-11,0.0498794,0.00172939,-0.0272614,-0.00329877,0.00316387,-0.000126196,0,0,0.00332377,-0.0772294,-0.0054672,0.60944,0.0199745,0.0569372,-0.00201289,0,0,0,0.0250192,-0.00209252,-0.0353909,0.028361,-0.000505393,0.000414092,0,0,-0.170759,0.0314362,-0.247152,0.200053,0.306224,-0.0394925,0.0363544,0,0,-2.08167e-11,0.050615,-0.00712159,0.00973018,0.0094641,-0.0661902,0.00243938,0,0,-0.0280806,-0.202914,-0.00289504,0.56954,-0.0394335,0.396453,-0.00482498,0,0,-1.73472e-12,-0.00330913,0.00180312,0.00467318,-0.00116365,0.00337416,3.30937e-05,0,0,-0.0205772,-0.00505352,-0.0110635,-0.0201986,0.0364102,-0.00483547,0.0655382,0,0,0,0,0,0,-1.20024e-12,0,0,0,0,0,0,0,0,0,0,0,0.905991,-4.34817e-09,0,0,0,0,1.20024e-12,0,0,0,0,0,0,0,0,0,0,0,-4.34817e-09,0.905991,
6.93889e-12,0.00569509,-0.0186885,-0.000682279,0.00151363,-5.77646e-05,2.82258e-05,0,0,0.399586,-0.0110091,0.204291,0.00325528,-0.01713,-0.00281617,-0.00206131,0,0,0,0.078735,-0.00416978,0.0314724,0.00215443,0.00115935,-4.43284e-05,0,0,-0.0109919,0.627866,-0.00018383,-0.0762971,0.00318862,-0.0202604,-0.000510591,0,0,-1.95156e-11,-0.00490197,0.0529988,-0.000330728,-0.00109469,-0.000179975,-6.29803e-06,0,0,0.204679,-0.000104166,0.3849,-0.00550648,-0.0247554,-0.000292346,-0.00110234,0,0,-1.73472e-12,0.0498439,0.00173152,-0.027228,-0.00329604,0.00316343,-0.00012623,0,0,0.00331983,-0.0772409,-0.00547603,0.609431,0.0199776,0.0569404,-0.00201221,0,0,0,0.0250073,-0.00205911,-0.0353777,0.0283303,-0.000515322,0.000414786,0,0,-0.170432,0.0314424,-0.247048,0.200086,0.306258,-0.039496,0.0363426,0,0,-6.93889e-12,0.050639,-0.0071169,0.00966315,0.00944967,-0.0661671,0.00243929,0,0,-0.0280237,-0.202816,-0.00286357,0.569573,-0.039437,0.39646,-0.00482589,0,0,-3.46945e-12,-0.00330892,0.00180232,0.0046739,-0.0011606,0.00337487,3.36113e-05,0,0,-0.0206007,-0.00505734,-0.0110712,-0.0201918,0.0363985,-0.0048364,0.0655393,0,0,0,1.20024e-12,0,-1.20024e-12,1.20024e-12,0,0,0,0,0,0,0,0,0,0,0,0.905991,4.14263e-09,0,1.20024e-12,0,-1.20024e-12,1.20024e-12,0,0,0,0,0,0,0,0,0,0,0,4.14293e-09,0.905991,
5.20417e-12,0.00569178,-0.0186913,-0.000680634,0.00151038,-5.76329e-05,2.82257e-05,0,0,0.399731,-0.0110145,0.204154,0.00325103,-0.0170973,-0.00281051,-0.00206366,0,0,0,0.0787395,-0.00416874,0.031438,0.00215288,0.00115992,-4.43606e-05,0,0,-0.0109973,0.62788,-0.000184287,-0.0763077,0.00318928,-0.0202505,-0.000510981,0,0,-1.51788e-11,-0.00490195,0.0530388,-0.000325769,-0.00109381,-0.000179182,-6.33577e-06,0,0,0.204542,-0.000104605,0.385019,-0.00551558,-0.024745,-0.000289224,-0.0011031,0,0,0,0.0498083,0.00173366,-0.0271945,-0.00329329,0.00316298,-0.000126264,0,0,0.00331588,-0.0772524,-0.00548489,0.609421,0.0199808,0.0569436,-0.00201152,0,0,-1.9082e-11,0.0249953,-0.00202562,-0.0353644,0.0282995,-0.000525328,0.000415481,0,0,-0.170105,0.0314487,-0.246943,0.200118,0.306292,-0.0394995,0.0363308,0,0,-3.46945e-11,0.0506629,-0.00711217,0.00959608,0.00943516,-0.066144,0.0024392,0,0,-0.0279666,-0.202718,-0.00283198,0.569606,-0.0394404,0.396466,-0.00482681,0,0,0,-0.00330872,0.00180152,0.00467462,-0.00115754,0.00337559,3.41316e-05,0,0,-0.0206241,-0.00506116,-0.0110788,-0.0201851,0.0363868,-0.00483733,0.0655405,0,0,0,0,0,0,0,0,0,0,0,0,0,0,0,0,0,0,0.905991,4.06882e-09,0,0,0,0,0,0,0,0,0,0,0,0,0,0,0,0,4.06822e-09,0.905991,
-8.67362e-13,0.00568847,-0.0186941,-0.00067898,0.00150713,-5.74994e-05,2.82255e-05,0,0,0.399876,-0.0110199,0.204017,0.00324677,-0.0170647,-0.00280483,-0.00206601,0,0,0,0.0787439,-0.00416771,0.0314035,0.00215131,0.00116049,-4.43927e-05,0,0,-0.0110027,0.627895,-0.000184749,-0.0763183,0.00318995,-0.0202406,-0.000511372,0,0,8.67362e-13,-0.00490193,0.0530787,-0.00032078,-0.00109293,-0.000178384,-6.37367e-06,0,0,0.204406,-0.000105048,0.385137,-0.0055247,-0.0247345,-0.00028609,-0.00110386,0,0,-1.38778e-11,0.0497727,0.0017358,-0.0271609,-0.00329053,0.00316254,-0.000126298,0,0,0.00331191,-0.0772639,-0.00549376,0.609412,0.019984,0.0569467,-0.00201083,0,0,-6.93889e-12,0.0249833,-0.00199205,-0.0353511,0.0282686,-0.000535405,0.000416178,0,0,-0.169778,0.031455,-0.246838,0.20015,0.306326,-0.039503,0.036319,0,0,-2.08167e-11,0.0506868,-0.00710741,0.00952895,0.00942056,-0.0661209,0.00243911,0,0,-0.0279092,-0.202619,-0.0028003,0.569638,-0.0394437,0.396473,-0.00482772,0,0,-1.73472e-12,-0.00330851,0.00180072,0.00467533,-0.00115448,0.00337631,3.46543e-05,0,0,-0.0206476,-0.005065,-0.0110865,-0.0201783,0.036375,-0.00483826,0.0655416,0,0,0,-1.20024e-12,0,1.20024e-12,-1.20024e-12,1.20024e-12,1.20024e-12,0,0,0,0,0,0,0,0,0,0.905991,4.09822e-09,0,0,0,0,1.20024e-12,0,-1.20024e-12,0,0,0,0,0,0,0,0,0,4.09762e-09,0.905991,
4.33681e-12,0.00568515,-0.0186968,-0.000677319,0.00150387,-5.73636e-05,2.82251e-05,0,0,0.400021,-0.0110254,0.203879,0.00324249,-0.017032,-0.00279913,-0.00206837,0,0,1.38778e-11,0.0787483,-0.00416667,0.0313691,0.00214975,0.00116106,-4.44248e-05,0,0,-0.011008,0.627909,-0.000185216,-0.0763289,0.00319062,-0.0202307,-0.000511764,0,0,-1.04083e-11,-0.00490191,0.0531187,-0.000315765,-0.00109205,-0.00017758,-6.41172e-06,0,0,0.204269,-0.000105496,0.385256,-0.00553384,-0.0247241,-0.000282946,-0.00110462,0,0,-1.73472e-12,0.049737,0.00173795,-0.0271274,-0.00328775,0.00316209,-0.000126331,0,0,0.00330793,-0.0772754,-0.00550265,0.609402,0.0199872,0.0569499,-0.00201014,0,0,-3.46945e-12,0.0249713,-0.0019584,-0.0353378,0.0282376,-0.000545548,0.000416876,0,0,-0.16945,0.0314613,-0.246733,0.200182,0.30636,-0.0395064,0.0363071,0,0,-6.93889e-12,0.0507108,-0.00710262,0.00946176,0.00940588,-0.0660977,0.00243902,0,0,-0.0278517,-0.202521,-0.0027685,0.569671,-0.0394471,0.396479,-0.00482864,0,0,-1.73472e-12,-0.0033083,0.00179992,0.00467604,-0.00115141,0.00337703,3.51793e-05,0,0,-0.0206711,-0.00506883,-0.0110942,-0.0201715,0.0363633,-0.00483918,0.0655428,0,0,0,0,0,0,0,0,0,0,0,0,0,0,0,0,0,0,0.905991,4.22605e-09,0,0,0,0,0,0,0,0,0,0,0,0,0,0,0,0,4.22545e-09,0.905991,
-8.67362e-13,0.00568183,-0.0186994,-0.000675653,0.00150061,-5.72249e-05,2.82245e-05,0,0,0.400166,-0.0110308,0.203741,0.0032382,-0.0169993,-0.00279341,-0.00207072,0,0,0,0.0787526,-0.00416563,0.0313345,0.00214818,0.00116163,-4.44569e-05,0,0,-0.0110134,0.627923,-0.000185688,-0.0763395,0.0031913,-0.0202208,-0.000512156,0,0,6.07153e-12,-0.00490189,0.0531586,-0.000310725,-0.00109116,-0.000176771,-6.44993e-06,0,0,0.204131,-0.000105949,0.385375,-0.00554299,-0.0247137,-0.000279791,-0.00110538,0,0,-1.04083e-11,0.0497013,0.0017401,-0.0270938,-0.00328496,0.00316164,-0.000126365,0,0,0.00330393,-0.0772869,-0.00551156,0.609393,0.0199904,0.056953,-0.00200945,0,0,1.21431e-11,0.0249592,-0.00192466,-0.0353245,0.0282064,-0.000555755,0.000417576,0,0,-0.169122,0.0314676,-0.246628,0.200214,0.306394,-0.0395098,0.0362953,0,0,2.77556e-11,0.0507347,-0.0070978,0.00939452,0.00939112,-0.0660744,0.00243892,0,0,-0.027794,-0.202423,-0.00273661,0.569703,-0.0394504,0.396486,-0.00482955,0,0,-1.73472e-12,-0.00330809,0.00179912,0.00467676,-0.00114834,0.00337775,3.57066e-05,0,0,-0.0206946,-0.00507268,-0.0111019,-0.0201647,0.0363515,-0.00484011,0.0655439,0,0,0,0,0,0,0,0,0,0,0,0,0,0,0,0,0,0,0.905991,-4.4649e-09,0,0,0,0,0,0,0,1.15223e-10,0,0,0,0,0,0,0,0,-4.4652e-09,0.905991,
-3.46945e-12,0.00567851,-0.018702,-0.000673982,0.00149734,-5.70827e-05,2.82237e-05,0,0,0.400311,-0.0110362,0.203603,0.0032339,-0.0169665,-0.00278767,-0.00207307,0,0,-1.38778e-11,0.0787569,-0.00416458,0.0313,0.00214661,0.00116219,-4.44889e-05,0,0,-0.0110188,0.627937,-0.000186166,-0.0763501,0.00319197,-0.0202109,-0.000512549,0,0,9.1073e-12,-0.00490186,0.0531986,-0.000305659,-0.00109026,-0.000175955,-6.48832e-06,0,0,0.203994,-0.000106407,0.385494,-0.00555216,-0.0247033,-0.000276625,-0.00110615,0,0,3.1225e-11,0.0496655,0.00174225,-0.0270601,-0.00328216,0.00316119,-0.000126399,0,0,0.00329992,-0.0772984,-0.0055205,0.609384,0.0199935,0.0569562,-0.00200875,0,0,-5.20417e-12,0.0249472,-0.00189085,-0.035311,0.0281751,-0.000566024,0.000418278,0,0,-0.168795,0.031474,-0.246523,0.200245,0.306428,-0.0395132,0.0362834,0,0,-9.71445e-11,0.0507587,-0.00709294,0.00932723,0.00937627,-0.0660511,0.00243882,0,0,-0.027736,-0.202324,-0.00270461,0.569736,-0.0394537,0.396493,-0.00483047,0,0,-1.73472e-12,-0.00330788,0.00179831,0.00467747,-0.00114526,0.00337847,3.6236e-05,0,0,-0.0207181,-0.00507653,-0.0111096,-0.0201578,0.0363398,-0.00484104,0.0655451,0,0,0,0,0,0,0,0,0,0,0,0,0,0,0,0,0,0,0.905991,-4.56392e-09,0,2.40048e-12,0,-2.40048e-12,0,2.40048e-12,0,0,0,0,0,0,0,0,0,0,-4.56362e-09,0.905991,
1.73472e-12,0.00567518,-0.0187046,-0.000672304,0.00149406,-5.69367e-05,2.82228e-05,0,0,0.400457,-0.0110416,0.203464,0.00322958,-0.0169338,-0.0027819,-0.00207542,0,0,-1.38778e-11,0.0787613,-0.00416353,0.0312654,0.00214503,0.00116275,-4.4521e-05,0,0,-0.0110241,0.627951,-0.000186649,-0.0763607,0.00319265,-0.020201,-0.000512943,0,0,-3.46945e-12,-0.00490183,0.0532386,-0.000300563,-0.00108936,-0.000175134,-6.52689e-06,0,0,0.203856,-0.000106869,0.385613,-0.00556136,-0.0246928,-0.000273449,-0.00110692,0,0,-3.46945e-12,0.0496296,0.0017444,-0.0270264,-0.00327935,0.00316073,-0.000126433,0,0,0.00329589,-0.0773098,-0.00552944,0.609374,0.0199967,0.0569593,-0.00200806,0,0,1.21431e-11,0.024935,-0.00185695,-0.0352976,0.0281437,-0.000576359,0.00041898,0,0,-0.168467,0.0314804,-0.246418,0.200277,0.306463,-0.0395166,0.0362716,0,0,2.08167e-11,0.0507827,-0.00708805,0.00925988,0.00936134,-0.0660278,0.00243872,0,0,-0.0276779,-0.202226,-0.00267252,0.569768,-0.039457,0.3965,-0.00483139,0,0,-1.73472e-12,-0.00330766,0.0017975,0.00467818,-0.00114217,0.0033792,3.67677e-05,0,0,-0.0207416,-0.00508039,-0.0111173,-0.020151,0.036328,-0.00484197,0.0655462,0,0,0,-2.40048e-12,2.40048e-12,0,-2.40048e-12,0,0,0,0,0,0,0,0,0,0,0,0.905991,-4.51591e-09,0,1.20024e-12,-1.20024e-12,0,1.20024e-12,0,0,1.12823e-10,0,0,0,0,0,0,0,0,-4.51681e-09,0.905991,
8.67362e-13,0.00567184,-0.0187072,-0.000670621,0.00149079,-5.68009e-05,2.82221e-05,0,0,0.400602,-0.0110471,0.203326,0.00322525,-0.016901,-0.00277612,-0.00207778,0,0,0,0.0787655,-0.00416248,0.0312307,0.00214345,0.00116332,-4.45531e-05,0,0,-0.0110295,0.627965,-0.000187139,-0.0763712,0.00319334,-0.0201911,-0.000513337,0,0,-6.07153e-12,-0.0049018,0.0532786,-0.000295455,-0.00108846,-0.000174315,-6.56536e-06,0,0,0.203718,-0.000107337,0.385732,-0.00557056,-0.0246824,-0.000270262,-0.00110768,0,0,8.67362e-12,0.0495937,0.00174656,-0.0269927,-0.00327652,0.00316028,-0.000126467,0,0,0.00329186,-0.0773213,-0.00553841,0.609365,0.0199999,0.0569625,-0.00200736,0,0,-2.25514e-11,0.0249229,-0.00182297,-0.0352841,0.0281122,-0.000586756,0.000419684,0,0,-0.168138,0.0314869,-0.246313,0.200309,0.306498,-0.03952,0.0362597,0,0,-3.46945e-11,0.0508067,-0.00708313,0.00919247,0.00934635,-0.0660044,0.00243863,0,0,-0.0276196,-0.202128,-0.00264032,0.5698,-0.0394602,0.396506,-0.0048323,0,0,0,-0.00330744,0.00179669,0.00467889,-0.00113907,0.00337993,3.73019e-05,0,0,-0.0207651,-0.00508425,-0.0111251,-0.0201441,0.0363162,-0.0048429,0.0655474,0,0,0,-1.20024e-12,0,0,0,1.20024e-12,-1.20024e-12,1.15223e-10,0,0,0,0,0,0,0,0,0.905991,-4.34577e-09,0,-1.20024e-12,0,0,0,1.20024e-12,-1.20024e-12,1.14023e-10,0,0,0,0,0,0,0,0,-4.34607e-09,0.905991,
4.33681e-12,0.0056685,-0.0187097,-0.000668943,0.00148751,-5.66733e-05,2.82214e-05,0,0,0.400748,-0.0110525,0.203187,0.00322091,-0.0168682,-0.00277032,-0.00208013,0,0,2.77556e-11,0.0787698,-0.00416143,0.0311961,0.00214186,0.00116389,-4.45853e-05,0,0,-0.0110349,0.627979,-0.000187634,-0.0763818,0.00319402,-0.0201812,-0.000513732,0,0,-1.17094e-11,-0.00490177,0.0533185,-0.000290344,-0.00108755,-0.000173499,-6.60377e-06,0,0,0.203579,-0.00010781,0.385851,-0.00557979,-0.0246719,-0.000267066,-0.00110845,0,0,-1.73472e-11,0.0495578,0.00174872,-0.0269589,-0.00327369,0.00315982,-0.000126501,0,0,0.0032878,-0.0773328,-0.0055474,0.609356,0.020003,0.0569656,-0.00200666,0,0,-1.38778e-11,0.0249107,-0.00178891,-0.0352706,0.0280806,-0.000597202,0.000420389,0,0,-0.16781,0.0314933,-0.246208,0.200341,0.306532,-0.0395233,0.0362478,0,0,3.46945e-11,0.0508307,-0.00707818,0.00912501,0.00933129,-0.0659809,0.00243853,0,0,-0.027561,-0.202029,-0.00260803,0.569832,-0.0394635,0.396513,-0.00483322,0,0,0,-0.00330722,0.00179588,0.0046796,-0.00113597,0.00338067,3.78381e-05,0,0,-0.0207886,-0.00508812,-0.0111328,-0.0201372,0.0363044,-0.00484383,0.0655485,0,0,0,0,0,0,0,0,0,0,0,0,0,0,0,0,0,0,0.905991,4.09342e-09,0,0,0,0,0,0,0,0,0,0,0,0,0,0,0,0,4.09402e-09,0.905991,
0,0.00566515,-0.0187121,-0.000667273,0.00148424,-5.65494e-05,2.82206e-05,0,0,0.400894,-0.011058,0.203047,0.00321655,-0.0168354,-0.00276449,-0.00208249,0,0,1.38778e-11,0.078774,-0.00416036,0.0311614,0.00214028,0.00116445,-4.46175e-05,0,0,-0.0110403,0.627993,-0.000188135,-0.0763923,0.00319471,-0.0201713,-0.000514127,0,0,4.33681e-13,-0.00490175,0.0533585,-0.000285233,-0.00108664,-0.000172683,-6.6422e-06,0,0,0.203441,-0.000108287,0.38597,-0.00558903,-0.0246614,-0.000263859,-0.00110923,0,0,-8.67362e-12,0.0495218,0.00175088,-0.0269251,-0.00327084,0.00315936,-0.000126535,0,0,0.00328374,-0.0773442,-0.0055564,0.609346,0.0200062,0.0569687,-0.00200596,0,0,5.20417e-12,0.0248985,-0.00175477,-0.0352571,0.0280488,-0.00060769,0.000421094,0,0,-0.167481,0.0314998,-0.246102,0.200372,0.306567,-0.0395266,0.0362359,0,0,2.77556e-11,0.0508547,-0.00707321,0.00905751,0.00931619,-0.0659574,0.00243843,0,0,-0.0275023,-0.201931,-0.00257564,0.569865,-0.0394667,0.39652,-0.00483414,0,0,0,-0.003307,0.00179506,0.00468031,-0.00113287,0.00338141,3.83761e-05,0,0,-0.0208121,-0.005092,-0.0111406,-0.0201303,0.0362926,-0.00484476,0.0655497,0,0,0,0,0,0,0,1.20024e-12,1.20024e-12,0,0,0,0,0,0,0,0,0,0.905991,3.9809e-09,0,0,0,0,0,-1.20024e-12,-1.20024e-12,0,0,0,0,0,0,0,0,0,3.9806e-09,0.905991,
6.07153e-12,0.00566179,-0.0187145,-0.000665577,0.00148096,-5.64221e-05,2.82196e-05,0,0,0.40104,-0.0110634,0.202908,0.00321218,-0.0168025,-0.00275865,-0.00208484,0,0,1.38778e-11,0.0787782,-0.0041593,0.0311266,0.00213868,0.00116502,-4.46498e-05,0,0,-0.0110457,0.628007,-0.000188641,-0.0764029,0.00319541,-0.0201614,-0.000514523,0,0,-1.43115e-11,-0.00490171,0.0533985,-0.000280064,-0.00108572,-0.000171859,-6.6808e-06,0,0,0.203302,-0.00010877,0.386089,-0.00559829,-0.024651,-0.000260642,-0.00111,0,0,6.93889e-12,0.0494857,0.00175304,-0.0268912,-0.00326798,0.0031589,-0.000126569,0,0,0.00327966,-0.0773557,-0.00556543,0.609337,0.0200093,0.0569718,-0.00200525,0,0,3.46945e-12,0.0248862,-0.00172055,-0.0352435,0.0280169,-0.000618276,0.000421801,0,0,-0.167152,0.0315063,-0.245997,0.200404,0.306602,-0.0395299,0.0362239,0,0,6.93889e-11,0.0508787,-0.0070682,0.00898995,0.00930098,-0.0659339,0.00243834,0,0,-0.0274435,-0.201832,-0.00254315,0.569897,-0.0394699,0.396527,-0.00483506,0,0,0,-0.00330677,0.00179425,0.00468101,-0.00112975,0.00338215,3.89173e-05,0,0,-0.0208356,-0.00509588,-0.0111484,-0.0201234,0.0362807,-0.00484569,0.0655508,0,0,0,0,0,0,0,0,0,0,0,0,0,0,0,0,0,0,0.905991,3.9698e-09,0,0,0,0,0,0,0,0,0,0,0,0,0,0,0,0,3.9707e-09,0.905991,
-3.46945e-12,0.00565833,-0.018717,-0.000663964,0.00147768,-5.65308e-05,2.82256e-05,0,0,0.401186,-0.0110688,0.202768,0.0032078,-0.0167697,-0.0027528,-0.0020872,0,0,1.38778e-11,0.0787824,-0.00415822,0.0310918,0.0021371,0.0011656,-4.46834e-05,0,0,-0.0110511,0.628021,-0.000189154,-0.0764134,0.0031961,-0.0201515,-0.00051492,0,0,8.23994e-12,-0.00490168,0.0534385,-0.000275177,-0.00108486,-0.000171195,-6.71576e-06,0,0,0.203163,-0.000109258,0.386208,-0.00560757,-0.0246405,-0.000257418,-0.00111077,0,0,6.93889e-12,0.0494496,0.0017552,-0.0268574,-0.0032652,0.00315842,-0.000126606,0,0,0.00327556,-0.0773671,-0.00557447,0.609327,0.0200124,0.0569749,-0.00200455,0,0,-8.67362e-12,0.0248739,-0.00168626,-0.03523,0.027985,-0.000628824,0.000422521,0,0,-0.166823,0.0315129,-0.245891,0.200435,0.306637,-0.0395332,0.036212,0,0,-4.85723e-11,0.0509027,-0.00706318,0.00892235,0.00928602,-0.0659103,0.0024383,0,0,-0.0273844,-0.201733,-0.00251056,0.569929,-0.039473,0.396534,-0.00483597,0,0,1.73472e-12,-0.00330655,0.00179343,0.0046817,-0.00112664,0.003383,3.94602e-05,0,0,-0.0208591,-0.00509977,-0.0111562,-0.0201165,0.0362688,-0.00484662,0.065552,0,0,0,0,-2.40048e-12,1.20024e-12,-1.20024e-12,-1.20024e-12,1.20024e-12,0,0,0,0,0,0,0,0,0,0.905991,4.05051e-09,0,0,0,0,0,0,0,0,0,0,0,0,0,0,0,0,4.04991e-09,0.905991,
1.73472e-12,0.00565487,-0.0187193,-0.000662491,0.00147442,-5.6603e-05,2.82298e-05,0,0,0.401332,-0.0110743,0.202628,0.00320341,-0.0167368,-0.00274692,-0.00208955,0,0,2.77556e-11,0.0787865,-0.00415711,0.031057,0.00213551,0.00116618,-4.4717e-05,0,0,-0.0110564,0.628035,-0.000189672,-0.076424,0.0031968,-0.0201415,-0.000515317,0,0,-2.60209e-12,-0.00490168,0.0534786,-0.000270484,-0.00108397,-0.000170511,-6.7514e-06,0,0,0.203023,-0.00010975,0.386327,-0.00561687,-0.02463,-0.000254185,-0.00111155,0,0,3.46945e-12,0.0494134,0.00175735,-0.0268235,-0.00326242,0.00315794,-0.000126642,0,0,0.00327146,-0.0773786,-0.00558353,0.609318,0.0200156,0.056978,-0.00200384,0,0,1.73472e-11,0.0248616,-0.00165188,-0.0352166,0.0279531,-0.000639189,0.000423232,0,0,-0.166494,0.0315195,-0.245785,0.200466,0.306672,-0.0395364,0.0362,0,0,5.55112e-11,0.0509268,-0.00705816,0.00885475,0.00927122,-0.0658866,0.00243825,0,0,-0.0273251,-0.201635,-0.00247786,0.569961,-0.0394762,0.396541,-0.00483689,0,0,0,-0.00330632,0.0017926,0.00468238,-0.00112353,0.00338382,3.99975e-05,0,0,-0.0208826,-0.00510366,-0.0111641,-0.0201096,0.036257,-0.00484755,0.0655532,0,0,0,1.20024e-12,-1.20024e-12,0,1.20024e-12,0,0,0,0,0,0,0,0,0,0,0,0.905991,4.22575e-09,0,-1.20024e-12,1.20024e-12,0,-1.20024e-12,0,0,0,0,0,0,0,0,0,0,0,4.22545e-09,0.905991,
2.60209e-12,0.00565143,-0.0187217,-0.000661077,0.00147115,-5.66013e-05,2.82318e-05,0,0,0.401478,-0.0110797,0.202488,0.00319899,-0.0167039,-0.00274103,-0.00209191,0,0,-2.77556e-11,0.0787906,-0.00415599,0.0310222,0.00213393,0.00116676,-4.47501e-05,0,0,-0.0110618,0.628049,-0.000190194,-0.0764345,0.0031975,-0.0201316,-0.000515715,0,0,-1.25767e-11,-0.00490171,0.0535186,-0.000265821,-0.00108306,-0.000169776,-6.78817e-06,0,0,0.202884,-0.000110249,0.386447,-0.00562619,-0.0246195,-0.000250941,-0.00111233,0,0,-1.73472e-12,0.0493772,0.0017595,-0.0267896,-0.00325962,0.00315746,-0.000126677,0,0,0.00326733,-0.07739,-0.00559261,0.609309,0.0200187,0.0569811,-0.00200314,0,0,-1.56125e-11,0.0248493,-0.00161742,-0.0352033,0.0279211,-0.000649499,0.000423935,0,0,-0.166164,0.0315261,-0.24568,0.200498,0.306707,-0.0395396,0.036188,0,0,0,0.0509508,-0.00705312,0.00878711,0.00925639,-0.065863,0.00243818,0,0,-0.0272656,-0.201536,-0.00244504,0.569993,-0.0394793,0.396548,-0.00483781,0,0,1.73472e-12,-0.0033061,0.00179177,0.00468305,-0.00112042,0.00338459,4.05328e-05,0,0,-0.0209062,-0.00510755,-0.0111719,-0.0201026,0.0362451,-0.00484848,0.0655543,0,0,0,0,1.20024e-12,-1.20024e-12,0,0,0,-1.15223e-10,0,0,0,0,0,0,0,0,0.905991,-4.51561e-09,0,0,0,0,0,0,0,0,0,0,0,0,0,0,0,0,-4.51591e-09,0.905991,
1.73472e-12,0.00564801,-0.018724,-0.000659649,0.00146787,-5.65434e-05,2.82321e-05,0,0,0.401625,-0.0110852,0.202347,0.00319456,-0.016671,-0.00273511,-0.00209427,0,0,0,0.0787947,-0.00415487,0.0309874,0.00213234,0.00116734,-4.47829e-05,0,0,-0.0110672,0.628063,-0.00019072,-0.076445,0.00319821,-0.0201217,-0.000516114,0,0,-3.90313e-12,-0.00490174,0.0535586,-0.000261082,-0.00108214,-0.000168999,-6.82586e-06,0,0,0.202744,-0.000110753,0.386566,-0.00563553,-0.0246089,-0.000247686,-0.00111311,0,0,-1.73472e-12,0.0493409,0.00176166,-0.0267556,-0.00325678,0.00315698,-0.000126711,0,0,0.00326319,-0.0774014,-0.0056017,0.6093,0.0200218,0.0569842,-0.00200243,0,0,3.46945e-12,0.024837,-0.00158289,-0.0351898,0.0278889,-0.000659881,0.000424638,0,0,-0.165834,0.0315327,-0.245574,0.200529,0.306743,-0.0395428,0.036176,0,0,-1.38778e-11,0.0509749,-0.00704804,0.00871944,0.00924142,-0.0658393,0.0024381,0,0,-0.0272058,-0.201437,-0.0024121,0.570024,-0.0394823,0.396555,-0.00483873,0,0,-1.73472e-12,-0.00330587,0.00179094,0.00468373,-0.00111729,0.00338535,4.107e-05,0,0,-0.0209297,-0.00511146,-0.0111798,-0.0200956,0.0362332,-0.00484941,0.0655555,0,0,0,0,2.40048e-12,2.40048e-12,0,0,0,0,0,0,0,0,0,0,0,0,0.905991,-4.66504e-09,0,0,1.20024e-12,1.20024e-12,0,0,0,0,0,0,0,0,0,0,0,0,-4.66444e-09,0.905991,
-1.73472e-12,0.00564458,-0.0187263,-0.000658205,0.00146458,-5.65131e-05,2.82333e-05,0,0,0.401771,-0.0110906,0.202206,0.00319011,-0.016638,-0.00272917,-0.00209663,0,0,-1.38778e-11,0.0787988,-0.00415375,0.0309526,0.00213075,0.00116792,-4.4816e-05,0,0,-0.0110726,0.628077,-0.000191251,-0.0764555,0.00319891,-0.0201117,-0.000516513,0,0,3.46945e-12,-0.00490176,0.0535986,-0.00025632,-0.00108123,-0.000168236,-6.86318e-06,0,0,0.202604,-0.000111262,0.386685,-0.00564489,-0.0245984,-0.000244419,-0.00111389,0,0,-5.20417e-12,0.0493046,0.00176382,-0.0267216,-0.00325394,0.0031565,-0.000126746,0,0,0.00325904,-0.0774128,-0.00561082,0.60929,0.0200249,0.0569873,-0.00200172,0,0,6.93889e-12,0.0248246,-0.00154827,-0.0351764,0.0278566,-0.000670357,0.000425344,0,0,-0.165504,0.0315394,-0.245468,0.20056,0.306778,-0.039546,0.036164,0,0,2.08167e-11,0.0509989,-0.00704292,0.00865171,0.00922638,-0.0658155,0.00243803,0,0,-0.0271458,-0.201339,-0.00237904,0.570056,-0.0394854,0.396562,-0.00483965,0,0,0,-0.00330564,0.0017901,0.0046844,-0.00111415,0.00338612,4.1611e-05,0,0,-0.0209533,-0.00511536,-0.0111876,-0.0200886,0.0362212,-0.00485034,0.0655566,0,0,0,0,0,0,0,0,0,0,0,0,0,0,0,0,0,0,0.905991,-4.65574e-09,0,0,0,0,0,0,0,0,0,0,0,0,0,0,0,0,-4.65604e-09,0.905991,
4.33681e-12,0.00564115,-0.0187285,-0.000656757,0.0014613,-5.64573e-05,2.82335e-05,0,0,0.401918,-0.0110961,0.202065,0.00318565,-0.016605,-0.00272321,-0.00209898,0,0,0,0.0788028,-0.00415263,0.0309177,0.00212916,0.00116849,-4.48489e-05,0,0,-0.011078,0.628091,-0.000191786,-0.076466,0.00319962,-0.0201018,-0.000516913,0,0,-1.17094e-11,-0.00490178,0.0536387,-0.000251517,-0.0010803,-0.000167452,-6.901e-06,0,0,0.202463,-0.000111777,0.386805,-0.00565427,-0.0245879,-0.000241141,-0.00111467,0,0,1.73472e-11,0.0492682,0.00176598,-0.0266876,-0.00325108,0.00315602,-0.00012678,0,0,0.00325486,-0.0774243,-0.00561996,0.609281,0.020028,0.0569904,-0.002001,0,0,-3.46945e-12,0.0248121,-0.00151357,-0.0351629,0.0278242,-0.000680901,0.00042605,0,0,-0.165174,0.0315461,-0.245362,0.200592,0.306814,-0.0395491,0.036152,0,0,-6.93889e-11,0.051023,-0.00703778,0.00858395,0.00921123,-0.0657917,0.00243795,0,0,-0.0270857,-0.20124,-0.00234586,0.570088,-0.0394884,0.396569,-0.00484057,0,0,0,-0.0033054,0.00178926,0.00468507,-0.00111101,0.00338689,4.21543e-05,0,0,-0.0209768,-0.00511928,-0.0111955,-0.0200816,0.0362093,-0.00485127,0.0655578,0,0,0,0,-1.20024e-12,0,1.20024e-12,-1.20024e-12,1.20024e-12,1.15223e-10,0,0,0,0,0,0,0,0,0.905991,-4.5051e-09,0,0,1.20024e-12,0,-1.20024e-12,1.20024e-12,-1.20024e-12,0,0,0,0,0,0,0,0,0,-4.5045e-09,0.905991,
-4.33681e-12,0.00563773,-0.0187307,-0.00065529,0.00145801,-5.63757e-05,2.82329e-05,0,0,0.402065,-0.0111015,0.201924,0.00318116,-0.0165721,-0.00271723,-0.00210134,0,0,-1.38778e-11,0.0788068,-0.00415151,0.0308828,0.00212756,0.00116907,-4.48817e-05,0,0,-0.0110834,0.628104,-0.000192325,-0.0764765,0.00320034,-0.0200918,-0.000517314,0,0,9.97466e-12,-0.0049018,0.0536787,-0.000246649,-0.00107936,-0.000166646,-6.93932e-06,0,0,0.202323,-0.000112297,0.386924,-0.00566368,-0.0245773,-0.000237851,-0.00111546,0,0,-6.93889e-12,0.0492318,0.00176814,-0.0266535,-0.00324819,0.00315555,-0.000126814,0,0,0.00325068,-0.0774357,-0.00562911,0.609272,0.0200311,0.0569934,-0.00200029,0,0,-3.46945e-12,0.0247997,-0.00147879,-0.0351493,0.0277917,-0.000691538,0.000426755,0,0,-0.164844,0.0315528,-0.245255,0.200623,0.306849,-0.0395523,0.0361399,0,0,6.93889e-12,0.0510471,-0.00703259,0.00851614,0.00919595,-0.0657679,0.00243786,0,0,-0.0270252,-0.201141,-0.00231256,0.570119,-0.0394914,0.396576,-0.00484148,0,0,1.73472e-12,-0.00330516,0.00178842,0.00468575,-0.00110786,0.00338765,4.27006e-05,0,0,-0.0210004,-0.0051232,-0.0112035,-0.0200746,0.0361973,-0.0048522,0.0655589,0,0,0,0,0,0,0,0,0,0,0,0,0,0,0,0,0,0,0.905991,4.25515e-09,0,0,0,0,0,0,0,0,0,0,0,0,0,0,0,0,4.25485e-09,0.905991,
3.46945e-12,0.00563431,-0.0187329,-0.000653797,0.00145471,-5.62774e-05,2.82316e-05,0,0,0.402212,-0.011107,0.201782,0.00317666,-0.016539,-0.00271122,-0.0021037,0,0,1.38778e-11,0.0788108,-0.00415039,0.0308479,0.00212595,0.00116964,-4.49145e-05,0,0,-0.0110888,0.628118,-0.000192868,-0.076487,0.00320105,-0.0200819,-0.000517715,0,0,-1.0842e-11,-0.00490182,0.0537188,-0.00024171,-0.00107841,-0.000165823,-6.978e-06,0,0,0.202182,-0.000112822,0.387044,-0.0056731,-0.0245668,-0.000234548,-0.00111624,0,0,1.73472e-11,0.0491953,0.00177032,-0.0266194,-0.00324528,0.00315507,-0.000126848,0,0,0.00324647,-0.0774471,-0.00563829,0.609262,0.0200342,0.0569965,-0.00199957,0,0,-1.56125e-11,0.0247872,-0.00144393,-0.0351357,0.027759,-0.000702281,0.000427462,0,0,-0.164513,0.0315596,-0.245149,0.200654,0.306885,-0.0395554,0.0361278,0,0,-1.38778e-11,0.0510712,-0.00702736,0.00844829,0.00918054,-0.0657441,0.00243777,0,0,-0.0269646,-0.201042,-0.00227914,0.570151,-0.0394944,0.396583,-0.0048424,0,0,-1.73472e-12,-0.00330492,0.00178757,0.00468642,-0.00110469,0.00338841,4.32504e-05,0,0,-0.0210239,-0.00512713,-0.0112114,-0.0200676,0.0361854,-0.00485313,0.0655601,0,0,0,0,0,0,0,0,0,0,0,0,0,0,0,0,0,0,0.905991,4.15373e-09,0,0,-2.40048e-12,0,-2.40048e-12,0,-2.40048e-12,0,0,0,0,0,0,0,0,0,4.15403e-09,0.905991,
-3.46945e-12,0.0056309,-0.018735,-0.000652278,0.0014514,-5.61697e-05,2.82301e-05,0,0,0.402359,-0.0111124,0.20164,0.00317214,-0.016506,-0.0027052,-0.00210606,0,0,-2.77556e-11,0.0788148,-0.00414927,0.030813,0.00212435,0.00117022,-4.49472e-05,0,0,-0.0110942,0.628132,-0.000193417,-0.0764975,0.00320177,-0.0200719,-0.000518117,0,0,9.54098e-12,-0.00490182,0.0537588,-0.000236705,-0.00107746,-0.000164988,-7.01696e-06,0,0,0.20204,-0.000113353,0.387163,-0.00568255,-0.0245562,-0.000231233,-0.00111703,0,0,-8.67362e-12,0.0491587,0.00177249,-0.0265853,-0.00324235,0.0031546,-0.000126882,0,0,0.00324225,-0.0774585,-0.00564749,0.609253,0.0200373,0.0569996,-0.00199886,0,0,1.73472e-11,0.0247747,-0.001409,-0.035122,0.0277262,-0.000713131,0.00042817,0,0,-0.164182,0.0315664,-0.245043,0.200685,0.306921,-0.0395584,0.0361158,0,0,4.16334e-11,0.0510953,-0.0070221,0.00838039,0.009165,-0.0657202,0.00243768,0,0,-0.0269037,-0.200943,-0.00224559,0.570183,-0.0394974,0.39659,-0.00484332,0,0,0,-0.00330467,0.00178672,0.00468709,-0.00110152,0.00338917,4.38037e-05,0,0,-0.0210475,-0.00513107,-0.0112193,-0.0200605,0.0361734,-0.00485406,0.0655613,0,0,0,0,0,0,0,0,0,0,0,0,0,0,0,0,0,0,0.905991,4.16574e-09,0,0,0,0,0,0,0,0,0,0,0,0,0,0,0,0,4.16634e-09,0.905991,
6.07153e-12,0.00562748,-0.0187371,-0.000650738,0.00144809,-5.60567e-05,2.82282e-05,0,0,0.402506,-0.0111179,0.201498,0.00316761,-0.016473,-0.00269915,-0.00210843,0,0,0,0.0788187,-0.00414816,0.0307781,0.00212274,0.00117079,-4.49799e-05,0,0,-0.0110996,0.628145,-0.00019397,-0.076508,0.0032025,-0.020062,-0.00051852,0,0,-1.51788e-11,-0.00490183,0.0537989,-0.000231646,-0.0010765,-0.000164145,-7.05612e-06,0,0,0.201899,-0.000113889,0.387283,-0.00569202,-0.0245456,-0.000227906,-0.00111782,0,0,1.04083e-11,0.0491221,0.00177467,-0.0265511,-0.0032394,0.00315413,-0.000126916,0,0,0.00323802,-0.0774699,-0.0056567,0.609244,0.0200403,0.0570026,-0.00199814,0,0,3.46945e-12,0.0247622,-0.00137398,-0.0351082,0.0276933,-0.000724081,0.000428881,0,0,-0.163851,0.0315732,-0.244936,0.200716,0.306957,-0.0395615,0.0361037,0,0,-3.46945e-11,0.0511195,-0.0070168,0.00831244,0.00914934,-0.0656963,0.00243758,0,0,-0.0268426,-0.200844,-0.00221193,0.570214,-0.0395003,0.396597,-0.00484424,0,0,-1.73472e-12,-0.00330443,0.00178587,0.00468777,-0.00109834,0.00338993,4.43603e-05,0,0,-0.0210711,-0.00513501,-0.0112273,-0.0200534,0.0361614,-0.00485499,0.0655624,0,0,0,-1.20024e-12,0,1.20024e-12,1.20024e-12,-1.20024e-12,1.20024e-12,0,0,0,0,0,0,0,0,0,0.905991,4.28306e-09,0,0,0,0,0,0,0,0,0,0,0,0,0,0,0,0,4.28306e-09,0.905991,
-8.67362e-13,0.00562406,-0.0187392,-0.000649183,0.00144477,-5.59406e-05,2.82262e-05,0,0,0.402653,-0.0111234,0.201356,0.00316306,-0.0164399,-0.00269307,-0.00211079,0,0,1.38778e-11,0.0788226,-0.00414704,0.0307431,0.00212112,0.00117136,-4.50126e-05,0,0,-0.011105,0.628159,-0.000194529,-0.0765184,0.00320322,-0.020052,-0.000518923,0,0,5.20417e-12,-0.00490183,0.0538389,-0.000226542,-0.00107554,-0.000163295,-7.09548e-06,0,0,0.201757,-0.00011443,0.387402,-0.00570151,-0.024535,-0.000224567,-0.00111861,0,0,-2.25514e-11,0.0490855,0.00177686,-0.0265169,-0.00323644,0.00315366,-0.00012695,0,0,0.00323377,-0.0774813,-0.00566594,0.609235,0.0200434,0.0570057,-0.00199742,0,0,2.94903e-11,0.0247496,-0.00133888,-0.0350944,0.0276602,-0.000735121,0.000429593,0,0,-0.16352,0.0315801,-0.24483,0.200747,0.306993,-0.0395645,0.0360916,0,0,9.02056e-11,0.0511436,-0.00701146,0.00824444,0.00913357,-0.0656724,0.00243748,0,0,-0.0267813,-0.200745,-0.00217815,0.570245,-0.0395032,0.396604,-0.00484516,0,0,0,-0.00330417,0.00178502,0.00468844,-0.00109515,0.0033907,4.492e-05,0,0,-0.0210947,-0.00513896,-0.0112353,-0.0200463,0.0361493,-0.00485592,0.0655636,0,0,0,0,0,0,0,0,0,0,0,0,0,0,0,0,0,0,0.905991,-4.51441e-09,0,0,0,0,0,0,0,1.20024e-12,0,0,0,0,0,0,0,0,-4.51411e-09,0.905991,
4.33681e-12,0.00562063,-0.0187412,-0.000647616,0.00144145,-5.5822e-05,2.8224e-05,0,0,0.402801,-0.0111288,0.201213,0.00315849,-0.0164068,-0.00268698,-0.00211315,0,0,0,0.0788265,-0.00414592,0.0307081,0.0021195,0.00117193,-4.50452e-05,0,0,-0.0111104,0.628173,-0.000195092,-0.0765289,0.00320395,-0.020042,-0.000519327,0,0,-1.04083e-11,-0.00490182,0.053879,-0.000221401,-0.00107458,-0.000162439,-7.135e-06,0,0,0.201615,-0.000114976,0.387522,-0.00571102,-0.0245244,-0.000221216,-0.00111941,0,0,8.67362e-12,0.0490488,0.00177904,-0.0264826,-0.00323346,0.00315318,-0.000126983,0,0,0.0032295,-0.0774926,-0.00567519,0.609225,0.0200465,0.0570087,-0.00199669,0,0,6.93889e-12,0.024737,-0.00130369,-0.0350806,0.027627,-0.000746244,0.000430307,0,0,-0.163189,0.031587,-0.244723,0.200777,0.307029,-0.0395675,0.0360794,0,0,-6.93889e-12,0.0511678,-0.00700609,0.00817639,0.00911771,-0.0656484,0.00243738,0,0,-0.0267198,-0.200646,-0.00214425,0.570277,-0.0395061,0.396612,-0.00484607,0,0,-3.46945e-12,-0.00330392,0.00178416,0.00468912,-0.00109195,0.00339148,4.54825e-05,0,0,-0.0211183,-0.00514292,-0.0112433,-0.0200392,0.0361373,-0.00485685,0.0655648,0,0,0,0,0,0,0,-1.20024e-12,0,0,0,0,0,0,0,0,0,0,0.905991,-4.60082e-09,0,0,0,0,0,0,0,0,0,0,0,0,0,0,0,0,-4.60112e-09,0.905991,
1.73472e-12,0.00561721,-0.0187431,-0.00064604,0.00143812,-5.57009e-05,2.82217e-05,0,0,0.402948,-0.0111343,0.20107,0.00315391,-0.0163737,-0.00268086,-0.00211551,0,0,1.38778e-11,0.0788303,-0.0041448,0.030673,0.00211788,0.0011725,-4.50779e-05,0,0,-0.0111158,0.628186,-0.000195661,-0.0765393,0.00320468,-0.020032,-0.000519732,0,0,-2.1684e-12,-0.00490181,0.0539191,-0.000216229,-0.00107361,-0.000161577,-7.17469e-06,0,0,0.201473,-0.000115528,0.387642,-0.00572055,-0.0245138,-0.000217853,-0.0011202,0,0,5.20417e-12,0.049012,0.00178123,-0.0264483,-0.00323047,0.00315271,-0.000127017,0,0,0.00322522,-0.077504,-0.00568447,0.609216,0.0200495,0.0570117,-0.00199597,0,0,1.56125e-11,0.0247243,-0.00126843,-0.0350667,0.0275937,-0.000757442,0.000431023,0,0,-0.162857,0.0315939,-0.244616,0.200808,0.307066,-0.0395705,0.0360673,0,0,1.38778e-11,0.0511919,-0.00700069,0.00810829,0.00910175,-0.0656244,0.00243728,0,0,-0.026658,-0.200547,-0.00211023,0.570308,-0.039509,0.396619,-0.00484699,0,0,-1.73472e-12,-0.00330366,0.0017833,0.00468979,-0.00108875,0.00339225,4.60476e-05,0,0,-0.0211419,-0.00514688,-0.0112513,-0.0200321,0.0361253,-0.00485778,0.0655659,0,0,0,0,1.20024e-12,0,0,0,1.20024e-12,1.71634e-10,0,0,0,0,0,0,0,0,0.905991,-4.53871e-09,0,0,1.20024e-12,0,0,0,1.20024e-12,0,0,0,0,0,0,0,0,0,-4.53871e-09,0.905991,
8.67362e-13,0.00561378,-0.018745,-0.000644458,0.00143479,-5.55767e-05,2.82192e-05,0,0,0.403096,-0.0111397,0.200927,0.00314931,-0.0163406,-0.00267472,-0.00211788,0,0,-1.38778e-11,0.0788341,-0.00414368,0.0306379,0.00211625,0.00117306,-4.51105e-05,0,0,-0.0111212,0.6282,-0.000196236,-0.0765498,0.00320542,-0.0200221,-0.000520138,0,0,-3.46945e-12,-0.0049018,0.0539591,-0.000211029,-0.00107263,-0.000160709,-7.21457e-06,0,0,0.20133,-0.000116085,0.387762,-0.0057301,-0.0245032,-0.000214479,-0.001121,0,0,-3.46945e-12,0.0489752,0.00178343,-0.026414,-0.00322746,0.00315223,-0.000127051,0,0,0.00322093,-0.0775154,-0.00569376,0.609207,0.0200526,0.0570147,-0.00199524,0,0,5.20417e-12,0.0247116,-0.00123308,-0.0350528,0.0275602,-0.000768712,0.000431741,0,0,-0.162525,0.0316008,-0.244509,0.200839,0.307102,-0.0395735,0.0360551,0,0,2.08167e-11,0.0512161,-0.00699524,0.00804015,0.00908571,-0.0656003,0.00243718,0,0,-0.026596,-0.200448,-0.0020761,0.570339,-0.0395118,0.396626,-0.00484791,0,0,-1.73472e-12,-0.00330341,0.00178244,0.00469046,-0.00108553,0.00339303,4.66152e-05,0,0,-0.0211655,-0.00515085,-0.0112593,-0.020025,0.0361132,-0.00485871,0.0655671,0,0,0,0,0,0,0,0,0,0,0,0,0,0,0,0,0,0,0.905991,-4.35537e-09,0,0,0,0,0,0,0,0,0,0,0,0,0,0,0,0,-4.35537e-09,0.905991,
6.07153e-12,0.00561034,-0.0187469,-0.000642871,0.00143145,-5.54486e-05,2.82165e-05,0,0,0.403244,-0.0111452,0.200783,0.00314469,-0.0163074,-0.00266856,-0.00212024,0,0,-1.38778e-11,0.0788379,-0.00414255,0.0306028,0.00211462,0.00117363,-4.51431e-05,0,0,-0.0111266,0.628213,-0.000196816,-0.0765602,0.00320616,-0.0200121,-0.000520544,0,0,-1.73472e-11,-0.00490179,0.0539992,-0.0002058,-0.00107166,-0.000159834,-7.25463e-06,0,0,0.201187,-0.000116647,0.387881,-0.00573967,-0.0244926,-0.000211092,-0.0011218,0,0,-1.38778e-11,0.0489383,0.00178562,-0.0263796,-0.00322444,0.00315176,-0.000127085,0,0,0.00321662,-0.0775267,-0.00570308,0.609198,0.0200556,0.0570178,-0.00199451,0,0,0,0.0246989,-0.00119765,-0.0350388,0.0275266,-0.000780052,0.00043246,0,0,-0.162193,0.0316078,-0.244402,0.200869,0.307139,-0.0395764,0.036043,0,0,2.77556e-11,0.0512403,-0.00698977,0.00797194,0.00906958,-0.0655762,0.00243708,0,0,-0.0265339,-0.200349,-0.00204186,0.57037,-0.0395146,0.396633,-0.00484883,0,0,1.73472e-12,-0.00330314,0.00178158,0.00469113,-0.00108232,0.00339381,4.71852e-05,0,0,-0.0211891,-0.00515483,-0.0112674,-0.0200178,0.0361011,-0.00485964,0.0655682,0,0,0,1.20024e-12,0,1.20024e-12,-1.20024e-12,0,0,0,0,0,0,0,0,0,0,0,0.905991,4.09252e-09,0,-1.20024e-12,0,-1.20024e-12,1.20024e-12,0,0,0,0,0,0,0,0,0,0,0,4.09252e-09,0.905991,
-1.73472e-12,0.00560691,-0.0187487,-0.000641277,0.00142811,-5.53159e-05,2.82135e-05,0,0,0.403391,-0.0111507,0.20064,0.00314006,-0.0162742,-0.00266237,-0.0021226,0,0,-1.38778e-11,0.0788417,-0.00414142,0.0305676,0.00211298,0.00117419,-4.51756e-05,0,0,-0.011132,0.628227,-0.000197401,-0.0765706,0.0032069,-0.0200021,-0.000520951,0,0,6.50521e-12,-0.00490178,0.0540393,-0.000200544,-0.00107067,-0.000158952,-7.2949e-06,0,0,0.201044,-0.000117214,0.388001,-0.00574925,-0.024482,-0.000207694,-0.0011226,0,0,1.56125e-11,0.0489013,0.00178782,-0.0263452,-0.0032214,0.00315128,-0.000127119,0,0,0.00321229,-0.0775381,-0.00571241,0.609189,0.0200587,0.0570208,-0.00199378,0,0,2.25514e-11,0.0246862,-0.00116214,-0.0350248,0.0274929,-0.00079146,0.00043318,0,0,-0.161861,0.0316148,-0.244295,0.2009,0.307175,-0.0395793,0.0360308,0,0,2.77556e-11,0.0512645,-0.00698425,0.00790368,0.00905336,-0.065552,0.00243697,0,0,-0.0264715,-0.200249,-0.0020075,0.570401,-0.0395174,0.396641,-0.00484975,0,0,-1.73472e-12,-0.00330288,0.00178071,0.0046918,-0.00107909,0.00339459,4.77575e-05,0,0,-0.0212127,-0.00515881,-0.0112755,-0.0200106,0.036089,-0.00486057,0.0655694,0,0,0,0,0,0,0,0,0,-5.76116e-11,0,0,0,0,0,0,0,0,0.905991,3.9707e-09,0,0,0,0,0,0,0,0,0,0,0,0,0,0,0,0,3.9701e-09,0.905991,
-5.20417e-12,0.00560347,-0.0187505,-0.000639677,0.00142476,-5.51776e-05,2.82104e-05,0,0,0.403539,-0.0111562,0.200496,0.00313542,-0.016241,-0.00265617,-0.00212497,0,0,-1.38778e-11,0.0788454,-0.00414029,0.0305324,0.00211134,0.00117475,-4.52081e-05,0,0,-0.0111375,0.62824,-0.000197993,-0.0765811,0.00320765,-0.0199921,-0.000521358,0,0,1.38778e-11,-0.00490177,0.0540794,-0.000195257,-0.00106969,-0.000158062,-7.33538e-06,0,0,0.200901,-0.000117787,0.388121,-0.00575886,-0.0244713,-0.000204284,-0.0011234,0,0,1.38778e-11,0.0488643,0.00179002,-0.0263107,-0.00321835,0.0031508,-0.000127152,0,0,0.00320795,-0.0775495,-0.00572176,0.609179,0.0200617,0.0570238,-0.00199305,0,0,-1.73472e-12,0.0246734,-0.00112654,-0.0350107,0.0274591,-0.000802938,0.000433902,0,0,-0.161529,0.0316219,-0.244188,0.200931,0.307212,-0.0395822,0.0360186,0,0,-5.55112e-11,0.0512887,-0.00697871,0.00783537,0.00903705,-0.0655277,0.00243686,0,0,-0.0264089,-0.20015,-0.00197303,0.570432,-0.0395202,0.396648,-0.00485066,0,0,-3.46945e-12,-0.00330261,0.00177985,0.00469247,-0.00107586,0.00339537,4.83322e-05,0,0,-0.0212363,-0.0051628,-0.0112835,-0.0200034,0.0360769,-0.0048615,0.0655706,0,0,0,0,0,0,0,0,0,0,0,0,0,0,0,0,0,0,0.905991,3.95299e-09,0,0,0,0,0,0,0,0,0,0,0,0,0,0,0,0,3.95209e-09,0.905991,
2.60209e-12,0.00560002,-0.0187523,-0.000638068,0.0014214,-5.50364e-05,2.82071e-05,0,0,0.403688,-0.0111616,0.200351,0.00313076,-0.0162078,-0.00264994,-0.00212733,0,0,0,0.0788491,-0.00413915,0.0304971,0.0021097,0.00117531,-4.52406e-05,0,0,-0.0111429,0.628254,-0.00019859,-0.0765915,0.00320839,-0.0199821,-0.000521766,0,0,-1.12757e-11,-0.00490175,0.0541195,-0.000189938,-0.00106869,-0.000157165,-7.37603e-06,0,0,0.200757,-0.000118365,0.388241,-0.00576849,-0.0244607,-0.000200862,-0.0011242,0,0,1.38778e-11,0.0488273,0.00179223,-0.0262762,-0.00321528,0.00315031,-0.000127186,0,0,0.0032036,-0.0775608,-0.00573114,0.60917,0.0200647,0.0570268,-0.00199232,0,0,-2.60209e-11,0.0246606,-0.00109086,-0.0349966,0.0274252,-0.000814489,0.000434626,0,0,-0.161196,0.031629,-0.244081,0.200961,0.307249,-0.039585,0.0360063,0,0,-2.08167e-11,0.0513129,-0.00697312,0.007767,0.00902064,-0.0655034,0.00243675,0,0,-0.0263461,-0.200051,-0.00193844,0.570463,-0.0395229,0.396655,-0.00485158,0,0,3.46945e-12,-0.00330234,0.00177898,0.00469314,-0.00107262,0.00339616,4.89095e-05,0,0,-0.0212599,-0.0051668,-0.0112917,-0.0199962,0.0360648,-0.00486243,0.0655717,0,0,0,-1.20024e-12,-1.20024e-12,1.20024e-12,-1.20024e-12,0,-1.20024e-12,0,0,0,0,0,0,0,0,0,0.905991,4.02501e-09,0,-1.20024e-12,-1.20024e-12,1.20024e-12,-1.20024e-12,0,-1.20024e-12,0,0,0,0,0,0,0,0,0,4.02471e-09,0.905991,
8.67362e-13,0.00559657,-0.0187539,-0.000636454,0.00141805,-5.49038e-05,2.82038e-05,0,0,0.403836,-0.0111671,0.200207,0.00312609,-0.0161746,-0.00264369,-0.0021297,0,0,0,0.0788528,-0.00413801,0.0304618,0.00210805,0.00117587,-4.52731e-05,0,0,-0.0111483,0.628267,-0.000199193,-0.0766019,0.00320915,-0.0199721,-0.000522175,0,0,-3.03577e-12,-0.00490173,0.0541596,-0.000184602,-0.00106769,-0.000156271,-7.41662e-06,0,0,0.200613,-0.000118949,0.388361,-0.00577814,-0.02445,-0.000197429,-0.00112501,0,0,-1.21431e-11,0.0487902,0.00179444,-0.0262417,-0.0032122,0.00314983,-0.00012722,0,0,0.00319923,-0.0775721,-0.00574053,0.609161,0.0200678,0.0570298,-0.00199159,0,0,-1.73472e-12,0.0246478,-0.00105509,-0.0349824,0.0273911,-0.000826109,0.00043535,0,0,-0.160863,0.0316361,-0.243973,0.200991,0.307286,-0.0395879,0.0359941,0,0,6.93889e-11,0.0513371,-0.0069675,0.00769857,0.00900416,-0.0654791,0.00243663,0,0,-0.026283,-0.199951,-0.00190375,0.570494,-0.0395256,0.396663,-0.0048525,0,0,0,-0.00330207,0.00177811,0.00469381,-0.00106937,0.00339695,4.94895e-05,0,0,-0.0212835,-0.00517081,-0.0112998,-0.019989,0.0360526,-0.00486336,0.0655729,0,0,0,0,0,0,1.20024e-12,0,0,0,0,0,0,0,0,0,0,0,0.905991,4.18914e-09,0,0,0,0,-1.20024e-12,0,0,0,0,0,0,0,0,0,0,0,4.18944e-09,0.905991,
-8.67362e-13,0.00559311,-0.0187556,-0.000634843,0.0014147,-5.47772e-05,2.82006e-05,0,0,0.403984,-0.0111726,0.200062,0.00312141,-0.0161413,-0.00263742,-0.00213207,0,0,1.38778e-11,0.0788564,-0.00413686,0.0304265,0.0021064,0.00117643,-4.53058e-05,0,0,-0.0111537,0.62828,-0.000199802,-0.0766123,0.0032099,-0.0199621,-0.000522584,0,0,2.1684e-12,-0.00490171,0.0541997,-0.000179259,-0.00106669,-0.000155378,-7.45718e-06,0,0,0.200469,-0.000119538,0.388481,-0.0057878,-0.0244393,-0.000193985,-0.00112581,0,0,5.20417e-12,0.048753,0.00179665,-0.0262071,-0.00320911,0.00314935,-0.000127253,0,0,0.00319485,-0.0775835,-0.00574994,0.609152,0.0200708,0.0570327,-0.00199085,0,0,-1.73472e-12,0.0246349,-0.00101924,-0.0349683,0.0273569,-0.000837787,0.000436076,0,0,-0.16053,0.0316432,-0.243866,0.201022,0.307323,-0.0395907,0.0359819,0,0,1.38778e-11,0.0513613,-0.00696185,0.0076301,0.00898762,-0.0654547,0.00243653,0,0,-0.0262198,-0.199852,-0.00186895,0.570525,-0.0395283,0.39667,-0.00485342,0,0,1.73472e-12,-0.00330179,0.00177724,0.00469448,-0.00106612,0.00339775,5.00718e-05,0,0,-0.0213071,-0.00517482,-0.0113079,-0.0199818,0.0360405,-0.00486429,0.0655741,0,0,0,0,0,0,0,0,0,0,0,0,0,0,0,0,0,0,0.905991,-4.4643e-09,0,0,0,0,0,0,0,0,0,0,0,0,0,0,0,0,-4.4643e-09,0.905991,
0,0.00558964,-0.0187572,-0.000633238,0.00141135,-5.46521e-05,2.81972e-05,0,0,0.404133,-0.0111781,0.199917,0.00311671,-0.0161081,-0.00263113,-0.00213443,0,0,0,0.0788601,-0.00413571,0.0303911,0.00210474,0.00117699,-4.53385e-05,0,0,-0.0111591,0.628294,-0.000200418,-0.0766227,0.00321066,-0.0199521,-0.000522994,0,0,-4.33681e-12,-0.00490169,0.0542398,-0.00017391,-0.00106568,-0.000154482,-7.4978e-06,0,0,0.200325,-0.000120132,0.388601,-0.00579749,-0.0244286,-0.00019053,-0.00112662,0,0,-1.56125e-11,0.0487158,0.00179886,-0.0261724,-0.00320601,0.00314886,-0.000127287,0,0,0.00319045,-0.0775948,-0.00575938,0.609143,0.0200738,0.0570357,-0.00199011,0,0,-2.25514e-11,0.024622,-0.000983311,-0.034954,0.0273226,-0.000849515,0.000436802,0,0,-0.160197,0.0316504,-0.243758,0.201052,0.30736,-0.0395934,0.0359696,0,0,4.85723e-11,0.0513856,-0.00695617,0.00756157,0.00897102,-0.0654302,0.00243642,0,0,-0.0261564,-0.199753,-0.00183404,0.570556,-0.039531,0.396678,-0.00485434,0,0,1.73472e-12,-0.00330152,0.00177637,0.00469514,-0.00106286,0.00339855,5.06562e-05,0,0,-0.0213308,-0.00517883,-0.0113161,-0.0199745,0.0360283,-0.00486522,0.0655752,0,0,0,-2.40048e-12,2.40048e-12,2.40048e-12,-2.40048e-12,0,-2.40048e-12,0,0,0,0,0,0,0,0,0,0.905991,-4.60322e-09,0,1.20024e-12,-1.20024e-12,-1.20024e-12,1.20024e-12,0,1.20024e-12,0,0,0,0,0,0,0,0,0,-4.60262e-09,0.905991,
-8.67362e-13,0.00558617,-0.0187588,-0.000631636,0.00140799,-5.45252e-05,2.81937e-05,0,0,0.404281,-0.0111836,0.199772,0.003112,-0.0160748,-0.00262483,-0.0021368,0,0,0,0.0788637,-0.00413455,0.0303557,0.00210308,0.00117755,-4.53712e-05,0,0,-0.0111646,0.628307,-0.000201039,-0.076633,0.00321142,-0.0199421,-0.000523405,0,0,4.33681e-12,-0.00490168,0.0542799,-0.000168551,-0.00106467,-0.000153581,-7.53854e-06,0,0,0.20018,-0.000120733,0.388721,-0.00580719,-0.0244179,-0.000187064,-0.00112743,0,0,5.20417e-12,0.0486785,0.00180108,-0.0261378,-0.0032029,0.00314837,-0.000127321,0,0,0.00318604,-0.0776061,-0.00576883,0.609134,0.0200768,0.0570387,-0.00198937,0,0,-1.56125e-11,0.024609,-0.000947299,-0.0349398,0.0272882,-0.000861295,0.000437528,0,0,-0.159863,0.0316576,-0.243651,0.201082,0.307398,-0.0395962,0.0359573,0,0,-2.08167e-11,0.0514098,-0.00695046,0.007493,0.00895435,-0.0654057,0.00243631,0,0,-0.0260928,-0.199653,-0.00179902,0.570586,-0.0395336,0.396685,-0.00485526,0,0,3.46945e-12,-0.00330124,0.00177549,0.0046958,-0.0010596,0.00339935,5.12425e-05,0,0,-0.0213544,-0.00518286,-0.0113242,-0.0199672,0.0360161,-0.00486615,0.0655764,0,0,0,2.40048e-12,0,0,0,2.40048e-12,0,0,0,0,0,0,0,0,0,0,0.905991,-4.58882e-09,0,-2.40048e-12,0,0,0,-2.40048e-12,0,0,0,0,0,0,0,0,0,0,-4.58882e-09,0.905991,
-1.73472e-12,0.0055827,-0.0187603,-0.000630027,0.00140464,-5.43937e-05,2.81899e-05,0,0,0.40443,-0.011189,0.199626,0.00310728,-0.0160415,-0.0026185,-0.00213917,0,0,0,0.0788672,-0.00413339,0.0303202,0.00210142,0.00117811,-4.54038e-05,0,0,-0.01117,0.62832,-0.000201667,-0.0766434,0.00321218,-0.0199321,-0.000523816,0,0,2.60209e-12,-0.00490165,0.05432,-0.00016316,-0.00106365,-0.000152673,-7.57946e-06,0,0,0.200035,-0.000121338,0.388841,-0.00581691,-0.0244072,-0.000183587,-0.00112825,0,0,2.77556e-11,0.0486412,0.0018033,-0.0261031,-0.00319977,0.00314788,-0.000127354,0,0,0.00318162,-0.0776174,-0.0057783,0.609124,0.0200798,0.0570416,-0.00198863,0,0,-2.42861e-11,0.0245961,-0.000911204,-0.0349255,0.0272536,-0.000873145,0.000438255,0,0,-0.15953,0.0316648,-0.243543,0.201112,0.307435,-0.0395989,0.035945,0,0,-9.02056e-11,0.0514341,-0.00694472,0.00742437,0.00893758,-0.0653812,0.00243619,0,0,-0.026029,-0.199554,-0.0017639,0.570617,-0.0395363,0.396693,-0.00485617,0,0,1.73472e-12,-0.00330095,0.00177461,0.00469646,-0.00105633,0.00340015,5.18312e-05,0,0,-0.021378,-0.00518689,-0.0113324,-0.0199599,0.0360039,-0.00486708,0.0655776,0,0,0,1.20024e-12,-1.20024e-12,0,0,0,0,0,0,0,0,0,0,0,0,0,0.905991,-4.44029e-09,0,-1.20024e-12,1.20024e-12,0,0,0,0,0,0,0,0,0,0,0,0,0,-4.44059e-09,0.905991,
-8.67362e-13,0.00557919,-0.0187618,-0.000628439,0.00140129,-5.43309e-05,2.81878e-05,0,0,0.404579,-0.0111945,0.19948,0.00310254,-0.0160081,-0.00261215,-0.00214153,0,0,0,0.0788708,-0.00413222,0.0302847,0.00209976,0.00117868,-4.54371e-05,0,0,-0.0111754,0.628334,-0.0002023,-0.0766538,0.00321295,-0.0199221,-0.000524228,0,0,-1.30104e-12,-0.00490163,0.0543601,-0.000157834,-0.00106263,-0.00015181,-7.61919e-06,0,0,0.19989,-0.00012195,0.388961,-0.00582665,-0.0243965,-0.000180099,-0.00112906,0,0,5.20417e-12,0.0486038,0.00180552,-0.0260683,-0.00319666,0.00314739,-0.000127389,0,0,0.00317718,-0.0776287,-0.00578779,0.609115,0.0200828,0.0570446,-0.00198789,0,0,-2.77556e-11,0.0245831,-0.000875035,-0.0349112,0.027219,-0.000885043,0.000438984,0,0,-0.159196,0.0316721,-0.243435,0.201142,0.307473,-0.0396016,0.0359327,0,0,-6.245e-11,0.0514584,-0.00693895,0.00735572,0.00892084,-0.0653566,0.0024361,0,0,-0.025965,-0.199454,-0.00172866,0.570647,-0.0395389,0.3967,-0.00485709,0,0,0,-0.00330067,0.00177373,0.00469712,-0.00105305,0.00340098,5.24231e-05,0,0,-0.0214017,-0.00519093,-0.0113406,-0.0199526,0.0359917,-0.00486802,0.0655788,0,0,0,0,0,0,0,0,0,5.88118e-11,0,0,0,0,0,0,0,0,0.905991,4.19664e-09,0,-2.40048e-12,0,0,0,0,0,0,0,0,0,0,0,0,0,0,4.19664e-09,0.905991,
8.67362e-13,0.00557569,-0.0187633,-0.000626864,0.00139794,-5.42412e-05,2.81847e-05,0,0,0.404728,-0.0112,0.199334,0.00309779,-0.0159748,-0.00260578,-0.0021439,0,0,1.38778e-11,0.0788743,-0.00413105,0.0302492,0.00209809,0.00117925,-4.54703e-05,0,0,-0.0111809,0.628347,-0.00020294,-0.0766642,0.00321372,-0.019912,-0.000524641,0,0,0,-0.00490162,0.0544002,-0.000152495,-0.00106161,-0.000150925,-7.65955e-06,0,0,0.199745,-0.000122567,0.389082,-0.00583641,-0.0243858,-0.000176601,-0.00112987,0,0,6.93889e-12,0.0485664,0.00180774,-0.0260336,-0.00319353,0.0031469,-0.000127423,0,0,0.00317273,-0.07764,-0.0057973,0.609106,0.0200858,0.0570475,-0.00198714,0,0,1.04083e-11,0.02457,-0.000838784,-0.0348969,0.0271843,-0.000896973,0.000439712,0,0,-0.158862,0.0316794,-0.243327,0.201172,0.30751,-0.0396043,0.0359204,0,0,5.55112e-11,0.0514826,-0.00693315,0.00728702,0.00890403,-0.065332,0.002436,0,0,-0.0259008,-0.199354,-0.00169332,0.570678,-0.0395414,0.396708,-0.00485801,0,0,0,-0.00330038,0.00177285,0.00469777,-0.00104977,0.00340181,5.30158e-05,0,0,-0.0214253,-0.00519497,-0.0113489,-0.0199453,0.0359794,-0.00486895,0.0655799,0,0,0,1.20024e-12,0,0,0,0,1.20024e-12,-5.76116e-11,0,0,0,0,0,0,0,0,0.905991,4.09612e-09,0,0,0,0,0,0,0,0,0,0,0,0,0,0,0,0,4.09642e-09,0.905991,
-1.73472e-12,0.00557211,-0.0187647,-0.00062535,0.00139459,-5.43063e-05,2.81862e-05,0,0,0.404877,-0.0112055,0.199187,0.00309303,-0.0159414,-0.00259939,-0.00214627,0,0,-1.38778e-11,0.0788777,-0.00412986,0.0302137,0.00209643,0.00117983,-4.55043e-05,0,0,-0.0111863,0.62836,-0.000203586,-0.0766745,0.00321449,-0.019902,-0.000525054,0,0,2.1684e-12,-0.0049016,0.0544403,-0.000147351,-0.00106062,-0.000150144,-7.6976e-06,0,0,0.199599,-0.000123189,0.389202,-0.00584619,-0.024375,-0.000173093,-0.00113069,0,0,2.08167e-11,0.0485289,0.00180996,-0.0259988,-0.00319045,0.00314639,-0.000127459,0,0,0.00316827,-0.0776513,-0.00580682,0.609097,0.0200887,0.0570505,-0.00198639,0,0,-1.38778e-11,0.0245569,-0.000802455,-0.0348827,0.0271495,-0.0009089,0.00044045,0,0,-0.158528,0.0316867,-0.243219,0.201202,0.307548,-0.039607,0.035908,0,0,-6.245e-11,0.0515069,-0.00692734,0.00721829,0.00888738,-0.0653073,0.00243594,0,0,-0.0258364,-0.199255,-0.00165786,0.570708,-0.039544,0.396715,-0.00485893,0,0,1.73472e-12,-0.0033001,0.00177196,0.00469841,-0.00104648,0.0034027,5.36103e-05,0,0,-0.021449,-0.00519902,-0.0113571,-0.0199379,0.0359672,-0.00486988,0.0655811,0,0,0,0,1.20024e-12,0,-1.20024e-12,-1.20024e-12,0,0,0,0,0,0,0,0,0,0,0.905991,4.10572e-09,0,0,1.20024e-12,0,-1.20024e-12,-1.20024e-12,0,0,0,0,0,0,0,0,0,0,4.10542e-09,0.905991,
-4.33681e-12,0.00556854,-0.0187662,-0.000623931,0.00139124,-5.43281e-05,2.8186e-05,0,0,0.405026,-0.011211,0.199041,0.00308825,-0.015908,-0.00259299,-0.00214864,0,0,0,0.0788812,-0.00412865,0.0301782,0.00209477,0.0011804,-4.55381e-05,0,0,-0.0111918,0.628373,-0.000204237,-0.0766849,0.00321527,-0.019892,-0.000525469,0,0,1.43115e-11,-0.00490162,0.0544805,-0.000142322,-0.00105961,-0.000149336,-7.73644e-06,0,0,0.199453,-0.000123818,0.389322,-0.00585599,-0.0243643,-0.000169575,-0.00113151,0,0,-1.04083e-11,0.0484913,0.00181217,-0.025964,-0.00318735,0.00314588,-0.000127494,0,0,0.00316379,-0.0776626,-0.00581637,0.609088,0.0200917,0.0570534,-0.00198565,0,0,3.46945e-12,0.0245438,-0.000766043,-0.0348685,0.0271146,-0.000920716,0.000441181,0,0,-0.158193,0.031694,-0.243111,0.201232,0.307586,-0.0396096,0.0358956,0,0,0,0.0515312,-0.00692151,0.00714954,0.00887079,-0.0652825,0.00243586,0,0,-0.0257717,-0.199155,-0.00162227,0.570739,-0.0395465,0.396723,-0.00485985,0,0,0,-0.00329981,0.00177106,0.00469904,-0.0010432,0.00340357,5.42012e-05,0,0,-0.0214726,-0.00520307,-0.0113654,-0.0199306,0.0359549,-0.00487081,0.0655823,0,0,0,0,-1.20024e-12,-1.20024e-12,0,1.20024e-12,0,0,0,0,0,0,0,0,0,0,0.905991,4.21435e-09,0,0,-1.20024e-12,-1.20024e-12,0,1.20024e-12,0,0,0,0,0,0,0,0,0,0,4.21525e-09,0.905991,
1.73472e-12,0.00556499,-0.0187675,-0.000622537,0.00138788,-5.42845e-05,2.81838e-05,0,0,0.405176,-0.0112165,0.198894,0.00308345,-0.0158746,-0.00258656,-0.00215101,0,0,0,0.0788846,-0.00412744,0.0301426,0.00209311,0.00118097,-4.55715e-05,0,0,-0.0111972,0.628386,-0.000204893,-0.0766952,0.00321605,-0.0198819,-0.000525883,0,0,-4.33681e-12,-0.00490165,0.0545206,-0.000137272,-0.00105858,-0.00014848,-7.77633e-06,0,0,0.199306,-0.000124452,0.389443,-0.00586581,-0.0243535,-0.000166045,-0.00113233,0,0,2.60209e-11,0.0484537,0.00181439,-0.0259291,-0.00318423,0.00314537,-0.000127528,0,0,0.00315929,-0.0776739,-0.00582594,0.609079,0.0200947,0.0570563,-0.0019849,0,0,-1.21431e-11,0.0245307,-0.000729545,-0.0348543,0.0270796,-0.000932535,0.000441908,0,0,-0.157859,0.0317014,-0.243002,0.201262,0.307624,-0.0396122,0.0358833,0,0,-4.85723e-11,0.0515555,-0.00691565,0.00708075,0.00885412,-0.0652578,0.00243577,0,0,-0.0257068,-0.199055,-0.00158656,0.570769,-0.039549,0.396731,-0.00486077,0,0,5.20417e-12,-0.00329952,0.00177017,0.00469967,-0.0010399,0.0034044,5.47919e-05,0,0,-0.0214963,-0.00520713,-0.0113736,-0.0199232,0.0359426,-0.00487174,0.0655834,0,0,0,-2.40048e-12,2.40048e-12,0,0,-2.40048e-12,0,-5.76116e-11,0,0,0,0,0,0,0,0,0.905991,-4.43249e-09,0,1.20024e-12,-1.20024e-12,0,0,1.20024e-12,0,0,0,0,0,0,0,0,0,0,-4.43279e-09,0.905991,
-8.67362e-13,0.00556144,-0.0187689,-0.000621137,0.00138452,-5.42388e-05,2.81816e-05,0,0,0.405325,-0.011222,0.198747,0.00307864,-0.0158412,-0.00258011,-0.00215338,0,0,-1.38778e-11,0.078888,-0.00412622,0.030107,0.00209144,0.00118154,-4.5605e-05,0,0,-0.0112026,0.628399,-0.000205554,-0.0767055,0.00321683,-0.0198719,-0.000526299,0,0,4.77049e-12,-0.00490168,0.0545608,-0.000132196,-0.00105755,-0.000147619,-7.81626e-06,0,0,0.19916,-0.000125093,0.389563,-0.00587565,-0.0243428,-0.000162502,-0.00113315,0,0,-2.08167e-11,0.048416,0.00181661,-0.0258942,-0.0031811,0.00314486,-0.000127563,0,0,0.00315479,-0.0776852,-0.00583553,0.60907,0.0200976,0.0570593,-0.00198414,0,0,2.77556e-11,0.0245175,-0.000692967,-0.0348401,0.0270445,-0.000944426,0.000442636,0,0,-0.157524,0.0317089,-0.242894,0.201291,0.307662,-0.0396148,0.0358709,0,0,3.46945e-11,0.0515798,-0.00690975,0.00701192,0.00883736,-0.065233,0.00243568,0,0,-0.0256417,-0.198956,-0.00155073,0.570799,-0.0395514,0.396738,-0.00486168,0,0,-1.73472e-12,-0.00329923,0.00176927,0.0047003,-0.0010366,0.00340523,5.53855e-05,0,0,-0.0215199,-0.0052112,-0.0113819,-0.0199158,0.0359303,-0.00487267,0.0655846,0,0,0,1.20024e-12,0,0,0,0,0,0,0,0,0,0,0,0,0,0,0.905991,-4.51141e-09,0,1.20024e-12,0,0,0,0,-1.20024e-12,0,0,0,0,0,0,0,0,0,-4.51261e-09,0.905991,
-1.73472e-12,0.0055579,-0.0187702,-0.000619726,0.00138116,-5.41558e-05,2.81781e-05,0,0,0.405475,-0.0112275,0.198599,0.00307381,-0.0158077,-0.00257364,-0.00215575,0,0,-1.38778e-11,0.0788913,-0.004125,0.0300714,0.00208977,0.00118211,-4.56383e-05,0,0,-0.0112081,0.628412,-0.00020622,-0.0767159,0.00321762,-0.0198618,-0.000526715,0,0,1.73472e-12,-0.0049017,0.0546009,-0.000127056,-0.00105651,-0.000146728,-7.85686e-06,0,0,0.199013,-0.00012574,0.389683,-0.00588552,-0.024332,-0.000158947,-0.00113398,0,0,0,0.0483783,0.00181883,-0.0258593,-0.00317793,0.00314436,-0.000127596,0,0,0.00315026,-0.0776965,-0.00584513,0.609061,0.0201006,0.0570622,-0.00198339,0,0,-8.67362e-12,0.0245044,-0.000656307,-0.0348258,0.0270093,-0.000956397,0.000443363,0,0,-0.157189,0.0317163,-0.242785,0.201321,0.3077,-0.0396174,0.0358585,0,0,-3.46945e-11,0.0516041,-0.00690382,0.00694305,0.00882047,-0.0652082,0.00243558,0,0,-0.0255764,-0.198856,-0.00151476,0.570829,-0.0395539,0.396746,-0.0048626,0,0,0,-0.00329893,0.00176836,0.00470093,-0.00103329,0.00340605,5.59816e-05,0,0,-0.0215436,-0.00521527,-0.0113902,-0.0199084,0.035918,-0.0048736,0.0655858,0,0,0,0,0,0,0,0,0,0,0,0,0,0,0,0,0,0,0.905991,-4.45169e-09,0,2.40048e-12,-2.40048e-12,0,0,2.40048e-12,2.40048e-12,0,0,0,0,0,0,0,0,0,-4.45139e-09,0.905991,
-8.67362e-13,0.00555436,-0.0187714,-0.000618288,0.00137779,-5.40531e-05,2.8174e-05,0,0,0.405625,-0.011233,0.198451,0.00306896,-0.0157743,-0.00256714,-0.00215812,0,0,1.38778e-11,0.0788947,-0.00412378,0.0300358,0.00208809,0.00118268,-4.56715e-05,0,0,-0.0112135,0.628425,-0.000206891,-0.0767262,0.00321841,-0.0198518,-0.000527132,0,0,3.03577e-12,-0.00490172,0.0546411,-0.000121841,-0.00105546,-0.000145819,-7.89789e-06,0,0,0.198866,-0.000126392,0.389804,-0.00589541,-0.0243212,-0.00015538,-0.0011348,0,0,6.93889e-12,0.0483405,0.00182106,-0.0258243,-0.00317475,0.00314385,-0.00012763,0,0,0.00314572,-0.0777077,-0.00585476,0.609052,0.0201035,0.0570651,-0.00198264,0,0,-8.67362e-12,0.0244911,-0.000619564,-0.0348114,0.0269739,-0.000968477,0.000444091,0,0,-0.156854,0.0317238,-0.242677,0.20135,0.307739,-0.0396199,0.035846,0,0,2.08167e-11,0.0516285,-0.00689784,0.00687413,0.00880344,-0.0651833,0.00243547,0,0,-0.0255109,-0.198756,-0.00147867,0.570859,-0.0395563,0.396754,-0.00486352,0,0,0,-0.00329863,0.00176746,0.00470156,-0.00102997,0.00340687,5.65812e-05,0,0,-0.0215673,-0.00521935,-0.0113986,-0.0199009,0.0359057,-0.00487453,0.065587,0,0,0,-1.20024e-12,0,0,-1.20024e-12,0,-1.20024e-12,0,0,0,0,0,0,0,0,0,0.905991,4.27646e-09,0,-1.20024e-12,0,0,-1.20024e-12,0,-1.20024e-12,0,0,0,0,0,0,0,0,0,4.27646e-09,0.905991,
8.67362e-13,0.00555083,-0.0187726,-0.000616823,0.00137441,-5.39357e-05,2.81694e-05,0,0,0.405774,-0.0112385,0.198303,0.0030641,-0.0157408,-0.00256062,-0.00216049,0,0,0,0.0788979,-0.00412257,0.0300002,0.00208641,0.00118325,-4.57046e-05,0,0,-0.011219,0.628438,-0.000207567,-0.0767365,0.0032192,-0.0198417,-0.00052755,0,0,-1.73472e-12,-0.00490174,0.0546812,-0.000116551,-0.0010544,-0.000144893,-7.93928e-06,0,0,0.198719,-0.000127051,0.389924,-0.00590532,-0.0243104,-0.000151799,-0.00113563,0,0,1.38778e-11,0.0483027,0.00182329,-0.0257893,-0.00317154,0.00314335,-0.000127663,0,0,0.00314116,-0.077719,-0.00586441,0.609043,0.0201064,0.057068,-0.00198188,0,0,-5.20417e-12,0.0244779,-0.00058274,-0.034797,0.0269384,-0.000980669,0.000444821,0,0,-0.156518,0.0317313,-0.242568,0.20138,0.307777,-0.0396224,0.0358336,0,0,-2.08167e-11,0.0516528,-0.00689182,0.00680517,0.00878627,-0.0651584,0.00243536,0,0,-0.0254451,-0.198656,-0.00144245,0.570889,-0.0395587,0.396762,-0.00486444,0,0,0,-0.00329832,0.00176655,0.00470219,-0.00102664,0.0034077,5.71845e-05,0,0,-0.021591,-0.00522344,-0.0114069,-0.0198935,0.0358933,-0.00487546,0.0655881,0,0,0,0,0,0,-1.20024e-12,-1.20024e-12,1.20024e-12,0,0,0,0,0,0,0,0,0,0.905991,4.23625e-09,0,0,0,0,0,0,0,0,0,0,0,0,0,0,0,0,4.23685e-09,0.905991,
2.60209e-12,0.0055473,-0.0187738,-0.000615331,0.00137102,-5.38094e-05,2.81645e-05,0,0,0.405924,-0.011244,0.198155,0.00305921,-0.0157073,-0.00255408,-0.00216286,0,0,2.77556e-11,0.0789012,-0.00412136,0.0299645,0.00208472,0.00118381,-4.57376e-05,0,0,-0.0112244,0.628451,-0.000208248,-0.0767468,0.00322,-0.0198317,-0.000527968,0,0,-6.07153e-12,-0.00490174,0.0547214,-0.000111192,-0.00105334,-0.000143956,-7.98095e-06,0,0,0.198571,-0.000127715,0.390045,-0.00591525,-0.0242996,-0.000148206,-0.00113646,0,0,-1.9082e-11,0.0482648,0.00182553,-0.0257542,-0.00316831,0.00314285,-0.000127697,0,0,0.00313659,-0.0777303,-0.00587408,0.609034,0.0201094,0.0570709,-0.00198112,0,0,-1.38778e-11,0.0244646,-0.000545833,-0.0347825,0.0269027,-0.000992973,0.000445553,0,0,-0.156183,0.0317389,-0.242459,0.201409,0.307815,-0.0396249,0.0358211,0,0,9.71445e-11,0.0516772,-0.00688577,0.00673615,0.00876896,-0.0651334,0.00243525,0,0,-0.025379,-0.198556,-0.0014061,0.570919,-0.0395611,0.39677,-0.00486536,0,0,1.73472e-12,-0.00329802,0.00176564,0.00470282,-0.0010233,0.00340852,5.77915e-05,0,0,-0.0216146,-0.00522753,-0.0114153,-0.019886,0.035881,-0.00487639,0.0655893,0,0,0,1.20024e-12,0,-1.20024e-12,0,1.20024e-12,1.20024e-12,0,0,0,0,0,0,0,0,0,0.905991,-4.30917e-09,0,-1.20024e-12,0,1.20024e-12,0,-1.20024e-12,-1.20024e-12,0,0,0,0,0,0,0,0,0,-4.30857e-09,0.905991,
-4.33681e-12,0.00554376,-0.0187749,-0.000613822,0.00136764,-5.36901e-05,2.81596e-05,0,0,0.406074,-0.0112495,0.198006,0.00305432,-0.0156737,-0.00254752,-0.00216523,0,0,-2.77556e-11,0.0789045,-0.00412014,0.0299288,0.00208303,0.00118437,-4.57707e-05,0,0,-0.0112299,0.628464,-0.000208935,-0.0767571,0.0032208,-0.0198216,-0.000528387,0,0,1.12757e-11,-0.00490174,0.0547615,-0.000105791,-0.00105227,-0.000143019,-8.02265e-06,0,0,0.198423,-0.000128385,0.390166,-0.0059252,-0.0242888,-0.000144599,-0.00113729,0,0,-5.20417e-12,0.0482268,0.00182777,-0.0257191,-0.00316507,0.00314235,-0.00012773,0,0,0.00313201,-0.0777415,-0.00588377,0.609025,0.0201123,0.0570737,-0.00198036,0,0,1.73472e-11,0.0244513,-0.000508844,-0.0347679,0.0268669,-0.00100538,0.000446288,0,0,-0.155847,0.0317465,-0.24235,0.201439,0.307854,-0.0396274,0.0358087,0,0,-1.38778e-11,0.0517015,-0.00687967,0.00666709,0.00875154,-0.0651085,0.00243513,0,0,-0.0253128,-0.198456,-0.00136963,0.570949,-0.0395634,0.396777,-0.00486627,0,0,-1.73472e-12,-0.00329771,0.00176473,0.00470345,-0.00101995,0.00340935,5.8402e-05,0,0,-0.0216383,-0.00523164,-0.0114237,-0.0198786,0.0358686,-0.00487732,0.0655905,0,0,0,0,-1.20024e-12,1.20024e-12,1.20024e-12,1.20024e-12,0,0,0,0,0,0,0,0,0,0,0.905991,4.25876e-09,0,0,0,0,0,0,1.20024e-12,0,0,0,0,0,0,0,0,0,4.25906e-09,0.905991,
8.67362e-13,0.00554021,-0.018776,-0.000612304,0.00136424,-5.35674e-05,2.81546e-05,0,0,0.406225,-0.0112551,0.197857,0.00304941,-0.0156402,-0.00254093,-0.0021676,0,0,-1.38778e-11,0.0789077,-0.00411892,0.029893,0.00208134,0.00118494,-4.58038e-05,0,0,-0.0112353,0.628477,-0.000209628,-0.0767674,0.0032216,-0.0198115,-0.000528807,0,0,-3.03577e-12,-0.00490174,0.0548017,-0.000100357,-0.0010512,-0.000142075,-8.06453e-06,0,0,0.198275,-0.000129061,0.390286,-0.00593518,-0.0242779,-0.000140981,-0.00113813,0,0,-1.73472e-12,0.0481888,0.00183002,-0.025684,-0.00316181,0.00314185,-0.000127764,0,0,0.00312741,-0.0777527,-0.00589348,0.609016,0.0201152,0.0570766,-0.0019796,0,0,-1.56125e-11,0.0244379,-0.000471772,-0.0347533,0.026831,-0.00101787,0.000447024,0,0,-0.155511,0.0317541,-0.242241,0.201468,0.307893,-0.0396298,0.0357962,0,0,-6.93889e-12,0.0517259,-0.00687354,0.00659797,0.00873403,-0.0650834,0.00243502,0,0,-0.0252464,-0.198356,-0.00133304,0.570979,-0.0395657,0.396785,-0.00486719,0,0,-1.73472e-12,-0.00329739,0.00176381,0.00470407,-0.00101659,0.00341019,5.90153e-05,0,0,-0.021662,-0.00523575,-0.0114321,-0.0198711,0.0358562,-0.00487825,0.0655917,0,0,0,0,0,0,0,0,0,0,0,0,0,0,0,0,0,0,0.905991,-4.32477e-09,0,0,0,-1.20024e-12,-1.20024e-12,0,-1.20024e-12,0,0,0,0,0,0,0,0,0,-4.32507e-09,0.905991,
1.73472e-12,0.00553667,-0.018777,-0.000610771,0.00136084,-5.34392e-05,2.81493e-05,0,0,0.406375,-0.0112606,0.197708,0.00304448,-0.0156066,-0.00253432,-0.00216997,0,0,1.38778e-11,0.0789108,-0.00411771,0.0298572,0.00207964,0.0011855,-4.58369e-05,0,0,-0.0112408,0.62849,-0.000210327,-0.0767777,0.00322241,-0.0198015,-0.000529227,0,0,-3.03577e-12,-0.00490173,0.0548419,-9.48753e-05,-0.00105012,-0.000141123,-8.10665e-06,0,0,0.198126,-0.000129742,0.390407,-0.00594517,-0.0242671,-0.000137349,-0.00113896,0,0,-1.38778e-11,0.0481507,0.00183227,-0.0256488,-0.00315853,0.00314134,-0.000127797,0,0,0.00312279,-0.077764,-0.00590321,0.609007,0.0201181,0.0570795,-0.00197883,0,0,1.04083e-11,0.0244245,-0.000434617,-0.0347387,0.0267949,-0.00103044,0.000447762,0,0,-0.155175,0.0317617,-0.242132,0.201497,0.307932,-0.0396323,0.0357837,0,0,4.85723e-11,0.0517503,-0.00686737,0.00652881,0.0087164,-0.0650583,0.0024349,0,0,-0.0251797,-0.198256,-0.00129632,0.571008,-0.039568,0.396793,-0.00486811,0,0,0,-0.00329708,0.00176289,0.0047047,-0.00101323,0.00341103,5.96316e-05,0,0,-0.0216857,-0.00523986,-0.0114405,-0.0198635,0.0358438,-0.00487918,0.0655928,0,0,0,0,0,0,0,0,0,0,0,0,0,0,0,0,0,0,0.905991,4.26746e-09,0,1.20024e-12,0,-1.20024e-12,-1.20024e-12,0,1.20024e-12,0,0,0,0,0,0,0,0,0,4.26746e-09,0.905991,
-1.73472e-12,0.0055331,-0.0187781,-0.000609248,0.00135745,-5.33692e-05,2.81455e-05,0,0,0.406526,-0.0112661,0.197559,0.00303954,-0.015573,-0.00252769,-0.00217235,0,0,0,0.078914,-0.00411648,0.0298214,0.00207794,0.00118606,-4.58703e-05,0,0,-0.0112462,0.628503,-0.000211031,-0.0767879,0.00322322,-0.0197914,-0.000529649,0,0,3.90313e-12,-0.00490173,0.0548821,-8.9435e-05,-0.00104906,-0.000140206,-8.14797e-06,0,0,0.197978,-0.00013043,0.390528,-0.00595519,-0.0242562,-0.000133706,-0.0011398,0,0,-1.56125e-11,0.0481126,0.00183452,-0.0256136,-0.00315526,0.00314084,-0.000127832,0,0,0.00311816,-0.0777752,-0.00591296,0.608998,0.020121,0.0570823,-0.00197807,0,0,-1.73472e-12,0.0244111,-0.000397381,-0.034724,0.0267588,-0.00104309,0.000448505,0,0,-0.154838,0.0317694,-0.242023,0.201526,0.307971,-0.0396346,0.0357712,0,0,4.85723e-11,0.0517747,-0.00686117,0.00645961,0.00869876,-0.0650332,0.0024348,0,0,-0.0251128,-0.198156,-0.00125948,0.571038,-0.0395703,0.396801,-0.00486902,0,0,0,-0.00329676,0.00176197,0.00470533,-0.00100986,0.00341189,6.0251e-05,0,0,-0.0217094,-0.00524398,-0.0114489,-0.019856,0.0358314,-0.00488011,0.065594,0,0,0,1.20024e-12,0,0,0,0,0,0,0,0,0,0,0,0,0,0,0.905991,-4.32837e-09,0,-1.20024e-12,0,0,0,0,0,0,0,0,0,0,0,0,0,0,-4.32897e-09,0.905991,
-8.67362e-13,0.00552952,-0.018779,-0.000607754,0.00135405,-5.32904e-05,2.81413e-05,0,0,0.406676,-0.0112716,0.197409,0.00303458,-0.0155394,-0.00252104,-0.00217472,0,0,-1.38778e-11,0.0789171,-0.00411525,0.0297856,0.00207624,0.00118662,-4.59037e-05,0,0,-0.0112517,0.628515,-0.000211742,-0.0767982,0.00322403,-0.0197813,-0.000530071,0,0,1.73472e-12,-0.00490172,0.0549222,-8.40216e-05,-0.00104798,-0.000139281,-8.18956e-06,0,0,0.197829,-0.000131123,0.390648,-0.00596523,-0.0242454,-0.000130051,-0.00114064,0,0,-3.46945e-12,0.0480744,0.00183678,-0.0255784,-0.00315199,0.00314033,-0.000127866,0,0,0.00311352,-0.0777864,-0.00592273,0.608989,0.0201239,0.0570852,-0.0019773,0,0,-1.21431e-11,0.0243976,-0.00036006,-0.0347093,0.0267225,-0.00105575,0.000449246,0,0,-0.154502,0.0317771,-0.241913,0.201555,0.30801,-0.039637,0.0357586,0,0,2.77556e-11,0.0517991,-0.00685494,0.00639036,0.00868108,-0.065008,0.00243469,0,0,-0.0250456,-0.198056,-0.00122251,0.571067,-0.0395725,0.396809,-0.00486994,0,0,1.73472e-12,-0.00329644,0.00176105,0.00470595,-0.00100649,0.00341276,6.08711e-05,0,0,-0.0217331,-0.00524811,-0.0114574,-0.0198485,0.035819,-0.00488104,0.0655952,0,0,0,0,0,0,0,0,0,0,0,0,0,0,0,0,0,0,0.905991,4.26506e-09,0,0,0,0,0,0,0,0,0,0,0,0,0,0,0,0,4.26536e-09,0.905991,
3.90313e-12,0.00552594,-0.0187799,-0.000606272,0.00135065,-5.31924e-05,2.81364e-05,0,0,0.406827,-0.0112771,0.197259,0.00302961,-0.0155058,-0.00251437,-0.00217709,0,0,0,0.0789202,-0.00411401,0.0297497,0.00207453,0.00118719,-4.5937e-05,0,0,-0.0112572,0.628528,-0.000212458,-0.0768084,0.00322485,-0.0197712,-0.000530493,0,0,-9.1073e-12,-0.00490173,0.0549624,-7.85987e-05,-0.0010469,-0.000138339,-8.23153e-06,0,0,0.197679,-0.000131822,0.390769,-0.00597528,-0.0242345,-0.000126383,-0.00114148,0,0,-8.67362e-12,0.0480362,0.00183903,-0.0255431,-0.00314869,0.00313981,-0.0001279,0,0,0.00310886,-0.0777977,-0.00593252,0.60898,0.0201268,0.0570881,-0.00197653,0,0,1.56125e-11,0.0243841,-0.000322656,-0.0346946,0.0266861,-0.00106845,0.000449987,0,0,-0.154165,0.0317849,-0.241804,0.201584,0.308049,-0.0396394,0.0357461,0,0,4.16334e-11,0.0518235,-0.00684868,0.00632107,0.00866334,-0.0649828,0.00243458,0,0,-0.0249783,-0.197956,-0.00118542,0.571097,-0.0395747,0.396817,-0.00487085,0,0,-3.46945e-12,-0.00329612,0.00176013,0.00470657,-0.00100311,0.00341361,6.14925e-05,0,0,-0.0217568,-0.00525225,-0.0114659,-0.0198409,0.0358065,-0.00488197,0.0655964,0,0,0,0,0,0,0,0,0,0,0,0,0,0,0,0,0,0,0.905991,-4.31937e-09,0,0,0,1.20024e-12,0,-1.20024e-12,0,0,0,0,0,0,0,0,0,0,-4.31907e-09,0.905991,
2.60209e-12,0.00552236,-0.0187808,-0.000604787,0.00134724,-5.30786e-05,2.8131e-05,0,0,0.406978,-0.0112826,0.197109,0.00302462,-0.0154722,-0.00250767,-0.00217947,0,0,-1.38778e-11,0.0789233,-0.00411276,0.0297137,0.00207282,0.00118774,-4.59702e-05,0,0,-0.0112626,0.628541,-0.000213181,-0.0768187,0.00322567,-0.0197611,-0.000530917,0,0,-6.50521e-12,-0.00490173,0.0550026,-7.31437e-05,-0.0010458,-0.000137383,-8.27386e-06,0,0,0.19753,-0.000132527,0.39089,-0.00598536,-0.0242236,-0.000122702,-0.00114232,0,0,-2.08167e-11,0.0479979,0.00184129,-0.0255077,-0.00314537,0.0031393,-0.000127933,0,0,0.00310418,-0.0778089,-0.00594233,0.608971,0.0201297,0.0570909,-0.00197576,0,0,1.56125e-11,0.0243706,-0.000285167,-0.0346799,0.0266496,-0.00108121,0.000450729,0,0,-0.153828,0.0317927,-0.241694,0.201613,0.308088,-0.0396417,0.0357335,0,0,6.93889e-11,0.0518479,-0.00684238,0.00625173,0.0086455,-0.0649575,0.00243446,0,0,-0.0249107,-0.197855,-0.00114819,0.571126,-0.0395769,0.396825,-0.00487177,0,0,-1.73472e-12,-0.00329579,0.0017592,0.00470718,-0.000999719,0.00341446,6.21162e-05,0,0,-0.0217805,-0.0052564,-0.0114744,-0.0198333,0.035794,-0.00488289,0.0655975,0,0,0,0,0,0,0,0,0,0,0,0,0,0,0,0,0,0,0.905991,4.25275e-09,0,0,0,1.20024e-12,0,0,0,0,0,0,0,0,0,0,0,0,4.25245e-09,0.905991,
2.60209e-12,0.00551879,-0.0187816,-0.000603294,0.00134382,-5.29529e-05,2.81252e-05,0,0,0.407129,-0.0112882,0.196959,0.00301961,-0.0154385,-0.00250095,-0.00218184,0,0,0,0.0789263,-0.00411152,0.0296778,0.00207111,0.0011883,-4.60032e-05,0,0,-0.0112681,0.628554,-0.000213909,-0.0768289,0.00322649,-0.019751,-0.000531341,0,0,-6.07153e-12,-0.00490173,0.0550428,-6.76472e-05,-0.00104471,-0.000136414,-8.31651e-06,0,0,0.19738,-0.000133238,0.391011,-0.00599546,-0.0242127,-0.000119009,-0.00114317,0,0,-5.20417e-12,0.0479595,0.00184355,-0.0254724,-0.00314204,0.00313879,-0.000127967,0,0,0.00309949,-0.0778201,-0.00595216,0.608962,0.0201326,0.0570937,-0.00197498,0,0,2.25514e-11,0.024357,-0.000247593,-0.0346651,0.026613,-0.00109406,0.000451472,0,0,-0.153491,0.0318005,-0.241584,0.201642,0.308128,-0.039644,0.0357209,0,0,-1.38778e-11,0.0518723,-0.00683604,0.00618234,0.00862755,-0.0649322,0.00243434,0,0,-0.0248429,-0.197755,-0.00111085,0.571156,-0.0395791,0.396833,-0.00487269,0,0,-1.73472e-12,-0.00329546,0.00175827,0.0047078,-0.000996324,0.00341531,6.27425e-05,0,0,-0.0218042,-0.00526055,-0.0114829,-0.0198257,0.0357816,-0.00488382,0.0655987,0,0,0,0,0,0,0,0,0,0,0,0,0,0,0,0,0,0,0.905991,-4.30166e-09,0,0,0,0,0,0,0,0,0,0,0,0,0,0,0,0,-4.30256e-09,0.905991,
-1.73472e-12,0.00551521,-0.0187824,-0.000601785,0.0013404,-5.28176e-05,2.81191e-05,0,0,0.40728,-0.0112937,0.196808,0.0030146,-0.0154048,-0.0024942,-0.00218421,0,0,0,0.0789293,-0.00411027,0.0296418,0.00206939,0.00118885,-4.60363e-05,0,0,-0.0112735,0.628566,-0.000214643,-0.0768392,0.00322732,-0.0197409,-0.000531766,0,0,1.73472e-12,-0.00490173,0.055083,-6.21007e-05,-0.0010436,-0.000135433,-8.35945e-06,0,0,0.19723,-0.000133955,0.391132,-0.00600559,-0.0242018,-0.000115302,-0.00114401,0,0,5.20417e-12,0.0479211,0.00184582,-0.025437,-0.00313869,0.00313828,-0.000128,0,0,0.00309479,-0.0778313,-0.00596202,0.608953,0.0201354,0.0570966,-0.00197421,0,0,-1.04083e-11,0.0243434,-0.000209933,-0.0346502,0.0265762,-0.00110699,0.000452217,0,0,-0.153154,0.0318084,-0.241474,0.201671,0.308167,-0.0396462,0.0357083,0,0,-5.55112e-11,0.0518967,-0.00682966,0.0061129,0.00860948,-0.0649068,0.00243422,0,0,-0.0247749,-0.197655,-0.00107337,0.571185,-0.0395812,0.396841,-0.0048736,0,0,1.73472e-12,-0.00329513,0.00175734,0.00470841,-0.000992921,0.00341616,6.33718e-05,0,0,-0.0218279,-0.0052647,-0.0114914,-0.0198181,0.0357691,-0.00488475,0.0655999,0,0,0,0,0,-2.40048e-12,0,0,2.40048e-12,0,0,0,0,0,0,0,0,0,0.905991,4.23205e-09,0,0,0,-1.20024e-12,0,0,1.20024e-12,0,0,0,0,0,0,0,0,0,4.23235e-09,0.905991,
-4.77049e-12,0.00551163,-0.0187831,-0.000600269,0.00133699,-5.27005e-05,2.81133e-05,0,0,0.407431,-0.0112992,0.196657,0.00300956,-0.0153711,-0.00248744,-0.00218659,0,0,1.38778e-11,0.0789322,-0.00410901,0.0296057,0.00206766,0.00118941,-4.60695e-05,0,0,-0.011279,0.628579,-0.000215383,-0.0768494,0.00322815,-0.0197308,-0.000532191,0,0,1.51788e-11,-0.00490173,0.0551232,-5.65388e-05,-0.0010425,-0.000134461,-8.40216e-06,0,0,0.19708,-0.000134678,0.391253,-0.00601573,-0.0241909,-0.000111583,-0.00114486,0,0,1.56125e-11,0.0478826,0.00184809,-0.0254015,-0.00313533,0.00313776,-0.000128033,0,0,0.00309007,-0.0778425,-0.00597189,0.608944,0.0201383,0.0570994,-0.00197343,0,0,-1.04083e-11,0.0243298,-0.000172192,-0.0346354,0.0265393,-0.00112001,0.000452963,0,0,-0.152816,0.0318162,-0.241365,0.2017,0.308207,-0.0396485,0.0356957,0,0,-1.38778e-11,0.0519212,-0.00682324,0.0060434,0.00859134,-0.0648814,0.0024341,0,0,-0.0247067,-0.197554,-0.00103577,0.571214,-0.0395833,0.396849,-0.00487452,0,0,1.73472e-12,-0.00329479,0.00175641,0.00470903,-0.000989511,0.00341703,6.40045e-05,0,0,-0.0218516,-0.00526887,-0.0115,-0.0198104,0.0357565,-0.00488568,0.0656011,0,0,0,0,0,0,0,0,0,1.15223e-10,0,0,0,0,0,0,0,0,0.905991,4.27796e-09,0,1.20024e-12,0,1.20024e-12,0,0,0,0,0,0,0,0,0,0,0,0,4.27826e-09,0.905991,
1.30104e-12,0.00550804,-0.0187838,-0.000598731,0.00133356,-5.2571e-05,2.8107e-05,0,0,0.407582,-0.0113048,0.196505,0.00300451,-0.0153374,-0.00248065,-0.00218896,0,0,1.38778e-11,0.0789352,-0.00410776,0.0295696,0.00206593,0.00118996,-4.61026e-05,0,0,-0.0112845,0.628591,-0.000216129,-0.0768596,0.00322898,-0.0197207,-0.000532617,0,0,-3.90313e-12,-0.00490171,0.0551634,-5.09135e-05,-0.00104138,-0.000133475,-8.44526e-06,0,0,0.196929,-0.000135407,0.391374,-0.00602589,-0.02418,-0.000107852,-0.00114571,0,0,-1.9082e-11,0.047844,0.00185036,-0.025366,-0.00313194,0.00313725,-0.000128067,0,0,0.00308534,-0.0778537,-0.00598178,0.608935,0.0201411,0.0571022,-0.00197265,0,0,5.20417e-12,0.0243161,-0.000134364,-0.0346204,0.0265023,-0.00113313,0.000453712,0,0,-0.152479,0.0318242,-0.241254,0.201728,0.308247,-0.0396507,0.0356831,0,0,4.16334e-11,0.0519456,-0.00681679,0.00597385,0.00857306,-0.0648559,0.00243397,0,0,-0.0246382,-0.197454,-0.000998051,0.571243,-0.0395854,0.396857,-0.00487543,0,0,0,-0.00329445,0.00175547,0.00470964,-0.000986093,0.00341789,6.46404e-05,0,0,-0.0218753,-0.00527304,-0.0115086,-0.0198028,0.035744,-0.00488661,0.0656023,0,0,0,0,-1.20024e-12,0,0,0,0,0,0,0,0,0,0,0,0,0,0.905991,-4.43639e-09,0,0,-1.20024e-12,0,0,0,0,0,0,0,0,0,0,0,0,0,-4.43579e-09,0.905991,
-3.90313e-12,0.00550437,-0.0187845,-0.000597237,0.00133015,-5.26133e-05,2.81057e-05,0,0,0.407734,-0.0113103,0.196354,0.00299945,-0.0153037,-0.00247385,-0.00219134,0,0,-1.38778e-11,0.0789381,-0.00410649,0.0295335,0.00206421,0.00119053,-4.61367e-05,0,0,-0.01129,0.628604,-0.000216882,-0.0768698,0.00322982,-0.0197106,-0.000533044,0,0,9.97466e-12,-0.0049017,0.0552036,-4.54687e-05,-0.0010403,-0.000132604,-8.48579e-06,0,0,0.196778,-0.000136142,0.391495,-0.00603608,-0.024169,-0.00010411,-0.00114656,0,0,6.93889e-12,0.0478055,0.00185263,-0.0253305,-0.00312861,0.00313672,-0.000128103,0,0,0.00308059,-0.0778648,-0.0059917,0.608926,0.020144,0.057105,-0.00197187,0,0,-3.46945e-12,0.0243024,-9.64585e-05,-0.0346055,0.0264651,-0.0011463,0.000454472,0,0,-0.152141,0.0318321,-0.241144,0.201757,0.308286,-0.0396529,0.0356705,0,0,-4.16334e-11,0.0519701,-0.00681031,0.00590427,0.00855492,-0.0648303,0.00243389,0,0,-0.0245695,-0.197354,-0.000960199,0.571272,-0.0395875,0.396866,-0.00487635,0,0,0,-0.00329412,0.00175453,0.00471025,-0.000982676,0.00341883,6.528e-05,0,0,-0.021899,-0.00527722,-0.0115171,-0.0197951,0.0357315,-0.00488753,0.0656034,0,0,0,0,-1.20024e-12,-1.20024e-12,0,1.20024e-12,1.20024e-12,-5.64113e-11,0,0,0,0,0,0,0,0,0.905991,-4.4565e-09,0,0,2.40048e-12,2.40048e-12,0,-2.40048e-12,-2.40048e-12,0,0,0,0,0,0,0,0,0,-4.4565e-09,0.905991,
8.67362e-13,0.00550071,-0.0187851,-0.000595837,0.00132674,-5.26275e-05,2.8103e-05,0,0,0.407885,-0.0113158,0.196202,0.00299437,-0.0152699,-0.00246702,-0.00219371,0,0,0,0.078941,-0.0041052,0.0294973,0.00206248,0.00119109,-4.61708e-05,0,0,-0.0112954,0.628616,-0.00021764,-0.07688,0.00323066,-0.0197005,-0.000533472,0,0,-3.90313e-12,-0.00490172,0.0552438,-4.01485e-05,-0.00103921,-0.000131714,-8.52689e-06,0,0,0.196627,-0.000136883,0.391616,-0.00604628,-0.0241581,-0.000100355,-0.00114741,0,0,-1.73472e-12,0.0477668,0.0018549,-0.0252949,-0.00312527,0.00313619,-0.000128138,0,0,0.00307583,-0.077876,-0.00600164,0.608917,0.0201468,0.0571078,-0.00197109,0,0,-8.67362e-12,0.0242886,-5.84672e-05,-0.0345907,0.026428,-0.00115937,0.000455225,0,0,-0.151803,0.0318401,-0.241034,0.201786,0.308326,-0.039655,0.0356578,0,0,-6.93889e-12,0.0519945,-0.00680381,0.00583466,0.00853686,-0.0648047,0.0024338,0,0,-0.0245006,-0.197253,-0.000922211,0.571301,-0.0395895,0.396874,-0.00487726,0,0,0,-0.00329378,0.00175359,0.00471084,-0.000979256,0.00341975,6.59165e-05,0,0,-0.0219227,-0.00528141,-0.0115258,-0.0197874,0.0357189,-0.00488846,0.0656046,0,0,0,0,0,0,0,0,0,0,0,0,0,0,0,0,0,0,0.905991,-4.34907e-09,0,0,0,0,0,0,0,0,0,0,0,0,0,0,0,0,-4.34847e-09,0.905991,
4.77049e-12,0.00549705,-0.0187857,-0.000594469,0.00132333,-5.25838e-05,2.80985e-05,0,0,0.408037,-0.0113214,0.19605,0.00298928,-0.0152361,-0.00246017,-0.00219609,0,0,0,0.0789438,-0.0041039,0.0294612,0.00206075,0.00119166,-4.62046e-05,0,0,-0.0113009,0.628629,-0.000218404,-0.0768902,0.00323151,-0.0196904,-0.000533901,0,0,-1.60462e-11,-0.00490174,0.055284,-3.48249e-05,-0.00103809,-0.000130783,-8.5689e-06,0,0,0.196476,-0.00013763,0.391737,-0.00605652,-0.0241471,-9.65879e-05,-0.00114827,0,0,0,0.0477281,0.00185716,-0.0252593,-0.0031219,0.00313566,-0.000128172,0,0,0.00307105,-0.0778872,-0.00601159,0.608909,0.0201497,0.0571106,-0.00197031,0,0,-1.9082e-11,0.0242749,-2.03894e-05,-0.0345758,0.0263907,-0.00117243,0.000455973,0,0,-0.151464,0.0318481,-0.240924,0.201814,0.308366,-0.0396572,0.0356451,0,0,0,0.052019,-0.00679729,0.00576502,0.00851872,-0.0647791,0.0024337,0,0,-0.0244314,-0.197153,-0.000884083,0.57133,-0.0395915,0.396882,-0.00487817,0,0,3.46945e-12,-0.00329344,0.00175264,0.00471143,-0.000975829,0.00342065,6.65527e-05,0,0,-0.0219464,-0.0052856,-0.0115344,-0.0197797,0.0357063,-0.00488939,0.0656058,0,0,0,-2.40048e-12,2.40048e-12,0,2.40048e-12,-2.40048e-12,0,0,0,0,0,0,0,0,0,0,0.905991,4.14293e-09,0,-2.40048e-12,2.40048e-12,0,2.40048e-12,-2.40048e-12,0,0,0,0,0,0,0,0,0,0,4.14263e-09,0.905991,
-2.60209e-12,0.00549339,-0.0187862,-0.000593108,0.00131992,-5.25537e-05,2.80943e-05,0,0,0.408189,-0.0113269,0.195897,0.00298416,-0.0152023,-0.00245329,-0.00219846,0,0,-1.38778e-11,0.0789466,-0.00410259,0.029425,0.00205902,0.00119222,-4.62385e-05,0,0,-0.0113064,0.628641,-0.000219172,-0.0769004,0.00323235,-0.0196803,-0.00053433,0,0,6.93889e-12,-0.00490177,0.0553242,-2.95069e-05,-0.00103698,-0.000129857,-8.61071e-06,0,0,0.196324,-0.000138383,0.391858,-0.00606677,-0.0241361,-9.28072e-05,-0.00114913,0,0,1.56125e-11,0.0476893,0.00185943,-0.0252237,-0.00311853,0.00313513,-0.000128206,0,0,0.00306625,-0.0778983,-0.00602157,0.6089,0.0201525,0.0571134,-0.00196952,0,0,5.20417e-12,0.0242611,1.77708e-05,-0.0345609,0.0263533,-0.00118555,0.000456724,0,0,-0.151126,0.0318562,-0.240813,0.201842,0.308407,-0.0396593,0.0356324,0,0,-4.16334e-11,0.0520434,-0.00679072,0.00569533,0.00850052,-0.0647534,0.0024336,0,0,-0.024362,-0.197052,-0.000845812,0.571359,-0.0395935,0.39689,-0.00487909,0,0,1.73472e-12,-0.00329309,0.0017517,0.00471202,-0.000972395,0.00342155,6.71917e-05,0,0,-0.0219702,-0.0052898,-0.011543,-0.019772,0.0356937,-0.00489031,0.065607,0,0,0,0,0,0,0,0,0,-5.88118e-11,0,0,0,0,0,0,0,0,0.905991,4.06882e-09,0,0,0,0,0,0,0,0,0,0,0,0,0,0,0,0,4.06792e-09,0.905991,
2.60209e-12,0.00548974,-0.0187867,-0.000591754,0.0013165,-5.24889e-05,2.8089e-05,0,0,0.408341,-0.0113324,0.195745,0.00297903,-0.0151685,-0.00244639,-0.00220084,0,0,1.38778e-11,0.0789494,-0.00410128,0.0293887,0.00205728,0.00119278,-4.62723e-05,0,0,-0.0113119,0.628654,-0.000219946,-0.0769105,0.0032332,-0.0196701,-0.00053476,0,0,-8.67362e-12,-0.00490181,0.0553644,-2.41555e-05,-0.00103585,-0.000128904,-8.65316e-06,0,0,0.196172,-0.000139143,0.391979,-0.00607705,-0.0241251,-8.90126e-05,-0.00114999,0,0,6.93889e-12,0.0476505,0.00186171,-0.025188,-0.00311514,0.0031346,-0.00012824,0,0,0.00306144,-0.0779095,-0.00603158,0.608891,0.0201553,0.0571161,-0.00196874,0,0,-1.56125e-11,0.0242473,5.60155e-05,-0.034546,0.0263158,-0.00119873,0.000457472,0,0,-0.150787,0.0318643,-0.240702,0.201871,0.308447,-0.0396614,0.0356197,0,0,-4.85723e-11,0.0520679,-0.00678412,0.00562561,0.00848223,-0.0647276,0.00243349,0,0,-0.0242923,-0.196952,-0.000807397,0.571388,-0.0395954,0.396898,-0.00488,0,0,0,-0.00329274,0.00175074,0.00471261,-0.000968952,0.00342244,6.78325e-05,0,0,-0.0219939,-0.005294,-0.0115517,-0.0197642,0.0356811,-0.00489124,0.0656082,0,0,0,0,-2.40048e-12,0,0,0,0,0,0,0,0,0,0,0,0,0,0.905991,4.09792e-09,0,0,2.40048e-12,0,0,0,0,1.20024e-12,0,0,0,0,0,0,0,0,4.09852e-09,0.905991,
4.33681e-12,0.0054861,-0.0187872,-0.000590383,0.00131307,-5.23908e-05,2.80827e-05,0,0,0.408493,-0.011338,0.195592,0.00297388,-0.0151347,-0.00243947,-0.00220321,0,0,0,0.0789521,-0.00409997,0.0293525,0.00205554,0.00119334,-4.63058e-05,0,0,-0.0113174,0.628666,-0.000220724,-0.0769207,0.00323406,-0.01966,-0.000535191,0,0,-1.04083e-11,-0.00490184,0.0554046,-1.87347e-05,-0.00103471,-0.000127922,-8.69624e-06,0,0,0.19602,-0.000139909,0.3921,-0.00608735,-0.0241141,-8.52036e-05,-0.00115085,0,0,-5.20417e-12,0.0476116,0.00186398,-0.0251523,-0.00311171,0.00313407,-0.000128274,0,0,0.00305661,-0.0779207,-0.0060416,0.608882,0.0201581,0.0571189,-0.00196795,0,0,1.9082e-11,0.0242334,9.43447e-05,-0.034531,0.0262781,-0.001212,0.00045822,0,0,-0.150448,0.0318724,-0.240592,0.201899,0.308487,-0.0396635,0.035607,0,0,5.55112e-11,0.0520924,-0.00677747,0.00555585,0.00846379,-0.0647019,0.00243337,0,0,-0.0242224,-0.196851,-0.000768837,0.571417,-0.0395974,0.396907,-0.00488091,0,0,1.73472e-12,-0.00329239,0.00174979,0.0047132,-0.000965499,0.00342331,6.84762e-05,0,0,-0.0220176,-0.00529822,-0.0115604,-0.0197565,0.0356685,-0.00489216,0.0656094,0,0,0,-3.60072e-12,0,-3.60072e-12,0,0,-3.60072e-12,0,0,0,0,0,0,0,0,0,0.905991,4.22545e-09,0,0,0,0,0,0,0,-1.15223e-10,0,0,0,0,0,0,0,0,4.22605e-09,0.905991,
-3.03577e-12,0.00548246,-0.0187876,-0.000588985,0.00130964,-5.22695e-05,2.80757e-05,0,0,0.408645,-0.0113435,0.195438,0.00296871,-0.0151009,-0.00243252,-0.00220559,0,0,-2.77556e-11,0.0789548,-0.00409866,0.0293162,0.0020538,0.0011939,-4.63392e-05,0,0,-0.0113228,0.628679,-0.000221508,-0.0769309,0.00323492,-0.0196499,-0.000535623,0,0,6.93889e-12,-0.00490186,0.0554449,-1.32313e-05,-0.00103356,-0.000126919,-8.73981e-06,0,0,0.195867,-0.000140681,0.392222,-0.00609768,-0.0241031,-8.13801e-05,-0.00115171,0,0,-2.25514e-11,0.0475726,0.00186627,-0.0251166,-0.00310826,0.00313354,-0.000128307,0,0,0.00305177,-0.0779318,-0.00605164,0.608873,0.0201609,0.0571217,-0.00196715,0,0,-3.46945e-12,0.0242195,0.000132759,-0.034516,0.0262403,-0.00122538,0.00045897,0,0,-0.150109,0.0318805,-0.240481,0.201927,0.308528,-0.0396655,0.0355943,0,0,6.245e-11,0.0521169,-0.00677078,0.00548604,0.00844519,-0.064676,0.00243324,0,0,-0.0241523,-0.19675,-0.000730133,0.571445,-0.0395993,0.396915,-0.00488183,0,0,1.73472e-12,-0.00329203,0.00174883,0.00471378,-0.000962036,0.00342419,6.91236e-05,0,0,-0.0220413,-0.00530244,-0.0115691,-0.0197487,0.0356559,-0.00489309,0.0656105,0,0,0,0,0,0,0,0,0,0,0,0,0,0,0,0,0,0,0.905991,-4.464e-09,0,0,0,0,0,0,0,0,0,0,0,0,0,0,0,0,-4.4652e-09,0.905991,
5.63785e-12,0.00547883,-0.018788,-0.000587557,0.0013062,-5.2133e-05,2.80681e-05,0,0,0.408797,-0.0113491,0.195285,0.00296352,-0.015067,-0.00242555,-0.00220797,0,0,1.38778e-11,0.0789575,-0.00409736,0.0292799,0.00205205,0.00119445,-4.63725e-05,0,0,-0.0113283,0.628691,-0.000222298,-0.076941,0.00323578,-0.0196397,-0.000536055,0,0,-1.73472e-11,-0.00490188,0.0554851,-7.64763e-06,-0.00103241,-0.000125899,-8.78378e-06,0,0,0.195714,-0.000141459,0.392343,-0.00610803,-0.0240921,-7.75421e-05,-0.00115258,0,0,1.73472e-12,0.0475336,0.00186856,-0.0250808,-0.00310479,0.00313302,-0.00012834,0,0,0.00304691,-0.0779429,-0.00606171,0.608864,0.0201637,0.0571244,-0.00196636,0,0,-2.08167e-11,0.0242056,0.000171257,-0.0345009,0.0262024,-0.00123889,0.000459722,0,0,-0.14977,0.0318887,-0.24037,0.201955,0.308568,-0.0396675,0.0355815,0,0,6.93889e-12,0.0521414,-0.00676405,0.00541618,0.00842644,-0.0646502,0.00243311,0,0,-0.0240818,-0.19665,-0.000691286,0.571474,-0.0396011,0.396923,-0.00488274,0,0,0,-0.00329168,0.00174787,0.00471437,-0.000958563,0.00342506,6.9775e-05,0,0,-0.0220651,-0.00530667,-0.0115778,-0.0197409,0.0356432,-0.00489401,0.0656117,0,0,0,1.20024e-12,0,0,-1.20024e-12,0,-1.20024e-12,0,0,0,0,0,0,0,0,0,0.905991,-4.56332e-09,0,-1.20024e-12,0,0,0,0,0,0,0,0,0,0,0,0,0,0,-4.56392e-09,0.905991,
-4.33681e-13,0.0054752,-0.0187883,-0.000586102,0.00130276,-5.19862e-05,2.80602e-05,0,0,0.40895,-0.0113546,0.195131,0.00295832,-0.0150331,-0.00241855,-0.00221034,0,0,0,0.0789602,-0.00409605,0.0292436,0.00205029,0.00119501,-4.64058e-05,0,0,-0.0113338,0.628703,-0.000223093,-0.0769512,0.00323664,-0.0196296,-0.000536489,0,0,2.60209e-12,-0.00490189,0.0555253,-1.9919e-06,-0.00103125,-0.000124866,-8.82805e-06,0,0,0.195561,-0.000142244,0.392464,-0.0061184,-0.0240811,-7.36895e-05,-0.00115344,0,0,1.73472e-12,0.0474945,0.00187085,-0.0250449,-0.00310129,0.00313249,-0.000128373,0,0,0.00304203,-0.0779541,-0.0060718,0.608856,0.0201665,0.0571272,-0.00196557,0,0,1.38778e-11,0.0241916,0.000209841,-0.0344857,0.0261643,-0.00125251,0.000460476,0,0,-0.149431,0.031897,-0.240259,0.201983,0.308609,-0.0396695,0.0355688,0,0,-6.93889e-11,0.0521659,-0.00675727,0.00534626,0.00840755,-0.0646243,0.00243298,0,0,-0.0240112,-0.196549,-0.000652299,0.571502,-0.039603,0.396932,-0.00488365,0,0,-1.73472e-12,-0.00329131,0.00174691,0.00471496,-0.000955081,0.00342594,7.04303e-05,0,0,-0.0220888,-0.00531091,-0.0115866,-0.0197331,0.0356306,-0.00489494,0.0656129,0,0,0,1.20024e-12,0,-1.20024e-12,0,-1.20024e-12,0,0,0,0,0,0,0,0,0,0,0.905991,-4.51621e-09,0,1.20024e-12,0,-1.20024e-12,0,-1.20024e-12,0,0,0,0,0,0,0,0,0,0,-4.51651e-09,0.905991,
4.77049e-12,0.00547157,-0.0187886,-0.000584625,0.00129931,-5.18318e-05,2.8052e-05,0,0,0.409102,-0.0113602,0.194977,0.0029531,-0.0149992,-0.00241153,-0.00221272,0,0,0,0.0789628,-0.00409475,0.0292072,0.00204853,0.00119555,-4.64389e-05,0,0,-0.0113393,0.628715,-0.000223894,-0.0769613,0.00323751,-0.0196194,-0.000536923,0,0,-1.47451e-11,-0.0049019,0.0555656,3.7266e-06,-0.00103008,-0.000123822,-8.87261e-06,0,0,0.195408,-0.000143035,0.392586,-0.0061288,-0.02407,-6.98225e-05,-0.00115431,0,0,-3.46945e-12,0.0474554,0.00187315,-0.0250091,-0.00309778,0.00313197,-0.000128406,0,0,0.00303714,-0.0779652,-0.00608191,0.608847,0.0201693,0.0571299,-0.00196477,0,0,6.93889e-12,0.0241776,0.00024851,-0.0344704,0.026126,-0.00126625,0.000461232,0,0,-0.149091,0.0319052,-0.240147,0.202011,0.30865,-0.0396715,0.035556,0,0,2.08167e-11,0.0521904,-0.00675045,0.0052763,0.00838852,-0.0645983,0.00243284,0,0,-0.0239403,-0.196448,-0.000613172,0.571531,-0.0396048,0.39694,-0.00488456,0,0,0,-0.00329094,0.00174595,0.00471556,-0.000951591,0.00342682,7.10893e-05,0,0,-0.0221126,-0.00531515,-0.0115953,-0.0197253,0.0356179,-0.00489586,0.0656141,0,0,0,1.20024e-12,0,0,1.20024e-12,0,0,0,0,0,0,0,0,0,0,0,0.905991,-4.34637e-09,0,-2.40048e-12,0,0,-2.40048e-12,0,0,0,0,0,0,0,0,0,0,0,-4.34607e-09,0.905991,
-1.73472e-12,0.00546793,-0.0187888,-0.000583129,0.00129586,-5.16709e-05,2.80435e-05,0,0,0.409255,-0.0113657,0.194823,0.00294786,-0.0149653,-0.00240448,-0.0022151,0,0,-1.38778e-11,0.0789654,-0.00409344,0.0291707,0.00204677,0.0011961,-4.64721e-05,0,0,-0.0113448,0.628728,-0.000224701,-0.0769714,0.00323838,-0.0196093,-0.000537358,0,0,-8.67362e-13,-0.0049019,0.0556058,9.4999e-06,-0.00102891,-0.000122769,-8.91742e-06,0,0,0.195254,-0.000143831,0.392707,-0.00613922,-0.024059,-6.59413e-05,-0.00115519,0,0,1.04083e-11,0.0474162,0.00187545,-0.0249731,-0.00309424,0.00313144,-0.000128439,0,0,0.00303224,-0.0779763,-0.00609204,0.608838,0.0201721,0.0571326,-0.00196397,0,0,-3.46945e-11,0.0241635,0.000287265,-0.0344551,0.0260877,-0.00128008,0.00046199,0,0,-0.148752,0.0319135,-0.240036,0.202039,0.308691,-0.0396734,0.0355432,0,0,-1.45717e-10,0.052215,-0.00674358,0.00520628,0.00836936,-0.0645723,0.0024327,0,0,-0.0238692,-0.196347,-0.000573908,0.571559,-0.0396066,0.396949,-0.00488547,0,0,0,-0.00329057,0.00174499,0.00471615,-0.000948093,0.0034277,7.17518e-05,0,0,-0.0221363,-0.00531941,-0.0116041,-0.0197174,0.0356052,-0.00489679,0.0656153,0,0,0,1.20024e-12,1.20024e-12,0,0,-1.20024e-12,-1.20024e-12,0,0,0,0,0,0,0,0,0,0.905991,4.09432e-09,0,0,0,0,0,0,0,0,0,0,0,0,0,0,0,0,4.09372e-09,0.905991,
2.1684e-12,0.0054643,-0.018789,-0.000581617,0.0012924,-5.15042e-05,2.80347e-05,0,0,0.409408,-0.0113713,0.194668,0.00294261,-0.0149313,-0.00239741,-0.00221748,0,0,1.38778e-11,0.0789679,-0.00409213,0.0291342,0.002045,0.00119665,-4.65051e-05,0,0,-0.0113503,0.62874,-0.000225515,-0.0769815,0.00323926,-0.0195991,-0.000537793,0,0,-6.07153e-12,-0.00490189,0.055646,1.5322e-05,-0.00102773,-0.000121706,-8.96247e-06,0,0,0.1951,-0.000144634,0.392829,-0.00614966,-0.0240479,-6.20459e-05,-0.00115606,0,0,-5.20417e-12,0.047377,0.00187776,-0.0249372,-0.00309069,0.00313092,-0.000128472,0,0,0.00302731,-0.0779874,-0.0061022,0.608829,0.0201748,0.0571354,-0.00196317,0,0,3.46945e-12,0.0241495,0.000326106,-0.0344397,0.0260491,-0.00129402,0.000462751,0,0,-0.148412,0.0319218,-0.239924,0.202067,0.308732,-0.0396753,0.0355304,0,0,-2.77556e-11,0.0522395,-0.00673667,0.0051362,0.00835008,-0.0645462,0.00243256,0,0,-0.0237978,-0.196246,-0.000534509,0.571588,-0.0396084,0.396957,-0.00488638,0,0,-1.73472e-12,-0.0032902,0.00174402,0.00471674,-0.000944588,0.00342859,7.24175e-05,0,0,-0.02216,-0.00532367,-0.0116129,-0.0197095,0.0355925,-0.00489771,0.0656165,0,0,0,0,0,0,0,0,0,0,0,0,0,0,0,0,0,0,0.905991,3.9812e-09,0,0,0,0,0,0,0,0,0,0,0,0,0,0,0,0,3.9803e-09,0.905991,
3.03577e-12,0.00546066,-0.0187891,-0.000580093,0.00128894,-5.13316e-05,2.80257e-05,0,0,0.409561,-0.0113768,0.194513,0.00293735,-0.0148974,-0.00239031,-0.00221985,0,0,1.38778e-11,0.0789705,-0.00409082,0.0290977,0.00204322,0.00119719,-4.65382e-05,0,0,-0.0113558,0.628752,-0.000226335,-0.0769916,0.00324014,-0.019589,-0.00053823,0,0,-9.54098e-12,-0.00490188,0.0556863,2.11891e-05,-0.00102654,-0.000120634,-9.00776e-06,0,0,0.194946,-0.000145444,0.39295,-0.00616013,-0.0240368,-5.81366e-05,-0.00115693,0,0,-1.38778e-11,0.0473377,0.00188007,-0.0249011,-0.00308712,0.00313039,-0.000128505,0,0,0.00302238,-0.0779985,-0.00611238,0.60882,0.0201776,0.0571381,-0.00196237,0,0,0,0.0241353,0.000365034,-0.0344242,0.0260105,-0.00130805,0.000463513,0,0,-0.148072,0.0319302,-0.239813,0.202095,0.308773,-0.0396772,0.0355176,0,0,9.02056e-11,0.0522641,-0.00672972,0.00506607,0.00833069,-0.0645201,0.00243241,0,0,-0.0237262,-0.196146,-0.000494977,0.571616,-0.0396101,0.396966,-0.00488729,0,0,-1.73472e-12,-0.00328982,0.00174306,0.00471733,-0.000941075,0.00342947,7.30863e-05,0,0,-0.0221838,-0.00532794,-0.0116218,-0.0197016,0.0355797,-0.00489863,0.0656176,0,0,0,0,0,0,0,0,0,0,0,0,0,0,0,0,0,0,0.905991,3.9698e-09,0,0,0,0,0,0,0,0,0,0,0,0,0,0,0,0,3.9698e-09,0.905991,
1.30104e-12,0.00545702,-0.0187891,-0.000578556,0.00128547,-5.11529e-05,2.80164e-05,0,0,0.409714,-0.0113824,0.194358,0.00293207,-0.0148634,-0.00238319,-0.00222223,0,0,0,0.0789729,-0.00408951,0.0290611,0.00204144,0.00119773,-4.65711e-05,0,0,-0.0113613,0.628764,-0.000227161,-0.0770017,0.00324102,-0.0195788,-0.000538667,0,0,-6.93889e-12,-0.00490187,0.0557265,2.70985e-05,-0.00102535,-0.000119553,-9.05329e-06,0,0,0.194791,-0.000146259,0.393072,-0.00617061,-0.0240257,-5.42135e-05,-0.00115781,0,0,2.60209e-11,0.0472983,0.00188238,-0.0248651,-0.00308353,0.00312986,-0.000128537,0,0,0.00301743,-0.0780096,-0.00612258,0.608812,0.0201803,0.0571408,-0.00196157,0,0,-3.1225e-11,0.0241212,0.000404048,-0.0344087,0.0259717,-0.00132216,0.000464277,0,0,-0.147731,0.0319386,-0.239701,0.202122,0.308814,-0.0396791,0.0355047,0,0,-8.32667e-11,0.0522886,-0.00672273,0.00499588,0.00831119,-0.0644939,0.00243227,0,0,-0.0236544,-0.196045,-0.000455314,0.571644,-0.0396119,0.396974,-0.0048882,0,0,1.73472e-12,-0.00328944,0.00174209,0.00471792,-0.000937555,0.00343036,7.37581e-05,0,0,-0.0222075,-0.00533222,-0.0116306,-0.0196937,0.035567,-0.00489955,0.0656188,0,0,0,0,-1.20024e-12,0,-1.20024e-12,0,-1.20024e-12,0,0,0,0,0,0,0,0,0,0.905991,4.05111e-09,0,0,-1.20024e-12,0,-1.20024e-12,0,-1.20024e-12,0,0,0,0,0,0,0,0,0,4.05051e-09,0.905991,
-8.67362e-13,0.00545338,-0.0187891,-0.000577007,0.001282,-5.09677e-05,2.80069e-05,0,0,0.409867,-0.0113879,0.194202,0.00292677,-0.0148294,-0.00237604,-0.00222461,0,0,1.38778e-11,0.0789754,-0.00408819,0.0290245,0.00203965,0.00119827,-4.6604e-05,0,0,-0.0113668,0.628776,-0.000227995,-0.0770118,0.00324191,-0.0195686,-0.000539105,0,0,3.46945e-12,-0.00490185,0.0557668,3.30524e-05,-0.00102416,-0.000118463,-9.09908e-06,0,0,0.194637,-0.00014708,0.393193,-0.00618112,-0.0240146,-5.02768e-05,-0.00115869,0,0,-1.73472e-12,0.0472588,0.0018847,-0.024829,-0.00307992,0.00312933,-0.00012857,0,0,0.00301246,-0.0780207,-0.0061328,0.608803,0.0201831,0.0571435,-0.00196076,0,0,0,0.024107,0.00044315,-0.0343932,0.0259328,-0.00133636,0.000465042,0,0,-0.147391,0.0319471,-0.239589,0.20215,0.308856,-0.0396809,0.0354919,0,0,-6.93889e-12,0.0523132,-0.0067157,0.00492564,0.00829157,-0.0644677,0.00243211,0,0,-0.0235823,-0.195944,-0.000415522,0.571672,-0.0396136,0.396983,-0.00488911,0,0,0,-0.00328906,0.00174112,0.0047185,-0.000934028,0.00343125,7.44328e-05,0,0,-0.0222313,-0.0053365,-0.0116395,-0.0196858,0.0355542,-0.00490047,0.06562,0,0,0,0,0,0,0,0,0,0,0,0,0,0,0,0,0,0,0.905991,4.22485e-09,0,0,1.20024e-12,0,-1.20024e-12,0,1.20024e-12,0,0,0,0,0,0,0,0,0,4.22605e-09,0.905991,
-3.03577e-12,0.00544973,-0.0187891,-0.000575421,0.00127853,-5.07863e-05,2.79973e-05,0,0,0.41002,-0.0113935,0.194047,0.00292146,-0.0147954,-0.00236888,-0.00222699,0,0,1.38778e-11,0.0789778,-0.00408687,0.0289878,0.00203786,0.0011988,-4.6637e-05,0,0,-0.0113723,0.628788,-0.000228836,-0.0770219,0.0032428,-0.0195585,-0.000539544,0,0,1.04083e-11,-0.00490182,0.055807,3.90842e-05,-0.00102296,-0.000117369,-9.14495e-06,0,0,0.194482,-0.000147908,0.393315,-0.00619164,-0.0240035,-4.63268e-05,-0.00115957,0,0,-1.56125e-11,0.0472193,0.00188703,-0.0247928,-0.00307629,0.0031288,-0.000128603,0,0,0.00300749,-0.0780318,-0.00614304,0.608794,0.0201858,0.0571462,-0.00195995,0,0,1.73472e-11,0.0240928,0.000482337,-0.0343776,0.0258937,-0.0013507,0.000465811,0,0,-0.14705,0.0319555,-0.239477,0.202178,0.308897,-0.0396827,0.035479,0,0,-2.77556e-11,0.0523377,-0.00670862,0.00485533,0.0082718,-0.0644414,0.00243196,0,0,-0.0235101,-0.195843,-0.000375604,0.5717,-0.0396152,0.396991,-0.00489001,0,0,-1.73472e-12,-0.00328867,0.00174015,0.00471909,-0.000930494,0.00343215,7.51122e-05,0,0,-0.022255,-0.0053408,-0.0116484,-0.0196779,0.0355415,-0.0049014,0.0656212,0,0,0,0,0,0,0,0,0,0,0,0,0,0,0,0,0,0,0.905991,-4.51531e-09,0,0,0,0,0,0,0,0,0,0,0,0,0,0,0,0,-4.51561e-09,0.905991,
3.03577e-12,0.00544598,-0.0187891,-0.000573884,0.00127509,-5.08208e-05,2.79935e-05,0,0,0.410174,-0.0113991,0.19389,0.00291614,-0.0147614,-0.00236169,-0.00222937,0,0,-1.38778e-11,0.0789802,-0.00408553,0.028951,0.00203607,0.00119936,-4.66716e-05,0,0,-0.0113778,0.6288,-0.000229684,-0.077032,0.00324369,-0.0195483,-0.000539983,0,0,-1.04083e-11,-0.00490179,0.0558473,4.48937e-05,-0.00102179,-0.000116421,-9.18736e-06,0,0,0.194326,-0.000148742,0.393436,-0.00620219,-0.0239924,-4.23657e-05,-0.00116045,0,0,0,0.0471798,0.00188935,-0.0247566,-0.00307273,0.00312826,-0.000128639,0,0,0.00300249,-0.0780429,-0.0061533,0.608786,0.0201886,0.0571489,-0.00195914,0,0,6.93889e-12,0.0240785,0.000521597,-0.034362,0.0258546,-0.00136511,0.00046659,0,0,-0.146709,0.031964,-0.239365,0.202205,0.308939,-0.0396845,0.0354661,0,0,-2.77556e-11,0.0523623,-0.00670153,0.00478499,0.00825222,-0.064415,0.00243187,0,0,-0.0234376,-0.195742,-0.000335554,0.571728,-0.0396169,0.397,-0.00489092,0,0,0,-0.00328829,0.00173918,0.00471967,-0.00092696,0.00343315,7.5797e-05,0,0,-0.0222788,-0.0053451,-0.0116573,-0.0196699,0.0355287,-0.00490232,0.0656224,0,0,0,0,0,0,0,0,0,5.88118e-11,0,0,0,0,0,0,0,0,0.905991,-4.66504e-09,0,-1.20024e-12,0,0,-1.20024e-12,-1.20024e-12,0,-1.20024e-12,0,0,0,0,0,0,0,0,-4.66474e-09,0.905991,
4.77049e-12,0.00544223,-0.018789,-0.000572459,0.00127166,-5.08224e-05,2.79881e-05,0,0,0.410328,-0.0114046,0.193734,0.00291081,-0.0147273,-0.00235449,-0.00223174,0,0,2.77556e-11,0.0789826,-0.00408417,0.0289143,0.00203428,0.00119993,-4.6706e-05,0,0,-0.0113833,0.628812,-0.000230539,-0.077042,0.00324459,-0.0195381,-0.000540423,0,0,-1.47451e-11,-0.00490179,0.0558875,5.05518e-05,-0.0010206,-0.000115452,-9.23043e-06,0,0,0.194171,-0.000149582,0.393558,-0.00621276,-0.0239812,-3.83924e-05,-0.00116134,0,0,1.73472e-12,0.0471402,0.00189167,-0.0247204,-0.00306916,0.00312771,-0.000128673,0,0,0.00299748,-0.0780539,-0.00616359,0.608777,0.0201913,0.0571516,-0.00195833,0,0,-1.73472e-11,0.0240642,0.000560942,-0.0343465,0.0258154,-0.00137939,0.00046736,0,0,-0.146368,0.0319726,-0.239253,0.202232,0.30898,-0.0396863,0.0354532,0,0,-3.46945e-11,0.0523869,-0.00669442,0.00471465,0.00823274,-0.0643885,0.00243177,0,0,-0.0233649,-0.195641,-0.000295366,0.571756,-0.0396185,0.397009,-0.00489183,0,0,0,-0.0032879,0.0017382,0.00472024,-0.000923424,0.00343413,7.64776e-05,0,0,-0.0223025,-0.0053494,-0.0116662,-0.0196619,0.0355159,-0.00490324,0.0656236,0,0,0,0,0,0,0,0,0,0,0,0,0,0,0,0,0,0,0.905991,-4.65574e-09,0,0,-1.20024e-12,1.20024e-12,0,-1.20024e-12,1.20024e-12,0,0,0,0,0,0,0,0,0,-4.65604e-09,0.905991,
-3.90313e-12,0.00543849,-0.0187889,-0.000571094,0.00126822,-5.07885e-05,2.79816e-05,0,0,0.410481,-0.0114102,0.193578,0.00290546,-0.0146932,-0.00234726,-0.00223412,0,0,-1.38778e-11,0.0789849,-0.0040828,0.0288776,0.0020325,0.00120049,-4.67403e-05,0,0,-0.0113888,0.628824,-0.000231399,-0.0770521,0.00324549,-0.0195279,-0.000540864,0,0,1.38778e-11,-0.00490181,0.0559278,5.61486e-05,-0.0010194,-0.000114459,-9.27401e-06,0,0,0.194015,-0.000150428,0.39368,-0.00622335,-0.0239701,-3.4406e-05,-0.00116223,0,0,-8.67362e-12,0.0471005,0.00189398,-0.0246842,-0.00306557,0.00312716,-0.000128708,0,0,0.00299246,-0.078065,-0.0061739,0.608768,0.020194,0.0571542,-0.00195752,0,0,2.08167e-11,0.0240499,0.000600371,-0.0343311,0.0257761,-0.00139361,0.000468125,0,0,-0.146027,0.0319812,-0.239141,0.20226,0.309022,-0.039688,0.0354403,0,0,-3.46945e-11,0.0524115,-0.00668729,0.00464429,0.00821326,-0.0643621,0.00243166,0,0,-0.0232919,-0.195539,-0.000255035,0.571784,-0.0396201,0.397017,-0.00489274,0,0,-1.73472e-12,-0.00328751,0.00173721,0.0047208,-0.000919882,0.00343508,7.7157e-05,0,0,-0.0223263,-0.00535371,-0.0116751,-0.0196539,0.0355031,-0.00490416,0.0656248,0,0,0,0,0,0,0,0,0,0,0,0,0,0,0,0,0,0,0.905991,-4.5048e-09,0,0,0,0,0,0,0,0,0,0,0,0,0,0,0,0,-4.50541e-09,0.905991,
-3.03577e-12,0.00543477,-0.0187887,-0.000569747,0.00126478,-5.0687e-05,2.79731e-05,0,0,0.410635,-0.0114158,0.193421,0.00290009,-0.0146592,-0.00234,-0.0022365,0,0,0,0.0789872,-0.00408142,0.0288409,0.0020307,0.00120105,-4.67742e-05,0,0,-0.0113943,0.628836,-0.000232265,-0.0770621,0.00324639,-0.0195178,-0.000541306,0,0,9.54098e-12,-0.00490185,0.0559681,6.17845e-05,-0.00101818,-0.000113415,-9.31868e-06,0,0,0.193859,-0.000151282,0.393801,-0.00623397,-0.0239589,-3.04053e-05,-0.00116311,0,0,-6.93889e-12,0.0470608,0.0018963,-0.0246479,-0.00306196,0.00312662,-0.000128741,0,0,0.00298742,-0.0780761,-0.00618422,0.608759,0.0201967,0.0571569,-0.0019567,0,0,3.46945e-12,0.0240355,0.000639885,-0.0343156,0.0257368,-0.00140785,0.000468886,0,0,-0.145686,0.0319898,-0.239028,0.202287,0.309064,-0.0396897,0.0354274,0,0,-6.245e-11,0.0524361,-0.00668013,0.0045739,0.00819367,-0.0643356,0.00243153,0,0,-0.0232187,-0.195438,-0.000214559,0.571811,-0.0396216,0.397026,-0.00489364,0,0,0,-0.00328712,0.00173623,0.00472136,-0.000916331,0.003436,7.78367e-05,0,0,-0.02235,-0.00535804,-0.0116841,-0.0196459,0.0354902,-0.00490508,0.065626,0,0,0,0,1.20024e-12,-1.20024e-12,0,0,0,0,0,0,0,0,0,0,0,0,0.905991,4.25425e-09,0,0,0,0,0,0,0,0,0,0,0,0,0,0,0,0,4.25485e-09,0.905991,
5.20417e-12,0.00543107,-0.0187885,-0.000568375,0.00126132,-5.05327e-05,2.79632e-05,0,0,0.410789,-0.0114214,0.193264,0.00289471,-0.0146251,-0.00233272,-0.00223888,0,0,1.38778e-11,0.0789895,-0.00408005,0.0288041,0.00202891,0.0012016,-4.68077e-05,0,0,-0.0113998,0.628848,-0.000233137,-0.0770722,0.0032473,-0.0195076,-0.000541748,0,0,-1.73472e-11,-0.00490188,0.0560083,6.75197e-05,-0.00101695,-0.00011233,-9.36427e-06,0,0,0.193702,-0.000152142,0.393923,-0.00624461,-0.0239477,-2.63899e-05,-0.00116401,0,0,-1.04083e-11,0.047021,0.00189862,-0.0246116,-0.00305831,0.00312608,-0.000128773,0,0,0.00298237,-0.0780871,-0.00619458,0.608751,0.0201994,0.0571596,-0.00195589,0,0,-1.73472e-11,0.0240211,0.000679484,-0.0343,0.0256972,-0.00142218,0.000469647,0,0,-0.145344,0.0319984,-0.238915,0.202314,0.309106,-0.0396914,0.0354144,0,0,-4.16334e-11,0.0524606,-0.00667291,0.00450346,0.00817391,-0.0643091,0.00243139,0,0,-0.0231453,-0.195337,-0.000173942,0.571839,-0.0396232,0.397035,-0.00489455,0,0,-1.73472e-12,-0.00328672,0.00173524,0.00472192,-0.000912769,0.00343691,7.85193e-05,0,0,-0.0223738,-0.00536236,-0.0116931,-0.0196379,0.0354774,-0.004906,0.0656272,0,0,0,0,0,0,0,0,0,-5.76116e-11,0,0,0,0,0,0,0,0,0.905991,4.15283e-09,0,0,0,0,0,0,0,0,0,0,0,0,0,0,0,0,4.15433e-09,0.905991,
-2.1684e-12,0.00542739,-0.0187883,-0.000566962,0.00125786,-5.03442e-05,2.79523e-05,0,0,0.410943,-0.0114269,0.193106,0.00288931,-0.0145909,-0.00232542,-0.00224126,0,0,-1.38778e-11,0.0789917,-0.00407868,0.0287673,0.00202711,0.00120214,-4.6841e-05,0,0,-0.0114053,0.62886,-0.000234015,-0.0770822,0.00324821,-0.0194974,-0.000542192,0,0,6.07153e-12,-0.0049019,0.0560486,7.33721e-05,-0.00101571,-0.000111215,-9.41051e-06,0,0,0.193546,-0.000153009,0.394045,-0.00625527,-0.0239365,-2.23596e-05,-0.0011649,0,0,1.04083e-11,0.0469811,0.00190095,-0.0245752,-0.00305463,0.00312554,-0.000128805,0,0,0.0029773,-0.0780981,-0.00620495,0.608742,0.0202021,0.0571622,-0.00195507,0,0,6.93889e-12,0.0240067,0.000719168,-0.0342844,0.0256575,-0.00143664,0.000470409,0,0,-0.145003,0.0320071,-0.238803,0.202341,0.309148,-0.0396931,0.0354014,0,0,-2.77556e-11,0.0524853,-0.00666565,0.00443297,0.00815396,-0.0642825,0.00243124,0,0,-0.0230716,-0.195236,-0.000133184,0.571866,-0.0396247,0.397043,-0.00489545,0,0,-3.46945e-12,-0.00328632,0.00173425,0.00472248,-0.000909196,0.0034378,7.92061e-05,0,0,-0.0223976,-0.0053667,-0.0117021,-0.0196298,0.0354645,-0.00490692,0.0656283,0,0,0,0,0,0,0,0,0,0,0,0,0,0,0,0,0,0,0.905991,4.16664e-09,0,0,0,0,0,0,0,0,0,0,0,0,0,0,0,0,4.16544e-09,0.905991,
6.50521e-12,0.00542371,-0.018788,-0.000565505,0.00125438,-5.01348e-05,2.79407e-05,0,0,0.411097,-0.0114325,0.192948,0.00288389,-0.0145568,-0.00231809,-0.00224364,0,0,-1.38778e-11,0.0789939,-0.00407731,0.0287304,0.0020253,0.00120269,-4.68742e-05,0,0,-0.0114108,0.628872,-0.000234899,-0.0770922,0.00324913,-0.0194872,-0.000542636,0,0,-2.1684e-11,-0.00490191,0.0560889,7.9336e-05,-0.00101447,-0.000110078,-9.45723e-06,0,0,0.193389,-0.000153884,0.394167,-0.00626595,-0.0239253,-1.83147e-05,-0.00116579,0,0,5.20417e-12,0.0469412,0.00190329,-0.0245388,-0.00305093,0.003125,-0.000128837,0,0,0.00297222,-0.0781092,-0.00621534,0.608734,0.0202048,0.0571649,-0.00195425,0,0,-1.38778e-11,0.0239922,0.000758937,-0.0342686,0.0256177,-0.00145125,0.000471174,0,0,-0.144661,0.0320158,-0.23869,0.202368,0.30919,-0.0396947,0.0353885,0,0,2.77556e-11,0.0525099,-0.00665834,0.00436243,0.00813382,-0.0642559,0.00243108,0,0,-0.0229977,-0.195135,-9.22912e-05,0.571894,-0.0396262,0.397052,-0.00489636,0,0,1.73472e-12,-0.00328592,0.00173325,0.00472304,-0.000905613,0.00343869,7.98975e-05,0,0,-0.0224213,-0.00537105,-0.0117111,-0.0196217,0.0354516,-0.00490783,0.0656295,0,0,0,0,-2.40048e-12,0,-2.40048e-12,-2.40048e-12,-2.40048e-12,0,0,0,0,0,0,0,0,0,0.905991,4.28276e-09,0,0,1.20024e-12,0,1.20024e-12,1.20024e-12,1.20024e-12,0,0,0,0,0,0,0,0,0,4.28276e-09,0.905991,
-2.60209e-12,0.00542004,-0.0187876,-0.000564009,0.0012509,-4.99126e-05,2.79287e-05,0,0,0.411252,-0.0114381,0.19279,0.00287846,-0.0145227,-0.00231074,-0.00224602,0,0,0,0.078996,-0.00407595,0.0286936,0.00202349,0.00120322,-4.69072e-05,0,0,-0.0114164,0.628883,-0.00023579,-0.0771022,0.00325005,-0.019477,-0.000543081,0,0,6.93889e-12,-0.0049019,0.0561292,8.5397e-05,-0.00101321,-0.000108927,-9.5043e-06,0,0,0.193231,-0.000154764,0.394289,-0.00627666,-0.0239141,-1.42554e-05,-0.00116669,0,0,-2.42861e-11,0.0469012,0.00190564,-0.0245023,-0.00304719,0.00312446,-0.000128869,0,0,0.00296713,-0.0781202,-0.00622576,0.608725,0.0202075,0.0571675,-0.00195343,0,0,-1.04083e-11,0.0239777,0.000798791,-0.0342528,0.0255777,-0.001466,0.000471941,0,0,-0.144319,0.0320246,-0.238577,0.202395,0.309233,-0.0396963,0.0353755,0,0,4.85723e-11,0.0525345,-0.00665099,0.00429183,0.00811351,-0.0642292,0.00243091,0,0,-0.0229236,-0.195033,-5.12672e-05,0.571921,-0.0396276,0.397061,-0.00489726,0,0,0,-0.0032855,0.00173226,0.00472361,-0.00090202,0.00343959,8.05933e-05,0,0,-0.0224451,-0.0053754,-0.0117202,-0.0196137,0.0354388,-0.00490875,0.0656307,0,0,0,0,0,0,0,0,0,0,0,0,0,0,0,0,0,0,0.905991,-4.51441e-09,0,0,0,0,0,0,0,0,0,0,0,0,0,0,0,0,-4.51441e-09,0.905991,
-3.46945e-12,0.00541637,-0.0187872,-0.000562481,0.00124742,-4.96824e-05,2.79164e-05,0,0,0.411406,-0.0114437,0.192632,0.00287302,-0.0144885,-0.00230337,-0.00224839,0,0,0,0.0789982,-0.00407458,0.0286566,0.00202167,0.00120376,-4.69402e-05,0,0,-0.0114219,0.628895,-0.000236688,-0.0771122,0.00325097,-0.0194668,-0.000543526,0,0,9.54098e-12,-0.00490189,0.0561694,9.15392e-05,-0.00101195,-0.000107763,-9.55167e-06,0,0,0.193074,-0.000155652,0.39441,-0.00628739,-0.0239029,-1.01822e-05,-0.00116759,0,0,-1.21431e-11,0.0468612,0.00190799,-0.0244658,-0.00304344,0.00312392,-0.000128901,0,0,0.00296202,-0.0781312,-0.00623619,0.608716,0.0202101,0.0571701,-0.0019526,0,0,0,0.0239632,0.00083873,-0.0342368,0.0255376,-0.00148087,0.000472711,0,0,-0.143977,0.0320334,-0.238464,0.202422,0.309275,-0.0396979,0.0353625,0,0,-6.93889e-12,0.0525591,-0.00664359,0.00422116,0.00809305,-0.0642025,0.00243075,0,0,-0.0228492,-0.194932,-1.01166e-05,0.571949,-0.0396291,0.39707,-0.00489817,0,0,3.46945e-12,-0.00328509,0.00173127,0.00472418,-0.00089842,0.00344049,8.12933e-05,0,0,-0.0224688,-0.00537976,-0.0117292,-0.0196055,0.0354258,-0.00490967,0.0656319,0,0,0,0,0,0,0,0,0,0,0,0,0,0,0,0,0,0,0.905991,-4.60142e-09,0,0,0,0,0,0,0,0,0,0,0,0,0,0,0,0,-4.60142e-09,0.905991,
3.90313e-12,0.00541269,-0.0187867,-0.000560927,0.00124393,-4.94467e-05,2.79039e-05,0,0,0.411561,-0.0114493,0.192474,0.00286757,-0.0144543,-0.00229597,-0.00225077,0,0,1.38778e-11,0.0790003,-0.00407322,0.0286196,0.00201984,0.00120429,-4.69731e-05,0,0,-0.0114274,0.628907,-0.000237594,-0.0771222,0.00325189,-0.0194565,-0.000543973,0,0,-1.12757e-11,-0.00490187,0.0562097,9.77488e-05,-0.00101068,-0.000106591,-9.59927e-06,0,0,0.192916,-0.000156546,0.394532,-0.00629814,-0.0238916,-6.09548e-06,-0.00116849,0,0,-1.56125e-11,0.0468211,0.00191035,-0.0244293,-0.00303967,0.00312338,-0.000128933,0,0,0.0029569,-0.0781423,-0.00624665,0.608708,0.0202128,0.0571727,-0.00195178,0,0,-1.04083e-11,0.0239486,0.000878754,-0.0342208,0.0254973,-0.00149585,0.000473483,0,0,-0.143634,0.0320422,-0.238351,0.202448,0.309318,-0.0396994,0.0353494,0,0,0,0.0525838,-0.00663615,0.00415044,0.00807245,-0.0641757,0.00243058,0,0,-0.0227747,-0.19483,3.11563e-05,0.571976,-0.0396305,0.397079,-0.00489907,0,0,-1.73472e-12,-0.00328467,0.00173027,0.00472474,-0.000894812,0.00344139,8.19969e-05,0,0,-0.0224926,-0.00538413,-0.0117383,-0.0195974,0.0354129,-0.00491059,0.0656331,0,0,0,0,0,0,0,0,0,0,0,0,0,0,0,0,0,0,0.905991,-4.53931e-09,0,-1.20024e-12,0,0,0,1.20024e-12,0,0,0,0,0,0,0,0,0,0,-4.53931e-09,0.905991,
1.73472e-12,0.00540902,-0.0187862,-0.000559353,0.00124043,-4.92063e-05,2.78912e-05,0,0,0.411715,-0.0114549,0.192315,0.0028621,-0.0144201,-0.00228855,-0.00225315,0,0,2.77556e-11,0.0790023,-0.00407185,0.0285825,0.00201801,0.00120482,-4.70059e-05,0,0,-0.0114329,0.628919,-0.000238508,-0.0771322,0.00325282,-0.0194463,-0.00054442,0,0,-5.20417e-12,-0.00490184,0.05625,0.000104017,-0.00100941,-0.00010541,-9.6471e-06,0,0,0.192758,-0.000157448,0.394654,-0.0063089,-0.0238804,-1.99559e-06,-0.00116939,0,0,-1.73472e-11,0.0467809,0.00191271,-0.0243926,-0.00303587,0.00312284,-0.000128964,0,0,0.00295178,-0.0781533,-0.00625713,0.608699,0.0202155,0.0571753,-0.00195095,0,0,-1.04083e-11,0.023934,0.000918865,-0.0342047,0.0254568,-0.00151093,0.000474258,0,0,-0.143292,0.0320511,-0.238238,0.202475,0.309361,-0.0397009,0.0353364,0,0,6.245e-11,0.0526084,-0.00662866,0.00407966,0.00805173,-0.0641488,0.0024304,0,0,-0.0226999,-0.194729,7.25471e-05,0.572003,-0.0396319,0.397088,-0.00489997,0,0,-3.46945e-12,-0.00328425,0.00172928,0.00472531,-0.000891198,0.0034423,8.27038e-05,0,0,-0.0225163,-0.00538851,-0.0117474,-0.0195893,0.0354,-0.0049115,0.0656343,0,0,0,0,0,0,0,0,0,0,0,0,0,0,0,0,0,0,0.905991,-4.35507e-09,0,0,0,0,0,0,0,0,0,0,0,0,0,0,0,0,-4.35598e-09,0.905991,
-8.67362e-13,0.00540533,-0.0187856,-0.000557761,0.00123694,-4.89686e-05,2.78784e-05,0,0,0.41187,-0.0114604,0.192156,0.00285663,-0.0143859,-0.00228111,-0.00225553,0,0,-1.38778e-11,0.0790044,-0.00407048,0.0285454,0.00201617,0.00120535,-4.70388e-05,0,0,-0.0114385,0.62893,-0.00023943,-0.0771422,0.00325376,-0.0194361,-0.000544868,0,0,2.60209e-12,-0.00490181,0.0562903,0.000110331,-0.00100813,-0.000104226,-9.69502e-06,0,0,0.192599,-0.000158356,0.394776,-0.00631969,-0.0238691,2.11698e-06,-0.0011703,0,0,-5.20417e-12,0.0467407,0.00191507,-0.024356,-0.00303206,0.0031223,-0.000128996,0,0,0.00294664,-0.0781643,-0.00626762,0.60869,0.0202181,0.0571779,-0.00195012,0,0,1.38778e-11,0.0239193,0.00095906,-0.0341886,0.0254163,-0.0015261,0.000475034,0,0,-0.142949,0.03206,-0.238124,0.202502,0.309403,-0.0397024,0.0353234,0,0,-6.245e-11,0.052633,-0.00662114,0.00400881,0.00803089,-0.0641219,0.00243023,0,0,-0.022625,-0.194628,0.000114052,0.57203,-0.0396332,0.397097,-0.00490087,0,0,1.73472e-12,-0.00328383,0.00172829,0.00472588,-0.000887578,0.00344321,8.34141e-05,0,0,-0.0225401,-0.0053929,-0.0117565,-0.0195811,0.035387,-0.00491242,0.0656355,0,0,0,0,0,-2.40048e-12,0,-2.40048e-12,2.40048e-12,0,0,0,0,0,0,0,0,0,0.905991,4.09192e-09,0,0,0,0,0,0,0,0,0,0,0,0,0,0,0,0,4.09192e-09,0.905991,
-2.60209e-12,0.00540163,-0.018785,-0.000556161,0.00123344,-4.87486e-05,2.7866e-05,0,0,0.412025,-0.011466,0.191996,0.00285115,-0.0143516,-0.00227365,-0.00225791,0,0,-1.38778e-11,0.0790064,-0.00406911,0.0285083,0.00201433,0.00120588,-4.70718e-05,0,0,-0.011444,0.628942,-0.00024036,-0.0771522,0.00325469,-0.0194259,-0.000545316,0,0,7.80626e-12,-0.00490177,0.0563305,0.000116664,-0.00100685,-0.000103049,-9.74272e-06,0,0,0.192441,-0.000159271,0.394898,-0.00633049,-0.0238578,6.24164e-06,-0.0011712,0,0,2.42861e-11,0.0467004,0.00191744,-0.0243193,-0.00302824,0.00312176,-0.000129028,0,0,0.00294149,-0.0781753,-0.00627814,0.608682,0.0202207,0.0571805,-0.00194929,0,0,0,0.0239046,0.000999339,-0.0341724,0.0253756,-0.00154136,0.000475812,0,0,-0.142606,0.0320689,-0.238011,0.202528,0.309446,-0.0397039,0.0353103,0,0,-7.63278e-11,0.0526577,-0.00661358,0.00393791,0.00800998,-0.0640949,0.00243006,0,0,-0.0225499,-0.194526,0.000155667,0.572057,-0.0396346,0.397106,-0.00490178,0,0,0,-0.0032834,0.00172729,0.00472644,-0.000883951,0.00344414,8.41277e-05,0,0,-0.0225638,-0.00539729,-0.0117656,-0.0195729,0.0353741,-0.00491334,0.0656367,0,0,0,0,2.40048e-12,2.40048e-12,-2.40048e-12,2.40048e-12,2.40048e-12,0,0,0,0,0,0,0,0,0,0.905991,3.9704e-09,0,0,-1.20024e-12,0,0,0,-1.20024e-12,0,0,0,0,0,0,0,0,0,3.9704e-09,0.905991,
3.03577e-12,0.00539792,-0.0187843,-0.000554566,0.00122996,-4.8543e-05,2.78537e-05,0,0,0.41218,-0.0114716,0.191836,0.00284566,-0.0143174,-0.00226616,-0.00226029,0,0,0,0.0790083,-0.00406773,0.028471,0.00201248,0.00120641,-4.71049e-05,0,0,-0.0114496,0.628953,-0.000241299,-0.0771622,0.00325563,-0.0194157,-0.000545765,0,0,-9.54098e-12,-0.00490172,0.0563708,0.000122998,-0.00100557,-0.00010188,-9.79027e-06,0,0,0.192282,-0.000160193,0.39502,-0.00634131,-0.0238466,1.03779e-05,-0.00117211,0,0,-2.60209e-11,0.04666,0.00191982,-0.0242825,-0.00302441,0.00312121,-0.00012906,0,0,0.00293633,-0.0781863,-0.00628868,0.608673,0.0202234,0.0571831,-0.00194845,0,0,0,0.0238898,0.0010397,-0.0341562,0.0253348,-0.00155669,0.000476591,0,0,-0.142263,0.0320779,-0.237897,0.202554,0.309489,-0.0397053,0.0352972,0,0,8.32667e-11,0.0526824,-0.00660599,0.00386696,0.007989,-0.0640678,0.00242989,0,0,-0.0224746,-0.194425,0.00019739,0.572084,-0.0396359,0.397115,-0.00490268,0,0,0,-0.00328297,0.0017263,0.004727,-0.00088032,0.00344507,8.48438e-05,0,0,-0.0225875,-0.00540169,-0.0117748,-0.0195647,0.0353611,-0.00491425,0.0656379,0,0,0,0,1.20024e-12,-1.20024e-12,0,0,0,1.20024e-12,0,0,0,0,0,0,0,0,0.905991,3.95209e-09,0,0,1.20024e-12,-1.20024e-12,0,0,0,1.20024e-12,0,0,0,0,0,0,0,0,3.95269e-09,0.905991,
1.30104e-12,0.00539421,-0.0187836,-0.000552983,0.00122648,-4.83363e-05,2.78411e-05,0,0,0.412335,-0.0114773,0.191676,0.00284016,-0.0142831,-0.00225867,-0.00226266,0,0,1.38778e-11,0.0790103,-0.00406634,0.0284338,0.00201063,0.00120695,-4.71382e-05,0,0,-0.0114551,0.628965,-0.000242246,-0.0771721,0.00325657,-0.0194054,-0.000546215,0,0,-3.46945e-12,-0.00490169,0.0564111,0.00012933,-0.00100427,-0.000100706,-9.83787e-06,0,0,0.192123,-0.000161122,0.395143,-0.00635215,-0.0238353,1.45257e-05,-0.00117302,0,0,-3.46945e-12,0.0466196,0.00192219,-0.0242458,-0.00302058,0.00312066,-0.000129092,0,0,0.00293116,-0.0781972,-0.00629924,0.608665,0.020226,0.0571857,-0.00194762,0,0,-6.93889e-12,0.023875,0.00108014,-0.03414,0.0252939,-0.00157205,0.000477369,0,0,-0.14192,0.0320869,-0.237783,0.202581,0.309532,-0.0397068,0.0352841,0,0,5.55112e-11,0.052707,-0.00659837,0.00379597,0.00796797,-0.0640407,0.00242972,0,0,-0.0223991,-0.194323,0.000239219,0.572111,-0.0396372,0.397124,-0.00490358,0,0,-1.73472e-12,-0.00328254,0.0017253,0.00472756,-0.000876683,0.00344601,8.55617e-05,0,0,-0.0226113,-0.0054061,-0.011784,-0.0195565,0.0353481,-0.00491517,0.0656391,0,0,0,-3.60072e-12,1.20024e-12,1.20024e-12,1.20024e-12,0,2.40048e-12,0,0,0,0,0,0,0,0,0,0.905991,4.02441e-09,0,-2.40048e-12,-1.20024e-12,-1.20024e-12,-1.20024e-12,0,3.60072e-12,0,0,0,0,0,0,0,0,0,4.02411e-09,0.905991,
-8.67362e-13,0.00539049,-0.0187829,-0.000551408,0.00122299,-4.81343e-05,2.78286e-05,0,0,0.412491,-0.0114829,0.191516,0.00283465,-0.0142488,-0.00225115,-0.00226504,0,0,0,0.0790121,-0.00406494,0.0283965,0.00200878,0.00120748,-4.71714e-05,0,0,-0.0114607,0.628976,-0.000243201,-0.0771821,0.00325752,-0.0193952,-0.000546665,0,0,4.33681e-12,-0.00490165,0.0564514,0.000135666,-0.00100297,-9.95329e-05,-9.88545e-06,0,0,0.191963,-0.000162059,0.395265,-0.006363,-0.023824,1.86845e-05,-0.00117393,0,0,-1.04083e-11,0.0465791,0.00192457,-0.0242089,-0.00301673,0.00312011,-0.000129124,0,0,0.00292598,-0.0782082,-0.00630981,0.608656,0.0202286,0.0571883,-0.00194678,0,0,1.38778e-11,0.0238602,0.00112067,-0.0341237,0.0252528,-0.00158746,0.000478147,0,0,-0.141577,0.032096,-0.237669,0.202607,0.309575,-0.0397082,0.035271,0,0,6.245e-11,0.0527317,-0.00659072,0.00372493,0.00794689,-0.0640135,0.00242956,0,0,-0.0223235,-0.194221,0.000281151,0.572138,-0.0396384,0.397133,-0.00490448,0,0,0,-0.0032821,0.0017243,0.00472812,-0.000873041,0.00344694,8.62816e-05,0,0,-0.022635,-0.00541052,-0.0117932,-0.0195482,0.0353351,-0.00491609,0.0656403,0,0,0,1.20024e-12,0,1.20024e-12,-1.20024e-12,0,0,0,0,0,0,0,0,0,0,0,0.905991,4.18884e-09,0,0,0,0,0,0,0,0,0,0,0,0,0,0,0,0,4.18884e-09,0.905991,
2.60209e-12,0.00538676,-0.018782,-0.00054984,0.00121951,-4.79365e-05,2.78161e-05,0,0,0.412646,-0.0114885,0.191356,0.00282914,-0.0142145,-0.00224361,-0.00226742,0,0,-1.38778e-11,0.079014,-0.00406354,0.0283592,0.00200693,0.00120801,-4.72047e-05,0,0,-0.0114662,0.628988,-0.000244166,-0.077192,0.00325847,-0.0193849,-0.000547116,0,0,-9.54098e-12,-0.0049016,0.0564917,0.000142004,-0.00100167,-9.83592e-05,-9.93305e-06,0,0,0.191803,-0.000163003,0.395387,-0.00637387,-0.0238126,2.28542e-05,-0.00117484,0,0,1.04083e-11,0.0465386,0.00192696,-0.0241721,-0.00301287,0.00311956,-0.000129156,0,0,0.00292079,-0.0782192,-0.0063204,0.608648,0.0202312,0.0571908,-0.00194594,0,0,-6.93889e-12,0.0238454,0.00116128,-0.0341074,0.0252117,-0.00160292,0.000478926,0,0,-0.141233,0.032105,-0.237556,0.202633,0.309619,-0.0397095,0.0352579,0,0,-3.46945e-11,0.0527564,-0.00658304,0.00365385,0.00792574,-0.0639863,0.00242939,0,0,-0.0222476,-0.19412,0.000323184,0.572165,-0.0396397,0.397142,-0.00490538,0,0,1.73472e-12,-0.00328166,0.0017233,0.00472867,-0.000869393,0.00344788,8.70034e-05,0,0,-0.0226587,-0.00541494,-0.0118024,-0.01954,0.0353221,-0.004917,0.0656415,0,0,0,0,0,0,0,0,0,0,0,0,0,0,0,0,0,0,0.905991,-4.4649e-09,0,0,1.20024e-12,-1.20024e-12,0,0,1.20024e-12,-1.12823e-10,0,0,0,0,0,0,0,0,-4.4646e-09,0.905991,
-2.1684e-12,0.00538305,-0.0187812,-0.000548285,0.00121603,-4.7686e-05,2.78015e-05,0,0,0.412802,-0.0114941,0.191195,0.00282362,-0.0141802,-0.00223606,-0.00226979,0,0,-1.38778e-11,0.0790158,-0.00406213,0.0283218,0.00200507,0.00120855,-4.72378e-05,0,0,-0.0114718,0.628999,-0.000245138,-0.0772019,0.00325943,-0.0193747,-0.000547568,0,0,6.93889e-12,-0.00490158,0.056532,0.000148377,-0.00100034,-9.71467e-05,-9.9814e-06,0,0,0.191643,-0.000163955,0.395509,-0.00638476,-0.0238013,2.70351e-05,-0.00117576,0,0,8.67362e-12,0.046498,0.00192934,-0.0241351,-0.00300898,0.003119,-0.000129187,0,0,0.0029156,-0.0782302,-0.00633101,0.608639,0.0202338,0.0571934,-0.0019451,0,0,3.46945e-12,0.0238305,0.00120196,-0.034091,0.0251704,-0.00161838,0.000479697,0,0,-0.140889,0.0321142,-0.237441,0.202659,0.309662,-0.0397109,0.0352447,0,0,0,0.0527811,-0.00657533,0.00358273,0.00790452,-0.063959,0.00242921,0,0,-0.0221717,-0.194018,0.000365315,0.572191,-0.0396409,0.397151,-0.00490628,0,0,0,-0.00328122,0.00172229,0.00472922,-0.000865737,0.0034488,8.77259e-05,0,0,-0.0226825,-0.00541937,-0.0118116,-0.0195317,0.035309,-0.00491792,0.0656427,0,0,0,0,-1.20024e-12,0,-1.20024e-12,1.20024e-12,0,0,0,0,0,0,0,0,0,0,0.905991,-4.60292e-09,0,0,1.20024e-12,0,1.20024e-12,-1.20024e-12,0,0,0,0,0,0,0,0,0,0,-4.60262e-09,0.905991,
4.33681e-13,0.00537933,-0.0187803,-0.000546713,0.00121255,-4.74418e-05,2.77873e-05,0,0,0.412958,-0.0114997,0.191034,0.0028181,-0.0141459,-0.00222849,-0.00227217,0,0,-2.77556e-11,0.0790176,-0.00406072,0.0282844,0.00200321,0.00120908,-4.7271e-05,0,0,-0.0114773,0.629011,-0.00024612,-0.0772119,0.00326038,-0.0193645,-0.00054802,0,0,-3.46945e-12,-0.00490154,0.0565723,0.000154797,-0.000999014,-9.59343e-05,-1.00296e-05,0,0,0.191483,-0.000164914,0.395631,-0.00639567,-0.02379,3.12267e-05,-0.00117667,0,0,1.04083e-11,0.0464573,0.00193173,-0.0240982,-0.00300508,0.00311845,-0.000129218,0,0,0.0029104,-0.0782411,-0.00634164,0.608631,0.0202364,0.0571959,-0.00194426,0,0,6.93889e-12,0.0238155,0.00124273,-0.0340746,0.025129,-0.00163394,0.000480471,0,0,-0.140546,0.0321233,-0.237327,0.202685,0.309706,-0.0397122,0.0352315,0,0,-6.245e-11,0.0528058,-0.00656759,0.00351156,0.00788318,-0.0639317,0.00242903,0,0,-0.0220956,-0.193916,0.000407539,0.572218,-0.0396421,0.39716,-0.00490719,0,0,1.73472e-12,-0.00328078,0.00172129,0.00472977,-0.000862075,0.00344972,8.84519e-05,0,0,-0.0227062,-0.0054238,-0.0118208,-0.0195234,0.035296,-0.00491883,0.0656439,0,0,0,0,0,0,-1.20024e-12,0,0,-5.76116e-11,0,0,0,0,0,0,0,0,0.905991,-4.58942e-09,0,0,0,0,1.20024e-12,0,0,1.20024e-12,0,0,0,0,0,0,0,0,-4.58882e-09,0.905991,
3.46945e-12,0.0053756,-0.0187794,-0.000545131,0.00120907,-4.72155e-05,2.77736e-05,0,0,0.413113,-0.0115053,0.190872,0.00281257,-0.0141115,-0.0022209,-0.00227455,0,0,1.38778e-11,0.0790194,-0.00405931,0.028247,0.00200134,0.00120961,-4.73043e-05,0,0,-0.0114829,0.629022,-0.000247111,-0.0772218,0.00326134,-0.0193542,-0.000548473,0,0,-8.67362e-12,-0.00490149,0.0566126,0.000161243,-0.000997688,-9.47303e-05,-1.00777e-05,0,0,0.191322,-0.000165882,0.395753,-0.00640658,-0.0237786,3.54283e-05,-0.00117759,0,0,-8.67362e-12,0.0464166,0.00193413,-0.0240612,-0.00300117,0.00311789,-0.00012925,0,0,0.0029052,-0.0782521,-0.00635229,0.608622,0.020239,0.0571985,-0.00194341,0,0,1.04083e-11,0.0238005,0.00128358,-0.0340582,0.0250875,-0.00164959,0.000481248,0,0,-0.140202,0.0321325,-0.237213,0.202711,0.309749,-0.0397134,0.0352184,0,0,1.11022e-10,0.0528305,-0.00655981,0.00344034,0.00786177,-0.0639043,0.00242886,0,0,-0.0220193,-0.193814,0.000449852,0.572244,-0.0396432,0.397169,-0.00490809,0,0,-1.73472e-12,-0.00328033,0.00172028,0.00473031,-0.000858406,0.00345066,8.91809e-05,0,0,-0.0227299,-0.00542824,-0.0118301,-0.0195151,0.0352829,-0.00491975,0.0656451,0,0,0,0,0,0,0,0,0,0,0,0,0,0,0,0,0,0,0.905991,-4.44029e-09,0,0,0,0,0,0,0,-1.20024e-12,0,0,0,0,0,0,0,0,-4.43999e-09,0.905991,
2.60209e-12,0.00537186,-0.0187784,-0.000543549,0.00120558,-4.70038e-05,2.77602e-05,0,0,0.413269,-0.011511,0.190711,0.00280703,-0.0140772,-0.0022133,-0.00227692,0,0,0,0.0790211,-0.00405789,0.0282095,0.00199947,0.00121014,-4.73376e-05,0,0,-0.0114885,0.629034,-0.000248111,-0.0772317,0.00326231,-0.0193439,-0.000548926,0,0,-1.12757e-11,-0.00490144,0.0566529,0.000167696,-0.000996362,-9.35331e-05,-1.01257e-05,0,0,0.191161,-0.000166857,0.395876,-0.00641752,-0.0237673,3.96394e-05,-0.00117851,0,0,1.21431e-11,0.0463758,0.00193653,-0.0240241,-0.00299726,0.00311733,-0.000129281,0,0,0.00289998,-0.078263,-0.00636295,0.608614,0.0202415,0.057201,-0.00194257,0,0,-2.77556e-11,0.0237855,0.0013245,-0.0340417,0.0250459,-0.00166529,0.000482029,0,0,-0.139858,0.0321417,-0.237099,0.202736,0.309793,-0.0397147,0.0352052,0,0,-2.77556e-11,0.0528552,-0.00655201,0.00336908,0.00784029,-0.0638768,0.00242869,0,0,-0.0219429,-0.193713,0.000492252,0.57227,-0.0396444,0.397179,-0.00490899,0,0,3.46945e-12,-0.00327988,0.00171927,0.00473085,-0.000854733,0.00345161,8.9912e-05,0,0,-0.0227536,-0.00543269,-0.0118394,-0.0195067,0.0352698,-0.00492067,0.0656463,0,0,0,-2.40048e-12,2.40048e-12,0,0,-2.40048e-12,-2.40048e-12,1.20024e-12,0,0,0,0,0,0,0,0,0.905991,4.19664e-09,0,0,0,0,0,0,0,0,0,0,0,0,0,0,0,0,4.19604e-09,0.905991,
-2.1684e-12,0.00536811,-0.0187774,-0.000541974,0.00120208,-4.68019e-05,2.7747e-05,0,0,0.413425,-0.0115166,0.190549,0.00280149,-0.0140428,-0.00220568,-0.0022793,0,0,-1.38778e-11,0.0790228,-0.00405647,0.028172,0.0019976,0.00121067,-4.73709e-05,0,0,-0.0114941,0.629045,-0.00024912,-0.0772416,0.00326328,-0.0193337,-0.00054938,0,0,6.07153e-12,-0.00490138,0.0566932,0.000174149,-0.000995035,-9.23398e-05,-1.01737e-05,0,0,0.191,-0.00016784,0.395998,-0.00642846,-0.0237559,4.38597e-05,-0.00117943,0,0,-5.20417e-12,0.0463349,0.00193893,-0.0239871,-0.00299333,0.00311677,-0.000129313,0,0,0.00289477,-0.0782739,-0.00637363,0.608606,0.0202441,0.0572035,-0.00194172,0,0,0,0.0237705,0.00136551,-0.0340251,0.0250042,-0.00168104,0.000482811,0,0,-0.139513,0.032151,-0.236984,0.202762,0.309837,-0.0397159,0.035192,0,0,-2.08167e-11,0.0528799,-0.00654418,0.00329777,0.00781877,-0.0638493,0.00242852,0,0,-0.0218664,-0.193611,0.000534736,0.572297,-0.0396455,0.397188,-0.00490989,0,0,0,-0.00327942,0.00171827,0.00473139,-0.000851056,0.00345256,9.06449e-05,0,0,-0.0227773,-0.00543715,-0.0118486,-0.0194984,0.0352567,-0.00492158,0.0656474,0,0,0,0,0,0,0,0,0,0,0,0,0,0,0,0,0,0,0.905991,4.09672e-09,0,0,0,0,0,0,0,0,0,0,0,0,0,0,0,0,4.09642e-09,0.905991,
1.73472e-12,0.00536435,-0.0187763,-0.000540408,0.00119859,-4.66064e-05,2.77339e-05,0,0,0.413582,-0.0115222,0.190386,0.00279595,-0.0140084,-0.00219805,-0.00228167,0,0,-2.77556e-11,0.0790244,-0.00405504,0.0281345,0.00199573,0.00121119,-4.74042e-05,0,0,-0.0114997,0.629056,-0.000250139,-0.0772515,0.00326425,-0.0193234,-0.000549834,0,0,-6.93889e-12,-0.00490133,0.0567335,0.000180601,-0.000993705,-9.11483e-05,-1.02217e-05,0,0,0.190839,-0.000168831,0.39612,-0.00643943,-0.0237445,4.80889e-05,-0.00118036,0,0,1.73472e-12,0.046294,0.00194134,-0.0239499,-0.0029894,0.0031162,-0.000129345,0,0,0.00288954,-0.0782849,-0.00638433,0.608597,0.0202466,0.057206,-0.00194087,0,0,3.46945e-12,0.0237554,0.0014066,-0.0340086,0.0249623,-0.00169684,0.000483594,0,0,-0.139169,0.0321603,-0.23687,0.202787,0.309881,-0.0397171,0.0351788,0,0,1.38778e-11,0.0529046,-0.00653632,0.00322641,0.0077972,-0.0638218,0.00242834,0,0,-0.0217897,-0.193509,0.000577303,0.572323,-0.0396466,0.397197,-0.00491079,0,0,0,-0.00327897,0.00171726,0.00473193,-0.000847374,0.00345351,9.13792e-05,0,0,-0.022801,-0.00544161,-0.0118579,-0.01949,0.0352436,-0.0049225,0.0656486,0,0,0,-1.20024e-12,0,0,1.20024e-12,0,0,-5.76116e-11,0,0,0,0,0,0,0,0,0.905991,4.10572e-09,0,0,0,0,0,0,0,0,0,0,0,0,0,0,0,0,4.10602e-09,0.905991,
-1.30104e-12,0.00536058,-0.0187751,-0.000538851,0.00119509,-4.64152e-05,2.77208e-05,0,0,0.413738,-0.0115279,0.190224,0.00279041,-0.013974,-0.0021904,-0.00228404,0,0,0,0.079026,-0.0040536,0.0280969,0.00199385,0.00121172,-4.74376e-05,0,0,-0.0115053,0.629067,-0.000251168,-0.0772614,0.00326522,-0.0193131,-0.000550289,0,0,8.67362e-13,-0.00490127,0.0567738,0.000187052,-0.000992372,-8.99573e-05,-1.02697e-05,0,0,0.190677,-0.00016983,0.396243,-0.0064504,-0.0237331,5.23269e-05,-0.00118128,0,0,1.04083e-11,0.046253,0.00194375,-0.0239128,-0.00298545,0.00311563,-0.000129376,0,0,0.00288432,-0.0782958,-0.00639504,0.608589,0.0202492,0.0572085,-0.00194002,0,0,-2.77556e-11,0.0237402,0.00144777,-0.033992,0.0249204,-0.00171267,0.000484378,0,0,-0.138824,0.0321696,-0.236755,0.202813,0.309925,-0.0397183,0.0351655,0,0,6.93889e-12,0.0529294,-0.00652843,0.00315501,0.00777558,-0.0637942,0.00242817,0,0,-0.0217129,-0.193407,0.000619952,0.572349,-0.0396476,0.397206,-0.00491169,0,0,1.73472e-12,-0.00327851,0.00171625,0.00473246,-0.000843688,0.00345447,9.2115e-05,0,0,-0.0228247,-0.00544607,-0.0118673,-0.0194816,0.0352305,-0.00492342,0.0656498,0,0,0,0,0,0,0,0,0,0,0,0,0,0,0,0,0,0,0.905991,4.21465e-09,0,0,0,0,0,1.20024e-12,0,0,0,0,0,0,0,0,0,0,4.21465e-09,0.905991,
2.60209e-12,0.0053568,-0.018774,-0.000537303,0.00119159,-4.62275e-05,2.77077e-05,0,0,0.413894,-0.0115335,0.190061,0.00278486,-0.0139396,-0.00218274,-0.00228641,0,0,-1.38778e-11,0.0790276,-0.00405215,0.0280592,0.00199196,0.00121224,-4.74709e-05,0,0,-0.0115109,0.629079,-0.000252206,-0.0772713,0.0032662,-0.0193029,-0.000550745,0,0,-9.54098e-12,-0.00490122,0.0568141,0.000193505,-0.000991034,-8.8766e-05,-1.03177e-05,0,0,0.190515,-0.000170837,0.396365,-0.00646139,-0.0237217,5.65734e-05,-0.00118221,0,0,-6.93889e-12,0.046212,0.00194617,-0.0238756,-0.0029815,0.00311506,-0.000129408,0,0,0.00287909,-0.0783067,-0.00640576,0.60858,0.0202517,0.057211,-0.00193916,0,0,0,0.023725,0.00148902,-0.0339753,0.0248783,-0.00172854,0.000485162,0,0,-0.13848,0.0321789,-0.236641,0.202838,0.309969,-0.0397195,0.0351523,0,0,4.85723e-11,0.0529541,-0.00652052,0.00308355,0.00775391,-0.0637665,0.002428,0,0,-0.021636,-0.193305,0.000662681,0.572375,-0.0396487,0.397216,-0.00491259,0,0,0,-0.00327805,0.00171523,0.00473299,-0.000839998,0.00345543,9.28523e-05,0,0,-0.0228484,-0.00545054,-0.0118766,-0.0194732,0.0352174,-0.00492433,0.065651,0,0,0,1.20024e-12,0,0,0,0,1.20024e-12,5.88118e-11,0,0,0,0,0,0,0,0,0.905991,-4.43219e-09,0,-1.20024e-12,0,-2.40048e-12,0,0,1.20024e-12,0,0,0,0,0,0,0,0,0,-4.43219e-09,0.905991,
-6.50521e-12,0.00535301,-0.0187727,-0.000535762,0.00118809,-4.60426e-05,2.76946e-05,0,0,0.414051,-0.0115392,0.189898,0.00277931,-0.0139051,-0.00217507,-0.00228879,0,0,0,0.0790292,-0.0040507,0.0280215,0.00199008,0.00121276,-4.75043e-05,0,0,-0.0115165,0.62909,-0.000253253,-0.0772812,0.00326718,-0.0192926,-0.000551201,0,0,1.9082e-11,-0.00490116,0.0568544,0.00019996,-0.000989693,-8.75742e-05,-1.03657e-05,0,0,0.190352,-0.000171853,0.396488,-0.00647239,-0.0237103,6.08283e-05,-0.00118313,0,0,1.21431e-11,0.0461709,0.00194859,-0.0238383,-0.00297754,0.00311448,-0.00012944,0,0,0.00287385,-0.0783176,-0.00641651,0.608572,0.0202542,0.0572135,-0.00193831,0,0,-2.08167e-11,0.0237098,0.00153035,-0.0339587,0.0248361,-0.00174445,0.000485947,0,0,-0.138135,0.0321883,-0.236526,0.202863,0.310014,-0.0397206,0.035139,0,0,-2.08167e-11,0.0529789,-0.00651259,0.00301205,0.00773219,-0.0637388,0.00242782,0,0,-0.0215589,-0.193203,0.000705489,0.572401,-0.0396497,0.397225,-0.00491349,0,0,3.46945e-12,-0.00327759,0.00171422,0.00473352,-0.000836304,0.0034564,9.3591e-05,0,0,-0.022872,-0.00545502,-0.0118859,-0.0194647,0.0352042,-0.00492525,0.0656522,0,0,0,0,0,0,0,0,0,0,0,0,0,0,0,0,0,0,0.905991,-4.51201e-09,0,0,0,0,0,0,0,0,0,0,0,0,0,0,0,0,-4.51231e-09,0.905991,
-2.60209e-12,0.00534922,-0.0187715,-0.000534229,0.00118459,-4.58602e-05,2.76814e-05,0,0,0.414208,-0.0115449,0.189735,0.00277376,-0.0138707,-0.00216738,-0.00229116,0,0,1.38778e-11,0.0790307,-0.00404923,0.0279838,0.00198819,0.00121328,-4.75376e-05,0,0,-0.0115221,0.629101,-0.000254311,-0.0772911,0.00326817,-0.0192823,-0.000551657,0,0,7.80626e-12,-0.00490111,0.0568948,0.00020642,-0.000988348,-8.63816e-05,-1.04138e-05,0,0,0.19019,-0.000172877,0.39661,-0.00648341,-0.0236989,6.50914e-05,-0.00118406,0,0,-8.67362e-12,0.0461297,0.00195101,-0.023801,-0.00297357,0.00311391,-0.000129471,0,0,0.00286861,-0.0783285,-0.00642726,0.608564,0.0202567,0.057216,-0.00193745,0,0,-1.38778e-11,0.0236946,0.00157176,-0.033942,0.0247938,-0.00176039,0.000486733,0,0,-0.13779,0.0321978,-0.236411,0.202888,0.310058,-0.0397217,0.0351257,0,0,3.46945e-11,0.0530036,-0.00650462,0.0029405,0.00771041,-0.063711,0.00242765,0,0,-0.0214817,-0.193101,0.000748375,0.572427,-0.0396507,0.397235,-0.00491439,0,0,-1.73472e-12,-0.00327712,0.00171321,0.00473404,-0.000832605,0.00345736,9.43313e-05,0,0,-0.0228957,-0.0054595,-0.0118953,-0.0194563,0.035191,-0.00492616,0.0656534,0,0,0,1.20024e-12,0,0,-1.20024e-12,0,-2.40048e-12,0,0,0,0,0,0,0,0,0,0.905991,-4.45109e-09,0,0,0,0,0,0,0,0,0,0,0,0,0,0,0,0,-4.45199e-09,0.905991,
-1.30104e-12,0.00534542,-0.0187701,-0.000532702,0.00118108,-4.56804e-05,2.76682e-05,0,0,0.414364,-0.0115505,0.189571,0.0027682,-0.0138362,-0.00215968,-0.00229353,0,0,1.38778e-11,0.0790321,-0.00404776,0.027946,0.0019863,0.0012138,-4.7571e-05,0,0,-0.0115277,0.629112,-0.000255378,-0.0773009,0.00326916,-0.019272,-0.000552114,0,0,3.46945e-12,-0.00490105,0.0569351,0.000212884,-0.000986998,-8.51882e-05,-1.04619e-05,0,0,0.190027,-0.000173909,0.396733,-0.00649444,-0.0236874,6.93627e-05,-0.00118499,0,0,1.73472e-11,0.0460885,0.00195343,-0.0237637,-0.00296958,0.00311332,-0.000129503,0,0,0.00286337,-0.0783394,-0.00643804,0.608555,0.0202592,0.0572184,-0.00193659,0,0,-1.38778e-11,0.0236793,0.00161325,-0.0339252,0.0247514,-0.00177638,0.000487519,0,0,-0.137445,0.0322072,-0.236296,0.202913,0.310102,-0.0397227,0.0351124,0,0,-1.38778e-11,0.0530284,-0.00649663,0.0028689,0.00768858,-0.0636832,0.00242748,0,0,-0.0214044,-0.192999,0.000791338,0.572452,-0.0396516,0.397244,-0.00491529,0,0,1.73472e-12,-0.00327665,0.00171219,0.00473455,-0.000828902,0.00345833,9.50731e-05,0,0,-0.0229194,-0.00546399,-0.0119047,-0.0194478,0.0351778,-0.00492708,0.0656546,0,0,0,0,0,0,0,0,0,0,0,0,0,0,0,0,0,0,0.905991,4.27646e-09,0,0,3.60072e-12,1.20024e-12,1.20024e-12,1.20024e-12,0,0,0,0,0,0,0,0,0,0,4.27706e-09,0.905991,
-3.90313e-12,0.00534162,-0.0187687,-0.000531182,0.00117758,-4.5503e-05,2.7655e-05,0,0,0.414521,-0.0115562,0.189407,0.00276264,-0.0138017,-0.00215197,-0.0022959,0,0,0,0.0790336,-0.00404629,0.0279082,0.0019844,0.00121431,-4.76044e-05,0,0,-0.0115333,0.629123,-0.000256454,-0.0773108,0.00327015,-0.0192617,-0.000552572,0,0,9.54098e-12,-0.00490099,0.0569754,0.000219354,-0.000985644,-8.3994e-05,-1.051e-05,0,0,0.189864,-0.000174949,0.396855,-0.00650548,-0.023676,7.36419e-05,-0.00118593,0,0,1.73472e-11,0.0460472,0.00195586,-0.0237263,-0.00296559,0.00311274,-0.000129535,0,0,0.00285812,-0.0783503,-0.00644882,0.608547,0.0202617,0.0572209,-0.00193573,0,0,-3.1225e-11,0.0236639,0.00165482,-0.0339084,0.0247089,-0.00179241,0.000488306,0,0,-0.137099,0.0322167,-0.236181,0.202938,0.310147,-0.0397238,0.0350991,0,0,-9.02056e-11,0.0530531,-0.00648861,0.00279726,0.00766671,-0.0636553,0.0024273,0,0,-0.021327,-0.192896,0.000834378,0.572478,-0.0396526,0.397253,-0.00491619,0,0,1.73472e-12,-0.00327618,0.00171118,0.00473507,-0.000825194,0.0034593,9.58165e-05,0,0,-0.022943,-0.00546848,-0.0119141,-0.0194393,0.0351646,-0.004928,0.0656558,0,0,0,0,0,0,0,0,0,0,0,0,0,0,0,0,0,0,0.905991,4.23655e-09,0,-2.40048e-12,2.40048e-12,2.40048e-12,0,0,0,0,0,0,0,0,0,0,0,0,4.23625e-09,0.905991,
5.20417e-12,0.00533781,-0.0187673,-0.000529668,0.00117408,-4.53282e-05,2.76417e-05,0,0,0.414678,-0.0115619,0.189243,0.00275708,-0.0137672,-0.00214425,-0.00229827,0,0,0,0.079035,-0.0040448,0.0278704,0.0019825,0.00121483,-4.76378e-05,0,0,-0.0115389,0.629134,-0.00025754,-0.0773206,0.00327115,-0.0192514,-0.00055303,0,0,-1.21431e-11,-0.00490093,0.0570157,0.000225829,-0.000984285,-8.27991e-05,-1.05581e-05,0,0,0.1897,-0.000175999,0.396978,-0.00651654,-0.0236646,7.79291e-05,-0.00118686,0,0,-6.93889e-12,0.0460058,0.00195829,-0.0236889,-0.00296158,0.00311215,-0.000129566,0,0,0.00285288,-0.0783612,-0.00645963,0.608539,0.0202642,0.0572233,-0.00193487,0,0,3.1225e-11,0.0236486,0.00169647,-0.0338916,0.0246662,-0.00180848,0.000489093,0,0,-0.136754,0.0322263,-0.236066,0.202963,0.310192,-0.0397248,0.0350858,0,0,2.08167e-11,0.0530779,-0.00648057,0.00272557,0.00764477,-0.0636273,0.00242713,0,0,-0.0212495,-0.192794,0.000877494,0.572503,-0.0396535,0.397263,-0.00491709,0,0,-1.73472e-12,-0.0032757,0.00171016,0.00473558,-0.000821481,0.00346027,9.65614e-05,0,0,-0.0229667,-0.00547298,-0.0119235,-0.0194308,0.0351514,-0.00492891,0.065657,0,0,0,-1.20024e-12,1.20024e-12,1.20024e-12,0,-1.20024e-12,0,0,0,0,0,0,0,0,0,0,0.905991,-4.30947e-09,0,0,0,0,0,0,0,0,0,0,0,0,0,0,0,0,-4.30917e-09,0.905991,
-1.30104e-12,0.00533399,-0.0187658,-0.000528162,0.00117057,-4.51559e-05,2.76284e-05,0,0,0.414836,-0.0115675,0.189079,0.00275152,-0.0137327,-0.00213651,-0.00230063,0,0,1.38778e-11,0.0790363,-0.00404331,0.0278325,0.0019806,0.00121534,-4.76713e-05,0,0,-0.0115445,0.629145,-0.000258636,-0.0773305,0.00327214,-0.0192411,-0.000553489,0,0,4.33681e-12,-0.00490087,0.057056,0.000232309,-0.000982922,-8.16034e-05,-1.06062e-05,0,0,0.189537,-0.000177056,0.3971,-0.00652761,-0.0236531,8.2224e-05,-0.0011878,0,0,-1.56125e-11,0.0459644,0.00196073,-0.0236515,-0.00295757,0.00311156,-0.000129598,0,0,0.00284762,-0.0783721,-0.00647044,0.60853,0.0202666,0.0572257,-0.001934,0,0,6.93889e-12,0.0236332,0.0017382,-0.0338748,0.0246235,-0.00182458,0.00048988,0,0,-0.136408,0.0322358,-0.23595,0.202987,0.310237,-0.0397258,0.0350725,0,0,6.93889e-12,0.0531027,-0.0064725,0.00265383,0.00762279,-0.0635993,0.00242695,0,0,-0.0211719,-0.192692,0.000920684,0.572529,-0.0396544,0.397273,-0.00491799,0,0,0,-0.00327523,0.00170915,0.00473609,-0.000817765,0.00346125,9.73079e-05,0,0,-0.0229903,-0.00547749,-0.0119329,-0.0194223,0.0351382,-0.00492983,0.0656582,0,0,0,0,-1.20024e-12,0,0,-1.20024e-12,0,0,0,0,0,0,0,0,0,0,0.905991,4.25876e-09,0,1.20024e-12,-1.20024e-12,1.20024e-12,0,-1.20024e-12,0,0,0,0,0,0,0,0,0,0,4.25846e-09,0.905991,
3.46945e-12,0.00533016,-0.0187643,-0.000526662,0.00116706,-4.49862e-05,2.7615e-05,0,0,0.414993,-0.0115732,0.188914,0.00274596,-0.0136982,-0.00212877,-0.002303,0,0,0,0.0790377,-0.00404181,0.0277945,0.00197869,0.00121586,-4.77047e-05,0,0,-0.0115502,0.629156,-0.000259742,-0.0773403,0.00327315,-0.0192308,-0.000553948,0,0,-8.67362e-12,-0.00490081,0.0570963,0.000238795,-0.000981554,-8.0407e-05,-1.06544e-05,0,0,0.189373,-0.000178123,0.397223,-0.00653869,-0.0236416,8.65267e-05,-0.00118873,0,0,5.20417e-12,0.045923,0.00196317,-0.023614,-0.00295354,0.00311097,-0.000129629,0,0,0.00284237,-0.078383,-0.00648127,0.608522,0.0202691,0.0572282,-0.00193314,0,0,6.93889e-12,0.0236177,0.00178001,-0.0338579,0.0245806,-0.00184073,0.000490668,0,0,-0.136063,0.0322454,-0.235835,0.203012,0.310281,-0.0397268,0.0350591,0,0,6.245e-11,0.0531274,-0.00646441,0.00258204,0.00760075,-0.0635712,0.00242677,0,0,-0.0210941,-0.19259,0.000963949,0.572554,-0.0396552,0.397282,-0.00491889,0,0,0,-0.00327475,0.00170813,0.00473659,-0.000814043,0.00346222,9.8056e-05,0,0,-0.0230139,-0.00548199,-0.0119424,-0.0194137,0.035125,-0.00493074,0.0656594,0,0,0,1.20024e-12,1.20024e-12,1.20024e-12,1.20024e-12,0,-1.20024e-12,0,0,0,0,0,0,0,0,0,0.905991,-4.32507e-09,0,0,0,0,0,0,0,0,0,0,0,0,0,0,0,0,-4.32507e-09,0.905991,
-3.46945e-12,0.00532633,-0.0187628,-0.000525169,0.00116356,-4.4819e-05,2.76016e-05,0,0,0.41515,-0.0115789,0.188749,0.0027404,-0.0136637,-0.00212101,-0.00230537,0,0,1.38778e-11,0.079039,-0.00404031,0.0277565,0.00197678,0.00121637,-4.77382e-05,0,0,-0.0115558,0.629167,-0.000260858,-0.0773502,0.00327415,-0.0192205,-0.000554407,0,0,1.21431e-11,-0.00490075,0.0571366,0.000245285,-0.000980182,-7.921e-05,-1.07026e-05,0,0,0.189208,-0.000179198,0.397345,-0.00654979,-0.0236301,9.0837e-05,-0.00118967,0,0,-8.67362e-12,0.0458814,0.00196561,-0.0235764,-0.00294951,0.00311037,-0.000129661,0,0,0.00283711,-0.0783939,-0.00649212,0.608514,0.0202715,0.0572306,-0.00193227,0,0,6.93889e-12,0.0236022,0.0018219,-0.033841,0.0245376,-0.00185692,0.000491455,0,0,-0.135717,0.0322551,-0.235719,0.203036,0.310327,-0.0397277,0.0350458,0,0,0,0.0531522,-0.00645629,0.00251021,0.00757866,-0.0635431,0.0024266,0,0,-0.0210163,-0.192487,0.00100729,0.572579,-0.0396561,0.397292,-0.00491979,0,0,0,-0.00327426,0.00170711,0.00473709,-0.000810317,0.0034632,9.88056e-05,0,0,-0.0230375,-0.00548651,-0.0119518,-0.0194052,0.0351117,-0.00493166,0.0656606,0,0,0,-1.20024e-12,0,1.20024e-12,1.20024e-12,1.20024e-12,0,0,0,0,0,0,0,0,0,0,0.905991,4.26776e-09,0,0,0,0,0,0,0,0,0,0,0,0,0,0,0,0,4.26776e-09,0.905991,
1.30104e-12,0.00532249,-0.0187612,-0.000523683,0.00116005,-4.46543e-05,2.75881e-05,0,0,0.415308,-0.0115846,0.188583,0.00273483,-0.0136291,-0.00211324,-0.00230773,0,0,0,0.0790402,-0.00403879,0.0277185,0.00197487,0.00121688,-4.77717e-05,0,0,-0.0115615,0.629178,-0.000261983,-0.07736,0.00327516,-0.0192102,-0.000554867,0,0,-2.60209e-12,-0.00490069,0.057177,0.00025178,-0.000978806,-7.80122e-05,-1.07508e-05,0,0,0.189044,-0.000180283,0.397468,-0.0065609,-0.0236187,9.51549e-05,-0.00119061,0,0,-8.67362e-12,0.0458398,0.00196806,-0.0235388,-0.00294546,0.00310978,-0.000129692,0,0,0.00283185,-0.0784047,-0.00650298,0.608506,0.020274,0.057233,-0.0019314,0,0,1.38778e-11,0.0235867,0.00186387,-0.033824,0.0244945,-0.00187314,0.000492244,0,0,-0.135371,0.0322647,-0.235604,0.203061,0.310372,-0.0397286,0.0350324,0,0,6.93889e-12,0.053177,-0.00644814,0.00243833,0.00755652,-0.0635149,0.00242642,0,0,-0.0209383,-0.192385,0.0010507,0.572605,-0.0396569,0.397301,-0.00492069,0,0,0,-0.00327378,0.00170609,0.00473759,-0.000806586,0.00346418,9.95567e-05,0,0,-0.0230612,-0.00549103,-0.0119613,-0.0193966,0.0350984,-0.00493258,0.0656618,0,0,0,0,0,0,0,0,0,0,0,0,0,0,0,0,0,0,0.905991,-4.32837e-09,0,0,0,0,0,0,0,0,0,0,0,0,0,0,0,0,-4.32777e-09,0.905991,
3.46945e-12,0.00531865,-0.0187595,-0.000522204,0.00115655,-4.44921e-05,2.75746e-05,0,0,0.415466,-0.0115903,0.188418,0.00272926,-0.0135946,-0.00210546,-0.0023101,0,0,1.38778e-11,0.0790414,-0.00403727,0.0276805,0.00197296,0.0012174,-4.78053e-05,0,0,-0.0115671,0.629189,-0.000263118,-0.0773698,0.00327618,-0.0191999,-0.000555328,0,0,-8.67362e-12,-0.00490062,0.0572173,0.00025828,-0.000977425,-7.68138e-05,-1.0799e-05,0,0,0.188879,-0.000181376,0.397591,-0.00657202,-0.0236072,9.94803e-05,-0.00119155,0,0,1.38778e-11,0.0457981,0.00197051,-0.0235012,-0.0029414,0.00310918,-0.000129724,0,0,0.00282658,-0.0784156,-0.00651385,0.608497,0.0202764,0.0572354,-0.00193053,0,0,3.46945e-12,0.0235711,0.00190592,-0.033807,0.0244513,-0.0018894,0.000493032,0,0,-0.135025,0.0322744,-0.235488,0.203085,0.310417,-0.0397295,0.035019,0,0,1.38778e-11,0.0532018,-0.00643997,0.00236641,0.00753433,-0.0634867,0.00242624,0,0,-0.0208602,-0.192283,0.00109419,0.57263,-0.0396577,0.397311,-0.00492159,0,0,1.73472e-12,-0.00327329,0.00170507,0.00473808,-0.00080285,0.00346516,0.000100309,0,0,-0.0230848,-0.00549555,-0.0119708,-0.019388,0.0350851,-0.00493349,0.065663,0,0,0,0,0,0,0,0,0,0,0,0,0,0,0,0,0,0,0.905991,4.26476e-09,0,0,0,0,0,1.20024e-12,0,0,0,0,0,0,0,0,0,0,4.26386e-09,0.905991,
-8.67362e-13,0.0053148,-0.0187578,-0.000520732,0.00115304,-4.43322e-05,2.7561e-05,0,0,0.415623,-0.011596,0.188252,0.00272369,-0.01356,-0.00209767,-0.00231246,0,0,-1.38778e-11,0.0790426,-0.00403574,0.0276424,0.00197104,0.00121791,-4.78388e-05,0,0,-0.0115728,0.6292,-0.000264263,-0.0773796,0.00327719,-0.0191896,-0.000555789,0,0,0,-0.00490056,0.0572576,0.000264785,-0.000976039,-7.56146e-05,-1.08472e-05,0,0,0.188714,-0.000182478,0.397714,-0.00658316,-0.0235957,0.000103813,-0.0011925,0,0,-3.46945e-12,0.0457564,0.00197297,-0.0234635,-0.00293734,0.00310857,-0.000129755,0,0,0.00282132,-0.0784264,-0.00652474,0.608489,0.0202788,0.0572378,-0.00192966,0,0,-2.08167e-11,0.0235555,0.00194805,-0.03379,0.024408,-0.00190571,0.000493821,0,0,-0.134679,0.0322842,-0.235372,0.203109,0.310462,-0.0397304,0.0350056,0,0,-4.85723e-11,0.0532266,-0.00643178,0.00229445,0.00751209,-0.0634584,0.00242606,0,0,-0.020782,-0.19218,0.00113775,0.572655,-0.0396584,0.397321,-0.00492249,0,0,0,-0.0032728,0.00170404,0.00473857,-0.00079911,0.00346615,0.000101064,0,0,-0.0231084,-0.00550008,-0.0119803,-0.0193794,0.0350718,-0.00493441,0.0656643,0,0,0,1.20024e-12,-1.20024e-12,1.20024e-12,0,1.20024e-12,0,0,0,0,0,0,0,0,0,0,0.905991,-4.31937e-09,0,-2.40048e-12,2.40048e-12,-2.40048e-12,0,-2.40048e-12,0,0,0,0,0,0,0,0,0,0,-4.31997e-09,0.905991,
0,0.00531094,-0.018756,-0.000519267,0.00114953,-4.41746e-05,2.75474e-05,0,0,0.415781,-0.0116017,0.188086,0.00271812,-0.0135254,-0.00208986,-0.00231483,0,0,-1.38778e-11,0.0790438,-0.00403421,0.0276043,0.00196912,0.00121842,-4.78724e-05,0,0,-0.0115784,0.629211,-0.000265418,-0.0773895,0.00327821,-0.0191792,-0.000556251,0,0,-3.46945e-12,-0.00490049,0.0572979,0.000271294,-0.000974649,-7.44145e-05,-1.08955e-05,0,0,0.188548,-0.000183589,0.397836,-0.00659431,-0.0235841,0.000108154,-0.00119344,0,0,-1.73472e-12,0.0457146,0.00197543,-0.0234258,-0.00293326,0.00310797,-0.000129786,0,0,0.00281605,-0.0784373,-0.00653564,0.608481,0.0202812,0.0572401,-0.00192878,0,0,-2.42861e-11,0.0235398,0.00199025,-0.0337729,0.0243646,-0.00192205,0.00049461,0,0,-0.134332,0.032294,-0.235256,0.203133,0.310508,-0.0397312,0.0349921,0,0,6.245e-11,0.0532514,-0.00642356,0.00222244,0.0074898,-0.06343,0.00242589,0,0,-0.0207037,-0.192078,0.00118139,0.572679,-0.0396592,0.39733,-0.00492339,0,0,1.73472e-12,-0.0032723,0.00170302,0.00473905,-0.000795365,0.00346714,0.000101819,0,0,-0.0231319,-0.00550461,-0.0119898,-0.0193708,0.0350585,-0.00493532,0.0656655,0,0,0,0,0,0,1.20024e-12,1.20024e-12,0,0,0,0,0,0,0,0,0,0,0.905991,4.25215e-09,0,0,0,0,0,0,0,0,0,0,0,0,0,0,0,0,4.25245e-09,0.905991,
3.03577e-12,0.00530708,-0.0187542,-0.00051781,0.00114602,-4.40192e-05,2.75337e-05,0,0,0.415939,-0.0116074,0.187919,0.00271254,-0.0134908,-0.00208205,-0.00231719,0,0,-1.38778e-11,0.0790449,-0.00403267,0.0275661,0.00196719,0.00121893,-4.7906e-05,0,0,-0.0115841,0.629222,-0.000266582,-0.0773993,0.00327924,-0.0191689,-0.000556713,0,0,-8.67362e-12,-0.00490043,0.0573382,0.000277808,-0.000973254,-7.32136e-05,-1.09437e-05,0,0,0.188383,-0.000184709,0.397959,-0.00660547,-0.0235726,0.000112502,-0.00119439,0,0,-1.9082e-11,0.0456727,0.00197789,-0.0233881,-0.00292917,0.00310736,-0.000129818,0,0,0.00281078,-0.0784481,-0.00654656,0.608473,0.0202836,0.0572425,-0.0019279,0,0,1.38778e-11,0.0235242,0.00203254,-0.0337558,0.0243211,-0.00193843,0.000495399,0,0,-0.133986,0.0323038,-0.23514,0.203157,0.310553,-0.039732,0.0349787,0,0,4.16334e-11,0.0532763,-0.00641531,0.00215038,0.00746746,-0.0634016,0.00242571,0,0,-0.0206253,-0.191975,0.0012251,0.572704,-0.0396599,0.39734,-0.00492429,0,0,0,-0.00327181,0.00170199,0.00473954,-0.000791616,0.00346813,0.000102577,0,0,-0.0231555,-0.00550915,-0.0119994,-0.0193621,0.0350452,-0.00493624,0.0656667,0,0,0,0,0,1.20024e-12,0,-1.20024e-12,0,0,0,0,0,0,0,0,0,0,0.905991,-4.30196e-09,0,0,0,-1.20024e-12,0,1.20024e-12,0,0,0,0,0,0,0,0,0,0,-4.30256e-09,0.905991,
-4.33681e-13,0.0053032,-0.0187524,-0.00051636,0.00114251,-4.38657e-05,2.75199e-05,0,0,0.416097,-0.0116132,0.187753,0.00270697,-0.0134562,-0.00207422,-0.00231955,0,0,1.38778e-11,0.0790459,-0.00403112,0.0275279,0.00196527,0.00121943,-4.79397e-05,0,0,-0.0115898,0.629232,-0.000267757,-0.0774091,0.00328026,-0.0191586,-0.000557175,0,0,2.60209e-12,-0.00490036,0.0573785,0.000284326,-0.000971854,-7.20117e-05,-1.0992e-05,0,0,0.188217,-0.000185838,0.398082,-0.00661664,-0.0235611,0.000116857,-0.00119534,0,0,-1.73472e-12,0.0456308,0.00198035,-0.0233503,-0.00292507,0.00310675,-0.000129849,0,0,0.0028055,-0.078459,-0.00655749,0.608465,0.020286,0.0572449,-0.00192702,0,0,0,0.0235084,0.0020749,-0.0337387,0.0242774,-0.00195484,0.000496188,0,0,-0.133639,0.0323136,-0.235024,0.203181,0.310599,-0.0397328,0.0349652,0,0,-6.93889e-12,0.0533011,-0.00640704,0.00207828,0.00744507,-0.0633732,0.00242553,0,0,-0.0205468,-0.191872,0.00126888,0.572729,-0.0396606,0.39735,-0.00492519,0,0,0,-0.00327131,0.00170097,0.00474001,-0.000787861,0.00346912,0.000103335,0,0,-0.0231791,-0.0055137,-0.0120089,-0.0193534,0.0350319,-0.00493716,0.0656679,0,0,0,0,0,0,0,0,0,-1.14023e-10,0,0,0,0,0,0,0,0,0.905991,4.23265e-09,0,0,0,0,0,0,0,-1.14023e-10,0,0,0,0,0,0,0,0,4.23205e-09,0.905991,
1.30104e-12,0.00529933,-0.0187505,-0.000514917,0.00113901,-4.37142e-05,2.75061e-05,0,0,0.416256,-0.0116189,0.187586,0.00270139,-0.0134215,-0.00206638,-0.00232191,0,0,1.38778e-11,0.079047,-0.00402956,0.0274896,0.00196334,0.00121994,-4.79733e-05,0,0,-0.0115954,0.629243,-0.000268941,-0.0774189,0.00328129,-0.0191482,-0.000557638,0,0,-8.67362e-13,-0.00490029,0.0574189,0.00029085,-0.00097045,-7.08086e-05,-1.10403e-05,0,0,0.18805,-0.000186976,0.398205,-0.00662783,-0.0235495,0.00012122,-0.00119628,0,0,-1.56125e-11,0.0455888,0.00198282,-0.0233125,-0.00292097,0.00310614,-0.00012988,0,0,0.00280023,-0.0784698,-0.00656844,0.608457,0.0202883,0.0572472,-0.00192614,0,0,2.42861e-11,0.0234926,0.00211734,-0.0337215,0.0242337,-0.0019713,0.000496977,0,0,-0.133292,0.0323235,-0.234908,0.203204,0.310645,-0.0397336,0.0349518,0,0,8.32667e-11,0.0533259,-0.00639874,0.00200614,0.00742262,-0.0633447,0.00242535,0,0,-0.0204681,-0.19177,0.00131274,0.572753,-0.0396612,0.39736,-0.00492609,0,0,0,-0.0032708,0.00169994,0.00474049,-0.000784102,0.00347011,0.000104096,0,0,-0.0232026,-0.00551824,-0.0120185,-0.0193447,0.0350185,-0.00493807,0.0656691,0,0,0,0,0,0,0,0,0,0,0,0,0,0,0,0,0,0,0.905991,4.27826e-09,0,0,0,0,0,0,0,0,0,0,0,0,0,0,0,0,4.27736e-09,0.905991,
3.46945e-12,0.00529544,-0.0187486,-0.000513481,0.0011355,-4.35643e-05,2.74921e-05,0,0,0.416414,-0.0116246,0.187418,0.00269581,-0.0133869,-0.00205854,-0.00232427,0,0,0,0.079048,-0.00402799,0.0274514,0.0019614,0.00122045,-4.80071e-05,0,0,-0.0116011,0.629254,-0.000270135,-0.0774287,0.00328233,-0.0191379,-0.000558102,0,0,-1.04083e-11,-0.00490022,0.0574592,0.000297379,-0.000969041,-6.96043e-05,-1.10886e-05,0,0,0.187884,-0.000188124,0.398328,-0.00663903,-0.023538,0.00012559,-0.00119724,0,0,5.20417e-12,0.0455468,0.00198529,-0.0232746,-0.00291685,0.00310552,-0.000129911,0,0,0.00279495,-0.0784806,-0.0065794,0.608448,0.0202907,0.0572495,-0.00192526,0,0,3.46945e-12,0.0234768,0.00215987,-0.0337043,0.0241898,-0.0019878,0.000497767,0,0,-0.132945,0.0323334,-0.234792,0.203228,0.310691,-0.0397343,0.0349383,0,0,-5.55112e-11,0.0533507,-0.00639042,0.00193395,0.00740013,-0.0633161,0.00242517,0,0,-0.0203894,-0.191667,0.00135668,0.572778,-0.0396618,0.39737,-0.00492699,0,0,0,-0.0032703,0.00169891,0.00474096,-0.000780338,0.00347111,0.000104858,0,0,-0.0232262,-0.0055228,-0.0120281,-0.019336,0.0350051,-0.00493899,0.0656703,0,0,0,0,0,0,0,0,0,0,0,0,0,0,0,0,0,0,0.905991,-4.43759e-09,0,0,0,0,0,0,0,0,0,0,0,0,0,0,0,0,-4.43609e-09,0.905991,
-2.60209e-12,0.00529156,-0.0187466,-0.000512052,0.00113199,-4.34159e-05,2.74781e-05,0,0,0.416573,-0.0116303,0.187251,0.00269023,-0.0133522,-0.00205068,-0.00232663,0,0,1.38778e-11,0.0790489,-0.00402642,0.0274131,0.00195947,0.00122096,-4.80408e-05,0,0,-0.0116068,0.629265,-0.000271339,-0.0774384,0.00328337,-0.0191275,-0.000558566,0,0,8.67362e-12,-0.00490014,0.0574995,0.000303914,-0.000967627,-6.83986e-05,-1.11369e-05,0,0,0.187717,-0.00018928,0.398451,-0.00665025,-0.0235264,0.000129968,-0.00119819,0,0,-1.04083e-11,0.0455047,0.00198777,-0.0232367,-0.00291272,0.0031049,-0.000129943,0,0,0.00278967,-0.0784915,-0.00659037,0.60844,0.020293,0.0572519,-0.00192438,0,0,6.93889e-12,0.023461,0.00220247,-0.0336871,0.0241458,-0.00200433,0.000498557,0,0,-0.132598,0.0323434,-0.234675,0.203251,0.310737,-0.0397351,0.0349248,0,0,2.77556e-11,0.0533756,-0.00638207,0.00186172,0.00737758,-0.0632875,0.00242499,0,0,-0.0203105,-0.191564,0.00140069,0.572802,-0.0396625,0.397379,-0.00492789,0,0,-1.73472e-12,-0.00326979,0.00169788,0.00474142,-0.000776569,0.0034721,0.000105621,0,0,-0.0232497,-0.00552735,-0.0120377,-0.0193273,0.0349917,-0.0049399,0.0656715,0,0,0,-2.40048e-12,0,1.20024e-12,0,0,1.20024e-12,0,0,0,0,0,0,0,0,0,0.905991,-4.4559e-09,0,-2.40048e-12,0,0,0,0,0,0,0,0,0,0,0,0,0,0,-4.4568e-09,0.905991,
-3.03577e-12,0.00528766,-0.0187445,-0.00051063,0.00112848,-4.32688e-05,2.7464e-05,0,0,0.416731,-0.0116361,0.187083,0.00268465,-0.0133176,-0.00204281,-0.00232899,0,0,1.38778e-11,0.0790499,-0.00402484,0.0273747,0.00195753,0.00122146,-4.80745e-05,0,0,-0.0116125,0.629275,-0.000272553,-0.0774482,0.00328441,-0.0191172,-0.000559031,0,0,6.93889e-12,-0.00490007,0.0575398,0.000310455,-0.000966209,-6.71914e-05,-1.11853e-05,0,0,0.18755,-0.000190446,0.398573,-0.00666147,-0.0235148,0.000134354,-0.00119914,0,0,1.56125e-11,0.0454625,0.00199025,-0.0231987,-0.00290858,0.00310428,-0.000129974,0,0,0.00278438,-0.0785023,-0.00660135,0.608432,0.0202954,0.0572542,-0.00192349,0,0,-4.16334e-11,0.0234451,0.00224515,-0.0336698,0.0241017,-0.00202091,0.000499346,0,0,-0.132251,0.0323534,-0.234559,0.203275,0.310783,-0.0397357,0.0349113,0,0,-2.08167e-11,0.0534004,-0.0063737,0.00178945,0.00735498,-0.0632589,0.00242481,0,0,-0.0202316,-0.191461,0.00144478,0.572827,-0.039663,0.397389,-0.00492879,0,0,3.46945e-12,-0.00326928,0.00169684,0.00474189,-0.000772795,0.0034731,0.000106386,0,0,-0.0232733,-0.00553192,-0.0120473,-0.0193186,0.0349783,-0.00494082,0.0656727,0,0,0,0,0,0,0,0,0,-5.76116e-11,0,0,0,0,0,0,0,0,0.905991,-4.34787e-09,0,0,0,0,0,0,0,0,0,0,0,0,0,0,0,0,-4.34847e-09,0.905991,
4.33681e-12,0.00528376,-0.0187425,-0.000509215,0.00112497,-4.31228e-05,2.74498e-05,0,0,0.41689,-0.0116418,0.186915,0.00267906,-0.0132829,-0.00203493,-0.00233134,0,0,0,0.0790507,-0.00402326,0.0273363,0.00195559,0.00122197,-4.81083e-05,0,0,-0.0116182,0.629286,-0.000273776,-0.077458,0.00328545,-0.0191068,-0.000559496,0,0,-1.47451e-11,-0.0049,0.0575801,0.000317003,-0.000964785,-6.59824e-05,-1.12337e-05,0,0,0.187383,-0.000191621,0.398696,-0.00667272,-0.0235032,0.000138747,-0.0012001,0,0,6.93889e-12,0.0454202,0.00199274,-0.0231607,-0.00290442,0.00310366,-0.000130005,0,0,0.0027791,-0.0785131,-0.00661235,0.608424,0.0202977,0.0572565,-0.0019226,0,0,-1.04083e-11,0.0234292,0.00228791,-0.0336525,0.0240575,-0.00203752,0.000500136,0,0,-0.131904,0.0323634,-0.234442,0.203298,0.310829,-0.0397364,0.0348977,0,0,-4.85723e-11,0.0534253,-0.0063653,0.00171713,0.00733232,-0.0632302,0.00242463,0,0,-0.0201525,-0.191359,0.00148895,0.572851,-0.0396636,0.397399,-0.00492969,0,0,1.73472e-12,-0.00326876,0.00169581,0.00474234,-0.000769016,0.0034741,0.000107153,0,0,-0.0232968,-0.00553648,-0.0120569,-0.0193098,0.0349649,-0.00494173,0.0656739,0,0,0,0,0,0,0,-1.20024e-12,1.20024e-12,0,0,0,0,0,0,0,0,0,0.905991,4.14233e-09,0,0,0,0,0,-3.60072e-12,3.60072e-12,0,0,0,0,0,0,0,0,0,4.14233e-09,0.905991,
-4.77049e-12,0.00527985,-0.0187404,-0.000507806,0.00112146,-4.29777e-05,2.74355e-05,0,0,0.417049,-0.0116475,0.186747,0.00267347,-0.0132482,-0.00202704,-0.0023337,0,0,-1.38778e-11,0.0790516,-0.00402166,0.0272979,0.00195364,0.00122247,-4.81421e-05,0,0,-0.0116239,0.629297,-0.00027501,-0.0774678,0.0032865,-0.0190964,-0.000559961,0,0,1.38778e-11,-0.00489992,0.0576204,0.000323558,-0.000963357,-6.47716e-05,-1.12821e-05,0,0,0.187215,-0.000192806,0.398819,-0.00668397,-0.0234916,0.000143147,-0.00120106,0,0,1.56125e-11,0.0453779,0.00199522,-0.0231227,-0.00290026,0.00310304,-0.000130036,0,0,0.00277381,-0.0785239,-0.00662337,0.608416,0.0203,0.0572588,-0.00192171,0,0,-6.93889e-12,0.0234132,0.00233075,-0.0336351,0.0240132,-0.00205418,0.000500926,0,0,-0.131556,0.0323735,-0.234326,0.203321,0.310875,-0.039737,0.0348842,0,0,-4.85723e-11,0.0534501,-0.00635687,0.00164477,0.00730962,-0.0632014,0.00242445,0,0,-0.0200733,-0.191256,0.00153319,0.572875,-0.0396641,0.397409,-0.00493059,0,0,1.73472e-12,-0.00326825,0.00169478,0.0047428,-0.000765233,0.00347511,0.000107921,0,0,-0.0233203,-0.00554106,-0.0120666,-0.019301,0.0349515,-0.00494265,0.0656751,0,0,0,1.20024e-12,0,0,0,0,-1.20024e-12,0,0,0,0,0,0,0,0,0,0.905991,4.06792e-09,0,1.20024e-12,0,0,0,0,-1.20024e-12,0,0,0,0,0,0,0,0,0,4.06882e-09,0.905991,
4.77049e-12,0.00527594,-0.0187382,-0.000506403,0.00111795,-4.28334e-05,2.74211e-05,0,0,0.417208,-0.0116533,0.186578,0.00266788,-0.0132135,-0.00201913,-0.00233605,0,0,0,0.0790524,-0.00402006,0.0272595,0.00195169,0.00122298,-4.81759e-05,0,0,-0.0116296,0.629307,-0.000276253,-0.0774775,0.00328755,-0.0190861,-0.000560427,0,0,-1.56125e-11,-0.00489984,0.0576608,0.00033012,-0.000961923,-6.35588e-05,-1.13306e-05,0,0,0.187047,-0.000194,0.398942,-0.00669524,-0.02348,0.000147556,-0.00120201,0,0,1.9082e-11,0.0453356,0.00199772,-0.0230846,-0.00289609,0.00310241,-0.000130067,0,0,0.00276851,-0.0785347,-0.0066344,0.608408,0.0203023,0.0572611,-0.00192082,0,0,-6.93889e-12,0.0233972,0.00237367,-0.0336178,0.0239687,-0.00207088,0.000501717,0,0,-0.131209,0.0323835,-0.234209,0.203344,0.310922,-0.0397377,0.0348706,0,0,-3.46945e-11,0.053475,-0.00634842,0.00157236,0.00728685,-0.0631726,0.00242427,0,0,-0.019994,-0.191153,0.00157751,0.572899,-0.0396646,0.397419,-0.00493149,0,0,0,-0.00326773,0.00169374,0.00474325,-0.000761444,0.00347611,0.000108691,0,0,-0.0233438,-0.00554563,-0.0120762,-0.0192922,0.034938,-0.00494356,0.0656763,0,0,0,0,0,0,0,-2.40048e-12,0,0,0,0,0,0,0,0,0,0,0.905991,4.09882e-09,0,0,0,0,0,2.40048e-12,0,0,0,0,0,0,0,0,0,0,4.09792e-09,0.905991,
-4.33681e-12,0.00527202,-0.018736,-0.000505006,0.00111444,-4.26899e-05,2.74066e-05,0,0,0.417367,-0.011659,0.186409,0.00266229,-0.0131787,-0.00201122,-0.00233841,0,0,0,0.0790532,-0.00401845,0.027221,0.00194974,0.00122348,-4.82098e-05,0,0,-0.0116353,0.629318,-0.000277506,-0.0774873,0.00328861,-0.0190757,-0.000560894,0,0,1.38778e-11,-0.00489976,0.0577011,0.000336691,-0.000960485,-6.2344e-05,-1.13791e-05,0,0,0.186879,-0.000195203,0.399065,-0.00670652,-0.0234684,0.000151972,-0.00120297,0,0,-8.67362e-12,0.0452931,0.00200021,-0.0230465,-0.0028919,0.00310178,-0.000130098,0,0,0.00276322,-0.0785455,-0.00664544,0.6084,0.0203046,0.0572633,-0.00191993,0,0,1.73472e-11,0.0233811,0.00241667,-0.0336003,0.0239242,-0.00208762,0.000502507,0,0,-0.130861,0.0323937,-0.234092,0.203367,0.310968,-0.0397382,0.0348571,0,0,6.93889e-12,0.0534999,-0.00633994,0.00149991,0.00726403,-0.0631437,0.00242409,0,0,-0.0199146,-0.19105,0.00162192,0.572923,-0.0396651,0.397429,-0.00493239,0,0,0,-0.00326721,0.0016927,0.0047437,-0.00075765,0.00347712,0.000109462,0,0,-0.0233673,-0.00555022,-0.0120859,-0.0192834,0.0349246,-0.00494448,0.0656775,0,0,0,0,0,0,1.20024e-12,0,0,0,0,0,0,0,0,0,0,0,0.905991,4.22635e-09,0,0,0,0,0,0,0,0,0,0,0,0,0,0,0,0,4.22605e-09,0.905991,
4.33681e-13,0.0052681,-0.0187337,-0.000503615,0.00111093,-4.25467e-05,2.7392e-05,0,0,0.417526,-0.0116648,0.18624,0.0026567,-0.013144,-0.0020033,-0.00234076,0,0,0,0.0790539,-0.00401684,0.0271824,0.00194779,0.00122398,-4.82436e-05,0,0,-0.011641,0.629328,-0.000278769,-0.077497,0.00328967,-0.0190653,-0.000561361,0,0,-8.67362e-13,-0.00489968,0.0577414,0.000343271,-0.000959041,-6.11269e-05,-1.14277e-05,0,0,0.186711,-0.000196416,0.399188,-0.00671782,-0.0234568,0.000156396,-0.00120394,0,0,6.93889e-12,0.0452506,0.00200271,-0.0230084,-0.00288771,0.00310115,-0.000130129,0,0,0.00275792,-0.0785563,-0.0066565,0.608392,0.0203069,0.0572656,-0.00191903,0,0,6.93889e-12,0.023365,0.00245974,-0.0335829,0.0238795,-0.0021044,0.000503297,0,0,-0.130513,0.0324038,-0.233975,0.20339,0.311015,-0.0397388,0.0348435,0,0,-7.63278e-11,0.0535248,-0.00633143,0.00142742,0.00724115,-0.0631148,0.00242391,0,0,-0.0198351,-0.190947,0.0016664,0.572947,-0.0396656,0.397439,-0.00493329,0,0,-1.73472e-12,-0.00326668,0.00169166,0.00474414,-0.000753851,0.00347812,0.000110235,0,0,-0.0233908,-0.0055548,-0.0120956,-0.0192746,0.0349111,-0.00494539,0.0656787,0,0,0,0,0,0,0,0,0,0,0,0,0,0,0,0,0,0,0.905991,-4.4652e-09,0,0,0,0,0,0,0,0,0,0,0,0,0,0,0,0,-4.4643e-09,0.905991,
-7.37257e-12,0.00526417,-0.0187314,-0.000502229,0.00110742,-4.24037e-05,2.73773e-05,0,0,0.417686,-0.0116706,0.18607,0.0026511,-0.0131092,-0.00199536,-0.00234311,0,0,-2.77556e-11,0.0790546,-0.00401521,0.0271439,0.00194583,0.00122448,-4.82775e-05,0,0,-0.0116467,0.629339,-0.000280041,-0.0775068,0.00329073,-0.0190549,-0.000561828,0,0,2.1684e-11,-0.0048996,0.0577817,0.00034986,-0.000957592,-5.99072e-05,-1.14763e-05,0,0,0.186542,-0.000197638,0.399311,-0.00672913,-0.0234451,0.000160829,-0.0012049,0,0,0,0.0452081,0.00200521,-0.0229702,-0.0028835,0.00310052,-0.000130159,0,0,0.00275262,-0.078567,-0.00666757,0.608384,0.0203092,0.0572679,-0.00191813,0,0,3.46945e-12,0.0233489,0.0025029,-0.0335654,0.0238348,-0.00212123,0.000504088,0,0,-0.130165,0.032414,-0.233858,0.203413,0.311062,-0.0397393,0.0348299,0,0,6.93889e-12,0.0535496,-0.0063229,0.00135489,0.00721822,-0.0630858,0.00242372,0,0,-0.0197554,-0.190844,0.00171097,0.57297,-0.039666,0.397449,-0.00493419,0,0,0,-0.00326615,0.00169062,0.00474458,-0.000750047,0.00347913,0.00011101,0,0,-0.0234143,-0.0055594,-0.0121053,-0.0192657,0.0348976,-0.00494631,0.0656799,0,0,0,0,0,0,0,0,0,0,0,0,0,0,0,0,0,0,0.905991,-4.56362e-09,0,0,0,0,0,1.20024e-12,0,0,0,0,0,0,0,0,0,0,-4.56332e-09,0.905991,
4.33681e-13,0.00526023,-0.018729,-0.000500851,0.00110391,-4.22607e-05,2.73624e-05,0,0,0.417845,-0.0116763,0.185901,0.0026455,-0.0130745,-0.00198741,-0.00234546,0,0,0,0.0790553,-0.00401358,0.0271053,0.00194387,0.00122498,-4.83114e-05,0,0,-0.0116524,0.629349,-0.000281324,-0.0775165,0.0032918,-0.0190446,-0.000562296,0,0,-2.60209e-12,-0.00489951,0.057822,0.000356455,-0.000956138,-5.8685e-05,-1.15249e-05,0,0,0.186373,-0.00019887,0.399435,-0.00674046,-0.0234335,0.000165269,-0.00120587,0,0,6.93889e-12,0.0451655,0.00200772,-0.0229319,-0.00287928,0.00309988,-0.00013019,0,0,0.00274732,-0.0785778,-0.00667865,0.608376,0.0203114,0.0572701,-0.00191723,0,0,-2.77556e-11,0.0233327,0.00254614,-0.0335478,0.0237899,-0.0021381,0.000504879,0,0,-0.129817,0.0324243,-0.23374,0.203435,0.311108,-0.0397399,0.0348163,0,0,-6.93889e-12,0.0535745,-0.00631434,0.00128231,0.00719523,-0.0630568,0.00242354,0,0,-0.0196757,-0.190741,0.00175561,0.572994,-0.0396664,0.39746,-0.00493509,0,0,1.73472e-12,-0.00326562,0.00168958,0.00474502,-0.000746239,0.00348014,0.000111786,0,0,-0.0234378,-0.00556399,-0.0121151,-0.0192568,0.0348841,-0.00494722,0.0656811,0,0,0,-1.20024e-12,1.20024e-12,0,1.20024e-12,1.20024e-12,0,0,0,0,0,0,0,0,0,0,0.905991,-4.51651e-09,0,0,0,0,0,0,0,0,0,0,0,0,0,0,0,0,-4.51591e-09,0.905991,
-1.73472e-12,0.00525631,-0.0187267,-0.000499476,0.00110044,-4.20797e-05,2.73455e-05,0,0,0.418005,-0.0116821,0.185731,0.0026399,-0.0130397,-0.00197945,-0.00234782,0,0,0,0.0790559,-0.00401195,0.0270667,0.00194191,0.0012255,-4.83456e-05,0,0,-0.0116581,0.62936,-0.000282616,-0.0775262,0.00329287,-0.0190342,-0.000562765,0,0,6.07153e-12,-0.00489944,0.0578624,0.000363092,-0.000954645,-5.74339e-05,-1.15737e-05,0,0,0.186204,-0.000200111,0.399558,-0.0067518,-0.0234218,0.000169717,-0.00120683,0,0,3.46945e-12,0.0451228,0.00201023,-0.0228936,-0.00287504,0.00309925,-0.00013022,0,0,0.00274201,-0.0785886,-0.00668975,0.608368,0.0203137,0.0572724,-0.00191633,0,0,-3.46945e-12,0.0233165,0.00258945,-0.0335302,0.0237449,-0.00215498,0.000505656,0,0,-0.129469,0.0324346,-0.233623,0.203458,0.311155,-0.0397403,0.0348026,0,0,-6.245e-11,0.0535994,-0.00630576,0.00120969,0.00717215,-0.0630277,0.00242335,0,0,-0.0195958,-0.190638,0.00180034,0.573017,-0.0396668,0.39747,-0.00493598,0,0,0,-0.00326508,0.00168854,0.00474545,-0.000742421,0.00348113,0.000112565,0,0,-0.0234612,-0.00556859,-0.0121248,-0.0192479,0.0348706,-0.00494813,0.0656823,0,0,0,-1.20024e-12,0,-1.20024e-12,0,1.20024e-12,1.20024e-12,0,0,0,0,0,0,0,0,0,0.905991,-4.34577e-09,0,1.20024e-12,0,1.20024e-12,0,-1.20024e-12,-1.20024e-12,0,0,0,0,0,0,0,0,0,-4.34667e-09,0.905991,
-3.46945e-12,0.00525239,-0.0187242,-0.00049809,0.00109696,-4.18983e-05,2.73286e-05,0,0,0.418164,-0.0116879,0.18556,0.00263429,-0.0130049,-0.00197148,-0.00235016,0,0,-1.38778e-11,0.0790565,-0.00401031,0.027028,0.00193994,0.00122602,-4.83799e-05,0,0,-0.0116638,0.62937,-0.000283918,-0.077536,0.00329394,-0.0190238,-0.000563234,0,0,7.80626e-12,-0.00489935,0.0579027,0.000369771,-0.000953148,-5.6179e-05,-1.16225e-05,0,0,0.186034,-0.000201362,0.399681,-0.00676315,-0.0234101,0.000174175,-0.0012078,0,0,5.20417e-12,0.04508,0.00201274,-0.0228553,-0.00287078,0.00309861,-0.00013025,0,0,0.0027367,-0.0785994,-0.00670087,0.60836,0.0203159,0.0572746,-0.00191543,0,0,-3.46945e-12,0.0233003,0.00263283,-0.0335126,0.0236998,-0.00217195,0.000506434,0,0,-0.12912,0.0324449,-0.233506,0.20348,0.311202,-0.0397408,0.034789,0,0,-4.85723e-11,0.0536243,-0.00629714,0.00113704,0.00714899,-0.0629986,0.00242316,0,0,-0.0195158,-0.190534,0.00184515,0.573041,-0.0396672,0.39748,-0.00493688,0,0,0,-0.00326454,0.00168749,0.00474589,-0.000738596,0.00348213,0.000113348,0,0,-0.0234847,-0.0055732,-0.0121346,-0.019239,0.034857,-0.00494905,0.0656836,0,0,0,0,0,1.20024e-12,1.20024e-12,0,-1.20024e-12,0,0,0,0,0,0,0,0,0,0.905991,4.09432e-09,0,0,0,0,0,0,0,0,0,0,0,0,0,0,0,0,4.09372e-09,0.905991,
8.67362e-13,0.00524846,-0.0187218,-0.000496698,0.00109348,-4.17259e-05,2.7312e-05,0,0,0.418324,-0.0116936,0.18539,0.00262868,-0.0129701,-0.0019635,-0.00235251,0,0,0,0.079057,-0.00400867,0.0269894,0.00193797,0.00122653,-4.84141e-05,0,0,-0.0116696,0.62938,-0.000285229,-0.0775457,0.00329502,-0.0190134,-0.000563704,0,0,-2.60209e-12,-0.00489925,0.057943,0.000376478,-0.000951655,-5.49271e-05,-1.16713e-05,0,0,0.185864,-0.000202623,0.399804,-0.00677452,-0.0233984,0.00017864,-0.00120877,0,0,-1.73472e-12,0.0450372,0.00201527,-0.0228169,-0.00286651,0.00309798,-0.00013028,0,0,0.00273139,-0.0786101,-0.00671199,0.608352,0.0203181,0.0572768,-0.00191453,0,0,-1.04083e-11,0.023284,0.0026763,-0.0334949,0.0236546,-0.00218899,0.000507216,0,0,-0.128772,0.0324552,-0.233388,0.203502,0.31125,-0.0397412,0.0347753,0,0,2.77556e-11,0.0536492,-0.0062885,0.00106435,0.00712574,-0.0629694,0.00242298,0,0,-0.0194357,-0.190431,0.00189004,0.573064,-0.0396675,0.39749,-0.00493778,0,0,1.73472e-12,-0.003264,0.00168645,0.00474631,-0.000734764,0.00348314,0.000114132,0,0,-0.0235081,-0.00557781,-0.0121444,-0.0192301,0.0348435,-0.00494996,0.0656848,0,0,0,0,1.20024e-12,0,0,-1.20024e-12,0,1.15223e-10,0,0,0,0,0,0,0,0,0.905991,3.9809e-09,0,0,0,0,0,0,0,0,0,0,0,0,0,0,0,0,3.9812e-09,0.905991,
-8.67362e-13,0.00524452,-0.0187193,-0.000495307,0.00108999,-4.15616e-05,2.72957e-05,0,0,0.418484,-0.0116994,0.185219,0.00262307,-0.0129353,-0.0019555,-0.00235486,0,0,-1.38778e-11,0.0790575,-0.00400702,0.0269507,0.001936,0.00122704,-4.84483e-05,0,0,-0.0116753,0.629391,-0.000286551,-0.0775554,0.0032961,-0.019003,-0.000564174,0,0,0,-0.00489915,0.0579833,0.000383197,-0.000950163,-5.36778e-05,-1.17201e-05,0,0,0.185694,-0.000203893,0.399927,-0.0067859,-0.0233867,0.000183113,-0.00120974,0,0,8.67362e-12,0.0449943,0.00201779,-0.0227785,-0.00286223,0.00309734,-0.00013031,0,0,0.00272608,-0.0786209,-0.00672313,0.608345,0.0203204,0.057279,-0.00191362,0,0,-1.73472e-11,0.0232677,0.00271984,-0.0334771,0.0236092,-0.00220608,0.000508,0,0,-0.128423,0.0324656,-0.23327,0.203524,0.311297,-0.0397417,0.0347616,0,0,-4.85723e-11,0.0536741,-0.00627983,0.000991617,0.00710244,-0.0629401,0.00242279,0,0,-0.0193555,-0.190328,0.00193501,0.573087,-0.0396678,0.3975,-0.00493868,0,0,1.73472e-12,-0.00326346,0.0016854,0.00474674,-0.000730928,0.00348415,0.000114918,0,0,-0.0235316,-0.00558243,-0.0121541,-0.0192212,0.0348299,-0.00495088,0.065686,0,0,0,0,0,0,0,0,0,0,0,0,0,0,0,0,0,0,0.905991,3.9698e-09,0,0,0,0,0,0,0,0,0,0,0,0,0,0,0,0,3.9695e-09,0.905991,
-2.1684e-12,0.00524057,-0.0187167,-0.000493922,0.00108649,-4.14027e-05,2.72794e-05,0,0,0.418644,-0.0117052,0.185048,0.00261746,-0.0129004,-0.0019475,-0.00235721,0,0,0,0.079058,-0.00400537,0.0269119,0.00193402,0.00122755,-4.84825e-05,0,0,-0.011681,0.629401,-0.000287884,-0.0775651,0.00329718,-0.0189925,-0.000564644,0,0,6.07153e-12,-0.00489904,0.0580236,0.000389921,-0.000948671,-5.24297e-05,-1.1769e-05,0,0,0.185524,-0.000205173,0.40005,-0.00679729,-0.023375,0.000187594,-0.00121072,0,0,-1.56125e-11,0.0449514,0.00202032,-0.02274,-0.00285794,0.0030967,-0.00013034,0,0,0.00272076,-0.0786316,-0.00673429,0.608337,0.0203226,0.0572812,-0.00191271,0,0,-3.46945e-12,0.0232513,0.00276346,-0.0334594,0.0235638,-0.00222323,0.000508787,0,0,-0.128074,0.032476,-0.233152,0.203546,0.311344,-0.039742,0.0347479,0,0,-3.46945e-11,0.0536991,-0.00627113,0.000918848,0.00707908,-0.0629109,0.00242261,0,0,-0.0192752,-0.190225,0.00198006,0.573111,-0.0396681,0.397511,-0.00493958,0,0,-1.73472e-12,-0.00326291,0.00168435,0.00474716,-0.000727087,0.00348517,0.000115706,0,0,-0.023555,-0.00558705,-0.012164,-0.0192122,0.0348163,-0.00495179,0.0656872,0,0,0,0,2.40048e-12,2.40048e-12,0,0,0,0,0,0,0,0,0,0,0,0,0.905991,4.04961e-09,0,0,0,0,0,0,0,0,0,0,0,0,0,0,0,0,4.05111e-09,0.905991,
-1.30104e-12,0.00523661,-0.0187141,-0.000492545,0.00108299,-4.12471e-05,2.72632e-05,0,0,0.418804,-0.011711,0.184876,0.00261185,-0.0128656,-0.00193948,-0.00235955,0,0,0,0.0790584,-0.0040037,0.0268732,0.00193205,0.00122805,-4.85166e-05,0,0,-0.0116868,0.629411,-0.000289226,-0.0775748,0.00329827,-0.0189821,-0.000565116,0,0,5.20417e-12,-0.00489894,0.058064,0.000396649,-0.000947177,-5.11813e-05,-1.18179e-05,0,0,0.185353,-0.000206462,0.400174,-0.0068087,-0.0233633,0.000192083,-0.00121169,0,0,-5.20417e-12,0.0449084,0.00202285,-0.0227016,-0.00285365,0.00309606,-0.00013037,0,0,0.00271545,-0.0786424,-0.00674546,0.608329,0.0203248,0.0572834,-0.0019118,0,0,1.73472e-11,0.0232349,0.00280716,-0.0334416,0.0235182,-0.00224041,0.000509575,0,0,-0.127725,0.0324865,-0.233035,0.203568,0.311392,-0.0397424,0.0347342,0,0,1.38778e-11,0.053724,-0.00626241,0.000846036,0.00705567,-0.0628815,0.00242242,0,0,-0.0191948,-0.190121,0.00202519,0.573134,-0.0396684,0.397521,-0.00494047,0,0,0,-0.00326236,0.0016833,0.00474758,-0.000723242,0.00348619,0.000116495,0,0,-0.0235784,-0.00559168,-0.0121738,-0.0192032,0.0348027,-0.0049527,0.0656884,0,0,0,2.40048e-12,0,2.40048e-12,2.40048e-12,0,-2.40048e-12,0,0,0,0,0,0,0,0,0,0.905991,4.22545e-09,0,0,0,0,0,0,0,0,0,0,0,0,0,0,0,0,4.22545e-09,0.905991,
-2.1684e-12,0.00523265,-0.0187114,-0.000491174,0.00107948,-4.10932e-05,2.7247e-05,0,0,0.418965,-0.0117168,0.184704,0.00260623,-0.0128307,-0.00193145,-0.0023619,0,0,0,0.0790588,-0.00400203,0.0268344,0.00193006,0.00122855,-4.85508e-05,0,0,-0.0116925,0.629422,-0.000290578,-0.0775845,0.00329936,-0.0189717,-0.000565587,0,0,6.07153e-12,-0.00489883,0.0581043,0.000403382,-0.00094568,-4.99316e-05,-1.18669e-05,0,0,0.185182,-0.000207761,0.400297,-0.00682012,-0.0233516,0.00019658,-0.00121267,0,0,-2.08167e-11,0.0448653,0.00202539,-0.022663,-0.00284934,0.00309541,-0.0001304,0,0,0.00271013,-0.0786531,-0.00675664,0.608321,0.0203269,0.0572856,-0.00191089,0,0,1.04083e-11,0.0232184,0.00285094,-0.0334237,0.0234725,-0.00225764,0.000510364,0,0,-0.127376,0.032497,-0.232917,0.20359,0.311439,-0.0397427,0.0347205,0,0,7.63278e-11,0.0537489,-0.00625366,0.000773182,0.0070322,-0.0628521,0.00242223,0,0,-0.0191142,-0.190018,0.0020704,0.573157,-0.0396686,0.397531,-0.00494137,0,0,1.73472e-12,-0.0032618,0.00168225,0.00474799,-0.000719393,0.00348721,0.000117286,0,0,-0.0236018,-0.00559631,-0.0121836,-0.0191942,0.0347891,-0.00495362,0.0656896,0,0,0,0,0,-3.60072e-12,-3.60072e-12,0,0,-5.76116e-11,0,0,0,0,0,0,0,0,0.905991,-4.51561e-09,0,0,0,-3.60072e-12,-3.60072e-12,0,0,0,0,0,0,0,0,0,0,0,-4.51621e-09,0.905991,
0,0.00522869,-0.0187087,-0.000489813,0.00107598,-4.09242e-05,2.72301e-05,0,0,0.419125,-0.0117226,0.184533,0.00260062,-0.0127959,-0.00192342,-0.00236424,0,0,0,0.0790591,-0.00400035,0.0267955,0.00192808,0.00122905,-4.85848e-05,0,0,-0.0116983,0.629432,-0.000291941,-0.0775942,0.00330046,-0.0189613,-0.000566059,0,0,0,-0.00489873,0.0581446,0.000410128,-0.000944174,-4.86689e-05,-1.19162e-05,0,0,0.185011,-0.00020907,0.40042,-0.00683155,-0.0233398,0.000201086,-0.00121365,0,0,-1.04083e-11,0.0448221,0.00202793,-0.0226244,-0.00284502,0.00309476,-0.00013043,0,0,0.0027048,-0.0786638,-0.00676784,0.608313,0.0203291,0.0572878,-0.00190998,0,0,-1.04083e-11,0.0232019,0.0028948,-0.0334058,0.0234267,-0.00227489,0.000511152,0,0,-0.127027,0.0325075,-0.232798,0.203612,0.311487,-0.0397431,0.0347068,0,0,2.77556e-11,0.0537738,-0.00624488,0.000700285,0.00700868,-0.0628227,0.00242204,0,0,-0.0190336,-0.189914,0.00211569,0.573179,-0.0396688,0.397542,-0.00494227,0,0,1.73472e-12,-0.00326125,0.00168119,0.0047484,-0.000715539,0.00348822,0.000118077,0,0,-0.0236252,-0.00560094,-0.0121935,-0.0191852,0.0347755,-0.00495453,0.0656908,0,0,0,0,0,2.40048e-12,0,0,0,0,0,0,0,0,0,0,0,0,0.905991,-4.66504e-09,0,0,0,0,0,0,0,0,0,0,0,0,0,0,0,0,-4.66504e-09,0.905991,
8.67362e-13,0.00522472,-0.018706,-0.000488452,0.00107247,-4.07552e-05,2.72132e-05,0,0,0.419285,-0.0117284,0.18436,0.002595,-0.012761,-0.00191537,-0.00236658,0,0,1.38778e-11,0.0790594,-0.00399867,0.0267566,0.00192609,0.00122955,-4.86189e-05,0,0,-0.011704,0.629442,-0.000293313,-0.0776039,0.00330156,-0.0189509,-0.000566532,0,0,1.73472e-12,-0.00489862,0.0581849,0.000416893,-0.000942663,-4.74034e-05,-1.19655e-05,0,0,0.184839,-0.000210389,0.400543,-0.006843,-0.0233281,0.000205599,-0.00121463,0,0,-1.73472e-12,0.0447789,0.00203047,-0.0225858,-0.00284068,0.00309411,-0.00013046,0,0,0.00269948,-0.0786746,-0.00677905,0.608305,0.0203313,0.0572899,-0.00190906,0,0,2.77556e-11,0.0231854,0.00293873,-0.0333879,0.0233807,-0.00229219,0.00051194,0,0,-0.126678,0.0325181,-0.23268,0.203633,0.311535,-0.0397433,0.034693,0,0,3.46945e-11,0.0537988,-0.00623608,0.000627343,0.00698509,-0.0627932,0.00242184,0,0,-0.0189528,-0.189811,0.00216107,0.573202,-0.039669,0.397552,-0.00494316,0,0,-1.73472e-12,-0.00326069,0.00168014,0.00474881,-0.000711681,0.00348924,0.000118871,0,0,-0.0236485,-0.00560559,-0.0122034,-0.0191762,0.0347619,-0.00495544,0.065692,0,0,0,1.20024e-12,1.20024e-12,1.20024e-12,0,-1.20024e-12,0,0,0,0,0,0,0,0,0,0,0.905991,-4.65604e-09,0,1.20024e-12,1.20024e-12,1.20024e-12,0,-1.20024e-12,0,0,0,0,0,0,0,0,0,0,-4.65514e-09,0.905991,
-1.73472e-12,0.00522075,-0.0187031,-0.000487092,0.00106896,-4.05901e-05,2.71964e-05,0,0,0.419446,-0.0117342,0.184188,0.00258937,-0.0127261,-0.00190731,-0.00236892,0,0,0,0.0790597,-0.00399698,0.0267177,0.0019241,0.00123005,-4.8653e-05,0,0,-0.0117098,0.629452,-0.000294696,-0.0776135,0.00330266,-0.0189404,-0.000567005,0,0,7.80626e-12,-0.0048985,0.0582252,0.000423675,-0.000941148,-4.61377e-05,-1.20149e-05,0,0,0.184668,-0.000211717,0.400667,-0.00685446,-0.0233163,0.000210121,-0.00121561,0,0,0,0.0447357,0.00203302,-0.0225472,-0.00283633,0.00309346,-0.00013049,0,0,0.00269415,-0.0786853,-0.00679027,0.608298,0.0203334,0.0572921,-0.00190814,0,0,1.38778e-11,0.0231688,0.00298275,-0.0333699,0.0233347,-0.00230955,0.000512729,0,0,-0.126329,0.0325286,-0.232562,0.203655,0.311583,-0.0397436,0.0346793,0,0,7.63278e-11,0.0538237,-0.00622724,0.000554357,0.00696143,-0.0627637,0.00242165,0,0,-0.0188719,-0.189707,0.00220652,0.573225,-0.0396691,0.397563,-0.00494406,0,0,0,-0.00326012,0.00167908,0.00474921,-0.000707817,0.00349026,0.000119666,0,0,-0.0236719,-0.00561023,-0.0122133,-0.0191671,0.0347482,-0.00495635,0.0656932,0,0,0,0,2.40048e-12,0,0,-2.40048e-12,0,0,0,0,0,0,0,0,0,0,0.905991,-4.50571e-09,0,0,-2.40048e-12,0,0,2.40048e-12,0,0,0,0,0,0,0,0,0,0,-4.5048e-09,0.905991,
4.33681e-13,0.00521677,-0.0187003,-0.000485734,0.00106546,-4.04284e-05,2.71795e-05,0,0,0.419607,-0.01174,0.184015,0.00258375,-0.0126912,-0.00189923,-0.00237126,0,0,1.38778e-11,0.0790599,-0.00399528,0.0266787,0.0019221,0.00123054,-4.86871e-05,0,0,-0.0117155,0.629462,-0.000296089,-0.0776232,0.00330376,-0.01893,-0.000567479,0,0,-8.67362e-13,-0.00489838,0.0582655,0.000430468,-0.000939629,-4.48717e-05,-1.20642e-05,0,0,0.184496,-0.000213055,0.40079,-0.00686594,-0.0233045,0.00021465,-0.00121659,0,0,0,0.0446923,0.00203558,-0.0225085,-0.00283197,0.0030928,-0.000130519,0,0,0.00268883,-0.078696,-0.00680151,0.60829,0.0203356,0.0572942,-0.00190722,0,0,-2.77556e-11,0.0231522,0.00302684,-0.0333519,0.0232885,-0.00232695,0.000513519,0,0,-0.125979,0.0325393,-0.232443,0.203676,0.311631,-0.0397438,0.0346655,0,0,-7.63278e-11,0.0538486,-0.00621838,0.000481327,0.00693771,-0.0627341,0.00242145,0,0,-0.018791,-0.189604,0.00225206,0.573247,-0.0396693,0.397573,-0.00494495,0,0,0,-0.00325956,0.00167803,0.00474961,-0.000703949,0.00349128,0.000120464,0,0,-0.0236953,-0.00561488,-0.0122232,-0.019158,0.0347346,-0.00495726,0.0656944,0,0,0,0,0,0,0,0,0,0,0,0,0,0,0,0,0,0,0.905991,4.25485e-09,0,0,0,0,0,0,0,0,0,0,0,0,0,0,0,0,4.25485e-09,0.905991,
2.1684e-12,0.00521278,-0.0186974,-0.000484381,0.00106195,-4.02688e-05,2.71625e-05,0,0,0.419768,-0.0117458,0.183842,0.00257813,-0.0126563,-0.00189115,-0.0023736,0,0,0,0.0790601,-0.00399357,0.0266397,0.0019201,0.00123103,-4.87212e-05,0,0,-0.0117213,0.629472,-0.000297492,-0.0776329,0.00330487,-0.0189196,-0.000567953,0,0,-5.20417e-12,-0.00489826,0.0583058,0.000437271,-0.000938105,-4.36044e-05,-1.21136e-05,0,0,0.184323,-0.000214403,0.400913,-0.00687743,-0.0232927,0.000219188,-0.00121758,0,0,0,0.0446489,0.00203813,-0.0224697,-0.0028276,0.00309214,-0.000130549,0,0,0.0026835,-0.0787067,-0.00681276,0.608282,0.0203377,0.0572963,-0.0019063,0,0,1.04083e-11,0.0231355,0.00307102,-0.0333338,0.0232423,-0.00234441,0.000514309,0,0,-0.12563,0.03255,-0.232325,0.203697,0.311679,-0.039744,0.0346517,0,0,0,0.0538736,-0.00620949,0.000408254,0.00691392,-0.0627044,0.00242126,0,0,-0.0187099,-0.1895,0.00229768,0.57327,-0.0396694,0.397584,-0.00494585,0,0,0,-0.00325899,0.00167697,0.00475001,-0.000700076,0.00349231,0.000121263,0,0,-0.0237186,-0.00561954,-0.0122331,-0.0191489,0.0347209,-0.00495818,0.0656957,0,0,0,1.20024e-12,0,0,1.20024e-12,0,0,0,0,0,0,0,0,0,0,0,0.905991,4.15283e-09,0,1.20024e-12,0,0,1.20024e-12,0,0,0,0,0,0,0,0,0,0,0,4.15373e-09,0.905991,
-2.1684e-12,0.00520879,-0.0186944,-0.000483033,0.00105844,-4.01115e-05,2.71455e-05,0,0,0.419929,-0.0117516,0.183668,0.0025725,-0.0126214,-0.00188306,-0.00237594,0,0,1.38778e-11,0.0790603,-0.00399186,0.0266007,0.0019181,0.00123152,-4.87553e-05,0,0,-0.011727,0.629482,-0.000298906,-0.0776425,0.00330599,-0.0189091,-0.000568427,0,0,8.67362e-12,-0.00489814,0.0583461,0.000444083,-0.000936578,-4.2336e-05,-1.21631e-05,0,0,0.184151,-0.00021576,0.401037,-0.00688893,-0.0232809,0.000223734,-0.00121856,0,0,1.56125e-11,0.0446055,0.00204069,-0.0224309,-0.00282322,0.00309148,-0.000130579,0,0,0.00267817,-0.0787174,-0.00682403,0.608274,0.0203398,0.0572984,-0.00190538,0,0,6.93889e-12,0.0231188,0.00311527,-0.0333157,0.0231959,-0.00236191,0.0005151,0,0,-0.12528,0.0325607,-0.232206,0.203719,0.311727,-0.0397442,0.0346379,0,0,2.77556e-11,0.0538985,-0.00620058,0.000335138,0.00689009,-0.0626747,0.00242106,0,0,-0.0186287,-0.189397,0.00234338,0.573292,-0.0396694,0.397594,-0.00494674,0,0,1.73472e-12,-0.00325842,0.00167592,0.0047504,-0.000696199,0.00349333,0.000122063,0,0,-0.0237419,-0.0056242,-0.012243,-0.0191398,0.0347072,-0.00495909,0.0656969,0,0,0,0,0,0,0,0,0,0,0,0,0,0,0,0,0,0,0.905991,4.16664e-09,0,0,0,0,0,0,0,0,0,0,0,0,0,0,0,0,4.16634e-09,0.905991,
-4.33681e-13,0.00520479,-0.0186914,-0.00048169,0.00105493,-3.99542e-05,2.71284e-05,0,0,0.42009,-0.0117574,0.183495,0.00256687,-0.0125864,-0.00187495,-0.00237828,0,0,1.38778e-11,0.0790604,-0.00399013,0.0265616,0.0019161,0.00123202,-4.87894e-05,0,0,-0.0117328,0.629492,-0.000300329,-0.0776522,0.00330711,-0.0188987,-0.000568902,0,0,1.73472e-12,-0.00489801,0.0583864,0.000450905,-0.000935045,-4.1065e-05,-1.22126e-05,0,0,0.183978,-0.000217128,0.40116,-0.00690045,-0.0232691,0.000228288,-0.00121955,0,0,-6.93889e-12,0.0445619,0.00204326,-0.0223921,-0.00281883,0.00309082,-0.000130609,0,0,0.00267283,-0.0787281,-0.00683531,0.608267,0.0203419,0.0573006,-0.00190445,0,0,-6.93889e-12,0.0231021,0.0031596,-0.0332976,0.0231494,-0.00237946,0.000515892,0,0,-0.12493,0.0325714,-0.232087,0.20374,0.311776,-0.0397444,0.0346241,0,0,6.93889e-12,0.0539235,-0.00619163,0.000261978,0.00686619,-0.0626449,0.00242086,0,0,-0.0185474,-0.189293,0.00238916,0.573314,-0.0396695,0.397605,-0.00494764,0,0,0,-0.00325784,0.00167486,0.00475079,-0.000692317,0.00349436,0.000122866,0,0,-0.0237653,-0.00562886,-0.012253,-0.0191307,0.0346935,-0.00496,0.0656981,0,0,0,0,-1.20024e-12,1.20024e-12,0,-1.20024e-12,1.20024e-12,0,0,0,0,0,0,0,0,0,0.905991,4.28336e-09,0,0,1.20024e-12,-1.20024e-12,0,1.20024e-12,-1.20024e-12,0,0,0,0,0,0,0,0,0,4.28306e-09,0.905991,
-2.60209e-12,0.00520078,-0.0186883,-0.000480352,0.00105142,-3.9796e-05,2.71112e-05,0,0,0.420251,-0.0117632,0.183321,0.00256124,-0.0125515,-0.00186684,-0.00238061,0,0,1.38778e-11,0.0790605,-0.0039884,0.0265225,0.00191409,0.0012325,-4.88235e-05,0,0,-0.0117386,0.629502,-0.000301763,-0.0776618,0.00330823,-0.0188882,-0.000569378,0,0,9.54098e-12,-0.00489788,0.0584267,0.000457738,-0.000933506,-3.97907e-05,-1.22622e-05,0,0,0.183805,-0.000218505,0.401284,-0.00691198,-0.0232573,0.000232851,-0.00122054,0,0,-1.73472e-11,0.0445183,0.00204583,-0.0223532,-0.00281442,0.00309015,-0.000130638,0,0,0.0026675,-0.0787388,-0.0068466,0.608259,0.020344,0.0573027,-0.00190353,0,0,1.38778e-11,0.0230853,0.00320401,-0.0332794,0.0231027,-0.00239705,0.000516683,0,0,-0.12458,0.0325822,-0.231968,0.20376,0.311824,-0.0397445,0.0346102,0,0,3.46945e-11,0.0539485,-0.00618266,0.000188776,0.00684223,-0.0626151,0.00242066,0,0,-0.0184659,-0.189189,0.00243503,0.573337,-0.0396695,0.397615,-0.00494853,0,0,-1.73472e-12,-0.00325726,0.0016738,0.00475117,-0.000688431,0.00349539,0.00012367,0,0,-0.0237886,-0.00563353,-0.012263,-0.0191216,0.0346798,-0.00496091,0.0656993,0,0,0,0,0,0,0,0,0,2.40048e-12,0,0,0,0,0,0,0,0,0.905991,-4.51411e-09,0,0,0,0,1.20024e-12,0,0,-1.20024e-12,0,0,0,0,0,0,0,0,-4.51411e-09,0.905991,
-1.30104e-12,0.00519677,-0.0186852,-0.000479019,0.00104791,-3.96367e-05,2.70937e-05,0,0,0.420412,-0.0117691,0.183147,0.00255561,-0.0125165,-0.00185871,-0.00238295,0,0,0,0.0790605,-0.00398667,0.0264833,0.00191207,0.00123299,-4.88577e-05,0,0,-0.0117444,0.629512,-0.000303208,-0.0776714,0.00330935,-0.0188778,-0.000569854,0,0,4.33681e-12,-0.00489775,0.058467,0.000464584,-0.000931962,-3.85128e-05,-1.23118e-05,0,0,0.183631,-0.000219892,0.401407,-0.00692352,-0.0232455,0.000237421,-0.00122153,0,0,-8.67362e-12,0.0444747,0.0020484,-0.0223143,-0.00281,0.00308948,-0.000130668,0,0,0.00266216,-0.0787495,-0.00685791,0.608251,0.0203461,0.0573047,-0.0019026,0,0,1.38778e-11,0.0230684,0.0032485,-0.0332612,0.023056,-0.00241468,0.000517475,0,0,-0.12423,0.032593,-0.231849,0.203781,0.311873,-0.0397446,0.0345964,0,0,6.93889e-12,0.0539734,-0.00617366,0.00011553,0.00681821,-0.0625852,0.00242046,0,0,-0.0183844,-0.189085,0.00248099,0.573359,-0.0396695,0.397626,-0.00494943,0,0,0,-0.00325668,0.00167274,0.00475155,-0.00068454,0.00349643,0.000124476,0,0,-0.0238119,-0.00563821,-0.012273,-0.0191124,0.034666,-0.00496182,0.0657005,0,0,0,0,0,0,-2.40048e-12,0,2.40048e-12,0,0,0,0,0,0,0,0,0,0.905991,-4.60052e-09,0,0,0,0,1.20024e-12,0,-1.20024e-12,0,0,0,0,0,0,0,0,0,-4.60022e-09,0.905991,
4.33681e-13,0.00519276,-0.018682,-0.000477689,0.00104441,-3.94762e-05,2.70762e-05,0,0,0.420574,-0.0117749,0.182972,0.00254997,-0.0124816,-0.00185057,-0.00238528,0,0,0,0.0790605,-0.00398492,0.0264441,0.00191006,0.00123348,-4.88918e-05,0,0,-0.0117501,0.629522,-0.000304662,-0.0776811,0.00331048,-0.0188673,-0.000570331,0,0,-8.67362e-13,-0.00489762,0.0585073,0.000471445,-0.000930412,-3.72314e-05,-1.23615e-05,0,0,0.183458,-0.000221289,0.40153,-0.00693508,-0.0232336,0.000242,-0.00122253,0,0,6.93889e-12,0.044431,0.00205098,-0.0222754,-0.00280557,0.00308881,-0.000130698,0,0,0.00265682,-0.0787602,-0.00686923,0.608244,0.0203482,0.0573068,-0.00190167,0,0,-3.46945e-12,0.0230516,0.00329307,-0.0332429,0.0230092,-0.00243236,0.000518266,0,0,-0.12388,0.0326038,-0.23173,0.203802,0.311921,-0.0397447,0.0345825,0,0,-1.38778e-11,0.0539984,-0.00616464,4.22415e-05,0.00679412,-0.0625552,0.00242026,0,0,-0.0183027,-0.188982,0.00252703,0.573381,-0.0396695,0.397637,-0.00495032,0,0,0,-0.0032561,0.00167168,0.00475193,-0.000680644,0.00349746,0.000125283,0,0,-0.0238352,-0.00564289,-0.012283,-0.0191032,0.0346523,-0.00496273,0.0657017,0,0,0,0,0,0,0,0,0,0,0,0,0,0,0,0,0,0,0.905991,-4.53931e-09,0,0,0,0,0,0,0,0,0,0,0,0,0,0,0,0,-4.53901e-09,0.905991,
2.1684e-12,0.00518874,-0.0186788,-0.000476362,0.0010409,-3.93146e-05,2.70584e-05,0,0,0.420735,-0.0117807,0.182798,0.00254434,-0.0124466,-0.00184243,-0.00238761,0,0,1.38778e-11,0.0790604,-0.00398317,0.0264048,0.00190804,0.00123396,-4.8926e-05,0,0,-0.0117559,0.629532,-0.000306127,-0.0776907,0.00331161,-0.0188568,-0.000570808,0,0,-1.04083e-11,-0.00489748,0.0585476,0.000478319,-0.000928856,-3.59464e-05,-1.24113e-05,0,0,0.183284,-0.000222697,0.401654,-0.00694665,-0.0232218,0.000246588,-0.00122352,0,0,-8.67362e-12,0.0443872,0.00205356,-0.0222364,-0.00280113,0.00308814,-0.000130727,0,0,0.00265148,-0.0787709,-0.00688056,0.608236,0.0203502,0.0573089,-0.00190074,0,0,-3.81639e-11,0.0230347,0.00333771,-0.0332246,0.0229622,-0.00245009,0.000519058,0,0,-0.12353,0.0326147,-0.231611,0.203823,0.31197,-0.0397448,0.0345686,0,0,0,0.0540233,-0.00615558,-3.10902e-05,0.00676997,-0.0625252,0.00242006,0,0,-0.018221,-0.188878,0.00257315,0.573402,-0.0396694,0.397647,-0.00495122,0,0,0,-0.00325551,0.00167062,0.0047523,-0.000676743,0.00349849,0.000126093,0,0,-0.0238584,-0.00564757,-0.012293,-0.019094,0.0346385,-0.00496364,0.0657029,0,0,0,0,0,0,0,0,0,0,0,0,0,0,0,0,0,0,0.905991,-4.35567e-09,0,1.20024e-12,0,0,0,-1.20024e-12,0,0,0,0,0,0,0,0,0,0,-4.35537e-09,0.905991,
-5.20417e-12,0.00518471,-0.0186755,-0.000475038,0.00103739,-3.91518e-05,2.70405e-05,0,0,0.420897,-0.0117865,0.182622,0.0025387,-0.0124116,-0.00183427,-0.00238994,0,0,2.77556e-11,0.0790603,-0.00398141,0.0263655,0.00190602,0.00123445,-4.89601e-05,0,0,-0.0117617,0.629542,-0.000307602,-0.0777003,0.00331275,-0.0188464,-0.000571285,0,0,2.1684e-11,-0.00489734,0.0585879,0.00048521,-0.000927294,-3.46577e-05,-1.24611e-05,0,0,0.183109,-0.000224114,0.401777,-0.00695824,-0.0232099,0.000251184,-0.00122452,0,0,-2.25514e-11,0.0443433,0.00205614,-0.0221973,-0.00279667,0.00308746,-0.000130756,0,0,0.00264613,-0.0787816,-0.00689191,0.608228,0.0203523,0.0573109,-0.0018998,0,0,3.1225e-11,0.0230177,0.00338244,-0.0332062,0.0229151,-0.00246787,0.00051985,0,0,-0.123179,0.0326257,-0.231492,0.203843,0.312019,-0.0397448,0.0345547,0,0,9.71445e-11,0.0540483,-0.0061465,-0.000104465,0.00674575,-0.0624952,0.00241986,0,0,-0.0181391,-0.188774,0.00261936,0.573424,-0.0396694,0.397658,-0.00495211,0,0,0,-0.00325492,0.00166955,0.00475267,-0.000672837,0.00349953,0.000126904,0,0,-0.0238817,-0.00565226,-0.012303,-0.0190848,0.0346247,-0.00496455,0.0657042,0,0,0,0,0,0,0,0,0,0,0,0,0,0,0,0,0,0,0.905991,4.09222e-09,0,0,-1.20024e-12,0,0,0,1.20024e-12,0,0,0,0,0,0,0,0,0,4.09252e-09,0.905991,
1.73472e-12,0.00518069,-0.0186722,-0.000473717,0.00103389,-3.89877e-05,2.70225e-05,0,0,0.421059,-0.0117924,0.182447,0.00253306,-0.0123766,-0.00182609,-0.00239227,0,0,-1.38778e-11,0.0790602,-0.00397964,0.0263262,0.00190399,0.00123493,-4.89943e-05,0,0,-0.0117675,0.629552,-0.000309088,-0.0777099,0.00331388,-0.0188359,-0.000571763,0,0,-6.07153e-12,-0.0048972,0.0586282,0.000492115,-0.000925726,-3.33652e-05,-1.25111e-05,0,0,0.182935,-0.000225541,0.401901,-0.00696984,-0.023198,0.000255789,-0.00122552,0,0,1.38778e-11,0.0442994,0.00205873,-0.0221582,-0.0027922,0.00308679,-0.000130786,0,0,0.00264079,-0.0787922,-0.00690328,0.608221,0.0203543,0.057313,-0.00189887,0,0,6.93889e-12,0.0230007,0.00342724,-0.0331878,0.0228679,-0.0024857,0.000520642,0,0,-0.122829,0.0326366,-0.231372,0.203863,0.312068,-0.0397448,0.0345408,0,0,-6.93889e-12,0.0540733,-0.00613738,-0.000177882,0.00672147,-0.062465,0.00241965,0,0,-0.0180571,-0.18867,0.00266566,0.573446,-0.0396693,0.397669,-0.004953,0,0,0,-0.00325433,0.00166849,0.00475304,-0.000668926,0.00350056,0.000127717,0,0,-0.023905,-0.00565695,-0.0123131,-0.0190756,0.0346109,-0.00496546,0.0657054,0,0,0,1.20024e-12,0,0,0,0,0,0,0,0,0,0,0,0,0,0,0.905991,3.9698e-09,0,-1.20024e-12,0,0,0,0,0,0,0,0,0,0,0,0,0,0,3.9701e-09,0.905991,
-1.73472e-12,0.00517665,-0.0186689,-0.000472399,0.00103038,-3.88225e-05,2.70043e-05,0,0,0.421221,-0.0117982,0.182272,0.00252741,-0.0123416,-0.00181791,-0.0023946,0,0,0,0.07906,-0.00397786,0.0262868,0.00190196,0.00123542,-4.90285e-05,0,0,-0.0117733,0.629562,-0.000310583,-0.0777195,0.00331503,-0.0188254,-0.000572242,0,0,5.20417e-12,-0.00489705,0.0586684,0.000499037,-0.000924153,-3.20691e-05,-1.25611e-05,0,0,0.18276,-0.000226978,0.402024,-0.00698146,-0.0231862,0.000260403,-0.00122651,0,0,1.73472e-11,0.0442554,0.00206132,-0.0221191,-0.00278772,0.00308611,-0.000130815,0,0,0.00263544,-0.0788029,-0.00691465,0.608213,0.0203563,0.057315,-0.00189793,0,0,-6.93889e-12,0.0229837,0.00347213,-0.0331694,0.0228206,-0.00250358,0.000521434,0,0,-0.122478,0.0326476,-0.231253,0.203884,0.312117,-0.0397448,0.0345269,0,0,-7.63278e-11,0.0540983,-0.00612824,-0.000251343,0.00669712,-0.0624349,0.00241945,0,0,-0.017975,-0.188566,0.00271205,0.573467,-0.0396691,0.39768,-0.00495389,0,0,1.73472e-12,-0.00325373,0.00166743,0.0047534,-0.00066501,0.0035016,0.000128532,0,0,-0.0239282,-0.00566165,-0.0123232,-0.0190663,0.0345971,-0.00496637,0.0657066,0,0,0,0,0,0,0,0,0,0,0,0,0,0,0,0,0,0,0.905991,3.95269e-09,0,1.20024e-12,0,0,0,0,0,1.15223e-10,0,0,0,0,0,0,0,0,3.95209e-09,0.905991,
2.1684e-12,0.00517261,-0.0186654,-0.000471084,0.00102688,-3.8656e-05,2.69859e-05,0,0,0.421383,-0.0118041,0.182096,0.00252177,-0.0123065,-0.00180972,-0.00239693,0,0,0,0.0790598,-0.00397608,0.0262474,0.00189993,0.0012359,-4.90627e-05,0,0,-0.0117791,0.629572,-0.00031209,-0.0777291,0.00331617,-0.0188149,-0.000572721,0,0,-6.07153e-12,-0.0048969,0.0587087,0.000505975,-0.000922573,-3.07691e-05,-1.26111e-05,0,0,0.182585,-0.000228426,0.402148,-0.00699309,-0.0231743,0.000265025,-0.00122752,0,0,-1.04083e-11,0.0442113,0.00206392,-0.0220799,-0.00278322,0.00308543,-0.000130844,0,0,0.00263009,-0.0788135,-0.00692605,0.608205,0.0203583,0.0573171,-0.00189699,0,0,3.46945e-12,0.0229666,0.00351709,-0.0331509,0.0227731,-0.00252151,0.000522226,0,0,-0.122128,0.0326586,-0.231133,0.203904,0.312166,-0.0397447,0.034513,0,0,3.46945e-11,0.0541233,-0.00611907,-0.000324846,0.0066727,-0.0624046,0.00241924,0,0,-0.0178928,-0.188462,0.00275853,0.573489,-0.039669,0.39769,-0.00495478,0,0,-1.73472e-12,-0.00325313,0.00166636,0.00475376,-0.000661089,0.00350264,0.000129349,0,0,-0.0239514,-0.00566636,-0.0123333,-0.019057,0.0345833,-0.00496727,0.0657078,0,0,0,2.40048e-12,0,2.40048e-12,-2.40048e-12,2.40048e-12,0,-1.16423e-10,0,0,0,0,0,0,0,0,0.905991,4.02501e-09,0,2.40048e-12,0,2.40048e-12,-2.40048e-12,2.40048e-12,0,-2.40048e-12,0,0,0,0,0,0,0,0,4.02411e-09,0.905991,
0,0.00516857,-0.018662,-0.000469771,0.00102337,-3.84883e-05,2.69673e-05,0,0,0.421545,-0.0118099,0.18192,0.00251612,-0.0122715,-0.00180151,-0.00239925,0,0,1.38778e-11,0.0790596,-0.00397429,0.026208,0.00189789,0.00123638,-4.90969e-05,0,0,-0.0117849,0.629581,-0.000313606,-0.0777387,0.00331732,-0.0188044,-0.000573201,0,0,1.73472e-12,-0.00489675,0.058749,0.00051293,-0.000920988,-2.94655e-05,-1.26612e-05,0,0,0.18241,-0.000229883,0.402272,-0.00700473,-0.0231623,0.000269656,-0.00122852,0,0,3.29597e-11,0.0441672,0.00206652,-0.0220407,-0.00277871,0.00308474,-0.000130873,0,0,0.00262473,-0.0788242,-0.00693745,0.608198,0.0203603,0.0573191,-0.00189605,0,0,-1.73472e-11,0.0229495,0.00356213,-0.0331324,0.0227256,-0.00253949,0.000523019,0,0,-0.121777,0.0326697,-0.231013,0.203924,0.312215,-0.0397446,0.034499,0,0,-5.55112e-11,0.0541483,-0.00610987,-0.000398392,0.00664821,-0.0623743,0.00241903,0,0,-0.0178104,-0.188358,0.00280509,0.57351,-0.0396688,0.397701,-0.00495568,0,0,1.73472e-12,-0.00325253,0.0016653,0.00475412,-0.000657163,0.00350368,0.000130168,0,0,-0.0239746,-0.00567107,-0.0123434,-0.0190478,0.0345695,-0.00496818,0.065709,0,0,0,0,0,0,0,0,0,0,0,0,0,0,0,0,0,0,0.905991,4.18884e-09,0,0,0,0,0,0,1.20024e-12,0,0,0,0,0,0,0,0,0,4.18884e-09,0.905991,
-2.60209e-12,0.00516452,-0.0186585,-0.000468461,0.00101987,-3.83194e-05,2.69486e-05,0,0,0.421707,-0.0118158,0.181743,0.00251047,-0.0122364,-0.00179329,-0.00240158,0,0,-1.38778e-11,0.0790593,-0.00397249,0.0261685,0.00189585,0.00123686,-4.91311e-05,0,0,-0.0117907,0.629591,-0.000315133,-0.0777483,0.00331848,-0.0187939,-0.000573681,0,0,1.04083e-11,-0.00489659,0.0587893,0.000519901,-0.000919396,-2.81581e-05,-1.27115e-05,0,0,0.182234,-0.000231351,0.402395,-0.00701639,-0.0231504,0.000274296,-0.00122952,0,0,-1.21431e-11,0.044123,0.00206912,-0.0220014,-0.00277419,0.00308406,-0.000130902,0,0,0.00261938,-0.0788349,-0.00694887,0.60819,0.0203623,0.0573211,-0.00189511,0,0,2.77556e-11,0.0229324,0.00360725,-0.0331138,0.0226779,-0.00255752,0.000523811,0,0,-0.121426,0.0326808,-0.230893,0.203944,0.312265,-0.0397446,0.0344851,0,0,-6.93889e-12,0.0541732,-0.00610064,-0.000471981,0.00662366,-0.062344,0.00241882,0,0,-0.017728,-0.188254,0.00285175,0.573531,-0.0396686,0.397712,-0.00495657,0,0,-1.73472e-12,-0.00325192,0.00166423,0.00475447,-0.000653232,0.00350472,0.000130989,0,0,-0.0239979,-0.00567578,-0.0123535,-0.0190384,0.0345556,-0.00496909,0.0657102,0,0,0,0,0,0,0,0,0,0,0,0,0,0,0,0,0,0,0.905991,-4.464e-09,0,0,0,0,0,0,0,0,0,0,0,0,0,0,0,0,-4.4649e-09,0.905991,
-1.30104e-12,0.00516047,-0.0186549,-0.000467153,0.00101637,-3.81494e-05,2.69298e-05,0,0,0.42187,-0.0118216,0.181567,0.00250482,-0.0122014,-0.00178507,-0.0024039,0,0,-1.38778e-11,0.0790589,-0.00397069,0.026129,0.00189381,0.00123734,-4.91653e-05,0,0,-0.0117965,0.629601,-0.000316671,-0.0777579,0.00331964,-0.0187834,-0.000574162,0,0,4.33681e-12,-0.00489643,0.0588296,0.000526888,-0.000917799,-2.68469e-05,-1.27617e-05,0,0,0.182058,-0.000232829,0.402519,-0.00702806,-0.0231385,0.000278945,-0.00123053,0,0,-3.46945e-12,0.0440788,0.00207173,-0.0219621,-0.00276966,0.00308337,-0.000130931,0,0,0.00261402,-0.0788455,-0.00696031,0.608183,0.0203643,0.0573231,-0.00189416,0,0,1.38778e-11,0.0229152,0.00365245,-0.0330952,0.0226301,-0.0025756,0.000524604,0,0,-0.121075,0.032692,-0.230773,0.203963,0.312314,-0.0397444,0.0344711,0,0,1.04083e-10,0.0541982,-0.00609138,-0.000545613,0.00659904,-0.0623136,0.00241861,0,0,-0.0176454,-0.18815,0.00289849,0.573553,-0.0396684,0.397723,-0.00495746,0,0,1.73472e-12,-0.00325131,0.00166316,0.00475482,-0.000649296,0.00350576,0.000131812,0,0,-0.0240211,-0.0056805,-0.0123637,-0.0190291,0.0345418,-0.00497,0.0657114,0,0,0,-1.20024e-12,0,1.20024e-12,0,0,-1.20024e-12,0,0,0,0,0,0,0,0,0,0.905991,-4.60232e-09,0,-1.20024e-12,0,1.20024e-12,0,0,-1.20024e-12,0,0,0,0,0,0,0,0,0,-4.60292e-09,0.905991,
3.46945e-12,0.00515641,-0.0186513,-0.000465848,0.00101287,-3.79781e-05,2.69107e-05,0,0,0.422032,-0.0118275,0.18139,0.00249916,-0.0121663,-0.00177682,-0.00240622,0,0,-1.38778e-11,0.0790585,-0.00396887,0.0260894,0.00189176,0.00123781,-4.91995e-05,0,0,-0.0118023,0.629611,-0.000318219,-0.0777674,0.0033208,-0.0187729,-0.000574643,0,0,-1.04083e-11,-0.00489627,0.0588698,0.000533891,-0.000916195,-2.55319e-05,-1.28121e-05,0,0,0.181882,-0.000234317,0.402642,-0.00703975,-0.0231265,0.000283602,-0.00123154,0,0,-2.25514e-11,0.0440344,0.00207434,-0.0219228,-0.00276511,0.00308268,-0.000130959,0,0,0.00260866,-0.0788561,-0.00697176,0.608175,0.0203663,0.0573251,-0.00189321,0,0,2.42861e-11,0.0228979,0.00369773,-0.0330765,0.0225822,-0.00259373,0.000525396,0,0,-0.120723,0.0327031,-0.230653,0.203983,0.312364,-0.0397443,0.0344571,0,0,2.77556e-11,0.0542232,-0.00608209,-0.000619289,0.00657435,-0.0622831,0.0024184,0,0,-0.0175627,-0.188045,0.00294533,0.573574,-0.0396681,0.397734,-0.00495835,0,0,-1.73472e-12,-0.0032507,0.00166209,0.00475516,-0.000645355,0.00350681,0.000132636,0,0,-0.0240442,-0.00568522,-0.0123738,-0.0190198,0.0345279,-0.0049709,0.0657127,0,0,0,-1.20024e-12,0,1.20024e-12,0,0,0,-5.76116e-11,0,0,0,0,0,0,0,0,0.905991,-4.58882e-09,0,3.60072e-12,0,-3.60072e-12,0,0,0,0,0,0,0,0,0,0,0,0,-4.58912e-09,0.905991,
-2.60209e-12,0.00515235,-0.0186476,-0.000464546,0.00100937,-3.78057e-05,2.68915e-05,0,0,0.422195,-0.0118334,0.181212,0.0024935,-0.0121312,-0.00176857,-0.00240855,0,0,0,0.0790581,-0.00396705,0.0260498,0.00188971,0.00123829,-4.92337e-05,0,0,-0.0118081,0.62962,-0.000319777,-0.077777,0.00332196,-0.0187624,-0.000575125,0,0,1.04083e-11,-0.0048961,0.0589101,0.000540911,-0.000914586,-2.42132e-05,-1.28625e-05,0,0,0.181705,-0.000235815,0.402766,-0.00705145,-0.0231146,0.000288269,-0.00123255,0,0,-3.1225e-11,0.0439901,0.00207696,-0.0218834,-0.00276055,0.00308199,-0.000130988,0,0,0.0026033,-0.0788668,-0.00698322,0.608168,0.0203682,0.057327,-0.00189226,0,0,1.73472e-11,0.0228806,0.00374309,-0.0330578,0.0225342,-0.00261191,0.000526189,0,0,-0.120372,0.0327144,-0.230532,0.204003,0.312413,-0.0397441,0.0344431,0,0,5.55112e-11,0.0542482,-0.00607278,-0.000693007,0.00654959,-0.0622526,0.00241819,0,0,-0.0174799,-0.187941,0.00299226,0.573595,-0.0396678,0.397745,-0.00495924,0,0,-1.73472e-12,-0.00325008,0.00166102,0.0047555,-0.000641409,0.00350785,0.000133463,0,0,-0.0240674,-0.00568995,-0.012384,-0.0190104,0.034514,-0.00497181,0.0657139,0,0,0,0,0,0,0,0,0,0,0,0,0,0,0,0,0,0,0.905991,-4.43999e-09,0,0,0,0,0,0,0,-1.15223e-10,0,0,0,0,0,0,0,0,-4.44029e-09,0.905991,
-1.73472e-12,0.00514828,-0.0186439,-0.000463246,0.00100587,-3.76321e-05,2.68722e-05,0,0,0.422357,-0.0118392,0.181035,0.00248784,-0.0120961,-0.00176031,-0.00241087,0,0,0,0.0790577,-0.00396523,0.0260101,0.00188766,0.00123876,-4.9268e-05,0,0,-0.0118139,0.62963,-0.000321346,-0.0777866,0.00332313,-0.0187519,-0.000575607,0,0,4.33681e-12,-0.00489593,0.0589504,0.000547948,-0.000912971,-2.28906e-05,-1.2913e-05,0,0,0.181529,-0.000237323,0.40289,-0.00706317,-0.0231026,0.000292945,-0.00123356,0,0,-3.46945e-12,0.0439456,0.00207958,-0.0218439,-0.00275597,0.00308129,-0.000131017,0,0,0.00259793,-0.0788774,-0.0069947,0.60816,0.0203702,0.057329,-0.00189131,0,0,-1.04083e-11,0.0228633,0.00378852,-0.033039,0.022486,-0.00263014,0.000526982,0,0,-0.120021,0.0327256,-0.230412,0.204022,0.312463,-0.0397439,0.0344291,0,0,-2.08167e-11,0.0542733,-0.00606343,-0.000766768,0.00652477,-0.062222,0.00241798,0,0,-0.017397,-0.187837,0.00303928,0.573616,-0.0396675,0.397756,-0.00496013,0,0,0,-0.00324946,0.00165995,0.00475584,-0.000637458,0.0035089,0.000134291,0,0,-0.0240906,-0.00569469,-0.0123942,-0.019001,0.0345001,-0.00497271,0.0657151,0,0,0,1.20024e-12,0,-1.20024e-12,0,2.40048e-12,0,0,0,0,0,0,0,0,0,0,0.905991,4.19664e-09,0,0,0,0,0,0,0,0,0,0,0,0,0,0,0,0,4.19634e-09,0.905991,
2.1684e-12,0.00514421,-0.0186401,-0.000461949,0.00100237,-3.74574e-05,2.68527e-05,0,0,0.42252,-0.0118451,0.180857,0.00248218,-0.012061,-0.00175203,-0.00241318,0,0,0,0.0790572,-0.00396339,0.0259704,0.0018856,0.00123924,-4.93022e-05,0,0,-0.0118198,0.629639,-0.000322926,-0.0777961,0.00332431,-0.0187414,-0.00057609,0,0,-1.04083e-11,-0.00489576,0.0589906,0.000555001,-0.000911349,-2.15644e-05,-1.29636e-05,0,0,0.181352,-0.000238842,0.403013,-0.0070749,-0.0230906,0.00029763,-0.00123458,0,0,5.20417e-12,0.0439011,0.00208221,-0.0218045,-0.00275139,0.0030806,-0.000131045,0,0,0.00259257,-0.078888,-0.00700619,0.608153,0.0203721,0.057331,-0.00189036,0,0,-3.46945e-11,0.0228459,0.00383404,-0.0330202,0.0224378,-0.00264843,0.000527776,0,0,-0.119669,0.0327369,-0.230291,0.204041,0.312513,-0.0397437,0.034415,0,0,-2.77556e-11,0.0542983,-0.00605405,-0.000840572,0.00649987,-0.0621914,0.00241776,0,0,-0.017314,-0.187732,0.00308639,0.573636,-0.0396672,0.397767,-0.00496102,0,0,0,-0.00324884,0.00165888,0.00475618,-0.000633502,0.00350995,0.000135122,0,0,-0.0241137,-0.00569943,-0.0124044,-0.0189916,0.0344862,-0.00497362,0.0657163,0,0,0,0,2.40048e-12,0,0,0,0,0,0,0,0,0,0,0,0,0,0.905991,4.09642e-09,0,0,-2.40048e-12,0,0,0,0,0,0,0,0,0,0,0,0,0,4.09612e-09,0.905991,
-3.90313e-12,0.00514013,-0.0186363,-0.000460653,0.000998868,-3.72903e-05,2.68333e-05,0,0,0.422683,-0.011851,0.180679,0.00247652,-0.0120259,-0.00174375,-0.0024155,0,0,-1.38778e-11,0.0790566,-0.00396155,0.0259307,0.00188354,0.00123971,-4.93365e-05,0,0,-0.0118256,0.629649,-0.000324516,-0.0778057,0.00332548,-0.0187309,-0.000576574,0,0,1.04083e-11,-0.00489558,0.0590309,0.000562066,-0.000909725,-2.02404e-05,-1.30141e-05,0,0,0.181174,-0.000240371,0.403137,-0.00708665,-0.0230786,0.000302323,-0.00123559,0,0,0,0.0438565,0.00208484,-0.0217649,-0.00274679,0.0030799,-0.000131074,0,0,0.0025872,-0.0788986,-0.0070177,0.608145,0.020374,0.0573329,-0.00188941,0,0,-1.04083e-11,0.0228285,0.00387964,-0.0330014,0.0223894,-0.00266678,0.00052857,0,0,-0.119318,0.0327482,-0.23017,0.204061,0.312563,-0.0397434,0.034401,0,0,-3.46945e-11,0.0543233,-0.00604465,-0.000914419,0.00647491,-0.0621606,0.00241755,0,0,-0.0172308,-0.187628,0.00313359,0.573657,-0.0396668,0.397778,-0.0049619,0,0,0,-0.00324821,0.00165781,0.00475651,-0.000629541,0.003511,0.000135954,0,0,-0.0241369,-0.00570417,-0.0124147,-0.0189822,0.0344722,-0.00497452,0.0657175,0,0,0,-1.20024e-12,0,1.20024e-12,0,0,0,0,0,0,0,0,0,0,0,0,0.905991,4.10602e-09,0,1.20024e-12,0,-1.20024e-12,0,0,0,-1.20024e-12,0,0,0,0,0,0,0,0,4.10572e-09,0.905991,
2.60209e-12,0.00513604,-0.0186324,-0.000459363,0.00099537,-3.71212e-05,2.68137e-05,0,0,0.422846,-0.0118568,0.180501,0.00247085,-0.0119908,-0.00173545,-0.00241782,0,0,-1.38778e-11,0.079056,-0.0039597,0.0258909,0.00188147,0.00124018,-4.93708e-05,0,0,-0.0118314,0.629658,-0.000326117,-0.0778152,0.00332666,-0.0187204,-0.000577057,0,0,-1.12757e-11,-0.0048954,0.0590711,0.000569142,-0.000908095,-1.89122e-05,-1.30647e-05,0,0,0.180997,-0.00024191,0.403261,-0.00709841,-0.0230666,0.000307027,-0.00123661,0,0,8.67362e-12,0.0438118,0.00208747,-0.0217254,-0.00274218,0.0030792,-0.000131103,0,0,0.00258182,-0.0789093,-0.00702922,0.608138,0.020376,0.0573349,-0.00188845,0,0,-1.04083e-11,0.0228111,0.00392531,-0.0329825,0.0223409,-0.00268517,0.000529365,0,0,-0.118966,0.0327596,-0.23005,0.20408,0.312613,-0.0397432,0.0343869,0,0,-2.77556e-11,0.0543483,-0.00603521,-0.00098831,0.00644989,-0.0621299,0.00241733,0,0,-0.0171475,-0.187524,0.00318088,0.573678,-0.0396665,0.397789,-0.00496279,0,0,1.73472e-12,-0.00324758,0.00165674,0.00475683,-0.000625576,0.00351206,0.000136789,0,0,-0.02416,-0.00570892,-0.0124249,-0.0189728,0.0344583,-0.00497543,0.0657187,0,0,0,0,0,0,0,0,0,0,0,0,0,0,0,0,0,0,0.905991,4.21525e-09,0,0,1.20024e-12,-1.20024e-12,1.20024e-12,1.20024e-12,-1.20024e-12,0,0,0,0,0,0,0,0,0,4.21465e-09,0.905991,
0,0.00513196,-0.0186285,-0.000458078,0.000991872,-3.69478e-05,2.67939e-05,0,0,0.423009,-0.0118627,0.180322,0.00246518,-0.0119557,-0.00172714,-0.00242013,0,0,0,0.0790554,-0.00395784,0.0258511,0.00187941,0.00124065,-4.94051e-05,0,0,-0.0118373,0.629668,-0.000327728,-0.0778247,0.00332785,-0.0187098,-0.000577542,0,0,3.46945e-12,-0.00489522,0.0591114,0.000576232,-0.000906457,-1.75782e-05,-1.31155e-05,0,0,0.180819,-0.000243459,0.403384,-0.00711018,-0.0230546,0.000311739,-0.00123763,0,0,5.20417e-12,0.0437671,0.00209011,-0.0216858,-0.00273756,0.00307849,-0.000131131,0,0,0.00257645,-0.0789199,-0.00704076,0.608131,0.0203779,0.0573368,-0.00188749,0,0,3.46945e-11,0.0227936,0.00397107,-0.0329636,0.0222923,-0.0027036,0.000530159,0,0,-0.118614,0.032771,-0.229929,0.204099,0.312664,-0.0397429,0.0343728,0,0,9.71445e-11,0.0543733,-0.00602575,-0.00106224,0.0064248,-0.0620991,0.00241711,0,0,-0.0170641,-0.187419,0.00322827,0.573698,-0.0396661,0.3978,-0.00496368,0,0,1.73472e-12,-0.00324695,0.00165567,0.00475716,-0.000621605,0.00351311,0.000137625,0,0,-0.0241831,-0.00571368,-0.0124352,-0.0189633,0.0344443,-0.00497633,0.06572,0,0,0,0,1.20024e-12,0,0,0,0,0,0,0,0,0,0,0,0,0,0.905991,-4.43279e-09,0,0,-2.40048e-12,0,0,0,0,0,0,0,0,0,0,0,0,0,-4.43249e-09,0.905991,
-4.33681e-12,0.00512786,-0.0186245,-0.000456797,0.000988376,-3.67704e-05,2.67738e-05,0,0,0.423173,-0.0118686,0.180143,0.00245951,-0.0119205,-0.00171882,-0.00242245,0,0,0,0.0790547,-0.00395597,0.0258113,0.00187734,0.00124112,-4.94394e-05,0,0,-0.0118431,0.629677,-0.00032935,-0.0778342,0.00332903,-0.0186993,-0.000578027,0,0,1.04083e-11,-0.00489503,0.0591516,0.000583339,-0.000904812,-1.62383e-05,-1.31663e-05,0,0,0.180641,-0.000245019,0.403508,-0.00712198,-0.0230425,0.000316461,-0.00123865,0,0,6.93889e-12,0.0437223,0.00209275,-0.0216461,-0.00273292,0.00307779,-0.000131159,0,0,0.00257107,-0.0789305,-0.00705231,0.608123,0.0203798,0.0573387,-0.00188653,0,0,-2.08167e-11,0.022776,0.0040169,-0.0329446,0.0222436,-0.00272209,0.000530953,0,0,-0.118262,0.0327825,-0.229808,0.204118,0.312714,-0.0397425,0.0343587,0,0,-4.85723e-11,0.0543983,-0.00601625,-0.00113622,0.00639964,-0.0620682,0.00241689,0,0,-0.0169806,-0.187315,0.00327576,0.573718,-0.0396656,0.397812,-0.00496456,0,0,0,-0.00324631,0.00165459,0.00475747,-0.00061763,0.00351416,0.000138462,0,0,-0.0242062,-0.00571844,-0.0124455,-0.0189538,0.0344304,-0.00497723,0.0657212,0,0,0,0,0,0,0,0,2.40048e-12,0,0,0,0,0,0,0,0,0,0.905991,-4.51201e-09,0,0,0,0,0,0,1.20024e-12,0,0,0,0,0,0,0,0,0,-4.51201e-09,0.905991,
-2.1684e-12,0.00512377,-0.0186205,-0.000455517,0.000984882,-3.65898e-05,2.67535e-05,0,0,0.423336,-0.0118745,0.179964,0.00245383,-0.0118854,-0.00171048,-0.00242476,0,0,-1.38778e-11,0.079054,-0.00395409,0.0257714,0.00187526,0.00124159,-4.94737e-05,0,0,-0.0118489,0.629687,-0.000330983,-0.0778438,0.00333023,-0.0186888,-0.000578512,0,0,4.33681e-12,-0.00489484,0.0591919,0.000590466,-0.000903161,-1.48932e-05,-1.32173e-05,0,0,0.180463,-0.00024659,0.403632,-0.00713378,-0.0230305,0.000321192,-0.00123967,0,0,-1.04083e-11,0.0436775,0.00209539,-0.0216064,-0.00272827,0.00307708,-0.000131188,0,0,0.00256569,-0.0789411,-0.00706387,0.608116,0.0203816,0.0573406,-0.00188557,0,0,6.93889e-12,0.0227585,0.00406281,-0.0329256,0.0221947,-0.00274062,0.000531747,0,0,-0.11791,0.0327939,-0.229686,0.204136,0.312764,-0.0397422,0.0343446,0,0,0,0.0544234,-0.00600673,-0.00121024,0.00637441,-0.0620373,0.00241667,0,0,-0.016897,-0.18721,0.00332334,0.573739,-0.0396652,0.397823,-0.00496545,0,0,-1.73472e-12,-0.00324568,0.00165352,0.00475779,-0.000613649,0.00351522,0.000139302,0,0,-0.0242293,-0.0057232,-0.0124558,-0.0189443,0.0344164,-0.00497813,0.0657224,0,0,0,0,0,0,0,0,0,0,0,0,0,0,0,0,0,0,0.905991,-4.45139e-09,0,0,0,0,0,0,0,0,0,0,0,0,0,0,0,0,-4.45199e-09,0.905991,
-5.20417e-12,0.00511967,-0.0186164,-0.00045424,0.000981388,-3.64068e-05,2.6733e-05,0,0,0.4235,-0.0118804,0.179784,0.00244815,-0.0118502,-0.00170214,-0.00242707,0,0,0,0.0790533,-0.00395221,0.0257314,0.00187318,0.00124206,-4.9508e-05,0,0,-0.0118548,0.629696,-0.000332626,-0.0778533,0.00333142,-0.0186782,-0.000578998,0,0,1.56125e-11,-0.00489465,0.0592321,0.000597612,-0.000901503,-1.35432e-05,-1.32683e-05,0,0,0.180284,-0.00024817,0.403755,-0.0071456,-0.0230184,0.000325932,-0.00124069,0,0,5.20417e-12,0.0436325,0.00209804,-0.0215666,-0.0027236,0.00307637,-0.000131216,0,0,0.00256031,-0.0789517,-0.00707545,0.608109,0.0203835,0.0573425,-0.00188461,0,0,-1.73472e-11,0.0227409,0.00410881,-0.0329065,0.0221457,-0.00275921,0.000532541,0,0,-0.117558,0.0328055,-0.229565,0.204155,0.312815,-0.0397418,0.0343305,0,0,-5.55112e-11,0.0544484,-0.00599717,-0.0012843,0.00634911,-0.0620063,0.00241645,0,0,-0.0168132,-0.187106,0.00337101,0.573759,-0.0396647,0.397834,-0.00496634,0,0,1.73472e-12,-0.00324503,0.00165244,0.0047581,-0.000609664,0.00351627,0.000140144,0,0,-0.0242523,-0.00572797,-0.0124661,-0.0189348,0.0344024,-0.00497904,0.0657236,0,0,0,0,0,0,0,0,0,0,0,0,0,0,0,0,0,0,0.905991,4.27736e-09,0,0,2.40048e-12,-2.40048e-12,-2.40048e-12,-2.40048e-12,0,0,0,0,0,0,0,0,0,0,4.27616e-09,0.905991,
-1.73472e-12,0.00511556,-0.0186123,-0.000452963,0.000977896,-3.62217e-05,2.67123e-05,0,0,0.423663,-0.0118863,0.179605,0.00244247,-0.011815,-0.00169378,-0.00242938,0,0,0,0.0790525,-0.00395032,0.0256915,0.0018711,0.00124253,-4.95423e-05,0,0,-0.0118606,0.629706,-0.00033428,-0.0778628,0.00333262,-0.0186677,-0.000579485,0,0,6.07153e-12,-0.00489445,0.0592724,0.000604778,-0.000899838,-1.21888e-05,-1.33194e-05,0,0,0.180105,-0.000249762,0.403879,-0.00715744,-0.0230064,0.000330682,-0.00124172,0,0,-1.38778e-11,0.0435875,0.0021007,-0.0215268,-0.00271892,0.00307566,-0.000131244,0,0,0.00255493,-0.0789622,-0.00708705,0.608101,0.0203854,0.0573444,-0.00188364,0,0,2.08167e-11,0.0227232,0.00415488,-0.0328874,0.0220966,-0.00277785,0.000533335,0,0,-0.117206,0.032817,-0.229443,0.204174,0.312866,-0.0397414,0.0343164,0,0,-1.38778e-11,0.0544734,-0.00598759,-0.00135841,0.00632373,-0.0619752,0.00241623,0,0,-0.0167293,-0.187001,0.00341878,0.573779,-0.0396642,0.397845,-0.00496722,0,0,0,-0.00324439,0.00165136,0.00475841,-0.000605673,0.00351733,0.000140988,0,0,-0.0242754,-0.00573275,-0.0124765,-0.0189253,0.0343883,-0.00497994,0.0657248,0,0,0,1.20024e-12,1.20024e-12,0,-1.20024e-12,0,1.20024e-12,1.15223e-10,0,0,0,0,0,0,0,0,0.905991,4.23565e-09,0,1.20024e-12,1.20024e-12,0,-1.20024e-12,0,1.20024e-12,0,0,0,0,0,0,0,0,0,4.23565e-09,0.905991,
-3.03577e-12,0.00511146,-0.0186081,-0.000451689,0.000974406,-3.6035e-05,2.66914e-05,0,0,0.423827,-0.0118922,0.179425,0.00243679,-0.0117798,-0.00168541,-0.00243169,0,0,0,0.0790516,-0.00394842,0.0256514,0.00186901,0.00124299,-4.95766e-05,0,0,-0.0118664,0.629715,-0.000335945,-0.0778723,0.00333382,-0.0186571,-0.000579972,0,0,1.12757e-11,-0.00489425,0.0593126,0.000611962,-0.000898167,-1.083e-05,-1.33706e-05,0,0,0.179926,-0.000251363,0.404003,-0.00716929,-0.0229943,0.000335442,-0.00124275,0,0,1.04083e-11,0.0435425,0.00210335,-0.021487,-0.00271423,0.00307494,-0.000131272,0,0,0.00254954,-0.0789728,-0.00709866,0.608094,0.0203872,0.0573463,-0.00188267,0,0,1.38778e-11,0.0227055,0.00420103,-0.0328683,0.0220474,-0.00279655,0.000534129,0,0,-0.116853,0.0328286,-0.229322,0.204192,0.312916,-0.039741,0.0343022,0,0,7.63278e-11,0.0544985,-0.00597797,-0.00143255,0.00629829,-0.0619441,0.002416,0,0,-0.0166454,-0.186896,0.00346665,0.573799,-0.0396636,0.397857,-0.00496811,0,0,1.73472e-12,-0.00324374,0.00165029,0.00475872,-0.000601677,0.00351838,0.000141834,0,0,-0.0242985,-0.00573753,-0.0124868,-0.0189157,0.0343743,-0.00498084,0.0657261,0,0,0,1.20024e-12,0,0,0,0,0,0,0,0,0,0,0,0,0,0,0.905991,-4.30857e-09,0,-1.20024e-12,0,0,0,0,0,0,0,0,0,0,0,0,0,0,-4.30857e-09,0.905991,
8.67362e-13,0.00510737,-0.0186039,-0.000450422,0.000970921,-3.58135e-05,2.66691e-05,0,0,0.423991,-0.011898,0.179244,0.00243111,-0.0117446,-0.00167703,-0.002434,0,0,0,0.0790507,-0.00394652,0.0256114,0.00186693,0.00124346,-4.96108e-05,0,0,-0.0118723,0.629724,-0.00033762,-0.0778818,0.00333503,-0.0186466,-0.00058046,0,0,0,-0.00489406,0.0593529,0.000619181,-0.000896477,-9.44391e-06,-1.34223e-05,0,0,0.179746,-0.000252976,0.404127,-0.00718115,-0.0229822,0.000340212,-0.00124378,0,0,-1.9082e-11,0.0434973,0.00210602,-0.0214471,-0.00270951,0.00307423,-0.000131299,0,0,0.00254415,-0.0789834,-0.00711028,0.608087,0.020389,0.0573481,-0.0018817,0,0,1.73472e-11,0.0226878,0.00424726,-0.032849,0.0219981,-0.00281526,0.000534917,0,0,-0.116501,0.0328402,-0.2292,0.20421,0.312967,-0.0397405,0.0342881,0,0,-2.77556e-11,0.0545235,-0.00596833,-0.00150674,0.00627276,-0.0619129,0.00241577,0,0,-0.0165612,-0.186791,0.00351461,0.573819,-0.0396631,0.397868,-0.00496899,0,0,-3.46945e-12,-0.00324308,0.00164921,0.00475902,-0.000597674,0.00351942,0.000142681,0,0,-0.0243215,-0.00574232,-0.0124972,-0.0189062,0.0343603,-0.00498174,0.0657273,0,0,0,0,0,0,0,0,0,0,0,0,0,0,0,0,0,0,0.905991,4.25906e-09,0,0,0,0,0,0,0,0,0,0,0,0,0,0,0,0,4.25906e-09,0.905991,
-2.60209e-12,0.00510327,-0.0185996,-0.000449144,0.000967438,-3.55912e-05,2.66469e-05,0,0,0.424155,-0.0119039,0.179064,0.00242542,-0.0117094,-0.00166863,-0.00243631,0,0,-2.77556e-11,0.0790498,-0.00394461,0.0255713,0.00186483,0.00124392,-4.96451e-05,0,0,-0.0118782,0.629734,-0.000339307,-0.0778913,0.00333624,-0.018636,-0.000580948,0,0,4.33681e-12,-0.00489385,0.0593931,0.000626442,-0.000894782,-8.0536e-06,-1.3474e-05,0,0,0.179566,-0.000254599,0.404251,-0.00719303,-0.0229701,0.000344991,-0.00124481,0,0,3.64292e-11,0.0434522,0.00210868,-0.0214072,-0.00270478,0.00307352,-0.000131326,0,0,0.00253876,-0.078994,-0.00712192,0.608079,0.0203909,0.05735,-0.00188073,0,0,-2.77556e-11,0.02267,0.00429357,-0.0328298,0.0219487,-0.00283406,0.000535707,0,0,-0.116148,0.0328519,-0.229078,0.204228,0.313018,-0.0397401,0.0342739,0,0,-7.63278e-11,0.0545485,-0.00595865,-0.00158097,0.00624713,-0.0618817,0.00241554,0,0,-0.016477,-0.186687,0.00356267,0.573839,-0.0396625,0.397879,-0.00496987,0,0,1.73472e-12,-0.00324243,0.00164813,0.00475932,-0.000593665,0.00352046,0.000143531,0,0,-0.0243445,-0.00574711,-0.0125076,-0.0188966,0.0343462,-0.00498264,0.0657285,0,0,0,0,0,0,0,0,0,0,0,0,0,0,0,0,0,0,0.905991,-4.32537e-09,0,-1.20024e-12,0,1.20024e-12,-1.20024e-12,0,-1.20024e-12,0,0,0,0,0,0,0,0,0,-4.32567e-09,0.905991,
-8.67362e-13,0.00509916,-0.0185953,-0.000447859,0.000963956,-3.53777e-05,2.66248e-05,0,0,0.424319,-0.0119099,0.178883,0.00241973,-0.0116742,-0.00166022,-0.00243861,0,0,-1.38778e-11,0.0790488,-0.00394269,0.0255312,0.00186274,0.00124439,-4.96793e-05,0,0,-0.011884,0.629743,-0.000341004,-0.0779007,0.00333746,-0.0186254,-0.000581437,0,0,-8.67362e-13,-0.00489364,0.0594333,0.000633732,-0.000893083,-6.66598e-06,-1.35256e-05,0,0,0.179386,-0.000256233,0.404374,-0.00720492,-0.0229579,0.00034978,-0.00124584,0,0,1.73472e-12,0.0434069,0.00211136,-0.0213672,-0.00270004,0.0030728,-0.000131353,0,0,0.00253337,-0.0790045,-0.00713358,0.608072,0.0203927,0.0573518,-0.00187976,0,0,-1.73472e-11,0.0226521,0.00433996,-0.0328105,0.0218991,-0.00285293,0.000536498,0,0,-0.115795,0.0328636,-0.228956,0.204246,0.313069,-0.0397395,0.0342597,0,0,-3.46945e-11,0.0545736,-0.00594894,-0.00165524,0.00622141,-0.0618504,0.0024153,0,0,-0.0163927,-0.186582,0.00361082,0.573858,-0.0396619,0.397891,-0.00497076,0,0,0,-0.00324177,0.00164705,0.00475961,-0.000589651,0.00352151,0.000144384,0,0,-0.0243675,-0.00575191,-0.012518,-0.018887,0.0343321,-0.00498354,0.0657297,0,0,0,-1.20024e-12,0,-1.20024e-12,0,0,0,0,0,0,0,0,0,0,0,0,0.905991,4.26716e-09,0,0,0,0,0,0,0,0,0,0,0,0,0,0,0,0,4.26836e-09,0.905991,
-3.46945e-12,0.00509504,-0.0185909,-0.000446573,0.000960473,-3.51726e-05,2.66028e-05,0,0,0.424483,-0.0119158,0.178702,0.00241404,-0.0116389,-0.00165181,-0.00244092,0,0,0,0.0790478,-0.00394077,0.025491,0.00186064,0.00124485,-4.97137e-05,0,0,-0.0118899,0.629752,-0.000342713,-0.0779102,0.00333868,-0.0186149,-0.000581926,0,0,1.21431e-11,-0.00489342,0.0594736,0.000641039,-0.000891381,-5.28101e-06,-1.35772e-05,0,0,0.179206,-0.000257877,0.404498,-0.00721683,-0.0229458,0.000354578,-0.00124688,0,0,-5.20417e-12,0.0433616,0.00211403,-0.0213272,-0.00269529,0.00307208,-0.000131381,0,0,0.00252798,-0.0790151,-0.00714524,0.608065,0.0203945,0.0573537,-0.00187878,0,0,2.08167e-11,0.0226343,0.00438642,-0.0327911,0.0218494,-0.00287187,0.000537291,0,0,-0.115443,0.0328754,-0.228834,0.204264,0.31312,-0.039739,0.0342455,0,0,2.77556e-11,0.0545986,-0.0059392,-0.00172956,0.00619563,-0.0618191,0.00241507,0,0,-0.0163082,-0.186477,0.00365906,0.573878,-0.0396612,0.397902,-0.00497164,0,0,0,-0.0032411,0.00164597,0.0047599,-0.000585632,0.00352257,0.000145239,0,0,-0.0243905,-0.00575671,-0.0125284,-0.0188774,0.034318,-0.00498444,0.0657309,0,0,0,0,1.20024e-12,-1.20024e-12,0,0,-1.20024e-12,0,0,0,0,0,0,0,0,0,0.905991,-4.32837e-09,0,0,-2.40048e-12,2.40048e-12,0,0,2.40048e-12,0,0,0,0,0,0,0,0,0,-4.32777e-09,0.905991,
-1.30104e-12,0.00509091,-0.0185864,-0.000445291,0.00095699,-3.49731e-05,2.65809e-05,0,0,0.424647,-0.0119217,0.17852,0.00240835,-0.0116037,-0.00164338,-0.00244322,0,0,0,0.0790468,-0.00393884,0.0254508,0.00185853,0.00124531,-4.97481e-05,0,0,-0.0118957,0.629761,-0.000344433,-0.0779197,0.0033399,-0.0186043,-0.000582416,0,0,3.46945e-12,-0.00489319,0.0595138,0.000648355,-0.000889676,-3.89709e-06,-1.36287e-05,0,0,0.179025,-0.000259532,0.404622,-0.00722875,-0.0229336,0.000359386,-0.00124792,0,0,-1.04083e-11,0.0433162,0.00211671,-0.0212871,-0.00269052,0.00307135,-0.000131408,0,0,0.00252259,-0.0790257,-0.00715693,0.608058,0.0203963,0.0573555,-0.00187781,0,0,-6.93889e-12,0.0226163,0.00443297,-0.0327717,0.0217996,-0.00289086,0.000538085,0,0,-0.11509,0.0328872,-0.228712,0.204282,0.313172,-0.0397385,0.0342313,0,0,-6.93889e-12,0.0546237,-0.00592944,-0.00180392,0.00616979,-0.0617877,0.00241484,0,0,-0.0162237,-0.186372,0.00370739,0.573897,-0.0396606,0.397914,-0.00497252,0,0,1.73472e-12,-0.00324044,0.00164489,0.00476019,-0.000581609,0.00352364,0.000146096,0,0,-0.0244135,-0.00576152,-0.0125389,-0.0188677,0.0343039,-0.00498533,0.0657322,0,0,0,0,0,0,0,0,0,0,0,0,0,0,0,0,0,0,0.905991,4.26506e-09,0,0,0,1.20024e-12,0,0,0,0,0,0,0,0,0,0,0,0,4.26446e-09,0.905991,
-3.03577e-12,0.00508678,-0.018582,-0.000444015,0.000953508,-3.4777e-05,2.65589e-05,0,0,0.424812,-0.0119276,0.178339,0.00240266,-0.0115684,-0.00163494,-0.00244552,0,0,-1.38778e-11,0.0790457,-0.0039369,0.0254105,0.00185643,0.00124577,-4.97825e-05,0,0,-0.0119016,0.62977,-0.000346164,-0.0779291,0.00334113,-0.0185937,-0.000582906,0,0,6.93889e-12,-0.00489296,0.059554,0.000655678,-0.000887967,-2.51278e-06,-1.36804e-05,0,0,0.178844,-0.000261198,0.404746,-0.00724069,-0.0229215,0.000364202,-0.00124895,0,0,1.56125e-11,0.0432707,0.0021194,-0.021247,-0.00268575,0.00307063,-0.000131435,0,0,0.00251719,-0.0790362,-0.00716862,0.60805,0.020398,0.0573573,-0.00187683,0,0,-6.93889e-12,0.0225984,0.00447959,-0.0327522,0.0217496,-0.0029099,0.000538879,0,0,-0.114737,0.032899,-0.228589,0.2043,0.313223,-0.0397379,0.034217,0,0,-8.32667e-11,0.0546487,-0.00591964,-0.00187832,0.00614388,-0.0617562,0.00241461,0,0,-0.016139,-0.186267,0.00375581,0.573917,-0.0396599,0.397925,-0.0049734,0,0,0,-0.00323977,0.00164381,0.00476048,-0.000577582,0.0035247,0.000146956,0,0,-0.0244365,-0.00576633,-0.0125494,-0.018858,0.0342898,-0.00498623,0.0657334,0,0,0,0,0,0,0,0,0,0,0,0,0,0,0,0,0,0,0.905991,-4.31877e-09,0,0,0,0,0,0,0,0,0,0,0,0,0,0,0,0,-4.31847e-09,0.905991,
1.73472e-12,0.00508264,-0.0185774,-0.000442745,0.000950027,-3.45827e-05,2.65369e-05,0,0,0.424976,-0.0119335,0.178157,0.00239697,-0.0115332,-0.00162649,-0.00244782,0,0,-1.38778e-11,0.0790445,-0.00393495,0.0253702,0.00185432,0.00124623,-4.9817e-05,0,0,-0.0119075,0.62978,-0.000347906,-0.0779386,0.00334236,-0.0185831,-0.000583397,0,0,-6.07153e-12,-0.00489273,0.0595942,0.000663009,-0.000886252,-1.12703e-06,-1.3732e-05,0,0,0.178663,-0.000262875,0.40487,-0.00725264,-0.0229093,0.000369028,-0.00124999,0,0,2.42861e-11,0.0432251,0.00212209,-0.0212069,-0.00268096,0.0030699,-0.000131463,0,0,0.00251179,-0.0790468,-0.00718033,0.608043,0.0203998,0.0573591,-0.00187585,0,0,-3.46945e-12,0.0225804,0.00452629,-0.0327327,0.0216996,-0.00292899,0.000539674,0,0,-0.114384,0.0329108,-0.228467,0.204318,0.313275,-0.0397373,0.0342028,0,0,-6.93889e-12,0.0546738,-0.00590981,-0.00195276,0.00611792,-0.0617247,0.00241438,0,0,-0.0160542,-0.186162,0.00380433,0.573936,-0.0396592,0.397937,-0.00497428,0,0,1.73472e-12,-0.00323909,0.00164273,0.00476076,-0.00057355,0.00352577,0.000147816,0,0,-0.0244594,-0.00577115,-0.0125598,-0.0188484,0.0342757,-0.00498713,0.0657346,0,0,0,0,0,0,0,0,0,0,0,0,0,0,0,0,0,0,0.905991,4.25155e-09,0,0,0,0,0,0,0,0,0,0,0,0,0,0,0,0,4.25185e-09,0.905991,
-4.77049e-12,0.00507849,-0.0185728,-0.000441481,0.000946547,-3.43892e-05,2.65148e-05,0,0,0.425141,-0.0119394,0.177974,0.00239127,-0.0114979,-0.00161803,-0.00245012,0,0,-1.38778e-11,0.0790433,-0.00393299,0.0253299,0.0018522,0.00124669,-4.98514e-05,0,0,-0.0119133,0.629789,-0.00034966,-0.077948,0.00334359,-0.0185726,-0.000583888,0,0,1.38778e-11,-0.00489249,0.0596344,0.000670348,-0.000884532,2.60846e-07,-1.37837e-05,0,0,0.178482,-0.000264562,0.404994,-0.0072646,-0.0228971,0.000373863,-0.00125104,0,0,-1.21431e-11,0.0431795,0.00212478,-0.0211667,-0.00267616,0.00306917,-0.00013149,0,0,0.0025064,-0.0790573,-0.00719206,0.608036,0.0204015,0.0573609,-0.00187486,0,0,3.46945e-12,0.0225623,0.00457307,-0.0327132,0.0216494,-0.00294812,0.000540469,0,0,-0.114031,0.0329227,-0.228344,0.204335,0.313326,-0.0397366,0.0341885,0,0,2.77556e-11,0.0546989,-0.00589996,-0.00202725,0.0060919,-0.0616931,0.00241414,0,0,-0.0159693,-0.186057,0.00385293,0.573955,-0.0396584,0.397948,-0.00497516,0,0,1.73472e-12,-0.00323842,0.00164164,0.00476103,-0.000569514,0.00352684,0.000148679,0,0,-0.0244824,-0.00577597,-0.0125703,-0.0188387,0.0342615,-0.00498802,0.0657358,0,0,0,1.20024e-12,-1.20024e-12,1.20024e-12,0,-1.20024e-12,1.20024e-12,0,0,0,0,0,0,0,0,0,0.905991,-4.30166e-09,0,0,0,0,0,-1.20024e-12,1.20024e-12,0,0,0,0,0,0,0,0,0,-4.30196e-09,0.905991,
8.67362e-13,0.00507434,-0.0185682,-0.000440223,0.000943067,-3.41958e-05,2.64926e-05,0,0,0.425306,-0.0119453,0.177792,0.00238558,-0.0114626,-0.00160955,-0.00245241,0,0,0,0.0790421,-0.00393103,0.0252895,0.00185009,0.00124715,-4.98858e-05,0,0,-0.0119192,0.629798,-0.000351425,-0.0779575,0.00334483,-0.018562,-0.00058438,0,0,-2.60209e-12,-0.00489225,0.0596746,0.000677696,-0.000882806,1.65134e-06,-1.38354e-05,0,0,0.1783,-0.00026626,0.405117,-0.00727658,-0.0228849,0.000378708,-0.00125208,0,0,-1.38778e-11,0.0431339,0.00212748,-0.0211264,-0.00267135,0.00306844,-0.000131517,0,0,0.002501,-0.0790678,-0.0072038,0.608029,0.0204033,0.0573627,-0.00187388,0,0,1.04083e-11,0.0225442,0.00461993,-0.0326936,0.0215991,-0.0029673,0.000541264,0,0,-0.113677,0.0329347,-0.228221,0.204352,0.313378,-0.039736,0.0341742,0,0,-2.08167e-11,0.0547239,-0.00589008,-0.00210178,0.00606582,-0.0616615,0.00241391,0,0,-0.0158843,-0.185952,0.00390164,0.573974,-0.0396577,0.39796,-0.00497604,0,0,-1.73472e-12,-0.00323774,0.00164056,0.0047613,-0.000565473,0.00352791,0.000149543,0,0,-0.0245053,-0.0057808,-0.0125809,-0.0188289,0.0342474,-0.00498892,0.065737,0,0,0,0,0,0,0,2.40048e-12,2.40048e-12,-5.76116e-11,0,0,0,0,0,0,0,0,0.905991,4.23235e-09,0,0,0,0,0,1.20024e-12,1.20024e-12,0,0,0,0,0,0,0,0,0,4.23295e-09,0.905991,
-1.73472e-12,0.00507019,-0.0185635,-0.00043897,0.000939589,-3.40023e-05,2.64702e-05,0,0,0.425471,-0.0119513,0.177609,0.00237988,-0.0114273,-0.00160107,-0.00245471,0,0,-1.38778e-11,0.0790408,-0.00392905,0.0252491,0.00184796,0.0012476,-4.99203e-05,0,0,-0.0119251,0.629807,-0.000353201,-0.0779669,0.00334607,-0.0185514,-0.000584872,0,0,8.67362e-13,-0.00489201,0.0597148,0.000685056,-0.000881075,3.04479e-06,-1.38873e-05,0,0,0.178118,-0.000267969,0.405241,-0.00728858,-0.0228727,0.000383561,-0.00125313,0,0,-2.94903e-11,0.0430881,0.00213018,-0.0210861,-0.00266652,0.0030677,-0.000131544,0,0,0.0024956,-0.0790784,-0.00721555,0.608022,0.020405,0.0573644,-0.00187289,0,0,-1.73472e-11,0.0225261,0.00466687,-0.032674,0.0215487,-0.00298653,0.00054206,0,0,-0.113324,0.0329467,-0.228098,0.20437,0.31343,-0.0397353,0.0341599,0,0,4.16334e-11,0.054749,-0.00588017,-0.00217635,0.00603968,-0.0616298,0.00241368,0,0,-0.0157992,-0.185847,0.00395043,0.573993,-0.0396569,0.397971,-0.00497692,0,0,1.73472e-12,-0.00323706,0.00163948,0.00476157,-0.000561429,0.00352899,0.000150409,0,0,-0.0245282,-0.00578563,-0.0125914,-0.0188192,0.0342332,-0.00498982,0.0657383,0,0,0,0,0,1.20024e-12,0,-1.20024e-12,0,0,0,0,0,0,0,0,0,0,0.905991,4.27856e-09,0,1.20024e-12,1.20024e-12,0,0,1.20024e-12,0,0,0,0,0,0,0,0,0,0,4.27736e-09,0.905991,
4.77049e-12,0.00506602,-0.0185587,-0.000437723,0.000936112,-3.38082e-05,2.64477e-05,0,0,0.425636,-0.0119572,0.177426,0.00237418,-0.011392,-0.00159257,-0.002457,0,0,0,0.0790395,-0.00392707,0.0252086,0.00184584,0.00124805,-4.99547e-05,0,0,-0.011931,0.629816,-0.000354988,-0.0779763,0.00334731,-0.0185408,-0.000585365,0,0,-1.56125e-11,-0.00489177,0.059755,0.000692427,-0.000879338,4.44144e-06,-1.39391e-05,0,0,0.177936,-0.000269689,0.405365,-0.00730058,-0.0228604,0.000388424,-0.00125417,0,0,1.73472e-11,0.0430423,0.00213288,-0.0210458,-0.00266169,0.00306696,-0.000131572,0,0,0.00249019,-0.0790889,-0.00722732,0.608015,0.0204067,0.0573662,-0.0018719,0,0,-3.46945e-12,0.0225079,0.00471389,-0.0326543,0.0214982,-0.0030058,0.000542856,0,0,-0.11297,0.0329587,-0.227975,0.204387,0.313482,-0.0397346,0.0341456,0,0,-7.63278e-11,0.054774,-0.00587022,-0.00225096,0.00601347,-0.061598,0.00241344,0,0,-0.015714,-0.185742,0.00399932,0.574012,-0.039656,0.397983,-0.0049778,0,0,0,-0.00323637,0.00163839,0.00476183,-0.000557379,0.00353006,0.000151276,0,0,-0.0245511,-0.00579047,-0.012602,-0.0188094,0.034219,-0.00499071,0.0657395,0,0,0,1.20024e-12,1.20024e-12,0,0,0,-1.20024e-12,0,0,0,0,0,0,0,0,0,0.905991,-4.43609e-09,0,0,0,0,0,0,0,0,0,0,0,0,0,0,0,0,-4.43609e-09,0.905991,
-4.33681e-13,0.00506186,-0.0185539,-0.000436479,0.000932637,-3.36134e-05,2.64251e-05,0,0,0.425801,-0.0119631,0.177243,0.00236849,-0.0113567,-0.00158407,-0.0024593,0,0,1.38778e-11,0.0790381,-0.00392507,0.0251681,0.00184371,0.00124851,-4.99892e-05,0,0,-0.0119369,0.629825,-0.000356787,-0.0779858,0.00334856,-0.0185302,-0.000585858,0,0,3.46945e-12,-0.00489152,0.0597952,0.000699811,-0.000877595,5.84147e-06,-1.39911e-05,0,0,0.177753,-0.000271419,0.405489,-0.0073126,-0.0228482,0.000393296,-0.00125522,0,0,-1.21431e-11,0.0429964,0.00213559,-0.0210054,-0.00265684,0.00306622,-0.000131599,0,0,0.00248479,-0.0790994,-0.0072391,0.608008,0.0204084,0.0573679,-0.00187091,0,0,6.93889e-12,0.0224897,0.00476099,-0.0326346,0.0214476,-0.00302512,0.000543652,0,0,-0.112617,0.0329707,-0.227852,0.204404,0.313534,-0.0397338,0.0341313,0,0,5.55112e-11,0.0547991,-0.00586025,-0.00232562,0.0059872,-0.0615662,0.0024132,0,0,-0.0156287,-0.185637,0.0040483,0.574031,-0.0396552,0.397995,-0.00497867,0,0,0,-0.00323568,0.00163731,0.00476209,-0.000553326,0.00353113,0.000152146,0,0,-0.024574,-0.00579531,-0.0126125,-0.0187997,0.0342048,-0.00499161,0.0657407,0,0,0,0,0,0,0,0,0,0,0,0,0,0,0,0,0,0,0.905991,-4.4577e-09,0,0,0,0,0,0,0,0,0,0,0,0,0,0,0,0,-4.4568e-09,0.905991,
1.73472e-12,0.00505768,-0.0185491,-0.00043524,0.000929163,-3.34176e-05,2.64023e-05,0,0,0.425966,-0.0119691,0.177059,0.00236279,-0.0113214,-0.00157555,-0.00246159,0,0,0,0.0790367,-0.00392307,0.0251275,0.00184158,0.00124896,-5.00236e-05,0,0,-0.0119427,0.629834,-0.000358597,-0.0779952,0.00334982,-0.0185196,-0.000586352,0,0,-5.20417e-12,-0.00489127,0.0598354,0.00070721,-0.000875846,7.24505e-06,-1.40431e-05,0,0,0.17757,-0.000273161,0.405613,-0.00732464,-0.0228359,0.000398178,-0.00125627,0,0,2.77556e-11,0.0429505,0.00213831,-0.020965,-0.00265197,0.00306548,-0.000131626,0,0,0.00247939,-0.0791099,-0.0072509,0.608001,0.0204101,0.0573697,-0.00186992,0,0,-1.04083e-11,0.0224714,0.00480816,-0.0326148,0.0213968,-0.00304449,0.000544448,0,0,-0.112263,0.0329828,-0.227729,0.204421,0.313586,-0.0397331,0.034117,0,0,-4.16334e-11,0.0548242,-0.00585025,-0.00240032,0.00596086,-0.0615343,0.00241296,0,0,-0.0155432,-0.185531,0.00409738,0.574049,-0.0396543,0.398007,-0.00497955,0,0,0,-0.00323499,0.00163623,0.00476235,-0.000549268,0.00353221,0.000153017,0,0,-0.0245969,-0.00580016,-0.0126231,-0.0187899,0.0341906,-0.0049925,0.0657419,0,0,0,-1.20024e-12,1.20024e-12,-1.20024e-12,-1.20024e-12,0,0,-1.20024e-12,0,0,0,0,0,0,0,0,0.905991,-4.34817e-09,0,0,0,0,0,0,0,-1.15223e-10,0,0,0,0,0,0,0,0,-4.34787e-09,0.905991,
-1.30104e-12,0.00505351,-0.0185442,-0.000434005,0.00092569,-3.32208e-05,2.63794e-05,0,0,0.426131,-0.011975,0.176875,0.00235708,-0.0112861,-0.00156702,-0.00246388,0,0,-1.38778e-11,0.0790353,-0.00392106,0.0250869,0.00183945,0.00124941,-5.00581e-05,0,0,-0.0119486,0.629843,-0.000360419,-0.0780046,0.00335107,-0.0185089,-0.000586847,0,0,4.33681e-12,-0.00489101,0.0598756,0.000714623,-0.00087409,8.65227e-06,-1.40952e-05,0,0,0.177387,-0.000274914,0.405737,-0.00733669,-0.0228237,0.000403069,-0.00125733,0,0,1.04083e-11,0.0429045,0.00214102,-0.0209245,-0.0026471,0.00306473,-0.000131652,0,0,0.00247398,-0.0791205,-0.00726271,0.607993,0.0204118,0.0573714,-0.00186893,0,0,1.73472e-11,0.0224531,0.00485542,-0.032595,0.021346,-0.00306391,0.000545244,0,0,-0.111909,0.0329949,-0.227605,0.204438,0.313638,-0.0397323,0.0341026,0,0,1.38778e-11,0.0548492,-0.00584022,-0.00247506,0.00593445,-0.0615023,0.00241272,0,0,-0.0154577,-0.185426,0.00414656,0.574068,-0.0396534,0.398018,-0.00498043,0,0,0,-0.00323429,0.00163514,0.0047626,-0.000545205,0.00353329,0.000153891,0,0,-0.0246197,-0.00580501,-0.0126337,-0.0187801,0.0341764,-0.00499339,0.0657431,0,0,0,0,0,0,0,0,0,0,0,0,0,0,0,0,0,0,0.905991,4.14263e-09,0,0,0,0,0,0,0,0,0,0,0,0,0,0,0,0,4.14293e-09,0.905991,
4.33681e-12,0.00504932,-0.0185392,-0.000432773,0.000922219,-3.30229e-05,2.63563e-05,0,0,0.426297,-0.0119809,0.176691,0.00235138,-0.0112507,-0.00155848,-0.00246617,0,0,2.77556e-11,0.0790338,-0.00391904,0.0250463,0.00183731,0.00124985,-5.00926e-05,0,0,-0.0119545,0.629852,-0.000362251,-0.078014,0.00335233,-0.0184983,-0.000587342,0,0,-1.21431e-11,-0.00489075,0.0599158,0.000722051,-0.000872328,1.00632e-05,-1.41474e-05,0,0,0.177204,-0.000276678,0.405861,-0.00734876,-0.0228114,0.00040797,-0.00125838,0,0,-1.73472e-11,0.0428584,0.00214374,-0.020884,-0.00264221,0.00306398,-0.000131679,0,0,0.00246858,-0.079131,-0.00727453,0.607986,0.0204135,0.0573731,-0.00186793,0,0,0,0.0224348,0.00490275,-0.0325752,0.021295,-0.00308338,0.00054604,0,0,-0.111555,0.0330071,-0.227482,0.204454,0.31369,-0.0397315,0.0340882,0,0,1.11022e-10,0.0548743,-0.00583016,-0.00254984,0.00590798,-0.0614703,0.00241248,0,0,-0.015372,-0.185321,0.00419583,0.574086,-0.0396525,0.39803,-0.0049813,0,0,0,-0.00323359,0.00163405,0.00476285,-0.000541137,0.00353437,0.000154766,0,0,-0.0246426,-0.00580987,-0.0126444,-0.0187702,0.0341621,-0.00499428,0.0657444,0,0,0,0,0,0,0,0,0,0,0,0,0,0,0,0,0,0,0.905991,4.06852e-09,0,0,0,0,0,0,0,0,0,0,0,0,0,0,0,0,4.06912e-09,0.905991,
3.46945e-12,0.00504514,-0.0185342,-0.000431545,0.00091875,-3.28237e-05,2.63331e-05,0,0,0.426462,-0.0119869,0.176506,0.00234568,-0.0112154,-0.00154993,-0.00246845,0,0,1.38778e-11,0.0790322,-0.00391701,0.0250056,0.00183517,0.0012503,-5.0127e-05,0,0,-0.0119604,0.629861,-0.000364096,-0.0780234,0.0033536,-0.0184877,-0.000587837,0,0,-8.67362e-12,-0.00489049,0.059956,0.000729494,-0.00087056,1.1478e-05,-1.41996e-05,0,0,0.17702,-0.000278453,0.405985,-0.00736083,-0.0227991,0.00041288,-0.00125944,0,0,6.93889e-12,0.0428122,0.00214647,-0.0208435,-0.00263731,0.00306323,-0.000131706,0,0,0.00246317,-0.0791415,-0.00728637,0.607979,0.0204151,0.0573748,-0.00186693,0,0,1.38778e-11,0.0224164,0.00495016,-0.0325553,0.0212439,-0.0031029,0.000546836,0,0,-0.111202,0.0330193,-0.227358,0.204471,0.313743,-0.0397307,0.0340739,0,0,6.245e-11,0.0548994,-0.00582007,-0.00262467,0.00588143,-0.0614382,0.00241224,0,0,-0.0152862,-0.185215,0.00424519,0.574105,-0.0396516,0.398042,-0.00498218,0,0,0,-0.00323289,0.00163297,0.00476309,-0.000537065,0.00353545,0.000155643,0,0,-0.0246654,-0.00581473,-0.012655,-0.0187604,0.0341478,-0.00499518,0.0657456,0,0,0,1.20024e-12,-1.20024e-12,0,0,0,0,0,0,0,0,0,0,0,0,0,0.905991,4.09822e-09,0,1.20024e-12,-1.20024e-12,0,0,0,0,0,0,0,0,0,0,0,0,0,4.09822e-09,0.905991,
3.46945e-12,0.00504095,-0.0185291,-0.000430319,0.000915282,-3.26232e-05,2.63097e-05,0,0,0.426628,-0.0119928,0.176322,0.00233997,-0.01118,-0.00154137,-0.00247074,0,0,-1.38778e-11,0.0790306,-0.00391497,0.0249649,0.00183302,0.00125074,-5.01615e-05,0,0,-0.0119663,0.629869,-0.000365951,-0.0780328,0.00335487,-0.0184771,-0.000588333,0,0,-1.21431e-11,-0.00489022,0.0599961,0.000736954,-0.000868786,1.28967e-05,-1.42519e-05,0,0,0.176836,-0.000280239,0.406109,-0.00737293,-0.0227867,0.0004178,-0.0012605,0,0,-2.42861e-11,0.042766,0.0021492,-0.0208029,-0.00263239,0.00306248,-0.000131732,0,0,0.00245776,-0.079152,-0.00729823,0.607972,0.0204168,0.0573765,-0.00186593,0,0,6.93889e-12,0.022398,0.00499766,-0.0325353,0.0211926,-0.00312247,0.000547633,0,0,-0.110847,0.0330315,-0.227234,0.204487,0.313795,-0.0397298,0.0340595,0,0,9.71445e-11,0.0549245,-0.00580995,-0.00269954,0.00585482,-0.0614061,0.00241199,0,0,-0.0152003,-0.18511,0.00429466,0.574123,-0.0396506,0.398054,-0.00498305,0,0,-1.73472e-12,-0.00323218,0.00163188,0.00476333,-0.000532989,0.00353653,0.000156522,0,0,-0.0246882,-0.0058196,-0.0126657,-0.0187505,0.0341336,-0.00499607,0.0657468,0,0,0,0,0,0,0,0,0,0,0,0,0,0,0,0,0,0,0.905991,4.22605e-09,0,0,0,0,0,0,0,0,0,0,0,0,0,0,0,0,4.22605e-09,0.905991,
1.30104e-12,0.00503675,-0.018524,-0.000429098,0.000911816,-3.24214e-05,2.62861e-05,0,0,0.426794,-0.0119988,0.176137,0.00233427,-0.0111447,-0.0015328,-0.00247302,0,0,0,0.079029,-0.00391293,0.0249241,0.00183087,0.00125119,-5.0196e-05,0,0,-0.0119722,0.629878,-0.000367818,-0.0780422,0.00335614,-0.0184664,-0.00058883,0,0,-3.46945e-12,-0.00488995,0.0600363,0.00074443,-0.000867005,1.43194e-05,-1.43043e-05,0,0,0.176652,-0.000282036,0.406233,-0.00738504,-0.0227744,0.000422729,-0.00126156,0,0,-1.73472e-12,0.0427197,0.00215193,-0.0207622,-0.00262746,0.00306172,-0.000131759,0,0,0.00245235,-0.0791625,-0.00731009,0.607965,0.0204184,0.0573782,-0.00186493,0,0,-3.46945e-12,0.0223795,0.00504523,-0.0325154,0.0211413,-0.0031421,0.000548429,0,0,-0.110493,0.0330438,-0.22711,0.204503,0.313848,-0.0397289,0.0340451,0,0,6.93889e-11,0.0549495,-0.00579981,-0.00277445,0.00582814,-0.0613739,0.00241175,0,0,-0.0151143,-0.185005,0.00434422,0.574141,-0.0396496,0.398066,-0.00498393,0,0,1.73472e-12,-0.00323147,0.00163079,0.00476356,-0.000528907,0.00353761,0.000157403,0,0,-0.024711,-0.00582447,-0.0126764,-0.0187406,0.0341193,-0.00499696,0.065748,0,0,0,0,0,0,0,0,-1.20024e-12,0,0,0,0,0,0,0,0,0,0.905991,-4.4646e-09,0,0,0,0,0,0,-1.20024e-12,0,0,0,0,0,0,0,0,0,-4.4643e-09,0.905991,
1.73472e-12,0.00503255,-0.0185188,-0.000427879,0.000908351,-3.22183e-05,2.62624e-05,0,0,0.426959,-0.0120047,0.175951,0.00232856,-0.0111093,-0.00152422,-0.0024753,0,0,0,0.0790273,-0.00391087,0.0248833,0.00182872,0.00125163,-5.02305e-05,0,0,-0.0119781,0.629887,-0.000369697,-0.0780515,0.00335742,-0.0184558,-0.000589327,0,0,-5.20417e-12,-0.00488968,0.0600765,0.000751923,-0.000865218,1.57459e-05,-1.43568e-05,0,0,0.176468,-0.000283844,0.406357,-0.00739716,-0.0227621,0.000427668,-0.00126262,0,0,8.67362e-12,0.0426733,0.00215467,-0.0207215,-0.00262252,0.00306096,-0.000131785,0,0,0.00244694,-0.0791729,-0.00732198,0.607958,0.02042,0.0573799,-0.00186393,0,0,-6.93889e-12,0.022361,0.00509288,-0.0324953,0.0210898,-0.00316177,0.000549226,0,0,-0.110139,0.0330561,-0.226986,0.20452,0.313901,-0.039728,0.0340306,0,0,-6.93889e-12,0.0549746,-0.00578963,-0.00284941,0.00580139,-0.0613416,0.0024115,0,0,-0.0150282,-0.184899,0.00439388,0.574159,-0.0396486,0.398078,-0.0049848,0,0,1.73472e-12,-0.00323076,0.00162971,0.00476379,-0.000524821,0.00353869,0.000158286,0,0,-0.0247338,-0.00582935,-0.0126871,-0.0187307,0.034105,-0.00499785,0.0657493,0,0,0,0,0,0,0,0,0,1.20024e-12,0,0,0,0,0,0,0,0,0.905991,-4.56422e-09,0,0,0,0,0,0,0,1.15223e-10,0,0,0,0,0,0,0,0,-4.56422e-09,0.905991,
8.67362e-13,0.00502834,-0.0185136,-0.000426663,0.000904889,-3.20137e-05,2.62385e-05,0,0,0.427125,-0.0120107,0.175766,0.00232285,-0.0110739,-0.00151562,-0.00247759,0,0,0,0.0790256,-0.00390881,0.0248424,0.00182656,0.00125207,-5.0265e-05,0,0,-0.011984,0.629896,-0.000371587,-0.0780609,0.0033587,-0.0184452,-0.000589824,0,0,-1.73472e-12,-0.0048894,0.0601166,0.000759432,-0.000863425,1.71765e-05,-1.44093e-05,0,0,0.176283,-0.000285664,0.406481,-0.0074093,-0.0227497,0.000432617,-0.00126368,0,0,1.73472e-12,0.0426269,0.00215741,-0.0206808,-0.00261756,0.0030602,-0.000131812,0,0,0.00244153,-0.0791834,-0.00733387,0.607952,0.0204217,0.0573816,-0.00186292,0,0,6.93889e-12,0.0223424,0.0051406,-0.0324752,0.0210382,-0.0031815,0.000550022,0,0,-0.109785,0.0330685,-0.226861,0.204536,0.313954,-0.039727,0.0340162,0,0,-2.08167e-11,0.0549997,-0.00577941,-0.0029244,0.00577456,-0.0613093,0.00241125,0,0,-0.014942,-0.184793,0.00444363,0.574177,-0.0396475,0.39809,-0.00498567,0,0,0,-0.00323004,0.00162862,0.00476402,-0.00052073,0.00353977,0.00015917,0,0,-0.0247566,-0.00583424,-0.0126978,-0.0187208,0.0340907,-0.00499874,0.0657505,0,0,0,0,0,0,0,0,0,0,0,0,0,0,0,0,0,0,0.905991,-4.51681e-09,0,0,0,0,0,0,0,0,0,0,0,0,0,0,0,0,-4.51621e-09,0.905991,
-2.1684e-12,0.00502413,-0.0185083,-0.00042545,0.000901428,-3.18077e-05,2.62144e-05,0,0,0.427292,-0.0120167,0.17558,0.00231714,-0.0110385,-0.00150702,-0.00247987,0,0,0,0.0790238,-0.00390674,0.0248015,0.0018244,0.00125251,-5.02994e-05,0,0,-0.01199,0.629904,-0.000373488,-0.0780703,0.00335998,-0.0184345,-0.000590323,0,0,6.07153e-12,-0.00488912,0.0601568,0.000766959,-0.000861625,1.86112e-05,-1.44619e-05,0,0,0.176098,-0.000287494,0.406605,-0.00742145,-0.0227374,0.000437576,-0.00126475,0,0,2.25514e-11,0.0425804,0.00216016,-0.02064,-0.00261259,0.00305944,-0.000131838,0,0,0.00243611,-0.0791939,-0.00734578,0.607945,0.0204233,0.0573832,-0.00186192,0,0,-1.73472e-11,0.0223238,0.00518841,-0.0324551,0.0209865,-0.00320128,0.000550819,0,0,-0.10943,0.0330809,-0.226737,0.204552,0.314007,-0.0397261,0.0340017,0,0,-6.245e-11,0.0550248,-0.00576917,-0.00299944,0.00574767,-0.0612769,0.00241101,0,0,-0.0148557,-0.184688,0.00449349,0.574195,-0.0396465,0.398102,-0.00498654,0,0,3.46945e-12,-0.00322932,0.00162753,0.00476425,-0.000516635,0.00354086,0.000160057,0,0,-0.0247793,-0.00583913,-0.0127085,-0.0187109,0.0340763,-0.00499962,0.0657517,0,0,0,0,0,1.20024e-12,0,0,0,0,0,0,0,0,0,0,0,0,0.905991,-4.34667e-09,0,0,0,-1.20024e-12,0,0,0,0,0,0,0,0,0,0,0,0,-4.34697e-09,0.905991,
0,0.00501992,-0.0185029,-0.00042424,0.000897969,-3.16004e-05,2.61902e-05,0,0,0.427458,-0.0120226,0.175394,0.00231143,-0.0110031,-0.0014984,-0.00248214,0,0,0,0.079022,-0.00390466,0.0247606,0.00182224,0.00125295,-5.0334e-05,0,0,-0.0119959,0.629913,-0.000375401,-0.0780796,0.00336127,-0.0184239,-0.000590821,0,0,8.67362e-13,-0.00488883,0.060197,0.000774502,-0.000859819,2.00498e-05,-1.45146e-05,0,0,0.175913,-0.000289337,0.406729,-0.00743362,-0.022725,0.000442544,-0.00126581,0,0,3.46945e-12,0.0425338,0.00216291,-0.0205991,-0.00260761,0.00305867,-0.000131864,0,0,0.0024307,-0.0792044,-0.00735771,0.607938,0.0204248,0.0573849,-0.00186091,0,0,6.93889e-12,0.0223052,0.0052363,-0.0324349,0.0209347,-0.00322111,0.000551616,0,0,-0.109076,0.0330933,-0.226612,0.204567,0.31406,-0.0397251,0.0339873,0,0,-2.77556e-11,0.0550499,-0.0057589,-0.00307452,0.00572071,-0.0612444,0.00241076,0,0,-0.0147692,-0.184582,0.00454344,0.574212,-0.0396454,0.398114,-0.00498741,0,0,-1.73472e-12,-0.0032286,0.00162644,0.00476446,-0.000512535,0.00354194,0.000160946,0,0,-0.0248021,-0.00584402,-0.0127193,-0.0187009,0.034062,-0.00500051,0.0657529,0,0,0,-1.20024e-12,-1.20024e-12,-1.20024e-12,1.20024e-12,0,0,0,0,0,0,0,0,0,0,0,0.905991,4.09372e-09,0,0,0,0,0,0,0,0,0,0,0,0,0,0,0,0,4.09432e-09,0.905991,
-2.1684e-12,0.0050157,-0.0184975,-0.000423033,0.000894512,-3.13915e-05,2.61658e-05,0,0,0.427624,-0.0120286,0.175207,0.00230572,-0.0109677,-0.00148977,-0.00248442,0,0,1.38778e-11,0.0790201,-0.00390257,0.0247196,0.00182007,0.00125339,-5.03685e-05,0,0,-0.0120018,0.629922,-0.000377326,-0.078089,0.00336256,-0.0184132,-0.00059132,0,0,6.93889e-12,-0.00488854,0.0602371,0.000782063,-0.000858006,2.14925e-05,-1.45674e-05,0,0,0.175727,-0.00029119,0.406853,-0.0074458,-0.0227126,0.000447522,-0.00126688,0,0,1.73472e-12,0.0424872,0.00216567,-0.0205583,-0.00260261,0.00305791,-0.00013189,0,0,0.00242529,-0.0792148,-0.00736965,0.607931,0.0204264,0.0573865,-0.0018599,0,0,-6.93889e-12,0.0222865,0.00528426,-0.0324147,0.0208827,-0.003241,0.000552413,0,0,-0.108721,0.0331058,-0.226487,0.204583,0.314113,-0.0397241,0.0339728,0,0,6.93889e-12,0.055075,-0.0057486,-0.00314964,0.00569368,-0.0612119,0.0024105,0,0,-0.0146827,-0.184477,0.0045935,0.57423,-0.0396442,0.398126,-0.00498828,0,0,1.73472e-12,-0.00322787,0.00162535,0.00476468,-0.00050843,0.00354303,0.000161837,0,0,-0.0248248,-0.00584892,-0.0127301,-0.0186909,0.0340476,-0.0050014,0.0657542,0,0,0,0,0,0,0,0,0,5.64113e-11,0,0,0,0,0,0,0,0,0.905991,3.9803e-09,0,-1.20024e-12,0,0,0,0,1.20024e-12,0,0,0,0,0,0,0,0,0,3.9806e-09,0.905991,
-8.67362e-13,0.00501148,-0.0184921,-0.000421829,0.000891056,-3.11813e-05,2.61413e-05,0,0,0.427791,-0.0120345,0.175021,0.00230001,-0.0109323,-0.00148113,-0.00248669,0,0,-1.38778e-11,0.0790182,-0.00390048,0.0246785,0.0018179,0.00125382,-5.0403e-05,0,0,-0.0120077,0.62993,-0.000379262,-0.0780983,0.00336386,-0.0184026,-0.00059182,0,0,0,-0.00488824,0.0602772,0.000789641,-0.000856187,2.29393e-05,-1.46202e-05,0,0,0.175541,-0.000293055,0.406977,-0.00745799,-0.0227002,0.000452511,-0.00126796,0,0,-1.21431e-11,0.0424404,0.00216843,-0.0205173,-0.0025976,0.00305714,-0.000131916,0,0,0.00241987,-0.0792253,-0.00738161,0.607924,0.020428,0.0573881,-0.00185888,0,0,-2.08167e-11,0.0222677,0.0053323,-0.0323944,0.0208307,-0.00326094,0.00055321,0,0,-0.108367,0.0331183,-0.226363,0.204599,0.314166,-0.039723,0.0339583,0,0,-4.85723e-11,0.0551,-0.00573827,-0.00322481,0.00566657,-0.0611793,0.00241025,0,0,-0.014596,-0.184371,0.00464365,0.574248,-0.0396431,0.398138,-0.00498915,0,0,-1.73472e-12,-0.00322714,0.00162426,0.00476489,-0.00050432,0.00354412,0.00016273,0,0,-0.0248475,-0.00585382,-0.0127409,-0.0186809,0.0340333,-0.00500228,0.0657554,0,0,0,1.20024e-12,0,1.20024e-12,-1.20024e-12,0,-1.20024e-12,-5.76116e-11,0,0,0,0,0,0,0,0,0.905991,3.9701e-09,0,0,0,0,0,0,0,1.20024e-12,0,0,0,0,0,0,0,0,3.9698e-09,0.905991,
4.77049e-12,0.00500725,-0.0184866,-0.000420627,0.000887603,-3.09696e-05,2.61165e-05,0,0,0.427957,-0.0120405,0.174834,0.00229429,-0.0108968,-0.00147248,-0.00248897,0,0,1.38778e-11,0.0790163,-0.00389837,0.0246375,0.00181573,0.00125426,-5.04375e-05,0,0,-0.0120136,0.629939,-0.00038121,-0.0781077,0.00336516,-0.0183919,-0.00059232,0,0,-1.56125e-11,-0.00488794,0.0603174,0.000797236,-0.000854361,2.43902e-05,-1.46731e-05,0,0,0.175355,-0.000294931,0.407101,-0.0074702,-0.0226877,0.000457509,-0.00126903,0,0,-3.46945e-12,0.0423937,0.00217119,-0.0204764,-0.00259258,0.00305637,-0.000131942,0,0,0.00241445,-0.0792358,-0.00739358,0.607917,0.0204295,0.0573897,-0.00185787,0,0,-2.08167e-11,0.022249,0.00538042,-0.0323741,0.0207785,-0.00328093,0.000554007,0,0,-0.108012,0.0331309,-0.226237,0.204614,0.31422,-0.039722,0.0339438,0,0,8.32667e-11,0.0551251,-0.00572791,-0.00330001,0.00563939,-0.0611467,0.00241,0,0,-0.0145092,-0.184265,0.0046939,0.574265,-0.0396419,0.39815,-0.00499002,0,0,0,-0.00322641,0.00162317,0.0047651,-0.000500206,0.00354521,0.000163624,0,0,-0.0248702,-0.00585873,-0.0127517,-0.0186709,0.0340189,-0.00500317,0.0657566,0,0,0,0,0,0,0,0,0,0,0,0,0,0,0,0,0,0,0.905991,4.05051e-09,0,0,0,0,0,0,0,0,0,0,0,0,0,0,0,0,4.05051e-09,0.905991,
-2.1684e-12,0.00500302,-0.018481,-0.000419429,0.000884152,-3.07565e-05,2.60917e-05,0,0,0.428124,-0.0120465,0.174646,0.00228858,-0.0108614,-0.00146382,-0.00249124,0,0,-1.38778e-11,0.0790143,-0.00389626,0.0245963,0.00181355,0.00125469,-5.0472e-05,0,0,-0.0120196,0.629948,-0.000383169,-0.078117,0.00336646,-0.0183812,-0.000592821,0,0,6.07153e-12,-0.00488764,0.0603575,0.000804849,-0.000852529,2.58451e-05,-1.47261e-05,0,0,0.175168,-0.000296818,0.407225,-0.00748243,-0.0226753,0.000462517,-0.0012701,0,0,1.04083e-11,0.0423468,0.00217396,-0.0204353,-0.00258754,0.00305559,-0.000131968,0,0,0.00240904,-0.0792462,-0.00740556,0.60791,0.0204311,0.0573913,-0.00185685,0,0,-1.38778e-11,0.0222301,0.00542862,-0.0323537,0.0207262,-0.00330098,0.000554804,0,0,-0.107657,0.0331435,-0.226112,0.20463,0.314273,-0.0397209,0.0339293,0,0,4.16334e-11,0.0551502,-0.00571752,-0.00337526,0.00561215,-0.061114,0.00240974,0,0,-0.0144223,-0.184159,0.00474426,0.574282,-0.0396407,0.398162,-0.00499089,0,0,1.73472e-12,-0.00322567,0.00162208,0.0047653,-0.000496087,0.0035463,0.000164521,0,0,-0.0248929,-0.00586365,-0.0127625,-0.0186608,0.0340045,-0.00500405,0.0657578,0,0,0,0,1.20024e-12,0,0,0,-1.20024e-12,0,0,0,0,0,0,0,0,0,0.905991,4.22605e-09,0,0,2.40048e-12,0,0,0,-2.40048e-12,0,0,0,0,0,0,0,0,0,4.22545e-09,0.905991,
-1.73472e-12,0.00499878,-0.0184754,-0.000418233,0.000880702,-3.0542e-05,2.60666e-05,0,0,0.428291,-0.0120525,0.174459,0.00228286,-0.010826,-0.00145515,-0.00249351,0,0,0,0.0790122,-0.00389413,0.0245552,0.00181137,0.00125512,-5.05066e-05,0,0,-0.0120255,0.629956,-0.000385141,-0.0781263,0.00336777,-0.0183706,-0.000593322,0,0,6.93889e-12,-0.00488733,0.0603976,0.000812479,-0.00085069,2.73041e-05,-1.47792e-05,0,0,0.174982,-0.000298717,0.407349,-0.00749467,-0.0226628,0.000467535,-0.00127118,0,0,3.46945e-12,0.0422999,0.00217673,-0.0203943,-0.00258249,0.00305481,-0.000131994,0,0,0.00240362,-0.0792567,-0.00741756,0.607903,0.0204326,0.0573929,-0.00185583,0,0,0,0.0222113,0.0054769,-0.0323333,0.0206738,-0.00332107,0.000555601,0,0,-0.107302,0.0331561,-0.225987,0.204645,0.314327,-0.0397197,0.0339147,0,0,-2.77556e-11,0.0551753,-0.00570709,-0.00345055,0.00558483,-0.0610812,0.00240948,0,0,-0.0143353,-0.184053,0.00479471,0.574299,-0.0396395,0.398174,-0.00499176,0,0,-1.73472e-12,-0.00322493,0.00162099,0.0047655,-0.000491963,0.00354739,0.00016542,0,0,-0.0249156,-0.00586857,-0.0127734,-0.0186508,0.0339901,-0.00500494,0.0657591,0,0,0,0,1.20024e-12,-1.20024e-12,0,0,0,0,0,0,0,0,0,0,0,0,0.905991,-4.51531e-09,0,0,0,0,0,0,0,0,0,0,0,0,0,0,0,0,-4.51531e-09,0.905991,
5.63785e-12,0.00499454,-0.0184697,-0.00041704,0.000877255,-3.03261e-05,2.60414e-05,0,0,0.428457,-0.0120585,0.174271,0.00227714,-0.0107905,-0.00144646,-0.00249578,0,0,0,0.0790101,-0.003892,0.024514,0.00180918,0.00125555,-5.05411e-05,0,0,-0.0120314,0.629965,-0.000387124,-0.0781357,0.00336908,-0.0183599,-0.000593824,0,0,-1.73472e-11,-0.00488702,0.0604378,0.000820126,-0.000848845,2.87672e-05,-1.48323e-05,0,0,0.174795,-0.000300627,0.407473,-0.00750693,-0.0226504,0.000472563,-0.00127226,0,0,-8.67362e-12,0.0422529,0.00217951,-0.0203532,-0.00257743,0.00305404,-0.000132019,0,0,0.0023982,-0.0792671,-0.00742957,0.607897,0.0204341,0.0573945,-0.00185481,0,0,3.1225e-11,0.0221924,0.00552526,-0.0323129,0.0206212,-0.00334123,0.000556399,0,0,-0.106947,0.0331688,-0.225861,0.20466,0.31438,-0.0397186,0.0339002,0,0,5.55112e-11,0.0552004,-0.00569664,-0.00352588,0.00555744,-0.0610484,0.00240923,0,0,-0.0142482,-0.183947,0.00484526,0.574317,-0.0396382,0.398186,-0.00499262,0,0,-1.73472e-12,-0.00322419,0.0016199,0.0047657,-0.000487835,0.00354848,0.000166321,0,0,-0.0249382,-0.00587349,-0.0127843,-0.0186407,0.0339756,-0.00500582,0.0657603,0,0,0,2.40048e-12,0,2.40048e-12,0,2.40048e-12,-1.20024e-12,0,0,0,0,0,0,0,0,0,0.905991,-4.66564e-09,0,0,0,0,0,0,-1.20024e-12,0,0,0,0,0,0,0,0,0,-4.66474e-09,0.905991,
1.73472e-12,0.00499029,-0.018464,-0.00041585,0.000873809,-3.01087e-05,2.6016e-05,0,0,0.428624,-0.0120644,0.174083,0.00227143,-0.010755,-0.00143777,-0.00249805,0,0,0,0.079008,-0.00388986,0.0244727,0.001807,0.00125598,-5.05756e-05,0,0,-0.0120374,0.629973,-0.000389119,-0.078145,0.0033704,-0.0183492,-0.000594327,0,0,-6.07153e-12,-0.0048867,0.0604779,0.000827791,-0.000846993,3.02343e-05,-1.48855e-05,0,0,0.174607,-0.000302549,0.407597,-0.00751919,-0.0226379,0.000477601,-0.00127334,0,0,-2.60209e-11,0.0422058,0.00218229,-0.020312,-0.00257235,0.00305325,-0.000132045,0,0,0.00239278,-0.0792775,-0.0074416,0.60789,0.0204356,0.0573961,-0.00185379,0,0,1.73472e-11,0.0221734,0.0055737,-0.0322924,0.0205685,-0.00336143,0.000557196,0,0,-0.106592,0.0331815,-0.225736,0.204675,0.314434,-0.0397174,0.0338856,0,0,4.16334e-11,0.0552255,-0.00568615,-0.00360125,0.00552998,-0.0610155,0.00240897,0,0,-0.014161,-0.183842,0.00489592,0.574334,-0.0396369,0.398199,-0.00499349,0,0,-3.46945e-12,-0.00322344,0.00161881,0.00476589,-0.000483702,0.00354958,0.000167223,0,0,-0.0249608,-0.00587842,-0.0127952,-0.0186306,0.0339612,-0.0050067,0.0657615,0,0,0,0,0,0,0,0,0,0,0,0,0,0,0,0,0,0,0.905991,-4.65574e-09,0,0,0,0,0,0,0,0,0,0,0,0,0,0,0,0,-4.65514e-09,0.905991,
4.33681e-13,0.00498604,-0.0184582,-0.000414663,0.000870366,-2.989e-05,2.59905e-05,0,0,0.428791,-0.0120704,0.173895,0.00226571,-0.0107196,-0.00142906,-0.00250031,0,0,0,0.0790058,-0.00388771,0.0244314,0.0018048,0.00125641,-5.06102e-05,0,0,-0.0120433,0.629982,-0.000391125,-0.0781543,0.00337172,-0.0183385,-0.00059483,0,0,-1.73472e-12,-0.00488638,0.060518,0.000835473,-0.000845134,3.17055e-05,-1.49388e-05,0,0,0.17442,-0.000304482,0.407721,-0.00753148,-0.0226254,0.000482649,-0.00127442,0,0,-1.04083e-11,0.0421587,0.00218508,-0.0202708,-0.00256726,0.00305247,-0.00013207,0,0,0.00238736,-0.079288,-0.00745364,0.607883,0.0204371,0.0573976,-0.00185277,0,0,-6.93889e-12,0.0221544,0.00562221,-0.0322718,0.0205158,-0.00338169,0.000557994,0,0,-0.106237,0.0331942,-0.22561,0.20469,0.314488,-0.0397162,0.033871,0,0,-4.85723e-11,0.0552506,-0.00567564,-0.00367667,0.00550244,-0.0609826,0.0024087,0,0,-0.0140736,-0.183736,0.00494667,0.57435,-0.0396356,0.398211,-0.00499435,0,0,-1.73472e-12,-0.00322269,0.00161772,0.00476608,-0.000479564,0.00355067,0.000168128,0,0,-0.0249835,-0.00588336,-0.0128061,-0.0186205,0.0339467,-0.00500759,0.0657627,0,0,0,0,0,1.20024e-12,-1.20024e-12,1.20024e-12,-1.20024e-12,-2.40048e-12,0,0,0,0,0,0,0,0,0.905991,-4.5051e-09,0,0,0,0,0,0,0,0,0,0,0,0,0,0,0,0,-4.5045e-09,0.905991,
0,0.00498179,-0.0184524,-0.000413479,0.000866925,-2.96698e-05,2.59648e-05,0,0,0.428959,-0.0120764,0.173706,0.00225999,-0.0106841,-0.00142034,-0.00250258,0,0,0,0.0790036,-0.00388556,0.0243901,0.00180261,0.00125684,-5.06448e-05,0,0,-0.0120492,0.62999,-0.000393144,-0.0781636,0.00337304,-0.0183278,-0.000595333,0,0,-8.67362e-13,-0.00488605,0.0605581,0.000843173,-0.00084327,3.31808e-05,-1.49922e-05,0,0,0.174232,-0.000306427,0.407845,-0.00754378,-0.0226129,0.000487708,-0.00127551,0,0,-5.20417e-12,0.0421115,0.00218787,-0.0202296,-0.00256215,0.00305168,-0.000132096,0,0,0.00238193,-0.0792984,-0.0074657,0.607876,0.0204386,0.0573992,-0.00185174,0,0,-2.08167e-11,0.0221354,0.0056708,-0.0322512,0.0204629,-0.003402,0.000558791,0,0,-0.105881,0.033207,-0.225484,0.204704,0.314542,-0.039715,0.0338564,0,0,5.55112e-11,0.0552757,-0.00566509,-0.00375212,0.00547484,-0.0609495,0.00240844,0,0,-0.0139862,-0.18363,0.00499753,0.574367,-0.0396343,0.398223,-0.00499522,0,0,0,-0.00322193,0.00161662,0.00476626,-0.000475422,0.00355177,0.000169035,0,0,-0.0250061,-0.0058883,-0.012817,-0.0186104,0.0339323,-0.00500847,0.065764,0,0,0,0,-2.40048e-12,-2.40048e-12,-2.40048e-12,0,0,0,0,0,0,0,0,0,0,0,0.905991,4.25545e-09,0,0,2.40048e-12,2.40048e-12,2.40048e-12,0,0,0,0,0,0,0,0,0,0,0,4.25515e-09,0.905991,
-1.73472e-12,0.00497753,-0.0184465,-0.000412298,0.000863486,-2.94483e-05,2.59389e-05,0,0,0.429126,-0.0120824,0.173517,0.00225427,-0.0106486,-0.00141162,-0.00250484,0,0,-1.38778e-11,0.0790013,-0.00388339,0.0243487,0.00180041,0.00125726,-5.06793e-05,0,0,-0.0120552,0.629999,-0.000395174,-0.0781729,0.00337437,-0.0183171,-0.000595837,0,0,4.33681e-12,-0.00488572,0.0605982,0.00085089,-0.000841398,3.46602e-05,-1.50456e-05,0,0,0.174044,-0.000308384,0.407969,-0.00755609,-0.0226003,0.000492776,-0.00127659,0,0,-2.60209e-11,0.0420642,0.00219066,-0.0201883,-0.00255703,0.0030509,-0.000132121,0,0,0.00237651,-0.0793088,-0.00747777,0.60787,0.0204401,0.0574007,-0.00185071,0,0,1.73472e-11,0.0221163,0.00571947,-0.0322305,0.0204098,-0.00342237,0.000559589,0,0,-0.105526,0.0332199,-0.225358,0.204719,0.314596,-0.0397138,0.0338418,0,0,4.85723e-11,0.0553008,-0.00565452,-0.00382762,0.00544716,-0.0609165,0.00240818,0,0,-0.0138986,-0.183523,0.00504849,0.574384,-0.039633,0.398236,-0.00499608,0,0,0,-0.00322117,0.00161553,0.00476644,-0.000471275,0.00355286,0.000169944,0,0,-0.0250286,-0.00589324,-0.0128279,-0.0186002,0.0339178,-0.00500935,0.0657652,0,0,0,0,0,0,0,0,0,0,0,0,0,0,0,0,0,0,0.905991,4.15403e-09,0,0,0,0,0,0,0,0,0,0,0,0,0,0,0,0,4.15403e-09,0.905991,
0,0.00497326,-0.0184406,-0.00041112,0.000860049,-2.92254e-05,2.59128e-05,0,0,0.429293,-0.0120884,0.173328,0.00224855,-0.0106131,-0.00140288,-0.0025071,0,0,0,0.078999,-0.00388121,0.0243073,0.00179821,0.00125769,-5.07139e-05,0,0,-0.0120611,0.630007,-0.000397217,-0.0781822,0.0033757,-0.0183064,-0.000596342,0,0,8.67362e-13,-0.00488539,0.0606383,0.000858624,-0.00083952,3.61436e-05,-1.50992e-05,0,0,0.173856,-0.000310352,0.408093,-0.00756842,-0.0225878,0.000497855,-0.00127768,0,0,3.46945e-12,0.0420168,0.00219346,-0.0201469,-0.0025519,0.0030501,-0.000132146,0,0,0.00237109,-0.0793192,-0.00748986,0.607863,0.0204415,0.0574022,-0.00184968,0,0,3.46945e-12,0.0220971,0.00576822,-0.0322098,0.0203567,-0.00344279,0.000560387,0,0,-0.10517,0.0332327,-0.225232,0.204734,0.31465,-0.0397125,0.0338272,0,0,1.38778e-11,0.0553259,-0.00564391,-0.00390316,0.00541941,-0.0608833,0.00240791,0,0,-0.0138109,-0.183417,0.00509955,0.5744,-0.0396316,0.398248,-0.00499694,0,0,1.73472e-12,-0.00322041,0.00161444,0.00476661,-0.000467123,0.00355396,0.000170855,0,0,-0.0250512,-0.00589819,-0.0128389,-0.01859,0.0339033,-0.00501023,0.0657664,0,0,0,-1.20024e-12,-1.20024e-12,0,0,1.20024e-12,0,0,0,0,0,0,0,0,0,0,0.905991,4.16664e-09,0,0,0,0,0,0,0,0,0,0,0,0,0,0,0,0,4.16664e-09,0.905991,
0,0.00496899,-0.0184346,-0.000409945,0.000856615,-2.90011e-05,2.58866e-05,0,0,0.429461,-0.0120944,0.173138,0.00224283,-0.0105776,-0.00139413,-0.00250936,0,0,0,0.0789966,-0.00387903,0.0242658,0.001796,0.00125811,-5.07485e-05,0,0,-0.0120671,0.630015,-0.000399271,-0.0781915,0.00337704,-0.0182957,-0.000596847,0,0,-8.67362e-13,-0.00488505,0.0606784,0.000866375,-0.000837636,3.7631e-05,-1.51528e-05,0,0,0.173667,-0.000312331,0.408217,-0.00758076,-0.0225752,0.000502944,-0.00127877,0,0,0,0.0419694,0.00219627,-0.0201055,-0.00254675,0.00304931,-0.000132171,0,0,0.00236567,-0.0793296,-0.00750196,0.607856,0.020443,0.0574037,-0.00184865,0,0,0,0.022078,0.00581705,-0.0321891,0.0203034,-0.00346326,0.000561184,0,0,-0.104815,0.0332456,-0.225106,0.204748,0.314705,-0.0397112,0.0338126,0,0,0,0.055351,-0.00563327,-0.00397873,0.00539159,-0.0608501,0.00240765,0,0,-0.0137231,-0.183311,0.00515072,0.574417,-0.0396302,0.39826,-0.0049978,0,0,-1.73472e-12,-0.00321965,0.00161335,0.00476678,-0.000462967,0.00355506,0.000171767,0,0,-0.0250738,-0.00590315,-0.0128499,-0.0185799,0.0338888,-0.0050111,0.0657676,0,0,0,0,0,0,1.20024e-12,0,0,0,0,0,0,0,0,0,0,0,0.905991,4.28276e-09,0,0,0,0,0,0,0,0,0,0,0,0,0,0,0,0,4.28336e-09,0.905991,
2.1684e-12,0.00496472,-0.0184286,-0.000408773,0.000853182,-2.87755e-05,2.58603e-05,0,0,0.429629,-0.0121004,0.172948,0.0022371,-0.0105421,-0.00138536,-0.00251162,0,0,-1.38778e-11,0.0789942,-0.00387684,0.0242243,0.00179379,0.00125853,-5.0783e-05,0,0,-0.012073,0.630024,-0.000401337,-0.0782007,0.00337838,-0.018285,-0.000597352,0,0,-9.54098e-12,-0.0048847,0.0607185,0.000874144,-0.000835744,3.91226e-05,-1.52064e-05,0,0,0.173478,-0.000314323,0.408341,-0.00759312,-0.0225627,0.000508043,-0.00127986,0,0,5.20417e-12,0.0419219,0.00219907,-0.0200641,-0.00254159,0.00304852,-0.000132196,0,0,0.00236024,-0.0793401,-0.00751407,0.60785,0.0204444,0.0574052,-0.00184761,0,0,-1.04083e-11,0.0220587,0.00586596,-0.0321683,0.02025,-0.00348379,0.000561982,0,0,-0.104459,0.0332586,-0.224979,0.204762,0.314759,-0.0397099,0.0337979,0,0,-8.32667e-11,0.0553761,-0.0056226,-0.00405435,0.0053637,-0.0608169,0.00240738,0,0,-0.0136352,-0.183205,0.00520198,0.574433,-0.0396287,0.398273,-0.00499866,0,0,0,-0.00321888,0.00161225,0.00476695,-0.000458806,0.00355616,0.000172682,0,0,-0.0250963,-0.00590811,-0.0128609,-0.0185696,0.0338742,-0.00501198,0.0657689,0,0,0,0,0,1.20024e-12,-1.20024e-12,1.20024e-12,1.20024e-12,5.76116e-11,0,0,0,0,0,0,0,0,0.905991,-4.51471e-09,0,0,0,-1.20024e-12,2.40048e-12,-2.40048e-12,-2.40048e-12,0,0,0,0,0,0,0,0,0,-4.51471e-09,0.905991,
2.60209e-12,0.00496044,-0.0184224,-0.000407604,0.000849752,-2.85484e-05,2.58337e-05,0,0,0.429796,-0.0121064,0.172758,0.00223138,-0.0105066,-0.00137659,-0.00251387,0,0,0,0.0789917,-0.00387463,0.0241827,0.00179157,0.00125895,-5.08176e-05,0,0,-0.012079,0.630032,-0.000403416,-0.07821,0.00337972,-0.0182743,-0.000597858,0,0,-6.07153e-12,-0.00488436,0.0607586,0.00088193,-0.000833847,4.06181e-05,-1.52602e-05,0,0,0.173289,-0.000316326,0.408465,-0.00760549,-0.0225501,0.000513152,-0.00128096,0,0,1.04083e-11,0.0418743,0.00220189,-0.0200226,-0.00253642,0.00304772,-0.000132221,0,0,0.00235482,-0.0793505,-0.0075262,0.607843,0.0204458,0.0574067,-0.00184658,0,0,2.08167e-11,0.0220395,0.00591494,-0.0321474,0.0201965,-0.00350437,0.00056278,0,0,-0.104103,0.0332716,-0.224852,0.204776,0.314814,-0.0397085,0.0337833,0,0,7.63278e-11,0.0554012,-0.0056119,-0.00413001,0.00533574,-0.0607835,0.00240711,0,0,-0.0135472,-0.183099,0.00525335,0.574449,-0.0396273,0.398285,-0.00499952,0,0,0,-0.00321811,0.00161116,0.00476711,-0.000454641,0.00355726,0.000173599,0,0,-0.0251188,-0.00591308,-0.0128719,-0.0185594,0.0338597,-0.00501286,0.0657701,0,0,0,0,0,-1.20024e-12,1.20024e-12,0,0,0,0,0,0,0,0,0,0,0,0.905991,-4.60082e-09,0,0,0,1.20024e-12,-1.20024e-12,0,0,0,0,0,0,0,0,0,0,0,-4.60052e-09,0.905991,
-1.30104e-12,0.00495616,-0.0184163,-0.000406439,0.000846325,-2.83201e-05,2.5807e-05,0,0,0.429964,-0.0121124,0.172568,0.00222566,-0.010471,-0.00136781,-0.00251613,0,0,-1.38778e-11,0.0789892,-0.00387242,0.0241411,0.00178936,0.00125937,-5.08522e-05,0,0,-0.0120849,0.63004,-0.000405506,-0.0782193,0.00338107,-0.0182636,-0.000598365,0,0,1.73472e-12,-0.004884,0.0607986,0.000889734,-0.000831942,4.21178e-05,-1.5314e-05,0,0,0.173099,-0.000318341,0.408589,-0.00761788,-0.0225375,0.000518272,-0.00128205,0,0,3.81639e-11,0.0418267,0.0022047,-0.0199811,-0.00253123,0.00304692,-0.000132246,0,0,0.00234939,-0.0793609,-0.00753834,0.607836,0.0204472,0.0574082,-0.00184554,0,0,-2.08167e-11,0.0220202,0.005964,-0.0321266,0.0201429,-0.003525,0.000563578,0,0,-0.103748,0.0332846,-0.224725,0.20479,0.314868,-0.0397071,0.0337686,0,0,-9.71445e-11,0.0554263,-0.00560117,-0.00420571,0.00530771,-0.0607501,0.00240684,0,0,-0.0134591,-0.182992,0.00530483,0.574466,-0.0396258,0.398298,-0.00500038,0,0,1.73472e-12,-0.00321733,0.00161006,0.00476727,-0.000450471,0.00355836,0.000174518,0,0,-0.0251413,-0.00591805,-0.012883,-0.0185492,0.0338452,-0.00501373,0.0657713,0,0,0,1.20024e-12,0,-1.20024e-12,-1.20024e-12,0,-1.20024e-12,0,0,0,0,0,0,0,0,0,0.905991,-4.53961e-09,0,-1.20024e-12,0,1.20024e-12,1.20024e-12,0,1.20024e-12,0,0,0,0,0,0,0,0,0,-4.53991e-09,0.905991,
-8.67362e-13,0.00495188,-0.0184101,-0.000405276,0.000842899,-2.80903e-05,2.57802e-05,0,0,0.430132,-0.0121184,0.172378,0.00221994,-0.0104355,-0.00135901,-0.00251838,0,0,0,0.0789866,-0.0038702,0.0240995,0.00178714,0.00125979,-5.08868e-05,0,0,-0.0120909,0.630048,-0.000407609,-0.0782285,0.00338242,-0.0182529,-0.000598872,0,0,1.73472e-12,-0.00488365,0.0608387,0.000897555,-0.000830031,4.36215e-05,-1.53679e-05,0,0,0.17291,-0.000320367,0.408713,-0.00763028,-0.0225248,0.000523401,-0.00128315,0,0,-1.21431e-11,0.041779,0.00220752,-0.0199395,-0.00252603,0.00304611,-0.000132271,0,0,0.00234397,-0.0793712,-0.0075505,0.60783,0.0204486,0.0574097,-0.0018445,0,0,-1.38778e-11,0.0220008,0.00601314,-0.0321056,0.0200891,-0.00354569,0.000564376,0,0,-0.103392,0.0332976,-0.224599,0.204804,0.314923,-0.0397057,0.0337539,0,0,-4.85723e-11,0.0554514,-0.00559041,-0.00428146,0.0052796,-0.0607167,0.00240657,0,0,-0.0133709,-0.182886,0.0053564,0.574482,-0.0396243,0.39831,-0.00500124,0,0,0,-0.00321655,0.00160897,0.00476742,-0.000446296,0.00355947,0.000175439,0,0,-0.0251638,-0.00592303,-0.012894,-0.0185389,0.0338306,-0.00501461,0.0657725,0,0,0,0,0,0,0,0,0,0,0,0,0,0,0,0,0,0,0.905991,-4.35447e-09,0,0,0,0,0,0,0,0,0,0,0,0,0,0,0,0,-4.35507e-09,0.905991,
2.1684e-12,0.00494758,-0.0184038,-0.000404116,0.000839476,-2.78593e-05,2.57532e-05,0,0,0.4303,-0.0121244,0.172187,0.00221421,-0.0103999,-0.00135021,-0.00252063,0,0,-1.38778e-11,0.078984,-0.00386797,0.0240578,0.00178491,0.0012602,-5.09214e-05,0,0,-0.0120969,0.630057,-0.000409723,-0.0782378,0.00338378,-0.0182421,-0.00059938,0,0,-9.54098e-12,-0.00488328,0.0608788,0.000905393,-0.000828114,4.51292e-05,-1.54219e-05,0,0,0.17272,-0.000322406,0.408837,-0.0076427,-0.0225122,0.000528542,-0.00128425,0,0,-6.93889e-12,0.0417312,0.00221035,-0.0198979,-0.00252082,0.00304531,-0.000132295,0,0,0.00233854,-0.0793816,-0.00756268,0.607823,0.02045,0.0574111,-0.00184346,0,0,-6.93889e-12,0.0219814,0.00606236,-0.0320846,0.0200353,-0.00356643,0.000565174,0,0,-0.103036,0.0333108,-0.224471,0.204818,0.314978,-0.0397043,0.0337392,0,0,6.93889e-12,0.0554765,-0.00557962,-0.00435724,0.00525142,-0.0606831,0.0024063,0,0,-0.0132826,-0.18278,0.00540808,0.574498,-0.0396227,0.398323,-0.0050021,0,0,0,-0.00321577,0.00160788,0.00476757,-0.000442117,0.00356057,0.000176362,0,0,-0.0251863,-0.00592801,-0.0129051,-0.0185286,0.033816,-0.00501548,0.0657738,0,0,0,0,0,0,0,0,0,0,0,0,0,0,0,0,0,0,0.905991,4.09192e-09,0,0,0,0,0,0,0,0,0,0,0,0,0,0,0,0,4.09282e-09,0.905991,
-8.67362e-13,0.00494329,-0.0183975,-0.00040296,0.000836056,-2.76268e-05,2.5726e-05,0,0,0.430468,-0.0121304,0.171995,0.00220849,-0.0103644,-0.00134139,-0.00252288,0,0,0,0.0789813,-0.00386573,0.024016,0.00178268,0.00126062,-5.0956e-05,0,0,-0.0121028,0.630065,-0.00041185,-0.078247,0.00338514,-0.0182314,-0.000599888,0,0,5.20417e-12,-0.00488292,0.0609188,0.000913248,-0.000826189,4.6641e-05,-1.54759e-05,0,0,0.172529,-0.000324456,0.408961,-0.00765513,-0.0224996,0.000533692,-0.00128535,0,0,2.25514e-11,0.0416834,0.00221318,-0.0198562,-0.00251559,0.0030445,-0.00013232,0,0,0.00233312,-0.079392,-0.00757486,0.607817,0.0204514,0.0574126,-0.00184242,0,0,6.93889e-12,0.021962,0.00611166,-0.0320636,0.0199813,-0.00358722,0.000565972,0,0,-0.10268,0.0333239,-0.224344,0.204832,0.315033,-0.0397029,0.0337245,0,0,1.38778e-11,0.0555016,-0.0055688,-0.00443306,0.00522317,-0.0606496,0.00240602,0,0,-0.0131941,-0.182673,0.00545986,0.574513,-0.0396212,0.398336,-0.00500295,0,0,0,-0.00321498,0.00160678,0.00476772,-0.000437933,0.00356168,0.000177286,0,0,-0.0252088,-0.005933,-0.0129162,-0.0185183,0.0338014,-0.00501636,0.065775,0,0,0,-1.20024e-12,0,-1.20024e-12,0,-1.20024e-12,-1.20024e-12,0,0,0,0,0,0,0,0,0,0.905991,3.9701e-09,0,0,0,0,0,0,0,0,0,0,0,0,0,0,0,0,3.9707e-09,0.905991,
2.1684e-12,0.00493899,-0.0183911,-0.000401806,0.000832638,-2.7393e-05,2.56986e-05,0,0,0.430637,-0.0121364,0.171804,0.00220276,-0.0103288,-0.00133256,-0.00252513,0,0,-1.38778e-11,0.0789786,-0.00386349,0.0239743,0.00178045,0.00126103,-5.09906e-05,0,0,-0.0121088,0.630073,-0.000413989,-0.0782563,0.0033865,-0.0182207,-0.000600397,0,0,-6.07153e-12,-0.00488255,0.0609589,0.00092112,-0.000824258,4.81568e-05,-1.553e-05,0,0,0.172339,-0.000326518,0.409085,-0.00766758,-0.0224869,0.000538853,-0.00128645,0,0,5.20417e-12,0.0416354,0.00221601,-0.0198145,-0.00251035,0.00304369,-0.000132344,0,0,0.00232769,-0.0794024,-0.00758706,0.60781,0.0204527,0.057414,-0.00184137,0,0,2.42861e-11,0.0219425,0.00616103,-0.0320425,0.0199272,-0.00360807,0.00056677,0,0,-0.102324,0.0333371,-0.224217,0.204845,0.315088,-0.0397014,0.0337097,0,0,2.77556e-11,0.0555267,-0.00555794,-0.00450893,0.00519485,-0.0606159,0.00240575,0,0,-0.0131056,-0.182567,0.00551175,0.574529,-0.0396196,0.398348,-0.00500381,0,0,-3.46945e-12,-0.00321419,0.00160569,0.00476786,-0.000433745,0.00356279,0.000178213,0,0,-0.0252312,-0.00593799,-0.0129273,-0.018508,0.0337868,-0.00501723,0.0657762,0,0,0,0,0,0,0,0,0,0,0,0,0,0,0,0,0,0,0.905991,3.95209e-09,0,1.20024e-12,0,1.20024e-12,0,0,1.20024e-12,0,0,0,0,0,0,0,0,0,3.95239e-09,0.905991,
3.90313e-12,0.00493469,-0.0183847,-0.000400656,0.000829222,-2.71579e-05,2.56711e-05,0,0,0.430805,-0.0121425,0.171612,0.00219704,-0.0102933,-0.00132373,-0.00252737,0,0,1.38778e-11,0.0789758,-0.00386123,0.0239324,0.00177822,0.00126144,-5.10253e-05,0,0,-0.0121148,0.630081,-0.000416141,-0.0782655,0.00338787,-0.0182099,-0.000600907,0,0,-1.04083e-11,-0.00488217,0.0609989,0.00092901,-0.000822321,4.96767e-05,-1.55842e-05,0,0,0.172148,-0.000328593,0.409209,-0.00768004,-0.0224742,0.000544024,-0.00128756,0,0,-1.38778e-11,0.0415874,0.00221885,-0.0197727,-0.00250509,0.00304288,-0.000132369,0,0,0.00232227,-0.0794128,-0.00759928,0.607803,0.0204541,0.0574154,-0.00184032,0,0,1.04083e-11,0.021923,0.00621049,-0.0320213,0.0198729,-0.00362897,0.000567569,0,0,-0.101968,0.0333503,-0.224089,0.204859,0.315143,-0.0396999,0.033695,0,0,5.55112e-11,0.0555518,-0.00554706,-0.00458483,0.00516646,-0.0605822,0.00240547,0,0,-0.0130169,-0.18246,0.00556374,0.574545,-0.039618,0.398361,-0.00500466,0,0,0,-0.00321339,0.00160459,0.004768,-0.000429552,0.00356389,0.000179142,0,0,-0.0252536,-0.00594299,-0.0129385,-0.0184976,0.0337722,-0.0050181,0.0657774,0,0,0,0,0,0,0,0,0,0,0,0,0,0,0,0,0,0,0.905991,4.02381e-09,0,0,0,0,0,0,0,0,0,0,0,0,0,0,0,0,4.02441e-09,0.905991,
3.03577e-12,0.00493038,-0.0183782,-0.00039951,0.000825809,-2.69214e-05,2.56435e-05,0,0,0.430973,-0.0121485,0.17142,0.00219131,-0.0102577,-0.00131488,-0.00252962,0,0,0,0.078973,-0.00385896,0.0238906,0.00177598,0.00126185,-5.10599e-05,0,0,-0.0121207,0.630089,-0.000418304,-0.0782747,0.00338924,-0.0181992,-0.000601417,0,0,-9.54098e-12,-0.00488179,0.061039,0.000936917,-0.000820377,5.12007e-05,-1.56385e-05,0,0,0.171957,-0.000330679,0.409333,-0.00769251,-0.0224615,0.000549206,-0.00128867,0,0,-5.20417e-12,0.0415394,0.0022217,-0.0197309,-0.00249982,0.00304206,-0.000132393,0,0,0.00231684,-0.0794231,-0.00761151,0.607797,0.0204554,0.0574169,-0.00183927,0,0,1.38778e-11,0.0219034,0.00626002,-0.0320002,0.0198186,-0.00364993,0.000568367,0,0,-0.101611,0.0333636,-0.223961,0.204872,0.315199,-0.0396984,0.0336802,0,0,5.55112e-11,0.0555769,-0.00553615,-0.00466078,0.00513799,-0.0605484,0.0024052,0,0,-0.0129282,-0.182354,0.00561583,0.57456,-0.0396163,0.398374,-0.00500552,0,0,0,-0.0032126,0.00160349,0.00476813,-0.000425355,0.003565,0.000180073,0,0,-0.025276,-0.00594799,-0.0129496,-0.0184873,0.0337575,-0.00501897,0.0657787,0,0,0,0,0,0,0,0,0,1.16423e-10,0,0,0,0,0,0,0,0,0.905991,4.18944e-09,0,0,0,0,0,0,0,0,0,0,0,0,0,0,0,0,4.18914e-09,0.905991,
1.30104e-12,0.00492606,-0.0183716,-0.000398366,0.000822399,-2.66835e-05,2.56156e-05,0,0,0.431142,-0.0121545,0.171228,0.00218559,-0.0102221,-0.00130602,-0.00253186,0,0,0,0.0789702,-0.00385669,0.0238486,0.00177373,0.00126226,-5.10945e-05,0,0,-0.0121267,0.630097,-0.00042048,-0.0782839,0.00339062,-0.0181884,-0.000601927,0,0,-7.80626e-12,-0.0048814,0.061079,0.000944841,-0.000818426,5.27287e-05,-1.56928e-05,0,0,0.171765,-0.000332777,0.409457,-0.007705,-0.0224488,0.000554398,-0.00128978,0,0,6.93889e-12,0.0414912,0.00222454,-0.0196891,-0.00249454,0.00304125,-0.000132417,0,0,0.00231141,-0.0794335,-0.00762376,0.60779,0.0204567,0.0574183,-0.00183822,0,0,-3.81639e-11,0.0218838,0.00630963,-0.0319789,0.0197641,-0.00367094,0.000569165,0,0,-0.101255,0.0333769,-0.223833,0.204885,0.315254,-0.0396968,0.0336654,0,0,-1.38778e-11,0.055602,-0.0055252,-0.00473676,0.00510945,-0.0605146,0.00240492,0,0,-0.0128393,-0.182247,0.00566803,0.574575,-0.0396147,0.398386,-0.00500637,0,0,1.73472e-12,-0.0032118,0.0016024,0.00476826,-0.000421154,0.00356611,0.000181006,0,0,-0.0252984,-0.005953,-0.0129608,-0.0184769,0.0337429,-0.00501984,0.0657799,0,0,0,0,0,0,0,0,0,0,0,0,0,0,0,0,0,0,0.905991,-4.4637e-09,0,0,0,0,0,0,0,0,0,0,0,0,0,0,0,0,-4.464e-09,0.905991,
0,0.00492175,-0.018365,-0.000397226,0.000818991,-2.64443e-05,2.55877e-05,0,0,0.431311,-0.0121605,0.171036,0.00217986,-0.0101865,-0.00129715,-0.0025341,0,0,0,0.0789673,-0.00385441,0.0238067,0.00177149,0.00126267,-5.11291e-05,0,0,-0.0121327,0.630105,-0.000422669,-0.0782932,0.003392,-0.0181777,-0.000602438,0,0,2.60209e-12,-0.00488101,0.061119,0.000952783,-0.000816468,5.42607e-05,-1.57472e-05,0,0,0.171574,-0.000334887,0.409581,-0.0077175,-0.0224361,0.0005596,-0.00129089,0,0,-1.38778e-11,0.041443,0.0022274,-0.0196472,-0.00248924,0.00304043,-0.000132441,0,0,0.00230599,-0.0794439,-0.00763602,0.607784,0.020458,0.0574197,-0.00183717,0,0,3.1225e-11,0.0218641,0.00635931,-0.0319576,0.0197095,-0.003692,0.000569964,0,0,-0.100899,0.0333902,-0.223705,0.204898,0.315309,-0.0396952,0.0336506,0,0,2.77556e-11,0.0556271,-0.00551422,-0.00481279,0.00508085,-0.0604806,0.00240464,0,0,-0.0127503,-0.18214,0.00572033,0.574591,-0.039613,0.398399,-0.00500722,0,0,-1.73472e-12,-0.00321099,0.0016013,0.00476838,-0.000416947,0.00356723,0.000181941,0,0,-0.0253208,-0.00595801,-0.012972,-0.0184665,0.0337282,-0.00502071,0.0657811,0,0,0,0,0,0,0,0,0,0,0,0,0,0,0,0,0,0,0.905991,-4.60262e-09,0,0,0,0,0,0,0,0,0,0,0,0,0,0,0,0,-4.60262e-09,0.905991,
2.1684e-12,0.00491742,-0.0183584,-0.000396088,0.000815586,-2.62038e-05,2.55595e-05,0,0,0.43148,-0.0121665,0.170843,0.00217414,-0.0101509,-0.00128827,-0.00253634,0,0,1.38778e-11,0.0789643,-0.00385211,0.0237647,0.00176924,0.00126307,-5.11638e-05,0,0,-0.0121387,0.630113,-0.000424869,-0.0783024,0.00339338,-0.0181669,-0.000602949,0,0,-7.80626e-12,-0.00488062,0.0611591,0.000960742,-0.000814504,5.57969e-05,-1.58017e-05,0,0,0.171382,-0.000337009,0.409705,-0.00773002,-0.0224233,0.000564813,-0.001292,0,0,1.21431e-11,0.0413947,0.00223025,-0.0196052,-0.00248393,0.0030396,-0.000132465,0,0,0.00230056,-0.0794542,-0.00764829,0.607778,0.0204593,0.057421,-0.00183611,0,0,-1.04083e-11,0.0218444,0.00640907,-0.0319363,0.0196548,-0.00371312,0.000570762,0,0,-0.100542,0.0334036,-0.223577,0.204911,0.315365,-0.0396936,0.0336358,0,0,-3.46945e-11,0.0556521,-0.00550322,-0.00488885,0.00505216,-0.0604467,0.00240435,0,0,-0.0126612,-0.182034,0.00577274,0.574606,-0.0396113,0.398412,-0.00500807,0,0,0,-0.00321018,0.00160021,0.0047685,-0.000412737,0.00356834,0.000182878,0,0,-0.0253431,-0.00596303,-0.0129832,-0.0184561,0.0337135,-0.00502158,0.0657824,0,0,0,-2.40048e-12,-2.40048e-12,0,0,2.40048e-12,2.40048e-12,0,0,0,0,0,0,0,0,0,0.905991,-4.58852e-09,0,1.20024e-12,1.20024e-12,0,0,-1.20024e-12,-1.20024e-12,0,0,0,0,0,0,0,0,0,-4.58942e-09,0.905991,
-4.33681e-13,0.0049131,-0.0183517,-0.000394955,0.000812183,-2.59618e-05,2.55312e-05,0,0,0.431649,-0.0121726,0.17065,0.00216841,-0.0101153,-0.00127937,-0.00253858,0,0,-1.38778e-11,0.0789613,-0.00384981,0.0237226,0.00176699,0.00126348,-5.11984e-05,0,0,-0.0121447,0.630121,-0.000427083,-0.0783116,0.00339477,-0.0181561,-0.000603461,0,0,0,-0.00488022,0.0611991,0.000968717,-0.000812532,5.7337e-05,-1.58563e-05,0,0,0.171189,-0.000339143,0.409829,-0.00774256,-0.0224106,0.000570037,-0.00129311,0,0,1.73472e-12,0.0413464,0.00223311,-0.0195632,-0.00247861,0.00303878,-0.000132489,0,0,0.00229514,-0.0794646,-0.00766058,0.607771,0.0204606,0.0574224,-0.00183506,0,0,3.46945e-12,0.0218247,0.00645892,-0.0319149,0.0195999,-0.00373429,0.000571561,0,0,-0.100186,0.033417,-0.223449,0.204924,0.315421,-0.039692,0.033621,0,0,6.93889e-12,0.0556772,-0.00549218,-0.00496496,0.00502341,-0.0604126,0.00240407,0,0,-0.012572,-0.181927,0.00582525,0.574621,-0.0396095,0.398425,-0.00500892,0,0,1.73472e-12,-0.00320937,0.00159911,0.00476862,-0.000408522,0.00356945,0.000183817,0,0,-0.0253655,-0.00596806,-0.0129945,-0.0184456,0.0336988,-0.00502245,0.0657836,0,0,0,-1.20024e-12,-1.20024e-12,1.20024e-12,-1.20024e-12,-1.20024e-12,0,0,0,0,0,0,0,0,0,0,0.905991,-4.43969e-09,0,0,0,0,0,0,0,0,0,0,0,0,0,0,0,0,-4.43969e-09,0.905991,
-3.03577e-12,0.00490877,-0.0183449,-0.000393824,0.000808784,-2.57185e-05,2.55027e-05,0,0,0.431818,-0.0121786,0.170456,0.00216269,-0.0100797,-0.00127047,-0.00254081,0,0,0,0.0789583,-0.0038475,0.0236805,0.00176473,0.00126388,-5.12331e-05,0,0,-0.0121507,0.630129,-0.000429308,-0.0783208,0.00339616,-0.0181454,-0.000603974,0,0,6.93889e-12,-0.00487982,0.0612391,0.000976711,-0.000810555,5.88813e-05,-1.59109e-05,0,0,0.170997,-0.00034129,0.409953,-0.0077551,-0.0223978,0.000575271,-0.00129423,0,0,5.20417e-12,0.041298,0.00223598,-0.0195212,-0.00247327,0.00303795,-0.000132513,0,0,0.00228971,-0.0794749,-0.00767288,0.607765,0.0204619,0.0574238,-0.001834,0,0,-3.46945e-11,0.0218049,0.00650884,-0.0318935,0.019545,-0.00375551,0.000572359,0,0,-0.099829,0.0334305,-0.22332,0.204936,0.315477,-0.0396903,0.0336062,0,0,-5.55112e-11,0.0557023,-0.00548111,-0.0050411,0.00499459,-0.0603785,0.00240379,0,0,-0.0124827,-0.18182,0.00587787,0.574636,-0.0396078,0.398438,-0.00500977,0,0,1.73472e-12,-0.00320855,0.00159801,0.00476873,-0.000404302,0.00357057,0.000184758,0,0,-0.0253878,-0.00597309,-0.0130057,-0.0184352,0.0336841,-0.00502331,0.0657848,0,0,0,0,0,0,0,0,0,0,0,0,0,0,0,0,0,0,0.905991,4.19664e-09,0,0,0,0,0,0,0,0,0,0,0,0,0,0,0,0,4.19664e-09,0.905991,
-2.1684e-12,0.00490443,-0.0183381,-0.000392697,0.000805387,-2.54738e-05,2.54741e-05,0,0,0.431987,-0.0121846,0.170263,0.00215696,-0.0100441,-0.00126156,-0.00254305,0,0,0,0.0789551,-0.00384517,0.0236384,0.00176247,0.00126428,-5.12677e-05,0,0,-0.0121566,0.630137,-0.000431546,-0.07833,0.00339755,-0.0181346,-0.000604487,0,0,6.93889e-12,-0.00487941,0.0612791,0.000984721,-0.00080857,6.04296e-05,-1.59656e-05,0,0,0.170804,-0.000343448,0.410077,-0.00776767,-0.022385,0.000580515,-0.00129535,0,0,1.38778e-11,0.0412495,0.00223885,-0.0194791,-0.00246792,0.00303712,-0.000132536,0,0,0.00228429,-0.0794853,-0.0076852,0.607758,0.0204631,0.0574251,-0.00183294,0,0,-1.38778e-11,0.021785,0.00655883,-0.031872,0.0194899,-0.00377679,0.000573158,0,0,-0.0994723,0.033444,-0.223192,0.204949,0.315532,-0.0396886,0.0335913,0,0,-2.08167e-11,0.0557274,-0.00547001,-0.00511729,0.00496569,-0.0603443,0.0024035,0,0,-0.0123933,-0.181713,0.0059306,0.574651,-0.039606,0.398451,-0.00501062,0,0,0,-0.00320773,0.00159692,0.00476883,-0.000400078,0.00357168,0.000185701,0,0,-0.0254101,-0.00597812,-0.013017,-0.0184247,0.0336694,-0.00502418,0.065786,0,0,0,0,3.60072e-12,-3.60072e-12,-3.60072e-12,-3.60072e-12,0,0,0,0,0,0,0,0,0,0,0.905991,4.09612e-09,0,0,-1.20024e-12,1.20024e-12,1.20024e-12,1.20024e-12,0,0,0,0,0,0,0,0,0,0,4.09582e-09,0.905991,
4.33681e-13,0.00490009,-0.0183312,-0.000391573,0.000801992,-2.52278e-05,2.54453e-05,0,0,0.432156,-0.0121907,0.170069,0.00215124,-0.0100084,-0.00125263,-0.00254528,0,0,-2.77556e-11,0.078952,-0.00384284,0.0235962,0.0017602,0.00126468,-5.13024e-05,0,0,-0.0121626,0.630145,-0.000433797,-0.0783391,0.00339895,-0.0181238,-0.000605001,0,0,-3.46945e-12,-0.00487899,0.0613191,0.000992749,-0.000806579,6.19821e-05,-1.60204e-05,0,0,0.170611,-0.000345619,0.410201,-0.00778024,-0.0223722,0.00058577,-0.00129647,0,0,2.25514e-11,0.0412009,0.00224172,-0.0194369,-0.00246255,0.00303629,-0.00013256,0,0,0.00227886,-0.0794956,-0.00769753,0.607752,0.0204644,0.0574265,-0.00183187,0,0,-2.08167e-11,0.0217651,0.00660891,-0.0318505,0.0194347,-0.00379812,0.000573956,0,0,-0.0991155,0.0334575,-0.223063,0.204961,0.315588,-0.0396869,0.0335765,0,0,-5.55112e-11,0.0557525,-0.00545888,-0.00519352,0.00493672,-0.0603101,0.00240321,0,0,-0.0123038,-0.181606,0.00598342,0.574665,-0.0396042,0.398464,-0.00501146,0,0,1.73472e-12,-0.00320691,0.00159582,0.00476894,-0.00039585,0.0035728,0.000186646,0,0,-0.0254324,-0.00598316,-0.0130283,-0.0184142,0.0336547,-0.00502504,0.0657873,0,0,0,0,0,0,0,0,0,0,0,0,0,0,0,0,0,0,0.905991,4.10602e-09,0,0,0,0,0,0,0,0,0,0,0,0,0,0,0,0,4.10602e-09,0.905991,
1.30104e-12,0.00489575,-0.0183243,-0.000390452,0.000798601,-2.49803e-05,2.54163e-05,0,0,0.432325,-0.0121967,0.169874,0.00214552,-0.00997281,-0.0012437,-0.00254751,0,0,0,0.0789488,-0.0038405,0.023554,0.00175794,0.00126508,-5.13371e-05,0,0,-0.0121686,0.630153,-0.000436061,-0.0783483,0.00340036,-0.018113,-0.000605515,0,0,-1.73472e-12,-0.00487858,0.0613591,0.00100079,-0.00080458,6.35386e-05,-1.60753e-05,0,0,0.170417,-0.000347802,0.410325,-0.00779284,-0.0223594,0.000591036,-0.00129759,0,0,3.46945e-12,0.0411522,0.0022446,-0.0193947,-0.00245717,0.00303545,-0.000132584,0,0,0.00227344,-0.0795059,-0.00770988,0.607746,0.0204656,0.0574278,-0.00183081,0,0,1.38778e-11,0.0217452,0.00665906,-0.0318289,0.0193794,-0.00381951,0.000574755,0,0,-0.0987587,0.0334711,-0.222934,0.204974,0.315645,-0.0396852,0.0335616,0,0,-2.08167e-11,0.0557776,-0.00544772,-0.00526978,0.00490768,-0.0602758,0.00240292,0,0,-0.0122142,-0.181499,0.00603636,0.57468,-0.0396023,0.398477,-0.00501231,0,0,0,-0.00320609,0.00159473,0.00476903,-0.000391617,0.00357392,0.000187593,0,0,-0.0254546,-0.00598821,-0.0130396,-0.0184037,0.0336399,-0.00502591,0.0657885,0,0,0,0,1.20024e-12,0,0,1.20024e-12,-1.20024e-12,1.15223e-10,0,0,0,0,0,0,0,0,0.905991,4.21465e-09,0,0,0,0,0,0,0,0,0,0,0,0,0,0,0,0,4.21555e-09,0.905991,
1.73472e-12,0.0048914,-0.0183173,-0.000389335,0.000795213,-2.47315e-05,2.53872e-05,0,0,0.432495,-0.0122028,0.16968,0.00213979,-0.00993717,-0.00123475,-0.00254974,0,0,2.77556e-11,0.0789455,-0.00383815,0.0235117,0.00175566,0.00126548,-5.13717e-05,0,0,-0.0121746,0.630161,-0.000438336,-0.0783575,0.00340177,-0.0181022,-0.00060603,0,0,-4.33681e-12,-0.00487815,0.0613991,0.00100886,-0.000802575,6.50991e-05,-1.61302e-05,0,0,0.170224,-0.000349997,0.410449,-0.00780544,-0.0223466,0.000596312,-0.00129872,0,0,0,0.0411035,0.00224749,-0.0193525,-0.00245178,0.00303462,-0.000132607,0,0,0.00226801,-0.0795162,-0.00772224,0.607739,0.0204668,0.0574291,-0.00182974,0,0,-1.04083e-11,0.0217252,0.00670929,-0.0318073,0.019324,-0.00384095,0.000575554,0,0,-0.0984018,0.0334847,-0.222805,0.204986,0.315701,-0.0396834,0.0335467,0,0,-6.93889e-12,0.0558027,-0.00543653,-0.00534609,0.00487857,-0.0602414,0.00240264,0,0,-0.0121244,-0.181392,0.0060894,0.574695,-0.0396004,0.39849,-0.00501316,0,0,1.73472e-12,-0.00320525,0.00159363,0.00476913,-0.00038738,0.00357503,0.000188542,0,0,-0.0254769,-0.00599326,-0.013051,-0.0183932,0.0336252,-0.00502677,0.0657897,0,0,0,0,0,0,0,0,0,0,0,0,0,0,0,0,0,0,0.905991,-4.43189e-09,0,1.20024e-12,1.20024e-12,1.20024e-12,0,1.20024e-12,0,0,0,0,0,0,0,0,0,0,-4.43249e-09,0.905991,
4.33681e-13,0.00488705,-0.0183102,-0.000388221,0.000791827,-2.44812e-05,2.53579e-05,0,0,0.432664,-0.0122088,0.169485,0.00213407,-0.00990152,-0.0012258,-0.00255196,0,0,1.38778e-11,0.0789422,-0.00383579,0.0234694,0.00175339,0.00126588,-5.14064e-05,0,0,-0.0121806,0.630168,-0.000440625,-0.0783667,0.00340318,-0.0180915,-0.000606545,0,0,-1.73472e-12,-0.00487772,0.061439,0.00101694,-0.000800563,6.66638e-05,-1.61852e-05,0,0,0.17003,-0.000352205,0.410573,-0.00781806,-0.0223337,0.000601598,-0.00129984,0,0,1.38778e-11,0.0410547,0.00225038,-0.0193102,-0.00244637,0.00303378,-0.00013263,0,0,0.00226259,-0.0795266,-0.00773462,0.607733,0.020468,0.0574304,-0.00182867,0,0,-2.77556e-11,0.0217052,0.00675959,-0.0317856,0.0192684,-0.00386244,0.000576352,0,0,-0.0980449,0.0334984,-0.222675,0.204998,0.315757,-0.0396816,0.0335318,0,0,-9.71445e-11,0.0558278,-0.0054253,-0.00542244,0.00484938,-0.060207,0.00240234,0,0,-0.0120346,-0.181285,0.00614254,0.574709,-0.0395986,0.398503,-0.005014,0,0,0,-0.00320442,0.00159253,0.00476922,-0.000383138,0.00357615,0.000189493,0,0,-0.0254991,-0.00599831,-0.0130623,-0.0183826,0.0336104,-0.00502763,0.065791,0,0,0,0,0,0,0,0,0,0,0,0,0,0,0,0,0,0,0.905991,-4.51171e-09,0,0,0,0,0,0,0,0,0,0,0,0,0,0,0,0,-4.51201e-09,0.905991,
1.73472e-12,0.00488269,-0.0183031,-0.000387111,0.000788445,-2.42296e-05,2.53285e-05,0,0,0.432834,-0.0122149,0.16929,0.00212835,-0.00986587,-0.00121683,-0.00255419,0,0,0,0.0789389,-0.00383342,0.023427,0.00175111,0.00126627,-5.14411e-05,0,0,-0.0121866,0.630176,-0.000442926,-0.0783758,0.00340459,-0.0180807,-0.000607061,0,0,-6.93889e-12,-0.00487729,0.061479,0.00102503,-0.000798545,6.82326e-05,-1.62403e-05,0,0,0.169836,-0.000354425,0.410697,-0.0078307,-0.0223208,0.000606896,-0.00130097,0,0,-1.56125e-11,0.0410058,0.00225327,-0.0192679,-0.00244095,0.00303293,-0.000132653,0,0,0.00225717,-0.0795369,-0.007747,0.607727,0.0204692,0.0574317,-0.0018276,0,0,-6.93889e-12,0.0216851,0.00680998,-0.0317638,0.0192127,-0.00388399,0.000577151,0,0,-0.0976878,0.0335121,-0.222546,0.20501,0.315813,-0.0396798,0.0335169,0,0,2.08167e-11,0.0558529,-0.00541405,-0.00549882,0.00482012,-0.0601725,0.00240205,0,0,-0.0119447,-0.181178,0.0061958,0.574723,-0.0395966,0.398516,-0.00501484,0,0,0,-0.00320358,0.00159144,0.0047693,-0.000378893,0.00357728,0.000190446,0,0,-0.0255213,-0.00600337,-0.0130737,-0.018372,0.0335956,-0.00502849,0.0657922,0,0,0,0,0,0,0,0,0,-5.76116e-11,0,0,0,0,0,0,0,0,0.905991,-4.45229e-09,0,1.20024e-12,0,0,0,0,0,0,0,0,0,0,0,0,0,0,-4.45229e-09,0.905991,
4.33681e-13,0.00487833,-0.018296,-0.000386004,0.000785065,-2.39766e-05,2.52989e-05,0,0,0.433004,-0.0122209,0.169095,0.00212263,-0.00983021,-0.00120785,-0.00255641,0,0,-1.38778e-11,0.0789355,-0.00383104,0.0233846,0.00174883,0.00126666,-5.14758e-05,0,0,-0.0121926,0.630184,-0.00044524,-0.078385,0.00340601,-0.0180699,-0.000607577,0,0,-8.67362e-13,-0.00487685,0.061519,0.00103315,-0.000796519,6.98054e-05,-1.62954e-05,0,0,0.169641,-0.000356657,0.410821,-0.00784335,-0.0223079,0.000612204,-0.0013021,0,0,-5.20417e-12,0.0409569,0.00225617,-0.0192255,-0.00243552,0.00303209,-0.000132677,0,0,0.00225175,-0.0795472,-0.00775941,0.60772,0.0204704,0.057433,-0.00182653,0,0,1.38778e-11,0.021665,0.00686044,-0.0317421,0.0191569,-0.00390559,0.00057795,0,0,-0.0973307,0.0335258,-0.222416,0.205021,0.31587,-0.039678,0.0335019,0,0,2.08167e-11,0.055878,-0.00540276,-0.00557525,0.00479079,-0.0601379,0.00240176,0,0,-0.0118546,-0.181071,0.00624915,0.574737,-0.0395947,0.398529,-0.00501568,0,0,0,-0.00320274,0.00159034,0.00476938,-0.000374642,0.0035784,0.000191402,0,0,-0.0255435,-0.00600844,-0.0130851,-0.0183615,0.0335808,-0.00502935,0.0657934,0,0,0,1.20024e-12,0,-1.20024e-12,0,0,0,0,0,0,0,0,0,0,0,0,0.905991,4.27676e-09,0,2.40048e-12,0,-2.40048e-12,0,0,0,0,0,0,0,0,0,0,0,0,4.27646e-09,0.905991,
2.1684e-12,0.00487397,-0.0182887,-0.0003849,0.000781689,-2.37221e-05,2.52691e-05,0,0,0.433174,-0.012227,0.168899,0.0021169,-0.00979454,-0.00119887,-0.00255863,0,0,1.38778e-11,0.078932,-0.00382866,0.0233422,0.00174654,0.00126705,-5.15104e-05,0,0,-0.0121986,0.630192,-0.000447567,-0.0783941,0.00340744,-0.018059,-0.000608094,0,0,-6.93889e-12,-0.00487641,0.0615589,0.00104128,-0.000794487,7.13824e-05,-1.63506e-05,0,0,0.169447,-0.000358902,0.410945,-0.00785601,-0.022295,0.000617522,-0.00130323,0,0,3.46945e-12,0.0409079,0.00225907,-0.0191831,-0.00243007,0.00303124,-0.0001327,0,0,0.00224633,-0.0795575,-0.00777183,0.607714,0.0204716,0.0574342,-0.00182546,0,0,-1.38778e-11,0.0216449,0.00691097,-0.0317202,0.019101,-0.00392724,0.000578748,0,0,-0.0969736,0.0335396,-0.222286,0.205033,0.315927,-0.0396761,0.033487,0,0,4.85723e-11,0.0559031,-0.00539145,-0.00565171,0.00476139,-0.0601033,0.00240146,0,0,-0.0117645,-0.180964,0.00630262,0.574752,-0.0395927,0.398542,-0.00501653,0,0,1.73472e-12,-0.0032019,0.00158924,0.00476945,-0.000370388,0.00357952,0.000192359,0,0,-0.0255657,-0.00601351,-0.0130965,-0.0183508,0.033566,-0.00503021,0.0657946,0,0,0,0,0,0,0,0,0,0,0,0,0,0,0,0,0,0,0.905991,4.23595e-09,0,0,0,0,0,0,0,0,0,0,0,0,0,0,0,0,4.23625e-09,0.905991,
2.1684e-12,0.0048696,-0.0182815,-0.0003838,0.000778315,-2.34662e-05,2.52391e-05,0,0,0.433343,-0.012233,0.168703,0.00211118,-0.00975887,-0.00118987,-0.00256085,0,0,1.38778e-11,0.0789285,-0.00382626,0.0232997,0.00174425,0.00126744,-5.15451e-05,0,0,-0.0122046,0.630199,-0.000449907,-0.0784033,0.00340887,-0.0180482,-0.000608611,0,0,-6.07153e-12,-0.00487596,0.0615989,0.00104943,-0.000792448,7.29635e-05,-1.64059e-05,0,0,0.169252,-0.000361159,0.411069,-0.00786869,-0.0222821,0.000622851,-0.00130437,0,0,1.21431e-11,0.0408588,0.00226198,-0.0191406,-0.0024246,0.00303039,-0.000132723,0,0,0.00224091,-0.0795678,-0.00778426,0.607708,0.0204727,0.0574355,-0.00182438,0,0,-6.93889e-12,0.0216247,0.00696159,-0.0316984,0.019045,-0.00394895,0.000579547,0,0,-0.0966164,0.0335534,-0.222156,0.205045,0.315983,-0.0396742,0.033472,0,0,3.46945e-11,0.0559282,-0.0053801,-0.00572822,0.00473192,-0.0600686,0.00240117,0,0,-0.0116743,-0.180857,0.00635619,0.574765,-0.0395907,0.398555,-0.00501737,0,0,3.46945e-12,-0.00320105,0.00158815,0.00476953,-0.000366129,0.00358064,0.000193318,0,0,-0.0255878,-0.00601858,-0.0131079,-0.0183402,0.0335512,-0.00503107,0.0657959,0,0,0,0,-1.20024e-12,1.20024e-12,0,1.20024e-12,0,0,0,0,0,0,0,0,0,0,0.905991,-4.30857e-09,0,0,1.20024e-12,-1.20024e-12,0,-1.20024e-12,0,-1.20024e-12,0,0,0,0,0,0,0,0,-4.30857e-09,0.905991,
-3.46945e-12,0.00486522,-0.0182741,-0.000382703,0.000774945,-2.32089e-05,2.52091e-05,0,0,0.433514,-0.0122391,0.168507,0.00210546,-0.00972319,-0.00118086,-0.00256307,0,0,0,0.078925,-0.00382385,0.0232571,0.00174196,0.00126783,-5.15798e-05,0,0,-0.0122107,0.630207,-0.000452259,-0.0784124,0.0034103,-0.0180374,-0.000609129,0,0,1.21431e-11,-0.00487551,0.0616388,0.0010576,-0.000790401,7.45487e-05,-1.64613e-05,0,0,0.169056,-0.000363429,0.411193,-0.00788138,-0.0222692,0.000628191,-0.00130551,0,0,-1.21431e-11,0.0408096,0.00226489,-0.0190981,-0.00241913,0.00302954,-0.000132745,0,0,0.00223549,-0.0795781,-0.00779671,0.607702,0.0204739,0.0574367,-0.0018233,0,0,1.04083e-11,0.0216044,0.00701228,-0.0316764,0.0189888,-0.00397071,0.000580346,0,0,-0.0962591,0.0335673,-0.222026,0.205056,0.31604,-0.0396723,0.0334571,0,0,-1.38778e-11,0.0559533,-0.00536873,-0.00580476,0.00470237,-0.0600338,0.00240087,0,0,-0.0115839,-0.18075,0.00640987,0.574779,-0.0395887,0.398568,-0.0050182,0,0,-1.73472e-12,-0.0032002,0.00158705,0.00476959,-0.000361866,0.00358177,0.000194279,0,0,-0.0256099,-0.00602367,-0.0131194,-0.0183296,0.0335363,-0.00503193,0.0657971,0,0,0,1.20024e-12,-1.20024e-12,-1.20024e-12,0,0,0,0,0,0,0,0,0,0,0,0,0.905991,4.25906e-09,0,0,0,0,0,0,0,0,0,0,0,0,0,0,0,0,4.25846e-09,0.905991,
4.33681e-13,0.00486085,-0.0182667,-0.00038161,0.000771578,-2.29502e-05,2.51788e-05,0,0,0.433684,-0.0122452,0.168311,0.00209975,-0.0096875,-0.00117184,-0.00256528,0,0,1.38778e-11,0.0789213,-0.00382143,0.0232145,0.00173966,0.00126822,-5.16145e-05,0,0,-0.0122167,0.630215,-0.000454625,-0.0784215,0.00341174,-0.0180266,-0.000609647,0,0,-2.60209e-12,-0.00487505,0.0616788,0.00106578,-0.000788348,7.6138e-05,-1.65167e-05,0,0,0.168861,-0.000365711,0.411317,-0.00789409,-0.0222562,0.000633541,-0.00130664,0,0,-1.38778e-11,0.0407604,0.0022678,-0.0190555,-0.00241364,0.00302868,-0.000132768,0,0,0.00223007,-0.0795884,-0.00780917,0.607695,0.020475,0.057438,-0.00182222,0,0,-2.08167e-11,0.0215841,0.00706305,-0.0316544,0.0189325,-0.00399253,0.000581144,0,0,-0.0959017,0.0335812,-0.221896,0.205067,0.316097,-0.0396704,0.0334421,0,0,-2.08167e-11,0.0559784,-0.00535732,-0.00588134,0.00467275,-0.059999,0.00240057,0,0,-0.0114935,-0.180642,0.00646365,0.574793,-0.0395866,0.398582,-0.00501904,0,0,0,-0.00319934,0.00158595,0.00476965,-0.000357599,0.00358289,0.000195242,0,0,-0.0256321,-0.00602875,-0.0131309,-0.0183189,0.0335215,-0.00503278,0.0657983,0,0,0,1.20024e-12,0,0,-1.20024e-12,1.20024e-12,0,0,0,0,0,0,0,0,0,0,0.905991,-4.32507e-09,0,0,0,0,-1.20024e-12,1.20024e-12,0,-1.14023e-10,0,0,0,0,0,0,0,0,-4.32507e-09,0.905991,
-8.67362e-13,0.00485646,-0.0182593,-0.00038052,0.000768214,-2.269e-05,2.51484e-05,0,0,0.433854,-0.0122512,0.168114,0.00209403,-0.00965181,-0.00116281,-0.00256749,0,0,-1.38778e-11,0.0789177,-0.003819,0.0231719,0.00173736,0.0012686,-5.16492e-05,0,0,-0.0122227,0.630222,-0.000457003,-0.0784306,0.00341318,-0.0180158,-0.000610166,0,0,0,-0.00487459,0.0617187,0.00107398,-0.000786288,7.77314e-05,-1.65723e-05,0,0,0.168665,-0.000368006,0.411441,-0.00790681,-0.0222433,0.000638903,-0.00130778,0,0,-1.73472e-12,0.0407111,0.00227072,-0.0190129,-0.00240813,0.00302783,-0.000132791,0,0,0.00222465,-0.0795987,-0.00782164,0.607689,0.0204761,0.0574392,-0.00182114,0,0,-1.04083e-11,0.0215638,0.00711389,-0.0316324,0.0188761,-0.0040144,0.000581943,0,0,-0.0955443,0.0335952,-0.221766,0.205078,0.316154,-0.0396684,0.0334271,0,0,-7.63278e-11,0.0560034,-0.00534588,-0.00595796,0.00464306,-0.0599641,0.00240027,0,0,-0.0114029,-0.180535,0.00651754,0.574807,-0.0395846,0.398595,-0.00501988,0,0,0,-0.00319848,0.00158486,0.00476971,-0.000353327,0.00358402,0.000196208,0,0,-0.0256541,-0.00603384,-0.0131424,-0.0183082,0.0335066,-0.00503364,0.0657996,0,0,0,0,0,0,0,0,0,0,0,0,0,0,0,0,0,0,0.905991,4.26746e-09,0,0,0,0,0,0,0,0,0,0,0,0,0,0,0,0,4.26776e-09,0.905991,
-1.73472e-12,0.00485208,-0.0182518,-0.000379434,0.000764853,-2.24284e-05,2.51178e-05,0,0,0.434024,-0.0122573,0.167917,0.00208831,-0.00961611,-0.00115377,-0.00256971,0,0,0,0.078914,-0.00381657,0.0231292,0.00173506,0.00126899,-5.16839e-05,0,0,-0.0122287,0.63023,-0.000459395,-0.0784398,0.00341462,-0.0180049,-0.000610686,0,0,9.54098e-12,-0.00487412,0.0617586,0.0010822,-0.000784221,7.93289e-05,-1.66279e-05,0,0,0.168469,-0.000370314,0.411565,-0.00791955,-0.0222303,0.000644274,-0.00130893,0,0,2.42861e-11,0.0406617,0.00227365,-0.0189702,-0.00240262,0.00302697,-0.000132813,0,0,0.00221924,-0.079609,-0.00783413,0.607683,0.0204773,0.0574404,-0.00182005,0,0,3.1225e-11,0.0215434,0.00716481,-0.0316103,0.0188196,-0.00403632,0.000582742,0,0,-0.0951869,0.0336091,-0.221635,0.205089,0.316211,-0.0396664,0.0334121,0,0,-1.38778e-11,0.0560285,-0.00533441,-0.00603463,0.0046133,-0.0599291,0.00239997,0,0,-0.0113123,-0.180428,0.00657154,0.57482,-0.0395825,0.398608,-0.00502072,0,0,-1.73472e-12,-0.00319762,0.00158376,0.00476976,-0.000349051,0.00358515,0.000197175,0,0,-0.0256762,-0.00603894,-0.0131539,-0.0182975,0.0334917,-0.00503449,0.0658008,0,0,0,0,0,0,0,0,0,0,0,0,0,0,0,0,0,0,0.905991,-4.32717e-09,0,0,0,0,0,0,0,0,0,0,0,0,0,0,0,0,-4.32837e-09,0.905991,
2.60209e-12,0.00484769,-0.0182442,-0.000378351,0.000761495,-2.21654e-05,2.50871e-05,0,0,0.434195,-0.0122634,0.16772,0.00208259,-0.00958041,-0.00114473,-0.00257191,0,0,0,0.0789102,-0.00381412,0.0230865,0.00173275,0.00126937,-5.17186e-05,0,0,-0.0122347,0.630237,-0.000461799,-0.0784489,0.00341607,-0.0179941,-0.000611206,0,0,-7.80626e-12,-0.00487365,0.0617985,0.00109044,-0.000782148,8.09306e-05,-1.66835e-05,0,0,0.168272,-0.000372634,0.411689,-0.0079323,-0.0222173,0.000649657,-0.00131007,0,0,5.20417e-12,0.0406122,0.00227658,-0.0189275,-0.00239709,0.0030261,-0.000132836,0,0,0.00221382,-0.0796192,-0.00784663,0.607677,0.0204784,0.0574416,-0.00181897,0,0,1.38778e-11,0.021523,0.00721581,-0.0315882,0.018763,-0.0040583,0.000583541,0,0,-0.0948294,0.0336232,-0.221504,0.2051,0.316269,-0.0396644,0.033397,0,0,5.55112e-11,0.0560536,-0.00532291,-0.00611133,0.00458346,-0.0598941,0.00239966,0,0,-0.0112215,-0.18032,0.00662565,0.574834,-0.0395803,0.398622,-0.00502155,0,0,-1.73472e-12,-0.00319675,0.00158266,0.00476981,-0.000344771,0.00358628,0.000198144,0,0,-0.0256983,-0.00604404,-0.0131654,-0.0182868,0.0334768,-0.00503534,0.065802,0,0,0,0,0,0,0,0,0,0,0,0,0,0,0,0,0,0,0.905991,4.26476e-09,0,0,0,0,0,0,0,0,0,0,0,0,0,0,0,0,4.26446e-09,0.905991,
2.60209e-12,0.00484329,-0.0182366,-0.000377271,0.000758141,-2.19008e-05,2.50562e-05,0,0,0.434365,-0.0122694,0.167522,0.00207688,-0.0095447,-0.00113567,-0.00257412,0,0,0,0.0789064,-0.00381166,0.0230437,0.00173044,0.00126975,-5.17533e-05,0,0,-0.0122408,0.630245,-0.000464216,-0.078458,0.00341752,-0.0179833,-0.000611726,0,0,-6.93889e-12,-0.00487317,0.0618384,0.00109869,-0.000780067,8.25365e-05,-1.67393e-05,0,0,0.168076,-0.000374967,0.411813,-0.00794506,-0.0222043,0.00065505,-0.00131122,0,0,-1.73472e-12,0.0405627,0.00227951,-0.0188847,-0.00239154,0.00302524,-0.000132858,0,0,0.00220841,-0.0796295,-0.00785915,0.607671,0.0204794,0.0574428,-0.00181788,0,0,2.77556e-11,0.0215025,0.00726689,-0.031566,0.0187062,-0.00408033,0.000584339,0,0,-0.0944718,0.0336372,-0.221373,0.205111,0.316326,-0.0396624,0.033382,0,0,0,0.0560787,-0.00531138,-0.00618806,0.00455356,-0.059859,0.00239936,0,0,-0.0111306,-0.180213,0.00667986,0.574847,-0.0395782,0.398635,-0.00502238,0,0,-1.73472e-12,-0.00319588,0.00158157,0.00476986,-0.000340487,0.00358741,0.000199115,0,0,-0.0257203,-0.00604915,-0.0131769,-0.018276,0.0334619,-0.0050362,0.0658032,0,0,0,1.20024e-12,0,0,0,1.20024e-12,0,-5.64113e-11,0,0,0,0,0,0,0,0,0.905991,-4.31967e-09,0,1.20024e-12,-1.20024e-12,-1.20024e-12,1.20024e-12,1.20024e-12,0,-1.15223e-10,0,0,0,0,0,0,0,0,-4.31907e-09,0.905991,
5.20417e-12,0.00483889,-0.0182289,-0.000376195,0.00075479,-2.16349e-05,2.50251e-05,0,0,0.434536,-0.0122755,0.167324,0.00207117,-0.00950899,-0.0011266,-0.00257633,0,0,0,0.0789025,-0.0038092,0.0230009,0.00172812,0.00127013,-5.1788e-05,0,0,-0.0122468,0.630252,-0.000466647,-0.0784671,0.00341898,-0.0179724,-0.000612248,0,0,-1.82146e-11,-0.00487268,0.0618783,0.00110696,-0.000777979,8.41464e-05,-1.67951e-05,0,0,0.167879,-0.000377312,0.411937,-0.00795784,-0.0221913,0.000660454,-0.00131236,0,0,5.20417e-12,0.0405131,0.00228245,-0.0188419,-0.00238598,0.00302437,-0.00013288,0,0,0.002203,-0.0796398,-0.00787168,0.607665,0.0204805,0.057444,-0.00181679,0,0,1.04083e-11,0.021482,0.00731804,-0.0315438,0.0186493,-0.00410242,0.000585138,0,0,-0.0941141,0.0336513,-0.221242,0.205122,0.316383,-0.0396603,0.0333669,0,0,-6.93889e-12,0.0561038,-0.00529982,-0.00626484,0.00452357,-0.0598238,0.00239905,0,0,-0.0110397,-0.180105,0.00673418,0.57486,-0.039576,0.398648,-0.00502322,0,0,0,-0.003195,0.00158047,0.0047699,-0.000336198,0.00358854,0.000200089,0,0,-0.0257423,-0.00605426,-0.0131885,-0.0182653,0.033447,-0.00503705,0.0658045,0,0,0,1.20024e-12,1.20024e-12,0,0,0,0,0,0,0,0,0,0,0,0,0,0.905991,4.25185e-09,0,0,0,0,0,0,0,0,0,0,0,0,0,0,0,0,4.25275e-09,0.905991,
-1.73472e-12,0.00483449,-0.0182212,-0.000375123,0.000751443,-2.13674e-05,2.49939e-05,0,0,0.434707,-0.0122816,0.167126,0.00206546,-0.00947327,-0.00111752,-0.00257853,0,0,1.38778e-11,0.0788986,-0.00380672,0.022958,0.0017258,0.0012705,-5.18227e-05,0,0,-0.0122528,0.63026,-0.00046909,-0.0784762,0.00342044,-0.0179616,-0.000612769,0,0,1.12757e-11,-0.0048722,0.0619182,0.00111525,-0.000775884,8.57605e-05,-1.6851e-05,0,0,0.167681,-0.000379671,0.412061,-0.00797063,-0.0221782,0.000665869,-0.00131351,0,0,-1.9082e-11,0.0404634,0.0022854,-0.0187991,-0.00238041,0.0030235,-0.000132902,0,0,0.00219759,-0.0796501,-0.00788423,0.607659,0.0204816,0.0574452,-0.0018157,0,0,4.51028e-11,0.0214614,0.00736927,-0.0315215,0.0185923,-0.00412456,0.000585936,0,0,-0.0937564,0.0336655,-0.221111,0.205132,0.316441,-0.0396582,0.0333519,0,0,0,0.0561288,-0.00528822,-0.00634166,0.00449352,-0.0597886,0.00239874,0,0,-0.0109486,-0.179998,0.00678861,0.574873,-0.0395738,0.398662,-0.00502405,0,0,-3.46945e-12,-0.00319412,0.00157938,0.00476993,-0.000331905,0.00358967,0.000201064,0,0,-0.0257643,-0.00605938,-0.0132001,-0.0182545,0.033432,-0.0050379,0.0658057,0,0,0,0,1.20024e-12,1.20024e-12,0,0,0,1.14023e-10,0,0,0,0,0,0,0,0,0.905991,-4.30286e-09,0,0,-1.20024e-12,-1.20024e-12,0,0,0,2.40048e-12,0,0,0,0,0,0,0,0,-4.30196e-09,0.905991,
4.77049e-12,0.00483008,-0.0182134,-0.000374054,0.000748099,-2.10985e-05,2.49625e-05,0,0,0.434878,-0.0122877,0.166928,0.00205974,-0.00943754,-0.00110843,-0.00258073,0,0,1.38778e-11,0.0788946,-0.00380423,0.0229151,0.00172348,0.00127088,-5.18575e-05,0,0,-0.0122588,0.630267,-0.000471547,-0.0784853,0.0034219,-0.0179507,-0.000613291,0,0,-1.56125e-11,-0.0048717,0.0619581,0.00112356,-0.000773782,8.73788e-05,-1.69069e-05,0,0,0.167484,-0.000382042,0.412185,-0.00798344,-0.0221651,0.000671295,-0.00131467,0,0,0,0.0404137,0.00228835,-0.0187562,-0.00237482,0.00302263,-0.000132924,0,0,0.00219218,-0.0796603,-0.00789679,0.607653,0.0204826,0.0574463,-0.0018146,0,0,0,0.0214408,0.00742057,-0.0314992,0.0185352,-0.00414675,0.000586735,0,0,-0.0933987,0.0336797,-0.220979,0.205143,0.316499,-0.0396561,0.0333368,0,0,0,0.0561539,-0.0052766,-0.00641852,0.0044634,-0.0597532,0.00239843,0,0,-0.0108575,-0.17989,0.00684314,0.574886,-0.0395716,0.398675,-0.00502488,0,0,-1.73472e-12,-0.00319324,0.00157828,0.00476996,-0.000327608,0.0035908,0.000202041,0,0,-0.0257863,-0.0060645,-0.0132117,-0.0182437,0.0334171,-0.00503874,0.0658069,0,0,0,0,0,0,0,0,0,0,0,0,0,0,0,0,0,0,0.905991,4.23265e-09,0,0,-1.20024e-12,1.20024e-12,-1.20024e-12,0,1.20024e-12,0,0,0,0,0,0,0,0,0,4.23205e-09,0.905991,
-2.1684e-12,0.00482567,-0.0182056,-0.000372988,0.000744758,-2.08281e-05,2.49309e-05,0,0,0.435049,-0.0122937,0.166729,0.00205404,-0.00940181,-0.00109933,-0.00258293,0,0,1.38778e-11,0.0788906,-0.00380174,0.0228721,0.00172116,0.00127125,-5.18922e-05,0,0,-0.0122649,0.630275,-0.000474017,-0.0784943,0.00342337,-0.0179399,-0.000613814,0,0,8.67362e-12,-0.0048712,0.061998,0.00113188,-0.000771673,8.90012e-05,-1.69629e-05,0,0,0.167286,-0.000384426,0.412309,-0.00799626,-0.0221521,0.000676731,-0.00131582,0,0,3.46945e-12,0.0403638,0.0022913,-0.0187132,-0.00236922,0.00302175,-0.000132946,0,0,0.00218677,-0.0796706,-0.00790936,0.607647,0.0204836,0.0574475,-0.00181351,0,0,-6.93889e-12,0.0214201,0.00747195,-0.0314768,0.0184779,-0.004169,0.000587534,0,0,-0.0930409,0.0336939,-0.220848,0.205153,0.316556,-0.0396539,0.0333217,0,0,6.93889e-12,0.056179,-0.00526494,-0.00649541,0.0044332,-0.0597179,0.00239812,0,0,-0.0107662,-0.179783,0.00689779,0.574899,-0.0395693,0.398689,-0.00502571,0,0,0,-0.00319236,0.00157718,0.00476999,-0.000323307,0.00359193,0.000203021,0,0,-0.0258083,-0.00606963,-0.0132234,-0.0182329,0.0334021,-0.00503959,0.0658082,0,0,0,0,0,0,-1.20024e-12,0,1.20024e-12,-5.76116e-11,0,0,0,0,0,0,0,0,0.905991,4.27766e-09,0,0,0,0,0,0,0,0,0,0,0,0,0,0,0,0,4.27796e-09,0.905991,
-2.1684e-12,0.00482125,-0.0181977,-0.000371926,0.000741421,-2.05562e-05,2.48992e-05,0,0,0.43522,-0.0122998,0.16653,0.00204833,-0.00936607,-0.00109022,-0.00258513,0,0,0,0.0788865,-0.00379923,0.0228291,0.00171883,0.00127163,-5.19269e-05,0,0,-0.0122709,0.630282,-0.0004765,-0.0785034,0.00342485,-0.017929,-0.000614337,0,0,6.07153e-12,-0.0048707,0.0620379,0.00114022,-0.000769558,9.06277e-05,-1.7019e-05,0,0,0.167088,-0.000386823,0.412433,-0.0080091,-0.022139,0.000682178,-0.00131698,0,0,-1.04083e-11,0.0403139,0.00229426,-0.0186702,-0.00236361,0.00302087,-0.000132968,0,0,0.00218136,-0.0796808,-0.00792195,0.607641,0.0204847,0.0574486,-0.00181241,0,0,1.04083e-11,0.0213994,0.00752341,-0.0314544,0.0184206,-0.0041913,0.000588332,0,0,-0.092683,0.0337082,-0.220716,0.205163,0.316614,-0.0396518,0.0333066,0,0,2.77556e-11,0.056204,-0.00525326,-0.00657234,0.00440293,-0.0596824,0.00239781,0,0,-0.0106749,-0.179675,0.00695254,0.574912,-0.0395671,0.398702,-0.00502654,0,0,0,-0.00319147,0.00157609,0.00477001,-0.000319002,0.00359307,0.000204002,0,0,-0.0258302,-0.00607476,-0.013235,-0.018222,0.0333871,-0.00504044,0.0658094,0,0,0,0,-1.20024e-12,-1.20024e-12,1.20024e-12,1.20024e-12,1.20024e-12,0,0,0,0,0,0,0,0,0,0.905991,-4.43699e-09,0,0,-1.20024e-12,-1.20024e-12,1.20024e-12,1.20024e-12,1.20024e-12,0,0,0,0,0,0,0,0,0,-4.43699e-09,0.905991,
-4.33681e-13,0.00481684,-0.0181897,-0.000370868,0.000738087,-2.02828e-05,2.48673e-05,0,0,0.435391,-0.0123059,0.166331,0.00204262,-0.00933033,-0.0010811,-0.00258732,0,0,-1.38778e-11,0.0788824,-0.00379671,0.022786,0.00171649,0.001272,-5.19616e-05,0,0,-0.012277,0.630289,-0.000478996,-0.0785125,0.00342632,-0.0179181,-0.000614861,0,0,0,-0.00487019,0.0620777,0.00114858,-0.000767435,9.22584e-05,-1.70752e-05,0,0,0.16689,-0.000389232,0.412557,-0.00802195,-0.0221258,0.000687636,-0.00131813,0,0,-1.73472e-12,0.040264,0.00229722,-0.0186271,-0.00235798,0.00301999,-0.00013299,0,0,0.00217596,-0.0796911,-0.00793456,0.607635,0.0204857,0.0574497,-0.00181131,0,0,-1.38778e-11,0.0213787,0.00757494,-0.0314319,0.0183631,-0.00421365,0.000589131,0,0,-0.0923251,0.0337225,-0.220584,0.205173,0.316672,-0.0396496,0.0332914,0,0,-6.93889e-12,0.0562291,-0.00524154,-0.00664931,0.00437259,-0.0596469,0.0023975,0,0,-0.0105834,-0.179567,0.0070074,0.574924,-0.0395648,0.398716,-0.00502736,0,0,1.73472e-12,-0.00319057,0.00157499,0.00477002,-0.000314693,0.0035942,0.000204986,0,0,-0.0258521,-0.0060799,-0.0132467,-0.0182112,0.0333721,-0.00504128,0.0658106,0,0,0,0,0,0,0,0,0,1.14023e-10,0,0,0,0,0,0,0,0,0.905991,-4.4565e-09,0,0,0,0,0,0,0,0,0,0,0,0,0,0,0,0,-4.4571e-09,0.905991,
-2.60209e-12,0.00481241,-0.0181817,-0.000369813,0.000734757,-2.00079e-05,2.48353e-05,0,0,0.435562,-0.012312,0.166132,0.00203692,-0.00929458,-0.00107197,-0.00258952,0,0,1.38778e-11,0.0788782,-0.00379419,0.0227429,0.00171416,0.00127237,-5.19963e-05,0,0,-0.012283,0.630297,-0.000481506,-0.0785215,0.00342781,-0.0179073,-0.000615385,0,0,8.67362e-12,-0.00486967,0.0621176,0.00115696,-0.000765305,9.38933e-05,-1.71315e-05,0,0,0.166691,-0.000391655,0.412681,-0.00803481,-0.0221127,0.000693105,-0.00131929,0,0,-1.73472e-11,0.0402139,0.00230019,-0.018584,-0.00235233,0.00301911,-0.000133011,0,0,0.00217056,-0.0797013,-0.00794717,0.607629,0.0204867,0.0574508,-0.00181021,0,0,-3.46945e-12,0.0213579,0.00762655,-0.0314093,0.0183055,-0.00423606,0.000589929,0,0,-0.0919671,0.0337368,-0.220452,0.205183,0.31673,-0.0396473,0.0332763,0,0,6.93889e-12,0.0562542,-0.0052298,-0.00672632,0.00434217,-0.0596113,0.00239718,0,0,-0.0104919,-0.179459,0.00706237,0.574937,-0.0395624,0.39873,-0.00502819,0,0,0,-0.00318968,0.0015739,0.00477003,-0.000310379,0.00359534,0.000205971,0,0,-0.025874,-0.00608504,-0.0132584,-0.0182003,0.0333571,-0.00504213,0.0658119,0,0,0,-1.20024e-12,-1.20024e-12,2.40048e-12,0,-1.20024e-12,0,0,0,0,0,0,0,0,0,0,0.905991,-4.34847e-09,0,0,0,-1.20024e-12,0,1.20024e-12,0,0,0,0,0,0,0,0,0,0,-4.34817e-09,0.905991,
2.1684e-12,0.00480798,-0.0181736,-0.000368762,0.000731431,-1.97315e-05,2.48031e-05,0,0,0.435734,-0.0123181,0.165932,0.00203122,-0.00925883,-0.00106283,-0.00259171,0,0,0,0.078874,-0.00379165,0.0226998,0.00171181,0.00127273,-5.20311e-05,0,0,-0.012289,0.630304,-0.000484029,-0.0785306,0.00342929,-0.0178964,-0.00061591,0,0,-7.80626e-12,-0.00486915,0.0621574,0.00116535,-0.000763167,9.55324e-05,-1.71878e-05,0,0,0.166492,-0.000394091,0.412805,-0.00804769,-0.0220996,0.000698585,-0.00132045,0,0,2.08167e-11,0.0401638,0.00230316,-0.0185409,-0.00234668,0.00301822,-0.000133033,0,0,0.00216516,-0.0797115,-0.0079598,0.607623,0.0204876,0.0574519,-0.00180911,0,0,-3.46945e-12,0.0213371,0.00767823,-0.0313867,0.0182477,-0.00425852,0.000590727,0,0,-0.0916091,0.0337512,-0.22032,0.205193,0.316789,-0.0396451,0.0332611,0,0,-6.93889e-11,0.0562792,-0.00521802,-0.00680337,0.00431168,-0.0595757,0.00239687,0,0,-0.0104002,-0.179352,0.00711744,0.574949,-0.0395601,0.398743,-0.00502901,0,0,0,-0.00318878,0.0015728,0.00477004,-0.000306062,0.00359647,0.000206959,0,0,-0.0258959,-0.00609019,-0.0132701,-0.0181894,0.0333421,-0.00504297,0.0658131,0,0,0,0,0,0,0,1.20024e-12,1.20024e-12,0,0,0,0,0,0,0,0,0,0.905991,4.14233e-09,0,0,0,0,0,1.20024e-12,1.20024e-12,0,0,0,0,0,0,0,0,0,4.14323e-09,0.905991,
4.33681e-13,0.00480355,-0.0181655,-0.000367715,0.000728108,-1.94536e-05,2.47707e-05,0,0,0.435905,-0.0123242,0.165732,0.00202551,-0.00922307,-0.00105369,-0.0025939,0,0,-1.38778e-11,0.0788697,-0.0037891,0.0226566,0.00170947,0.0012731,-5.20658e-05,0,0,-0.0122951,0.630311,-0.000486566,-0.0785396,0.00343078,-0.0178855,-0.000616435,0,0,-2.60209e-12,-0.00486862,0.0621973,0.00117377,-0.000761023,9.71756e-05,-1.72442e-05,0,0,0.166293,-0.000396539,0.412928,-0.00806058,-0.0220864,0.000704075,-0.00132162,0,0,1.73472e-12,0.0401136,0.00230614,-0.0184977,-0.00234101,0.00301733,-0.000133054,0,0,0.00215976,-0.0797218,-0.00797245,0.607617,0.0204886,0.057453,-0.001808,0,0,6.93889e-12,0.0213162,0.00772999,-0.0313641,0.0181899,-0.00428103,0.000591526,0,0,-0.0912511,0.0337656,-0.220187,0.205202,0.316847,-0.0396428,0.033246,0,0,-6.245e-11,0.0563043,-0.00520621,-0.00688046,0.00428112,-0.0595399,0.00239655,0,0,-0.0103085,-0.179244,0.00717263,0.574962,-0.0395577,0.398757,-0.00502984,0,0,-1.73472e-12,-0.00318787,0.00157171,0.00477004,-0.00030174,0.00359761,0.000207948,0,0,-0.0259178,-0.00609535,-0.0132818,-0.0181785,0.033327,-0.00504381,0.0658143,0,0,0,1.20024e-12,0,-1.20024e-12,0,0,-1.20024e-12,-1.14023e-10,0,0,0,0,0,0,0,0,0.905991,4.06822e-09,0,0,0,0,0,0,0,0,0,0,0,0,0,0,0,0,4.06822e-09,0.905991,
3.46945e-12,0.00479912,-0.0181573,-0.000366671,0.000724789,-1.91741e-05,2.47382e-05,0,0,0.436077,-0.0123303,0.165532,0.00201982,-0.00918731,-0.00104453,-0.00259609,0,0,0,0.0788654,-0.00378654,0.0226133,0.00170712,0.00127346,-5.21005e-05,0,0,-0.0123011,0.630318,-0.000489116,-0.0785487,0.00343227,-0.0178746,-0.000616961,0,0,-9.54098e-12,-0.00486809,0.0622371,0.0011822,-0.000758872,9.8823e-05,-1.73006e-05,0,0,0.166094,-0.000399001,0.413052,-0.00807349,-0.0220732,0.000709577,-0.00132278,0,0,1.73472e-12,0.0400633,0.00230912,-0.0184544,-0.00233532,0.00301644,-0.000133075,0,0,0.00215436,-0.079732,-0.0079851,0.607611,0.0204896,0.0574541,-0.00180689,0,0,2.08167e-11,0.0212952,0.00778183,-0.0313414,0.0181319,-0.0043036,0.000592324,0,0,-0.090893,0.0337801,-0.220055,0.205212,0.316905,-0.0396405,0.0332308,0,0,-2.77556e-11,0.0563294,-0.00519437,-0.00695758,0.00425049,-0.0595041,0.00239623,0,0,-0.0102167,-0.179136,0.00722792,0.574974,-0.0395553,0.398771,-0.00503066,0,0,-1.73472e-12,-0.00318696,0.00157061,0.00477004,-0.000297415,0.00359875,0.00020894,0,0,-0.0259396,-0.00610051,-0.0132936,-0.0181675,0.033312,-0.00504465,0.0658155,0,0,0,-2.40048e-12,-2.40048e-12,0,0,0,0,0,0,0,0,0,0,0,0,0,0.905991,4.09822e-09,0,2.40048e-12,2.40048e-12,0,0,0,0,-1.20024e-12,0,0,0,0,0,0,0,0,4.09822e-09,0.905991,
0,0.00479468,-0.018149,-0.00036563,0.000721474,-1.88932e-05,2.47055e-05,0,0,0.436249,-0.0123364,0.165331,0.00201412,-0.00915154,-0.00103536,-0.00259827,0,0,1.38778e-11,0.078861,-0.00378398,0.02257,0.00170477,0.00127383,-5.21353e-05,0,0,-0.0123072,0.630326,-0.000491679,-0.0785577,0.00343377,-0.0178637,-0.000617487,0,0,8.67362e-13,-0.00486756,0.0622769,0.00119064,-0.000756713,0.000100475,-1.73572e-05,0,0,0.165894,-0.000401476,0.413176,-0.00808641,-0.02206,0.000715089,-0.00132395,0,0,-3.1225e-11,0.0400129,0.0023121,-0.0184111,-0.00232963,0.00301554,-0.000133097,0,0,0.00214897,-0.0797422,-0.00799778,0.607605,0.0204905,0.0574551,-0.00180578,0,0,0,0.0212743,0.00783374,-0.0313187,0.0180738,-0.00432623,0.000593122,0,0,-0.0905348,0.0337946,-0.219922,0.205221,0.316964,-0.0396382,0.0332156,0,0,4.85723e-11,0.0563544,-0.0051825,-0.00703474,0.00421978,-0.0594683,0.00239591,0,0,-0.0101247,-0.179028,0.00728332,0.574986,-0.0395529,0.398784,-0.00503148,0,0,0,-0.00318605,0.00156952,0.00477003,-0.000293085,0.00359989,0.000209933,0,0,-0.0259614,-0.00610567,-0.0133053,-0.0181566,0.0332969,-0.00504549,0.0658168,0,0,0,0,0,0,0,0,0,0,0,0,0,0,0,0,0,0,0.905991,4.22665e-09,0,0,0,0,0,0,0,-1.15223e-10,0,0,0,0,0,0,0,0,4.22635e-09,0.905991,
4.33681e-13,0.00479023,-0.0181407,-0.000364593,0.000718163,-1.86107e-05,2.46727e-05,0,0,0.43642,-0.0123425,0.16513,0.00200842,-0.00911577,-0.00102618,-0.00260045,0,0,0,0.0788565,-0.0037814,0.0225267,0.00170242,0.00127419,-5.217e-05,0,0,-0.0123133,0.630333,-0.000494256,-0.0785668,0.00343527,-0.0178529,-0.000618014,0,0,-2.60209e-12,-0.00486701,0.0623167,0.00119911,-0.000754548,0.00010213,-1.74138e-05,0,0,0.165694,-0.000403964,0.4133,-0.00809935,-0.0220468,0.000720612,-0.00132512,0,0,-1.21431e-11,0.0399625,0.00231509,-0.0183678,-0.00232391,0.00301464,-0.000133118,0,0,0.00214357,-0.0797525,-0.00801046,0.607599,0.0204914,0.0574562,-0.00180467,0,0,6.93889e-12,0.0212532,0.00788572,-0.0312959,0.0180156,-0.0043489,0.00059392,0,0,-0.0901766,0.0338092,-0.219789,0.20523,0.317022,-0.0396358,0.0332004,0,0,6.93889e-11,0.0563795,-0.0051706,-0.00711194,0.00418901,-0.0594324,0.00239559,0,0,-0.0100327,-0.17892,0.00733883,0.574998,-0.0395504,0.398798,-0.0050323,0,0,0,-0.00318513,0.00156843,0.00477002,-0.000288751,0.00360103,0.000210929,0,0,-0.0259832,-0.00611084,-0.0133171,-0.0181456,0.0332819,-0.00504633,0.065818,0,0,0,0,-1.20024e-12,1.20024e-12,0,0,0,0,0,0,0,0,0,0,0,0,0.905991,-4.4646e-09,0,0,2.40048e-12,-2.40048e-12,0,0,0,0,0,0,0,0,0,0,0,0,-4.4649e-09,0.905991,
-1.30104e-12,0.00478578,-0.0181324,-0.00036356,0.000714855,-1.83267e-05,2.46397e-05,0,0,0.436592,-0.0123486,0.164929,0.00200273,-0.00907999,-0.001017,-0.00260263,0,0,0,0.078852,-0.00377881,0.0224833,0.00170006,0.00127455,-5.22047e-05,0,0,-0.0123193,0.63034,-0.000496847,-0.0785758,0.00343678,-0.017842,-0.000618541,0,0,6.07153e-12,-0.00486647,0.0623565,0.00120759,-0.000752375,0.00010379,-1.74704e-05,0,0,0.165494,-0.000406465,0.413424,-0.0081123,-0.0220336,0.000726146,-0.00132629,0,0,1.38778e-11,0.039912,0.00231809,-0.0183244,-0.00231819,0.00301374,-0.000133139,0,0,0.00213818,-0.0797627,-0.00802316,0.607593,0.0204923,0.0574572,-0.00180356,0,0,1.04083e-11,0.0212322,0.00793778,-0.031273,0.0179573,-0.00437163,0.000594719,0,0,-0.0898183,0.0338238,-0.219656,0.205239,0.317081,-0.0396334,0.0331852,0,0,-1.38778e-11,0.0564045,-0.00515867,-0.00718918,0.00415816,-0.0593964,0.00239526,0,0,-0.00994058,-0.178812,0.00739445,0.57501,-0.0395479,0.398812,-0.00503312,0,0,-1.73472e-12,-0.00318421,0.00156733,0.00477,-0.000284413,0.00360217,0.000211926,0,0,-0.026005,-0.00611601,-0.0133289,-0.0181346,0.0332668,-0.00504717,0.0658192,0,0,0,0,-1.20024e-12,0,0,0,0,0,0,0,0,0,0,0,0,0,0.905991,-4.56362e-09,0,0,-1.20024e-12,0,0,0,0,0,0,0,0,0,0,0,0,0,-4.56362e-09,0.905991,
3.46945e-12,0.00478133,-0.0181239,-0.000362531,0.000711551,-1.80411e-05,2.46065e-05,0,0,0.436764,-0.0123547,0.164728,0.00199704,-0.00904421,-0.0010078,-0.00260481,0,0,0,0.0788475,-0.00377621,0.0224399,0.0016977,0.00127491,-5.22395e-05,0,0,-0.0123254,0.630347,-0.000499451,-0.0785848,0.00343829,-0.0178311,-0.000619069,0,0,-1.30104e-11,-0.00486591,0.0623963,0.00121609,-0.000750195,0.000105454,-1.75272e-05,0,0,0.165293,-0.00040898,0.413548,-0.00812526,-0.0220203,0.000731691,-0.00132747,0,0,1.04083e-11,0.0398614,0.00232109,-0.018281,-0.00231245,0.00301284,-0.00013316,0,0,0.0021328,-0.0797729,-0.00803588,0.607587,0.0204933,0.0574583,-0.00180244,0,0,-2.08167e-11,0.021211,0.00798992,-0.0312501,0.0178989,-0.00439442,0.000595517,0,0,-0.08946,0.0338384,-0.219522,0.205248,0.31714,-0.039631,0.0331699,0,0,-4.16334e-11,0.0564296,-0.00514671,-0.00726645,0.00412723,-0.0593603,0.00239494,0,0,-0.00984836,-0.178704,0.00745018,0.575021,-0.0395454,0.398826,-0.00503394,0,0,0,-0.00318329,0.00156624,0.00476998,-0.000280072,0.00360331,0.000212926,0,0,-0.0260267,-0.00612119,-0.0133408,-0.0181236,0.0332517,-0.00504801,0.0658205,0,0,0,0,-1.20024e-12,-1.20024e-12,-1.20024e-12,1.20024e-12,-1.20024e-12,0,0,0,0,0,0,0,0,0,0.905991,-4.51621e-09,0,0,-1.20024e-12,1.20024e-12,-1.20024e-12,1.20024e-12,1.20024e-12,0,0,0,0,0,0,0,0,0,-4.51681e-09,0.905991,
8.67362e-13,0.00477688,-0.0181155,-0.000361505,0.000708251,-1.7754e-05,2.45732e-05,0,0,0.436936,-0.0123608,0.164526,0.00199135,-0.00900842,-0.000998594,-0.00260699,0,0,-1.38778e-11,0.0788429,-0.0037736,0.0223964,0.00169533,0.00127526,-5.22742e-05,0,0,-0.0123314,0.630354,-0.000502068,-0.0785938,0.0034398,-0.0178201,-0.000619598,0,0,-6.07153e-12,-0.00486535,0.0624361,0.00122461,-0.000748008,0.000107123,-1.7584e-05,0,0,0.165092,-0.000411507,0.413671,-0.00813824,-0.0220071,0.000737247,-0.00132864,0,0,3.46945e-12,0.0398107,0.0023241,-0.0182375,-0.00230669,0.00301194,-0.00013318,0,0,0.00212741,-0.0797831,-0.0080486,0.607581,0.0204941,0.0574593,-0.00180133,0,0,-3.46945e-12,0.0211899,0.00804213,-0.0312272,0.0178403,-0.00441725,0.000596314,0,0,-0.0891017,0.0338531,-0.219389,0.205257,0.317199,-0.0396286,0.0331547,0,0,-1.38778e-11,0.0564546,-0.00513472,-0.00734377,0.00409624,-0.0593241,0.00239461,0,0,-0.00975606,-0.178596,0.00750602,0.575033,-0.0395429,0.39884,-0.00503475,0,0,1.73472e-12,-0.00318236,0.00156515,0.00476995,-0.000275726,0.00360445,0.000213927,0,0,-0.0260484,-0.00612637,-0.0133526,-0.0181126,0.0332366,-0.00504884,0.0658217,0,0,0,0,0,0,0,0,0,0,0,0,0,0,0,0,0,0,0.905991,-4.34607e-09,0,-1.20024e-12,1.20024e-12,0,0,-1.20024e-12,0,0,0,0,0,0,0,0,0,0,-4.34607e-09,0.905991,
-5.20417e-12,0.00477242,-0.0181069,-0.000360483,0.000704955,-1.74653e-05,2.45397e-05,0,0,0.437109,-0.0123669,0.164324,0.00198567,-0.00897263,-0.000989379,-0.00260916,0,0,-1.38778e-11,0.0788382,-0.00377099,0.0223528,0.00169296,0.00127562,-5.23089e-05,0,0,-0.0123375,0.630361,-0.0005047,-0.0786028,0.00344132,-0.0178092,-0.000620127,0,0,1.82146e-11,-0.00486479,0.0624759,0.00123315,-0.000745814,0.000108795,-1.76409e-05,0,0,0.164891,-0.000414048,0.413795,-0.00815123,-0.0219938,0.000742813,-0.00132982,0,0,-1.73472e-12,0.03976,0.00232711,-0.0181939,-0.00230093,0.00301103,-0.000133201,0,0,0.00212203,-0.0797933,-0.00806135,0.607576,0.020495,0.0574603,-0.00180021,0,0,-3.46945e-12,0.0211687,0.00809442,-0.0312042,0.0177816,-0.00444014,0.000597112,0,0,-0.0887433,0.0338678,-0.219255,0.205266,0.317258,-0.0396262,0.0331394,0,0,-6.93889e-12,0.0564796,-0.0051227,-0.00742112,0.00406517,-0.0592879,0.00239428,0,0,-0.00966365,-0.178488,0.00756196,0.575044,-0.0395403,0.398854,-0.00503557,0,0,1.73472e-12,-0.00318143,0.00156406,0.00476992,-0.000271376,0.0036056,0.000214931,0,0,-0.0260702,-0.00613156,-0.0133645,-0.0181015,0.0332214,-0.00504967,0.0658229,0,0,0,0,0,0,0,0,0,0,0,0,0,0,0,0,0,0,0.905991,4.09432e-09,0,0,0,0,0,0,-1.20024e-12,0,0,0,0,0,0,0,0,0,4.09402e-09,0.905991,
7.37257e-12,0.00476796,-0.0180983,-0.000359448,0.000701664,-1.71721e-05,2.45059e-05,0,0,0.437281,-0.012373,0.164122,0.00197999,-0.00893684,-0.000980155,-0.00261134,0,0,0,0.0788335,-0.00376836,0.0223093,0.00169059,0.00127597,-5.23437e-05,0,0,-0.0123436,0.630368,-0.000507345,-0.0786118,0.00344284,-0.0177983,-0.000620656,0,0,-2.51535e-11,-0.00486421,0.0625157,0.00124174,-0.000743611,0.000110475,-1.76979e-05,0,0,0.16469,-0.000416602,0.413919,-0.00816423,-0.0219805,0.000748391,-0.001331,0,0,0,0.0397092,0.00233012,-0.0181503,-0.00229514,0.00301012,-0.000133221,0,0,0.00211665,-0.0798035,-0.0080741,0.60757,0.0204959,0.0574613,-0.00179909,0,0,3.46945e-12,0.0211474,0.00814678,-0.0311811,0.0177228,-0.00446313,0.00059791,0,0,-0.0883848,0.0338825,-0.219121,0.205274,0.317317,-0.0396237,0.0331241,0,0,1.11022e-10,0.0565047,-0.00511064,-0.0074985,0.00403399,-0.0592517,0.00239395,0,0,-0.00957116,-0.178379,0.00761802,0.575056,-0.0395377,0.398868,-0.00503638,0,0,1.73472e-12,-0.0031805,0.00156296,0.00476988,-0.000267021,0.00360674,0.000215938,0,0,-0.0260918,-0.00613676,-0.0133764,-0.0180904,0.0332063,-0.00505051,0.0658242,0,0,0,0,0,0,0,0,2.40048e-12,0,0,0,0,0,0,0,0,0,0.905991,3.9806e-09,0,0,0,0,0,0,-1.20024e-12,0,0,0,0,0,0,0,0,0,3.9803e-09,0.905991,
-5.20417e-12,0.00476344,-0.0180897,-0.000358432,0.000698355,-1.69958e-05,2.44757e-05,0,0,0.437453,-0.0123791,0.163919,0.00197431,-0.00890104,-0.000970923,-0.00261351,0,0,0,0.0788287,-0.0037657,0.0222656,0.00168821,0.00127631,-5.23789e-05,0,0,-0.0123496,0.630375,-0.000510004,-0.0786208,0.00344437,-0.0177874,-0.000621186,0,0,1.56125e-11,-0.00486364,0.0625555,0.00125021,-0.000741448,0.000112071,-1.77538e-05,0,0,0.164488,-0.00041917,0.414043,-0.00817725,-0.0219672,0.000753978,-0.00133218,0,0,5.20417e-12,0.0396583,0.00233314,-0.0181067,-0.00228937,0.0030092,-0.000133244,0,0,0.00211127,-0.0798137,-0.00808687,0.607564,0.0204967,0.0574623,-0.00179797,0,0,-2.77556e-11,0.0211261,0.00819922,-0.031158,0.0176639,-0.00448623,0.000598728,0,0,-0.0880264,0.0338973,-0.218987,0.205283,0.317376,-0.0396212,0.0331088,0,0,-5.55112e-11,0.0565297,-0.00509856,-0.00757594,0.00400289,-0.0592153,0.00239365,0,0,-0.00947856,-0.178271,0.00767419,0.575067,-0.0395351,0.398882,-0.0050372,0,0,1.73472e-12,-0.00317956,0.00156187,0.00476984,-0.000262671,0.00360795,0.000216947,0,0,-0.0261135,-0.00614195,-0.0133883,-0.0180793,0.0331911,-0.00505134,0.0658254,0,0,0,0,0,0,0,0,0,0,0,0,0,0,0,0,0,0,0.905991,3.9698e-09,0,0,0,0,0,0,0,0,0,0,0,0,0,0,0,0,3.9701e-09,0.905991,
1.30104e-12,0.00475891,-0.0180809,-0.00035747,0.000695061,-1.68046e-05,2.44448e-05,0,0,0.437626,-0.0123852,0.163717,0.00196863,-0.00886524,-0.000961682,-0.00261567,0,0,0,0.0788239,-0.00376302,0.0222219,0.00168583,0.00127665,-5.2414e-05,0,0,-0.0123557,0.630382,-0.000512676,-0.0786298,0.0034459,-0.0177765,-0.000621716,0,0,-6.07153e-12,-0.00486308,0.0625952,0.00125861,-0.000739269,0.000113678,-1.78099e-05,0,0,0.164286,-0.000421751,0.414166,-0.00819028,-0.0219538,0.000759576,-0.00133337,0,0,-1.56125e-11,0.0396074,0.00233616,-0.018063,-0.00228359,0.00300827,-0.000133266,0,0,0.00210589,-0.0798239,-0.00809966,0.607558,0.0204976,0.0574632,-0.00179684,0,0,-3.46945e-12,0.0211048,0.00825174,-0.031135,0.0176048,-0.00450927,0.00059954,0,0,-0.0876678,0.0339122,-0.218853,0.205291,0.317435,-0.0396186,0.0330935,0,0,4.85723e-11,0.0565547,-0.00508646,-0.00765342,0.00397181,-0.0591788,0.00239334,0,0,-0.00938586,-0.178163,0.00773048,0.575078,-0.0395325,0.398896,-0.00503801,0,0,0,-0.00317862,0.00156079,0.00476979,-0.000258322,0.00360915,0.000217955,0,0,-0.0261352,-0.00614716,-0.0134002,-0.0180682,0.0331759,-0.00505217,0.0658266,0,0,0,0,0,0,0,0,0,0,0,0,0,0,0,0,0,0,0.905991,4.05051e-09,0,0,0,0,0,1.20024e-12,-1.20024e-12,0,0,0,0,0,0,0,0,0,4.05111e-09,0.905991,
8.67362e-13,0.00475439,-0.0180721,-0.000356529,0.00069178,-1.65774e-05,2.44126e-05,0,0,0.437798,-0.0123914,0.163513,0.00196295,-0.00882943,-0.000952431,-0.00261784,0,0,0,0.078819,-0.00376033,0.0221781,0.00168344,0.001277,-5.24489e-05,0,0,-0.0123618,0.630389,-0.000515361,-0.0786388,0.00344744,-0.0177655,-0.000622248,0,0,-5.20417e-12,-0.00486252,0.062635,0.00126701,-0.000737067,0.000115313,-1.78665e-05,0,0,0.164084,-0.000424346,0.41429,-0.00820334,-0.0219405,0.000765185,-0.00133455,0,0,-8.67362e-12,0.0395563,0.00233917,-0.0180193,-0.0022778,0.00300734,-0.000133288,0,0,0.00210052,-0.0798341,-0.00811245,0.607553,0.0204984,0.0574642,-0.00179571,0,0,-1.04083e-11,0.0210834,0.00830434,-0.0311119,0.0175457,-0.00453229,0.000600344,0,0,-0.0873093,0.033927,-0.218719,0.205299,0.317495,-0.0396161,0.0330782,0,0,3.46945e-11,0.0565797,-0.00507433,-0.00773093,0.00394067,-0.0591423,0.00239302,0,0,-0.00929305,-0.178054,0.00778689,0.575089,-0.0395298,0.39891,-0.00503882,0,0,1.73472e-12,-0.00317768,0.0015597,0.00476973,-0.000253969,0.00361032,0.000218963,0,0,-0.0261568,-0.00615236,-0.0134122,-0.0180571,0.0331608,-0.005053,0.0658279,0,0,0,0,0,0,0,0,0,0,0,0,0,0,0,0,0,0,0.905991,4.22545e-09,0,0,0,1.20024e-12,1.20024e-12,-1.20024e-12,0,-1.16423e-10,0,0,0,0,0,0,0,0,4.22545e-09,0.905991,
-3.03577e-12,0.00474986,-0.0180633,-0.000355597,0.000688499,-1.63722e-05,2.43811e-05,0,0,0.437971,-0.0123975,0.16331,0.00195727,-0.00879362,-0.000943171,-0.00262,0,0,1.38778e-11,0.0788141,-0.00375763,0.0221342,0.00168106,0.00127734,-5.2484e-05,0,0,-0.0123678,0.630396,-0.000518059,-0.0786478,0.00344898,-0.0177546,-0.000622779,0,0,1.12757e-11,-0.00486196,0.0626747,0.00127539,-0.000734868,0.000116935,-1.79228e-05,0,0,0.163882,-0.000426954,0.414414,-0.0082164,-0.0219271,0.000770806,-0.00133574,0,0,-3.46945e-12,0.0395052,0.0023422,-0.0179755,-0.002272,0.00300641,-0.000133309,0,0,0.00209514,-0.0798442,-0.00812527,0.607547,0.0204992,0.0574651,-0.00179458,0,0,-6.93889e-12,0.021062,0.00835701,-0.0310887,0.0174865,-0.00455538,0.000601153,0,0,-0.0869506,0.033942,-0.218584,0.205307,0.317554,-0.0396135,0.0330629,0,0,1.38778e-11,0.0566048,-0.00506217,-0.00780848,0.00390949,-0.0591057,0.0023927,0,0,-0.00920012,-0.177946,0.00784343,0.5751,-0.0395271,0.398924,-0.00503963,0,0,1.73472e-12,-0.00317673,0.00155861,0.00476967,-0.000249613,0.00361151,0.000219973,0,0,-0.0261784,-0.00615758,-0.0134242,-0.018046,0.0331456,-0.00505382,0.0658291,0,0,0,0,2.40048e-12,-2.40048e-12,-2.40048e-12,2.40048e-12,0,0,0,0,0,0,0,0,0,0,0.905991,-4.51531e-09,0,0,0,0,0,0,0,0,0,0,0,0,0,0,0,0,-4.51591e-09,0.905991,
8.67362e-13,0.00474533,-0.0180543,-0.00035468,0.000685229,-1.61442e-05,2.43486e-05,0,0,0.438144,-0.0124036,0.163106,0.00195159,-0.0087578,-0.000933899,-0.00262216,0,0,0,0.0788091,-0.00375491,0.0220904,0.00167867,0.00127768,-5.2519e-05,0,0,-0.0123739,0.630403,-0.00052077,-0.0786568,0.00345052,-0.0177437,-0.000623312,0,0,-4.33681e-12,-0.00486139,0.0627144,0.00128379,-0.00073265,0.000118576,-1.79793e-05,0,0,0.163679,-0.000429576,0.414538,-0.00822949,-0.0219137,0.000776439,-0.00133693,0,0,1.73472e-12,0.039454,0.00234522,-0.0179317,-0.00226618,0.00300548,-0.00013333,0,0,0.00208977,-0.0798544,-0.0081381,0.607541,0.0205,0.0574661,-0.00179345,0,0,-1.73472e-11,0.0210405,0.00840976,-0.0310655,0.0174272,-0.00457848,0.000601957,0,0,-0.086592,0.0339569,-0.21845,0.205315,0.317614,-0.0396109,0.0330475,0,0,0,0.0566298,-0.00504998,-0.00788607,0.00387823,-0.059069,0.00239238,0,0,-0.00910707,-0.177838,0.0079001,0.575111,-0.0395244,0.398938,-0.00504043,0,0,0,-0.00317578,0.00155752,0.0047696,-0.000245252,0.00361268,0.000220984,0,0,-0.0262,-0.00616279,-0.0134362,-0.0180348,0.0331304,-0.00505465,0.0658303,0,0,0,0,-1.20024e-12,-1.20024e-12,-1.20024e-12,0,-1.20024e-12,1.17624e-10,0,0,0,0,0,0,0,0,0.905991,-4.66594e-09,0,0,0,0,0,0,0,1.15223e-10,0,0,0,0,0,0,0,0,-4.66474e-09,0.905991,
1.30104e-12,0.0047408,-0.0180454,-0.000353767,0.000681965,-1.59086e-05,2.43159e-05,0,0,0.438317,-0.0124097,0.162903,0.00194591,-0.00872198,-0.000924616,-0.00262432,0,0,0,0.0788041,-0.00375218,0.0220465,0.00167627,0.00127802,-5.25541e-05,0,0,-0.01238,0.63041,-0.000523493,-0.0786657,0.00345207,-0.0177327,-0.000623844,0,0,-4.33681e-12,-0.00486082,0.0627541,0.00129221,-0.000730422,0.000120227,-1.8036e-05,0,0,0.163476,-0.000432212,0.414661,-0.00824259,-0.0219003,0.000782085,-0.00133812,0,0,3.46945e-12,0.0394027,0.00234825,-0.0178878,-0.00226034,0.00300454,-0.000133351,0,0,0.00208439,-0.0798646,-0.00815094,0.607536,0.0205008,0.057467,-0.00179232,0,0,3.46945e-12,0.021019,0.00846259,-0.0310423,0.0173677,-0.00460164,0.000602759,0,0,-0.0862333,0.0339719,-0.218315,0.205323,0.317674,-0.0396083,0.0330322,0,0,-2.77556e-11,0.0566548,-0.00503775,-0.00796368,0.00384689,-0.0590322,0.00239206,0,0,-0.00901389,-0.177729,0.0079569,0.575122,-0.0395216,0.398952,-0.00504124,0,0,-1.73472e-12,-0.00317483,0.00155643,0.00476952,-0.000240886,0.00361385,0.000221998,0,0,-0.0262215,-0.00616802,-0.0134482,-0.0180236,0.0331151,-0.00505547,0.0658315,0,0,0,1.20024e-12,0,0,0,0,-1.20024e-12,-5.64113e-11,0,0,0,0,0,0,0,0,0.905991,-4.65514e-09,0,1.20024e-12,0,0,0,0,-1.20024e-12,0,0,0,0,0,0,0,0,0,-4.65514e-09,0.905991,
3.03577e-12,0.00473628,-0.0180364,-0.000352856,0.000678709,-1.56547e-05,2.42824e-05,0,0,0.43849,-0.0124159,0.162698,0.00194022,-0.00868616,-0.000915321,-0.00262648,0,0,1.38778e-11,0.078799,-0.00374945,0.0220025,0.00167388,0.00127836,-5.2589e-05,0,0,-0.0123861,0.630417,-0.000526229,-0.0786747,0.00345362,-0.0177218,-0.000624378,0,0,-9.54098e-12,-0.00486025,0.0627938,0.00130067,-0.000728181,0.000121895,-1.80929e-05,0,0,0.163273,-0.000434861,0.414785,-0.00825571,-0.0218869,0.000787743,-0.00133932,0,0,-2.42861e-11,0.0393514,0.00235129,-0.0178439,-0.00225449,0.00300361,-0.000133371,0,0,0.00207901,-0.0798747,-0.0081638,0.60753,0.0205016,0.0574679,-0.00179119,0,0,3.46945e-12,0.0209974,0.00851549,-0.031019,0.0173081,-0.00462486,0.000603559,0,0,-0.0858745,0.033987,-0.21818,0.20533,0.317733,-0.0396056,0.0330168,0,0,4.85723e-11,0.0566798,-0.00502548,-0.00804132,0.00381545,-0.0589954,0.00239173,0,0,-0.00892059,-0.177621,0.00801383,0.575132,-0.0395189,0.398966,-0.00504205,0,0,-1.73472e-12,-0.00317387,0.00155534,0.00476944,-0.000236513,0.00361501,0.000223014,0,0,-0.0262431,-0.00617325,-0.0134602,-0.0180124,0.0330999,-0.0050563,0.0658328,0,0,0,0,-1.20024e-12,1.20024e-12,0,-1.20024e-12,0,1.15223e-10,0,0,0,0,0,0,0,0,0.905991,-4.5042e-09,0,0,1.20024e-12,0,0,1.20024e-12,1.20024e-12,0,0,0,0,0,0,0,0,0,-4.5051e-09,0.905991,
-1.73472e-12,0.00473175,-0.0180273,-0.000351942,0.000675456,-1.53856e-05,2.42484e-05,0,0,0.438663,-0.012422,0.162494,0.00193454,-0.00865033,-0.000906014,-0.00262864,0,0,1.38778e-11,0.0787938,-0.00374671,0.0219585,0.00167148,0.0012787,-5.2624e-05,0,0,-0.0123921,0.630424,-0.000528978,-0.0786837,0.00345517,-0.0177108,-0.000624912,0,0,7.80626e-12,-0.00485966,0.0628336,0.00130917,-0.000725927,0.000123578,-1.81501e-05,0,0,0.163069,-0.000437524,0.414908,-0.00826884,-0.0218734,0.000793414,-0.00134051,0,0,-1.04083e-11,0.0393,0.00235433,-0.0177999,-0.00224861,0.00300267,-0.000133392,0,0,0.00207364,-0.0798849,-0.00817668,0.607524,0.0205023,0.0574688,-0.00179005,0,0,-1.38778e-11,0.0209758,0.00856847,-0.0309957,0.0172484,-0.00464815,0.000604357,0,0,-0.0855157,0.0340021,-0.218044,0.205338,0.317793,-0.039603,0.0330014,0,0,-1.38778e-11,0.0567048,-0.00501318,-0.00811899,0.00378389,-0.0589586,0.0023914,0,0,-0.00882715,-0.177512,0.00807091,0.575143,-0.0395161,0.398981,-0.00504285,0,0,0,-0.0031729,0.00155425,0.00476936,-0.000232133,0.00361617,0.000224033,0,0,-0.0262646,-0.00617848,-0.0134723,-0.0180012,0.0330846,-0.00505712,0.065834,0,0,0,1.20024e-12,0,0,0,0,0,0,0,0,0,0,0,0,0,0,0.905991,4.25425e-09,0,1.20024e-12,0,0,0,0,0,0,0,0,0,0,0,0,0,0,4.25455e-09,0.905991,
-4.33681e-13,0.00472723,-0.0180182,-0.000351021,0.000672207,-1.51055e-05,2.42139e-05,0,0,0.438836,-0.0124281,0.162289,0.00192885,-0.0086145,-0.000896694,-0.00263079,0,0,1.38778e-11,0.0787886,-0.00374397,0.0219145,0.00166908,0.00127904,-5.26589e-05,0,0,-0.0123982,0.63043,-0.00053174,-0.0786926,0.00345673,-0.0176999,-0.000625447,0,0,2.60209e-12,-0.00485907,0.0628733,0.00131772,-0.000723664,0.000125273,-1.82074e-05,0,0,0.162865,-0.0004402,0.415032,-0.008282,-0.02186,0.000799099,-0.00134171,0,0,-3.46945e-12,0.0392485,0.00235738,-0.0177559,-0.00224272,0.00300173,-0.000133411,0,0,0.00206826,-0.0798951,-0.00818957,0.607519,0.0205031,0.0574697,-0.00178891,0,0,6.93889e-12,0.0209542,0.00862152,-0.0309722,0.0171885,-0.00467151,0.000605155,0,0,-0.0851569,0.0340172,-0.217909,0.205345,0.317853,-0.0396003,0.032986,0,0,2.08167e-11,0.0567298,-0.00500084,-0.00819669,0.00375222,-0.0589217,0.00239106,0,0,-0.00873359,-0.177403,0.00812811,0.575153,-0.0395132,0.398995,-0.00504365,0,0,0,-0.00317194,0.00155316,0.00476927,-0.000227746,0.00361733,0.000225054,0,0,-0.0262861,-0.00618372,-0.0134844,-0.0179899,0.0330694,-0.00505794,0.0658352,0,0,0,0,0,0,0,0,0,0,0,0,0,0,0,0,0,0,0.905991,4.15283e-09,0,1.20024e-12,0,0,0,0,0,0,0,0,0,0,0,0,0,0,4.15403e-09,0.905991,
4.33681e-12,0.00472271,-0.018009,-0.000350095,0.000668959,-1.48173e-05,2.41791e-05,0,0,0.439009,-0.0124342,0.162084,0.00192317,-0.00857866,-0.000887361,-0.00263294,0,0,-2.77556e-11,0.0787833,-0.00374122,0.0218705,0.00166667,0.00127938,-5.26938e-05,0,0,-0.0124043,0.630437,-0.000534515,-0.0787016,0.0034583,-0.0176889,-0.000625982,0,0,-1.73472e-11,-0.00485847,0.0629129,0.00132632,-0.000721393,0.000126979,-1.82649e-05,0,0,0.162661,-0.00044289,0.415156,-0.00829517,-0.0218465,0.000804798,-0.00134291,0,0,5.20417e-12,0.0391969,0.00236044,-0.0177118,-0.0022368,0.00300079,-0.000133431,0,0,0.00206289,-0.0799052,-0.00820248,0.607513,0.0205038,0.0574706,-0.00178777,0,0,-2.08167e-11,0.0209325,0.00867465,-0.0309487,0.0171285,-0.00469496,0.000605952,0,0,-0.084798,0.0340324,-0.217773,0.205353,0.317914,-0.0395975,0.0329706,0,0,2.08167e-11,0.0567548,-0.00498846,-0.00827441,0.00372044,-0.0588847,0.00239072,0,0,-0.0086399,-0.177295,0.00818546,0.575163,-0.0395104,0.399009,-0.00504445,0,0,1.73472e-12,-0.00317096,0.00155206,0.00476918,-0.000223353,0.00361849,0.000226079,0,0,-0.0263076,-0.00618897,-0.0134965,-0.0179787,0.0330541,-0.00505876,0.0658365,0,0,0,0,0,0,-1.20024e-12,1.20024e-12,0,0,0,0,0,0,0,0,0,0,0.905991,4.16634e-09,0,0,0,0,-1.20024e-12,0,0,0,0,0,0,0,0,0,0,0,4.16604e-09,0.905991,
-1.30104e-12,0.0047182,-0.0179998,-0.000349165,0.000665714,-1.45223e-05,2.4144e-05,0,0,0.439183,-0.0124404,0.161879,0.00191748,-0.00854282,-0.000878015,-0.00263509,0,0,0,0.078778,-0.00373846,0.0218264,0.00166426,0.00127972,-5.27287e-05,0,0,-0.0124104,0.630444,-0.000537303,-0.0787105,0.00345987,-0.0176779,-0.000626518,0,0,5.20417e-12,-0.00485786,0.0629526,0.00133497,-0.000719114,0.000128695,-1.83227e-05,0,0,0.162457,-0.000445593,0.415279,-0.00830836,-0.021833,0.00081051,-0.00134412,0,0,0,0.0391453,0.0023635,-0.0176677,-0.00223087,0.00299985,-0.000133451,0,0,0.00205751,-0.0799154,-0.0082154,0.607508,0.0205045,0.0574714,-0.00178663,0,0,3.46945e-12,0.0209107,0.00872786,-0.0309252,0.0170684,-0.00471849,0.00060675,0,0,-0.0844391,0.0340476,-0.217637,0.20536,0.317974,-0.0395948,0.0329552,0,0,2.77556e-11,0.0567798,-0.00497605,-0.00835217,0.00368855,-0.0588476,0.00239038,0,0,-0.00854608,-0.177186,0.00824294,0.575173,-0.0395075,0.399023,-0.00504525,0,0,-1.73472e-12,-0.00316999,0.00155097,0.00476909,-0.000218954,0.00361964,0.000227107,0,0,-0.026329,-0.00619422,-0.0135086,-0.0179674,0.0330388,-0.00505957,0.0658377,0,0,0,0,0,0,0,0,0,0,0,0,0,0,0,0,0,0,0.905991,4.28276e-09,0,0,0,0,0,0,0,0,0,0,0,0,0,0,0,0,4.28366e-09,0.905991,
-3.90313e-12,0.00471368,-0.0179905,-0.000348231,0.00066247,-1.42211e-05,2.41086e-05,0,0,0.439356,-0.0124465,0.161673,0.00191179,-0.00850697,-0.000868657,-0.00263724,0,0,0,0.0787726,-0.0037357,0.0217823,0.00166184,0.00128005,-5.27636e-05,0,0,-0.0124165,0.630451,-0.000540105,-0.0787194,0.00346144,-0.0176669,-0.000627055,0,0,1.47451e-11,-0.00485724,0.0629923,0.00134365,-0.000716828,0.000130419,-1.83805e-05,0,0,0.162252,-0.00044831,0.415403,-0.00832156,-0.0218194,0.000816236,-0.00134532,0,0,-1.73472e-12,0.0390935,0.00236656,-0.0176235,-0.00222493,0.00299891,-0.00013347,0,0,0.00205213,-0.0799255,-0.00822834,0.607502,0.0205052,0.0574723,-0.00178548,0,0,2.08167e-11,0.0208889,0.00878114,-0.0309016,0.0170081,-0.00474209,0.000607548,0,0,-0.0840801,0.0340628,-0.217501,0.205367,0.318034,-0.039592,0.0329397,0,0,0,0.0568047,-0.0049636,-0.00842996,0.00365655,-0.0588105,0.00239004,0,0,-0.00845213,-0.177077,0.00830056,0.575183,-0.0395046,0.399038,-0.00504605,0,0,-1.73472e-12,-0.003169,0.00154988,0.00476899,-0.000214549,0.0036208,0.000228137,0,0,-0.0263505,-0.00619948,-0.0135208,-0.0179561,0.0330235,-0.00506039,0.0658389,0,0,0,-1.20024e-12,-1.20024e-12,0,1.20024e-12,0,0,1.15223e-10,0,0,0,0,0,0,0,0,0.905991,-4.51381e-09,0,1.20024e-12,1.20024e-12,0,-1.20024e-12,0,0,0,0,0,0,0,0,0,0,0,-4.51471e-09,0.905991,
1.30104e-12,0.00470915,-0.0179811,-0.000347294,0.000659228,-1.39131e-05,2.40729e-05,0,0,0.43953,-0.0124526,0.161468,0.0019061,-0.00847112,-0.000859286,-0.00263938,0,0,0,0.0787672,-0.00373293,0.0217382,0.00165943,0.00128038,-5.27984e-05,0,0,-0.0124226,0.630457,-0.00054292,-0.0787284,0.00346302,-0.017656,-0.000627592,0,0,-5.20417e-12,-0.00485661,0.0630319,0.00135237,-0.000714534,0.000132152,-1.84386e-05,0,0,0.162047,-0.00045104,0.415526,-0.00833479,-0.0218059,0.000821975,-0.00134653,0,0,2.94903e-11,0.0390417,0.00236964,-0.0175793,-0.00221896,0.00299797,-0.000133489,0,0,0.00204676,-0.0799356,-0.0082413,0.607496,0.0205059,0.0574731,-0.00178434,0,0,-2.08167e-11,0.020867,0.00883449,-0.0308779,0.0169477,-0.00476577,0.000608347,0,0,-0.0837211,0.0340781,-0.217365,0.205374,0.318095,-0.0395892,0.0329243,0,0,-1.38778e-10,0.0568297,-0.00495111,-0.00850779,0.00362446,-0.0587734,0.00238969,0,0,-0.00835806,-0.176968,0.00835832,0.575193,-0.0395017,0.399052,-0.00504684,0,0,0,-0.00316802,0.00154879,0.00476889,-0.000210139,0.00362196,0.000229169,0,0,-0.0263719,-0.00620474,-0.0135329,-0.0179448,0.0330082,-0.0050612,0.0658402,0,0,0,0,-3.60072e-12,0,0,0,0,0,0,0,0,0,0,0,0,0,0.905991,-4.60022e-09,0,0,1.20024e-12,0,0,0,0,0,0,0,0,0,0,0,0,0,-4.60082e-09,0.905991,
0,0.00470463,-0.0179717,-0.000346354,0.000655988,-1.36047e-05,2.40372e-05,0,0,0.439703,-0.0124588,0.161262,0.00190041,-0.00843527,-0.000849902,-0.00264152,0,0,2.77556e-11,0.0787617,-0.00373014,0.0216939,0.001657,0.00128071,-5.28332e-05,0,0,-0.0124286,0.630464,-0.000545748,-0.0787373,0.0034646,-0.017645,-0.00062813,0,0,5.20417e-12,-0.00485597,0.0630716,0.00136112,-0.000712234,0.00013389,-1.84968e-05,0,0,0.161842,-0.000453783,0.41565,-0.00834803,-0.0217923,0.000827728,-0.00134774,0,0,-5.20417e-12,0.0389898,0.00237271,-0.017535,-0.00221298,0.00299702,-0.000133509,0,0,0.00204138,-0.0799458,-0.00825427,0.607491,0.0205066,0.057474,-0.00178319,0,0,2.08167e-11,0.0208451,0.00888792,-0.0308541,0.0168872,-0.00478953,0.000609147,0,0,-0.0833621,0.0340935,-0.217228,0.20538,0.318155,-0.0395863,0.0329088,0,0,1.38778e-11,0.0568547,-0.00493858,-0.00858565,0.00359226,-0.0587361,0.00238934,0,0,-0.00826386,-0.17686,0.00841621,0.575203,-0.0394987,0.399067,-0.00504764,0,0,0,-0.00316703,0.00154769,0.00476878,-0.000205725,0.00362312,0.000230205,0,0,-0.0263933,-0.00621001,-0.0135451,-0.0179334,0.0329928,-0.00506202,0.0658414,0,0,0,0,-1.20024e-12,1.20024e-12,0,0,1.20024e-12,0,0,0,0,0,0,0,0,0,0.905991,-4.53871e-09,0,0,1.20024e-12,-1.20024e-12,0,0,-1.20024e-12,0,0,0,0,0,0,0,0,0,-4.53871e-09,0.905991,
-4.33681e-13,0.0047001,-0.0179623,-0.000345413,0.000652754,-1.33018e-05,2.40014e-05,0,0,0.439877,-0.0124649,0.161055,0.00189472,-0.00839941,-0.000840506,-0.00264366,0,0,-1.38778e-11,0.0787562,-0.00372735,0.0216497,0.00165457,0.00128104,-5.2868e-05,0,0,-0.0124347,0.630471,-0.00054859,-0.0787462,0.00346619,-0.017634,-0.000628669,0,0,1.73472e-12,-0.00485533,0.0631112,0.00136989,-0.000709927,0.000135627,-1.8555e-05,0,0,0.161637,-0.00045654,0.415773,-0.00836128,-0.0217788,0.000833495,-0.00134895,0,0,-1.99493e-11,0.0389379,0.0023758,-0.0174907,-0.00220698,0.00299607,-0.000133528,0,0,0.00203601,-0.0799559,-0.00826726,0.607485,0.0205073,0.0574748,-0.00178204,0,0,2.77556e-11,0.0208232,0.00894143,-0.0308303,0.0168266,-0.00481337,0.000609948,0,0,-0.0830031,0.0341089,-0.217092,0.205387,0.318216,-0.0395835,0.0328933,0,0,0,0.0568796,-0.00492602,-0.00866355,0.00355999,-0.0586988,0.002389,0,0,-0.00816953,-0.176751,0.00847424,0.575213,-0.0394957,0.399081,-0.00504843,0,0,-3.46945e-12,-0.00316603,0.0015466,0.00476867,-0.000201306,0.00362429,0.000231243,0,0,-0.0264146,-0.00621529,-0.0135573,-0.0179221,0.0329775,-0.00506283,0.0658426,0,0,0,0,0,0,0,0,0,0,0,0,0,0,0,0,0,0,0.905991,-4.35537e-09,0,0,0,0,0,0,0,0,0,0,0,0,0,0,0,0,-4.35537e-09,0.905991,
-3.46945e-12,0.00469556,-0.0179527,-0.000344477,0.000649524,-1.30015e-05,2.39656e-05,0,0,0.440051,-0.012471,0.160849,0.00188903,-0.00836356,-0.000831097,-0.0026458,0,0,-1.38778e-11,0.0787506,-0.00372454,0.0216054,0.00165214,0.00128136,-5.29028e-05,0,0,-0.0124408,0.630477,-0.000551446,-0.0787551,0.00346778,-0.017623,-0.000629208,0,0,9.54098e-12,-0.00485468,0.0631509,0.00137867,-0.000707615,0.000137367,-1.86133e-05,0,0,0.161431,-0.00045931,0.415897,-0.00837456,-0.0217652,0.000839275,-0.00135016,0,0,1.82146e-11,0.0388858,0.00237888,-0.0174463,-0.00220097,0.00299512,-0.000133547,0,0,0.00203063,-0.079966,-0.00828026,0.60748,0.0205079,0.0574756,-0.00178088,0,0,-1.73472e-11,0.0208012,0.00899501,-0.0308065,0.0167658,-0.00483728,0.00061075,0,0,-0.082644,0.0341243,-0.216955,0.205393,0.318277,-0.0395806,0.0328778,0,0,-7.63278e-11,0.0569046,-0.00491342,-0.00874149,0.00352763,-0.0586614,0.00238865,0,0,-0.00807508,-0.176642,0.00853241,0.575222,-0.0394927,0.399096,-0.00504922,0,0,-1.73472e-12,-0.00316503,0.00154551,0.00476855,-0.000196884,0.00362546,0.000232284,0,0,-0.026436,-0.00622057,-0.0135696,-0.0179107,0.0329621,-0.00506364,0.0658439,0,0,0,1.20024e-12,0,1.20024e-12,1.20024e-12,0,0,0,0,0,0,0,0,0,0,0,0.905991,4.09222e-09,0,0,0,0,1.20024e-12,0,0,0,0,0,0,0,0,0,0,0,4.09192e-09,0.905991,
1.30104e-12,0.00469103,-0.0179431,-0.000343532,0.0006463,-1.26973e-05,2.39296e-05,0,0,0.440225,-0.0124772,0.160642,0.00188334,-0.00832769,-0.000821675,-0.00264794,0,0,0,0.0787449,-0.00372173,0.021561,0.00164971,0.00128169,-5.29377e-05,0,0,-0.0124469,0.630484,-0.000554316,-0.078764,0.00346937,-0.017612,-0.000629748,0,0,-5.20417e-12,-0.00485403,0.0631905,0.00138751,-0.000705293,0.000139114,-1.86717e-05,0,0,0.161225,-0.000462094,0.41602,-0.00838785,-0.0217515,0.000845069,-0.00135138,0,0,1.21431e-11,0.0388337,0.00238198,-0.0174019,-0.00219494,0.00299417,-0.000133566,0,0,0.00202526,-0.0799762,-0.00829328,0.607475,0.0205086,0.0574764,-0.00177973,0,0,-3.46945e-12,0.0207792,0.00904867,-0.0307826,0.0167049,-0.00486128,0.000611552,0,0,-0.0822848,0.0341398,-0.216818,0.2054,0.318337,-0.0395777,0.0328623,0,0,-2.08167e-11,0.0569296,-0.00490079,-0.00881946,0.00349516,-0.0586239,0.0023883,0,0,-0.00798049,-0.176533,0.00859072,0.575232,-0.0394897,0.39911,-0.00505001,0,0,-1.73472e-12,-0.00316403,0.00154442,0.00476843,-0.000192456,0.00362663,0.000233328,0,0,-0.0264573,-0.00622586,-0.0135818,-0.0178993,0.0329468,-0.00506444,0.0658451,0,0,0,-1.20024e-12,0,0,0,-1.20024e-12,0,-1.14023e-10,0,0,0,0,0,0,0,0,0.905991,3.9707e-09,0,-1.20024e-12,0,2.40048e-12,0,-1.20024e-12,-2.40048e-12,1.20024e-12,0,0,0,0,0,0,0,0,3.9707e-09,0.905991,
7.37257e-12,0.00468643,-0.0179335,-0.000342604,0.000643067,-1.25053e-05,2.38968e-05,0,0,0.440399,-0.0124833,0.160434,0.00187765,-0.00829183,-0.000812243,-0.00265007,0,0,1.38778e-11,0.0787392,-0.00371888,0.0215165,0.00164727,0.001282,-5.29731e-05,0,0,-0.012453,0.63049,-0.000557198,-0.0787729,0.00347097,-0.017601,-0.000630288,0,0,-2.25514e-11,-0.00485337,0.0632301,0.00139622,-0.000703006,0.00014078,-1.8729e-05,0,0,0.161019,-0.000464891,0.416144,-0.00840116,-0.0217379,0.000850876,-0.0013526,0,0,-3.46945e-12,0.0387815,0.00238507,-0.0173574,-0.00218893,0.0029932,-0.000133588,0,0,0.00201988,-0.0799863,-0.00830632,0.607469,0.0205092,0.0574772,-0.00177857,0,0,1.04083e-11,0.0207571,0.00910241,-0.0307587,0.0166439,-0.00488541,0.000612371,0,0,-0.0819257,0.0341553,-0.21668,0.205406,0.318398,-0.0395747,0.0328468,0,0,2.08167e-11,0.0569545,-0.00488813,-0.00889748,0.00346276,-0.0585864,0.00238797,0,0,-0.00788578,-0.176424,0.00864917,0.575241,-0.0394866,0.399125,-0.0050508,0,0,0,-0.00316303,0.00154333,0.0047683,-0.000188033,0.00362787,0.000234376,0,0,-0.0264786,-0.00623115,-0.0135941,-0.0178879,0.0329314,-0.00506525,0.0658463,0,0,0,0,1.20024e-12,0,0,0,0,0,0,0,0,0,0,0,0,0,0.905991,3.95209e-09,0,1.20024e-12,0,0,0,0,0,0,0,0,0,0,0,0,0,0,3.95239e-09,0.905991,
8.67362e-13,0.00468183,-0.0179237,-0.000341729,0.000639847,-1.22889e-05,2.3863e-05,0,0,0.440573,-0.0124895,0.160227,0.00187196,-0.00825596,-0.000802799,-0.0026522,0,0,0,0.0787334,-0.00371602,0.021472,0.00164482,0.00128232,-5.30083e-05,0,0,-0.0124591,0.630497,-0.000560094,-0.0787818,0.00347258,-0.01759,-0.000630829,0,0,-3.46945e-12,-0.00485273,0.0632697,0.00140487,-0.0007007,0.000142464,-1.87867e-05,0,0,0.160812,-0.000467702,0.416267,-0.00841448,-0.0217242,0.000856696,-0.00135382,0,0,7.80626e-12,0.0387292,0.00238816,-0.0173129,-0.0021829,0.00299224,-0.000133608,0,0,0.0020145,-0.0799964,-0.00831938,0.607464,0.0205098,0.0574779,-0.00177741,0,0,-1.38778e-11,0.020735,0.00915623,-0.0307347,0.0165828,-0.00490948,0.000613185,0,0,-0.0815665,0.0341709,-0.216543,0.205412,0.318459,-0.0395718,0.0328313,0,0,-8.32667e-11,0.0569794,-0.00487544,-0.00897554,0.00343037,-0.0585487,0.00238764,0,0,-0.00779092,-0.176315,0.00870777,0.57525,-0.0394835,0.399139,-0.00505159,0,0,1.73472e-12,-0.00316202,0.00154224,0.00476816,-0.00018361,0.00362909,0.000235421,0,0,-0.0264999,-0.00623645,-0.0136064,-0.0178764,0.032916,-0.00506605,0.0658475,0,0,0,1.20024e-12,-2.40048e-12,1.20024e-12,0,-1.20024e-12,0,0,0,0,0,0,0,0,0,0,0.905991,4.02471e-09,0,1.20024e-12,-1.20024e-12,0,0,-1.20024e-12,0,0,0,0,0,0,0,0,0,0,4.02411e-09,0.905991,
1.30104e-12,0.00467725,-0.0179139,-0.00034088,0.000636637,-1.20279e-05,2.38278e-05,0,0,0.440747,-0.0124956,0.160019,0.00186626,-0.00822009,-0.000793341,-0.00265433,0,0,-1.38778e-11,0.0787276,-0.00371314,0.0214275,0.00164238,0.00128263,-5.30433e-05,0,0,-0.0124652,0.630503,-0.000563003,-0.0787907,0.00347418,-0.017579,-0.000631371,0,0,-6.07153e-12,-0.0048521,0.0633093,0.00141352,-0.000698371,0.000144184,-1.88449e-05,0,0,0.160605,-0.000470527,0.416391,-0.00842783,-0.0217106,0.00086253,-0.00135504,0,0,-8.67362e-13,0.0386769,0.00239125,-0.0172684,-0.00217686,0.00299127,-0.000133628,0,0,0.00200912,-0.0800065,-0.00833245,0.607458,0.0205104,0.0574787,-0.00177625,0,0,0,0.0207128,0.00921012,-0.0307108,0.0165216,-0.00493352,0.000613991,0,0,-0.0812073,0.0341865,-0.216405,0.205418,0.318521,-0.0395688,0.0328157,0,0,0,0.0570044,-0.00486272,-0.00905363,0.0033979,-0.058511,0.0023873,0,0,-0.00769592,-0.176206,0.00876652,0.575259,-0.0394804,0.399154,-0.00505237,0,0,0,-0.00316101,0.00154115,0.00476801,-0.000179182,0.00363027,0.000236467,0,0,-0.0265212,-0.00624176,-0.0136188,-0.017865,0.0329006,-0.00506686,0.0658488,0,0,0,0,0,0,0,0,0,0,0,0,0,0,0,0,0,0,0.905991,4.18824e-09,0,0,0,0,0,0,0,0,0,0,0,0,0,0,0,0,4.18884e-09,0.905991,
-4.33681e-13,0.00467268,-0.0179041,-0.000340032,0.000633434,-1.17308e-05,2.37915e-05,0,0,0.440921,-0.0125017,0.159811,0.00186057,-0.00818421,-0.000783869,-0.00265646,0,0,1.38778e-11,0.0787217,-0.00371025,0.0213828,0.00163993,0.00128295,-5.3078e-05,0,0,-0.0124713,0.63051,-0.000565925,-0.0787995,0.0034758,-0.017568,-0.000631914,0,0,1.73472e-12,-0.00485145,0.0633489,0.00142223,-0.000696022,0.000145935,-1.89035e-05,0,0,0.160398,-0.000473366,0.416514,-0.0084412,-0.0216969,0.00086838,-0.00135627,0,0,-2.51535e-11,0.0386245,0.00239435,-0.0172237,-0.00217079,0.0029903,-0.000133646,0,0,0.00200375,-0.0800166,-0.00834554,0.607453,0.020511,0.0574794,-0.00177509,0,0,-1.38778e-11,0.0206906,0.0092641,-0.0306868,0.0164602,-0.0049576,0.000614792,0,0,-0.080848,0.0342021,-0.216267,0.205424,0.318582,-0.0395658,0.0328002,0,0,6.93889e-12,0.0570293,-0.00484996,-0.00913176,0.00336531,-0.0584732,0.00238694,0,0,-0.00760077,-0.176097,0.00882542,0.575268,-0.0394772,0.399169,-0.00505315,0,0,1.73472e-12,-0.00315999,0.00154007,0.00476787,-0.000174748,0.00363144,0.000237514,0,0,-0.0265424,-0.00624707,-0.0136311,-0.0178535,0.0328851,-0.00506766,0.06585,0,0,0,0,0,0,0,0,0,0,0,0,0,0,0,0,0,0,0.905991,-4.4646e-09,0,2.40048e-12,-2.40048e-12,0,0,2.40048e-12,-2.40048e-12,0,0,0,0,0,0,0,0,0,-4.4649e-09,0.905991,
-3.46945e-12,0.00466811,-0.0178942,-0.000339173,0.000630237,-1.14083e-05,2.37544e-05,0,0,0.441096,-0.0125079,0.159603,0.00185487,-0.00814834,-0.000774382,-0.00265858,0,0,1.38778e-11,0.0787157,-0.00370736,0.0213382,0.00163748,0.00128326,-5.31127e-05,0,0,-0.0124774,0.630516,-0.000568859,-0.0788084,0.00347741,-0.017557,-0.000632457,0,0,1.21431e-11,-0.0048508,0.0633884,0.00143101,-0.000693657,0.00014771,-1.89625e-05,0,0,0.160191,-0.000476218,0.416637,-0.00845458,-0.0216831,0.000874245,-0.0013575,0,0,5.20417e-12,0.038572,0.00239746,-0.0171791,-0.0021647,0.00298933,-0.000133665,0,0,0.00199836,-0.0800267,-0.00835865,0.607448,0.0205116,0.0574802,-0.00177392,0,0,-2.77556e-11,0.0206683,0.00931814,-0.0306627,0.0163988,-0.00498176,0.000615591,0,0,-0.0804887,0.0342178,-0.216129,0.20543,0.318643,-0.0395628,0.0327846,0,0,-1.38778e-10,0.0570542,-0.00483715,-0.00920992,0.00333257,-0.0584353,0.00238658,0,0,-0.00750547,-0.175987,0.00888448,0.575277,-0.0394741,0.399183,-0.00505394,0,0,0,-0.00315897,0.00153898,0.00476771,-0.000170306,0.0036326,0.000238565,0,0,-0.0265637,-0.00625239,-0.0136435,-0.017842,0.0328697,-0.00506846,0.0658512,0,0,0,0,0,0,1.20024e-12,0,0,0,0,0,0,0,0,0,0,0,0.905991,-4.60232e-09,0,0,1.20024e-12,0,-1.20024e-12,0,0,0,0,0,0,0,0,0,0,0,-4.60232e-09,0.905991,
4.33681e-13,0.00466356,-0.0178842,-0.0003383,0.000627045,-1.10682e-05,2.37167e-05,0,0,0.44127,-0.012514,0.159394,0.00184916,-0.00811245,-0.00076488,-0.00266071,0,0,-1.38778e-11,0.0787097,-0.00370447,0.0212935,0.00163502,0.00128357,-5.31473e-05,0,0,-0.0124835,0.630523,-0.000571807,-0.0788173,0.00347904,-0.017546,-0.000633001,0,0,-1.73472e-12,-0.00485013,0.063428,0.00143987,-0.000691279,0.000149504,-1.90218e-05,0,0,0.159983,-0.000479085,0.416761,-0.00846799,-0.0216694,0.000880125,-0.00135873,0,0,-1.04083e-11,0.0385194,0.00240058,-0.0171343,-0.00215858,0.00298835,-0.000133683,0,0,0.00199298,-0.0800368,-0.00837177,0.607442,0.0205121,0.0574809,-0.00177276,0,0,2.08167e-11,0.020646,0.00937227,-0.0306385,0.0163371,-0.00500601,0.000616389,0,0,-0.0801293,0.0342335,-0.215991,0.205435,0.318705,-0.0395597,0.032769,0,0,6.93889e-12,0.0570791,-0.0048243,-0.00928811,0.00329968,-0.0583973,0.00238621,0,0,-0.00741003,-0.175878,0.0089437,0.575286,-0.0394709,0.399198,-0.00505472,0,0,0,-0.00315794,0.00153789,0.00476756,-0.000165856,0.00363376,0.000239619,0,0,-0.0265849,-0.00625772,-0.0136559,-0.0178305,0.0328542,-0.00506925,0.0658525,0,0,0,0,0,0,0,0,0,0,0,0,0,0,0,0,0,0,0.905991,-4.58972e-09,0,0,1.20024e-12,0,0,0,1.20024e-12,0,0,0,0,0,0,0,0,0,-4.58912e-09,0.905991,
-1.73472e-12,0.00465901,-0.0178742,-0.000337413,0.000623856,-1.07155e-05,2.36785e-05,0,0,0.441445,-0.0125202,0.159186,0.00184346,-0.00807657,-0.000755363,-0.00266283,0,0,-2.77556e-11,0.0787036,-0.00370157,0.0212488,0.00163256,0.00128388,-5.3182e-05,0,0,-0.0124896,0.630529,-0.000574769,-0.0788261,0.00348066,-0.0175349,-0.000633545,0,0,4.33681e-12,-0.00484945,0.0634676,0.00144879,-0.000688891,0.000151312,-1.90813e-05,0,0,0.159775,-0.000481965,0.416884,-0.00848141,-0.0216556,0.000886022,-0.00135996,0,0,-7.80626e-12,0.0384667,0.0024037,-0.0170896,-0.00215244,0.00298738,-0.0001337,0,0,0.0019876,-0.0800469,-0.00838491,0.607437,0.0205127,0.0574816,-0.00177159,0,0,3.46945e-12,0.0206236,0.00942646,-0.0306142,0.0162754,-0.00503037,0.000617186,0,0,-0.07977,0.0342493,-0.215853,0.205441,0.318766,-0.0395566,0.0327534,0,0,1.38778e-11,0.057104,-0.00481141,-0.00936633,0.00326665,-0.0583593,0.00238584,0,0,-0.00731445,-0.175769,0.00900306,0.575295,-0.0394676,0.399213,-0.00505549,0,0,0,-0.00315691,0.0015368,0.0047674,-0.000161399,0.00363491,0.000240677,0,0,-0.026606,-0.00626305,-0.0136683,-0.0178189,0.0328388,-0.00507005,0.0658537,0,0,0,0,0,0,0,0,0,0,0,0,0,0,0,0,0,0,0.905991,-4.43969e-09,0,-1.20024e-12,-1.20024e-12,0,0,0,1.20024e-12,0,0,0,0,0,0,0,0,0,-4.43969e-09,0.905991,
1.73472e-12,0.00465446,-0.0178641,-0.000336513,0.000620672,-1.03531e-05,2.36399e-05,0,0,0.44162,-0.0125263,0.158976,0.00183775,-0.00804068,-0.000745831,-0.00266495,0,0,2.77556e-11,0.0786975,-0.00369867,0.021204,0.00163009,0.00128419,-5.32165e-05,0,0,-0.0124957,0.630536,-0.000577744,-0.078835,0.00348229,-0.0175239,-0.000634091,0,0,-6.07153e-12,-0.00484876,0.0635071,0.00145778,-0.000686492,0.000153132,-1.9141e-05,0,0,0.159567,-0.000484858,0.417007,-0.00849485,-0.0216419,0.000891933,-0.00136119,0,0,-1.82146e-11,0.0384139,0.00240683,-0.0170447,-0.00214628,0.00298641,-0.000133718,0,0,0.00198222,-0.080057,-0.00839807,0.607432,0.0205132,0.0574823,-0.00177042,0,0,-1.73472e-11,0.0206012,0.00948074,-0.0305899,0.0162134,-0.00505482,0.000617984,0,0,-0.0794106,0.0342651,-0.215714,0.205446,0.318828,-0.0395535,0.0327378,0,0,6.93889e-11,0.0571289,-0.00479848,-0.00944459,0.00323349,-0.0583213,0.00238546,0,0,-0.00721873,-0.17566,0.00906257,0.575303,-0.0394644,0.399228,-0.00505627,0,0,0,-0.00315587,0.00153572,0.00476724,-0.000156936,0.00363606,0.000241739,0,0,-0.0266272,-0.00626839,-0.0136808,-0.0178074,0.0328233,-0.00507084,0.0658549,0,0,0,1.20024e-12,-1.20024e-12,1.20024e-12,0,0,0,0,0,0,0,0,0,0,0,0,0.905991,4.19694e-09,0,0,-1.20024e-12,0,-1.20024e-12,0,0,0,0,0,0,0,0,0,0,0,4.19634e-09,0.905991,
1.30104e-12,0.00464991,-0.017854,-0.000335602,0.000617491,-9.98218e-06,2.3601e-05,0,0,0.441794,-0.0125325,0.158767,0.00183205,-0.00800479,-0.000736286,-0.00266706,0,0,0,0.0786913,-0.00369576,0.0211592,0.00162762,0.0012845,-5.32511e-05,0,0,-0.0125017,0.630542,-0.000580733,-0.0788438,0.00348393,-0.0175129,-0.000634636,0,0,-6.93889e-12,-0.00484806,0.0635466,0.00146683,-0.000684085,0.000154964,-1.92009e-05,0,0,0.159358,-0.000487766,0.417131,-0.00850831,-0.0216281,0.00089786,-0.00136243,0,0,8.67362e-13,0.0383611,0.00240996,-0.0169998,-0.0021401,0.00298543,-0.000133735,0,0,0.00197684,-0.080067,-0.00841125,0.607427,0.0205137,0.057483,-0.00176924,0,0,-1.38778e-11,0.0205788,0.00953508,-0.0305654,0.0161514,-0.00507938,0.000618782,0,0,-0.0790512,0.034281,-0.215575,0.205451,0.31889,-0.0395503,0.0327221,0,0,4.16334e-11,0.0571538,-0.0047855,-0.00952289,0.00320019,-0.0582831,0.00238509,0,0,-0.00712287,-0.17555,0.00912223,0.575312,-0.0394611,0.399242,-0.00505704,0,0,1.73472e-12,-0.00315483,0.00153463,0.00476708,-0.000152466,0.00363722,0.000242804,0,0,-0.0266483,-0.00627374,-0.0136932,-0.0177958,0.0328078,-0.00507164,0.0658562,0,0,0,0,0,0,0,0,0,0,0,0,0,0,0,0,0,0,0.905991,4.09672e-09,0,0,0,0,0,0,0,0,0,0,0,0,0,0,0,0,4.09642e-09,0.905991,
-8.67362e-13,0.00464535,-0.0178438,-0.000334682,0.000614315,-9.61462e-06,2.3562e-05,0,0,0.441969,-0.0125386,0.158557,0.00182634,-0.0079689,-0.000726726,-0.00266918,0,0,2.77556e-11,0.0786851,-0.00369285,0.0211143,0.00162514,0.0012848,-5.32856e-05,0,0,-0.0125078,0.630548,-0.000583736,-0.0788527,0.00348557,-0.0175018,-0.000635183,0,0,6.07153e-12,-0.00484734,0.0635862,0.00147591,-0.00068167,0.000156798,-1.92609e-05,0,0,0.15915,-0.000490687,0.417254,-0.00852178,-0.0216142,0.000903801,-0.00136367,0,0,-3.46945e-11,0.0383082,0.00241311,-0.0169549,-0.0021339,0.00298446,-0.000133752,0,0,0.00197145,-0.0800771,-0.00842444,0.607421,0.0205142,0.0574837,-0.00176807,0,0,1.38778e-11,0.0205562,0.0095895,-0.0305409,0.0160892,-0.00510403,0.000619581,0,0,-0.0786917,0.0342969,-0.215436,0.205456,0.318952,-0.0395472,0.0327065,0,0,7.63278e-11,0.0571787,-0.00477249,-0.00960122,0.00316679,-0.0582449,0.00238471,0,0,-0.00702689,-0.175441,0.00918204,0.57532,-0.0394578,0.399257,-0.00505782,0,0,0,-0.00315378,0.00153355,0.00476691,-0.000147991,0.00363838,0.000243872,0,0,-0.0266694,-0.00627909,-0.0137057,-0.0177842,0.0327923,-0.00507243,0.0658574,0,0,0,0,0,0,0,0,0,0,0,0,0,0,0,0,0,0,0.905991,4.10542e-09,0,0,0,0,0,0,0,0,0,0,0,0,0,0,0,0,4.10602e-09,0.905991,
-2.1684e-12,0.0046408,-0.0178335,-0.00033376,0.000611145,-9.25198e-06,2.35229e-05,0,0,0.442144,-0.0125448,0.158347,0.00182064,-0.007933,-0.000717154,-0.00267129,0,0,0,0.0786788,-0.00368992,0.0210694,0.00162266,0.00128511,-5.33203e-05,0,0,-0.012514,0.630554,-0.000586754,-0.0788615,0.00348721,-0.0174908,-0.00063573,0,0,8.67362e-12,-0.00484662,0.0636257,0.00148503,-0.000679249,0.000158633,-1.93209e-05,0,0,0.158941,-0.000493621,0.417377,-0.00853528,-0.0216004,0.000909758,-0.00136491,0,0,-4.33681e-12,0.0382552,0.00241626,-0.0169099,-0.00212769,0.00298348,-0.00013377,0,0,0.00196607,-0.0800872,-0.00843765,0.607416,0.0205147,0.0574843,-0.00176689,0,0,2.08167e-11,0.0205337,0.009644,-0.0305164,0.0160269,-0.00512878,0.000620381,0,0,-0.0783323,0.0343129,-0.215296,0.205461,0.319014,-0.039544,0.0326908,0,0,2.77556e-11,0.0572036,-0.00475944,-0.00967958,0.00313329,-0.0582066,0.00238433,0,0,-0.00693078,-0.175331,0.00924199,0.575328,-0.0394545,0.399272,-0.00505859,0,0,0,-0.00315273,0.00153246,0.00476674,-0.000143512,0.00363955,0.000244944,0,0,-0.0266905,-0.00628445,-0.0137183,-0.0177726,0.0327768,-0.00507322,0.0658586,0,0,0,0,1.20024e-12,0,-1.20024e-12,0,0,0,0,0,0,0,0,0,0,0,0.905991,4.21435e-09,0,0,-1.20024e-12,0,1.20024e-12,0,0,0,0,0,0,0,0,0,0,0,4.21495e-09,0.905991,
1.73472e-12,0.00463623,-0.0178232,-0.00033284,0.000607981,-8.89159e-06,2.34838e-05,0,0,0.442319,-0.0125509,0.158137,0.00181493,-0.0078971,-0.000707568,-0.0026734,0,0,1.38778e-11,0.0786724,-0.00368698,0.0210244,0.00162018,0.00128541,-5.3355e-05,0,0,-0.0125201,0.630561,-0.000589785,-0.0788703,0.00348886,-0.0174797,-0.000636278,0,0,-2.60209e-12,-0.00484589,0.0636652,0.00149417,-0.000676821,0.00016047,-1.93809e-05,0,0,0.158731,-0.00049657,0.4175,-0.00854879,-0.0215865,0.000915729,-0.00136615,0,0,-4.33681e-11,0.0382022,0.00241941,-0.0168649,-0.00212147,0.0029825,-0.000133787,0,0,0.00196069,-0.0800973,-0.00845088,0.607411,0.0205152,0.057485,-0.00176571,0,0,5.55112e-11,0.0205111,0.00969857,-0.0304918,0.0159645,-0.00515359,0.000621182,0,0,-0.0779728,0.0343289,-0.215157,0.205466,0.319076,-0.0395407,0.0326752,0,0,1.66533e-10,0.0572285,-0.00474635,-0.00975798,0.00309971,-0.0581683,0.00238396,0,0,-0.00683454,-0.175222,0.00930208,0.575336,-0.0394511,0.399287,-0.00505936,0,0,-1.73472e-12,-0.00315167,0.00153137,0.00476656,-0.000139029,0.00364072,0.000246019,0,0,-0.0267116,-0.00628982,-0.0137308,-0.0177609,0.0327612,-0.005074,0.0658599,0,0,0,0,0,0,0,0,0,0,0,0,0,0,0,0,0,0,0.905991,-4.43249e-09,0,0,0,0,0,0,0,0,0,0,0,0,0,0,0,0,-4.43219e-09,0.905991,
-1.30104e-12,0.00463166,-0.0178128,-0.000331924,0.000604821,-8.53079e-06,2.34446e-05,0,0,0.442494,-0.0125571,0.157927,0.00180923,-0.0078612,-0.000697969,-0.0026755,0,0,-1.38778e-11,0.078666,-0.00368403,0.0209794,0.00161769,0.00128571,-5.33897e-05,0,0,-0.0125262,0.630567,-0.000592832,-0.0788791,0.00349051,-0.0174687,-0.000636827,0,0,3.46945e-12,-0.00484515,0.0637047,0.00150332,-0.000674385,0.000162311,-1.9441e-05,0,0,0.158522,-0.000499532,0.417623,-0.00856231,-0.0215726,0.000921715,-0.0013674,0,0,3.20924e-11,0.038149,0.00242257,-0.0168198,-0.00211522,0.00298151,-0.000133804,0,0,0.00195531,-0.0801073,-0.00846413,0.607406,0.0205157,0.0574856,-0.00176453,0,0,0,0.0204884,0.00975321,-0.0304671,0.0159019,-0.00517848,0.000621983,0,0,-0.0776133,0.0343449,-0.215017,0.20547,0.319138,-0.0395375,0.0326595,0,0,-1.31839e-10,0.0572533,-0.00473323,-0.00983641,0.00306604,-0.0581298,0.00238358,0,0,-0.00673818,-0.175112,0.00936232,0.575344,-0.0394477,0.399302,-0.00506012,0,0,-1.73472e-12,-0.00315061,0.00153029,0.00476637,-0.000134542,0.0036419,0.000247095,0,0,-0.0267326,-0.00629519,-0.0137434,-0.0177493,0.0327457,-0.00507479,0.0658611,0,0,0,0,0,0,0,0,0,-1.16423e-10,0,0,0,0,0,0,0,0,0.905991,-4.51201e-09,0,0,1.20024e-12,0,0,0,0,-1.20024e-12,0,0,0,0,0,0,0,0,-4.51231e-09,0.905991,
3.46945e-12,0.00462709,-0.0178023,-0.000330998,0.000601668,-8.16512e-06,2.34051e-05,0,0,0.44267,-0.0125633,0.157716,0.00180353,-0.0078253,-0.000688357,-0.00267761,0,0,0,0.0786595,-0.00368108,0.0209343,0.0016152,0.00128601,-5.34243e-05,0,0,-0.0125323,0.630573,-0.000595893,-0.0788879,0.00349217,-0.0174576,-0.000637376,0,0,-1.30104e-11,-0.0048444,0.0637441,0.00151253,-0.00067194,0.00016416,-1.95013e-05,0,0,0.158312,-0.000502508,0.417746,-0.00857586,-0.0215587,0.000927715,-0.00136865,0,0,-8.67362e-12,0.0380958,0.00242573,-0.0167746,-0.00210896,0.00298053,-0.000133821,0,0,0.00194994,-0.0801174,-0.00847739,0.6074,0.0205161,0.0574863,-0.00176335,0,0,-2.42861e-11,0.0204657,0.00980793,-0.0304424,0.0158392,-0.00520345,0.000622784,0,0,-0.0772537,0.034361,-0.214877,0.205475,0.3192,-0.0395342,0.0326438,0,0,-3.46945e-11,0.0572782,-0.00472007,-0.00991488,0.00303226,-0.0580913,0.0023832,0,0,-0.00664169,-0.175003,0.00942269,0.575352,-0.0394443,0.399317,-0.00506089,0,0,0,-0.00314955,0.00152921,0.00476619,-0.000130049,0.00364307,0.000248176,0,0,-0.0267537,-0.00630057,-0.0137559,-0.0177376,0.0327301,-0.00507557,0.0658623,0,0,0,0,0,0,0,0,0,0,0,0,0,0,0,0,0,0,0.905991,-4.45199e-09,0,0,0,0,0,-1.20024e-12,-1.20024e-12,0,0,0,0,0,0,0,0,0,-4.45199e-09,0.905991,
2.60209e-12,0.00462247,-0.0177918,-0.000330088,0.000598509,-7.8973e-06,2.33683e-05,0,0,0.442845,-0.0125694,0.157505,0.00179783,-0.0077894,-0.000678735,-0.00267971,0,0,0,0.078653,-0.00367809,0.0208892,0.0016127,0.0012863,-5.34595e-05,0,0,-0.0125384,0.630579,-0.000598968,-0.0788968,0.00349383,-0.0174465,-0.000637926,0,0,-8.67362e-12,-0.00484366,0.0637836,0.00152164,-0.000669523,0.000165939,-1.95606e-05,0,0,0.158102,-0.000505498,0.417869,-0.00858942,-0.0215448,0.000933728,-0.0013699,0,0,6.07153e-12,0.0380425,0.0024289,-0.0167295,-0.00210271,0.00297954,-0.00013384,0,0,0.00194456,-0.0801274,-0.00849066,0.607395,0.0205166,0.0574869,-0.00176216,0,0,0,0.0204429,0.00986273,-0.0304176,0.0157764,-0.00522857,0.000623601,0,0,-0.0768942,0.0343771,-0.214737,0.205479,0.319263,-0.0395309,0.0326281,0,0,-6.93889e-12,0.0573031,-0.00470689,-0.00999339,0.00299852,-0.0580527,0.00238284,0,0,-0.00654509,-0.174893,0.00948322,0.57536,-0.0394409,0.399332,-0.00506165,0,0,0,-0.00314848,0.00152812,0.00476599,-0.00012556,0.0036443,0.000249259,0,0,-0.0267747,-0.00630595,-0.0137685,-0.0177259,0.0327145,-0.00507636,0.0658635,0,0,0,0,0,0,0,0,0,0,0,0,0,0,0,0,0,0,0.905991,4.27676e-09,0,0,0,-1.20024e-12,0,0,1.20024e-12,-1.15223e-10,0,0,0,0,0,0,0,0,4.27736e-09,0.905991,
-1.30104e-12,0.00461785,-0.0177812,-0.000329218,0.000595363,-7.60892e-06,2.33308e-05,0,0,0.44302,-0.0125756,0.157294,0.00179213,-0.00775349,-0.000669101,-0.00268181,0,0,-2.77556e-11,0.0786464,-0.00367508,0.020844,0.0016102,0.00128659,-5.34945e-05,0,0,-0.0125445,0.630585,-0.000602057,-0.0789056,0.00349549,-0.0174355,-0.000638476,0,0,3.46945e-12,-0.00484293,0.0638231,0.0015307,-0.000667089,0.000167735,-1.96203e-05,0,0,0.157891,-0.000508502,0.417993,-0.00860299,-0.0215309,0.000939755,-0.00137115,0,0,3.46945e-12,0.0379891,0.00243206,-0.0166842,-0.00209645,0.00297854,-0.000133859,0,0,0.00193918,-0.0801375,-0.00850396,0.60739,0.020517,0.0574875,-0.00176097,0,0,1.38778e-11,0.0204201,0.0099176,-0.0303929,0.0157135,-0.00525364,0.000624413,0,0,-0.0765346,0.0343933,-0.214597,0.205483,0.319325,-0.0395276,0.0326123,0,0,-6.93889e-12,0.0573279,-0.00469367,-0.0100719,0.00296477,-0.058014,0.00238248,0,0,-0.00644835,-0.174783,0.00954388,0.575367,-0.0394374,0.399347,-0.00506241,0,0,0,-0.00314742,0.00152704,0.00476579,-0.00012107,0.00364552,0.000250342,0,0,-0.0267956,-0.00631135,-0.0137812,-0.0177141,0.032699,-0.00507714,0.0658648,0,0,0,2.40048e-12,0,2.40048e-12,0,-2.40048e-12,2.40048e-12,0,0,0,0,0,0,0,0,0,0.905991,4.23625e-09,0,-3.60072e-12,0,-3.60072e-12,0,3.60072e-12,-3.60072e-12,0,0,0,0,0,0,0,0,0,4.23595e-09,0.905991,
6.93889e-12,0.00461322,-0.0177706,-0.000328373,0.000592223,-7.31623e-06,2.3293e-05,0,0,0.443196,-0.0125817,0.157082,0.00178643,-0.00771758,-0.000659455,-0.00268391,0,0,-1.38778e-11,0.0786398,-0.00367206,0.0207987,0.0016077,0.00128688,-5.35295e-05,0,0,-0.0125506,0.630592,-0.00060516,-0.0789143,0.00349716,-0.0174244,-0.000639027,0,0,-2.60209e-11,-0.00484219,0.0638625,0.00153973,-0.000664646,0.000169536,-1.968e-05,0,0,0.157681,-0.00051152,0.418116,-0.00861659,-0.0215169,0.000945797,-0.0013724,0,0,1.04083e-11,0.0379357,0.00243523,-0.0166389,-0.00209017,0.00297754,-0.000133877,0,0,0.00193381,-0.0801475,-0.00851727,0.607385,0.0205174,0.0574881,-0.00175978,0,0,-1.38778e-11,0.0203973,0.00997255,-0.0303681,0.0156505,-0.00527872,0.000625223,0,0,-0.076175,0.0344095,-0.214456,0.205487,0.319388,-0.0395242,0.0325966,0,0,-2.77556e-11,0.0573527,-0.00468043,-0.0101505,0.00293099,-0.0579752,0.00238211,0,0,-0.00635148,-0.174674,0.0096047,0.575375,-0.0394339,0.399362,-0.00506318,0,0,-1.73472e-12,-0.00314634,0.00152596,0.00476558,-0.000116578,0.00364673,0.000251426,0,0,-0.0268166,-0.00631674,-0.0137938,-0.0177024,0.0326834,-0.00507792,0.065866,0,0,0,0,0,0,0,0,0,0,0,0,0,0,0,0,0,0,0.905991,-4.30887e-09,0,0,-2.40048e-12,0,0,2.40048e-12,0,0,0,0,0,0,0,0,0,0,-4.30917e-09,0.905991,
-2.1684e-12,0.00460861,-0.0177599,-0.000327543,0.000589092,-6.99133e-06,2.32542e-05,0,0,0.443372,-0.0125879,0.15687,0.00178073,-0.00768167,-0.000649795,-0.002686,0,0,-1.38778e-11,0.078633,-0.00366902,0.0207534,0.00160519,0.00128717,-5.35643e-05,0,0,-0.0125567,0.630598,-0.000608277,-0.0789231,0.00349884,-0.0174133,-0.000639579,0,0,7.80626e-12,-0.00484146,0.063902,0.00154879,-0.000662184,0.000171364,-1.97401e-05,0,0,0.15747,-0.000514552,0.418239,-0.0086302,-0.0215029,0.000951853,-0.00137366,0,0,-6.07153e-12,0.0378821,0.00243841,-0.0165936,-0.00208388,0.00297653,-0.000133894,0,0,0.00192843,-0.0801576,-0.0085306,0.60738,0.0205178,0.0574887,-0.00175859,0,0,1.04083e-11,0.0203744,0.0100276,-0.0303433,0.0155874,-0.00530382,0.000626028,0,0,-0.0758154,0.0344258,-0.214315,0.205491,0.31945,-0.0395208,0.0325808,0,0,4.85723e-11,0.0573776,-0.00466715,-0.0102291,0.00289711,-0.0579363,0.00238173,0,0,-0.00625447,-0.174564,0.00966568,0.575382,-0.0394304,0.399378,-0.00506393,0,0,0,-0.00314526,0.00152488,0.00476536,-0.000112081,0.00364792,0.00025251,0,0,-0.0268375,-0.00632215,-0.0138065,-0.0176906,0.0326677,-0.00507869,0.0658672,0,0,0,0,0,0,0,0,0,0,0,0,0,0,0,0,0,0,0.905991,4.25876e-09,0,0,1.20024e-12,1.20024e-12,-1.20024e-12,0,-1.20024e-12,0,0,0,0,0,0,0,0,0,4.25906e-09,0.905991,
-2.60209e-12,0.004604,-0.0177491,-0.000326714,0.00058597,-6.63864e-06,2.32145e-05,0,0,0.443547,-0.0125941,0.156658,0.00177503,-0.00764576,-0.000640122,-0.0026881,0,0,0,0.0786263,-0.00366598,0.020708,0.00160268,0.00128746,-5.3599e-05,0,0,-0.0125628,0.630604,-0.000611408,-0.0789319,0.00350052,-0.0174022,-0.000640132,0,0,8.67362e-12,-0.00484072,0.0639414,0.00155789,-0.000659703,0.000173217,-1.98006e-05,0,0,0.157259,-0.000517599,0.418362,-0.00864383,-0.0214889,0.000957925,-0.00137492,0,0,3.46945e-11,0.0378285,0.00244158,-0.0165482,-0.00207757,0.00297552,-0.000133911,0,0,0.00192306,-0.0801676,-0.00854394,0.607375,0.0205182,0.0574892,-0.0017574,0,0,-2.42861e-11,0.0203515,0.0100827,-0.0303184,0.0155241,-0.00532896,0.000626829,0,0,-0.0754558,0.0344421,-0.214174,0.205495,0.319513,-0.0395174,0.0325651,0,0,-1.38778e-11,0.0574024,-0.00465382,-0.0103078,0.00286312,-0.0578974,0.00238135,0,0,-0.00615733,-0.174454,0.0097268,0.575389,-0.0394269,0.399393,-0.00506469,0,0,1.73472e-12,-0.00314418,0.0015238,0.00476514,-0.000107578,0.0036491,0.000253597,0,0,-0.0268584,-0.00632756,-0.0138192,-0.0176789,0.0326521,-0.00507947,0.0658685,0,0,0,1.20024e-12,0,-1.20024e-12,1.20024e-12,0,1.20024e-12,0,0,0,0,0,0,0,0,0,0.905991,-4.32537e-09,0,0,0,0,0,0,0,0,0,0,0,0,0,0,0,0,-4.32507e-09,0.905991,
-2.60209e-12,0.0045994,-0.0177383,-0.000325877,0.000582855,-6.26704e-06,2.31742e-05,0,0,0.443723,-0.0126002,0.156445,0.00176933,-0.00760985,-0.000630435,-0.00269019,0,0,-1.38778e-11,0.0786194,-0.00366294,0.0206626,0.00160017,0.00128775,-5.36336e-05,0,0,-0.0125689,0.63061,-0.000614553,-0.0789407,0.0035022,-0.0173912,-0.000640685,0,0,8.67362e-12,-0.00483997,0.0639808,0.00156706,-0.000657209,0.000175089,-1.98613e-05,0,0,0.157047,-0.00052066,0.418485,-0.00865748,-0.0214749,0.000964012,-0.00137618,0,0,4.33681e-12,0.0377748,0.00244477,-0.0165027,-0.00207123,0.00297452,-0.000133927,0,0,0.00191768,-0.0801776,-0.00855731,0.60737,0.0205186,0.0574898,-0.0017562,0,0,1.38778e-11,0.0203285,0.0101378,-0.0302934,0.0154607,-0.00535418,0.000627627,0,0,-0.0750961,0.0344584,-0.214033,0.205499,0.319576,-0.039514,0.0325493,0,0,-1.38778e-11,0.0574272,-0.00464046,-0.0103864,0.00282898,-0.0578584,0.00238096,0,0,-0.00606006,-0.174344,0.00978808,0.575397,-0.0394233,0.399408,-0.00506545,0,0,0,-0.00314309,0.00152272,0.00476491,-0.000103068,0.00365027,0.000254687,0,0,-0.0268793,-0.00633297,-0.0138319,-0.0176671,0.0326365,-0.00508024,0.0658697,0,0,0,0,0,0,0,0,0,0,0,0,0,0,0,0,0,0,0.905991,4.26776e-09,0,0,0,0,0,0,0,0,0,0,0,0,0,0,0,0,4.26776e-09,0.905991,
8.67362e-13,0.0045948,-0.0177274,-0.00032503,0.000579745,-5.88332e-06,2.31333e-05,0,0,0.443899,-0.0126064,0.156233,0.00176363,-0.00757393,-0.000620735,-0.00269228,0,0,0,0.0786125,-0.00365989,0.0206172,0.00159765,0.00128803,-5.36682e-05,0,0,-0.0125751,0.630616,-0.000617713,-0.0789495,0.00350389,-0.0173801,-0.000641239,0,0,-1.73472e-12,-0.0048392,0.0640202,0.00157629,-0.000654703,0.000176976,-1.99222e-05,0,0,0.156835,-0.000523736,0.418607,-0.00867115,-0.0214608,0.000970115,-0.00137745,0,0,-2.60209e-12,0.037721,0.00244796,-0.0164572,-0.00206487,0.00297351,-0.000133943,0,0,0.00191231,-0.0801877,-0.00857068,0.607365,0.020519,0.0574903,-0.00175501,0,0,2.08167e-11,0.0203055,0.0101931,-0.0302683,0.0153972,-0.00537949,0.000628426,0,0,-0.0747365,0.0344748,-0.213892,0.205502,0.319639,-0.0395105,0.0325335,0,0,6.93889e-11,0.057452,-0.00462706,-0.0104651,0.00279472,-0.0578193,0.00238056,0,0,-0.00596266,-0.174234,0.0098495,0.575404,-0.0394197,0.399423,-0.0050662,0,0,-1.73472e-12,-0.003142,0.00152164,0.00476469,-9.85505e-05,0.00365144,0.000255781,0,0,-0.0269001,-0.0063384,-0.0138447,-0.0176552,0.0326208,-0.00508101,0.0658709,0,0,0,0,0,0,0,0,0,0,0,0,0,0,0,0,0,0,0.905991,-4.32747e-09,0,0,0,0,0,0,0,0,0,0,0,0,0,0,0,0,-4.32747e-09,0.905991,
-3.03577e-12,0.0045902,-0.0177165,-0.000324174,0.000576639,-5.49168e-06,2.30921e-05,0,0,0.444075,-0.0126126,0.15602,0.00175793,-0.00753802,-0.000611021,-0.00269436,0,0,1.38778e-11,0.0786056,-0.00365683,0.0205717,0.00159513,0.00128832,-5.37028e-05,0,0,-0.0125812,0.630622,-0.000620886,-0.0789582,0.00350558,-0.017369,-0.000641793,0,0,1.38778e-11,-0.00483843,0.0640596,0.00158558,-0.000652187,0.000178873,-1.99833e-05,0,0,0.156623,-0.000526825,0.41873,-0.00868484,-0.0214467,0.000976233,-0.00137871,0,0,-2.08167e-11,0.0376671,0.00245117,-0.0164117,-0.00205849,0.0029725,-0.000133959,0,0,0.00190694,-0.0801977,-0.00858408,0.60736,0.0205193,0.0574909,-0.00175381,0,0,1.04083e-11,0.0202824,0.0102484,-0.0302432,0.0153335,-0.0054049,0.000629224,0,0,-0.0743768,0.0344913,-0.21375,0.205506,0.319702,-0.0395071,0.0325177,0,0,2.08167e-11,0.0574768,-0.00461362,-0.0105438,0.00276033,-0.0577802,0.00238017,0,0,-0.00586514,-0.174125,0.00991107,0.57541,-0.0394161,0.399438,-0.00506695,0,0,-1.73472e-12,-0.0031409,0.00152056,0.00476445,-9.4027e-05,0.00365261,0.000256878,0,0,-0.026921,-0.00634383,-0.0138574,-0.0176434,0.0326052,-0.00508179,0.0658721,0,0,0,-2.40048e-12,0,2.40048e-12,-2.40048e-12,-2.40048e-12,2.40048e-12,0,0,0,0,0,0,0,0,0,0.905991,4.26446e-09,0,2.40048e-12,0,-2.40048e-12,2.40048e-12,2.40048e-12,-2.40048e-12,0,0,0,0,0,0,0,0,0,4.26476e-09,0.905991,
-8.67362e-13,0.0045856,-0.0177055,-0.000323312,0.000573538,-5.09446e-06,2.30507e-05,0,0,0.444251,-0.0126187,0.155807,0.00175223,-0.0075021,-0.000601294,-0.00269644,0,0,-1.38778e-11,0.0785986,-0.00365377,0.0205262,0.0015926,0.0012886,-5.37374e-05,0,0,-0.0125873,0.630628,-0.000624075,-0.078967,0.00350728,-0.0173579,-0.000642348,0,0,1.73472e-12,-0.00483764,0.064099,0.00159492,-0.000649663,0.000180779,-2.00445e-05,0,0,0.156411,-0.000529929,0.418853,-0.00869854,-0.0214327,0.000982366,-0.00137998,0,0,-1.04083e-11,0.0376132,0.00245437,-0.0163661,-0.0020521,0.00297149,-0.000133974,0,0,0.00190157,-0.0802077,-0.00859749,0.607355,0.0205197,0.0574914,-0.0017526,0,0,2.08167e-11,0.0202592,0.0103038,-0.030218,0.0152697,-0.0054304,0.000630022,0,0,-0.0740171,0.0345077,-0.213608,0.205509,0.319765,-0.0395035,0.0325019,0,0,6.93889e-12,0.0575016,-0.00460014,-0.0106226,0.00272583,-0.057741,0.00237977,0,0,-0.0057675,-0.174015,0.00997279,0.575417,-0.0394125,0.399454,-0.0050677,0,0,-1.73472e-12,-0.0031398,0.00151948,0.00476422,-8.94978e-05,0.00365378,0.000257978,0,0,-0.0269418,-0.00634926,-0.0138702,-0.0176315,0.0325895,-0.00508255,0.0658734,0,0,0,1.20024e-12,0,0,0,1.20024e-12,1.20024e-12,0,0,0,0,0,0,0,0,0,0.905991,-4.31937e-09,0,-1.20024e-12,0,0,0,-1.20024e-12,-1.20024e-12,0,0,0,0,0,0,0,0,0,-4.31937e-09,0.905991,
2.1684e-12,0.00458101,-0.0176944,-0.000322445,0.00057044,-4.6928e-06,2.3009e-05,0,0,0.444427,-0.0126249,0.155593,0.00174654,-0.00746618,-0.000591555,-0.00269852,0,0,0,0.0785915,-0.00365069,0.0204806,0.00159007,0.00128888,-5.3772e-05,0,0,-0.0125934,0.630634,-0.000627279,-0.0789757,0.00350898,-0.0173468,-0.000642904,0,0,-6.93889e-12,-0.00483684,0.0641384,0.00160429,-0.000647131,0.000182693,-2.01059e-05,0,0,0.156198,-0.000533047,0.418976,-0.00871226,-0.0214185,0.000988514,-0.00138125,0,0,-1.04083e-11,0.0375592,0.00245759,-0.0163204,-0.00204568,0.00297048,-0.00013399,0,0,0.00189621,-0.0802177,-0.00861092,0.60735,0.02052,0.0574919,-0.0017514,0,0,3.46945e-12,0.020236,0.0103593,-0.0301927,0.0152058,-0.00545598,0.000630821,0,0,-0.0736575,0.0345243,-0.213466,0.205512,0.319829,-0.0395,0.0324861,0,0,0,0.0575263,-0.00458662,-0.0107014,0.00269122,-0.0577017,0.00237937,0,0,-0.00566973,-0.173905,0.0100347,0.575424,-0.0394088,0.399469,-0.00506844,0,0,-1.73472e-12,-0.00313869,0.00151841,0.00476398,-8.49635e-05,0.00365496,0.000259081,0,0,-0.0269625,-0.00635471,-0.013883,-0.0176196,0.0325738,-0.00508332,0.0658746,0,0,0,1.20024e-12,1.20024e-12,0,0,1.20024e-12,0,1.14023e-10,0,0,0,0,0,0,0,0,0.905991,4.25245e-09,0,0,0,0,0,0,0,0,0,0,0,0,0,0,0,0,4.25245e-09,0.905991,
1.73472e-12,0.00457641,-0.0176833,-0.000321573,0.000567346,-4.28682e-06,2.29671e-05,0,0,0.444603,-0.0126311,0.155379,0.00174085,-0.00743026,-0.000581803,-0.0027006,0,0,-1.38778e-11,0.0785843,-0.00364761,0.020435,0.00158754,0.00128916,-5.38065e-05,0,0,-0.0125995,0.63064,-0.000630497,-0.0789845,0.00351068,-0.0173357,-0.00064346,0,0,-8.67362e-12,-0.00483603,0.0641777,0.00161371,-0.000644592,0.000184614,-2.01674e-05,0,0,0.155985,-0.00053618,0.419099,-0.00872599,-0.0214044,0.000994677,-0.00138253,0,0,8.67362e-12,0.0375051,0.00246081,-0.0162747,-0.00203925,0.00296946,-0.000134005,0,0,0.00189085,-0.0802277,-0.00862436,0.607345,0.0205203,0.0574924,-0.00175019,0,0,-2.77556e-11,0.0202128,0.0104148,-0.0301674,0.0151417,-0.00548164,0.00063162,0,0,-0.0732978,0.0345408,-0.213324,0.205515,0.319892,-0.0394964,0.0324702,0,0,-3.46945e-11,0.0575511,-0.00457306,-0.0107802,0.00265649,-0.0576624,0.00237897,0,0,-0.00557186,-0.173795,0.0100967,0.57543,-0.0394051,0.399484,-0.00506919,0,0,3.46945e-12,-0.00313758,0.00151733,0.00476373,-8.04245e-05,0.00365613,0.000260187,0,0,-0.0269833,-0.00636016,-0.0138959,-0.0176077,0.0325581,-0.00508409,0.0658758,0,0,0,0,0,0,0,0,0,1.15223e-10,0,0,0,0,0,0,0,0,0.905991,-4.30196e-09,0,0,0,0,0,0,0,1.14023e-10,0,0,0,0,0,0,0,0,-4.30316e-09,0.905991,
3.90313e-12,0.0045718,-0.0176722,-0.0003207,0.000564258,-3.88751e-06,2.29252e-05,0,0,0.444779,-0.0126373,0.155165,0.00173516,-0.00739434,-0.00057204,-0.00270268,0,0,0,0.0785771,-0.00364452,0.0203893,0.001585,0.00128944,-5.38411e-05,0,0,-0.0126057,0.630645,-0.000633731,-0.0789932,0.00351239,-0.0173245,-0.000644017,0,0,-1.30104e-11,-0.00483522,0.0642171,0.00162316,-0.000642046,0.000186535,-2.0229e-05,0,0,0.155772,-0.000539326,0.419222,-0.00873974,-0.0213902,0.00100085,-0.0013838,0,0,-3.46945e-12,0.0374509,0.00246404,-0.016229,-0.0020328,0.00296844,-0.000134021,0,0,0.00188549,-0.0802377,-0.00863782,0.60734,0.0205206,0.0574929,-0.00174899,0,0,1.38778e-11,0.0201895,0.0104704,-0.0301419,0.0150776,-0.00550739,0.000632421,0,0,-0.0729381,0.0345575,-0.213182,0.205518,0.319955,-0.0394928,0.0324543,0,0,2.77556e-11,0.0575759,-0.00455947,-0.010859,0.00262168,-0.0576229,0.00237857,0,0,-0.00547387,-0.173684,0.0101588,0.575437,-0.0394014,0.3995,-0.00506993,0,0,0,-0.00313646,0.00151625,0.00476348,-7.58816e-05,0.00365731,0.000261296,0,0,-0.027004,-0.00636562,-0.0139087,-0.0175958,0.0325424,-0.00508485,0.0658771,0,0,0,0,0,0,0,0,0,0,0,0,0,0,0,0,0,0,0.905991,4.23265e-09,0,0,0,0,0,0,0,0,0,0,0,0,0,0,0,0,4.23145e-09,0.905991,
1.30104e-12,0.00456719,-0.0176609,-0.00031983,0.000561176,-3.49491e-06,2.28834e-05,0,0,0.444956,-0.0126435,0.154951,0.00172947,-0.00735842,-0.000562265,-0.00270475,0,0,1.38778e-11,0.0785699,-0.00364142,0.0203436,0.00158246,0.00128971,-5.38758e-05,0,0,-0.0126118,0.630651,-0.00063698,-0.0790019,0.00351411,-0.0173134,-0.000644575,0,0,-4.33681e-12,-0.0048344,0.0642564,0.00163262,-0.000639495,0.000188454,-2.02905e-05,0,0,0.155559,-0.000542487,0.419344,-0.0087535,-0.0213761,0.00100705,-0.00138508,0,0,-2.08167e-11,0.0373966,0.00246727,-0.0161832,-0.00202634,0.00296742,-0.000134037,0,0,0.00188013,-0.0802477,-0.0086513,0.607335,0.0205209,0.0574933,-0.00174778,0,0,-6.93889e-12,0.0201662,0.0105261,-0.0301165,0.0150133,-0.00553322,0.000633222,0,0,-0.0725784,0.0345741,-0.213039,0.205521,0.320019,-0.0394892,0.0324385,0,0,2.77556e-11,0.0576006,-0.00454585,-0.0109379,0.0025868,-0.0575834,0.00237817,0,0,-0.00537578,-0.173574,0.0102211,0.575443,-0.0393976,0.399515,-0.00507067,0,0,0,-0.00313534,0.00151517,0.00476322,-7.13353e-05,0.0036585,0.000262408,0,0,-0.0270247,-0.00637108,-0.0139216,-0.0175839,0.0325267,-0.00508561,0.0658783,0,0,0,0,1.20024e-12,0,0,0,0,-1.20024e-12,0,0,0,0,0,0,0,0,0.905991,4.27736e-09,0,0,1.20024e-12,0,0,0,0,-1.15223e-10,0,0,0,0,0,0,0,0,4.27826e-09,0.905991,
8.67362e-13,0.00456257,-0.0176496,-0.000318967,0.000558101,-3.10583e-06,2.28416e-05,0,0,0.445132,-0.0126496,0.154736,0.00172379,-0.0073225,-0.000552479,-0.00270682,0,0,-1.38778e-11,0.0785625,-0.0036383,0.0202978,0.00157991,0.00128999,-5.39105e-05,0,0,-0.0126179,0.630657,-0.000640244,-0.0790107,0.00351583,-0.0173023,-0.000645133,0,0,-4.33681e-12,-0.00483357,0.0642958,0.00164209,-0.000636936,0.000190374,-2.0352e-05,0,0,0.155345,-0.000545662,0.419467,-0.00876728,-0.0213619,0.00101325,-0.00138636,0,0,-1.21431e-11,0.0373422,0.00247051,-0.0161373,-0.00201987,0.0029664,-0.000134052,0,0,0.00187478,-0.0802577,-0.00866479,0.60733,0.0205211,0.0574938,-0.00174656,0,0,-1.04083e-11,0.0201428,0.0105818,-0.030091,0.0149488,-0.00555911,0.000634024,0,0,-0.0722187,0.0345908,-0.212896,0.205523,0.320083,-0.0394856,0.0324226,0,0,-1.38778e-11,0.0576254,-0.00453219,-0.0110168,0.00255184,-0.0575438,0.00237776,0,0,-0.00527759,-0.173464,0.0102835,0.575449,-0.0393939,0.399531,-0.00507141,0,0,-1.73472e-12,-0.00313422,0.0015141,0.00476296,-6.67859e-05,0.00365969,0.000263522,0,0,-0.0270454,-0.00637655,-0.0139345,-0.0175719,0.0325109,-0.00508637,0.0658795,0,0,0,0,1.20024e-12,0,-1.20024e-12,-1.20024e-12,0,5.76116e-11,0,0,0,0,0,0,0,0,0.905991,-4.43579e-09,0,0,0,0,0,0,0,0,0,0,0,0,0,0,0,0,-4.43699e-09,0.905991,
3.03577e-12,0.00455795,-0.0176383,-0.000318111,0.000555032,-2.71733e-06,2.27997e-05,0,0,0.445309,-0.0126558,0.154521,0.00171812,-0.00728658,-0.000542683,-0.00270889,0,0,1.38778e-11,0.0785552,-0.00363517,0.020252,0.00157736,0.00129026,-5.39452e-05,0,0,-0.0126241,0.630663,-0.000643524,-0.0790194,0.00351755,-0.0172912,-0.000645692,0,0,-1.12757e-11,-0.00483274,0.0643351,0.00165156,-0.000634371,0.000192297,-2.04136e-05,0,0,0.155131,-0.000548852,0.41959,-0.00878108,-0.0213477,0.00101947,-0.00138764,0,0,-1.47451e-11,0.0372878,0.00247375,-0.0160914,-0.00201338,0.00296537,-0.000134068,0,0,0.00186943,-0.0802677,-0.0086783,0.607326,0.0205214,0.0574943,-0.00174535,0,0,-4.16334e-11,0.0201194,0.0106376,-0.0300654,0.0148843,-0.00558505,0.000634827,0,0,-0.071859,0.0346076,-0.212753,0.205526,0.320146,-0.0394819,0.0324067,0,0,-3.46945e-11,0.0576501,-0.00451851,-0.0110958,0.00251681,-0.0575041,0.00237736,0,0,-0.00517929,-0.173354,0.0103461,0.575455,-0.0393901,0.399546,-0.00507215,0,0,1.73472e-12,-0.00313309,0.00151302,0.00476269,-6.22334e-05,0.00366088,0.000264639,0,0,-0.0270661,-0.00638202,-0.0139475,-0.0175599,0.0324952,-0.00508713,0.0658807,0,0,0,-2.40048e-12,2.40048e-12,0,2.40048e-12,0,0,1.14023e-10,0,0,0,0,0,0,0,0,0.905991,-4.4565e-09,0,-1.20024e-12,1.20024e-12,0,1.20024e-12,0,0,0,0,0,0,0,0,0,0,0,-4.4565e-09,0.905991,
-8.67362e-13,0.00455332,-0.0176268,-0.000317263,0.000551968,-2.32745e-06,2.27576e-05,0,0,0.445486,-0.012662,0.154306,0.00171244,-0.00725066,-0.000532875,-0.00271095,0,0,1.38778e-11,0.0785477,-0.00363203,0.0202061,0.00157481,0.00129053,-5.39798e-05,0,0,-0.0126302,0.630669,-0.000646819,-0.0790281,0.00351928,-0.01728,-0.000646251,0,0,5.20417e-12,-0.0048319,0.0643744,0.00166105,-0.000631798,0.000194224,-2.04753e-05,0,0,0.154917,-0.000552057,0.419712,-0.00879489,-0.0213334,0.0010257,-0.00138893,0,0,-1.9082e-11,0.0372333,0.002477,-0.0160454,-0.00200688,0.00296434,-0.000134083,0,0,0.00186409,-0.0802777,-0.00869182,0.607321,0.0205216,0.0574947,-0.00174413,0,0,2.42861e-11,0.0200959,0.0106935,-0.0300398,0.0148196,-0.00561105,0.000635629,0,0,-0.0714993,0.0346243,-0.21261,0.205528,0.32021,-0.0394782,0.0323908,0,0,1.45717e-10,0.0576748,-0.00450478,-0.0111747,0.00248171,-0.0574644,0.00237696,0,0,-0.00508088,-0.173244,0.0104087,0.575461,-0.0393862,0.399562,-0.00507289,0,0,3.46945e-12,-0.00313195,0.00151195,0.00476242,-5.76779e-05,0.00366208,0.000265757,0,0,-0.0270867,-0.0063875,-0.0139604,-0.0175479,0.0324794,-0.00508788,0.065882,0,0,0,0,1.20024e-12,0,1.20024e-12,1.20024e-12,0,0,0,0,0,0,0,0,0,0,0.905991,-4.34787e-09,0,0,0,0,0,0,0,0,0,0,0,0,0,0,0,0,-4.34787e-09,0.905991,
0,0.0045487,-0.0176154,-0.000316409,0.00054891,-1.93242e-06,2.27152e-05,0,0,0.445662,-0.0126682,0.154091,0.00170677,-0.00721474,-0.000523058,-0.00271302,0,0,0,0.0785402,-0.00362887,0.0201602,0.00157225,0.0012908,-5.40145e-05,0,0,-0.0126363,0.630674,-0.000650129,-0.0790368,0.00352101,-0.0172689,-0.000646811,0,0,0,-0.00483105,0.0644137,0.00167059,-0.000629215,0.000196159,-2.05371e-05,0,0,0.154703,-0.000555276,0.419835,-0.00880872,-0.0213192,0.00103195,-0.00139021,0,0,1.47451e-11,0.0371787,0.00248025,-0.0159994,-0.00200036,0.00296331,-0.000134098,0,0,0.00185875,-0.0802877,-0.00870536,0.607316,0.0205218,0.0574951,-0.00174292,0,0,0,0.0200723,0.0107495,-0.0300141,0.0147548,-0.00563713,0.000636431,0,0,-0.0711396,0.0346412,-0.212467,0.20553,0.320274,-0.0394745,0.0323749,0,0,6.245e-11,0.0576995,-0.00449103,-0.0112537,0.0024465,-0.0574246,0.00237655,0,0,-0.00498238,-0.173133,0.0104716,0.575467,-0.0393824,0.399578,-0.00507362,0,0,1.73472e-12,-0.00313082,0.00151088,0.00476214,-5.31176e-05,0.00366327,0.000266878,0,0,-0.0271073,-0.00639299,-0.0139734,-0.0175359,0.0324636,-0.00508864,0.0658832,0,0,0,0,0,0,0,0,0,0,0,0,0,0,0,0,0,0,0.905991,4.14233e-09,0,0,0,0,0,0,0,0,0,0,0,0,0,0,0,0,4.14293e-09,0.905991,
1.30104e-12,0.00454403,-0.0176038,-0.000315566,0.000545854,-1.62806e-06,2.26754e-05,0,0,0.445839,-0.0126744,0.153875,0.00170111,-0.00717883,-0.000513232,-0.00271508,0,0,-1.38778e-11,0.0785326,-0.00362569,0.0201142,0.00156969,0.00129106,-5.40497e-05,0,0,-0.0126425,0.63068,-0.000653455,-0.0790455,0.00352275,-0.0172578,-0.000647372,0,0,-6.07153e-12,-0.00483021,0.064453,0.00168004,-0.000626655,0.000198029,-2.0598e-05,0,0,0.154488,-0.000558509,0.419957,-0.00882256,-0.0213049,0.00103821,-0.0013915,0,0,-6.93889e-12,0.037124,0.0024835,-0.0159534,-0.00199385,0.00296227,-0.000134115,0,0,0.00185341,-0.0802977,-0.00871891,0.607311,0.0205221,0.0574955,-0.0017417,0,0,1.38778e-11,0.0200488,0.0108055,-0.0299884,0.0146899,-0.00566335,0.000637247,0,0,-0.07078,0.034658,-0.212323,0.205532,0.320338,-0.0394707,0.0323589,0,0,1.38778e-11,0.0577242,-0.00447724,-0.0113328,0.00241133,-0.0573846,0.00237617,0,0,-0.00488378,-0.173023,0.0105345,0.575473,-0.0393785,0.399593,-0.00507435,0,0,-1.73472e-12,-0.00312968,0.00150981,0.00476185,-4.85608e-05,0.00366452,0.000268003,0,0,-0.0271278,-0.00639848,-0.0139864,-0.0175238,0.0324478,-0.00508939,0.0658844,0,0,0,0,0,0,1.20024e-12,0,-1.20024e-12,0,0,0,0,0,0,0,0,0,0.905991,4.06822e-09,0,0,0,0,1.20024e-12,0,-1.20024e-12,0,0,0,0,0,0,0,0,0,4.06852e-09,0.905991,
0,0.00453935,-0.0175922,-0.000314767,0.000542811,-1.31962e-06,2.26352e-05,0,0,0.446016,-0.0126806,0.153659,0.00169545,-0.00714291,-0.000503396,-0.00271713,0,0,0,0.078525,-0.00362249,0.0200681,0.00156712,0.00129132,-5.40848e-05,0,0,-0.0126486,0.630686,-0.000656796,-0.0790542,0.00352449,-0.0172466,-0.000647933,0,0,8.67362e-13,-0.00482938,0.0644923,0.00168942,-0.000624083,0.000199902,-2.0659e-05,0,0,0.154273,-0.000561758,0.42008,-0.00883641,-0.0212906,0.00104448,-0.00139279,0,0,5.20417e-12,0.0370693,0.00248676,-0.0159072,-0.00198733,0.00296123,-0.000134131,0,0,0.00184808,-0.0803077,-0.00873248,0.607306,0.0205223,0.0574959,-0.00174048,0,0,-3.46945e-12,0.0200252,0.0108616,-0.0299627,0.0146249,-0.00568954,0.000638059,0,0,-0.0704203,0.0346749,-0.212179,0.205534,0.320403,-0.0394669,0.032343,0,0,2.08167e-11,0.0577489,-0.00446344,-0.0114118,0.00237618,-0.0573446,0.00237578,0,0,-0.00478506,-0.172913,0.0105977,0.575478,-0.0393746,0.399609,-0.00507508,0,0,3.46945e-12,-0.00312854,0.00150874,0.00476155,-4.40043e-05,0.00366576,0.000269128,0,0,-0.0271484,-0.00640398,-0.0139994,-0.0175118,0.032432,-0.00509014,0.0658857,0,0,0,0,0,0,0,0,0,0,0,0,0,0,0,0,0,0,0.905991,4.09762e-09,0,0,0,0,1.20024e-12,1.20024e-12,0,0,0,0,0,0,0,0,0,0,4.09822e-09,0.905991,
2.1684e-12,0.00453467,-0.0175805,-0.000313996,0.000539775,-9.75345e-07,2.25939e-05,0,0,0.446193,-0.0126868,0.153443,0.0016898,-0.00710699,-0.000493549,-0.00271919,0,0,0,0.0785173,-0.00361927,0.020022,0.00156455,0.00129158,-5.41197e-05,0,0,-0.0126548,0.630691,-0.000660152,-0.0790629,0.00352623,-0.0172355,-0.000648495,0,0,-7.80626e-12,-0.00482854,0.0645315,0.0016988,-0.000621492,0.000201805,-2.07204e-05,0,0,0.154057,-0.000565022,0.420202,-0.00885029,-0.0212763,0.00105077,-0.00139409,0,0,-1.12757e-11,0.0370144,0.00249002,-0.0158611,-0.0019808,0.00296018,-0.000134147,0,0,0.00184275,-0.0803176,-0.00874606,0.607302,0.0205224,0.0574963,-0.00173925,0,0,-3.46945e-12,0.0200015,0.0109178,-0.029937,0.0145599,-0.00571569,0.000638865,0,0,-0.0700606,0.0346919,-0.212035,0.205536,0.320467,-0.0394631,0.032327,0,0,6.245e-11,0.0577736,-0.0044496,-0.0114909,0.00234096,-0.0573045,0.00237538,0,0,-0.00468624,-0.172802,0.0106609,0.575484,-0.0393707,0.399625,-0.00507581,0,0,1.73472e-12,-0.00312739,0.00150767,0.00476125,-3.94446e-05,0.00366697,0.000270252,0,0,-0.0271689,-0.00640948,-0.0140124,-0.0174997,0.0324162,-0.00509089,0.0658869,0,0,0,0,0,0,0,0,0,0,0,0,0,0,0,0,0,0,0.905991,4.22605e-09,0,0,0,0,0,0,0,0,0,0,0,0,0,0,0,0,4.22545e-09,0.905991,
0,0.00453001,-0.0175688,-0.000313232,0.000536746,-5.99881e-07,2.25517e-05,0,0,0.44637,-0.012693,0.153226,0.00168414,-0.00707107,-0.000483692,-0.00272124,0,0,1.38778e-11,0.0785095,-0.00361604,0.0199758,0.00156198,0.00129184,-5.41544e-05,0,0,-0.0126609,0.630697,-0.000663522,-0.0790716,0.00352798,-0.0172243,-0.000649058,0,0,0,-0.0048277,0.0645708,0.00170821,-0.000618883,0.000203734,-2.07823e-05,0,0,0.153842,-0.000568301,0.420325,-0.00886418,-0.0212619,0.00105707,-0.00139538,0,0,-9.54098e-12,0.0369595,0.00249328,-0.0158148,-0.00197424,0.00295912,-0.000134162,0,0,0.00183743,-0.0803276,-0.00875966,0.607297,0.0205226,0.0574967,-0.00173803,0,0,6.93889e-12,0.0199778,0.0109741,-0.0299112,0.0144946,-0.00574187,0.000639667,0,0,-0.0697009,0.0347089,-0.211891,0.205537,0.320531,-0.0394593,0.0323111,0,0,-6.93889e-12,0.0577982,-0.00443573,-0.0115701,0.00230564,-0.0572643,0.00237497,0,0,-0.0045873,-0.172692,0.0107243,0.575489,-0.0393667,0.39964,-0.00507654,0,0,-1.73472e-12,-0.00312624,0.0015066,0.00476094,-3.48798e-05,0.00366817,0.000271377,0,0,-0.0271894,-0.00641499,-0.0140255,-0.0174876,0.0324004,-0.00509164,0.0658881,0,0,0,0,0,0,0,0,0,0,0,0,0,0,0,0,0,0,0.905991,-4.4643e-09,0,0,0,0,0,0,0,0,0,0,0,0,0,0,0,0,-4.4646e-09,0.905991,
4.33681e-13,0.00452536,-0.017557,-0.000312464,0.000533723,-2.05149e-07,2.25088e-05,0,0,0.446547,-0.0126992,0.153009,0.00167849,-0.00703515,-0.000473823,-0.00272329,0,0,1.38778e-11,0.0785017,-0.00361281,0.0199296,0.00155941,0.00129209,-5.4189e-05,0,0,-0.0126671,0.630703,-0.000666907,-0.0790802,0.00352974,-0.0172132,-0.000649621,0,0,1.73472e-12,-0.00482686,0.06461,0.00171769,-0.000616261,0.000205683,-2.08444e-05,0,0,0.153626,-0.000571595,0.420447,-0.00887808,-0.0212476,0.00106339,-0.00139668,0,0,-2.68882e-11,0.0369045,0.00249655,-0.0157686,-0.00196766,0.00295807,-0.000134176,0,0,0.00183211,-0.0803376,-0.00877327,0.607292,0.0205228,0.057497,-0.0017368,0,0,1.04083e-11,0.019954,0.0110304,-0.0298853,0.0144293,-0.00576811,0.000640466,0,0,-0.0693413,0.034726,-0.211746,0.205539,0.320596,-0.0394554,0.0322951,0,0,1.04083e-10,0.0578229,-0.00442181,-0.0116492,0.00227019,-0.057224,0.00237456,0,0,-0.00448826,-0.172581,0.0107879,0.575494,-0.0393628,0.399656,-0.00507726,0,0,0,-0.00312508,0.00150554,0.00476063,-3.03093e-05,0.00366936,0.000272506,0,0,-0.0272098,-0.00642051,-0.0140386,-0.0174755,0.0323845,-0.00509238,0.0658893,0,0,0,0,0,0,0,0,0,0,0,0,0,0,0,0,0,0,0.905991,-4.56302e-09,0,0,0,0,0,0,0,0,0,0,0,0,0,0,0,0,-4.56332e-09,0.905991,
4.77049e-12,0.00452071,-0.0175451,-0.000311689,0.000530705,2.03394e-07,2.24655e-05,0,0,0.446724,-0.0127054,0.152792,0.00167284,-0.00699924,-0.000463943,-0.00272533,0,0,0,0.0784938,-0.00360957,0.0198833,0.00155683,0.00129234,-5.42235e-05,0,0,-0.0126732,0.630708,-0.000670308,-0.0790889,0.0035315,-0.017202,-0.000650185,0,0,-1.73472e-11,-0.004826,0.0646493,0.00172722,-0.000613627,0.000207646,-2.09067e-05,0,0,0.15341,-0.000574904,0.42057,-0.00889201,-0.0212332,0.00106972,-0.00139798,0,0,-2.68882e-11,0.0368494,0.00249983,-0.0157222,-0.00196107,0.00295702,-0.000134191,0,0,0.00182679,-0.0803475,-0.0087869,0.607288,0.0205229,0.0574974,-0.00173557,0,0,6.93889e-12,0.0199302,0.0110868,-0.0298593,0.0143638,-0.00579443,0.000641265,0,0,-0.0689816,0.034743,-0.211601,0.20554,0.32066,-0.0394516,0.0322791,0,0,4.85723e-11,0.0578476,-0.00440786,-0.0117284,0.00223462,-0.0571837,0.00237414,0,0,-0.00438911,-0.172471,0.0108515,0.5755,-0.0393588,0.399672,-0.00507798,0,0,-1.73472e-12,-0.00312392,0.00150447,0.00476031,-2.57329e-05,0.00367055,0.000273637,0,0,-0.0272303,-0.00642603,-0.0140517,-0.0174633,0.0323687,-0.00509313,0.0658906,0,0,0,-2.40048e-12,0,0,0,0,0,0,0,0,0,0,0,0,0,0,0.905991,-4.51651e-09,0,0,0,0,0,0,0,0,0,0,0,0,0,0,0,0,-4.51651e-09,0.905991,
4.33681e-13,0.00451606,-0.0175332,-0.000310907,0.000527694,6.21237e-07,2.24218e-05,0,0,0.446902,-0.0127116,0.152575,0.0016672,-0.00696332,-0.000454051,-0.00272738,0,0,0,0.0784859,-0.00360632,0.019837,0.00155425,0.0012926,-5.4258e-05,0,0,-0.0126794,0.630714,-0.000673724,-0.0790976,0.00353326,-0.0171908,-0.000650749,0,0,-2.60209e-12,-0.00482512,0.0646885,0.0017368,-0.000610983,0.000209622,-2.09691e-05,0,0,0.153193,-0.000578229,0.420692,-0.00890594,-0.0212188,0.00107607,-0.00139928,0,0,-9.54098e-12,0.0367942,0.00250312,-0.0156759,-0.00195445,0.00295596,-0.000134204,0,0,0.00182148,-0.0803575,-0.00880055,0.607283,0.020523,0.0574977,-0.00173434,0,0,1.04083e-11,0.0199063,0.0111432,-0.0298333,0.0142982,-0.00582084,0.000642064,0,0,-0.068622,0.0347602,-0.211457,0.205541,0.320725,-0.0394476,0.0322631,0,0,7.63278e-11,0.0578722,-0.00439388,-0.0118076,0.00219893,-0.0571433,0.00237372,0,0,-0.00428985,-0.17236,0.0109154,0.575504,-0.0393547,0.399688,-0.0050787,0,0,0,-0.00312275,0.00150341,0.00475999,-2.1151e-05,0.00367173,0.000274771,0,0,-0.0272507,-0.00643156,-0.0140648,-0.0174511,0.0323528,-0.00509387,0.0658918,0,0,0,0,0,0,1.20024e-12,0,-1.20024e-12,0,0,0,0,0,0,0,0,0,0.905991,-4.34607e-09,0,0,0,0,-2.40048e-12,0,2.40048e-12,0,0,0,0,0,0,0,0,0,-4.34607e-09,0.905991,
-2.60209e-12,0.00451141,-0.0175212,-0.000310118,0.000524687,1.04549e-06,2.23778e-05,0,0,0.447079,-0.0127178,0.152357,0.00166156,-0.00692741,-0.000444149,-0.00272942,0,0,0,0.0784779,-0.00360306,0.0197907,0.00155166,0.00129285,-5.42925e-05,0,0,-0.0126855,0.630719,-0.000677155,-0.0791062,0.00353503,-0.0171797,-0.000651314,0,0,1.04083e-11,-0.00482424,0.0647277,0.00174644,-0.00060833,0.000211606,-2.10318e-05,0,0,0.152977,-0.000581568,0.420814,-0.0089199,-0.0212043,0.00108243,-0.00140059,0,0,-2.25514e-11,0.036739,0.00250642,-0.0156294,-0.00194782,0.0029549,-0.000134218,0,0,0.00181618,-0.0803674,-0.00881421,0.607278,0.0205231,0.057498,-0.0017331,0,0,1.38778e-11,0.0198824,0.0111997,-0.0298072,0.0142325,-0.00584734,0.000642862,0,0,-0.0682624,0.0347773,-0.211311,0.205542,0.32079,-0.0394437,0.032247,0,0,9.71445e-11,0.0578968,-0.00437985,-0.0118868,0.00216312,-0.0571028,0.00237329,0,0,-0.0041905,-0.17225,0.0109793,0.575509,-0.0393507,0.399703,-0.00507942,0,0,1.73472e-12,-0.00312158,0.00150234,0.00475967,-1.65641e-05,0.00367292,0.000275909,0,0,-0.0272711,-0.00643709,-0.014078,-0.017439,0.032337,-0.00509461,0.065893,0,0,0,0,0,1.20024e-12,0,1.20024e-12,0,0,0,0,0,0,0,0,0,0,0.905991,4.09372e-09,0,0,0,0,0,0,0,0,0,0,0,0,0,0,0,0,4.09372e-09,0.905991,
3.03577e-12,0.00450677,-0.0175091,-0.000309325,0.000521686,1.47455e-06,2.23336e-05,0,0,0.447257,-0.012724,0.152139,0.00165593,-0.0068915,-0.000434237,-0.00273146,0,0,1.38778e-11,0.0784698,-0.0035998,0.0197443,0.00154907,0.00129309,-5.4327e-05,0,0,-0.0126917,0.630725,-0.000680603,-0.0791149,0.0035368,-0.0171685,-0.000651879,0,0,-1.04083e-11,-0.00482335,0.0647669,0.00175612,-0.000605668,0.000213598,-2.10945e-05,0,0,0.15276,-0.000584922,0.420937,-0.00893387,-0.0211899,0.0010888,-0.00140189,0,0,1.73472e-12,0.0366836,0.00250972,-0.0155829,-0.00194116,0.00295384,-0.000134232,0,0,0.00181088,-0.0803774,-0.00882788,0.607274,0.0205232,0.0574983,-0.00173187,0,0,0,0.0198585,0.0112563,-0.029781,0.0141666,-0.00587391,0.000643661,0,0,-0.0679028,0.0347946,-0.211166,0.205543,0.320855,-0.0394398,0.032231,0,0,0,0.0579214,-0.00436579,-0.0119661,0.00212721,-0.0570622,0.00237287,0,0,-0.00409104,-0.172139,0.0110435,0.575514,-0.0393466,0.399719,-0.00508014,0,0,0,-0.0031204,0.00150128,0.00475934,-1.19727e-05,0.0036741,0.00027705,0,0,-0.0272914,-0.00644263,-0.0140912,-0.0174268,0.0323211,-0.00509534,0.0658942,0,0,0,0,0,-1.20024e-12,0,-1.20024e-12,0,0,0,0,0,0,0,0,0,0,0.905991,3.9809e-09,0,0,0,0,0,0,0,0,0,0,0,0,0,0,0,0,3.9806e-09,0.905991,
-1.30104e-12,0.00450212,-0.017497,-0.000308529,0.000518688,1.90795e-06,2.22892e-05,0,0,0.447434,-0.0127302,0.151921,0.0016503,-0.00685558,-0.000424314,-0.00273349,0,0,-1.38778e-11,0.0784616,-0.00359653,0.0196978,0.00154648,0.00129334,-5.43615e-05,0,0,-0.0126978,0.63073,-0.000684066,-0.0791235,0.00353857,-0.0171573,-0.000652446,0,0,4.33681e-12,-0.00482244,0.0648061,0.00176584,-0.000602998,0.000215598,-2.11574e-05,0,0,0.152543,-0.000588292,0.421059,-0.00894785,-0.0211754,0.00109519,-0.0014032,0,0,1.9082e-11,0.0366282,0.00251303,-0.0155364,-0.00193449,0.00295278,-0.000134245,0,0,0.00180558,-0.0803873,-0.00884157,0.607269,0.0205233,0.0574986,-0.00173063,0,0,1.04083e-11,0.0198344,0.011313,-0.0297547,0.0141006,-0.00590057,0.00064446,0,0,-0.0675432,0.0348118,-0.211021,0.205544,0.32092,-0.0394358,0.0322149,0,0,6.93889e-12,0.057946,-0.0043517,-0.0120454,0.00209119,-0.0570215,0.00237244,0,0,-0.0039915,-0.172028,0.0111077,0.575519,-0.0393425,0.399735,-0.00508085,0,0,-1.73472e-12,-0.00311922,0.00150022,0.004759,-7.37726e-06,0.00367529,0.000278193,0,0,-0.0273117,-0.00644818,-0.0141044,-0.0174145,0.0323052,-0.00509608,0.0658955,0,0,0,1.20024e-12,0,0,0,0,1.20024e-12,0,0,0,0,0,0,0,0,0,0.905991,3.9695e-09,0,-1.20024e-12,0,0,0,0,-1.20024e-12,0,0,0,0,0,0,0,0,0,3.9695e-09,0.905991,
-3.03577e-12,0.00449747,-0.0174849,-0.00030773,0.000515699,2.33564e-06,2.22448e-05,0,0,0.447612,-0.0127364,0.151703,0.00164468,-0.00681967,-0.000414381,-0.00273552,0,0,0,0.0784534,-0.00359324,0.0196513,0.00154388,0.00129358,-5.4396e-05,0,0,-0.012704,0.630736,-0.000687545,-0.0791322,0.00354035,-0.0171461,-0.000653012,0,0,1.47451e-11,-0.00482153,0.0648452,0.00177558,-0.000600321,0.000217598,-2.12203e-05,0,0,0.152325,-0.000591676,0.421181,-0.00896185,-0.0211609,0.00110159,-0.00140452,0,0,-1.30104e-11,0.0365727,0.00251634,-0.0154898,-0.00192781,0.00295171,-0.000134259,0,0,0.00180029,-0.0803972,-0.00885527,0.607264,0.0205234,0.0574989,-0.00172939,0,0,3.46945e-11,0.0198104,0.0113697,-0.0297284,0.0140345,-0.00592731,0.000645259,0,0,-0.0671836,0.0348291,-0.210875,0.205544,0.320985,-0.0394317,0.0321989,0,0,-1.38778e-11,0.0579706,-0.00433757,-0.0121247,0.00205508,-0.0569808,0.00237201,0,0,-0.00389186,-0.171917,0.0111721,0.575523,-0.0393384,0.399751,-0.00508156,0,0,-3.46945e-12,-0.00311803,0.00149916,0.00475866,-2.77831e-06,0.00367648,0.00027934,0,0,-0.027332,-0.00645373,-0.0141176,-0.0174023,0.0322893,-0.00509681,0.0658967,0,0,0,0,0,0,0,0,0,0,0,0,0,0,0,0,0,0,0.905991,4.05051e-09,0,-1.20024e-12,1.20024e-12,0,0,0,0,0,0,0,0,0,0,0,0,0,4.05021e-09,0.905991,
1.30104e-12,0.00449281,-0.0174726,-0.000306935,0.000512718,2.75743e-06,2.22004e-05,0,0,0.44779,-0.0127426,0.151484,0.00163906,-0.00678377,-0.000404439,-0.00273755,0,0,0,0.0784452,-0.00358994,0.0196048,0.00154127,0.00129382,-5.44305e-05,0,0,-0.0127101,0.630741,-0.00069104,-0.0791408,0.00354214,-0.0171349,-0.00065358,0,0,-6.07153e-12,-0.00482061,0.0648844,0.00178535,-0.000597638,0.000219596,-2.12832e-05,0,0,0.152107,-0.000595076,0.421303,-0.00897586,-0.0211464,0.00110801,-0.00140583,0,0,-2.94903e-11,0.0365171,0.00251966,-0.0154431,-0.00192111,0.00295064,-0.000134273,0,0,0.00179501,-0.0804072,-0.00886899,0.60726,0.0205235,0.0574992,-0.00172815,0,0,1.04083e-11,0.0197863,0.0114265,-0.0297021,0.0139683,-0.00595412,0.00064606,0,0,-0.0668241,0.0348465,-0.210729,0.205545,0.32105,-0.0394277,0.0321828,0,0,-6.93889e-12,0.0579952,-0.00432341,-0.0122041,0.00201889,-0.05694,0.00237158,0,0,-0.00379214,-0.171807,0.0112366,0.575528,-0.0393342,0.399767,-0.00508227,0,0,-3.46945e-12,-0.00311684,0.0014981,0.00475831,1.82361e-06,0.00367768,0.000280489,0,0,-0.0273523,-0.00645929,-0.0141308,-0.01739,0.0322733,-0.00509754,0.0658979,0,0,0,0,-1.20024e-12,0,0,0,-1.20024e-12,0,0,0,0,0,0,0,0,0,0.905991,4.22605e-09,0,0,0,0,1.20024e-12,0,0,0,0,0,0,0,0,0,0,0,4.22575e-09,0.905991,
0,0.00448814,-0.0174603,-0.000306146,0.000509745,3.17612e-06,2.21559e-05,0,0,0.447968,-0.0127488,0.151265,0.00163346,-0.00674786,-0.000394489,-0.00273958,0,0,0,0.0784368,-0.00358663,0.0195581,0.00153867,0.00129406,-5.44651e-05,0,0,-0.0127163,0.630747,-0.000694551,-0.0791494,0.00354393,-0.0171237,-0.000654147,0,0,1.73472e-12,-0.00481968,0.0649235,0.00179512,-0.000594947,0.000221596,-2.1346e-05,0,0,0.151889,-0.000598491,0.421425,-0.00898988,-0.0211319,0.00111444,-0.00140714,0,0,-3.46945e-12,0.0364614,0.00252299,-0.0153964,-0.0019144,0.00294957,-0.000134286,0,0,0.00178974,-0.0804171,-0.00888272,0.607255,0.0205235,0.0574995,-0.0017269,0,0,6.93889e-12,0.0197621,0.0114834,-0.0296756,0.0139019,-0.00598099,0.000646861,0,0,-0.0664646,0.0348639,-0.210583,0.205545,0.321115,-0.0394236,0.0321667,0,0,-1.38778e-11,0.0580198,-0.00430921,-0.0122834,0.00198264,-0.0568991,0.00237116,0,0,-0.00369233,-0.171696,0.0113012,0.575532,-0.03933,0.399783,-0.00508298,0,0,-1.73472e-12,-0.00311565,0.00149704,0.00475796,6.42827e-06,0.00367889,0.00028164,0,0,-0.0273725,-0.00646485,-0.0141441,-0.0173778,0.0322574,-0.00509827,0.0658991,0,0,0,0,0,0,0,-2.40048e-12,0,0,0,0,0,0,0,0,0,0,0.905991,-4.51591e-09,0,0,0,0,0,-2.40048e-12,0,0,0,0,0,0,0,0,0,0,-4.51501e-09,0.905991,
-4.33681e-12,0.00448347,-0.017448,-0.000305364,0.000506777,3.59431e-06,2.21114e-05,0,0,0.448146,-0.012755,0.151046,0.00162786,-0.00671196,-0.000384529,-0.0027416,0,0,1.38778e-11,0.0784284,-0.00358331,0.0195115,0.00153606,0.0012943,-5.44997e-05,0,0,-0.0127225,0.630752,-0.000698078,-0.079158,0.00354572,-0.0171125,-0.000654716,0,0,1.73472e-11,-0.00481875,0.0649627,0.00180491,-0.000592249,0.000223598,-2.1409e-05,0,0,0.151671,-0.000601921,0.421547,-0.00900392,-0.0211173,0.00112088,-0.00140846,0,0,1.38778e-11,0.0364057,0.00252632,-0.0153497,-0.00190767,0.00294849,-0.000134299,0,0,0.00178447,-0.080427,-0.00889647,0.607251,0.0205235,0.0574997,-0.00172566,0,0,6.93889e-12,0.0197379,0.0115403,-0.0296491,0.0138355,-0.00600792,0.000647662,0,0,-0.0661051,0.0348813,-0.210436,0.205545,0.32118,-0.0394195,0.0321506,0,0,-2.08167e-11,0.0580443,-0.00429499,-0.0123628,0.00194631,-0.0568581,0.00237073,0,0,-0.00359244,-0.171585,0.011366,0.575536,-0.0393258,0.399799,-0.00508368,0,0,0,-0.00311445,0.00149599,0.0047576,1.10356e-05,0.00368009,0.000282794,0,0,-0.0273927,-0.00647042,-0.0141574,-0.0173655,0.0322414,-0.005099,0.0659004,0,0,0,0,0,0,0,0,0,5.64113e-11,0,0,0,0,0,0,0,0,0.905991,-4.66444e-09,0,0,0,0,-2.40048e-12,0,0,0,0,0,0,0,0,0,0,0,-4.66474e-09,0.905991,
-4.33681e-13,0.0044788,-0.0174355,-0.00030459,0.000503816,4.01381e-06,2.20668e-05,0,0,0.448324,-0.0127612,0.150826,0.00162226,-0.00667606,-0.000374561,-0.00274362,0,0,-1.38778e-11,0.07842,-0.00357997,0.0194647,0.00153344,0.00129453,-5.45343e-05,0,0,-0.0127286,0.630757,-0.000701622,-0.0791666,0.00354752,-0.0171013,-0.000655285,0,0,0,-0.00481781,0.0650018,0.0018147,-0.000589543,0.000225604,-2.1472e-05,0,0,0.151452,-0.000605367,0.42167,-0.00901798,-0.0211028,0.00112734,-0.00140978,0,0,3.46945e-12,0.0363498,0.00252966,-0.0153029,-0.00190093,0.00294741,-0.000134313,0,0,0.0017792,-0.080437,-0.00891023,0.607246,0.0205235,0.0574999,-0.00172441,0,0,-6.93889e-12,0.0197136,0.0115973,-0.0296226,0.0137689,-0.0060349,0.000648462,0,0,-0.0657456,0.0348988,-0.21029,0.205545,0.321246,-0.0394154,0.0321345,0,0,-6.245e-11,0.0580689,-0.00428074,-0.0124423,0.00190992,-0.056817,0.0023703,0,0,-0.00349247,-0.171474,0.0114309,0.57554,-0.0393216,0.399816,-0.00508439,0,0,-3.46945e-12,-0.00311325,0.00149493,0.00475723,1.56456e-05,0.00368129,0.000283949,0,0,-0.0274129,-0.00647599,-0.0141707,-0.0173531,0.0322255,-0.00509973,0.0659016,0,0,0,0,-1.20024e-12,0,0,-1.20024e-12,0,0,0,0,0,0,0,0,0,0,0.905991,-4.65544e-09,0,0,0,0,0,0,0,0,0,0,0,0,0,0,0,0,-4.65544e-09,0.905991,
1.30104e-12,0.00447413,-0.0174231,-0.000303823,0.000500861,4.43585e-06,2.20219e-05,0,0,0.448502,-0.0127675,0.150607,0.00161667,-0.00664016,-0.000364585,-0.00274564,0,0,0,0.0784114,-0.00357662,0.019418,0.00153082,0.00129476,-5.45688e-05,0,0,-0.0127348,0.630763,-0.000705182,-0.0791752,0.00354932,-0.0170901,-0.000655854,0,0,-5.20417e-12,-0.00481686,0.0650409,0.00182452,-0.000586829,0.000227616,-2.15351e-05,0,0,0.151234,-0.000608828,0.421792,-0.00903204,-0.0210882,0.00113381,-0.00141111,0,0,2.08167e-11,0.0362939,0.002533,-0.015256,-0.00189418,0.00294632,-0.000134326,0,0,0.00177395,-0.0804469,-0.008924,0.607242,0.0205235,0.0575001,-0.00172316,0,0,0,0.0196893,0.0116544,-0.029596,0.0137022,-0.00606193,0.000649263,0,0,-0.0653862,0.0349163,-0.210143,0.205545,0.321311,-0.0394113,0.0321184,0,0,1.38778e-11,0.0580934,-0.00426645,-0.0125217,0.00187345,-0.0567758,0.00236986,0,0,-0.00339242,-0.171363,0.011496,0.575544,-0.0393173,0.399832,-0.00508509,0,0,-3.46945e-12,-0.00311204,0.00149388,0.00475686,2.02583e-05,0.0036825,0.000285107,0,0,-0.0274331,-0.00648157,-0.014184,-0.0173408,0.0322095,-0.00510045,0.0659028,0,0,0,0,0,0,0,0,0,0,0,0,0,0,0,0,0,0,0.905991,-4.50571e-09,0,0,0,0,0,0,0,0,0,0,0,0,0,0,0,0,-4.5048e-09,0.905991,
-3.46945e-12,0.00446945,-0.0174105,-0.000303061,0.000497913,4.86091e-06,2.19769e-05,0,0,0.44868,-0.0127737,0.150386,0.00161109,-0.00660427,-0.0003546,-0.00274765,0,0,0,0.0784028,-0.00357326,0.0193711,0.0015282,0.00129499,-5.46034e-05,0,0,-0.012741,0.630768,-0.000708758,-0.0791838,0.00355113,-0.0170789,-0.000656424,0,0,1.30104e-11,-0.00481591,0.06508,0.00183435,-0.000584106,0.000229633,-2.15983e-05,0,0,0.151014,-0.000612305,0.421914,-0.00904612,-0.0210736,0.00114029,-0.00141243,0,0,8.67362e-12,0.0362379,0.00253635,-0.0152091,-0.00188741,0.00294524,-0.000134339,0,0,0.0017687,-0.0804568,-0.00893779,0.607237,0.0205235,0.0575004,-0.00172191,0,0,-2.42861e-11,0.0196649,0.0117115,-0.0295694,0.0136354,-0.00608902,0.000650063,0,0,-0.0650267,0.0349339,-0.209996,0.205545,0.321377,-0.0394071,0.0321023,0,0,-8.32667e-11,0.0581179,-0.00425214,-0.0126012,0.00183691,-0.0567346,0.00236943,0,0,-0.00329229,-0.171252,0.0115611,0.575547,-0.039313,0.399848,-0.00508579,0,0,3.46945e-12,-0.00311083,0.00149283,0.00475649,2.48738e-05,0.0036837,0.000286266,0,0,-0.0274532,-0.00648716,-0.0141974,-0.0173284,0.0321935,-0.00510117,0.065904,0,0,0,0,0,0,0,0,0,0,0,0,0,0,0,0,0,0,0.905991,4.25545e-09,0,0,0,0,0,0,0,0,0,0,0,0,0,0,0,0,4.25545e-09,0.905991,
4.33681e-13,0.00446477,-0.0173979,-0.000302304,0.000494971,5.28922e-06,2.19317e-05,0,0,0.448858,-0.0127799,0.150166,0.00160552,-0.00656837,-0.000344607,-0.00274967,0,0,1.38778e-11,0.0783942,-0.00356988,0.0193242,0.00152558,0.00129522,-5.46378e-05,0,0,-0.0127472,0.630773,-0.00071235,-0.0791924,0.00355294,-0.0170677,-0.000656995,0,0,-2.60209e-12,-0.00481496,0.0651191,0.0018442,-0.000581375,0.000231656,-2.16616e-05,0,0,0.150795,-0.000615797,0.422035,-0.00906022,-0.0210589,0.00114679,-0.00141376,0,0,-2.51535e-11,0.0361818,0.0025397,-0.0151621,-0.00188063,0.00294414,-0.000134352,0,0,0.00176346,-0.0804667,-0.00895159,0.607233,0.0205235,0.0575005,-0.00172066,0,0,3.46945e-12,0.0196405,0.0117688,-0.0295426,0.0135685,-0.00611616,0.000650863,0,0,-0.0646674,0.0349515,-0.209849,0.205545,0.321443,-0.0394029,0.0320861,0,0,8.32667e-11,0.0581424,-0.00423779,-0.0126807,0.00180029,-0.0566932,0.00236899,0,0,-0.00319208,-0.171141,0.0116264,0.575551,-0.0393087,0.399864,-0.00508649,0,0,0,-0.00310961,0.00149178,0.0047561,2.9492e-05,0.0036849,0.000287428,0,0,-0.0274733,-0.00649275,-0.0142108,-0.0173161,0.0321775,-0.00510189,0.0659053,0,0,0,-1.20024e-12,0,-1.20024e-12,0,-1.20024e-12,0,1.14023e-10,0,0,0,0,0,0,0,0,0.905991,4.15403e-09,0,0,0,0,0,0,0,0,0,0,0,0,0,0,0,0,4.15313e-09,0.905991,
-3.03577e-12,0.00446009,-0.0173852,-0.000301551,0.000492036,5.72089e-06,2.18864e-05,0,0,0.449036,-0.0127861,0.149945,0.00159996,-0.00653248,-0.000334606,-0.00275167,0,0,-1.38778e-11,0.0783854,-0.00356649,0.0192773,0.00152295,0.00129544,-5.46723e-05,0,0,-0.0127533,0.630779,-0.000715959,-0.079201,0.00355475,-0.0170565,-0.000657566,0,0,9.54098e-12,-0.00481399,0.0651582,0.00185407,-0.000578635,0.000233684,-2.1725e-05,0,0,0.150575,-0.000619305,0.422157,-0.00907432,-0.0210443,0.0011533,-0.00141509,0,0,9.54098e-12,0.0361256,0.00254306,-0.0151151,-0.00187383,0.00294305,-0.000134364,0,0,0.00175823,-0.0804766,-0.0089654,0.607229,0.0205235,0.0575007,-0.0017194,0,0,-1.73472e-11,0.0196161,0.011826,-0.0295159,0.0135014,-0.00614336,0.000651662,0,0,-0.064308,0.0349691,-0.209702,0.205544,0.321509,-0.0393987,0.03207,0,0,-6.93889e-11,0.0581669,-0.00422341,-0.0127603,0.00176358,-0.0566518,0.00236855,0,0,-0.00309179,-0.17103,0.0116919,0.575555,-0.0393044,0.39988,-0.00508718,0,0,0,-0.00310839,0.00149073,0.00475571,3.41131e-05,0.0036861,0.000288592,0,0,-0.0274933,-0.00649834,-0.0142242,-0.0173037,0.0321615,-0.00510261,0.0659065,0,0,0,0,-3.60072e-12,3.60072e-12,3.60072e-12,0,0,0,0,0,0,0,0,0,0,0,0.905991,4.16664e-09,0,0,0,0,0,0,0,0,0,0,0,0,0,0,0,0,4.16574e-09,0.905991,
8.67362e-13,0.00445541,-0.0173725,-0.000300802,0.000489107,6.15419e-06,2.18409e-05,0,0,0.449215,-0.0127924,0.149725,0.0015944,-0.0064966,-0.000324597,-0.00275368,0,0,0,0.0783767,-0.00356309,0.0192303,0.00152031,0.00129566,-5.47068e-05,0,0,-0.0127595,0.630784,-0.000719584,-0.0792096,0.00355657,-0.0170453,-0.000658138,0,0,-2.60209e-12,-0.00481302,0.0651972,0.00186397,-0.000575888,0.000235717,-2.17884e-05,0,0,0.150355,-0.000622828,0.422279,-0.00908844,-0.0210296,0.00115982,-0.00141642,0,0,-1.30104e-11,0.0360694,0.00254643,-0.015068,-0.00186702,0.00294195,-0.000134377,0,0,0.00175301,-0.0804865,-0.00897923,0.607224,0.0205234,0.0575009,-0.00171815,0,0,6.93889e-12,0.0195915,0.0118834,-0.029489,0.0134343,-0.00617061,0.000652462,0,0,-0.0639487,0.0349868,-0.209554,0.205543,0.321574,-0.0393944,0.0320538,0,0,2.77556e-11,0.0581914,-0.00420901,-0.0128398,0.0017268,-0.0566103,0.00236811,0,0,-0.00299144,-0.170919,0.0117574,0.575558,-0.0393001,0.399897,-0.00508787,0,0,0,-0.00310717,0.00148969,0.00475532,3.87368e-05,0.0036873,0.000289758,0,0,-0.0275133,-0.00650395,-0.0142376,-0.0172913,0.0321455,-0.00510333,0.0659077,0,0,0,1.20024e-12,1.20024e-12,0,0,-1.20024e-12,-1.20024e-12,0,0,0,0,0,0,0,0,0,0.905991,4.28336e-09,0,-1.20024e-12,0,0,-1.20024e-12,1.20024e-12,1.20024e-12,0,0,0,0,0,0,0,0,0,4.28336e-09,0.905991,
8.67362e-13,0.00445073,-0.0173597,-0.000300046,0.000486185,6.59313e-06,2.17951e-05,0,0,0.449393,-0.0127986,0.149503,0.00158886,-0.00646071,-0.000314581,-0.00275568,0,0,0,0.0783678,-0.00355968,0.0191832,0.00151768,0.00129588,-5.47412e-05,0,0,-0.0127657,0.630789,-0.000723226,-0.0792182,0.00355839,-0.017034,-0.00065871,0,0,-3.46945e-12,-0.00481204,0.0652363,0.00187392,-0.000573131,0.000237759,-2.1852e-05,0,0,0.150135,-0.000626368,0.422401,-0.00910258,-0.0210149,0.00116635,-0.00141775,0,0,8.67362e-12,0.036013,0.0025498,-0.0150209,-0.00186019,0.00294085,-0.000134389,0,0,0.0017478,-0.0804964,-0.00899307,0.60722,0.0205233,0.0575011,-0.00171689,0,0,-6.93889e-12,0.019567,0.0119408,-0.0294621,0.013367,-0.00619795,0.000653262,0,0,-0.0635894,0.0350045,-0.209406,0.205542,0.32164,-0.0393902,0.0320376,0,0,3.46945e-11,0.0582158,-0.00419456,-0.0129194,0.00168991,-0.0565687,0.00236766,0,0,-0.00289101,-0.170808,0.0118231,0.575561,-0.0392957,0.399913,-0.00508856,0,0,1.73472e-12,-0.00310594,0.00148864,0.00475492,4.33645e-05,0.00368851,0.000290927,0,0,-0.0275333,-0.00650955,-0.014251,-0.0172788,0.0321295,-0.00510404,0.0659089,0,0,0,0,0,0,0,0,0,0,0,0,0,0,0,0,0,0,0.905991,-4.51411e-09,0,0,0,0,0,0,0,0,0,0,0,0,0,0,0,0,-4.51411e-09,0.905991,
4.33681e-12,0.004446,-0.0173468,-0.000299299,0.000483279,6.9466e-06,2.17514e-05,0,0,0.449572,-0.0128048,0.149282,0.00158332,-0.00642483,-0.000304559,-0.00275768,0,0,0,0.0783589,-0.00355624,0.0191361,0.00151503,0.0012961,-5.47762e-05,0,0,-0.0127719,0.630794,-0.000726885,-0.0792267,0.00356022,-0.0170228,-0.000659283,0,0,-1.99493e-11,-0.00481106,0.0652753,0.00188379,-0.000570387,0.000239738,-2.19146e-05,0,0,0.149915,-0.000629923,0.422523,-0.00911672,-0.0210002,0.0011729,-0.00141909,0,0,3.98986e-11,0.0359566,0.00255318,-0.0149737,-0.00185336,0.00293974,-0.000134403,0,0,0.00174259,-0.0805063,-0.00900692,0.607216,0.0205232,0.0575012,-0.00171563,0,0,-2.08167e-11,0.0195424,0.0119982,-0.0294352,0.0132996,-0.00622543,0.000654071,0,0,-0.0632302,0.0350223,-0.209258,0.205541,0.321707,-0.0393859,0.0320214,0,0,-9.71445e-11,0.0582403,-0.0041801,-0.0129991,0.00165305,-0.056527,0.00236724,0,0,-0.00279051,-0.170697,0.0118889,0.575564,-0.0392913,0.399929,-0.00508925,0,0,0,-0.00310471,0.0014876,0.00475451,4.79898e-05,0.00368976,0.0002921,0,0,-0.0275533,-0.00651516,-0.0142645,-0.0172664,0.0321135,-0.00510475,0.0659102,0,0,0,0,0,0,0,0,0,0,0,0,0,0,0,0,0,0,0.905991,-4.60112e-09,0,-1.20024e-12,0,0,1.20024e-12,-1.20024e-12,0,0,0,0,0,0,0,0,0,0,-4.60082e-09,0.905991,
-8.67362e-13,0.00444128,-0.0173339,-0.000298587,0.000480382,7.31738e-06,2.17071e-05,0,0,0.44975,-0.0128111,0.14906,0.00157779,-0.00638896,-0.00029453,-0.00275968,0,0,0,0.0783499,-0.00355278,0.0190889,0.00151239,0.00129631,-5.48111e-05,0,0,-0.0127781,0.630799,-0.000730559,-0.0792353,0.00356205,-0.0170116,-0.000659856,0,0,6.07153e-12,-0.00481008,0.0653143,0.00189362,-0.000567629,0.000241731,-2.19775e-05,0,0,0.149694,-0.000633494,0.422645,-0.00913088,-0.0209855,0.00117946,-0.00142042,0,0,6.07153e-12,0.0359001,0.00255655,-0.0149265,-0.00184653,0.00293863,-0.000134416,0,0,0.00173739,-0.0805162,-0.00902079,0.607211,0.0205231,0.0575013,-0.00171436,0,0,6.93889e-12,0.0195177,0.0120558,-0.0294083,0.0132321,-0.00625288,0.000654876,0,0,-0.0628709,0.0350401,-0.20911,0.20554,0.321773,-0.0393815,0.0320052,0,0,-4.85723e-11,0.0582647,-0.00416561,-0.0130787,0.00161618,-0.0564852,0.00236681,0,0,-0.00268994,-0.170586,0.0119549,0.575567,-0.0392868,0.399946,-0.00508994,0,0,-1.73472e-12,-0.00310348,0.00148656,0.00475409,5.26157e-05,0.003691,0.000293273,0,0,-0.0275732,-0.00652078,-0.014278,-0.0172539,0.0320974,-0.00510546,0.0659114,0,0,0,0,0,0,0,0,0,1.14023e-10,0,0,0,0,0,0,0,0,0.905991,-4.53901e-09,0,0,0,0,0,0,0,0,0,0,0,0,0,0,0,0,-4.53901e-09,0.905991,
-6.07153e-12,0.00443655,-0.0173209,-0.000297898,0.000477492,7.69036e-06,2.16627e-05,0,0,0.449929,-0.0128173,0.148838,0.00157226,-0.00635309,-0.000284494,-0.00276167,0,0,1.38778e-11,0.0783408,-0.0035493,0.0190416,0.00150974,0.00129653,-5.4846e-05,0,0,-0.0127843,0.630805,-0.00073425,-0.0792439,0.00356389,-0.0170003,-0.00066043,0,0,2.42861e-11,-0.0048091,0.0653533,0.00190343,-0.000564863,0.000243728,-2.20404e-05,0,0,0.149473,-0.000637081,0.422766,-0.00914505,-0.0209707,0.00118604,-0.00142176,0,0,-5.20417e-12,0.0358435,0.00255994,-0.0148792,-0.00183968,0.00293751,-0.000134429,0,0,0.0017322,-0.0805261,-0.00903467,0.607207,0.020523,0.0575014,-0.0017131,0,0,1.73472e-11,0.019493,0.0121134,-0.0293813,0.0131646,-0.00628034,0.00065568,0,0,-0.0625118,0.0350579,-0.208962,0.205539,0.321839,-0.0393772,0.031989,0,0,1.38778e-11,0.0582892,-0.00415109,-0.0131584,0.00157927,-0.0564433,0.00236638,0,0,-0.00258928,-0.170474,0.0120209,0.57557,-0.0392824,0.399962,-0.00509062,0,0,0,-0.00310224,0.00148552,0.00475367,5.7243e-05,0.00369224,0.000294447,0,0,-0.0275931,-0.0065264,-0.0142915,-0.0172414,0.0320813,-0.00510617,0.0659126,0,0,0,0,0,0,0,0,0,0,0,0,0,0,0,0,0,0,0.905991,-4.35507e-09,0,0,0,0,0,0,0,0,0,0,0,0,0,0,0,0,-4.35507e-09,0.905991,
-1.73472e-12,0.00443183,-0.0173078,-0.000297225,0.000474608,8.09071e-06,2.16175e-05,0,0,0.450108,-0.0128236,0.148616,0.00156675,-0.00631722,-0.00027445,-0.00276366,0,0,-1.38778e-11,0.0783317,-0.00354582,0.0189943,0.00150709,0.00129674,-5.48807e-05,0,0,-0.0127905,0.63081,-0.000737956,-0.0792524,0.00356573,-0.0169891,-0.000661004,0,0,3.46945e-12,-0.00480812,0.0653923,0.00191325,-0.000562082,0.000245748,-2.21036e-05,0,0,0.149252,-0.000640685,0.422888,-0.00915924,-0.0209559,0.00119262,-0.00142311,0,0,8.67362e-12,0.0357868,0.00256332,-0.0148318,-0.00183282,0.00293639,-0.000134442,0,0,0.00172702,-0.080536,-0.00904856,0.607203,0.0205229,0.0575015,-0.00171183,0,0,-1.38778e-11,0.0194683,0.012171,-0.0293543,0.0130969,-0.0063078,0.00065648,0,0,-0.0621526,0.0350758,-0.208813,0.205538,0.321905,-0.0393728,0.0319728,0,0,0,0.0583136,-0.00413655,-0.0132381,0.00154228,-0.0564013,0.00236594,0,0,-0.00248854,-0.170363,0.0120872,0.575573,-0.0392779,0.399978,-0.00509131,0,0,3.46945e-12,-0.00310099,0.00148448,0.00475324,6.18738e-05,0.00369346,0.000295621,0,0,-0.027613,-0.00653202,-0.014305,-0.0172289,0.0320653,-0.00510688,0.0659138,0,0,0,0,0,0,0,0,0,-5.76116e-11,0,0,0,0,0,0,0,0,0.905991,4.09192e-09,0,0,0,0,0,0,0,0,0,0,0,0,0,0,0,0,4.09282e-09,0.905991,
2.1684e-12,0.00442711,-0.0172947,-0.000296557,0.00047173,8.51465e-06,2.15716e-05,0,0,0.450287,-0.0128298,0.148393,0.00156124,-0.00628135,-0.000264397,-0.00276565,0,0,0,0.0783225,-0.00354232,0.018947,0.00150444,0.00129695,-5.49152e-05,0,0,-0.0127967,0.630815,-0.000741679,-0.079261,0.00356758,-0.0169779,-0.000661579,0,0,-6.93889e-12,-0.00480714,0.0654313,0.00192312,-0.000559287,0.00024779,-2.21672e-05,0,0,0.14903,-0.000644305,0.423009,-0.00917344,-0.0209411,0.00119922,-0.00142445,0,0,1.99493e-11,0.03573,0.00256672,-0.0147844,-0.00182593,0.00293527,-0.000134453,0,0,0.00172184,-0.0805459,-0.00906246,0.607199,0.0205228,0.0575016,-0.00171056,0,0,-6.93889e-12,0.0194435,0.0122287,-0.0293271,0.0130291,-0.00633529,0.000657277,0,0,-0.0617935,0.0350938,-0.208664,0.205536,0.321972,-0.0393684,0.0319565,0,0,-6.93889e-11,0.058338,-0.00412197,-0.0133178,0.00150519,-0.0563593,0.0023655,0,0,-0.00238772,-0.170252,0.0121535,0.575575,-0.0392734,0.399995,-0.00509199,0,0,-1.73472e-12,-0.00309974,0.00148345,0.0047528,6.65091e-05,0.00369466,0.000296797,0,0,-0.0276328,-0.00653765,-0.0143186,-0.0172164,0.0320492,-0.00510758,0.0659151,0,0,0,-1.20024e-12,0,0,-1.20024e-12,0,0,0,0,0,0,0,0,0,0,0,0.905991,3.9698e-09,0,0,0,0,0,0,0,0,0,0,0,0,0,0,0,0,3.9707e-09,0.905991,
3.03577e-12,0.0044224,-0.0172815,-0.000295885,0.000468858,8.95434e-06,2.15252e-05,0,0,0.450466,-0.0128361,0.148171,0.00155574,-0.00624549,-0.000254337,-0.00276763,0,0,0,0.0783133,-0.00353882,0.0188996,0.00150179,0.00129715,-5.49497e-05,0,0,-0.0128028,0.63082,-0.000745418,-0.0792695,0.00356942,-0.0169666,-0.000662155,0,0,-1.38778e-11,-0.00480614,0.0654703,0.00193305,-0.000556479,0.000249848,-2.22309e-05,0,0,0.148808,-0.000647941,0.423131,-0.00918766,-0.0209263,0.00120584,-0.0014258,0,0,8.67362e-12,0.0356732,0.00257012,-0.014737,-0.00181903,0.00293414,-0.000134465,0,0,0.00171667,-0.0805557,-0.00907638,0.607194,0.0205226,0.0575017,-0.00170929,0,0,-3.81639e-11,0.0194186,0.0122865,-0.0293,0.0129612,-0.00636286,0.000658072,0,0,-0.0614345,0.0351118,-0.208515,0.205534,0.322039,-0.039364,0.0319403,0,0,-8.32667e-11,0.0583623,-0.00410735,-0.0133975,0.00146798,-0.0563171,0.00236505,0,0,-0.00228682,-0.170141,0.01222,0.575578,-0.0392689,0.400011,-0.00509266,0,0,1.73472e-12,-0.00309849,0.00148241,0.00475236,7.11492e-05,0.00369586,0.000297976,0,0,-0.0276526,-0.00654329,-0.0143322,-0.0172038,0.0320331,-0.00510828,0.0659163,0,0,0,-1.20024e-12,0,0,1.20024e-12,0,0,0,0,0,0,0,0,0,0,0,0.905991,3.95209e-09,0,-2.40048e-12,0,0,2.40048e-12,0,0,0,0,0,0,0,0,0,0,0,3.95179e-09,0.905991,
4.33681e-13,0.0044177,-0.0172683,-0.000295209,0.000465992,9.40369e-06,2.14784e-05,0,0,0.450645,-0.0128423,0.147948,0.00155024,-0.00620963,-0.000244268,-0.00276961,0,0,-1.38778e-11,0.0783039,-0.0035353,0.0188522,0.00149913,0.00129736,-5.49841e-05,0,0,-0.012809,0.630825,-0.000749173,-0.079278,0.00357128,-0.0169554,-0.000662731,0,0,-2.60209e-12,-0.00480512,0.0655092,0.00194302,-0.000553661,0.000251918,-2.22949e-05,0,0,0.148586,-0.000651593,0.423253,-0.00920189,-0.0209115,0.00121246,-0.00142715,0,0,-2.68882e-11,0.0356162,0.00257353,-0.0146895,-0.00181211,0.00293301,-0.000134476,0,0,0.00171151,-0.0805656,-0.00909031,0.60719,0.0205224,0.0575018,-0.00170802,0,0,1.38778e-11,0.0193937,0.0123444,-0.0292727,0.0128931,-0.00639049,0.000658866,0,0,-0.0610755,0.0351298,-0.208366,0.205532,0.322105,-0.0393596,0.031924,0,0,1.17961e-10,0.0583867,-0.0040927,-0.0134772,0.00143066,-0.0562749,0.00236459,0,0,-0.00218585,-0.170029,0.0122866,0.57558,-0.0392643,0.400028,-0.00509334,0,0,0,-0.00309723,0.00148138,0.00475191,7.57939e-05,0.00369706,0.000299158,0,0,-0.0276724,-0.00654893,-0.0143458,-0.0171913,0.032017,-0.00510898,0.0659175,0,0,0,0,0,0,0,0,0,0,0,0,0,0,0,0,0,0,0.905991,4.02441e-09,0,0,0,0,0,0,0,0,0,0,0,0,0,0,0,0,4.02501e-09,0.905991,
-4.33681e-13,0.004413,-0.017255,-0.000294528,0.000463132,9.85897e-06,2.14313e-05,0,0,0.450824,-0.0128485,0.147724,0.00154476,-0.00617378,-0.000234191,-0.00277159,0,0,0,0.0782945,-0.00353178,0.0188047,0.00149646,0.00129756,-5.50184e-05,0,0,-0.0128152,0.63083,-0.000752945,-0.0792865,0.00357314,-0.0169441,-0.000663307,0,0,0,-0.0048041,0.0655482,0.00195304,-0.000550834,0.000253996,-2.23589e-05,0,0,0.148364,-0.000655261,0.423374,-0.00921613,-0.0208966,0.00121911,-0.0014285,0,0,7.80626e-12,0.0355592,0.00257695,-0.0146419,-0.00180517,0.00293188,-0.000134487,0,0,0.00170637,-0.0805755,-0.00910426,0.607186,0.0205222,0.0575018,-0.00170675,0,0,-3.46945e-12,0.0193688,0.0124023,-0.0292454,0.012825,-0.00641821,0.000659661,0,0,-0.0607165,0.0351478,-0.208217,0.20553,0.322172,-0.0393551,0.0319078,0,0,3.46945e-11,0.058411,-0.00407802,-0.013557,0.00139323,-0.0562326,0.00236413,0,0,-0.0020848,-0.169918,0.0123534,0.575582,-0.0392597,0.400045,-0.00509401,0,0,3.46945e-12,-0.00309597,0.00148035,0.00475146,8.04429e-05,0.00369826,0.000300342,0,0,-0.0276921,-0.00655458,-0.0143594,-0.0171787,0.0320009,-0.00510968,0.0659187,0,0,0,0,0,1.20024e-12,0,0,0,1.20024e-12,0,0,0,0,0,0,0,0,0.905991,4.18884e-09,0,0,0,-1.20024e-12,0,0,0,0,0,0,0,0,0,0,0,0,4.18884e-09,0.905991,
1.30104e-12,0.00440829,-0.0172416,-0.000293846,0.000460278,1.0318e-05,2.13841e-05,0,0,0.451003,-0.0128548,0.147501,0.00153928,-0.00613793,-0.000224107,-0.00277356,0,0,0,0.0782851,-0.00352825,0.0187571,0.00149379,0.00129776,-5.50528e-05,0,0,-0.0128214,0.630835,-0.000756733,-0.0792951,0.003575,-0.0169328,-0.000663885,0,0,-6.07153e-12,-0.00480306,0.0655871,0.0019631,-0.000547999,0.000256082,-2.24231e-05,0,0,0.148141,-0.000658945,0.423495,-0.00923039,-0.0208817,0.00122576,-0.00142985,0,0,3.03577e-11,0.0355021,0.00258037,-0.0145943,-0.00179821,0.00293075,-0.000134498,0,0,0.00170123,-0.0805853,-0.00911822,0.607182,0.020522,0.0575019,-0.00170547,0,0,-1.73472e-11,0.0193438,0.0124603,-0.029218,0.0127567,-0.006446,0.000660455,0,0,-0.0603576,0.035166,-0.208067,0.205528,0.322239,-0.0393506,0.0318915,0,0,-6.93889e-11,0.0584354,-0.0040633,-0.0136368,0.0013557,-0.0561902,0.00236367,0,0,-0.00198368,-0.169806,0.0124203,0.575584,-0.0392551,0.400061,-0.00509468,0,0,-3.46945e-12,-0.0030947,0.00147931,0.004751,8.50954e-05,0.00369946,0.000301529,0,0,-0.0277119,-0.00656023,-0.014373,-0.0171661,0.0319847,-0.00511038,0.0659199,0,0,0,0,0,0,0,0,0,0,0,0,0,0,0,0,0,0,0.905991,-4.4649e-09,0,0,0,0,0,0,0,0,0,0,0,0,0,0,0,0,-4.4643e-09,0.905991,
0,0.00440359,-0.0172282,-0.000293164,0.000457427,1.07883e-05,2.13365e-05,0,0,0.451182,-0.0128611,0.147277,0.00153381,-0.00610209,-0.000214015,-0.00277553,0,0,0,0.0782755,-0.00352471,0.0187096,0.00149112,0.00129795,-5.5087e-05,0,0,-0.0128276,0.63084,-0.000760538,-0.0793036,0.00357686,-0.0169216,-0.000664462,0,0,0,-0.00480202,0.065626,0.0019732,-0.000545155,0.000258179,-2.24875e-05,0,0,0.147918,-0.000662645,0.423617,-0.00924466,-0.0208668,0.00123243,-0.00143121,0,0,-8.67362e-13,0.0354449,0.00258381,-0.0145467,-0.00179124,0.00292961,-0.000134509,0,0,0.00169609,-0.0805952,-0.00913219,0.607178,0.0205218,0.0575019,-0.00170419,0,0,-6.93889e-12,0.0193187,0.0125184,-0.0291905,0.0126883,-0.00647386,0.00066125,0,0,-0.0599988,0.0351841,-0.207917,0.205526,0.322306,-0.0393461,0.0318752,0,0,-6.93889e-12,0.0584597,-0.00404856,-0.0137166,0.00131807,-0.0561477,0.00236321,0,0,-0.00188249,-0.169695,0.0124873,0.575586,-0.0392505,0.400078,-0.00509535,0,0,0,-0.00309343,0.00147829,0.00475054,8.97513e-05,0.00370065,0.000302719,0,0,-0.0277315,-0.00656589,-0.0143867,-0.0171535,0.0319686,-0.00511107,0.0659212,0,0,0,0,0,0,0,0,0,0,0,0,0,0,0,0,0,0,0.905991,-4.60292e-09,0,0,-1.20024e-12,-1.20024e-12,0,-1.20024e-12,-1.20024e-12,0,0,0,0,0,0,0,0,0,-4.60202e-09,0.905991,
3.03577e-12,0.00439889,-0.0172147,-0.000292477,0.000454581,1.12611e-05,2.12887e-05,0,0,0.451362,-0.0128673,0.147052,0.00152835,-0.00606625,-0.000203916,-0.0027775,0,0,0,0.078266,-0.00352116,0.0186619,0.00148844,0.00129814,-5.51212e-05,0,0,-0.0128339,0.630845,-0.000764361,-0.0793121,0.00357873,-0.0169103,-0.00066504,0,0,-1.12757e-11,-0.00480096,0.065665,0.00198334,-0.000542304,0.000260282,-2.25521e-05,0,0,0.147695,-0.000666362,0.423738,-0.00925894,-0.0208519,0.00123911,-0.00143256,0,0,4.25007e-11,0.0353876,0.00258725,-0.0144989,-0.00178425,0.00292847,-0.000134519,0,0,0.00169097,-0.0806051,-0.00914617,0.607174,0.0205216,0.0575019,-0.00170291,0,0,-1.38778e-11,0.0192936,0.0125765,-0.0291629,0.0126197,-0.00650178,0.000662045,0,0,-0.05964,0.0352023,-0.207767,0.205523,0.322373,-0.0393415,0.0318589,0,0,-1.59595e-10,0.058484,-0.00403377,-0.0137965,0.00128034,-0.0561052,0.00236274,0,0,-0.00178124,-0.169583,0.0125544,0.575588,-0.0392458,0.400094,-0.00509601,0,0,3.46945e-12,-0.00309215,0.00147726,0.00475007,9.44102e-05,0.00370185,0.000303911,0,0,-0.0277512,-0.00657155,-0.0144004,-0.0171408,0.0319525,-0.00511176,0.0659224,0,0,0,0,0,0,0,0,0,0,0,0,0,0,0,0,0,0,0.905991,-4.58882e-09,0,0,0,0,0,0,0,0,0,0,0,0,0,0,0,0,-4.58852e-09,0.905991,
1.73472e-12,0.00439418,-0.0172011,-0.000291789,0.000451746,1.17254e-05,2.12411e-05,0,0,0.451541,-0.0128736,0.146828,0.00152291,-0.00603042,-0.00019381,-0.00277946,0,0,1.38778e-11,0.0782563,-0.0035176,0.0186142,0.00148576,0.00129833,-5.51554e-05,0,0,-0.0128401,0.63085,-0.0007682,-0.0793206,0.00358061,-0.016899,-0.000665619,0,0,-5.20417e-12,-0.0047999,0.0657038,0.00199351,-0.000539446,0.000262383,-2.26165e-05,0,0,0.147472,-0.000670095,0.423859,-0.00927323,-0.020837,0.00124581,-0.00143392,0,0,1.99493e-11,0.0353302,0.0025907,-0.0144511,-0.00177725,0.00292733,-0.00013453,0,0,0.00168586,-0.0806149,-0.00916016,0.60717,0.0205213,0.0575019,-0.00170163,0,0,3.46945e-12,0.0192685,0.0126346,-0.0291353,0.0125511,-0.0065298,0.000662841,0,0,-0.0592812,0.0352205,-0.207617,0.205521,0.32244,-0.0393369,0.0318426,0,0,-7.63278e-11,0.0585083,-0.00401896,-0.0138763,0.00124253,-0.0560625,0.00236227,0,0,-0.00167992,-0.169472,0.0126217,0.57559,-0.0392411,0.400111,-0.00509668,0,0,0,-0.00309087,0.00147624,0.0047496,9.90714e-05,0.00370305,0.000305106,0,0,-0.0277708,-0.00657722,-0.0144141,-0.0171282,0.0319363,-0.00511245,0.0659236,0,0,0,0,0,0,0,-1.20024e-12,0,0,0,0,0,0,0,0,0,0,0.905991,-4.43999e-09,0,0,0,0,0,0,0,0,0,0,0,0,0,0,0,0,-4.43999e-09,0.905991,
-3.03577e-12,0.00438947,-0.0171875,-0.000291106,0.000448921,1.21826e-05,2.11935e-05,0,0,0.451721,-0.0128798,0.146603,0.00151747,-0.00599459,-0.000183697,-0.00278142,0,0,0,0.0782466,-0.00351402,0.0185664,0.00148308,0.00129852,-5.51898e-05,0,0,-0.0128463,0.630855,-0.000772056,-0.0793291,0.00358249,-0.0168878,-0.000666198,0,0,9.54098e-12,-0.00479882,0.0657427,0.00200368,-0.00053658,0.000264481,-2.26809e-05,0,0,0.147248,-0.000673844,0.423981,-0.00928754,-0.020822,0.00125251,-0.00143529,0,0,5.20417e-12,0.0352728,0.00259415,-0.0144033,-0.00177023,0.00292618,-0.00013454,0,0,0.00168076,-0.0806248,-0.00917417,0.607165,0.0205211,0.0575019,-0.00170035,0,0,-1.38778e-11,0.0192432,0.0126929,-0.0291076,0.0124823,-0.00655788,0.000663637,0,0,-0.0589225,0.0352388,-0.207466,0.205518,0.322507,-0.0393323,0.0318262,0,0,1.38778e-11,0.0585326,-0.00400412,-0.0139562,0.00120465,-0.0560197,0.00236181,0,0,-0.00157855,-0.16936,0.0126891,0.575592,-0.0392364,0.400128,-0.00509734,0,0,1.73472e-12,-0.00308958,0.00147521,0.00474912,0.000103735,0.00370426,0.000306304,0,0,-0.0277904,-0.0065829,-0.0144278,-0.0171155,0.0319201,-0.00511314,0.0659248,0,0,0,0,-1.20024e-12,1.20024e-12,-1.20024e-12,0,1.20024e-12,0,0,0,0,0,0,0,0,0,0.905991,4.19724e-09,0,0,0,0,0,0,0,0,0,0,0,0,0,0,0,0,4.19664e-09,0.905991,
8.67362e-13,0.00438475,-0.0171738,-0.000290431,0.000446105,1.26365e-05,2.11459e-05,0,0,0.4519,-0.0128861,0.146378,0.00151204,-0.00595877,-0.000173579,-0.00278338,0,0,0,0.0782368,-0.00351042,0.0185186,0.00148039,0.0012987,-5.52242e-05,0,0,-0.0128525,0.630859,-0.00077593,-0.0793376,0.00358437,-0.0168765,-0.000666778,0,0,-1.73472e-12,-0.00479774,0.0657816,0.00201387,-0.000533708,0.00026658,-2.27453e-05,0,0,0.147024,-0.000677609,0.424102,-0.00930186,-0.020807,0.00125923,-0.00143665,0,0,6.07153e-12,0.0352152,0.00259761,-0.0143554,-0.0017632,0.00292503,-0.000134551,0,0,0.00167567,-0.0806346,-0.00918819,0.607161,0.0205208,0.0575019,-0.00169906,0,0,2.08167e-11,0.019218,0.0127512,-0.0290799,0.0124135,-0.00658602,0.000664433,0,0,-0.0585639,0.0352571,-0.207316,0.205515,0.322574,-0.0393277,0.0318099,0,0,-6.93889e-12,0.0585568,-0.00398925,-0.0140361,0.00116671,-0.0559769,0.00236134,0,0,-0.00147712,-0.169249,0.0127566,0.575593,-0.0392317,0.400145,-0.005098,0,0,-1.73472e-12,-0.00308829,0.00147419,0.00474863,0.000108399,0.00370547,0.000307504,0,0,-0.0278099,-0.00658857,-0.0144416,-0.0171028,0.031904,-0.00511382,0.065926,0,0,0,0,0,0,0,0,0,0,0,0,0,0,0,0,0,0,0.905991,4.09672e-09,0,0,1.20024e-12,0,1.20024e-12,0,0,0,0,0,0,0,0,0,0,0,4.09612e-09,0.905991,
-2.60209e-12,0.00438003,-0.01716,-0.000289764,0.000443296,1.30901e-05,2.10981e-05,0,0,0.45208,-0.0128924,0.146153,0.00150663,-0.00592296,-0.000163454,-0.00278533,0,0,0,0.0782269,-0.00350681,0.0184707,0.0014777,0.00129888,-5.52585e-05,0,0,-0.0128587,0.630864,-0.000779821,-0.079346,0.00358626,-0.0168652,-0.000667358,0,0,8.67362e-12,-0.00479666,0.0658205,0.00202406,-0.000530827,0.000268681,-2.28097e-05,0,0,0.1468,-0.000681391,0.424223,-0.00931619,-0.020792,0.00126597,-0.00143802,0,0,1.04083e-11,0.0351576,0.00260107,-0.0143075,-0.00175616,0.00292387,-0.000134561,0,0,0.00167059,-0.0806444,-0.00920222,0.607157,0.0205205,0.0575018,-0.00169778,0,0,-1.04083e-11,0.0191927,0.0128095,-0.0290521,0.0123445,-0.0066142,0.000665229,0,0,-0.0582053,0.0352755,-0.207165,0.205512,0.322642,-0.039323,0.0317935,0,0,6.93889e-12,0.0585811,-0.00397435,-0.0141161,0.0011287,-0.0559339,0.00236088,0,0,-0.00137562,-0.169137,0.0128243,0.575594,-0.0392269,0.400162,-0.00509865,0,0,0,-0.003087,0.00147318,0.00474814,0.000113066,0.00370669,0.000308706,0,0,-0.0278294,-0.00659426,-0.0144554,-0.0170901,0.0318878,-0.0051145,0.0659273,0,0,0,0,0,0,0,0,0,0,0,0,0,0,0,0,0,0,0.905991,4.10632e-09,0,0,0,0,0,0,0,0,0,0,0,0,0,0,0,0,4.10572e-09,0.905991,
8.67362e-13,0.0043753,-0.0171462,-0.000289096,0.000440494,1.35478e-05,2.10502e-05,0,0,0.45226,-0.0128986,0.145928,0.00150122,-0.00588715,-0.000153324,-0.00278728,0,0,-1.38778e-11,0.078217,-0.00350319,0.0184228,0.001475,0.00129906,-5.52929e-05,0,0,-0.0128649,0.630869,-0.000783729,-0.0793545,0.00358815,-0.0168539,-0.000667939,0,0,-2.60209e-12,-0.00479556,0.0658593,0.00203429,-0.000527938,0.000270789,-2.28743e-05,0,0,0.146575,-0.000685189,0.424344,-0.00933053,-0.020777,0.00127271,-0.00143938,0,0,7.80626e-12,0.0350999,0.00260455,-0.0142595,-0.0017491,0.00292271,-0.000134572,0,0,0.00166552,-0.0806543,-0.00921626,0.607153,0.0205202,0.0575018,-0.00169649,0,0,6.93889e-12,0.0191673,0.0128679,-0.0290242,0.0122754,-0.00664245,0.000666025,0,0,-0.0578468,0.0352939,-0.207014,0.205509,0.322709,-0.0393183,0.0317772,0,0,0,0.0586053,-0.00395943,-0.014196,0.0010906,-0.0558909,0.00236041,0,0,-0.00127408,-0.169025,0.0128921,0.575596,-0.0392222,0.400178,-0.00509931,0,0,-1.73472e-12,-0.0030857,0.00147216,0.00474764,0.000117736,0.0037079,0.000309911,0,0,-0.0278489,-0.00659994,-0.0144692,-0.0170774,0.0318716,-0.00511518,0.0659285,0,0,0,0,0,0,0,0,0,5.76116e-11,0,0,0,0,0,0,0,0,0.905991,4.21465e-09,0,0,0,-2.40048e-12,0,2.40048e-12,2.40048e-12,0,0,0,0,0,0,0,0,0,4.21435e-09,0.905991,
0,0.00437055,-0.0171323,-0.000288438,0.000437713,1.393e-05,2.1004e-05,0,0,0.45244,-0.0129049,0.145702,0.00149583,-0.00585134,-0.000143189,-0.00278923,0,0,0,0.0782069,-0.00349954,0.0183748,0.0014723,0.00129924,-5.53278e-05,0,0,-0.0128712,0.630874,-0.000787654,-0.079363,0.00359005,-0.0168426,-0.00066852,0,0,8.67362e-13,-0.00479447,0.0658981,0.00204446,-0.000525056,0.000272841,-2.29379e-05,0,0,0.14635,-0.000689004,0.424465,-0.00934488,-0.020762,0.00127947,-0.00144076,0,0,-8.67362e-13,0.0350421,0.00260802,-0.0142114,-0.00174205,0.00292155,-0.000134583,0,0,0.00166046,-0.0806641,-0.00923031,0.607149,0.0205199,0.0575017,-0.0016952,0,0,1.38778e-11,0.0191419,0.0129264,-0.0289964,0.0122062,-0.00667084,0.000666829,0,0,-0.0574883,0.0353123,-0.206863,0.205506,0.322777,-0.0393136,0.0317608,0,0,0,0.0586295,-0.00394448,-0.014276,0.00105253,-0.0558478,0.00235996,0,0,-0.00117247,-0.168914,0.01296,0.575597,-0.0392173,0.400195,-0.00509996,0,0,-1.73472e-12,-0.0030844,0.00147114,0.00474713,0.000122403,0.00370916,0.000311119,0,0,-0.0278683,-0.00660564,-0.014483,-0.0170646,0.0318553,-0.00511586,0.0659297,0,0,0,0,0,0,0,0,0,0,0,0,0,0,0,0,0,0,0.905991,-4.43219e-09,0,0,0,0,0,0,0,0,0,0,0,0,0,0,0,0,-4.43279e-09,0.905991,
4.33681e-13,0.00436579,-0.0171184,-0.000287814,0.000434939,1.43304e-05,2.09573e-05,0,0,0.452619,-0.0129112,0.145476,0.00149044,-0.00581555,-0.000133049,-0.00279117,0,0,0,0.0781969,-0.00349588,0.0183267,0.0014696,0.00129942,-5.53626e-05,0,0,-0.0128774,0.630879,-0.000791596,-0.0793714,0.00359195,-0.0168313,-0.000669102,0,0,-4.33681e-12,-0.00479338,0.0659369,0.00205458,-0.000522162,0.000274908,-2.30018e-05,0,0,0.146125,-0.000692835,0.424586,-0.00935925,-0.0207469,0.00128624,-0.00144213,0,0,6.07153e-12,0.0349842,0.0026115,-0.0141633,-0.00173498,0.00292038,-0.000134594,0,0,0.00165542,-0.0806739,-0.00924438,0.607146,0.0205195,0.0575016,-0.0016939,0,0,-3.81639e-11,0.0191165,0.0129849,-0.0289685,0.012137,-0.00669919,0.000667628,0,0,-0.0571299,0.0353308,-0.206711,0.205502,0.322845,-0.0393089,0.0317444,0,0,-1.38778e-11,0.0586537,-0.00392951,-0.014356,0.00101444,-0.0558045,0.00235951,0,0,-0.0010708,-0.168802,0.013028,0.575598,-0.0392125,0.400212,-0.00510061,0,0,3.46945e-12,-0.0030831,0.00147013,0.00474661,0.000127071,0.00371041,0.000312327,0,0,-0.0278877,-0.00661133,-0.0144969,-0.0170518,0.0318391,-0.00511654,0.0659309,0,0,0,0,0,0,0,-1.20024e-12,-1.20024e-12,-5.76116e-11,0,0,0,0,0,0,0,0,0.905991,-4.51231e-09,0,0,0,0,0,0,0,-1.20024e-12,0,0,0,0,0,0,0,0,-4.51291e-09,0.905991,
4.33681e-13,0.00436102,-0.0171044,-0.000287211,0.000432172,1.47279e-05,2.09106e-05,0,0,0.452799,-0.0129174,0.145249,0.00148507,-0.00577975,-0.000122903,-0.00279311,0,0,0,0.0781867,-0.00349219,0.0182786,0.0014669,0.0012996,-5.53974e-05,0,0,-0.0128836,0.630883,-0.000795555,-0.0793799,0.00359385,-0.01682,-0.000669684,0,0,0,-0.00479229,0.0659757,0.00206469,-0.000519261,0.000276974,-2.30657e-05,0,0,0.1459,-0.000696684,0.424707,-0.00937363,-0.0207318,0.00129302,-0.0014435,0,0,-1.12757e-11,0.0349262,0.00261498,-0.0141152,-0.0017279,0.0029192,-0.000134605,0,0,0.00165038,-0.0806838,-0.00925846,0.607142,0.0205192,0.0575015,-0.00169261,0,0,3.1225e-11,0.019091,0.0130436,-0.0289405,0.0120676,-0.00672756,0.000668427,0,0,-0.0567716,0.0353493,-0.20656,0.205498,0.322912,-0.0393042,0.031728,0,0,6.93889e-11,0.0586778,-0.00391451,-0.014436,0.000976325,-0.0557612,0.00235905,0,0,-0.000969065,-0.16869,0.0130962,0.575598,-0.0392077,0.400229,-0.00510126,0,0,-1.73472e-12,-0.00308179,0.00146912,0.00474609,0.00013174,0.00371165,0.000313536,0,0,-0.0279071,-0.00661703,-0.0145107,-0.0170391,0.0318229,-0.00511721,0.0659321,0,0,0,0,0,0,0,0,0,0,0,0,0,0,0,0,0,0,0.905991,-4.45229e-09,0,0,0,0,-1.20024e-12,0,-1.20024e-12,0,0,0,0,0,0,0,0,0,-4.45229e-09,0.905991,
5.63785e-12,0.00435626,-0.0170903,-0.000286627,0.000429411,1.51535e-05,2.0863e-05,0,0,0.452979,-0.0129237,0.145023,0.0014797,-0.00574397,-0.00011275,-0.00279505,0,0,1.38778e-11,0.0781765,-0.00348849,0.0182304,0.00146419,0.00129977,-5.54319e-05,0,0,-0.0128898,0.630888,-0.00079953,-0.0793884,0.00359576,-0.0168087,-0.000670267,0,0,-1.9082e-11,-0.0047912,0.0660145,0.0020748,-0.000516346,0.000279065,-2.31299e-05,0,0,0.145674,-0.000700549,0.424828,-0.00938802,-0.0207167,0.00129982,-0.00144488,0,0,9.54098e-12,0.0348681,0.00261846,-0.014067,-0.00172081,0.00291802,-0.000134615,0,0,0.00164535,-0.0806936,-0.00927255,0.607138,0.0205188,0.0575014,-0.00169131,0,0,0,0.0190655,0.0131022,-0.0289126,0.0119982,-0.00675592,0.000669223,0,0,-0.0564133,0.0353679,-0.206408,0.205495,0.32298,-0.0392994,0.0317116,0,0,3.46945e-11,0.058702,-0.00389948,-0.014516,0.000938133,-0.0557177,0.00235859,0,0,-0.00086726,-0.168578,0.0131645,0.575599,-0.0392028,0.400246,-0.0051019,0,0,1.73472e-12,-0.00308047,0.00146811,0.00474556,0.000136411,0.00371287,0.000314746,0,0,-0.0279264,-0.00662274,-0.0145246,-0.0170263,0.0318067,-0.00511788,0.0659333,0,0,0,-1.20024e-12,1.20024e-12,0,-1.20024e-12,-1.20024e-12,1.20024e-12,5.76116e-11,0,0,0,0,0,0,0,0,0.905991,4.27766e-09,0,0,0,0,0,0,0,0,0,0,0,0,0,0,0,0,4.27736e-09,0.905991,
5.20417e-12,0.00435152,-0.0170762,-0.000286048,0.000426654,1.56052e-05,2.08148e-05,0,0,0.45316,-0.01293,0.144796,0.00147434,-0.00570819,-0.000102591,-0.00279698,0,0,0,0.0781662,-0.00348478,0.0181822,0.00146148,0.00129994,-5.54663e-05,0,0,-0.0128961,0.630893,-0.000803522,-0.0793968,0.00359767,-0.0167974,-0.00067085,0,0,-1.9082e-11,-0.0047901,0.0660533,0.00208497,-0.000513417,0.00028118,-2.31945e-05,0,0,0.145448,-0.000704431,0.424949,-0.00940242,-0.0207016,0.00130663,-0.00144626,0,0,-4.33681e-12,0.03481,0.00262196,-0.0140187,-0.0017137,0.00291684,-0.000134625,0,0,0.00164033,-0.0807034,-0.00928665,0.607134,0.0205184,0.0575013,-0.00169001,0,0,1.04083e-11,0.0190399,0.0131609,-0.0288845,0.0119286,-0.00678431,0.000670015,0,0,-0.0560551,0.0353865,-0.206256,0.205491,0.323048,-0.0392946,0.0316952,0,0,5.55112e-11,0.0587261,-0.00388442,-0.0145961,0.000899836,-0.0556742,0.00235811,0,0,-0.000765386,-0.168467,0.013233,0.5756,-0.0391979,0.400263,-0.00510254,0,0,-1.73472e-12,-0.00307916,0.00146711,0.00474502,0.000141087,0.00371408,0.000315957,0,0,-0.0279457,-0.00662845,-0.0145385,-0.0170134,0.0317904,-0.00511855,0.0659346,0,0,0,0,0,0,0,0,0,0,0,0,0,0,0,0,0,0,0.905991,4.23565e-09,0,0,0,0,0,0,0,0,0,0,0,0,0,0,0,0,4.23535e-09,0.905991,
1.30104e-12,0.00434678,-0.017062,-0.000285467,0.000423902,1.60752e-05,2.0766e-05,0,0,0.45334,-0.0129363,0.144569,0.001469,-0.00567242,-9.24246e-05,-0.00279891,0,0,1.38778e-11,0.0781559,-0.00348106,0.018134,0.00145876,0.0013001,-5.55005e-05,0,0,-0.0129023,0.630898,-0.000807531,-0.0794052,0.00359959,-0.0167861,-0.000671434,0,0,-1.73472e-12,-0.00478898,0.0660921,0.00209518,-0.000510475,0.000283312,-2.32594e-05,0,0,0.145222,-0.000708331,0.42507,-0.00941684,-0.0206864,0.00131345,-0.00144764,0,0,-9.54098e-12,0.0347517,0.00262546,-0.0139704,-0.00170657,0.00291565,-0.000134634,0,0,0.00163533,-0.0807132,-0.00930077,0.60713,0.0205181,0.0575011,-0.00168871,0,0,6.93889e-12,0.0190142,0.0132197,-0.0288563,0.0118589,-0.00681276,0.000670805,0,0,-0.055697,0.0354051,-0.206103,0.205487,0.323116,-0.0392897,0.0316788,0,0,2.77556e-11,0.0587502,-0.00386933,-0.0146761,0.000861421,-0.0556306,0.00235763,0,0,-0.000663445,-0.168355,0.0133015,0.5756,-0.0391929,0.40028,-0.00510318,0,0,-1.73472e-12,-0.00307783,0.0014661,0.00474448,0.000145766,0.00371529,0.00031717,0,0,-0.027965,-0.00663416,-0.0145525,-0.0170006,0.0317741,-0.00511921,0.0659358,0,0,0,0,0,2.40048e-12,0,-2.40048e-12,0,0,0,0,0,0,0,0,0,0,0.905991,-4.30887e-09,0,0,0,0,0,0,0,0,0,0,0,0,0,0,0,0,-4.30887e-09,0.905991,
2.1684e-12,0.00434204,-0.0170477,-0.00028488,0.000421157,1.65573e-05,2.07168e-05,0,0,0.45352,-0.0129426,0.144341,0.00146366,-0.00563665,-8.22513e-05,-0.00280084,0,0,0,0.0781454,-0.00347734,0.0180856,0.00145605,0.00130026,-5.55346e-05,0,0,-0.0129085,0.630902,-0.000811556,-0.0794137,0.00360151,-0.0167748,-0.000672018,0,0,-9.54098e-12,-0.00478785,0.0661308,0.00210545,-0.000507523,0.000285459,-2.33245e-05,0,0,0.144996,-0.000712247,0.425191,-0.00943127,-0.0206713,0.00132029,-0.00144903,0,0,1.73472e-12,0.0346934,0.00262897,-0.013922,-0.00169942,0.00291446,-0.000134643,0,0,0.00163033,-0.080723,-0.00931489,0.607126,0.0205176,0.057501,-0.00168741,0,0,-1.73472e-11,0.0189885,0.0132786,-0.0288281,0.0117891,-0.00684128,0.000671595,0,0,-0.055339,0.0354238,-0.205951,0.205482,0.323184,-0.0392849,0.0316624,0,0,0,0.0587743,-0.0038542,-0.0147562,0.000822889,-0.0555869,0.00235714,0,0,-0.000561439,-0.168243,0.0133703,0.5756,-0.039188,0.400297,-0.00510382,0,0,1.73472e-12,-0.0030765,0.0014651,0.00474393,0.000150449,0.00371648,0.000318386,0,0,-0.0279842,-0.00663988,-0.0145664,-0.0169878,0.0317579,-0.00511988,0.065937,0,0,0,0,0,0,0,0,0,0,0,0,0,0,0,0,0,0,0.905991,4.25966e-09,0,0,0,0,0,0,0,0,0,0,0,0,0,0,0,0,4.25906e-09,0.905991,
0,0.00433731,-0.0170334,-0.000284289,0.000418418,1.70477e-05,2.06673e-05,0,0,0.4537,-0.0129489,0.144114,0.00145833,-0.00560089,-7.20712e-05,-0.00280276,0,0,0,0.0781349,-0.00347361,0.0180373,0.00145332,0.00130042,-5.55686e-05,0,0,-0.0129148,0.630907,-0.000815599,-0.0794221,0.00360344,-0.0167635,-0.000672603,0,0,-8.67362e-13,-0.00478671,0.0661695,0.00211578,-0.000504561,0.000287615,-2.33897e-05,0,0,0.144769,-0.000716179,0.425311,-0.00944572,-0.0206561,0.00132714,-0.00145041,0,0,1.56125e-11,0.034635,0.00263249,-0.0138736,-0.00169225,0.00291327,-0.000134651,0,0,0.00162534,-0.0807329,-0.00932903,0.607122,0.0205172,0.0575008,-0.00168611,0,0,-1.73472e-11,0.0189628,0.0133375,-0.0287998,0.0117191,-0.00686988,0.000672384,0,0,-0.054981,0.0354425,-0.205798,0.205478,0.323252,-0.03928,0.0316459,0,0,-4.85723e-11,0.0587984,-0.00383904,-0.0148363,0.000784244,-0.0555431,0.00235665,0,0,-0.000459372,-0.168131,0.0134391,0.575601,-0.039183,0.400314,-0.00510445,0,0,3.46945e-12,-0.00307517,0.0014641,0.00474338,0.000155136,0.00371768,0.000319605,0,0,-0.0280034,-0.00664561,-0.0145804,-0.0169749,0.0317416,-0.00512054,0.0659382,0,0,0,0,0,0,0,0,0,0,0,0,0,0,0,0,0,0,0.905991,-4.32507e-09,0,0,1.20024e-12,0,0,0,1.20024e-12,-1.20024e-12,0,0,0,0,0,0,0,0,-4.32567e-09,0.905991,
4.33681e-13,0.00433258,-0.017019,-0.000283693,0.000415686,1.7544e-05,2.06176e-05,0,0,0.453881,-0.0129551,0.143886,0.00145302,-0.00556514,-6.18846e-05,-0.00280468,0,0,-1.38778e-11,0.0781244,-0.00346986,0.0179888,0.0014506,0.00130057,-5.56026e-05,0,0,-0.012921,0.630912,-0.00081966,-0.0794305,0.00360536,-0.0167522,-0.000673188,0,0,-8.67362e-13,-0.00478556,0.0662083,0.00212615,-0.00050159,0.000289781,-2.34551e-05,0,0,0.144542,-0.000720129,0.425432,-0.00946018,-0.0206409,0.00133401,-0.0014518,0,0,-6.93889e-12,0.0345765,0.00263602,-0.0138251,-0.00168506,0.00291207,-0.00013466,0,0,0.00162037,-0.0807427,-0.00934318,0.607119,0.0205168,0.0575007,-0.0016848,0,0,1.38778e-11,0.018937,0.0133964,-0.0287714,0.011649,-0.00689856,0.000673174,0,0,-0.0546231,0.0354613,-0.205645,0.205474,0.323321,-0.0392751,0.0316295,0,0,5.55112e-11,0.0588225,-0.00382385,-0.0149164,0.000745492,-0.0554992,0.00235616,0,0,-0.000357247,-0.168019,0.0135081,0.575601,-0.039178,0.400331,-0.00510509,0,0,0,-0.00307383,0.0014631,0.00474282,0.000159826,0.00371888,0.000320827,0,0,-0.0280226,-0.00665134,-0.0145944,-0.016962,0.0317253,-0.0051212,0.0659394,0,0,0,0,0,0,0,0,0,-1.20024e-12,0,0,0,0,0,0,0,0,0.905991,4.26836e-09,0,0,0,0,0,1.20024e-12,0,-1.20024e-12,0,0,0,0,0,0,0,0,4.26716e-09,0.905991,
2.60209e-12,0.00432785,-0.0170045,-0.000283096,0.00041296,1.8045e-05,2.05677e-05,0,0,0.454061,-0.0129614,0.143657,0.00144771,-0.0055294,-5.16918e-05,-0.0028066,0,0,0,0.0781137,-0.00346611,0.0179403,0.00144786,0.00130072,-5.56366e-05,0,0,-0.0129272,0.630916,-0.000823737,-0.0794389,0.0036073,-0.0167409,-0.000673774,0,0,-9.54098e-12,-0.0047844,0.066247,0.00213656,-0.00049861,0.000291954,-2.35205e-05,0,0,0.144315,-0.000724095,0.425553,-0.00947464,-0.0206256,0.00134088,-0.00145319,0,0,4.33681e-12,0.0345179,0.00263956,-0.0137765,-0.00167786,0.00291087,-0.000134668,0,0,0.00161541,-0.0807525,-0.00935734,0.607115,0.0205163,0.0575005,-0.0016835,0,0,-6.93889e-12,0.0189111,0.0134555,-0.028743,0.0115789,-0.00692731,0.000673963,0,0,-0.0542652,0.0354801,-0.205492,0.205469,0.323389,-0.0392702,0.031613,0,0,2.08167e-11,0.0588465,-0.00380862,-0.0149966,0.00070664,-0.0554552,0.00235567,0,0,-0.000255067,-0.167907,0.0135772,0.5756,-0.0391729,0.400349,-0.00510572,0,0,-1.73472e-12,-0.00307249,0.00146211,0.00474225,0.000164518,0.00372008,0.000322051,0,0,-0.0280417,-0.00665708,-0.0146084,-0.0169491,0.031709,-0.00512185,0.0659406,0,0,0,0,0,0,0,0,0,0,0,0,0,0,0,0,0,0,0.905991,-4.32777e-09,0,0,0,0,0,0,1.20024e-12,-2.40048e-12,0,0,0,0,0,0,0,0,-4.32747e-09,0.905991,
1.30104e-12,0.00432312,-0.01699,-0.000282497,0.000410241,1.85505e-05,2.05176e-05,0,0,0.454242,-0.0129677,0.143429,0.00144242,-0.00549366,-4.1493e-05,-0.00280851,0,0,1.38778e-11,0.078103,-0.00346234,0.0178918,0.00144513,0.00130086,-5.56705e-05,0,0,-0.0129335,0.630921,-0.000827833,-0.0794473,0.00360924,-0.0167295,-0.00067436,0,0,-3.46945e-12,-0.00478322,0.0662857,0.00214701,-0.000495623,0.000294134,-2.35862e-05,0,0,0.144088,-0.000728079,0.425673,-0.00948912,-0.0206104,0.00134777,-0.00145458,0,0,-6.07153e-12,0.0344592,0.0026431,-0.0137279,-0.00167064,0.00290967,-0.000134676,0,0,0.00161046,-0.0807623,-0.00937151,0.607111,0.0205159,0.0575003,-0.00168219,0,0,-2.42861e-11,0.0188852,0.0135145,-0.0287144,0.0115086,-0.00695613,0.000674753,0,0,-0.0539075,0.035499,-0.205339,0.205464,0.323458,-0.0392652,0.0315965,0,0,6.93889e-12,0.0588705,-0.00379337,-0.0150767,0.000667692,-0.0554111,0.00235517,0,0,-0.000152835,-0.167795,0.0136464,0.5756,-0.0391679,0.400366,-0.00510634,0,0,-3.46945e-12,-0.00307114,0.00146112,0.00474168,0.000169213,0.00372127,0.000323278,0,0,-0.0280608,-0.00666282,-0.0146225,-0.0169362,0.0316927,-0.00512251,0.0659418,0,0,0,0,0,0,0,0,0,0,0,0,0,0,0,0,0,0,0.905991,4.26446e-09,0,0,0,0,0,0,0,0,0,0,0,0,0,0,0,0,4.26446e-09,0.905991,
3.03577e-12,0.00431838,-0.0169754,-0.000281897,0.00040753,1.9055e-05,2.04674e-05,0,0,0.454422,-0.012974,0.1432,0.00143714,-0.00545793,-3.12887e-05,-0.00281042,0,0,1.38778e-11,0.0780922,-0.00345856,0.0178432,0.00144239,0.00130101,-5.57044e-05,0,0,-0.0129397,0.630925,-0.000831946,-0.0794557,0.00361118,-0.0167182,-0.000674947,0,0,-1.12757e-11,-0.00478203,0.0663243,0.00215749,-0.000492627,0.000296316,-2.36518e-05,0,0,0.14386,-0.000732079,0.425794,-0.00950361,-0.0205951,0.00135468,-0.00145598,0,0,1.82146e-11,0.0344004,0.00264665,-0.0136793,-0.00166341,0.00290846,-0.000134684,0,0,0.00160552,-0.0807721,-0.0093857,0.607107,0.0205154,0.0575001,-0.00168088,0,0,-1.73472e-11,0.0188592,0.0135737,-0.0286858,0.0114382,-0.00698502,0.000675543,0,0,-0.0535498,0.0355178,-0.205185,0.205459,0.323526,-0.0392602,0.03158,0,0,2.77556e-11,0.0588945,-0.00377808,-0.0151569,0.000628655,-0.055367,0.00235467,0,0,-5.05538e-05,-0.167683,0.0137158,0.5756,-0.0391628,0.400383,-0.00510697,0,0,3.46945e-12,-0.00306979,0.00146013,0.00474111,0.00017391,0.00372247,0.000324508,0,0,-0.0280799,-0.00666856,-0.0146365,-0.0169232,0.0316764,-0.00512316,0.0659431,0,0,0,0,0,0,0,0,0,0,0,0,0,0,0,0,0,0,0.905991,-4.31937e-09,0,0,0,0,0,0,0,0,0,0,0,0,0,0,0,0,-4.31907e-09,0.905991,
-8.67362e-13,0.00431365,-0.0169608,-0.000281299,0.00040483,1.95552e-05,2.04171e-05,0,0,0.454603,-0.0129803,0.142971,0.00143187,-0.00542221,-2.10791e-05,-0.00281232,0,0,0,0.0780814,-0.00345477,0.0177945,0.00143965,0.00130115,-5.57383e-05,0,0,-0.012946,0.63093,-0.000836077,-0.0794641,0.00361313,-0.0167069,-0.000675534,0,0,3.46945e-12,-0.00478083,0.066363,0.00216799,-0.000489623,0.000298499,-2.37174e-05,0,0,0.143632,-0.000736096,0.425914,-0.00951812,-0.0205798,0.0013616,-0.00145738,0,0,1.56125e-11,0.0343416,0.00265021,-0.0136305,-0.00165616,0.00290725,-0.000134692,0,0,0.00160059,-0.0807818,-0.00939989,0.607104,0.0205149,0.0574998,-0.00167956,0,0,-1.38778e-11,0.0188332,0.0136329,-0.0286571,0.0113677,-0.00701398,0.000676333,0,0,-0.0531922,0.0355368,-0.205032,0.205454,0.323595,-0.0392552,0.0315635,0,0,-9.02056e-11,0.0589185,-0.00376276,-0.0152371,0.000589542,-0.0553227,0.00235417,0,0,5.17732e-05,-0.167571,0.0137853,0.575599,-0.0391577,0.4004,-0.00510759,0,0,0,-0.00306843,0.00145914,0.00474053,0.000178608,0.00372367,0.000325741,0,0,-0.0280989,-0.00667431,-0.0146506,-0.0169103,0.03166,-0.00512381,0.0659443,0,0,0,0,0,0,1.20024e-12,-1.20024e-12,0,5.64113e-11,0,0,0,0,0,0,0,0,0.905991,4.25215e-09,0,0,0,0,0,0,0,0,0,0,0,0,0,0,0,0,4.25215e-09,0.905991,
4.33681e-13,0.00430891,-0.016946,-0.000280706,0.00040214,2.00529e-05,2.03669e-05,0,0,0.454784,-0.0129866,0.142742,0.00142662,-0.0053865,-1.08648e-05,-0.00281422,0,0,1.38778e-11,0.0780705,-0.00345096,0.0177457,0.0014369,0.00130129,-5.57723e-05,0,0,-0.0129522,0.630934,-0.000840226,-0.0794725,0.00361508,-0.0166955,-0.000676122,0,0,0,-0.00477963,0.0664016,0.00217851,-0.00048661,0.000300683,-2.37831e-05,0,0,0.143404,-0.00074013,0.426035,-0.00953263,-0.0205645,0.00136853,-0.00145878,0,0,-8.67362e-12,0.0342826,0.00265377,-0.0135818,-0.0016489,0.00290604,-0.0001347,0,0,0.00159568,-0.0807916,-0.00941409,0.6071,0.0205144,0.0574996,-0.00167825,0,0,2.08167e-11,0.0188072,0.0136921,-0.0286284,0.0112971,-0.007043,0.000677123,0,0,-0.0528347,0.0355558,-0.204878,0.205449,0.323663,-0.0392502,0.031547,0,0,0,0.0589425,-0.00374742,-0.0153174,0.000550359,-0.0552783,0.00235367,0,0,0.000154144,-0.167459,0.0138549,0.575599,-0.0391526,0.400418,-0.00510821,0,0,-5.20417e-12,-0.00306707,0.00145816,0.00473994,0.000183308,0.00372488,0.000326975,0,0,-0.0281179,-0.00668007,-0.0146647,-0.0168973,0.0316437,-0.00512446,0.0659455,0,0,0,0,0,0,0,0,0,0,0,0,0,0,0,0,0,0,0.905991,-4.30196e-09,0,-1.20024e-12,1.20024e-12,-1.20024e-12,0,0,-1.20024e-12,0,0,0,0,0,0,0,0,0,-4.30256e-09,0.905991,
4.33681e-12,0.00430417,-0.0169312,-0.000280119,0.000399459,2.05508e-05,2.03165e-05,0,0,0.454965,-0.0129929,0.142512,0.00142138,-0.0053508,-6.45759e-07,-0.00281612,0,0,0,0.0780595,-0.00344714,0.0176969,0.00143415,0.00130142,-5.58062e-05,0,0,-0.0129585,0.630939,-0.000844393,-0.0794809,0.00361703,-0.0166842,-0.00067671,0,0,-1.73472e-11,-0.00477842,0.0664403,0.00218904,-0.00048359,0.00030287,-2.38487e-05,0,0,0.143175,-0.000744181,0.426155,-0.00954715,-0.0205492,0.00137547,-0.00146018,0,0,6.93889e-12,0.0342236,0.00265735,-0.0135329,-0.00164162,0.00290482,-0.000134708,0,0,0.00159078,-0.0808014,-0.00942831,0.607096,0.0205138,0.0574993,-0.00167693,0,0,-2.42861e-11,0.0187811,0.0137514,-0.0285996,0.0112263,-0.00707207,0.000677913,0,0,-0.0524773,0.0355748,-0.204724,0.205443,0.323732,-0.0392451,0.0315305,0,0,-1.38778e-11,0.0589664,-0.00373205,-0.0153976,0.000511107,-0.0552338,0.00235317,0,0,0.000256557,-0.167347,0.0139246,0.575598,-0.0391474,0.400435,-0.00510882,0,0,-1.73472e-12,-0.0030657,0.00145718,0.00473934,0.000188009,0.00372609,0.000328212,0,0,-0.0281368,-0.00668583,-0.0146789,-0.0168843,0.0316274,-0.0051251,0.0659467,0,0,0,0,0,0,1.20024e-12,0,0,0,0,0,0,0,0,0,0,0,0.905991,4.23175e-09,0,0,0,0,1.20024e-12,0,0,0,0,0,0,0,0,0,0,0,4.23235e-09,0.905991,
4.33681e-13,0.00429942,-0.0169164,-0.00027953,0.000396786,2.10528e-05,2.02659e-05,0,0,0.455146,-0.0129992,0.142282,0.00141615,-0.0053151,9.57773e-06,-0.00281802,0,0,1.38778e-11,0.0780484,-0.0034433,0.0176481,0.00143139,0.00130155,-5.58402e-05,0,0,-0.0129647,0.630943,-0.000848578,-0.0794892,0.00361899,-0.0166729,-0.000677299,0,0,-8.67362e-13,-0.00477719,0.0664789,0.00219962,-0.00048056,0.000305064,-2.39145e-05,0,0,0.142946,-0.000748249,0.426275,-0.00956169,-0.0205338,0.00138242,-0.00146158,0,0,-6.07153e-12,0.0341645,0.00266093,-0.013484,-0.00163433,0.0029036,-0.000134716,0,0,0.0015859,-0.0808112,-0.00944254,0.607093,0.0205133,0.0574991,-0.00167562,0,0,6.93889e-12,0.0187549,0.0138108,-0.0285707,0.0111555,-0.00710122,0.000678702,0,0,-0.0521199,0.0355938,-0.204569,0.205438,0.323801,-0.0392401,0.031514,0,0,1.38778e-11,0.0589904,-0.00371665,-0.0154779,0.000471756,-0.0551892,0.00235267,0,0,0.000359011,-0.167235,0.0139945,0.575597,-0.0391423,0.400452,-0.00510944,0,0,0,-0.00306433,0.0014562,0.00473874,0.000192713,0.0037273,0.000329452,0,0,-0.0281557,-0.00669159,-0.014693,-0.0168713,0.031611,-0.00512574,0.0659479,0,0,0,0,0,0,0,0,3.60072e-12,0,0,0,0,0,0,0,0,0,0.905991,4.27796e-09,0,0,0,0,0,0,0,1.15223e-10,0,0,0,0,0,0,0,0,4.27826e-09,0.905991,
0,0.00429465,-0.0169015,-0.000278946,0.000394142,2.14818e-05,2.02169e-05,0,0,0.455327,-0.0130055,0.142052,0.00141093,-0.00527941,1.98044e-05,-0.00281991,0,0,0,0.0780373,-0.00343944,0.0175991,0.00142863,0.00130169,-5.58748e-05,0,0,-0.012971,0.630948,-0.000852781,-0.0794976,0.00362095,-0.0166615,-0.000677888,0,0,0,-0.00477597,0.0665175,0.00221013,-0.000477533,0.000307203,-2.39793e-05,0,0,0.142717,-0.000752335,0.426396,-0.00957623,-0.0205185,0.00138939,-0.00146299,0,0,-6.93889e-12,0.0341052,0.00266451,-0.0134351,-0.00162704,0.00290237,-0.000134724,0,0,0.00158103,-0.080821,-0.00945677,0.607089,0.0205127,0.0574988,-0.0016743,0,0,-6.93889e-12,0.0187287,0.0138702,-0.0285419,0.0110846,-0.0071305,0.000679497,0,0,-0.0517627,0.0356129,-0.204415,0.205432,0.32387,-0.039235,0.0314975,0,0,7.63278e-11,0.0590143,-0.00370123,-0.0155581,0.000432428,-0.0551445,0.00235219,0,0,0.000461506,-0.167123,0.0140645,0.575596,-0.0391371,0.40047,-0.00511005,0,0,1.73472e-12,-0.00306296,0.00145523,0.00473813,0.000197415,0.00372855,0.000330696,0,0,-0.0281746,-0.00669736,-0.0147072,-0.0168582,0.0315946,-0.00512638,0.0659491,0,0,0,1.20024e-12,0,1.20024e-12,0,0,0,0,0,0,0,0,0,0,0,0,0.905991,-4.43669e-09,0,0,0,0,0,0,0,0,0,0,0,0,0,0,0,0,-4.43579e-09,0.905991,
-1.30104e-12,0.00428987,-0.0168865,-0.000278397,0.000391507,2.19091e-05,2.01679e-05,0,0,0.455508,-0.0130118,0.141822,0.00140573,-0.00524373,3.00345e-05,-0.00282179,0,0,0,0.0780261,-0.00343555,0.0175501,0.00142587,0.00130183,-5.59094e-05,0,0,-0.0129772,0.630952,-0.000857002,-0.079506,0.00362292,-0.0166502,-0.000678478,0,0,8.67362e-12,-0.00477476,0.0665561,0.0022206,-0.000474498,0.000309341,-2.40441e-05,0,0,0.142488,-0.000756438,0.426516,-0.00959078,-0.0205031,0.00139637,-0.0014644,0,0,-1.82146e-11,0.0340459,0.00266809,-0.0133861,-0.00161974,0.00290113,-0.000134733,0,0,0.00157617,-0.0808307,-0.00947102,0.607086,0.0205122,0.0574985,-0.00167297,0,0,3.46945e-12,0.0187024,0.0139297,-0.0285129,0.0110136,-0.00715977,0.00068029,0,0,-0.0514055,0.035632,-0.20426,0.205426,0.323939,-0.0392298,0.0314809,0,0,-6.93889e-12,0.0590381,-0.00368579,-0.0156384,0.000393107,-0.0550997,0.0023517,0,0,0.000564048,-0.16701,0.0141346,0.575595,-0.0391318,0.400487,-0.00511066,0,0,1.73472e-12,-0.00306158,0.00145425,0.00473751,0.000202116,0.0037298,0.00033194,0,0,-0.0281934,-0.00670313,-0.0147214,-0.0168452,0.0315783,-0.00512702,0.0659503,0,0,0,0,1.20024e-12,0,0,0,0,0,0,0,0,0,0,0,0,0,0.905991,-4.4568e-09,0,1.20024e-12,-1.20024e-12,-1.20024e-12,0,-1.20024e-12,0,0,0,0,0,0,0,0,0,0,-4.4562e-09,0.905991,
8.67362e-13,0.00428509,-0.0168715,-0.000277877,0.000388874,2.23687e-05,2.0118e-05,0,0,0.455689,-0.0130181,0.141591,0.00140054,-0.00520806,4.02691e-05,-0.00282367,0,0,1.38778e-11,0.0780148,-0.00343165,0.0175011,0.00142311,0.00130195,-5.59437e-05,0,0,-0.0129835,0.630957,-0.00086124,-0.0795143,0.00362489,-0.0166388,-0.000679068,0,0,-3.46945e-12,-0.00477354,0.0665947,0.00223105,-0.000471449,0.000311507,-2.41093e-05,0,0,0.142258,-0.000760559,0.426636,-0.00960535,-0.0204876,0.00140336,-0.00146581,0,0,1.73472e-11,0.0339865,0.00267168,-0.013337,-0.00161243,0.00289989,-0.000134741,0,0,0.00157132,-0.0808405,-0.00948528,0.607082,0.0205116,0.0574982,-0.00167165,0,0,-1.38778e-11,0.0186761,0.0139892,-0.028484,0.0109425,-0.007189,0.000681079,0,0,-0.0510485,0.0356512,-0.204105,0.20542,0.324008,-0.0392247,0.0314644,0,0,2.08167e-11,0.059062,-0.00367033,-0.0157187,0.000353733,-0.0550548,0.00235121,0,0,0.000666638,-0.166898,0.0142048,0.575594,-0.0391266,0.400505,-0.00511126,0,0,0,-0.0030602,0.00145328,0.00473688,0.000206818,0.00373102,0.000333184,0,0,-0.0282122,-0.00670891,-0.0147356,-0.0168321,0.0315619,-0.00512766,0.0659515,0,0,0,0,0,0,0,-1.20024e-12,0,0,0,0,0,0,0,0,0,0,0.905991,-4.34817e-09,0,0,0,0,0,0,0,0,0,0,0,0,0,0,0,0,-4.34907e-09,0.905991,
-3.03577e-12,0.00428032,-0.0168563,-0.000277366,0.000386243,2.28573e-05,2.00673e-05,0,0,0.45587,-0.0130245,0.14136,0.00139536,-0.0051724,5.05085e-05,-0.00282555,0,0,-1.38778e-11,0.0780034,-0.00342774,0.017452,0.00142034,0.00130208,-5.59777e-05,0,0,-0.0129898,0.630961,-0.000865495,-0.0795227,0.00362687,-0.0166275,-0.000679658,0,0,1.30104e-11,-0.00477231,0.0666332,0.00224155,-0.000468388,0.000313698,-2.41749e-05,0,0,0.142028,-0.000764697,0.426756,-0.00961993,-0.0204722,0.00141036,-0.00146722,0,0,-3.46945e-12,0.033927,0.00267528,-0.0132879,-0.0016051,0.00289865,-0.000134748,0,0,0.00156649,-0.0808503,-0.00949955,0.607078,0.020511,0.0574979,-0.00167033,0,0,1.38778e-11,0.0186498,0.0140488,-0.028455,0.0108713,-0.00721824,0.000681865,0,0,-0.0506915,0.0356704,-0.20395,0.205414,0.324078,-0.0392195,0.0314478,0,0,-4.16334e-11,0.0590858,-0.00365484,-0.015799,0.000314264,-0.0550098,0.0023507,0,0,0.000769277,-0.166786,0.0142752,0.575592,-0.0391213,0.400522,-0.00511187,0,0,-1.73472e-12,-0.00305882,0.00145231,0.00473625,0.000211524,0.00373223,0.000334428,0,0,-0.028231,-0.00671469,-0.0147499,-0.016819,0.0315455,-0.00512829,0.0659527,0,0,0,0,0,0,0,0,0,0,0,0,0,0,0,0,0,0,0.905991,4.14173e-09,0,0,0,0,0,0,0,0,0,0,0,0,0,0,0,0,4.14263e-09,0.905991,
-5.63785e-12,0.00427556,-0.0168412,-0.000276856,0.000383616,2.33662e-05,2.00162e-05,0,0,0.456051,-0.0130308,0.141129,0.0013902,-0.00513675,6.07531e-05,-0.00282743,0,0,-1.38778e-11,0.077992,-0.00342382,0.0174029,0.00141757,0.0013022,-5.60115e-05,0,0,-0.012996,0.630965,-0.000869768,-0.079531,0.00362884,-0.0166161,-0.000680249,0,0,2.1684e-11,-0.00477106,0.0666718,0.00225209,-0.000465315,0.000315908,-2.42408e-05,0,0,0.141798,-0.000768853,0.426876,-0.00963452,-0.0204568,0.00141738,-0.00146863,0,0,1.73472e-11,0.0338675,0.00267889,-0.0132388,-0.00159775,0.0028974,-0.000134755,0,0,0.00156167,-0.08086,-0.00951383,0.607075,0.0205104,0.0574975,-0.001669,0,0,3.46945e-12,0.0186234,0.0141084,-0.0284258,0.0108,-0.00724752,0.000682649,0,0,-0.0503346,0.0356897,-0.203795,0.205407,0.324147,-0.0392143,0.0314313,0,0,-3.46945e-11,0.0591097,-0.00363931,-0.0158793,0.000274684,-0.0549646,0.00235019,0,0,0.000871962,-0.166674,0.0143457,0.575591,-0.039116,0.40054,-0.00511247,0,0,1.73472e-12,-0.00305743,0.00145135,0.00473561,0.000216232,0.00373343,0.000335674,0,0,-0.0282497,-0.00672047,-0.0147642,-0.0168059,0.0315291,-0.00512892,0.065954,0,0,0,0,0,0,0,0,0,5.76116e-11,0,0,0,0,0,0,0,0,0.905991,4.06822e-09,0,0,0,0,0,0,0,0,0,0,0,0,0,0,0,0,4.06852e-09,0.905991,
1.30104e-12,0.00427081,-0.0168259,-0.000276341,0.000380996,2.38882e-05,1.99646e-05,0,0,0.456233,-0.0130371,0.140898,0.00138505,-0.00510111,7.10027e-05,-0.0028293,0,0,1.38778e-11,0.0779805,-0.00341989,0.0173537,0.0014148,0.00130231,-5.60452e-05,0,0,-0.0130023,0.63097,-0.00087406,-0.0795393,0.00363083,-0.0166047,-0.000680841,0,0,-3.46945e-12,-0.00476981,0.0667103,0.0022627,-0.000462231,0.000318133,-2.43069e-05,0,0,0.141568,-0.000773026,0.426996,-0.00964912,-0.0204413,0.00142441,-0.00147005,0,0,1.73472e-12,0.0338078,0.0026825,-0.0131895,-0.00159038,0.00289615,-0.000134761,0,0,0.00155686,-0.0808698,-0.00952812,0.607071,0.0205097,0.0574972,-0.00166767,0,0,6.93889e-12,0.0185969,0.0141681,-0.0283966,0.0107286,-0.00727687,0.000683432,0,0,-0.0499778,0.035709,-0.203639,0.205401,0.324216,-0.0392091,0.0314147,0,0,6.93889e-12,0.0591334,-0.00362375,-0.0159597,0.000234989,-0.0549195,0.00234967,0,0,0.00097469,-0.166561,0.0144164,0.575589,-0.0391107,0.400557,-0.00511306,0,0,0,-0.00305603,0.00145039,0.00473496,0.000220943,0.00373462,0.000336923,0,0,-0.0282684,-0.00672626,-0.0147784,-0.0167928,0.0315127,-0.00512955,0.0659552,0,0,0,-1.20024e-12,0,-1.20024e-12,0,0,0,1.14023e-10,0,0,0,0,0,0,0,0,0.905991,4.09762e-09,0,2.40048e-12,0,2.40048e-12,0,0,0,0,0,0,0,0,0,0,0,0,4.09792e-09,0.905991,
8.67362e-13,0.00426607,-0.0168106,-0.000275821,0.000378381,2.44186e-05,1.99128e-05,0,0,0.456414,-0.0130434,0.140666,0.00137991,-0.00506548,8.1257e-05,-0.00283117,0,0,-1.38778e-11,0.0779689,-0.00341596,0.0173044,0.00141202,0.00130242,-5.60788e-05,0,0,-0.0130086,0.630974,-0.000878369,-0.0795477,0.00363282,-0.0165934,-0.000681433,0,0,-8.67362e-12,-0.00476854,0.0667488,0.00227335,-0.000459138,0.000320368,-2.43732e-05,0,0,0.141337,-0.000777216,0.427116,-0.00966373,-0.0204258,0.00143146,-0.00147147,0,0,2.68882e-11,0.033748,0.00268613,-0.0131402,-0.001583,0.00289489,-0.000134767,0,0,0.00155207,-0.0808795,-0.00954242,0.607068,0.0205091,0.0574968,-0.00166634,0,0,-1.38778e-11,0.0185704,0.0142279,-0.0283674,0.010657,-0.00730629,0.000684215,0,0,-0.0496211,0.0357283,-0.203484,0.205394,0.324286,-0.0392038,0.0313981,0,0,6.93889e-12,0.0591572,-0.00360816,-0.01604,0.000195184,-0.0548742,0.00234915,0,0,0.00107746,-0.166449,0.0144871,0.575588,-0.0391053,0.400575,-0.00511366,0,0,-1.73472e-12,-0.00305463,0.00144943,0.00473431,0.000225658,0.00373581,0.000338175,0,0,-0.028287,-0.00673206,-0.0147928,-0.0167797,0.0314963,-0.00513017,0.0659564,0,0,0,0,0,0,0,0,0,0,0,0,0,0,0,0,0,0,0.905991,4.22575e-09,0,0,0,0,0,0,0,0,0,0,0,0,0,0,0,0,4.22575e-09,0.905991,
-8.67362e-13,0.00426132,-0.0167952,-0.000275298,0.000375774,2.49548e-05,1.98607e-05,0,0,0.456595,-0.0130497,0.140434,0.00137479,-0.00502985,9.15158e-05,-0.00283303,0,0,2.77556e-11,0.0779573,-0.00341201,0.0172551,0.00140923,0.00130253,-5.61124e-05,0,0,-0.0130148,0.630978,-0.000882696,-0.079556,0.00363481,-0.016582,-0.000682025,0,0,6.07153e-12,-0.00476726,0.0667874,0.00228405,-0.000456036,0.000322612,-2.44396e-05,0,0,0.141106,-0.000781424,0.427236,-0.00967835,-0.0204103,0.00143851,-0.00147289,0,0,-1.73472e-12,0.0336882,0.00268976,-0.0130909,-0.0015756,0.00289363,-0.000134773,0,0,0.00154729,-0.0808893,-0.00955673,0.607065,0.0205084,0.0574964,-0.00166501,0,0,3.1225e-11,0.0185438,0.0142877,-0.028338,0.0105854,-0.00733579,0.000684998,0,0,-0.0492645,0.0357477,-0.203328,0.205388,0.324355,-0.0391985,0.0313815,0,0,1.04083e-10,0.059181,-0.00359254,-0.0161204,0.000155275,-0.0548288,0.00234863,0,0,0.00118026,-0.166337,0.014558,0.575586,-0.0391,0.400593,-0.00511425,0,0,0,-0.00305323,0.00144847,0.00473366,0.000230374,0.003737,0.000339429,0,0,-0.0283056,-0.00673786,-0.0148071,-0.0167665,0.0314798,-0.00513079,0.0659576,0,0,0,0,0,0,0,0,0,5.76116e-11,0,0,0,0,0,0,0,0,0.905991,-4.4649e-09,0,0,0,-1.20024e-12,-1.20024e-12,0,0,0,0,0,0,0,0,0,0,0,-4.4649e-09,0.905991,
5.20417e-12,0.00425658,-0.0167798,-0.000274774,0.000373174,2.54951e-05,1.98084e-05,0,0,0.456777,-0.013056,0.140202,0.00136968,-0.00499424,0.000101779,-0.00283489,0,0,0,0.0779455,-0.00340805,0.0172057,0.00140645,0.00130263,-5.61459e-05,0,0,-0.0130211,0.630983,-0.000887042,-0.0795643,0.0036368,-0.0165706,-0.000682618,0,0,-1.99493e-11,-0.00476596,0.0668258,0.0022948,-0.000452926,0.000324862,-2.45061e-05,0,0,0.140875,-0.00078565,0.427356,-0.00969298,-0.0203947,0.00144558,-0.00147431,0,0,8.67362e-12,0.0336282,0.0026934,-0.0130415,-0.00156818,0.00289237,-0.000134779,0,0,0.00154253,-0.080899,-0.00957104,0.607061,0.0205078,0.057496,-0.00166368,0,0,1.38778e-11,0.0185172,0.0143475,-0.0283086,0.0105136,-0.00736535,0.000685781,0,0,-0.048908,0.0357671,-0.203172,0.205381,0.324425,-0.0391932,0.0313649,0,0,6.93889e-12,0.0592047,-0.0035769,-0.0162008,0.00011527,-0.0547832,0.0023481,0,0,0.0012831,-0.166224,0.014629,0.575584,-0.0390946,0.40061,-0.00511484,0,0,0,-0.00305182,0.00144752,0.00473299,0.000235092,0.00373819,0.000340686,0,0,-0.0283242,-0.00674366,-0.0148214,-0.0167534,0.0314634,-0.00513141,0.0659588,0,0,0,0,0,0,0,0,0,0,0,0,0,0,0,0,0,0,0.905991,-4.56392e-09,0,-1.20024e-12,-1.20024e-12,0,0,0,-1.20024e-12,0,0,0,0,0,0,0,0,0,-4.56392e-09,0.905991,
0,0.00425183,-0.0167643,-0.000274248,0.000370581,2.60391e-05,1.9756e-05,0,0,0.456959,-0.0130624,0.139969,0.00136458,-0.00495864,0.000112045,-0.00283674,0,0,0,0.0779337,-0.00340407,0.0171562,0.00140365,0.00130272,-5.61794e-05,0,0,-0.0130274,0.630987,-0.000891407,-0.0795726,0.0036388,-0.0165593,-0.000683211,0,0,0,-0.00476466,0.0668643,0.00230558,-0.000449808,0.000327118,-2.45727e-05,0,0,0.140643,-0.000789893,0.427476,-0.00970762,-0.0203792,0.00145266,-0.00147574,0,0,2.25514e-11,0.0335682,0.00269705,-0.012992,-0.00156074,0.0028911,-0.000134784,0,0,0.00153778,-0.0809088,-0.00958537,0.607058,0.0205071,0.0574956,-0.00166234,0,0,6.93889e-12,0.0184906,0.0144074,-0.0282791,0.0104418,-0.00739498,0.000686564,0,0,-0.0485517,0.0357866,-0.203015,0.205374,0.324495,-0.0391879,0.0313483,0,0,-1.38778e-11,0.0592284,-0.00356122,-0.0162812,7.51724e-05,-0.0547376,0.00234757,0,0,0.00138597,-0.166112,0.0147001,0.575581,-0.0390892,0.400628,-0.00511543,0,0,-1.73472e-12,-0.0030504,0.00144657,0.00473233,0.000239812,0.00373938,0.000341945,0,0,-0.0283427,-0.00674947,-0.0148358,-0.0167402,0.031447,-0.00513203,0.06596,0,0,0,1.20024e-12,0,0,0,-1.20024e-12,-1.20024e-12,0,0,0,0,0,0,0,0,0,0.905991,-4.51591e-09,0,0,0,0,0,0,0,0,0,0,0,0,0,0,0,0,-4.51681e-09,0.905991,
-1.73472e-12,0.00424709,-0.0167487,-0.000273721,0.000367998,2.65804e-05,1.97036e-05,0,0,0.45714,-0.0130687,0.139736,0.00135951,-0.00492304,0.000122315,-0.00283859,0,0,-1.38778e-11,0.0779219,-0.00340009,0.0171067,0.00140086,0.00130282,-5.62128e-05,0,0,-0.0130337,0.630991,-0.00089579,-0.0795809,0.00364081,-0.0165479,-0.000683805,0,0,4.33681e-12,-0.00476334,0.0669028,0.00231639,-0.000446682,0.000329376,-2.46393e-05,0,0,0.140411,-0.000794154,0.427595,-0.00972227,-0.0203636,0.00145976,-0.00147717,0,0,8.67362e-12,0.0335081,0.00270071,-0.0129425,-0.0015533,0.00288983,-0.00013479,0,0,0.00153305,-0.0809185,-0.00959971,0.607054,0.0205064,0.0574952,-0.001661,0,0,0,0.0184638,0.0144674,-0.0282495,0.0103698,-0.00742468,0.000687348,0,0,-0.0481954,0.0358061,-0.202859,0.205366,0.324564,-0.0391825,0.0313316,0,0,-3.46945e-11,0.0592521,-0.00354551,-0.0163616,3.49926e-05,-0.0546919,0.00234704,0,0,0.00148886,-0.166,0.0147714,0.575579,-0.0390837,0.400646,-0.00511601,0,0,3.46945e-12,-0.00304898,0.00144562,0.00473165,0.000244533,0.00374057,0.000343207,0,0,-0.0283612,-0.00675528,-0.0148502,-0.016727,0.0314305,-0.00513264,0.0659612,0,0,0,0,0,0,0,0,0,0,0,0,0,0,0,0,0,0,0.905991,-4.34667e-09,0,1.20024e-12,1.20024e-12,-1.20024e-12,-1.20024e-12,-1.20024e-12,1.20024e-12,0,0,0,0,0,0,0,0,0,-4.34607e-09,0.905991,
-4.33681e-13,0.00424234,-0.016733,-0.000273197,0.000365427,2.71169e-05,1.96512e-05,0,0,0.457322,-0.013075,0.139503,0.00135444,-0.00488746,0.000132588,-0.00284044,0,0,0,0.0779099,-0.00339608,0.0170571,0.00139806,0.00130291,-5.62463e-05,0,0,-0.01304,0.630995,-0.000900191,-0.0795892,0.00364281,-0.0165365,-0.000684399,0,0,8.67362e-13,-0.00476201,0.0669412,0.00232722,-0.000443547,0.000331633,-2.47059e-05,0,0,0.140179,-0.000798432,0.427715,-0.00973693,-0.020348,0.00146687,-0.0014786,0,0,1.12757e-11,0.0334479,0.00270437,-0.0128929,-0.00154583,0.00288855,-0.000134796,0,0,0.00152833,-0.0809283,-0.00961406,0.607051,0.0205056,0.0574948,-0.00165967,0,0,-2.08167e-11,0.0184371,0.0145274,-0.0282198,0.0102977,-0.00745445,0.000688131,0,0,-0.0478392,0.0358256,-0.202702,0.205359,0.324634,-0.0391772,0.031315,0,0,-6.245e-11,0.0592758,-0.00352978,-0.016442,-5.25795e-06,-0.0546461,0.0023465,0,0,0.00159177,-0.165887,0.0148427,0.575577,-0.0390782,0.400663,-0.00511659,0,0,0,-0.00304756,0.00144468,0.00473097,0.000249255,0.00374177,0.000344472,0,0,-0.0283796,-0.0067611,-0.0148646,-0.0167138,0.031414,-0.00513326,0.0659624,0,0,0,-2.40048e-12,0,-2.40048e-12,0,2.40048e-12,-2.40048e-12,0,0,0,0,0,0,0,0,0,0.905991,4.09432e-09,0,0,0,0,0,0,0,0,0,0,0,0,0,0,0,0,4.09432e-09,0.905991,
4.33681e-13,0.00423758,-0.0167173,-0.000272679,0.000362866,2.76505e-05,1.95987e-05,0,0,0.457504,-0.0130814,0.13927,0.0013494,-0.00485189,0.000142864,-0.00284229,0,0,1.38778e-11,0.0778979,-0.00339207,0.0170075,0.00139525,0.001303,-5.62799e-05,0,0,-0.0130462,0.630999,-0.000904612,-0.0795975,0.00364483,-0.0165251,-0.000684994,0,0,-1.73472e-12,-0.00476067,0.0669797,0.00233806,-0.000440404,0.000333891,-2.47725e-05,0,0,0.139947,-0.000802728,0.427835,-0.0097516,-0.0203324,0.00147398,-0.00148003,0,0,-6.07153e-12,0.0333876,0.00270804,-0.0128433,-0.00153836,0.00288727,-0.000134801,0,0,0.00152363,-0.080938,-0.00962841,0.607048,0.0205049,0.0574944,-0.00165833,0,0,-1.38778e-11,0.0184102,0.0145874,-0.0281901,0.0102255,-0.00748427,0.000688914,0,0,-0.0474831,0.0358452,-0.202545,0.205351,0.324704,-0.0391717,0.0312984,0,0,4.16334e-11,0.0592994,-0.00351403,-0.0165225,-4.55728e-05,-0.0546001,0.00234597,0,0,0.00169471,-0.165775,0.0149142,0.575574,-0.0390728,0.400681,-0.00511717,0,0,0,-0.00304613,0.00144374,0.00473028,0.000253977,0.00374297,0.000345738,0,0,-0.028398,-0.00676692,-0.0148791,-0.0167005,0.0313976,-0.00513387,0.0659636,0,0,0,-1.20024e-12,2.40048e-12,0,-1.20024e-12,-1.20024e-12,0,0,0,0,0,0,0,0,0,0,0.905991,3.98e-09,0,-1.20024e-12,0,0,-1.20024e-12,-1.20024e-12,0,0,0,0,0,0,0,0,0,0,3.9806e-09,0.905991,
8.67362e-13,0.00423282,-0.0167015,-0.000272169,0.000360316,2.81837e-05,1.95462e-05,0,0,0.457686,-0.0130877,0.139036,0.00134437,-0.00481633,0.000153142,-0.00284413,0,0,2.77556e-11,0.0778858,-0.00338803,0.0169578,0.00139245,0.00130309,-5.63134e-05,0,0,-0.0130525,0.631004,-0.000909052,-0.0796058,0.00364684,-0.0165138,-0.000685589,0,0,-8.67362e-13,-0.00475933,0.0670181,0.00234892,-0.000437253,0.00033615,-2.4839e-05,0,0,0.139714,-0.000807041,0.427954,-0.00976628,-0.0203168,0.00148111,-0.00148146,0,0,-7.80626e-12,0.0333272,0.00271172,-0.0127936,-0.00153087,0.00288599,-0.000134806,0,0,0.00151895,-0.0809477,-0.00964278,0.607044,0.0205041,0.0574939,-0.00165698,0,0,-6.93889e-12,0.0183834,0.0146476,-0.0281603,0.0101533,-0.00751414,0.000689697,0,0,-0.0471272,0.0358648,-0.202388,0.205344,0.324774,-0.0391663,0.0312817,0,0,3.46945e-11,0.059323,-0.00349825,-0.0166029,-8.59504e-05,-0.0545541,0.00234544,0,0,0.00179766,-0.165662,0.0149858,0.575571,-0.0390673,0.400699,-0.00511774,0,0,1.73472e-12,-0.0030447,0.0014428,0.00472958,0.0002587,0.00374417,0.000347007,0,0,-0.0284164,-0.00677274,-0.0148936,-0.0166873,0.0313811,-0.00513447,0.0659648,0,0,0,-1.20024e-12,0,0,0,0,0,0,0,0,0,0,0,0,0,0,0.905991,3.9698e-09,0,0,0,0,0,0,0,0,0,0,0,0,0,0,0,0,3.9698e-09,0.905991,
4.33681e-13,0.00422807,-0.0166857,-0.000271657,0.000357773,2.87199e-05,1.94935e-05,0,0,0.457868,-0.013094,0.138802,0.00133935,-0.00478078,0.000163422,-0.00284596,0,0,1.38778e-11,0.0778736,-0.00338399,0.016908,0.00138964,0.00130317,-5.63468e-05,0,0,-0.0130588,0.631008,-0.00091351,-0.0796141,0.00364886,-0.0165024,-0.000686184,0,0,-8.67362e-13,-0.00475797,0.0670565,0.00235981,-0.000434093,0.000338416,-2.49057e-05,0,0,0.139482,-0.000811373,0.428074,-0.00978096,-0.0203011,0.00148826,-0.0014829,0,0,2.25514e-11,0.0332667,0.00271541,-0.0127439,-0.00152337,0.0028847,-0.000134811,0,0,0.00151428,-0.0809575,-0.00965715,0.607041,0.0205034,0.0574934,-0.00165564,0,0,-3.46945e-12,0.0183564,0.0147077,-0.0281305,0.0100809,-0.00754408,0.000690479,0,0,-0.0467713,0.0358844,-0.202231,0.205336,0.324845,-0.0391609,0.0312651,0,0,6.93889e-12,0.0593466,-0.00348244,-0.0166834,-0.000126418,-0.0545079,0.0023449,0,0,0.00190064,-0.16555,0.0150575,0.575569,-0.0390617,0.400717,-0.00511832,0,0,1.73472e-12,-0.00304326,0.00144187,0.00472888,0.000263425,0.00374537,0.000348278,0,0,-0.0284347,-0.00677857,-0.014908,-0.016674,0.0313646,-0.00513508,0.065966,0,0,0,-1.20024e-12,1.20024e-12,2.40048e-12,0,0,0,0,0,0,0,0,0,0,0,0,0.905991,4.04991e-09,0,-1.20024e-12,1.20024e-12,2.40048e-12,0,0,0,0,0,0,0,0,0,0,0,0,4.05021e-09,0.905991,
-1.30104e-12,0.00422329,-0.0166698,-0.000271152,0.000355264,2.91905e-05,1.94421e-05,0,0,0.45805,-0.0131004,0.138568,0.00133436,-0.00474524,0.000173703,-0.00284779,0,0,0,0.0778614,-0.00337991,0.0168582,0.00138682,0.00130326,-5.6381e-05,0,0,-0.0130651,0.631012,-0.000917987,-0.0796223,0.00365089,-0.016491,-0.00068678,0,0,6.07153e-12,-0.00475662,0.0670949,0.00237065,-0.000430931,0.000340632,-2.49714e-05,0,0,0.139248,-0.000815722,0.428193,-0.00979565,-0.0202854,0.00149541,-0.00148434,0,0,-5.20417e-12,0.0332061,0.0027191,-0.0126941,-0.00151586,0.0028834,-0.000134817,0,0,0.00150963,-0.0809672,-0.00967153,0.607038,0.0205026,0.0574929,-0.0016543,0,0,-2.42861e-11,0.0183295,0.0147679,-0.0281006,0.0100084,-0.00757414,0.000691265,0,0,-0.0464156,0.0359041,-0.202073,0.205328,0.324915,-0.0391554,0.0312484,0,0,1.38778e-11,0.0593702,-0.00346662,-0.0167639,-0.000166862,-0.0544617,0.00234439,0,0,0.00200362,-0.165437,0.0151293,0.575566,-0.0390562,0.400735,-0.00511889,0,0,0,-0.00304182,0.00144094,0.00472817,0.000268148,0.00374661,0.000349554,0,0,-0.028453,-0.0067844,-0.0149225,-0.0166607,0.0313481,-0.00513568,0.0659672,0,0,0,0,0,0,0,0,0,0,0,0,0,0,0,0,0,0,0.905991,4.22545e-09,0,0,0,0,0,0,0,0,0,0,0,0,0,0,0,0,4.22515e-09,0.905991,
4.33681e-13,0.0042185,-0.0166538,-0.000270681,0.00035276,2.96774e-05,1.93902e-05,0,0,0.458232,-0.0131067,0.138334,0.00132937,-0.00470971,0.000183985,-0.00284962,0,0,0,0.0778491,-0.00337582,0.0168083,0.00138401,0.00130334,-5.6415e-05,0,0,-0.0130714,0.631016,-0.000922483,-0.0796306,0.00365291,-0.0164796,-0.000687376,0,0,-2.60209e-12,-0.00475526,0.0671332,0.00238146,-0.000427759,0.000342861,-2.50373e-05,0,0,0.139015,-0.00082009,0.428313,-0.00981035,-0.0202697,0.00150257,-0.00148578,0,0,1.30104e-11,0.0331454,0.0027228,-0.0126442,-0.00150835,0.0028821,-0.000134823,0,0,0.00150499,-0.0809769,-0.00968592,0.607035,0.0205018,0.0574924,-0.00165295,0,0,-3.1225e-11,0.0183025,0.0148282,-0.0280707,0.0099359,-0.00760416,0.000692048,0,0,-0.04606,0.0359238,-0.201916,0.20532,0.324985,-0.0391499,0.0312317,0,0,-6.245e-11,0.0593937,-0.00345078,-0.0168444,-0.000207322,-0.0544153,0.00234387,0,0,0.00210663,-0.165325,0.0152012,0.575562,-0.0390506,0.400753,-0.00511946,0,0,0,-0.00304038,0.00144001,0.00472745,0.000272871,0.00374784,0.000350828,0,0,-0.0284713,-0.00679024,-0.0149371,-0.0166474,0.0313316,-0.00513628,0.0659684,0,0,0,0,0,0,0,0,0,0,0,0,0,0,0,0,0,0,0.905991,-4.51621e-09,0,0,0,0,0,0,0,0,0,0,0,0,0,0,0,0,-4.51561e-09,0.905991,
1.73472e-12,0.00421372,-0.0166378,-0.000270232,0.000350256,3.01908e-05,1.93378e-05,0,0,0.458414,-0.0131131,0.138099,0.00132441,-0.0046742,0.00019427,-0.00285144,0,0,-1.38778e-11,0.0778367,-0.00337171,0.0167583,0.00138119,0.00130342,-5.64487e-05,0,0,-0.0130777,0.63102,-0.000926997,-0.0796389,0.00365494,-0.0164682,-0.000687972,0,0,-7.80626e-12,-0.0047539,0.0671716,0.00239228,-0.000424577,0.000345113,-2.51036e-05,0,0,0.138781,-0.000824476,0.428432,-0.00982506,-0.020254,0.00150975,-0.00148722,0,0,-8.67362e-12,0.0330847,0.0027265,-0.0125943,-0.00150082,0.00288079,-0.000134828,0,0,0.00150037,-0.0809866,-0.00970032,0.607031,0.020501,0.0574919,-0.0016516,0,0,2.77556e-11,0.0182754,0.0148885,-0.0280407,0.00986327,-0.00763416,0.000692828,0,0,-0.0457045,0.0359436,-0.201758,0.205311,0.325055,-0.0391444,0.031215,0,0,4.85723e-11,0.0594172,-0.00343492,-0.0169249,-0.000247841,-0.0543688,0.00234333,0,0,0.00220966,-0.165212,0.0152733,0.575559,-0.039045,0.400771,-0.00512002,0,0,-1.73472e-12,-0.00303893,0.00143909,0.00472672,0.000277594,0.00374905,0.000352103,0,0,-0.0284895,-0.00679608,-0.0149516,-0.0166341,0.0313151,-0.00513687,0.0659696,0,0,0,0,-1.20024e-12,0,0,-1.20024e-12,1.20024e-12,0,0,0,0,0,0,0,0,0,0.905991,-4.66534e-09,0,0,-2.40048e-12,0,0,-2.40048e-12,2.40048e-12,0,0,0,0,0,0,0,0,0,-4.66504e-09,0.905991,
1.30104e-12,0.00420895,-0.0166217,-0.000269789,0.000347749,3.07372e-05,1.92845e-05,0,0,0.458596,-0.0131194,0.137864,0.00131946,-0.00463869,0.000204557,-0.00285326,0,0,1.38778e-11,0.0778242,-0.0033676,0.0167083,0.00137836,0.00130349,-5.6482e-05,0,0,-0.013084,0.631024,-0.00093153,-0.0796471,0.00365698,-0.0164568,-0.000688569,0,0,-3.46945e-12,-0.00475252,0.0672099,0.00240314,-0.000421383,0.000347394,-2.51703e-05,0,0,0.138548,-0.00082888,0.428551,-0.00983978,-0.0202383,0.00151694,-0.00148867,0,0,-1.12757e-11,0.0330238,0.00273021,-0.0125443,-0.00149328,0.00287948,-0.000134832,0,0,0.00149577,-0.0809963,-0.00971473,0.607028,0.0205002,0.0574914,-0.00165025,0,0,6.93889e-12,0.0182483,0.0149489,-0.0280107,0.00979054,-0.00766416,0.000693605,0,0,-0.0453491,0.0359634,-0.2016,0.205303,0.325126,-0.0391388,0.0311983,0,0,2.77556e-11,0.0594407,-0.00341902,-0.0170054,-0.000288468,-0.0543222,0.00234279,0,0,0.00231272,-0.165099,0.0153455,0.575556,-0.0390393,0.400789,-0.00512058,0,0,1.73472e-12,-0.00303748,0.00143817,0.00472599,0.00028232,0.00375024,0.000353378,0,0,-0.0285076,-0.00680192,-0.0149662,-0.0166208,0.0312986,-0.00513747,0.0659708,0,0,0,0,0,0,0,1.20024e-12,0,5.76116e-11,0,0,0,0,0,0,0,0,0.905991,-4.65604e-09,0,0,0,0,0,0,0,1.15223e-10,0,0,0,0,0,0,0,0,-4.65574e-09,0.905991,
-1.30104e-12,0.0042042,-0.0166055,-0.000269341,0.000345246,3.12967e-05,1.9231e-05,0,0,0.458778,-0.0131258,0.137629,0.00131453,-0.0046032,0.000214846,-0.00285508,0,0,0,0.0778116,-0.00336347,0.0166582,0.00137554,0.00130355,-5.65151e-05,0,0,-0.0130903,0.631028,-0.000936082,-0.0796554,0.00365902,-0.0164454,-0.000689166,0,0,6.07153e-12,-0.00475114,0.0672483,0.00241406,-0.000418181,0.000349689,-2.52374e-05,0,0,0.138313,-0.000833302,0.42867,-0.00985451,-0.0202225,0.00152414,-0.00149011,0,0,-3.46945e-12,0.0329629,0.00273393,-0.0124943,-0.00148572,0.00287816,-0.000134836,0,0,0.00149118,-0.081006,-0.00972915,0.607025,0.0204993,0.0574909,-0.0016489,0,0,1.38778e-11,0.0182211,0.0150093,-0.0279805,0.00971769,-0.00769423,0.000694382,0,0,-0.0449938,0.0359832,-0.201441,0.205294,0.325196,-0.0391332,0.0311816,0,0,2.77556e-11,0.0594642,-0.0034031,-0.0170859,-0.000329206,-0.0542755,0.00234224,0,0,0.00241578,-0.164987,0.0154178,0.575552,-0.0390337,0.400807,-0.00512114,0,0,3.46945e-12,-0.00303602,0.00143725,0.00472525,0.000287047,0.00375142,0.000354656,0,0,-0.0285257,-0.00680777,-0.0149808,-0.0166074,0.0312821,-0.00513806,0.065972,0,0,0,0,0,1.20024e-12,0,0,0,0,0,0,0,0,0,0,0,0,0.905991,-4.5048e-09,0,0,0,0,0,0,0,0,0,0,0,0,0,0,0,0,-4.50541e-09,0.905991,
2.60209e-12,0.00419944,-0.0165892,-0.000268889,0.000342749,3.18627e-05,1.91773e-05,0,0,0.458961,-0.0131321,0.137393,0.00130961,-0.00456772,0.000225138,-0.00285689,0,0,1.38778e-11,0.077799,-0.00335934,0.0166081,0.00137271,0.00130361,-5.65481e-05,0,0,-0.0130966,0.631032,-0.000940653,-0.0796636,0.00366106,-0.016434,-0.000689764,0,0,-1.04083e-11,-0.00474973,0.0672866,0.00242504,-0.000414971,0.000351992,-2.53045e-05,0,0,0.138079,-0.000837742,0.42879,-0.00986925,-0.0202068,0.00153135,-0.00149156,0,0,7.80626e-12,0.0329018,0.00273766,-0.0124442,-0.00147813,0.00287684,-0.00013484,0,0,0.00148662,-0.0810157,-0.00974357,0.607022,0.0204985,0.0574903,-0.00164755,0,0,0,0.0181939,0.0150698,-0.0279503,0.00964473,-0.00772437,0.00069516,0,0,-0.0446387,0.0360031,-0.201283,0.205286,0.325267,-0.0391276,0.0311649,0,0,-6.93889e-12,0.0594877,-0.00338715,-0.0171665,-0.000370048,-0.0542287,0.00234168,0,0,0.00251886,-0.164874,0.0154902,0.575549,-0.039028,0.400825,-0.0051217,0,0,-8.67362e-13,-0.00303456,0.00143634,0.0047245,0.000291776,0.0037526,0.000355936,0,0,-0.0285438,-0.00681362,-0.0149954,-0.0165941,0.0312656,-0.00513865,0.0659732,0,0,0,0,-1.20024e-12,0,0,-1.20024e-12,0,0,0,0,0,0,0,0,0,0,0.905991,4.25425e-09,0,0,1.20024e-12,0,0,1.20024e-12,0,0,0,0,0,0,0,0,0,0,4.25485e-09,0.905991,
-4.33681e-13,0.00419469,-0.0165729,-0.000268432,0.000340259,3.2432e-05,1.91234e-05,0,0,0.459143,-0.0131385,0.137158,0.00130472,-0.00453225,0.000235431,-0.0028587,0,0,1.38778e-11,0.0777863,-0.00335519,0.0165579,0.00136987,0.00130366,-5.6581e-05,0,0,-0.0131029,0.631036,-0.000945243,-0.0796719,0.00366311,-0.0164226,-0.000690362,0,0,8.67362e-13,-0.00474832,0.0673249,0.00243606,-0.000411753,0.000354302,-2.53718e-05,0,0,0.137844,-0.000842201,0.428909,-0.00988399,-0.020191,0.00153857,-0.00149301,0,0,-1.47451e-11,0.0328407,0.0027414,-0.012394,-0.00147054,0.00287552,-0.000134843,0,0,0.00148207,-0.0810254,-0.009758,0.607019,0.0204976,0.0574897,-0.00164619,0,0,-1.38778e-11,0.0181666,0.0151303,-0.02792,0.00957167,-0.00775457,0.000695937,0,0,-0.0442836,0.036023,-0.201124,0.205277,0.325338,-0.039122,0.0311482,0,0,1.38778e-11,0.0595111,-0.00337117,-0.017247,-0.000410986,-0.0541818,0.00234112,0,0,0.00262195,-0.164762,0.0155627,0.575545,-0.0390223,0.400843,-0.00512225,0,0,2.60209e-12,-0.00303309,0.00143543,0.00472375,0.000296506,0.00375378,0.000357218,0,0,-0.0285618,-0.00681947,-0.01501,-0.0165807,0.031249,-0.00513923,0.0659744,0,0,0,0,0,0,0,0,0,0,0,0,0,0,0,0,0,0,0.905991,4.15403e-09,0,0,0,0,0,0,0,0,0,0,0,0,0,0,0,0,4.15343e-09,0.905991,
1.73472e-12,0.00418993,-0.0165565,-0.000267974,0.000337783,3.29962e-05,1.90695e-05,0,0,0.459326,-0.0131448,0.136922,0.00129984,-0.00449679,0.000245725,-0.0028605,0,0,0,0.0777735,-0.00335102,0.0165076,0.00136703,0.00130371,-5.66141e-05,0,0,-0.0131092,0.63104,-0.000949852,-0.0796801,0.00366516,-0.0164112,-0.00069096,0,0,-6.07153e-12,-0.00474689,0.0673631,0.00244711,-0.000408526,0.000356611,-2.5439e-05,0,0,0.137609,-0.000846677,0.429028,-0.00989875,-0.0201751,0.00154581,-0.00149447,0,0,8.67362e-13,0.0327794,0.00274514,-0.0123438,-0.00146293,0.00287419,-0.000134847,0,0,0.00147753,-0.0810351,-0.00977244,0.607016,0.0204967,0.0574892,-0.00164483,0,0,3.46945e-12,0.0181393,0.0151908,-0.0278896,0.00949851,-0.00778486,0.000696715,0,0,-0.0439287,0.036043,-0.200965,0.205268,0.325408,-0.0391163,0.0311315,0,0,6.93889e-12,0.0595345,-0.00335517,-0.0173276,-0.000452004,-0.0541348,0.00234056,0,0,0.00272504,-0.164649,0.0156353,0.575541,-0.0390166,0.400861,-0.0051228,0,0,-8.67362e-13,-0.00303162,0.00143453,0.00472299,0.000301237,0.00375496,0.000358504,0,0,-0.0285798,-0.00682533,-0.0150247,-0.0165673,0.0312325,-0.00513982,0.0659756,0,0,0,0,-1.20024e-12,1.20024e-12,0,0,0,0,0,0,0,0,0,0,0,0,0.905991,4.16634e-09,0,0,-1.20024e-12,1.20024e-12,0,0,0,0,0,0,0,0,0,0,0,0,4.16634e-09,0.905991,
-4.33681e-13,0.00418517,-0.01654,-0.000267519,0.00033532,3.35557e-05,1.90156e-05,0,0,0.459508,-0.0131512,0.136685,0.00129498,-0.00446134,0.000256021,-0.0028623,0,0,0,0.0777607,-0.00334684,0.0164573,0.00136419,0.00130376,-5.66471e-05,0,0,-0.0131156,0.631044,-0.000954481,-0.0796883,0.00366722,-0.0163998,-0.000691559,0,0,1.73472e-12,-0.00474545,0.0674014,0.00245818,-0.00040529,0.000358919,-2.55061e-05,0,0,0.137374,-0.000851172,0.429147,-0.0099135,-0.0201593,0.00155306,-0.00149592,0,0,9.54098e-12,0.0327181,0.0027489,-0.0122935,-0.0014553,0.00287285,-0.00013485,0,0,0.00147302,-0.0810448,-0.00978689,0.607013,0.0204958,0.0574886,-0.00164348,0,0,-3.46945e-12,0.0181119,0.0152514,-0.0278592,0.00942525,-0.0078152,0.000697493,0,0,-0.0435739,0.036063,-0.200806,0.205258,0.325479,-0.0391107,0.0311148,0,0,-3.46945e-11,0.0595578,-0.00333914,-0.0174082,-0.000493091,-0.0540877,0.00234,0,0,0.00282814,-0.164536,0.015708,0.575537,-0.0390108,0.400879,-0.00512335,0,0,-3.46945e-12,-0.00303014,0.00143362,0.00472222,0.000305968,0.00375615,0.000359792,0,0,-0.0285978,-0.00683119,-0.0150394,-0.0165539,0.0312159,-0.0051404,0.0659768,0,0,0,0,0,0,0,0,0,0,0,0,0,0,0,0,0,0,0.905991,4.28336e-09,0,0,0,0,0,0,0,0,0,0,0,0,0,0,0,0,4.28336e-09,0.905991,
-5.63785e-12,0.00418041,-0.0165235,-0.000267069,0.000332868,3.41128e-05,1.89617e-05,0,0,0.459691,-0.0131576,0.136449,0.00129013,-0.00442591,0.000266317,-0.00286409,0,0,0,0.0777477,-0.00334265,0.0164069,0.00136134,0.0013038,-5.66802e-05,0,0,-0.0131219,0.631048,-0.000959129,-0.0796965,0.00366928,-0.0163884,-0.000692158,0,0,2.34188e-11,-0.004744,0.0674396,0.00246927,-0.000402046,0.000361227,-2.55733e-05,0,0,0.137138,-0.000855685,0.429266,-0.00992827,-0.0201435,0.00156032,-0.00149738,0,0,8.67362e-12,0.0326567,0.00275266,-0.0122432,-0.00144767,0.00287151,-0.000134854,0,0,0.00146852,-0.0810545,-0.00980134,0.60701,0.0204949,0.0574879,-0.00164212,0,0,1.73472e-11,0.0180844,0.0153121,-0.0278287,0.0093519,-0.0078456,0.00069827,0,0,-0.0432193,0.036083,-0.200647,0.205249,0.32555,-0.039105,0.031098,0,0,2.77556e-11,0.0595812,-0.00332309,-0.0174888,-0.000534239,-0.0540404,0.00233944,0,0,0.00293124,-0.164423,0.0157809,0.575533,-0.0390051,0.400897,-0.00512389,0,0,1.73472e-12,-0.00302866,0.00143273,0.00472145,0.000310699,0.00375735,0.000361082,0,0,-0.0286157,-0.00683706,-0.0150541,-0.0165405,0.0311994,-0.00514097,0.065978,0,0,0,0,0,1.20024e-12,0,0,0,1.20024e-12,0,0,0,0,0,0,0,0,0.905991,-4.51441e-09,0,0,0,-1.20024e-12,0,0,0,1.20024e-12,0,0,0,0,0,0,0,0,-4.51441e-09,0.905991,
2.1684e-12,0.00417565,-0.0165069,-0.000266627,0.000330425,3.46693e-05,1.89078e-05,0,0,0.459873,-0.0131639,0.136212,0.00128531,-0.00439049,0.000276613,-0.00286588,0,0,0,0.0777347,-0.00333844,0.0163564,0.00135849,0.00130384,-5.67133e-05,0,0,-0.0131282,0.631052,-0.000963797,-0.0797047,0.00367134,-0.016377,-0.000692758,0,0,-8.67362e-12,-0.00474254,0.0674779,0.00248037,-0.000398794,0.000363538,-2.56404e-05,0,0,0.136903,-0.000860217,0.429384,-0.00994304,-0.0201276,0.00156758,-0.00149884,0,0,-3.46945e-12,0.0325952,0.00275643,-0.0121928,-0.00144002,0.00287017,-0.000134857,0,0,0.00146405,-0.0810642,-0.0098158,0.607007,0.0204939,0.0574873,-0.00164076,0,0,6.93889e-12,0.0180569,0.0153728,-0.0277981,0.00927845,-0.00787604,0.000699047,0,0,-0.0428648,0.0361031,-0.200488,0.20524,0.325621,-0.0390993,0.0310813,0,0,2.77556e-11,0.0596045,-0.00330702,-0.0175694,-0.000575447,-0.053993,0.00233888,0,0,0.00303434,-0.164311,0.0158538,0.575529,-0.0389993,0.400915,-0.00512443,0,0,1.73472e-12,-0.00302718,0.00143183,0.00472067,0.000315431,0.00375854,0.000362373,0,0,-0.0286336,-0.00684293,-0.0150688,-0.016527,0.0311828,-0.00514155,0.0659792,0,0,0,0,0,0,0,0,0,0,0,0,0,0,0,0,0,0,0.905991,-4.60202e-09,0,0,0,1.20024e-12,0,0,0,0,0,0,0,0,0,0,0,0,-4.60112e-09,0.905991,
-2.1684e-12,0.00417088,-0.0164903,-0.000266192,0.000327992,3.52264e-05,1.88537e-05,0,0,0.460056,-0.0131703,0.135975,0.0012805,-0.00435508,0.00028691,-0.00286767,0,0,1.38778e-11,0.0777216,-0.00333421,0.0163059,0.00135563,0.00130388,-5.67463e-05,0,0,-0.0131345,0.631056,-0.000968485,-0.0797129,0.00367341,-0.0163656,-0.000693357,0,0,9.54098e-12,-0.00474107,0.0675161,0.00249148,-0.000395533,0.000365851,-2.57075e-05,0,0,0.136667,-0.000864767,0.429503,-0.00995782,-0.0201117,0.00157486,-0.0015003,0,0,1.82146e-11,0.0325336,0.00276021,-0.0121423,-0.00143235,0.00286882,-0.00013486,0,0,0.00145959,-0.0810739,-0.00983027,0.607004,0.020493,0.0574867,-0.00163939,0,0,0,0.0180294,0.0154335,-0.0277675,0.00920491,-0.00790652,0.000699823,0,0,-0.0425103,0.0361232,-0.200328,0.20523,0.325692,-0.0390935,0.0310645,0,0,-4.85723e-11,0.0596278,-0.00329093,-0.01765,-0.000616716,-0.0539456,0.00233832,0,0,0.00313743,-0.164198,0.0159269,0.575524,-0.0389935,0.400934,-0.00512497,0,0,0,-0.00302569,0.00143094,0.00471988,0.000320162,0.00375973,0.000363667,0,0,-0.0286514,-0.0068488,-0.0150836,-0.0165136,0.0311662,-0.00514212,0.0659804,0,0,0,0,1.20024e-12,0,0,-1.20024e-12,1.20024e-12,0,0,0,0,0,0,0,0,0,0.905991,-4.53871e-09,0,0,0,0,0,0,0,0,0,0,0,0,0,0,0,0,-4.53931e-09,0.905991,
2.1684e-12,0.00416612,-0.0164735,-0.000265756,0.000325568,3.57867e-05,1.87995e-05,0,0,0.460239,-0.0131767,0.135737,0.00127572,-0.00431969,0.000297206,-0.00286945,0,0,-1.38778e-11,0.0777085,-0.00332997,0.0162553,0.00135277,0.00130391,-5.67793e-05,0,0,-0.0131408,0.63106,-0.000973192,-0.0797211,0.00367548,-0.0163541,-0.000693958,0,0,-1.04083e-11,-0.00473959,0.0675543,0.00250264,-0.000392265,0.00036817,-2.57748e-05,0,0,0.13643,-0.000869335,0.429622,-0.00997261,-0.0200958,0.00158216,-0.00150177,0,0,6.93889e-12,0.0324719,0.00276399,-0.0120918,-0.00142468,0.00286746,-0.000134863,0,0,0.00145515,-0.0810836,-0.00984474,0.607001,0.020492,0.057486,-0.00163803,0,0,-2.77556e-11,0.0180018,0.0154943,-0.0277367,0.00913127,-0.00793707,0.000700599,0,0,-0.0421561,0.0361433,-0.200168,0.20522,0.325763,-0.0390877,0.0310478,0,0,-4.16334e-11,0.0596511,-0.00327481,-0.0177306,-0.000658072,-0.053898,0.00233776,0,0,0.00324052,-0.164085,0.0160001,0.57552,-0.0389876,0.400952,-0.00512551,0,0,2.60209e-12,-0.00302419,0.00143006,0.00471909,0.000324895,0.00376092,0.000364963,0,0,-0.0286692,-0.00685468,-0.0150983,-0.0165001,0.0311496,-0.00514269,0.0659816,0,0,0,0,0,0,0,0,0,0,0,0,0,0,0,0,0,0,0.905991,-4.35567e-09,0,0,0,0,0,0,0,0,0,0,0,0,0,0,0,0,-4.35447e-09,0.905991,
-1.73472e-12,0.00416133,-0.0164567,-0.000265327,0.00032318,3.6285e-05,1.87465e-05,0,0,0.460422,-0.0131831,0.1355,0.00127095,-0.00428431,0.000307502,-0.00287122,0,0,0,0.0776952,-0.0033257,0.0162046,0.00134991,0.00130395,-5.6813e-05,0,0,-0.0131472,0.631064,-0.000977918,-0.0797293,0.00367755,-0.0163427,-0.000694558,0,0,7.80626e-12,-0.00473812,0.0675925,0.00251374,-0.00038899,0.000370441,-2.5841e-05,0,0,0.136194,-0.000873922,0.429741,-0.0099874,-0.0200798,0.00158946,-0.00150323,0,0,0,0.0324101,0.00276778,-0.0120413,-0.001417,0.0028661,-0.000134867,0,0,0.00145073,-0.0810933,-0.00985923,0.606998,0.0204911,0.0574854,-0.00163666,0,0,-1.04083e-11,0.0179742,0.0155552,-0.027706,0.00905757,-0.00796773,0.000701377,0,0,-0.0418019,0.0361635,-0.200008,0.20521,0.325835,-0.0390819,0.031031,0,0,-1.04083e-10,0.0596743,-0.00325868,-0.0178112,-0.000699404,-0.0538502,0.00233721,0,0,0.00334361,-0.163972,0.0160733,0.575515,-0.0389818,0.40097,-0.00512604,0,0,-6.07153e-12,-0.0030227,0.00142917,0.00471829,0.000329626,0.00376215,0.000366263,0,0,-0.0286869,-0.00686055,-0.0151131,-0.0164866,0.031133,-0.00514326,0.0659828,0,0,0,0,0,0,-1.20024e-12,0,1.20024e-12,0,0,0,0,0,0,0,0,0,0.905991,4.09282e-09,0,0,-1.20024e-12,0,1.20024e-12,0,-1.20024e-12,0,0,0,0,0,0,0,0,0,4.09222e-09,0.905991,
-2.1684e-12,0.00415654,-0.0164399,-0.00026493,0.000320798,3.68017e-05,1.86929e-05,0,0,0.460605,-0.0131894,0.135262,0.0012662,-0.00424894,0.000317797,-0.002873,0,0,-2.77556e-11,0.0776819,-0.00332141,0.0161539,0.00134705,0.00130399,-5.68465e-05,0,0,-0.0131535,0.631068,-0.000982664,-0.0797375,0.00367963,-0.0163313,-0.000695159,0,0,5.20417e-12,-0.00473664,0.0676306,0.00252481,-0.000385705,0.000372728,-2.59075e-05,0,0,0.135957,-0.000878528,0.429859,-0.0100022,-0.0200639,0.00159677,-0.0015047,0,0,4.33681e-12,0.0323482,0.00277158,-0.0119906,-0.00140931,0.00286473,-0.00013487,0,0,0.00144633,-0.081103,-0.00987372,0.606995,0.0204901,0.0574847,-0.0016353,0,0,0,0.0179465,0.0156161,-0.0276752,0.00898378,-0.00799835,0.000702151,0,0,-0.0414479,0.0361837,-0.199848,0.2052,0.325906,-0.0390761,0.0310142,0,0,-1.38778e-11,0.0596975,-0.00324253,-0.0178919,-0.000740753,-0.0538024,0.00233666,0,0,0.0034467,-0.16386,0.0161467,0.57551,-0.0389759,0.400988,-0.00512657,0,0,8.67362e-13,-0.0030212,0.00142829,0.00471747,0.000334357,0.00376337,0.000367563,0,0,-0.0287046,-0.00686643,-0.0151279,-0.0164731,0.0311165,-0.00514382,0.065984,0,0,0,0,-1.20024e-12,0,0,0,-1.20024e-12,0,0,0,0,0,0,0,0,0,0.905991,3.9707e-09,0,0,1.20024e-12,0,0,0,1.20024e-12,0,0,0,0,0,0,0,0,0,3.9704e-09,0.905991,
-1.30104e-12,0.00415176,-0.016423,-0.000264554,0.000318416,3.73462e-05,1.86387e-05,0,0,0.460788,-0.0131958,0.135024,0.00126147,-0.00421358,0.000328092,-0.00287477,0,0,-1.38778e-11,0.0776685,-0.00331711,0.0161031,0.00134418,0.00130402,-5.68796e-05,0,0,-0.0131598,0.631072,-0.000987429,-0.0797457,0.00368171,-0.0163199,-0.00069576,0,0,4.33681e-12,-0.00473515,0.0676688,0.0025359,-0.00038241,0.000375038,-2.59744e-05,0,0,0.13572,-0.000883153,0.429978,-0.010017,-0.0200479,0.00160409,-0.00150617,0,0,-1.82146e-11,0.0322862,0.00277538,-0.0119399,-0.00140161,0.00286336,-0.000134873,0,0,0.00144194,-0.0811126,-0.00988821,0.606992,0.0204891,0.057484,-0.00163393,0,0,3.46945e-12,0.0179188,0.015677,-0.0276444,0.00890991,-0.00802895,0.000702922,0,0,-0.041094,0.036204,-0.199687,0.20519,0.325977,-0.0390703,0.0309974,0,0,3.46945e-11,0.0597207,-0.00322636,-0.0179725,-0.000782164,-0.0537545,0.0023361,0,0,0.00354979,-0.163747,0.0162202,0.575505,-0.03897,0.401007,-0.0051271,0,0,-8.67362e-13,-0.00301969,0.00142742,0.00471665,0.000339088,0.00376456,0.000368862,0,0,-0.0287223,-0.00687232,-0.0151427,-0.0164596,0.0310998,-0.00514438,0.0659852,0,0,0,0,0,0,-1.20024e-12,-1.20024e-12,0,0,0,0,0,0,0,0,0,0,0.905991,3.95299e-09,0,0,1.20024e-12,-1.20024e-12,1.20024e-12,0,0,0,0,0,0,0,0,0,0,0,3.95239e-09,0.905991,
1.30104e-12,0.00414699,-0.016406,-0.000264184,0.000316036,3.79121e-05,1.8584e-05,0,0,0.460971,-0.0132022,0.134785,0.00125676,-0.00417824,0.000338387,-0.00287653,0,0,0,0.077655,-0.0033128,0.0160523,0.00134132,0.00130404,-5.69125e-05,0,0,-0.0131662,0.631076,-0.000992213,-0.0797539,0.0036838,-0.0163085,-0.000696361,0,0,-3.46945e-12,-0.00473365,0.0677069,0.00254702,-0.000379104,0.000377368,-2.60416e-05,0,0,0.135483,-0.000887797,0.430096,-0.0100318,-0.0200319,0.00161143,-0.00150764,0,0,-8.67362e-13,0.0322242,0.00277919,-0.0118892,-0.00139389,0.00286198,-0.000134875,0,0,0.00143758,-0.0811223,-0.00990271,0.606989,0.020488,0.0574833,-0.00163256,0,0,2.08167e-11,0.017891,0.015738,-0.0276135,0.00883593,-0.00805956,0.000703691,0,0,-0.0407403,0.0362243,-0.199527,0.205179,0.326049,-0.0390644,0.0309806,0,0,0,0.0597439,-0.00321016,-0.0180531,-0.000823663,-0.0537064,0.00233552,0,0,0.00365288,-0.163634,0.0162938,0.5755,-0.0389641,0.401025,-0.00512762,0,0,-8.67362e-13,-0.00301818,0.00142654,0.00471583,0.000343821,0.00376574,0.000370162,0,0,-0.0287399,-0.00687821,-0.0151576,-0.0164461,0.0310832,-0.00514494,0.0659863,0,0,0,1.20024e-12,0,1.20024e-12,0,-1.20024e-12,0,0,0,0,0,0,0,0,0,0,0.905991,4.02471e-09,0,1.20024e-12,0,1.20024e-12,0,-1.20024e-12,0,0,0,0,0,0,0,0,0,0,4.02471e-09,0.905991,
0,0.00414223,-0.0163889,-0.000263815,0.000313661,3.8492e-05,1.8529e-05,0,0,0.461154,-0.0132086,0.134547,0.00125207,-0.00414291,0.000348682,-0.00287829,0,0,1.38778e-11,0.0776415,-0.00330848,0.0160014,0.00133844,0.00130406,-5.69453e-05,0,0,-0.0131725,0.631079,-0.000997017,-0.0797621,0.00368589,-0.016297,-0.000696963,0,0,0,-0.00473214,0.0677451,0.0025582,-0.000375788,0.000379712,-2.6109e-05,0,0,0.135245,-0.00089246,0.430215,-0.0100466,-0.0200159,0.00161877,-0.00150912,0,0,4.33681e-12,0.032162,0.002783,-0.0118384,-0.00138616,0.0028606,-0.000134876,0,0,0.00143324,-0.081132,-0.00991722,0.606986,0.020487,0.0574826,-0.00163118,0,0,3.46945e-12,0.0178632,0.015799,-0.0275825,0.00876186,-0.00809022,0.000704459,0,0,-0.0403867,0.0362446,-0.199366,0.205169,0.32612,-0.0390585,0.0309638,0,0,1.38778e-11,0.059767,-0.00319394,-0.0181338,-0.000865258,-0.0536583,0.00233495,0,0,0.00375597,-0.163521,0.0163675,0.575495,-0.0389581,0.401044,-0.00512814,0,0,8.67362e-13,-0.00301667,0.00142567,0.00471499,0.000348554,0.00376691,0.000371464,0,0,-0.0287574,-0.0068841,-0.0151725,-0.0164325,0.0310666,-0.00514549,0.0659875,0,0,0,0,0,0,0,0,0,0,0,0,0,0,0,0,0,0,0.905991,4.18854e-09,0,0,0,0,0,0,0,0,0,0,0,0,0,0,0,0,4.18944e-09,0.905991,
0,0.00413747,-0.0163718,-0.000263444,0.000311293,3.90806e-05,1.84737e-05,0,0,0.461337,-0.013215,0.134308,0.0012474,-0.00410759,0.000358978,-0.00288004,0,0,2.77556e-11,0.0776278,-0.00330414,0.0159504,0.00133557,0.00130407,-5.69779e-05,0,0,-0.0131789,0.631083,-0.00100184,-0.0797702,0.00368798,-0.0162856,-0.000697565,0,0,2.60209e-12,-0.00473062,0.0677832,0.00256942,-0.000372464,0.000382067,-2.61765e-05,0,0,0.135007,-0.000897141,0.430333,-0.0100615,-0.0199999,0.00162613,-0.00151059,0,0,-1.21431e-11,0.0320997,0.00278683,-0.0117875,-0.00137841,0.00285921,-0.000134878,0,0,0.00142891,-0.0811416,-0.00993174,0.606983,0.0204859,0.0574818,-0.00162981,0,0,-6.93889e-12,0.0178353,0.0158601,-0.0275514,0.00868767,-0.00812093,0.000705227,0,0,-0.0400332,0.036265,-0.199205,0.205158,0.326192,-0.0390526,0.030947,0,0,5.55112e-11,0.0597901,-0.00317769,-0.0182145,-0.000906949,-0.05361,0.00233436,0,0,0.00385905,-0.163408,0.0164414,0.575489,-0.0389521,0.401062,-0.00512866,0,0,8.67362e-13,-0.00301515,0.00142481,0.00471415,0.000353289,0.00376808,0.000372768,0,0,-0.028775,-0.00688999,-0.0151874,-0.0164189,0.03105,-0.00514605,0.0659887,0,0,0,0,0,0,-1.20024e-12,0,0,0,0,0,0,0,0,0,0,0,0.905991,-4.4646e-09,0,0,0,1.20024e-12,0,1.20024e-12,0,0,0,0,0,0,0,0,0,0,-4.4643e-09,0.905991,
-3.03577e-12,0.00413272,-0.0163546,-0.000263073,0.000308933,3.96746e-05,1.84182e-05,0,0,0.46152,-0.0132214,0.134068,0.00124275,-0.00407229,0.000369274,-0.0028818,0,0,1.38778e-11,0.0776141,-0.00329979,0.0158994,0.00133268,0.00130407,-5.70104e-05,0,0,-0.0131852,0.631087,-0.00100668,-0.0797784,0.00369008,-0.0162742,-0.000698168,0,0,1.38778e-11,-0.00472908,0.0678212,0.00258068,-0.000369131,0.000384428,-2.62442e-05,0,0,0.134769,-0.000901841,0.430451,-0.0100763,-0.0199838,0.0016335,-0.00151207,0,0,2.08167e-11,0.0320374,0.00279067,-0.0117366,-0.00137064,0.00285782,-0.000134879,0,0,0.00142461,-0.0811513,-0.00994626,0.60698,0.0204849,0.0574811,-0.00162844,0,0,3.46945e-12,0.0178073,0.0159212,-0.0275202,0.00861339,-0.0081517,0.000705994,0,0,-0.0396799,0.0362854,-0.199044,0.205147,0.326264,-0.0390467,0.0309302,0,0,-2.77556e-11,0.0598132,-0.00316142,-0.0182951,-0.000948731,-0.0535616,0.00233378,0,0,0.00396212,-0.163295,0.0165153,0.575484,-0.0389462,0.40108,-0.00512917,0,0,2.60209e-12,-0.00301362,0.00142395,0.00471331,0.000358025,0.00376925,0.000374075,0,0,-0.0287924,-0.00689589,-0.0152023,-0.0164054,0.0310334,-0.0051466,0.0659899,0,0,0,0,0,0,0,0,0,5.76116e-11,0,0,0,0,0,0,0,0,0.905991,-4.60292e-09,0,-1.20024e-12,1.20024e-12,-1.20024e-12,-1.20024e-12,0,-1.20024e-12,0,0,0,0,0,0,0,0,0,-4.60232e-09,0.905991,
-3.46945e-12,0.00412796,-0.0163373,-0.000262701,0.000306581,4.0272e-05,1.83626e-05,0,0,0.461703,-0.0132278,0.133829,0.00123811,-0.004037,0.000379569,-0.00288354,0,0,1.38778e-11,0.0776003,-0.00329543,0.0158483,0.0013298,0.00130407,-5.70429e-05,0,0,-0.0131915,0.631091,-0.00101155,-0.0797865,0.00369218,-0.0162627,-0.000698771,0,0,1.64799e-11,-0.00472752,0.0678593,0.00259198,-0.000365789,0.000386795,-2.63119e-05,0,0,0.13453,-0.000906561,0.43057,-0.0100911,-0.0199678,0.00164088,-0.00151355,0,0,1.12757e-11,0.0319749,0.00279452,-0.0116856,-0.00136286,0.00285642,-0.00013488,0,0,0.00142032,-0.081161,-0.00996079,0.606978,0.0204838,0.0574803,-0.00162706,0,0,0,0.0177793,0.0159824,-0.027489,0.00853901,-0.00818252,0.000706761,0,0,-0.0393267,0.0363058,-0.198882,0.205136,0.326335,-0.0390407,0.0309134,0,0,-3.46945e-11,0.0598363,-0.00314513,-0.0183758,-0.000990597,-0.0535131,0.00233319,0,0,0.00406518,-0.163182,0.0165893,0.575478,-0.0389401,0.401099,-0.00512968,0,0,-1.73472e-12,-0.00301209,0.00142309,0.00471245,0.000362761,0.00377042,0.000375383,0,0,-0.0288099,-0.00690179,-0.0152172,-0.0163918,0.0310167,-0.00514714,0.0659911,0,0,0,0,-1.20024e-12,-1.20024e-12,0,0,1.20024e-12,0,0,0,0,0,0,0,0,0,0.905991,-4.58912e-09,0,0,0,0,0,0,0,0,0,0,0,0,0,0,0,0,-4.58942e-09,0.905991,
3.46945e-12,0.00412321,-0.01632,-0.000262328,0.00030424,4.08676e-05,1.83069e-05,0,0,0.461887,-0.0132342,0.133589,0.0012335,-0.00400173,0.000389863,-0.00288528,0,0,1.38778e-11,0.0775864,-0.00329105,0.0157971,0.00132691,0.00130407,-5.70754e-05,0,0,-0.0131979,0.631094,-0.00101643,-0.0797947,0.00369428,-0.0162513,-0.000699374,0,0,-1.12757e-11,-0.00472596,0.0678974,0.00260331,-0.00036244,0.000389164,-2.63796e-05,0,0,0.134292,-0.000911299,0.430688,-0.010106,-0.0199517,0.00164827,-0.00151504,0,0,-1.38778e-11,0.0319124,0.00279837,-0.0116346,-0.00135507,0.00285502,-0.000134881,0,0,0.00141606,-0.0811706,-0.00997532,0.606975,0.0204827,0.0574795,-0.00162568,0,0,-1.73472e-11,0.0177513,0.0160435,-0.0274576,0.00846453,-0.00821341,0.000707528,0,0,-0.0389736,0.0363263,-0.198721,0.205125,0.326407,-0.0390347,0.0308966,0,0,6.93889e-12,0.0598593,-0.00312881,-0.0184565,-0.00103254,-0.0534645,0.00233259,0,0,0.00416822,-0.163069,0.0166635,0.575473,-0.0389341,0.401118,-0.00513019,0,0,1.73472e-12,-0.00301056,0.00142224,0.00471159,0.000367497,0.00377159,0.000376694,0,0,-0.0288273,-0.00690769,-0.0152322,-0.0163782,0.0310001,-0.00514769,0.0659923,0,0,0,1.20024e-12,-1.20024e-12,-1.20024e-12,0,0,0,0,0,0,0,0,0,0,0,0,0.905991,-4.43969e-09,0,0,0,0,0,0,0,0,0,0,0,0,0,0,0,0,-4.43999e-09,0.905991,
2.1684e-12,0.00411845,-0.0163026,-0.000261959,0.000301913,4.14581e-05,1.82513e-05,0,0,0.46207,-0.0132406,0.133349,0.00122891,-0.00396647,0.000400155,-0.00288702,0,0,1.38778e-11,0.0775725,-0.00328666,0.0157459,0.00132402,0.00130407,-5.71079e-05,0,0,-0.0132042,0.631098,-0.00102133,-0.0798028,0.00369639,-0.0162398,-0.000699977,0,0,-6.93889e-12,-0.00472438,0.0679354,0.00261466,-0.000359081,0.000391531,-2.64472e-05,0,0,0.134053,-0.000916056,0.430806,-0.0101208,-0.0199356,0.00165567,-0.00151652,0,0,-1.30104e-11,0.0318497,0.00280224,-0.0115835,-0.00134726,0.00285361,-0.000134882,0,0,0.00141181,-0.0811803,-0.00998986,0.606972,0.0204816,0.0574788,-0.0016243,0,0,-2.08167e-11,0.0177232,0.0161048,-0.0274262,0.00838997,-0.00824437,0.000708295,0,0,-0.0386207,0.0363468,-0.198559,0.205114,0.326479,-0.0390287,0.0308797,0,0,-5.55112e-11,0.0598823,-0.00311247,-0.0185372,-0.00107455,-0.0534158,0.002332,0,0,0.00427125,-0.162956,0.0167377,0.575467,-0.038928,0.401136,-0.0051307,0,0,-8.67362e-13,-0.00300902,0.0014214,0.00471072,0.000372233,0.00377276,0.000378008,0,0,-0.0288446,-0.0069136,-0.0152471,-0.0163645,0.0309834,-0.00514823,0.0659935,0,0,0,0,0,0,0,-1.20024e-12,0,0,0,0,0,0,0,0,0,0,0.905991,4.19634e-09,0,1.20024e-12,0,0,0,1.20024e-12,1.20024e-12,0,0,0,0,0,0,0,0,0,4.19604e-09,0.905991,
2.1684e-12,0.00411369,-0.0162851,-0.000261595,0.000299599,4.20449e-05,1.81957e-05,0,0,0.462253,-0.013247,0.133109,0.00122434,-0.00393122,0.000410447,-0.00288875,0,0,1.38778e-11,0.0775584,-0.00328225,0.0156946,0.00132112,0.00130406,-5.71404e-05,0,0,-0.0132106,0.631102,-0.00102626,-0.079811,0.0036985,-0.0162284,-0.000700581,0,0,-6.93889e-12,-0.00472279,0.0679734,0.00262602,-0.000355714,0.000393897,-2.65147e-05,0,0,0.133814,-0.000920832,0.430924,-0.0101357,-0.0199194,0.00166308,-0.00151801,0,0,3.46945e-12,0.031787,0.00280611,-0.0115323,-0.00133944,0.0028522,-0.000134882,0,0,0.00140759,-0.0811899,-0.0100044,0.606969,0.0204805,0.057478,-0.00162292,0,0,-3.46945e-11,0.0176951,0.0161661,-0.0273948,0.00831531,-0.00827536,0.000709061,0,0,-0.0382679,0.0363673,-0.198397,0.205102,0.326551,-0.0390227,0.0308629,0,0,-3.46945e-11,0.0599053,-0.00309611,-0.0186179,-0.00111661,-0.0533669,0.00233141,0,0,0.00437425,-0.162843,0.016812,0.575461,-0.038922,0.401155,-0.0051312,0,0,8.67362e-13,-0.00300748,0.00142055,0.00470985,0.000376969,0.00377394,0.000379323,0,0,-0.0288619,-0.00691951,-0.0152621,-0.0163509,0.0309668,-0.00514877,0.0659947,0,0,0,0,0,0,0,0,0,0,0,0,0,0,0,0,0,0,0.905991,4.09672e-09,0,0,0,0,0,0,0,0,0,0,0,0,0,0,0,0,4.09702e-09,0.905991,
-4.33681e-13,0.00410893,-0.0162676,-0.00026124,0.000297295,4.26299e-05,1.814e-05,0,0,0.462437,-0.0132534,0.132868,0.00121979,-0.00389599,0.000420736,-0.00289048,0,0,1.38778e-11,0.0775443,-0.00327782,0.0156432,0.00131822,0.00130405,-5.7173e-05,0,0,-0.013217,0.631106,-0.0010312,-0.0798191,0.00370062,-0.016217,-0.000701184,0,0,2.60209e-12,-0.00472119,0.0680114,0.0026374,-0.00035234,0.000396264,-2.65823e-05,0,0,0.133574,-0.000925627,0.431042,-0.0101506,-0.0199033,0.0016705,-0.0015195,0,0,5.20417e-12,0.0317242,0.00280999,-0.0114811,-0.00133161,0.00285078,-0.000134883,0,0,0.00140339,-0.0811996,-0.010019,0.606967,0.0204793,0.0574771,-0.00162154,0,0,0,0.0176669,0.0162274,-0.0273633,0.00824057,-0.0083064,0.000709827,0,0,-0.0379153,0.0363879,-0.198235,0.205091,0.326623,-0.0390166,0.030846,0,0,-2.08167e-11,0.0599282,-0.00307974,-0.0186986,-0.00115873,-0.053318,0.00233082,0,0,0.00447723,-0.16273,0.0168865,0.575454,-0.0389158,0.401173,-0.0051317,0,0,-8.67362e-13,-0.00300594,0.00141971,0.00470897,0.000381704,0.00377511,0.00038064,0,0,-0.0288791,-0.00692542,-0.0152771,-0.0163372,0.0309501,-0.0051493,0.0659958,0,0,0,0,0,-1.20024e-12,-1.20024e-12,0,0,0,0,0,0,0,0,0,0,0,0.905991,4.10572e-09,0,0,0,0,0,0,0,0,0,0,0,0,0,0,0,0,4.10602e-09,0.905991,
8.67362e-13,0.00410416,-0.01625,-0.000260892,0.000295001,4.32146e-05,1.80843e-05,0,0,0.46262,-0.0132598,0.132628,0.00121527,-0.00386078,0.000431023,-0.00289221,0,0,1.38778e-11,0.0775301,-0.00327338,0.0155918,0.00131532,0.00130403,-5.72055e-05,0,0,-0.0132233,0.631109,-0.00103617,-0.0798272,0.00370274,-0.0162055,-0.000701789,0,0,-1.73472e-12,-0.00471959,0.0680494,0.00264879,-0.000348957,0.000398633,-2.66498e-05,0,0,0.133334,-0.000930441,0.43116,-0.0101654,-0.0198871,0.00167793,-0.00152099,0,0,1.47451e-11,0.0316612,0.00281387,-0.0114298,-0.00132377,0.00284935,-0.000134883,0,0,0.00139921,-0.0812092,-0.0100335,0.606964,0.0204781,0.0574763,-0.00162015,0,0,0,0.0176386,0.0162888,-0.0273317,0.00816574,-0.00833748,0.000710592,0,0,-0.0375628,0.0364085,-0.198072,0.205079,0.326695,-0.0390106,0.0308292,0,0,-2.08167e-11,0.0599511,-0.00306334,-0.0187794,-0.0012009,-0.0532689,0.00233023,0,0,0.00458018,-0.162617,0.016961,0.575448,-0.0389097,0.401192,-0.0051322,0,0,-8.67362e-13,-0.00300439,0.00141888,0.00470808,0.000386439,0.00377629,0.000381959,0,0,-0.0288964,-0.00693134,-0.0152922,-0.0163236,0.0309334,-0.00514983,0.065997,0,0,0,0,1.20024e-12,0,0,1.20024e-12,0,-1.15223e-10,0,0,0,0,0,0,0,0,0.905991,4.21465e-09,0,0,1.20024e-12,0,0,1.20024e-12,0,-1.20024e-12,0,0,0,0,0,0,0,0,4.21495e-09,0.905991,
0,0.0040994,-0.0162323,-0.000260553,0.000292717,4.38001e-05,1.80285e-05,0,0,0.462804,-0.0132662,0.132387,0.00121076,-0.00382557,0.000441308,-0.00289393,0,0,1.38778e-11,0.0775158,-0.00326892,0.0155403,0.00131241,0.00130401,-5.7238e-05,0,0,-0.0132297,0.631113,-0.00104115,-0.0798354,0.00370486,-0.0161941,-0.000702393,0,0,1.73472e-12,-0.00471797,0.0680874,0.00266019,-0.000345567,0.000401005,-2.67174e-05,0,0,0.133094,-0.000935275,0.431278,-0.0101803,-0.0198709,0.00168537,-0.00152248,0,0,9.54098e-12,0.0315982,0.00281777,-0.0113784,-0.00131592,0.00284792,-0.000134884,0,0,0.00139505,-0.0812189,-0.0100481,0.606961,0.020477,0.0574755,-0.00161877,0,0,-3.46945e-12,0.0176103,0.0163502,-0.0273,0.00809083,-0.0083686,0.000711356,0,0,-0.0372105,0.0364292,-0.19791,0.205067,0.326768,-0.0390045,0.0308123,0,0,-6.93889e-12,0.059974,-0.00304692,-0.0188601,-0.00124312,-0.0532197,0.00232963,0,0,0.00468311,-0.162504,0.0170357,0.575442,-0.0389036,0.401211,-0.00513269,0,0,-1.73472e-12,-0.00300283,0.00141805,0.00470718,0.000391173,0.00377746,0.000383279,0,0,-0.0289135,-0.00693725,-0.0153072,-0.0163099,0.0309168,-0.00515036,0.0659982,0,0,0,0,0,0,0,0,0,0,0,0,0,0,0,0,0,0,0.905991,-4.43249e-09,0,0,0,0,0,0,0,0,0,0,0,0,0,0,0,0,-4.43189e-09,0.905991,
1.73472e-12,0.00409463,-0.0162146,-0.000260221,0.000290442,4.43869e-05,1.79726e-05,0,0,0.462988,-0.0132726,0.132145,0.00120628,-0.00379039,0.000451591,-0.00289564,0,0,1.38778e-11,0.0775015,-0.00326444,0.0154887,0.0013095,0.00130399,-5.72704e-05,0,0,-0.013236,0.631117,-0.00104616,-0.0798435,0.00370699,-0.0161826,-0.000702998,0,0,-5.20417e-12,-0.00471634,0.0681254,0.00267161,-0.000342168,0.000403379,-2.67849e-05,0,0,0.132854,-0.000940128,0.431396,-0.0101952,-0.0198547,0.00169282,-0.00152397,0,0,1.38778e-11,0.0315351,0.00282167,-0.011327,-0.00130805,0.00284649,-0.000134884,0,0,0.00139091,-0.0812285,-0.0100626,0.606959,0.0204758,0.0574746,-0.00161738,0,0,-2.08167e-11,0.017582,0.0164116,-0.0272683,0.00801582,-0.00839975,0.00071212,0,0,-0.0368583,0.0364499,-0.197747,0.205055,0.32684,-0.0389983,0.0307954,0,0,-6.245e-11,0.0599969,-0.00303049,-0.0189408,-0.0012854,-0.0531703,0.00232903,0,0,0.00478602,-0.162391,0.0171104,0.575435,-0.0388974,0.401229,-0.00513318,0,0,0,-0.00300127,0.00141722,0.00470627,0.000395907,0.00377864,0.000384601,0,0,-0.0289306,-0.00694318,-0.0153223,-0.0162962,0.0309001,-0.00515089,0.0659994,0,0,0,-1.20024e-12,0,0,0,0,-1.20024e-12,0,0,0,0,0,0,0,0,0,0.905991,-4.51231e-09,0,-1.20024e-12,0,0,0,0,-1.20024e-12,-1.20024e-12,0,0,0,0,0,0,0,0,-4.51291e-09,0.905991,
0,0.00408987,-0.0161967,-0.000259897,0.000288176,4.49755e-05,1.79167e-05,0,0,0.463171,-0.013279,0.131904,0.00120181,-0.00375522,0.000461871,-0.00289735,0,0,1.38778e-11,0.077487,-0.00325995,0.0154371,0.00130658,0.00130396,-5.73028e-05,0,0,-0.0132424,0.63112,-0.00105118,-0.0798516,0.00370912,-0.0161711,-0.000703603,0,0,3.46945e-12,-0.0047147,0.0681633,0.00268304,-0.000338762,0.000405757,-2.68525e-05,0,0,0.132614,-0.000945,0.431513,-0.0102101,-0.0198385,0.00170028,-0.00152547,0,0,2.42861e-11,0.0314719,0.00282558,-0.0112756,-0.00130017,0.00284504,-0.000134884,0,0,0.0013868,-0.0812381,-0.0100772,0.606956,0.0204746,0.0574737,-0.00161599,0,0,1.04083e-11,0.0175536,0.0164731,-0.0272365,0.00794073,-0.00843093,0.000712883,0,0,-0.0365063,0.0364706,-0.197584,0.205043,0.326912,-0.0389922,0.0307785,0,0,-4.85723e-11,0.0600197,-0.00301403,-0.0190216,-0.00132774,-0.0531209,0.00232843,0,0,0.0048889,-0.162278,0.0171852,0.575428,-0.0388912,0.401248,-0.00513367,0,0,2.60209e-12,-0.00299971,0.0014164,0.00470536,0.00040064,0.00377981,0.000385924,0,0,-0.0289477,-0.0069491,-0.0153374,-0.0162825,0.0308834,-0.00515141,0.0660006,0,0,0,-2.40048e-12,-2.40048e-12,-2.40048e-12,2.40048e-12,0,0,0,0,0,0,0,0,0,0,0,0.905991,-4.45169e-09,0,0,0,0,0,0,0,0,0,0,0,0,0,0,0,0,-4.45199e-09,0.905991,
0,0.0040851,-0.0161789,-0.00025958,0.000285919,4.55661e-05,1.78607e-05,0,0,0.463355,-0.0132854,0.131662,0.00119737,-0.00372006,0.000472148,-0.00289906,0,0,0,0.0774725,-0.00325544,0.0153854,0.00130367,0.00130392,-5.73351e-05,0,0,-0.0132488,0.631124,-0.00105623,-0.0798597,0.00371126,-0.0161597,-0.000704208,0,0,0,-0.00471306,0.0682012,0.00269449,-0.000335348,0.000408139,-2.69202e-05,0,0,0.132373,-0.000949892,0.431631,-0.0102249,-0.0198222,0.00170775,-0.00152697,0,0,-2.60209e-12,0.0314085,0.0028295,-0.011224,-0.00129228,0.0028436,-0.000134884,0,0,0.00138271,-0.0812478,-0.0100918,0.606954,0.0204734,0.0574728,-0.0016146,0,0,1.04083e-11,0.0175251,0.0165346,-0.0272047,0.00786555,-0.00846215,0.000713646,0,0,-0.0361544,0.0364914,-0.197421,0.20503,0.326985,-0.038986,0.0307617,0,0,2.77556e-11,0.0600425,-0.00299756,-0.0191023,-0.00137014,-0.0530713,0.00232783,0,0,0.00499175,-0.162165,0.0172601,0.575422,-0.038885,0.401267,-0.00513415,0,0,-1.73472e-12,-0.00299814,0.00141558,0.00470444,0.000405373,0.00378098,0.000387249,0,0,-0.0289647,-0.00695502,-0.0153525,-0.0162688,0.0308667,-0.00515194,0.0660018,0,0,0,0,1.20024e-12,1.20024e-12,-1.20024e-12,0,0,0,0,0,0,0,0,0,0,0,0.905991,4.27736e-09,0,0,0,0,0,0,0,0,0,0,0,0,0,0,0,0,4.27676e-09,0.905991,
-4.33681e-13,0.00408034,-0.0161609,-0.000259269,0.000283672,4.61587e-05,1.78045e-05,0,0,0.463539,-0.0132918,0.13142,0.00119296,-0.00368492,0.000482423,-0.00290076,0,0,0,0.0774579,-0.00325092,0.0153336,0.00130075,0.00130388,-5.73673e-05,0,0,-0.0132551,0.631127,-0.00106129,-0.0798678,0.00371339,-0.0161482,-0.000704813,0,0,2.60209e-12,-0.0047114,0.0682391,0.00270596,-0.000331926,0.000410524,-2.69878e-05,0,0,0.132132,-0.000954804,0.431749,-0.0102398,-0.019806,0.00171523,-0.00152847,0,0,-2.1684e-11,0.0313451,0.00283342,-0.0111724,-0.00128438,0.00284214,-0.000134883,0,0,0.00137864,-0.0812574,-0.0101064,0.606951,0.0204721,0.0574719,-0.00161321,0,0,0,0.0174966,0.0165962,-0.0271727,0.00779028,-0.00849341,0.000714407,0,0,-0.0358027,0.0365122,-0.197258,0.205018,0.327057,-0.0389798,0.0307448,0,0,5.55112e-11,0.0600653,-0.00298107,-0.0191831,-0.00141259,-0.0530216,0.00232722,0,0,0.00509456,-0.162052,0.0173352,0.575415,-0.0388787,0.401286,-0.00513464,0,0,1.73472e-12,-0.00299657,0.00141477,0.00470351,0.000410105,0.00378215,0.000388575,0,0,-0.0289817,-0.00696095,-0.0153677,-0.016255,0.03085,-0.00515245,0.0660029,0,0,0,-1.20024e-12,0,0,1.20024e-12,0,0,0,0,0,0,0,0,0,0,0,0.905991,4.23655e-09,0,2.40048e-12,-3.60072e-12,0,1.20024e-12,0,-3.60072e-12,0,0,0,0,0,0,0,0,0,4.23595e-09,0.905991,
-1.73472e-12,0.00407558,-0.0161429,-0.000258965,0.000281434,4.67534e-05,1.77483e-05,0,0,0.463723,-0.0132983,0.131177,0.00118856,-0.00364979,0.000492695,-0.00290246,0,0,-1.38778e-11,0.0774432,-0.00324638,0.0152818,0.00129782,0.00130384,-5.73995e-05,0,0,-0.0132615,0.631131,-0.00106638,-0.0798759,0.00371554,-0.0161368,-0.000705419,0,0,5.20417e-12,-0.00470973,0.068277,0.00271745,-0.000328495,0.000412913,-2.70555e-05,0,0,0.131891,-0.000959734,0.431866,-0.0102547,-0.0197897,0.00172272,-0.00152997,0,0,-2.60209e-11,0.0312816,0.00283736,-0.0111208,-0.00127646,0.00284068,-0.000134883,0,0,0.00137459,-0.081267,-0.0101209,0.606949,0.0204709,0.057471,-0.00161182,0,0,-3.46945e-12,0.017468,0.0166578,-0.0271407,0.00771492,-0.0085247,0.000715169,0,0,-0.0354511,0.036533,-0.197094,0.205005,0.32713,-0.0389736,0.0307279,0,0,6.93889e-12,0.060088,-0.00296455,-0.0192638,-0.00145511,-0.0529718,0.00232661,0,0,0.00519735,-0.161939,0.0174103,0.575407,-0.0388725,0.401305,-0.00513511,0,0,-2.60209e-12,-0.00299499,0.00141396,0.00470257,0.000414836,0.00378332,0.000389903,0,0,-0.0289986,-0.00696688,-0.0153828,-0.0162413,0.0308333,-0.00515297,0.0660041,0,0,0,0,0,0,0,0,0,5.76116e-11,0,0,0,0,0,0,0,0,0.905991,-4.30977e-09,0,0,0,0,-1.20024e-12,0,0,0,0,0,0,0,0,0,0,0,-4.30857e-09,0.905991,
-1.30104e-12,0.00407081,-0.0161248,-0.000258668,0.000279206,4.735e-05,1.7692e-05,0,0,0.463907,-0.0133047,0.130935,0.00118419,-0.00361468,0.000502964,-0.00290415,0,0,-2.77556e-11,0.0774285,-0.00324182,0.0152299,0.00129489,0.00130379,-5.74316e-05,0,0,-0.0132679,0.631135,-0.00107149,-0.079884,0.00371768,-0.0161253,-0.000706025,0,0,1.73472e-12,-0.00470805,0.0683149,0.00272896,-0.000325056,0.000415306,-2.71232e-05,0,0,0.131649,-0.000964685,0.431984,-0.0102696,-0.0197734,0.00173022,-0.00153148,0,0,1.04083e-11,0.031218,0.0028413,-0.0110691,-0.00126854,0.00283922,-0.000134882,0,0,0.00137056,-0.0812767,-0.0101355,0.606946,0.0204696,0.0574701,-0.00161043,0,0,-2.08167e-11,0.0174394,0.0167195,-0.0271087,0.00763948,-0.00855604,0.000715929,0,0,-0.0350997,0.0365539,-0.19693,0.204992,0.327202,-0.0389674,0.030711,0,0,-2.77556e-11,0.0601107,-0.00294802,-0.0193446,-0.00149769,-0.0529219,0.002326,0,0,0.00530011,-0.161826,0.0174855,0.5754,-0.0388662,0.401323,-0.00513559,0,0,8.67362e-13,-0.00299341,0.00141316,0.00470163,0.000419567,0.00378448,0.000391233,0,0,-0.0290155,-0.00697281,-0.015398,-0.0162275,0.0308166,-0.00515348,0.0660053,0,0,0,0,0,0,0,0,0,0,0,0,0,0,0,0,0,0,0.905991,4.25906e-09,0,0,0,0,0,0,0,0,0,0,0,0,0,0,0,0,4.25966e-09,0.905991,
-2.60209e-12,0.00406605,-0.0161066,-0.000258376,0.000276988,4.79487e-05,1.76356e-05,0,0,0.464091,-0.0133111,0.130692,0.00117984,-0.00357958,0.00051323,-0.00290584,0,0,-1.38778e-11,0.0774136,-0.00323724,0.0151779,0.00129196,0.00130374,-5.74637e-05,0,0,-0.0132743,0.631138,-0.00107661,-0.0798921,0.00371983,-0.0161138,-0.000706631,0,0,7.80626e-12,-0.00470636,0.0683527,0.00274049,-0.000321608,0.000417703,-2.7191e-05,0,0,0.131407,-0.000969655,0.432101,-0.0102845,-0.0197571,0.00173773,-0.00153299,0,0,1.73472e-12,0.0311543,0.00284525,-0.0110173,-0.0012606,0.00283775,-0.000134881,0,0,0.00136656,-0.0812863,-0.0101501,0.606944,0.0204683,0.0574691,-0.00160903,0,0,-1.04083e-11,0.0174108,0.0167812,-0.0270765,0.00756395,-0.00858741,0.000716689,0,0,-0.0347484,0.0365748,-0.196766,0.204979,0.327275,-0.0389611,0.030694,0,0,6.93889e-12,0.0601334,-0.00293147,-0.0194254,-0.00154033,-0.0528718,0.00232539,0,0,0.00540283,-0.161712,0.0175608,0.575393,-0.0388599,0.401342,-0.00513606,0,0,1.73472e-12,-0.00299183,0.00141236,0.00470067,0.000424298,0.00378565,0.000392564,0,0,-0.0290324,-0.00697875,-0.0154132,-0.0162137,0.0307998,-0.00515399,0.0660065,0,0,0,-1.20024e-12,0,0,1.20024e-12,1.20024e-12,0,0,0,0,0,0,0,0,0,0,0.905991,-4.32537e-09,0,0,0,0,0,0,0,0,0,0,0,0,0,0,0,0,-4.32507e-09,0.905991,
-1.30104e-12,0.00406129,-0.0160884,-0.000258091,0.00027478,4.85492e-05,1.75791e-05,0,0,0.464275,-0.0133175,0.130448,0.00117551,-0.0035445,0.000523492,-0.00290752,0,0,-1.38778e-11,0.0773987,-0.00323265,0.0151258,0.00128903,0.00130369,-5.74957e-05,0,0,-0.0132807,0.631142,-0.00108176,-0.0799001,0.00372198,-0.0161024,-0.000707238,0,0,4.33681e-12,-0.00470466,0.0683906,0.00275203,-0.000318152,0.000420103,-2.72588e-05,0,0,0.131165,-0.000974644,0.432218,-0.0102994,-0.0197407,0.00174525,-0.0015345,0,0,1.21431e-11,0.0310905,0.00284921,-0.0109655,-0.00125264,0.00283627,-0.00013488,0,0,0.00136258,-0.0812959,-0.0101647,0.606941,0.020467,0.0574682,-0.00160763,0,0,-2.42861e-11,0.0173821,0.0168429,-0.0270443,0.00748833,-0.00861881,0.000717448,0,0,-0.0343973,0.0365957,-0.196602,0.204966,0.327348,-0.0389548,0.0306771,0,0,-2.77556e-11,0.0601561,-0.0029149,-0.0195062,-0.00158302,-0.0528217,0.00232477,0,0,0.00550552,-0.161599,0.0176362,0.575385,-0.0388536,0.401361,-0.00513653,0,0,3.46945e-12,-0.00299024,0.00141157,0.00469971,0.000429027,0.00378681,0.000393896,0,0,-0.0290492,-0.00698469,-0.0154285,-0.0161999,0.0307831,-0.0051545,0.0660077,0,0,0,0,0,0,0,0,0,-1.20024e-12,0,0,0,0,0,0,0,0,0.905991,4.26806e-09,0,1.20024e-12,0,-1.20024e-12,0,-1.20024e-12,0,-1.20024e-12,0,0,0,0,0,0,0,0,4.26746e-09,0.905991,
-3.03577e-12,0.00405653,-0.0160701,-0.000257811,0.000272582,4.91515e-05,1.75225e-05,0,0,0.464459,-0.013324,0.130205,0.00117121,-0.00350944,0.000533751,-0.0029092,0,0,-1.38778e-11,0.0773837,-0.00322804,0.0150737,0.00128609,0.00130362,-5.75277e-05,0,0,-0.0132871,0.631145,-0.00108693,-0.0799082,0.00372414,-0.0160909,-0.000707844,0,0,1.04083e-11,-0.00470294,0.0684284,0.0027636,-0.000314688,0.000422506,-2.73266e-05,0,0,0.130923,-0.000979654,0.432336,-0.0103143,-0.0197244,0.00175278,-0.00153601,0,0,3.46945e-12,0.0310266,0.00285318,-0.0109136,-0.00124468,0.00283479,-0.000134878,0,0,0.00135862,-0.0813055,-0.0101793,0.606939,0.0204657,0.0574672,-0.00160624,0,0,-2.42861e-11,0.0173533,0.0169047,-0.0270121,0.00741262,-0.00865026,0.000718206,0,0,-0.0340463,0.0366167,-0.196438,0.204953,0.327421,-0.0389485,0.0306602,0,0,-6.245e-11,0.0601787,-0.00289831,-0.019587,-0.00162578,-0.0527714,0.00232415,0,0,0.00560817,-0.161486,0.0177117,0.575378,-0.0388472,0.40138,-0.005137,0,0,0,-0.00298865,0.00141078,0.00469875,0.000433756,0.00378797,0.000395231,0,0,-0.0290659,-0.00699062,-0.0154437,-0.0161861,0.0307664,-0.005155,0.0660088,0,0,0,0,0,0,-1.20024e-12,0,0,0,0,0,0,0,0,0,0,0,0.905991,-4.32777e-09,0,0,0,0,1.20024e-12,0,0,0,0,0,0,0,0,0,0,0,-4.32777e-09,0.905991,
3.90313e-12,0.00405177,-0.0160517,-0.000257538,0.000270395,4.97554e-05,1.74658e-05,0,0,0.464643,-0.0133304,0.129961,0.00116692,-0.00347439,0.000544007,-0.00291087,0,0,1.38778e-11,0.0773686,-0.00322342,0.0150215,0.00128315,0.00130356,-5.75596e-05,0,0,-0.0132934,0.631149,-0.00109212,-0.0799163,0.0037263,-0.0160794,-0.000708451,0,0,-1.56125e-11,-0.00470122,0.0684662,0.00277519,-0.000311215,0.000424913,-2.73944e-05,0,0,0.13068,-0.000984683,0.432453,-0.0103293,-0.019708,0.00176032,-0.00153752,0,0,-3.46945e-12,0.0309626,0.00285715,-0.0108616,-0.0012367,0.0028333,-0.000134877,0,0,0.00135468,-0.0813151,-0.0101939,0.606936,0.0204644,0.0574662,-0.00160484,0,0,1.04083e-11,0.0173245,0.0169665,-0.0269797,0.00733682,-0.00868174,0.000718964,0,0,-0.0336955,0.0366377,-0.196273,0.204939,0.327494,-0.0389422,0.0306433,0,0,-6.93889e-12,0.0602013,-0.00288171,-0.0196678,-0.0016686,-0.052721,0.00232353,0,0,0.00571078,-0.161373,0.0177873,0.57537,-0.0388408,0.401399,-0.00513746,0,0,0,-0.00298705,0.00140999,0.00469777,0.000438484,0.00378913,0.000396566,0,0,-0.0290826,-0.00699657,-0.015459,-0.0161723,0.0307496,-0.0051555,0.06601,0,0,0,1.20024e-12,0,1.20024e-12,0,0,-1.20024e-12,0,0,0,0,0,0,0,0,0,0.905991,4.26386e-09,0,-2.40048e-12,0,-2.40048e-12,0,0,2.40048e-12,0,0,0,0,0,0,0,0,0,4.26446e-09,0.905991,
-8.67362e-13,0.004047,-0.0160332,-0.000257272,0.000268217,5.0361e-05,1.7409e-05,0,0,0.464827,-0.0133368,0.129717,0.00116267,-0.00343936,0.00055426,-0.00291254,0,0,0,0.0773534,-0.00321878,0.0149693,0.0012802,0.00130349,-5.75915e-05,0,0,-0.0132998,0.631152,-0.00109733,-0.0799244,0.00372846,-0.016068,-0.000709058,0,0,3.46945e-12,-0.00469948,0.068504,0.00278679,-0.000307734,0.000427323,-2.74622e-05,0,0,0.130437,-0.000989732,0.43257,-0.0103442,-0.0196916,0.00176787,-0.00153904,0,0,1.9082e-11,0.0308985,0.00286113,-0.0108096,-0.00122871,0.00283181,-0.000134875,0,0,0.00135077,-0.0813247,-0.0102085,0.606934,0.0204631,0.0574652,-0.00160343,0,0,-1.38778e-11,0.0172956,0.0170283,-0.0269473,0.00726094,-0.00871326,0.000719721,0,0,-0.0333448,0.0366588,-0.196109,0.204926,0.327567,-0.0389358,0.0306263,0,0,-3.46945e-11,0.0602238,-0.00286508,-0.0197486,-0.00171147,-0.0526704,0.0023229,0,0,0.00581336,-0.161259,0.017863,0.575362,-0.0388345,0.401418,-0.00513792,0,0,-1.73472e-12,-0.00298545,0.00140921,0.00469679,0.000443212,0.00379029,0.000397904,0,0,-0.0290993,-0.00700251,-0.0154742,-0.0161584,0.0307329,-0.005156,0.0660112,0,0,0,0,1.20024e-12,0,-1.20024e-12,0,0,5.76116e-11,0,0,0,0,0,0,0,0,0.905991,-4.31907e-09,0,0,0,0,0,0,0,0,0,0,0,0,0,0,0,0,-4.31997e-09,0.905991,
-4.33681e-12,0.00404224,-0.0160147,-0.000257011,0.00026605,5.0968e-05,1.73522e-05,0,0,0.465011,-0.0133433,0.129473,0.00115843,-0.00340434,0.000564508,-0.0029142,0,0,-1.38778e-11,0.0773381,-0.00321412,0.0149169,0.00127725,0.00130341,-5.76233e-05,0,0,-0.0133062,0.631156,-0.00110256,-0.0799324,0.00373063,-0.0160565,-0.000709666,0,0,1.73472e-11,-0.00469774,0.0685417,0.00279842,-0.000304244,0.000429737,-2.75301e-05,0,0,0.130194,-0.0009948,0.432687,-0.0103591,-0.0196751,0.00177543,-0.00154055,0,0,2.60209e-12,0.0308343,0.00286513,-0.0107575,-0.00122071,0.00283031,-0.000134873,0,0,0.00134688,-0.0813344,-0.0102231,0.606932,0.0204617,0.0574642,-0.00160203,0,0,-1.73472e-11,0.0172667,0.0170902,-0.0269148,0.00718497,-0.00874482,0.000720477,0,0,-0.0329943,0.0366799,-0.195944,0.204912,0.32764,-0.0389294,0.0306094,0,0,-3.46945e-11,0.0602464,-0.00284844,-0.0198294,-0.00175441,-0.0526198,0.00232228,0,0,0.0059159,-0.161146,0.0179388,0.575354,-0.038828,0.401437,-0.00513838,0,0,5.20417e-12,-0.00298384,0.00140844,0.0046958,0.000447939,0.00379145,0.000399242,0,0,-0.0291159,-0.00700846,-0.0154896,-0.0161446,0.0307161,-0.00515649,0.0660124,0,0,0,1.20024e-12,1.20024e-12,0,0,0,0,0,0,0,0,0,0,0,0,0,0.905991,4.25215e-09,0,-1.20024e-12,-1.20024e-12,1.20024e-12,0,1.20024e-12,0,0,0,0,0,0,0,0,0,0,4.25245e-09,0.905991,
-2.60209e-12,0.00403748,-0.0159961,-0.000256757,0.000263893,5.15765e-05,1.72952e-05,0,0,0.465196,-0.0133497,0.129229,0.00115422,-0.00336934,0.000574753,-0.00291586,0,0,0,0.0773228,-0.00320945,0.0148645,0.0012743,0.00130334,-5.76551e-05,0,0,-0.0133126,0.631159,-0.00110782,-0.0799405,0.0037328,-0.016045,-0.000710273,0,0,1.12757e-11,-0.00469598,0.0685795,0.00281006,-0.000300745,0.000432153,-2.75979e-05,0,0,0.129951,-0.000999889,0.432804,-0.010374,-0.0196587,0.00178299,-0.00154207,0,0,-1.47451e-11,0.0307701,0.00286912,-0.0107054,-0.00121269,0.0028288,-0.000134871,0,0,0.00134301,-0.081344,-0.0102378,0.606929,0.0204603,0.0574632,-0.00160063,0,0,1.73472e-11,0.0172378,0.0171521,-0.0268823,0.00710892,-0.00877641,0.000721232,0,0,-0.032644,0.036701,-0.195779,0.204898,0.327713,-0.038923,0.0305924,0,0,2.08167e-11,0.0602689,-0.00283178,-0.0199102,-0.0017974,-0.052569,0.00232165,0,0,0.0060184,-0.161033,0.0180147,0.575346,-0.0388216,0.401456,-0.00513883,0,0,-3.46945e-12,-0.00298223,0.00140767,0.0046948,0.000452665,0.0037926,0.000400583,0,0,-0.0291324,-0.0070144,-0.0155049,-0.0161307,0.0306994,-0.00515698,0.0660135,0,0,0,0,0,0,0,0,0,0,0,0,0,0,0,0,0,0,0.905991,-4.30166e-09,0,0,0,0,0,0,0,0,0,0,0,0,0,0,0,0,-4.30196e-09,0.905991,
-8.67362e-13,0.00403272,-0.0159775,-0.00025651,0.000261747,5.21863e-05,1.72382e-05,0,0,0.46538,-0.0133562,0.128984,0.00115003,-0.00333435,0.000584994,-0.00291752,0,0,-2.77556e-11,0.0773073,-0.00320476,0.0148121,0.00127134,0.00130325,-5.76868e-05,0,0,-0.013319,0.631163,-0.00111309,-0.0799485,0.00373497,-0.0160335,-0.000710881,0,0,0,-0.00469421,0.0686172,0.00282172,-0.000297238,0.000434573,-2.76658e-05,0,0,0.129707,-0.001005,0.432921,-0.010389,-0.0196422,0.00179057,-0.00154359,0,0,2.08167e-11,0.0307057,0.00287313,-0.0106532,-0.00120467,0.00282729,-0.000134869,0,0,0.00133917,-0.0813536,-0.0102524,0.606927,0.0204589,0.0574621,-0.00159922,0,0,-2.77556e-11,0.0172088,0.0172141,-0.0268497,0.00703278,-0.00880804,0.000721986,0,0,-0.0322938,0.0367221,-0.195613,0.204884,0.327786,-0.0389166,0.0305755,0,0,-9.71445e-11,0.0602913,-0.0028151,-0.019991,-0.00184045,-0.0525181,0.00232102,0,0,0.00612085,-0.16092,0.0180907,0.575337,-0.0388151,0.401476,-0.00513928,0,0,1.73472e-12,-0.00298062,0.0014069,0.0046938,0.00045739,0.00379376,0.000401925,0,0,-0.0291489,-0.00702036,-0.0155202,-0.0161168,0.0306826,-0.00515747,0.0660147,0,0,0,0,0,0,0,0,0,0,0,0,0,0,0,0,0,0,0.905991,4.23205e-09,0,0,0,0,0,0,0,0,0,0,0,0,0,0,0,0,4.23235e-09,0.905991,
0,0.00402797,-0.0159587,-0.000256269,0.000259611,5.27975e-05,1.71811e-05,0,0,0.465564,-0.0133626,0.128739,0.00114586,-0.00329938,0.000595231,-0.00291917,0,0,-1.38778e-11,0.0772918,-0.00320005,0.0147595,0.00126838,0.00130316,-5.77185e-05,0,0,-0.0133254,0.631166,-0.00111838,-0.0799566,0.00373715,-0.016022,-0.000711489,0,0,-3.46945e-12,-0.00469243,0.0686549,0.0028334,-0.000293723,0.000436995,-2.77337e-05,0,0,0.129463,-0.00101013,0.433038,-0.0104039,-0.0196258,0.00179816,-0.00154512,0,0,-1.21431e-11,0.0306412,0.00287715,-0.0106009,-0.00119663,0.00282577,-0.000134866,0,0,0.00133535,-0.0813632,-0.010267,0.606925,0.0204575,0.0574611,-0.00159782,0,0,3.46945e-12,0.0171797,0.0172761,-0.026817,0.00695655,-0.00883971,0.00072274,0,0,-0.0319438,0.0367433,-0.195448,0.20487,0.32786,-0.0389101,0.0305585,0,0,3.46945e-11,0.0603138,-0.0027984,-0.0200719,-0.00188356,-0.052467,0.00232038,0,0,0.00622327,-0.160806,0.0181668,0.575329,-0.0388087,0.401495,-0.00513973,0,0,-8.67362e-13,-0.002979,0.00140614,0.00469278,0.000462114,0.00379491,0.000403268,0,0,-0.0291654,-0.00702631,-0.0155356,-0.0161029,0.0306658,-0.00515796,0.0660159,0,0,0,0,-1.20024e-12,0,0,0,0,0,0,0,0,0,0,0,0,0,0.905991,4.27766e-09,0,1.20024e-12,1.20024e-12,0,1.20024e-12,0,-1.20024e-12,0,0,0,0,0,0,0,0,0,4.27886e-09,0.905991,
1.30104e-12,0.00402321,-0.0159399,-0.000256035,0.000257485,5.34099e-05,1.71239e-05,0,0,0.465749,-0.013369,0.128494,0.00114172,-0.00326443,0.000605463,-0.00292081,0,0,1.38778e-11,0.0772762,-0.00319532,0.0147069,0.00126542,0.00130307,-5.77501e-05,0,0,-0.0133318,0.63117,-0.0011237,-0.0799646,0.00373933,-0.0160106,-0.000712098,0,0,-4.33681e-12,-0.00469063,0.0686926,0.00284509,-0.000290199,0.000439421,-2.78015e-05,0,0,0.129219,-0.00101528,0.433154,-0.0104188,-0.0196092,0.00180575,-0.00154664,0,0,-1.47451e-11,0.0305766,0.00288117,-0.0105486,-0.00118858,0.00282425,-0.000134863,0,0,0.00133155,-0.0813728,-0.0102816,0.606922,0.0204561,0.05746,-0.00159641,0,0,-1.04083e-11,0.0171506,0.0173381,-0.0267842,0.00688024,-0.00887141,0.000723493,0,0,-0.0315939,0.0367645,-0.195282,0.204855,0.327933,-0.0389037,0.0305415,0,0,-6.245e-11,0.0603362,-0.00278169,-0.0201527,-0.00192672,-0.0524159,0.00231975,0,0,0.00632565,-0.160693,0.0182429,0.57532,-0.0388022,0.401514,-0.00514018,0,0,0,-0.00297737,0.00140538,0.00469176,0.000466838,0.00379606,0.000404613,0,0,-0.0291818,-0.00703226,-0.015551,-0.016089,0.030649,-0.00515844,0.0660171,0,0,0,0,0,0,-1.20024e-12,1.20024e-12,0,0,0,0,0,0,0,0,0,0,0.905991,-4.43639e-09,0,0,0,0,0,0,0,0,0,0,0,0,0,0,0,0,-4.43639e-09,0.905991,
-7.37257e-12,0.00401845,-0.0159211,-0.000255808,0.000255371,5.40235e-05,1.70667e-05,0,0,0.465933,-0.0133755,0.128248,0.0011376,-0.00322949,0.000615692,-0.00292245,0,0,-1.38778e-11,0.0772605,-0.00319058,0.0146543,0.00126245,0.00130298,-5.77817e-05,0,0,-0.0133382,0.631173,-0.00112904,-0.0799727,0.00374152,-0.0159991,-0.000712706,0,0,3.03577e-11,-0.00468883,0.0687303,0.0028568,-0.000286666,0.000441849,-2.78694e-05,0,0,0.128975,-0.00102044,0.433271,-0.0104338,-0.0195927,0.00181336,-0.00154817,0,0,-1.38778e-11,0.0305119,0.0028852,-0.0104962,-0.00118052,0.00282272,-0.000134861,0,0,0.00132778,-0.0813824,-0.0102963,0.60692,0.0204547,0.0574589,-0.001595,0,0,6.93889e-12,0.0171214,0.0174002,-0.0267514,0.00680385,-0.00890315,0.000724245,0,0,-0.0312442,0.0367858,-0.195116,0.204841,0.328006,-0.0388972,0.0305245,0,0,-5.55112e-11,0.0603586,-0.00276495,-0.0202335,-0.00196994,-0.0523646,0.00231911,0,0,0.00642798,-0.16058,0.0183192,0.575312,-0.0387956,0.401533,-0.00514062,0,0,-2.60209e-12,-0.00297575,0.00140463,0.00469073,0.000471561,0.00379722,0.00040596,0,0,-0.0291982,-0.00703822,-0.0155664,-0.0160751,0.0306322,-0.00515892,0.0660182,0,0,0,0,0,0,0,0,0,1.15223e-10,0,0,0,0,0,0,0,0,0.905991,-4.4568e-09,0,0,0,0,0,0,0,0,0,0,0,0,0,0,0,0,-4.4568e-09,0.905991,
2.60209e-12,0.00401369,-0.0159021,-0.000255588,0.000253266,5.46383e-05,1.70093e-05,0,0,0.466118,-0.0133819,0.128002,0.0011335,-0.00319457,0.000625917,-0.00292409,0,0,-2.77556e-11,0.0772448,-0.00318582,0.0146015,0.00125948,0.00130287,-5.78133e-05,0,0,-0.0133446,0.631176,-0.00113439,-0.0799807,0.00374371,-0.0159876,-0.000713315,0,0,-1.47451e-11,-0.00468702,0.068768,0.00286853,-0.000283125,0.000444281,-2.79373e-05,0,0,0.12873,-0.00102563,0.433388,-0.0104487,-0.0195762,0.00182097,-0.0015497,0,0,-1.47451e-11,0.0304471,0.00288924,-0.0104437,-0.00117244,0.00282118,-0.000134858,0,0,0.00132403,-0.081392,-0.0103109,0.606918,0.0204532,0.0574578,-0.00159359,0,0,1.73472e-11,0.0170922,0.0174623,-0.0267185,0.00672736,-0.00893492,0.000724996,0,0,-0.0308947,0.0368071,-0.19495,0.204826,0.32808,-0.0388907,0.0305075,0,0,0,0.0603809,-0.0027482,-0.0203144,-0.00201321,-0.0523132,0.00231847,0,0,0.00653027,-0.160466,0.0183956,0.575303,-0.0387891,0.401552,-0.00514106,0,0,-2.60209e-12,-0.00297411,0.00140389,0.00468969,0.000476282,0.00379837,0.000407308,0,0,-0.0292145,-0.00704418,-0.0155818,-0.0160612,0.0306155,-0.00515939,0.0660194,0,0,0,0,-2.40048e-12,0,0,0,0,0,0,0,0,0,0,0,0,0,0.905991,-4.34877e-09,0,0,-1.20024e-12,0,0,-1.20024e-12,0,0,0,0,0,0,0,0,0,0,-4.34817e-09,0.905991,
0,0.00400893,-0.0158831,-0.000255375,0.000251173,5.52543e-05,1.69519e-05,0,0,0.466302,-0.0133884,0.127756,0.00112943,-0.00315966,0.000636137,-0.00292572,0,0,-1.38778e-11,0.0772289,-0.00318105,0.0145487,0.00125651,0.00130277,-5.78448e-05,0,0,-0.013351,0.63118,-0.00113977,-0.0799887,0.0037459,-0.0159761,-0.000713924,0,0,-1.73472e-12,-0.00468519,0.0688056,0.00288028,-0.000279576,0.000446715,-2.80052e-05,0,0,0.128485,-0.00103084,0.433504,-0.0104637,-0.0195596,0.0018286,-0.00155123,0,0,-9.54098e-12,0.0303823,0.00289329,-0.0103912,-0.00116436,0.00281964,-0.000134854,0,0,0.0013203,-0.0814016,-0.0103255,0.606916,0.0204518,0.0574567,-0.00159217,0,0,3.46945e-12,0.0170629,0.0175245,-0.0266855,0.0066508,-0.00896673,0.000725747,0,0,-0.0305453,0.0368284,-0.194784,0.204811,0.328153,-0.0388841,0.0304906,0,0,6.93889e-12,0.0604032,-0.00273143,-0.0203952,-0.00205654,-0.0522616,0.00231783,0,0,0.00663251,-0.160353,0.018472,0.575294,-0.0387825,0.401572,-0.00514149,0,0,-3.46945e-12,-0.00297248,0.00140314,0.00468865,0.000481003,0.00379951,0.000408657,0,0,-0.0292308,-0.00705014,-0.0155973,-0.0160472,0.0305987,-0.00515986,0.0660206,0,0,0,0,0,0,0,0,0,0,0,0,0,0,0,0,0,0,0.905991,4.14293e-09,0,-1.20024e-12,0,-1.20024e-12,1.20024e-12,0,0,0,0,0,0,0,0,0,0,0,4.14293e-09,0.905991,
-2.60209e-12,0.00400418,-0.015864,-0.00025517,0.00024909,5.58715e-05,1.68944e-05,0,0,0.466487,-0.0133949,0.12751,0.00112538,-0.00312477,0.000646352,-0.00292735,0,0,0,0.077213,-0.00317625,0.0144958,0.00125353,0.00130266,-5.78762e-05,0,0,-0.0133575,0.631183,-0.00114517,-0.0799968,0.00374809,-0.0159646,-0.000714533,0,0,9.54098e-12,-0.00468335,0.0688432,0.00289204,-0.000276018,0.000449152,-2.80732e-05,0,0,0.12824,-0.00103607,0.433621,-0.0104786,-0.019543,0.00183623,-0.00155277,0,0,4.33681e-12,0.0303173,0.00289735,-0.0103386,-0.00115626,0.00281809,-0.000134851,0,0,0.0013166,-0.0814112,-0.0103402,0.606913,0.0204503,0.0574556,-0.00159076,0,0,-2.42861e-11,0.0170336,0.0175866,-0.0266525,0.00657415,-0.00899857,0.000726496,0,0,-0.0301961,0.0368498,-0.194617,0.204796,0.328227,-0.0388776,0.0304736,0,0,-5.55112e-11,0.0604255,-0.00271465,-0.0204761,-0.00209993,-0.05221,0.00231718,0,0,0.00673471,-0.160239,0.0185486,0.575285,-0.0387759,0.401591,-0.00514192,0,0,4.33681e-12,-0.00297084,0.00140241,0.00468759,0.000485724,0.00380066,0.000410008,0,0,-0.029247,-0.0070561,-0.0156127,-0.0160332,0.0305818,-0.00516033,0.0660217,0,0,0,0,0,1.20024e-12,0,0,0,5.64113e-11,0,0,0,0,0,0,0,0,0.905991,4.06882e-09,0,0,0,1.20024e-12,0,0,0,0,0,0,0,0,0,0,0,0,4.06912e-09,0.905991,
-1.30104e-12,0.00399942,-0.0158449,-0.000254971,0.000247018,5.649e-05,1.68369e-05,0,0,0.466672,-0.0134013,0.127263,0.00112136,-0.0030899,0.000656564,-0.00292897,0,0,1.38778e-11,0.0771969,-0.00317144,0.0144429,0.00125055,0.00130255,-5.79076e-05,0,0,-0.0133639,0.631186,-0.00115059,-0.0800048,0.00375029,-0.0159531,-0.000715142,0,0,7.80626e-12,-0.0046815,0.0688808,0.00290382,-0.000272451,0.000451592,-2.81411e-05,0,0,0.127994,-0.00104132,0.433737,-0.0104936,-0.0195264,0.00184388,-0.0015543,0,0,7.80626e-12,0.0302522,0.00290141,-0.010286,-0.00114815,0.00281654,-0.000134847,0,0,0.00131292,-0.0814208,-0.0103548,0.606911,0.0204488,0.0574545,-0.00158935,0,0,-1.38778e-11,0.0170042,0.0176488,-0.0266193,0.00649741,-0.00903044,0.000727245,0,0,-0.029847,0.0368712,-0.19445,0.204781,0.328301,-0.038871,0.0304565,0,0,-2.08167e-11,0.0604478,-0.00269785,-0.020557,-0.00214337,-0.0521582,0.00231653,0,0,0.00683687,-0.160126,0.0186252,0.575275,-0.0387693,0.40161,-0.00514235,0,0,0,-0.00296919,0.00140167,0.00468653,0.000490443,0.00380181,0.000411361,0,0,-0.0292632,-0.00706206,-0.0156282,-0.0160193,0.030565,-0.0051608,0.0660229,0,0,0,0,0,0,0,0,0,0,0,0,0,0,0,0,0,0,0.905991,4.09882e-09,0,0,0,0,0,0,0,0,0,0,0,0,0,0,0,0,4.09822e-09,0.905991,
1.30104e-12,0.00399467,-0.0158257,-0.00025478,0.000244956,5.71096e-05,1.67792e-05,0,0,0.466856,-0.0134078,0.127016,0.00111736,-0.00305505,0.000666771,-0.00293058,0,0,1.38778e-11,0.0771808,-0.00316661,0.0143898,0.00124757,0.00130243,-5.7939e-05,0,0,-0.0133703,0.63119,-0.00115603,-0.0800128,0.00375249,-0.0159416,-0.000715751,0,0,-5.20417e-12,-0.00467964,0.0689184,0.00291562,-0.000268875,0.000454035,-2.8209e-05,0,0,0.127749,-0.00104659,0.433854,-0.0105085,-0.0195098,0.00185153,-0.00155584,0,0,7.80626e-12,0.030187,0.00290549,-0.0102333,-0.00114002,0.00281498,-0.000134844,0,0,0.00130926,-0.0814304,-0.0103694,0.606909,0.0204473,0.0574533,-0.00158793,0,0,-1.38778e-11,0.0169748,0.0177111,-0.0265862,0.00642059,-0.00906236,0.000727993,0,0,-0.0294981,0.0368926,-0.194284,0.204766,0.328375,-0.0388644,0.0304395,0,0,2.08167e-11,0.06047,-0.00268103,-0.0206378,-0.00218687,-0.0521063,0.00231588,0,0,0.00693898,-0.160012,0.0187019,0.575266,-0.0387627,0.40163,-0.00514278,0,0,1.73472e-12,-0.00296754,0.00140095,0.00468546,0.000495161,0.00380295,0.000412715,0,0,-0.0292794,-0.00706803,-0.0156437,-0.0160053,0.0305482,-0.00516126,0.0660241,0,0,0,2.40048e-12,2.40048e-12,-2.40048e-12,0,0,0,-5.76116e-11,0,0,0,0,0,0,0,0,0.905991,4.22605e-09,0,0,0,0,0,0,0,0,0,0,0,0,0,0,0,0,4.22665e-09,0.905991,
-4.33681e-13,0.00398991,-0.0158064,-0.000254595,0.000242905,5.77306e-05,1.67215e-05,0,0,0.467041,-0.0134142,0.126769,0.00111338,-0.00302021,0.000676973,-0.0029322,0,0,-1.38778e-11,0.0771646,-0.00316177,0.0143367,0.00124458,0.0013023,-5.79703e-05,0,0,-0.0133767,0.631193,-0.0011615,-0.0800208,0.0037547,-0.0159301,-0.000716361,0,0,2.60209e-12,-0.00467777,0.068956,0.00292743,-0.000265291,0.00045648,-2.82769e-05,0,0,0.127503,-0.00105188,0.43397,-0.0105235,-0.0194931,0.00185919,-0.00155738,0,0,-1.38778e-11,0.0301218,0.00290957,-0.0101805,-0.00113189,0.00281342,-0.00013484,0,0,0.00130563,-0.0814399,-0.0103841,0.606907,0.0204458,0.0574521,-0.00158651,0,0,2.42861e-11,0.0169454,0.0177734,-0.0265529,0.00634368,-0.0090943,0.00072874,0,0,-0.0291494,0.036914,-0.194116,0.204751,0.328449,-0.0388577,0.0304225,0,0,-6.93889e-12,0.0604922,-0.00266419,-0.0207187,-0.00223042,-0.0520543,0.00231523,0,0,0.00704105,-0.159899,0.0187788,0.575256,-0.038756,0.401649,-0.0051432,0,0,-1.73472e-12,-0.00296589,0.00140022,0.00468438,0.000499878,0.00380409,0.00041407,0,0,-0.0292954,-0.007074,-0.0156593,-0.0159913,0.0305314,-0.00516172,0.0660252,0,0,0,0,0,0,0,0,0,0,0,0,0,0,0,0,0,0,0.905991,-4.4643e-09,0,1.20024e-12,0,0,0,-1.20024e-12,0,0,0,0,0,0,0,0,0,0,-4.4646e-09,0.905991,
-3.03577e-12,0.00398516,-0.015787,-0.000254419,0.000240865,5.83529e-05,1.66637e-05,0,0,0.467226,-0.0134207,0.126522,0.00110943,-0.00298538,0.000687171,-0.0029338,0,0,-1.38778e-11,0.0771483,-0.00315691,0.0142836,0.00124159,0.00130218,-5.80016e-05,0,0,-0.0133831,0.631196,-0.00116698,-0.0800288,0.00375691,-0.0159186,-0.000716971,0,0,1.12757e-11,-0.00467589,0.0689935,0.00293926,-0.000261698,0.000458929,-2.83449e-05,0,0,0.127256,-0.00105719,0.434086,-0.0105384,-0.0194765,0.00186687,-0.00155892,0,0,-2.1684e-11,0.0300564,0.00291366,-0.0101277,-0.00112374,0.00281184,-0.000134835,0,0,0.00130202,-0.0814495,-0.0103988,0.606905,0.0204442,0.0574509,-0.00158509,0,0,1.04083e-11,0.0169158,0.0178357,-0.0265196,0.00626669,-0.00912628,0.000729486,0,0,-0.0288008,0.0369355,-0.193949,0.204735,0.328522,-0.0388511,0.0304055,0,0,6.93889e-11,0.0605143,-0.00264733,-0.0207996,-0.00227402,-0.0520021,0.00231458,0,0,0.00714307,-0.159785,0.0188557,0.575247,-0.0387494,0.401668,-0.00514362,0,0,1.73472e-12,-0.00296423,0.00139951,0.0046833,0.000504595,0.00380523,0.000415427,0,0,-0.0293115,-0.00707997,-0.0156748,-0.0159773,0.0305146,-0.00516218,0.0660264,0,0,0,0,0,0,0,0,0,0,0,0,0,0,0,0,0,0,0.905991,-4.56332e-09,0,0,0,0,0,0,0,0,0,0,0,0,0,0,0,0,-4.56422e-09,0.905991,
-1.30104e-12,0.00398041,-0.0157676,-0.000254249,0.000238836,5.89765e-05,1.66059e-05,0,0,0.467411,-0.0134272,0.126274,0.0011055,-0.00295058,0.000697364,-0.00293541,0,0,-1.38778e-11,0.077132,-0.00315202,0.0142304,0.0012386,0.00130204,-5.80328e-05,0,0,-0.0133896,0.6312,-0.00117249,-0.0800368,0.00375912,-0.0159071,-0.000717581,0,0,1.73472e-12,-0.00467399,0.0690311,0.00295111,-0.000258097,0.00046138,-2.84128e-05,0,0,0.12701,-0.00106252,0.434202,-0.0105534,-0.0194598,0.00187455,-0.00156046,0,0,7.80626e-12,0.0299909,0.00291775,-0.0100748,-0.00111559,0.00281027,-0.000134831,0,0,0.00129844,-0.0814591,-0.0104134,0.606903,0.0204427,0.0574498,-0.00158367,0,0,6.93889e-12,0.0168863,0.0178981,-0.0264862,0.00618962,-0.00915829,0.000730231,0,0,-0.0284524,0.0369571,-0.193781,0.204719,0.328596,-0.0388444,0.0303884,0,0,-2.77556e-11,0.0605365,-0.00263046,-0.0208804,-0.00231768,-0.0519498,0.00231392,0,0,0.00724504,-0.159672,0.0189327,0.575237,-0.0387427,0.401688,-0.00514404,0,0,-3.46945e-12,-0.00296256,0.00139879,0.0046822,0.000509311,0.00380637,0.000416785,0,0,-0.0293275,-0.00708594,-0.0156904,-0.0159632,0.0304977,-0.00516264,0.0660276,0,0,0,-1.20024e-12,0,1.20024e-12,0,0,0,0,0,0,0,0,0,0,0,0,0.905991,-4.51681e-09,0,0,0,0,0,0,0,1.20024e-12,0,0,0,0,0,0,0,0,-4.51681e-09,0.905991,
-8.67362e-13,0.00397565,-0.0157481,-0.000254087,0.000236818,5.96015e-05,1.65479e-05,0,0,0.467596,-0.0134336,0.126026,0.00110159,-0.00291579,0.000707552,-0.002937,0,0,-1.38778e-11,0.0771155,-0.00314713,0.0141771,0.0012356,0.00130191,-5.8064e-05,0,0,-0.013396,0.631203,-0.00117801,-0.0800448,0.00376134,-0.0158956,-0.000718192,0,0,4.33681e-12,-0.00467209,0.0690686,0.00296297,-0.000254487,0.000463835,-2.84808e-05,0,0,0.126763,-0.00106787,0.434318,-0.0105684,-0.0194431,0.00188224,-0.00156201,0,0,-6.07153e-12,0.0299253,0.00292186,-0.0100219,-0.00110742,0.00280868,-0.000134827,0,0,0.00129488,-0.0814687,-0.0104281,0.606901,0.0204411,0.0574485,-0.00158225,0,0,3.46945e-12,0.0168566,0.0179605,-0.0264528,0.00611246,-0.00919034,0.000730976,0,0,-0.0281042,0.0369786,-0.193614,0.204703,0.328671,-0.0388377,0.0303714,0,0,-2.08167e-11,0.0605586,-0.00261357,-0.0209613,-0.00236139,-0.0518974,0.00231326,0,0,0.00734697,-0.159558,0.0190098,0.575227,-0.0387359,0.401707,-0.00514445,0,0,1.73472e-12,-0.0029609,0.00139809,0.0046811,0.000514025,0.00380751,0.000418145,0,0,-0.0293434,-0.00709192,-0.015706,-0.0159492,0.0304809,-0.00516309,0.0660287,0,0,0,-1.20024e-12,0,-1.20024e-12,1.20024e-12,1.20024e-12,0,6.00121e-11,0,0,0,0,0,0,0,0,0.905991,-4.34667e-09,0,0,0,0,0,0,0,-1.20024e-12,0,0,0,0,0,0,0,0,-4.34547e-09,0.905991,
-8.67362e-13,0.0039709,-0.0157285,-0.000253932,0.000234811,6.0228e-05,1.64899e-05,0,0,0.46778,-0.0134401,0.125778,0.00109771,-0.00288102,0.000717736,-0.0029386,0,0,-1.38778e-11,0.077099,-0.00314221,0.0141237,0.0012326,0.00130177,-5.80952e-05,0,0,-0.0134024,0.631206,-0.00118356,-0.0800528,0.00376356,-0.0158841,-0.000718802,0,0,4.33681e-12,-0.00467017,0.0691061,0.00297485,-0.000250867,0.000466292,-2.85487e-05,0,0,0.126516,-0.00107325,0.434434,-0.0105833,-0.0194264,0.00188994,-0.00156356,0,0,-5.20417e-12,0.0298597,0.00292597,-0.00996886,-0.00109923,0.00280709,-0.000134822,0,0,0.00129134,-0.0814783,-0.0104427,0.606899,0.0204395,0.0574473,-0.00158083,0,0,-3.46945e-12,0.016827,0.0180229,-0.0264192,0.00603522,-0.00922242,0.000731719,0,0,-0.0277561,0.0370003,-0.193446,0.204687,0.328745,-0.038831,0.0303544,0,0,-2.08167e-11,0.0605806,-0.00259667,-0.0210422,-0.00240516,-0.0518449,0.0023126,0,0,0.00744886,-0.159445,0.0190871,0.575217,-0.0387292,0.401727,-0.00514486,0,0,-2.60209e-12,-0.00295923,0.00139738,0.00467999,0.000518739,0.00380865,0.000419506,0,0,-0.0293593,-0.00709789,-0.0157216,-0.0159351,0.030464,-0.00516353,0.0660299,0,0,0,0,-1.20024e-12,0,-1.20024e-12,-1.20024e-12,0,0,0,0,0,0,0,0,0,0,0.905991,4.09402e-09,0,0,1.20024e-12,1.20024e-12,1.20024e-12,1.20024e-12,0,-1.15223e-10,0,0,0,0,0,0,0,0,4.09372e-09,0.905991,
0,0.00396615,-0.0157089,-0.000253785,0.000232814,6.0856e-05,1.64318e-05,0,0,0.467965,-0.0134466,0.12553,0.00109385,-0.00284626,0.000727915,-0.00294019,0,0,1.38778e-11,0.0770823,-0.00313728,0.0140702,0.0012296,0.00130162,-5.81263e-05,0,0,-0.0134088,0.63121,-0.00118913,-0.0800608,0.00376578,-0.0158726,-0.000719413,0,0,1.73472e-12,-0.00466824,0.0691436,0.00298674,-0.000247239,0.000468753,-2.86167e-05,0,0,0.126269,-0.00107864,0.43455,-0.0105983,-0.0194096,0.00189765,-0.00156511,0,0,-3.03577e-11,0.0297939,0.00293009,-0.00991579,-0.00109104,0.0028055,-0.000134817,0,0,0.00128783,-0.0814878,-0.0104574,0.606897,0.0204379,0.0574461,-0.0015794,0,0,6.93889e-12,0.0167972,0.0180854,-0.0263856,0.00595789,-0.00925453,0.000732462,0,0,-0.0274082,0.0370219,-0.193277,0.204671,0.328819,-0.0388243,0.0303373,0,0,6.245e-11,0.0606026,-0.00257974,-0.0211231,-0.00244899,-0.0517922,0.00231194,0,0,0.00755069,-0.159331,0.0191644,0.575206,-0.0387224,0.401746,-0.00514527,0,0,-1.73472e-12,-0.00295755,0.00139668,0.00467887,0.000523452,0.00380978,0.000420869,0,0,-0.0293752,-0.00710387,-0.0157372,-0.015921,0.0304472,-0.00516398,0.0660311,0,0,0,0,0,1.20024e-12,-1.20024e-12,1.20024e-12,0,0,0,0,0,0,0,0,0,0,0.905991,3.98e-09,0,0,0,0,0,0,0,0,0,0,0,0,0,0,0,0,3.9803e-09,0.905991,
-3.90313e-12,0.0039614,-0.0156892,-0.000253645,0.000230829,6.14856e-05,1.63736e-05,0,0,0.46815,-0.0134531,0.125281,0.00109002,-0.00281152,0.00073809,-0.00294177,0,0,0,0.0770656,-0.00313233,0.0140167,0.00122659,0.00130147,-5.81573e-05,0,0,-0.0134153,0.631213,-0.00119472,-0.0800688,0.00376801,-0.015861,-0.000720024,0,0,1.82146e-11,-0.0046663,0.069181,0.00299865,-0.000243603,0.000471217,-2.86846e-05,0,0,0.126021,-0.00108405,0.434666,-0.0106133,-0.0193928,0.00190537,-0.00156666,0,0,4.33681e-12,0.029728,0.00293422,-0.00986265,-0.00108284,0.0028039,-0.000134812,0,0,0.00128434,-0.0814974,-0.0104721,0.606895,0.0204363,0.0574448,-0.00157797,0,0,0,0.0167675,0.0181479,-0.026352,0.00588048,-0.00928668,0.000733203,0,0,-0.0270605,0.0370436,-0.193109,0.204655,0.328893,-0.0388175,0.0303202,0,0,-2.77556e-11,0.0606246,-0.0025628,-0.021204,-0.00249287,-0.0517395,0.00231127,0,0,0.00765249,-0.159218,0.0192418,0.575196,-0.0387156,0.401766,-0.00514567,0,0,-2.60209e-12,-0.00295587,0.00139599,0.00467775,0.000528164,0.00381091,0.000422233,0,0,-0.029391,-0.00710985,-0.0157529,-0.015907,0.0304303,-0.00516442,0.0660322,0,0,0,0,0,0,0,0,0,0,0,0,0,0,0,0,0,0,0.905991,3.9695e-09,0,0,0,0,0,0,0,0,0,0,0,0,0,0,0,0,3.9698e-09,0.905991,
4.33681e-13,0.00395666,-0.0156694,-0.000253513,0.000228855,6.21168e-05,1.63154e-05,0,0,0.468335,-0.0134595,0.125032,0.0010862,-0.0027768,0.00074826,-0.00294335,0,0,-1.38778e-11,0.0770488,-0.00312736,0.0139632,0.00122358,0.00130132,-5.81883e-05,0,0,-0.0134217,0.631216,-0.00120034,-0.0800768,0.00377024,-0.0158495,-0.000720635,0,0,-4.33681e-12,-0.00466435,0.0692185,0.00301057,-0.000239957,0.000473684,-2.87526e-05,0,0,0.125773,-0.00108949,0.434782,-0.0106283,-0.019376,0.0019131,-0.00156821,0,0,-1.47451e-11,0.029662,0.00293836,-0.00980945,-0.00107462,0.00280229,-0.000134807,0,0,0.00128087,-0.081507,-0.0104867,0.606893,0.0204347,0.0574436,-0.00157655,0,0,2.08167e-11,0.0167376,0.0182104,-0.0263182,0.00580298,-0.00931886,0.000733944,0,0,-0.0267129,0.0370653,-0.19294,0.204638,0.328968,-0.0388107,0.0303032,0,0,6.245e-11,0.0606466,-0.00254585,-0.0212848,-0.0025368,-0.0516866,0.0023106,0,0,0.00775423,-0.159104,0.0193193,0.575186,-0.0387088,0.401786,-0.00514607,0,0,8.67362e-13,-0.00295418,0.0013953,0.00467661,0.000532875,0.00381205,0.000423598,0,0,-0.0294067,-0.00711583,-0.0157686,-0.0158929,0.0304134,-0.00516486,0.0660334,0,0,0,0,0,0,0,0,0,0,0,0,0,0,0,0,0,0,0.905991,4.05021e-09,0,0,0,0,0,0,0,0,0,0,0,0,0,0,0,0,4.04991e-09,0.905991,
3.46945e-12,0.00395191,-0.0156496,-0.000253388,0.000226891,6.27497e-05,1.6257e-05,0,0,0.468521,-0.013466,0.124783,0.00108242,-0.0027421,0.000758425,-0.00294492,0,0,0,0.0770319,-0.00312237,0.0139095,0.00122056,0.00130116,-5.82192e-05,0,0,-0.0134281,0.631219,-0.00120597,-0.0800848,0.00377248,-0.015838,-0.000721246,0,0,-1.12757e-11,-0.00466239,0.0692559,0.00302252,-0.000236302,0.000476154,-2.88206e-05,0,0,0.125525,-0.00109494,0.434897,-0.0106433,-0.0193592,0.00192084,-0.00156977,0,0,2.08167e-11,0.029596,0.0029425,-0.00975619,-0.00106639,0.00280067,-0.000134801,0,0,0.00127743,-0.0815166,-0.0105014,0.606891,0.020433,0.0574423,-0.00157512,0,0,-1.73472e-11,0.0167078,0.018273,-0.0262844,0.0057254,-0.00935108,0.000734684,0,0,-0.0263655,0.037087,-0.192772,0.204622,0.329042,-0.0388039,0.0302861,0,0,-1.38778e-10,0.0606685,-0.00252887,-0.0213657,-0.00258079,-0.0516335,0.00230993,0,0,0.00785594,-0.15899,0.0193969,0.575175,-0.038702,0.401805,-0.00514647,0,0,-2.60209e-12,-0.00295249,0.00139462,0.00467547,0.000537585,0.00381317,0.000424965,0,0,-0.0294224,-0.00712181,-0.0157843,-0.0158787,0.0303966,-0.00516529,0.0660346,0,0,0,0,1.20024e-12,-1.20024e-12,1.20024e-12,0,-1.20024e-12,0,0,0,0,0,0,0,0,0,0.905991,4.22605e-09,0,0,1.20024e-12,-1.20024e-12,1.20024e-12,0,-1.20024e-12,0,0,0,0,0,0,0,0,0,4.22515e-09,0.905991,
-1.30104e-12,0.00394717,-0.0156296,-0.00025327,0.000224939,6.33843e-05,1.61986e-05,0,0,0.468706,-0.0134725,0.124534,0.00107865,-0.00270741,0.000768586,-0.00294649,0,0,0,0.0770149,-0.00311737,0.0138558,0.00121755,0.001301,-5.82502e-05,0,0,-0.0134346,0.631223,-0.00121162,-0.0800928,0.00377471,-0.0158265,-0.000721858,0,0,5.20417e-12,-0.00466041,0.0692933,0.00303448,-0.000232638,0.000478628,-2.88886e-05,0,0,0.125277,-0.00110042,0.435013,-0.0106583,-0.0193424,0.00192859,-0.00157133,0,0,2.1684e-11,0.0295298,0.00294666,-0.00970286,-0.00105815,0.00279905,-0.000134795,0,0,0.00127401,-0.0815261,-0.0105161,0.606889,0.0204314,0.057441,-0.00157369,0,0,0,0.0166778,0.0183356,-0.0262506,0.00564774,-0.00938333,0.000735422,0,0,-0.0260183,0.0371088,-0.192603,0.204605,0.329117,-0.0387971,0.030269,0,0,-5.55112e-11,0.0606904,-0.00251188,-0.0214466,-0.00262484,-0.0515804,0.00230926,0,0,0.00795759,-0.158877,0.0194746,0.575164,-0.0386952,0.401825,-0.00514686,0,0,8.67362e-13,-0.0029508,0.00139394,0.00467432,0.000542294,0.0038143,0.000426334,0,0,-0.0294381,-0.0071278,-0.0158,-0.0158646,0.0303797,-0.00516572,0.0660357,0,0,0,0,0,0,0,0,0,0,0,0,0,0,0,0,0,0,0.905991,-4.51591e-09,0,0,2.40048e-12,0,-2.40048e-12,0,-2.40048e-12,0,0,0,0,0,0,0,0,0,-4.51591e-09,0.905991,
-3.46945e-12,0.00394242,-0.0156096,-0.00025316,0.000222998,6.40208e-05,1.614e-05,0,0,0.468891,-0.013479,0.124284,0.00107491,-0.00267274,0.000778742,-0.00294805,0,0,-1.38778e-11,0.0769979,-0.00311234,0.013802,0.00121453,0.00130083,-5.8281e-05,0,0,-0.013441,0.631226,-0.0012173,-0.0801008,0.00377695,-0.015815,-0.00072247,0,0,1.47451e-11,-0.00465843,0.0693307,0.00304645,-0.000228965,0.000481105,-2.89566e-05,0,0,0.125029,-0.00110591,0.435128,-0.0106732,-0.0193255,0.00193635,-0.00157289,0,0,8.67362e-12,0.0294635,0.00295082,-0.00964947,-0.00104989,0.00279743,-0.000134789,0,0,0.00127062,-0.0815357,-0.0105308,0.606887,0.0204297,0.0574397,-0.00157226,0,0,3.46945e-12,0.0166479,0.0183982,-0.0262166,0.00556999,-0.00941561,0.00073616,0,0,-0.0256712,0.0371306,-0.192433,0.204588,0.329191,-0.0387902,0.0302519,0,0,-3.46945e-11,0.0607123,-0.00249487,-0.0215275,-0.00266894,-0.0515271,0.00230858,0,0,0.0080592,-0.158763,0.0195524,0.575153,-0.0386883,0.401845,-0.00514725,0,0,-2.60209e-12,-0.0029491,0.00139327,0.00467316,0.000547002,0.00381543,0.000427704,0,0,-0.0294537,-0.00713379,-0.0158157,-0.0158505,0.0303628,-0.00516615,0.0660369,0,0,0,0,0,0,0,0,1.20024e-12,-5.76116e-11,0,0,0,0,0,0,0,0,0.905991,-4.66564e-09,0,0,0,0,0,0,1.20024e-12,0,0,0,0,0,0,0,0,0,-4.66504e-09,0.905991,
-3.46945e-12,0.00393768,-0.0155896,-0.000253057,0.000221068,6.46592e-05,1.60814e-05,0,0,0.469076,-0.0134855,0.124034,0.0010712,-0.00263808,0.000788893,-0.00294961,0,0,0,0.0769807,-0.00310731,0.0137481,0.0012115,0.00130066,-5.83118e-05,0,0,-0.0134474,0.631229,-0.001223,-0.0801087,0.0037792,-0.0158034,-0.000723082,0,0,1.56125e-11,-0.00465643,0.069368,0.00305845,-0.000225283,0.000483585,-2.90246e-05,0,0,0.12478,-0.00111143,0.435244,-0.0106882,-0.0193086,0.00194412,-0.00157445,0,0,-2.77556e-11,0.0293971,0.00295499,-0.00959602,-0.00104163,0.00279579,-0.000134783,0,0,0.00126724,-0.0815453,-0.0105454,0.606885,0.020428,0.0574383,-0.00157082,0,0,2.08167e-11,0.0166178,0.0184609,-0.0261826,0.00549215,-0.00944793,0.000736897,0,0,-0.0253243,0.0371524,-0.192264,0.204571,0.329266,-0.0387834,0.0302348,0,0,1.04083e-10,0.0607341,-0.00247784,-0.0216084,-0.00271309,-0.0514737,0.0023079,0,0,0.00816077,-0.158649,0.0196304,0.575142,-0.0386814,0.401864,-0.00514764,0,0,-8.67362e-13,-0.0029474,0.0013926,0.00467199,0.000551709,0.00381655,0.000429075,0,0,-0.0294693,-0.00713978,-0.0158315,-0.0158363,0.0303459,-0.00516657,0.066038,0,0,0,0,-1.20024e-12,0,-1.20024e-12,1.20024e-12,1.20024e-12,5.76116e-11,0,0,0,0,0,0,0,0,0.905991,-4.65634e-09,0,0,0,0,0,0,0,1.15223e-10,0,0,0,0,0,0,0,0,-4.65574e-09,0.905991,
4.33681e-12,0.00393294,-0.0155695,-0.000252961,0.000219149,6.52994e-05,1.60227e-05,0,0,0.469261,-0.013492,0.123784,0.0010675,-0.00260345,0.00079904,-0.00295117,0,0,-1.38778e-11,0.0769635,-0.00310225,0.0136942,0.00120848,0.00130048,-5.83426e-05,0,0,-0.0134539,0.631232,-0.00122872,-0.0801167,0.00378145,-0.0157919,-0.000723694,0,0,-1.99493e-11,-0.00465442,0.0694054,0.00307046,-0.000221592,0.000486069,-2.90927e-05,0,0,0.124531,-0.00111697,0.435359,-0.0107032,-0.0192917,0.0019519,-0.00157602,0,0,-1.21431e-11,0.0293307,0.00295916,-0.00954251,-0.00103335,0.00279416,-0.000134777,0,0,0.0012639,-0.0815548,-0.0105601,0.606883,0.0204263,0.057437,-0.00156939,0,0,1.38778e-11,0.0165877,0.0185236,-0.0261485,0.00541423,-0.00948028,0.000737632,0,0,-0.0249776,0.0371743,-0.192094,0.204554,0.329341,-0.0387765,0.0302177,0,0,-6.93889e-12,0.0607559,-0.0024608,-0.0216893,-0.00275731,-0.0514201,0.00230722,0,0,0.00826229,-0.158535,0.0197084,0.575131,-0.0386745,0.401884,-0.00514802,0,0,-1.73472e-12,-0.00294569,0.00139193,0.00467081,0.000556416,0.00381767,0.000430448,0,0,-0.0294848,-0.00714577,-0.0158473,-0.0158221,0.030329,-0.005167,0.0660392,0,0,0,1.20024e-12,1.20024e-12,0,0,1.20024e-12,-1.20024e-12,1.20024e-12,0,0,0,0,0,0,0,0,0.905991,-4.5051e-09,0,0,0,0,0,0,0,1.20024e-12,0,0,0,0,0,0,0,0,-4.5051e-09,0.905991,
2.1684e-12,0.0039282,-0.0155493,-0.000252873,0.000217242,6.59417e-05,1.59639e-05,0,0,0.469446,-0.0134984,0.123534,0.00106384,-0.00256883,0.000809182,-0.00295272,0,0,0,0.0769461,-0.00309717,0.0136402,0.00120545,0.0013003,-5.83733e-05,0,0,-0.0134603,0.631235,-0.00123446,-0.0801247,0.0037837,-0.0157804,-0.000724307,0,0,-8.67362e-12,-0.00465239,0.0694427,0.00308248,-0.000217891,0.000488556,-2.91607e-05,0,0,0.124281,-0.00112253,0.435474,-0.0107182,-0.0192748,0.00195969,-0.00157758,0,0,-8.67362e-13,0.0292641,0.00296335,-0.00948893,-0.00102506,0.00279251,-0.000134771,0,0,0.00126057,-0.0815644,-0.0105748,0.606882,0.0204246,0.0574357,-0.00156795,0,0,1.73472e-11,0.0165576,0.0185863,-0.0261143,0.00533623,-0.00951267,0.000738367,0,0,-0.024631,0.0371962,-0.191924,0.204536,0.329415,-0.0387696,0.0302006,0,0,0,0.0607777,-0.00244373,-0.0217702,-0.00280158,-0.0513665,0.00230654,0,0,0.00836377,-0.158422,0.0197865,0.57512,-0.0386675,0.401904,-0.0051484,0,0,-3.46945e-12,-0.00294398,0.00139127,0.00466963,0.000561121,0.00381879,0.000431822,0,0,-0.0295002,-0.00715176,-0.0158631,-0.015808,0.0303121,-0.00516741,0.0660403,0,0,0,2.40048e-12,2.40048e-12,0,0,2.40048e-12,0,0,0,0,0,0,0,0,0,0,0.905991,4.25545e-09,0,1.20024e-12,1.20024e-12,0,0,1.20024e-12,0,0,0,0,0,0,0,0,0,0,4.25485e-09,0.905991,
0,0.00392346,-0.015529,-0.000252792,0.000215345,6.6586e-05,1.5905e-05,0,0,0.469632,-0.0135049,0.123283,0.00106019,-0.00253423,0.00081932,-0.00295426,0,0,0,0.0769287,-0.00309208,0.0135861,0.00120241,0.00130012,-5.84039e-05,0,0,-0.0134668,0.631238,-0.00124022,-0.0801327,0.00378595,-0.0157688,-0.000724919,0,0,-1.73472e-12,-0.00465036,0.06948,0.00309453,-0.000214181,0.000491047,-2.92288e-05,0,0,0.124032,-0.00112811,0.435589,-0.0107332,-0.0192579,0.00196749,-0.00157915,0,0,1.21431e-11,0.0291974,0.00296754,-0.00943529,-0.00101676,0.00279086,-0.000134764,0,0,0.00125727,-0.081574,-0.0105895,0.60688,0.0204229,0.0574343,-0.00156651,0,0,-1.38778e-11,0.0165274,0.0186491,-0.0260801,0.00525814,-0.00954509,0.000739101,0,0,-0.0242847,0.0372182,-0.191754,0.204519,0.32949,-0.0387626,0.0301835,0,0,-6.93889e-11,0.0607994,-0.00242666,-0.0218511,-0.0028459,-0.0513127,0.00230585,0,0,0.0084652,-0.158308,0.0198647,0.575108,-0.0386606,0.401924,-0.00514878,0,0,-8.67362e-13,-0.00294226,0.00139062,0.00466843,0.000565826,0.00381991,0.000433198,0,0,-0.0295156,-0.00715775,-0.0158789,-0.0157938,0.0302952,-0.00516783,0.0660415,0,0,0,0,0,0,0,0,0,0,0,0,0,0,0,0,0,0,0.905991,4.15343e-09,0,0,0,0,0,0,0,0,0,0,0,0,0,0,0,0,4.15373e-09,0.905991,
-2.60209e-12,0.00391872,-0.0155086,-0.000252717,0.000213461,6.72289e-05,1.58461e-05,0,0,0.469817,-0.0135114,0.123032,0.00105657,-0.00249964,0.000829453,-0.0029558,0,0,0,0.0769112,-0.00308697,0.013532,0.00119938,0.00129993,-5.84346e-05,0,0,-0.0134732,0.631242,-0.00124601,-0.0801406,0.00378821,-0.0157573,-0.000725532,0,0,1.04083e-11,-0.00464831,0.0695173,0.00310659,-0.000210463,0.000493539,-2.92968e-05,0,0,0.123782,-0.00113371,0.435705,-0.0107483,-0.0192409,0.0019753,-0.00158072,0,0,-3.03577e-11,0.0291306,0.00297174,-0.00938159,-0.00100845,0.00278921,-0.000134757,0,0,0.001254,-0.0815835,-0.0106042,0.606878,0.0204211,0.0574329,-0.00156508,0,0,3.46945e-12,0.0164972,0.0187119,-0.0260458,0.00517997,-0.00957755,0.000739834,0,0,-0.0239384,0.0372402,-0.191583,0.204501,0.329565,-0.0387557,0.0301664,0,0,1.38778e-10,0.0608211,-0.00240956,-0.021932,-0.00289029,-0.0512587,0.00230517,0,0,0.00856659,-0.158194,0.019943,0.575097,-0.0386536,0.401944,-0.00514915,0,0,3.46945e-12,-0.00294054,0.00138997,0.00466723,0.000570529,0.00382103,0.000434575,0,0,-0.029531,-0.00716375,-0.0158947,-0.0157795,0.0302782,-0.00516824,0.0660427,0,0,0,0,0,0,0,0,0,0,0,0,0,0,0,0,0,0,0.905991,4.16664e-09,0,0,0,-1.20024e-12,0,-1.20024e-12,1.20024e-12,0,0,0,0,0,0,0,0,0,4.16634e-09,0.905991,
-8.67362e-13,0.00391399,-0.0154882,-0.00025265,0.000211586,6.78731e-05,1.57872e-05,0,0,0.470002,-0.0135179,0.122781,0.00105297,-0.00246508,0.000839581,-0.00295734,0,0,-1.38778e-11,0.0768936,-0.00308184,0.0134778,0.00119634,0.00129973,-5.84652e-05,0,0,-0.0134797,0.631245,-0.00125181,-0.0801486,0.00379048,-0.0157458,-0.000726145,0,0,6.93889e-12,-0.00464625,0.0695545,0.00311866,-0.000206737,0.000496034,-2.93649e-05,0,0,0.123532,-0.00113933,0.43582,-0.0107633,-0.0192239,0.00198312,-0.00158229,0,0,-1.30104e-11,0.0290637,0.00297595,-0.00932782,-0.00100012,0.00278754,-0.00013475,0,0,0.00125074,-0.0815931,-0.0106189,0.606876,0.0204193,0.0574315,-0.00156363,0,0,2.08167e-11,0.0164669,0.0187747,-0.0260114,0.00510172,-0.00961005,0.000740567,0,0,-0.0235924,0.0372622,-0.191413,0.204483,0.32964,-0.0387487,0.0301493,0,0,-4.85723e-11,0.0608428,-0.00239244,-0.0220129,-0.00293473,-0.0512047,0.00230448,0,0,0.00866793,-0.15808,0.0200215,0.575085,-0.0386466,0.401963,-0.00514952,0,0,-1.73472e-12,-0.00293881,0.00138932,0.00466602,0.000575232,0.00382215,0.000435954,0,0,-0.0295463,-0.00716975,-0.0159106,-0.0157653,0.0302613,-0.00516865,0.0660438,0,0,0,1.20024e-12,-1.20024e-12,0,0,0,1.20024e-12,0,0,0,0,0,0,0,0,0,0.905991,4.28276e-09,0,1.20024e-12,-1.20024e-12,0,0,0,1.20024e-12,0,0,0,0,0,0,0,0,0,4.28336e-09,0.905991,
8.67362e-13,0.00390925,-0.0154677,-0.0002526,0.000209721,6.85167e-05,1.57283e-05,0,0,0.470188,-0.0135244,0.122529,0.00104939,-0.00243053,0.000849705,-0.00295887,0,0,1.38778e-11,0.0768759,-0.00307668,0.0134235,0.00119329,0.00129953,-5.84956e-05,0,0,-0.0134861,0.631248,-0.00125764,-0.0801565,0.00379274,-0.0157342,-0.000726758,0,0,-1.73472e-12,-0.00464419,0.0695918,0.00313071,-0.000203003,0.000498529,-2.9433e-05,0,0,0.123282,-0.00114497,0.435934,-0.0107783,-0.0192069,0.00199096,-0.00158387,0,0,-6.07153e-12,0.0289968,0.00298017,-0.00927399,-0.000991786,0.00278587,-0.000134743,0,0,0.00124752,-0.0816027,-0.0106336,0.606874,0.0204176,0.0574301,-0.00156219,0,0,-3.46945e-12,0.0164366,0.0188376,-0.025977,0.00502339,-0.00964254,0.0007413,0,0,-0.0232465,0.0372842,-0.191242,0.204465,0.329715,-0.0387417,0.0301321,0,0,-2.77556e-11,0.0608644,-0.00237532,-0.0220939,-0.00297917,-0.0511505,0.00230378,0,0,0.00876923,-0.157966,0.0201,0.575073,-0.0386396,0.401983,-0.00514989,0,0,-2.60209e-12,-0.00293708,0.00138869,0.0046648,0.000579928,0.00382326,0.000437332,0,0,-0.0295616,-0.00717575,-0.0159265,-0.0157511,0.0302444,-0.00516905,0.066045,0,0,0,-1.20024e-12,-1.20024e-12,-1.20024e-12,0,0,1.20024e-12,1.15223e-10,0,0,0,0,0,0,0,0,0.905991,-4.51441e-09,0,3.60072e-12,3.60072e-12,3.60072e-12,0,0,-3.60072e-12,2.40048e-12,0,0,0,0,0,0,0,0,-4.51441e-09,0.905991,
2.60209e-12,0.00390439,-0.0154473,-0.000252456,0.000207894,6.88992e-05,1.56758e-05,0,0,0.470373,-0.0135309,0.122278,0.00104584,-0.00239599,0.00085982,-0.00296039,0,0,0,0.0768581,-0.0030715,0.0133692,0.00119024,0.00129935,-5.85288e-05,0,0,-0.0134925,0.631251,-0.00126349,-0.0801645,0.00379501,-0.0157227,-0.000727372,0,0,-1.38778e-11,-0.00464209,0.069629,0.00314279,-0.000199333,0.000500816,-2.9498e-05,0,0,0.123031,-0.00115063,0.436049,-0.0107933,-0.0191899,0.00199879,-0.00158545,0,0,-4.33681e-12,0.0289297,0.0029844,-0.00922014,-0.000983447,0.00278422,-0.000134742,0,0,0.00124431,-0.0816122,-0.0106483,0.606873,0.0204158,0.0574287,-0.00156075,0,0,-2.42861e-11,0.0164062,0.0189005,-0.0259425,0.00494494,-0.00967585,0.000742074,0,0,-0.0229008,0.0373063,-0.191071,0.204447,0.329791,-0.0387347,0.030115,0,0,5.55112e-11,0.060886,-0.00235816,-0.0221747,-0.0030237,-0.0510963,0.00230318,0,0,0.0088705,-0.157852,0.0201786,0.575061,-0.0386325,0.402003,-0.00515025,0,0,2.60209e-12,-0.00293536,0.00138804,0.00466358,0.000584635,0.00382459,0.000438734,0,0,-0.0295768,-0.00718175,-0.0159424,-0.0157368,0.0302274,-0.00516945,0.0660461,0,0,0,0,0,0,0,-2.40048e-12,0,0,0,0,0,0,0,0,0,0,0.905991,-4.60082e-09,0,0,0,0,0,2.40048e-12,0,0,0,0,0,0,0,0,0,0,-4.60112e-09,0.905991,
-4.33681e-13,0.00389952,-0.0154268,-0.000252385,0.000206046,6.93127e-05,1.56224e-05,0,0,0.470559,-0.0135374,0.122026,0.00104231,-0.00236148,0.000869929,-0.00296191,0,0,1.38778e-11,0.0768402,-0.0030663,0.013315,0.00118719,0.00129915,-5.85614e-05,0,0,-0.013499,0.631254,-0.00126936,-0.0801724,0.00379729,-0.0157111,-0.000727986,0,0,3.46945e-12,-0.00463997,0.0696662,0.00315476,-0.000195666,0.000503128,-2.95639e-05,0,0,0.12278,-0.00115632,0.436164,-0.0108083,-0.0191728,0.00200664,-0.00158702,0,0,-5.63785e-11,0.0288625,0.00298863,-0.00916627,-0.000975106,0.00278256,-0.00013474,0,0,0.00124112,-0.0816218,-0.010663,0.606871,0.020414,0.0574272,-0.00155931,0,0,1.38778e-11,0.0163758,0.0189635,-0.025908,0.00486642,-0.00970902,0.000742844,0,0,-0.0225553,0.0373284,-0.1909,0.204429,0.329866,-0.0387276,0.0300978,0,0,1.04083e-10,0.0609076,-0.00234097,-0.0222555,-0.00306818,-0.051042,0.00230257,0,0,0.00897176,-0.157738,0.0202574,0.575049,-0.0386254,0.402023,-0.00515061,0,0,-3.46945e-12,-0.00293362,0.00138738,0.00466234,0.000589342,0.00382589,0.00044013,0,0,-0.029592,-0.00718775,-0.0159583,-0.0157226,0.0302105,-0.00516985,0.0660473,0,0,0,0,0,0,0,0,0,-5.76116e-11,0,0,0,0,0,0,0,0,0.905991,-4.53901e-09,0,0,0,0,0,0,0,0,0,0,0,0,0,0,0,0,-4.53961e-09,0.905991,
0,0.00389466,-0.0154062,-0.000252371,0.000204185,6.97778e-05,1.5568e-05,0,0,0.470744,-0.0135439,0.121774,0.0010388,-0.00232698,0.000880035,-0.00296343,0,0,1.38778e-11,0.0768223,-0.00306108,0.0132607,0.00118414,0.00129894,-5.85933e-05,0,0,-0.0135054,0.631257,-0.00127525,-0.0801804,0.00379956,-0.0156996,-0.0007286,0,0,-1.73472e-12,-0.00463786,0.0697034,0.00316667,-0.00019199,0.000505482,-2.96307e-05,0,0,0.122529,-0.00116202,0.436279,-0.0108234,-0.0191557,0.0020145,-0.00158861,0,0,1.73472e-12,0.0287952,0.00299287,-0.00911235,-0.000966757,0.00278089,-0.000134737,0,0,0.00123795,-0.0816313,-0.0106777,0.606869,0.0204121,0.0574258,-0.00155786,0,0,-3.46945e-12,0.0163453,0.0190265,-0.0258735,0.00478784,-0.00974204,0.000743609,0,0,-0.0222099,0.0373506,-0.190728,0.20441,0.329941,-0.0387206,0.0300807,0,0,4.16334e-11,0.0609291,-0.00232377,-0.0223362,-0.00311266,-0.0509877,0.00230193,0,0,0.00907303,-0.157624,0.0203364,0.575037,-0.0386183,0.402043,-0.00515097,0,0,8.67362e-13,-0.00293189,0.00138673,0.00466109,0.000594048,0.00382714,0.000441521,0,0,-0.0296072,-0.00719375,-0.0159743,-0.0157083,0.0301935,-0.00517024,0.0660484,0,0,0,0,0,0,1.20024e-12,0,1.20024e-12,0,0,0,0,0,0,0,0,0,0.905991,-4.35507e-09,0,0,0,0,-1.20024e-12,0,-1.20024e-12,0,0,0,0,0,0,0,0,0,-4.35507e-09,0.905991,
-4.33681e-13,0.00388983,-0.0153855,-0.000252395,0.000202323,7.02954e-05,1.55124e-05,0,0,0.47093,-0.0135504,0.121521,0.0010353,-0.0022925,0.000890141,-0.00296494,0,0,1.38778e-11,0.0768042,-0.00305585,0.0132064,0.00118109,0.00129872,-5.86245e-05,0,0,-0.0135119,0.63126,-0.00128116,-0.0801883,0.00380184,-0.015688,-0.000729215,0,0,5.20417e-12,-0.00463576,0.0697406,0.00317857,-0.000188295,0.000507881,-2.9698e-05,0,0,0.122278,-0.00116775,0.436393,-0.0108384,-0.0191386,0.00202237,-0.00159019,0,0,6.93889e-12,0.0287278,0.00299711,-0.00905839,-0.000958397,0.00277921,-0.000134733,0,0,0.00123479,-0.0816409,-0.0106925,0.606868,0.0204103,0.0574243,-0.00155641,0,0,-2.42861e-11,0.0163148,0.0190896,-0.025839,0.00470917,-0.00977493,0.000744366,0,0,-0.0218647,0.0373728,-0.190556,0.204392,0.330016,-0.0387135,0.0300635,0,0,-9.71445e-11,0.0609506,-0.00230655,-0.022417,-0.00315717,-0.0509333,0.00230127,0,0,0.00917432,-0.15751,0.0204154,0.575024,-0.0386112,0.402063,-0.00515133,0,0,-2.60209e-12,-0.00293014,0.00138608,0.00465983,0.000598753,0.00382835,0.000442909,0,0,-0.0296222,-0.00719975,-0.0159903,-0.015694,0.0301766,-0.00517063,0.0660496,0,0,0,0,0,0,0,0,0,0,0,0,0,0,0,0,0,0,0.905991,4.09192e-09,0,0,0,0,0,0,0,0,0,0,0,0,0,0,0,0,4.09252e-09,0.905991,
-2.1684e-12,0.00388501,-0.0153648,-0.000252435,0.000200482,7.08345e-05,1.54562e-05,0,0,0.471115,-0.0135569,0.121268,0.00103182,-0.00225804,0.000900247,-0.00296645,0,0,0,0.076786,-0.00305059,0.013152,0.00117804,0.0012985,-5.86556e-05,0,0,-0.0135183,0.631263,-0.00128709,-0.0801963,0.00380413,-0.0156765,-0.00072983,0,0,1.04083e-11,-0.00463365,0.0697777,0.00319048,-0.000184578,0.000510299,-2.97655e-05,0,0,0.122026,-0.00117349,0.436508,-0.0108535,-0.0191215,0.00203026,-0.00159178,0,0,-6.07153e-12,0.0286603,0.00300136,-0.00900437,-0.000950022,0.00277753,-0.000134728,0,0,0.00123166,-0.0816505,-0.0107072,0.606866,0.0204084,0.0574228,-0.00155496,0,0,-2.77556e-11,0.0162842,0.0191527,-0.0258044,0.0046304,-0.00980781,0.000745117,0,0,-0.0215196,0.037395,-0.190384,0.204373,0.330092,-0.0387064,0.0300463,0,0,-3.46945e-11,0.060972,-0.00228931,-0.0224977,-0.00320175,-0.0508788,0.0023006,0,0,0.00927564,-0.157396,0.0204947,0.575012,-0.038604,0.402083,-0.00515168,0,0,0,-0.00292839,0.00138543,0.00465856,0.00060346,0.00382954,0.000444297,0,0,-0.0296373,-0.00720575,-0.0160063,-0.0156797,0.0301596,-0.00517102,0.0660507,0,0,0,0,0,0,0,0,0,0,0,0,0,0,0,0,0,0,0.905991,3.971e-09,0,0,-1.20024e-12,0,-1.20024e-12,1.20024e-12,0,0,0,0,0,0,0,0,0,0,3.9701e-09,0.905991,
1.30104e-12,0.0038802,-0.015344,-0.00025249,0.000198666,7.1395e-05,1.53991e-05,0,0,0.471301,-0.0135634,0.121015,0.00102836,-0.00222359,0.000910355,-0.00296795,0,0,-1.38778e-11,0.0767678,-0.00304532,0.0130976,0.00117499,0.00129829,-5.86867e-05,0,0,-0.0135248,0.631266,-0.00129305,-0.0802042,0.00380642,-0.0156649,-0.000730446,0,0,-1.04083e-11,-0.00463154,0.0698148,0.00320241,-0.000180833,0.000512739,-2.98331e-05,0,0,0.121775,-0.00117926,0.436622,-0.0108685,-0.0191043,0.00203816,-0.00159336,0,0,3.46945e-12,0.0285927,0.00300561,-0.00895029,-0.000941633,0.00277584,-0.000134722,0,0,0.00122853,-0.08166,-0.010722,0.606865,0.0204066,0.0574214,-0.00155351,0,0,-2.42861e-11,0.0162536,0.0192158,-0.0257697,0.00455155,-0.0098407,0.000745859,0,0,-0.0211747,0.0374173,-0.190212,0.204354,0.330167,-0.0386993,0.0300292,0,0,-2.08167e-11,0.0609934,-0.00227204,-0.0225784,-0.0032464,-0.0508241,0.00229993,0,0,0.009377,-0.157282,0.0205741,0.574999,-0.0385969,0.402104,-0.00515202,0,0,1.73472e-12,-0.00292664,0.00138478,0.00465728,0.00060817,0.00383072,0.000445686,0,0,-0.0296523,-0.00721176,-0.0160223,-0.0156654,0.0301426,-0.0051714,0.0660519,0,0,0,2.40048e-12,0,2.40048e-12,0,2.40048e-12,0,0,0,0,0,0,0,0,0,0,0.905991,3.95209e-09,0,2.40048e-12,0,2.40048e-12,0,2.40048e-12,0,0,0,0,0,0,0,0,0,0,3.95179e-09,0.905991,
-8.67362e-13,0.00387539,-0.0153231,-0.000252554,0.000196886,7.19534e-05,1.53417e-05,0,0,0.471486,-0.0135699,0.120762,0.0010249,-0.00218916,0.000920466,-0.00296945,0,0,1.38778e-11,0.0767495,-0.00304004,0.0130431,0.00117194,0.00129808,-5.87182e-05,0,0,-0.0135312,0.631269,-0.00129902,-0.0802121,0.00380871,-0.0156533,-0.000731062,0,0,3.46945e-12,-0.00462942,0.0698519,0.00321434,-0.000177063,0.00051518,-2.99002e-05,0,0,0.121522,-0.00118504,0.436737,-0.0108836,-0.0190872,0.00204608,-0.00159496,0,0,3.46945e-12,0.028525,0.00300987,-0.00889616,-0.000933229,0.00277415,-0.000134716,0,0,0.00122543,-0.0816696,-0.0107367,0.606863,0.0204047,0.0574199,-0.00155206,0,0,-1.73472e-11,0.0162229,0.019279,-0.025735,0.0044726,-0.00987366,0.000746595,0,0,-0.0208299,0.0374396,-0.190039,0.204335,0.330243,-0.0386922,0.030012,0,0,4.16334e-11,0.0610148,-0.00225474,-0.0226591,-0.00329113,-0.0507694,0.00229927,0,0,0.00947841,-0.157168,0.0206537,0.574986,-0.0385896,0.402124,-0.00515237,0,0,-8.67362e-13,-0.00292488,0.00138413,0.00465599,0.000612885,0.00383189,0.00044708,0,0,-0.0296673,-0.00721778,-0.0160384,-0.0156511,0.0301256,-0.00517177,0.066053,0,0,0,0,0,0,0,0,0,0,0,0,0,0,0,0,0,0,0.905991,4.02411e-09,0,0,0,0,0,0,0,0,0,0,0,0,0,0,0,0,4.02411e-09,0.905991,
-4.33681e-13,0.00387058,-0.0153023,-0.000252623,0.000195182,7.24958e-05,1.52836e-05,0,0,0.471672,-0.0135764,0.120509,0.00102146,-0.00215474,0.00093058,-0.00297094,0,0,2.77556e-11,0.076731,-0.00303475,0.0129887,0.00116889,0.00129792,-5.87509e-05,0,0,-0.0135377,0.631273,-0.00130501,-0.08022,0.00381101,-0.0156418,-0.000731679,0,0,5.20417e-12,-0.00462728,0.069889,0.0032263,-0.000173243,0.000517612,-2.99663e-05,0,0,0.12127,-0.00119085,0.436851,-0.0108987,-0.0190699,0.00205402,-0.00159655,0,0,-1.64799e-11,0.0284572,0.00301414,-0.008842,-0.000924811,0.00277246,-0.000134709,0,0,0.00122233,-0.0816792,-0.0107515,0.606861,0.0204028,0.0574183,-0.0015506,0,0,-3.46945e-12,0.0161922,0.0193422,-0.0257002,0.00439356,-0.00990677,0.000747314,0,0,-0.0204853,0.0374619,-0.189866,0.204316,0.330319,-0.038685,0.0299948,0,0,0,0.0610361,-0.00223741,-0.0227397,-0.00333595,-0.0507146,0.00229863,0,0,0.00957987,-0.157054,0.0207335,0.574973,-0.0385824,0.402144,-0.00515271,0,0,8.67362e-13,-0.00292311,0.00138346,0.00465469,0.000617615,0.00383309,0.000448481,0,0,-0.0296822,-0.00722379,-0.0160544,-0.0156367,0.0301086,-0.00517215,0.0660542,0,0,0,-1.20024e-12,0,-1.20024e-12,0,0,0,-1.71634e-10,0,0,0,0,0,0,0,0,0.905991,4.18944e-09,0,0,0,0,0,0,0,0,0,0,0,0,0,0,0,0,4.18914e-09,0.905991,
-1.30104e-12,0.00386577,-0.0152815,-0.000252718,0.000193463,7.30517e-05,1.52252e-05,0,0,0.471858,-0.0135829,0.120255,0.00101803,-0.00212034,0.000940698,-0.00297243,0,0,1.38778e-11,0.0767125,-0.00302945,0.0129344,0.00116584,0.00129774,-5.87834e-05,0,0,-0.0135441,0.631276,-0.00131103,-0.080228,0.00381331,-0.0156302,-0.000732296,0,0,8.67362e-12,-0.00462513,0.069926,0.00323826,-0.000169427,0.000520059,-3.00328e-05,0,0,0.121017,-0.00119667,0.436965,-0.0109138,-0.0190527,0.00206197,-0.00159815,0,0,-6.93889e-12,0.0283893,0.00301841,-0.0087878,-0.000916382,0.00277077,-0.000134703,0,0,0.00121925,-0.0816887,-0.0107663,0.60686,0.0204008,0.0574168,-0.00154915,0,0,-2.42861e-11,0.0161614,0.0194055,-0.0256653,0.00431441,-0.0099399,0.000748036,0,0,-0.0201408,0.0374843,-0.189693,0.204297,0.330395,-0.0386778,0.0299776,0,0,0,0.0610574,-0.00222004,-0.0228202,-0.00338084,-0.0506597,0.00229798,0,0,0.0096814,-0.15694,0.0208135,0.57496,-0.0385752,0.402164,-0.00515304,0,0,2.60209e-12,-0.00292134,0.0013828,0.00465337,0.000622354,0.00383428,0.000449883,0,0,-0.0296971,-0.00722981,-0.0160706,-0.0156223,0.0300916,-0.00517252,0.0660553,0,0,0,0,0,0,1.20024e-12,-1.20024e-12,-1.20024e-12,0,0,0,0,0,0,0,0,0,0.905991,-4.4652e-09,0,0,0,0,0,0,0,0,0,0,0,0,0,0,0,0,-4.4646e-09,0.905991,
1.73472e-12,0.00386097,-0.0152606,-0.000252836,0.000191742,7.3619e-05,1.51666e-05,0,0,0.472043,-0.0135893,0.120001,0.00101462,-0.00208595,0.000950821,-0.00297391,0,0,1.38778e-11,0.0766939,-0.00302414,0.01288,0.00116279,0.00129756,-5.88157e-05,0,0,-0.0135505,0.631279,-0.00131706,-0.0802359,0.00381562,-0.0156186,-0.000732914,0,0,-5.20417e-12,-0.00462298,0.0699631,0.00325022,-0.000165606,0.000522519,-3.00995e-05,0,0,0.120765,-0.00120252,0.437079,-0.0109289,-0.0190354,0.00206994,-0.00159974,0,0,-1.30104e-11,0.0283213,0.00302269,-0.00873356,-0.00090794,0.00276907,-0.000134696,0,0,0.00121619,-0.0816983,-0.0107811,0.606858,0.0203989,0.0574153,-0.00154769,0,0,-1.04083e-11,0.0161306,0.0194689,-0.0256305,0.00423516,-0.00997305,0.000748756,0,0,-0.0197965,0.0375068,-0.189519,0.204277,0.33047,-0.0386706,0.0299604,0,0,1.38778e-11,0.0610787,-0.00220265,-0.0229007,-0.00342579,-0.0506048,0.00229732,0,0,0.00978298,-0.156826,0.0208936,0.574947,-0.0385679,0.402184,-0.00515337,0,0,-1.73472e-12,-0.00291956,0.00138212,0.00465205,0.000627098,0.00383546,0.000451286,0,0,-0.0297119,-0.00723583,-0.0160867,-0.015608,0.0300746,-0.00517288,0.0660565,0,0,0,0,0,0,0,0,0,0,0,0,0,0,0,0,0,0,0.905991,-4.60322e-09,0,1.20024e-12,0,1.20024e-12,0,0,0,0,0,0,0,0,0,0,0,0,-4.60322e-09,0.905991,
-6.07153e-12,0.00385617,-0.0152398,-0.000252967,0.000190087,7.41868e-05,1.5107e-05,0,0,0.472229,-0.0135958,0.119747,0.00101121,-0.00205158,0.00096095,-0.00297539,0,0,-2.77556e-11,0.0766752,-0.00301882,0.0128257,0.00115975,0.00129741,-5.88489e-05,0,0,-0.013557,0.631282,-0.00132311,-0.0802438,0.00381793,-0.015607,-0.000733532,0,0,2.25514e-11,-0.00462081,0.0700001,0.0032622,-0.000161737,0.000524984,-3.01654e-05,0,0,0.120512,-0.00120839,0.437193,-0.0109441,-0.0190182,0.00207793,-0.00160135,0,0,-2.42861e-11,0.0282532,0.00302698,-0.00867929,-0.000899484,0.00276737,-0.000134688,0,0,0.00121314,-0.0817079,-0.0107958,0.606857,0.0203969,0.0574137,-0.00154623,0,0,2.08167e-11,0.0160997,0.0195323,-0.0255955,0.00415581,-0.0100063,0.00074946,0,0,-0.0194524,0.0375292,-0.189346,0.204257,0.330546,-0.0386634,0.0299431,0,0,2.08167e-11,0.0610999,-0.00218522,-0.0229811,-0.00347084,-0.0505499,0.00229668,0,0,0.00988464,-0.156712,0.020974,0.574934,-0.0385606,0.402205,-0.0051537,0,0,8.67362e-13,-0.00291778,0.00138144,0.00465072,0.000631857,0.00383665,0.000452695,0,0,-0.0297267,-0.00724186,-0.0161029,-0.0155936,0.0300575,-0.00517324,0.0660576,0,0,0,0,0,0,0,0,0,0,0,0,0,0,0,0,0,0,0.905991,-4.58882e-09,0,0,0,0,0,0,0,0,0,0,0,0,0,0,0,0,-4.58942e-09,0.905991,
-1.30104e-12,0.00385137,-0.015219,-0.000253115,0.00018848,7.47547e-05,1.50466e-05,0,0,0.472415,-0.0136023,0.119492,0.00100782,-0.00201723,0.000971084,-0.00297687,0,0,0,0.0766564,-0.0030135,0.0127715,0.00115671,0.00129729,-5.88829e-05,0,0,-0.0135634,0.631285,-0.00132919,-0.0802517,0.00382025,-0.0155955,-0.000734151,0,0,5.20417e-12,-0.00461864,0.0700371,0.00327419,-0.000157832,0.000527454,-3.02307e-05,0,0,0.120258,-0.00121427,0.437307,-0.0109592,-0.0190008,0.00208593,-0.00160295,0,0,3.20924e-11,0.028185,0.00303127,-0.00862499,-0.000891014,0.00276567,-0.00013468,0,0,0.0012101,-0.0817174,-0.0108107,0.606855,0.020395,0.0574121,-0.00154477,0,0,-3.46945e-12,0.0160687,0.0195958,-0.0255605,0.00407637,-0.0100396,0.000750151,0,0,-0.0191084,0.0375517,-0.189171,0.204238,0.330622,-0.0386562,0.0299259,0,0,-5.55112e-11,0.0611211,-0.00216775,-0.0230613,-0.00351597,-0.0504949,0.00229606,0,0,0.00998637,-0.156597,0.0210545,0.57492,-0.0385532,0.402225,-0.00515402,0,0,-8.67362e-13,-0.00291599,0.00138074,0.00464938,0.000636634,0.00383784,0.00045411,0,0,-0.0297414,-0.00724789,-0.0161191,-0.0155791,0.0300405,-0.0051736,0.0660588,0,0,0,0,0,0,0,0,0,0,0,0,0,0,0,0,0,0,0.905991,-4.43999e-09,0,0,0,0,0,0,0,0,0,0,0,0,0,0,0,0,-4.43999e-09,0.905991,
-1.73472e-12,0.00384658,-0.0151982,-0.000253286,0.000186888,7.53309e-05,1.49856e-05,0,0,0.472601,-0.0136088,0.119237,0.00100443,-0.00198288,0.000981226,-0.00297834,0,0,-2.77556e-11,0.0766375,-0.00300819,0.0127175,0.00115367,0.00129718,-5.89173e-05,0,0,-0.0135698,0.631288,-0.00133528,-0.0802595,0.00382257,-0.0155839,-0.000734771,0,0,3.46945e-12,-0.00461644,0.0700741,0.00328619,-0.000153912,0.000529936,-3.02959e-05,0,0,0.120005,-0.00122018,0.437421,-0.0109744,-0.0189835,0.00209396,-0.00160456,0,0,-1.9082e-11,0.0281167,0.00303557,-0.00857068,-0.000882532,0.00276398,-0.000134671,0,0,0.00120708,-0.081727,-0.0108255,0.606854,0.020393,0.0574105,-0.0015433,0,0,-1.38778e-11,0.0160378,0.0196593,-0.0255255,0.00399682,-0.0100731,0.000750835,0,0,-0.0187646,0.0375743,-0.188997,0.204218,0.330698,-0.0386489,0.0299087,0,0,-3.46945e-11,0.0611423,-0.00215025,-0.0231415,-0.00356121,-0.05044,0.00229544,0,0,0.0100882,-0.156483,0.0211353,0.574906,-0.0385459,0.402245,-0.00515434,0,0,-8.67362e-13,-0.0029142,0.00138003,0.00464802,0.000641427,0.00383904,0.00045553,0,0,-0.0297561,-0.00725393,-0.0161353,-0.0155647,0.0300235,-0.00517395,0.0660599,0,0,0,0,0,0,0,0,0,0,0,0,0,0,0,0,0,0,0.905991,4.19694e-09,0,0,0,0,0,0,0,0,0,0,0,0,0,0,0,0,4.19604e-09,0.905991,
4.33681e-13,0.00384179,-0.0151774,-0.000253476,0.000185342,7.59021e-05,1.49239e-05,0,0,0.472786,-0.0136153,0.118982,0.00100106,-0.00194856,0.000991374,-0.00297981,0,0,1.38778e-11,0.0766185,-0.00300287,0.0126635,0.00115065,0.00129709,-5.89525e-05,0,0,-0.0135762,0.63129,-0.0013414,-0.0802674,0.00382489,-0.0155723,-0.000735392,0,0,0,-0.00461425,0.0701111,0.00329821,-0.000149958,0.00053242,-3.03604e-05,0,0,0.119751,-0.00122611,0.437535,-0.0109896,-0.0189661,0.00210201,-0.00160617,0,0,5.20417e-12,0.0280482,0.00303988,-0.00851635,-0.000874037,0.00276229,-0.000134662,0,0,0.00120407,-0.0817366,-0.0108403,0.606853,0.020391,0.0574089,-0.00154184,0,0,0,0.0160067,0.0197229,-0.0254904,0.00391717,-0.0101066,0.000751506,0,0,-0.018421,0.0375969,-0.188823,0.204198,0.330774,-0.0386417,0.0298914,0,0,-2.08167e-11,0.0611634,-0.00213271,-0.0232215,-0.00360652,-0.0503851,0.00229483,0,0,0.0101901,-0.156369,0.0212163,0.574893,-0.0385385,0.402265,-0.00515465,0,0,-8.67362e-13,-0.0029124,0.0013793,0.00464666,0.00064624,0.00384024,0.000456955,0,0,-0.0297708,-0.00725997,-0.0161515,-0.0155503,0.0300064,-0.0051743,0.066061,0,0,0,0,0,0,0,0,0,0,0,0,0,0,0,0,0,0,0.905991,4.09702e-09,0,0,0,0,0,0,0,0,0,0,0,0,0,0,0,0,4.09612e-09,0.905991,
-1.73472e-12,0.00383702,-0.0151566,-0.000253698,0.000183703,7.65017e-05,1.48626e-05,0,0,0.472972,-0.0136218,0.118727,0.000997701,-0.00191425,0.00100153,-0.00298127,0,0,1.38778e-11,0.0765994,-0.00299754,0.0126096,0.00114761,0.00129697,-5.89864e-05,0,0,-0.0135827,0.631293,-0.00134753,-0.0802753,0.00382722,-0.0155607,-0.000736013,0,0,1.21431e-11,-0.00461204,0.0701481,0.00331024,-0.000146058,0.00053493,-3.04266e-05,0,0,0.119497,-0.00123205,0.437648,-0.0110048,-0.0189487,0.00211008,-0.00160778,0,0,8.67362e-13,0.0279797,0.0030442,-0.00846198,-0.00086553,0.00276059,-0.000134654,0,0,0.00120107,-0.0817462,-0.0108552,0.606851,0.020389,0.0574073,-0.00154037,0,0,-1.38778e-11,0.0159756,0.0197865,-0.0254553,0.00383738,-0.0101401,0.000752197,0,0,-0.0180777,0.0376195,-0.188648,0.204177,0.330851,-0.0386344,0.0298742,0,0,-1.38778e-11,0.0611844,-0.00211514,-0.0233014,-0.00365192,-0.0503301,0.0022942,0,0,0.0102921,-0.156255,0.0212975,0.574879,-0.0385311,0.402286,-0.00515496,0,0,3.46945e-12,-0.00291059,0.00137856,0.00464528,0.000651057,0.00384143,0.000458378,0,0,-0.0297854,-0.00726601,-0.0161678,-0.0155358,0.0299894,-0.00517465,0.0660622,0,0,0,0,0,-2.40048e-12,-2.40048e-12,-2.40048e-12,2.40048e-12,0,0,0,0,0,0,0,0,0,0.905991,4.10602e-09,0,0,0,1.20024e-12,1.20024e-12,1.20024e-12,-1.20024e-12,0,0,0,0,0,0,0,0,0,4.10542e-09,0.905991,
-2.1684e-12,0.00383225,-0.0151359,-0.000253926,0.000182229,7.70801e-05,1.47996e-05,0,0,0.473158,-0.0136283,0.118471,0.000994351,-0.00187996,0.00101169,-0.00298273,0,0,-1.38778e-11,0.0765802,-0.00299221,0.0125558,0.00114459,0.00129692,-5.90227e-05,0,0,-0.0135891,0.631296,-0.00135369,-0.0802831,0.00382956,-0.0155491,-0.000736635,0,0,6.93889e-12,-0.00460983,0.0701851,0.00332228,-0.000142048,0.000537429,-3.04903e-05,0,0,0.119242,-0.00123802,0.437762,-0.01102,-0.0189313,0.00211816,-0.0016094,0,0,1.12757e-11,0.0279111,0.00304852,-0.00840759,-0.000857009,0.0027589,-0.000134644,0,0,0.00119809,-0.0817558,-0.01087,0.60685,0.020387,0.0574057,-0.0015389,0,0,0,0.0159445,0.0198502,-0.0254201,0.00375754,-0.0101738,0.000752849,0,0,-0.0177345,0.0376422,-0.188473,0.204157,0.330927,-0.038627,0.0298569,0,0,-2.77556e-11,0.0612054,-0.00209754,-0.0233812,-0.00369741,-0.0502751,0.00229361,0,0,0.0103941,-0.15614,0.0213789,0.574865,-0.0385237,0.402306,-0.00515526,0,0,1.73472e-12,-0.00290878,0.00137781,0.00464389,0.000655899,0.00384265,0.000459813,0,0,-0.0298,-0.00727206,-0.0161841,-0.0155214,0.0299723,-0.00517499,0.0660633,0,0,0,0,0,0,0,0,0,1.12823e-10,0,0,0,0,0,0,0,0,0.905991,4.21435e-09,0,0,0,0,0,0,0,2.40048e-12,0,0,0,0,0,0,0,0,4.21525e-09,0.905991,
1.30104e-12,0.00382749,-0.0151151,-0.00025419,0.000180654,7.76838e-05,1.4737e-05,0,0,0.473344,-0.0136347,0.118215,0.00099101,-0.00184569,0.00102187,-0.00298418,0,0,0,0.0765609,-0.00298687,0.012502,0.00114157,0.00129683,-5.90577e-05,0,0,-0.0135955,0.631299,-0.00135987,-0.0802909,0.0038319,-0.0155375,-0.000737257,0,0,-6.93889e-12,-0.00460761,0.070222,0.00333432,-0.000138097,0.000539953,-3.05558e-05,0,0,0.118987,-0.001244,0.437875,-0.0110352,-0.0189138,0.00212627,-0.00161102,0,0,8.67362e-13,0.0278423,0.00305285,-0.00835315,-0.000848477,0.00275721,-0.000134634,0,0,0.00119512,-0.0817654,-0.0108849,0.606848,0.0203849,0.057404,-0.00153743,0,0,-1.38778e-11,0.0159133,0.0199139,-0.0253849,0.00367756,-0.0102075,0.000753521,0,0,-0.0173915,0.0376649,-0.188297,0.204136,0.331003,-0.0386197,0.0298396,0,0,4.16334e-11,0.0612264,-0.0020799,-0.0234609,-0.00374298,-0.0502201,0.002293,0,0,0.0104963,-0.156026,0.0214605,0.574851,-0.0385162,0.402327,-0.00515556,0,0,3.46945e-12,-0.00290696,0.00137705,0.00464249,0.000660748,0.00384384,0.000461246,0,0,-0.0298145,-0.00727811,-0.0162005,-0.0155069,0.0299553,-0.00517533,0.0660645,0,0,0,0,0,0,0,0,0,0,0,0,0,0,0,0,0,0,0.905991,-4.43219e-09,0,0,-1.20024e-12,0,0,0,-1.20024e-12,0,0,0,0,0,0,0,0,0,-4.43249e-09,0.905991,
0,0.00382273,-0.0150942,-0.000254472,0.000179106,7.82956e-05,1.4674e-05,0,0,0.47353,-0.0136412,0.117959,0.00098768,-0.00181144,0.00103205,-0.00298563,0,0,2.77556e-11,0.0765416,-0.00298152,0.0124482,0.00113855,0.00129674,-5.90929e-05,0,0,-0.0136019,0.631302,-0.00136607,-0.0802987,0.00383424,-0.0155259,-0.00073788,0,0,5.20417e-12,-0.00460538,0.0702589,0.00334637,-0.000134125,0.000542488,-3.0621e-05,0,0,0.118732,-0.00125001,0.437988,-0.0110504,-0.0188963,0.0021344,-0.00161264,0,0,-2.94903e-11,0.0277734,0.00305719,-0.00829867,-0.000839931,0.00275551,-0.000134625,0,0,0.00119216,-0.081775,-0.0108998,0.606847,0.0203829,0.0574024,-0.00153596,0,0,3.46945e-12,0.015882,0.0199777,-0.0253496,0.0035975,-0.0102413,0.000754187,0,0,-0.0170487,0.0376876,-0.188122,0.204116,0.33108,-0.0386123,0.0298224,0,0,2.08167e-11,0.0612473,-0.00206222,-0.0235406,-0.00378863,-0.050165,0.00229239,0,0,0.0105986,-0.155912,0.0215424,0.574837,-0.0385087,0.402347,-0.00515585,0,0,8.67362e-13,-0.00290514,0.00137628,0.00464108,0.000665604,0.00384504,0.000462682,0,0,-0.029829,-0.00728417,-0.0162169,-0.0154924,0.0299382,-0.00517567,0.0660656,0,0,0,-2.40048e-12,0,0,0,0,-2.40048e-12,-1.14023e-10,0,0,0,0,0,0,0,0,0.905991,-4.51261e-09,0,-1.20024e-12,0,0,0,0,-1.20024e-12,1.20024e-12,0,0,0,0,0,0,0,0,-4.51201e-09,0.905991,
-2.1684e-12,0.003818,-0.0150734,-0.000254779,0.000177625,7.8951e-05,1.46088e-05,0,0,0.473716,-0.0136477,0.117703,0.000984361,-0.00177721,0.00104224,-0.00298708,0,0,-1.38778e-11,0.0765221,-0.00297618,0.0123946,0.00113554,0.00129669,-5.91287e-05,0,0,-0.0136083,0.631305,-0.00137228,-0.0803065,0.00383659,-0.0155143,-0.000738504,0,0,6.93889e-12,-0.00460313,0.0702958,0.00335846,-0.000130087,0.000545065,-3.06858e-05,0,0,0.118477,-0.00125603,0.438102,-0.0110657,-0.0188788,0.00214256,-0.00161426,0,0,-5.20417e-12,0.0277045,0.00306154,-0.00824415,-0.000831367,0.00275381,-0.000134613,0,0,0.00118923,-0.0817846,-0.0109147,0.606846,0.0203808,0.0574007,-0.00153448,0,0,2.08167e-11,0.0158507,0.0200416,-0.0253142,0.00351736,-0.0102751,0.000754828,0,0,-0.0167062,0.0377104,-0.187946,0.204095,0.331156,-0.0386049,0.0298051,0,0,2.08167e-11,0.0612681,-0.0020445,-0.0236201,-0.00383441,-0.0501099,0.00229178,0,0,0.0107009,-0.155798,0.0216244,0.574822,-0.0385012,0.402368,-0.00515613,0,0,1.73472e-12,-0.00290331,0.00137551,0.00463966,0.000670479,0.00384621,0.000464123,0,0,-0.0298434,-0.00729023,-0.0162333,-0.0154779,0.0299212,-0.005176,0.0660667,0,0,0,1.20024e-12,-1.20024e-12,1.20024e-12,0,1.20024e-12,-1.20024e-12,-2.40048e-12,0,0,0,0,0,0,0,0,0.905991,-4.45139e-09,0,1.20024e-12,-1.20024e-12,1.20024e-12,0,1.20024e-12,-1.20024e-12,1.20024e-12,0,0,0,0,0,0,0,0,-4.45169e-09,0.905991,
3.46945e-12,0.00381329,-0.0150526,-0.000255096,0.000176103,7.96535e-05,1.45429e-05,0,0,0.473902,-0.0136541,0.117446,0.000981054,-0.001743,0.00105244,-0.00298852,0,0,-1.38778e-11,0.0765025,-0.00297084,0.0123409,0.00113252,0.00129662,-5.91638e-05,0,0,-0.0136147,0.631308,-0.00137853,-0.0803142,0.00383895,-0.0155027,-0.000739129,0,0,-1.9082e-11,-0.00460086,0.0703327,0.00337065,-0.00012606,0.000547688,-3.07518e-05,0,0,0.118222,-0.00126208,0.438215,-0.011081,-0.0188613,0.00215073,-0.00161589,0,0,2.34188e-11,0.0276354,0.0030659,-0.00818958,-0.00082278,0.00275211,-0.000134601,0,0,0.0011863,-0.0817942,-0.0109296,0.606845,0.0203787,0.057399,-0.00153301,0,0,-1.38778e-11,0.0158194,0.0201054,-0.0252787,0.00343707,-0.0103089,0.000755473,0,0,-0.0163639,0.0377332,-0.18777,0.204074,0.331232,-0.0385975,0.0297878,0,0,-4.85723e-11,0.0612889,-0.00202674,-0.0236995,-0.00388039,-0.0500547,0.00229115,0,0,0.0108034,-0.155683,0.0217067,0.574808,-0.0384937,0.402388,-0.00515641,0,0,-4.33681e-12,-0.00290147,0.00137472,0.00463822,0.000675366,0.00384735,0.000465566,0,0,-0.0298578,-0.00729629,-0.0162497,-0.0154633,0.0299041,-0.00517632,0.0660679,0,0,0,0,0,0,0,0,0,0,0,0,0,0,0,0,0,0,0.905991,4.27646e-09,0,0,0,0,0,1.20024e-12,0,0,0,0,0,0,0,0,0,0,4.27646e-09,0.905991,
-1.30104e-12,0.00380858,-0.0150318,-0.000255402,0.000174678,8.03201e-05,1.44765e-05,0,0,0.474088,-0.0136606,0.117189,0.000977759,-0.00170881,0.00106265,-0.00298995,0,0,0,0.0764828,-0.00296549,0.0122873,0.00112951,0.00129659,-5.92005e-05,0,0,-0.0136211,0.631311,-0.00138479,-0.080322,0.00384131,-0.0154911,-0.000739754,0,0,6.93889e-12,-0.00459857,0.0703695,0.00338289,-0.000121975,0.000550289,-3.08162e-05,0,0,0.117966,-0.00126814,0.438328,-0.0110963,-0.0188437,0.00215893,-0.00161752,0,0,2.1684e-11,0.0275662,0.00307027,-0.00813498,-0.000814177,0.00275041,-0.000134588,0,0,0.0011834,-0.0818038,-0.0109445,0.606843,0.0203766,0.0573973,-0.00153153,0,0,1.04083e-11,0.0157879,0.0201694,-0.0252432,0.00335671,-0.0103429,0.0007561,0,0,-0.0160218,0.037756,-0.187593,0.204053,0.331309,-0.0385901,0.0297705,0,0,-5.55112e-11,0.0613097,-0.00200894,-0.0237789,-0.00392648,-0.0499994,0.00229055,0,0,0.0109059,-0.155569,0.0217892,0.574794,-0.0384862,0.402409,-0.00515669,0,0,0,-0.00289963,0.00137393,0.00463678,0.000680271,0.00384853,0.000467021,0,0,-0.0298721,-0.00730237,-0.0162662,-0.0154488,0.029887,-0.00517665,0.066069,0,0,0,0,0,0,0,0,0,0,0,0,0,0,0,0,0,0,0.905991,4.23685e-09,0,0,0,0,0,0,0,0,0,0,0,0,0,0,0,0,4.23625e-09,0.905991,
1.73472e-12,0.00380378,-0.0150106,-0.000255793,0.000173091,8.09443e-05,1.44139e-05,0,0,0.474274,-0.0136671,0.116931,0.000974476,-0.00167464,0.00107286,-0.00299138,0,0,0,0.0764631,-0.00296006,0.0122334,0.00112648,0.00129645,-5.9234e-05,0,0,-0.0136275,0.631313,-0.00139107,-0.0803297,0.00384367,-0.0154795,-0.00074038,0,0,-6.93889e-12,-0.00459632,0.0704063,0.00339481,-0.000118024,0.000552847,-3.08833e-05,0,0,0.11771,-0.00127423,0.438441,-0.0111116,-0.0188261,0.00216715,-0.00161915,0,0,8.67362e-13,0.0274969,0.00307463,-0.00808041,-0.000805594,0.0027487,-0.000134578,0,0,0.00118051,-0.0818134,-0.0109594,0.606842,0.0203745,0.0573956,-0.00153005,0,0,2.08167e-11,0.0157565,0.0202333,-0.0252077,0.00327633,-0.0103768,0.000756782,0,0,-0.0156799,0.0377789,-0.187417,0.204031,0.331386,-0.0385826,0.0297532,0,0,4.85723e-11,0.0613304,-0.00199113,-0.0238582,-0.0039723,-0.049944,0.0022899,0,0,0.0110085,-0.155455,0.021872,0.574779,-0.0384786,0.402429,-0.00515696,0,0,-1.73472e-12,-0.00289779,0.00137315,0.00463532,0.000685116,0.00384969,0.000468456,0,0,-0.0298864,-0.00730844,-0.0162827,-0.0154342,0.02987,-0.00517696,0.0660701,0,0,0,0,0,-2.40048e-12,-2.40048e-12,0,2.40048e-12,1.20024e-12,0,0,0,0,0,0,0,0,0.905991,-4.30947e-09,0,0,0,0,0,0,0,-1.15223e-10,0,0,0,0,0,0,0,0,-4.30887e-09,0.905991,
0,0.00379886,-0.0149937,-0.000256279,0.000175742,8.19218e-05,1.42806e-05,0,0,0.474461,-0.0136735,0.116673,0.000971222,-0.00164043,0.00108311,-0.00299281,0,0,1.38778e-11,0.0764432,-0.00295539,0.0121841,0.00112383,0.00129862,-5.93257e-05,0,0,-0.0136339,0.631316,-0.00139739,-0.0803374,0.00384604,-0.0154678,-0.000741007,0,0,1.73472e-12,-0.00459363,0.0704436,0.00340725,-0.000110897,0.000555755,-3.08891e-05,0,0,0.117453,-0.00128032,0.438553,-0.0111269,-0.0188085,0.0021754,-0.00162079,0,0,8.67362e-12,0.0274274,0.00307914,-0.00802696,-0.000796936,0.00274694,-0.000134514,0,0,0.00117766,-0.081823,-0.0109744,0.606841,0.0203723,0.0573939,-0.00152857,0,0,-1.38778e-11,0.0157248,0.0202978,-0.0251724,0.00319695,-0.0104112,0.000756218,0,0,-0.0153388,0.0378018,-0.187241,0.20401,0.331462,-0.0385751,0.0297359,0,0,-6.93889e-12,0.061351,-0.00197306,-0.0239346,-0.00401941,-0.0498897,0.00229015,0,0,0.0111111,-0.155341,0.0219548,0.574764,-0.0384711,0.40245,-0.00515721,0,0,-1.73472e-12,-0.00289594,0.00137179,0.00463381,0.000690547,0.00385072,0.000470127,0,0,-0.0299006,-0.00731451,-0.0162992,-0.0154197,0.0298529,-0.0051773,0.0660713,0,0,0,0,0,-1.20024e-12,1.20024e-12,0,0,0,0,0,0,0,0,0,0,0,0.905991,4.25936e-09,0,0,0,-1.20024e-12,1.20024e-12,0,0,0,0,0,0,0,0,0,0,0,4.25906e-09,0.905991,
-8.67362e-13,0.00379419,-0.0149776,-0.000256928,0.000176492,8.26695e-05,1.4171e-05,0,0,0.474647,-0.01368,0.116415,0.000968006,-0.00160624,0.00109335,-0.00299423,0,0,-1.38778e-11,0.0764232,-0.00295095,0.012138,0.00112125,0.00130019,-5.94045e-05,0,0,-0.0136403,0.631319,-0.00140373,-0.0803449,0.00384842,-0.0154562,-0.000741634,0,0,0,-0.004591,0.0704808,0.00342001,-0.000105192,0.000558501,-3.09149e-05,0,0,0.117197,-0.00128643,0.438666,-0.0111422,-0.0187908,0.00218367,-0.00162243,0,0,-2.60209e-12,0.0273578,0.00308367,-0.00797407,-0.00078833,0.00274543,-0.000134477,0,0,0.00117486,-0.0818327,-0.0109893,0.60684,0.0203702,0.0573922,-0.00152709,0,0,-1.73472e-11,0.0156931,0.0203627,-0.0251372,0.00311645,-0.010447,0.000756093,0,0,-0.0149985,0.0378247,-0.187064,0.203989,0.331539,-0.0385676,0.0297186,0,0,-6.93889e-12,0.0613715,-0.00195497,-0.0240088,-0.00406675,-0.0498388,0.00229029,0,0,0.0112137,-0.155227,0.0220378,0.574749,-0.0384635,0.402471,-0.00515744,0,0,0,-0.00289407,0.00137018,0.00463226,0.000696208,0.00385213,0.000471775,0,0,-0.0299148,-0.00732058,-0.0163158,-0.0154052,0.0298359,-0.00517764,0.0660724,0,0,0,0,-1.20024e-12,0,0,0,0,0,0,0,0,0,0,0,0,0,0.905991,-4.32507e-09,0,0,0,0,0,0,0,0,0,0,0,0,0,0,0,0,-4.32537e-09,0.905991,
-1.73472e-12,0.0037897,-0.0149612,-0.000257737,0.000175584,8.34324e-05,1.40812e-05,0,0,0.474833,-0.0136865,0.116157,0.000964828,-0.00157211,0.00110359,-0.00299564,0,0,-1.38778e-11,0.0764031,-0.00294654,0.0120927,0.00111863,0.00130108,-5.94653e-05,0,0,-0.0136467,0.631322,-0.00141011,-0.0803524,0.0038508,-0.0154446,-0.000742262,0,0,6.93889e-12,-0.00458844,0.0705179,0.00343284,-0.000100667,0.000561264,-3.09622e-05,0,0,0.11694,-0.00129254,0.438779,-0.0111575,-0.0187731,0.00219196,-0.00162407,0,0,-5.20417e-12,0.0272882,0.0030882,-0.00792133,-0.000779758,0.00274404,-0.000134457,0,0,0.00117211,-0.0818423,-0.0110042,0.606838,0.020368,0.0573904,-0.00152561,0,0,-2.77556e-11,0.0156613,0.0204276,-0.0251021,0.00303527,-0.0104828,0.000756363,0,0,-0.0146588,0.0378476,-0.186889,0.203967,0.331615,-0.0385601,0.0297014,0,0,-2.08167e-11,0.0613918,-0.0019369,-0.0240823,-0.00411405,-0.0497896,0.00229018,0,0,0.0113161,-0.155114,0.0221209,0.574735,-0.038456,0.402491,-0.00515767,0,0,2.60209e-12,-0.00289219,0.00136851,0.00463068,0.000701888,0.00385359,0.000473357,0,0,-0.0299288,-0.00732663,-0.0163324,-0.0153907,0.0298189,-0.00517798,0.0660735,0,0,0,0,0,0,0,0,0,-1.20024e-12,0,0,0,0,0,0,0,0,0.905991,4.26776e-09,0,0,0,0,0,0,0,0,0,0,0,0,0,0,0,0,4.26746e-09,0.905991,
1.30104e-12,0.00378533,-0.0149441,-0.000258618,0.000173815,8.43175e-05,1.40006e-05,0,0,0.475019,-0.0136929,0.115898,0.000961687,-0.00153806,0.00111383,-0.00299704,0,0,1.38778e-11,0.076383,-0.00294205,0.012047,0.00111597,0.00130152,-5.95134e-05,0,0,-0.013653,0.631324,-0.00141651,-0.0803598,0.00385319,-0.015433,-0.000742889,0,0,-5.20417e-12,-0.00458592,0.0705548,0.00344571,-9.67246e-05,0.000564126,-3.10229e-05,0,0,0.116682,-0.00129867,0.438891,-0.0111728,-0.0187555,0.00220026,-0.00162571,0,0,-6.07153e-12,0.0272183,0.00309273,-0.00786846,-0.000771182,0.00274267,-0.000134444,0,0,0.00116941,-0.081852,-0.0110191,0.606837,0.0203659,0.0573887,-0.00152413,0,0,-3.46945e-12,0.0156296,0.0204925,-0.025067,0.00295385,-0.0105182,0.000756842,0,0,-0.0143199,0.0378704,-0.186713,0.203945,0.331692,-0.0385525,0.0296842,0,0,8.32667e-11,0.0614121,-0.00191884,-0.0241558,-0.00416134,-0.0497403,0.00228984,0,0,0.0114185,-0.155001,0.022204,0.57472,-0.0384484,0.402512,-0.00515788,0,0,8.67362e-13,-0.0028903,0.00136691,0.00462909,0.000707492,0.00385495,0.000474889,0,0,-0.0299427,-0.00733268,-0.016349,-0.0153762,0.029802,-0.00517831,0.0660747,0,0,0,0,0,0,0,0,0,1.72835e-10,0,0,0,0,0,0,0,0,0.905991,-4.32717e-09,0,0,0,0,0,0,0,-1.20024e-12,0,0,0,0,0,0,0,0,-4.32807e-09,0.905991,
0,0.003781,-0.0149262,-0.000259476,0.000171727,8.52802e-05,1.39244e-05,0,0,0.475206,-0.0136994,0.115639,0.000958584,-0.00150409,0.00112406,-0.00299843,0,0,-1.38778e-11,0.0763627,-0.00293744,0.0120003,0.00111324,0.00130172,-5.95544e-05,0,0,-0.0136594,0.631327,-0.00142295,-0.080367,0.00385558,-0.0154214,-0.000743516,0,0,-1.73472e-12,-0.00458342,0.0705916,0.00345863,-9.29956e-05,0.000567049,-3.109e-05,0,0,0.116425,-0.0013048,0.439003,-0.0111881,-0.0187379,0.00220856,-0.00162736,0,0,-2.51535e-11,0.0271484,0.00309725,-0.00781527,-0.000762583,0.00274126,-0.000134432,0,0,0.00116676,-0.0818617,-0.0110339,0.606836,0.0203637,0.0573869,-0.00152265,0,0,6.93889e-12,0.0155977,0.0205572,-0.0250315,0.00287245,-0.0105533,0.000757418,0,0,-0.0139815,0.0378932,-0.186537,0.203924,0.331768,-0.0385449,0.029667,0,0,5.55112e-11,0.0614322,-0.0019008,-0.0242298,-0.00420866,-0.0496902,0.00228935,0,0,0.0115207,-0.154888,0.0222872,0.574705,-0.0384408,0.402533,-0.00515809,0,0,-8.67362e-13,-0.00288842,0.00136542,0.00462749,0.000712992,0.0038562,0.000476394,0,0,-0.0299566,-0.00733872,-0.0163657,-0.0153617,0.0297851,-0.00517863,0.0660758,0,0,0,0,0,0,0,0,0,0,0,0,0,0,0,0,0,0,0.905991,4.26476e-09,0,0,0,0,0,0,0,0,0,0,0,0,0,0,0,0,4.26476e-09,0.905991,
0,0.00377667,-0.0149076,-0.000260263,0.000169598,8.62564e-05,1.38505e-05,0,0,0.475393,-0.0137059,0.115379,0.000955521,-0.00147019,0.00113429,-0.00299982,0,0,0,0.0763423,-0.00293268,0.0119524,0.00111045,0.00130179,-5.95918e-05,0,0,-0.0136658,0.631329,-0.00142942,-0.0803742,0.00385797,-0.0154098,-0.000744142,0,0,0,-0.00458091,0.0706284,0.0034716,-8.93035e-05,0.000569979,-3.11596e-05,0,0,0.116167,-0.00131096,0.439116,-0.0112034,-0.0187203,0.00221688,-0.001629,0,0,-1.04083e-11,0.0270783,0.00310178,-0.00776171,-0.000753957,0.0027398,-0.00013442,0,0,0.00116416,-0.0818715,-0.0110488,0.606835,0.0203615,0.0573851,-0.00152118,0,0,1.73472e-11,0.0155659,0.0206217,-0.0249958,0.00279118,-0.0105883,0.000758038,0,0,-0.0136437,0.0379161,-0.186362,0.203902,0.331844,-0.0385373,0.0296498,0,0,-3.46945e-11,0.0614522,-0.00188276,-0.0243043,-0.004256,-0.049639,0.00228879,0,0,0.0116229,-0.154775,0.0223705,0.57469,-0.0384333,0.402553,-0.00515829,0,0,-4.33681e-12,-0.00288652,0.00136406,0.0046259,0.000718384,0.0038574,0.00047789,0,0,-0.0299703,-0.00734476,-0.0163824,-0.0153473,0.0297683,-0.00517895,0.0660769,0,0,0,1.20024e-12,1.20024e-12,0,0,1.20024e-12,0,0,0,0,0,0,0,0,0,0,0.905991,-4.31907e-09,0,-1.20024e-12,-1.20024e-12,0,0,-1.20024e-12,0,0,0,0,0,0,0,0,0,0,-4.31937e-09,0.905991,
-2.60209e-12,0.0037723,-0.0148883,-0.000260972,0.000167536,8.72124e-05,1.37784e-05,0,0,0.475579,-0.0137123,0.115119,0.0009525,-0.00143636,0.0011445,-0.0030012,0,0,0,0.0763217,-0.00292779,0.0119032,0.0011076,0.00130178,-5.96274e-05,0,0,-0.0136721,0.631332,-0.00143592,-0.0803813,0.00386037,-0.0153983,-0.000744769,0,0,1.21431e-11,-0.00457839,0.0706651,0.00348458,-8.55832e-05,0.000572888,-3.12298e-05,0,0,0.115908,-0.00131713,0.439228,-0.0112187,-0.0187027,0.00222521,-0.00163066,0,0,-4.33681e-12,0.0270081,0.00310631,-0.00770774,-0.000745304,0.00273827,-0.000134407,0,0,0.00116162,-0.0818813,-0.0110637,0.606834,0.0203593,0.0573833,-0.0015197,0,0,-3.46945e-12,0.015534,0.0206861,-0.0249599,0.00271008,-0.0106231,0.000758679,0,0,-0.0133064,0.0379389,-0.186187,0.20388,0.33192,-0.0385297,0.0296326,0,0,-2.08167e-11,0.0614722,-0.00186474,-0.0243795,-0.00430335,-0.0495865,0.00228819,0,0,0.0117248,-0.154662,0.0224539,0.574675,-0.0384257,0.402574,-0.00515848,0,0,0,-0.00288463,0.00136282,0.00462432,0.000723678,0.00385857,0.000479382,0,0,-0.029984,-0.0073508,-0.0163991,-0.0153328,0.0297515,-0.00517925,0.066078,0,0,0,0,0,0,0,0,0,0,0,0,0,0,0,0,0,0,0.905991,4.25185e-09,0,0,-1.20024e-12,1.20024e-12,1.20024e-12,1.20024e-12,0,0,0,0,0,0,0,0,0,0,4.25245e-09,0.905991,
-1.73472e-12,0.00376789,-0.0148685,-0.000261608,0.000165573,8.81296e-05,1.37078e-05,0,0,0.475766,-0.0137188,0.114858,0.000949522,-0.0014026,0.0011547,-0.00300257,0,0,-1.38778e-11,0.0763011,-0.00292276,0.0118529,0.00110471,0.00130171,-5.9662e-05,0,0,-0.0136785,0.631334,-0.00144245,-0.0803883,0.00386276,-0.0153868,-0.000745394,0,0,6.93889e-12,-0.00457586,0.0707018,0.00349755,-8.18166e-05,0.00057576,-3.12999e-05,0,0,0.11565,-0.00132332,0.43934,-0.011234,-0.0186852,0.00223354,-0.00163231,0,0,6.07153e-12,0.0269377,0.00311084,-0.00765338,-0.000736628,0.00273668,-0.000134395,0,0,0.00115912,-0.081891,-0.0110786,0.606833,0.0203571,0.0573815,-0.00151822,0,0,1.73472e-11,0.0155021,0.0207502,-0.0249237,0.00262914,-0.0106579,0.000759333,0,0,-0.0129695,0.0379617,-0.186011,0.203858,0.331996,-0.038522,0.0296155,0,0,-4.16334e-11,0.061492,-0.00184672,-0.0244553,-0.00435068,-0.0495327,0.00228756,0,0,0.0118267,-0.15455,0.0225373,0.574661,-0.0384181,0.402594,-0.00515866,0,0,8.67362e-13,-0.00288274,0.0013617,0.00462274,0.000728882,0.00385972,0.000480876,0,0,-0.0299976,-0.00735683,-0.0164159,-0.0153184,0.0297347,-0.00517955,0.0660791,0,0,0,0,0,0,0,1.20024e-12,0,1.15223e-10,0,0,0,0,0,0,0,0,0.905991,-4.30226e-09,0,0,0,0,0,0,0,0,0,0,0,0,0,0,0,0,-4.30226e-09,0.905991,
2.1684e-12,0.00376343,-0.0148481,-0.000262185,0.000163721,8.90054e-05,1.36384e-05,0,0,0.475954,-0.0137252,0.114597,0.000946589,-0.00136889,0.00116489,-0.00300393,0,0,1.38778e-11,0.0762803,-0.0029176,0.0118015,0.00110177,0.00130159,-5.96959e-05,0,0,-0.0136849,0.631336,-0.00144901,-0.0803953,0.00386517,-0.0153752,-0.00074602,0,0,-6.93889e-12,-0.00457332,0.0707385,0.00351049,-7.7996e-05,0.000578593,-3.13697e-05,0,0,0.11539,-0.00132953,0.439451,-0.0112492,-0.0186677,0.00224188,-0.00163397,0,0,-7.80626e-12,0.0268671,0.00311538,-0.00759865,-0.000727932,0.00273503,-0.000134382,0,0,0.00115668,-0.0819008,-0.0110934,0.606832,0.0203549,0.0573797,-0.00151675,0,0,-3.46945e-12,0.0154701,0.0208143,-0.0248873,0.00254837,-0.0106926,0.000759994,0,0,-0.0126331,0.0379845,-0.185836,0.203836,0.332072,-0.0385144,0.0295984,0,0,6.93889e-12,0.0615118,-0.00182871,-0.0245316,-0.00439797,-0.0494779,0.00228691,0,0,0.0119283,-0.154438,0.0226207,0.574646,-0.0384105,0.402615,-0.00515884,0,0,-5.20417e-12,-0.00288085,0.00136069,0.00462116,0.000734008,0.00386087,0.000482371,0,0,-0.0300112,-0.00736286,-0.0164327,-0.015304,0.0297179,-0.00517984,0.0660802,0,0,0,0,0,0,0,0,0,0,0,0,0,0,0,0,0,0,0.905991,4.23145e-09,0,-1.20024e-12,1.20024e-12,-1.20024e-12,1.20024e-12,0,0,0,0,0,0,0,0,0,0,0,4.23235e-09,0.905991,
-2.1684e-12,0.00375893,-0.0148273,-0.000262715,0.000161969,8.98427e-05,1.35702e-05,0,0,0.476141,-0.0137317,0.114335,0.000943703,-0.00133523,0.00117506,-0.00300528,0,0,-1.38778e-11,0.0762595,-0.00291232,0.0117491,0.00109879,0.00130144,-5.97294e-05,0,0,-0.0136912,0.631338,-0.0014556,-0.0804021,0.00386757,-0.0153638,-0.000746645,0,0,8.67362e-12,-0.00457077,0.0707752,0.0035234,-7.41259e-05,0.000581389,-3.14389e-05,0,0,0.115131,-0.00133576,0.439563,-0.0112645,-0.0186501,0.00225023,-0.00163564,0,0,1.99493e-11,0.0267964,0.00311992,-0.00754358,-0.000719219,0.00273333,-0.000134369,0,0,0.00115428,-0.0819106,-0.0111082,0.606831,0.0203527,0.0573779,-0.00151527,0,0,-1.73472e-11,0.015438,0.0208782,-0.0248507,0.00246774,-0.0107273,0.000760662,0,0,-0.0122971,0.0380073,-0.185661,0.203814,0.332148,-0.0385067,0.0295813,0,0,-6.245e-11,0.0615314,-0.00181071,-0.0246083,-0.00444523,-0.049422,0.00228624,0,0,0.0120298,-0.154326,0.0227042,0.57463,-0.038403,0.402636,-0.005159,0,0,0,-0.00287896,0.00135977,0.00461959,0.000739064,0.00386202,0.000483868,0,0,-0.0300246,-0.00736889,-0.0164496,-0.0152895,0.0297012,-0.00518012,0.0660813,0,0,0,0,-2.40048e-12,-1.20024e-12,-1.20024e-12,-1.20024e-12,0,0,0,0,0,0,0,0,0,0,0.905991,4.27826e-09,0,0,2.40048e-12,0,2.40048e-12,2.40048e-12,0,0,0,0,0,0,0,0,0,0,4.27706e-09,0.905991,
2.1684e-12,0.00375439,-0.0148061,-0.000263206,0.000160304,9.0646e-05,1.3503e-05,0,0,0.476328,-0.0137381,0.114073,0.000940864,-0.00130162,0.00118522,-0.00300663,0,0,-2.77556e-11,0.0762385,-0.00290694,0.011696,0.00109577,0.00130126,-5.97624e-05,0,0,-0.0136976,0.631341,-0.00146222,-0.080409,0.00386998,-0.0153523,-0.00074727,0,0,-1.21431e-11,-0.00456821,0.0708119,0.00353628,-7.02139e-05,0.000584152,-3.15079e-05,0,0,0.11487,-0.00134202,0.439675,-0.0112798,-0.0186326,0.00225858,-0.0016373,0,0,3.81639e-11,0.0267255,0.00312446,-0.00748819,-0.000710489,0.00273158,-0.000134356,0,0,0.00115194,-0.0819204,-0.0111231,0.606831,0.0203505,0.057376,-0.0015138,0,0,-6.93889e-12,0.0154059,0.0209419,-0.0248139,0.00238724,-0.010762,0.000761336,0,0,-0.0119615,0.0380301,-0.185486,0.203791,0.332224,-0.038499,0.0295643,0,0,-9.71445e-11,0.061551,-0.00179273,-0.0246855,-0.00449245,-0.0493651,0.00228557,0,0,0.0121312,-0.154214,0.0227877,0.574615,-0.0383954,0.402656,-0.00515917,0,0,0,-0.00287707,0.00135893,0.00461802,0.000744059,0.00386316,0.000485367,0,0,-0.030038,-0.00737492,-0.0164665,-0.0152751,0.0296844,-0.0051804,0.0660824,0,0,0,0,0,0,0,0,0,5.76116e-11,0,0,0,0,0,0,0,0,0.905991,-4.43699e-09,0,0,0,1.20024e-12,0,0,0,0,0,0,0,0,0,0,0,0,-4.43669e-09,0.905991,
4.33681e-13,0.00374982,-0.0147845,-0.000263666,0.000158713,9.1419e-05,1.34368e-05,0,0,0.476516,-0.0137446,0.113811,0.000938073,-0.00126805,0.00119536,-0.00300797,0,0,0,0.0762173,-0.00290146,0.0116421,0.00109273,0.00130104,-5.97949e-05,0,0,-0.013704,0.631343,-0.00146888,-0.0804158,0.00387239,-0.0153408,-0.000747895,0,0,-3.46945e-12,-0.00456563,0.0708486,0.00354913,-6.62674e-05,0.000586887,-3.15765e-05,0,0,0.11461,-0.00134831,0.439786,-0.011295,-0.0186151,0.00226694,-0.00163897,0,0,-8.67362e-13,0.0266545,0.00312901,-0.00743251,-0.000701745,0.00272979,-0.000134343,0,0,0.00114966,-0.0819302,-0.0111379,0.60683,0.0203482,0.0573742,-0.00151232,0,0,3.1225e-11,0.0153738,0.0210056,-0.024777,0.00230685,-0.0107966,0.000762016,0,0,-0.0116263,0.0380529,-0.185311,0.203769,0.3323,-0.0384913,0.0295472,0,0,4.16334e-11,0.0615705,-0.00177475,-0.024763,-0.00453965,-0.0493074,0.00228488,0,0,0.0122323,-0.154102,0.0228713,0.5746,-0.0383878,0.402677,-0.00515932,0,0,8.67362e-13,-0.00287518,0.00135817,0.00461645,0.000749002,0.00386429,0.000486868,0,0,-0.0300514,-0.00738093,-0.0164834,-0.0152607,0.0296677,-0.00518067,0.0660835,0,0,0,0,-1.20024e-12,-1.20024e-12,0,0,1.20024e-12,0,0,0,0,0,0,0,0,0,0.905991,-4.4571e-09,0,0,0,0,0,0,0,0,0,0,0,0,0,0,0,0,-4.4565e-09,0.905991,
4.77049e-12,0.00374521,-0.0147626,-0.000264101,0.000157184,9.21685e-05,1.33714e-05,0,0,0.476704,-0.013751,0.113547,0.00093533,-0.00123453,0.00120549,-0.00300931,0,0,0,0.0761961,-0.00289589,0.0115875,0.00108966,0.00130079,-5.9827e-05,0,0,-0.0137103,0.631345,-0.00147556,-0.0804226,0.00387481,-0.0153294,-0.000748519,0,0,-2.25514e-11,-0.00456304,0.0708853,0.00356197,-6.2292e-05,0.000589599,-3.16449e-05,0,0,0.114348,-0.00135462,0.439898,-0.0113102,-0.0185976,0.0022753,-0.00164065,0,0,-5.20417e-12,0.0265833,0.00313357,-0.00737657,-0.000692986,0.00272795,-0.000134329,0,0,0.00114742,-0.08194,-0.0111527,0.606829,0.0203459,0.0573723,-0.00151085,0,0,6.93889e-12,0.0153416,0.0210692,-0.0247399,0.00222654,-0.0108312,0.000762702,0,0,-0.0112914,0.0380758,-0.185136,0.203746,0.332375,-0.0384836,0.0295302,0,0,-1.38778e-11,0.0615899,-0.00175679,-0.0248408,-0.00458683,-0.0492489,0.00228418,0,0,0.0123333,-0.153991,0.0229549,0.574585,-0.0383802,0.402697,-0.00515947,0,0,-1.73472e-12,-0.00287329,0.00135747,0.00461487,0.000753897,0.00386542,0.00048837,0,0,-0.0300646,-0.00738695,-0.0165004,-0.0152463,0.029651,-0.00518093,0.0660846,0,0,0,0,0,-1.20024e-12,0,0,0,0,0,0,0,0,0,0,0,0,0.905991,-4.34817e-09,0,0,0,1.20024e-12,0,0,0,0,0,0,0,0,0,0,0,0,-4.34817e-09,0.905991,
-1.73472e-12,0.00374059,-0.0147404,-0.000264516,0.000155707,9.29008e-05,1.33067e-05,0,0,0.476892,-0.0137575,0.113284,0.000932636,-0.00120104,0.00121559,-0.00301064,0,0,0,0.0761747,-0.00289025,0.0115324,0.00108656,0.00130051,-5.98586e-05,0,0,-0.0137167,0.631347,-0.00148227,-0.0804293,0.00387723,-0.0153179,-0.000749143,0,0,8.67362e-12,-0.00456044,0.070922,0.00357479,-5.82914e-05,0.000592294,-3.17133e-05,0,0,0.114087,-0.00136095,0.440009,-0.0113255,-0.0185802,0.00228367,-0.00164232,0,0,-3.46945e-12,0.0265119,0.00313814,-0.00732039,-0.000684213,0.00272609,-0.000134316,0,0,0.00114523,-0.0819498,-0.0111675,0.606828,0.0203437,0.0573705,-0.00150938,0,0,-1.04083e-11,0.0153093,0.0211327,-0.0247026,0.0021463,-0.0108658,0.000763393,0,0,-0.0109569,0.0380986,-0.184962,0.203724,0.332451,-0.0384759,0.0295131,0,0,1.38778e-11,0.0616092,-0.00173883,-0.0249188,-0.00463399,-0.0491898,0.00228346,0,0,0.0124341,-0.153879,0.0230386,0.574569,-0.0383725,0.402718,-0.00515961,0,0,1.73472e-12,-0.0028714,0.00135683,0.0046133,0.000758751,0.00386655,0.000489874,0,0,-0.0300778,-0.00739296,-0.0165174,-0.0152319,0.0296344,-0.00518118,0.0660857,0,0,0,0,-1.20024e-12,1.20024e-12,0,0,0,0,0,0,0,0,0,0,0,0,0.905991,4.14203e-09,0,0,-1.20024e-12,-1.20024e-12,-2.40048e-12,0,-2.40048e-12,0,0,0,0,0,0,0,0,0,4.14263e-09,0.905991,
-1.30104e-12,0.00373594,-0.0147178,-0.000264914,0.000154276,9.3619e-05,1.32426e-05,0,0,0.47708,-0.0137639,0.113019,0.00092999,-0.0011676,0.00122568,-0.00301196,0,0,0,0.0761532,-0.00288454,0.0114767,0.00108344,0.00130021,-5.98898e-05,0,0,-0.0137231,0.631349,-0.00148902,-0.080436,0.00387965,-0.0153065,-0.000749767,0,0,6.93889e-12,-0.00455782,0.0709587,0.00358761,-5.42688e-05,0.000594975,-3.17816e-05,0,0,0.113824,-0.00136732,0.440121,-0.0113407,-0.0185627,0.00229203,-0.001644,0,0,-8.67362e-12,0.0264404,0.00314273,-0.00726398,-0.000675426,0.00272418,-0.000134302,0,0,0.0011431,-0.0819595,-0.0111823,0.606828,0.0203414,0.0573686,-0.0015079,0,0,0,0.015277,0.0211961,-0.0246652,0.00206612,-0.0109003,0.000764089,0,0,-0.0106228,0.0381215,-0.184787,0.203701,0.332527,-0.0384682,0.0294961,0,0,3.46945e-11,0.0616285,-0.00172088,-0.024997,-0.00468117,-0.0491299,0.00228274,0,0,0.0125347,-0.153768,0.0231222,0.574554,-0.0383649,0.402739,-0.00515974,0,0,4.33681e-12,-0.0028695,0.00135624,0.00461171,0.000763568,0.00386766,0.000491379,0,0,-0.0300909,-0.00739897,-0.0165345,-0.0152174,0.0296177,-0.00518143,0.0660868,0,0,0,0,0,0,0,0,0,0,0,0,0,0,0,0,0,0,0.905991,4.06822e-09,0,0,0,-1.20024e-12,0,0,1.20024e-12,0,0,0,0,0,0,0,0,0,4.06852e-09,0.905991,
-4.33681e-13,0.00373128,-0.014695,-0.000265298,0.000152885,9.43261e-05,1.3179e-05,0,0,0.477269,-0.0137704,0.112755,0.000927393,-0.00113419,0.00123575,-0.00301327,0,0,0,0.0761316,-0.00287875,0.0114206,0.0010803,0.00129987,-5.99204e-05,0,0,-0.0137294,0.631351,-0.00149579,-0.0804426,0.00388207,-0.0152951,-0.000750391,0,0,3.46945e-12,-0.00455518,0.0709954,0.00360044,-5.02269e-05,0.000597646,-3.18499e-05,0,0,0.113562,-0.00137371,0.440232,-0.0113559,-0.0185452,0.00230041,-0.00164569,0,0,-4.68375e-11,0.0263687,0.00314732,-0.00720736,-0.000666625,0.00272225,-0.000134288,0,0,0.00114102,-0.0819693,-0.0111971,0.606827,0.0203391,0.0573667,-0.00150643,0,0,5.55112e-11,0.0152446,0.0212595,-0.0246276,0.001986,-0.0109348,0.00076479,0,0,-0.010289,0.0381444,-0.184612,0.203678,0.332603,-0.0384604,0.0294791,0,0,1.249e-10,0.0616476,-0.00170293,-0.0250755,-0.00472835,-0.0490695,0.002282,0,0,0.0126352,-0.153657,0.023206,0.574538,-0.0383573,0.402759,-0.00515987,0,0,-3.46945e-12,-0.0028676,0.0013557,0.00461013,0.000768352,0.00386877,0.000492885,0,0,-0.030104,-0.00740497,-0.0165516,-0.015203,0.0296011,-0.00518168,0.0660879,0,0,0,-1.20024e-12,-1.20024e-12,0,0,-1.20024e-12,0,1.15223e-10,0,0,0,0,0,0,0,0,0.905991,4.09792e-09,0,2.40048e-12,2.40048e-12,0,0,2.40048e-12,0,0,0,0,0,0,0,0,0,0,4.09762e-09,0.905991,
-3.90313e-12,0.00372661,-0.014672,-0.00026567,0.00015153,9.50251e-05,1.31159e-05,0,0,0.477458,-0.0137768,0.112489,0.000924844,-0.00110081,0.0012458,-0.00301458,0,0,0,0.0761099,-0.00287291,0.011364,0.00107715,0.00129951,-5.99507e-05,0,0,-0.0137358,0.631353,-0.0015026,-0.0804492,0.00388449,-0.0152837,-0.000751014,0,0,1.9082e-11,-0.00455252,0.0710322,0.00361327,-4.61676e-05,0.000600308,-3.19183e-05,0,0,0.113298,-0.00138013,0.440343,-0.0113711,-0.0185277,0.00230879,-0.00164738,0,0,-8.67362e-13,0.0262968,0.00315193,-0.00715055,-0.000657809,0.00272029,-0.000134274,0,0,0.00113898,-0.081979,-0.0112119,0.606826,0.0203368,0.0573648,-0.00150495,0,0,-3.46945e-12,0.0152121,0.0213229,-0.0245899,0.00190591,-0.0109693,0.000765495,0,0,-0.00995554,0.0381673,-0.184437,0.203655,0.332678,-0.0384527,0.0294621,0,0,-4.85723e-11,0.0616667,-0.00168498,-0.025154,-0.00477555,-0.0490085,0.00228125,0,0,0.0127355,-0.153546,0.0232898,0.574522,-0.0383496,0.40278,-0.00515999,0,0,-8.67362e-13,-0.00286571,0.0013552,0.00460854,0.000773108,0.00386987,0.000494393,0,0,-0.030117,-0.00741097,-0.0165687,-0.0151886,0.0295844,-0.00518191,0.0660889,0,0,0,0,0,0,0,0,0,1.14023e-10,0,0,0,0,0,0,0,0,0.905991,4.22665e-09,0,0,0,0,0,0,0,1.15223e-10,0,0,0,0,0,0,0,0,4.22605e-09,0.905991,
8.67362e-13,0.00372192,-0.0146487,-0.000266033,0.000150206,9.57186e-05,1.30531e-05,0,0,0.477646,-0.0137833,0.112224,0.000922344,-0.00106748,0.00125584,-0.00301588,0,0,0,0.076088,-0.00286702,0.011307,0.00107397,0.00129913,-5.99805e-05,0,0,-0.0137422,0.631355,-0.00150943,-0.0804558,0.00388692,-0.0152723,-0.000751637,0,0,-3.46945e-12,-0.00454984,0.0710689,0.00362612,-4.20926e-05,0.000602965,-3.19867e-05,0,0,0.113034,-0.00138657,0.440454,-0.0113863,-0.0185103,0.00231717,-0.00164907,0,0,-6.93889e-12,0.0262248,0.00315655,-0.00709355,-0.00064898,0.00271831,-0.000134259,0,0,0.001137,-0.0819887,-0.0112267,0.606826,0.0203345,0.0573629,-0.00150348,0,0,6.93889e-12,0.0151796,0.0213862,-0.0245521,0.00182586,-0.0110038,0.000766205,0,0,-0.00962244,0.0381903,-0.184262,0.203632,0.332754,-0.038445,0.0294451,0,0,1.38778e-11,0.0616857,-0.00166704,-0.0252327,-0.00482278,-0.0489469,0.00228049,0,0,0.0128356,-0.153435,0.0233736,0.574507,-0.038342,0.402801,-0.00516011,0,0,8.67362e-13,-0.0028638,0.00135474,0.00460694,0.000777839,0.00387096,0.000495903,0,0,-0.0301299,-0.00741697,-0.0165859,-0.0151742,0.0295678,-0.00518214,0.06609,0,0,0,0,0,0,0,0,0,0,0,0,0,0,0,0,0,0,0.905991,-4.4649e-09,0,0,-1.20024e-12,0,-1.20024e-12,1.20024e-12,0,0,0,0,0,0,0,0,0,0,-4.4652e-09,0.905991,
2.1684e-12,0.00371722,-0.0146253,-0.000266389,0.000148911,9.6409e-05,1.29906e-05,0,0,0.477836,-0.0137897,0.111957,0.000919893,-0.00103417,0.00126586,-0.00301717,0,0,0,0.076066,-0.00286107,0.0112497,0.00107078,0.00129872,-6.00099e-05,0,0,-0.0137486,0.631356,-0.00151629,-0.0804624,0.00388935,-0.0152609,-0.00075226,0,0,-8.67362e-12,-0.00454714,0.0711056,0.00363899,-3.80028e-05,0.000605619,-3.20551e-05,0,0,0.11277,-0.00139305,0.440565,-0.0114015,-0.0184928,0.00232555,-0.00165076,0,0,9.54098e-12,0.0261525,0.00316118,-0.00703638,-0.000640136,0.0027163,-0.000134245,0,0,0.00113506,-0.0819984,-0.0112415,0.606825,0.0203321,0.057361,-0.001502,0,0,1.04083e-11,0.015147,0.0214494,-0.0245141,0.00174583,-0.0110382,0.000766917,0,0,-0.0092897,0.0382132,-0.184087,0.203609,0.332829,-0.0384372,0.0294281,0,0,3.46945e-11,0.0617047,-0.0016491,-0.0253116,-0.00487005,-0.0488849,0.00227971,0,0,0.0129355,-0.153324,0.0234575,0.574491,-0.0383343,0.402821,-0.00516022,0,0,-3.46945e-12,-0.0028619,0.00135432,0.00460533,0.000782547,0.00387204,0.000497415,0,0,-0.0301427,-0.00742296,-0.0166031,-0.0151598,0.0295512,-0.00518237,0.0660911,0,0,0,1.20024e-12,-1.20024e-12,-1.20024e-12,2.40048e-12,0,0,0,0,0,0,0,0,0,0,0,0.905991,-4.56422e-09,0,0,0,0,0,0,0,0,0,0,0,0,0,0,0,0,-4.56362e-09,0.905991,
2.60209e-12,0.00371037,-0.0145975,-0.000260255,0.000131609,0.000109663,9.93829e-06,0,0,0.478155,-0.0138067,0.111787,0.000861101,-0.00089084,0.00127192,-0.00307422,0,0,0,0.0760437,-0.00284402,0.0111913,0.00106282,0.00129966,-5.77743e-05,0,0,-0.0137527,0.631358,-0.00152156,-0.0804699,0.00389364,-0.0152496,-0.00075382,0,0,-1.73472e-11,-0.00455215,0.0711446,0.0036655,-4.12295e-05,0.000617706,-3.36494e-05,0,0,0.112572,-0.00140501,0.440725,-0.0114459,-0.0184183,0.00233191,-0.00168133,0,0,4.33681e-12,0.026081,0.00316516,-0.00698049,-0.000611945,0.00271443,-0.000130535,0,0,0.00110977,-0.0820062,-0.0112736,0.606834,0.0203099,0.0573597,-0.00149047,0,0,-1.38778e-11,0.0151005,0.0215309,-0.0244514,0.00158488,-0.0111401,0.00075393,0,0,-0.00839094,0.0381902,-0.183493,0.203339,0.333386,-0.0384466,0.0291677,0,0,-1.38778e-11,0.0617275,-0.00163566,-0.0253976,-0.00490991,-0.0488297,0.00237145,0,0,0.012891,-0.153202,0.0234344,0.574537,-0.0384491,0.402846,-0.00509826,0,0,-8.67362e-13,-0.0028596,0.00135344,0.00460386,0.00078957,0.00387456,0.000499909,0,0,-0.0301711,-0.00742768,-0.0166318,-0.0151386,0.0295214,-0.00518211,0.0660989,0,0,0,0,0,0,0,-1.20024e-12,-1.20024e-12,1.16423e-10,0,0,0,0,0,0,0,0,0.905991,-4.51621e-09,0,0,0,0,0,0,0,0,0,0,0,0,0,0,0,0,-4.51591e-09,0.905991,
4.33681e-13,0.00370376,-0.0145739,-0.000257612,0.000130126,0.000106088,9.09507e-06,0,0,0.478344,-0.0138131,0.111519,0.000858714,-0.000857623,0.00128193,-0.00307545,0,0,0,0.0760215,-0.00284226,0.0111333,0.00106058,0.00129903,-5.85411e-05,0,0,-0.0137591,0.63136,-0.00152843,-0.0804764,0.00389607,-0.0152383,-0.000754436,0,0,0,-0.00454486,0.0711815,0.00368279,-3.81267e-05,0.00061699,-3.41442e-05,0,0,0.112307,-0.0014116,0.440836,-0.0114611,-0.0184008,0.00234033,-0.00168303,0,0,-2.25514e-11,0.0260083,0.00317067,-0.00692246,-0.000606802,0.00271255,-0.000131377,0,0,0.00110794,-0.0820158,-0.0112884,0.606834,0.0203076,0.0573578,-0.00148897,0,0,0,0.0150655,0.0215936,-0.0244075,0.00150273,-0.0111647,0.000751845,0,0,-0.00805931,0.0382132,-0.183317,0.203315,0.333462,-0.038439,0.0291507,0,0,2.08167e-11,0.0617465,-0.00161608,-0.0254773,-0.00496381,-0.0487667,0.00234595,0,0,0.0129903,-0.153091,0.0235177,0.574521,-0.0384411,0.402867,-0.00509798,0,0,6.07153e-12,-0.00285774,0.00135312,0.00460243,0.000794489,0.00387769,0.000501822,0,0,-0.0301838,-0.00743377,-0.0166492,-0.0151243,0.0295047,-0.00518264,0.0660999,0,0,0,-2.40048e-12,2.40048e-12,0,2.40048e-12,0,0,1.20024e-12,0,0,3.0006e-13,6.00121e-13,9.00181e-13,0,-3.00061e-13,0,0.905991,-4.34667e-09,0,-2.40048e-12,1.20024e-12,-2.40048e-12,4.80096e-12,-1.20024e-12,0,1.20024e-12,0,-9.00181e-13,-6.00121e-13,3.00061e-13,0,3.0006e-13,-3.00061e-13,3.0006e-13,-4.34637e-09,0.905991,
1.73472e-12,0.00369846,-0.01455,-0.000257679,0.00012875,0.000105163,8.4535e-06,0,0,0.478533,-0.0138196,0.111251,0.000856404,-0.000824445,0.00129191,-0.00307669,0,0,-2.77556e-11,0.0759991,-0.00283883,0.0110753,0.00105826,0.00129841,-5.90872e-05,0,0,-0.0137655,0.631361,-0.00153536,-0.0804829,0.00389851,-0.0152269,-0.000755064,0,0,-1.38778e-11,-0.00454021,0.0712183,0.00369483,-3.42132e-05,0.000618257,-3.45179e-05,0,0,0.112041,-0.00141818,0.440947,-0.0114763,-0.0183833,0.00234873,-0.00168475,0,0,-2.08167e-11,0.0259355,0.00317552,-0.00686469,-0.00060116,0.00271031,-0.000131935,0,0,0.00110615,-0.0820254,-0.0113032,0.606833,0.0203052,0.0573558,-0.00148748,0,0,1.04083e-11,0.0150318,0.0216566,-0.0243678,0.00142291,-0.011182,0.000750178,0,0,-0.00772806,0.0382363,-0.183142,0.203291,0.333538,-0.0384316,0.0291336,0,0,3.46945e-11,0.0617652,-0.00159777,-0.0255563,-0.00501064,-0.0487029,0.00232683,0,0,0.0130896,-0.152981,0.0236013,0.574505,-0.0384333,0.402888,-0.00509812,0,0,-8.67362e-13,-0.00285592,0.00135276,0.00460084,0.000799216,0.0038786,0.00050337,0,0,-0.0301966,-0.0074399,-0.0166666,-0.0151101,0.0294881,-0.00518338,0.0661011,0,0,0,-3.60072e-12,-2.40048e-12,-4.80096e-12,1.20024e-12,0,-6.00121e-12,1.20024e-12,0,-3.00061e-13,-6.0012e-13,0,0,3.0006e-13,6.0012e-13,-6.00121e-13,0.905991,4.09432e-09,0,-3.60072e-12,0,-3.60072e-12,4.80096e-12,1.20024e-12,-1.20024e-12,-2.40048e-12,0,3.0006e-13,0,-3.0006e-13,0,6.0012e-13,9.00181e-13,0,4.09462e-09,0.905991,
-4.33681e-13,0.00369372,-0.0145258,-0.000258563,0.000127306,0.000105104,7.97133e-06,0,0,0.478723,-0.013826,0.110983,0.00085415,-0.000791304,0.00130187,-0.00307793,0,0,2.77556e-11,0.0759766,-0.00283433,0.0110171,0.00105575,0.00129774,-5.94814e-05,0,0,-0.0137718,0.631363,-0.00154233,-0.0804894,0.00390097,-0.0152156,-0.000755701,0,0,6.93889e-12,-0.00453683,0.071255,0.00370538,-3.01865e-05,0.000620187,-3.48086e-05,0,0,0.111774,-0.00142478,0.441057,-0.0114914,-0.0183658,0.00235715,-0.00168647,0,0,2.60209e-12,0.0258626,0.00318011,-0.0068069,-0.000594842,0.00270799,-0.000132318,0,0,0.00110441,-0.082035,-0.011318,0.606833,0.0203027,0.0573539,-0.001486,0,0,-1.73472e-11,0.0149986,0.0217197,-0.0243296,0.00134374,-0.0112005,0.000749097,0,0,-0.00739717,0.0382595,-0.182967,0.203266,0.333614,-0.0384242,0.0291166,0,0,-3.46945e-11,0.0617838,-0.00157999,-0.0256351,-0.00505517,-0.0486388,0.00231277,0,0,0.013189,-0.15287,0.0236851,0.574489,-0.0384258,0.402908,-0.00509855,0,0,-5.20417e-12,-0.00285414,0.00135239,0.00459923,0.000803871,0.00387905,0.000504815,0,0,-0.0302094,-0.00744607,-0.016684,-0.0150959,0.0294715,-0.00518426,0.0661022,0,0,0,-3.60072e-12,-1.20024e-12,1.20024e-12,0,-2.40048e-12,-3.60072e-12,0,0,-3.0006e-13,0,0,0,6.00121e-13,-3.0006e-13,0,0.905991,3.9806e-09,0,2.40048e-12,1.20024e-12,0,0,-1.20024e-12,0,0,0,-9.00181e-13,0,-3.0006e-13,6.0012e-13,6.0012e-13,0,-3.0006e-13,3.9803e-09,0.905991,
0,0.00368917,-0.0145014,-0.000259621,0.000125867,0.000105373,7.60863e-06,0,0,0.478913,-0.0138324,0.110714,0.000851943,-0.000758201,0.00131182,-0.00307918,0,0,0,0.075954,-0.00282916,0.0109586,0.00105306,0.00129707,-5.9769e-05,0,0,-0.0137782,0.631365,-0.00154934,-0.0804958,0.00390343,-0.0152042,-0.000756343,0,0,1.73472e-12,-0.00453397,0.0712918,0.00371579,-2.61449e-05,0.000622387,-3.50386e-05,0,0,0.111507,-0.0014314,0.441168,-0.0115066,-0.0183483,0.00236557,-0.0016882,0,0,-1.21431e-11,0.0257895,0.00318463,-0.00674901,-0.000587894,0.00270567,-0.000132584,0,0,0.0011027,-0.0820446,-0.0113328,0.606833,0.0203003,0.0573519,-0.00148453,0,0,6.93889e-12,0.0149656,0.0217829,-0.0242919,0.00126466,-0.011222,0.000748514,0,0,-0.00706666,0.0382826,-0.182791,0.203242,0.33369,-0.038417,0.0290995,0,0,2.08167e-11,0.0618023,-0.00156239,-0.0257139,-0.00509932,-0.0485743,0.00230251,0,0,0.0132883,-0.15276,0.0237692,0.574473,-0.0384184,0.402929,-0.0050992,0,0,2.60209e-12,-0.00285238,0.00135205,0.00459765,0.000808499,0.00387955,0.000506251,0,0,-0.0302222,-0.00745227,-0.0167016,-0.0150817,0.0294549,-0.00518525,0.0661035,0,0,0,-2.40048e-12,-4.80096e-12,4.80096e-12,-4.80096e-12,-2.40048e-12,1.20024e-12,0,0,-6.00121e-13,3.0006e-13,0,-6.00121e-13,1.20024e-12,3.0006e-13,3.0006e-13,0.905991,3.9701e-09,0,-4.80096e-12,-2.40048e-12,3.60072e-12,1.20024e-12,0,1.20024e-12,0,0,-3.0006e-13,-6.00121e-13,-3.0006e-13,-9.00181e-13,3.0006e-13,-3.0006e-13,9.00181e-13,3.9692e-09,0.905991,
-4.33681e-13,0.00368463,-0.0144769,-0.000260633,0.00012448,0.000105796,7.33288e-06,0,0,0.479103,-0.0138388,0.110445,0.000849781,-0.000725135,0.00132176,-0.00308042,0,0,0,0.0759312,-0.00282358,0.0108998,0.0010502,0.00129641,-5.99809e-05,0,0,-0.0137845,0.631366,-0.00155638,-0.0805023,0.00390589,-0.0151929,-0.000756989,0,0,3.46945e-12,-0.0045313,0.0713285,0.00372652,-2.20882e-05,0.000624728,-3.52246e-05,0,0,0.11124,-0.00143806,0.441278,-0.0115217,-0.0183308,0.00237401,-0.00168994,0,0,1.56125e-11,0.0257163,0.00318916,-0.00669099,-0.000580424,0.00270337,-0.000132768,0,0,0.00110104,-0.0820542,-0.0113475,0.606832,0.0202978,0.0573499,-0.00148306,0,0,1.38778e-11,0.0149326,0.0218459,-0.0242541,0.00118551,-0.0112465,0.000748311,0,0,-0.00673651,0.0383059,-0.182616,0.203217,0.333765,-0.0384097,0.0290825,0,0,-4.16334e-11,0.0618207,-0.0015448,-0.0257928,-0.00514384,-0.0485096,0.00229505,0,0,0.0133876,-0.15265,0.0238534,0.574457,-0.0384111,0.40295,-0.00509998,0,0,8.67362e-13,-0.00285064,0.00135172,0.00459611,0.000813118,0.00388021,0.000507707,0,0,-0.0302349,-0.00745848,-0.0167192,-0.0150676,0.0294383,-0.0051863,0.0661047,0,0,0,-2.40048e-12,-4.80096e-12,0,0,-3.60072e-12,-4.80096e-12,0,0,0,0,-1.20024e-12,-3.0006e-13,3.0006e-13,-1.20024e-12,-9.00181e-13,0.905991,4.04991e-09,0,3.60072e-12,-3.60072e-12,1.20024e-12,3.60072e-12,0,-1.20024e-12,0,0,6.00121e-13,0,-6.00121e-13,3.0006e-13,0,6.00121e-13,-3.0006e-13,4.05081e-09,0.905991,
2.1684e-12,0.00368006,-0.0144522,-0.000261535,0.00012316,0.000106307,7.11968e-06,0,0,0.479293,-0.0138453,0.110175,0.000847663,-0.000692108,0.00133169,-0.00308166,0,0,0,0.0759083,-0.00281773,0.0108407,0.00104722,0.00129576,-6.01386e-05,0,0,-0.0137909,0.631368,-0.00156345,-0.0805087,0.00390837,-0.0151816,-0.000757638,0,0,-1.56125e-11,-0.00452866,0.0713653,0.00373769,-1.80086e-05,0.000627163,-3.53786e-05,0,0,0.110972,-0.00144474,0.441389,-0.0115368,-0.0183134,0.00238246,-0.00169168,0,0,9.54098e-12,0.0256429,0.00319373,-0.00663283,-0.00057254,0.00270109,-0.000132894,0,0,0.00109943,-0.0820637,-0.0113623,0.606832,0.0202953,0.057348,-0.00148159,0,0,-1.73472e-11,0.0148996,0.021909,-0.0242161,0.00110623,-0.0112737,0.000748388,0,0,-0.00640675,0.0383291,-0.182441,0.203192,0.333841,-0.0384025,0.0290655,0,0,-2.77556e-11,0.061839,-0.00152716,-0.0258716,-0.00518894,-0.0484444,0.00228963,0,0,0.0134869,-0.15254,0.0239378,0.57444,-0.0384038,0.40297,-0.00510085,0,0,1.73472e-12,-0.00284891,0.00135142,0.00459461,0.000817737,0.00388103,0.000509191,0,0,-0.0302476,-0.00746471,-0.0167369,-0.0150534,0.0294217,-0.00518739,0.0661059,0,0,0,3.60072e-12,-2.40048e-12,-2.40048e-12,-3.60072e-12,1.20024e-12,-4.80096e-12,2.40048e-12,0,0,6.00121e-13,-6.00121e-13,0,-3.00061e-13,9.00181e-13,3.00061e-13,0.905991,4.22605e-09,0,3.60072e-12,2.40048e-12,-1.20024e-12,2.40048e-12,2.40048e-12,-1.20024e-12,0,0,0,-3.0006e-13,3.0006e-13,6.00121e-13,-6.0012e-13,3.0006e-13,6.00121e-13,4.22545e-09,0.905991,
-2.1684e-12,0.00367545,-0.0144274,-0.000262321,0.000121902,0.00010688,6.95119e-06,0,0,0.479484,-0.0138517,0.109904,0.00084559,-0.000659118,0.00134161,-0.0030829,0,0,0,0.0758853,-0.0028117,0.0107814,0.00104414,0.00129513,-6.02576e-05,0,0,-0.0137972,0.631369,-0.00157055,-0.0805151,0.00391084,-0.0151703,-0.000758289,0,0,8.67362e-12,-0.00452598,0.0714021,0.00374932,-1.39036e-05,0.000629668,-3.55098e-05,0,0,0.110703,-0.00145145,0.441499,-0.011552,-0.0182959,0.00239091,-0.00169343,0,0,-2.60209e-12,0.0255693,0.00319836,-0.00657454,-0.000564338,0.00269883,-0.000132978,0,0,0.00109786,-0.0820732,-0.011377,0.606831,0.0202928,0.057346,-0.00148013,0,0,0,0.0148665,0.021972,-0.0241777,0.00102682,-0.011303,0.000748669,0,0,-0.00607736,0.0383524,-0.182266,0.203167,0.333917,-0.0383952,0.0290484,0,0,-6.93889e-12,0.0618572,-0.00150946,-0.0259506,-0.00523466,-0.048379,0.00228568,0,0,0.0135861,-0.15243,0.0240223,0.574424,-0.0383966,0.402991,-0.00510178,0,0,1.73472e-12,-0.00284718,0.00135114,0.00459313,0.000822356,0.00388197,0.000510701,0,0,-0.0302603,-0.00747095,-0.0167546,-0.0150393,0.0294051,-0.0051885,0.0661071,0,0,0,-2.40048e-12,0,0,2.40048e-12,1.20024e-12,-3.60072e-12,0,0,3.00061e-13,0,6.0012e-13,-6.00121e-13,-9.00181e-13,-9.00181e-13,6.00121e-13,0.905991,-4.51591e-09,0,0,-1.20024e-12,1.20024e-12,1.20024e-12,2.40048e-12,-3.60072e-12,0,0,6.00121e-13,3.0006e-13,0,-6.00121e-13,3.0006e-13,-3.0006e-13,0,-4.51591e-09,0.905991,
0,0.0036708,-0.0144025,-0.000263004,0.000120698,0.000107498,6.81452e-06,0,0,0.479674,-0.0138581,0.109633,0.000843562,-0.000626166,0.00135151,-0.00308413,0,0,0,0.0758622,-0.00280554,0.0107219,0.00104099,0.0012945,-6.03488e-05,0,0,-0.0138035,0.631371,-0.00157767,-0.0805215,0.00391332,-0.0151591,-0.000758941,0,0,0,-0.00452325,0.0714389,0.00376134,-9.77412e-06,0.000632226,-3.56247e-05,0,0,0.110434,-0.0014582,0.441609,-0.0115671,-0.0182784,0.00239938,-0.00169518,0,0,-4.42354e-11,0.0254955,0.00320303,-0.00651612,-0.000555896,0.00269658,-0.000133032,0,0,0.00109634,-0.0820827,-0.0113917,0.606831,0.0202902,0.057344,-0.00147867,0,0,0,0.0148334,0.0220349,-0.0241391,0.000947292,-0.0113338,0.000749095,0,0,-0.00574836,0.0383758,-0.182091,0.203142,0.333993,-0.038388,0.0290314,0,0,4.16334e-11,0.0618754,-0.00149169,-0.0260295,-0.00528091,-0.0483133,0.00228278,0,0,0.0136852,-0.15232,0.0241069,0.574407,-0.0383894,0.403012,-0.00510275,0,0,-6.07153e-12,-0.00284546,0.00135089,0.00459167,0.000826978,0.00388302,0.000512233,0,0,-0.0302729,-0.00747719,-0.0167723,-0.0150252,0.0293886,-0.00518962,0.0661084,0,0,0,1.20024e-12,0,-1.20024e-12,0,0,1.20024e-12,0,0,0,0,0,0,0,0,0,0.905991,-4.66474e-09,0,2.40048e-12,0,-2.40048e-12,0,0,2.40048e-12,0,0,0,0,0,0,0,0,0,-4.66444e-09,0.905991,
-1.73472e-12,0.00366613,-0.0143774,-0.000263606,0.000119539,0.000108152,6.70038e-06,0,0,0.479865,-0.0138645,0.109362,0.000841579,-0.000593252,0.00136141,-0.00308535,0,0,-2.77556e-11,0.0758389,-0.00279929,0.0106622,0.00103778,0.00129388,-6.04203e-05,0,0,-0.0138099,0.631372,-0.00158482,-0.0805278,0.0039158,-0.0151478,-0.000759593,0,0,6.93889e-12,-0.00452045,0.0714757,0.00377369,-5.62267e-06,0.000634827,-3.5728e-05,0,0,0.110165,-0.00146497,0.441719,-0.0115822,-0.0182609,0.00240785,-0.00169694,0,0,-2.60209e-12,0.0254216,0.00320775,-0.00645757,-0.000547273,0.00269433,-0.000133065,0,0,0.00109486,-0.0820922,-0.0114065,0.606831,0.0202877,0.057342,-0.00147721,0,0,-6.93889e-12,0.0148001,0.0220979,-0.0241003,0.000867674,-0.0113658,0.000749625,0,0,-0.00541975,0.0383991,-0.181915,0.203117,0.334069,-0.0383808,0.0290144,0,0,-6.93889e-12,0.0618934,-0.00147387,-0.0261085,-0.00532763,-0.0482472,0.00228063,0,0,0.0137841,-0.152211,0.0241917,0.574391,-0.0383823,0.403033,-0.00510374,0,0,1.73472e-12,-0.00284373,0.00135065,0.00459022,0.0008316,0.00388414,0.000513784,0,0,-0.0302854,-0.00748343,-0.0167901,-0.0150111,0.0293721,-0.00519074,0.0661096,0,0,0,0,0,0,0,0,0,-5.76116e-11,0,0,0,0,0,0,0,0,0.905991,-4.65634e-09,0,0,0,0,0,0,0,1.15223e-10,0,0,0,0,0,0,0,0,-4.65604e-09,0.905991,
2.1684e-12,0.00366075,-0.0143505,-0.000261488,0.000112108,0.000114646,5.30651e-06,0,0,0.480108,-0.0138751,0.109129,0.000816668,-0.000515699,0.0013697,-0.0031091,0,0,0,0.0758154,-0.00278757,0.0106019,0.00103224,0.00129393,-5.93633e-05,0,0,-0.0138153,0.631373,-0.0015913,-0.0805346,0.00391907,-0.0151366,-0.000760643,0,0,-1.56125e-11,-0.00452123,0.0715135,0.00379277,-4.26331e-06,0.00064194,-3.64898e-05,0,0,0.109922,-0.00147401,0.44185,-0.0116093,-0.0182201,0.00241551,-0.00171047,0,0,-5.20417e-12,0.0253479,0.00321219,-0.00639953,-0.000529318,0.0026922,-0.00013132,0,0,0.00108388,-0.0821008,-0.0114284,0.606835,0.0202769,0.0573402,-0.0014716,0,0,-6.93889e-12,0.0147613,0.0221691,-0.0240513,0.000754672,-0.0114329,0.000744185,0,0,-0.00486251,0.0384036,-0.181567,0.20299,0.334342,-0.0383806,0.0288979,0,0,4.85723e-11,0.061913,-0.00145804,-0.0261904,-0.00537272,-0.048184,0.00232416,0,0,0.013825,-0.152097,0.0242325,0.574399,-0.038425,0.403055,-0.00507955,0,0,1.73472e-12,-0.00284184,0.00135021,0.0045889,0.000837189,0.00388602,0.000515808,0,0,-0.0303041,-0.00748915,-0.0168127,-0.0149942,0.0293501,-0.00519166,0.0661136,0,0,0,-1.20024e-12,0,0,0,1.20024e-12,0,-1.20024e-12,0,0,0,0,0,0,0,0,0.905991,-4.5051e-09,0,0,1.20024e-12,-1.20024e-12,0,0,-1.20024e-12,-1.15223e-10,0,0,0,0,0,0,0,0,-4.50541e-09,0.905991,
-4.33681e-13,0.00365558,-0.0143259,-0.000260486,0.000111358,0.000113994,5.0622e-06,0,0,0.480299,-0.0138815,0.108857,0.000814762,-0.000482869,0.00137958,-0.00311029,0,0,2.77556e-11,0.0757919,-0.00278227,0.0105418,0.00102903,0.00129334,-5.95551e-05,0,0,-0.0138216,0.631375,-0.00159848,-0.0805409,0.00392155,-0.0151253,-0.000761292,0,0,3.46945e-12,-0.00451649,0.0715501,0.00380871,-2.49079e-07,0.000643593,-3.66698e-05,0,0,0.109651,-0.00148087,0.44196,-0.0116244,-0.0182026,0.00242401,-0.00171224,0,0,2.25514e-11,0.0252735,0.0032175,-0.00634051,-0.000520845,0.00269013,-0.000131493,0,0,0.0010825,-0.0821102,-0.0114432,0.606834,0.0202744,0.0573382,-0.00147013,0,0,-2.42861e-11,0.0147283,0.0222292,-0.0240093,0.000674877,-0.0114697,0.00074439,0,0,-0.00453488,0.038427,-0.181391,0.202964,0.334418,-0.0383734,0.0288809,0,0,6.93889e-12,0.0619306,-0.0014387,-0.0262698,-0.00542478,-0.0481174,0.00231881,0,0,0.0139236,-0.151987,0.0243172,0.574383,-0.0384177,0.403076,-0.00508036,0,0,4.33681e-12,-0.00284018,0.00135009,0.00458763,0.000841913,0.00388843,0.000517611,0,0,-0.0303165,-0.00749544,-0.0168306,-0.0149801,0.0293336,-0.00519293,0.0661148,0,0,0,0,0,0,0,0,0,0,0,0,0,0,0,0,0,0,0.905991,4.25455e-09,0,0,0,0,0,0,0,0,0,0,0,0,0,0,0,0,4.25485e-09,0.905991,
4.33681e-13,0.00365055,-0.0143,-0.0002605,0.000110353,0.000113855,4.82576e-06,0,0,0.480491,-0.0138879,0.108584,0.000812915,-0.00045008,0.00138944,-0.00311148,0,0,0,0.0757682,-0.00277665,0.0104816,0.00102591,0.00129271,-5.97293e-05,0,0,-0.0138279,0.631376,-0.00160569,-0.0805472,0.00392404,-0.0151141,-0.000761946,0,0,-3.46945e-12,-0.00451265,0.0715873,0.0038225,3.91073e-06,0.000645681,-3.68393e-05,0,0,0.10938,-0.00148774,0.44207,-0.0116395,-0.0181851,0.00243251,-0.00171401,0,0,-8.67362e-12,0.025199,0.00322238,-0.00628153,-0.000512561,0.00268794,-0.000131634,0,0,0.00108116,-0.0821196,-0.0114579,0.606834,0.0202718,0.0573362,-0.00146866,0,0,-1.73472e-11,0.0146945,0.0222945,-0.0239688,0.000594825,-0.0115027,0.00074447,0,0,-0.00420768,0.0384504,-0.181216,0.202938,0.334494,-0.0383663,0.028864,0,0,0,0.0619483,-0.00142109,-0.0263487,-0.00547375,-0.0480501,0.00231347,0,0,0.0140221,-0.151878,0.0244019,0.574366,-0.0384104,0.403096,-0.00508134,0,0,-5.20417e-12,-0.0028385,0.00134983,0.00458628,0.000846603,0.00388997,0.000519276,0,0,-0.0303289,-0.00750176,-0.0168485,-0.0149661,0.0293171,-0.00519433,0.0661161,0,0,0,0,0,0,0,-1.20024e-12,0,0,0,0,0,0,0,0,0,0,0.905991,4.15343e-09,0,0,0,0,0,0,-1.20024e-12,0,0,0,0,0,0,0,0,0,4.15373e-09,0.905991,
-1.73472e-12,0.00364543,-0.0142745,-0.000261215,0.000109289,0.00011457,5.22791e-06,0,0,0.480682,-0.0138943,0.10831,0.000811117,-0.000417331,0.00139928,-0.00311266,0,0,0,0.0757444,-0.00277082,0.0104213,0.00102281,0.00129205,-5.9878e-05,0,0,-0.0138342,0.631377,-0.00161294,-0.0805535,0.00392653,-0.0151029,-0.000762605,0,0,1.04083e-11,-0.00450937,0.0716242,0.00383525,8.1002e-06,0.000648262,-3.66744e-05,0,0,0.109108,-0.00149464,0.442179,-0.0116546,-0.0181676,0.00244102,-0.00171579,0,0,2.77556e-11,0.0251244,0.00322726,-0.00622243,-0.00050433,0.00268557,-0.000131873,0,0,0.00107987,-0.082129,-0.0114726,0.606834,0.0202692,0.0573341,-0.0014672,0,0,-1.38778e-11,0.0146593,0.0223573,-0.0239302,0.000515113,-0.0115314,0.000747341,0,0,-0.00388091,0.0384739,-0.181041,0.202912,0.334569,-0.0383593,0.028847,0,0,-1.11022e-10,0.0619663,-0.00140305,-0.0264272,-0.00552147,-0.047983,0.00230775,0,0,0.0141205,-0.151769,0.0244868,0.574349,-0.0384033,0.403117,-0.00508247,0,0,-2.60209e-12,-0.00283681,0.00134963,0.00458495,0.000851263,0.00389118,0.000520815,0,0,-0.0303412,-0.00750811,-0.0168665,-0.0149521,0.0293006,-0.00519583,0.0661174,0,0,0,-1.20024e-12,0,0,1.20024e-12,0,0,0,0,0,0,0,0,0,0,0,0.905991,4.16664e-09,0,1.20024e-12,-1.20024e-12,1.20024e-12,0,-1.20024e-12,-1.20024e-12,0,0,0,0,0,0,0,0,0,4.16634e-09,0.905991,
-3.1698e-07,0.00364038,-0.0142495,-0.000261153,0.000107876,0.000114754,5.03541e-06,0,0,0.480874,-0.0139007,0.108036,0.000809367,-0.000384624,0.00140912,-0.00311385,0,0,-5.66214e-09,0.0757205,-0.00276483,0.0103609,0.00101969,0.00129135,-6.00245e-05,0,0,-0.0138405,0.631379,-0.00162022,-0.0805598,0.00392903,-0.0150917,-0.000763268,0,0,-1.66155e-07,-0.0045063,0.0716607,0.00384815,1.21164e-05,0.000650579,-3.68213e-05,0,0,0.108836,-0.00150156,0.442289,-0.0116697,-0.0181501,0.00244955,-0.00171757,0,0,5.88401e-08,0.0250497,0.00323221,-0.00616342,-0.000496015,0.00268329,-0.000131986,0,0,0.00107862,-0.0821383,-0.0114873,0.606834,0.0202665,0.0573321,-0.00146574,0,0,-1.40618e-06,0.0146242,0.0224173,-0.0238876,0.000434134,-0.0115626,0.000747572,0,0,-0.00355457,0.0384975,-0.180865,0.202886,0.334645,-0.0383524,0.02883,0,0,3.55188e-07,0.0619843,-0.00138442,-0.0265066,-0.00556832,-0.047915,0.00230311,0,0,0.0142188,-0.15166,0.0245718,0.574332,-0.0383962,0.403138,-0.00508373,0,0,3.85508e-08,-0.00283514,0.00134951,0.00458352,0.000855948,0.0038924,0.000522413,0,0,-0.0303535,-0.00751448,-0.0168846,-0.0149382,0.0292841,-0.00519743,0.0661187,0,0,-1.20024e-12,0,-1.20024e-12,0,1.20024e-12,1.20024e-12,1.20024e-12,0,0,0,0,0,0,0,0,0,0.905991,4.28306e-09,-1.20024e-12,0,-1.20024e-12,0,2.40048e-12,1.20024e-12,1.20024e-12,0,0,0,0,0,0,0,0,0,4.28426e-09,0.905991,
3.03577e-12,0.00363633,-0.0142232,-0.000262421,0.000107093,0.000115931,4.53414e-06,0,0,0.481066,-0.013907,0.107762,0.000807662,-0.000351959,0.00141895,-0.00311503,0,0,0,0.0756964,-0.0027587,0.0103004,0.00101655,0.00129064,-6.01645e-05,0,0,-0.0138468,0.63138,-0.00162754,-0.0805661,0.00393153,-0.0150805,-0.000763933,0,0,-1.21431e-11,-0.00450282,0.0716978,0.00386026,1.64592e-05,0.000653426,-3.7131e-05,0,0,0.108564,-0.00150851,0.442399,-0.0116848,-0.0181326,0.00245808,-0.00171936,0,0,-3.46945e-12,0.0249746,0.00323692,-0.00610407,-0.000487753,0.00268081,-0.000132026,0,0,0.00107741,-0.0821476,-0.011502,0.606834,0.0202639,0.05733,-0.00146429,0,0,1.38778e-11,0.0145932,0.0224829,-0.0238507,0.000356026,-0.0115898,0.000746432,0,0,-0.00322866,0.038521,-0.18069,0.202859,0.334721,-0.0383454,0.0288131,0,0,6.245e-11,0.062001,-0.00136724,-0.0265845,-0.0056157,-0.0478476,0.00229926,0,0,0.0143171,-0.151552,0.024657,0.574315,-0.0383892,0.403159,-0.00508511,0,0,-1.73472e-12,-0.0028336,0.00134925,0.00458224,0.000860547,0.00389351,0.00052405,0,0,-0.0303658,-0.00752088,-0.0169027,-0.0149243,0.0292676,-0.00519911,0.06612,0,0,0,0,0,1.20024e-12,1.20024e-12,0,1.20024e-12,0,0,0,0,0,0,0,0,0,0.905991,-4.51441e-09,0,0,0,-2.40048e-12,-1.20024e-12,0,-2.40048e-12,1.20024e-12,0,0,0,0,0,0,0,0,-4.51471e-09,0.905991,
-4.33681e-13,0.00363133,-0.0141974,-0.000262756,0.000105683,0.000116179,4.04388e-06,0,0,0.481258,-0.0139134,0.107487,0.000806004,-0.000319338,0.00142877,-0.0031162,0,0,0,0.0756722,-0.00275248,0.0102397,0.00101338,0.00128991,-6.02931e-05,0,0,-0.0138531,0.631381,-0.00163487,-0.0805723,0.00393404,-0.0150693,-0.000764602,0,0,6.93889e-12,-0.00449988,0.0717347,0.00387288,2.04677e-05,0.000655795,-3.74358e-05,0,0,0.108291,-0.00151549,0.442508,-0.0116998,-0.0181151,0.00246663,-0.00172116,0,0,-1.56125e-11,0.0248996,0.00324176,-0.0060448,-0.000479294,0.00267849,-0.000132053,0,0,0.00107625,-0.0821569,-0.0115167,0.606834,0.0202612,0.0573279,-0.00146284,0,0,2.08167e-11,0.014558,0.0225456,-0.0238096,0.000275114,-0.0116216,0.000745341,0,0,-0.00290321,0.0385447,-0.180515,0.202833,0.334796,-0.0383386,0.0287962,0,0,2.08167e-11,0.0620187,-0.00134937,-0.0266634,-0.00566238,-0.0477789,0.00229585,0,0,0.0144154,-0.151443,0.0247424,0.574297,-0.0383822,0.403179,-0.00508658,0,0,0,-0.00283195,0.00134908,0.00458087,0.00086522,0.00389476,0.000525694,0,0,-0.030378,-0.0075273,-0.0169209,-0.0149104,0.0292512,-0.00520086,0.0661214,0,0,0,0,-1.20024e-12,0,1.20024e-12,0,-1.20024e-12,0,0,0,0,0,0,0,0,0,0.905991,-4.60112e-09,0,0,0,0,0,0,0,0,0,0,0,0,0,0,0,0,-4.60112e-09,0.905991,
-3.17083e-07,0.00362696,-0.0141718,-0.00026373,0.000104608,0.000116768,3.88715e-06,0,0,0.48145,-0.0139197,0.107212,0.00080439,-0.00028676,0.00143858,-0.00311737,0,0,-5.7454e-09,0.0756479,-0.00274618,0.0101789,0.00101018,0.00128917,-6.04051e-05,0,0,-0.0138594,0.631382,-0.00164224,-0.0805786,0.00393655,-0.0150582,-0.000765273,0,0,-1.66648e-07,-0.0044966,0.0717714,0.00388523,2.46477e-05,0.000658354,-3.75662e-05,0,0,0.108017,-0.0015225,0.442617,-0.0117149,-0.0180976,0.00247519,-0.00172296,0,0,5.92608e-08,0.0248242,0.00324667,-0.00598532,-0.000470811,0.00267611,-0.00013213,0,0,0.00107513,-0.0821662,-0.0115313,0.606833,0.0202585,0.0573259,-0.0014614,0,0,-1.41134e-06,0.0145255,0.0226068,-0.0237711,0.000195631,-0.0116525,0.000745736,0,0,-0.00257819,0.0385683,-0.18034,0.202806,0.334872,-0.0383317,0.0287792,0,0,3.55785e-07,0.0620356,-0.00133113,-0.0267416,-0.00570952,-0.0477103,0.00229248,0,0,0.0145135,-0.151335,0.0248278,0.57428,-0.0383753,0.4032,-0.00508813,0,0,3.86757e-08,-0.0028304,0.00134896,0.00457958,0.000869852,0.00389601,0.000527307,0,0,-0.0303902,-0.00753374,-0.0169391,-0.0148965,0.0292347,-0.00520266,0.0661227,0,0,-1.20024e-12,0,0,1.20024e-12,1.20024e-12,-1.20024e-12,1.20024e-12,-1.15223e-10,0,0,0,0,0,0,0,0,0.905991,-4.53931e-09,3.60072e-12,0,0,-3.60072e-12,-3.60072e-12,3.60072e-12,-3.60072e-12,0,0,0,0,0,0,0,0,0,-4.53901e-09,0.905991,
-2.1684e-12,0.00362227,-0.0141457,-0.000264377,0.000103551,0.000117692,4.05682e-06,0,0,0.481642,-0.0139261,0.106936,0.000802822,-0.000254227,0.00144838,-0.00311854,0,0,0,0.0756234,-0.00273981,0.0101179,0.00100696,0.00128843,-6.05014e-05,0,0,-0.0138657,0.631384,-0.00164964,-0.0805848,0.00393906,-0.015047,-0.000765946,0,0,1.38778e-11,-0.00449348,0.0718082,0.00389784,2.88333e-05,0.0006611,-3.75253e-05,0,0,0.107743,-0.00152953,0.442727,-0.0117299,-0.0180801,0.00248376,-0.00172477,0,0,-2.34188e-11,0.0247488,0.00325154,-0.00592579,-0.000462245,0.00267366,-0.000132255,0,0,0.00107406,-0.0821754,-0.011546,0.606833,0.0202558,0.0573238,-0.00145995,0,0,2.42861e-11,0.0144916,0.0226695,-0.0237311,0.000116149,-0.0116824,0.000747588,0,0,-0.00225363,0.038592,-0.180165,0.202779,0.334948,-0.0383249,0.0287623,0,0,6.93889e-12,0.0620527,-0.00131325,-0.02682,-0.00575679,-0.0476417,0.00228914,0,0,0.0146116,-0.151226,0.0249135,0.574263,-0.0383685,0.403221,-0.00508974,0,0,-8.67362e-13,-0.00282881,0.00134881,0.00457827,0.000874481,0.00389726,0.000528891,0,0,-0.0304023,-0.00754019,-0.0169574,-0.0148827,0.0292183,-0.00520451,0.0661241,0,0,0,1.20024e-12,-1.20024e-12,1.20024e-12,1.20024e-12,0,0,0,0,0,0,0,0,0,0,0,0.905991,-4.35507e-09,0,0,0,0,0,0,0,0,0,0,0,0,0,0,0,0,-4.35537e-09,0.905991,
3.09117e-07,0.00361695,-0.0141196,-0.000265012,0.000102823,0.000118008,4.22889e-06,0,0,0.481835,-0.0139324,0.10666,0.000801299,-0.000221738,0.00145817,-0.0031197,0,0,5.63438e-09,0.0755988,-0.00273337,0.0100568,0.00100372,0.00128767,-6.05886e-05,0,0,-0.0138719,0.631385,-0.00165706,-0.080591,0.00394158,-0.0150359,-0.000766621,0,0,1.62757e-07,-0.00449066,0.0718451,0.00391055,3.31881e-05,0.000663538,-3.74832e-05,0,0,0.107469,-0.00153659,0.442836,-0.0117449,-0.0180626,0.00249235,-0.00172658,0,0,-5.79701e-08,0.0246733,0.00325644,-0.00586616,-0.000453658,0.00267132,-0.00013237,0,0,0.00107303,-0.0821846,-0.0115606,0.606833,0.0202531,0.0573217,-0.00145851,0,0,1.37892e-06,0.0144548,0.0227321,-0.0236909,3.80438e-05,-0.0117156,0.000749459,0,0,-0.00192953,0.0386157,-0.17999,0.202752,0.335023,-0.0383181,0.0287455,0,0,-3.4734e-07,0.0620705,-0.00129534,-0.0268984,-0.00580458,-0.0475721,0.00228615,0,0,0.0147096,-0.151118,0.0249992,0.574245,-0.0383617,0.403241,-0.00509141,0,0,-3.77779e-08,-0.00282716,0.00134867,0.00457696,0.000879071,0.00389862,0.000530485,0,0,-0.0304144,-0.00754665,-0.0169757,-0.0148688,0.0292019,-0.00520639,0.0661255,0,0,0,0,-1.20024e-12,0,-1.20024e-12,0,1.20024e-12,0,0,0,0,0,0,0,0,0,0.905991,4.09222e-09,0,0,0,0,0,0,1.20024e-12,-1.20024e-12,0,0,0,0,0,0,0,0,4.09282e-09,0.905991,
3.03918e-07,0.00361256,-0.0140936,-0.00026533,0.000101494,0.000118352,4.09599e-06,0,0,0.482027,-0.0139388,0.106383,0.000799821,-0.000189295,0.00146795,-0.00312085,0,0,5.57887e-09,0.0755741,-0.00272688,0.00999556,0.00100044,0.0012869,-6.06732e-05,0,0,-0.0138782,0.631386,-0.0016645,-0.0805972,0.0039441,-0.0150248,-0.000767297,0,0,1.60164e-07,-0.00448733,0.0718818,0.00392353,3.72238e-05,0.000666001,-3.76019e-05,0,0,0.107194,-0.00154368,0.442945,-0.0117599,-0.0180452,0.00250094,-0.0017284,0,0,-5.71002e-08,0.0245974,0.00326141,-0.00580649,-0.00044488,0.00266898,-0.000132418,0,0,0.00107204,-0.0821938,-0.0115753,0.606833,0.0202504,0.0573196,-0.00145707,0,0,1.35724e-06,0.0144221,0.0227933,-0.0236493,-4.2823e-05,-0.0117493,0.000749974,0,0,-0.00160589,0.0386394,-0.179815,0.202725,0.335098,-0.0383113,0.0287286,0,0,-3.4181e-07,0.062087,-0.00127709,-0.026977,-0.00585183,-0.0475022,0.00228382,0,0,0.0148076,-0.15101,0.0250851,0.574228,-0.0383549,0.403262,-0.00509313,0,0,-3.71821e-08,-0.00282562,0.00134859,0.00457562,0.000883735,0.00390001,0.000532127,0,0,-0.0304264,-0.00755312,-0.016994,-0.014855,0.0291856,-0.0052083,0.0661269,0,0,0,0,0,0,0,0,0,0,0,0,0,0,0,0,0,0,0.905991,3.9713e-09,-1.20024e-12,-1.20024e-12,1.20024e-12,0,0,0,-1.20024e-12,0,0,0,0,0,0,0,0,0,3.9701e-09,0.905991,
-4.33681e-13,0.00360786,-0.0140673,-0.000265946,0.000100195,0.00011932,3.67274e-06,0,0,0.48222,-0.0139451,0.106106,0.000798387,-0.000156897,0.00147772,-0.003122,0,0,2.77556e-11,0.0755493,-0.00272033,0.00993419,0.000997138,0.00128614,-6.07558e-05,0,0,-0.0138844,0.631387,-0.00167198,-0.0806034,0.00394662,-0.0150137,-0.000767974,0,0,6.93889e-12,-0.00448414,0.0719187,0.00393646,4.12712e-05,0.000668803,-3.7874e-05,0,0,0.106918,-0.0015508,0.443054,-0.011775,-0.0180277,0.00250954,-0.00173022,0,0,2.51535e-11,0.0245215,0.00326634,-0.00574666,-0.000436036,0.00266651,-0.000132401,0,0,0.0010711,-0.082203,-0.0115899,0.606833,0.0202477,0.0573175,-0.00145563,0,0,-3.46945e-12,0.014388,0.0228559,-0.0236089,-0.000123646,-0.0117806,0.000749194,0,0,-0.00128271,0.0386632,-0.17964,0.202698,0.335174,-0.0383045,0.0287118,0,0,-5.55112e-11,0.0621038,-0.00125916,-0.0270552,-0.00589926,-0.0474327,0.0022821,0,0,0.0149054,-0.150902,0.0251711,0.57421,-0.0383481,0.403283,-0.00509488,0,0,6.07153e-12,-0.00282405,0.00134847,0.00457432,0.000888395,0.00390135,0.000533814,0,0,-0.0304383,-0.00755959,-0.0170124,-0.0148412,0.0291692,-0.00521022,0.0661282,0,0,0,0,0,0,0,0,1.20024e-12,0,0,0,0,0,0,0,0,0,0.905991,3.95239e-09,0,0,0,0,0,0,1.20024e-12,0,0,0,0,0,0,0,0,0,3.95239e-09,0.905991,
2.92395e-07,0.00360345,-0.0140405,-0.000266259,9.95085e-05,0.000120292,3.56085e-06,0,0,0.482413,-0.0139514,0.105828,0.000796999,-0.000124545,0.00148748,-0.00312314,0,0,5.41234e-09,0.0755243,-0.00271372,0.0098727,0.000993828,0.00128537,-6.08261e-05,0,0,-0.0138907,0.631388,-0.00167948,-0.0806096,0.00394914,-0.0150026,-0.000768652,0,0,1.54354e-07,-0.00448076,0.0719557,0.00394964,4.5639e-05,0.000671616,-3.79823e-05,0,0,0.106642,-0.00155794,0.443163,-0.01179,-0.0180102,0.00251816,-0.00173205,0,0,-5.51434e-08,0.0244453,0.00327125,-0.00568678,-0.000427242,0.00266403,-0.000132435,0,0,0.0010702,-0.0822122,-0.0116045,0.606833,0.0202449,0.0573153,-0.00145419,0,0,1.30869e-06,0.0143551,0.0229197,-0.023567,-0.000201801,-0.0118123,0.000749808,0,0,-0.000959993,0.0386869,-0.179465,0.202671,0.335249,-0.0382977,0.028695,0,0,-3.29181e-07,0.0621202,-0.00124154,-0.0271337,-0.00594751,-0.0473629,0.00228029,0,0,0.0150031,-0.150795,0.0252572,0.574192,-0.0383413,0.403303,-0.00509666,0,0,-3.58489e-08,-0.00282252,0.00134833,0.00457298,0.00089298,0.00390271,0.000535472,0,0,-0.0304501,-0.00756607,-0.0170309,-0.0148274,0.0291529,-0.00521217,0.0661296,0,0,-1.20024e-12,-1.20024e-12,0,-1.20024e-12,0,1.20024e-12,0,0,0,0,0,0,0,0,0,0,0.905991,4.02471e-09,-1.20024e-12,-1.20024e-12,1.20024e-12,-2.40048e-12,-1.20024e-12,2.40048e-12,-1.20024e-12,0,0,0,0,0,0,0,0,0,4.02441e-09,0.905991,
-4.33681e-13,0.00359846,-0.014014,-0.00026715,9.8254e-05,0.000120691,3.4555e-06,0,0,0.482606,-0.0139577,0.10555,0.000795656,-9.22395e-05,0.00149722,-0.00312427,0,0,0,0.0754991,-0.00270707,0.00981107,0.00099049,0.00128457,-6.08905e-05,0,0,-0.0138969,0.631389,-0.001687,-0.0806157,0.00395167,-0.0149915,-0.000769331,0,0,3.46945e-12,-0.00447767,0.0719926,0.0039626,4.97036e-05,0.000674137,-3.80874e-05,0,0,0.106366,-0.00156512,0.443272,-0.011805,-0.0179927,0.00252678,-0.00173388,0,0,0,0.0243691,0.00327623,-0.0056267,-0.000418281,0.00266165,-0.000132463,0,0,0.00106935,-0.0822213,-0.0116191,0.606833,0.0202421,0.0573132,-0.00145276,0,0,-1.04083e-11,0.0143196,0.0229822,-0.0235276,-0.00028257,-0.011847,0.000750453,0,0,-0.000637752,0.0387107,-0.17929,0.202643,0.335324,-0.0382909,0.0286782,0,0,6.93889e-11,0.0621371,-0.00122358,-0.0272114,-0.00599525,-0.0472921,0.0022787,0,0,0.0151008,-0.150687,0.0253435,0.574175,-0.0383345,0.403324,-0.00509846,0,0,-8.67362e-13,-0.00282092,0.00134824,0.00457172,0.000897633,0.00390417,0.000537138,0,0,-0.0304619,-0.00757256,-0.0170494,-0.0148136,0.0291366,-0.00521412,0.066131,0,0,0,0,0,0,0,0,0,-1.71634e-10,0,0,0,0,0,0,0,0,0.905991,4.18914e-09,0,-1.20024e-12,1.20024e-12,0,0,1.20024e-12,0,0,0,0,0,0,0,0,0,0,4.18794e-09,0.905991,
-2.60209e-12,0.00359375,-0.013987,-0.000267461,9.73073e-05,0.000121115,3.07535e-06,0,0,0.482799,-0.013964,0.105271,0.000794357,-5.99807e-05,0.00150696,-0.0031254,0,0,2.77556e-11,0.0754739,-0.00270037,0.00974934,0.000987139,0.00128377,-6.09549e-05,0,0,-0.0139032,0.63139,-0.00169455,-0.0806218,0.00395419,-0.0149805,-0.00077001,0,0,1.38778e-11,-0.00447439,0.0720296,0.00397595,5.39274e-05,0.000676678,-3.8338e-05,0,0,0.106089,-0.00157231,0.44338,-0.0118199,-0.0179753,0.00253542,-0.00173571,0,0,9.54098e-12,0.0242926,0.00328118,-0.00556663,-0.000409325,0.00265927,-0.000132432,0,0,0.00106853,-0.0822304,-0.0116337,0.606833,0.0202394,0.0573111,-0.00145132,0,0,-2.42861e-11,0.0142853,0.0230458,-0.0234855,-0.000362022,-0.0118819,0.000749867,0,0,-0.000315986,0.0387346,-0.179115,0.202616,0.335399,-0.0382841,0.0286614,0,0,-6.93889e-12,0.0621536,-0.00120591,-0.0272897,-0.00604346,-0.047221,0.00227761,0,0,0.0151983,-0.15058,0.0254298,0.574157,-0.0383278,0.403345,-0.00510027,0,0,6.07153e-12,-0.00281935,0.00134813,0.00457038,0.000902248,0.00390564,0.000538844,0,0,-0.0304736,-0.00757905,-0.0170679,-0.0147998,0.0291203,-0.00521608,0.0661324,0,0,0,1.20024e-12,0,0,0,0,0,0,0,0,0,0,0,0,0,0,0.905991,-4.4643e-09,0,1.20024e-12,0,0,0,0,0,0,0,0,0,0,0,0,0,0,-4.4652e-09,0.905991,
-2.74817e-07,0.00358904,-0.0139606,-0.000268331,9.69248e-05,0.00012211,2.98648e-06,0,0,0.482993,-0.0139703,0.104992,0.000793103,-2.77691e-05,0.00151668,-0.00312652,0,0,-5.16254e-09,0.0754485,-0.00269364,0.00968747,0.000983784,0.00128297,-6.10094e-05,0,0,-0.0139094,0.631391,-0.00170213,-0.080628,0.00395672,-0.0149694,-0.00077069,0,0,-1.45477e-07,-0.00447109,0.0720663,0.00398909,5.84467e-05,0.000679529,-3.84348e-05,0,0,0.105812,-0.00157954,0.443489,-0.0118349,-0.0179578,0.00254406,-0.00173755,0,0,5.21935e-08,0.024216,0.00328625,-0.00550635,-0.000400427,0.00265676,-0.00013245,0,0,0.00106777,-0.0822395,-0.0116483,0.606833,0.0202366,0.0573089,-0.00144989,0,0,-1.23412e-06,0.0142509,0.023107,-0.0234459,-0.000438996,-0.0119145,0.000750589,0,0,5.30261e-06,0.0387584,-0.17894,0.202588,0.335474,-0.0382773,0.0286446,0,0,3.09794e-07,0.06217,-0.0011876,-0.0273673,-0.00609242,-0.0471503,0.00227636,0,0,0.0152958,-0.150473,0.0255163,0.574139,-0.038321,0.403365,-0.0051021,0,0,3.37924e-08,-0.00281778,0.0013481,0.00456911,0.000906791,0.00390705,0.000540522,0,0,-0.0304853,-0.00758553,-0.0170865,-0.014786,0.029104,-0.00521805,0.0661338,0,0,0,0,0,1.20024e-12,0,1.20024e-12,0,0,0,0,0,0,0,0,0,0,0.905991,-4.60262e-09,-1.20024e-12,0,0,-1.20024e-12,0,-1.20024e-12,0,0,0,0,0,0,0,0,0,0,-4.60322e-09,0.905991,
-2.69315e-07,0.00358434,-0.0139337,-0.000269186,9.5457e-05,0.000123103,3.17101e-06,0,0,0.483186,-0.0139766,0.104713,0.000791894,4.39507e-06,0.00152639,-0.00312763,0,0,-5.05151e-09,0.075423,-0.00268687,0.00962548,0.000980393,0.00128216,-6.10548e-05,0,0,-0.0139156,0.631392,-0.00170973,-0.0806341,0.00395925,-0.0149584,-0.00077137,0,0,-1.42707e-07,-0.00446776,0.0721031,0.0040023,6.23881e-05,0.000682386,-3.8387e-05,0,0,0.105534,-0.00158679,0.443597,-0.0118499,-0.0179403,0.00255272,-0.00173939,0,0,5.12212e-08,0.0241392,0.00329129,-0.00544598,-0.00039128,0.00265425,-0.000132516,0,0,0.00106704,-0.0822485,-0.0116629,0.606834,0.0202338,0.0573068,-0.00144845,0,0,-1.21073e-06,0.0142165,0.0231693,-0.023406,-0.000520894,-0.0119475,0.000752541,0,0,0.000326111,0.0387822,-0.178766,0.20256,0.335549,-0.0382705,0.0286279,0,0,3.03875e-07,0.0621863,-0.00116959,-0.0274447,-0.00614026,-0.0470793,0.00227495,0,0,0.0153931,-0.150366,0.0256029,0.574121,-0.0383143,0.403386,-0.00510393,0,0,3.31445e-08,-0.00281621,0.00134805,0.00456783,0.000911465,0.00390848,0.000542173,0,0,-0.0304968,-0.00759202,-0.0171051,-0.0147722,0.0290878,-0.00522001,0.0661352,0,0,0,0,0,0,0,0,0,0,0,0,0,0,0,0,0,0,0.905991,-4.58912e-09,1.20024e-12,1.20024e-12,0,1.20024e-12,1.20024e-12,0,-1.20024e-12,0,0,0,0,0,0,0,0,0,-4.58852e-09,0.905991,
-8.67362e-13,0.00357963,-0.0139065,-0.000269768,9.50804e-05,0.000123564,2.82033e-06,0,0,0.48338,-0.0139829,0.104433,0.00079073,3.65114e-05,0.0015361,-0.00312873,0,0,-2.77556e-11,0.0753973,-0.00268005,0.00956338,0.00097701,0.00128133,-6.11069e-05,0,0,-0.0139218,0.631393,-0.00171736,-0.0806402,0.00396178,-0.0149474,-0.00077205,0,0,-1.73472e-12,-0.00446441,0.0721402,0.00401572,6.69042e-05,0.000684968,-3.86229e-05,0,0,0.105256,-0.00159407,0.443706,-0.0118649,-0.0179229,0.00256139,-0.00174123,0,0,-6.07153e-12,0.0240623,0.0032963,-0.00538557,-0.000382302,0.00265183,-0.000132476,0,0,0.00106637,-0.0822575,-0.0116775,0.606834,0.020231,0.0573046,-0.00144702,0,0,-3.46945e-12,0.014182,0.0232328,-0.0233648,-0.00059793,-0.011983,0.000752088,0,0,0.000646435,0.0388061,-0.178591,0.202532,0.335624,-0.0382637,0.0286112,0,0,-4.85723e-11,0.0622024,-0.00115186,-0.0275225,-0.00618942,-0.0470073,0.00227426,0,0,0.0154904,-0.150259,0.0256896,0.574103,-0.0383075,0.403407,-0.00510576,0,0,0,-0.00281464,0.00134797,0.00456652,0.000916002,0.00390998,0.000543896,0,0,-0.0305083,-0.00759851,-0.0171237,-0.0147585,0.0290716,-0.00522198,0.0661366,0,0,0,0,0,0,-1.20024e-12,2.40048e-12,0,0,0,0,0,0,0,0,0,0,0.905991,-4.43969e-09,0,0,0,0,0,1.20024e-12,0,0,0,0,0,0,0,0,0,0,-4.44089e-09,0.905991,
2.59216e-07,0.00357518,-0.0138798,-0.000270092,9.39194e-05,0.000124562,3.00101e-06,0,0,0.483574,-0.0139892,0.104153,0.000789609,6.85796e-05,0.00154579,-0.00312982,0,0,4.96825e-09,0.0753715,-0.0026732,0.00950116,0.0009736,0.00128049,-6.1146e-05,0,0,-0.013928,0.631394,-0.00172502,-0.0806462,0.00396431,-0.0149364,-0.00077273,0,0,1.37607e-07,-0.00446089,0.0721769,0.00402933,7.1001e-05,0.000687839,-3.85771e-05,0,0,0.104978,-0.00160137,0.443814,-0.0118798,-0.0179054,0.00257006,-0.00174308,0,0,-4.94648e-08,0.0239851,0.00330143,-0.00532511,-0.000373139,0.00264929,-0.000132533,0,0,0.00106573,-0.0822665,-0.0116921,0.606834,0.0202282,0.0573025,-0.00144559,0,0,1.16791e-06,0.0141486,0.0232939,-0.0233223,-0.000678534,-0.0120164,0.000754028,0,0,0.000966274,0.03883,-0.178416,0.202504,0.335699,-0.0382569,0.0285945,0,0,-2.92856e-07,0.0622181,-0.00113353,-0.0276004,-0.00623778,-0.0469357,0.00227308,0,0,0.0155875,-0.150153,0.0257764,0.574084,-0.0383008,0.403427,-0.0051076,0,0,-3.19649e-08,-0.0028131,0.00134798,0.00456516,0.000920633,0.00391142,0.000545559,0,0,-0.0305197,-0.007605,-0.0171424,-0.0147447,0.0290554,-0.00522394,0.0661379,0,0,0,0,0,0,1.20024e-12,0,0,0,0,0,0,0,0,0,0,0,0.905991,4.19634e-09,0,0,0,0,0,0,0,0,0,0,0,0,0,0,0,0,4.19724e-09,0.905991,
-2.54675e-07,0.00357047,-0.0138526,-0.000270428,9.30352e-05,0.000124792,2.92027e-06,0,0,0.483768,-0.0139955,0.103872,0.000788533,0.000100599,0.00155547,-0.00313091,0,0,-4.85723e-09,0.0753456,-0.00266631,0.00943883,0.000970184,0.00127963,-6.11876e-05,0,0,-0.0139342,0.631395,-0.0017327,-0.0806523,0.00396685,-0.0149255,-0.00077341,0,0,-1.35314e-07,-0.00445749,0.0722137,0.00404299,7.52411e-05,0.000690307,-3.86701e-05,0,0,0.104699,-0.0016087,0.443922,-0.0118948,-0.017888,0.00257875,-0.00174493,0,0,4.86911e-08,0.0239079,0.00330652,-0.00526455,-0.000363997,0.0026469,-0.000132538,0,0,0.00106514,-0.0822755,-0.0117066,0.606834,0.0202253,0.0573003,-0.00144416,0,0,-1.14866e-06,0.014114,0.0233561,-0.0232797,-0.000757928,-0.0120534,0.000754793,0,0,0.00128562,0.0388539,-0.178242,0.202476,0.335774,-0.0382501,0.0285779,0,0,2.87909e-07,0.0622341,-0.00111548,-0.0276782,-0.00628654,-0.0468628,0.00227228,0,0,0.0156845,-0.150046,0.0258634,0.574066,-0.038294,0.403448,-0.00510943,0,0,3.1441e-08,-0.00281153,0.00134796,0.0045638,0.000925227,0.00391297,0.000547259,0,0,-0.030531,-0.00761149,-0.0171611,-0.0147309,0.0290392,-0.00522589,0.0661393,0,0,1.20024e-12,0,0,-1.20024e-12,0,0,0,0,0,0,0,0,0,0,0,0,0.905991,4.09582e-09,0,0,0,0,0,0,0,0,0,0,0,0,0,0,0,0,4.09642e-09,0.905991,
-2.5049e-07,0.00356527,-0.0138256,-0.000271279,9.21635e-05,0.000126046,2.59128e-06,0,0,0.483962,-0.0140017,0.103591,0.000787501,0.000132571,0.00156513,-0.00313198,0,0,-4.80171e-09,0.0753196,-0.0026594,0.00937638,0.000966758,0.00127878,-6.12317e-05,0,0,-0.0139404,0.631396,-0.0017404,-0.0806584,0.00396938,-0.0149145,-0.00077409,0,0,-1.33235e-07,-0.00445432,0.0722505,0.00405643,7.94844e-05,0.000693325,-3.88953e-05,0,0,0.104419,-0.00161606,0.44403,-0.0119097,-0.0178705,0.00258745,-0.00174679,0,0,4.80371e-08,0.0238305,0.00331168,-0.0052038,-0.000354829,0.00264429,-0.000132492,0,0,0.00106459,-0.0822845,-0.0117212,0.606834,0.0202225,0.0572981,-0.00144273,0,0,-1.13107e-06,0.014077,0.0234172,-0.0232393,-0.000837296,-0.012086,0.000754437,0,0,0.00160449,0.0388778,-0.178067,0.202448,0.335848,-0.0382432,0.0285613,0,0,2.83273e-07,0.0622504,-0.00109714,-0.0277553,-0.00633539,-0.0467909,0.00227184,0,0,0.0157815,-0.14994,0.0259504,0.574048,-0.0382872,0.403468,-0.00511126,0,0,3.09527e-08,-0.00280989,0.00134798,0.00456249,0.000929815,0.00391439,0.000548994,0,0,-0.0305422,-0.00761798,-0.0171798,-0.0147172,0.029023,-0.00522785,0.0661407,0,0,0,0,0,0,0,0,0,0,0,0,0,0,0,0,0,0,0.905991,4.10542e-09,0,0,0,0,0,0,0,0,0,0,0,0,0,0,0,0,4.10602e-09,0.905991,
2.1684e-12,0.00356082,-0.0137978,-0.00027188,9.10573e-05,0.000126302,2.76515e-06,0,0,0.484156,-0.014008,0.103309,0.000786513,0.000164493,0.00157479,-0.00313305,0,0,0,0.0752934,-0.00265244,0.00931381,0.000963318,0.0012779,-6.12645e-05,0,0,-0.0139466,0.631397,-0.00174813,-0.0806644,0.00397192,-0.0149036,-0.00077477,0,0,-1.21431e-11,-0.00445073,0.0722876,0.00407004,8.35993e-05,0.000695816,-3.88531e-05,0,0,0.104139,-0.00162344,0.444138,-0.0119246,-0.0178531,0.00259616,-0.00174865,0,0,2.60209e-11,0.0237529,0.00331672,-0.005143,-0.000345591,0.00264187,-0.00013254,0,0,0.00106408,-0.0822934,-0.0117357,0.606834,0.0202196,0.0572959,-0.0014413,0,0,6.93889e-12,0.0140434,0.0234816,-0.0231976,-0.000917753,-0.0121232,0.000756353,0,0,0.00192285,0.0389017,-0.177893,0.20242,0.335923,-0.0382364,0.0285447,0,0,-6.93889e-12,0.0622658,-0.00107963,-0.0278326,-0.00638405,-0.0467174,0.00227088,0,0,0.0158783,-0.149834,0.0260376,0.574029,-0.0382805,0.403489,-0.00511309,0,0,-1.73472e-12,-0.00280834,0.00134793,0.00456114,0.000934428,0.00391594,0.000550672,0,0,-0.0305534,-0.00762446,-0.0171986,-0.0147034,0.0290069,-0.00522979,0.0661421,0,0,0,0,3.60072e-12,0,0,0,0,5.76116e-11,0,0,0,0,0,0,0,0,0.905991,4.21465e-09,0,0,-1.20024e-12,0,0,0,1.20024e-12,0,0,0,0,0,0,0,0,0,4.21495e-09,0.905991,
-3.46945e-12,0.00355587,-0.0137706,-0.000272731,9.02133e-05,0.000127306,2.69007e-06,0,0,0.48435,-0.0140143,0.103027,0.000785569,0.000196366,0.00158444,-0.00313411,0,0,-2.77556e-11,0.0752671,-0.00264546,0.00925112,0.000959873,0.00127702,-6.13004e-05,0,0,-0.0139528,0.631398,-0.00175589,-0.0806704,0.00397446,-0.0148927,-0.000775451,0,0,2.08167e-11,-0.00444738,0.0723243,0.00408357,8.78502e-05,0.00069871,-3.89434e-05,0,0,0.103859,-0.00163085,0.444246,-0.0119396,-0.0178356,0.00260488,-0.00175051,0,0,1.21431e-11,0.0236752,0.00332191,-0.00508206,-0.000336379,0.00263928,-0.000132539,0,0,0.00106362,-0.0823024,-0.0117503,0.606834,0.0202168,0.0572937,-0.00143987,0,0,-3.1225e-11,0.0140075,0.0235426,-0.0231569,-0.000997051,-0.0121571,0.000757145,0,0,0.00224073,0.0389257,-0.177718,0.202392,0.335998,-0.0382296,0.0285281,0,0,-6.93889e-11,0.0622817,-0.00106127,-0.0279095,-0.00643307,-0.0466446,0.00227025,0,0,0.015975,-0.149728,0.0261248,0.574011,-0.0382737,0.40351,-0.00511491,0,0,1.73472e-12,-0.00280672,0.00134798,0.00455981,0.000939005,0.0039174,0.000552385,0,0,-0.0305644,-0.00763095,-0.0172174,-0.0146897,0.0289908,-0.00523173,0.0661434,0,0,0,-1.20024e-12,0,1.20024e-12,-1.20024e-12,-1.20024e-12,1.20024e-12,0,0,0,0,0,0,0,0,0,0.905991,-4.43249e-09,0,2.40048e-12,0,-3.60072e-12,2.40048e-12,3.60072e-12,-2.40048e-12,0,0,0,0,0,0,0,0,0,-4.43249e-09,0.905991,
2.1684e-12,0.00355166,-0.0137433,-0.000273343,8.93808e-05,0.000128067,2.61624e-06,0,0,0.484545,-0.0140205,0.102745,0.000784668,0.000228189,0.00159408,-0.00313516,0,0,0,0.0752406,-0.00263845,0.00918832,0.000956421,0.00127612,-6.13351e-05,0,0,-0.013959,0.631399,-0.00176367,-0.0806764,0.003977,-0.0148818,-0.00077613,0,0,-1.38778e-11,-0.00444362,0.072361,0.00409726,9.21037e-05,0.000701477,-3.90331e-05,0,0,0.103579,-0.00163828,0.444354,-0.0119545,-0.0178182,0.00261361,-0.00175238,0,0,-1.64799e-11,0.0235972,0.00332711,-0.00502108,-0.000327149,0.00263674,-0.000132536,0,0,0.0010632,-0.0823113,-0.0117648,0.606835,0.0202139,0.0572915,-0.00143844,0,0,3.46945e-12,0.0139749,0.0236035,-0.023115,-0.00107632,-0.0121922,0.000757944,0,0,0.00255811,0.0389496,-0.177544,0.202363,0.336072,-0.0382227,0.0285115,0,0,4.85723e-11,0.0622966,-0.0010429,-0.0279867,-0.00648216,-0.0465711,0.00226966,0,0,0.0160717,-0.149622,0.0262122,0.573992,-0.0382669,0.40353,-0.00511673,0,0,-1.73472e-12,-0.00280519,0.00134804,0.00455844,0.000943577,0.00391889,0.000554102,0,0,-0.0305754,-0.00763743,-0.0172363,-0.0146759,0.0289748,-0.00523366,0.0661448,0,0,0,1.20024e-12,-1.20024e-12,0,0,0,0,0,0,0,0,0,0,0,0,0,0.905991,-4.51231e-09,0,-1.20024e-12,0,1.20024e-12,0,1.20024e-12,0,0,0,0,0,0,0,0,0,0,-4.51261e-09,0.905991,
-2.37325e-07,0.00354673,-0.0137155,-0.00027349,8.85597e-05,0.00012883,2.54343e-06,0,0,0.484739,-0.0140268,0.102462,0.000783811,0.000259963,0.0016037,-0.00313621,0,0,-4.60743e-09,0.075214,-0.0026314,0.00912541,0.000952961,0.00127521,-6.13686e-05,0,0,-0.0139652,0.631399,-0.00177147,-0.0806824,0.00397953,-0.0148709,-0.00077681,0,0,-1.26696e-07,-0.00444022,0.072398,0.00411123,9.63599e-05,0.00070425,-3.91224e-05,0,0,0.103297,-0.00164574,0.444462,-0.0119694,-0.0178008,0.00262236,-0.00175425,0,0,4.58687e-08,0.0235192,0.00333224,-0.00496009,-0.000317901,0.00263418,-0.000132532,0,0,0.00106282,-0.0823201,-0.0117793,0.606835,0.020211,0.0572893,-0.00143701,0,0,-1.07632e-06,0.0139389,0.0236666,-0.0230708,-0.00115556,-0.0122274,0.000758747,0,0,0.00287499,0.0389736,-0.177369,0.202335,0.336146,-0.0382159,0.028495,0,0,2.69035e-07,0.0623122,-0.00102507,-0.0280642,-0.00653132,-0.0464973,0.0022691,0,0,0.0161682,-0.149516,0.0262998,0.573973,-0.0382601,0.403551,-0.00511853,0,0,2.94435e-08,-0.00280357,0.00134805,0.00455701,0.000948142,0.00392038,0.000555823,0,0,-0.0305863,-0.00764392,-0.0172552,-0.0146622,0.0289587,-0.00523558,0.0661462,0,0,0,2.40048e-12,2.40048e-12,0,0,0,0,0,0,0,0,0,0,0,0,0,0.905991,-4.45199e-09,0,-2.40048e-12,-3.60072e-12,1.20024e-12,-1.20024e-12,0,0,0,0,0,0,0,0,0,0,0,-4.45229e-09,0.905991,
3.03577e-12,0.0035418,-0.0136878,-0.000274359,8.79849e-05,0.000129362,2.23653e-06,0,0,0.484934,-0.014033,0.102179,0.000782997,0.000291687,0.00161332,-0.00313724,0,0,0,0.0751873,-0.00262432,0.00906238,0.000949499,0.00127429,-6.14059e-05,0,0,-0.0139713,0.6314,-0.0017793,-0.0806884,0.00398207,-0.01486,-0.00077749,0,0,-1.38778e-11,-0.00443679,0.0724348,0.00412486,0.000100744,0.000706901,-3.93368e-05,0,0,0.103016,-0.00165323,0.44457,-0.0119843,-0.0177833,0.00263111,-0.00175613,0,0,4.33681e-12,0.023441,0.00333744,-0.00489887,-0.000308683,0.00263165,-0.000132482,0,0,0.00106248,-0.082329,-0.0117938,0.606835,0.0202082,0.057287,-0.00143559,0,0,-1.04083e-11,0.0139028,0.0237286,-0.0230298,-0.0012337,-0.0122638,0.000758488,0,0,0.00319138,0.0389976,-0.177195,0.202306,0.336221,-0.038209,0.0284785,0,0,-2.08167e-11,0.0623276,-0.00100696,-0.0281409,-0.00658082,-0.046423,0.00226883,0,0,0.0162646,-0.149411,0.0263874,0.573954,-0.0382532,0.403571,-0.00512033,0,0,-3.46945e-12,-0.00280195,0.0013481,0.00455565,0.000952673,0.00392189,0.000557576,0,0,-0.0305971,-0.0076504,-0.0172741,-0.0146485,0.0289427,-0.0052375,0.0661475,0,0,0,0,0,0,0,-1.20024e-12,0,0,0,0,0,0,0,0,0,0,0.905991,4.27646e-09,0,1.20024e-12,0,0,0,-2.40048e-12,-1.20024e-12,0,0,0,0,0,0,0,0,0,4.27676e-09,0.905991,
-8.67362e-13,0.00353758,-0.01366,-0.000275001,8.71843e-05,0.000130365,2.63269e-06,0,0,0.485129,-0.0140392,0.101895,0.000782226,0.000323361,0.00162292,-0.00313827,0,0,0,0.0751604,-0.00261722,0.00899924,0.000946025,0.00127336,-6.14286e-05,0,0,-0.0139775,0.631401,-0.00178716,-0.0806944,0.00398462,-0.0148492,-0.00077817,0,0,6.93889e-12,-0.00443296,0.0724716,0.00413864,0.000105005,0.000709809,-3.91755e-05,0,0,0.102734,-0.00166074,0.444677,-0.0119992,-0.0177659,0.00263988,-0.001758,0,0,-1.73472e-12,0.0233625,0.00334264,-0.0048376,-0.000299405,0.00262901,-0.000132567,0,0,0.00106219,-0.0823378,-0.0118083,0.606835,0.0202053,0.0572848,-0.00143416,0,0,-6.93889e-12,0.0138699,0.0237905,-0.0229876,-0.00131288,-0.0122981,0.000761423,0,0,0.00350727,0.0390216,-0.17702,0.202277,0.336295,-0.0382021,0.0284621,0,0,6.245e-11,0.0623422,-0.000988837,-0.0282177,-0.00663012,-0.0463489,0.00226778,0,0,0.016361,-0.149306,0.0264751,0.573936,-0.0382464,0.403592,-0.00512213,0,0,6.07153e-12,-0.00280041,0.00134817,0.00455425,0.000957228,0.00392335,0.000559246,0,0,-0.0306078,-0.00765688,-0.017293,-0.0146348,0.0289267,-0.0052394,0.0661489,0,0,0,1.20024e-12,0,0,-1.20024e-12,1.20024e-12,0,0,0,0,0,0,0,0,0,0,0.905991,4.23655e-09,0,1.20024e-12,0,0,2.40048e-12,-2.40048e-12,0,0,0,0,0,0,0,0,0,0,4.23625e-09,0.905991,
-8.67362e-13,0.00353267,-0.013632,-0.000275884,8.63956e-05,0.000131136,2.32902e-06,0,0,0.485324,-0.0140454,0.101611,0.000781497,0.000354985,0.00163252,-0.00313929,0,0,0,0.0751334,-0.00261009,0.00893597,0.000942544,0.00127241,-6.14644e-05,0,0,-0.0139836,0.631402,-0.00179504,-0.0807004,0.00398716,-0.0148383,-0.000778849,0,0,1.73472e-12,-0.00442948,0.0725084,0.00415232,0.000109268,0.000712595,-3.93884e-05,0,0,0.102452,-0.00166827,0.444785,-0.0120141,-0.0177485,0.00264866,-0.00175989,0,0,1.82146e-11,0.023284,0.00334786,-0.00477619,-0.000290113,0.00262641,-0.000132515,0,0,0.00106193,-0.0823467,-0.0118228,0.606836,0.0202024,0.0572825,-0.00143273,0,0,1.04083e-11,0.0138338,0.0238524,-0.0229463,-0.00139203,-0.0123335,0.000761178,0,0,0.00382265,0.0390456,-0.176846,0.202248,0.336369,-0.0381952,0.0284456,0,0,-6.93889e-12,0.0623574,-0.000970705,-0.0282941,-0.00667948,-0.0462742,0.00226753,0,0,0.0164572,-0.1492,0.026563,0.573917,-0.0382396,0.403612,-0.00512391,0,0,0,-0.00279878,0.00134825,0.00455287,0.000961776,0.00392484,0.000561006,0,0,-0.0306185,-0.00766336,-0.017312,-0.014621,0.0289107,-0.00524131,0.0661502,0,0,0,2.40048e-12,2.40048e-12,0,2.40048e-12,2.40048e-12,2.40048e-12,0,0,0,0,0,0,0,0,0,0.905991,-4.30827e-09,0,-1.20024e-12,0,0,0,-1.20024e-12,0,0,0,0,0,0,0,0,0,0,-4.30947e-09,0.905991,
-2.29236e-07,0.00352822,-0.013604,-0.000276086,8.56187e-05,0.00013168,2.25838e-06,0,0,0.485519,-0.0140517,0.101326,0.000780812,0.000386559,0.0016421,-0.0031403,0,0,-4.52416e-09,0.0751063,-0.00260293,0.00887261,0.000939057,0.00127145,-6.14952e-05,0,0,-0.0139898,0.631403,-0.00180295,-0.0807063,0.0039897,-0.0148275,-0.000779528,0,0,-1.22838e-07,-0.00442574,0.0725453,0.00416639,0.000113535,0.000715262,-3.94768e-05,0,0,0.102169,-0.00167583,0.444892,-0.012029,-0.017731,0.00265745,-0.00176177,0,0,4.46509e-08,0.0232052,0.0033531,-0.00471482,-0.000280809,0.00262384,-0.000132508,0,0,0.00106172,-0.0823555,-0.0118373,0.606836,0.0201995,0.0572803,-0.00143131,0,0,-1.04423e-06,0.0137997,0.0239142,-0.0229018,-0.00147114,-0.01237,0.000761992,0,0,0.00413754,0.0390696,-0.176672,0.20222,0.336443,-0.0381883,0.0284292,0,0,2.60486e-07,0.062372,-0.000952565,-0.0283713,-0.00672891,-0.0461989,0.00226702,0,0,0.0165533,-0.149095,0.026651,0.573898,-0.0382327,0.403633,-0.00512569,0,0,2.85475e-08,-0.00279721,0.00134834,0.0045514,0.000966319,0.00392635,0.000562741,0,0,-0.030629,-0.00766984,-0.017331,-0.0146073,0.0288948,-0.0052432,0.0661516,0,0,0,1.20024e-12,1.20024e-12,-1.20024e-12,-2.40048e-12,-1.20024e-12,0,0,0,0,0,0,0,0,0,0,0.905991,4.25906e-09,0,0,0,0,-1.20024e-12,-1.20024e-12,0,0,0,0,0,0,0,0,0,0,4.25936e-09,0.905991,
-1.30104e-12,0.00352354,-0.0135762,-0.00027676,8.46258e-05,0.000132911,2.18797e-06,0,0,0.485714,-0.0140579,0.101042,0.000780169,0.000418083,0.00165168,-0.0031413,0,0,0,0.075079,-0.00259575,0.00880912,0.00093556,0.00127049,-6.15255e-05,0,0,-0.0139959,0.631404,-0.00181088,-0.0807122,0.00399225,-0.0148167,-0.000780208,0,0,1.56125e-11,-0.00442209,0.0725819,0.00418024,0.000117682,0.000718301,-3.95651e-05,0,0,0.101886,-0.00168342,0.444999,-0.0120438,-0.0177136,0.00266625,-0.00176366,0,0,-9.54098e-12,0.0231263,0.00335839,-0.00465327,-0.000271449,0.00262112,-0.000132501,0,0,0.00106155,-0.0823642,-0.0118518,0.606836,0.0201965,0.057278,-0.00142988,0,0,3.46945e-11,0.0137645,0.023975,-0.0228592,-0.00155126,-0.0124034,0.000762808,0,0,0.00445193,0.0390937,-0.176497,0.202191,0.336517,-0.0381814,0.0284128,0,0,3.46945e-11,0.0623868,-0.000934156,-0.0284478,-0.00677814,-0.0461241,0.00226652,0,0,0.0166494,-0.148991,0.0267391,0.573878,-0.0382259,0.403653,-0.00512746,0,0,3.46945e-12,-0.0027956,0.00134847,0.00454997,0.000970885,0.00392778,0.000564479,0,0,-0.0306395,-0.00767631,-0.0173501,-0.0145936,0.0288789,-0.00524509,0.0661529,0,0,0,0,0,0,0,0,0,0,0,0,0,0,0,0,0,0,0.905991,-4.32537e-09,0,0,0,0,0,0,0,0,0,0,0,0,0,0,0,0,-4.32447e-09,0.905991,
-1.73472e-12,0.00351842,-0.0135475,-0.000277898,8.43273e-05,0.000133685,2.11769e-06,0,0,0.485909,-0.0140641,0.100756,0.000779568,0.000449556,0.00166124,-0.00314229,0,0,0,0.0750516,-0.00258852,0.00874551,0.00093207,0.00126951,-6.15556e-05,0,0,-0.0140021,0.631404,-0.00181883,-0.0807182,0.00399479,-0.0148059,-0.000780887,0,0,6.93889e-12,-0.00441866,0.072619,0.00419387,0.000122199,0.000721098,-3.96534e-05,0,0,0.101602,-0.00169103,0.445106,-0.0120587,-0.0176962,0.00267506,-0.00176555,0,0,8.67362e-12,0.0230474,0.00336357,-0.00459153,-0.000262211,0.00261848,-0.000132493,0,0,0.00106143,-0.082373,-0.0118663,0.606837,0.0201936,0.0572758,-0.00142846,0,0,6.93889e-12,0.0137271,0.0240388,-0.0228187,-0.00162822,-0.0124389,0.000763624,0,0,0.00476582,0.0391177,-0.176323,0.202161,0.336591,-0.0381745,0.0283965,0,0,3.46945e-11,0.0624019,-0.000916514,-0.0285237,-0.0068282,-0.0460485,0.00226601,0,0,0.0167453,-0.148886,0.0268274,0.573859,-0.038219,0.403674,-0.00512923,0,0,6.07153e-12,-0.00279394,0.00134853,0.00454859,0.000975359,0.00392926,0.00056622,0,0,-0.0306499,-0.00768279,-0.0173692,-0.0145799,0.028863,-0.00524697,0.0661543,0,0,0,1.20024e-12,0,0,0,0,0,-5.76116e-11,0,0,0,0,0,0,0,0,0.905991,4.26776e-09,0,1.20024e-12,0,0,0,0,0,0,0,0,0,0,0,0,0,0,4.26716e-09,0.905991,
2.25786e-07,0.00351398,-0.0135195,-0.00027814,8.31336e-05,0.000134236,2.04746e-06,0,0,0.486104,-0.0140703,0.100471,0.000779009,0.000480978,0.00167079,-0.00314327,0,0,4.4964e-09,0.075024,-0.00258128,0.00868181,0.000928557,0.00126851,-6.15854e-05,0,0,-0.0140082,0.631405,-0.00182681,-0.0807241,0.00399734,-0.0147952,-0.000781566,0,0,1.21349e-07,-0.00441484,0.0726557,0.00420801,0.000126232,0.000723777,-3.97418e-05,0,0,0.101318,-0.00169867,0.445213,-0.0120735,-0.0176788,0.00268389,-0.00176745,0,0,-4.42667e-08,0.0229681,0.00336889,-0.00452988,-0.000252785,0.00261587,-0.000132485,0,0,0.00106134,-0.0823817,-0.0118807,0.606837,0.0201907,0.0572735,-0.00142703,0,0,1.03186e-06,0.0136929,0.0240995,-0.0227739,-0.00170929,-0.0124755,0.000764441,0,0,0.0050792,0.0391418,-0.176149,0.202132,0.336664,-0.0381676,0.0283801,0,0,-2.57031e-07,0.0624161,-0.000898087,-0.0286005,-0.0068773,-0.0459723,0.00226551,0,0,0.0168412,-0.148782,0.0269157,0.57384,-0.0382121,0.403694,-0.00513099,0,0,-2.81953e-08,-0.00279235,0.00134868,0.00454709,0.00097994,0.00393076,0.000567965,0,0,-0.0306602,-0.00768927,-0.0173883,-0.0145662,0.0288471,-0.00524884,0.0661556,0,0,-2.40048e-12,-1.20024e-12,1.20024e-12,-1.20024e-12,0,1.20024e-12,-1.20024e-12,1.15223e-10,0,0,0,0,0,0,0,0,0.905991,-4.32747e-09,1.20024e-12,1.20024e-12,0,0,0,0,1.20024e-12,-1.20024e-12,0,0,0,0,0,0,0,0,-4.32777e-09,0.905991,
-8.67362e-13,0.00350954,-0.0134913,-0.000278846,8.28553e-05,0.000134789,1.97723e-06,0,0,0.4863,-0.0140764,0.100185,0.000778493,0.00051235,0.00168034,-0.00314425,0,0,0,0.0749964,-0.00257402,0.00861798,0.000925055,0.0012675,-6.16149e-05,0,0,-0.0140143,0.631406,-0.00183481,-0.08073,0.00399988,-0.0147844,-0.000782245,0,0,6.93889e-12,-0.004411,0.0726923,0.00422192,0.000130753,0.00072646,-3.98301e-05,0,0,0.101034,-0.00170633,0.44532,-0.0120884,-0.0176614,0.00269273,-0.00176935,0,0,-1.30104e-11,0.0228887,0.00337423,-0.00446805,-0.000243526,0.00261324,-0.000132476,0,0,0.0010613,-0.0823905,-0.0118952,0.606837,0.0201877,0.0572712,-0.00142561,0,0,0,0.0136585,0.0241601,-0.022731,-0.00178619,-0.0125121,0.000765258,0,0,0.00539208,0.0391659,-0.175975,0.202103,0.336738,-0.0381607,0.0283638,0,0,-2.08167e-11,0.0624302,-0.000879654,-0.0286767,-0.00692748,-0.0458958,0.002265,0,0,0.0169369,-0.148677,0.0270042,0.57382,-0.0382052,0.403715,-0.00513274,0,0,0,-0.00279076,0.00134885,0.00454563,0.000984403,0.00393226,0.000569713,0,0,-0.0306704,-0.00769574,-0.0174075,-0.0145525,0.0288313,-0.00525071,0.0661569,0,0,0,0,0,2.40048e-12,-2.40048e-12,2.40048e-12,-1.20024e-12,0,0,0,0,0,0,0,0,0,0.905991,4.26476e-09,0,0,0,-2.40048e-12,2.40048e-12,-2.40048e-12,1.20024e-12,0,0,0,0,0,0,0,0,0,4.26446e-09,0.905991,
-1.73472e-12,0.00350466,-0.0134626,-0.000279789,8.19132e-05,0.000136018,1.90694e-06,0,0,0.486495,-0.0140826,0.0998982,0.000778018,0.000543671,0.00168987,-0.00314521,0,0,0,0.0749685,-0.00256672,0.00855403,0.000921535,0.00126649,-6.16444e-05,0,0,-0.0140204,0.631407,-0.00184284,-0.0807359,0.00400243,-0.0147737,-0.000782924,0,0,5.20417e-12,-0.00440738,0.0727292,0.00423574,0.000134915,0.00072951,-3.99186e-05,0,0,0.100749,-0.00171402,0.445427,-0.0121032,-0.0176439,0.00270158,-0.00177125,0,0,2.25514e-11,0.0228092,0.00337949,-0.00440608,-0.000234124,0.00261046,-0.000132467,0,0,0.00106129,-0.0823992,-0.0119096,0.606838,0.0201848,0.0572689,-0.00142419,0,0,0,0.0136221,0.0242227,-0.0226891,-0.00186614,-0.0125457,0.000766074,0,0,0.00570446,0.03919,-0.1758,0.202074,0.336812,-0.0381537,0.0283476,0,0,-5.55112e-11,0.0624447,-0.000861723,-0.0287525,-0.00697694,-0.0458198,0.00226449,0,0,0.0170326,-0.148573,0.0270928,0.573801,-0.0381984,0.403735,-0.00513448,0,0,-1.73472e-12,-0.00278912,0.00134897,0.00454419,0.000988945,0.00393368,0.000571465,0,0,-0.0306805,-0.00770222,-0.0174267,-0.0145389,0.0288155,-0.00525257,0.0661583,0,0,0,0,0,0,0,0,0,0,0,0,0,0,0,0,0,0,0.905991,-4.31967e-09,0,1.20024e-12,0,0,1.20024e-12,-1.20024e-12,1.20024e-12,0,0,0,0,0,0,0,0,0,-4.31967e-09,0.905991,
-3.46945e-12,0.00349978,-0.0134343,-0.000280741,8.14328e-05,0.000136573,1.61259e-06,0,0,0.486691,-0.0140888,0.0996113,0.000777584,0.000574942,0.0016994,-0.00314617,0,0,0,0.0749406,-0.0025594,0.00848997,0.000918018,0.00126545,-6.16782e-05,0,0,-0.0140265,0.631408,-0.00185089,-0.0807418,0.00400498,-0.014763,-0.000783603,0,0,1.38778e-11,-0.00440373,0.0727659,0.00424957,0.000139321,0.000732198,-4.01279e-05,0,0,0.100464,-0.00172173,0.445534,-0.0121181,-0.0176265,0.00271044,-0.00177315,0,0,7.80626e-12,0.0227296,0.00338485,-0.00434402,-0.000224801,0.00260781,-0.000132414,0,0,0.00106133,-0.0824079,-0.0119241,0.606838,0.0201818,0.0572666,-0.00142277,0,0,3.1225e-11,0.0135855,0.0242832,-0.022647,-0.001944,-0.0125824,0.000765863,0,0,0.00601634,0.0392141,-0.175626,0.202044,0.336885,-0.0381468,0.0283313,0,0,-3.46945e-11,0.0624591,-0.000843272,-0.0288282,-0.00702698,-0.0457427,0.00226422,0,0,0.0171282,-0.148469,0.0271816,0.573781,-0.0381914,0.403756,-0.00513622,0,0,-2.60209e-12,-0.00278747,0.00134916,0.00454274,0.000993424,0.00393518,0.000573248,0,0,-0.0306906,-0.00770869,-0.0174459,-0.0145252,0.0287997,-0.00525443,0.0661596,0,0,0,0,0,0,0,0,0,0,0,0,0,0,0,0,0,0,0.905991,4.25275e-09,0,0,0,0,0,0,0,0,0,0,0,0,0,0,0,0,4.25245e-09,0.905991,
4.33681e-13,0.00349513,-0.0134056,-0.000281257,8.074e-05,0.000137354,1.98984e-06,0,0,0.486886,-0.014095,0.0993242,0.000777193,0.000606161,0.00170892,-0.00314712,0,0,2.77556e-11,0.0749125,-0.00255204,0.00842581,0.000914492,0.00126441,-6.16983e-05,0,0,-0.0140326,0.631408,-0.00185897,-0.0807476,0.00400753,-0.0147523,-0.000784282,0,0,3.46945e-12,-0.00439995,0.0728026,0.00426366,0.00014361,0.000735011,-3.99751e-05,0,0,0.100179,-0.00172947,0.44564,-0.0121329,-0.0176091,0.00271932,-0.00177506,0,0,2.60209e-12,0.0226498,0.00339019,-0.00428195,-0.000215425,0.00260509,-0.000132494,0,0,0.00106141,-0.0824165,-0.0119385,0.606839,0.0201788,0.0572643,-0.00142134,0,0,1.04083e-11,0.01355,0.0243447,-0.0226028,-0.00202284,-0.0126181,0.000768733,0,0,0.00632772,0.0392382,-0.175452,0.202015,0.336958,-0.0381398,0.0283151,0,0,6.93889e-12,0.0624731,-0.000825068,-0.0289044,-0.00707682,-0.0456656,0.00226319,0,0,0.0172236,-0.148365,0.0272704,0.573762,-0.0381845,0.403776,-0.00513796,0,0,-2.60209e-12,-0.00278584,0.00134934,0.00454123,0.000997926,0.00393665,0.00057495,0,0,-0.0307005,-0.00771517,-0.0174652,-0.0145115,0.0287839,-0.00525628,0.0661609,0,0,0,0,0,0,0,0,1.20024e-12,0,0,0,0,0,0,0,0,0,0.905991,-4.30226e-09,0,0,0,0,0,0,0,0,0,0,0,0,0,0,0,0,-4.30226e-09,0.905991,
-3.46945e-12,0.00349049,-0.0133769,-0.000282232,7.98358e-05,0.000137912,1.91904e-06,0,0,0.487082,-0.0141011,0.0990366,0.000776842,0.00063733,0.00171842,-0.00314806,0,0,0,0.0748843,-0.00254466,0.00836152,0.000910955,0.00126335,-6.17274e-05,0,0,-0.0140387,0.631409,-0.00186707,-0.0807535,0.00401008,-0.0147416,-0.00078496,0,0,8.67362e-12,-0.00439613,0.0728394,0.00427753,0.000147782,0.000737707,-4.00638e-05,0,0,0.099893,-0.00173723,0.445747,-0.0121477,-0.0175917,0.00272821,-0.00177698,0,0,2.34188e-11,0.0225698,0.00339553,-0.0042197,-0.000205995,0.00260241,-0.000132485,0,0,0.00106152,-0.0824252,-0.0119529,0.606839,0.0201758,0.057262,-0.00141992,0,0,-1.38778e-11,0.0135144,0.0244062,-0.0225606,-0.00210267,-0.0126548,0.000769549,0,0,0.0066386,0.0392623,-0.175278,0.201985,0.337032,-0.0381329,0.0282989,0,0,-8.32667e-11,0.062487,-0.000806854,-0.0289799,-0.00712646,-0.0455878,0.00226265,0,0,0.017319,-0.148262,0.0273595,0.573742,-0.0381776,0.403796,-0.00513969,0,0,-6.07153e-12,-0.00278421,0.00134952,0.00453976,0.00100245,0.00393814,0.000576712,0,0,-0.0307104,-0.00772164,-0.0174845,-0.0144978,0.0287682,-0.00525813,0.0661622,0,0,0,2.40048e-12,0,-2.40048e-12,0,1.20024e-12,0,0,0,0,0,0,0,0,0,0,0.905991,4.23205e-09,0,0,0,0,0,0,0,0,0,0,0,0,0,0,0,0,4.23235e-09,0.905991,
2.23449e-07,0.00348608,-0.0133478,-0.000282772,7.93911e-05,0.000139142,1.62473e-06,0,0,0.487278,-0.0141073,0.0987487,0.000776533,0.000668448,0.00172792,-0.00314899,0,0,4.55191e-09,0.0748559,-0.00253725,0.00829713,0.000907423,0.00126229,-6.1761e-05,0,0,-0.0140448,0.63141,-0.0018752,-0.0807593,0.00401263,-0.0147309,-0.000785639,0,0,1.20829e-07,-0.00439218,0.0728762,0.00429165,0.000152199,0.000740768,-4.02734e-05,0,0,0.0996068,-0.00174502,0.445853,-0.0121625,-0.0175743,0.00273711,-0.00177889,0,0,-4.43022e-08,0.0224896,0.00340085,-0.00415744,-0.000196645,0.00259958,-0.000132431,0,0,0.00106168,-0.0824338,-0.0119674,0.60684,0.0201728,0.0572596,-0.0014185,0,0,1.02789e-06,0.0134798,0.0244686,-0.0225162,-0.00218041,-0.0126885,0.000769336,0,0,0.00694897,0.0392864,-0.175104,0.201955,0.337105,-0.0381259,0.0282827,0,0,-2.55358e-07,0.0625005,-0.000788887,-0.0290558,-0.00717666,-0.0455106,0.00226236,0,0,0.0174143,-0.148158,0.0274486,0.573722,-0.0381707,0.403817,-0.00514141,0,0,-2.80704e-08,-0.00278261,0.00134969,0.00453822,0.00100691,0.00393955,0.000578504,0,0,-0.0307202,-0.00772812,-0.0175038,-0.0144842,0.0287525,-0.00525997,0.0661636,0,0,-1.20024e-12,1.20024e-12,-1.20024e-12,0,0,1.20024e-12,0,5.64113e-11,0,0,0,0,0,0,0,0,0.905991,4.27886e-09,2.40048e-12,-2.40048e-12,0,0,0,-2.40048e-12,0,0,0,0,0,0,0,0,0,0,4.27886e-09,0.905991,
4.33681e-13,0.00348144,-0.0133189,-0.000283324,7.85121e-05,0.000139927,1.33028e-06,0,0,0.487474,-0.0141134,0.0984603,0.000776264,0.000699516,0.00173741,-0.00314991,0,0,0,0.0748274,-0.00252982,0.00823263,0.000903876,0.00126121,-6.17947e-05,0,0,-0.0140508,0.631411,-0.00188335,-0.0807652,0.00401518,-0.0147203,-0.000786318,0,0,-1.73472e-12,-0.00438832,0.0729129,0.00430579,0.000156379,0.000743592,-4.04834e-05,0,0,0.0993202,-0.00175283,0.445959,-0.0121773,-0.0175569,0.00274602,-0.00178081,0,0,-2.60209e-11,0.0224093,0.00340622,-0.0040951,-0.000187197,0.00259682,-0.000132377,0,0,0.00106188,-0.0824424,-0.0119818,0.60684,0.0201698,0.0572573,-0.00141708,0,0,0,0.013444,0.0245299,-0.0224717,-0.00226017,-0.0127243,0.00076912,0,0,0.00725884,0.0393106,-0.174929,0.201926,0.337178,-0.0381189,0.0282666,0,0,4.16334e-11,0.0625141,-0.000770655,-0.0291316,-0.00722642,-0.0454325,0.00226207,0,0,0.0175095,-0.148055,0.0275379,0.573702,-0.0381637,0.403837,-0.00514313,0,0,0,-0.00278098,0.0013499,0.00453668,0.00101142,0.003941,0.000580301,0,0,-0.0307299,-0.00773459,-0.0175232,-0.0144705,0.0287368,-0.00526181,0.0661649,0,0,0,1.20024e-12,2.40048e-12,0,-1.20024e-12,0,-1.20024e-12,1.72835e-10,0,0,0,0,0,0,0,0,0.905991,-4.43639e-09,0,1.20024e-12,1.20024e-12,-1.20024e-12,0,1.20024e-12,-1.20024e-12,0,0,0,0,0,0,0,0,0,-4.43699e-09,0.905991,
-8.67362e-13,0.00347682,-0.0132899,-0.000284334,7.80928e-05,0.000140713,1.25905e-06,0,0,0.48767,-0.0141195,0.0981717,0.000776037,0.000730532,0.00174689,-0.00315083,0,0,0,0.0747987,-0.00252236,0.008168,0.000900333,0.00126012,-6.18236e-05,0,0,-0.0140569,0.631411,-0.00189153,-0.080771,0.00401774,-0.0147096,-0.000786997,0,0,3.46945e-12,-0.00438444,0.0729496,0.00431971,0.000160804,0.000746418,-4.05727e-05,0,0,0.0990332,-0.00176067,0.446065,-0.0121921,-0.0175394,0.00275495,-0.00178274,0,0,2.60209e-12,0.0223288,0.00341161,-0.00403257,-0.000177829,0.00259405,-0.000132367,0,0,0.00106212,-0.082451,-0.0119962,0.60684,0.0201668,0.057255,-0.00141566,0,0,0,0.0134083,0.0245912,-0.0224291,-0.00233782,-0.0127601,0.000769931,0,0,0.00756821,0.0393348,-0.174755,0.201896,0.337251,-0.038112,0.0282505,0,0,-2.08167e-11,0.0625276,-0.000752415,-0.0292068,-0.00727674,-0.0453541,0.00226151,0,0,0.0176047,-0.147952,0.0276273,0.573683,-0.0381568,0.403858,-0.00514485,0,0,1.73472e-12,-0.00277934,0.00135012,0.00453518,0.00101587,0.00394246,0.000582072,0,0,-0.0307396,-0.00774107,-0.0175426,-0.0144569,0.0287212,-0.00526364,0.0661662,0,0,0,0,0,0,0,1.20024e-12,0,0,0,0,0,0,0,0,0,0,0.905991,-4.4565e-09,0,0,0,0,0,0,-1.20024e-12,0,0,0,0,0,0,0,0,0,-4.4571e-09,0.905991,
4.33681e-13,0.0034722,-0.013261,-0.000284909,7.72388e-05,0.000141052,1.41133e-06,0,0,0.487866,-0.0141257,0.0978826,0.00077585,0.000761498,0.00175636,-0.00315174,0,0,0,0.0747699,-0.00251488,0.00810328,0.000896775,0.001259,-6.18479e-05,0,0,-0.0140629,0.631412,-0.00189973,-0.0807768,0.00402029,-0.014699,-0.000787676,0,0,-3.46945e-12,-0.00438053,0.0729862,0.00433389,0.00016499,0.000749005,-4.05409e-05,0,0,0.0987459,-0.00176853,0.446171,-0.0122069,-0.017522,0.00276389,-0.00178466,0,0,-6.07153e-12,0.0222482,0.00341705,-0.00397004,-0.000168363,0.00259135,-0.000132402,0,0,0.0010624,-0.0824596,-0.0120106,0.606841,0.0201638,0.0572526,-0.00141425,0,0,-2.77556e-11,0.0133724,0.0246514,-0.0223844,-0.0024175,-0.012798,0.000771774,0,0,0.00787708,0.0393589,-0.174581,0.201866,0.337324,-0.038105,0.0282344,0,0,1.38778e-11,0.062541,-0.000733908,-0.0292824,-0.0073266,-0.0452749,0.00226068,0,0,0.0176997,-0.147849,0.0277168,0.573662,-0.0381498,0.403878,-0.00514656,0,0,2.60209e-12,-0.0027777,0.00135039,0.00453362,0.00102037,0.00394397,0.000583819,0,0,-0.0307491,-0.00774754,-0.017562,-0.0144432,0.0287055,-0.00526547,0.0661675,0,0,0,1.20024e-12,-1.20024e-12,0,1.20024e-12,0,1.20024e-12,0,0,0,0,0,0,0,0,0,0.905991,-4.34787e-09,0,1.20024e-12,-1.20024e-12,0,1.20024e-12,0,1.20024e-12,0,0,0,0,0,0,0,0,0,-4.34817e-09,0.905991,
-2.1684e-12,0.00346758,-0.0132315,-0.000286167,7.6621e-05,0.000142288,1.33983e-06,0,0,0.488062,-0.0141318,0.0975932,0.000775704,0.000792413,0.00176582,-0.00315263,0,0,0,0.074741,-0.00250736,0.00803842,0.000893217,0.0012579,-6.18768e-05,0,0,-0.014069,0.631413,-0.00190795,-0.0807826,0.00402285,-0.0146884,-0.000788354,0,0,6.93889e-12,-0.0043766,0.073023,0.00434773,0.000169302,0.00075208,-4.06304e-05,0,0,0.0984581,-0.00177642,0.446277,-0.0122217,-0.0175046,0.00277284,-0.0017866,0,0,-1.21431e-11,0.0221674,0.00342242,-0.00390728,-0.000158933,0.00258846,-0.000132392,0,0,0.00106272,-0.0824682,-0.012025,0.606841,0.0201608,0.0572502,-0.00141283,0,0,-1.04083e-11,0.0133366,0.0247137,-0.0223427,-0.00249611,-0.0128318,0.000772585,0,0,0.00818545,0.0393831,-0.174407,0.201836,0.337397,-0.038098,0.0282183,0,0,-5.55112e-11,0.0625543,-0.000715906,-0.0293572,-0.00737678,-0.0451964,0.00226011,0,0,0.0177946,-0.147746,0.0278065,0.573642,-0.0381429,0.403898,-0.00514827,0,0,-5.20417e-12,-0.00277606,0.0013506,0.00453213,0.00102484,0.00394537,0.000585597,0,0,-0.0307586,-0.00775402,-0.0175815,-0.0144296,0.0286899,-0.0052673,0.0661688,0,0,0,-2.40048e-12,-2.40048e-12,0,0,-2.40048e-12,0,0,0,0,0,0,0,0,0,0,0.905991,4.14293e-09,0,-1.20024e-12,-1.20024e-12,0,0,-1.20024e-12,0,0,0,0,0,0,0,0,0,0,4.14293e-09,0.905991,
-2.24304e-07,0.00346275,-0.0132024,-0.00028654,7.57917e-05,0.000142853,1.49244e-06,0,0,0.488258,-0.0141379,0.0973034,0.000775598,0.000823277,0.00177527,-0.00315352,0,0,-4.69069e-09,0.0747119,-0.00249982,0.00797348,0.000889649,0.00125676,-6.19009e-05,0,0,-0.014075,0.631413,-0.0019162,-0.0807884,0.0040254,-0.0146778,-0.000789033,0,0,-1.21857e-07,-0.00437277,0.0730596,0.00436206,0.000173496,0.000754794,-4.05981e-05,0,0,0.0981701,-0.00178433,0.446383,-0.0122365,-0.0174872,0.00278181,-0.00178853,0,0,4.49059e-08,0.0220865,0.00342789,-0.00384461,-0.000149448,0.00258569,-0.000132427,0,0,0.00106308,-0.0824767,-0.0120393,0.606842,0.0201577,0.0572479,-0.00141141,0,0,-1.03738e-06,0.0132996,0.0247738,-0.0222967,-0.00257572,-0.0128687,0.000774432,0,0,0.00849332,0.0394073,-0.174233,0.201805,0.33747,-0.038091,0.0282023,0,0,2.57107e-07,0.0625677,-0.000697381,-0.0294328,-0.00742676,-0.0451168,0.00225927,0,0,0.0178895,-0.147643,0.0278963,0.573622,-0.0381359,0.403919,-0.00514997,0,0,2.83133e-08,-0.00277438,0.00135089,0.00453051,0.00102933,0.00394684,0.000587351,0,0,-0.030768,-0.0077605,-0.017601,-0.014416,0.0286743,-0.00526912,0.0661701,0,0,0,-1.20024e-12,-1.20024e-12,1.20024e-12,1.20024e-12,0,0,0,0,0,0,0,0,0,0,0,0.905991,4.06822e-09,1.20024e-12,-1.20024e-12,-1.20024e-12,1.20024e-12,1.20024e-12,0,0,0,0,0,0,0,0,0,0,0,4.06852e-09,0.905991,
1.73472e-12,0.00345837,-0.0131726,-0.000287598,7.56485e-05,0.000143643,1.19626e-06,0,0,0.488454,-0.014144,0.0970133,0.000775533,0.00085409,0.00178471,-0.0031544,0,0,0,0.0746827,-0.00249224,0.0079084,0.00088609,0.00125562,-6.19344e-05,0,0,-0.0140811,0.631414,-0.00192447,-0.0807942,0.00402796,-0.0146673,-0.000789712,0,0,-1.38778e-11,-0.00436868,0.0730965,0.00437605,0.00017806,0.000757634,-4.08096e-05,0,0,0.0978816,-0.00179227,0.446489,-0.0122513,-0.0174698,0.00279079,-0.00179047,0,0,-6.07153e-12,0.0220054,0.00343324,-0.00378171,-0.00014009,0.00258286,-0.000132372,0,0,0.00106347,-0.0824853,-0.0120537,0.606843,0.0201547,0.0572455,-0.00141,0,0,0,0.0132646,0.0248369,-0.0222537,-0.00265217,-0.0129046,0.000774203,0,0,0.00880069,0.0394315,-0.174058,0.201775,0.337542,-0.0380839,0.0281863,0,0,-2.08167e-11,0.0625804,-0.000679618,-0.0295076,-0.00747757,-0.0450372,0.00225893,0,0,0.0179843,-0.147541,0.0279862,0.573602,-0.0381289,0.403939,-0.00515167,0,0,-7.80626e-12,-0.00277276,0.0013511,0.00452898,0.00103373,0.00394829,0.000589164,0,0,-0.0307773,-0.00776697,-0.0176205,-0.0144024,0.0286588,-0.00527094,0.0661714,0,0,0,0,-2.40048e-12,0,2.40048e-12,2.40048e-12,2.40048e-12,-5.76116e-11,0,0,0,0,0,0,0,0,0.905991,4.09792e-09,0,0,1.20024e-12,0,-2.40048e-12,-2.40048e-12,-2.40048e-12,0,0,0,0,0,0,0,0,0,4.09822e-09,0.905991,
-1.30104e-12,0.00345377,-0.0131431,-0.000288444,7.46196e-05,0.000144434,1.12422e-06,0,0,0.488651,-0.0141501,0.0967228,0.000775508,0.000884853,0.00179415,-0.00315528,0,0,0,0.0746534,-0.00248465,0.00784323,0.000882507,0.00125447,-6.19631e-05,0,0,-0.0140871,0.631415,-0.00193277,-0.0808,0.00403051,-0.0146567,-0.000790391,0,0,1.38778e-11,-0.00436468,0.0731331,0.00439018,0.00018214,0.000760476,-4.08994e-05,0,0,0.0975928,-0.00180023,0.446595,-0.012266,-0.0174524,0.00279979,-0.00179241,0,0,-1.73472e-12,0.0219242,0.00343869,-0.00371876,-0.000130542,0.00258002,-0.000132361,0,0,0.00106391,-0.0824938,-0.0120681,0.606843,0.0201516,0.0572431,-0.00140858,0,0,2.42861e-11,0.0132286,0.024898,-0.0222096,-0.00273275,-0.0129405,0.000775011,0,0,0.00910756,0.0394558,-0.173884,0.201745,0.337615,-0.0380769,0.0281703,0,0,-6.93889e-12,0.0625933,-0.000661333,-0.0295825,-0.0075274,-0.0449573,0.00225833,0,0,0.0180789,-0.147439,0.0280763,0.573582,-0.0381219,0.403959,-0.00515337,0,0,-2.60209e-12,-0.00277111,0.00135138,0.0045274,0.00103824,0.00394974,0.000590952,0,0,-0.0307865,-0.00777345,-0.0176401,-0.0143888,0.0286433,-0.00527276,0.0661727,0,0,0,0,1.20024e-12,1.20024e-12,0,0,2.40048e-12,0,0,0,0,0,0,0,0,0,0.905991,4.22665e-09,0,0,0,0,0,0,0,0,0,0,0,0,0,0,0,0,4.22635e-09,0.905991,
8.67362e-13,0.00344896,-0.0131138,-0.0002893,7.42783e-05,0.000145001,1.052e-06,0,0,0.488847,-0.0141561,0.096432,0.000775523,0.000915565,0.00180357,-0.00315614,0,0,0,0.0746239,-0.00247703,0.00777794,0.000878932,0.00125331,-6.19918e-05,0,0,-0.0140931,0.631416,-0.00194109,-0.0808058,0.00403307,-0.0146462,-0.00079107,0,0,-8.67362e-12,-0.00436078,0.0731696,0.00440432,0.000186591,0.000763199,-4.09894e-05,0,0,0.0973037,-0.00180821,0.4467,-0.0122808,-0.0174349,0.0028088,-0.00179435,0,0,-2.25514e-11,0.0218428,0.0034442,-0.00365573,-0.000121121,0.00257721,-0.000132351,0,0,0.00106439,-0.0825023,-0.0120824,0.606844,0.0201486,0.0572407,-0.00140717,0,0,-2.42861e-11,0.0131914,0.0249579,-0.0221654,-0.00281016,-0.0129775,0.000775818,0,0,0.00941393,0.03948,-0.17371,0.201714,0.337687,-0.0380699,0.0281544,0,0,5.55112e-11,0.0626063,-0.000642779,-0.0296573,-0.00757807,-0.0448768,0.00225772,0,0,0.0181735,-0.147336,0.0281665,0.573561,-0.038115,0.403979,-0.00515507,0,0,-3.46945e-12,-0.00276943,0.0013517,0.00452582,0.00104265,0.00395121,0.000592744,0,0,-0.0307956,-0.00777993,-0.0176597,-0.0143751,0.0286277,-0.00527457,0.066174,0,0,0,-1.20024e-12,0,1.20024e-12,1.20024e-12,0,-1.20024e-12,-5.76116e-11,0,0,0,0,0,0,0,0,0.905991,-4.4649e-09,0,0,-1.20024e-12,0,0,0,0,-1.20024e-12,0,0,0,0,0,0,0,0,-4.4658e-09,0.905991,
2.25918e-07,0.00344437,-0.0130839,-0.000290169,7.3725e-05,0.000146246,9.79614e-07,0,0,0.489043,-0.0141622,0.0961408,0.000775579,0.000946226,0.00181299,-0.003157,0,0,4.77396e-09,0.0745943,-0.00246938,0.00771253,0.000875348,0.00125214,-6.20204e-05,0,0,-0.0140991,0.631416,-0.00194944,-0.0808115,0.00403563,-0.0146357,-0.000791749,0,0,1.23219e-07,-0.00435673,0.0732064,0.00441849,0.000190924,0.000766294,-4.10794e-05,0,0,0.0970142,-0.00181622,0.446805,-0.0122955,-0.0174175,0.00281782,-0.0017963,0,0,-4.55747e-08,0.0217613,0.00344964,-0.0035926,-0.000111645,0.00257424,-0.00013234,0,0,0.00106491,-0.0825108,-0.0120968,0.606844,0.0201455,0.0572383,-0.00140575,0,0,1.04933e-06,0.0131552,0.0250199,-0.0221211,-0.00288857,-0.0130114,0.000776624,0,0,0.00971981,0.0395042,-0.173536,0.201684,0.33776,-0.0380629,0.0281385,0,0,-2.5957e-07,0.0626189,-0.000624734,-0.029732,-0.00762853,-0.0447968,0.0022571,0,0,0.018268,-0.147234,0.0282569,0.573541,-0.038108,0.404,-0.00515676,0,0,-2.86177e-08,-0.00276777,0.00135198,0.00452422,0.00104709,0.00395259,0.000594539,0,0,-0.0308047,-0.00778641,-0.0176793,-0.0143615,0.0286123,-0.00527638,0.0661753,0,0,1.20024e-12,-1.20024e-12,0,1.20024e-12,1.20024e-12,0,1.20024e-12,0,0,0,0,0,0,0,0,0,0.905991,-4.56362e-09,-1.20024e-12,1.20024e-12,0,-1.20024e-12,-1.20024e-12,0,1.20024e-12,0,0,0,0,0,0,0,0,0,-4.56362e-09,0.905991,
4.33681e-13,0.00344002,-0.0130541,-0.000291049,7.29582e-05,0.000146589,6.80677e-07,0,0,0.48924,-0.0141683,0.0958493,0.000775674,0.000976837,0.0018224,-0.00315784,0,0,-2.77556e-11,0.0745645,-0.0024617,0.00764702,0.000871754,0.00125094,-6.20538e-05,0,0,-0.0141051,0.631417,-0.00195781,-0.0808173,0.00403819,-0.0146252,-0.000792428,0,0,-5.20417e-12,-0.00435254,0.073243,0.00443266,0.000195138,0.000768899,-4.12932e-05,0,0,0.0967243,-0.00182426,0.446911,-0.0123103,-0.0174001,0.00282685,-0.00179825,0,0,1.73472e-12,0.0216795,0.00345513,-0.00352938,-0.000102114,0.00257145,-0.000132284,0,0,0.00106546,-0.0825193,-0.0121111,0.606845,0.0201424,0.0572359,-0.00140434,0,0,-2.08167e-11,0.0131201,0.0250807,-0.0220767,-0.002968,-0.0130495,0.000776376,0,0,0.0100252,0.0395285,-0.173362,0.201653,0.337832,-0.0380558,0.0281226,0,0,7.63278e-11,0.0626312,-0.000606422,-0.0298066,-0.00767879,-0.0447155,0.00225674,0,0,0.0183625,-0.147132,0.0283474,0.57352,-0.0381009,0.40402,-0.00515845,0,0,8.67362e-13,-0.00276614,0.0013523,0.00452262,0.00105155,0.00395408,0.000596366,0,0,-0.0308136,-0.00779289,-0.017699,-0.0143479,0.0285968,-0.00527819,0.0661766,0,0,0,0,0,0,0,0,0,0,0,0,0,0,0,0,0,0,0.905991,-4.51591e-09,0,-1.20024e-12,1.20024e-12,1.20024e-12,1.20024e-12,1.20024e-12,0,0,0,0,0,0,0,0,0,0,-4.51681e-09,0.905991,
3.46945e-12,0.00343545,-0.0130245,-0.00029194,7.28842e-05,0.00014761,8.34392e-07,0,0,0.489436,-0.0141743,0.0955574,0.000775809,0.0010074,0.00183179,-0.00315868,0,0,0,0.0745346,-0.002454,0.0075814,0.00086817,0.00124975,-6.20774e-05,0,0,-0.0141111,0.631418,-0.00196621,-0.080823,0.00404075,-0.0146147,-0.000793107,0,0,-1.56125e-11,-0.00434845,0.0732794,0.00444686,0.000199727,0.000771878,-4.12599e-05,0,0,0.0964341,-0.00183232,0.447016,-0.012325,-0.0173827,0.0028359,-0.00180021,0,0,1.73472e-11,0.0215976,0.00346068,-0.00346607,-9.27123e-05,0.0025685,-0.000132318,0,0,0.00106606,-0.0825277,-0.0121255,0.606845,0.0201393,0.0572335,-0.00140293,0,0,-1.38778e-11,0.0130838,0.0251405,-0.0220322,-0.00304423,-0.0130845,0.000778233,0,0,0.0103301,0.0395528,-0.173187,0.201622,0.337904,-0.0380488,0.0281067,0,0,-7.63278e-11,0.0626436,-0.00058784,-0.0298811,-0.00772989,-0.0446346,0.00225585,0,0,0.0184568,-0.147031,0.028438,0.5735,-0.0380939,0.40404,-0.00516014,0,0,8.67362e-13,-0.00276448,0.00135265,0.004521,0.00105592,0.00395549,0.00059814,0,0,-0.0308225,-0.00779938,-0.0177187,-0.0143344,0.0285814,-0.00527999,0.0661779,0,0,0,0,1.20024e-12,0,0,1.20024e-12,-1.20024e-12,-5.76116e-11,0,0,0,0,0,0,0,0,0.905991,-4.34607e-09,0,0,-1.20024e-12,0,0,-1.20024e-12,0,0,0,0,0,0,0,0,0,0,-4.34637e-09,0.905991,
-1.30104e-12,0.00343111,-0.0129948,-0.000292616,7.2143e-05,0.000148179,5.34147e-07,0,0,0.489633,-0.0141804,0.0952652,0.000775985,0.00103791,0.00184118,-0.00315951,0,0,-2.77556e-11,0.0745046,-0.00244627,0.00751567,0.000864565,0.00124854,-6.21107e-05,0,0,-0.0141171,0.631419,-0.00197462,-0.0808288,0.00404332,-0.0146042,-0.000793787,0,0,0,-0.00434421,0.0733159,0.0044612,0.000203948,0.000774611,-4.14747e-05,0,0,0.0961436,-0.0018404,0.447121,-0.0123397,-0.0173652,0.00284496,-0.00180217,0,0,1.99493e-11,0.0215156,0.00346624,-0.00340272,-8.31634e-05,0.00256563,-0.000132261,0,0,0.00106669,-0.0825362,-0.0121398,0.606846,0.0201362,0.0572311,-0.00140152,0,0,-2.08167e-11,0.0130485,0.0252002,-0.0219865,-0.00312359,-0.0131216,0.000777976,0,0,0.0106345,0.0395771,-0.173013,0.201592,0.337977,-0.0380417,0.0280908,0,0,-2.77556e-11,0.0626556,-0.000569247,-0.0299557,-0.00778027,-0.0445529,0.00225548,0,0,0.018551,-0.146929,0.0285288,0.573479,-0.0380869,0.40406,-0.00516182,0,0,-1.73472e-12,-0.00276284,0.00135302,0.00451935,0.00106037,0.00395695,0.000599974,0,0,-0.0308313,-0.00780586,-0.0177384,-0.0143208,0.028566,-0.0052818,0.0661792,0,0,0,0,0,0,1.20024e-12,0,0,5.64113e-11,0,0,0,0,0,0,0,0,0.905991,4.09402e-09,0,0,0,0,-1.20024e-12,0,0,-1.14023e-10,0,0,0,0,0,0,0,0,4.09462e-09,0.905991,
4.77049e-12,0.00342633,-0.0129643,-0.000293757,7.16417e-05,0.000148976,6.88619e-07,0,0,0.48983,-0.0141864,0.0949726,0.000776199,0.00106837,0.00185056,-0.00316033,0,0,2.77556e-11,0.0744744,-0.00243851,0.00744982,0.00086096,0.00124732,-6.21342e-05,0,0,-0.014123,0.631419,-0.00198307,-0.0808345,0.00404588,-0.0145937,-0.000794466,0,0,-1.73472e-11,-0.0043402,0.0733527,0.00447531,0.000208298,0.000777472,-4.14407e-05,0,0,0.0958527,-0.00184851,0.447226,-0.0123544,-0.0173478,0.00285404,-0.00180413,0,0,-1.99493e-11,0.0214334,0.00347167,-0.00333918,-7.36512e-05,0.00256271,-0.000132296,0,0,0.00106736,-0.0825446,-0.0121541,0.606847,0.0201331,0.0572287,-0.00140011,0,0,-6.93889e-12,0.0130111,0.025263,-0.0219428,-0.00320185,-0.0131577,0.000779838,0,0,0.0109383,0.0396014,-0.172839,0.201561,0.338049,-0.0380347,0.028075,0,0,2.08167e-11,0.0626679,-0.000551431,-0.0300298,-0.00783096,-0.0444711,0.00225457,0,0,0.0186452,-0.146828,0.0286197,0.573458,-0.0380799,0.404081,-0.0051635,0,0,-6.07153e-12,-0.00276115,0.00135331,0.00451775,0.00106479,0.00395838,0.000601754,0,0,-0.03084,-0.00781234,-0.0177582,-0.0143072,0.0285506,-0.0052836,0.0661805,0,0,0,0,0,0,-1.20024e-12,2.40048e-12,-2.40048e-12,0,0,0,0,0,0,0,0,0,0.905991,3.9803e-09,0,0,0,0,0,0,0,0,0,0,0,0,0,0,0,0,3.9803e-09,0.905991,
2.28511e-07,0.00342178,-0.0129341,-0.000294455,7.0925e-05,0.000150001,3.87036e-07,0,0,0.490026,-0.0141925,0.0946797,0.000776454,0.00109877,0.00185993,-0.00316115,0,0,4.94049e-09,0.074444,-0.00243072,0.00738387,0.000857345,0.00124609,-6.21674e-05,0,0,-0.014129,0.63142,-0.00199154,-0.0808402,0.00404844,-0.0145833,-0.000795145,0,0,1.2527e-07,-0.00433603,0.0733892,0.00448968,0.000212527,0.00078046,-4.16565e-05,0,0,0.0955614,-0.00185664,0.447331,-0.0123691,-0.0173304,0.00286313,-0.00180609,0,0,-4.6573e-08,0.0213511,0.00347722,-0.00327564,-6.40833e-05,0.00255972,-0.000132238,0,0,0.00106808,-0.082553,-0.0121684,0.606847,0.02013,0.0572263,-0.0013987,0,0,1.06709e-06,0.0129746,0.0253237,-0.0218969,-0.00328114,-0.0131928,0.000779573,0,0,0.0112417,0.0396257,-0.172664,0.20153,0.338121,-0.0380276,0.0280592,0,0,-2.63289e-07,0.0626799,-0.000533083,-0.0301042,-0.00788145,-0.0443893,0.00225419,0,0,0.0187393,-0.146726,0.0287107,0.573437,-0.0380729,0.404101,-0.00516519,0,0,-2.90878e-08,-0.00275948,0.00135367,0.00451608,0.00106923,0.00395978,0.000603595,0,0,-0.0308486,-0.00781883,-0.017778,-0.0142936,0.0285353,-0.00528539,0.0661818,0,0,3.60072e-12,3.60072e-12,0,3.60072e-12,0,0,0,0,0,0,0,0,0,0,0,0,0.905991,3.9701e-09,0,0,0,0,0,0,0,0,0,0,0,0,0,0,0,0,3.9701e-09,0.905991,
-2.29068e-07,0.00341746,-0.0129039,-0.00029562,7.06783e-05,0.0001508,5.42355e-07,0,0,0.490223,-0.0141985,0.0943864,0.000776748,0.00112913,0.0018693,-0.00316195,0,0,-4.996e-09,0.0744136,-0.00242291,0.00731781,0.000853735,0.00124485,-6.21906e-05,0,0,-0.014135,0.631421,-0.00200003,-0.0808459,0.00405101,-0.0145729,-0.000795825,0,0,-1.25722e-07,-0.00433172,0.0734257,0.00450382,0.000217011,0.000783327,-4.16219e-05,0,0,0.0952699,-0.0018648,0.447435,-0.0123838,-0.017313,0.00287224,-0.00180806,0,0,4.67603e-08,0.0212686,0.00348277,-0.00321192,-5.45994e-05,0.00255676,-0.000132272,0,0,0.00106883,-0.0825614,-0.0121827,0.606848,0.0201268,0.0572238,-0.00139729,0,0,-1.07082e-06,0.0129392,0.0253843,-0.021853,-0.00335825,-0.013229,0.000781441,0,0,0.0115447,0.03965,-0.17249,0.201499,0.338193,-0.0380205,0.0280435,0,0,2.64115e-07,0.0626916,-0.000514727,-0.030178,-0.00793251,-0.044307,0.00225327,0,0,0.0188332,-0.146625,0.0288019,0.573416,-0.0380658,0.404121,-0.00516686,0,0,2.91859e-08,-0.00275783,0.00135405,0.00451445,0.00107361,0.00396121,0.000605382,0,0,-0.0308572,-0.00782532,-0.0177979,-0.0142801,0.0285199,-0.00528719,0.066183,0,0,-1.20024e-12,0,0,0,-1.20024e-12,1.20024e-12,0,0,0,0,0,0,0,0,0,0,0.905991,4.05021e-09,1.20024e-12,0,-1.20024e-12,0,-1.20024e-12,1.20024e-12,0,0,0,0,0,0,0,0,0,0,4.05051e-09,0.905991,
-2.2964e-07,0.0034127,-0.0128739,-0.000296569,6.99865e-05,0.0001516,6.98691e-07,0,0,0.49042,-0.0142045,0.0940929,0.000777082,0.00115944,0.00187865,-0.00316275,0,0,-4.996e-09,0.074383,-0.00241507,0.00725163,0.00085011,0.00124359,-6.22137e-05,0,0,-0.0141409,0.631422,-0.00200854,-0.0808516,0.00405357,-0.0145625,-0.000796504,0,0,-1.26146e-07,-0.00432764,0.0734621,0.0045181,0.000221248,0.000786196,-4.15865e-05,0,0,0.0949779,-0.00187298,0.44754,-0.0123985,-0.0172955,0.00288135,-0.00181004,0,0,4.69772e-08,0.021186,0.00348838,-0.00314816,-4.50127e-05,0.00255379,-0.000132308,0,0,0.00106962,-0.0825698,-0.012197,0.606849,0.0201237,0.0572214,-0.00139588,0,0,-1.07467e-06,0.0129016,0.0254437,-0.021808,-0.00343747,-0.0132652,0.000783316,0,0,0.0118471,0.0396743,-0.172315,0.201468,0.338264,-0.0380134,0.0280277,0,0,2.64955e-07,0.0627036,-0.000496097,-0.0302519,-0.00798311,-0.0442243,0.00225234,0,0,0.0189271,-0.146524,0.0288933,0.573395,-0.0380588,0.404141,-0.00516854,0,0,2.92865e-08,-0.00275612,0.00135446,0.00451279,0.00107804,0.00396264,0.000607171,0,0,-0.0308657,-0.0078318,-0.0178177,-0.0142665,0.0285046,-0.00528898,0.0661843,0,0,0,0,0,0,0,0,0,0,0,0,0,0,0,0,0,0,0.905991,4.22485e-09,1.20024e-12,1.20024e-12,0,-1.20024e-12,1.20024e-12,0,1.20024e-12,0,0,0,0,0,0,0,0,0,4.22455e-09,0.905991,
2.30216e-07,0.00340817,-0.0128437,-0.000297299,6.9767e-05,0.0001524,1.65433e-07,0,0,0.490617,-0.0142105,0.093799,0.000777456,0.0011897,0.00188799,-0.00316354,0,0,5.05151e-09,0.0743522,-0.00240721,0.00718536,0.000846489,0.00124232,-6.22517e-05,0,0,-0.0141469,0.631422,-0.00201708,-0.0808573,0.00405614,-0.0145521,-0.000797184,0,0,1.26591e-07,-0.0043234,0.0734985,0.00453252,0.000225742,0.000789068,-4.19301e-05,0,0,0.0946857,-0.00188119,0.447644,-0.0124132,-0.0172781,0.00289049,-0.00181201,0,0,-4.71871e-08,0.0211032,0.00349401,-0.00308435,-3.55107e-05,0.00255081,-0.000132201,0,0,0.00107045,-0.0825782,-0.0122113,0.606849,0.0201206,0.0572189,-0.00139447,0,0,1.0785e-06,0.0128649,0.0255032,-0.0217618,-0.00351451,-0.0133014,0.000781962,0,0,0.012149,0.0396986,-0.172141,0.201436,0.338336,-0.0380064,0.028012,0,0,-2.65725e-07,0.0627152,-0.000477457,-0.030326,-0.00803429,-0.0441414,0.00225221,0,0,0.0190209,-0.146423,0.0289847,0.573374,-0.0380517,0.404161,-0.00517022,0,0,-2.93845e-08,-0.00275445,0.00135489,0.00451109,0.0010824,0.00396406,0.000609052,0,0,-0.0308741,-0.00783829,-0.0178376,-0.014253,0.0284894,-0.00529077,0.0661856,0,0,0,0,0,-1.20024e-12,-1.20024e-12,0,0,0,0,0,0,0,0,0,0,0,0.905991,-4.51591e-09,0,0,0,-1.20024e-12,-1.20024e-12,0,0,0,0,0,0,0,0,0,0,0,-4.51501e-09,0.905991,
-2.30795e-07,0.00340387,-0.0128132,-0.000298501,6.9331e-05,0.00015297,3.22145e-07,0,0,0.490813,-0.0142165,0.0935047,0.000777869,0.00121991,0.00189733,-0.00316432,0,0,-5.05151e-09,0.0743213,-0.00239931,0.00711896,0.000842859,0.00124104,-6.22745e-05,0,0,-0.0141528,0.631423,-0.00202565,-0.080863,0.0040587,-0.0145417,-0.000797864,0,0,-1.27041e-07,-0.00431902,0.0735349,0.00454671,0.000230114,0.000791817,-4.18944e-05,0,0,0.0943931,-0.00188942,0.447749,-0.0124279,-0.0172606,0.00289963,-0.00181399,0,0,4.73788e-08,0.0210202,0.0034996,-0.00302036,-2.59526e-05,0.00254785,-0.000132236,0,0,0.00107132,-0.0825866,-0.0122256,0.60685,0.0201174,0.0572165,-0.00139306,0,0,-1.0823e-06,0.0128294,0.0255636,-0.0217176,-0.00359258,-0.0133387,0.000783839,0,0,0.0124504,0.039723,-0.171967,0.201405,0.338408,-0.0379993,0.0279963,0,0,2.66683e-07,0.0627264,-0.000459073,-0.0303995,-0.00808526,-0.0440578,0.00225127,0,0,0.0191146,-0.146323,0.0290763,0.573353,-0.0380447,0.404182,-0.00517189,0,0,2.94842e-08,-0.00275279,0.0013553,0.00450944,0.00108679,0.00396551,0.000610849,0,0,-0.0308824,-0.00784478,-0.0178576,-0.0142394,0.0284741,-0.00529256,0.0661869,0,0,0,0,0,0,0,0,0,0,0,0,0,0,0,0,0,0,0.905991,-4.66474e-09,0,0,0,0,1.20024e-12,0,0,0,0,0,0,0,0,0,0,0,-4.66504e-09,0.905991,
2.60209e-12,0.00339889,-0.0127824,-0.000299714,6.86781e-05,0.000153999,1.7244e-08,0,0,0.49101,-0.0142225,0.0932102,0.000778321,0.00125007,0.00190665,-0.00316509,0,0,0,0.0742902,-0.00239138,0.00705245,0.000839217,0.00123975,-6.23074e-05,0,0,-0.0141587,0.631424,-0.00203424,-0.0808687,0.00406127,-0.0145313,-0.000798543,0,0,-1.21431e-11,-0.00431499,0.0735715,0.00456091,0.000234363,0.000794819,-4.21128e-05,0,0,0.0941002,-0.00189767,0.447853,-0.0124426,-0.0172432,0.00290879,-0.00181597,0,0,6.07153e-12,0.0209372,0.00350516,-0.00295628,-1.63374e-05,0.0025448,-0.000132176,0,0,0.00107223,-0.0825949,-0.0122398,0.606851,0.0201142,0.057214,-0.00139166,0,0,1.04083e-11,0.0127905,0.025625,-0.0216733,-0.0036717,-0.0133739,0.000783551,0,0,0.0127514,0.0397474,-0.171792,0.201374,0.338479,-0.0379922,0.0279807,0,0,-2.08167e-11,0.0627383,-0.000440948,-0.0304729,-0.00813603,-0.0439745,0.00225087,0,0,0.0192082,-0.146222,0.0291681,0.573332,-0.0380376,0.404202,-0.00517356,0,0,-5.20417e-12,-0.00275105,0.00135569,0.00450778,0.0010912,0.0039669,0.000612708,0,0,-0.0308906,-0.00785127,-0.0178776,-0.0142259,0.0284589,-0.00529435,0.0661881,0,0,0,0,0,0,0,0,0,0,0,0,0,0,0,0,0,0,0.905991,-4.65604e-09,0,0,0,0,0,-1.20024e-12,0,0,0,0,0,0,0,0,0,0,-4.65634e-09,0.905991,
-1.30104e-12,0.00339461,-0.0127515,-0.000300245,6.84996e-05,0.00015503,1.75031e-07,0,0,0.491207,-0.0142285,0.0929153,0.000778813,0.00128017,0.00191597,-0.00316585,0,0,-2.77556e-11,0.0742591,-0.00238343,0.00698585,0.000835581,0.00123846,-6.23301e-05,0,0,-0.0141646,0.631425,-0.00204285,-0.0808744,0.00406384,-0.014521,-0.000799223,0,0,-3.46945e-12,-0.00431056,0.0736081,0.00457551,0.000238869,0.000797824,-4.20763e-05,0,0,0.093807,-0.00190595,0.447957,-0.0124572,-0.0172257,0.00291797,-0.00181796,0,0,1.38778e-11,0.0208539,0.00351072,-0.00289225,-6.80825e-06,0.00254172,-0.000132211,0,0,0.00107317,-0.0826033,-0.0122541,0.606852,0.0201111,0.0572115,-0.00139025,0,0,-1.04083e-11,0.0127548,0.0256864,-0.0216257,-0.00374861,-0.0134092,0.000785436,0,0,0.0130518,0.0397717,-0.171617,0.201342,0.338551,-0.0379851,0.027965,0,0,2.08167e-11,0.0627493,-0.000422816,-0.0305469,-0.00818738,-0.043891,0.00224992,0,0,0.0193018,-0.146122,0.02926,0.573311,-0.0380305,0.404222,-0.00517523,0,0,8.67362e-13,-0.00274939,0.00135609,0.00450602,0.00109555,0.0039683,0.000614511,0,0,-0.0308987,-0.00785777,-0.0178976,-0.0142123,0.0284437,-0.00529614,0.0661894,0,0,0,-3.60072e-12,0,3.60072e-12,-3.60072e-12,0,-3.60072e-12,-5.76116e-11,0,0,0,0,0,0,0,0,0.905991,-4.5051e-09,0,1.20024e-12,0,0,1.20024e-12,0,1.20024e-12,0,0,0,0,0,0,0,0,0,-4.5048e-09,0.905991,
2.32556e-07,0.00339011,-0.012721,-0.000301249,6.81016e-05,0.000155598,3.33922e-07,0,0,0.491404,-0.0142345,0.0926201,0.000779344,0.00131023,0.00192528,-0.00316661,0,0,5.13478e-09,0.0742277,-0.00237545,0.00691913,0.000831935,0.00123714,-6.23524e-05,0,0,-0.0141705,0.631425,-0.00205149,-0.0808801,0.00406641,-0.0145106,-0.000799903,0,0,1.28409e-07,-0.00430624,0.0736444,0.00458987,0.000243253,0.000800577,-4.2039e-05,0,0,0.0935134,-0.00191425,0.448061,-0.0124719,-0.0172083,0.00292715,-0.00181995,0,0,-4.80189e-08,0.0207705,0.0035164,-0.00282803,2.77765e-06,0.00253873,-0.000132246,0,0,0.00107416,-0.0826116,-0.0122683,0.606852,0.0201079,0.057209,-0.00138884,0,0,1.0941e-06,0.0127179,0.0257456,-0.0215801,-0.00382657,-0.0134466,0.000787327,0,0,0.0133518,0.0397961,-0.171443,0.20131,0.338622,-0.0379779,0.0279494,0,0,-2.69167e-07,0.0627604,-0.00040414,-0.0306203,-0.00823852,-0.0438065,0.00224897,0,0,0.0193952,-0.146021,0.029352,0.573289,-0.0380234,0.404242,-0.0051769,0,0,-2.97921e-08,-0.0027477,0.00135656,0.00450431,0.00109992,0.00396974,0.000616317,0,0,-0.0309068,-0.00786426,-0.0179176,-0.0141988,0.0284285,-0.00529792,0.0661907,0,0,-2.40048e-12,-1.20024e-12,2.40048e-12,-2.40048e-12,1.20024e-12,-2.40048e-12,-1.20024e-12,0,0,0,0,0,0,0,0,0,0.905991,4.25455e-09,1.20024e-12,0,-1.20024e-12,1.20024e-12,1.20024e-12,1.20024e-12,1.20024e-12,0,0,0,0,0,0,0,0,0,4.25485e-09,0.905991,
-2.33146e-07,0.00338538,-0.0126904,-0.000302732,6.7716e-05,0.000156167,2.76203e-08,0,0,0.491601,-0.0142404,0.0923245,0.000779914,0.00134024,0.00193458,-0.00316736,0,0,-5.19029e-09,0.0741963,-0.00236745,0.00685229,0.000828283,0.00123581,-6.2385e-05,0,0,-0.0141764,0.631426,-0.00206015,-0.0808858,0.00406898,-0.0145003,-0.000800583,0,0,-1.28881e-07,-0.00430201,0.0736806,0.00460399,0.00024764,0.000803332,-4.22586e-05,0,0,0.0932195,-0.00192258,0.448165,-0.0124865,-0.0171908,0.00293636,-0.00182194,0,0,4.82244e-08,0.020687,0.00352209,-0.00276364,1.23727e-05,0.00253572,-0.000132185,0,0,0.00107518,-0.08262,-0.0122826,0.606853,0.0201047,0.0572065,-0.00138744,0,0,-1.09807e-06,0.01268,0.0258047,-0.0215367,-0.00390449,-0.0134841,0.00078703,0,0,0.0136513,0.0398205,-0.171268,0.201279,0.338693,-0.0379708,0.0279339,0,0,2.70027e-07,0.0627716,-0.000385454,-0.0306931,-0.00828971,-0.0437218,0.00224854,0,0,0.0194885,-0.145921,0.0294442,0.573268,-0.0380164,0.404262,-0.00517857,0,0,2.99006e-08,-0.00274598,0.00135705,0.00450265,0.00110429,0.00397119,0.000618186,0,0,-0.0309148,-0.00787075,-0.0179377,-0.0141853,0.0284133,-0.0052997,0.066192,0,0,0,0,0,0,0,0,-1.20024e-12,0,0,0,0,0,0,0,0,0,0.905991,4.15403e-09,0,0,0,0,1.20024e-12,0,1.20024e-12,0,0,0,0,0,0,0,0,0,4.15403e-09,0.905991,
1.30104e-12,0.00338089,-0.012659,-0.000303294,6.71093e-05,0.000156969,-2.79943e-07,0,0,0.491798,-0.0142464,0.0920287,0.000780523,0.0013702,0.00194386,-0.0031681,0,0,0,0.0741646,-0.00235941,0.00678536,0.000824621,0.00123447,-6.24175e-05,0,0,-0.0141823,0.631427,-0.00206884,-0.0808914,0.00407155,-0.01449,-0.000801263,0,0,-6.93889e-12,-0.00429764,0.0737172,0.00461864,0.000251902,0.000806218,-4.24792e-05,0,0,0.0929253,-0.00193093,0.448268,-0.0125011,-0.0171733,0.00294557,-0.00182394,0,0,-2.60209e-12,0.0206033,0.00352765,-0.00269934,2.20255e-05,0.00253266,-0.000132124,0,0,0.00107624,-0.0826283,-0.0122968,0.606854,0.0201015,0.0572041,-0.00138604,0,0,2.77556e-11,0.012643,0.025867,-0.0214887,-0.00398347,-0.0135205,0.000786725,0,0,0.0139503,0.0398449,-0.171093,0.201247,0.338765,-0.0379637,0.0279183,0,0,6.93889e-11,0.0627825,-0.000367571,-0.0307668,-0.00834069,-0.043637,0.00224812,0,0,0.0195818,-0.145821,0.0295365,0.573247,-0.0380093,0.404282,-0.00518023,0,0,-3.46945e-12,-0.00274428,0.00135745,0.00450086,0.00110868,0.0039726,0.000620058,0,0,-0.0309227,-0.00787725,-0.0179578,-0.0141718,0.0283982,-0.00530148,0.0661932,0,0,0,0,0,1.20024e-12,1.20024e-12,-1.20024e-12,0,0,0,0,0,0,0,0,0,0,0.905991,4.16724e-09,0,0,0,0,0,0,0,0,0,0,0,0,0,0,0,0,4.16604e-09,0.905991,
-2.34334e-07,0.00337641,-0.012628,-0.000304568,6.67488e-05,0.000157771,-1.20099e-07,0,0,0.491995,-0.0142523,0.0917325,0.000781172,0.00140011,0.00195314,-0.00316883,0,0,-5.27356e-09,0.0741329,-0.00235134,0.00671831,0.000820959,0.00123312,-6.24395e-05,0,0,-0.0141882,0.631428,-0.00207755,-0.0808971,0.00407412,-0.0144797,-0.000801944,0,0,-1.29795e-07,-0.00429324,0.0737536,0.00463292,0.000256298,0.000809107,-4.24412e-05,0,0,0.0926308,-0.00193931,0.448372,-0.0125158,-0.0171559,0.0029548,-0.00182594,0,0,4.86538e-08,0.0205195,0.00353331,-0.00263481,3.16394e-05,0.00252957,-0.000132158,0,0,0.00107734,-0.0826366,-0.012311,0.606855,0.0200983,0.0572015,-0.00138463,0,0,-1.10599e-06,0.012606,0.0259271,-0.0214439,-0.00406133,-0.0135569,0.000788622,0,0,0.0142488,0.0398693,-0.170919,0.201215,0.338836,-0.0379566,0.0279028,0,0,2.71769e-07,0.0627932,-0.00034914,-0.0308397,-0.00839199,-0.043552,0.00224715,0,0,0.0196749,-0.145721,0.029629,0.573225,-0.0380022,0.404302,-0.0051819,0,0,3.01122e-08,-0.00274258,0.00135793,0.00449915,0.00111303,0.00397401,0.000621874,0,0,-0.0309305,-0.00788375,-0.0179779,-0.0141583,0.0283831,-0.00530326,0.0661945,0,0,0,1.20024e-12,0,-1.20024e-12,0,0,0,0,0,0,0,0,0,0,0,0,0.905991,4.28276e-09,0,0,0,0,0,0,-1.20024e-12,0,0,0,0,0,0,0,0,0,4.28306e-09,0.905991,
8.67362e-13,0.00337217,-0.0125974,-0.000305619,6.68713e-05,0.000159045,-1.94064e-07,0,0,0.492192,-0.0142583,0.0914361,0.000781859,0.00142997,0.00196241,-0.00316955,0,0,2.77556e-11,0.074101,-0.00234326,0.00665115,0.000817303,0.00123177,-6.24665e-05,0,0,-0.0141941,0.631428,-0.00208628,-0.0809027,0.0040767,-0.0144694,-0.000802624,0,0,3.46945e-12,-0.00428869,0.0737897,0.00464734,0.000260959,0.00081226,-4.25326e-05,0,0,0.092336,-0.00194771,0.448476,-0.0125304,-0.0171384,0.00296405,-0.00182794,0,0,1.30104e-11,0.0204354,0.00353908,-0.00257024,4.11647e-05,0.00252638,-0.000132145,0,0,0.00107848,-0.0826449,-0.0123252,0.606855,0.0200951,0.057199,-0.00138323,0,0,2.77556e-11,0.0125701,0.0259849,-0.0213979,-0.00413692,-0.0135912,0.000789417,0,0,0.0145468,0.0398938,-0.170744,0.201183,0.338907,-0.0379494,0.0278873,0,0,6.93889e-12,0.0628035,-0.000330155,-0.0309127,-0.00844389,-0.0434672,0.00224645,0,0,0.019768,-0.145622,0.0297216,0.573203,-0.0379951,0.404322,-0.00518356,0,0,-6.07153e-12,-0.00274091,0.00135848,0.0044974,0.00111732,0.00397536,0.000623722,0,0,-0.0309382,-0.00789025,-0.0179981,-0.0141448,0.028368,-0.00530503,0.0661957,0,0,0,-1.20024e-12,1.20024e-12,0,1.20024e-12,1.20024e-12,0,0,0,0,0,0,0,0,0,0,0.905991,-4.51381e-09,0,0,0,-1.20024e-12,-1.20024e-12,0,-1.20024e-12,1.20024e-12,0,0,0,0,0,0,0,0,-4.51411e-09,0.905991,
-3.90313e-12,0.00336771,-0.0125657,-0.000306446,6.60673e-05,0.000159615,-2.68095e-07,0,0,0.492389,-0.0142642,0.0911393,0.000782585,0.00145978,0.00197167,-0.00317026,0,0,0,0.0740689,-0.00233513,0.00658389,0.00081362,0.0012304,-6.24934e-05,0,0,-0.0142,0.631429,-0.00209504,-0.0809084,0.00407927,-0.0144591,-0.000803304,0,0,2.25514e-11,-0.00428425,0.0738262,0.00466191,0.000265104,0.000815025,-4.26241e-05,0,0,0.0920408,-0.00195614,0.448579,-0.012545,-0.0171209,0.0029733,-0.00182995,0,0,1.38778e-11,0.0203513,0.00354467,-0.00250563,5.08949e-05,0.00252332,-0.000132131,0,0,0.00107966,-0.0826532,-0.0123394,0.606856,0.0200918,0.0571965,-0.00138183,0,0,2.77556e-11,0.012533,0.0260471,-0.0213508,-0.00421692,-0.0136288,0.000790211,0,0,0.0148444,0.0399182,-0.170569,0.201151,0.338978,-0.0379423,0.0278718,0,0,1.38778e-11,0.062814,-0.000312254,-0.0309858,-0.00849476,-0.0433812,0.00224574,0,0,0.019861,-0.145522,0.0298143,0.573182,-0.037988,0.404342,-0.00518522,0,0,2.60209e-12,-0.0027392,0.00135892,0.00449561,0.00112172,0.0039768,0.000625574,0,0,-0.0309458,-0.00789675,-0.0180183,-0.0141313,0.028353,-0.00530681,0.066197,0,0,0,0,0,0,-2.40048e-12,-2.40048e-12,0,0,0,0,0,0,0,0,0,0,0.905991,-4.60142e-09,0,0,0,0,1.20024e-12,0,0,0,0,0,0,0,0,0,0,0,-4.60142e-09,0.905991,
2.3611e-07,0.00336325,-0.0125346,-0.000307756,6.59824e-05,0.000160421,-3.42192e-07,0,0,0.492586,-0.0142701,0.0908422,0.000783351,0.00148955,0.00198093,-0.00317097,0,0,5.32907e-09,0.0740367,-0.00232699,0.00651651,0.000809948,0.00122901,-6.25202e-05,0,0,-0.0142058,0.63143,-0.00210382,-0.080914,0.00408184,-0.0144489,-0.000803985,0,0,1.31211e-07,-0.00427978,0.0738624,0.00467624,0.000269645,0.000817923,-4.27156e-05,0,0,0.0917453,-0.00196459,0.448682,-0.0125596,-0.0171034,0.00298258,-0.00183196,0,0,-4.93538e-08,0.020267,0.00355042,-0.00244083,6.04873e-05,0.0025202,-0.000132117,0,0,0.00108087,-0.0826614,-0.0123536,0.606857,0.0200886,0.057194,-0.00138043,0,0,1.11796e-06,0.0124958,0.0261059,-0.0213057,-0.00429355,-0.0136653,0.000791005,0,0,0.0151414,0.0399427,-0.170394,0.201119,0.339049,-0.0379351,0.0278563,0,0,-2.74267e-07,0.0628243,-0.000293524,-0.0310583,-0.0085465,-0.0432953,0.00224503,0,0,0.0199538,-0.145423,0.0299072,0.57316,-0.0379808,0.404362,-0.00518688,0,0,-3.04227e-08,-0.00273749,0.00135946,0.00449387,0.00112603,0.00397821,0.00062743,0,0,-0.0309534,-0.00790325,-0.0180385,-0.0141178,0.0283379,-0.00530858,0.0661983,0,0,0,2.40048e-12,0,0,2.40048e-12,0,2.40048e-12,0,0,0,0,0,0,0,0,0,0.905991,-4.53961e-09,0,-1.20024e-12,0,0,-1.20024e-12,0,-1.20024e-12,0,0,0,0,0,0,0,0,0,-4.53841e-09,0.905991,
4.33681e-13,0.00335881,-0.012503,-0.000308841,6.54386e-05,0.000161227,-1.79644e-07,0,0,0.492783,-0.0142761,0.0905448,0.000784155,0.00151926,0.00199017,-0.00317166,0,0,0,0.0740044,-0.00231881,0.00644902,0.00080626,0.00122762,-6.25414e-05,0,0,-0.0142117,0.631431,-0.00211263,-0.0809197,0.00408442,-0.0144386,-0.000804666,0,0,1.73472e-12,-0.00427528,0.0738988,0.00469071,0.000273929,0.000820823,-4.26755e-05,0,0,0.0914496,-0.00197306,0.448785,-0.0125742,-0.0170859,0.00299186,-0.00183397,0,0,-1.30104e-11,0.0201825,0.00355609,-0.00237599,7.01876e-05,0.00251706,-0.000132152,0,0,0.00108212,-0.0826697,-0.0123678,0.606858,0.0200854,0.0571915,-0.00137903,0,0,-1.38778e-11,0.0124586,0.0261668,-0.0212594,-0.00437238,-0.0137019,0.00079292,0,0,0.015438,0.0399671,-0.170219,0.201087,0.339119,-0.037928,0.0278409,0,0,4.85723e-11,0.0628345,-0.000275336,-0.031131,-0.00859774,-0.043209,0.00224404,0,0,0.0200466,-0.145323,0.0300002,0.573138,-0.0379737,0.404382,-0.00518854,0,0,5.20417e-12,-0.00273578,0.00135995,0.00449209,0.00113039,0.00397961,0.000629258,0,0,-0.0309609,-0.00790975,-0.0180588,-0.0141043,0.0283229,-0.00531035,0.0661995,0,0,0,0,0,0,0,0,0,0,0,0,0,0,0,0,0,0,0.905991,-4.35537e-09,0,0,0,0,-1.20024e-12,0,0,0,0,0,0,0,0,0,0,0,-4.35477e-09,0.905991,
4.33681e-13,0.00335413,-0.0124718,-0.000309938,6.53814e-05,0.000161797,-4.90565e-07,0,0,0.49298,-0.014282,0.0902471,0.000784998,0.00154892,0.0019994,-0.00317235,0,0,0,0.0739719,-0.00231062,0.00638143,0.000802577,0.00122621,-6.25733e-05,0,0,-0.0142175,0.631432,-0.00212146,-0.0809253,0.00408699,-0.0144284,-0.000805346,0,0,-8.67362e-12,-0.0042709,0.0739349,0.00470519,0.00027848,0.000823594,-4.28987e-05,0,0,0.0911535,-0.00198156,0.448888,-0.0125888,-0.0170684,0.00300116,-0.00183599,0,0,9.54098e-12,0.0200979,0.00356186,-0.00231107,7.97981e-05,0.00251396,-0.000132087,0,0,0.00108342,-0.082678,-0.012382,0.606859,0.0200821,0.0571889,-0.00137763,0,0,0,0.0124202,0.0262255,-0.021213,-0.00444893,-0.0137396,0.00079259,0,0,0.0157342,0.0399916,-0.170044,0.201054,0.33919,-0.0379208,0.0278255,0,0,-6.93889e-11,0.0628449,-0.00025659,-0.0312035,-0.00864959,-0.0431222,0.00224359,0,0,0.0201393,-0.145224,0.0300934,0.573116,-0.0379666,0.404402,-0.0051902,0,0,0,-0.00273403,0.00136051,0.0044903,0.00113469,0.00398104,0.00063115,0,0,-0.0309683,-0.00791626,-0.0180791,-0.0140908,0.0283079,-0.00531212,0.0662008,0,0,0,0,0,0,-1.20024e-12,1.20024e-12,0,1.14023e-10,0,0,0,0,0,0,0,0,0.905991,4.09192e-09,0,0,0,0,-1.20024e-12,1.20024e-12,0,0,0,0,0,0,0,0,0,0,4.09252e-09,0.905991,
1.73472e-12,0.00334993,-0.01244,-0.000310808,6.48628e-05,0.000162604,-5.6484e-07,0,0,0.493177,-0.0142879,0.0899491,0.000785879,0.00157854,0.00200862,-0.00317303,0,0,-2.77556e-11,0.0739393,-0.00230238,0.00631373,0.000798879,0.00122479,-6.25997e-05,0,0,-0.0142233,0.631433,-0.00213032,-0.0809309,0.00408957,-0.0144182,-0.000806027,0,0,-1.9082e-11,-0.00426623,0.0739712,0.00471983,0.000282773,0.000826499,-4.29904e-05,0,0,0.0908571,-0.00199008,0.448991,-0.0126034,-0.0170509,0.00301048,-0.00183801,0,0,2.60209e-11,0.0200131,0.00356755,-0.0022461,8.95173e-05,0.00251079,-0.000132073,0,0,0.00108475,-0.0826862,-0.0123961,0.60686,0.0200789,0.0571864,-0.00137623,0,0,0,0.012384,0.0262864,-0.0211654,-0.00452769,-0.0137762,0.000793381,0,0,0.0160298,0.0400161,-0.169869,0.201022,0.339261,-0.0379136,0.0278101,0,0,6.93889e-12,0.0628546,-0.000238388,-0.0312763,-0.00870095,-0.0430354,0.00224287,0,0,0.0202319,-0.145125,0.0301867,0.573094,-0.0379595,0.404422,-0.00519186,0,0,1.73472e-12,-0.00273234,0.00136103,0.00448847,0.00113904,0.00398244,0.000633015,0,0,-0.0309756,-0.00792276,-0.0180995,-0.0140773,0.028293,-0.00531389,0.066202,0,0,0,0,0,0,-1.20024e-12,0,0,-5.76116e-11,0,0,0,0,0,0,0,0,0.905991,3.9701e-09,0,0,1.20024e-12,-1.20024e-12,1.20024e-12,0,0,0,0,0,0,0,0,0,0,0,3.9704e-09,0.905991,
2.38477e-07,0.00334575,-0.0124084,-0.000312165,6.50718e-05,0.00016365,-6.39171e-07,0,0,0.493374,-0.0142938,0.0896508,0.0007868,0.00160811,0.00201783,-0.00317371,0,0,5.46785e-09,0.0739065,-0.00229413,0.00624592,0.000795192,0.00122337,-6.26259e-05,0,0,-0.0142292,0.631433,-0.0021392,-0.0809366,0.00409215,-0.014408,-0.000806708,0,0,1.33071e-07,-0.00426153,0.0740074,0.00473421,0.000287468,0.000829539,-4.30821e-05,0,0,0.0905604,-0.00199863,0.449094,-0.0126179,-0.0170334,0.00301981,-0.00184003,0,0,-5.0209e-08,0.0199282,0.0035733,-0.00218095,9.90956e-05,0.00250757,-0.000132057,0,0,0.00108611,-0.0826944,-0.0124103,0.60686,0.0200756,0.0571838,-0.00137483,0,0,1.13392e-06,0.0123477,0.026346,-0.0211199,-0.00460303,-0.0138117,0.000794172,0,0,0.016325,0.0400406,-0.169694,0.20099,0.339331,-0.0379064,0.0277947,0,0,-2.77764e-07,0.0628641,-0.000219903,-0.0313483,-0.00875319,-0.0429485,0.00224214,0,0,0.0203244,-0.145026,0.0302801,0.573072,-0.0379523,0.404442,-0.00519351,0,0,-3.0839e-08,-0.00273065,0.00136158,0.00448669,0.0011433,0.00398381,0.000634884,0,0,-0.0309829,-0.00792927,-0.0181198,-0.0140639,0.028278,-0.00531566,0.0662033,0,0,1.20024e-12,1.20024e-12,0,-1.20024e-12,-1.20024e-12,0,0,0,0,0,0,0,0,0,0,0,0.905991,3.95269e-09,0,0,0,0,1.20024e-12,0,1.20024e-12,0,0,0,0,0,0,0,0,0,3.95209e-09,0.905991,
1.30104e-12,0.0033411,-0.0123771,-0.000313535,6.45792e-05,0.000164698,-4.74492e-07,0,0,0.493571,-0.0142996,0.0893522,0.000787759,0.00163762,0.00202704,-0.00317437,0,0,-2.77556e-11,0.0738736,-0.00228585,0.006178,0.000791484,0.00122194,-6.26465e-05,0,0,-0.014235,0.631434,-0.0021481,-0.0809422,0.00409473,-0.0143978,-0.000807389,0,0,-3.46945e-12,-0.00425707,0.0740433,0.00474861,0.00029177,0.000832583,-4.30403e-05,0,0,0.0902634,-0.0020072,0.449197,-0.0126325,-0.0170159,0.00302915,-0.00184205,0,0,4.33681e-12,0.0198432,0.00357916,-0.00211571,0.000108833,0.00250432,-0.000132092,0,0,0.00108752,-0.0827027,-0.0124245,0.606861,0.0200723,0.0571813,-0.00137343,0,0,0,0.0123092,0.0264034,-0.0210744,-0.00468173,-0.0138473,0.0007961,0,0,0.0166197,0.0400651,-0.169518,0.200957,0.339402,-0.0378992,0.0277794,0,0,-2.08167e-11,0.0628741,-0.000200853,-0.0314203,-0.00880465,-0.0428614,0.00224113,0,0,0.0204168,-0.144927,0.0303737,0.57305,-0.0379452,0.404462,-0.00519517,0,0,0,-0.0027289,0.00136221,0.0044849,0.00114764,0.00398517,0.000636724,0,0,-0.03099,-0.00793578,-0.0181402,-0.0140504,0.0282631,-0.00531742,0.0662045,0,0,0,-1.20024e-12,1.20024e-12,1.20024e-12,-1.20024e-12,1.20024e-12,-1.20024e-12,0,0,0,0,0,0,0,0,0,0.905991,4.02411e-09,0,-1.20024e-12,1.20024e-12,1.20024e-12,-1.20024e-12,1.20024e-12,-1.20024e-12,0,0,0,0,0,0,0,0,0,4.02471e-09,0.905991,
-2.60209e-12,0.00333669,-0.0123451,-0.000314438,6.43383e-05,0.000165268,-7.87998e-07,0,0,0.493768,-0.0143055,0.0890533,0.000788757,0.00166709,0.00203623,-0.00317503,0,0,-2.77556e-11,0.0738405,-0.00227753,0.00610998,0.000787776,0.00122048,-6.2678e-05,0,0,-0.0142408,0.631435,-0.00215703,-0.0809478,0.0040973,-0.0143876,-0.00080807,0,0,1.56125e-11,-0.00425246,0.0740796,0.00476329,0.00029621,0.000835363,-4.32656e-05,0,0,0.0899661,-0.00201579,0.449299,-0.012647,-0.0169984,0.00303851,-0.00184408,0,0,-1.9082e-11,0.0197579,0.00358488,-0.00205048,0.00011853,0.00250117,-0.000132026,0,0,0.00108897,-0.0827109,-0.0124386,0.606862,0.020069,0.0571787,-0.00137204,0,0,1.73472e-11,0.0122717,0.026464,-0.0210264,-0.00475926,-0.0138851,0.000795751,0,0,0.0169139,0.0400896,-0.169343,0.200924,0.339472,-0.037892,0.0277641,0,0,6.93889e-11,0.0628837,-0.000182631,-0.0314927,-0.00885644,-0.0427734,0.00224067,0,0,0.0205091,-0.144829,0.0304675,0.573028,-0.037938,0.404482,-0.00519682,0,0,6.07153e-12,-0.00272717,0.00136276,0.00448304,0.00115194,0.0039866,0.00063863,0,0,-0.0309971,-0.00794229,-0.0181607,-0.014037,0.0282482,-0.00531918,0.0662057,0,0,0,1.20024e-12,0,-1.20024e-12,0,-1.20024e-12,1.20024e-12,0,0,0,0,0,0,0,0,0,0.905991,4.18854e-09,0,1.20024e-12,-1.20024e-12,-1.20024e-12,1.20024e-12,-1.20024e-12,1.20024e-12,0,0,0,0,0,0,0,0,0,4.18884e-09,0.905991,
-4.33681e-12,0.00333229,-0.0123132,-0.000315591,6.41107e-05,0.000166078,-6.22251e-07,0,0,0.493965,-0.0143114,0.0887541,0.000789793,0.00169652,0.00204541,-0.00317568,0,0,0,0.0738073,-0.00226919,0.00604185,0.000784064,0.00121902,-6.26983e-05,0,0,-0.0142466,0.631436,-0.00216599,-0.0809534,0.00409988,-0.0143775,-0.000808751,0,0,1.9082e-11,-0.00424783,0.0741157,0.00477786,0.000300655,0.000838278,-4.32229e-05,0,0,0.0896685,-0.00202441,0.449401,-0.0126616,-0.0169808,0.00304788,-0.00184612,0,0,1.73472e-11,0.0196726,0.00359066,-0.00198511,0.000128236,0.00249795,-0.000132061,0,0,0.00109045,-0.0827191,-0.0124527,0.606863,0.0200657,0.0571761,-0.00137064,0,0,1.38778e-11,0.0122341,0.0265235,-0.0209795,-0.00483676,-0.0139219,0.000797685,0,0,0.0172077,0.0401141,-0.169168,0.200892,0.339542,-0.0378848,0.0277488,0,0,0,0.0628931,-0.000164124,-0.0315647,-0.00890828,-0.0426853,0.00223966,0,0,0.0206013,-0.14473,0.0305613,0.573005,-0.0379309,0.404502,-0.00519847,0,0,-5.20417e-12,-0.00272544,0.00136335,0.0044812,0.00115624,0.00398799,0.000640476,0,0,-0.0310041,-0.0079488,-0.0181811,-0.0140235,0.0282333,-0.00532095,0.066207,0,0,0,1.20024e-12,1.20024e-12,1.20024e-12,-1.20024e-12,0,-1.20024e-12,0,0,0,0,0,0,0,0,0,0.905991,-4.4646e-09,0,1.20024e-12,2.40048e-12,3.60072e-12,-2.40048e-12,2.40048e-12,-2.40048e-12,0,0,0,0,0,0,0,0,0,-4.4649e-09,0.905991,
-2.40832e-07,0.00332766,-0.0122814,-0.000316515,6.38964e-05,0.00016713,-6.9621e-07,0,0,0.494162,-0.0143172,0.0884546,0.000790868,0.00172589,0.00205458,-0.00317632,0,0,-5.63438e-09,0.0737739,-0.00226083,0.00597362,0.000780346,0.00121755,-6.27239e-05,0,0,-0.0142524,0.631437,-0.00217496,-0.0809591,0.00410246,-0.0143673,-0.000809433,0,0,-1.34963e-07,-0.0042433,0.0741516,0.00479257,0.000305105,0.00084133,-4.33143e-05,0,0,0.0893707,-0.00203306,0.449504,-0.0126761,-0.0169633,0.00305726,-0.00184815,0,0,5.10581e-08,0.0195871,0.00359651,-0.00191971,0.000137951,0.00249466,-0.000132046,0,0,0.00109197,-0.0827273,-0.0124668,0.606864,0.0200624,0.0571735,-0.00136925,0,0,-1.14997e-06,0.0121954,0.0265818,-0.0209314,-0.00491423,-0.0139575,0.000798476,0,0,0.017501,0.0401386,-0.168992,0.200859,0.339613,-0.0378776,0.0277335,0,0,2.81206e-07,0.0629027,-0.000145328,-0.0316369,-0.00896018,-0.0425973,0.00223891,0,0,0.0206934,-0.144632,0.0306553,0.572983,-0.0379237,0.404522,-0.00520012,0,0,3.12658e-08,-0.00272367,0.00136398,0.00447932,0.00116053,0.00398935,0.000642357,0,0,-0.031011,-0.00795531,-0.0182016,-0.0140101,0.0282185,-0.00532271,0.0662082,0,0,1.20024e-12,-1.20024e-12,-1.20024e-12,1.20024e-12,-1.20024e-12,1.20024e-12,0,5.76116e-11,0,0,0,0,0,0,0,0,0.905991,-4.60262e-09,1.20024e-12,-1.20024e-12,-1.20024e-12,1.20024e-12,2.40048e-12,1.20024e-12,0,1.20024e-12,0,0,0,0,0,0,0,0,-4.60262e-09,0.905991,
-2.41414e-07,0.00332352,-0.0122489,-0.000317932,6.36953e-05,0.000167941,-1.01164e-06,0,0,0.494359,-0.0143231,0.0881548,0.000791982,0.00175522,0.00206375,-0.00317695,0,0,-5.63438e-09,0.0737404,-0.00225242,0.00590528,0.000776623,0.00121607,-6.27551e-05,0,0,-0.0142582,0.631438,-0.00218397,-0.0809647,0.00410505,-0.0143572,-0.000810114,0,0,-1.35451e-07,-0.00423848,0.074188,0.00480703,0.00030956,0.000844251,-4.35412e-05,0,0,0.0890725,-0.00204172,0.449606,-0.0126906,-0.0169457,0.00306666,-0.00185019,0,0,5.12975e-08,0.0195014,0.00360221,-0.00185411,0.000147676,0.00249142,-0.000131978,0,0,0.00109353,-0.0827355,-0.012481,0.606865,0.0200591,0.057171,-0.00136785,0,0,-1.15403e-06,0.0121589,0.0266435,-0.0208854,-0.00499166,-0.0139943,0.000798113,0,0,0.0177938,0.0401632,-0.168816,0.200826,0.339683,-0.0378704,0.0277183,0,0,2.82017e-07,0.0629116,-0.00012737,-0.0317085,-0.00901213,-0.0425087,0.00223845,0,0,0.0207854,-0.144533,0.0307495,0.572961,-0.0379165,0.404542,-0.00520177,0,0,3.13751e-08,-0.00272197,0.00136453,0.00447749,0.00116482,0.00399073,0.000644273,0,0,-0.0310179,-0.00796182,-0.0182221,-0.0139966,0.0282037,-0.00532446,0.0662095,0,0,0,0,0,0,0,0,0,0,0,0,0,0,0,0,0,0,0.905991,-4.58882e-09,0,1.20024e-12,1.20024e-12,2.40048e-12,3.60072e-12,0,0,0,0,0,0,0,0,0,0,0,-4.58912e-09,0.905991,
2.42004e-07,0.00331915,-0.0122172,-0.000318877,6.37496e-05,0.000168754,-1.08629e-06,0,0,0.494556,-0.0143289,0.0878547,0.000793134,0.0017845,0.0020729,-0.00317757,0,0,5.63438e-09,0.0737067,-0.00224401,0.00583683,0.000772901,0.00121458,-6.27806e-05,0,0,-0.014264,0.631439,-0.00219299,-0.0809703,0.00410763,-0.0143471,-0.000810796,0,0,1.35907e-07,-0.00423377,0.0742237,0.00482177,0.000314157,0.000847174,-4.36331e-05,0,0,0.088774,-0.00205042,0.449708,-0.0127051,-0.0169282,0.00307607,-0.00185223,0,0,-5.15135e-08,0.0194156,0.00360813,-0.00178854,0.000157358,0.00248816,-0.000131961,0,0,0.00109512,-0.0827437,-0.0124951,0.606866,0.0200558,0.0571684,-0.00136646,0,0,1.15806e-06,0.0121212,0.0267005,-0.020837,-0.0050679,-0.0140311,0.000798899,0,0,0.0180862,0.0401877,-0.168641,0.200793,0.339753,-0.0378632,0.0277031,0,0,-2.82975e-07,0.0629206,-0.000108276,-0.0317805,-0.00906441,-0.0424198,0.0022377,0,0,0.0208773,-0.144435,0.0308438,0.572938,-0.0379094,0.404562,-0.00520342,0,0,-3.14818e-08,-0.00272023,0.00136521,0.00447559,0.00116907,0.00399212,0.00064616,0,0,-0.0310246,-0.00796834,-0.0182427,-0.0139832,0.0281889,-0.00532622,0.0662107,0,0,0,1.20024e-12,0,-2.40048e-12,0,0,0,0,0,0,0,0,0,0,0,0,0.905991,-4.43969e-09,0,-1.20024e-12,0,0,0,0,0,0,0,0,0,0,0,0,0,0,-4.44059e-09,0.905991,
4.33681e-13,0.00331503,-0.0121847,-0.000320076,6.33331e-05,0.000169324,-1.16099e-06,0,0,0.494753,-0.0143348,0.0875544,0.000794324,0.00181373,0.00208204,-0.00317819,0,0,0,0.0736729,-0.00223555,0.00576828,0.000769163,0.00121306,-6.28059e-05,0,0,-0.0142697,0.63144,-0.00220204,-0.0809759,0.00411021,-0.0143369,-0.000811477,0,0,-3.46945e-12,-0.00422891,0.0742599,0.00483639,0.000318486,0.000849962,-4.37251e-05,0,0,0.0884753,-0.00205913,0.44981,-0.0127196,-0.0169106,0.0030855,-0.00185428,0,0,6.93889e-12,0.0193296,0.00361391,-0.00172282,0.000167151,0.00248493,-0.000131945,0,0,0.00109676,-0.0827519,-0.0125091,0.606867,0.0200525,0.0571658,-0.00136506,0,0,-1.38778e-11,0.0120846,0.0267609,-0.0207897,-0.00514643,-0.0140691,0.000799683,0,0,0.0183781,0.0402123,-0.168465,0.20076,0.339823,-0.037856,0.0276879,0,0,-6.93889e-12,0.0629293,-9.00244e-05,-0.0318521,-0.00911618,-0.0423303,0.00223694,0,0,0.0209691,-0.144337,0.0309382,0.572916,-0.0379022,0.404582,-0.00520507,0,0,1.73472e-12,-0.00271851,0.00136582,0.00447371,0.00117338,0.00399353,0.00064805,0,0,-0.0310313,-0.00797486,-0.0182633,-0.0139698,0.0281741,-0.00532798,0.0662119,0,0,0,-2.40048e-12,2.40048e-12,0,-2.40048e-12,0,-2.40048e-12,0,0,0,0,0,0,0,0,0,0.905991,4.19694e-09,0,0,0,0,0,0,0,0,0,0,0,0,0,0,0,0,4.19604e-09,0.905991,
-1.73472e-12,0.00331068,-0.0121526,-0.000321285,6.3172e-05,0.000170137,-1.23574e-06,0,0,0.49495,-0.0143406,0.0872537,0.000795553,0.00184291,0.00209117,-0.0031788,0,0,-2.77556e-11,0.073639,-0.00222707,0.00569962,0.000765426,0.00121155,-6.28311e-05,0,0,-0.0142755,0.631441,-0.00221112,-0.0809815,0.00411279,-0.0143268,-0.000812159,0,0,1.73472e-12,-0.00422415,0.0742957,0.00485103,0.000322957,0.000852889,-4.38171e-05,0,0,0.0881762,-0.00206787,0.449911,-0.0127341,-0.016893,0.00309494,-0.00185633,0,0,-2.34188e-11,0.0192435,0.0036198,-0.00165701,0.000176903,0.00248165,-0.000131928,0,0,0.00109843,-0.0827601,-0.0125232,0.606868,0.0200491,0.0571631,-0.00136367,0,0,2.77556e-11,0.0120468,0.0268189,-0.0207423,-0.00522376,-0.014106,0.000800467,0,0,0.0186695,0.0402369,-0.168289,0.200727,0.339893,-0.0378487,0.0276727,0,0,6.93889e-11,0.062938,-7.11984e-05,-0.0319236,-0.00916829,-0.0422409,0.00223619,0,0,0.0210608,-0.144239,0.0310328,0.572893,-0.037895,0.404602,-0.00520672,0,0,5.20417e-12,-0.00271677,0.00136649,0.00447181,0.00117766,0.00399491,0.000649944,0,0,-0.0310379,-0.00798137,-0.0182839,-0.0139563,0.0281593,-0.00532973,0.0662132,0,0,0,0,-1.20024e-12,-1.20024e-12,1.20024e-12,1.20024e-12,0,0,0,0,0,0,0,0,0,0,0.905991,4.09702e-09,0,0,2.40048e-12,2.40048e-12,-2.40048e-12,-1.20024e-12,0,0,0,0,0,0,0,0,0,0,4.09672e-09,0.905991,
-2.43761e-07,0.0033061,-0.01212,-0.00032275,6.3268e-05,0.00017095,-1.31054e-06,0,0,0.495146,-0.0143464,0.0869528,0.000796821,0.00187205,0.0021003,-0.00317939,0,0,-5.82867e-09,0.0736049,-0.00221856,0.00563085,0.000761689,0.00121002,-6.28561e-05,0,0,-0.0142812,0.631442,-0.00222022,-0.0809871,0.00411538,-0.0143168,-0.000812841,0,0,-1.37342e-07,-0.00421951,0.0743318,0.00486554,0.000327571,0.000855818,-4.39092e-05,0,0,0.0878769,-0.00207664,0.450013,-0.0127486,-0.0168755,0.0031044,-0.00185838,0,0,5.2151e-08,0.0191573,0.0036256,-0.00159107,0.000186611,0.00247834,-0.00013191,0,0,0.00110014,-0.0827683,-0.0125373,0.606869,0.0200458,0.0571605,-0.00136228,0,0,-1.17011e-06,0.0120077,0.0268792,-0.0206959,-0.0052999,-0.0141429,0.00080125,0,0,0.0189605,0.0402615,-0.168113,0.200693,0.339962,-0.0378415,0.0276576,0,0,2.85584e-07,0.062947,-5.29353e-05,-0.0319947,-0.00922073,-0.0421511,0.00223543,0,0,0.0211524,-0.144141,0.0311275,0.57287,-0.0378878,0.404622,-0.00520837,0,0,3.17914e-08,-0.00271498,0.00136711,0.00446995,0.00118189,0.00399629,0.00065184,0,0,-0.0310445,-0.00798789,-0.0183046,-0.0139429,0.0281446,-0.00533149,0.0662144,0,0,0,-1.20024e-12,0,0,0,-1.20024e-12,-1.20024e-12,0,0,0,0,0,0,0,0,0,0.905991,4.10602e-09,0,0,0,0,0,0,0,0,0,0,0,0,0,0,0,0,4.10602e-09,0.905991,
-4.33681e-12,0.00330176,-0.0120875,-0.000324227,6.31341e-05,0.000171764,-1.38539e-06,0,0,0.495343,-0.0143522,0.0866516,0.000798127,0.00190114,0.00210941,-0.00317999,0,0,-2.77556e-11,0.0735706,-0.00221002,0.00556197,0.000757942,0.00120848,-6.2881e-05,0,0,-0.014287,0.631443,-0.00222934,-0.0809927,0.00411796,-0.0143067,-0.000813522,0,0,1.21431e-11,-0.0042147,0.0743678,0.00488007,0.000332052,0.00085875,-4.40012e-05,0,0,0.0875773,-0.00208543,0.450115,-0.0127631,-0.0168579,0.00311387,-0.00186044,0,0,6.07153e-12,0.0190709,0.00363146,-0.00152504,0.00019638,0.00247503,-0.000131893,0,0,0.00110189,-0.0827765,-0.0125514,0.60687,0.0200424,0.0571579,-0.00136088,0,0,-2.08167e-11,0.0119698,0.0269382,-0.0206494,-0.00537716,-0.0141798,0.000802033,0,0,0.019251,0.0402861,-0.167937,0.20066,0.340032,-0.0378342,0.0276424,0,0,-4.85723e-11,0.0629555,-3.43811e-05,-0.0320657,-0.00927294,-0.042061,0.00223466,0,0,0.0212438,-0.144044,0.0312224,0.572848,-0.0378806,0.404642,-0.00521001,0,0,1.73472e-12,-0.00271323,0.00136778,0.00446807,0.00118615,0.00399767,0.00065374,0,0,-0.0310509,-0.00799442,-0.0183252,-0.0139295,0.0281298,-0.00533324,0.0662156,0,0,0,0,1.20024e-12,1.20024e-12,-1.20024e-12,1.20024e-12,0,5.76116e-11,0,0,0,0,0,0,0,0,0.905991,4.21555e-09,0,0,0,-1.20024e-12,1.20024e-12,-1.20024e-12,0,0,0,0,0,0,0,0,0,0,4.21495e-09,0.905991,
2.44926e-07,0.00329769,-0.0120549,-0.000325473,6.30136e-05,0.000172823,-1.21537e-06,0,0,0.49554,-0.014358,0.0863501,0.000799471,0.00193018,0.00211851,-0.00318057,0,0,5.85643e-09,0.0735362,-0.00220146,0.005493,0.00075419,0.00120694,-6.28999e-05,0,0,-0.0142927,0.631444,-0.00223849,-0.0809983,0.00412055,-0.0142966,-0.000814204,0,0,1.38313e-07,-0.00420973,0.0744037,0.00489475,0.00033654,0.000861821,-4.3955e-05,0,0,0.0872774,-0.00209424,0.450216,-0.0127776,-0.0168402,0.00312335,-0.00186249,0,0,-5.26332e-08,0.0189843,0.00363734,-0.00145897,0.000206158,0.00247165,-0.000131927,0,0,0.00110367,-0.0827846,-0.0125654,0.606871,0.0200391,0.0571553,-0.00135949,0,0,1.17823e-06,0.011933,0.0269972,-0.0206017,-0.0054544,-0.0142156,0.000803992,0,0,0.0195411,0.0403107,-0.167761,0.200627,0.340102,-0.037827,0.0276273,0,0,-2.87229e-07,0.0629636,-1.5821e-05,-0.0321368,-0.0093252,-0.041971,0.00223361,0,0,0.0213352,-0.143946,0.0313174,0.572825,-0.0378734,0.404661,-0.00521166,0,0,-3.20039e-08,-0.0027115,0.00136846,0.00446614,0.00119041,0.00399901,0.000655611,0,0,-0.0310573,-0.00800094,-0.018346,-0.0139161,0.0281151,-0.00533499,0.0662169,0,0,0,0,0,0,0,0,0,0,0,0,0,0,0,0,0,0,0.905991,-4.43159e-09,-1.20024e-12,1.20024e-12,0,-1.20024e-12,0,0,-1.20024e-12,0,0,0,0,0,0,0,0,0,-4.43249e-09,0.905991,
-4.33681e-13,0.00329337,-0.0120222,-0.000326238,6.29064e-05,0.000173393,-1.53524e-06,0,0,0.495737,-0.0143638,0.0860484,0.000800853,0.00195917,0.0021276,-0.00318114,0,0,2.77556e-11,0.0735017,-0.00219286,0.00542393,0.000750434,0.00120538,-6.29305e-05,0,0,-0.0142985,0.631445,-0.00224766,-0.0810039,0.00412314,-0.0142866,-0.000814887,0,0,6.93889e-12,-0.00420488,0.0744395,0.00490971,0.000341032,0.000864619,-4.41854e-05,0,0,0.0869772,-0.00210308,0.450317,-0.012792,-0.0168226,0.00313285,-0.00186456,0,0,1.73472e-11,0.0188976,0.00364322,-0.00139292,0.000215945,0.00246836,-0.000131857,0,0,0.0011055,-0.0827928,-0.0125795,0.606871,0.0200357,0.0571526,-0.0013581,0,0,0,0.011895,0.0270561,-0.0205515,-0.00553161,-0.0142538,0.000803594,0,0,0.0198307,0.0403353,-0.167585,0.200593,0.340171,-0.0378197,0.0276123,0,0,-1.38778e-11,0.0629719,2.74511e-06,-0.0322085,-0.00937751,-0.04188,0.00223312,0,0,0.0214265,-0.143848,0.0314126,0.572802,-0.0378662,0.404681,-0.0052133,0,0,2.60209e-12,-0.00270974,0.00136914,0.00446415,0.00119466,0.00400041,0.000657549,0,0,-0.0310635,-0.00800746,-0.0183667,-0.0139027,0.0281005,-0.00533674,0.0662181,0,0,0,0,0,0,0,0,-1.20024e-12,0,0,0,0,0,0,0,0,0,0.905991,-4.51201e-09,0,1.20024e-12,1.20024e-12,0,0,-1.20024e-12,0,0,0,0,0,0,0,0,0,0,-4.51231e-09,0.905991,
2.46097e-07,0.00328882,-0.0119894,-0.000327505,6.23203e-05,0.000174209,-1.36414e-06,0,0,0.495934,-0.0143696,0.0857463,0.000802274,0.00198812,0.00213668,-0.00318171,0,0,5.93969e-09,0.073467,-0.00218424,0.00535474,0.00074666,0.00120381,-6.2949e-05,0,0,-0.0143042,0.631446,-0.00225686,-0.0810095,0.00412572,-0.0142765,-0.000815569,0,0,1.39269e-07,-0.00420014,0.0744754,0.00492442,0.000345252,0.000867556,-4.41383e-05,0,0,0.0866768,-0.00211194,0.450418,-0.0128065,-0.016805,0.00314236,-0.00186662,0,0,-5.30834e-08,0.0188108,0.00364912,-0.00132668,0.000225848,0.002465,-0.000131891,0,0,0.00110736,-0.0828009,-0.0125935,0.606872,0.0200323,0.05715,-0.00135671,0,0,1.1863e-06,0.0118557,0.027115,-0.0205036,-0.00561115,-0.0142908,0.000805559,0,0,0.0201199,0.0403599,-0.167408,0.200559,0.340241,-0.0378124,0.0275972,0,0,-2.88984e-07,0.0629803,2.13169e-05,-0.0322795,-0.0094293,-0.0417891,0.00223206,0,0,0.0215177,-0.143751,0.0315078,0.572779,-0.037859,0.404701,-0.00521495,0,0,-3.2219e-08,-0.00270794,0.00136984,0.0044622,0.00119897,0.00400178,0.000659425,0,0,-0.0310697,-0.00801399,-0.0183875,-0.0138893,0.0280858,-0.00533849,0.0662193,0,0,0,1.20024e-12,1.20024e-12,-2.40048e-12,0,-2.40048e-12,1.20024e-12,0,0,0,0,0,0,0,0,0,0.905991,-4.45199e-09,0,1.20024e-12,1.20024e-12,0,0,0,-1.20024e-12,0,0,0,0,0,0,0,0,0,-4.45229e-09,0.905991,
2.46679e-07,0.00328453,-0.0119566,-0.00032903,6.22387e-05,0.000175025,-1.68528e-06,0,0,0.49613,-0.0143754,0.085444,0.000803734,0.00201702,0.00214575,-0.00318227,0,0,5.9952e-09,0.0734321,-0.00217559,0.00528545,0.000742894,0.00120223,-6.29794e-05,0,0,-0.0143099,0.631447,-0.00226608,-0.0810151,0.00412831,-0.0142665,-0.000816251,0,0,1.39744e-07,-0.00419524,0.0745112,0.004939,0.000349755,0.000870496,-4.43698e-05,0,0,0.0863761,-0.00212083,0.450519,-0.0128209,-0.0167874,0.00315189,-0.00186869,0,0,-5.3315e-08,0.0187238,0.00365503,-0.0012603,0.000235653,0.00246163,-0.00013182,0,0,0.00110926,-0.0828091,-0.0126075,0.606873,0.0200289,0.0571473,-0.00135532,0,0,1.19037e-06,0.0118176,0.0271738,-0.0204567,-0.00568831,-0.0143278,0.000805151,0,0,0.0204086,0.0403845,-0.167232,0.200526,0.34031,-0.0378052,0.0275822,0,0,-2.89824e-07,0.0629884,3.98945e-05,-0.0323501,-0.0094817,-0.0416979,0.00223157,0,0,0.0216087,-0.143654,0.0316033,0.572756,-0.0378517,0.404721,-0.00521659,0,0,-3.23274e-08,-0.00270618,0.00137055,0.00446028,0.00120321,0.00400315,0.000661369,0,0,-0.0310759,-0.00802051,-0.0184083,-0.0138759,0.0280712,-0.00534023,0.0662205,0,0,0,1.20024e-12,0,-1.20024e-12,-1.20024e-12,0,0,0,0,0,0,0,0,0,0,0,0.905991,4.27676e-09,0,0,0,-1.20024e-12,-1.20024e-12,-1.20024e-12,1.20024e-12,0,0,0,0,0,0,0,0,0,4.27616e-09,0.905991,
-2.47263e-07,0.00328024,-0.0119234,-0.000330073,6.24177e-05,0.000176088,-1.76037e-06,0,0,0.496327,-0.0143812,0.0851414,0.000805231,0.00204588,0.00215481,-0.00318282,0,0,-6.02296e-09,0.0733971,-0.00216691,0.00521606,0.000739129,0.00120064,-6.30036e-05,0,0,-0.0143156,0.631448,-0.00227533,-0.0810207,0.0041309,-0.0142565,-0.000816933,0,0,-1.40235e-07,-0.00419032,0.0745471,0.00495388,0.000354403,0.000873578,-4.4462e-05,0,0,0.0860751,-0.00212974,0.45062,-0.0128354,-0.0167697,0.00316143,-0.00187076,0,0,5.35509e-08,0.0186366,0.00366089,-0.00119394,0.000245413,0.0024582,-0.000131801,0,0,0.00111119,-0.0828173,-0.0126215,0.606874,0.0200255,0.0571447,-0.00135393,0,0,-1.19445e-06,0.0117794,0.0272337,-0.0204074,-0.00576423,-0.0143637,0.000805929,0,0,0.0206968,0.0404092,-0.167055,0.200492,0.34038,-0.0377979,0.0275671,0,0,2.90733e-07,0.0629962,5.81872e-05,-0.0324211,-0.00953445,-0.0416067,0.00223079,0,0,0.0216997,-0.143556,0.0316988,0.572733,-0.0378445,0.404741,-0.00521823,0,0,3.2435e-08,-0.0027044,0.00137124,0.00445828,0.00120741,0.00400448,0.000663284,0,0,-0.0310819,-0.00802704,-0.0184291,-0.0138625,0.0280566,-0.00534198,0.0662218,0,0,0,3.60072e-12,-3.60072e-12,-3.60072e-12,1.20024e-12,-1.20024e-12,3.60072e-12,0,0,0,0,0,0,0,0,0,0.905991,4.23655e-09,0,-1.20024e-12,1.20024e-12,3.60072e-12,-3.60072e-12,1.20024e-12,-3.60072e-12,0,0,0,0,0,0,0,0,0,4.23625e-09,0.905991,
-2.47849e-07,0.00327622,-0.0118904,-0.000331374,6.23633e-05,0.00017641,-1.8355e-06,0,0,0.496524,-0.0143869,0.0848386,0.000806767,0.00207469,0.00216385,-0.00318337,0,0,-6.05072e-09,0.073362,-0.00215821,0.00514656,0.000735354,0.00119903,-6.30277e-05,0,0,-0.0143213,0.631449,-0.0022846,-0.0810263,0.00413349,-0.0142465,-0.000817616,0,0,-1.40709e-07,-0.00418523,0.0745829,0.00496862,0.000358918,0.00087624,-4.45542e-05,0,0,0.0857738,-0.00213867,0.450721,-0.0128498,-0.0167521,0.00317098,-0.00187283,0,0,5.37816e-08,0.0185493,0.00366682,-0.00112744,0.000255236,0.00245491,-0.000131782,0,0,0.00111317,-0.0828254,-0.0126355,0.606876,0.0200221,0.057142,-0.00135254,0,0,-1.19854e-06,0.0117424,0.0272924,-0.0203591,-0.00584132,-0.0144032,0.000806705,0,0,0.0209846,0.0404338,-0.166878,0.200458,0.340449,-0.0377906,0.0275521,0,0,2.91524e-07,0.0630037,7.67748e-05,-0.0324918,-0.00958696,-0.0415143,0.00223,0,0,0.0217905,-0.143459,0.0317945,0.57271,-0.0378373,0.404761,-0.00521988,0,0,3.25339e-08,-0.00270266,0.00137197,0.00445631,0.00121164,0.00400591,0.000665202,0,0,-0.0310879,-0.00803357,-0.01845,-0.0138491,0.028042,-0.00534372,0.066223,0,0,0,0,1.20024e-12,0,1.20024e-12,-1.20024e-12,1.20024e-12,0,0,0,0,0,0,0,0,0,0.905991,-4.30947e-09,0,0,0,0,0,0,0,0,0,0,0,0,0,0,0,0,-4.30887e-09,0.905991,
8.67362e-13,0.00327196,-0.0118575,-0.000332686,6.23224e-05,0.000177226,-1.66226e-06,0,0,0.49672,-0.0143927,0.0845355,0.000808342,0.00210345,0.00217289,-0.0031839,0,0,2.77556e-11,0.0733267,-0.00214948,0.00507696,0.000731573,0.00119741,-6.30457e-05,0,0,-0.014327,0.63145,-0.00229389,-0.0810319,0.00413608,-0.0142365,-0.000818298,0,0,3.46945e-12,-0.00418025,0.0746185,0.00498338,0.000363438,0.000879186,-4.45053e-05,0,0,0.0854722,-0.00214763,0.450821,-0.0128642,-0.0167344,0.00318055,-0.00187491,0,0,2.25514e-11,0.0184618,0.00367282,-0.00106086,0.000265067,0.0024515,-0.000131816,0,0,0.00111518,-0.0828335,-0.0126495,0.606877,0.0200187,0.0571393,-0.00135116,0,0,-1.04083e-11,0.0117041,0.0273498,-0.0203108,-0.00591838,-0.0144403,0.000808683,0,0,0.021272,0.0404585,-0.166702,0.200424,0.340518,-0.0377833,0.0275372,0,0,-2.77556e-11,0.0630113,9.56603e-05,-0.0325623,-0.00963952,-0.0414223,0.00222892,0,0,0.0218813,-0.143362,0.0318904,0.572686,-0.03783,0.40478,-0.00522152,0,0,8.67362e-13,-0.00270088,0.00137274,0.00445432,0.00121587,0.00400727,0.00066709,0,0,-0.0310938,-0.0080401,-0.0184709,-0.0138357,0.0280274,-0.00534547,0.0662242,0,0,0,-1.20024e-12,1.20024e-12,0,-3.60072e-12,1.20024e-12,0,-1.20024e-12,0,0,0,0,0,0,0,0,0.905991,4.25876e-09,0,0,-1.20024e-12,1.20024e-12,-2.40048e-12,0,-2.40048e-12,1.15223e-10,0,0,0,0,0,0,0,0,4.25906e-09,0.905991,
-1.30104e-12,0.0032677,-0.0118243,-0.000334012,6.22927e-05,0.000178545,-2.23501e-06,0,0,0.496917,-0.0143984,0.0842321,0.000809954,0.00213217,0.00218191,-0.00318443,0,0,0,0.0732912,-0.00214072,0.00500725,0.000727788,0.0011958,-6.30817e-05,0,0,-0.0143327,0.631451,-0.00230321,-0.0810375,0.00413867,-0.0142265,-0.000818981,0,0,5.20417e-12,-0.00417525,0.0746541,0.00499816,0.000367963,0.00088242,-4.48805e-05,0,0,0.0851704,-0.00215661,0.450922,-0.0128786,-0.0167167,0.00319013,-0.00187699,0,0,6.07153e-12,0.0183742,0.00367877,-0.000994187,0.000274907,0.00244797,-0.000131688,0,0,0.00111723,-0.0828417,-0.0126635,0.606878,0.0200153,0.0571367,-0.00134977,0,0,-3.46945e-11,0.0116657,0.0274084,-0.0202623,-0.00599541,-0.0144751,0.000807047,0,0,0.0215589,0.0404832,-0.166525,0.20039,0.340588,-0.037776,0.0275222,0,0,-5.55112e-11,0.0630188,0.000114259,-0.0326328,-0.00969212,-0.0413305,0.00222871,0,0,0.0219719,-0.143265,0.0319864,0.572663,-0.0378228,0.4048,-0.00522316,0,0,1.73472e-12,-0.0026991,0.00137349,0.00445233,0.00122008,0.00400855,0.000669078,0,0,-0.0310996,-0.00804663,-0.0184918,-0.0138224,0.0280128,-0.00534721,0.0662254,0,0,0,0,0,0,0,0,0,0,0,0,0,0,0,0,0,0,0.905991,-4.32567e-09,0,1.20024e-12,-1.20024e-12,0,0,0,-1.20024e-12,0,0,0,0,0,0,0,0,0,-4.32507e-09,0.905991,
-1.30104e-12,0.00326346,-0.0117911,-0.000335598,6.22775e-05,0.000178868,-2.06135e-06,0,0,0.497113,-0.0144042,0.0839284,0.000811605,0.00216084,0.00219093,-0.00318495,0,0,0,0.0732556,-0.00213193,0.00493744,0.000723999,0.00119416,-6.30992e-05,0,0,-0.0143383,0.631453,-0.00231256,-0.0810431,0.00414126,-0.0142165,-0.000819664,0,0,8.67362e-12,-0.00417023,0.0746898,0.0050128,0.000372496,0.000885089,-4.48311e-05,0,0,0.0848684,-0.00216562,0.451022,-0.012893,-0.016699,0.00319973,-0.00187907,0,0,2.60209e-11,0.0182865,0.00368473,-0.000927374,0.000284756,0.00244464,-0.000131722,0,0,0.00111932,-0.0828498,-0.0126775,0.606879,0.0200118,0.057134,-0.00134838,0,0,-1.38778e-11,0.0116273,0.0274669,-0.020215,-0.00607241,-0.0145146,0.000809026,0,0,0.0218454,0.0405079,-0.166348,0.200356,0.340657,-0.0377687,0.0275073,0,0,-1.38778e-11,0.0630262,0.000132862,-0.0327028,-0.00974478,-0.0412373,0.00222762,0,0,0.0220624,-0.143169,0.0320825,0.57264,-0.0378155,0.40482,-0.0052248,0,0,2.60209e-12,-0.00269731,0.00137426,0.00445035,0.0012243,0.00400997,0.000670972,0,0,-0.0311053,-0.00805316,-0.0185128,-0.013809,0.0279983,-0.00534895,0.0662266,0,0,0,1.20024e-12,0,0,1.20024e-12,-1.20024e-12,1.20024e-12,-5.76116e-11,0,0,0,0,0,0,0,0,0.905991,4.26686e-09,0,0,0,0,2.40048e-12,0,0,-1.20024e-12,0,0,0,0,0,0,0,0,4.26836e-09,0.905991,
2.50172e-07,0.00325873,-0.0117577,-0.000336696,6.22767e-05,0.000179939,-2.13673e-06,0,0,0.49731,-0.0144099,0.0836245,0.000813294,0.00218947,0.00219993,-0.00318546,0,0,6.18949e-09,0.0732198,-0.00212311,0.00486753,0.000720204,0.00119252,-6.31228e-05,0,0,-0.014344,0.631454,-0.00232193,-0.0810487,0.00414386,-0.0142065,-0.000820346,0,0,1.42691e-07,-0.00416547,0.0747254,0.00502775,0.000377034,0.000888184,-4.49235e-05,0,0,0.084566,-0.00217465,0.451122,-0.0129074,-0.0166813,0.00320933,-0.00188116,0,0,-5.4682e-08,0.0181987,0.00369071,-0.000860584,0.000294613,0.00244114,-0.000131702,0,0,0.00112145,-0.082858,-0.0126914,0.60688,0.0200084,0.0571313,-0.001347,0,0,1.21488e-06,0.0115865,0.0275253,-0.0201651,-0.00614938,-0.0145506,0.000809797,0,0,0.0221314,0.0405326,-0.16617,0.200322,0.340726,-0.0377613,0.0274924,0,0,-2.95056e-07,0.063034,0.000151471,-0.0327734,-0.00979748,-0.0411446,0.00222682,0,0,0.0221528,-0.143072,0.0321787,0.572616,-0.0378083,0.40484,-0.00522644,0,0,-3.29658e-08,-0.00269546,0.00137503,0.0044483,0.00122851,0.00401129,0.000672901,0,0,-0.031111,-0.0080597,-0.0185338,-0.0137956,0.0279838,-0.00535069,0.0662278,0,0,0,0,0,-2.40048e-12,-1.20024e-12,0,-1.20024e-12,1.15223e-10,0,0,0,0,0,0,0,0,0.905991,-4.32777e-09,0,0,0,1.20024e-12,0,0,0,0,0,0,0,0,0,0,0,0,-4.32777e-09,0.905991,
0,0.00325501,-0.0117243,-0.000338305,6.25404e-05,0.000180759,-2.21215e-06,0,0,0.497506,-0.0144156,0.0833203,0.000815021,0.00221805,0.00220892,-0.00318596,0,0,0,0.073184,-0.00211427,0.00479751,0.000716412,0.00119086,-6.31463e-05,0,0,-0.0143497,0.631455,-0.00233132,-0.0810543,0.00414645,-0.0141966,-0.000821029,0,0,-1.38778e-11,-0.00416011,0.074761,0.00504242,0.000381721,0.000891139,-4.50158e-05,0,0,0.0842634,-0.00218371,0.451222,-0.0129217,-0.0166636,0.00321896,-0.00188325,0,0,8.67362e-12,0.0181106,0.00369669,-0.000793598,0.000304424,0.00243767,-0.000131682,0,0,0.00112361,-0.0828661,-0.0127054,0.606881,0.020005,0.0571286,-0.00134561,0,0,-3.1225e-11,0.0115504,0.0275837,-0.0201175,-0.00622511,-0.0145878,0.000810568,0,0,0.022417,0.0405573,-0.165993,0.200287,0.340795,-0.037754,0.0274775,0,0,-3.46945e-11,0.0630405,0.000170084,-0.0328432,-0.00985053,-0.0410514,0.00222602,0,0,0.0222431,-0.142975,0.0322751,0.572593,-0.037801,0.404859,-0.00522807,0,0,0,-0.00269373,0.00137581,0.00444631,0.00123268,0.00401264,0.000674833,0,0,-0.0311165,-0.00806623,-0.0185548,-0.0137823,0.0279693,-0.00535243,0.066229,0,0,0,0,0,0,-1.20024e-12,0,0,0,0,0,0,0,0,0,0,0,0.905991,4.26506e-09,0,0,0,0,1.20024e-12,0,0,0,0,0,0,0,0,0,0,0,4.26506e-09,0.905991,
2.51341e-07,0.00325081,-0.011691,-0.000339675,6.23162e-05,0.000181579,-2.53892e-06,0,0,0.497702,-0.0144214,0.0830159,0.000816787,0.00224659,0.0022179,-0.00318646,0,0,6.27276e-09,0.0731479,-0.0021054,0.00472739,0.000712602,0.0011892,-6.31759e-05,0,0,-0.0143553,0.631456,-0.00234074,-0.0810599,0.00414904,-0.0141866,-0.000821712,0,0,1.43654e-07,-0.00415501,0.0747965,0.00505725,0.000386127,0.000894094,-4.52518e-05,0,0,0.0839605,-0.00219279,0.451322,-0.0129361,-0.0166459,0.00322859,-0.00188534,0,0,-5.51477e-08,0.0180224,0.00370274,-0.000726581,0.000314354,0.0024342,-0.000131606,0,0,0.00112581,-0.0828742,-0.0127193,0.606882,0.0200015,0.0571259,-0.00134422,0,0,1.22311e-06,0.0115118,0.0276407,-0.0200687,-0.00630324,-0.0146251,0.000810114,0,0,0.0227021,0.040582,-0.165816,0.200253,0.340864,-0.0377467,0.0274626,0,0,-2.96797e-07,0.0630475,0.000188998,-0.0329133,-0.00990303,-0.0409579,0.00222551,0,0,0.0223332,-0.142879,0.0323717,0.572569,-0.0377937,0.404879,-0.00522971,0,0,-3.31827e-08,-0.00269193,0.00137664,0.00444427,0.00123691,0.00401398,0.000676802,0,0,-0.031122,-0.00807277,-0.0185758,-0.0137689,0.0279548,-0.00535417,0.0662303,0,0,0,2.40048e-12,-1.20024e-12,-2.40048e-12,0,0,2.40048e-12,-5.88118e-11,0,0,0,0,0,0,0,0,0.905991,-4.31907e-09,0,0,2.40048e-12,2.40048e-12,0,2.40048e-12,0,1.20024e-12,0,0,0,0,0,0,0,0,-4.31967e-09,0.905991,
2.51926e-07,0.00324635,-0.0116569,-0.000340805,6.26079e-05,0.000182398,-2.36305e-06,0,0,0.497899,-0.0144271,0.0827112,0.000818591,0.00227508,0.00222687,-0.00318694,0,0,6.27276e-09,0.0731117,-0.00209649,0.00465717,0.000708801,0.00118752,-6.31928e-05,0,0,-0.014361,0.631458,-0.00235018,-0.0810656,0.00415164,-0.0141767,-0.000822395,0,0,1.44123e-07,-0.00415003,0.0748323,0.00507223,0.000390826,0.000897051,-4.52005e-05,0,0,0.0836574,-0.0022019,0.451422,-0.0129504,-0.0166281,0.00323824,-0.00188744,0,0,-5.5362e-08,0.0179341,0.00370864,-0.000659534,0.000324181,0.00243071,-0.00013164,0,0,0.00112805,-0.0828823,-0.0127332,0.606883,0.019998,0.0571232,-0.00134284,0,0,1.22723e-06,0.011472,0.0277014,-0.0200185,-0.0063789,-0.0146624,0.000812105,0,0,0.0229868,0.0406067,-0.165638,0.200218,0.340932,-0.0377393,0.0274478,0,0,-2.97679e-07,0.0630547,0.000207025,-0.0329835,-0.00995617,-0.0408642,0.0022244,0,0,0.0224233,-0.142782,0.0324683,0.572545,-0.0377865,0.404899,-0.00523135,0,0,-3.32919e-08,-0.0026901,0.00137738,0.00444218,0.00124107,0.00401533,0.000678706,0,0,-0.0311274,-0.00807931,-0.0185969,-0.0137555,0.0279404,-0.00535591,0.0662315,0,0,1.20024e-12,1.20024e-12,0,1.20024e-12,-1.20024e-12,0,0,0,0,0,0,0,0,0,0,0,0.905991,4.25185e-09,-1.20024e-12,-1.20024e-12,0,-1.20024e-12,0,1.20024e-12,0,0,0,0,0,0,0,0,0,0,4.25305e-09,0.905991,
-1.73472e-12,0.00324217,-0.0116237,-0.00034245,6.21565e-05,0.000182965,-2.43856e-06,0,0,0.498095,-0.0144328,0.0824063,0.000820433,0.00230352,0.00223583,-0.00318742,0,0,0,0.0730753,-0.00208757,0.00458684,0.000704975,0.00118583,-6.32159e-05,0,0,-0.0143666,0.631459,-0.00235965,-0.0810712,0.00415423,-0.0141667,-0.000823078,0,0,1.73472e-11,-0.00414489,0.0748675,0.00508694,0.000395098,0.000899864,-4.52929e-05,0,0,0.083354,-0.00221103,0.451522,-0.0129648,-0.0166104,0.00324791,-0.00188954,0,0,-7.80626e-12,0.0178457,0.00371477,-0.000592291,0.000334184,0.00242726,-0.000131619,0,0,0.00113033,-0.0828905,-0.0127471,0.606884,0.0199945,0.0571204,-0.00134146,0,0,-1.04083e-11,0.0114333,0.0277571,-0.0199706,-0.00645822,-0.0147009,0.000812873,0,0,0.0232711,0.0406314,-0.16546,0.200184,0.341001,-0.037732,0.0274329,0,0,3.46945e-11,0.0630614,0.000226247,-0.033053,-0.0100085,-0.0407698,0.00222359,0,0,0.0225132,-0.142686,0.0325651,0.572522,-0.0377792,0.404919,-0.00523299,0,0,1.73472e-12,-0.00268829,0.00137826,0.00444016,0.00124532,0.0040167,0.000680647,0,0,-0.0311328,-0.00808585,-0.018618,-0.0137422,0.0279259,-0.00535765,0.0662327,0,0,0,1.20024e-12,0,-1.20024e-12,0,0,0,0,0,0,0,0,0,0,0,0,0.905991,-4.30166e-09,0,0,0,0,0,0,0,0,0,0,0,0,0,0,0,0,-4.30226e-09,0.905991,
-1.30104e-12,0.00323773,-0.0115894,-0.000343854,6.22222e-05,0.000184038,-2.51409e-06,0,0,0.498291,-0.0144385,0.0821011,0.000822314,0.00233192,0.00224477,-0.0031879,0,0,2.77556e-11,0.0730388,-0.0020786,0.00451641,0.000701158,0.00118414,-6.32389e-05,0,0,-0.0143722,0.63146,-0.00236914,-0.0810768,0.00415683,-0.0141568,-0.000823761,0,0,1.04083e-11,-0.00413986,0.0749033,0.0051018,0.000399664,0.000902968,-4.53853e-05,0,0,0.0830504,-0.00222018,0.451621,-0.0129791,-0.0165926,0.00325759,-0.00189164,0,0,8.67362e-13,0.0177571,0.00372068,-0.000525018,0.000344084,0.00242369,-0.000131597,0,0,0.00113264,-0.0828986,-0.012761,0.606885,0.0199911,0.0571177,-0.00134007,0,0,6.93889e-12,0.0113934,0.0278177,-0.0199215,-0.00653505,-0.014737,0.000813639,0,0,0.0235549,0.0406562,-0.165282,0.200149,0.34107,-0.0377246,0.0274181,0,0,-6.93889e-12,0.0630683,0.000244279,-0.0331227,-0.0100614,-0.0406758,0.00222277,0,0,0.022603,-0.14259,0.0326621,0.572498,-0.0377719,0.404938,-0.00523462,0,0,-7.80626e-12,-0.00268645,0.00137902,0.00443808,0.0012495,0.00401801,0.000682591,0,0,-0.0311381,-0.00809239,-0.0186391,-0.0137288,0.0279115,-0.00535938,0.0662339,0,0,0,0,0,0,1.20024e-12,0,-1.20024e-12,0,0,0,0,0,0,0,0,0,0.905991,4.23205e-09,0,0,0,0,2.40048e-12,0,-1.20024e-12,0,0,0,0,0,0,0,0,0,4.23205e-09,0.905991,
2.53669e-07,0.00323382,-0.0115558,-0.000345524,6.23011e-05,0.000184604,-2.58967e-06,0,0,0.498487,-0.0144442,0.0817956,0.000824233,0.00236028,0.0022537,-0.00318836,0,0,6.41154e-09,0.0730022,-0.00206962,0.00444587,0.000697337,0.00118242,-6.32617e-05,0,0,-0.0143779,0.631461,-0.00237866,-0.0810824,0.00415943,-0.0141469,-0.000824445,0,0,1.45639e-07,-0.00413452,0.0749386,0.00511653,0.000404236,0.000905784,-4.54777e-05,0,0,0.0827465,-0.00222936,0.45172,-0.0129934,-0.0165748,0.00326728,-0.00189374,0,0,-5.60767e-08,0.0176683,0.00372678,-0.000457603,0.000353993,0.00242021,-0.000131575,0,0,0.001135,-0.0829067,-0.0127749,0.606886,0.0199876,0.057115,-0.00133869,0,0,1.23963e-06,0.0113558,0.0278745,-0.0198734,-0.00661186,-0.0147756,0.000814404,0,0,0.0238383,0.0406809,-0.165104,0.200115,0.341139,-0.0377173,0.0274033,0,0,-3.00281e-07,0.0630744,0.000263212,-0.0331921,-0.0101144,-0.0405808,0.00222195,0,0,0.0226927,-0.142494,0.0327592,0.572474,-0.0377646,0.404958,-0.00523626,0,0,-3.36137e-08,-0.00268467,0.00137988,0.00443603,0.00125368,0.00401938,0.000684538,0,0,-0.0311432,-0.00809893,-0.0186603,-0.0137155,0.0278971,-0.00536112,0.0662351,0,0,0,0,0,0,1.20024e-12,0,0,0,0,0,0,0,0,0,0,0,0.905991,4.27796e-09,0,0,0,0,-1.20024e-12,0,0,0,0,0,0,0,0,0,0,0,4.27826e-09,0.905991,
8.67362e-13,0.00322967,-0.0115219,-0.000346444,6.26474e-05,0.000185423,-2.91953e-06,0,0,0.498683,-0.0144498,0.0814899,0.00082619,0.00238859,0.00226262,-0.00318882,0,0,-2.77556e-11,0.0729653,-0.00206061,0.00437524,0.000693517,0.00118071,-6.32909e-05,0,0,-0.0143835,0.631463,-0.0023882,-0.081088,0.00416203,-0.014137,-0.000825128,0,0,-3.46945e-12,-0.0041293,0.074974,0.0051317,0.000408959,0.000908746,-4.57162e-05,0,0,0.0824423,-0.00223856,0.45182,-0.0130077,-0.016557,0.00327698,-0.00189585,0,0,1.73472e-12,0.0175794,0.00373282,-0.000390272,0.000363853,0.00241667,-0.000131497,0,0,0.00113739,-0.0829148,-0.0127888,0.606887,0.0199841,0.0571122,-0.00133731,0,0,1.04083e-11,0.011317,0.0279325,-0.0198216,-0.00668739,-0.0148129,0.000813924,0,0,0.0241213,0.0407057,-0.164926,0.20008,0.341207,-0.0377099,0.0273886,0,0,-6.245e-11,0.0630807,0.000281849,-0.0332622,-0.0101677,-0.0404859,0.00222142,0,0,0.0227823,-0.142398,0.0328564,0.57245,-0.0377573,0.404978,-0.00523789,0,0,-4.33681e-12,-0.00268285,0.00138073,0.00443387,0.00125782,0.00402071,0.000686521,0,0,-0.0311483,-0.00810547,-0.0186815,-0.0137022,0.0278827,-0.00536285,0.0662363,0,0,0,1.20024e-12,0,0,0,0,0,0,0,0,0,0,0,0,0,0,0.905991,-4.43579e-09,0,0,0,0,0,0,0,0,0,0,0,0,0,0,0,0,-4.43579e-09,0.905991,
2.54834e-07,0.00322552,-0.0114876,-0.000348392,6.24985e-05,0.000186243,-2.74093e-06,0,0,0.498879,-0.0144555,0.0811839,0.000828186,0.00241685,0.00227153,-0.00318926,0,0,6.4948e-09,0.0729284,-0.00205156,0.00430449,0.00068968,0.00117898,-6.3307e-05,0,0,-0.0143891,0.631464,-0.00239777,-0.0810936,0.00416462,-0.0141271,-0.000825811,0,0,1.4664e-07,-0.00412406,0.0750095,0.00514631,0.000413396,0.000911709,-4.56625e-05,0,0,0.0821379,-0.00224779,0.451919,-0.013022,-0.0165392,0.0032867,-0.00189796,0,0,-5.65182e-08,0.0174903,0.00373883,-0.00032263,0.000373835,0.00241312,-0.000131531,0,0,0.00113982,-0.082923,-0.0128027,0.606888,0.0199806,0.0571095,-0.00133592,0,0,1.24793e-06,0.0112781,0.0279916,-0.0197746,-0.00676539,-0.0148503,0.00081593,0,0,0.0244038,0.0407304,-0.164748,0.200045,0.341276,-0.0377025,0.0273738,0,0,-3.02113e-07,0.0630869,0.000300187,-0.033331,-0.0102205,-0.0403907,0.0022203,0,0,0.0228717,-0.142302,0.0329537,0.572426,-0.03775,0.404998,-0.00523953,0,0,-3.38332e-08,-0.00268103,0.00138155,0.00443184,0.00126202,0.00402204,0.000688439,0,0,-0.0311534,-0.00811202,-0.0187027,-0.0136888,0.0278684,-0.00536458,0.0662375,0,0,0,-1.20024e-12,-1.20024e-12,0,-1.20024e-12,0,-1.20024e-12,0,0,0,0,0,0,0,0,0,0.905991,-4.4571e-09,0,0,0,0,0,0,0,0,0,0,0,0,0,0,0,0,-4.4568e-09,0.905991,
-2.55418e-07,0.00322113,-0.0114537,-0.000349588,6.28725e-05,0.000187319,-2.56121e-06,0,0,0.499075,-0.0144612,0.0808777,0.00083022,0.00244508,0.00228043,-0.0031897,0,0,-6.52256e-09,0.0728912,-0.00204249,0.00423366,0.000685851,0.00117724,-6.33229e-05,0,0,-0.0143947,0.631466,-0.00240736,-0.0810992,0.00416722,-0.0141172,-0.000826495,0,0,-1.47134e-07,-0.00411894,0.0750447,0.00516136,0.000418133,0.000914821,-4.56079e-05,0,0,0.0818332,-0.00225704,0.452018,-0.0130363,-0.0165214,0.00329643,-0.00190008,0,0,5.67775e-08,0.0174012,0.00374495,-0.000255072,0.000383712,0.00240949,-0.000131565,0,0,0.00114228,-0.0829311,-0.0128165,0.60689,0.019977,0.0571067,-0.00133454,0,0,-1.25211e-06,0.0112379,0.0280482,-0.0197237,-0.00684086,-0.0148865,0.000817944,0,0,0.0246859,0.0407552,-0.16457,0.20001,0.341344,-0.0376951,0.0273591,0,0,3.02938e-07,0.0630933,0.000319133,-0.0334006,-0.0102739,-0.0402956,0.00221916,0,0,0.022961,-0.142206,0.0330512,0.572402,-0.0377427,0.405017,-0.00524117,0,0,3.39407e-08,-0.00267918,0.00138245,0.00442969,0.00126615,0.00402333,0.00069036,0,0,-0.0311583,-0.00811856,-0.018724,-0.0136755,0.027854,-0.00536632,0.0662387,0,0,0,-1.20024e-12,-1.20024e-12,0,-2.40048e-12,0,1.20024e-12,0,0,0,0,0,0,0,0,0,0.905991,-4.34847e-09,0,1.20024e-12,1.20024e-12,0,0,0,-1.20024e-12,0,0,0,0,0,0,0,0,0,-4.34787e-09,0.905991,
1.30104e-12,0.00321727,-0.0114198,-0.000351307,6.30049e-05,0.000188396,-2.89236e-06,0,0,0.499271,-0.0144668,0.0805712,0.000832292,0.00247326,0.00228931,-0.00319014,0,0,0,0.072854,-0.0020334,0.00416271,0.000682012,0.0011755,-6.33518e-05,0,0,-0.0144003,0.631467,-0.00241698,-0.0811049,0.00416982,-0.0141074,-0.000827179,0,0,-5.20417e-12,-0.0041135,0.0750798,0.00517614,0.000422729,0.000917935,-4.58475e-05,0,0,0.0815283,-0.00226631,0.452116,-0.0130506,-0.0165035,0.00330618,-0.00190219,0,0,-7.80626e-12,0.0173118,0.00375109,-0.000187315,0.000393653,0.00240585,-0.000131486,0,0,0.00114479,-0.0829392,-0.0128304,0.606891,0.0199735,0.057104,-0.00133316,0,0,3.46945e-12,0.0112002,0.0281048,-0.0196753,-0.00691756,-0.0149226,0.000817452,0,0,0.0249676,0.04078,-0.164391,0.199975,0.341412,-0.0376877,0.0273444,0,0,4.16334e-11,0.0630989,0.000338083,-0.0334695,-0.010327,-0.0402001,0.00221863,0,0,0.0230502,-0.14211,0.0331488,0.572378,-0.0377354,0.405037,-0.0052428,0,0,-8.67362e-13,-0.00267738,0.00138336,0.00442759,0.0012703,0.00402462,0.000692351,0,0,-0.0311632,-0.00812511,-0.0187453,-0.0136622,0.0278397,-0.00536805,0.0662399,0,0,0,-1.20024e-12,1.20024e-12,-1.20024e-12,-1.20024e-12,1.20024e-12,-2.40048e-12,0,0,0,0,0,0,0,0,0,0.905991,4.14203e-09,0,-3.60072e-12,2.40048e-12,-1.20024e-12,-3.60072e-12,3.60072e-12,-3.60072e-12,0,0,0,0,0,0,0,0,0,4.14293e-09,0.905991,
0,0.00321341,-0.0113852,-0.000352268,6.31506e-05,0.000188961,-3.22471e-06,0,0,0.499467,-0.0144725,0.0802645,0.000834402,0.00250139,0.00229818,-0.00319056,0,0,-2.77556e-11,0.0728165,-0.00202426,0.00409168,0.000678168,0.00117373,-6.33806e-05,0,0,-0.0144059,0.631468,-0.00242662,-0.0811105,0.00417242,-0.0140975,-0.000827862,0,0,-6.93889e-12,-0.00410803,0.0751152,0.00519136,0.000427331,0.000920756,-4.60881e-05,0,0,0.0812232,-0.00227562,0.452215,-0.0130649,-0.0164857,0.00331594,-0.00190431,0,0,6.07153e-12,0.0172222,0.00375712,-0.000119645,0.000403603,0.00240231,-0.000131405,0,0,0.00114733,-0.0829473,-0.0128442,0.606892,0.01997,0.0571012,-0.00133178,0,0,2.42861e-11,0.0111624,0.0281637,-0.019623,-0.00699423,-0.0149613,0.000816951,0,0,0.0252489,0.0408048,-0.164212,0.19994,0.341481,-0.0376803,0.0273297,0,0,0,0.0631044,0.000356429,-0.0335393,-0.0103802,-0.0401038,0.00221809,0,0,0.0231393,-0.142014,0.0332466,0.572354,-0.0377281,0.405057,-0.00524443,0,0,0,-0.00267559,0.00138422,0.00442539,0.00127445,0.00402598,0.000694345,0,0,-0.031168,-0.00813166,-0.0187666,-0.0136489,0.0278254,-0.00536978,0.0662411,0,0,0,1.20024e-12,0,0,0,0,0,0,0,0,0,0,0,0,0,0,0.905991,4.06822e-09,0,1.20024e-12,0,0,-1.20024e-12,-1.20024e-12,0,0,0,0,0,0,0,0,0,0,4.06852e-09,0.905991,
4.33681e-13,0.00320906,-0.0113511,-0.00035401,6.30524e-05,0.000189783,-2.78677e-06,0,0,0.499662,-0.0144781,0.0799576,0.00083655,0.00252948,0.00230704,-0.00319098,0,0,0,0.072779,-0.00201511,0.00402052,0.000674313,0.00117196,-6.33894e-05,0,0,-0.0144114,0.63147,-0.00243628,-0.0811161,0.00417503,-0.0140876,-0.000828546,0,0,-6.93889e-12,-0.00410283,0.0751503,0.00520616,0.00043179,0.000923725,-4.58838e-05,0,0,0.0809178,-0.00228494,0.452314,-0.0130791,-0.0164678,0.00332571,-0.00190643,0,0,4.33681e-12,0.0171327,0.00376328,-5.17186e-05,0.000413618,0.0023987,-0.000131497,0,0,0.00114991,-0.0829555,-0.0128581,0.606893,0.0199664,0.0570984,-0.0013304,0,0,-3.46945e-12,0.0111221,0.0282201,-0.0195744,-0.00707214,-0.0149988,0.000820234,0,0,0.0255297,0.0408296,-0.164033,0.199904,0.341549,-0.0376729,0.027315,0,0,2.08167e-11,0.0631104,0.000375387,-0.033608,-0.0104332,-0.0400075,0.00221664,0,0,0.0232283,-0.141919,0.0333445,0.572329,-0.0377207,0.405076,-0.00524607,0,0,-8.67362e-13,-0.00267372,0.00138515,0.00442327,0.00127863,0.0040273,0.00069624,0,0,-0.0311727,-0.0081382,-0.0187879,-0.0136355,0.0278111,-0.00537151,0.0662423,0,0,0,0,0,1.20024e-12,2.40048e-12,0,-2.40048e-12,-5.64113e-11,0,0,0,0,0,0,0,0,0.905991,4.09822e-09,0,0,0,0,-2.40048e-12,0,2.40048e-12,0,0,0,0,0,0,0,0,0,4.09852e-09,0.905991,
2.57748e-07,0.00320497,-0.0113167,-0.000355765,6.37396e-05,0.000190605,-3.37753e-06,0,0,0.499858,-0.0144838,0.0796504,0.000838737,0.00255753,0.00231589,-0.00319139,0,0,6.66134e-09,0.0727412,-0.00200593,0.00394927,0.000670474,0.00117018,-6.34247e-05,0,0,-0.014417,0.631471,-0.00244597,-0.0811217,0.00417763,-0.0140778,-0.00082923,0,0,1.49158e-07,-0.00409747,0.0751855,0.00522096,0.000436702,0.000926696,-4.62741e-05,0,0,0.0806121,-0.00229429,0.452412,-0.0130934,-0.0164499,0.00333549,-0.00190856,0,0,-5.77637e-08,0.0170429,0.00376939,1.62932e-05,0.000423469,0.00239508,-0.000131358,0,0,0.00115252,-0.0829636,-0.0128719,0.606894,0.0199629,0.0570956,-0.00132902,0,0,1.26887e-06,0.0110829,0.0282777,-0.0195257,-0.00714622,-0.0150363,0.000818457,0,0,0.0258101,0.0408544,-0.163854,0.199869,0.341617,-0.0376655,0.0273003,0,0,-3.06359e-07,0.063116,0.000394043,-0.0336766,-0.0104871,-0.0399109,0.00221641,0,0,0.0233171,-0.141823,0.0334425,0.572305,-0.0377134,0.405096,-0.0052477,0,0,-3.4377e-08,-0.00267188,0.00138606,0.00442114,0.0012827,0.00402861,0.000698274,0,0,-0.0311774,-0.00814475,-0.0188093,-0.0136222,0.0277968,-0.00537324,0.0662435,0,0,0,2.40048e-12,0,-1.20024e-12,2.40048e-12,1.20024e-12,0,-1.15223e-10,0,0,0,0,0,0,0,0,0.905991,4.22605e-09,0,0,0,0,0,0,0,0,0,0,0,0,0,0,0,0,4.22575e-09,0.905991,
-2.58329e-07,0.0032009,-0.0112819,-0.000356757,6.36673e-05,0.000191427,-3.19567e-06,0,0,0.500053,-0.0144894,0.079343,0.000840962,0.00258553,0.00232472,-0.00319179,0,0,-6.71685e-09,0.0727033,-0.00199671,0.00387793,0.00066661,0.00116839,-6.34398e-05,0,0,-0.0144226,0.631473,-0.00245569,-0.0811274,0.00418023,-0.014068,-0.000829913,0,0,-1.49688e-07,-0.00409207,0.0752208,0.00523623,0.000441173,0.000929669,-4.62174e-05,0,0,0.0803062,-0.00230366,0.45251,-0.0131076,-0.016432,0.00334529,-0.00191069,0,0,5.79675e-08,0.0169529,0.00377546,8.42164e-05,0.000433501,0.00239144,-0.000131391,0,0,0.00115518,-0.0829717,-0.0128857,0.606895,0.0199593,0.0570928,-0.00132764,0,0,-1.27304e-06,0.0110437,0.0283364,-0.019473,-0.00722408,-0.0150738,0.000820481,0,0,0.0260901,0.0408792,-0.163675,0.199833,0.341685,-0.0376581,0.0272857,0,0,3.07449e-07,0.0631214,0.000412395,-0.033746,-0.0105401,-0.039814,0.00221525,0,0,0.0234058,-0.141728,0.0335406,0.572281,-0.037706,0.405116,-0.00524934,0,0,3.44846e-08,-0.00267003,0.00138694,0.0044189,0.00128687,0.00402993,0.000700207,0,0,-0.0311819,-0.0081513,-0.0188307,-0.0136089,0.0277826,-0.00537497,0.0662446,0,0,0,-1.20024e-12,1.20024e-12,0,0,0,0,0,0,0,0,0,0,0,0,0,0.905991,-4.4643e-09,0,-1.20024e-12,1.20024e-12,0,0,0,0,0,0,0,0,0,0,0,0,0,-4.4646e-09,0.905991,
-2.58914e-07,0.0031971,-0.0112475,-0.000358277,6.36072e-05,0.00019225,-3.53051e-06,0,0,0.500249,-0.014495,0.0790353,0.000843225,0.00261349,0.00233354,-0.00319218,0,0,-6.71685e-09,0.0726653,-0.00198747,0.00380648,0.000662742,0.00116659,-6.34683e-05,0,0,-0.0144281,0.631475,-0.00246543,-0.081133,0.00418283,-0.0140581,-0.000830597,0,0,-1.50182e-07,-0.0040865,0.0752558,0.0052512,0.000445649,0.000932642,-4.64601e-05,0,0,0.0800001,-0.00231306,0.452608,-0.0131218,-0.0164141,0.0033551,-0.00191282,0,0,5.81896e-08,0.0168628,0.00378164,0.00015234,0.000443542,0.00238779,-0.000131309,0,0,0.00115787,-0.0829798,-0.0128995,0.606896,0.0199558,0.05709,-0.00132626,0,0,-1.27725e-06,0.0110058,0.0283926,-0.0194228,-0.00730192,-0.0151113,0.000819958,0,0,0.0263696,0.0409041,-0.163496,0.199798,0.341753,-0.0376507,0.0272711,0,0,3.08302e-07,0.0631264,0.000431363,-0.0338147,-0.0105932,-0.0397169,0.00221471,0,0,0.0234944,-0.141632,0.0336389,0.572256,-0.0376987,0.405135,-0.00525097,0,0,3.46008e-08,-0.00266822,0.0013879,0.00441672,0.00129103,0.00403124,0.000702213,0,0,-0.0311864,-0.00815786,-0.0188521,-0.0135956,0.0277683,-0.0053767,0.0662458,0,0,0,1.20024e-12,0,-1.20024e-12,0,-1.20024e-12,0,0,0,0,0,0,0,0,0,0,0.905991,-4.56302e-09,0,0,0,0,-1.20024e-12,0,0,0,0,0,0,0,0,0,0,0,-4.56332e-09,0.905991,
-2.59498e-07,0.00319305,-0.0112128,-0.000360066,6.40793e-05,0.000192811,-3.34751e-06,0,0,0.500444,-0.0145007,0.0787274,0.000845527,0.00264141,0.00234235,-0.00319257,0,0,-6.80012e-09,0.0726271,-0.0019782,0.00373492,0.000658883,0.00116477,-6.34831e-05,0,0,-0.0144337,0.631476,-0.00247519,-0.0811387,0.00418544,-0.0140483,-0.000831281,0,0,-1.50676e-07,-0.00408106,0.0752909,0.00526604,0.000450432,0.000935464,-4.64024e-05,0,0,0.0796937,-0.00232248,0.452706,-0.013136,-0.0163962,0.00336493,-0.00191495,0,0,5.8409e-08,0.0167726,0.00378779,0.000220606,0.000453474,0.00238419,-0.000131343,0,0,0.0011606,-0.082988,-0.0129132,0.606898,0.0199522,0.0570872,-0.00132488,0,0,-1.28147e-06,0.0109665,0.02845,-0.0193738,-0.00737719,-0.0151502,0.000821988,0,0,0.0266488,0.0409289,-0.163316,0.199762,0.341821,-0.0376433,0.0272565,0,0,3.09155e-07,0.0631315,0.000450026,-0.033883,-0.0106469,-0.0396192,0.00221354,0,0,0.0235828,-0.141537,0.0337374,0.572232,-0.0376914,0.405155,-0.0052526,0,0,3.4704e-08,-0.00266637,0.00138884,0.00441456,0.00129512,0.00403258,0.000704152,0,0,-0.0311908,-0.00816441,-0.0188736,-0.0135823,0.0277541,-0.00537842,0.066247,0,0,0,1.20024e-12,2.40048e-12,1.20024e-12,0,0,1.20024e-12,0,0,0,0,0,0,0,0,0,0.905991,-4.51591e-09,0,1.20024e-12,1.20024e-12,1.20024e-12,0,0,1.20024e-12,0,0,0,0,0,0,0,0,0,-4.51591e-09,0.905991,
-1.30104e-12,0.00318901,-0.0111778,-0.000361609,6.45653e-05,0.000194151,-3.68355e-06,0,0,0.500639,-0.0145063,0.0784192,0.000847866,0.00266928,0.00235114,-0.00319295,0,0,0,0.0725887,-0.0019689,0.00366326,0.00065502,0.00116296,-6.35114e-05,0,0,-0.0144392,0.631478,-0.00248498,-0.0811443,0.00418804,-0.0140385,-0.000831965,0,0,1.04083e-11,-0.00407559,0.0753261,0.00528103,0.000455222,0.00093874,-4.66461e-05,0,0,0.0793871,-0.00233193,0.452804,-0.0131502,-0.0163782,0.00337477,-0.00191709,0,0,8.67362e-12,0.0166822,0.00379388,0.000288898,0.000463414,0.0023804,-0.00013126,0,0,0.00116337,-0.0829961,-0.012927,0.606899,0.0199486,0.0570844,-0.0013235,0,0,6.93889e-12,0.0109271,0.0285086,-0.0193234,-0.00745242,-0.0151852,0.000821454,0,0,0.0269275,0.0409537,-0.163137,0.199727,0.341889,-0.0376358,0.0272419,0,0,-2.77556e-11,0.0631365,0.000468382,-0.0339515,-0.0107007,-0.0395221,0.00221299,0,0,0.0236711,-0.141442,0.0338359,0.572207,-0.037684,0.405175,-0.00525423,0,0,2.60209e-12,-0.00266451,0.00138976,0.00441235,0.00129921,0.00403381,0.000706163,0,0,-0.0311952,-0.00817096,-0.0188951,-0.013569,0.0277399,-0.00538015,0.0662482,0,0,0,0,0,-1.20024e-12,0,1.20024e-12,0,0,0,0,0,0,0,0,0,0,0.905991,-4.34637e-09,0,0,0,1.20024e-12,0,-1.20024e-12,-1.20024e-12,0,0,0,0,0,0,0,0,0,-4.34637e-09,0.905991,
4.33681e-13,0.00318446,-0.0111429,-0.000363164,6.45437e-05,0.000194713,-3.49947e-06,0,0,0.500834,-0.0145119,0.0781108,0.000850244,0.00269711,0.00235992,-0.00319332,0,0,0,0.0725502,-0.00195957,0.00359151,0.000651139,0.00116112,-6.35258e-05,0,0,-0.0144448,0.631479,-0.0024948,-0.08115,0.00419065,-0.0140287,-0.00083265,0,0,-6.93889e-12,-0.0040704,0.0753611,0.00529604,0.000459715,0.000941565,-4.65874e-05,0,0,0.0790803,-0.0023414,0.452902,-0.0131644,-0.0163603,0.00338462,-0.00191923,0,0,-2.60209e-11,0.0165919,0.00380004,0.000357275,0.000473479,0.00237677,-0.000131293,0,0,0.00116618,-0.0830042,-0.0129407,0.6069,0.019945,0.0570816,-0.00132213,0,0,-6.93889e-12,0.0108852,0.0285658,-0.0192729,-0.0075302,-0.015224,0.00082349,0,0,0.0272058,0.0409786,-0.162957,0.199691,0.341957,-0.0376284,0.0272273,0,0,4.85723e-11,0.063142,0.000487048,-0.0340199,-0.0107538,-0.0394238,0.00221182,0,0,0.0237593,-0.141347,0.0339346,0.572182,-0.0376766,0.405194,-0.00525587,0,0,-1.73472e-12,-0.00266258,0.00139072,0.00441014,0.00130335,0.00403515,0.000708106,0,0,-0.0311994,-0.00817752,-0.0189166,-0.0135557,0.0277257,-0.00538188,0.0662494,0,0,0,0,-2.40048e-12,0,0,-1.20024e-12,2.40048e-12,5.64113e-11,0,0,0,0,0,0,0,0,0.905991,4.09372e-09,0,0,1.20024e-12,0,0,1.20024e-12,-1.20024e-12,1.20024e-12,0,0,0,0,0,0,0,0,4.09402e-09,0.905991,
-8.67362e-13,0.00318071,-0.0111083,-0.00036473,6.50564e-05,0.000195275,-3.31428e-06,0,0,0.501029,-0.0145175,0.0778022,0.00085266,0.0027249,0.00236869,-0.00319368,0,0,2.77556e-11,0.0725115,-0.00195022,0.00351965,0.000647268,0.00115927,-6.35401e-05,0,0,-0.0144503,0.631481,-0.00250464,-0.0811556,0.00419325,-0.0140189,-0.000833334,0,0,8.67362e-12,-0.00406473,0.0753959,0.00531105,0.000464518,0.000944391,-4.65278e-05,0,0,0.0787732,-0.0023509,0.452999,-0.0131786,-0.0163423,0.00339449,-0.00192137,0,0,3.46945e-11,0.0165011,0.00380627,0.000425735,0.000483434,0.00237312,-0.000131327,0,0,0.00116902,-0.0830124,-0.0129545,0.606901,0.0199414,0.0570788,-0.00132075,0,0,-1.04083e-11,0.010847,0.0286217,-0.0192223,-0.00760537,-0.0152629,0.000825534,0,0,0.0274837,0.0410035,-0.162777,0.199655,0.342025,-0.0376209,0.0272127,0,0,1.38778e-11,0.0631465,0.000506028,-0.0340882,-0.0108077,-0.0393253,0.00221064,0,0,0.0238474,-0.141252,0.0340334,0.572157,-0.0376693,0.405214,-0.0052575,0,0,5.20417e-12,-0.00266075,0.00139172,0.00440791,0.00130743,0.00403648,0.000710052,0,0,-0.0312036,-0.00818407,-0.0189381,-0.0135424,0.0277115,-0.0053836,0.0662506,0,0,0,-1.20024e-12,0,1.20024e-12,1.20024e-12,1.20024e-12,1.20024e-12,0,0,0,0,0,0,0,0,0,0.905991,3.9803e-09,0,0,0,0,0,0,0,0,0,0,0,0,0,0,0,0,3.9809e-09,0.905991,
8.67362e-13,0.00317697,-0.011073,-0.000366046,6.47979e-05,0.000196098,-3.91345e-06,0,0,0.501224,-0.0145231,0.0774933,0.000855114,0.00275264,0.00237745,-0.00319404,0,0,0,0.0724727,-0.00194083,0.0034477,0.000643371,0.00115742,-6.3575e-05,0,0,-0.0144558,0.631483,-0.0025145,-0.0811613,0.00419586,-0.0140091,-0.000834018,0,0,-1.04083e-11,-0.00405903,0.075431,0.00532623,0.000468871,0.000947369,-4.69253e-05,0,0,0.0784658,-0.00236042,0.453097,-0.0131928,-0.0163243,0.00340437,-0.00192352,0,0,-2.60209e-12,0.0164103,0.00381239,0.000494221,0.000493575,0.00236941,-0.000131183,0,0,0.0011719,-0.0830205,-0.0129682,0.606902,0.0199378,0.0570759,-0.00131937,0,0,1.73472e-11,0.0108088,0.0286801,-0.0191703,-0.00768441,-0.0153006,0.000823689,0,0,0.0277612,0.0410283,-0.162596,0.199619,0.342093,-0.0376135,0.0271982,0,0,5.55112e-11,0.0631508,0.000524386,-0.0341567,-0.0108606,-0.0392267,0.00221039,0,0,0.0239353,-0.141157,0.0341324,0.572133,-0.0376619,0.405234,-0.00525913,0,0,-5.20417e-12,-0.00265892,0.00139266,0.00440563,0.0013116,0.00403778,0.000712106,0,0,-0.0312077,-0.00819063,-0.0189597,-0.0135291,0.0276974,-0.00538533,0.0662518,0,0,0,0,0,0,0,0,-3.60072e-12,0,0,0,0,0,0,0,0,0,0.905991,3.9701e-09,0,0,0,0,0,-1.20024e-12,0,0,0,0,0,0,0,0,0,0,3.9695e-09,0.905991,
8.67362e-13,0.00317246,-0.0110376,-0.00036816,6.55999e-05,0.000196921,-3.72776e-06,0,0,0.501419,-0.0145286,0.0771842,0.000857606,0.00278035,0.00238619,-0.00319439,0,0,0,0.0724337,-0.00193141,0.00337562,0.000639498,0.00115556,-6.3589e-05,0,0,-0.0144613,0.631484,-0.00252439,-0.0811669,0.00419847,-0.0139993,-0.000834702,0,0,-3.46945e-12,-0.00405377,0.0754661,0.00534096,0.000473841,0.00095035,-4.68651e-05,0,0,0.0781583,-0.00236997,0.453194,-0.0132069,-0.0163062,0.00341426,-0.00192567,0,0,1.56125e-11,0.0163195,0.00381853,0.000562969,0.000503486,0.00236568,-0.000131217,0,0,0.00117482,-0.0830286,-0.0129819,0.606904,0.0199342,0.0570731,-0.001318,0,0,0,0.0107666,0.0287384,-0.019122,-0.00775822,-0.0153382,0.000825733,0,0,0.0280382,0.0410532,-0.162416,0.199583,0.342161,-0.037606,0.0271837,0,0,-7.63278e-11,0.0631559,0.000542744,-0.0342242,-0.0109149,-0.0391279,0.0022092,0,0,0.0240231,-0.141062,0.0342314,0.572108,-0.0376545,0.405253,-0.00526076,0,0,0,-0.00265698,0.00139362,0.00440345,0.00131563,0.00403907,0.000714057,0,0,-0.0312118,-0.00819719,-0.0189813,-0.0135158,0.0276832,-0.00538705,0.066253,0,0,0,0,0,0,0,0,0,0,0,0,0,0,0,0,0,0,0.905991,4.05051e-09,0,0,0,0,0,0,0,0,0,0,0,0,0,0,0,0,4.05051e-09,0.905991,
0,0.00316849,-0.0110024,-0.000369236,6.56285e-05,0.000198008,-4.06694e-06,0,0,0.501614,-0.0145342,0.0768749,0.000860137,0.00280801,0.00239492,-0.00319473,0,0,-2.77556e-11,0.0723946,-0.00192197,0.00330348,0.0006356,0.00115369,-6.36168e-05,0,0,-0.0144668,0.631486,-0.00253431,-0.0811726,0.00420108,-0.0139895,-0.000835387,0,0,-6.93889e-12,-0.00404818,0.0755009,0.00535632,0.000478358,0.000953485,-4.71114e-05,0,0,0.0778505,-0.00237954,0.453291,-0.0132211,-0.0162882,0.00342416,-0.00192782,0,0,2.42861e-11,0.0162284,0.00382473,0.000631562,0.000513583,0.00236188,-0.000131131,0,0,0.00117778,-0.0830368,-0.0129956,0.606905,0.0199305,0.0570703,-0.00131662,0,0,-3.46945e-11,0.010727,0.0287954,-0.0190685,-0.00783592,-0.0153745,0.000825171,0,0,0.0283149,0.0410781,-0.162235,0.199547,0.342228,-0.0375985,0.0271692,0,0,-4.85723e-11,0.0631603,0.000561415,-0.0342928,-0.0109682,-0.0390292,0.00220864,0,0,0.0241107,-0.140967,0.0343307,0.572083,-0.0376471,0.405273,-0.0052624,0,0,3.46945e-12,-0.0026551,0.00139462,0.00440112,0.00131975,0.00404032,0.000716081,0,0,-0.0312157,-0.00820375,-0.0190029,-0.0135025,0.0276691,-0.00538878,0.0662541,0,0,0,0,0,0,0,-1.20024e-12,1.20024e-12,0,0,0,0,0,0,0,0,0,0.905991,4.22575e-09,0,-1.20024e-12,2.40048e-12,1.20024e-12,0,1.20024e-12,0,0,0,0,0,0,0,0,0,0,4.22605e-09,0.905991,
4.33681e-13,0.00316453,-0.0109671,-0.000371112,6.56693e-05,0.00019857,-4.14374e-06,0,0,0.501808,-0.0145398,0.0765654,0.000862705,0.00283563,0.00240364,-0.00319506,0,0,0,0.0723553,-0.0019125,0.00323121,0.000631698,0.0011518,-6.36375e-05,0,0,-0.0144723,0.631488,-0.00254425,-0.0811783,0.00420369,-0.0139797,-0.000836071,0,0,-1.73472e-12,-0.00404256,0.0755357,0.00537122,0.000482881,0.000956314,-4.72045e-05,0,0,0.0775425,-0.00238913,0.453388,-0.0132352,-0.0162702,0.00343408,-0.00192997,0,0,-1.73472e-11,0.0161372,0.00383094,0.000700419,0.000523689,0.00235819,-0.000131104,0,0,0.00118077,-0.0830449,-0.0130093,0.606906,0.0199269,0.0570674,-0.00131524,0,0,-1.38778e-11,0.0106873,0.0288523,-0.0190188,-0.0079136,-0.0154135,0.00082591,0,0,0.0285911,0.041103,-0.162055,0.199511,0.342296,-0.037591,0.0271547,0,0,4.16334e-11,0.0631645,0.000580088,-0.0343604,-0.0110216,-0.0389295,0.00220776,0,0,0.0241983,-0.140872,0.03443,0.572058,-0.0376397,0.405293,-0.00526403,0,0,1.73472e-12,-0.00265322,0.00139563,0.00439888,0.00132388,0.00404163,0.000718072,0,0,-0.0312196,-0.00821031,-0.0190245,-0.0134893,0.027655,-0.0053905,0.0662553,0,0,0,0,0,1.20024e-12,-1.20024e-12,1.20024e-12,-1.20024e-12,0,0,0,0,0,0,0,0,0,0.905991,-4.51561e-09,0,0,0,2.40048e-12,-2.40048e-12,1.20024e-12,-2.40048e-12,0,0,0,0,0,0,0,0,0,-4.51561e-09,0.905991,
2.60209e-12,0.00316085,-0.0109318,-0.000372736,6.65146e-05,0.000199658,-3.95642e-06,0,0,0.502003,-0.0145454,0.0762556,0.000865312,0.0028632,0.00241234,-0.00319538,0,0,2.77556e-11,0.0723158,-0.001903,0.00315885,0.000627813,0.00114991,-6.36509e-05,0,0,-0.0144778,0.63149,-0.00255421,-0.081184,0.0042063,-0.01397,-0.000836756,0,0,-6.93889e-12,-0.00403676,0.0755705,0.00538628,0.000487874,0.000959453,-4.71428e-05,0,0,0.0772342,-0.00239875,0.453485,-0.0132493,-0.0162521,0.00344401,-0.00193213,0,0,-4.16334e-11,0.0160457,0.00383716,0.0007693,0.000533622,0.00235436,-0.000131137,0,0,0.0011838,-0.0830531,-0.013023,0.606907,0.0199232,0.0570645,-0.00131387,0,0,2.42861e-11,0.0106489,0.0289091,-0.0189677,-0.00798733,-0.0154499,0.000827963,0,0,0.028867,0.0411279,-0.161874,0.199474,0.342363,-0.0375835,0.0271402,0,0,1.52656e-10,0.0631683,0.000598762,-0.0344282,-0.011076,-0.0388302,0.00220656,0,0,0.0242856,-0.140777,0.0345295,0.572032,-0.0376323,0.405312,-0.00526566,0,0,2.60209e-12,-0.00265137,0.00139664,0.00439659,0.00132789,0.00404288,0.00072003,0,0,-0.0312234,-0.00821687,-0.0190462,-0.013476,0.0276409,-0.00539222,0.0662565,0,0,0,-2.40048e-12,0,0,0,1.20024e-12,-2.40048e-12,0,0,0,0,0,0,0,0,0,0.905991,-4.66474e-09,0,-1.20024e-12,0,0,0,1.20024e-12,-1.20024e-12,0,0,0,0,0,0,0,0,0,-4.66534e-09,0.905991,
1.30104e-12,0.00315691,-0.0108963,-0.000374639,6.65797e-05,0.000200751,-4.03277e-06,0,0,0.502197,-0.0145509,0.0759456,0.000867957,0.00289074,0.00242103,-0.0031957,0,0,0,0.0722762,-0.00189347,0.00308638,0.000623902,0.00114801,-6.36713e-05,0,0,-0.0144833,0.631492,-0.0025642,-0.0811897,0.00420891,-0.0139602,-0.00083744,0,0,-1.56125e-11,-0.00403109,0.0756052,0.00540121,0.000492409,0.000962596,-4.72354e-05,0,0,0.0769258,-0.00240839,0.453582,-0.0132634,-0.016234,0.00345396,-0.00193429,0,0,-3.46945e-11,0.0159542,0.00384339,0.000838325,0.000543744,0.00235052,-0.00013111,0,0,0.00118687,-0.0830612,-0.0130367,0.606908,0.0199196,0.0570617,-0.00131249,0,0,-3.46945e-12,0.0106092,0.0289659,-0.0189178,-0.00806497,-0.0154863,0.000828704,0,0,0.0291424,0.0411528,-0.161693,0.199438,0.342431,-0.037576,0.0271258,0,0,1.45717e-10,0.0631723,0.000617437,-0.0344956,-0.0111294,-0.0387306,0.00220566,0,0,0.0243729,-0.140683,0.0346291,0.572007,-0.0376249,0.405332,-0.00526729,0,0,0,-0.00264948,0.00139767,0.00439433,0.001332,0.00404411,0.000722026,0,0,-0.0312272,-0.00822343,-0.0190679,-0.0134627,0.0276268,-0.00539395,0.0662577,0,0,0,0,0,0,1.20024e-12,0,0,0,0,0,0,0,0,0,0,0,0.905991,-4.65604e-09,0,0,0,0,0,0,0,0,0,0,0,0,0,0,0,0,-4.65574e-09,0.905991,
1.73472e-12,0.00315299,-0.0108611,-0.000376022,6.66576e-05,0.00020158,-3.84383e-06,0,0,0.502391,-0.0145565,0.0756354,0.00087064,0.00291823,0.0024297,-0.00319601,0,0,0,0.0722364,-0.00188392,0.00301383,0.000619988,0.0011461,-6.36844e-05,0,0,-0.0144888,0.631494,-0.00257422,-0.0811954,0.00421152,-0.0139505,-0.000838125,0,0,-5.20417e-12,-0.00402539,0.0756398,0.00541645,0.000496951,0.000965585,-4.71722e-05,0,0,0.0766171,-0.00241806,0.453678,-0.0132775,-0.0162159,0.00346391,-0.00193645,0,0,1.99493e-11,0.0158626,0.00384969,0.000907313,0.000553873,0.00234672,-0.000131144,0,0,0.00118998,-0.0830694,-0.0130503,0.60691,0.0199159,0.0570588,-0.00131112,0,0,-1.73472e-11,0.0105693,0.0290212,-0.0188651,-0.00814259,-0.015524,0.000830766,0,0,0.0294174,0.0411777,-0.161511,0.199402,0.342498,-0.0375685,0.0271114,0,0,0,0.0631761,0.00063643,-0.0345635,-0.0111829,-0.0386304,0.00220445,0,0,0.02446,-0.140588,0.0347288,0.571982,-0.0376175,0.405351,-0.00526893,0,0,6.07153e-12,-0.00264759,0.00139875,0.00439198,0.0013361,0.00404538,0.000723988,0,0,-0.0312308,-0.00822999,-0.0190897,-0.0134494,0.0276128,-0.00539567,0.0662588,0,0,0,0,0,0,0,0,0,-1.20024e-12,0,0,0,0,0,0,0,0,0.905991,-4.5048e-09,0,1.20024e-12,-1.20024e-12,-1.20024e-12,1.20024e-12,-1.20024e-12,1.20024e-12,1.16423e-10,0,0,0,0,0,0,0,0,-4.5051e-09,0.905991,
2.1684e-12,0.00314909,-0.0108255,-0.000377948,6.72801e-05,0.000202143,-4.45147e-06,0,0,0.502585,-0.014562,0.0753249,0.000873361,0.00294568,0.00243836,-0.00319631,0,0,0,0.0721965,-0.00187434,0.00294116,0.000616083,0.00114416,-6.37189e-05,0,0,-0.0144943,0.631495,-0.00258426,-0.0812011,0.00421413,-0.0139407,-0.00083881,0,0,-1.21431e-11,-0.00401967,0.0756744,0.00543139,0.000501811,0.000968419,-4.7577e-05,0,0,0.0763081,-0.00242776,0.453774,-0.0132916,-0.0161978,0.00347388,-0.00193862,0,0,-1.99493e-11,0.0157708,0.00385594,0.000976505,0.000563889,0.00234298,-0.000130994,0,0,0.00119313,-0.0830776,-0.0130639,0.606911,0.0199123,0.0570559,-0.00130975,0,0,1.04083e-11,0.0105295,0.0290779,-0.018815,-0.00821755,-0.015563,0.000828851,0,0,0.029692,0.0412027,-0.16133,0.199365,0.342566,-0.037561,0.0270969,0,0,3.46945e-11,0.0631798,0.000655106,-0.0346307,-0.0112371,-0.0385297,0.00220419,0,0,0.024547,-0.140493,0.0348287,0.571957,-0.0376101,0.405371,-0.00527056,0,0,0,-0.00264569,0.0013998,0.0043897,0.00134013,0.00404669,0.000726061,0,0,-0.0312344,-0.00823656,-0.0191114,-0.0134362,0.0275987,-0.00539739,0.06626,0,0,0,-1.20024e-12,0,-1.20024e-12,0,1.20024e-12,1.20024e-12,0,0,0,0,0,0,0,0,0,0.905991,4.25455e-09,0,-1.20024e-12,0,0,0,1.20024e-12,0,0,0,0,0,0,0,0,0,0,4.25485e-09,0.905991,
1.73472e-12,0.0031452,-0.0107901,-0.000379353,6.79173e-05,0.00020297,-4.262e-06,0,0,0.502779,-0.0145675,0.0750142,0.000876121,0.00297309,0.00244701,-0.00319661,0,0,0,0.0721564,-0.00186474,0.0028684,0.000612175,0.00114223,-6.37317e-05,0,0,-0.0144997,0.631497,-0.00259433,-0.0812068,0.00421674,-0.013931,-0.000839494,0,0,-8.67362e-12,-0.00401392,0.0757089,0.00544665,0.000506679,0.000971408,-4.75132e-05,0,0,0.075999,-0.00243747,0.453871,-0.0133057,-0.0161796,0.00348387,-0.00194079,0,0,1.12757e-11,0.0156788,0.00386226,0.00104566,0.000573912,0.00233916,-0.000131028,0,0,0.00119631,-0.0830857,-0.0130776,0.606912,0.0199086,0.057053,-0.00130837,0,0,2.42861e-11,0.0104896,0.0291331,-0.0187622,-0.00829248,-0.0156008,0.000830915,0,0,0.0299662,0.0412276,-0.161148,0.199328,0.342633,-0.0375535,0.0270825,0,0,1.38778e-11,0.0631834,0.000674103,-0.0346984,-0.0112913,-0.038429,0.00220297,0,0,0.0246338,-0.140399,0.0349287,0.571931,-0.0376027,0.405391,-0.00527219,0,0,-3.46945e-12,-0.00264379,0.00140089,0.00438733,0.00134416,0.00404795,0.000728028,0,0,-0.0312379,-0.00824312,-0.0191332,-0.0134229,0.0275847,-0.00539912,0.0662612,0,0,0,1.20024e-12,1.20024e-12,1.20024e-12,0,0,0,0,0,0,0,0,0,0,0,0,0.905991,4.15343e-09,0,1.20024e-12,2.40048e-12,2.40048e-12,-1.20024e-12,1.20024e-12,-1.20024e-12,1.20024e-12,0,0,0,0,0,0,0,0,4.15373e-09,0.905991,
2.67072e-07,0.00314132,-0.0107543,-0.000381302,6.77677e-05,0.000203797,-4.60552e-06,0,0,0.502973,-0.0145731,0.0747033,0.000878918,0.00300046,0.00245564,-0.00319689,0,0,7.32747e-09,0.0721162,-0.00185509,0.00279554,0.000608241,0.00114028,-6.37589e-05,0,0,-0.0145052,0.631499,-0.00260442,-0.0812125,0.00421936,-0.0139212,-0.000840179,0,0,1.57447e-07,-0.00400815,0.0757435,0.00546161,0.000511081,0.000974397,-4.77632e-05,0,0,0.0756896,-0.00244722,0.453967,-0.0133197,-0.0161615,0.00349386,-0.00194296,0,0,-6.16096e-08,0.0155867,0.00386853,0.00111502,0.000584127,0.00233532,-0.000130938,0,0,0.00119953,-0.0830939,-0.0130912,0.606913,0.0199049,0.0570501,-0.001307,0,0,1.33693e-06,0.0104496,0.0291896,-0.0187119,-0.00837138,-0.0156385,0.000830313,0,0,0.0302401,0.0412526,-0.160966,0.199292,0.3427,-0.037546,0.0270681,0,0,-3.20688e-07,0.0631869,0.000692781,-0.0347654,-0.0113446,-0.038328,0.00220238,0,0,0.0247205,-0.140304,0.0350288,0.571906,-0.0375952,0.40541,-0.00527382,0,0,-3.6143e-08,-0.00264189,0.00140196,0.00438502,0.00134829,0.00404921,0.00073007,0,0,-0.0312414,-0.00824969,-0.019155,-0.0134096,0.0275707,-0.00540084,0.0662624,0,0,0,-1.20024e-12,1.20024e-12,1.20024e-12,-1.20024e-12,2.40048e-12,-1.20024e-12,0,0,0,0,0,0,0,0,0,0.905991,4.16664e-09,1.20024e-12,1.20024e-12,0,0,0,-1.20024e-12,1.20024e-12,0,0,0,0,0,0,0,0,0,4.16604e-09,0.905991,
0,0.00313772,-0.0107179,-0.000382996,6.86995e-05,0.000204356,-4.14727e-06,0,0,0.503167,-0.0145786,0.0743922,0.000881754,0.00302778,0.00246426,-0.00319717,0,0,-2.77556e-11,0.0720758,-0.00184541,0.00272258,0.000604332,0.00113832,-6.3764e-05,0,0,-0.0145107,0.631501,-0.00261453,-0.0812182,0.00422197,-0.0139115,-0.000840864,0,0,6.93889e-12,-0.00400219,0.0757783,0.00547673,0.000516121,0.000977229,-4.75403e-05,0,0,0.07538,-0.00245698,0.454063,-0.0133338,-0.0161433,0.00350387,-0.00194513,0,0,8.67362e-13,0.0154945,0.00387469,0.0011844,0.000594102,0.00233154,-0.000131033,0,0,0.00120279,-0.0831021,-0.0131048,0.606915,0.0199012,0.0570472,-0.00130562,0,0,5.55112e-11,0.0104109,0.0292486,-0.0186602,-0.00844492,-0.0156776,0.000833724,0,0,0.0305135,0.0412775,-0.160784,0.199255,0.342768,-0.0375385,0.0270538,0,0,5.55112e-11,0.0631899,0.000710815,-0.0348326,-0.0113992,-0.0382264,0.00220083,0,0,0.024807,-0.14021,0.0351291,0.57188,-0.0375878,0.40543,-0.00527545,0,0,-6.07153e-12,-0.00264001,0.00140297,0.00438266,0.00135226,0.0040505,0.000732006,0,0,-0.0312447,-0.00825625,-0.0191769,-0.0133964,0.0275567,-0.00540256,0.0662635,0,0,0,0,0,0,0,0,0,0,0,0,0,0,0,0,0,0,0.905991,4.28276e-09,0,-1.20024e-12,0,0,0,0,-1.20024e-12,0,0,0,0,0,0,0,0,0,4.28276e-09,0.905991,
-2.60209e-12,0.0031336,-0.0106822,-0.000384434,6.91102e-05,0.000205182,-4.49142e-06,0,0,0.503361,-0.0145841,0.0740809,0.000884629,0.00305507,0.00247286,-0.00319744,0,0,-2.77556e-11,0.0720352,-0.00183572,0.00264953,0.000600404,0.00113636,-6.37911e-05,0,0,-0.0145161,0.631503,-0.00262467,-0.0812239,0.00422458,-0.0139018,-0.000841549,0,0,3.46945e-12,-0.00399653,0.0758127,0.00549202,0.000520852,0.00098022,-4.77909e-05,0,0,0.0750702,-0.00246677,0.454159,-0.0133478,-0.0161251,0.00351389,-0.00194731,0,0,-1.9082e-11,0.0154021,0.00388104,0.0012538,0.000604209,0.00232768,-0.000130943,0,0,0.00120609,-0.0831103,-0.0131184,0.606916,0.0198975,0.0570443,-0.00130425,0,0,0,0.0103695,0.0293036,-0.018607,-0.0085211,-0.0157154,0.000833115,0,0,0.0307865,0.0413025,-0.160602,0.199218,0.342835,-0.0375309,0.0270394,0,0,1.11022e-10,0.0631934,0.000729814,-0.0349,-0.0114532,-0.0381248,0.00220024,0,0,0.0248935,-0.140116,0.0352295,0.571855,-0.0375804,0.40545,-0.00527709,0,0,5.20417e-12,-0.00263806,0.00140409,0.00438026,0.00135631,0.00405176,0.000734052,0,0,-0.031248,-0.00826282,-0.0191987,-0.0133831,0.0275427,-0.00540428,0.0662647,0,0,0,0,-1.20024e-12,0,1.20024e-12,0,0,1.20024e-12,0,0,0,0,0,0,0,0,0.905991,-4.51441e-09,0,0,1.20024e-12,0,0,0,0,0,0,0,0,0,0,0,0,0,-4.51411e-09,0.905991,
-2.60209e-12,0.00312976,-0.0106462,-0.000386151,6.95338e-05,0.000206008,-4.83676e-06,0,0,0.503554,-0.0145896,0.0737693,0.000887542,0.00308231,0.00248145,-0.00319771,0,0,0,0.0719945,-0.00182599,0.00257637,0.000596473,0.00113438,-6.3818e-05,0,0,-0.0145215,0.631506,-0.00263484,-0.0812297,0.0042272,-0.0138921,-0.000842234,0,0,6.93889e-12,-0.00399068,0.0758471,0.00550716,0.000525589,0.00098321,-4.80425e-05,0,0,0.0747601,-0.00247659,0.454254,-0.0133618,-0.0161068,0.00352393,-0.00194949,0,0,1.73472e-12,0.0153096,0.00388734,0.00132335,0.000614323,0.00232381,-0.000130851,0,0,0.00120942,-0.0831185,-0.0131319,0.606917,0.0198938,0.0570414,-0.00130288,0,0,-6.93889e-12,0.0103293,0.0293599,-0.018555,-0.00859726,-0.0157532,0.000832495,0,0,0.0310591,0.0413275,-0.160419,0.199181,0.342902,-0.0375234,0.0270251,0,0,-2.08167e-11,0.0631964,0.00074849,-0.034967,-0.0115072,-0.038023,0.00219965,0,0,0.0249797,-0.140021,0.03533,0.571829,-0.0375729,0.405469,-0.00527872,0,0,-8.67362e-13,-0.00263614,0.00140519,0.00437788,0.00136035,0.00405301,0.000736102,0,0,-0.0312512,-0.00826939,-0.0192206,-0.0133698,0.0275287,-0.005406,0.0662659,0,0,0,0,1.20024e-12,0,0,1.20024e-12,0,0,0,0,0,0,0,0,0,0,0.905991,-4.60082e-09,0,0,0,0,0,0,0,0,0,0,0,0,0,0,0,0,-4.60082e-09,0.905991,
-8.67362e-13,0.00312594,-0.0106099,-0.000388149,6.9701e-05,0.000206835,-4.9139e-06,0,0,0.503748,-0.0145951,0.0734575,0.000890493,0.00310951,0.00249003,-0.00319797,0,0,-2.77556e-11,0.0719536,-0.00181623,0.00250311,0.00059253,0.0011324,-6.38375e-05,0,0,-0.014527,0.631508,-0.00264503,-0.0812354,0.00422981,-0.0138824,-0.000842919,0,0,-3.46945e-12,-0.0039848,0.0758817,0.00552215,0.000530173,0.000986202,-4.81356e-05,0,0,0.0744499,-0.00248643,0.45435,-0.0133758,-0.0160886,0.00353398,-0.00195167,0,0,-1.12757e-11,0.015217,0.00389358,0.00139305,0.000624507,0.00231992,-0.000130822,0,0,0.0012128,-0.0831267,-0.0131455,0.606919,0.01989,0.0570385,-0.00130151,0,0,3.46945e-11,0.0102892,0.0294174,-0.0185044,-0.00867476,-0.015791,0.000833219,0,0,0.0313313,0.0413524,-0.160237,0.199144,0.342969,-0.0375158,0.0270107,0,0,4.16334e-11,0.0631993,0.000766841,-0.0350335,-0.011561,-0.037921,0.00219873,0,0,0.0250658,-0.139927,0.0354306,0.571803,-0.0375655,0.405489,-0.00528035,0,0,2.60209e-12,-0.00263422,0.00140626,0.00437552,0.00136442,0.00405425,0.000738117,0,0,-0.0312544,-0.00827596,-0.0192426,-0.0133566,0.0275148,-0.00540772,0.0662671,0,0,0,2.40048e-12,-2.40048e-12,0,0,-2.40048e-12,2.40048e-12,0,0,0,0,0,0,0,0,0,0.905991,-4.53931e-09,0,-1.20024e-12,1.20024e-12,0,0,1.20024e-12,-1.20024e-12,0,0,0,0,0,0,0,0,0,-4.53931e-09,0.905991,
-1.30104e-12,0.00312185,-0.010574,-0.00038962,6.988e-05,0.000208201,-4.72108e-06,0,0,0.503941,-0.0146006,0.0731455,0.000893482,0.00313668,0.00249859,-0.00319822,0,0,2.77556e-11,0.0719125,-0.00180645,0.00242976,0.000588583,0.00113041,-6.38493e-05,0,0,-0.0145324,0.63151,-0.00265525,-0.0812412,0.00423243,-0.0138726,-0.000843604,0,0,1.21431e-11,-0.00397906,0.0759159,0.00553747,0.000534763,0.000989514,-4.80685e-05,0,0,0.0741394,-0.0024963,0.454445,-0.0133898,-0.0160703,0.00354404,-0.00195385,0,0,1.21431e-11,0.0151242,0.00389996,0.0014627,0.000634699,0.0023159,-0.000130855,0,0,0.00121621,-0.0831349,-0.013159,0.60692,0.0198863,0.0570355,-0.00130014,0,0,2.08167e-11,0.0102476,0.0294722,-0.0184509,-0.00875224,-0.0158262,0.000835301,0,0,0.0316031,0.0413774,-0.160054,0.199107,0.343036,-0.0375083,0.0269964,0,0,1.38778e-11,0.0632024,0.00078584,-0.0351007,-0.0116148,-0.0378193,0.00219748,0,0,0.0251518,-0.139833,0.0355314,0.571777,-0.037558,0.405508,-0.00528199,0,0,4.33681e-12,-0.00263225,0.00140742,0.00437308,0.00136848,0.00405542,0.000740098,0,0,-0.0312574,-0.00828253,-0.0192645,-0.0133433,0.0275008,-0.00540944,0.0662682,0,0,0,0,0,0,1.20024e-12,1.20024e-12,2.40048e-12,0,0,0,0,0,0,0,0,0,0.905991,-4.35507e-09,0,0,0,1.20024e-12,0,0,0,0,0,0,0,0,0,0,0,0,-4.35537e-09,0.905991,
1.73472e-12,0.00311833,-0.010538,-0.000391101,7.08825e-05,0.000208759,-4.52712e-06,0,0,0.504134,-0.0146061,0.0728333,0.00089651,0.0031638,0.00250714,-0.00319846,0,0,-2.77556e-11,0.0718714,-0.00179664,0.00235631,0.000584654,0.0011284,-6.38609e-05,0,0,-0.0145378,0.631512,-0.00266549,-0.0812469,0.00423505,-0.0138629,-0.000844289,0,0,-1.38778e-11,-0.00397297,0.07595,0.0055528,0.000539841,0.000992347,-4.80004e-05,0,0,0.0738287,-0.00250619,0.45454,-0.0134038,-0.0160521,0.00355411,-0.00195604,0,0,4.33681e-12,0.0150312,0.00390635,0.00153243,0.000644709,0.00231205,-0.000130888,0,0,0.00121966,-0.0831431,-0.0131726,0.606921,0.0198826,0.0570326,-0.00129876,0,0,-1.04083e-11,0.0102086,0.0295269,-0.0183972,-0.00882562,-0.0158653,0.00083739,0,0,0.0318746,0.0414024,-0.159871,0.19907,0.343103,-0.0375007,0.0269821,0,0,-8.32667e-11,0.0632048,0.00080484,-0.0351677,-0.0116696,-0.0377163,0.00219623,0,0,0.0252376,-0.139739,0.0356323,0.571752,-0.0375506,0.405528,-0.00528362,0,0,-6.07153e-12,-0.00263036,0.00140858,0.00437063,0.00137243,0.0040567,0.000742081,0,0,-0.0312604,-0.0082891,-0.0192865,-0.0133301,0.0274869,-0.00541116,0.0662694,0,0,0,-1.20024e-12,1.20024e-12,0,-1.20024e-12,-1.20024e-12,1.20024e-12,1.14023e-10,0,0,0,0,0,0,0,0,0.905991,4.09282e-09,0,-1.20024e-12,1.20024e-12,0,-1.20024e-12,-1.20024e-12,1.20024e-12,-1.20024e-12,0,0,0,0,0,0,0,0,4.09222e-09,0.905991,
2.71142e-07,0.00311482,-0.0105014,-0.000393135,7.10868e-05,0.000209857,-5.14545e-06,0,0,0.504327,-0.0146116,0.0725209,0.000899576,0.00319088,0.00251567,-0.00319869,0,0,7.57727e-09,0.07183,-0.00178679,0.00228275,0.000580699,0.00112639,-6.38951e-05,0,0,-0.0145432,0.631514,-0.00267576,-0.0812527,0.00423767,-0.0138533,-0.000844974,0,0,1.61178e-07,-0.00396685,0.0759845,0.00556781,0.000544443,0.000995502,-4.84148e-05,0,0,0.0735178,-0.00251611,0.454635,-0.0134178,-0.0160337,0.00356419,-0.00195823,0,0,-6.33408e-08,0.0149381,0.00391262,0.00160237,0.000654916,0.00230806,-0.000130732,0,0,0.00122314,-0.0831513,-0.0131861,0.606922,0.0198788,0.0570296,-0.00129739,0,0,1.36733e-06,0.0101697,0.0295842,-0.0183463,-0.00890307,-0.0159018,0.000835384,0,0,0.0321456,0.0414274,-0.159687,0.199032,0.34317,-0.0374931,0.0269678,0,0,-3.27037e-07,0.063207,0.000823187,-0.0352339,-0.0117234,-0.0376138,0.00219595,0,0,0.0253233,-0.139645,0.0357333,0.571726,-0.0375431,0.405548,-0.00528525,0,0,-3.69427e-08,-0.00262846,0.00140968,0.00436824,0.00137649,0.0040579,0.000744176,0,0,-0.0312634,-0.00829567,-0.0193085,-0.0133168,0.027473,-0.00541288,0.0662706,0,0,0,0,-2.40048e-12,-2.40048e-12,2.40048e-12,-1.20024e-12,0,0,0,0,0,0,0,0,0,0,0.905991,3.9698e-09,0,-1.20024e-12,-1.20024e-12,-2.40048e-12,1.20024e-12,0,0,0,0,0,0,0,0,0,0,0,3.9704e-09,0.905991,
-4.33681e-13,0.00311105,-0.0104653,-0.000395182,7.15747e-05,0.000210414,-4.67925e-06,0,0,0.50452,-0.0146171,0.0722083,0.00090268,0.00321792,0.00252418,-0.00319892,0,0,0,0.0717885,-0.00177693,0.00220909,0.000576748,0.00112436,-6.38987e-05,0,0,-0.0145487,0.631517,-0.00268605,-0.0812585,0.00424028,-0.0138436,-0.000845659,0,0,1.73472e-12,-0.00396087,0.0760185,0.00558283,0.000549213,0.000998335,-4.81844e-05,0,0,0.0732067,-0.00252605,0.45473,-0.0134317,-0.0160154,0.00357429,-0.00196042,0,0,1.04083e-11,0.0148449,0.00391903,0.0016724,0.000665067,0.00230419,-0.000130828,0,0,0.00122667,-0.0831595,-0.0131996,0.606924,0.0198751,0.0570267,-0.00129602,0,0,-3.46945e-12,0.0101293,0.0296388,-0.0182952,-0.00897913,-0.0159411,0.000838846,0,0,0.0324162,0.0414524,-0.159504,0.198995,0.343237,-0.0374855,0.0269536,0,0,6.93889e-11,0.0632093,0.000842186,-0.0353001,-0.0117776,-0.0375103,0.00219436,0,0,0.0254088,-0.139551,0.0358344,0.5717,-0.0375356,0.405567,-0.00528689,0,0,6.93889e-12,-0.00262651,0.00141087,0.00436583,0.0013805,0.00405916,0.000746127,0,0,-0.0312662,-0.00830224,-0.0193305,-0.0133036,0.0274591,-0.0054146,0.0662717,0,0,0,-2.40048e-12,0,0,-2.40048e-12,2.40048e-12,0,0,0,0,0,0,0,0,0,0,0.905991,3.95209e-09,0,0,0,0,0,0,0,0,0,0,0,0,0,0,0,0,3.95299e-09,0.905991,
2.72305e-07,0.00310675,-0.0104285,-0.000396698,7.20755e-05,0.000211242,-4.75536e-06,0,0,0.504712,-0.0146225,0.0718954,0.000905823,0.00324492,0.00253269,-0.00319914,0,0,7.71605e-09,0.0717468,-0.00176702,0.00213535,0.000572793,0.00112232,-6.39174e-05,0,0,-0.0145541,0.631519,-0.00269637,-0.0812643,0.0042429,-0.0138339,-0.000846345,0,0,1.62245e-07,-0.00395519,0.0760529,0.00559818,0.00055399,0.00100133,-4.82764e-05,0,0,0.0728954,-0.00253601,0.454825,-0.0134457,-0.0159971,0.0035844,-0.00196262,0,0,-6.38699e-08,0.0147516,0.00392532,0.00174238,0.000675225,0.00230024,-0.000130798,0,0,0.00123023,-0.0831677,-0.0132131,0.606925,0.0198713,0.0570237,-0.00129465,0,0,1.37606e-06,0.0100861,0.029696,-0.0182413,-0.00905517,-0.0159789,0.000839572,0,0,0.0326865,0.0414774,-0.15932,0.198957,0.343304,-0.037478,0.0269393,0,0,-3.28737e-07,0.0632123,0.000860528,-0.0353668,-0.0118319,-0.0374068,0.00219342,0,0,0.0254942,-0.139457,0.0359357,0.571674,-0.0375281,0.405587,-0.00528852,0,0,-3.7163e-08,-0.00262449,0.00141199,0.00436334,0.00138451,0.00406039,0.000748153,0,0,-0.031269,-0.00830882,-0.0193526,-0.0132903,0.0274452,-0.00541633,0.0662729,0,0,0,-2.40048e-12,-2.40048e-12,0,-2.40048e-12,0,-2.40048e-12,0,0,0,0,0,0,0,0,0,0.905991,4.02381e-09,0,-1.20024e-12,-1.20024e-12,0,-1.20024e-12,0,-1.20024e-12,0,0,0,0,0,0,0,0,0,4.02411e-09,0.905991,
0,0.00310329,-0.0103919,-0.000398496,7.28622e-05,0.000211797,-5.10437e-06,0,0,0.504905,-0.014628,0.0715824,0.000909004,0.00327188,0.00254117,-0.00319935,0,0,0,0.0717049,-0.00175709,0.0020615,0.000568842,0.00112027,-6.39437e-05,0,0,-0.0145595,0.631521,-0.00270671,-0.0812701,0.00424552,-0.0138242,-0.00084703,0,0,6.93889e-12,-0.00394899,0.076087,0.00561338,0.000558937,0.00100416,-4.85312e-05,0,0,0.0725838,-0.002546,0.45492,-0.0134596,-0.0159787,0.00359453,-0.00196481,0,0,1.04083e-11,0.0146581,0.00393169,0.0018125,0.000685326,0.00229634,-0.000130703,0,0,0.00123383,-0.083176,-0.0132266,0.606926,0.0198675,0.0570207,-0.00129328,0,0,0,0.010047,0.0297517,-0.0181886,-0.0091298,-0.0160182,0.000838915,0,0,0.0329563,0.0415025,-0.159136,0.19892,0.343371,-0.0374704,0.0269251,0,0,-6.93889e-11,0.063214,0.000879196,-0.0354331,-0.0118865,-0.0373028,0.00219281,0,0,0.0255794,-0.139363,0.0360371,0.571647,-0.0375207,0.405606,-0.00529015,0,0,0,-0.00262258,0.00141315,0.00436088,0.00138848,0.00406165,0.000750219,0,0,-0.0312717,-0.00831539,-0.0193746,-0.0132771,0.0274313,-0.00541805,0.066274,0,0,0,1.20024e-12,0,0,0,0,0,0,0,0,0,0,0,0,0,0,0.905991,4.18914e-09,0,0,0,0,0,0,0,0,0,0,0,0,0,0,0,0,4.18884e-09,0.905991,
2.73463e-07,0.00309957,-0.010355,-0.00040058,7.3116e-05,0.000212625,-4.90764e-06,0,0,0.505097,-0.0146335,0.0712691,0.000912223,0.0032988,0.00254964,-0.00319956,0,0,7.79932e-09,0.0716629,-0.00174713,0.00198755,0.000564871,0.00111821,-6.39545e-05,0,0,-0.0145649,0.631524,-0.00271708,-0.0812759,0.00424814,-0.0138145,-0.000847715,0,0,1.63352e-07,-0.00394293,0.0761213,0.00562842,0.000563565,0.00100716,-4.84604e-05,0,0,0.0722721,-0.00255602,0.455014,-0.0134735,-0.0159603,0.00360466,-0.00196702,0,0,-6.43574e-08,0.0145644,0.003938,0.00188277,0.000695562,0.00229236,-0.000130736,0,0,0.00123747,-0.0831842,-0.01324,0.606928,0.0198637,0.0570178,-0.00129191,0,0,1.38481e-06,0.0100065,0.0298088,-0.0181372,-0.00920718,-0.0160561,0.000841019,0,0,0.0332258,0.0415275,-0.158952,0.198882,0.343438,-0.0374628,0.0269108,0,0,-3.30701e-07,0.063216,0.000897532,-0.035499,-0.0119405,-0.0371988,0.00219153,0,0,0.0256645,-0.139269,0.0361386,0.571621,-0.0375132,0.405626,-0.00529179,0,0,-3.73989e-08,-0.00262063,0.00141429,0.00435844,0.00139251,0.00406287,0.000752212,0,0,-0.0312743,-0.00832196,-0.0193968,-0.0132639,0.0274174,-0.00541977,0.0662752,0,0,0,1.20024e-12,1.20024e-12,2.40048e-12,0,0,1.20024e-12,0,0,0,0,0,0,0,0,0,0.905991,-4.4646e-09,0,0,0,3.60072e-12,0,0,0,0,0,0,0,0,0,0,0,0,-4.4646e-09,0.905991,
-2.74042e-07,0.00309558,-0.0103188,-0.000402128,7.36557e-05,0.000214001,-5.25787e-06,0,0,0.50529,-0.0146389,0.0709557,0.000915481,0.00332568,0.0025581,-0.00319975,0,0,-7.82707e-09,0.0716208,-0.00173716,0.00191351,0.000560905,0.00111616,-6.39806e-05,0,0,-0.0145702,0.631526,-0.00272747,-0.0812817,0.00425076,-0.0138048,-0.0008484,0,0,-1.63885e-07,-0.00393701,0.076155,0.0056438,0.000568362,0.00101048,-4.87162e-05,0,0,0.0719601,-0.00256606,0.455109,-0.0134874,-0.0159419,0.00361481,-0.00196922,0,0,6.45916e-08,0.0144707,0.00394451,0.001953,0.000705741,0.00228825,-0.00013064,0,0,0.00124114,-0.0831925,-0.0132535,0.606929,0.0198599,0.0570148,-0.00129054,0,0,-1.38919e-06,0.00996448,0.0298616,-0.018083,-0.00928315,-0.0160912,0.00084035,0,0,0.0334949,0.0415525,-0.158768,0.198844,0.343504,-0.0374551,0.0268966,0,0,3.3161e-07,0.0632182,0.000916858,-0.0355654,-0.0119948,-0.0370953,0.00219091,0,0,0.0257495,-0.139175,0.0362402,0.571595,-0.0375057,0.405645,-0.00529342,0,0,3.75117e-08,-0.00261863,0.00141555,0.00435591,0.0013965,0.00406401,0.000754282,0,0,-0.0312768,-0.00832854,-0.0194189,-0.0132506,0.0274036,-0.00542149,0.0662764,0,0,0,0,0,0,0,0,0,0,0,0,0,0,0,0,0,0,0.905991,-4.60352e-09,0,1.20024e-12,0,1.20024e-12,-1.20024e-12,0,1.20024e-12,0,0,0,0,0,0,0,0,0,-4.60262e-09,0.905991,
-2.7462e-07,0.00309244,-0.010282,-0.000403687,7.44829e-05,0.000214555,-5.60928e-06,0,0,0.505482,-0.0146444,0.070642,0.000918777,0.00335252,0.00256654,-0.00319994,0,0,-7.85483e-09,0.0715784,-0.00172714,0.00183938,0.000556942,0.00111407,-6.40067e-05,0,0,-0.0145756,0.631528,-0.00273789,-0.0812875,0.00425338,-0.0137952,-0.000849086,0,0,-1.64445e-07,-0.00393057,0.076189,0.00565918,0.000573331,0.00101332,-4.89732e-05,0,0,0.071648,-0.00257612,0.455203,-0.0135013,-0.0159235,0.00362497,-0.00197142,0,0,6.48856e-08,0.0143766,0.0039509,0.00202331,0.000715863,0.00228431,-0.000130544,0,0,0.00124486,-0.0832007,-0.0132669,0.60693,0.0198561,0.0570118,-0.00128917,0,0,-1.3936e-06,0.00992663,0.0299172,-0.0180286,-0.00935771,-0.0161305,0.000839672,0,0,0.0337636,0.0415776,-0.158583,0.198806,0.343571,-0.0374475,0.0268824,0,0,3.32512e-07,0.0632193,0.000935522,-0.0356317,-0.0120495,-0.0369904,0.00219029,0,0,0.0258342,-0.139081,0.036342,0.571568,-0.0374982,0.405665,-0.00529506,0,0,3.76305e-08,-0.00261674,0.00141675,0.00435338,0.00140045,0.00406525,0.000756355,0,0,-0.0312793,-0.00833511,-0.019441,-0.0132374,0.0273898,-0.00542321,0.0662775,0,0,-1.20024e-12,0,0,0,0,0,-1.20024e-12,0,0,0,0,0,0,0,0,0,0.905991,-4.58822e-09,-1.20024e-12,-3.60072e-12,3.60072e-12,3.60072e-12,0,0,2.40048e-12,0,0,0,0,0,0,0,0,0,-4.58882e-09,0.905991,
-3.90313e-12,0.00308876,-0.0102451,-0.000405807,7.44986e-05,0.000215384,-5.41147e-06,0,0,0.505674,-0.0146498,0.0703281,0.000922112,0.00337932,0.00257497,-0.00320012,0,0,-2.77556e-11,0.0715359,-0.0017171,0.00176513,0.000552953,0.00111198,-6.4017e-05,0,0,-0.014581,0.631531,-0.00274834,-0.0812933,0.00425601,-0.0137855,-0.000849771,0,0,6.93889e-12,-0.00392443,0.076223,0.00567424,0.000577813,0.00101631,-4.89012e-05,0,0,0.0713356,-0.00258621,0.455297,-0.0135152,-0.015905,0.00363514,-0.00197363,0,0,1.21431e-11,0.0142825,0.0039573,0.00209383,0.000726186,0.00228029,-0.000130577,0,0,0.00124861,-0.083209,-0.0132803,0.606932,0.0198523,0.0570088,-0.0012878,0,0,3.46945e-12,0.00988594,0.0299726,-0.017977,-0.00943643,-0.0161684,0.000841779,0,0,0.0340319,0.0416026,-0.158398,0.198769,0.343638,-0.0374399,0.0268682,0,0,2.77556e-11,0.0632209,0.000954183,-0.0356973,-0.0121032,-0.0368857,0.002189,0,0,0.0259188,-0.138988,0.0364439,0.571542,-0.0374906,0.405685,-0.0052967,0,0,6.07153e-12,-0.00261477,0.00141795,0.0043509,0.00140451,0.00406646,0.000758355,0,0,-0.0312817,-0.00834169,-0.0194632,-0.0132242,0.0273759,-0.00542493,0.0662787,0,0,0,0,2.40048e-12,2.40048e-12,0,-2.40048e-12,2.40048e-12,0,0,0,0,0,0,0,0,0,0.905991,-4.43999e-09,0,0,-1.20024e-12,-1.20024e-12,0,1.20024e-12,-1.20024e-12,0,0,0,0,0,0,0,0,0,-4.43999e-09,0.905991,
4.33681e-13,0.00308482,-0.0102081,-0.000407664,7.53522e-05,0.000216489,-5.4883e-06,0,0,0.505865,-0.0146553,0.070014,0.000925485,0.00340608,0.00258338,-0.0032003,0,0,-2.77556e-11,0.0714933,-0.00170703,0.00169079,0.000548983,0.0011099,-6.40349e-05,0,0,-0.0145864,0.631534,-0.00275881,-0.0812992,0.00425863,-0.0137759,-0.000850457,0,0,-1.21431e-11,-0.00391843,0.0762569,0.00568948,0.000582796,0.00101948,-4.89937e-05,0,0,0.071023,-0.00259633,0.455391,-0.0135291,-0.0158865,0.00364533,-0.00197584,0,0,-1.38778e-11,0.0141884,0.00396371,0.00216436,0.000736321,0.0022762,-0.000130544,0,0,0.0012524,-0.0832173,-0.0132937,0.606933,0.0198485,0.0570058,-0.00128644,0,0,2.08167e-11,0.0098438,0.030028,-0.0179238,-0.00951095,-0.0162049,0.000842491,0,0,0.0342998,0.0416277,-0.158213,0.198731,0.343704,-0.0374323,0.026854,0,0,6.93889e-12,0.0632227,0.000972841,-0.0357631,-0.012158,-0.036781,0.00218803,0,0,0.0260033,-0.138894,0.0365459,0.571515,-0.0374831,0.405704,-0.00529833,0,0,-2.60209e-12,-0.00261276,0.00141917,0.00434837,0.00140844,0.00406762,0.000760394,0,0,-0.0312841,-0.00834827,-0.0194854,-0.0132109,0.0273621,-0.00542665,0.0662798,0,0,0,0,0,0,0,-1.20024e-12,0,0,0,0,0,0,0,0,0,0,0.905991,4.19724e-09,0,0,0,0,0,0,0,0,0,0,0,0,0,0,0,0,4.19694e-09,0.905991,
1.73472e-12,0.00308118,-0.0101708,-0.000409809,7.62199e-05,0.000216766,-5.56516e-06,0,0,0.506057,-0.0146607,0.0696997,0.000928897,0.00343281,0.00259177,-0.00320047,0,0,-2.77556e-11,0.0714505,-0.00169692,0.00161635,0.000545009,0.00110777,-6.40528e-05,0,0,-0.0145917,0.631536,-0.0027693,-0.081305,0.00426125,-0.0137662,-0.000851142,0,0,-8.67362e-12,-0.00391224,0.0762909,0.00570455,0.000587787,0.00102214,-4.90862e-05,0,0,0.0707102,-0.00260647,0.455484,-0.0135429,-0.015868,0.00365552,-0.00197806,0,0,1.21431e-11,0.014094,0.00397006,0.00223505,0.000746463,0.00227229,-0.000130512,0,0,0.00125623,-0.0832255,-0.0133071,0.606934,0.0198447,0.0570028,-0.00128507,0,0,-1.38778e-11,0.009803,0.0300847,-0.0178719,-0.00958543,-0.0162457,0.000843201,0,0,0.0345674,0.0416528,-0.158028,0.198692,0.343771,-0.0374246,0.0268399,0,0,-5.55112e-11,0.063224,0.000991162,-0.0358284,-0.0122128,-0.036675,0.00218707,0,0,0.0260876,-0.1388,0.036648,0.571489,-0.0374756,0.405724,-0.00529997,0,0,6.93889e-12,-0.00261078,0.00142035,0.00434587,0.00141238,0.00406889,0.000762436,0,0,-0.0312863,-0.00835484,-0.0195077,-0.0131977,0.0273483,-0.00542837,0.066281,0,0,0,0,0,0,1.20024e-12,0,-1.20024e-12,0,0,0,0,0,0,0,0,0,0.905991,4.09702e-09,0,-1.20024e-12,0,0,-3.60072e-12,0,3.60072e-12,0,0,0,0,0,0,0,0,0,4.09702e-09,0.905991,
2.7694e-07,0.00307782,-0.0101334,-0.000411413,7.65478e-05,0.000217595,-5.64205e-06,0,0,0.506248,-0.0146661,0.0693852,0.000932347,0.00345949,0.00260015,-0.00320063,0,0,8.04912e-09,0.0714075,-0.00168678,0.00154183,0.000541016,0.00110565,-6.40706e-05,0,0,-0.0145971,0.631539,-0.00277983,-0.0813109,0.00426388,-0.0137566,-0.000851827,0,0,1.6662e-07,-0.00390585,0.0763249,0.00571997,0.000592453,0.00102514,-4.91787e-05,0,0,0.0703972,-0.00261663,0.455578,-0.0135568,-0.0158495,0.00366573,-0.00198027,0,0,-6.59004e-08,0.0139995,0.00397642,0.00230568,0.000756742,0.00226824,-0.000130479,0,0,0.0012601,-0.0832338,-0.0133205,0.606936,0.0198409,0.0569998,-0.0012837,0,0,1.41128e-06,0.00976357,0.0301414,-0.0178172,-0.00966271,-0.0162836,0.00084391,0,0,0.0348345,0.0416778,-0.157842,0.198654,0.343837,-0.037417,0.0268257,0,0,-3.36092e-07,0.0632248,0.00100948,-0.0358944,-0.012267,-0.0365694,0.0021861,0,0,0.0261718,-0.138707,0.0367502,0.571462,-0.0374681,0.405743,-0.00530161,0,0,-3.80815e-08,-0.00260884,0.00142155,0.00434329,0.00141638,0.00407009,0.000764479,0,0,-0.0312885,-0.00836142,-0.0195299,-0.0131845,0.0273345,-0.00543009,0.0662822,0,0,-2.40048e-12,2.40048e-12,-2.40048e-12,-2.40048e-12,1.20024e-12,2.40048e-12,2.40048e-12,0,0,0,0,0,0,0,0,0,0.905991,4.10572e-09,1.20024e-12,-1.20024e-12,1.20024e-12,1.20024e-12,-1.20024e-12,-1.20024e-12,-1.20024e-12,0,0,0,0,0,0,0,0,0,4.10572e-09,0.905991,
2.77516e-07,0.00307365,-0.0100962,-0.000413304,7.71648e-05,0.000218424,-5.71895e-06,0,0,0.50644,-0.0146715,0.0690705,0.000935836,0.00348613,0.00260852,-0.00320078,0,0,8.07687e-09,0.0713643,-0.00167662,0.0014672,0.000537027,0.00110353,-6.40882e-05,0,0,-0.0146024,0.631541,-0.00279037,-0.0813167,0.0042665,-0.0137469,-0.000852513,0,0,1.6717e-07,-0.00389994,0.0763587,0.00573522,0.000597293,0.00102814,-4.92711e-05,0,0,0.070084,-0.00262682,0.455671,-0.0135706,-0.015831,0.00367595,-0.00198249,0,0,-6.61641e-08,0.013905,0.00398286,0.00237646,0.000766963,0.00226417,-0.000130445,0,0,0.001264,-0.0832421,-0.0133339,0.606937,0.019837,0.0569967,-0.00128233,0,0,1.41571e-06,0.00971985,0.0301965,-0.0177637,-0.00973856,-0.0163216,0.000844617,0,0,0.0351013,0.0417029,-0.157656,0.198616,0.343904,-0.0374093,0.0268116,0,0,-3.37008e-07,0.0632266,0.00102813,-0.0359598,-0.0123215,-0.0364636,0.00218512,0,0,0.0262558,-0.138613,0.0368526,0.571436,-0.0374606,0.405763,-0.00530324,0,0,-3.82073e-08,-0.00260677,0.00142279,0.00434072,0.00142034,0.00407127,0.000766525,0,0,-0.0312906,-0.008368,-0.0195522,-0.0131713,0.0273208,-0.00543181,0.0662833,0,0,0,1.20024e-12,1.20024e-12,0,0,0,1.20024e-12,0,0,0,0,0,0,0,0,0,0.905991,4.21435e-09,-1.20024e-12,0,0,0,0,1.20024e-12,-1.20024e-12,0,0,0,0,0,0,0,0,0,4.21465e-09,0.905991,
1.73472e-12,0.00307033,-0.0100591,-0.000415486,7.77948e-05,0.000219809,-5.79588e-06,0,0,0.506631,-0.014677,0.0687556,0.000939363,0.00351273,0.00261686,-0.00320093,0,0,0,0.071321,-0.00166644,0.00139247,0.000533035,0.00110141,-6.41056e-05,0,0,-0.0146078,0.631544,-0.00280095,-0.0813226,0.00426913,-0.0137373,-0.000853199,0,0,-1.04083e-11,-0.0038935,0.0763923,0.00575032,0.000602139,0.00103147,-4.93636e-05,0,0,0.0697706,-0.00263703,0.455765,-0.0135844,-0.0158124,0.00368619,-0.00198471,0,0,-9.54098e-12,0.0138101,0.00398937,0.00244739,0.000777191,0.00225996,-0.000130412,0,0,0.00126794,-0.0832504,-0.0133472,0.606938,0.0198332,0.0569937,-0.00128096,0,0,1.38778e-11,0.00968032,0.0302502,-0.0177115,-0.00981439,-0.0163567,0.000845323,0,0,0.0353677,0.041728,-0.157471,0.198578,0.34397,-0.0374017,0.0267975,0,0,3.46945e-11,0.0632271,0.00104711,-0.0360249,-0.0123761,-0.0363581,0.00218414,0,0,0.0263396,-0.13852,0.0369551,0.571409,-0.037453,0.405783,-0.00530488,0,0,-6.07153e-12,-0.00260482,0.00142408,0.00433819,0.00142429,0.00407238,0.000768573,0,0,-0.0312927,-0.00837458,-0.0195745,-0.013158,0.027307,-0.00543353,0.0662845,0,0,0,0,0,0,0,0,0,0,0,0,0,0,0,0,0,0,0.905991,-4.43189e-09,0,0,0,0,1.20024e-12,0,0,0,0,0,0,0,0,0,0,0,-4.43309e-09,0.905991,
-1.30104e-12,0.00306646,-0.010022,-0.000417123,7.84375e-05,0.000220083,-5.59415e-06,0,0,0.506822,-0.0146824,0.0684405,0.000942928,0.0035393,0.00262519,-0.00320107,0,0,-2.77556e-11,0.0712775,-0.00165623,0.00131765,0.000529039,0.00109924,-6.41148e-05,0,0,-0.0146131,0.631547,-0.00281154,-0.0813285,0.00427175,-0.0137276,-0.000853884,0,0,-1.73472e-12,-0.00388737,0.0764258,0.00576575,0.000606992,0.00103414,-4.92877e-05,0,0,0.069457,-0.00264727,0.455858,-0.0135982,-0.0157938,0.00369643,-0.00198694,0,0,1.04083e-11,0.0137153,0.00399589,0.00251827,0.000787425,0.002256,-0.000130445,0,0,0.00127192,-0.0832588,-0.0133605,0.60694,0.0198293,0.0569907,-0.0012796,0,0,-1.38778e-11,0.00963789,0.0303038,-0.0176564,-0.0098902,-0.0163975,0.000847451,0,0,0.0356337,0.0417531,-0.157284,0.198539,0.344037,-0.037394,0.0267833,0,0,5.55112e-11,0.0632283,0.00106609,-0.0360905,-0.0124307,-0.0362511,0.00218282,0,0,0.0264233,-0.138426,0.0370577,0.571382,-0.0374455,0.405802,-0.00530652,0,0,8.67362e-12,-0.00260278,0.00142538,0.00433556,0.00142824,0.00407364,0.000770584,0,0,-0.0312946,-0.00838116,-0.0195968,-0.0131448,0.0272932,-0.00543525,0.0662856,0,0,0,0,0,0,0,0,0,0,0,0,0,0,0,0,0,0,0.905991,-4.51171e-09,0,0,0,-1.20024e-12,-2.40048e-12,0,-2.40048e-12,0,0,0,0,0,0,0,0,0,-4.51201e-09,0.905991,
-3.46945e-12,0.00306345,-0.00998431,-0.00041933,7.90931e-05,0.000221191,-6.22904e-06,0,0,0.507013,-0.0146878,0.0681252,0.000946532,0.00356583,0.00263351,-0.0032012,0,0,-2.77556e-11,0.0712339,-0.00164597,0.00124273,0.000525039,0.00109709,-6.41484e-05,0,0,-0.0146184,0.63155,-0.00282217,-0.0813344,0.00427438,-0.013718,-0.00085457,0,0,6.93889e-12,-0.00388071,0.0764596,0.00578086,0.000611852,0.0010373,-4.97172e-05,0,0,0.0691433,-0.00265754,0.455951,-0.013612,-0.0157752,0.00370669,-0.00198916,0,0,3.46945e-12,0.0136201,0.00400229,0.00258936,0.000797666,0.00225182,-0.000130277,0,0,0.00127594,-0.0832671,-0.0133738,0.606941,0.0198254,0.0569876,-0.00127823,0,0,-3.81639e-11,0.0095997,0.0303601,-0.0176041,-0.00996599,-0.0164341,0.0008453,0,0,0.0358993,0.0417782,-0.157098,0.198501,0.344103,-0.0373864,0.0267692,0,0,2.08167e-11,0.0632282,0.00108439,-0.0361554,-0.0124853,-0.0361448,0.00218252,0,0,0.0265068,-0.138333,0.0371605,0.571355,-0.0374379,0.405822,-0.00530816,0,0,4.33681e-12,-0.00260086,0.00142661,0.004333,0.00143218,0.00407477,0.000772713,0,0,-0.0312965,-0.00838774,-0.0196192,-0.0131316,0.0272795,-0.00543697,0.0662868,0,0,0,0,0,0,0,0,0,0,0,0,0,0,0,0,0,0,0.905991,-4.45139e-09,0,1.20024e-12,0,0,1.20024e-12,-1.20024e-12,0,0,0,0,0,0,0,0,0,0,-4.45169e-09,0.905991,
2.79826e-07,0.00305962,-0.0099465,-0.000420709,8.00413e-05,0.000221742,-5.74696e-06,0,0,0.507203,-0.0146932,0.0678097,0.000950175,0.00359231,0.00264181,-0.00320132,0,0,8.24341e-09,0.0711901,-0.00163569,0.00116773,0.000521044,0.00109492,-6.4149e-05,0,0,-0.0146238,0.631552,-0.00283282,-0.0813403,0.004277,-0.0137084,-0.000855255,0,0,1.69382e-07,-0.00387452,0.0764933,0.00579648,0.000616889,0.00104013,-4.94714e-05,0,0,0.0688293,-0.00266783,0.456044,-0.0136257,-0.0157565,0.00371696,-0.00199139,0,0,-6.71945e-08,0.0135249,0.00400869,0.00266034,0.000807847,0.00224777,-0.000130376,0,0,0.00128,-0.0832754,-0.0133871,0.606942,0.0198216,0.0569846,-0.00127686,0,0,1.43349e-06,0.00955717,0.0304164,-0.0175473,-0.0100403,-0.0164735,0.000848863,0,0,0.0361646,0.0418033,-0.156911,0.198462,0.344169,-0.0373787,0.0267552,0,0,-3.40679e-07,0.0632291,0.00110268,-0.0362211,-0.0125403,-0.0360376,0.00218084,0,0,0.0265901,-0.138239,0.0372633,0.571328,-0.0374304,0.405841,-0.0053098,0,0,-3.86696e-08,-0.00259881,0.00142786,0.00433031,0.00143608,0.00407598,0.00077469,0,0,-0.0312983,-0.00839432,-0.0196416,-0.0131184,0.0272658,-0.00543869,0.0662879,0,0,0,0,0,-1.20024e-12,0,-1.20024e-12,1.20024e-12,5.76116e-11,0,0,0,0,0,0,0,0,0.905991,4.27706e-09,-1.20024e-12,0,0,0,-1.20024e-12,0,0,-1.20024e-12,0,0,0,0,0,0,0,0,4.27676e-09,0.905991,
-2.60209e-12,0.00305608,-0.00990889,-0.000422659,8.04427e-05,0.000223133,-6.10379e-06,0,0,0.507394,-0.0146986,0.067494,0.000953856,0.00361876,0.00265009,-0.00320144,0,0,-2.77556e-11,0.0711462,-0.00162538,0.00109262,0.000517029,0.00109275,-6.41743e-05,0,0,-0.0146291,0.631555,-0.00284349,-0.0813462,0.00427963,-0.0136987,-0.000855941,0,0,1.38778e-11,-0.00386814,0.0765269,0.00581176,0.000621594,0.00104347,-4.97332e-05,0,0,0.0685151,-0.00267814,0.456136,-0.0136395,-0.0157379,0.00372724,-0.00199362,0,0,-9.54098e-12,0.0134296,0.00401517,0.00273152,0.000818168,0.00224351,-0.000130274,0,0,0.0012841,-0.0832838,-0.0134004,0.606944,0.0198177,0.0569815,-0.0012755,0,0,3.46945e-11,0.00951602,0.0304712,-0.0174933,-0.0101175,-0.0165086,0.000848128,0,0,0.0364295,0.0418284,-0.156724,0.198423,0.344236,-0.037371,0.0267411,0,0,2.08167e-11,0.0632295,0.00112131,-0.0362861,-0.0125946,-0.0359311,0.00218019,0,0,0.0266733,-0.138146,0.0373663,0.571301,-0.0374228,0.405861,-0.00531144,0,0,4.33681e-12,-0.0025968,0.00142915,0.00432768,0.00144005,0.00407707,0.000776784,0,0,-0.0313001,-0.0084009,-0.019664,-0.0131052,0.027252,-0.00544042,0.0662891,0,0,0,0,0,0,-3.60072e-12,0,-3.60072e-12,0,0,0,0,0,0,0,0,0,0.905991,4.23655e-09,0,0,2.40048e-12,-2.40048e-12,1.20024e-12,0,1.20024e-12,0,0,0,0,0,0,0,0,0,4.23565e-09,0.905991,
-4.33681e-12,0.00305256,-0.00987147,-0.000425183,8.11367e-05,0.000223683,-6.18081e-06,0,0,0.507584,-0.0147039,0.0671782,0.000957576,0.00364517,0.00265836,-0.00320155,0,0,0,0.071102,-0.00161506,0.00101739,0.000513018,0.00109056,-6.41911e-05,0,0,-0.0146344,0.631558,-0.00285419,-0.0813522,0.00428226,-0.0136891,-0.000856627,0,0,1.73472e-11,-0.00386174,0.0765602,0.00582672,0.000626476,0.0010463,-4.98255e-05,0,0,0.0682007,-0.00268848,0.456229,-0.0136532,-0.0157192,0.00373754,-0.00199586,0,0,8.67362e-12,0.0133341,0.00402173,0.00280293,0.000828429,0.00223943,-0.000130239,0,0,0.00128823,-0.0832922,-0.0134137,0.606945,0.0198138,0.0569784,-0.00127413,0,0,-1.38778e-11,0.00947482,0.0305245,-0.0174421,-0.0101932,-0.016548,0.000848825,0,0,0.036694,0.0418536,-0.156537,0.198385,0.344302,-0.0373633,0.026727,0,0,6.245e-11,0.0632297,0.00114028,-0.0363503,-0.0126493,-0.0358233,0.00217919,0,0,0.0267564,-0.138052,0.0374694,0.571274,-0.0374152,0.405881,-0.00531308,0,0,4.33681e-12,-0.00259479,0.00143049,0.00432512,0.00144398,0.00407827,0.000778842,0,0,-0.0313018,-0.00840748,-0.0196864,-0.0130919,0.0272383,-0.00544214,0.0662902,0,0,0,0,0,-1.20024e-12,1.20024e-12,-1.20024e-12,1.20024e-12,0,0,0,0,0,0,0,0,0,0.905991,-4.30887e-09,0,0,1.20024e-12,1.20024e-12,0,0,-1.20024e-12,0,0,0,0,0,0,0,0,0,-4.30947e-09,0.905991,
4.77049e-12,0.00304906,-0.0098337,-0.000426876,8.18435e-05,0.000224514,-6.25786e-06,0,0,0.507774,-0.0147093,0.0668621,0.000961335,0.00367154,0.00266661,-0.00320165,0,0,5.55112e-11,0.0710577,-0.00160469,0.000942099,0.000509005,0.00108836,-6.42078e-05,0,0,-0.0146397,0.631561,-0.00286492,-0.0813581,0.00428489,-0.0136795,-0.000857312,0,0,-6.93889e-12,-0.0038553,0.0765936,0.00584219,0.000631365,0.0010493,-4.99179e-05,0,0,0.0678861,-0.00269885,0.456321,-0.0136669,-0.0157005,0.00374784,-0.00199809,0,0,-7.80626e-12,0.0132385,0.00402823,0.00287421,0.000838696,0.00223527,-0.000130204,0,0,0.0012924,-0.0833005,-0.0134269,0.606946,0.0198099,0.0569754,-0.00127276,0,0,1.38778e-11,0.00943358,0.0305791,-0.0173865,-0.0102689,-0.016586,0.000849521,0,0,0.0369581,0.0418787,-0.156349,0.198346,0.344368,-0.0373556,0.026713,0,0,2.08167e-11,0.0632298,0.00115891,-0.0364155,-0.012704,-0.0357156,0.00217819,0,0,0.0268392,-0.137959,0.0375726,0.571247,-0.0374077,0.4059,-0.00531472,0,0,0,-0.00259276,0.00143179,0.00432243,0.0014479,0.00407942,0.000780902,0,0,-0.0313034,-0.00841407,-0.0197089,-0.0130787,0.0272246,-0.00544386,0.0662914,0,0,0,0,-1.20024e-12,2.40048e-12,-2.40048e-12,2.40048e-12,1.20024e-12,0,0,0,0,0,0,0,0,0,0.905991,4.25906e-09,0,0,1.20024e-12,2.40048e-12,-1.20024e-12,1.20024e-12,-1.20024e-12,0,0,0,0,0,0,0,0,0,4.25846e-09,0.905991,
0,0.00304585,-0.00979557,-0.000428579,8.22809e-05,0.000225062,-6.05279e-06,0,0,0.507964,-0.0147147,0.0665458,0.000965132,0.00369787,0.00267484,-0.00320174,0,0,2.77556e-11,0.0710133,-0.00159429,0.000866709,0.000504979,0.00108614,-6.42159e-05,0,0,-0.014645,0.631564,-0.00287567,-0.0813641,0.00428752,-0.0136699,-0.000857998,0,0,3.46945e-12,-0.00384867,0.0766272,0.00585766,0.000636089,0.00105213,-4.98386e-05,0,0,0.0675713,-0.00270924,0.456413,-0.0136806,-0.0156817,0.00375816,-0.00200033,0,0,-1.47451e-11,0.0131426,0.00403467,0.00294557,0.000849038,0.00223117,-0.000130237,0,0,0.00129661,-0.0833089,-0.0134402,0.606948,0.019806,0.0569723,-0.0012714,0,0,6.93889e-12,0.00939373,0.0306351,-0.0173308,-0.0103461,-0.0166254,0.000851666,0,0,0.0372219,0.0419038,-0.156162,0.198307,0.344434,-0.0373479,0.0266989,0,0,7.63278e-11,0.0632294,0.00117718,-0.0364805,-0.0127585,-0.0356073,0.00217684,0,0,0.0269219,-0.137866,0.0376759,0.571219,-0.0374001,0.40592,-0.00531636,0,0,-2.60209e-12,-0.00259078,0.00143307,0.00431973,0.00145186,0.00408061,0.000782924,0,0,-0.0313049,-0.00842065,-0.0197314,-0.0130655,0.027211,-0.00544558,0.0662925,0,0,0,-1.20024e-12,0,0,0,0,1.20024e-12,0,0,0,0,0,0,0,0,0,0.905991,-4.32507e-09,0,1.20024e-12,0,0,0,-1.20024e-12,0,0,0,0,0,0,0,0,0,0,-4.32507e-09,0.905991,
1.30104e-12,0.00304238,-0.00975793,-0.000430859,8.30125e-05,0.000226175,-6.6947e-06,0,0,0.508154,-0.0147201,0.0662293,0.000968967,0.00372417,0.00268306,-0.00320183,0,0,0,0.0709687,-0.00158388,0.000791206,0.000500958,0.00108393,-6.42492e-05,0,0,-0.0146503,0.631567,-0.00288645,-0.0813701,0.00429015,-0.0136603,-0.000858684,0,0,-6.93889e-12,-0.00384218,0.0766603,0.0058728,0.000640992,0.0010553,-5.02747e-05,0,0,0.0672564,-0.00271965,0.456505,-0.0136943,-0.015663,0.00376849,-0.00200257,0,0,1.04083e-11,0.0130467,0.00404125,0.00301715,0.000859318,0.00222692,-0.000130064,0,0,0.00130086,-0.0833173,-0.0134534,0.606949,0.0198021,0.0569692,-0.00127003,0,0,-3.46945e-12,0.00935238,0.0306881,-0.0172778,-0.0104217,-0.016662,0.000849451,0,0,0.0374853,0.041929,-0.155974,0.198268,0.344501,-0.0373402,0.0266849,0,0,-2.77556e-11,0.0632293,0.00119614,-0.0365447,-0.0128132,-0.0354994,0.00217652,0,0,0.0270045,-0.137772,0.0377794,0.571192,-0.0373925,0.405939,-0.005318,0,0,7.80626e-12,-0.00258875,0.00143444,0.0043171,0.00145577,0.00408172,0.000785066,0,0,-0.0313064,-0.00842723,-0.0197539,-0.0130523,0.0271973,-0.00544731,0.0662937,0,0,0,0,0,1.20024e-12,1.20024e-12,0,0,5.76116e-11,0,0,0,0,0,0,0,0,0.905991,4.26746e-09,0,0,0,0,1.20024e-12,0,0,0,0,0,0,0,0,0,0,0,4.26776e-09,0.905991,
-2.83279e-07,0.00303836,-0.00971964,-0.000432868,8.40402e-05,0.000226723,-6.48909e-06,0,0,0.508343,-0.0147254,0.0659127,0.000972842,0.00375042,0.00269126,-0.00320191,0,0,-8.49321e-09,0.0709238,-0.00157342,0.000715617,0.000496942,0.0010817,-6.42571e-05,0,0,-0.0146556,0.63157,-0.00289725,-0.081376,0.00429278,-0.0136506,-0.000859369,0,0,-1.72751e-07,-0.00383601,0.0766938,0.00588811,0.000646074,0.00105813,-5.01948e-05,0,0,0.0669412,-0.00273009,0.456597,-0.013708,-0.0156442,0.00377883,-0.00200482,0,0,6.8767e-08,0.0129508,0.00404771,0.00308874,0.000869536,0.00222279,-0.000130096,0,0,0.00130515,-0.0833257,-0.0134666,0.60695,0.0197981,0.0569661,-0.00126867,0,0,-1.46043e-06,0.00930807,0.0307439,-0.0172233,-0.0104959,-0.0167014,0.000851597,0,0,0.0377483,0.0419541,-0.155786,0.198229,0.344567,-0.0373324,0.0266709,0,0,3.46251e-07,0.0632297,0.0012144,-0.0366092,-0.0128684,-0.0353906,0.00217516,0,0,0.0270868,-0.137679,0.0378829,0.571164,-0.0373849,0.405959,-0.00531965,0,0,3.93661e-08,-0.00258663,0.00143574,0.00431441,0.00145963,0.0040829,0.000787092,0,0,-0.0313078,-0.00843381,-0.0197764,-0.0130391,0.0271836,-0.00544903,0.0662948,0,0,0,0,0,-1.20024e-12,-2.40048e-12,-1.20024e-12,-2.40048e-12,0,0,0,0,0,0,0,0,0,0.905991,-4.32777e-09,0,0,0,-2.40048e-12,1.20024e-12,-2.40048e-12,0,0,0,0,0,0,0,0,0,0,-4.32747e-09,0.905991,
-1.73472e-12,0.0030352,-0.00968212,-0.000434889,8.4514e-05,0.000228122,-6.5662e-06,0,0,0.508533,-0.0147308,0.0655958,0.000976755,0.00377664,0.00269944,-0.00320198,0,0,0,0.0708789,-0.00156296,0.000639932,0.000492906,0.00107948,-6.42733e-05,0,0,-0.0146609,0.631573,-0.00290808,-0.081382,0.00429541,-0.013641,-0.000860055,0,0,8.67362e-12,-0.00382929,0.0767267,0.00590343,0.000650819,0.00106148,-5.02871e-05,0,0,0.0666258,-0.00274056,0.456689,-0.0137217,-0.0156254,0.00378918,-0.00200706,0,0,-2.34188e-11,0.0128546,0.00405438,0.00316042,0.000879898,0.00221845,-0.00013006,0,0,0.00130947,-0.0833341,-0.0134798,0.606952,0.0197942,0.056963,-0.0012673,0,0,3.46945e-12,0.00926808,0.0307953,-0.0171687,-0.010573,-0.0167365,0.000852286,0,0,0.038011,0.0419793,-0.155597,0.198189,0.344633,-0.0373247,0.0266569,0,0,-1.38778e-11,0.0632289,0.0012337,-0.0366736,-0.0129229,-0.0352825,0.00217414,0,0,0.027169,-0.137586,0.0379866,0.571137,-0.0373773,0.405979,-0.00532129,0,0,-3.46945e-12,-0.00258463,0.00143716,0.00431171,0.00146357,0.00408396,0.00078916,0,0,-0.0313091,-0.0084404,-0.019799,-0.0130259,0.02717,-0.00545075,0.066296,0,0,0,-2.40048e-12,0,3.60072e-12,0,3.60072e-12,-1.20024e-12,0,0,0,0,0,0,0,0,0,0.905991,4.26446e-09,0,2.40048e-12,0,-2.40048e-12,0,-2.40048e-12,1.20024e-12,0,0,0,0,0,0,0,0,0,4.26446e-09,0.905991,
1.30104e-12,0.00303206,-0.00964395,-0.000436638,8.55683e-05,0.000228385,-6.35889e-06,0,0,0.508722,-0.0147361,0.0652788,0.000980707,0.00380282,0.00270761,-0.00320205,0,0,0,0.0708338,-0.00155245,0.00056416,0.000488883,0.00107721,-6.42807e-05,0,0,-0.0146662,0.631577,-0.00291894,-0.081388,0.00429804,-0.0136314,-0.000860741,0,0,0,-0.00382254,0.0767599,0.00591893,0.000655917,0.00106413,-5.02055e-05,0,0,0.0663103,-0.00275105,0.456781,-0.0137353,-0.0156065,0.00379955,-0.00200931,0,0,-1.9082e-11,0.0127582,0.00406092,0.0032321,0.000890128,0.00221436,-0.000130092,0,0,0.00131384,-0.0833426,-0.013493,0.606953,0.0197903,0.0569599,-0.00126594,0,0,-1.73472e-11,0.00922804,0.0308495,-0.0171126,-0.0106472,-0.0167774,0.000854442,0,0,0.0382732,0.0420044,-0.155408,0.19815,0.344699,-0.037317,0.0266429,0,0,-1.38778e-11,0.063228,0.0012523,-0.0367382,-0.0129781,-0.0351728,0.00217277,0,0,0.0272511,-0.137493,0.0380904,0.571109,-0.0373697,0.405998,-0.00532293,0,0,5.20417e-12,-0.00258263,0.00143852,0.00430895,0.00146743,0.00408517,0.000791189,0,0,-0.0313104,-0.00844698,-0.0198215,-0.0130127,0.0271563,-0.00545248,0.0662971,0,0,0,0,0,-1.20024e-12,1.20024e-12,1.20024e-12,0,0,0,0,0,0,0,0,0,0,0.905991,-4.31997e-09,0,0,0,0,0,0,1.20024e-12,0,0,0,0,0,0,0,0,0,-4.31937e-09,0.905991,
-4.33681e-13,0.00302837,-0.00960543,-0.000439251,8.63513e-05,0.000229786,-6.43546e-06,0,0,0.508911,-0.0147415,0.0649615,0.000984698,0.00382896,0.00271576,-0.00320211,0,0,2.77556e-11,0.0707885,-0.0015419,0.000488268,0.000484849,0.00107497,-6.42966e-05,0,0,-0.0146715,0.63158,-0.00292982,-0.0813941,0.00430067,-0.0136218,-0.000861426,0,0,-1.73472e-12,-0.00381612,0.0767932,0.00593392,0.000660849,0.00106748,-5.02972e-05,0,0,0.0659945,-0.00276156,0.456872,-0.013749,-0.0155877,0.00380993,-0.00201156,0,0,3.46945e-11,0.0126618,0.0040674,0.00330407,0.000900434,0.00220999,-0.000130055,0,0,0.00131824,-0.083351,-0.0135061,0.606954,0.0197863,0.0569567,-0.00126457,0,0,-2.08167e-11,0.00918502,0.0309051,-0.0170607,-0.0107228,-0.0168125,0.000855132,0,0,0.0385351,0.0420296,-0.15522,0.198111,0.344765,-0.0373092,0.0266289,0,0,-1.38778e-11,0.0632276,0.00127054,-0.0368017,-0.013033,-0.0350642,0.00217175,0,0,0.0273329,-0.1374,0.0381943,0.571082,-0.0373621,0.406018,-0.00532458,0,0,-3.46945e-12,-0.00258053,0.00143984,0.0043063,0.00147132,0.00408622,0.00079326,0,0,-0.0313115,-0.00845357,-0.0198441,-0.0129995,0.0271427,-0.0054542,0.0662983,0,0,0,0,0,0,1.20024e-12,0,0,0,0,0,0,0,0,0,0,0,0.905991,4.25245e-09,0,2.40048e-12,-2.40048e-12,0,1.20024e-12,-1.20024e-12,1.20024e-12,0,0,0,0,0,0,0,0,0,4.25245e-09,0.905991,
-2.85574e-07,0.0030247,-0.00956739,-0.000441308,8.74326e-05,0.000230333,-6.79761e-06,0,0,0.5091,-0.0147468,0.0646441,0.000988727,0.00385507,0.00272389,-0.00320216,0,0,-8.6875e-09,0.070743,-0.00153135,0.000412299,0.000480819,0.00107269,-6.4321e-05,0,0,-0.0146767,0.631583,-0.00294072,-0.0814001,0.0043033,-0.0136122,-0.000862112,0,0,-1.75002e-07,-0.00380967,0.0768261,0.00594925,0.000665963,0.0010703,-5.05638e-05,0,0,0.0656786,-0.0027721,0.456964,-0.0137626,-0.0155688,0.00382031,-0.00201381,0,0,6.98495e-08,0.0125653,0.00407402,0.00337599,0.000910675,0.00220581,-0.000129948,0,0,0.00132268,-0.0833595,-0.0135193,0.606956,0.0197823,0.0569536,-0.00126321,0,0,-1.47852e-06,0.00914195,0.0309577,-0.0170058,-0.0107968,-0.016852,0.000854341,0,0,0.0387967,0.0420548,-0.15503,0.198071,0.344831,-0.0373015,0.0266149,0,0,3.49804e-07,0.0632271,0.00128948,-0.0368658,-0.0130883,-0.0349543,0.00217106,0,0,0.0274146,-0.137306,0.0382984,0.571054,-0.0373545,0.406037,-0.00532622,0,0,3.98379e-08,-0.00257844,0.00144126,0.00430357,0.00147516,0.00408738,0.000795373,0,0,-0.0313126,-0.00846015,-0.0198668,-0.0129863,0.0271291,-0.00545592,0.0662994,0,0,0,-1.20024e-12,0,0,0,0,0,0,0,0,0,0,0,0,0,0,0.905991,-4.30166e-09,0,0,0,0,0,0,0,0,0,0,0,0,0,0,0,0,-4.30256e-09,0.905991,
2.86145e-07,0.00302133,-0.00952871,-0.000443091,8.76693e-05,0.000230878,-6.87477e-06,0,0,0.509288,-0.0147522,0.0643265,0.000992795,0.00388113,0.00273201,-0.0032022,0,0,8.71525e-09,0.0706974,-0.00152074,0.000336243,0.000476761,0.00107041,-6.43367e-05,0,0,-0.014682,0.631586,-0.00295166,-0.0814061,0.00430594,-0.0136026,-0.000862798,0,0,1.75575e-07,-0.00380301,0.0768593,0.00596476,0.000670559,0.00107313,-5.0656e-05,0,0,0.0653625,-0.00278267,0.457055,-0.0137762,-0.0155498,0.00383071,-0.00201607,0,0,-7.00837e-08,0.0124685,0.00408052,0.00344791,0.000921133,0.00220162,-0.00012991,0,0,0.00132716,-0.0833679,-0.0135324,0.606957,0.0197784,0.0569505,-0.00126184,0,0,1.48301e-06,0.00910029,0.0310132,-0.0169493,-0.0108753,-0.0168915,0.000855023,0,0,0.0390579,0.04208,-0.154841,0.198032,0.344897,-0.0372937,0.0266009,0,0,-3.5081e-07,0.0632262,0.00130772,-0.0369301,-0.0131425,-0.0348441,0.00217003,0,0,0.0274961,-0.137213,0.0384025,0.571026,-0.0373469,0.406057,-0.00532787,0,0,-3.99489e-08,-0.00257638,0.0014426,0.00430077,0.00147912,0.00408853,0.000797448,0,0,-0.0313137,-0.00846674,-0.0198894,-0.0129731,0.0271155,-0.00545765,0.0663005,0,0,0,0,0,0,-1.20024e-12,0,0,0,0,0,0,0,0,0,0,0,0.905991,4.23265e-09,0,0,0,0,-1.20024e-12,0,1.20024e-12,0,0,0,0,0,0,0,0,0,4.23295e-09,0.905991,
-4.33681e-13,0.00301826,-0.00949023,-0.000445171,8.84897e-05,0.000231996,-6.95195e-06,0,0,0.509477,-0.0147575,0.0640087,0.000996902,0.00390716,0.00274011,-0.00320224,0,0,-2.77556e-11,0.0706516,-0.00151012,0.000260084,0.000472716,0.00106813,-6.43522e-05,0,0,-0.0146873,0.63159,-0.00296261,-0.0814122,0.00430857,-0.013593,-0.000863483,0,0,-3.46945e-12,-0.00379616,0.0768923,0.00598011,0.000675512,0.0010763,-5.07482e-05,0,0,0.0650462,-0.00279326,0.457146,-0.0137898,-0.0155309,0.00384112,-0.00201833,0,0,2.08167e-11,0.0123716,0.00408709,0.00351998,0.000931457,0.00219728,-0.000129872,0,0,0.00133167,-0.0833764,-0.0135455,0.606959,0.0197744,0.0569473,-0.00126048,0,0,-3.46945e-11,0.00906007,0.0310671,-0.0168942,-0.0109509,-0.016928,0.000855703,0,0,0.0393187,0.0421051,-0.154651,0.197992,0.344963,-0.037286,0.026587,0,0,-3.46945e-11,0.0632247,0.00132629,-0.036994,-0.0131974,-0.0347344,0.00216899,0,0,0.0275775,-0.13712,0.0385068,0.570998,-0.0373392,0.406077,-0.00532952,0,0,-1.73472e-12,-0.00257435,0.001444,0.00429801,0.00148299,0.00408961,0.000799524,0,0,-0.0313146,-0.00847332,-0.0199121,-0.0129599,0.0271019,-0.00545938,0.0663017,0,0,0,-1.20024e-12,-1.20024e-12,0,1.20024e-12,-1.20024e-12,0,0,0,0,0,0,0,0,0,0,0.905991,4.27826e-09,0,-2.40048e-12,-2.40048e-12,0,0,-2.40048e-12,-2.40048e-12,0,0,0,0,0,0,0,0,0,4.27796e-09,0.905991,
2.87288e-07,0.00301521,-0.00945139,-0.000447262,8.961e-05,0.000233116,-7.02913e-06,0,0,0.509665,-0.0147628,0.0636907,0.00100105,0.00393315,0.00274819,-0.00320227,0,0,8.85403e-09,0.0706057,-0.00149945,0.000183831,0.000468677,0.00106584,-6.43676e-05,0,0,-0.0146925,0.631593,-0.0029736,-0.0814183,0.0043112,-0.0135834,-0.000864169,0,0,1.76735e-07,-0.00378927,0.0769254,0.00599546,0.00068065,0.00107948,-5.08403e-05,0,0,0.0647297,-0.00280388,0.457237,-0.0138033,-0.0155119,0.00385155,-0.00202059,0,0,-7.05963e-08,0.0122745,0.00409361,0.00359214,0.000941716,0.00219292,-0.000129834,0,0,0.00133623,-0.0833849,-0.0135586,0.60696,0.0197704,0.0569442,-0.00125911,0,0,1.49207e-06,0.00901982,0.0311224,-0.016839,-0.0110249,-0.0169645,0.000856381,0,0,0.0395791,0.0421303,-0.154461,0.197952,0.345029,-0.0372782,0.026573,0,0,-3.52704e-07,0.0632231,0.00134451,-0.0370577,-0.0132528,-0.0346244,0.00216795,0,0,0.0276587,-0.137027,0.0386111,0.570971,-0.0373316,0.406096,-0.00533117,0,0,-4.01805e-08,-0.00257232,0.00144536,0.00429523,0.00148682,0.00409067,0.000801603,0,0,-0.0313155,-0.00847991,-0.0199348,-0.0129467,0.0270883,-0.0054611,0.0663028,0,0,-1.20024e-12,0,0,0,1.20024e-12,0,0,0,0,0,0,0,0,0,0,0,0.905991,-4.43639e-09,0,0,0,0,1.20024e-12,0,0,0,0,0,0,0,0,0,0,0,-4.43639e-09,0.905991,
2.87857e-07,0.00301189,-0.00941304,-0.000449078,9.07441e-05,0.000233372,-7.10633e-06,0,0,0.509853,-0.0147682,0.0633725,0.00100523,0.00395911,0.00275625,-0.00320229,0,0,8.82627e-09,0.0705595,-0.00148878,0.000107492,0.000464635,0.00106351,-6.43828e-05,0,0,-0.0146978,0.631597,-0.00298461,-0.0814244,0.00431384,-0.0135738,-0.000864855,0,0,1.7731e-07,-0.00378253,0.0769581,0.00601099,0.000685795,0.00108212,-5.09325e-05,0,0,0.064413,-0.00281452,0.457327,-0.0138169,-0.0154929,0.00386198,-0.00202285,0,0,-7.08886e-08,0.0121773,0.00410027,0.0036643,0.000951981,0.00218876,-0.000129795,0,0,0.00134082,-0.0833934,-0.0135717,0.606961,0.0197664,0.056941,-0.00125775,0,0,1.49663e-06,0.00897802,0.0311747,-0.0167822,-0.0110989,-0.0170055,0.000857057,0,0,0.0398392,0.0421555,-0.154271,0.197913,0.345094,-0.0372704,0.0265591,0,0,-3.53627e-07,0.0632217,0.00136343,-0.0371218,-0.0133081,-0.0345131,0.0021669,0,0,0.0277397,-0.136934,0.0387156,0.570943,-0.037324,0.406116,-0.00533281,0,0,-4.03063e-08,-0.00257025,0.00144681,0.0042924,0.00149064,0.00409185,0.000803683,0,0,-0.0313164,-0.00848649,-0.0199575,-0.0129335,0.0270747,-0.00546283,0.066304,0,0,-2.40048e-12,1.20024e-12,1.20024e-12,0,0,-1.20024e-12,-1.20024e-12,-5.76116e-11,0,0,0,0,0,0,0,0,0.905991,-4.4568e-09,2.40048e-12,0,0,0,0,0,0,0,0,0,0,0,0,0,0,0,-4.4565e-09,0.905991,
-8.67362e-13,0.00300802,-0.00937404,-0.00045177,9.16035e-05,0.000234204,-7.18354e-06,0,0,0.510041,-0.0147735,0.0630542,0.00100946,0.00398502,0.0027643,-0.00320231,0,0,0,0.0705132,-0.00147806,3.10332e-05,0.00046058,0.00106119,-6.4398e-05,0,0,-0.014703,0.6316,-0.00299564,-0.0814305,0.00431647,-0.0135642,-0.000865541,0,0,-8.67362e-12,-0.00377612,0.0769911,0.00602599,0.000690772,0.00108512,-5.10246e-05,0,0,0.0640962,-0.00282519,0.457418,-0.0138304,-0.0154739,0.00387242,-0.00202512,0,0,6.93889e-12,0.0120802,0.0041068,0.00373675,0.000962322,0.00218445,-0.000129756,0,0,0.00134545,-0.0834019,-0.0135847,0.606963,0.0197624,0.0569379,-0.00125639,0,0,1.04083e-11,0.00893317,0.0312298,-0.0167298,-0.0111743,-0.0170435,0.000857732,0,0,0.0400989,0.0421807,-0.15408,0.197873,0.34516,-0.0372626,0.0265452,0,0,3.46945e-11,0.0632209,0.00138163,-0.0371846,-0.0133632,-0.0344022,0.00216585,0,0,0.0278205,-0.136841,0.0388202,0.570915,-0.0373163,0.406135,-0.00533446,0,0,-3.46945e-12,-0.00256809,0.00144819,0.00428967,0.00149449,0.00409295,0.000805765,0,0,-0.0313171,-0.00849308,-0.0199802,-0.0129203,0.0270611,-0.00546456,0.0663051,0,0,0,0,0,0,-1.20024e-12,0,0,0,0,0,0,0,0,0,0,0,0.905991,-4.34877e-09,0,0,0,0,-1.20024e-12,0,0,0,0,0,0,0,0,0,0,0,-4.34877e-09,0.905991,
-8.67362e-13,0.00300473,-0.00933554,-0.000453319,9.18974e-05,0.000235325,-7.54975e-06,0,0,0.510228,-0.0147788,0.0627356,0.00101372,0.0040109,0.00277232,-0.00320232,0,0,-2.77556e-11,0.0704668,-0.00146732,-4.5484e-05,0.000456505,0.00105887,-6.44219e-05,0,0,-0.0147083,0.631604,-0.00300671,-0.0814366,0.00431911,-0.0135546,-0.000866226,0,0,6.93889e-12,-0.00376933,0.0770237,0.0060417,0.000695399,0.00108829,-5.12951e-05,0,0,0.0637791,-0.00283588,0.457508,-0.0138439,-0.0154549,0.00388288,-0.00202738,0,0,-1.47451e-11,0.0119827,0.00411347,0.003809,0.000972812,0.00218005,-0.000129645,0,0,0.00135013,-0.0834105,-0.0135978,0.606964,0.0197584,0.0569347,-0.00125502,0,0,3.1225e-11,0.00889127,0.0312819,-0.0166713,-0.0112528,-0.01708,0.000856899,0,0,0.0403582,0.0422059,-0.153889,0.197833,0.345226,-0.0372548,0.0265312,0,0,-1.38778e-11,0.0632192,0.00140054,-0.0372488,-0.0134175,-0.0342915,0.00216515,0,0,0.0279011,-0.136748,0.0389249,0.570886,-0.0373087,0.406155,-0.00533611,0,0,-1.73472e-12,-0.002566,0.00144966,0.00428677,0.00149842,0.004094,0.000807889,0,0,-0.0313178,-0.00849966,-0.020003,-0.0129071,0.0270475,-0.00546628,0.0663062,0,0,0,0,0,0,-1.20024e-12,0,0,0,0,0,0,0,0,0,0,0,0.905991,4.14353e-09,0,-1.20024e-12,0,2.40048e-12,-1.20024e-12,1.20024e-12,1.20024e-12,0,0,0,0,0,0,0,0,0,4.14263e-09,0.905991,
2.89567e-07,0.00300176,-0.00929696,-0.000455458,9.33599e-05,0.000236157,-7.33798e-06,0,0,0.510416,-0.0147841,0.0624169,0.00101802,0.00403674,0.00278034,-0.00320232,0,0,8.99281e-09,0.0704201,-0.00145656,-0.000122113,0.000452462,0.00105654,-6.44278e-05,0,0,-0.0147135,0.631607,-0.00301779,-0.0814427,0.00432174,-0.013545,-0.000866912,0,0,1.79034e-07,-0.00376233,0.0770562,0.00605707,0.000700746,0.00109129,-5.12087e-05,0,0,0.0634619,-0.0028466,0.457598,-0.0138575,-0.0154358,0.00389335,-0.00202965,0,0,-7.16831e-08,0.0118851,0.00412016,0.00388148,0.000983022,0.00217572,-0.000129677,0,0,0.00135484,-0.083419,-0.0136108,0.606966,0.0197544,0.0569315,-0.00125366,0,0,1.51032e-06,0.00885083,0.0313339,-0.0166157,-0.0113252,-0.017118,0.000859076,0,0,0.0406172,0.0422312,-0.153698,0.197793,0.345292,-0.037247,0.0265173,0,0,-3.56333e-07,0.0632171,0.00141944,-0.0373122,-0.0134733,-0.0341801,0.00216374,0,0,0.0279816,-0.136655,0.0390298,0.570858,-0.037301,0.406175,-0.00533776,0,0,-4.06593e-08,-0.00256395,0.00145114,0.00428394,0.00150219,0.00409509,0.000809934,0,0,-0.0313184,-0.00850625,-0.0200258,-0.0128939,0.027034,-0.00546801,0.0663074,0,0,0,0,0,0,0,0,0,0,0,0,0,0,0,0,0,0,0.905991,4.06852e-09,0,0,0,0,0,1.20024e-12,0,0,0,0,0,0,0,0,0,0,4.06882e-09,0.905991,
-2.90138e-07,0.00299822,-0.00925802,-0.000457608,9.4257e-05,0.00023699,-7.70535e-06,0,0,0.510603,-0.0147894,0.062098,0.00102236,0.00406255,0.00278833,-0.00320231,0,0,-9.04832e-09,0.0703733,-0.00144576,-0.000198835,0.000448398,0.00105419,-6.44516e-05,0,0,-0.0147187,0.631611,-0.00302891,-0.0814488,0.00432438,-0.0135355,-0.000867598,0,0,-1.79608e-07,-0.00375565,0.0770889,0.00607244,0.000705745,0.00109429,-5.14803e-05,0,0,0.0631445,-0.00285734,0.457688,-0.0138709,-0.0154167,0.00390383,-0.00203192,0,0,7.19641e-08,0.0117875,0.00412679,0.00395403,0.000993381,0.00217137,-0.000129565,0,0,0.00135958,-0.0834276,-0.0136238,0.606967,0.0197504,0.0569283,-0.0012523,0,0,-1.5149e-06,0.00880731,0.0313873,-0.01656,-0.0114006,-0.017156,0.00085823,0,0,0.0408759,0.0422564,-0.153507,0.197753,0.345358,-0.0372392,0.0265034,0,0,3.57221e-07,0.0632155,0.00143797,-0.0373754,-0.0135284,-0.0340684,0.00216303,0,0,0.0280619,-0.136562,0.0391347,0.57083,-0.0372933,0.406194,-0.00533942,0,0,4.07729e-08,-0.00256181,0.00145258,0.0042811,0.00150602,0.00409617,0.000812062,0,0,-0.031319,-0.00851284,-0.0200486,-0.0128807,0.0270204,-0.00546974,0.0663085,0,0,0,0,1.20024e-12,-1.20024e-12,0,-1.20024e-12,1.20024e-12,0,0,0,0,0,0,0,0,0,0.905991,4.09762e-09,0,0,0,0,1.20024e-12,0,0,0,0,0,0,0,0,0,0,0,4.09792e-09,0.905991,
-1.30104e-12,0.00299499,-0.00921841,-0.000460061,9.45851e-05,0.000237822,-7.49246e-06,0,0,0.51079,-0.0147947,0.0617789,0.00102674,0.00408831,0.0027963,-0.0032023,0,0,0,0.0703264,-0.00143491,-0.00027566,0.000444313,0.00105183,-6.44571e-05,0,0,-0.0147239,0.631615,-0.00304005,-0.081455,0.00432701,-0.0135259,-0.000868283,0,0,1.04083e-11,-0.00374878,0.0771218,0.00608763,0.00071039,0.00109728,-5.13927e-05,0,0,0.0628269,-0.00286811,0.457778,-0.0138844,-0.0153976,0.00391432,-0.0020342,0,0,-1.9082e-11,0.0116896,0.00413327,0.00402673,0.00100389,0.002167,-0.000129597,0,0,0.00136437,-0.0834362,-0.0136368,0.606968,0.0197463,0.0569251,-0.00125093,0,0,-2.42861e-11,0.00876526,0.0314436,-0.0165057,-0.011479,-0.017194,0.000860412,0,0,0.0411341,0.0422816,-0.153315,0.197712,0.345423,-0.0372314,0.0264895,0,0,5.55112e-11,0.0632134,0.00145579,-0.0374382,-0.0135828,-0.0339565,0.00216161,0,0,0.028142,-0.136469,0.0392398,0.570802,-0.0372857,0.406214,-0.00534107,0,0,1.21431e-11,-0.00255971,0.00145396,0.00427828,0.00150994,0.00409724,0.00081411,0,0,-0.0313194,-0.00851942,-0.0200714,-0.0128675,0.0270069,-0.00547147,0.0663097,0,0,0,0,0,0,0,2.40048e-12,0,-1.15223e-10,0,0,0,0,0,0,0,0,0.905991,4.22575e-09,0,0,0,0,0,0,0,0,0,0,0,0,0,0,0,0,4.22665e-09,0.905991,
2.1684e-12,0.00299177,-0.0091796,-0.000461944,9.60886e-05,0.000238946,-7.56971e-06,0,0,0.510976,-0.0148,0.0614596,0.00103116,0.00411404,0.00280426,-0.00320228,0,0,0,0.0702792,-0.00142406,-0.000352559,0.000440261,0.00104947,-6.44716e-05,0,0,-0.0147292,0.631619,-0.00305121,-0.0814612,0.00432965,-0.0135163,-0.000868969,0,0,-1.04083e-11,-0.00374187,0.0771542,0.00610318,0.000715764,0.00110046,-5.14847e-05,0,0,0.0625091,-0.0028789,0.457868,-0.0138979,-0.0153784,0.00392482,-0.00203647,0,0,-7.80626e-12,0.0115916,0.00413998,0.00409937,0.00101412,0.00216255,-0.000129557,0,0,0.0013692,-0.0834447,-0.0136498,0.60697,0.0197423,0.056922,-0.00124957,0,0,2.42861e-11,0.00872316,0.0314954,-0.0164482,-0.0115513,-0.0172305,0.000861078,0,0,0.041392,0.0423068,-0.153123,0.197672,0.345489,-0.0372236,0.0264757,0,0,4.16334e-11,0.0632112,0.00147467,-0.0375016,-0.0136387,-0.0338447,0.00216053,0,0,0.0282219,-0.136376,0.0393449,0.570773,-0.037278,0.406234,-0.00534272,0,0,-8.67362e-12,-0.00255761,0.00145547,0.00427537,0.00151368,0.00409827,0.0008162,0,0,-0.0313198,-0.00852601,-0.0200943,-0.0128544,0.0269934,-0.0054732,0.0663108,0,0,0,0,1.20024e-12,0,0,0,1.20024e-12,0,0,0,0,0,0,0,0,0,0.905991,-4.4649e-09,0,0,1.20024e-12,0,0,0,1.20024e-12,0,0,0,0,0,0,0,0,0,-4.4646e-09,0.905991,
2.91839e-07,0.00298858,-0.00914013,-0.000464714,9.67313e-05,0.000239488,-7.64696e-06,0,0,0.511163,-0.0148053,0.0611401,0.00103562,0.00413974,0.0028122,-0.00320225,0,0,9.15934e-09,0.0702319,-0.00141317,-0.000429579,0.000436178,0.00104708,-6.44859e-05,0,0,-0.0147344,0.631622,-0.00306241,-0.0814674,0.00433229,-0.0135067,-0.000869655,0,0,1.81345e-07,-0.00373493,0.0771869,0.0061182,0.000720603,0.00110327,-5.15766e-05,0,0,0.0621911,-0.00288972,0.457958,-0.0139113,-0.0153592,0.00393533,-0.00203875,0,0,-7.27569e-08,0.0114935,0.00414656,0.0041723,0.00102456,0.00215824,-0.000129516,0,0,0.00137406,-0.0834533,-0.0136627,0.606971,0.0197382,0.0569187,-0.00124821,0,0,1.52865e-06,0.00868101,0.03155,-0.0163952,-0.0116282,-0.01727,0.000861741,0,0,0.0416496,0.0423321,-0.152931,0.197632,0.345555,-0.0372158,0.0264618,0,0,-3.60094e-07,0.0632089,0.00149283,-0.0375639,-0.0136934,-0.0337319,0.00215946,0,0,0.0283017,-0.136283,0.0394502,0.570745,-0.0372703,0.406253,-0.00534438,0,0,-4.11407e-08,-0.00255549,0.0014569,0.00427257,0.00151755,0.00409937,0.000818292,0,0,-0.0313202,-0.0085326,-0.0201172,-0.0128412,0.0269799,-0.00547493,0.0663119,0,0,0,0,0,0,0,0,0,0,0,0,0,0,0,0,0,0,0.905991,-4.56392e-09,0,0,1.20024e-12,1.20024e-12,1.20024e-12,1.20024e-12,-1.20024e-12,0,0,0,0,0,0,0,0,0,-4.56332e-09,0.905991,
-2.92408e-07,0.00298569,-0.00910146,-0.00046662,9.76778e-05,0.00024032,-7.43181e-06,0,0,0.511349,-0.0148106,0.0608205,0.00104011,0.00416539,0.00282012,-0.00320222,0,0,-9.24261e-09,0.0701844,-0.00140227,-0.000506665,0.000432101,0.0010447,-6.44909e-05,0,0,-0.0147396,0.631626,-0.00307362,-0.0814736,0.00433493,-0.0134971,-0.00087034,0,0,-1.81929e-07,-0.00372779,0.077219,0.00613376,0.000725631,0.00110627,-5.14866e-05,0,0,0.061873,-0.00290056,0.458047,-0.0139247,-0.01534,0.00394586,-0.00204103,0,0,7.30171e-08,0.0113952,0.00415336,0.0042451,0.00103495,0.00215383,-0.000129548,0,0,0.00137896,-0.083462,-0.0136757,0.606972,0.0197342,0.0569155,-0.00124685,0,0,-1.53326e-06,0.00864034,0.0316001,-0.0163376,-0.0117035,-0.017308,0.000863936,0,0,0.0419068,0.0423573,-0.152739,0.197591,0.34562,-0.0372079,0.0264479,0,0,3.61024e-07,0.063206,0.00151205,-0.0376271,-0.0137486,-0.0336192,0.00215802,0,0,0.0283813,-0.13619,0.0395556,0.570716,-0.0372626,0.406273,-0.00534603,0,0,4.12561e-08,-0.00255342,0.00145847,0.00426963,0.00152136,0.00410043,0.000820344,0,0,-0.0313204,-0.00853918,-0.0201401,-0.012828,0.0269664,-0.00547666,0.0663131,0,0,0,1.20024e-12,-1.20024e-12,0,1.20024e-12,0,1.20024e-12,5.76116e-11,0,0,0,0,0,0,0,0,0.905991,-4.51651e-09,0,1.20024e-12,-1.20024e-12,0,1.20024e-12,0,1.20024e-12,1.20024e-12,0,0,0,0,0,0,0,0,-4.51681e-09,0.905991,
-2.92974e-07,0.00298283,-0.00906184,-0.00046883,9.86367e-05,0.000241153,-7.80148e-06,0,0,0.511535,-0.0148159,0.0605007,0.00104465,0.00419101,0.00282802,-0.00320218,0,0,-9.27036e-09,0.0701368,-0.00139131,-0.000583852,0.000428022,0.0010423,-6.45141e-05,0,0,-0.0147448,0.63163,-0.00308487,-0.0814798,0.00433756,-0.0134875,-0.000871026,0,0,-1.8251e-07,-0.00372061,0.0772515,0.00614915,0.000730665,0.00110926,-5.17604e-05,0,0,0.0615547,-0.00291143,0.458136,-0.0139382,-0.0153208,0.00395639,-0.00204332,0,0,7.3351e-08,0.0112967,0.00415995,0.00431804,0.00104533,0.00214942,-0.000129433,0,0,0.00138391,-0.0834706,-0.0136886,0.606974,0.0197301,0.0569123,-0.00124549,0,0,-1.53787e-06,0.00859964,0.0316546,-0.0162814,-0.0117788,-0.017346,0.000863063,0,0,0.0421636,0.0423825,-0.152546,0.197551,0.345686,-0.0372001,0.0264341,0,0,3.61829e-07,0.063203,0.00153019,-0.0376898,-0.0138038,-0.0335063,0.00215729,0,0,0.0284606,-0.136097,0.0396611,0.570688,-0.0372549,0.406293,-0.00534769,0,0,4.13749e-08,-0.00255134,0.00145992,0.00426672,0.00152517,0.00410148,0.000822481,0,0,-0.0313206,-0.00854577,-0.020163,-0.0128148,0.0269529,-0.00547839,0.0663142,0,0,0,0,1.20024e-12,0,0,0,0,-5.76116e-11,0,0,0,0,0,0,0,0,0.905991,-4.34607e-09,0,0,-1.20024e-12,0,0,0,1.20024e-12,-1.14023e-10,0,0,0,0,0,0,0,0,-4.34697e-09,0.905991,
2.93539e-07,0.0029794,-0.00902243,-0.000470759,9.96081e-05,0.000241986,-8.17229e-06,0,0,0.511721,-0.0148211,0.0601807,0.00104922,0.0042166,0.00283591,-0.00320213,0,0,9.32587e-09,0.070089,-0.00138033,-0.000661122,0.000423939,0.00103989,-6.45373e-05,0,0,-0.01475,0.631634,-0.00309614,-0.081486,0.0043402,-0.0134779,-0.000871711,0,0,1.8309e-07,-0.00371377,0.0772838,0.00616472,0.000735708,0.00111225,-5.20353e-05,0,0,0.0612362,-0.00292233,0.458226,-0.0139516,-0.0153015,0.00396694,-0.0020456,0,0,-7.36095e-08,0.0111982,0.00416662,0.00439099,0.00105573,0.00214499,-0.000129318,0,0,0.00138889,-0.0834793,-0.0137015,0.606975,0.019726,0.0569091,-0.00124412,0,0,1.54245e-06,0.0085558,0.0317075,-0.0162235,-0.0118541,-0.017384,0.000862178,0,0,0.0424201,0.0424078,-0.152353,0.19751,0.345751,-0.0371922,0.0264202,0,0,-3.62807e-07,0.0632006,0.00154868,-0.0377528,-0.013859,-0.033393,0.00215657,0,0,0.0285399,-0.136004,0.0397667,0.570659,-0.0372472,0.406312,-0.00534935,0,0,-4.1492e-08,-0.00254917,0.00146142,0.00426376,0.00152898,0.00410253,0.000824619,0,0,-0.0313207,-0.00855236,-0.0201859,-0.0128016,0.0269394,-0.00548013,0.0663154,0,0,0,0,0,0,0,0,0,1.71634e-10,0,0,0,0,0,0,0,0,0.905991,4.09462e-09,1.20024e-12,0,0,0,1.20024e-12,0,1.20024e-12,0,0,0,0,0,0,0,0,0,4.09372e-09,0.905991,
8.67362e-13,0.00297598,-0.00898295,-0.00047358,0.000100298,0.000242819,-7.66192e-06,0,0,0.511907,-0.0148264,0.0598605,0.00105384,0.00424214,0.00284377,-0.00320207,0,0,0,0.070041,-0.00136933,-0.000738513,0.000419844,0.00103747,-6.45325e-05,0,0,-0.0147552,0.631638,-0.00310743,-0.0814923,0.00434284,-0.0134684,-0.000872397,0,0,-6.93889e-12,-0.00370691,0.0773161,0.00617974,0.000740574,0.00111525,-5.17604e-05,0,0,0.0609175,-0.00293325,0.458314,-0.0139649,-0.0152822,0.00397749,-0.00204789,0,0,1.38778e-11,0.0110996,0.0041733,0.00446425,0.0010662,0.00214055,-0.000129423,0,0,0.00139391,-0.0834879,-0.0137144,0.606977,0.0197219,0.0569058,-0.00124276,0,0,-6.93889e-12,0.00851191,0.0317603,-0.0161702,-0.0119309,-0.0174219,0.000865924,0,0,0.0426762,0.042433,-0.15216,0.197469,0.345817,-0.0371844,0.0264064,0,0,1.38778e-11,0.0631981,0.00156717,-0.0378146,-0.0139139,-0.0332796,0.00215475,0,0,0.0286189,-0.135911,0.0398724,0.57063,-0.0372395,0.406332,-0.005351,0,0,8.67362e-13,-0.00254699,0.00146293,0.00426091,0.00153282,0.00410357,0.000826635,0,0,-0.0313208,-0.00855894,-0.0202089,-0.0127884,0.0269259,-0.00548186,0.0663165,0,0,0,0,-1.20024e-12,0,1.20024e-12,-1.20024e-12,1.20024e-12,0,0,0,0,0,0,0,0,0,0.905991,3.9806e-09,0,0,-1.20024e-12,0,1.20024e-12,-1.20024e-12,1.20024e-12,0,0,0,0,0,0,0,0,0,3.9806e-09,0.905991,
2.1684e-12,0.00297318,-0.00894338,-0.000475532,0.000101293,0.000243652,-7.73863e-06,0,0,0.512092,-0.0148317,0.0595402,0.00105849,0.00426765,0.00285162,-0.00320201,0,0,0,0.0699928,-0.00135829,-0.000815968,0.000415755,0.00103504,-6.4546e-05,0,0,-0.0147604,0.631642,-0.00311876,-0.0814985,0.00434548,-0.0134588,-0.000873082,0,0,-1.04083e-11,-0.00369964,0.0773483,0.00619531,0.000745631,0.00111824,-5.18516e-05,0,0,0.0605986,-0.0029442,0.458403,-0.0139783,-0.0152629,0.00398806,-0.00205018,0,0,1.47451e-11,0.0110007,0.00417999,0.00453735,0.0010766,0.0021361,-0.000129381,0,0,0.00139896,-0.0834966,-0.0137272,0.606978,0.0197178,0.0569026,-0.0012414,0,0,0,0.00847107,0.031813,-0.0161121,-0.0120061,-0.0174599,0.000866583,0,0,0.042932,0.0424583,-0.151966,0.197429,0.345883,-0.0371765,0.0263926,0,0,-4.85723e-11,0.0631947,0.00158564,-0.0378774,-0.0139691,-0.0331658,0.00215365,0,0,0.0286977,-0.135818,0.0399782,0.570601,-0.0372318,0.406352,-0.00535266,0,0,-8.67362e-12,-0.0025449,0.00146445,0.00425791,0.00153661,0.00410461,0.000828735,0,0,-0.0313208,-0.00856553,-0.0202319,-0.0127753,0.0269124,-0.00548359,0.0663176,0,0,0,0,0,0,-1.20024e-12,2.40048e-12,-2.40048e-12,0,0,0,0,0,0,0,0,0,0.905991,3.9695e-09,0,0,0,1.20024e-12,1.20024e-12,-2.40048e-12,2.40048e-12,0,0,0,0,0,0,0,0,0,3.9701e-09,0.905991,
2.1684e-12,0.00297009,-0.00890374,-0.000478085,0.000102597,0.000244485,-7.81534e-06,0,0,0.512277,-0.0148369,0.0592196,0.00106319,0.00429312,0.00285945,-0.00320194,0,0,0,0.0699445,-0.00134723,-0.000893533,0.000411673,0.00103261,-6.45595e-05,0,0,-0.0147656,0.631646,-0.00313011,-0.0815048,0.00434812,-0.0134492,-0.000873768,0,0,0,-0.00369254,0.0773805,0.00621052,0.00075088,0.00112123,-5.19427e-05,0,0,0.0602796,-0.00295517,0.458492,-0.0139916,-0.0152435,0.00399864,-0.00205247,0,0,-2.51535e-11,0.0109018,0.00418668,0.00461069,0.00108694,0.00213163,-0.000129338,0,0,0.00140406,-0.0835053,-0.0137401,0.606979,0.0197137,0.0568993,-0.00124004,0,0,1.38778e-11,0.00842863,0.0318657,-0.016057,-0.0120798,-0.0174979,0.00086724,0,0,0.0431874,0.0424836,-0.151772,0.197388,0.345948,-0.0371686,0.0263788,0,0,4.16334e-11,0.0631915,0.00160411,-0.0379394,-0.0140248,-0.0330518,0.00215255,0,0,0.0287764,-0.135725,0.0400841,0.570572,-0.0372241,0.406371,-0.00535432,0,0,-8.67362e-13,-0.00254276,0.00146598,0.00425499,0.00154036,0.00410564,0.000830836,0,0,-0.0313207,-0.00857212,-0.0202549,-0.0127621,0.0268989,-0.00548533,0.0663188,0,0,0,0,0,0,0,0,0,0,0,0,0,0,0,0,0,0,0.905991,4.05051e-09,0,-1.20024e-12,-1.20024e-12,0,1.20024e-12,1.20024e-12,1.20024e-12,0,0,0,0,0,0,0,0,0,4.04991e-09,0.905991,
-2.95794e-07,0.00296733,-0.00886432,-0.000480059,0.000103618,0.000245318,-7.89205e-06,0,0,0.512462,-0.0148422,0.0588989,0.00106792,0.00431856,0.00286726,-0.00320187,0,0,-9.52016e-09,0.069896,-0.00133614,-0.000971172,0.000407578,0.00103016,-6.45728e-05,0,0,-0.0147708,0.631651,-0.00314148,-0.0815111,0.00435076,-0.0134396,-0.000874453,0,0,-1.85458e-07,-0.00368521,0.0774124,0.0062261,0.000755952,0.00112422,-5.20338e-05,0,0,0.0599604,-0.00296616,0.45858,-0.014005,-0.0152241,0.00400923,-0.00205477,0,0,7.47137e-08,0.0108026,0.00419346,0.00468395,0.00109735,0.00212715,-0.000129296,0,0,0.0014092,-0.083514,-0.0137529,0.606981,0.0197096,0.0568961,-0.00123868,0,0,-1.56095e-06,0.0083877,0.0319166,-0.0159987,-0.012155,-0.0175358,0.000867895,0,0,0.0434424,0.0425088,-0.151578,0.197347,0.346013,-0.0371607,0.026365,0,0,3.66512e-07,0.0631878,0.00162293,-0.038002,-0.0140801,-0.0329376,0.00215144,0,0,0.0288548,-0.135632,0.0401901,0.570543,-0.0372164,0.406391,-0.00535598,0,0,4.19656e-08,-0.00254065,0.00146756,0.00425197,0.00154414,0.00410666,0.000832939,0,0,-0.0313205,-0.0085787,-0.0202779,-0.0127489,0.0268855,-0.00548706,0.0663199,0,0,0,0,0,0,0,0,0,0,0,0,0,0,0,0,0,0,0.905991,4.22575e-09,0,0,0,0,0,0,0,0,0,0,0,0,0,0,0,0,4.22515e-09,0.905991,
-8.67362e-13,0.00296398,-0.00882394,-0.000482341,0.000104651,0.000246448,-8.26512e-06,0,0,0.512647,-0.0148475,0.0585781,0.00107269,0.00434396,0.00287505,-0.00320178,0,0,2.77556e-11,0.0698473,-0.001325,-0.00104891,0.00040348,0.00102771,-6.45956e-05,0,0,-0.014776,0.631655,-0.00315288,-0.0815174,0.0043534,-0.01343,-0.000875139,0,0,5.20417e-12,-0.00367823,0.0774448,0.0062415,0.000761031,0.00112739,-5.2311e-05,0,0,0.059641,-0.00297719,0.458669,-0.0140183,-0.0152047,0.00401983,-0.00205707,0,0,2.34188e-11,0.0107034,0.00420002,0.00475737,0.00110777,0.00212258,-0.000129177,0,0,0.00141437,-0.0835227,-0.0137657,0.606982,0.0197055,0.0568928,-0.00123732,0,0,-2.42861e-11,0.0083436,0.0319722,-0.0159419,-0.0122302,-0.0175722,0.000866982,0,0,0.0436971,0.0425341,-0.151383,0.197306,0.346079,-0.0371529,0.0263512,0,0,6.93889e-12,0.0631847,0.00164065,-0.0380641,-0.0141354,-0.0328234,0.0021507,0,0,0.0289331,-0.135539,0.0402963,0.570514,-0.0372087,0.406411,-0.00535765,0,0,-8.67362e-13,-0.00253845,0.00146902,0.00424898,0.00154792,0.00410764,0.000835086,0,0,-0.0313203,-0.00858529,-0.020301,-0.0127357,0.026872,-0.0054888,0.066321,0,0,0,0,2.40048e-12,-2.40048e-12,0,0,2.40048e-12,0,0,0,0,0,0,0,0,0,0.905991,-4.51621e-09,0,0,2.40048e-12,-2.40048e-12,0,0,2.40048e-12,0,0,0,0,0,0,0,0,0,-4.51531e-09,0.905991,
0,0.00296126,-0.00878438,-0.000484927,0.000106005,0.000247283,-8.63956e-06,0,0,0.512831,-0.0148527,0.058257,0.0010775,0.00436933,0.00288282,-0.00320169,0,0,0,0.0697985,-0.00131386,-0.00112674,0.00039939,0.00102525,-6.46184e-05,0,0,-0.0147811,0.631659,-0.00316431,-0.0815237,0.00435604,-0.0134205,-0.000875824,0,0,3.46945e-12,-0.00367085,0.0774766,0.00625673,0.000766316,0.00113038,-5.25891e-05,0,0,0.0593214,-0.00298823,0.458757,-0.0140316,-0.0151853,0.00403044,-0.00205936,0,0,8.67362e-12,0.010604,0.00420682,0.00483094,0.00111812,0.00211808,-0.000129058,0,0,0.00141959,-0.0835315,-0.0137785,0.606984,0.0197014,0.0568896,-0.00123596,0,0,1.73472e-11,0.00830258,0.0320231,-0.0158865,-0.0123037,-0.0176102,0.000866055,0,0,0.0439515,0.0425594,-0.151189,0.197264,0.346144,-0.037145,0.0263374,0,0,-3.46945e-11,0.0631807,0.00165946,-0.0381257,-0.0141911,-0.0327086,0.00214996,0,0,0.0290112,-0.135446,0.0404025,0.570485,-0.0372009,0.40643,-0.00535931,0,0,-8.67362e-13,-0.00253634,0.00147062,0.00424602,0.00155165,0.00410865,0.000837236,0,0,-0.03132,-0.00859187,-0.0203241,-0.0127225,0.0268586,-0.00549054,0.0663222,0,0,0,0,0,0,0,0,0,0,0,0,0,0,0,0,0,0,0.905991,-4.66534e-09,0,-1.20024e-12,1.20024e-12,0,0,0,0,0,0,0,0,0,0,0,0,0,-4.66504e-09,0.905991,
-2.97474e-07,0.00295829,-0.00874428,-0.000487286,0.000106154,0.000247895,-8.41143e-06,0,0,0.513015,-0.014858,0.0579358,0.00108235,0.00439464,0.00289057,-0.00320159,0,0,-9.65894e-09,0.0697494,-0.00130266,-0.00120477,0.000395227,0.00102244,-6.46121e-05,0,0,-0.0147863,0.631664,-0.00317576,-0.0815301,0.00435869,-0.0134109,-0.000876509,0,0,-1.8721e-07,-0.00366361,0.0775083,0.00627216,0.000770703,0.00113326,-5.25033e-05,0,0,0.0590017,-0.00299931,0.458845,-0.0140448,-0.0151658,0.00404106,-0.00206167,0,0,7.55524e-08,0.0105045,0.00421363,0.00490448,0.00112864,0.00211371,-0.000129096,0,0,0.00142484,-0.0835403,-0.0137913,0.606985,0.0196972,0.0568863,-0.00123459,0,0,-1.57489e-06,0.00825993,0.0320737,-0.0158294,-0.0123806,-0.0176494,0.000868444,0,0,0.0442055,0.0425846,-0.150993,0.197223,0.34621,-0.0371371,0.0263236,0,0,3.69184e-07,0.063177,0.00167825,-0.0381876,-0.014246,-0.0325937,0.0021483,0,0,0.0290891,-0.135353,0.0405089,0.570456,-0.0371932,0.40645,-0.00536097,0,0,4.2322e-08,-0.00253417,0.00147225,0.004243,0.0015554,0.00410963,0.000839258,0,0,-0.0313197,-0.00859846,-0.0203472,-0.0127094,0.0268451,-0.00549227,0.0663233,0,0,-1.20024e-12,0,-1.20024e-12,-1.20024e-12,-1.20024e-12,-1.20024e-12,-1.20024e-12,0,0,0,0,0,0,0,0,0,0.905991,-4.65514e-09,0,0,0,0,0,0,0,1.20024e-12,0,0,0,0,0,0,0,0,-4.65544e-09,0.905991,
-2.98021e-07,0.00295504,-0.00870334,-0.000489306,0.000106997,0.000248795,-8.48076e-06,0,0,0.513199,-0.0148632,0.0576144,0.00108723,0.00441992,0.00289831,-0.00320149,0,0,-9.6867e-09,0.0697002,-0.00129138,-0.00128316,0.00039107,0.00101965,-6.46155e-05,0,0,-0.0147915,0.631668,-0.00318724,-0.0815364,0.00436133,-0.0134013,-0.000877195,0,0,-1.87815e-07,-0.00365654,0.0775403,0.00628785,0.000775538,0.00113631,-5.26034e-05,0,0,0.0586818,-0.00301041,0.458933,-0.0140581,-0.0151463,0.00405169,-0.00206397,0,0,7.58161e-08,0.0104049,0.00422029,0.00497804,0.00113902,0.00210923,-0.000129057,0,0,0.00143013,-0.0835491,-0.0138041,0.606986,0.0196931,0.056883,-0.00123323,0,0,-1.57948e-06,0.00821566,0.0321274,-0.0157706,-0.0124542,-0.0176871,0.000869246,0,0,0.0444593,0.0426099,-0.150798,0.197182,0.346275,-0.0371292,0.0263098,0,0,3.70155e-07,0.0631735,0.00169628,-0.03825,-0.0143018,-0.0324786,0.00214701,0,0,0.0291668,-0.13526,0.0406153,0.570427,-0.0371854,0.40647,-0.00536264,0,0,4.24617e-08,-0.00253195,0.00147383,0.00423992,0.00155904,0.00411055,0.000841324,0,0,-0.0313192,-0.00860505,-0.0203703,-0.0126962,0.0268317,-0.005494,0.0663244,0,0,0,-2.40048e-12,0,2.40048e-12,-1.20024e-12,1.20024e-12,-1.20024e-12,0,0,0,0,0,0,0,0,0,0.905991,-4.50541e-09,0,1.20024e-12,0,-1.20024e-12,1.20024e-12,-1.20024e-12,1.20024e-12,0,0,0,0,0,0,0,0,0,-4.50541e-09,0.905991,
-2.98578e-07,0.00295209,-0.00866262,-0.000491586,0.000107433,0.000249961,-8.85043e-06,0,0,0.513383,-0.0148684,0.0572928,0.00109215,0.00444517,0.00290602,-0.00320138,0,0,-9.74221e-09,0.0696509,-0.00128006,-0.00136185,0.000386893,0.00101692,-6.46307e-05,0,0,-0.0147966,0.631672,-0.00319875,-0.0815428,0.00436397,-0.0133917,-0.00087788,0,0,-1.88388e-07,-0.00364925,0.0775721,0.00630337,0.000780147,0.00113951,-5.28895e-05,0,0,0.0583617,-0.00302154,0.459021,-0.0140713,-0.0151268,0.00406233,-0.00206627,0,0,7.61075e-08,0.0103051,0.00422704,0.00505178,0.00114956,0.00210464,-0.00012894,0,0,0.00143545,-0.0835579,-0.0138168,0.606988,0.0196889,0.0568797,-0.00123187,0,0,-1.5841e-06,0.00817292,0.0321794,-0.0157133,-0.0125309,-0.0177233,0.000868423,0,0,0.0447128,0.0426352,-0.150602,0.19714,0.346341,-0.0371212,0.026296,0,0,3.71078e-07,0.0631695,0.00171466,-0.0383121,-0.0143568,-0.0323633,0.00214612,0,0,0.0292443,-0.135167,0.0407219,0.570398,-0.0371777,0.40649,-0.00536431,0,0,4.25692e-08,-0.00252978,0.00147547,0.00423688,0.00156274,0.00411145,0.000843444,0,0,-0.0313187,-0.00861165,-0.0203934,-0.012683,0.0268183,-0.00549574,0.0663256,0,0,1.20024e-12,0,0,-1.20024e-12,0,0,0,0,0,0,0,0,0,0,0,0,0.905991,4.25485e-09,0,0,1.20024e-12,0,0,0,0,0,0,0,0,0,0,0,0,0,4.25515e-09,0.905991,
-2.99128e-07,0.00294943,-0.00862186,-0.000493556,0.00010832,0.000250503,-8.92365e-06,0,0,0.513566,-0.0148737,0.0569711,0.00109711,0.00447038,0.00291372,-0.00320126,0,0,-9.79772e-09,0.0696013,-0.0012687,-0.00144069,0.00038273,0.00101423,-6.46382e-05,0,0,-0.0148018,0.631677,-0.00321028,-0.0815493,0.00436661,-0.0133822,-0.000878565,0,0,-1.88996e-07,-0.00364174,0.0776038,0.00631906,0.000785066,0.0011423,-5.29858e-05,0,0,0.0580415,-0.00303269,0.459108,-0.0140846,-0.0151072,0.00407298,-0.00206858,0,0,7.63565e-08,0.0102051,0.0042338,0.00512555,0.00116002,0.00210017,-0.000128898,0,0,0.00144081,-0.0835667,-0.0138295,0.606989,0.0196848,0.0568764,-0.00123051,0,0,-1.58868e-06,0.00813171,0.0322314,-0.0156542,-0.0126059,-0.0177627,0.000869142,0,0,0.0449661,0.0426606,-0.150406,0.197099,0.346406,-0.0371133,0.0262822,0,0,3.72043e-07,0.063165,0.00173302,-0.0383745,-0.0144122,-0.0322468,0.0021449,0,0,0.0293217,-0.135074,0.0408286,0.570368,-0.0371699,0.406509,-0.00536599,0,0,4.26915e-08,-0.00252764,0.00147713,0.00423378,0.00156639,0.00411244,0.000845531,0,0,-0.0313182,-0.00861824,-0.0204166,-0.0126698,0.0268048,-0.00549747,0.0663267,0,0,0,0,-1.20024e-12,-1.20024e-12,-1.20024e-12,0,-1.20024e-12,0,0,0,0,0,0,0,0,0,0.905991,4.15403e-09,0,0,0,0,0,0,0,0,0,0,0,0,0,0,0,0,4.15343e-09,0.905991,
-8.67362e-13,0.00294588,-0.0085814,-0.000496131,0.000109314,0.00025133,-8.69842e-06,0,0,0.51375,-0.0148789,0.0566492,0.00110211,0.00449557,0.0029214,-0.00320114,0,0,0,0.0695516,-0.00125733,-0.00151964,0.000378571,0.00101159,-6.46372e-05,0,0,-0.014807,0.631682,-0.00322185,-0.0815557,0.00436925,-0.0133726,-0.00087925,0,0,0,-0.00363477,0.0776353,0.00633435,0.000790073,0.00114527,-5.2891e-05,0,0,0.057721,-0.00304387,0.459196,-0.0140978,-0.0150876,0.00408365,-0.00207089,0,0,3.46945e-11,0.0101052,0.00424063,0.00519958,0.00117049,0.0020956,-0.000128931,0,0,0.00144621,-0.0835756,-0.0138422,0.60699,0.0196806,0.0568731,-0.00122915,0,0,-6.93889e-12,0.00808569,0.0322816,-0.0155982,-0.0126809,-0.0178006,0.000871427,0,0,0.0452191,0.0426859,-0.150209,0.197057,0.346471,-0.0371054,0.0262685,0,0,-4.16334e-11,0.0631615,0.00175175,-0.0384361,-0.0144675,-0.0321305,0.00214332,0,0,0.0293988,-0.134981,0.0409354,0.570339,-0.0371622,0.406529,-0.00536766,0,0,-1.73472e-12,-0.00252537,0.00147883,0.00423075,0.00157005,0.0041134,0.000847582,0,0,-0.0313176,-0.00862484,-0.0204398,-0.0126566,0.0267914,-0.00549921,0.0663278,0,0,0,0,0,0,0,0,0,0,0,0,0,0,0,0,0,0,0.905991,4.16604e-09,0,1.20024e-12,-1.20024e-12,-1.20024e-12,0,0,-1.20024e-12,0,0,0,0,0,0,0,0,0,4.16634e-09,0.905991,
-3.00232e-07,0.00294295,-0.00854034,-0.000498723,0.000110682,0.000252151,-8.7733e-06,0,0,0.513933,-0.0148841,0.0563271,0.00110715,0.00452072,0.00292906,-0.00320101,0,0,-9.90874e-09,0.0695017,-0.00124592,-0.00159863,0.000374427,0.00100898,-6.46471e-05,0,0,-0.0148121,0.631686,-0.00323343,-0.0815622,0.0043719,-0.013363,-0.000879935,0,0,-1.90188e-07,-0.0036274,0.0776671,0.00634961,0.000795334,0.00114823,-5.29842e-05,0,0,0.0574004,-0.00305508,0.459283,-0.014111,-0.015068,0.00409432,-0.00207321,0,0,7.68899e-08,0.0100051,0.00424732,0.00527369,0.00118089,0.00209101,-0.000128886,0,0,0.00145165,-0.0835844,-0.0138549,0.606992,0.0196764,0.0568698,-0.00122779,0,0,-1.59799e-06,0.00804279,0.032335,-0.0155422,-0.0127543,-0.0178384,0.000872101,0,0,0.0454718,0.0427112,-0.150012,0.197016,0.346537,-0.0370974,0.0262547,0,0,3.73916e-07,0.0631571,0.00176973,-0.0384976,-0.0145233,-0.0320138,0.00214214,0,0,0.0294758,-0.134888,0.0410423,0.570309,-0.0371544,0.406549,-0.00536934,0,0,4.29249e-08,-0.00252318,0.00148046,0.00422771,0.00157367,0.00411436,0.000849682,0,0,-0.0313169,-0.00863144,-0.020463,-0.0126434,0.0267779,-0.00550094,0.066329,0,0,1.20024e-12,0,0,0,0,0,0,0,0,0,0,0,0,0,0,0,0.905991,4.28276e-09,0,0,1.20024e-12,-1.20024e-12,1.20024e-12,0,0,0,0,0,0,0,0,0,0,0,4.28336e-09,0.905991,
-3.00785e-07,0.00294003,-0.00849988,-0.000500735,0.000111501,0.000253273,-8.84897e-06,0,0,0.514115,-0.0148894,0.0560048,0.00111222,0.00454586,0.00293669,-0.00320087,0,0,-9.9365e-09,0.0694517,-0.0012345,-0.00167763,0.000370268,0.00100639,-6.46576e-05,0,0,-0.0148173,0.631691,-0.00324505,-0.0815687,0.00437454,-0.0133534,-0.00088062,0,0,-1.90769e-07,-0.00361999,0.0776985,0.00636524,0.000800262,0.00115138,-5.30767e-05,0,0,0.0570796,-0.00306632,0.45937,-0.0141242,-0.0150483,0.00410501,-0.00207552,0,0,7.71935e-08,0.00990472,0.00425417,0.00534774,0.00119144,0.00208632,-0.000128841,0,0,0.00145712,-0.0835933,-0.0138676,0.606993,0.0196722,0.0568664,-0.00122643,0,0,-1.60265e-06,0.00799985,0.0323851,-0.0154829,-0.012831,-0.0178747,0.000872758,0,0,0.0457243,0.0427366,-0.149814,0.196974,0.346602,-0.0370894,0.0262409,0,0,3.74825e-07,0.0631526,0.00178845,-0.0385597,-0.0145783,-0.0318973,0.00214096,0,0,0.0295525,-0.134794,0.0411493,0.570279,-0.0371466,0.406569,-0.00537102,0,0,4.30541e-08,-0.00252098,0.00148217,0.00422458,0.00157739,0.00411528,0.000851786,0,0,-0.0313162,-0.00863804,-0.0204862,-0.0126301,0.0267645,-0.00550268,0.0663301,0,0,1.20024e-12,-2.40048e-12,0,-2.40048e-12,0,2.40048e-12,2.40048e-12,-1.72835e-10,0,0,0,0,0,0,0,0,0.905991,-4.51441e-09,0,0,0,0,0,0,0,0,0,0,0,0,0,0,0,0,-4.51441e-09,0.905991,
-2.60209e-12,0.00293774,-0.00845881,-0.000503068,0.000112356,0.000253797,-9.2266e-06,0,0,0.514298,-0.0148946,0.0556824,0.00111733,0.00457096,0.00294431,-0.00320073,0,0,-2.77556e-11,0.0694014,-0.00122305,-0.00175664,0.000366112,0.0010038,-6.46786e-05,0,0,-0.0148224,0.631696,-0.00325669,-0.0815752,0.00437719,-0.0133438,-0.000881306,0,0,1.38778e-11,-0.00361218,0.0777302,0.00638067,0.000805223,0.00115416,-5.336e-05,0,0,0.0567586,-0.00307759,0.459457,-0.0141373,-0.0150286,0.0041157,-0.00207784,0,0,8.67362e-12,0.0098041,0.00426087,0.00542194,0.00120199,0.00208178,-0.000128717,0,0,0.00146262,-0.0836022,-0.0138803,0.606995,0.019668,0.0568631,-0.00122506,0,0,-3.46945e-12,0.00796007,0.0324384,-0.015425,-0.0129076,-0.0179142,0.000871795,0,0,0.0459765,0.042762,-0.149617,0.196932,0.346668,-0.0370815,0.0262271,0,0,-5.55112e-11,0.0631472,0.00180641,-0.0386213,-0.0146333,-0.0317799,0.00214017,0,0,0.0296291,-0.134701,0.0412564,0.570249,-0.0371388,0.406588,-0.0053727,0,0,0,-0.00251886,0.00148379,0.00422147,0.00158111,0.00411628,0.000853937,0,0,-0.0313154,-0.00864464,-0.0205095,-0.0126169,0.026751,-0.00550442,0.0663312,0,0,0,-1.20024e-12,1.20024e-12,0,1.20024e-12,-1.20024e-12,1.20024e-12,0,0,0,0,0,0,0,0,0,0.905991,-4.60052e-09,0,0,0,0,0,0,0,0,0,0,0,0,0,0,0,0,-4.60142e-09,0.905991,
4.33681e-13,0.00293457,-0.00841803,-0.000505422,0.00011354,0.000254627,-9.00206e-06,0,0,0.51448,-0.0148998,0.0553598,0.00112248,0.00459604,0.00295192,-0.00320058,0,0,-2.77556e-11,0.069351,-0.00121158,-0.00183567,0.00036197,0.00100122,-6.468e-05,0,0,-0.0148276,0.6317,-0.00326837,-0.0815817,0.00437984,-0.0133342,-0.000881991,0,0,-3.46945e-12,-0.00360491,0.0777617,0.00639609,0.000810404,0.00115713,-5.32602e-05,0,0,0.0564375,-0.00308888,0.459544,-0.0141505,-0.0150089,0.00412641,-0.00208015,0,0,-1.38778e-11,0.00970358,0.00426765,0.00549621,0.00121247,0.00207714,-0.000128748,0,0,0.00146817,-0.0836112,-0.0138929,0.606996,0.0196638,0.0568597,-0.0012237,0,0,0,0.00791542,0.03249,-0.0153671,-0.0129827,-0.017952,0.000874035,0,0,0.0462285,0.0427873,-0.149418,0.19689,0.346733,-0.0370735,0.0262133,0,0,-1.38778e-11,0.0631428,0.00182475,-0.0386828,-0.0146887,-0.0316626,0.00213863,0,0,0.0297055,-0.134608,0.0413637,0.57022,-0.037131,0.406608,-0.00537439,0,0,1.73472e-12,-0.00251661,0.00148546,0.00421834,0.0015848,0.00411723,0.000856005,0,0,-0.0313145,-0.00865124,-0.0205327,-0.0126037,0.0267376,-0.00550617,0.0663324,0,0,0,0,0,0,0,0,2.40048e-12,0,0,0,0,0,0,0,0,0,0.905991,-4.53901e-09,0,0,0,0,0,0,0,-1.20024e-12,0,0,0,0,0,0,0,0,-4.53841e-09,0.905991,
-8.67362e-13,0.00293142,-0.00837693,-0.000508098,0.000115049,0.000255763,-9.38169e-06,0,0,0.514662,-0.014905,0.055037,0.00112766,0.00462109,0.0029595,-0.00320043,0,0,0,0.0693004,-0.00120009,-0.00191473,0.00035784,0.000998663,-6.47016e-05,0,0,-0.0148327,0.631705,-0.00328007,-0.0815883,0.00438248,-0.0133246,-0.000882676,0,0,-1.73472e-12,-0.00359761,0.0777933,0.00641132,0.000815799,0.00116029,-5.35441e-05,0,0,0.0561162,-0.0031002,0.45963,-0.0141636,-0.0149891,0.00413713,-0.00208248,0,0,-1.73472e-11,0.00960292,0.00427436,0.00557063,0.00122288,0.00207242,-0.000128623,0,0,0.00147374,-0.0836201,-0.0139056,0.606997,0.0196596,0.0568564,-0.00122233,0,0,1.38778e-11,0.00787071,0.0325431,-0.0153108,-0.0130562,-0.0179882,0.000873044,0,0,0.0464802,0.0428127,-0.14922,0.196847,0.346799,-0.0370655,0.0261996,0,0,6.93889e-12,0.0631384,0.0018427,-0.0387438,-0.0147446,-0.0315455,0.00213784,0,0,0.0297817,-0.134514,0.041471,0.57019,-0.0371231,0.406628,-0.00537607,0,0,8.67362e-13,-0.00251435,0.00148708,0.00421525,0.00158845,0.00411813,0.000858161,0,0,-0.0313136,-0.00865784,-0.020556,-0.0125904,0.0267241,-0.00550791,0.0663335,0,0,0,-1.20024e-12,0,1.20024e-12,0,0,-1.20024e-12,0,0,0,0,0,0,0,0,0,0.905991,-4.35537e-09,0,0,0,1.20024e-12,0,1.20024e-12,0,0,0,0,0,0,0,0,0,0,-4.35507e-09,0.905991,
-2.60209e-12,0.0029286,-0.0083364,-0.000510188,0.000116274,0.000256601,-9.15677e-06,0,0,0.514843,-0.0149103,0.0547141,0.00113288,0.00464611,0.00296706,-0.00320027,0,0,0,0.0692497,-0.0011886,-0.00199379,0.000353701,0.000996093,-6.47032e-05,0,0,-0.0148379,0.63171,-0.00329179,-0.0815949,0.00438513,-0.013315,-0.000883362,0,0,1.56125e-11,-0.00359009,0.0778245,0.00642694,0.00082102,0.00116327,-5.34427e-05,0,0,0.0557947,-0.00311155,0.459717,-0.0141767,-0.0149692,0.00414786,-0.0020848,0,0,-1.38778e-11,0.00950205,0.00428124,0.00564496,0.00123337,0.00206776,-0.000128653,0,0,0.00147936,-0.0836291,-0.0139182,0.606999,0.0196554,0.056853,-0.00122097,0,0,3.46945e-12,0.00782756,0.032593,-0.0152511,-0.0131314,-0.018026,0.000875278,0,0,0.0467316,0.0428381,-0.14902,0.196805,0.346864,-0.0370575,0.0261858,0,0,9.02056e-11,0.0631334,0.00186141,-0.0388055,-0.0148,-0.0314279,0.0021363,0,0,0.0298578,-0.134421,0.0415785,0.570159,-0.0371153,0.406648,-0.00537776,0,0,9.54098e-12,-0.00251212,0.00148879,0.00421205,0.00159214,0.00411906,0.000860233,0,0,-0.0313126,-0.00866445,-0.0205793,-0.0125772,0.0267107,-0.00550966,0.0663346,0,0,0,0,1.20024e-12,0,0,0,0,0,0,0,0,0,0,0,0,0,0.905991,4.09162e-09,0,-1.20024e-12,0,0,0,0,0,0,0,0,0,0,0,0,0,0,4.09162e-09,0.905991,
8.67362e-13,0.00292581,-0.00829523,-0.000512903,0.000117516,0.00025714,-9.23454e-06,0,0,0.515025,-0.0149155,0.054391,0.00113814,0.00467111,0.00297461,-0.0032001,0,0,2.77556e-11,0.0691987,-0.00117706,-0.0020729,0.000349564,0.000993512,-6.4715e-05,0,0,-0.014843,0.631715,-0.00330355,-0.0816015,0.00438778,-0.0133054,-0.000884047,0,0,0,-0.00358254,0.0778559,0.00644217,0.000826258,0.00116606,-5.35336e-05,0,0,0.055473,-0.00312292,0.459803,-0.0141898,-0.0149493,0.0041586,-0.00208712,0,0,-1.04083e-11,0.00940104,0.00428796,0.00571952,0.00124387,0.00206317,-0.000128605,0,0,0.00148501,-0.0836381,-0.0139308,0.607,0.0196511,0.0568496,-0.00121961,0,0,-2.42861e-11,0.00778436,0.0326461,-0.0151945,-0.0132065,-0.0180654,0.00087589,0,0,0.0469827,0.0428636,-0.148821,0.196763,0.34693,-0.0370495,0.026172,0,0,-1.38778e-11,0.0631282,0.00187935,-0.0388662,-0.0148555,-0.0313097,0.00213513,0,0,0.0299336,-0.134327,0.041686,0.570129,-0.0371075,0.406668,-0.00537945,0,0,-1.73472e-12,-0.00250989,0.00149042,0.00420893,0.00159584,0.00412003,0.00086235,0,0,-0.0313116,-0.00867105,-0.0206026,-0.012564,0.0266972,-0.00551141,0.0663358,0,0,0,-1.20024e-12,1.20024e-12,0,1.20024e-12,0,1.20024e-12,0,0,0,0,0,0,0,0,0,0.905991,3.9707e-09,0,0,0,0,0,0,1.20024e-12,0,0,0,0,0,0,0,0,0,3.9698e-09,0.905991,
3.04082e-07,0.00292334,-0.00825462,-0.000514723,0.000118771,0.000257986,-9.61662e-06,0,0,0.515206,-0.0149207,0.0540677,0.00114344,0.00469608,0.00298213,-0.00319993,0,0,1.02141e-08,0.0691476,-0.00116552,-0.00215201,0.000345427,0.000990938,-6.4737e-05,0,0,-0.0148481,0.63172,-0.00331533,-0.0816081,0.00439043,-0.0132957,-0.000884733,0,0,1.94397e-07,-0.00357476,0.077887,0.00645798,0.00083151,0.00116904,-5.38188e-05,0,0,0.0551512,-0.00313432,0.459889,-0.0142029,-0.0149294,0.00416935,-0.00208945,0,0,-7.88588e-08,0.00929982,0.00429485,0.00579391,0.00125437,0.00205849,-0.000128477,0,0,0.0014907,-0.0836471,-0.0139434,0.607002,0.0196469,0.0568463,-0.00121824,0,0,1.63076e-06,0.00774274,0.0326958,-0.015133,-0.0132817,-0.0181032,0.000874866,0,0,0.0472336,0.042889,-0.148621,0.19672,0.346996,-0.0370415,0.0261582,0,0,-3.80425e-07,0.0631226,0.00189804,-0.038928,-0.0149111,-0.0311917,0.00213435,0,0,0.0300092,-0.134234,0.0417937,0.570099,-0.0370996,0.406688,-0.00538115,0,0,-4.37757e-08,-0.0025077,0.00149213,0.00420566,0.00159954,0.00412096,0.000864513,0,0,-0.0313105,-0.00867765,-0.020626,-0.0125507,0.0266837,-0.00551316,0.0663369,0,0,-1.20024e-12,1.20024e-12,0,-1.20024e-12,0,-1.20024e-12,1.20024e-12,0,0,0,0,0,0,0,0,0,0.905991,3.95119e-09,1.20024e-12,0,0,0,0,1.20024e-12,-1.20024e-12,0,0,0,0,0,0,0,0,0,3.95179e-09,0.905991,
0,0.00292029,-0.00821365,-0.000517471,0.000119736,0.000258834,-9.08604e-06,0,0,0.515387,-0.0149259,0.0537442,0.00114877,0.00472102,0.00298964,-0.00319975,0,0,0,0.0690963,-0.00115395,-0.00223121,0.000341279,0.00098836,-6.47283e-05,0,0,-0.0148533,0.631725,-0.00332714,-0.0816148,0.00439308,-0.0132861,-0.000885418,0,0,6.93889e-12,-0.00356734,0.0779181,0.00647322,0.000836579,0.00117203,-5.35202e-05,0,0,0.0548292,-0.00314575,0.459975,-0.014216,-0.0149095,0.00418012,-0.00209178,0,0,0,0.00919862,0.00430166,0.00586861,0.00126496,0.0020538,-0.000128586,0,0,0.00149642,-0.0836561,-0.0139559,0.607003,0.0196426,0.0568429,-0.00121687,0,0,-1.04083e-11,0.00769781,0.0327471,-0.0150762,-0.0133586,-0.018141,0.000878734,0,0,0.0474842,0.0429144,-0.148421,0.196678,0.347061,-0.0370334,0.0261444,0,0,-4.16334e-11,0.0631176,0.00191635,-0.0389886,-0.0149662,-0.0310735,0.00213241,0,0,0.0300847,-0.13414,0.0419015,0.570069,-0.0370918,0.406708,-0.00538284,0,0,-2.60209e-12,-0.00250542,0.00149381,0.0042025,0.00160328,0.00412187,0.000866547,0,0,-0.0313093,-0.00868426,-0.0206494,-0.0125374,0.0266703,-0.00551491,0.066338,0,0,0,1.20024e-12,-1.20024e-12,1.20024e-12,-1.20024e-12,1.20024e-12,-1.20024e-12,0,0,0,0,0,0,0,0,0,0.905991,4.02411e-09,0,0,0,1.20024e-12,-1.20024e-12,1.20024e-12,0,0,0,0,0,0,0,0,0,0,4.02471e-09,0.905991,
-2.1684e-12,0.00291817,-0.00817264,-0.00051993,0.000121627,0.000259685,-9.7741e-06,0,0,0.515567,-0.0149311,0.0534206,0.00115414,0.00474594,0.00299713,-0.00319956,0,0,-2.77556e-11,0.0690449,-0.00114235,-0.00231044,0.000337163,0.000985776,-6.47607e-05,0,0,-0.0148584,0.631731,-0.00333898,-0.0816215,0.00439574,-0.0132765,-0.000886104,0,0,1.21431e-11,-0.00355931,0.0779492,0.00648865,0.000842245,0.00117502,-5.40014e-05,0,0,0.054507,-0.0031572,0.460061,-0.014229,-0.0148895,0.00419089,-0.00209411,0,0,3.46945e-12,0.00909706,0.00430848,0.00594329,0.00127531,0.00204909,-0.000128378,0,0,0.00150219,-0.0836651,-0.0139685,0.607004,0.0196383,0.0568395,-0.00121551,0,0,2.08167e-11,0.00765774,0.0327983,-0.0150178,-0.0134305,-0.0181787,0.000876057,0,0,0.0477345,0.0429399,-0.14822,0.196635,0.347127,-0.0370254,0.0261306,0,0,-6.93889e-12,0.0631113,0.00193465,-0.0390494,-0.0150225,-0.0309551,0.00213201,0,0,0.0301599,-0.134046,0.0420093,0.570038,-0.0370839,0.406728,-0.00538454,0,0,-5.20417e-12,-0.00250326,0.00149548,0.00419929,0.00160689,0.00412278,0.000868757,0,0,-0.0313081,-0.00869086,-0.0206727,-0.0125242,0.0266568,-0.00551667,0.0663392,0,0,0,0,0,1.20024e-12,-1.20024e-12,0,1.20024e-12,0,0,0,0,0,0,0,0,0,0.905991,4.18854e-09,0,0,-1.20024e-12,0,0,0,0,0,0,0,0,0,0,0,0,0,4.18914e-09,0.905991,
-8.67362e-13,0.00291517,-0.00813157,-0.000522098,0.000122615,0.000260842,-9.85297e-06,0,0,0.515747,-0.0149363,0.0530968,0.00115955,0.00477082,0.00300459,-0.00319937,0,0,2.77556e-11,0.0689933,-0.00113073,-0.00238971,0.000333014,0.000983197,-6.47725e-05,0,0,-0.0148635,0.631736,-0.00335084,-0.0816282,0.00439839,-0.0132668,-0.000886789,0,0,2.25514e-11,-0.00355183,0.0779803,0.00650428,0.000847335,0.0011782,-5.40926e-05,0,0,0.0541847,-0.00316868,0.460146,-0.0142421,-0.0148695,0.00420168,-0.00209644,0,0,-3.46945e-12,0.00899559,0.00431531,0.00601797,0.0012859,0.0020443,-0.000128328,0,0,0.00150799,-0.0836742,-0.013981,0.607006,0.019634,0.0568361,-0.00121414,0,0,-1.73472e-11,0.00761271,0.0328495,-0.0149576,-0.0135074,-0.0182149,0.000876648,0,0,0.0479845,0.0429653,-0.148019,0.196592,0.347193,-0.0370173,0.0261168,0,0,-6.93889e-11,0.063106,0.00195294,-0.0391105,-0.0150777,-0.0308368,0.00213083,0,0,0.030235,-0.133952,0.0421173,0.570008,-0.037076,0.406748,-0.00538624,0,0,8.67362e-13,-0.00250096,0.00149717,0.00419602,0.00161063,0.00412364,0.000870881,0,0,-0.0313068,-0.00869747,-0.0206961,-0.0125109,0.0266433,-0.00551842,0.0663403,0,0,0,-3.60072e-12,3.60072e-12,0,-2.40048e-12,0,-2.40048e-12,0,0,0,0,0,0,0,0,0,0.905991,-4.4652e-09,0,1.20024e-12,-1.20024e-12,1.20024e-12,-1.20024e-12,1.20024e-12,-2.40048e-12,0,0,0,0,0,0,0,0,0,-4.4652e-09,0.905991,
-3.06274e-07,0.00291249,-0.00809013,-0.000525198,0.000123614,0.000261389,-9.62562e-06,0,0,0.515927,-0.0149415,0.0527729,0.001165,0.00479568,0.00301204,-0.00319917,0,0,-1.04083e-08,0.0689415,-0.00111907,-0.00246908,0.000328865,0.000980591,-6.47737e-05,0,0,-0.0148687,0.631741,-0.00336273,-0.0816349,0.00440105,-0.0132572,-0.000887475,0,0,-1.96803e-07,-0.00354412,0.0780114,0.00651932,0.000852434,0.00118099,-5.39869e-05,0,0,0.0538622,-0.00318019,0.460232,-0.0142551,-0.0148494,0.00421247,-0.00209877,0,0,8.00124e-08,0.00889391,0.00432207,0.00609296,0.00129651,0.00203966,-0.000128357,0,0,0.00151382,-0.0836833,-0.0139935,0.607007,0.0196297,0.0568326,-0.00121277,0,0,-1.64962e-06,0.00756926,0.0329022,-0.0149022,-0.0135843,-0.0182542,0.000878886,0,0,0.0482342,0.0429908,-0.147818,0.19655,0.347258,-0.0370093,0.026103,0,0,3.84089e-07,0.0631003,0.00197084,-0.0391703,-0.0151329,-0.0307176,0.00212927,0,0,0.0303098,-0.133859,0.0422254,0.569977,-0.0370682,0.406768,-0.00538794,0,0,4.42649e-08,-0.0024987,0.00149881,0.00419287,0.00161437,0.00412458,0.000872963,0,0,-0.0313054,-0.00870407,-0.0207196,-0.0124976,0.0266298,-0.00552018,0.0663414,0,0,0,1.20024e-12,2.40048e-12,0,0,0,0,0,0,0,0,0,0,0,0,0,0.905991,-4.60232e-09,0,1.20024e-12,1.20024e-12,0,0,0,0,-1.15223e-10,0,0,0,0,0,0,0,0,-4.60292e-09,0.905991,
-3.06818e-07,0.00290983,-0.00804894,-0.000527393,0.000125543,0.000261935,-9.3972e-06,0,0,0.516107,-0.0149467,0.0524488,0.00117049,0.00482051,0.00301947,-0.00319896,0,0,-1.04639e-08,0.0688895,-0.00110739,-0.00254848,0.000324746,0.000977977,-6.47749e-05,0,0,-0.0148738,0.631747,-0.00337466,-0.0816416,0.0044037,-0.0132475,-0.00088816,0,0,-1.97432e-07,-0.00353639,0.0780423,0.00653495,0.000858132,0.00118378,-5.38799e-05,0,0,0.0535395,-0.00319173,0.460317,-0.0142681,-0.0148293,0.00422327,-0.00210111,0,0,8.02865e-08,0.0087921,0.00432891,0.00616777,0.00130687,0.002035,-0.000128387,0,0,0.0015197,-0.0836924,-0.014006,0.607009,0.0196254,0.0568292,-0.00121141,0,0,-1.65437e-06,0.00752577,0.0329532,-0.0148418,-0.0136562,-0.0182936,0.000881131,0,0,0.0484837,0.0430163,-0.147616,0.196507,0.347324,-0.0370012,0.0260892,0,0,3.85067e-07,0.0630944,0.00198911,-0.0392312,-0.0151893,-0.0305982,0.0021277,0,0,0.0303845,-0.133765,0.0423336,0.569946,-0.0370603,0.406788,-0.00538964,0,0,4.43898e-08,-0.00249644,0.0015005,0.00418957,0.00161797,0.00412552,0.000875046,0,0,-0.031304,-0.00871068,-0.020743,-0.0124844,0.0266164,-0.00552195,0.0663426,0,0,0,0,0,0,0,0,-2.40048e-12,0,0,0,0,0,0,0,0,0,0.905991,-4.58912e-09,0,1.20024e-12,1.20024e-12,1.20024e-12,0,0,2.40048e-12,0,0,0,0,0,0,0,0,0,-4.58852e-09,0.905991,
1.30104e-12,0.0029075,-0.00800768,-0.000530215,0.000126564,0.000263095,-9.47508e-06,0,0,0.516287,-0.0149519,0.0521245,0.00117601,0.00484531,0.00302688,-0.00319875,0,0,0,0.0688373,-0.00109569,-0.00262796,0.000320594,0.000975375,-6.47863e-05,0,0,-0.0148789,0.631752,-0.0033866,-0.0816484,0.00440636,-0.0132378,-0.000888846,0,0,-1.04083e-11,-0.00352842,0.0780732,0.00655019,0.000863248,0.00118697,-5.39697e-05,0,0,0.0532167,-0.00320329,0.460402,-0.0142811,-0.0148091,0.00423409,-0.00210345,0,0,-5.20417e-12,0.00869007,0.00433576,0.00624282,0.00131748,0.00203018,-0.000128336,0,0,0.00152561,-0.0837016,-0.0140184,0.60701,0.0196211,0.0568258,-0.00121004,0,0,4.16334e-11,0.00748389,0.0330042,-0.0147846,-0.0137331,-0.0183297,0.000881723,0,0,0.0487328,0.0430417,-0.147414,0.196464,0.34739,-0.0369931,0.0260753,0,0,4.16334e-11,0.0630879,0.00200737,-0.0392912,-0.0152445,-0.0304793,0.00212652,0,0,0.0304589,-0.133671,0.0424419,0.569916,-0.0370524,0.406808,-0.00539135,0,0,8.67362e-13,-0.00249421,0.0015022,0.00418635,0.0016217,0.00412636,0.000877174,0,0,-0.0313025,-0.00871728,-0.0207665,-0.0124711,0.0266029,-0.00552371,0.0663437,0,0,0,-2.40048e-12,0,0,-1.20024e-12,0,0,0,0,0,0,0,0,0,0,0,0.905991,-4.43969e-09,0,0,0,0,1.20024e-12,0,0,0,0,0,0,0,0,0,0,0,-4.43999e-09,0.905991,
8.67362e-13,0.00290458,-0.00796666,-0.000532435,0.000127901,0.000263949,-9.86086e-06,0,0,0.516466,-0.0149571,0.0518001,0.00118157,0.00487008,0.00303426,-0.00319854,0,0,0,0.068785,-0.00108397,-0.0027075,0.000316451,0.000972755,-6.48082e-05,0,0,-0.014884,0.631757,-0.00339858,-0.0816552,0.00440902,-0.0132282,-0.000889531,0,0,0,-0.00352082,0.0781038,0.00656582,0.000868568,0.00118995,-5.42581e-05,0,0,0.0528937,-0.00321488,0.460487,-0.014294,-0.0147889,0.00424491,-0.00210579,0,0,3.64292e-11,0.00858808,0.00434269,0.00631778,0.00132802,0.00202542,-0.000128204,0,0,0.00153156,-0.0837107,-0.0140309,0.607011,0.0196168,0.0568223,-0.00120867,0,0,-4.51028e-11,0.00743864,0.0330533,-0.014724,-0.0138083,-0.0183674,0.00088065,0,0,0.0489817,0.0430672,-0.147212,0.19642,0.347455,-0.036985,0.0260615,0,0,-6.245e-11,0.0630822,0.002026,-0.0393518,-0.0153001,-0.0303598,0.00212572,0,0,0.0305331,-0.133577,0.0425502,0.569885,-0.0370445,0.406828,-0.00539305,0,0,2.1684e-12,-0.00249189,0.00150395,0.00418302,0.00162538,0.00412724,0.000879348,0,0,-0.031301,-0.00872389,-0.0207899,-0.0124578,0.0265894,-0.00552548,0.0663449,0,0,0,-1.20024e-12,-1.20024e-12,0,-1.20024e-12,0,-2.40048e-12,0,0,0,0,0,0,0,0,0,0.905991,4.19634e-09,0,2.40048e-12,2.40048e-12,0,2.40048e-12,0,0,0,0,0,0,0,0,0,0,0,4.19724e-09,0.905991,
-1.30104e-12,0.00290168,-0.00792557,-0.000534978,0.000129247,0.000264498,-9.93933e-06,0,0,0.516644,-0.0149623,0.0514755,0.00118717,0.00489482,0.00304163,-0.00319831,0,0,0,0.0687325,-0.00107222,-0.00278712,0.000312306,0.000970114,-6.48194e-05,0,0,-0.0148891,0.631763,-0.00341059,-0.081662,0.00441167,-0.0132185,-0.000890217,0,0,1.21431e-11,-0.00351319,0.0781343,0.00658125,0.000873896,0.00119274,-5.43485e-05,0,0,0.0525706,-0.00322649,0.460572,-0.014307,-0.0147687,0.00425575,-0.00210813,0,0,-2.25514e-11,0.00848594,0.00434963,0.00639289,0.00133855,0.00202073,-0.000128153,0,0,0.00153755,-0.0837199,-0.0140433,0.607013,0.0196125,0.0568189,-0.0012073,0,0,-1.73472e-11,0.00739334,0.0331024,-0.0146649,-0.0138836,-0.0184067,0.000881233,0,0,0.0492302,0.0430927,-0.147009,0.196377,0.347521,-0.0369769,0.0260477,0,0,1.04083e-10,0.0630762,0.00204463,-0.039412,-0.0153557,-0.0302397,0.00212452,0,0,0.0306072,-0.133483,0.0426587,0.569854,-0.0370366,0.406848,-0.00539476,0,0,2.1684e-12,-0.00248956,0.0015057,0.00417973,0.00162906,0.00412815,0.000881478,0,0,-0.0312994,-0.00873049,-0.0208134,-0.0124445,0.0265759,-0.00552724,0.066346,0,0,0,-1.20024e-12,0,0,2.40048e-12,-1.20024e-12,2.40048e-12,0,0,0,0,0,0,0,0,0,0.905991,4.09642e-09,0,1.20024e-12,0,0,0,1.20024e-12,0,0,0,0,0,0,0,0,0,0,4.09732e-09,0.905991,
0,0.00289972,-0.00788349,-0.000537532,0.000130604,0.000265664,-1.00178e-05,0,0,0.516823,-0.0149675,0.0511507,0.00119281,0.00491953,0.00304898,-0.00319808,0,0,0,0.0686798,-0.00106042,-0.00286681,0.00030816,0.000967485,-6.48304e-05,0,0,-0.0148943,0.631769,-0.00342262,-0.0816688,0.00441433,-0.0132088,-0.000890902,0,0,8.67362e-12,-0.00350494,0.0781653,0.00659668,0.000879233,0.00119592,-5.44388e-05,0,0,0.0522473,-0.00323813,0.460657,-0.0143199,-0.0147484,0.00426659,-0.00211047,0,0,2.42861e-11,0.00838344,0.00435634,0.00646807,0.0013491,0.00201587,-0.000128101,0,0,0.00154358,-0.0837291,-0.0140557,0.607014,0.0196081,0.0568154,-0.00120593,0,0,1.04083e-11,0.007353,0.0331565,-0.0146058,-0.0139588,-0.0184427,0.000881815,0,0,0.0494785,0.0431182,-0.146805,0.196334,0.347587,-0.0369688,0.0260339,0,0,-7.63278e-11,0.063069,0.00206208,-0.0394721,-0.0154114,-0.0301201,0.00212332,0,0,0.030681,-0.133389,0.0427673,0.569823,-0.0370287,0.406868,-0.00539647,0,0,7.37257e-12,-0.00248736,0.00150733,0.00417641,0.00163274,0.00412897,0.000883609,0,0,-0.0312977,-0.0087371,-0.020837,-0.0124312,0.0265625,-0.00552901,0.0663471,0,0,0,1.20024e-12,0,0,1.20024e-12,0,0,0,0,0,0,0,0,0,0,0,0.905991,4.10572e-09,0,-1.20024e-12,0,0,-1.20024e-12,0,0,0,0,0,0,0,0,0,0,0,4.10632e-09,0.905991,
-2.1684e-12,0.00289655,-0.00784226,-0.000540408,0.000131973,0.000266211,-1.00962e-05,0,0,0.517001,-0.0149727,0.0508258,0.00119849,0.00494422,0.0030563,-0.00319784,0,0,-2.77556e-11,0.0686269,-0.00104861,-0.00294659,0.000304012,0.000964827,-6.48414e-05,0,0,-0.0148994,0.631774,-0.00343468,-0.0816756,0.00441699,-0.0131991,-0.000891587,0,0,0,-0.00349744,0.0781957,0.00661191,0.000884578,0.00119871,-5.4529e-05,0,0,0.0519238,-0.0032498,0.460741,-0.0143328,-0.0147281,0.00427745,-0.00211282,0,0,0,0.00828112,0.00436329,0.00654341,0.00135964,0.00201116,-0.000128049,0,0,0.00154965,-0.0837383,-0.0140681,0.607016,0.0196038,0.0568119,-0.00120456,0,0,3.46945e-11,0.00730592,0.0332054,-0.0145482,-0.0140341,-0.0184821,0.000882394,0,0,0.0497265,0.0431437,-0.146602,0.19629,0.347653,-0.0369607,0.0260201,0,0,6.93889e-12,0.0630632,0.00208068,-0.0395316,-0.015467,-0.0299996,0.00212212,0,0,0.0307546,-0.133295,0.0428759,0.569792,-0.0370207,0.406888,-0.00539818,0,0,-1.73472e-12,-0.00248498,0.0015091,0.00417313,0.00163641,0.00412987,0.000885742,0,0,-0.031296,-0.0087437,-0.0208605,-0.0124179,0.026549,-0.00553079,0.0663483,0,0,0,-1.20024e-12,1.20024e-12,0,0,1.20024e-12,0,0,0,0,0,0,0,0,0,0,0.905991,4.21435e-09,0,0,0,-1.20024e-12,0,1.20024e-12,1.20024e-12,0,0,0,0,0,0,0,0,0,4.21525e-09,0.905991,
-3.10077e-07,0.00289465,-0.00780097,-0.000542987,0.000133044,0.000267065,-1.04847e-05,0,0,0.517179,-0.0149779,0.0505007,0.00120421,0.00496887,0.0030636,-0.0031976,0,0,-1.07414e-08,0.0685739,-0.00103678,-0.00302645,0.000299851,0.000962169,-6.48631e-05,0,0,-0.0149045,0.63178,-0.00344677,-0.0816825,0.00441965,-0.0131894,-0.000892273,0,0,-2.01098e-07,-0.00348912,0.078226,0.00662733,0.00088973,0.00120168,-5.48203e-05,0,0,0.0516002,-0.0032615,0.460825,-0.0143457,-0.0147078,0.00428831,-0.00211516,0,0,8.19986e-08,0.00817835,0.00437026,0.00661874,0.00137028,0.00200636,-0.000127914,0,0,0.00155576,-0.0837476,-0.0140805,0.607017,0.0195994,0.0568084,-0.00120319,0,0,-1.68294e-06,0.0072655,0.0332542,-0.0144889,-0.014111,-0.0185197,0.000881288,0,0,0.0499741,0.0431692,-0.146398,0.196247,0.347719,-0.0369526,0.0260063,0,0,3.90583e-07,0.0630557,0.00209926,-0.0395915,-0.0155223,-0.0298792,0.0021213,0,0,0.030828,-0.133201,0.0429846,0.56976,-0.0370128,0.406908,-0.0053999,0,0,4.51176e-08,-0.00248277,0.00151088,0.00416979,0.00164011,0.00413072,0.000887921,0,0,-0.0312942,-0.0087503,-0.020884,-0.0124047,0.0265355,-0.00553256,0.0663494,0,0,0,1.20024e-12,0,-1.20024e-12,0,0,1.20024e-12,0,0,0,0,0,0,0,0,0,0.905991,-4.43219e-09,1.20024e-12,0,0,1.20024e-12,0,0,-1.20024e-12,0,0,0,0,0,0,0,0,0,-4.43249e-09,0.905991,
1.73472e-12,0.00289183,-0.00775929,-0.000545267,0.000134745,0.000268229,-9.94228e-06,0,0,0.517357,-0.014983,0.0501754,0.00120997,0.00499349,0.00307088,-0.00319735,0,0,0,0.0685207,-0.00102491,-0.00310637,0.00029571,0.000959514,-6.48523e-05,0,0,-0.0149096,0.631786,-0.00345888,-0.0816894,0.00442231,-0.0131797,-0.000892958,0,0,-1.73472e-11,-0.00348137,0.0782564,0.00664296,0.000895291,0.00120486,-5.45076e-05,0,0,0.0512764,-0.00327322,0.460909,-0.0143585,-0.0146874,0.00429918,-0.00211751,0,0,2.08167e-11,0.00807568,0.00437714,0.00669406,0.00138075,0.00200146,-0.000128026,0,0,0.0015619,-0.0837568,-0.0140928,0.607018,0.019595,0.0568049,-0.00120182,0,0,-3.46945e-12,0.00721999,0.0333046,-0.0144278,-0.0141845,-0.0185556,0.000885235,0,0,0.0502215,0.0431948,-0.146193,0.196203,0.347784,-0.0369444,0.0259925,0,0,-2.77556e-11,0.0630493,0.00211745,-0.0396517,-0.0155783,-0.0297589,0.00211931,0,0,0.0309011,-0.133106,0.0430935,0.569729,-0.0370048,0.406928,-0.00540161,0,0,4.77049e-12,-0.00248042,0.00151262,0.0041664,0.00164373,0.00413153,0.000889965,0,0,-0.0312923,-0.00875691,-0.0209076,-0.0123914,0.026522,-0.00553434,0.0663505,0,0,0,0,0,0,0,0,0,5.76116e-11,0,0,0,0,0,0,0,0,0.905991,-4.51231e-09,0,0,0,0,0,0,0,0,0,0,0,0,0,0,0,0,-4.51201e-09,0.905991,
3.11157e-07,0.00288934,-0.00771723,-0.00054787,0.000135836,0.00026877,-1.002e-05,0,0,0.517534,-0.0149882,0.04985,0.00121577,0.00501808,0.00307814,-0.0031971,0,0,1.09079e-08,0.0684673,-0.001013,-0.00318638,0.000291546,0.000956826,-6.48628e-05,0,0,-0.0149147,0.631792,-0.00347103,-0.0816963,0.00442497,-0.01317,-0.000893643,0,0,2.02354e-07,-0.00347339,0.078287,0.00665838,0.000900456,0.00120763,-5.45971e-05,0,0,0.0509525,-0.00328497,0.460993,-0.0143714,-0.014667,0.00431006,-0.00211986,0,0,-8.26041e-08,0.00797281,0.00438395,0.00676953,0.00139139,0.00199672,-0.000127973,0,0,0.00156809,-0.0837661,-0.0141052,0.60702,0.0195907,0.0568014,-0.00120046,0,0,1.69249e-06,0.00717612,0.0333567,-0.0143682,-0.0142614,-0.0185949,0.000885814,0,0,0.0504686,0.0432203,-0.145988,0.196159,0.34785,-0.0369363,0.0259787,0,0,-3.9236e-07,0.0630423,0.00213522,-0.0397113,-0.0156335,-0.0296377,0.0021181,0,0,0.0309741,-0.133012,0.0432024,0.569698,-0.0369969,0.406948,-0.00540333,0,0,-4.53804e-08,-0.00247811,0.00151432,0.00416303,0.00164742,0.00413241,0.000892101,0,0,-0.0312904,-0.00876351,-0.0209312,-0.0123781,0.0265085,-0.00553612,0.0663517,0,0,0,0,-1.20024e-12,1.20024e-12,1.20024e-12,0,0,0,0,0,0,0,0,0,0,0,0.905991,-4.45229e-09,0,0,2.40048e-12,-2.40048e-12,-2.40048e-12,0,0,1.15223e-10,0,0,0,0,0,0,0,0,-4.45229e-09,0.905991,
-1.73472e-12,0.00288688,-0.00767541,-0.000550484,0.00013756,0.000269933,-1.00977e-05,0,0,0.517711,-0.0149934,0.0495244,0.00122161,0.00504264,0.00308538,-0.00319683,0,0,-5.55112e-11,0.0684137,-0.00100106,-0.00326647,0.000287401,0.000954151,-6.48733e-05,0,0,-0.0149198,0.631798,-0.0034832,-0.0817033,0.00442763,-0.0131603,-0.000894328,0,0,-3.46945e-12,-0.00346537,0.0783173,0.00667379,0.000906032,0.0012108,-5.46865e-05,0,0,0.0506283,-0.00329674,0.461077,-0.0143842,-0.0146465,0.00432095,-0.00212221,0,0,-1.73472e-11,0.0078698,0.00439085,0.00684508,0.00140187,0.0019918,-0.00012792,0,0,0.00157431,-0.0837755,-0.0141175,0.607021,0.0195863,0.0567979,-0.00119909,0,0,1.38778e-11,0.0071322,0.0334069,-0.0143086,-0.0143349,-0.0186308,0.000886391,0,0,0.0507153,0.0432458,-0.145783,0.196116,0.347916,-0.0369281,0.0259649,0,0,1.38778e-11,0.0630352,0.00215338,-0.0397709,-0.0156896,-0.029517,0.00211688,0,0,0.0310468,-0.132918,0.0433113,0.569666,-0.0369889,0.406968,-0.00540505,0,0,1.30104e-12,-0.00247579,0.00151607,0.00415964,0.00165103,0.0041332,0.000894237,0,0,-0.0312884,-0.00877011,-0.0209548,-0.0123648,0.0264951,-0.0055379,0.0663528,0,0,0,-1.20024e-12,0,0,0,0,0,0,0,0,0,0,0,0,0,0,0.905991,4.27676e-09,0,0,0,1.20024e-12,2.40048e-12,1.20024e-12,1.20024e-12,0,0,0,0,0,0,0,0,0,4.27676e-09,0.905991,
-8.67362e-13,0.00288443,-0.00763382,-0.000553111,0.000138984,0.000270783,-1.07998e-05,0,0,0.517888,-0.0149986,0.0491987,0.00122749,0.00506718,0.0030926,-0.00319656,0,0,0,0.0683599,-0.000989115,-0.00334664,0.000283243,0.000951455,-6.49055e-05,0,0,-0.0149249,0.631803,-0.0034954,-0.0817102,0.00443029,-0.0131506,-0.000895013,0,0,1.56125e-11,-0.00345733,0.0783474,0.0066892,0.000911414,0.00121377,-5.5183e-05,0,0,0.0503041,-0.00330854,0.461161,-0.014397,-0.014626,0.00433184,-0.00212457,0,0,-1.04083e-11,0.00776665,0.00439784,0.0069207,0.00141243,0.00198695,-0.0001277,0,0,0.00158058,-0.0837848,-0.0141297,0.607022,0.0195819,0.0567944,-0.00119772,0,0,-1.04083e-11,0.00708823,0.0334554,-0.0142488,-0.0144101,-0.0186684,0.000883562,0,0,0.0509618,0.0432713,-0.145578,0.196072,0.347982,-0.0369199,0.025951,0,0,-6.245e-11,0.0630279,0.00217191,-0.0398304,-0.0157452,-0.0293956,0.00211644,0,0,0.0311193,-0.132823,0.0434204,0.569635,-0.036981,0.406989,-0.00540677,0,0,0,-0.00247347,0.00151788,0.00415625,0.00165467,0.00413403,0.000896466,0,0,-0.0312864,-0.00877671,-0.0209784,-0.0123515,0.0264816,-0.00553968,0.066354,0,0,0,0,0,0,-2.40048e-12,-1.20024e-12,1.20024e-12,0,0,0,0,0,0,0,0,0,0.905991,4.23655e-09,0,0,0,0,3.60072e-12,2.40048e-12,-1.20024e-12,0,0,0,0,0,0,0,0,0,4.23655e-09,0.905991,
-1.30104e-12,0.0028817,-0.00759122,-0.000556062,0.00014073,0.000271946,-1.02529e-05,0,0,0.518064,-0.0150038,0.0488728,0.00123341,0.00509168,0.00309979,-0.00319629,0,0,0,0.068306,-0.000977102,-0.00342691,0.000279095,0.000948759,-6.48938e-05,0,0,-0.01493,0.63181,-0.00350762,-0.0817172,0.00443296,-0.0131409,-0.000895698,0,0,1.04083e-11,-0.00344945,0.078378,0.0067044,0.000917006,0.00121694,-5.48652e-05,0,0,0.0499797,-0.00332037,0.461244,-0.0144098,-0.0146055,0.00434275,-0.00212692,0,0,3.46945e-12,0.00766346,0.00440459,0.00699647,0.00142292,0.00198201,-0.000127813,0,0,0.00158688,-0.0837942,-0.014142,0.607024,0.0195775,0.0567909,-0.00119635,0,0,0,0.00704251,0.0335088,-0.0141907,-0.0144836,-0.0187042,0.00088754,0,0,0.051208,0.0432969,-0.145372,0.196028,0.348048,-0.0369117,0.0259372,0,0,-2.08167e-11,0.0630209,0.00218924,-0.0398893,-0.0158012,-0.0292744,0.00211443,0,0,0.0311916,-0.132729,0.0435295,0.569603,-0.036973,0.407009,-0.0054085,0,0,-2.60209e-12,-0.00247109,0.00151955,0.00415288,0.00165826,0.0041348,0.000898513,0,0,-0.0312843,-0.00878331,-0.0210021,-0.0123382,0.0264681,-0.00554146,0.0663551,0,0,0,1.20024e-12,1.20024e-12,1.20024e-12,0,0,0,0,0,0,0,0,0,0,0,0,0.905991,-4.30857e-09,0,0,0,0,0,0,0,0,0,0,0,0,0,0,0,0,-4.30887e-09,0.905991,
1.30104e-12,0.00287992,-0.00754949,-0.000558087,0.000141862,0.000272483,-1.06437e-05,0,0,0.51824,-0.0150089,0.0485468,0.00123937,0.00511615,0.00310696,-0.00319601,0,0,0,0.0682519,-0.000965092,-0.00350723,0.000274922,0.000946032,-6.49149e-05,0,0,-0.0149351,0.631816,-0.00351988,-0.0817242,0.00443562,-0.0131312,-0.000896382,0,0,-1.73472e-12,-0.00344094,0.0784079,0.00672021,0.000922197,0.0012197,-5.51592e-05,0,0,0.0496551,-0.00333223,0.461327,-0.0144226,-0.0145849,0.00435366,-0.00212928,0,0,1.73472e-11,0.00755989,0.00441159,0.00707207,0.00143357,0.00197722,-0.000127675,0,0,0.00159323,-0.0838036,-0.0141542,0.607025,0.0195731,0.0567874,-0.00119498,0,0,0,0.00700187,0.0335571,-0.0141273,-0.0145605,-0.0187434,0.0008864,0,0,0.0514538,0.0433224,-0.145166,0.195984,0.348114,-0.0369035,0.0259234,0,0,-1.38778e-11,0.0630126,0.00220774,-0.0399494,-0.0158565,-0.0291522,0.00211359,0,0,0.0312636,-0.132635,0.0436388,0.569572,-0.036965,0.407029,-0.00541022,0,0,-2.60209e-12,-0.00246885,0.00152138,0.00414936,0.00166193,0.00413567,0.000900698,0,0,-0.0312821,-0.00878991,-0.0210257,-0.0123248,0.0264546,-0.00554325,0.0663562,0,0,0,-1.20024e-12,1.20024e-12,1.20024e-12,-1.20024e-12,0,-2.40048e-12,0,0,0,0,0,0,0,0,0,0.905991,4.25936e-09,0,0,0,0,-2.40048e-12,1.20024e-12,-2.40048e-12,0,0,0,0,0,0,0,0,0,4.25906e-09,0.905991,
8.67362e-13,0.00287723,-0.00750706,-0.000561377,0.000143318,0.000273331,-1.04078e-05,0,0,0.518416,-0.0150141,0.0482206,0.00124537,0.00514058,0.00311411,-0.00319572,0,0,0,0.0681976,-0.00095303,-0.00358767,0.000270759,0.000943305,-6.49137e-05,0,0,-0.0149402,0.631822,-0.00353216,-0.0817312,0.00443828,-0.0131215,-0.000897067,0,0,-8.67362e-12,-0.003433,0.0784381,0.0067352,0.0009276,0.00122265,-5.50436e-05,0,0,0.0493303,-0.00334411,0.46141,-0.0144353,-0.0145643,0.00436458,-0.00213164,0,0,8.67362e-12,0.00745643,0.00441843,0.00714808,0.00144415,0.00197233,-0.000127705,0,0,0.00159961,-0.083813,-0.0141665,0.607026,0.0195686,0.0567838,-0.0011936,0,0,-3.46945e-12,0.00695605,0.0336087,-0.0140707,-0.0146356,-0.0187809,0.000888682,0,0,0.0516994,0.0433479,-0.144959,0.19594,0.34818,-0.0368953,0.0259096,0,0,-4.16334e-11,0.0630053,0.00222543,-0.0400077,-0.0159121,-0.0290302,0.00211196,0,0,0.0313354,-0.13254,0.0437481,0.56954,-0.036957,0.407049,-0.00541195,0,0,9.54098e-12,-0.00246646,0.00152311,0.00414601,0.00166555,0.00413647,0.000902791,0,0,-0.0312798,-0.0087965,-0.0210494,-0.0123115,0.0264411,-0.00554504,0.0663574,0,0,0,-1.20024e-12,0,2.40048e-12,1.20024e-12,0,-1.20024e-12,0,0,0,0,0,0,0,0,0,0.905991,-4.32447e-09,0,2.40048e-12,0,-1.20024e-12,-1.20024e-12,0,1.20024e-12,0,0,0,0,0,0,0,0,0,-4.32537e-09,0.905991,
-4.33681e-13,0.00287519,-0.00746517,-0.000563423,0.000145098,0.000274494,-1.07996e-05,0,0,0.518592,-0.0150193,0.0478942,0.00125141,0.00516499,0.00312123,-0.00319542,0,0,0,0.0681431,-0.000940961,-0.00366816,0.000266605,0.000940579,-6.49345e-05,0,0,-0.0149452,0.631828,-0.00354448,-0.0817382,0.00444095,-0.0131117,-0.000897751,0,0,8.67362e-12,-0.00342462,0.0784679,0.006751,0.000933216,0.00122581,-5.53389e-05,0,0,0.0490054,-0.00335602,0.461493,-0.014448,-0.0145437,0.00437551,-0.002134,0,0,8.67362e-12,0.00735267,0.00442544,0.00722382,0.00145464,0.00196735,-0.000127566,0,0,0.00160604,-0.0838224,-0.0141786,0.607028,0.0195642,0.0567803,-0.00119223,0,0,6.93889e-12,0.00691362,0.0336567,-0.0140072,-0.0147091,-0.0188166,0.000887529,0,0,0.0519446,0.0433735,-0.144752,0.195895,0.348246,-0.0368871,0.0258958,0,0,-1.38778e-11,0.0629971,0.0022439,-0.0400676,-0.0159681,-0.0289083,0.00211111,0,0,0.031407,-0.132446,0.0438574,0.569508,-0.036949,0.40707,-0.00541368,0,0,-7.37257e-12,-0.00246416,0.00152495,0.00414246,0.00166912,0.00413723,0.000904978,0,0,-0.0312775,-0.0088031,-0.0210731,-0.0122982,0.0264277,-0.00554683,0.0663585,0,0,0,0,0,-1.20024e-12,-1.20024e-12,1.20024e-12,0,-5.76116e-11,0,0,0,0,0,0,0,0,0.905991,4.26776e-09,0,0,0,1.20024e-12,-1.20024e-12,0,0,0,0,0,0,0,0,0,0,0,4.26836e-09,0.905991,
-2.60209e-12,0.00287222,-0.0074229,-0.000566109,0.000146576,0.000275027,-1.05626e-05,0,0,0.518767,-0.0150244,0.0475677,0.00125749,0.00518937,0.00312833,-0.00319512,0,0,2.77556e-11,0.0680885,-0.00092885,-0.00374875,0.000262438,0.00093782,-6.4933e-05,0,0,-0.0149503,0.631834,-0.00355681,-0.0817453,0.00444361,-0.013102,-0.000898436,0,0,6.93889e-12,-0.00341684,0.0784978,0.00676638,0.000938633,0.00122856,-5.52219e-05,0,0,0.0486804,-0.00336795,0.461576,-0.0144607,-0.014523,0.00438645,-0.00213636,0,0,0,0.00724904,0.00443237,0.0072998,0.00146522,0.00196252,-0.000127595,0,0,0.00161251,-0.0838319,-0.0141908,0.607029,0.0195598,0.0567767,-0.00119086,0,0,5.20417e-11,0.00686598,0.0337064,-0.0139469,-0.0147842,-0.0188558,0.000889817,0,0,0.0521895,0.043399,-0.144545,0.195851,0.348312,-0.0368789,0.025882,0,0,6.245e-11,0.0629899,0.00226196,-0.0401265,-0.0160237,-0.0287853,0.00210947,0,0,0.0314784,-0.132351,0.0439669,0.569476,-0.036941,0.40709,-0.00541541,0,0,-8.67362e-13,-0.00246172,0.00152675,0.00413899,0.00167273,0.00413807,0.000907072,0,0,-0.0312751,-0.00880969,-0.0210968,-0.0122849,0.0264142,-0.00554862,0.0663597,0,0,0,0,0,0,1.20024e-12,0,0,1.16423e-10,0,0,0,0,0,0,0,0,0.905991,-4.32807e-09,0,0,0,0,-1.20024e-12,0,0,0,0,0,0,0,0,0,0,0,-4.32777e-09,0.905991,
0,0.00287022,-0.00738087,-0.000568807,0.000147748,0.000275873,-1.09553e-05,0,0,0.518942,-0.0150296,0.047241,0.00126361,0.00521371,0.00313541,-0.00319481,0,0,2.77556e-11,0.0680336,-0.00091672,-0.00382942,0.000258257,0.000935062,-6.49537e-05,0,0,-0.0149554,0.631841,-0.00356918,-0.0817524,0.00444627,-0.0130923,-0.00089912,0,0,5.20417e-12,-0.00340839,0.0785274,0.00678176,0.000943851,0.00123151,-5.55183e-05,0,0,0.0483552,-0.00337991,0.461659,-0.0144734,-0.0145023,0.00439739,-0.00213873,0,0,-8.67362e-12,0.00714502,0.0044394,0.00737586,0.00147589,0.0019576,-0.000127455,0,0,0.00161901,-0.0838414,-0.014203,0.607031,0.0195553,0.0567731,-0.00118949,0,0,3.46945e-12,0.00682346,0.0337543,-0.0138866,-0.014861,-0.0188932,0.000888651,0,0,0.0524341,0.0434246,-0.144337,0.195807,0.348377,-0.0368707,0.0258682,0,0,-1.38778e-11,0.0629814,0.00228039,-0.0401854,-0.0160789,-0.0286625,0.00210862,0,0,0.0315495,-0.132257,0.0440764,0.569444,-0.036933,0.40711,-0.00541714,0,0,-3.46945e-12,-0.00245941,0.00152861,0.00413551,0.00167638,0.00413886,0.00090926,0,0,-0.0312727,-0.00881629,-0.0211205,-0.0122716,0.0264007,-0.00555041,0.0663608,0,0,0,1.20024e-12,0,0,1.20024e-12,0,0,0,0,0,0,0,0,0,0,0,0.905991,4.26476e-09,0,-1.20024e-12,0,0,-1.20024e-12,0,0,0,0,0,0,0,0,0,0,0,4.26536e-09,0.905991,
-3.15973e-07,0.00286762,-0.00733814,-0.000572149,0.000148931,0.000276719,-1.1033e-05,0,0,0.519116,-0.0150347,0.0469141,0.00126977,0.00523803,0.00314247,-0.0031945,0,0,-1.13243e-08,0.0679786,-0.000904538,-0.00391021,0.000254075,0.000932294,-6.4963e-05,0,0,-0.0149605,0.631847,-0.00358158,-0.0817595,0.00444894,-0.0130825,-0.000899804,0,0,-2.07974e-07,-0.00340034,0.0785574,0.00679672,0.000949074,0.00123445,-5.56079e-05,0,0,0.0480298,-0.0033919,0.461741,-0.0144861,-0.0144815,0.00440835,-0.00214109,0,0,8.52027e-08,0.00704103,0.00444626,0.00745216,0.00148656,0.00195267,-0.000127399,0,0,0.00162556,-0.0838509,-0.0142151,0.607032,0.0195508,0.0567696,-0.00118812,0,0,-1.73585e-06,0.00677744,0.0338055,-0.0138297,-0.0149378,-0.0189306,0.000889209,0,0,0.0526784,0.0434501,-0.144129,0.195762,0.348443,-0.0368624,0.0258544,0,0,4.00888e-07,0.0629736,0.00229801,-0.0402433,-0.0161341,-0.0285395,0.00210736,0,0,0.0316204,-0.132162,0.044186,0.569412,-0.036925,0.40713,-0.00541888,0,0,4.64941e-08,-0.002457,0.00153038,0.0041321,0.00168002,0.00413964,0.000911403,0,0,-0.0312702,-0.00882288,-0.0211442,-0.0122583,0.0263872,-0.00555221,0.0663619,0,0,1.20024e-12,0,0,-1.20024e-12,0,0,1.20024e-12,-5.76116e-11,0,0,0,0,0,0,0,0,0.905991,-4.31967e-09,0,0,-1.20024e-12,0,0,-1.20024e-12,0,0,0,0,0,0,0,0,0,0,-4.31937e-09,0.905991,
8.67362e-13,0.00286598,-0.00729564,-0.000574556,0.00015044,0.000277565,-1.11107e-05,0,0,0.519291,-0.0150399,0.0465871,0.00127598,0.00526231,0.0031495,-0.00319418,0,0,0,0.0679234,-0.000892336,-0.00399104,0.000249902,0.000929515,-6.49721e-05,0,0,-0.0149656,0.631854,-0.003594,-0.0817667,0.0044516,-0.0130728,-0.000900488,0,0,-1.73472e-11,-0.00339162,0.0785871,0.00681229,0.000954512,0.0012374,-5.56975e-05,0,0,0.0477043,-0.00340392,0.461823,-0.0144987,-0.0144607,0.00441931,-0.00214346,0,0,5.20417e-12,0.00693666,0.00445322,0.00752828,0.00149715,0.00194772,-0.000127343,0,0,0.00163215,-0.0838604,-0.0142272,0.607033,0.0195464,0.056766,-0.00118675,0,0,1.38778e-11,0.00673658,0.0338549,-0.0137674,-0.0150129,-0.0189679,0.000889765,0,0,0.0529224,0.0434757,-0.14392,0.195717,0.348509,-0.0368542,0.0258405,0,0,-2.77556e-11,0.0629644,0.00231601,-0.0403023,-0.0161897,-0.0284162,0.0021061,0,0,0.0316911,-0.132067,0.0442957,0.56938,-0.036917,0.407151,-0.00542062,0,0,8.67362e-13,-0.00245472,0.0015322,0.00412854,0.00168361,0.00414041,0.000913546,0,0,-0.0312676,-0.00882947,-0.021168,-0.012245,0.0263738,-0.00555401,0.0663631,0,0,0,0,0,0,-1.20024e-12,0,-1.20024e-12,0,0,0,0,0,0,0,0,0,0.905991,4.25155e-09,0,1.20024e-12,0,-1.20024e-12,1.20024e-12,0,1.20024e-12,0,0,0,0,0,0,0,0,0,4.25155e-09,0.905991,
-2.1684e-12,0.0028631,-0.00725307,-0.000577291,0.00015196,0.000278093,-1.08714e-05,0,0,0.519465,-0.0150451,0.04626,0.00128222,0.00528656,0.00315651,-0.00319385,0,0,-2.77556e-11,0.0678681,-0.000880105,-0.00407197,0.000245727,0.000926715,-6.49698e-05,0,0,-0.0149707,0.63186,-0.00360645,-0.0817738,0.00445427,-0.013063,-0.000901172,0,0,1.21431e-11,-0.00338371,0.0786167,0.00682765,0.000959957,0.00124013,-5.55777e-05,0,0,0.0473786,-0.00341596,0.461905,-0.0145113,-0.0144399,0.00443027,-0.00214583,0,0,5.20417e-12,0.0068325,0.00446018,0.00760456,0.00150774,0.00194285,-0.000127373,0,0,0.00163878,-0.08387,-0.0142393,0.607035,0.0195419,0.0567624,-0.00118538,0,0,3.1225e-11,0.00668871,0.0339042,-0.0137068,-0.0150879,-0.019007,0.000892065,0,0,0.0531661,0.0435012,-0.143711,0.195673,0.348575,-0.0368459,0.0258267,0,0,-4.16334e-11,0.0629567,0.00233399,-0.0403608,-0.0162453,-0.0282923,0.00210443,0,0,0.0317615,-0.131972,0.0444055,0.569348,-0.036909,0.407171,-0.00542236,0,0,-1.73472e-12,-0.00245225,0.00153404,0.00412502,0.00168719,0.00414122,0.000915642,0,0,-0.031265,-0.00883605,-0.0211918,-0.0122317,0.0263603,-0.00555581,0.0663642,0,0,0,0,0,0,0,0,0,0,0,0,0,0,0,0,0,0,0.905991,-4.30196e-09,0,0,0,0,0,0,0,0,0,0,0,0,0,0,0,0,-4.30226e-09,0.905991,
-1.30104e-12,0.00286088,-0.00721011,-0.000580037,0.000153808,0.000279254,-1.1266e-05,0,0,0.519638,-0.0150502,0.0459327,0.00128851,0.00531078,0.00316349,-0.00319351,0,0,-2.77556e-11,0.0678125,-0.000867831,-0.00415298,0.000241561,0.000923927,-6.499e-05,0,0,-0.0149757,0.631867,-0.00361893,-0.081781,0.00445693,-0.0130532,-0.000901855,0,0,-6.93889e-12,-0.00337535,0.0786465,0.00684301,0.00096562,0.00124327,-5.58764e-05,0,0,0.0470528,-0.00342803,0.461987,-0.0145239,-0.014419,0.00444125,-0.0021482,0,0,1.9082e-11,0.00672804,0.00446705,0.00768091,0.00151825,0.00193779,-0.00012723,0,0,0.00164545,-0.0838796,-0.0142513,0.607036,0.0195374,0.0567588,-0.00118401,0,0,-3.46945e-12,0.00664428,0.0339551,-0.0136461,-0.0151612,-0.0190425,0.000890872,0,0,0.0534095,0.0435268,-0.143502,0.195628,0.348641,-0.0368377,0.0258129,0,0,-5.55112e-11,0.062948,0.00235155,-0.0404192,-0.0163012,-0.0281689,0.00210357,0,0,0.0318317,-0.131878,0.0445153,0.569316,-0.0369009,0.407191,-0.0054241,0,0,-3.46945e-12,-0.00244987,0.00153583,0.00412147,0.00169072,0.00414193,0.000917833,0,0,-0.0312623,-0.00884264,-0.0212155,-0.0122183,0.0263468,-0.00555761,0.0663654,0,0,0,0,0,0,0,0,0,0,0,0,0,0,0,0,0,0,0.905991,4.23265e-09,0,-1.20024e-12,0,0,-1.20024e-12,1.20024e-12,0,0,0,0,0,0,0,0,0,0,4.23205e-09,0.905991,
0,0.00285899,-0.00716739,-0.000582796,0.000155032,0.000280098,-1.13435e-05,0,0,0.519811,-0.0150554,0.0456052,0.00129483,0.00533496,0.00317045,-0.00319317,0,0,0,0.0677568,-0.000855539,-0.00423408,0.000237371,0.000921117,-6.49987e-05,0,0,-0.0149808,0.631874,-0.00363144,-0.0817882,0.0044596,-0.0130435,-0.000902539,0,0,-1.73472e-12,-0.00336675,0.078676,0.00685835,0.00097087,0.0012462,-5.59658e-05,0,0,0.0467268,-0.00344013,0.462069,-0.0145364,-0.0143981,0.00445223,-0.00215057,0,0,5.20417e-12,0.00662336,0.00447402,0.00775733,0.00152893,0.00193281,-0.000127173,0,0,0.00165216,-0.0838892,-0.0142633,0.607037,0.0195329,0.0567552,-0.00118264,0,0,-1.73472e-11,0.00660156,0.0340042,-0.0135852,-0.015238,-0.0190798,0.000891422,0,0,0.0536525,0.0435524,-0.143293,0.195583,0.348707,-0.0368294,0.0257991,0,0,-6.93889e-11,0.0629388,0.00236949,-0.0404775,-0.0163564,-0.0280449,0.00210229,0,0,0.0319016,-0.131783,0.0446252,0.569283,-0.0368929,0.407212,-0.00542584,0,0,-1.04083e-11,-0.00244753,0.00153768,0.00411792,0.00169433,0.00414268,0.000919978,0,0,-0.0312595,-0.00884923,-0.0212393,-0.012205,0.0263333,-0.00555941,0.0663665,0,0,0,0,-1.20024e-12,2.40048e-12,1.20024e-12,0,0,0,0,0,0,0,0,0,0,0,0.905991,4.27796e-09,0,0,2.40048e-12,-1.20024e-12,1.20024e-12,0,0,0,0,0,0,0,0,0,0,0,4.27766e-09,0.905991,
-4.33681e-13,0.00285682,-0.00712492,-0.000585566,0.000156904,0.000280942,-1.17396e-05,0,0,0.519984,-0.0150605,0.0452775,0.0013012,0.00535912,0.00317739,-0.00319283,0,0,0,0.0677009,-0.000843228,-0.00431527,0.000233202,0.000918297,-6.50189e-05,0,0,-0.0149859,0.63188,-0.00364397,-0.0817954,0.00446226,-0.0130337,-0.000903222,0,0,5.20417e-12,-0.00335832,0.0787052,0.0068737,0.000976548,0.00124913,-5.62662e-05,0,0,0.0464006,-0.00345225,0.462151,-0.014549,-0.0143771,0.00446321,-0.00215294,0,0,1.38778e-11,0.00651863,0.00448109,0.00783383,0.00153945,0.00192781,-0.000127029,0,0,0.00165891,-0.0838988,-0.0142754,0.607039,0.0195284,0.0567515,-0.00118127,0,0,-4.51028e-11,0.00655705,0.0340514,-0.0135243,-0.0153112,-0.019117,0.00089021,0,0,0.0538953,0.0435779,-0.143083,0.195538,0.348773,-0.0368211,0.0257853,0,0,-3.46945e-11,0.0629299,0.00238782,-0.0405357,-0.0164124,-0.0279207,0.00210142,0,0,0.0319714,-0.131688,0.0447351,0.569251,-0.0368848,0.407232,-0.00542758,0,0,2.1684e-12,-0.00244514,0.00153959,0.00411434,0.00169785,0.00414342,0.00092217,0,0,-0.0312567,-0.00885581,-0.0212632,-0.0121917,0.0263198,-0.00556122,0.0663676,0,0,0,1.20024e-12,0,0,-2.40048e-12,0,0,5.76116e-11,0,0,0,0,0,0,0,0,0.905991,-4.43579e-09,0,1.20024e-12,0,0,-1.20024e-12,0,0,0,0,0,0,0,0,0,0,0,-4.43669e-09,0.905991,
-8.67362e-13,0.00285466,-0.00708173,-0.000588349,0.000158149,0.000281785,-1.11793e-05,0,0,0.520157,-0.0150657,0.0449498,0.00130761,0.00538324,0.0031843,-0.00319247,0,0,0,0.0676448,-0.000830864,-0.00439653,0.000229008,0.000915466,-6.5004e-05,0,0,-0.0149909,0.631887,-0.00365654,-0.0818027,0.00446493,-0.0130239,-0.000903905,0,0,-5.20417e-12,-0.00334987,0.0787347,0.00688903,0.000981812,0.00125206,-5.59326e-05,0,0,0.0460743,-0.0034644,0.462232,-0.0145615,-0.0143562,0.00447421,-0.00215532,0,0,1.73472e-12,0.00641377,0.00448798,0.0079104,0.00155013,0.0019228,-0.000127145,0,0,0.0016657,-0.0839085,-0.0142873,0.60704,0.0195239,0.0567479,-0.0011799,0,0,-5.55112e-11,0.00651248,0.0341021,-0.0134633,-0.0153879,-0.0191542,0.000894282,0,0,0.0541377,0.0436035,-0.142872,0.195493,0.348839,-0.0368128,0.0257715,0,0,4.16334e-11,0.0629208,0.00240532,-0.0405938,-0.0164675,-0.0277962,0.00209932,0,0,0.0320408,-0.131593,0.0448451,0.569218,-0.0368768,0.407252,-0.00542933,0,0,0,-0.00244274,0.0015414,0.00411076,0.00170145,0.00414416,0.000924221,0,0,-0.0312538,-0.00886239,-0.021287,-0.0121784,0.0263064,-0.00556303,0.0663688,0,0,0,-1.20024e-12,0,0,1.20024e-12,2.40048e-12,-1.20024e-12,0,0,0,0,0,0,0,0,0,0.905991,-4.4571e-09,0,2.40048e-12,0,0,-2.40048e-12,0,-2.40048e-12,0,0,0,0,0,0,0,0,0,-4.4565e-09,0.905991,
1.73472e-12,0.00285221,-0.0070391,-0.000590824,0.000160043,0.000282308,-1.15758e-05,0,0,0.520329,-0.0150708,0.0446218,0.00131406,0.00540733,0.00319119,-0.00319211,0,0,0,0.0675885,-0.000818493,-0.00447787,0.000224836,0.000912614,-6.50239e-05,0,0,-0.014996,0.631894,-0.00366913,-0.08181,0.0044676,-0.0130141,-0.000904588,0,0,-3.46945e-12,-0.00334159,0.0787638,0.00690457,0.000987506,0.00125477,-5.62335e-05,0,0,0.0457479,-0.00347658,0.462314,-0.014574,-0.0143351,0.00448521,-0.00215769,0,0,-1.21431e-11,0.00630887,0.00449506,0.00798695,0.00156065,0.00191787,-0.000127,0,0,0.00167253,-0.0839182,-0.0142993,0.607041,0.0195194,0.0567443,-0.00117852,0,0,-1.38778e-11,0.00646611,0.0341491,-0.0134004,-0.0154611,-0.0191931,0.000893061,0,0,0.0543798,0.043629,-0.142662,0.195448,0.348905,-0.0368045,0.0257577,0,0,2.08167e-11,0.062912,0.00242362,-0.0406522,-0.0165234,-0.027671,0.00209844,0,0,0.0321101,-0.131498,0.0449552,0.569186,-0.0368687,0.407273,-0.00543108,0,0,-7.37257e-12,-0.00244029,0.00154333,0.00410711,0.00170495,0.00414493,0.000926415,0,0,-0.0312508,-0.00886897,-0.0213108,-0.0121651,0.0262929,-0.00556484,0.0663699,0,0,0,0,0,0,1.20024e-12,0,0,0,0,0,0,0,0,0,0,0,0.905991,-4.34787e-09,0,0,0,0,0,0,0,0,0,0,0,0,0,0,0,0,-4.34787e-09,0.905991,
-3.20181e-07,0.00285042,-0.00699577,-0.000593951,0.000161628,0.00028347,-1.16531e-05,0,0,0.520501,-0.015076,0.0442937,0.00132055,0.00543139,0.00319806,-0.00319174,0,0,-1.17129e-08,0.067532,-0.000806068,-0.00455932,0.00022065,0.000909773,-6.50319e-05,0,0,-0.0150011,0.631901,-0.00368174,-0.0818173,0.00447026,-0.0130044,-0.000905271,0,0,-2.13024e-07,-0.00333285,0.0787932,0.00691968,0.000992996,0.0012579,-5.63227e-05,0,0,0.0454213,-0.00348878,0.462395,-0.0145865,-0.0143141,0.00449622,-0.00216007,0,0,8.75446e-08,0.00620366,0.00450196,0.00806375,0.00157126,0.00191275,-0.000126942,0,0,0.00167941,-0.0839279,-0.0143112,0.607043,0.0195149,0.0567406,-0.00117715,0,0,-1.77467e-06,0.00642323,0.0341996,-0.013341,-0.015536,-0.0192285,0.000893603,0,0,0.0546216,0.0436546,-0.14245,0.195403,0.348971,-0.0367962,0.0257439,0,0,4.08423e-07,0.0629022,0.00244107,-0.0407096,-0.016579,-0.0275464,0.00209715,0,0,0.0321791,-0.131403,0.0450654,0.569153,-0.0368606,0.407293,-0.00543283,0,0,4.75019e-08,-0.00243793,0.00154516,0.00410354,0.00170849,0.0041456,0.000928561,0,0,-0.0312478,-0.00887555,-0.0213347,-0.0121518,0.0262794,-0.00556665,0.0663711,0,0,0,0,0,0,0,0,0,0,0,0,0,0,0,0,0,0,0.905991,4.14323e-09,-1.20024e-12,1.20024e-12,0,0,0,0,-1.20024e-12,0,0,0,0,0,0,0,0,0,4.14233e-09,0.905991,
2.1684e-12,0.00284866,-0.00695299,-0.00059677,0.000162901,0.000284314,-1.14096e-05,0,0,0.520673,-0.0150811,0.0439655,0.00132709,0.00545542,0.0032049,-0.00319137,0,0,2.77556e-11,0.0674754,-0.000793636,-0.00464084,0.00021645,0.00090691,-6.5028e-05,0,0,-0.0150061,0.631908,-0.00369439,-0.0818246,0.00447293,-0.0129946,-0.000905953,0,0,-1.38778e-11,-0.00332408,0.0788221,0.00693499,0.000998278,0.00126082,-5.61981e-05,0,0,0.0450945,-0.00350101,0.462476,-0.0145989,-0.014293,0.00450724,-0.00216245,0,0,8.67362e-12,0.00609832,0.00450905,0.00814054,0.00158195,0.0019077,-0.000126971,0,0,0.00168632,-0.0839377,-0.0143231,0.607044,0.0195103,0.056737,-0.00117578,0,0,-1.73472e-11,0.00638031,0.0342464,-0.0132797,-0.0156127,-0.0192656,0.000895924,0,0,0.0548631,0.0436801,-0.142239,0.195357,0.349037,-0.0367879,0.0257301,0,0,4.16334e-11,0.0628922,0.00245933,-0.0407674,-0.0166341,-0.0274212,0.00209544,0,0,0.0322478,-0.131308,0.0451756,0.56912,-0.0368525,0.407314,-0.00543458,0,0,-1.30104e-12,-0.00243556,0.0015471,0.00409991,0.00171207,0.00414631,0.00093066,0,0,-0.0312447,-0.00888213,-0.0213586,-0.0121384,0.0262659,-0.00556846,0.0663722,0,0,0,1.20024e-12,0,0,1.20024e-12,1.20024e-12,0,0,0,0,0,0,0,0,0,0,0.905991,4.06822e-09,0,0,0,0,0,0,0,0,0,0,0,0,0,0,0,0,4.06852e-09,0.905991,
3.21225e-07,0.0028466,-0.00690982,-0.0005996,0.000164832,0.000285154,-1.18075e-05,0,0,0.520844,-0.0150862,0.043637,0.00133366,0.00547942,0.00321172,-0.00319099,0,0,1.18239e-08,0.0674186,-0.000781162,-0.00472244,0.000212273,0.000904038,-6.50476e-05,0,0,-0.0150112,0.631915,-0.00370707,-0.0818319,0.00447559,-0.0129848,-0.000906636,0,0,2.1428e-07,-0.0033155,0.0788512,0.0069503,0.001004,0.00126373,-5.65008e-05,0,0,0.0447676,-0.00351327,0.462556,-0.0146114,-0.0142718,0.00451826,-0.00216483,0,0,-8.81378e-08,0.00599294,0.00451606,0.00821739,0.00159248,0.00190264,-0.000126824,0,0,0.00169328,-0.0839474,-0.014335,0.607045,0.0195058,0.0567333,-0.00117441,0,0,1.78444e-06,0.00633557,0.0342948,-0.0132183,-0.0156858,-0.0193027,0.000894682,0,0,0.0551043,0.0437057,-0.142027,0.195312,0.349103,-0.0367796,0.0257163,0,0,-4.10269e-07,0.0628825,0.00247716,-0.040825,-0.01669,-0.0272957,0.00209454,0,0,0.0323164,-0.131213,0.0452859,0.569088,-0.0368444,0.407334,-0.00543634,0,0,-4.77422e-08,-0.00243314,0.001549,0.00409626,0.00171554,0.00414702,0.000932856,0,0,-0.0312416,-0.0088887,-0.0213825,-0.0121251,0.0262525,-0.00557028,0.0663733,0,0,0,0,0,0,0,0,0,0,0,0,0,0,0,0,0,0,0.905991,4.09762e-09,0,0,-1.20024e-12,1.20024e-12,0,0,0,0,0,0,0,0,0,0,0,0,4.09822e-09,0.905991,
3.21743e-07,0.00284424,-0.00686658,-0.000602442,0.000166132,0.000286316,-1.22064e-05,0,0,0.521015,-0.0150914,0.0433085,0.00134028,0.00550338,0.00321851,-0.0031906,0,0,1.18794e-08,0.0673616,-0.000768658,-0.00480412,0.00020807,0.000901168,-6.50671e-05,0,0,-0.0150163,0.631923,-0.00371977,-0.0818393,0.00447826,-0.012975,-0.000907318,0,0,2.14943e-07,-0.00330709,0.0788802,0.0069656,0.0010093,0.00126686,-5.68046e-05,0,0,0.0444405,-0.00352555,0.462637,-0.0146238,-0.0142507,0.00452929,-0.00216722,0,0,-8.84206e-08,0.00588751,0.00452307,0.00829432,0.00160318,0.00189748,-0.000126677,0,0,0.00170028,-0.0839572,-0.0143469,0.607046,0.0195012,0.0567297,-0.00117304,0,0,1.78929e-06,0.006289,0.0343432,-0.0131568,-0.0157624,-0.0193379,0.000893428,0,0,0.0553451,0.0437313,-0.141815,0.195267,0.349169,-0.0367712,0.0257025,0,0,-4.11199e-07,0.0628731,0.00249496,-0.0408826,-0.0167451,-0.0271704,0.00209365,0,0,0.0323846,-0.131118,0.0453963,0.569055,-0.0368364,0.407355,-0.00543809,0,0,-4.78727e-08,-0.00243066,0.00155091,0.0040926,0.00171911,0.00414767,0.000935052,0,0,-0.0312384,-0.00889528,-0.0214064,-0.0121118,0.026239,-0.00557209,0.0663745,0,0,-1.20024e-12,3.60072e-12,3.60072e-12,0,0,0,-1.20024e-12,0,0,0,0,0,0,0,0,0,0.905991,4.22725e-09,0,0,0,0,1.20024e-12,0,1.20024e-12,0,0,0,0,0,0,0,0,0,4.22635e-09,0.905991,
-4.33681e-13,0.0028419,-0.00682359,-0.000605619,0.000168086,0.000286512,-1.16395e-05,0,0,0.521186,-0.0150965,0.0429797,0.00134694,0.00552731,0.00322528,-0.00319021,0,0,0,0.0673044,-0.000756135,-0.0048859,0.000203889,0.000898253,-6.50507e-05,0,0,-0.0150213,0.63193,-0.0037325,-0.0818467,0.00448093,-0.0129652,-0.000908,0,0,-3.46945e-12,-0.00329865,0.0789089,0.00698068,0.00101503,0.00126933,-5.64629e-05,0,0,0.0441133,-0.00353786,0.462718,-0.0146361,-0.0142294,0.00454032,-0.0021696,0,0,1.73472e-11,0.00578195,0.00453017,0.00837141,0.0016137,0.00189257,-0.000126794,0,0,0.00170732,-0.0839671,-0.0143587,0.607048,0.0194967,0.056726,-0.00117167,0,0,-1.38778e-11,0.00624237,0.0343897,-0.013097,-0.0158354,-0.0193785,0.000897544,0,0,0.0555857,0.0437568,-0.141602,0.195221,0.349235,-0.0367629,0.0256886,0,0,-9.02056e-11,0.0628636,0.00251316,-0.0409396,-0.0168009,-0.0270436,0.00209151,0,0,0.0324527,-0.131023,0.0455067,0.569022,-0.0368282,0.407375,-0.00543985,0,0,-5.63785e-12,-0.00242818,0.00155287,0.00408897,0.00172258,0.00414845,0.000937105,0,0,-0.0312351,-0.00890185,-0.0214303,-0.0120985,0.0262255,-0.00557391,0.0663756,0,0,0,0,-2.40048e-12,0,0,0,0,0,0,0,0,0,0,0,0,0,0.905991,-4.4643e-09,0,0,-2.40048e-12,-1.20024e-12,0,0,0,0,0,0,0,0,0,0,0,0,-4.4646e-09,0.905991,
3.22776e-07,0.00284024,-0.00678021,-0.000608487,0.000169728,0.000287997,-1.17161e-05,0,0,0.521356,-0.0151017,0.0426509,0.00135364,0.00555121,0.00323202,-0.00318981,0,0,1.19627e-08,0.067247,-0.000743571,-0.00496775,0.000199695,0.000895374,-6.5058e-05,0,0,-0.0150264,0.631937,-0.00374526,-0.0818541,0.00448359,-0.0129553,-0.000908682,0,0,2.16225e-07,-0.00328975,0.0789377,0.00699596,0.00102056,0.00127267,-5.6551e-05,0,0,0.0437859,-0.0035502,0.462798,-0.0146485,-0.0142082,0.00455136,-0.00217199,0,0,-8.90399e-08,0.00567609,0.00453719,0.00844849,0.00162432,0.0018873,-0.000126735,0,0,0.0017144,-0.0839769,-0.0143705,0.607049,0.0194921,0.0567223,-0.0011703,0,0,1.79907e-06,0.00619929,0.0344378,-0.0130353,-0.0159102,-0.0194119,0.00089808,0,0,0.0558259,0.0437824,-0.141389,0.195175,0.349301,-0.0367546,0.0256748,0,0,-4.13017e-07,0.062853,0.00253093,-0.0409968,-0.0168564,-0.0269182,0.00209019,0,0,0.0325204,-0.130927,0.0456172,0.568989,-0.0368201,0.407396,-0.00544161,0,0,-4.81143e-08,-0.00242579,0.00155479,0.00408528,0.00172608,0.00414904,0.000939253,0,0,-0.0312317,-0.00890842,-0.0214543,-0.0120851,0.0262121,-0.00557573,0.0663768,0,0,0,0,0,0,0,0,-1.20024e-12,0,0,0,0,0,0,0,0,0,0.905991,-4.56362e-09,0,0,0,0,0,0,0,0,0,0,0,0,0,0,0,0,-4.56422e-09,0.905991,
-4.33681e-13,0.00283859,-0.00673675,-0.000611367,0.000171705,0.000288191,-1.24391e-05,0,0,0.521526,-0.0151068,0.0423218,0.00136038,0.00557508,0.00323874,-0.0031894,0,0,0,0.0671894,-0.000730977,-0.00504967,0.000195511,0.000892436,-6.50891e-05,0,0,-0.0150314,0.631945,-0.00375804,-0.0818616,0.00448626,-0.0129455,-0.000909363,0,0,6.93889e-12,-0.00328081,0.0789665,0.00701124,0.00102631,0.00127514,-5.70728e-05,0,0,0.0434583,-0.00356257,0.462878,-0.0146608,-0.0141869,0.00456241,-0.00217437,0,0,3.29597e-11,0.00557009,0.00454422,0.00852563,0.00163485,0.00188236,-0.000126496,0,0,0.00172152,-0.0839868,-0.0143823,0.60705,0.0194875,0.0567186,-0.00116893,0,0,-6.93889e-12,0.00615618,0.0344858,-0.0129735,-0.0159831,-0.0194524,0.000895006,0,0,0.0560658,0.0438079,-0.141176,0.19513,0.349367,-0.0367462,0.025661,0,0,-4.85723e-11,0.0628423,0.00254867,-0.041054,-0.0169123,-0.0267909,0.0020897,0,0,0.032588,-0.130832,0.0457277,0.568956,-0.036812,0.407416,-0.00544337,0,0,1.12757e-11,-0.00242339,0.00155672,0.00408158,0.00172953,0.00414981,0.000941499,0,0,-0.0312283,-0.00891498,-0.0214782,-0.0120718,0.0261986,-0.00557756,0.0663779,0,0,0,0,0,0,0,0,0,5.88118e-11,0,0,0,0,0,0,0,0,0.905991,-4.51651e-09,0,0,0,0,0,0,0,0,0,0,0,0,0,0,0,0,-4.51591e-09,0.905991,
2.1684e-12,0.00283633,-0.00669257,-0.000613935,0.000172721,0.000289354,-1.25166e-05,0,0,0.521695,-0.0151119,0.0419926,0.00136717,0.00559891,0.00324543,-0.00318899,0,0,0,0.0671317,-0.000718328,-0.00513167,0.000191289,0.000889525,-6.50961e-05,0,0,-0.0150365,0.631952,-0.00377086,-0.081869,0.00448892,-0.0129357,-0.000910045,0,0,-1.21431e-11,-0.00327227,0.0789957,0.00702672,0.00103142,0.00127825,-5.7162e-05,0,0,0.0431306,-0.00357496,0.462958,-0.0146731,-0.0141656,0.00457347,-0.00217676,0,0,-8.67362e-12,0.00546415,0.00455107,0.00860276,0.00164564,0.00187715,-0.000126435,0,0,0.00172869,-0.0839967,-0.0143941,0.607052,0.0194829,0.0567149,-0.00116756,0,0,4.51028e-11,0.00610941,0.0345374,-0.0129098,-0.0160615,-0.0194875,0.000895528,0,0,0.0563054,0.0438335,-0.140962,0.195084,0.349434,-0.0367378,0.0256472,0,0,-2.77556e-11,0.0628323,0.00256557,-0.0411115,-0.0169669,-0.0266646,0.00208837,0,0,0.0326553,-0.130737,0.0458384,0.568922,-0.0368039,0.407437,-0.00544513,0,0,-4.33681e-13,-0.00242089,0.00155857,0.00407781,0.00173312,0.00415042,0.000943649,0,0,-0.0312248,-0.00892155,-0.0215022,-0.0120585,0.0261851,-0.00557938,0.066379,0,0,0,0,0,-1.20024e-12,1.20024e-12,1.20024e-12,0,0,0,0,0,0,0,0,0,0,0.905991,-4.34637e-09,0,0,1.20024e-12,0,1.20024e-12,0,0,-1.14023e-10,0,0,0,0,0,0,0,0,-4.34577e-09,0.905991,
-3.24322e-07,0.00283441,-0.00664896,-0.000617163,0.000175044,0.000290193,-1.2594e-05,0,0,0.521865,-0.0151171,0.0416633,0.00137399,0.00562271,0.0032521,-0.00318857,0,0,-1.21569e-08,0.0670738,-0.000705673,-0.00521378,0.000187114,0.00088659,-6.5103e-05,0,0,-0.0150415,0.63196,-0.0037837,-0.0818765,0.00449159,-0.0129259,-0.000910726,0,0,-2.1814e-07,-0.00326349,0.0790243,0.00704177,0.00103741,0.00128115,-5.72512e-05,0,0,0.0428028,-0.00358738,0.463038,-0.0146854,-0.0141442,0.00458453,-0.00217915,0,0,8.99471e-08,0.00535798,0.00455811,0.00868013,0.00165609,0.00187202,-0.000126374,0,0,0.00173589,-0.0840067,-0.0144058,0.607053,0.0194783,0.0567112,-0.00116618,0,0,-1.81373e-06,0.0060644,0.0345852,-0.0128496,-0.0161325,-0.0195243,0.000896048,0,0,0.0565446,0.043859,-0.140748,0.195038,0.3495,-0.0367295,0.0256334,0,0,4.15806e-07,0.0628218,0.00258327,-0.041168,-0.0170231,-0.0265376,0.00208704,0,0,0.0327223,-0.130642,0.045949,0.568889,-0.0367958,0.407457,-0.0054469,0,0,4.84972e-08,-0.00241843,0.00156052,0.00407412,0.0017365,0.00415108,0.000945799,0,0,-0.0312213,-0.00892811,-0.0215262,-0.0120452,0.0261717,-0.00558121,0.0663802,0,0,1.20024e-12,0,-2.40048e-12,1.20024e-12,0,1.20024e-12,-2.40048e-12,-2.40048e-12,0,0,0,0,0,0,0,0,0.905991,4.09372e-09,-1.20024e-12,-1.20024e-12,0,0,1.20024e-12,0,0,1.20024e-12,0,0,0,0,0,0,0,0,4.09372e-09,0.905991,
4.33681e-13,0.00283284,-0.00660592,-0.00062008,0.000176081,0.000290708,-1.26713e-05,0,0,0.522034,-0.0151222,0.0413338,0.00138086,0.00564648,0.00325875,-0.00318814,0,0,0,0.0670157,-0.000693012,-0.00529595,0.000182889,0.000883633,-6.51096e-05,0,0,-0.0150466,0.631968,-0.00379657,-0.0818841,0.00449426,-0.012916,-0.000911407,0,0,-1.73472e-12,-0.00325445,0.0790524,0.00705702,0.00104253,0.00128382,-5.73404e-05,0,0,0.0424748,-0.00359983,0.463117,-0.0146977,-0.0141228,0.0045956,-0.00218154,0,0,-1.56125e-11,0.00525159,0.00456534,0.00875749,0.00166689,0.00186696,-0.000126312,0,0,0.00174314,-0.0840166,-0.0144175,0.607054,0.0194737,0.0567075,-0.00116481,0,0,2.08167e-11,0.00602116,0.0346293,-0.0127875,-0.0162108,-0.019563,0.000896565,0,0,0.0567836,0.0438846,-0.140534,0.194992,0.349566,-0.0367211,0.0256196,0,0,3.46945e-11,0.0628106,0.00260179,-0.0412249,-0.0170777,-0.0264099,0.0020857,0,0,0.0327891,-0.130546,0.0460598,0.568856,-0.0367876,0.407478,-0.00544867,0,0,-1.30104e-12,-0.00241602,0.00156257,0.00407037,0.00174008,0.00415177,0.000947949,0,0,-0.0312177,-0.00893467,-0.0215502,-0.0120319,0.0261582,-0.00558303,0.0663813,0,0,0,2.40048e-12,0,2.40048e-12,0,0,0,0,0,0,0,0,0,0,0,0,0.905991,3.9803e-09,0,1.20024e-12,1.20024e-12,1.20024e-12,1.20024e-12,1.20024e-12,0,0,0,0,0,0,0,0,0,0,3.9809e-09,0.905991,
4.33681e-13,0.00283032,-0.00656184,-0.000622683,0.000177777,0.000291872,-1.20979e-05,0,0,0.522202,-0.0151273,0.0410041,0.00138777,0.00567022,0.00326537,-0.00318771,0,0,2.77556e-11,0.0669574,-0.000680284,-0.00537819,0.000178687,0.00088069,-6.50917e-05,0,0,-0.0150516,0.631975,-0.00380947,-0.0818916,0.00449692,-0.0129062,-0.000912088,0,0,1.21431e-11,-0.00324603,0.0790811,0.00707248,0.00104809,0.00128692,-5.69905e-05,0,0,0.0421466,-0.0036123,0.463197,-0.0147099,-0.0141014,0.00460667,-0.00218394,0,0,-2.08167e-11,0.00514534,0.00457229,0.00883483,0.00167751,0.00186171,-0.000126431,0,0,0.00175043,-0.0840266,-0.0144292,0.607055,0.0194691,0.0567038,-0.00116344,0,0,1.73472e-11,0.00597242,0.0346787,-0.0127235,-0.0162855,-0.0195979,0.000900728,0,0,0.0570222,0.0439101,-0.140319,0.194946,0.349632,-0.0367127,0.0256058,0,0,4.16334e-11,0.0628006,0.00261903,-0.041282,-0.0171331,-0.0262829,0.00208352,0,0,0.0328557,-0.130451,0.0461706,0.568822,-0.0367795,0.407498,-0.00545044,0,0,0,-0.00241345,0.00156449,0.00406655,0.00174355,0.00415236,0.000950003,0,0,-0.031214,-0.00894123,-0.0215742,-0.0120185,0.0261447,-0.00558486,0.0663825,0,0,0,2.40048e-12,0,0,-2.40048e-12,-2.40048e-12,0,0,0,0,0,0,0,0,0,0,0.905991,3.9701e-09,0,0,0,0,0,0,0,0,0,0,0,0,0,0,0,0,3.9695e-09,0.905991,
4.33681e-13,0.00282881,-0.00651802,-0.000625624,0.00017981,0.000292385,-1.25e-05,0,0,0.52237,-0.0151324,0.0406743,0.00139472,0.00569393,0.00327196,-0.00318727,0,0,0,0.0668989,-0.000667539,-0.00546053,0.000174496,0.000877712,-6.51102e-05,0,0,-0.0150567,0.631983,-0.0038224,-0.0818992,0.00449959,-0.0128964,-0.000912769,0,0,-5.20417e-12,-0.00323692,0.0791095,0.00708772,0.00105389,0.00128959,-5.72983e-05,0,0,0.0418183,-0.0036248,0.463276,-0.0147221,-0.0140799,0.00461775,-0.00218633,0,0,2.60209e-11,0.00503869,0.00457935,0.00891233,0.00168805,0.00185662,-0.000126278,0,0,0.00175776,-0.0840366,-0.0144408,0.607057,0.0194645,0.0567,-0.00116207,0,0,-2.42861e-11,0.0059291,0.0347262,-0.0126612,-0.0163583,-0.0196365,0.000899422,0,0,0.0572605,0.0439357,-0.140103,0.1949,0.349698,-0.0367043,0.025592,0,0,-6.93889e-12,0.0627892,0.00263667,-0.0413386,-0.0171889,-0.0261547,0.00208259,0,0,0.032922,-0.130355,0.0462815,0.568789,-0.0367713,0.407519,-0.00545221,0,0,1.30104e-12,-0.00241103,0.00156646,0.00406277,0.00174696,0.00415304,0.000952202,0,0,-0.0312102,-0.00894779,-0.0215982,-0.0120052,0.0261313,-0.0055867,0.0663836,0,0,0,0,0,-1.20024e-12,-1.20024e-12,0,1.20024e-12,0,0,0,0,0,0,0,0,0,0.905991,4.04991e-09,0,2.40048e-12,0,0,-1.20024e-12,-2.40048e-12,0,0,0,0,0,0,0,0,0,0,4.05051e-09,0.905991,
-4.33681e-13,0.00282699,-0.00647444,-0.000628903,0.000181203,0.00029355,-1.25767e-05,0,0,0.522538,-0.0151376,0.0403443,0.00140172,0.0057176,0.00327853,-0.00318682,0,0,0,0.0668402,-0.000654775,-0.00554296,0.000170278,0.000874749,-6.51163e-05,0,0,-0.0150617,0.631991,-0.00383535,-0.0819068,0.00450225,-0.0128865,-0.000913449,0,0,0,-0.003228,0.0791376,0.00710273,0.00105925,0.00129269,-5.73865e-05,0,0,0.0414899,-0.00363733,0.463355,-0.0147343,-0.0140584,0.00462884,-0.00218873,0,0,2.60209e-11,0.004932,0.0045865,0.00899,0.00169877,0.00185134,-0.000126216,0,0,0.00176513,-0.0840467,-0.0144525,0.607058,0.0194599,0.0566963,-0.0011607,0,0,0,0.00588391,0.0347717,-0.0126006,-0.0164347,-0.0196714,0.000899937,0,0,0.0574985,0.0439612,-0.139888,0.194854,0.349764,-0.0366959,0.0255782,0,0,-2.77556e-11,0.062778,0.00265471,-0.0413946,-0.0172438,-0.0260272,0.00208124,0,0,0.0329881,-0.13026,0.0463924,0.568755,-0.0367632,0.40754,-0.00545398,0,0,3.03577e-12,-0.00240854,0.00156849,0.00405903,0.00175046,0.00415362,0.000954354,0,0,-0.0312064,-0.00895435,-0.0216223,-0.0119919,0.0261178,-0.00558853,0.0663848,0,0,0,0,0,0,0,0,0,0,0,0,0,0,0,0,0,0,0.905991,4.22545e-09,0,0,1.20024e-12,-1.20024e-12,1.20024e-12,0,0,0,0,0,0,0,0,0,0,0,4.22605e-09,0.905991,
-3.26863e-07,0.00282519,-0.00642981,-0.000631541,0.000183259,0.000294062,-1.23264e-05,0,0,0.522705,-0.0151427,0.0400142,0.00140875,0.00574124,0.00328508,-0.00318637,0,0,-1.2379e-08,0.0667814,-0.000641944,-0.00562544,0.000166084,0.00087175,-6.51099e-05,0,0,-0.0150667,0.631999,-0.00384833,-0.0819144,0.00450492,-0.0128767,-0.000914129,0,0,-2.21373e-07,-0.00321904,0.0791663,0.00711817,0.00106506,0.00129535,-5.72533e-05,0,0,0.0411612,-0.00364988,0.463434,-0.0147465,-0.0140368,0.00463993,-0.00219112,0,0,9.1439e-08,0.00482519,0.00459338,0.00906755,0.00170931,0.00184624,-0.000126245,0,0,0.00177255,-0.0840568,-0.0144641,0.607059,0.0194552,0.0566926,-0.00115933,0,0,-1.83831e-06,0.00583868,0.0348227,-0.0125363,-0.0165074,-0.0197099,0.000902289,0,0,0.0577362,0.0439868,-0.139672,0.194807,0.34983,-0.0366875,0.0255644,0,0,4.20358e-07,0.0627667,0.00267146,-0.0414514,-0.0172996,-0.0258985,0.00207946,0,0,0.0330539,-0.130164,0.0465034,0.568722,-0.036755,0.40756,-0.00545576,0,0,4.91243e-08,-0.00240606,0.00157038,0.00405517,0.00175386,0.00415428,0.000956456,0,0,-0.0312026,-0.0089609,-0.0216463,-0.0119786,0.0261043,-0.00559037,0.0663859,0,0,0,0,0,0,-1.20024e-12,0,3.60072e-12,0,0,0,0,0,0,0,0,0,0.905991,-4.51531e-09,0,0,0,0,-1.20024e-12,0,2.40048e-12,0,0,0,0,0,0,0,0,0,-4.51591e-09,0.905991,
4.33681e-13,0.00282342,-0.00638609,-0.000634518,0.000185,0.000295554,-1.27299e-05,0,0,0.522873,-0.0151478,0.0396839,0.00141583,0.00576484,0.0032916,-0.00318591,0,0,0,0.0667223,-0.000629121,-0.00570802,0.000161876,0.000868778,-6.51281e-05,0,0,-0.0150718,0.632007,-0.00386134,-0.0819221,0.00450758,-0.0128668,-0.00091481,0,0,6.93889e-12,-0.00321005,0.0791943,0.00713338,0.00107065,0.00129866,-5.75628e-05,0,0,0.0408325,-0.00366247,0.463513,-0.0147586,-0.0140152,0.00465103,-0.00219352,0,0,-3.46945e-12,0.00471824,0.00460054,0.00914526,0.00171994,0.00184084,-0.00012609,0,0,0.00178,-0.0840669,-0.0144756,0.60706,0.0194506,0.0566888,-0.00115796,0,0,-1.73472e-11,0.00579341,0.034868,-0.0124737,-0.0165819,-0.0197428,0.000900961,0,0,0.0579735,0.0440123,-0.139455,0.194761,0.349896,-0.0366791,0.0255506,0,0,-8.32667e-11,0.0627552,0.00268946,-0.0415076,-0.0173549,-0.0257709,0.00207851,0,0,0.0331194,-0.130068,0.0466144,0.568688,-0.0367468,0.407581,-0.00545753,0,0,-3.03577e-12,-0.00240356,0.00157243,0.00405134,0.0017573,0.00415478,0.000958657,0,0,-0.0311986,-0.00896745,-0.0216704,-0.0119652,0.0260909,-0.0055922,0.066387,0,0,0,0,0,0,-1.20024e-12,0,-1.20024e-12,0,0,0,0,0,0,0,0,0,0.905991,-4.66504e-09,0,2.40048e-12,0,-2.40048e-12,-2.40048e-12,0,-2.40048e-12,0,0,0,0,0,0,0,0,0,-4.66534e-09,0.905991,
-1.30104e-12,0.00282168,-0.00634197,-0.000637836,0.00018708,0.000296393,-1.31343e-05,0,0,0.523039,-0.0151529,0.0393534,0.00142295,0.00578842,0.00329809,-0.00318544,0,0,-2.77556e-11,0.0666631,-0.000616254,-0.00579069,0.000157678,0.000865771,-6.51462e-05,0,0,-0.0150768,0.632015,-0.00387438,-0.0819298,0.00451025,-0.0128569,-0.000915489,0,0,-5.20417e-12,-0.00320102,0.0792224,0.00714836,0.00107648,0.00130154,-5.78734e-05,0,0,0.0405035,-0.00367507,0.463592,-0.0147707,-0.0139936,0.00466213,-0.00219592,0,0,-1.38778e-11,0.00461116,0.00460762,0.00922313,0.00173048,0.00183561,-0.000125935,0,0,0.0017875,-0.084077,-0.0144872,0.607062,0.0194459,0.0566851,-0.00115659,0,0,3.1225e-11,0.00574809,0.034915,-0.0124129,-0.0166545,-0.0197794,0.000899621,0,0,0.0582105,0.0440379,-0.139239,0.194715,0.349962,-0.0366706,0.0255368,0,0,4.85723e-11,0.0627436,0.00270701,-0.0415633,-0.0174107,-0.0256422,0.00207757,0,0,0.0331847,-0.129973,0.0467256,0.568654,-0.0367386,0.407602,-0.00545931,0,0,-3.90313e-12,-0.00240106,0.00157443,0.00404755,0.00176068,0.00415538,0.000960859,0,0,-0.0311946,-0.008974,-0.0216945,-0.0119519,0.0260774,-0.00559404,0.0663882,0,0,0,-1.20024e-12,-1.20024e-12,-1.20024e-12,-1.20024e-12,1.20024e-12,-1.20024e-12,0,0,0,0,0,0,0,0,0,0.905991,-4.65484e-09,0,1.20024e-12,0,1.20024e-12,-1.20024e-12,0,-1.20024e-12,1.15223e-10,0,0,0,0,0,0,0,0,-4.65574e-09,0.905991,
3.28376e-07,0.00281996,-0.00629778,-0.000640838,0.000188187,0.000296904,-1.25545e-05,0,0,0.523206,-0.0151581,0.0390228,0.00143011,0.00581196,0.00330456,-0.00318497,0,0,1.25455e-08,0.0666037,-0.000603358,-0.00587342,0.000153442,0.000862741,-6.51266e-05,0,0,-0.0150818,0.632023,-0.00388745,-0.0819375,0.00451291,-0.0128471,-0.000916169,0,0,2.23334e-07,-0.00319196,0.0792504,0.00716355,0.00108164,0.00130418,-5.75154e-05,0,0,0.0401744,-0.00368771,0.463671,-0.0147828,-0.0139719,0.00467324,-0.00219832,0,0,-9.23359e-08,0.00450395,0.0046147,0.00930099,0.00174129,0.00183047,-0.000126055,0,0,0.00179504,-0.0840872,-0.0144987,0.607063,0.0194413,0.0566813,-0.00115522,0,0,1.85307e-06,0.00570272,0.034962,-0.0123501,-0.0167327,-0.0198178,0.000903828,0,0,0.0584472,0.0440634,-0.139021,0.194668,0.350029,-0.0366622,0.025523,0,0,-4.23328e-07,0.0627318,0.00272454,-0.0416193,-0.0174651,-0.0255128,0.00207535,0,0,0.0332498,-0.129877,0.0468367,0.568621,-0.0367305,0.407622,-0.00546109,0,0,-4.95238e-08,-0.00239856,0.00157645,0.00404369,0.00176421,0.00415602,0.000962912,0,0,-0.0311905,-0.00898055,-0.0217186,-0.0119386,0.0260639,-0.00559588,0.0663893,0,0,0,0,0,0,0,0,0,0,0,0,0,0,0,0,0,0,0.905991,-4.5042e-09,0,1.20024e-12,-1.20024e-12,1.20024e-12,1.20024e-12,1.20024e-12,0,0,0,0,0,0,0,0,0,0,-4.5051e-09,0.905991,
-4.33681e-13,0.00281794,-0.00625384,-0.000643853,0.000190287,0.000298071,-1.29593e-05,0,0,0.523372,-0.0151632,0.0386921,0.00143732,0.00583547,0.003311,-0.00318449,0,0,0,0.0665441,-0.000590444,-0.00595624,0.000149242,0.000859725,-6.51444e-05,0,0,-0.0150869,0.632032,-0.00390054,-0.0819452,0.00451558,-0.0128372,-0.000916848,0,0,-5.20417e-12,-0.00318309,0.0792781,0.00717874,0.00108749,0.00130727,-5.78265e-05,0,0,0.0398452,-0.00370037,0.463749,-0.0147948,-0.0139502,0.00468436,-0.00220073,0,0,3.1225e-11,0.00439671,0.00462188,0.00937891,0.00175184,0.00182512,-0.000125899,0,0,0.00180262,-0.0840974,-0.0145102,0.607064,0.0194366,0.0566775,-0.00115384,0,0,0,0.00565546,0.0350069,-0.0122872,-0.0168052,-0.0198524,0.000902479,0,0,0.0586836,0.0440889,-0.138804,0.194621,0.350095,-0.0366537,0.0255092,0,0,-5.55112e-11,0.0627203,0.00274247,-0.0416752,-0.0175208,-0.025384,0.00207439,0,0,0.0333146,-0.129781,0.046948,0.568587,-0.0367223,0.407643,-0.00546287,0,0,4.77049e-12,-0.002396,0.00157852,0.00403982,0.00176757,0.00415655,0.000965114,0,0,-0.0311864,-0.00898709,-0.0217427,-0.0119253,0.0260505,-0.00559773,0.0663905,0,0,0,0,0,1.20024e-12,-1.20024e-12,-1.20024e-12,1.20024e-12,0,0,0,0,0,0,0,0,0,0.905991,4.25425e-09,0,0,0,0,0,0,0,0,0,0,0,0,0,0,0,0,4.25515e-09,0.905991,
3.29375e-07,0.0028166,-0.00620884,-0.000646552,0.00019207,0.000298582,-1.3365e-05,0,0,0.523537,-0.0151683,0.0383612,0.00144456,0.00585894,0.00331742,-0.00318401,0,0,1.26288e-08,0.0664843,-0.000577461,-0.00603912,0.000145028,0.000856672,-6.51622e-05,0,0,-0.0150919,0.63204,-0.00391366,-0.081953,0.00451824,-0.0128273,-0.000917527,0,0,2.24628e-07,-0.00317374,0.0793065,0.00719413,0.00109311,0.00130991,-5.8139e-05,0,0,0.0395158,-0.00371306,0.463827,-0.0148069,-0.0139284,0.00469548,-0.00220313,0,0,-9.29413e-08,0.00428915,0.00462878,0.00945681,0.00176247,0.00181995,-0.000125742,0,0,0.00181024,-0.0841076,-0.0145217,0.607065,0.0194319,0.0566737,-0.00115247,0,0,1.86292e-06,0.00561187,0.0350573,-0.0122224,-0.0168796,-0.0198907,0.000901118,0,0,0.0589197,0.0441145,-0.138586,0.194575,0.350161,-0.0366453,0.0254954,0,0,-4.25077e-07,0.0627078,0.0027591,-0.0417314,-0.0175761,-0.0252541,0.00207343,0,0,0.0333792,-0.129685,0.0470593,0.568553,-0.0367141,0.407664,-0.00546466,0,0,-4.97666e-08,-0.00239353,0.00158045,0.00403589,0.00177098,0.00415717,0.000967317,0,0,-0.0311822,-0.00899363,-0.0217669,-0.011912,0.026037,-0.00559957,0.0663916,0,0,0,0,0,0,-1.20024e-12,0,0,0,0,0,0,0,0,0,0,0,0.905991,4.15433e-09,0,0,0,0,1.20024e-12,0,0,0,0,0,0,0,0,0,0,0,4.15343e-09,0.905991,
-3.29871e-07,0.00281496,-0.00616442,-0.000649921,0.000193862,0.000299091,-1.31119e-05,0,0,0.523703,-0.0151734,0.0380301,0.00145185,0.00588239,0.00332382,-0.00318351,0,0,-1.27398e-08,0.0664244,-0.000564474,-0.00612211,0.000140813,0.000853608,-6.51544e-05,0,0,-0.0150969,0.632049,-0.00392681,-0.0819607,0.00452091,-0.0128174,-0.000918206,0,0,-2.25297e-07,-0.00316457,0.0793343,0.00720907,0.00109874,0.00131254,-5.80021e-05,0,0,0.0391863,-0.00372578,0.463905,-0.0148189,-0.0139067,0.00470661,-0.00220554,0,0,9.3231e-08,0.00418156,0.00463588,0.00953497,0.00177311,0.00181476,-0.00012577,0,0,0.0018179,-0.0841178,-0.0145331,0.607066,0.0194273,0.0566699,-0.0011511,0,0,-1.8679e-06,0.00556637,0.0351039,-0.0121611,-0.016954,-0.019929,0.00090348,0,0,0.0591554,0.04414,-0.138368,0.194528,0.350227,-0.0366368,0.0254816,0,0,4.25944e-07,0.0626955,0.00277656,-0.0417866,-0.0176313,-0.0251239,0.00207162,0,0,0.0334435,-0.129589,0.0471706,0.568519,-0.0367059,0.407684,-0.00546644,0,0,4.99006e-08,-0.00239101,0.00158249,0.00403203,0.00177439,0.00415778,0.00096942,0,0,-0.0311779,-0.00900017,-0.021791,-0.0118986,0.0260235,-0.00560142,0.0663928,0,0,0,1.20024e-12,-1.20024e-12,-1.20024e-12,0,1.20024e-12,0,0,0,0,0,0,0,0,0,0,0.905991,4.16604e-09,0,0,0,0,-1.20024e-12,0,-1.20024e-12,0,0,0,0,0,0,0,0,0,4.16634e-09,0.905991,
3.3037e-07,0.00281334,-0.00612026,-0.00065231,0.000195671,0.000299926,-1.28577e-05,0,0,0.523868,-0.0151785,0.0376989,0.00145918,0.0059058,0.00333018,-0.00318301,0,0,1.27398e-08,0.0663642,-0.000551469,-0.00620514,0.000136596,0.00085055,-6.51464e-05,0,0,-0.015102,0.632057,-0.00393999,-0.0819686,0.00452357,-0.0128075,-0.000918885,0,0,2.2593e-07,-0.00315537,0.0793618,0.00722468,0.00110438,0.00131539,-5.78637e-05,0,0,0.0388566,-0.00373853,0.463983,-0.0148309,-0.0138848,0.00471775,-0.00220794,0,0,-9.35415e-08,0.00407383,0.00464307,0.00961291,0.00178375,0.00180947,-0.000125798,0,0,0.00182561,-0.0841281,-0.0145446,0.607068,0.0194226,0.0566661,-0.00114973,0,0,1.87283e-06,0.00552083,0.0351485,-0.0120942,-0.0170283,-0.0199654,0.000905849,0,0,0.0593909,0.0441655,-0.138149,0.194481,0.350293,-0.0366284,0.0254678,0,0,-4.26895e-07,0.0626831,0.00279443,-0.0418429,-0.0176865,-0.0249939,0.0020698,0,0,0.0335075,-0.129493,0.047282,0.568485,-0.0366976,0.407705,-0.00546823,0,0,-5.00212e-08,-0.00238848,0.00158458,0.00402802,0.00177778,0.00415833,0.000971523,0,0,-0.0311736,-0.00900671,-0.0218152,-0.0118853,0.0260101,-0.00560327,0.0663939,0,0,0,0,-1.20024e-12,0,0,0,0,0,0,0,0,0,0,0,0,0,0.905991,4.28276e-09,1.20024e-12,-2.40048e-12,2.40048e-12,0,0,2.40048e-12,2.40048e-12,0,0,0,0,0,0,0,0,0,4.28306e-09,0.905991,
3.30864e-07,0.00281175,-0.00607604,-0.000656034,0.000197161,0.000301093,-1.29334e-05,0,0,0.524032,-0.0151836,0.0373675,0.00146656,0.00592918,0.00333653,-0.00318251,0,0,1.27676e-08,0.0663039,-0.000538433,-0.0062883,0.000132366,0.000847494,-6.5151e-05,0,0,-0.015107,0.632066,-0.0039532,-0.0819764,0.00452623,-0.0127976,-0.000919564,0,0,2.26605e-07,-0.00314614,0.0793892,0.00723938,0.00110981,0.00131847,-5.79505e-05,0,0,0.0385267,-0.0037513,0.464061,-0.0148428,-0.013863,0.00472889,-0.00221035,0,0,-9.3819e-08,0.00396598,0.00465027,0.0096913,0.00179448,0.00180408,-0.000125733,0,0,0.00183336,-0.0841384,-0.0145559,0.607069,0.0194179,0.0566623,-0.00114836,0,0,1.87776e-06,0.00547525,0.0351929,-0.0120347,-0.0171044,-0.0199999,0.000906347,0,0,0.059626,0.044191,-0.13793,0.194434,0.350359,-0.0366199,0.025454,0,0,-4.27894e-07,0.0626706,0.00281227,-0.0418974,-0.0177413,-0.0248641,0.0020684,0,0,0.0335713,-0.129397,0.0473935,0.56845,-0.0366894,0.407726,-0.00547002,0,0,-5.0147e-08,-0.00238594,0.00158669,0.00402418,0.00178122,0.00415883,0.000973677,0,0,-0.0311692,-0.00901324,-0.0218393,-0.011872,0.0259966,-0.00560512,0.066395,0,0,2.40048e-12,0,-1.20024e-12,-1.20024e-12,-2.40048e-12,-1.20024e-12,0,-1.20024e-12,0,0,0,0,0,0,0,0,0.905991,-4.51471e-09,3.60072e-12,0,-2.40048e-12,-3.60072e-12,-3.60072e-12,-1.20024e-12,2.40048e-12,-1.12823e-10,0,0,0,0,0,0,0,0,-4.51471e-09,0.905991,
0,0.00281051,-0.00603108,-0.000658447,0.000198991,0.000301929,-1.30091e-05,0,0,0.524196,-0.0151887,0.037036,0.00147397,0.00595252,0.00334284,-0.003182,0,0,0,0.0662433,-0.000525342,-0.00637148,0.000128147,0.000844415,-6.51554e-05,0,0,-0.015112,0.632074,-0.00396644,-0.0819843,0.0045289,-0.0127877,-0.000920242,0,0,3.46945e-12,-0.00313664,0.079417,0.00725496,0.00111547,0.00132131,-5.80372e-05,0,0,0.0381967,-0.0037641,0.464138,-0.0148548,-0.0138411,0.00474003,-0.00221276,0,0,8.67362e-12,0.0038579,0.00465729,0.00976938,0.00180512,0.00179876,-0.000125667,0,0,0.00184115,-0.0841488,-0.0145673,0.60707,0.0194132,0.0566585,-0.00114699,0,0,2.77556e-11,0.00543151,0.035241,-0.0119676,-0.0171787,-0.0200362,0.000906843,0,0,0.0598607,0.0442166,-0.13771,0.194387,0.350426,-0.0366114,0.0254402,0,0,-6.93889e-12,0.0626574,0.00282923,-0.0419535,-0.0177965,-0.0247336,0.00206699,0,0,0.0336349,-0.129301,0.047505,0.568416,-0.0366812,0.407747,-0.00547181,0,0,1.21431e-11,-0.00238345,0.0015887,0.00402014,0.0017846,0.00415936,0.000975831,0,0,-0.0311647,-0.00901978,-0.0218635,-0.0118587,0.0259832,-0.00560697,0.0663962,0,0,0,1.20024e-12,-1.20024e-12,0,-1.20024e-12,-2.40048e-12,0,0,0,0,0,0,0,0,0,0,0.905991,-4.60112e-09,0,-1.20024e-12,0,0,0,1.20024e-12,0,0,0,0,0,0,0,0,0,0,-4.60022e-09,0.905991,
1.73472e-12,0.00280864,-0.00598605,-0.000662199,0.000200831,0.000302765,-1.30847e-05,0,0,0.52436,-0.0151938,0.0367043,0.00148143,0.00597583,0.00334913,-0.00318148,0,0,5.55112e-11,0.0661826,-0.000512221,-0.00645479,0.000123927,0.000841325,-6.51597e-05,0,0,-0.0151171,0.632083,-0.0039797,-0.0819922,0.00453156,-0.0127778,-0.00092092,0,0,0,-0.00312757,0.0794447,0.00726963,0.00112113,0.00132416,-5.81238e-05,0,0,0.0378665,-0.00377692,0.464216,-0.0148667,-0.0138191,0.00475118,-0.00221517,0,0,-1.73472e-12,0.00374989,0.00466431,0.00984791,0.00181576,0.00179343,-0.000125601,0,0,0.00184898,-0.0841591,-0.0145786,0.607071,0.0194084,0.0566547,-0.00114562,0,0,2.08167e-11,0.00538396,0.035289,-0.0119079,-0.0172529,-0.0200724,0.000907337,0,0,0.0600952,0.0442421,-0.13749,0.19434,0.350492,-0.0366029,0.0254264,0,0,7.63278e-11,0.062645,0.00284617,-0.0420078,-0.0178517,-0.0246029,0.00206558,0,0,0.0336982,-0.129205,0.0476166,0.568382,-0.0366729,0.407767,-0.00547361,0,0,8.67362e-13,-0.00238085,0.00159072,0.00401627,0.00178797,0.00415989,0.000977985,0,0,-0.0311602,-0.00902631,-0.0218877,-0.0118454,0.0259697,-0.00560882,0.0663973,0,0,0,-1.20024e-12,1.20024e-12,0,0,1.20024e-12,1.20024e-12,0,0,0,0,0,0,0,0,0,0.905991,-4.53871e-09,0,0,0,0,0,0,0,0,0,0,0,0,0,0,0,0,-4.53871e-09,0.905991,
-8.67362e-13,0.00280746,-0.00594161,-0.000664968,0.000203014,0.00030327,-1.34926e-05,0,0,0.524523,-0.015199,0.0363724,0.00148893,0.00599911,0.0033554,-0.00318095,0,0,-2.77556e-11,0.0661217,-0.000499096,-0.00653813,0.000119719,0.000838211,-6.51767e-05,0,0,-0.0151221,0.632092,-0.00399299,-0.0820001,0.00453422,-0.0127679,-0.000921598,0,0,3.46945e-12,-0.003118,0.0794719,0.00728497,0.00112703,0.00132677,-5.84389e-05,0,0,0.0375362,-0.00378977,0.464293,-0.0148786,-0.0137971,0.00476234,-0.00221759,0,0,-1.04083e-11,0.00364155,0.00467152,0.00992623,0.0018263,0.00178818,-0.00012544,0,0,0.00185686,-0.0841695,-0.01459,0.607072,0.0194037,0.0566508,-0.00114425,0,0,-6.93889e-12,0.00534014,0.0353331,-0.0118424,-0.0173252,-0.0201105,0.000905935,0,0,0.0603293,0.0442676,-0.13727,0.194293,0.350558,-0.0365944,0.0254126,0,0,-1.38778e-11,0.0626315,0.00286395,-0.0420632,-0.0179072,-0.0244715,0.0020646,0,0,0.0337612,-0.129109,0.0477282,0.568347,-0.0366647,0.407788,-0.0054754,0,0,-5.20417e-12,-0.00237835,0.00159285,0.00401224,0.00179129,0.00416046,0.000980189,0,0,-0.0311556,-0.00903284,-0.0219119,-0.011832,0.0259562,-0.00561068,0.0663985,0,0,0,0,0,1.20024e-12,-1.20024e-12,1.20024e-12,-1.20024e-12,0,0,0,0,0,0,0,0,0,0.905991,-4.35537e-09,0,0,0,0,0,0,0,0,0,0,0,0,0,0,0,0,-4.35537e-09,0.905991,
-2.1684e-12,0.00280598,-0.00589644,-0.000668082,0.000204875,0.000304106,-1.35685e-05,0,0,0.524686,-0.0152041,0.0360404,0.00149647,0.00602236,0.00336164,-0.00318042,0,0,0,0.0660606,-0.000485915,-0.00662157,0.000115497,0.0008351,-6.51806e-05,0,0,-0.0151271,0.632101,-0.00400631,-0.0820081,0.00453688,-0.012758,-0.000922275,0,0,2.60209e-11,-0.00310862,0.0794995,0.00730007,0.00113271,0.0013296,-5.8526e-05,0,0,0.0372057,-0.00380266,0.46437,-0.0148904,-0.0137751,0.0047735,-0.00222,0,0,-3.46945e-12,0.00353319,0.00467855,0.0100047,0.00183694,0.00178282,-0.000125373,0,0,0.00186477,-0.08418,-0.0146012,0.607073,0.019399,0.056647,-0.00114288,0,0,-2.08167e-11,0.00529439,0.0353809,-0.0117787,-0.0173993,-0.0201467,0.000906419,0,0,0.0605631,0.0442931,-0.137049,0.194246,0.350624,-0.0365859,0.0253988,0,0,-3.46945e-11,0.0626183,0.00288083,-0.0421181,-0.0179624,-0.0243402,0.00206318,0,0,0.033824,-0.129013,0.0478399,0.568313,-0.0366565,0.407809,-0.0054772,0,0,6.50521e-12,-0.00237579,0.00159488,0.00400825,0.00179464,0.00416096,0.000982343,0,0,-0.031151,-0.00903936,-0.0219362,-0.0118187,0.0259428,-0.00561254,0.0663996,0,0,0,-1.20024e-12,0,1.20024e-12,-1.20024e-12,1.20024e-12,-1.20024e-12,-1.20024e-12,0,0,0,0,0,0,0,0,0.905991,4.09192e-09,0,0,0,0,0,-1.20024e-12,1.20024e-12,0,0,0,0,0,0,0,0,0,4.09252e-09,0.905991,
3.33322e-07,0.00280385,-0.00585152,-0.000671541,0.000206415,0.000305275,-1.36445e-05,0,0,0.524849,-0.0152092,0.0357082,0.00150406,0.00604557,0.00336785,-0.00317988,0,0,1.30729e-08,0.0659993,-0.000472716,-0.00670509,0.00011126,0.000831992,-6.51844e-05,0,0,-0.0151321,0.63211,-0.00401966,-0.0820161,0.00453955,-0.0127481,-0.000922952,0,0,2.29889e-07,-0.00309967,0.0795267,0.00731493,0.00113817,0.00133266,-5.8613e-05,0,0,0.0368751,-0.00381556,0.464447,-0.0149022,-0.013753,0.00478467,-0.00222242,0,0,-9.53595e-08,0.00342488,0.00468568,0.0100833,0.00184768,0.00177736,-0.000125306,0,0,0.00187273,-0.0841904,-0.0146125,0.607075,0.0193942,0.0566432,-0.00114151,0,0,1.90255e-06,0.0052448,0.0354267,-0.0117169,-0.0174753,-0.0201809,0.0009069,0,0,0.0607966,0.0443186,-0.136828,0.194198,0.35069,-0.0365774,0.025385,0,0,-4.3239e-07,0.0626059,0.00289813,-0.0421724,-0.018017,-0.0242092,0.00206175,0,0,0.0338865,-0.128917,0.0479517,0.568278,-0.0366482,0.40783,-0.005479,0,0,-5.07836e-08,-0.00237312,0.00159698,0.00400429,0.00179805,0.00416141,0.000984498,0,0,-0.0311462,-0.00904589,-0.0219604,-0.0118054,0.0259293,-0.0056144,0.0664008,0,0,0,0,1.20024e-12,0,-2.40048e-12,1.20024e-12,-1.20024e-12,1.20024e-12,0,0,0,0,0,0,0,0,0.905991,3.9704e-09,0,1.20024e-12,2.40048e-12,0,-2.40048e-12,1.20024e-12,-1.20024e-12,1.15223e-10,0,0,0,0,0,0,0,0,3.9704e-09,0.905991,
-3.33809e-07,0.00280275,-0.00580687,-0.000674681,0.000208964,0.000305778,-1.33865e-05,0,0,0.525011,-0.0152143,0.0353759,0.00151168,0.00606876,0.00337404,-0.00317934,0,0,-1.31284e-08,0.0659378,-0.000459501,-0.00678868,0.000107062,0.000828846,-6.51749e-05,0,0,-0.0151371,0.632119,-0.00403303,-0.0820241,0.00454221,-0.0127381,-0.00092363,0,0,-2.30538e-07,-0.00309,0.0795537,0.00733001,0.00114432,0.00133526,-5.84694e-05,0,0,0.0365443,-0.0038285,0.464524,-0.014914,-0.0137309,0.00479585,-0.00222483,0,0,9.56474e-08,0.00331616,0.00469291,0.010162,0.00185813,0.00177207,-0.000125334,0,0,0.00188073,-0.0842009,-0.0146237,0.607076,0.0193895,0.0566393,-0.00114014,0,0,-1.90751e-06,0.00520086,0.0354704,-0.011653,-0.0175455,-0.0202189,0.000909286,0,0,0.0610298,0.0443441,-0.136607,0.194151,0.350757,-0.0365688,0.0253712,0,0,4.33369e-07,0.0625919,0.00291584,-0.042227,-0.018073,-0.024077,0.00205989,0,0,0.0339488,-0.12882,0.0480635,0.568244,-0.0366399,0.407851,-0.0054808,0,0,5.0912e-08,-0.0023706,0.00159913,0.00400027,0.00180129,0.00416195,0.000986601,0,0,-0.0311415,-0.00905241,-0.0219846,-0.0117921,0.0259159,-0.00561626,0.0664019,0,0,2.40048e-12,0,0,-2.40048e-12,2.40048e-12,0,2.40048e-12,0,0,0,0,0,0,0,0,0,0.905991,3.95209e-09,1.20024e-12,0,0,-1.20024e-12,1.20024e-12,0,1.20024e-12,0,0,0,0,0,0,0,0,0,3.95209e-09,0.905991,
-3.34297e-07,0.00280134,-0.00576214,-0.000677833,0.000210522,0.000306949,-1.41304e-05,0,0,0.525173,-0.0152194,0.0350435,0.00151935,0.0060919,0.0033802,-0.00317878,0,0,-1.31839e-08,0.0658762,-0.000446255,-0.00687235,0.000102823,0.000825715,-6.52045e-05,0,0,-0.0151422,0.632128,-0.00404644,-0.0820321,0.00454487,-0.0127282,-0.000924306,0,0,-2.31199e-07,-0.00308051,0.0795805,0.00734508,0.0011498,0.00133832,-5.90181e-05,0,0,0.0362134,-0.00384146,0.4646,-0.0149258,-0.0137088,0.00480703,-0.00222725,0,0,9.5977e-08,0.00320741,0.00470015,0.0102406,0.00186887,0.00176658,-0.000125074,0,0,0.00188877,-0.0842115,-0.0146349,0.607077,0.0193847,0.0566354,-0.00113877,0,0,-1.91243e-06,0.00515498,0.035514,-0.0115891,-0.0176214,-0.020253,0.000905943,0,0,0.0612626,0.0443696,-0.136385,0.194103,0.350823,-0.0365603,0.0253574,0,0,4.34285e-07,0.0625783,0.00293352,-0.0422814,-0.0181276,-0.0239455,0.00205932,0,0,0.0340108,-0.128724,0.0481753,0.568209,-0.0366317,0.407872,-0.00548261,0,0,5.10351e-08,-0.00236802,0.00160129,0.00399623,0.00180467,0.00416238,0.000988857,0,0,-0.0311366,-0.00905893,-0.0220089,-0.0117788,0.0259024,-0.00561812,0.066403,0,0,0,1.20024e-12,0,1.20024e-12,-2.40048e-12,2.40048e-12,-1.20024e-12,0,0,0,0,0,0,0,0,0,0.905991,4.02471e-09,0,0,0,2.40048e-12,-3.60072e-12,2.40048e-12,-3.60072e-12,0,0,0,0,0,0,0,0,0,4.02411e-09,0.905991,
3.34777e-07,0.00280029,-0.00571667,-0.000680662,0.000212424,0.000307787,-1.42066e-05,0,0,0.525335,-0.0152245,0.0347108,0.00152707,0.00611502,0.00338634,-0.00317823,0,0,1.31839e-08,0.0658143,-0.000432953,-0.00695608,9.85955e-05,0.000822561,-6.52077e-05,0,0,-0.0151472,0.632138,-0.00405987,-0.0820402,0.00454753,-0.0127182,-0.000924983,0,0,2.31872e-07,-0.00307076,0.0796078,0.00736037,0.0011555,0.00134114,-5.91055e-05,0,0,0.0358823,-0.00385445,0.464677,-0.0149376,-0.0136866,0.00481821,-0.00222967,0,0,-9.6239e-08,0.00309843,0.00470719,0.0103193,0.00187951,0.00176117,-0.000125005,0,0,0.00189686,-0.084222,-0.0146461,0.607078,0.01938,0.0566316,-0.0011374,0,0,1.91743e-06,0.00511097,0.0355612,-0.0115231,-0.0176954,-0.020289,0.000906412,0,0,0.0614951,0.0443951,-0.136163,0.194056,0.350889,-0.0365518,0.0253437,0,0,-4.35312e-07,0.062564,0.00295031,-0.0423362,-0.0181826,-0.0238132,0.00205788,0,0,0.0340725,-0.128627,0.0482872,0.568174,-0.0366234,0.407892,-0.00548441,0,0,-5.11704e-08,-0.00236548,0.00160336,0.00399212,0.001808,0.00416285,0.000991012,0,0,-0.0311317,-0.00906544,-0.0220332,-0.0117654,0.0258889,-0.00561999,0.0664042,0,0,0,1.20024e-12,2.40048e-12,-2.40048e-12,2.40048e-12,-2.40048e-12,2.40048e-12,0,0,0,0,0,0,0,0,0,0.905991,4.18914e-09,0,0,1.20024e-12,-1.20024e-12,1.20024e-12,-1.20024e-12,1.20024e-12,0,0,0,0,0,0,0,0,0,4.18974e-09,0.905991,
-8.67362e-13,0.00279894,-0.00567113,-0.000684172,0.000214009,0.000308955,-1.39475e-05,0,0,0.525496,-0.0152296,0.034378,0.00153482,0.0061381,0.00339245,-0.00317766,0,0,0,0.0657523,-0.00041962,-0.00703991,9.43545e-05,0.000819413,-6.51976e-05,0,0,-0.0151522,0.632147,-0.00407333,-0.0820483,0.00455019,-0.0127083,-0.000925659,0,0,6.93889e-12,-0.00306121,0.079635,0.00737518,0.00116099,0.00134419,-5.89602e-05,0,0,0.035551,-0.00386747,0.464753,-0.0149493,-0.0136644,0.0048294,-0.00223209,0,0,0,0.00298943,0.00471425,0.0103982,0.00189025,0.00175565,-0.000125033,0,0,0.00190499,-0.0842326,-0.0146572,0.607079,0.0193752,0.0566277,-0.00113603,0,0,-1.73472e-11,0.00506501,0.0356084,-0.0114608,-0.0177712,-0.020323,0.0009088,0,0,0.0617273,0.0444206,-0.13594,0.194008,0.350955,-0.0365432,0.0253299,0,0,-1.38778e-11,0.06255,0.00296707,-0.04239,-0.0182372,-0.0236811,0.002056,0,0,0.034134,-0.128531,0.0483992,0.568139,-0.0366151,0.407913,-0.00548622,0,0,8.23994e-12,-0.00236289,0.00160543,0.0039881,0.00181137,0.00416327,0.000993115,0,0,-0.0311267,-0.00907196,-0.0220575,-0.0117521,0.0258755,-0.00562185,0.0664053,0,0,0,0,1.20024e-12,0,0,-1.20024e-12,0,0,0,0,0,0,0,0,0,0,0.905991,-4.4646e-09,0,0,2.40048e-12,-1.20024e-12,0,-2.40048e-12,-1.20024e-12,0,0,0,0,0,0,0,0,0,-4.4649e-09,0.905991,
-3.03577e-12,0.00279728,-0.00562654,-0.00068736,0.000216611,0.000309454,-1.40231e-05,0,0,0.525656,-0.0152347,0.0340451,0.00154262,0.00616115,0.00339853,-0.00317709,0,0,-2.77556e-11,0.06569,-0.000406296,-0.0071238,9.01526e-05,0.000816228,-6.52006e-05,0,0,-0.0151572,0.632156,-0.00408682,-0.0820564,0.00455285,-0.0126983,-0.000926335,0,0,1.04083e-11,-0.00305185,0.0796614,0.00739022,0.00116719,0.00134676,-5.90467e-05,0,0,0.0352196,-0.00388051,0.464829,-0.014961,-0.0136421,0.0048406,-0.00223451,0,0,5.20417e-12,0.00288039,0.00472159,0.0104771,0.0019007,0.00175031,-0.000124963,0,0,0.00191315,-0.0842432,-0.0146683,0.60708,0.0193704,0.0566238,-0.00113466,0,0,1.73472e-11,0.00501707,0.0356497,-0.0113966,-0.0178413,-0.0203609,0.000909267,0,0,0.0619592,0.044446,-0.135717,0.193961,0.351022,-0.0365347,0.0253161,0,0,1.38778e-11,0.0625363,0.00298512,-0.042444,-0.0182931,-0.0235479,0.00205455,0,0,0.0341952,-0.128434,0.0485112,0.568105,-0.0366068,0.407934,-0.00548803,0,0,1.04083e-11,-0.00236024,0.00160767,0.00398401,0.00181458,0.00416377,0.000995271,0,0,-0.0311216,-0.00907847,-0.0220818,-0.0117388,0.025862,-0.00562372,0.0664065,0,0,0,0,0,0,1.20024e-12,0,0,5.76116e-11,0,0,0,0,0,0,0,0,0.905991,-4.60232e-09,0,0,0,0,0,0,0,0,0,0,0,0,0,0,0,0,-4.60202e-09,0.905991,
-1.73472e-12,0.00279631,-0.00558086,-0.000690225,0.000218551,0.000310624,-1.4435e-05,0,0,0.525817,-0.0152398,0.033712,0.00155046,0.00618416,0.00340459,-0.00317651,0,0,-2.77556e-11,0.0656276,-0.000392903,-0.00720775,8.59231e-05,0.000813059,-6.52167e-05,0,0,-0.0151622,0.632166,-0.00410034,-0.0820646,0.00455551,-0.0126884,-0.000927011,0,0,1.73472e-11,-0.00304199,0.0796884,0.00740547,0.00117292,0.00134981,-5.93669e-05,0,0,0.0348881,-0.00389358,0.464905,-0.0149726,-0.0136198,0.0048518,-0.00223693,0,0,-5.20417e-11,0.00277103,0.00472865,0.0105559,0.00191134,0.00174477,-0.000124797,0,0,0.00192137,-0.0842539,-0.0146794,0.607081,0.0193656,0.0566199,-0.00113329,0,0,4.16334e-11,0.00497295,0.0356966,-0.0113303,-0.0179151,-0.0203948,0.0009078,0,0,0.0621907,0.0444715,-0.135494,0.193913,0.351088,-0.0365261,0.0253023,0,0,9.02056e-11,0.0625216,0.00300183,-0.0424984,-0.018348,-0.0234154,0.00205353,0,0,0.0342562,-0.128338,0.0486233,0.56807,-0.0365985,0.407955,-0.00548984,0,0,1.43115e-11,-0.00235769,0.00160976,0.00397986,0.00181788,0.00416417,0.000997477,0,0,-0.0311165,-0.00908498,-0.0221061,-0.0117255,0.0258486,-0.00562559,0.0664076,0,0,0,1.20024e-12,-1.20024e-12,0,0,0,0,0,0,0,0,0,0,0,0,0,0.905991,-4.58912e-09,0,-3.60072e-12,3.60072e-12,0,0,0,0,0,0,0,0,0,0,0,0,0,-4.58912e-09,0.905991,
-3.36703e-07,0.00279504,-0.00553545,-0.000693439,0.000220165,0.000311122,-1.41743e-05,0,0,0.525977,-0.0152449,0.0333787,0.00155834,0.00620715,0.00341062,-0.00317593,0,0,-1.34059e-08,0.065565,-0.000379494,-0.00729178,8.16793e-05,0.000809852,-6.5206e-05,0,0,-0.0151672,0.632176,-0.00411388,-0.0820728,0.00455817,-0.0126784,-0.000927687,0,0,-2.34519e-07,-0.00303233,0.0797151,0.00742047,0.00117843,0.00135238,-5.92194e-05,0,0,0.0345564,-0.00390668,0.464981,-0.0149843,-0.0135975,0.004863,-0.00223936,0,0,9.74758e-08,0.00266164,0.00473581,0.010635,0.00192208,0.0017394,-0.000124824,0,0,0.00192962,-0.0842646,-0.0146905,0.607082,0.0193608,0.056616,-0.00113192,0,0,-1.93737e-06,0.00492686,0.0357415,-0.0112659,-0.0179909,-0.0204325,0.000910195,0,0,0.062422,0.044497,-0.13527,0.193865,0.351154,-0.0365175,0.0252885,0,0,4.38961e-07,0.0625072,0.00301895,-0.0425522,-0.0184025,-0.0232817,0.00205163,0,0,0.0343169,-0.128241,0.0487354,0.568035,-0.0365902,0.407976,-0.00549165,0,0,5.16852e-08,-0.00235508,0.00161191,0.00397574,0.00182123,0.00416465,0.00099958,0,0,-0.0311113,-0.00909148,-0.0221304,-0.0117122,0.0258351,-0.00562747,0.0664088,0,0,1.20024e-12,1.20024e-12,0,0,0,0,0,0,0,0,0,0,0,0,0,0,0.905991,-4.43999e-09,-1.20024e-12,-1.20024e-12,0,0,-1.20024e-12,0,0,0,0,0,0,0,0,0,0,0,-4.44029e-09,0.905991,
3.37183e-07,0.00279345,-0.00548963,-0.000697003,0.000222125,0.000311957,-1.39125e-05,0,0,0.526136,-0.01525,0.0330453,0.00156627,0.0062301,0.00341663,-0.00317533,0,0,1.3517e-08,0.0655022,-0.00036604,-0.0073759,7.74479e-05,0.000806648,-6.51948e-05,0,0,-0.0151723,0.632185,-0.00412745,-0.082081,0.00456083,-0.0126684,-0.000928362,0,0,2.35178e-07,-0.00302287,0.0797419,0.00743523,0.00118418,0.00135518,-5.90704e-05,0,0,0.0342245,-0.00391981,0.465057,-0.0149959,-0.0135751,0.00487421,-0.00224178,0,0,-9.78141e-08,0.00255222,0.00474288,0.0107141,0.00193273,0.00173393,-0.000124851,0,0,0.00193792,-0.0842753,-0.0147015,0.607083,0.019356,0.0566121,-0.00113055,0,0,1.94232e-06,0.00487879,0.0357882,-0.0112033,-0.0180646,-0.0204683,0.000912597,0,0,0.0626528,0.0445224,-0.135045,0.193817,0.351221,-0.0365089,0.0252747,0,0,-4.39732e-07,0.062493,0.00303561,-0.0426054,-0.0184574,-0.0231482,0.00204973,0,0,0.0343774,-0.128144,0.0488476,0.567999,-0.0365819,0.407997,-0.00549347,0,0,-5.18084e-08,-0.00235241,0.00161402,0.00397166,0.00182452,0.00416508,0.00100168,0,0,-0.0311061,-0.00909798,-0.0221548,-0.0116989,0.0258216,-0.00562934,0.0664099,0,0,0,0,0,0,0,0,0,0,0,0,0,0,0,0,0,0,0.905991,4.19604e-09,0,0,0,0,0,0,0,0,0,0,0,0,0,0,0,0,4.19634e-09,0.905991,
0,0.0027919,-0.00544441,-0.000699906,0.000224096,0.000312454,-1.39874e-05,0,0,0.526295,-0.0152551,0.0327117,0.00157424,0.00625301,0.0034226,-0.00317474,0,0,2.77556e-11,0.0654392,-0.000352584,-0.00746007,7.32155e-05,0.00080342,-6.5197e-05,0,0,-0.0151773,0.632195,-0.00414106,-0.0820892,0.00456349,-0.0126584,-0.000929037,0,0,-1.73472e-12,-0.00301337,0.0797682,0.00745045,0.00118994,0.00135774,-5.91558e-05,0,0,0.0338925,-0.00393296,0.465132,-0.0150075,-0.0135527,0.00488543,-0.00224421,0,0,1.21431e-11,0.00244267,0.00475015,0.0107932,0.00194337,0.00172853,-0.000124781,0,0,0.00194626,-0.084286,-0.0147125,0.607084,0.0193512,0.0566082,-0.00112918,0,0,1.38778e-11,0.00483066,0.0358309,-0.0111367,-0.0181383,-0.0205059,0.000913059,0,0,0.0628834,0.0445479,-0.134821,0.193769,0.351287,-0.0365004,0.0252609,0,0,5.55112e-11,0.0624786,0.00305313,-0.0426594,-0.0185123,-0.023014,0.00204825,0,0,0.0344376,-0.128048,0.0489598,0.567964,-0.0365736,0.408018,-0.00549528,0,0,8.67362e-13,-0.00234974,0.00161623,0.00396746,0.0018278,0.00416555,0.00100384,0,0,-0.0311008,-0.00910448,-0.0221791,-0.0116856,0.0258082,-0.00563122,0.0664111,0,0,0,0,0,0,0,0,0,0,0,0,0,0,0,0,0,0,0.905991,4.09582e-09,0,0,0,1.20024e-12,0,-1.20024e-12,0,0,0,0,0,0,0,0,0,0,4.09642e-09,0.905991,
1.73472e-12,0.00279138,-0.00539845,-0.000703158,0.000226415,0.000313964,-1.47386e-05,0,0,0.526454,-0.0152602,0.032378,0.00158225,0.0062759,0.00342856,-0.00317413,0,0,0,0.065376,-0.00033907,-0.00754433,6.89959e-05,0.000800222,-6.52262e-05,0,0,-0.0151823,0.632205,-0.00415469,-0.0820975,0.00456614,-0.0126485,-0.000929712,0,0,-8.67362e-12,-0.00300312,0.0797949,0.00746542,0.00119594,0.001361,-5.97142e-05,0,0,0.0335603,-0.00394614,0.465208,-0.015019,-0.0135302,0.00489665,-0.00224664,0,0,-1.73472e-11,0.0023327,0.00475722,0.0108724,0.00195391,0.00172284,-0.000124513,0,0,0.00195464,-0.0842968,-0.0147235,0.607085,0.0193464,0.0566043,-0.00112781,0,0,3.46945e-12,0.00478834,0.0358774,-0.0110719,-0.0182101,-0.0205377,0.000909614,0,0,0.0631137,0.0445733,-0.134596,0.193721,0.351353,-0.0364918,0.0252471,0,0,6.93889e-12,0.0624628,0.00306973,-0.0427128,-0.0185676,-0.0228809,0.00204766,0,0,0.0344975,-0.127951,0.049072,0.567929,-0.0365652,0.408039,-0.0054971,0,0,1.73472e-12,-0.00234721,0.00161835,0.00396329,0.00183102,0.00416585,0.0010061,0,0,-0.0310954,-0.00911098,-0.0222035,-0.0116723,0.0257947,-0.0056331,0.0664122,0,0,0,-1.20024e-12,0,-1.20024e-12,0,-1.20024e-12,0,0,0,0,0,0,0,0,0,0,0.905991,4.10632e-09,0,0,0,0,0,0,0,0,0,0,0,0,0,0,0,0,4.10512e-09,0.905991,
-8.67362e-13,0.00278954,-0.00535309,-0.000706423,0.000228069,0.000314459,-1.41371e-05,0,0,0.526612,-0.0152653,0.0320441,0.00159031,0.00629875,0.00343448,-0.00317352,0,0,-2.77556e-11,0.0653126,-0.000325553,-0.00762865,6.47481e-05,0.000796972,-6.52008e-05,0,0,-0.0151873,0.632215,-0.00416835,-0.0821058,0.0045688,-0.0126385,-0.000930386,0,0,-5.20417e-12,-0.00299379,0.0798211,0.00748037,0.00120147,0.00136355,-5.93264e-05,0,0,0.0332279,-0.00395935,0.465283,-0.0150306,-0.0135077,0.00490788,-0.00224907,0,0,1.73472e-12,0.002223,0.0047645,0.0109517,0.00196466,0.00171742,-0.000124639,0,0,0.00196306,-0.0843076,-0.0147344,0.607086,0.0193416,0.0566004,-0.00112645,0,0,0,0.00473817,0.0359198,-0.0110071,-0.0182856,-0.0205752,0.000913976,0,0,0.0633436,0.0445988,-0.13437,0.193673,0.35142,-0.0364832,0.0252333,0,0,2.08167e-11,0.0624486,0.00308719,-0.0427661,-0.018622,-0.0227461,0.00204529,0,0,0.0345571,-0.127854,0.0491844,0.567894,-0.0365569,0.40806,-0.00549892,0,0,-5.20417e-12,-0.00234447,0.00162059,0.00395911,0.00183434,0.0041663,0.00100815,0,0,-0.03109,-0.00911748,-0.0222279,-0.0116589,0.0257813,-0.00563498,0.0664133,0,0,0,0,0,-1.20024e-12,1.20024e-12,-1.20024e-12,1.20024e-12,0,0,0,0,0,0,0,0,0,0.905991,4.21495e-09,0,0,0,1.20024e-12,-1.20024e-12,1.20024e-12,0,0,0,0,0,0,0,0,0,0,4.21495e-09,0.905991,
-8.67362e-13,0.00278874,-0.00530732,-0.0007097,0.000230071,0.000315293,-1.45509e-05,0,0,0.52677,-0.0152704,0.03171,0.0015984,0.00632156,0.00344038,-0.0031729,0,0,0,0.0652491,-0.000311992,-0.00771305,6.05131e-05,0.000793726,-6.52161e-05,0,0,-0.0151923,0.632225,-0.00418203,-0.0821142,0.00457146,-0.0126285,-0.00093106,0,0,2.08167e-11,-0.0029837,0.0798474,0.00749531,0.00120725,0.00136634,-5.96493e-05,0,0,0.0328954,-0.00397258,0.465358,-0.0150421,-0.0134851,0.00491911,-0.0022515,0,0,-1.73472e-11,0.00211288,0.00477168,0.0110311,0.0019753,0.00171189,-0.000124469,0,0,0.00197153,-0.0843185,-0.0147453,0.607087,0.0193368,0.0565964,-0.00112508,0,0,2.42861e-11,0.00469382,0.035964,-0.0109422,-0.0183592,-0.0206108,0.000912468,0,0,0.0635732,0.0446242,-0.134144,0.193624,0.351486,-0.0364745,0.0252195,0,0,0,0.0624329,0.00310419,-0.0428192,-0.0186768,-0.0226116,0.00204424,0,0,0.0346165,-0.127757,0.0492967,0.567858,-0.0365486,0.408081,-0.00550075,0,0,-5.63785e-12,-0.00234188,0.00162278,0.00395491,0.00183759,0.00416669,0.00101035,0,0,-0.0310845,-0.00912397,-0.0222523,-0.0116456,0.0257678,-0.00563686,0.0664145,0,0,0,0,0,-1.20024e-12,-1.20024e-12,1.20024e-12,0,0,0,0,0,0,0,0,0,0,0.905991,-4.43219e-09,0,1.20024e-12,0,0,1.20024e-12,-1.20024e-12,0,0,0,0,0,0,0,0,0,0,-4.43219e-09,0.905991,
-1.73472e-12,0.00278797,-0.00526148,-0.00071265,0.000232424,0.000316465,-1.4626e-05,0,0,0.526928,-0.0152755,0.0313758,0.00160655,0.00634435,0.00344625,-0.00317228,0,0,-2.77556e-11,0.0651853,-0.000298401,-0.00779751,5.6291e-05,0.000790483,-6.52176e-05,0,0,-0.0151973,0.632235,-0.00419575,-0.0821225,0.00457411,-0.0126185,-0.000931734,0,0,3.46945e-12,-0.00297358,0.0798736,0.00751048,0.00121327,0.00136936,-5.9735e-05,0,0,0.0325628,-0.00398585,0.465433,-0.0150535,-0.0134626,0.00493034,-0.00225393,0,0,2.42861e-11,0.00200263,0.00477887,0.0111104,0.00198584,0.00170625,-0.000124396,0,0,0.00198003,-0.0843294,-0.0147562,0.607089,0.0193319,0.0565925,-0.00112371,0,0,-4.16334e-11,0.00464944,0.0360081,-0.0108752,-0.0184308,-0.0206443,0.000912915,0,0,0.0638024,0.0446497,-0.133918,0.193576,0.351552,-0.0364659,0.0252057,0,0,-7.63278e-11,0.062417,0.00312116,-0.0428726,-0.018732,-0.0224773,0.00204275,0,0,0.0346757,-0.12766,0.0494091,0.567823,-0.0365402,0.408102,-0.00550257,0,0,-1.30104e-12,-0.00233929,0.00162497,0.00395065,0.00184079,0.00416701,0.00101251,0,0,-0.0310789,-0.00913046,-0.0222767,-0.0116323,0.0257544,-0.00563874,0.0664156,0,0,0,-2.40048e-12,-1.20024e-12,1.20024e-12,-1.20024e-12,0,-1.20024e-12,0,0,0,0,0,0,0,0,0,0.905991,-4.51261e-09,0,-1.20024e-12,-1.20024e-12,0,0,0,0,0,0,0,0,0,0,0,0,0,-4.51141e-09,0.905991,
8.67362e-13,0.00278655,-0.00521557,-0.000716633,0.000234109,0.000316618,-1.47011e-05,0,0,0.527085,-0.0152806,0.0310415,0.00161473,0.0063671,0.0034521,-0.00317165,0,0,2.77556e-11,0.0651214,-0.000284779,-0.00788209,5.20406e-05,0.000787188,-6.52189e-05,0,0,-0.0152023,0.632245,-0.00420949,-0.0821309,0.00457677,-0.0126084,-0.000932408,0,0,3.46945e-12,-0.0029639,0.0798997,0.00752491,0.00121883,0.00137165,-5.98206e-05,0,0,0.03223,-0.00399914,0.465507,-0.015065,-0.0134399,0.00494158,-0.00225636,0,0,-5.20417e-12,0.00189245,0.00478606,0.0111901,0.00199658,0.00170089,-0.000124324,0,0,0.00198859,-0.0843403,-0.014767,0.60709,0.0193271,0.0565885,-0.00112234,0,0,3.46945e-12,0.00460108,0.0360521,-0.010814,-0.0185062,-0.0206837,0.000913359,0,0,0.0640314,0.0446751,-0.133692,0.193528,0.351619,-0.0364573,0.0251919,0,0,6.93889e-11,0.0624018,0.0031381,-0.0429246,-0.0187863,-0.0223414,0.00204125,0,0,0.0347345,-0.127563,0.0495216,0.567787,-0.0365319,0.408123,-0.0055044,0,0,1.17094e-11,-0.00233658,0.00162718,0.00394652,0.00184408,0.00416749,0.00101466,0,0,-0.0310732,-0.00913695,-0.0223011,-0.011619,0.0257409,-0.00564063,0.0664168,0,0,0,-1.20024e-12,0,-1.20024e-12,-2.40048e-12,0,1.20024e-12,0,0,0,0,0,0,0,0,0,0.905991,-4.45199e-09,0,0,0,2.40048e-12,0,0,0,0,0,0,0,0,0,0,0,0,-4.45199e-09,0.905991,
-4.33681e-13,0.00278549,-0.00516959,-0.000719267,0.000236143,0.000318131,-1.47761e-05,0,0,0.527241,-0.0152857,0.0307069,0.00162296,0.00638982,0.00345792,-0.00317101,0,0,0,0.0650572,-0.000271127,-0.00796668,4.78032e-05,0.000783938,-6.522e-05,0,0,-0.0152073,0.632256,-0.00422326,-0.0821394,0.00457942,-0.0125984,-0.000933081,0,0,-1.73472e-12,-0.00295395,0.0799258,0.00754029,0.00122463,0.0013749,-5.9906e-05,0,0,0.031897,-0.00401245,0.465582,-0.0150764,-0.0134173,0.00495283,-0.00225879,0,0,-1.04083e-11,0.00178205,0.00479325,0.0112694,0.00200722,0.00169512,-0.000124251,0,0,0.00199718,-0.0843512,-0.0147779,0.607091,0.0193222,0.0565846,-0.00112097,0,0,3.46945e-11,0.00455465,0.036096,-0.0107448,-0.0185797,-0.0207152,0.0009138,0,0,0.06426,0.0447005,-0.133465,0.193479,0.351685,-0.0364487,0.0251781,0,0,4.85723e-11,0.0623861,0.00315502,-0.0429782,-0.0188411,-0.022207,0.00203975,0,0,0.0347931,-0.127466,0.0496341,0.567752,-0.0365235,0.408144,-0.00550623,0,0,-6.07153e-12,-0.00233392,0.00162939,0.00394217,0.00184732,0.00416774,0.00101682,0,0,-0.0310675,-0.00914343,-0.0223255,-0.0116057,0.0257274,-0.00564252,0.0664179,0,0,0,1.20024e-12,0,0,0,-1.20024e-12,-1.20024e-12,0,0,0,0,0,0,0,0,0,0.905991,4.27706e-09,0,3.60072e-12,0,0,-3.60072e-12,0,0,0,0,0,0,0,0,0,0,0,4.27646e-09,0.905991,
4.33681e-13,0.00278447,-0.00512389,-0.000722936,0.00023853,0.000318623,-1.5192e-05,0,0,0.527398,-0.0152908,0.0303722,0.00163123,0.0064125,0.00346371,-0.00317036,0,0,0,0.0649929,-0.000257459,-0.00805138,4.35789e-05,0.000780636,-6.52349e-05,0,0,-0.0152123,0.632266,-0.00423707,-0.0821478,0.00458208,-0.0125884,-0.000933754,0,0,-5.20417e-12,-0.00294395,0.0799515,0.00755493,0.00123068,0.00137743,-6.02319e-05,0,0,0.0315639,-0.0040258,0.465656,-0.0150878,-0.0133946,0.00496408,-0.00226123,0,0,1.73472e-12,0.00167152,0.00480055,0.0113491,0.00201776,0.00168964,-0.000124077,0,0,0.00200582,-0.0843622,-0.0147887,0.607091,0.0193174,0.0565806,-0.0011196,0,0,1.04083e-11,0.00450818,0.0361377,-0.0106815,-0.0186511,-0.0207525,0.000912257,0,0,0.0644883,0.0447259,-0.133237,0.193431,0.351751,-0.03644,0.0251643,0,0,4.85723e-11,0.0623701,0.00317235,-0.0430303,-0.0188962,-0.022071,0.00203869,0,0,0.0348514,-0.127369,0.0497466,0.567716,-0.0365151,0.408165,-0.00550806,0,0,1.04083e-11,-0.00233125,0.00163166,0.00393797,0.00185049,0.00416814,0.00101903,0,0,-0.0310618,-0.00914991,-0.0223499,-0.0115924,0.025714,-0.00564441,0.0664191,0,0,0,0,0,1.20024e-12,0,0,0,0,0,0,0,0,0,0,0,0,0.905991,4.23625e-09,0,1.20024e-12,0,0,0,0,1.20024e-12,0,0,0,0,0,0,0,0,0,4.23595e-09,0.905991,
3.41412e-07,0.00278347,-0.00507708,-0.000726617,0.000240586,0.000319795,-1.52673e-05,0,0,0.527554,-0.0152959,0.0300374,0.00163954,0.00643515,0.00346948,-0.00316971,0,0,1.39888e-08,0.0649284,-0.000243718,-0.00813616,3.93401e-05,0.000777352,-6.52357e-05,0,0,-0.0152173,0.632277,-0.0042509,-0.0821563,0.00458473,-0.0125784,-0.000934427,0,0,2.4122e-07,-0.00293392,0.0799779,0.00756956,0.0012365,0.00138043,-6.03178e-05,0,0,0.0312306,-0.00403917,0.465731,-0.0150991,-0.0133718,0.00497533,-0.00226366,0,0,-1.00564e-07,0.00156086,0.00480755,0.0114289,0.0020284,0.00168395,-0.000124003,0,0,0.0020145,-0.0843732,-0.0147994,0.607092,0.0193125,0.0565766,-0.00111823,0,0,1.98732e-06,0.00446167,0.0361853,-0.010618,-0.0187244,-0.0207858,0.000912688,0,0,0.0647162,0.0447513,-0.133009,0.193382,0.351818,-0.0364314,0.0251505,0,0,-4.48031e-07,0.062354,0.00318832,-0.0430823,-0.0189508,-0.0219356,0.00203717,0,0,0.0349095,-0.127272,0.0498592,0.56768,-0.0365068,0.408186,-0.00550989,0,0,-5.2955e-08,-0.00232858,0.00163379,0.00393374,0.0018537,0.00416843,0.00102118,0,0,-0.0310559,-0.00915639,-0.0223744,-0.0115791,0.0257005,-0.0056463,0.0664202,0,0,0,1.20024e-12,1.20024e-12,-1.20024e-12,0,-1.20024e-12,-1.20024e-12,1.15223e-10,0,0,0,0,0,0,0,0,0.905991,-4.30917e-09,-1.20024e-12,1.20024e-12,0,0,0,0,0,0,0,0,0,0,0,0,0,0,-4.30887e-09,0.905991,
2.1684e-12,0.0027825,-0.00503123,-0.000729629,0.000242311,0.000319943,-1.53425e-05,0,0,0.527709,-0.015301,0.0297024,0.0016479,0.00645777,0.00347521,-0.00316906,0,0,0,0.0648636,-0.000229989,-0.00822098,3.50865e-05,0.000774014,-6.52363e-05,0,0,-0.0152223,0.632287,-0.00426475,-0.0821649,0.00458738,-0.0125683,-0.000935099,0,0,-5.20417e-12,-0.00292385,0.0800034,0.00758466,0.00124208,0.0013827,-6.04036e-05,0,0,0.0308972,-0.00405257,0.465805,-0.0151105,-0.013349,0.00498659,-0.0022661,0,0,1.73472e-12,0.00145008,0.00481486,0.0115086,0.00203914,0.00167854,-0.000123929,0,0,0.00202322,-0.0843843,-0.0148102,0.607093,0.0193076,0.0565726,-0.00111687,0,0,-3.46945e-12,0.00441511,0.0362267,-0.0105505,-0.0187997,-0.020825,0.000913116,0,0,0.0649439,0.0447767,-0.132781,0.193333,0.351884,-0.0364227,0.0251367,0,0,-8.32667e-11,0.0623378,0.0032056,-0.043135,-0.019005,-0.0217987,0.00203565,0,0,0.0349673,-0.127174,0.0499719,0.567645,-0.0364984,0.408208,-0.00551172,0,0,-6.50521e-12,-0.0023259,0.00163608,0.0039294,0.00185696,0.00416887,0.00102333,0,0,-0.03105,-0.00916287,-0.0223988,-0.0115658,0.0256871,-0.00564819,0.0664214,0,0,0,1.20024e-12,0,0,-1.20024e-12,1.20024e-12,1.20024e-12,0,0,0,0,0,0,0,0,0,0.905991,4.25966e-09,0,1.20024e-12,0,0,0,1.20024e-12,1.20024e-12,0,0,0,0,0,0,0,0,0,4.25876e-09,0.905991,
-8.67362e-13,0.00278155,-0.00498497,-0.000733338,0.000244731,0.000321458,-1.54177e-05,0,0,0.527864,-0.015306,0.0293672,0.00165629,0.00648035,0.00348093,-0.00316839,0,0,0,0.0647987,-0.000216216,-0.00830589,3.08603e-05,0.000770723,-6.52368e-05,0,0,-0.0152273,0.632298,-0.00427864,-0.0821734,0.00459003,-0.0125583,-0.000935772,0,0,0,-0.00291375,0.0800291,0.00759925,0.00124815,0.00138594,-6.04892e-05,0,0,0.0305636,-0.004066,0.465879,-0.0151218,-0.0133262,0.00499785,-0.00226854,0,0,3.46945e-11,0.00133917,0.00482207,0.0115885,0.00204968,0.00167271,-0.000123854,0,0,0.00203198,-0.0843954,-0.0148209,0.607094,0.0193027,0.0565686,-0.0011155,0,0,-2.42861e-11,0.00436852,0.0362701,-0.0104869,-0.018871,-0.0208562,0.000913542,0,0,0.0651712,0.0448021,-0.132552,0.193284,0.35195,-0.036414,0.0251229,0,0,-6.245e-11,0.0623213,0.00322241,-0.0431867,-0.0190601,-0.0216633,0.00203413,0,0,0.0350248,-0.127077,0.0500846,0.567609,-0.03649,0.408229,-0.00551356,0,0,3.90313e-12,-0.00232322,0.00163832,0.00392514,0.00186011,0.00416908,0.00102549,0,0,-0.0310441,-0.00916934,-0.0224233,-0.0115525,0.0256736,-0.00565009,0.0664225,0,0,0,0,0,-1.20024e-12,-1.20024e-12,0,0,0,0,0,0,0,0,0,0,0,0.905991,-4.32537e-09,0,0,0,-2.40048e-12,-1.20024e-12,0,0,0,0,0,0,0,0,0,0,0,-4.32537e-09,0.905991,
1.30104e-12,0.0027803,-0.00493898,-0.000736717,0.000246476,0.000321946,-1.515e-05,0,0,0.528019,-0.0153111,0.0290319,0.00166474,0.0065029,0.00348661,-0.00316772,0,0,2.77556e-11,0.0647336,-0.000202427,-0.00839086,2.66053e-05,0.000767378,-6.52229e-05,0,0,-0.0152323,0.632309,-0.00429255,-0.082182,0.00459268,-0.0125482,-0.000936443,0,0,-6.93889e-12,-0.00290385,0.0800545,0.00761407,0.00125375,0.00138845,-6.03315e-05,0,0,0.0302298,-0.00407945,0.465952,-0.0151331,-0.0133033,0.00500912,-0.00227098,0,0,1.21431e-11,0.00122824,0.00482939,0.0116683,0.00206042,0.00166718,-0.000123881,0,0,0.00204079,-0.0844065,-0.0148315,0.607095,0.0192978,0.0565647,-0.00111413,0,0,3.46945e-12,0.00431988,0.0363113,-0.0104212,-0.0189462,-0.0208934,0.000915967,0,0,0.0653982,0.0448275,-0.132323,0.193236,0.352017,-0.0364054,0.0251092,0,0,-5.55112e-11,0.0623052,0.00323964,-0.0432387,-0.0191142,-0.0215263,0.00203215,0,0,0.0350821,-0.12698,0.0501973,0.567573,-0.0364816,0.40825,-0.0055154,0,0,-8.67362e-12,-0.00232047,0.00164062,0.00392082,0.00186336,0.00416945,0.00102759,0,0,-0.031038,-0.00917581,-0.0224478,-0.0115392,0.0256602,-0.00565199,0.0664237,0,0,0,-1.20024e-12,0,0,-1.20024e-12,0,0,-5.76116e-11,0,0,0,0,0,0,0,0,0.905991,4.26746e-09,0,-1.20024e-12,0,0,-1.20024e-12,0,0,0,0,0,0,0,0,0,0,0,4.26746e-09,0.905991,
0,0.00277975,-0.00489224,-0.000739765,0.00024823,0.000322432,-1.52246e-05,0,0,0.528173,-0.0153162,0.0286964,0.00167322,0.00652542,0.00349227,-0.00316704,0,0,0,0.0646683,-0.000188578,-0.00847589,2.23496e-05,0.000764023,-6.52229e-05,0,0,-0.0152373,0.63232,-0.0043065,-0.0821906,0.00459533,-0.0125382,-0.000937115,0,0,-1.73472e-12,-0.00289342,0.0800803,0.00762912,0.00125935,0.00139095,-6.04163e-05,0,0,0.0298959,-0.00409294,0.466026,-0.0151443,-0.0132804,0.00502039,-0.00227342,0,0,1.73472e-12,0.00111698,0.0048365,0.0117482,0.00207115,0.00166163,-0.000123806,0,0,0.00204964,-0.0844176,-0.0148422,0.607096,0.0192929,0.0565606,-0.00111276,0,0,-1.04083e-11,0.0042752,0.0363563,-0.0103534,-0.0190213,-0.0209305,0.000916392,0,0,0.0656248,0.0448528,-0.132094,0.193187,0.352083,-0.0363967,0.0250954,0,0,1.38778e-11,0.062288,0.00325594,-0.043291,-0.0191682,-0.021389,0.00203061,0,0,0.0351391,-0.126882,0.0503101,0.567537,-0.0364732,0.408271,-0.00551724,0,0,-1.73472e-12,-0.00231782,0.00164283,0.00391643,0.00186659,0.0041698,0.00102974,0,0,-0.0310319,-0.00918228,-0.0224723,-0.0115259,0.0256467,-0.00565389,0.0664248,0,0,0,0,0,0,0,0,0,-1.20024e-12,0,0,0,0,0,0,0,0,0.905991,-4.32717e-09,0,0,-1.20024e-12,1.20024e-12,0,1.20024e-12,0,1.20024e-12,0,0,0,0,0,0,0,0,-4.32717e-09,0.905991,
-4.33681e-13,0.0027789,-0.00484542,-0.000743513,0.000251026,0.000323948,-1.52991e-05,0,0,0.528326,-0.0153213,0.0283607,0.00168175,0.0065479,0.0034979,-0.00316636,0,0,-2.77556e-11,0.0646028,-0.0001747,-0.00856102,1.81359e-05,0.0007607,-6.52228e-05,0,0,-0.0152423,0.632331,-0.00432047,-0.0821993,0.00459798,-0.0125281,-0.000937786,0,0,5.20417e-12,-0.0028832,0.080106,0.00764367,0.00126569,0.00139417,-6.05009e-05,0,0,0.0295618,-0.00410645,0.466099,-0.0151555,-0.0132575,0.00503167,-0.00227586,0,0,1.56125e-11,0.0010057,0.00484362,0.0118283,0.00208159,0.00165577,-0.00012373,0,0,0.00205854,-0.0844288,-0.0148528,0.607097,0.019288,0.0565566,-0.0011114,0,0,-3.46945e-11,0.00422849,0.0364013,-0.0102895,-0.0190904,-0.0209615,0.000916814,0,0,0.0658511,0.0448782,-0.131864,0.193138,0.35215,-0.036388,0.0250816,0,0,-5.55112e-11,0.062271,0.00327221,-0.0433422,-0.0192236,-0.0212529,0.00202907,0,0,0.0351958,-0.126785,0.0504229,0.567501,-0.0364648,0.408292,-0.00551908,0,0,9.1073e-12,-0.00231512,0.00164504,0.00391212,0.00186966,0.00416999,0.0010319,0,0,-0.0310258,-0.00918874,-0.0224968,-0.0115126,0.0256333,-0.00565579,0.066426,0,0,0,1.20024e-12,-1.20024e-12,-1.20024e-12,0,-1.20024e-12,-1.20024e-12,0,0,0,0,0,0,0,0,0,0.905991,4.26446e-09,0,-1.20024e-12,1.20024e-12,1.20024e-12,0,1.20024e-12,1.20024e-12,0,0,0,0,0,0,0,0,0,4.26536e-09,0.905991,
8.67362e-13,0.00277773,-0.00479888,-0.000746586,0.000252801,0.000324434,-1.57176e-05,0,0,0.52848,-0.0153264,0.0280249,0.00169033,0.00657035,0.0035035,-0.00316567,0,0,0,0.0645371,-0.000160805,-0.00864619,1.3879e-05,0.000757323,-6.52368e-05,0,0,-0.0152473,0.632342,-0.00433447,-0.082208,0.00460063,-0.012518,-0.000938457,0,0,-3.46945e-12,-0.00287319,0.0801314,0.00765869,0.0012713,0.00139666,-6.08307e-05,0,0,0.0292276,-0.00411999,0.466173,-0.0151667,-0.0132345,0.00504295,-0.0022783,0,0,3.46945e-12,0.000894394,0.00485085,0.0119083,0.00209232,0.00165019,-0.000123552,0,0,0.00206747,-0.08444,-0.0148634,0.607098,0.0192831,0.0565526,-0.00111003,0,0,3.46945e-11,0.00417971,0.036444,-0.0102215,-0.0191655,-0.0209985,0.000915216,0,0,0.0660771,0.0449036,-0.131633,0.193089,0.352216,-0.0363793,0.0250678,0,0,-3.46945e-11,0.0622544,0.0032889,-0.0433943,-0.0192777,-0.0211151,0.00202798,0,0,0.0352522,-0.126687,0.0505357,0.567465,-0.0364564,0.408313,-0.00552092,0,0,-2.29851e-11,-0.00231235,0.00164732,0.0039077,0.00187288,0.00417032,0.0010341,0,0,-0.0310195,-0.0091952,-0.0225213,-0.0114993,0.0256198,-0.00565769,0.0664271,0,0,0,0,0,0,0,0,0,0,0,0,0,0,0,0,0,0,0.905991,-4.31997e-09,0,0,0,0,0,0,0,0,0,0,0,0,0,0,0,0,-4.31877e-09,0.905991,
-3.44619e-07,0.00277727,-0.00475261,-0.000749672,0.00025493,0.000325262,-1.54478e-05,0,0,0.528633,-0.0153315,0.027689,0.00169894,0.00659277,0.00350907,-0.00316497,0,0,-1.43219e-08,0.0644712,-0.000146894,-0.00873142,9.63565e-06,0.00075395,-6.52219e-05,0,0,-0.0152523,0.632353,-0.0043485,-0.0822167,0.00460328,-0.012508,-0.000939128,0,0,-2.4593e-07,-0.00286265,0.0801564,0.00767369,0.00127717,0.00139939,-6.06698e-05,0,0,0.0288932,-0.00413355,0.466246,-0.0151779,-0.0132114,0.00505424,-0.00228074,0,0,1.02755e-07,0.000782759,0.00485818,0.0119883,0.00210295,0.0016445,-0.000123578,0,0,0.00207645,-0.0844513,-0.0148739,0.607099,0.0192782,0.0565486,-0.00110866,0,0,-2.02247e-06,0.00413493,0.0364847,-0.0101534,-0.0192384,-0.0210334,0.000917651,0,0,0.0663028,0.0449289,-0.131403,0.193039,0.352283,-0.0363706,0.025054,0,0,4.5431e-07,0.0622367,0.00330602,-0.0434461,-0.0193321,-0.0209775,0.00202597,0,0,0.0353084,-0.126589,0.0506486,0.567429,-0.036448,0.408335,-0.00552277,0,0,5.38623e-08,-0.00230969,0.00164966,0.00390326,0.00187604,0.00417059,0.0010362,0,0,-0.0310132,-0.00920166,-0.0225458,-0.011486,0.0256063,-0.0056596,0.0664283,0,0,0,0,0,0,0,0,0,-1.20024e-12,0,0,0,0,0,0,0,0,0.905991,4.25185e-09,1.20024e-12,0,-1.20024e-12,-1.20024e-12,-1.20024e-12,-1.20024e-12,0,1.20024e-12,0,0,0,0,0,0,0,0,4.25215e-09,0.905991,
-3.45069e-07,0.0027765,-0.00470627,-0.000753804,0.000257068,0.000326091,-1.55221e-05,0,0,0.528785,-0.0153366,0.0273528,0.0017076,0.00661515,0.00351462,-0.00316427,0,0,-1.44051e-08,0.0644051,-0.000132953,-0.00881677,5.39169e-06,0.000750566,-6.52212e-05,0,0,-0.0152573,0.632364,-0.00436256,-0.0822254,0.00460593,-0.0124979,-0.000939798,0,0,-2.46627e-07,-0.00285232,0.0801814,0.00768794,0.00128304,0.00140211,-6.07541e-05,0,0,0.0285586,-0.00414714,0.466319,-0.015189,-0.0131883,0.00506553,-0.00228319,0,0,1.03027e-07,0.000671102,0.00486551,0.0120687,0.00211359,0.0016388,-0.000123501,0,0,0.00208548,-0.0844626,-0.0148844,0.6071,0.0192733,0.0565446,-0.0011073,0,0,-2.02748e-06,0.00408809,0.0365252,-0.0100913,-0.0193114,-0.0210683,0.000918065,0,0,0.0665281,0.0449542,-0.131171,0.19299,0.352349,-0.0363619,0.0250402,0,0,4.55247e-07,0.0622192,0.00332312,-0.0434965,-0.0193865,-0.0208397,0.00202441,0,0,0.0353643,-0.126492,0.0507616,0.567392,-0.0364395,0.408356,-0.00552462,0,0,5.39837e-08,-0.00230696,0.001652,0.00389896,0.00187919,0.00417085,0.00103835,0,0,-0.0310069,-0.00920811,-0.0225704,-0.0114727,0.0255929,-0.0056615,0.0664294,0,0,1.20024e-12,0,0,1.20024e-12,1.20024e-12,1.20024e-12,1.20024e-12,0,0,0,0,0,0,0,0,0,0.905991,-4.30196e-09,0,0,0,0,0,0,0,0,0,0,0,0,0,0,0,0,-4.30226e-09,0.905991,
0,0.00277541,-0.00465917,-0.000756915,0.000259215,0.000327265,-1.52507e-05,0,0,0.528937,-0.0153417,0.0270165,0.00171631,0.0066375,0.00352014,-0.00316356,0,0,0,0.0643388,-0.000118952,-0.00890215,1.14708e-06,0.000747185,-6.52058e-05,0,0,-0.0152623,0.632375,-0.00437664,-0.0822342,0.00460857,-0.0124878,-0.000940468,0,0,-5.20417e-12,-0.00284219,0.0802067,0.00770291,0.00128892,0.00140508,-6.0591e-05,0,0,0.0282239,-0.00416076,0.466392,-0.0152001,-0.0131652,0.00507682,-0.00228563,0,0,8.67362e-12,0.000559423,0.00487265,0.0121489,0.00212422,0.00163298,-0.000123527,0,0,0.00209454,-0.0844739,-0.0148949,0.607101,0.0192683,0.0565405,-0.00110593,0,0,-1.04083e-11,0.00403918,0.0365696,-0.010023,-0.0193843,-0.021101,0.000920509,0,0,0.0667531,0.0449796,-0.13094,0.192941,0.352416,-0.0363531,0.0250264,0,0,-2.08167e-11,0.0622021,0.00333927,-0.0435481,-0.0194408,-0.020702,0.00202239,0,0,0.0354199,-0.126394,0.0508745,0.567356,-0.0364311,0.408377,-0.00552647,0,0,0,-0.00230418,0.00165425,0.00389449,0.00188233,0.00417105,0.00104045,0,0,-0.0310005,-0.00921456,-0.0225949,-0.0114594,0.0255794,-0.00566341,0.0664305,0,0,0,0,0,1.20024e-12,1.20024e-12,0,0,0,0,0,0,0,0,0,0,0,0.905991,4.23235e-09,0,2.40048e-12,0,0,-2.40048e-12,2.40048e-12,-2.40048e-12,0,0,0,0,0,0,0,0,0,4.23175e-09,0.905991,
8.67362e-13,0.00277539,-0.00461199,-0.000760382,0.00026172,0.000327747,-1.56703e-05,0,0,0.529089,-0.0153468,0.0266801,0.00172505,0.00665982,0.00352563,-0.00316284,0,0,0,0.0642724,-0.000104921,-0.00898761,-3.08353e-06,0.000743764,-6.52191e-05,0,0,-0.0152673,0.632387,-0.00439076,-0.082243,0.00461122,-0.0124777,-0.000941138,0,0,-1.73472e-12,-0.00283129,0.080232,0.00771762,0.00129506,0.00140755,-6.09223e-05,0,0,0.027889,-0.00417441,0.466464,-0.0152112,-0.0131421,0.00508811,-0.00228808,0,0,3.46945e-12,0.00044731,0.00487978,0.0122292,0.00213474,0.00162735,-0.000123347,0,0,0.00210365,-0.0844853,-0.0149054,0.607101,0.0192634,0.0565365,-0.00110456,0,0,0,0.00399632,0.0366138,-0.0099566,-0.019455,-0.0211378,0.000918886,0,0,0.0669778,0.0450049,-0.130708,0.192892,0.352482,-0.0363444,0.0250126,0,0,-1.38778e-11,0.0621834,0.0033554,-0.043599,-0.0194956,-0.0205632,0.00202128,0,0,0.0354752,-0.126296,0.0509876,0.56732,-0.0364227,0.408398,-0.00552832,0,0,5.20417e-12,-0.00230155,0.0016565,0.00389005,0.00188541,0.00417134,0.00104266,0,0,-0.030994,-0.00922101,-0.0226195,-0.0114461,0.025566,-0.00566532,0.0664317,0,0,0,0,1.20024e-12,0,0,1.20024e-12,0,0,0,0,0,0,0,0,0,0,0.905991,4.27856e-09,0,0,1.20024e-12,-2.40048e-12,0,-1.20024e-12,0,0,0,0,0,0,0,0,0,0,4.27766e-09,0.905991,
-4.33681e-13,0.00277471,-0.00456544,-0.000763863,0.000263543,0.00032892,-1.57443e-05,0,0,0.52924,-0.0153519,0.0263434,0.00173384,0.0066821,0.0035311,-0.00316212,0,0,2.77556e-11,0.0642057,-9.08884e-05,-0.00907314,-7.34363e-06,0.000740362,-6.52177e-05,0,0,-0.0152723,0.632398,-0.0044049,-0.0822519,0.00461386,-0.0124676,-0.000941807,0,0,1.73472e-12,-0.00282083,0.0802567,0.00773231,0.0013007,0.0014105,-6.10062e-05,0,0,0.027554,-0.00418809,0.466537,-0.0152222,-0.0131189,0.00509942,-0.00229053,0,0,-1.9082e-11,0.000335279,0.00488713,0.0123096,0.00214547,0.0016215,-0.000123269,0,0,0.0021128,-0.0844967,-0.0149158,0.607102,0.0192584,0.0565324,-0.0011032,0,0,2.42861e-11,0.00394937,0.0366539,-0.00989012,-0.0195299,-0.0211705,0.000919292,0,0,0.0672022,0.0450302,-0.130476,0.192842,0.352549,-0.0363357,0.0249988,0,0,1.04083e-10,0.0621654,0.0033724,-0.0436499,-0.0195494,-0.0204251,0.0020197,0,0,0.0355303,-0.126198,0.0511006,0.567283,-0.0364142,0.40842,-0.00553017,0,0,5.63785e-12,-0.00229881,0.00165887,0.0038856,0.00188859,0.00417152,0.00104481,0,0,-0.0309874,-0.00922745,-0.022644,-0.0114328,0.0255525,-0.00566723,0.0664328,0,0,0,-1.20024e-12,0,1.20024e-12,1.20024e-12,0,-1.20024e-12,1.72835e-10,0,0,0,0,0,0,0,0,0.905991,-4.43669e-09,0,0,0,0,1.20024e-12,0,0,0,0,0,0,0,0,0,0,0,-4.43639e-09,0.905991,
-8.67362e-13,0.00277405,-0.00451813,-0.000767356,0.000265721,0.000329748,-1.54714e-05,0,0,0.52939,-0.015357,0.0260066,0.00174268,0.00670435,0.00353653,-0.00316139,0,0,-2.77556e-11,0.0641389,-7.67962e-05,-0.00915874,-1.15898e-05,0.000736934,-6.52016e-05,0,0,-0.0152773,0.63241,-0.00441907,-0.0822608,0.00461651,-0.0124575,-0.000942476,0,0,-1.21431e-11,-0.00281035,0.0802818,0.00774698,0.0013066,0.00141321,-6.08407e-05,0,0,0.0272188,-0.00420179,0.466609,-0.0152332,-0.0130956,0.00511072,-0.00229298,0,0,-1.21431e-11,0.000223124,0.00489427,0.01239,0.0021561,0.00161574,-0.000123295,0,0,0.002122,-0.0845082,-0.0149262,0.607103,0.0192535,0.0565284,-0.00110183,0,0,1.73472e-11,0.00390237,0.0366979,-0.00982356,-0.0196026,-0.0212051,0.000921743,0,0,0.0674262,0.0450555,-0.130243,0.192793,0.352615,-0.0363269,0.024985,0,0,4.16334e-11,0.0621473,0.00338847,-0.0437005,-0.0196037,-0.0202862,0.00201766,0,0,0.0355851,-0.1261,0.0512137,0.567247,-0.0364058,0.408441,-0.00553203,0,0,-1.30104e-12,-0.00229606,0.00166113,0.00388113,0.00189171,0.00417174,0.0010469,0,0,-0.0309808,-0.0092339,-0.0226686,-0.0114196,0.0255391,-0.00566915,0.066434,0,0,0,0,1.20024e-12,1.20024e-12,-1.20024e-12,1.20024e-12,0,0,0,0,0,0,0,0,0,0,0.905991,-4.458e-09,0,0,0,0,0,0,0,0,0,0,0,0,0,0,0,0,-4.4574e-09,0.905991,
3.47302e-07,0.00277273,-0.00447108,-0.000770515,0.000267909,0.00032988,-1.62394e-05,0,0,0.529541,-0.0153621,0.0256697,0.00175156,0.00672657,0.00354194,-0.00316065,0,0,1.46827e-08,0.0640718,-6.26879e-05,-0.00924439,-1.58365e-05,0.000733466,-6.52291e-05,0,0,-0.0152823,0.632422,-0.00443328,-0.0822697,0.00461915,-0.0124474,-0.000943145,0,0,2.5004e-07,-0.00280032,0.0803066,0.00776189,0.00131251,0.00141541,-6.14237e-05,0,0,0.0268834,-0.00421552,0.466682,-0.0152442,-0.0130723,0.00512203,-0.00229543,0,0,-1.04581e-07,0.000111055,0.00490152,0.0124704,0.00216672,0.00161018,-0.000123007,0,0,0.00213124,-0.0845196,-0.0149365,0.607104,0.0192485,0.0565243,-0.00110047,0,0,2.05266e-06,0.00385123,0.0367397,-0.00975484,-0.0196752,-0.0212438,0.000918044,0,0,0.0676499,0.0450808,-0.13001,0.192743,0.352682,-0.0363182,0.0249712,0,0,-4.59743e-07,0.0621299,0.00340496,-0.0437515,-0.0196579,-0.0201462,0.00201699,0,0,0.0356396,-0.126002,0.0513268,0.56721,-0.0363973,0.408462,-0.00553388,0,0,-5.46329e-08,-0.00229319,0.00166346,0.00387659,0.00189481,0.00417206,0.00104916,0,0,-0.0309741,-0.00924033,-0.0226932,-0.0114063,0.0255256,-0.00567107,0.0664351,0,0,1.20024e-12,0,0,1.20024e-12,-2.40048e-12,0,2.40048e-12,0,0,0,0,0,0,0,0,0,0.905991,-4.34727e-09,0,0,0,1.20024e-12,-1.20024e-12,0,1.20024e-12,0,0,0,0,0,0,0,0,0,-4.34877e-09,0.905991,
-3.47745e-07,0.00277214,-0.00442433,-0.000774379,0.000270463,0.000331397,-1.59659e-05,0,0,0.529691,-0.0153671,0.0253326,0.00176048,0.00674875,0.00354732,-0.00315991,0,0,-1.47105e-08,0.0640045,-4.85635e-05,-0.00933014,-2.00683e-05,0.000730049,-6.52127e-05,0,0,-0.0152873,0.632434,-0.00444751,-0.0822787,0.00462179,-0.0124372,-0.000943813,0,0,-2.5072e-07,-0.00278975,0.080331,0.00777628,0.00131868,0.0014186,-6.12571e-05,0,0,0.0265479,-0.00422928,0.466754,-0.0152551,-0.013049,0.00513334,-0.00229788,0,0,1.04895e-07,-1.34674e-06,0.00490888,0.0125511,0.00217724,0.00160419,-0.000123033,0,0,0.00214052,-0.0845311,-0.0149469,0.607105,0.0192436,0.0565202,-0.0010991,0,0,-2.05767e-06,0.00380415,0.0367793,-0.00969013,-0.0197458,-0.0212742,0.000920493,0,0,0.0678732,0.0451061,-0.129776,0.192693,0.352748,-0.0363094,0.0249574,0,0,4.6068e-07,0.0621114,0.00342188,-0.0438014,-0.0197125,-0.0200077,0.00201494,0,0,0.0356939,-0.125904,0.05144,0.567173,-0.0363888,0.408484,-0.00553574,0,0,5.47696e-08,-0.00229043,0.00166586,0.00387214,0.00189786,0.00417215,0.00105126,0,0,-0.0309673,-0.00924677,-0.0227178,-0.011393,0.0255121,-0.00567298,0.0664363,0,0,0,0,0,1.20024e-12,0,-1.20024e-12,0,0,0,0,0,0,0,0,0,0,0.905991,4.14293e-09,0,1.20024e-12,0,2.40048e-12,0,-2.40048e-12,0,0,0,0,0,0,0,0,0,0,4.14293e-09,0.905991,
1.73472e-12,0.00277192,-0.00437716,-0.000778258,0.000272679,0.000331872,-1.56914e-05,0,0,0.52984,-0.0153722,0.0249953,0.00176944,0.0067709,0.00355267,-0.00315916,0,0,2.77556e-11,0.0639371,-3.43945e-05,-0.00941594,-2.43148e-05,0.000726578,-6.5196e-05,0,0,-0.0152923,0.632446,-0.00446176,-0.0822876,0.00462443,-0.0124271,-0.000944482,0,0,1.56125e-11,-0.0027789,0.0803556,0.00779064,0.00132461,0.00142103,-6.1089e-05,0,0,0.0262122,-0.00424307,0.466826,-0.015266,-0.0130256,0.00514466,-0.00230033,0,0,-5.20417e-12,-0.000113977,0.00491613,0.0126319,0.00218786,0.00159849,-0.000123059,0,0,0.00214985,-0.0845427,-0.0149572,0.607106,0.0192386,0.0565161,-0.00109773,0,0,-2.42861e-11,0.00375908,0.0368209,-0.00962534,-0.0198183,-0.0213107,0.000922949,0,0,0.0680963,0.0451313,-0.129542,0.192644,0.352815,-0.0363006,0.0249436,0,0,-6.93889e-12,0.0620923,0.00343831,-0.0438512,-0.0197667,-0.0198676,0.00201289,0,0,0.0357478,-0.125806,0.0515532,0.567137,-0.0363804,0.408505,-0.0055376,0,0,2.1684e-12,-0.00228771,0.0016682,0.00386768,0.00190095,0.0041724,0.00105336,0,0,-0.0309605,-0.0092532,-0.0227424,-0.0113797,0.0254987,-0.0056749,0.0664374,0,0,0,0,0,0,-1.20024e-12,0,0,0,0,0,0,0,0,0,0,0,0.905991,4.06792e-09,0,-1.20024e-12,-1.20024e-12,1.20024e-12,0,0,0,0,0,0,0,0,0,0,0,0,4.06852e-09,0.905991,
3.48627e-07,0.00277103,-0.00432957,-0.000781106,0.000274554,0.000332695,-1.57646e-05,0,0,0.529989,-0.0153773,0.0246579,0.00177845,0.00679301,0.003558,-0.0031584,0,0,1.48215e-08,0.0638694,-2.01809e-05,-0.00950177,-2.85763e-05,0.000723111,-6.51937e-05,0,0,-0.0152973,0.632458,-0.00447605,-0.0822967,0.00462707,-0.012417,-0.000945149,0,0,2.52078e-07,-0.00276851,0.0803804,0.00780574,0.00133029,0.00142371,-6.11715e-05,0,0,0.0258764,-0.00425688,0.466897,-0.0152769,-0.0130022,0.00515597,-0.00230278,0,0,-1.05556e-07,-0.00022652,0.00492328,0.0127123,0.00219858,0.00159268,-0.000122979,0,0,0.00215921,-0.0845543,-0.0149674,0.607106,0.0192336,0.056512,-0.00109637,0,0,2.0678e-06,0.00370986,0.0368643,-0.00955426,-0.0198929,-0.0213451,0.000923345,0,0,0.068319,0.0451566,-0.129307,0.192594,0.352881,-0.0362919,0.0249298,0,0,-4.6245e-07,0.062074,0.00345425,-0.0439022,-0.0198203,-0.0197277,0.00201129,0,0,0.0358015,-0.125708,0.0516664,0.5671,-0.0363719,0.408526,-0.00553947,0,0,-5.50233e-08,-0.00228488,0.0016705,0.00386304,0.00190409,0.00417258,0.00105551,0,0,-0.0309536,-0.00925963,-0.022767,-0.0113664,0.0254852,-0.00567683,0.0664386,0,0,0,1.20024e-12,1.20024e-12,-1.20024e-12,-1.20024e-12,0,0,-5.64113e-11,0,0,0,0,0,0,0,0,0.905991,4.09792e-09,0,1.20024e-12,0,0,-1.20024e-12,0,0,0,0,0,0,0,0,0,0,0,4.09762e-09,0.905991,
1.73472e-12,0.00277087,-0.00428261,-0.000785013,0.000277137,0.000333518,-1.65359e-05,0,0,0.530137,-0.0153824,0.0243202,0.00178751,0.00681509,0.0035633,-0.00315764,0,0,0,0.0638016,-5.96687e-06,-0.0095877,-3.28085e-05,0.000719633,-6.52209e-05,0,0,-0.0153023,0.63247,-0.00449037,-0.0823057,0.00462971,-0.0124068,-0.000945817,0,0,-1.38778e-11,-0.00275757,0.0804045,0.00782007,0.00133648,0.00142639,-6.17594e-05,0,0,0.0255404,-0.00427073,0.466969,-0.0152878,-0.0129788,0.0051673,-0.00230523,0,0,-1.9082e-11,-0.000339398,0.00493065,0.0127932,0.00220909,0.00158685,-0.000122688,0,0,0.00216863,-0.0845659,-0.0149777,0.607107,0.0192286,0.056508,-0.001095,0,0,-2.77556e-11,0.00366472,0.0369035,-0.00948929,-0.0199632,-0.0213794,0.000919592,0,0,0.0685413,0.0451818,-0.129072,0.192544,0.352948,-0.0362831,0.024916,0,0,4.16334e-11,0.0620545,0.00347109,-0.0439516,-0.0198748,-0.0195876,0.0020106,0,0,0.0358549,-0.12561,0.0517797,0.567063,-0.0363634,0.408548,-0.00554133,0,0,8.67362e-13,-0.00228215,0.00167291,0.00385854,0.0019071,0.00417275,0.00105777,0,0,-0.0309467,-0.00926605,-0.0227916,-0.0113531,0.0254718,-0.00567875,0.0664397,0,0,0,-1.20024e-12,-1.20024e-12,1.20024e-12,-1.20024e-12,0,0,0,0,0,0,0,0,0,0,0,0.905991,4.22695e-09,0,0,0,0,0,0,0,0,0,0,0,0,0,0,0,0,4.22635e-09,0.905991,
-1.30104e-12,0.0027704,-0.00423523,-0.000788934,0.00027903,0.000333992,-1.66098e-05,0,0,0.530285,-0.0153875,0.0239825,0.0017966,0.00683714,0.00356856,-0.00315687,0,0,-2.77556e-11,0.0637335,8.29217e-06,-0.0096737,-3.70707e-05,0.000716128,-6.52184e-05,0,0,-0.0153073,0.632482,-0.00450471,-0.0823148,0.00463235,-0.0123967,-0.000946484,0,0,-6.93889e-12,-0.00274685,0.0804289,0.00783438,0.00134217,0.00142881,-6.18431e-05,0,0,0.0252042,-0.0042846,0.46704,-0.0152986,-0.0129553,0.00517862,-0.00230769,0,0,-1.73472e-11,-0.000452293,0.00493792,0.0128741,0.00221981,0.00158112,-0.000122607,0,0,0.00217808,-0.0845776,-0.0149879,0.607108,0.0192236,0.0565038,-0.00109364,0,0,-2.42861e-11,0.00361748,0.0369446,-0.00942423,-0.0200377,-0.0214158,0.000919972,0,0,0.0687634,0.0452071,-0.128837,0.192494,0.353014,-0.0362743,0.0249022,0,0,0,0.0620353,0.00348743,-0.0440009,-0.0199284,-0.0194467,0.00200899,0,0,0.0359081,-0.125511,0.051893,0.567026,-0.0363549,0.408569,-0.0055432,0,0,9.97466e-12,-0.00227936,0.00167528,0.00385403,0.00191022,0.00417296,0.00105992,0,0,-0.0309397,-0.00927248,-0.0228163,-0.0113399,0.0254583,-0.00568068,0.0664409,0,0,0,0,0,0,0,0,0,0,0,0,0,0,0,0,0,0,0.905991,-4.464e-09,0,1.20024e-12,0,0,1.20024e-12,-1.20024e-12,0,0,0,0,0,0,0,0,0,0,-4.4655e-09,0.905991,
-3.49933e-07,0.00276995,-0.00418813,-0.000792169,0.000281282,0.000335514,-1.63337e-05,0,0,0.530433,-0.0153926,0.0236445,0.00180575,0.00685915,0.0035738,-0.00315609,0,0,-1.4988e-08,0.0636653,2.25664e-05,-0.00975974,-4.13184e-05,0.000712658,-6.52007e-05,0,0,-0.0153123,0.632494,-0.00451909,-0.0823239,0.00463499,-0.0123865,-0.00094715,0,0,-2.5414e-07,-0.00273609,0.0804528,0.00784917,0.00134812,0.00143198,-6.16724e-05,0,0,0.0248679,-0.00429849,0.467112,-0.0153094,-0.0129317,0.00518995,-0.00231014,0,0,1.06486e-07,-0.000565311,0.00494529,0.0129549,0.00223042,0.00157506,-0.000122632,0,0,0.00218758,-0.0845893,-0.014998,0.607109,0.0192186,0.0564997,-0.00109228,0,0,-2.08293e-06,0.00357021,0.0369835,-0.00935492,-0.02011,-0.0214458,0.000922432,0,0,0.0689851,0.0452323,-0.128601,0.192444,0.353081,-0.0362655,0.0248884,0,0,4.65177e-07,0.062016,0.00350421,-0.044051,-0.0199823,-0.019307,0.00200691,0,0,0.0359609,-0.125413,0.0520063,0.566989,-0.0363464,0.408591,-0.00554507,0,0,5.54201e-08,-0.00227657,0.00167771,0.0038494,0.00191328,0.004173,0.00106201,0,0,-0.0309326,-0.00927889,-0.0228409,-0.0113266,0.0254448,-0.00568261,0.066442,0,0,1.20024e-12,0,0,0,-1.20024e-12,0,-1.20024e-12,0,0,0,0,0,0,0,0,0,0.905991,-4.56362e-09,1.20024e-12,0,0,0,1.20024e-12,2.40048e-12,1.20024e-12,0,0,0,0,0,0,0,0,0,-4.56392e-09,0.905991,
3.50365e-07,0.00276918,-0.00413991,-0.000795766,0.000283194,0.000335636,-1.60567e-05,0,0,0.53058,-0.0153977,0.0233064,0.00181493,0.00688113,0.00357902,-0.00315531,0,0,1.50435e-08,0.0635969,3.69161e-05,-0.00984585,-4.55812e-05,0.000709117,-6.51826e-05,0,0,-0.0153173,0.632507,-0.00453349,-0.0823331,0.00463762,-0.0123763,-0.000947817,0,0,2.54815e-07,-0.00272554,0.0804775,0.0078637,0.00135383,0.00143414,-6.15003e-05,0,0,0.0245314,-0.00431242,0.467183,-0.0153202,-0.0129082,0.00520128,-0.0023126,0,0,-1.06838e-07,-0.000678345,0.00495235,0.0130359,0.00224114,0.0015694,-0.000122658,0,0,0.00219712,-0.084601,-0.0150082,0.607109,0.0192136,0.0564956,-0.00109091,0,0,2.08801e-06,0.0035208,0.0370285,-0.00928759,-0.0201843,-0.0214842,0.0009249,0,0,0.0692065,0.0452575,-0.128365,0.192394,0.353148,-0.0362567,0.0248746,0,0,-4.65884e-07,0.0619969,0.00351956,-0.0441004,-0.0200358,-0.0191651,0.00200482,0,0,0.0360135,-0.125314,0.0521196,0.566952,-0.0363379,0.408612,-0.00554694,0,0,-5.55445e-08,-0.00227371,0.00167998,0.0038448,0.00191638,0.00417325,0.0010641,0,0,-0.0309254,-0.00928531,-0.0228656,-0.0113133,0.0254314,-0.00568454,0.0664432,0,0,0,-1.20024e-12,-1.20024e-12,1.20024e-12,-1.20024e-12,1.20024e-12,1.20024e-12,-1.14023e-10,0,0,0,0,0,0,0,0,0.905991,-4.51651e-09,1.20024e-12,1.20024e-12,0,0,1.20024e-12,-1.20024e-12,0,0,0,0,0,0,0,0,0,0,-4.51621e-09,0.905991,
-3.50797e-07,0.0027695,-0.00409232,-0.000799026,0.000285816,0.000337159,-1.64803e-05,0,0,0.530727,-0.0154028,0.0229681,0.00182416,0.00690308,0.0035842,-0.00315452,0,0,-1.5099e-08,0.0635282,5.12661e-05,-0.00993201,-4.98142e-05,0.000705625,-6.51944e-05,0,0,-0.0153223,0.632519,-0.00454792,-0.0823423,0.00464026,-0.0123662,-0.000948483,0,0,-2.55511e-07,-0.00271419,0.0805015,0.00787846,0.00136005,0.0014373,-6.18377e-05,0,0,0.0241947,-0.00432637,0.467254,-0.0153309,-0.0128845,0.00521262,-0.00231506,0,0,1.0715e-07,-0.000791822,0.00495962,0.0131168,0.00225164,0.00156331,-0.000122469,0,0,0.00220671,-0.0846128,-0.0150183,0.60711,0.0192086,0.0564915,-0.00108955,0,0,-2.09305e-06,0.00347762,0.0370691,-0.00921807,-0.0202544,-0.0215141,0.000923188,0,0,0.0694275,0.0452827,-0.128129,0.192344,0.353214,-0.0362478,0.0248608,0,0,4.66863e-07,0.0619763,0.00353581,-0.0441502,-0.0200901,-0.0190249,0.00200365,0,0,0.0360657,-0.125216,0.052233,0.566915,-0.0363294,0.408634,-0.00554881,0,0,5.56638e-08,-0.00227101,0.00168237,0.00384013,0.00191937,0.00417327,0.0010663,0,0,-0.0309182,-0.00929172,-0.0228902,-0.0113,0.0254179,-0.00568647,0.0664443,0,0,0,0,1.20024e-12,0,1.20024e-12,0,0,0,0,0,0,0,0,0,0,0,0.905991,-4.34607e-09,0,0,1.20024e-12,0,1.20024e-12,0,0,0,0,0,0,0,0,0,0,0,-4.34607e-09,0.905991,
0,0.00276914,-0.00404537,-0.000803,0.000288099,0.00033763,-1.69047e-05,0,0,0.530873,-0.0154079,0.0226297,0.00183343,0.00692499,0.00358936,-0.00315372,0,0,0,0.0634594,6.56163e-05,-0.0100183,-5.40624e-05,0.000702077,-6.52061e-05,0,0,-0.0153273,0.632532,-0.00456238,-0.0823515,0.00464289,-0.012356,-0.000949148,0,0,-5.20417e-12,-0.00270331,0.080525,0.00789268,0.00136602,0.0014397,-6.21763e-05,0,0,0.0238579,-0.00434036,0.467325,-0.0153416,-0.0128609,0.00522396,-0.00231752,0,0,-6.93889e-12,-0.000905207,0.00496711,0.013198,0.00226224,0.00155752,-0.000122279,0,0,0.00221634,-0.0846246,-0.0150283,0.607111,0.0192035,0.0564874,-0.00108818,0,0,2.42861e-11,0.00343023,0.0371055,-0.00915265,-0.0203265,-0.0215502,0.000921463,0,0,0.0696482,0.0453079,-0.127892,0.192294,0.353281,-0.036239,0.024847,0,0,6.245e-11,0.0619564,0.00355297,-0.0441988,-0.020144,-0.018883,0.00200249,0,0,0.0361177,-0.125117,0.0523465,0.566878,-0.0363209,0.408655,-0.00555068,0,0,2.1684e-12,-0.0022682,0.00168488,0.00383555,0.0019224,0.00417344,0.00106851,0,0,-0.0309109,-0.00929813,-0.0229149,-0.0112868,0.0254045,-0.0056884,0.0664455,0,0,0,0,0,-1.20024e-12,1.20024e-12,-1.20024e-12,2.40048e-12,1.15223e-10,0,0,0,0,0,0,0,0,0.905991,4.09432e-09,0,0,0,1.20024e-12,-1.20024e-12,1.20024e-12,-1.20024e-12,0,0,0,0,0,0,0,0,0,4.09342e-09,0.905991,
-2.1684e-12,0.00276846,-0.00399694,-0.000806636,0.000290039,0.000338802,-1.62749e-05,0,0,0.531019,-0.015413,0.0222911,0.00184275,0.00694687,0.00359448,-0.00315292,0,0,0,0.0633904,8.00573e-05,-0.0101046,-5.83259e-05,0.000698549,-6.51722e-05,0,0,-0.0153323,0.632545,-0.00457687,-0.0823608,0.00464553,-0.0123458,-0.000949814,0,0,1.9082e-11,-0.00269264,0.0805494,0.00790715,0.00137174,0.0014426,-6.17454e-05,0,0,0.0235209,-0.00435437,0.467395,-0.0153522,-0.0128372,0.0052353,-0.00231997,0,0,1.04083e-11,-0.00101861,0.00497418,0.0132791,0.00227296,0.0015515,-0.000122412,0,0,0.00222601,-0.0846365,-0.0150384,0.607111,0.0191985,0.0564832,-0.00108682,0,0,1.38778e-11,0.0033807,0.03715,-0.00908504,-0.0204007,-0.021582,0.000926035,0,0,0.0698686,0.0453331,-0.127654,0.192243,0.353347,-0.0362302,0.0248332,0,0,6.93889e-12,0.0619368,0.00356822,-0.0442478,-0.0201973,-0.0187418,0.00199991,0,0,0.0361695,-0.125018,0.0524599,0.566841,-0.0363123,0.408677,-0.00555256,0,0,4.33681e-13,-0.00226532,0.00168717,0.0038309,0.00192547,0.00417349,0.00107054,0,0,-0.0309036,-0.00930453,-0.0229396,-0.0112735,0.025391,-0.00569034,0.0664466,0,0,0,-1.20024e-12,0,-1.20024e-12,1.20024e-12,0,1.20024e-12,0,0,0,0,0,0,0,0,0,0.905991,3.9803e-09,0,-1.20024e-12,0,0,0,0,0,0,0,0,0,0,0,0,0,0,3.9803e-09,0.905991,
1.30104e-12,0.00276817,-0.00394949,-0.000810637,0.000293044,0.000338919,-1.63474e-05,0,0,0.531164,-0.0154181,0.0219523,0.00185211,0.00696871,0.00359958,-0.00315211,0,0,0,0.0633211,9.44832e-05,-0.010191,-6.2544e-05,0.000694964,-6.51683e-05,0,0,-0.0153373,0.632558,-0.00459139,-0.0823701,0.00464816,-0.0123356,-0.000950479,0,0,-1.38778e-11,-0.00268168,0.0805729,0.00792133,0.00137824,0.00144473,-6.18268e-05,0,0,0.0231837,-0.0043684,0.467466,-0.0153629,-0.0128134,0.00524665,-0.00232243,0,0,2.60209e-11,-0.00113224,0.00498157,0.0133604,0.00228334,0.0015458,-0.000122329,0,0,0.00223573,-0.0846483,-0.0150484,0.607112,0.0191935,0.0564791,-0.00108546,0,0,-2.77556e-11,0.00333322,0.0371882,-0.00901944,-0.0204685,-0.0216201,0.000926408,0,0,0.0700887,0.0453583,-0.127416,0.192193,0.353414,-0.0362213,0.0248194,0,0,-6.93889e-11,0.0619166,0.00358484,-0.0442961,-0.020252,-0.0185989,0.00199826,0,0,0.0362209,-0.12492,0.0525734,0.566803,-0.0363038,0.408698,-0.00555444,0,0,2.60209e-12,-0.00226249,0.00168964,0.00382629,0.00192837,0.00417369,0.00107269,0,0,-0.0308962,-0.00931093,-0.0229643,-0.0112603,0.0253775,-0.00569227,0.0664478,0,0,0,0,0,0,-1.20024e-12,0,0,0,0,0,0,0,0,0,0,0,0.905991,3.9698e-09,0,0,0,0,0,0,0,0,0,0,0,0,0,0,0,0,3.9698e-09,0.905991,
3.52502e-07,0.0027679,-0.00390162,-0.000813947,0.000294649,0.000340092,-1.64199e-05,0,0,0.531309,-0.0154231,0.0216133,0.00186152,0.00699052,0.00360465,-0.00315129,0,0,1.53211e-08,0.0632517,0.000108955,-0.0102774,-6.68233e-05,0.000691413,-6.51642e-05,0,0,-0.0153423,0.63257,-0.00460594,-0.0823794,0.00465079,-0.0123254,-0.000951143,0,0,2.58271e-07,-0.00267068,0.0805966,0.00793601,0.00138372,0.00144762,-6.19082e-05,0,0,0.0228464,-0.00438247,0.467536,-0.0153735,-0.0127896,0.00525799,-0.00232489,0,0,-1.08375e-07,-0.00124599,0.00498885,0.0134415,0.00229415,0.00153975,-0.000122246,0,0,0.00224549,-0.0846603,-0.0150583,0.607113,0.0191884,0.0564749,-0.00108409,0,0,2.11325e-06,0.00328571,0.0372282,-0.00894953,-0.0205446,-0.0216519,0.000926778,0,0,0.0703084,0.0453834,-0.127178,0.192143,0.353481,-0.0362125,0.0248056,0,0,-4.70519e-07,0.0618962,0.00360097,-0.0443453,-0.0203048,-0.0184572,0.0019966,0,0,0.036272,-0.124821,0.0526869,0.566766,-0.0362953,0.40872,-0.00555632,0,0,-5.61855e-08,-0.00225965,0.00169206,0.00382156,0.00193149,0.00417372,0.00107483,0,0,-0.0308887,-0.00931733,-0.022989,-0.011247,0.0253641,-0.00569421,0.0664489,0,0,-1.20024e-12,0,0,-1.20024e-12,-1.20024e-12,0,0,0,0,0,0,0,0,0,0,0,0.905991,4.04961e-09,1.20024e-12,0,0,1.20024e-12,1.20024e-12,0,0,0,0,0,0,0,0,0,0,0,4.05081e-09,0.905991,
2.1684e-12,0.00276767,-0.00385368,-0.000817623,0.000297674,0.000340912,-1.68452e-05,0,0,0.531453,-0.0154282,0.0212742,0.00187097,0.0070123,0.00360969,-0.00315047,0,0,2.77556e-11,0.0631821,0.000123457,-0.0103639,-7.10416e-05,0.000687836,-6.51752e-05,0,0,-0.0153473,0.632584,-0.00462052,-0.0823888,0.00465342,-0.0123152,-0.000951807,0,0,-1.38778e-11,-0.00265964,0.0806202,0.00795042,0.00139023,0.00145025,-6.22483e-05,0,0,0.0225089,-0.00439656,0.467607,-0.0153841,-0.0127658,0.00526934,-0.00232736,0,0,5.20417e-12,-0.00135986,0.00499614,0.0135228,0.00230453,0.0015338,-0.000122054,0,0,0.0022553,-0.0846722,-0.0150683,0.607113,0.0191834,0.0564708,-0.00108273,0,0,-3.46945e-12,0.00323816,0.0372682,-0.00888163,-0.0206123,-0.0216856,0.000925027,0,0,0.0705278,0.0454086,-0.126939,0.192092,0.353547,-0.0362036,0.0247918,0,0,-6.93889e-12,0.0618756,0.00361706,-0.0443938,-0.0203594,-0.0183147,0.00199541,0,0,0.0363229,-0.124722,0.0528004,0.566729,-0.0362867,0.408741,-0.0055582,0,0,-5.42101e-12,-0.00225681,0.00169449,0.00381686,0.00193437,0.00417379,0.00107703,0,0,-0.0308812,-0.00932372,-0.0230137,-0.0112337,0.0253506,-0.00569616,0.0664501,0,0,0,0,0,0,1.20024e-12,0,1.20024e-12,0,0,0,0,0,0,0,0,0,0.905991,4.22605e-09,0,0,0,0,-1.20024e-12,0,-1.20024e-12,0,0,0,0,0,0,0,0,0,4.22605e-09,0.905991,
-8.67362e-13,0.00276747,-0.00380603,-0.000821664,0.000300003,0.000341731,-1.65645e-05,0,0,0.531597,-0.0154333,0.0209349,0.00188047,0.00703404,0.0036147,-0.00314964,0,0,0,0.0631122,0.000137974,-0.0104505,-7.52906e-05,0.000684248,-6.51553e-05,0,0,-0.0153523,0.632597,-0.00463512,-0.0823982,0.00465605,-0.0123049,-0.000952471,0,0,-1.38778e-11,-0.00264855,0.0806435,0.00796454,0.00139624,0.00145287,-6.20704e-05,0,0,0.0221712,-0.00441068,0.467677,-0.0153946,-0.0127419,0.0052807,-0.00232982,0,0,-3.46945e-11,-0.00147385,0.00500354,0.0136043,0.00231512,0.00152784,-0.000122079,0,0,0.00226515,-0.0846843,-0.0150782,0.607114,0.0191783,0.0564666,-0.00108137,0,0,4.85723e-11,0.00319057,0.0373058,-0.00881577,-0.0206841,-0.0217193,0.00092751,0,0,0.0707468,0.0454337,-0.1267,0.192042,0.353614,-0.0361948,0.024778,0,0,1.11022e-10,0.0618549,0.00363359,-0.0444416,-0.020413,-0.018172,0.00199328,0,0,0.0363735,-0.124623,0.052914,0.566691,-0.0362782,0.408763,-0.00556009,0,0,5.85469e-12,-0.00225396,0.00169698,0.0038122,0.00193735,0.00417385,0.00107912,0,0,-0.0308736,-0.00933011,-0.0230384,-0.0112205,0.0253372,-0.0056981,0.0664512,0,0,0,0,0,0,0,0,0,0,0,0,0,0,0,0,0,0,0.905991,-4.51561e-09,0,-2.40048e-12,2.40048e-12,0,2.40048e-12,-2.40048e-12,0,0,0,0,0,0,0,0,0,0,-4.51561e-09,0.905991,
3.53764e-07,0.00276765,-0.00375795,-0.000825363,0.000301642,0.000342547,-1.69905e-05,0,0,0.53174,-0.0154384,0.0205954,0.00189001,0.00705575,0.00361968,-0.00314881,0,0,1.54599e-08,0.0630422,0.000152538,-0.0105371,-7.957e-05,0.000680653,-6.51662e-05,0,0,-0.0153573,0.63261,-0.00464976,-0.0824077,0.00465867,-0.0122947,-0.000953134,0,0,2.60356e-07,-0.00263717,0.0806669,0.0079789,0.00140174,0.00145548,-6.24115e-05,0,0,0.0218334,-0.00442483,0.467747,-0.0154051,-0.012718,0.00529205,-0.00233228,0,0,-1.09336e-07,-0.00158808,0.00501083,0.0136857,0.00232593,0.00152186,-0.000121886,0,0,0.00227504,-0.0846963,-0.015088,0.607114,0.0191732,0.0564624,-0.00108001,0,0,2.12848e-06,0.00314507,0.0373454,-0.00874769,-0.0207601,-0.0217529,0.000925741,0,0,0.0709655,0.0454588,-0.126461,0.191991,0.353681,-0.0361859,0.0247642,0,0,-4.73094e-07,0.0618334,0.00364962,-0.0444898,-0.0204657,-0.018029,0.00199208,0,0,0.0364237,-0.124524,0.0530276,0.566654,-0.0362696,0.408784,-0.00556197,0,0,-5.65763e-08,-0.00225116,0.00169942,0.00380747,0.00194044,0.00417391,0.00108132,0,0,-0.0308659,-0.0093365,-0.0230631,-0.0112072,0.0253237,-0.00570004,0.0664524,0,0,-1.20024e-12,0,-1.20024e-12,0,0,0,0,0,0,0,0,0,0,0,0,0,0.905991,-4.66534e-09,0,0,0,0,0,0,0,0,0,0,0,0,0,0,0,0,-4.66474e-09,0.905991,
8.67362e-13,0.00276715,-0.00370982,-0.000828722,0.000303997,0.000343716,-1.70631e-05,0,0,0.531883,-0.0154435,0.0202558,0.00189959,0.00707742,0.00362464,-0.00314796,0,0,2.77556e-11,0.062972,0.000167131,-0.0106237,-8.38183e-05,0.000677062,-6.51615e-05,0,0,-0.0153623,0.632623,-0.00466442,-0.0824172,0.0046613,-0.0122845,-0.000953797,0,0,-1.73472e-12,-0.00262627,0.0806902,0.0079935,0.00140776,0.00145835,-6.24928e-05,0,0,0.0214953,-0.00443901,0.467816,-0.0154156,-0.012694,0.00530341,-0.00233475,0,0,0,-0.00170221,0.00501812,0.0137671,0.00233652,0.00151576,-0.000121801,0,0,0.00228498,-0.0847084,-0.0150979,0.607115,0.0191682,0.0564582,-0.00107865,0,0,-2.42861e-11,0.00309528,0.0373849,-0.00867739,-0.0208317,-0.0217844,0.000926093,0,0,0.0711839,0.0454839,-0.126221,0.19194,0.353747,-0.036177,0.0247504,0,0,-1.38778e-11,0.0618128,0.00366562,-0.0445382,-0.0205192,-0.0178862,0.0019904,0,0,0.0364737,-0.124425,0.0531412,0.566616,-0.0362611,0.408806,-0.00556386,0,0,8.67362e-12,-0.00224824,0.00170187,0.00380267,0.00194341,0.00417389,0.00108346,0,0,-0.0308581,-0.00934288,-0.0230879,-0.011194,0.0253102,-0.00570199,0.0664536,0,0,0,-1.20024e-12,0,0,0,0,-1.20024e-12,0,0,0,0,0,0,0,0,0,0.905991,-4.65634e-09,0,-1.20024e-12,1.20024e-12,-1.20024e-12,0,0,-2.40048e-12,0,0,0,0,0,0,0,0,0,-4.65514e-09,0.905991,
8.67362e-13,0.00276704,-0.00366125,-0.000832094,0.000306361,0.000343822,-1.71355e-05,0,0,0.532026,-0.0154486,0.019916,0.00190922,0.00709906,0.00362956,-0.00314711,0,0,0,0.0629016,0.00018177,-0.0107105,-8.80664e-05,0.000673414,-6.51565e-05,0,0,-0.0153673,0.632637,-0.00467911,-0.0824267,0.00466392,-0.0122742,-0.00095446,0,0,-1.73472e-12,-0.00261506,0.0807137,0.00800807,0.00141379,0.00146043,-6.25739e-05,0,0,0.0211572,-0.00445321,0.467886,-0.015426,-0.01267,0.00531477,-0.00233721,0,0,5.20417e-12,-0.00181656,0.00502531,0.0138486,0.0023471,0.00150997,-0.000121716,0,0,0.00229496,-0.0847205,-0.0151077,0.607115,0.0191631,0.0564541,-0.00107728,0,0,1.38778e-11,0.00304757,0.0374263,-0.00860698,-0.0209033,-0.0218222,0.000926442,0,0,0.0714019,0.045509,-0.12598,0.191889,0.353814,-0.0361681,0.0247366,0,0,-3.46945e-11,0.0617915,0.00368111,-0.0445866,-0.0205727,-0.0177418,0.00198872,0,0,0.0365235,-0.124326,0.0532548,0.566578,-0.0362525,0.408827,-0.00556575,0,0,-8.89046e-12,-0.00224538,0.00170427,0.00379785,0.00194637,0.00417404,0.00108561,0,0,-0.0308503,-0.00934925,-0.0231126,-0.0111807,0.0252968,-0.00570394,0.0664547,0,0,0,0,-1.20024e-12,0,-1.20024e-12,0,-1.20024e-12,0,0,0,0,0,0,0,0,0,0.905991,-4.5051e-09,0,0,1.20024e-12,-1.20024e-12,1.20024e-12,0,1.20024e-12,0,0,0,0,0,0,0,0,0,-4.5051e-09,0.905991,
-3.55011e-07,0.00276696,-0.00361298,-0.000836544,0.000308733,0.000344992,-1.72079e-05,0,0,0.532168,-0.0154537,0.019576,0.00191889,0.00712067,0.00363446,-0.00314626,0,0,-1.56541e-08,0.0628309,0.000196424,-0.0107973,-9.23145e-05,0.000669801,-6.51513e-05,0,0,-0.0153722,0.63265,-0.00469384,-0.0824362,0.00466655,-0.012264,-0.000955122,0,0,-2.62429e-07,-0.00260382,0.0807369,0.00802184,0.00141982,0.00146329,-6.2655e-05,0,0,0.0208188,-0.00446745,0.467955,-0.0154364,-0.0126459,0.00532614,-0.00233968,0,0,1.10271e-07,-0.00193104,0.00503261,0.0139304,0.00235768,0.00150385,-0.00012163,0,0,0.00230498,-0.0847327,-0.0151174,0.607116,0.019158,0.0564499,-0.00107592,0,0,-2.14373e-06,0.00299983,0.0374655,-0.0085429,-0.0209749,-0.0218535,0.000926788,0,0,0.0716197,0.0455341,-0.12574,0.191839,0.353881,-0.0361593,0.0247228,0,0,4.75765e-07,0.06177,0.00369704,-0.0446333,-0.0206261,-0.0175985,0.00198704,0,0,0.0365729,-0.124227,0.0533685,0.566541,-0.0362439,0.408849,-0.00556764,0,0,5.69618e-08,-0.0022425,0.00170674,0.00379318,0.00194932,0.004174,0.00108775,0,0,-0.0308425,-0.00935563,-0.0231374,-0.0111675,0.0252833,-0.00570589,0.0664559,0,0,0,0,0,1.20024e-12,-1.20024e-12,1.20024e-12,0,0,0,0,0,0,0,0,0,0,0.905991,4.25455e-09,1.20024e-12,0,0,1.20024e-12,-1.20024e-12,1.20024e-12,-1.20024e-12,0,0,0,0,0,0,0,0,0,4.25545e-09,0.905991,
-8.67362e-13,0.00276727,-0.00356427,-0.000839943,0.000311469,0.000345451,-1.72802e-05,0,0,0.532309,-0.0154588,0.0192359,0.00192861,0.00714224,0.00363933,-0.0031454,0,0,-2.77556e-11,0.0627601,0.000211124,-0.0108841,-9.65469e-05,0.000666146,-6.51459e-05,0,0,-0.0153772,0.632664,-0.00470859,-0.0824458,0.00466917,-0.0122537,-0.000955784,0,0,6.93889e-12,-0.00259227,0.0807602,0.00803637,0.00142613,0.00146562,-6.27359e-05,0,0,0.0204803,-0.00448171,0.468025,-0.0154468,-0.0126219,0.0053375,-0.00234214,0,0,-6.93889e-12,-0.00204575,0.0050398,0.014012,0.00236814,0.00149792,-0.000121544,0,0,0.00231505,-0.0847449,-0.0151271,0.607117,0.0191529,0.0564457,-0.00107456,0,0,3.1225e-11,0.0029542,0.0375067,-0.0084723,-0.0210442,-0.021889,0.000927131,0,0,0.071837,0.0455591,-0.125498,0.191788,0.353948,-0.0361504,0.024709,0,0,6.93889e-12,0.0617478,0.00371246,-0.0446812,-0.02068,-0.017454,0.00198534,0,0,0.036622,-0.124127,0.0534821,0.566503,-0.0362353,0.408871,-0.00556954,0,0,6.72205e-12,-0.00223968,0.00170915,0.00378833,0.0019522,0.00417407,0.00108989,0,0,-0.0308345,-0.009362,-0.0231621,-0.0111542,0.0252698,-0.00570785,0.066457,0,0,0,0,0,1.20024e-12,-1.20024e-12,1.20024e-12,-1.20024e-12,0,0,0,0,0,0,0,0,0,0.905991,4.15463e-09,0,0,1.20024e-12,1.20024e-12,-1.20024e-12,0,0,0,0,0,0,0,0,0,0,0,4.15463e-09,0.905991,
3.5583e-07,0.0027669,-0.00351657,-0.00084371,0.00031386,0.000346621,-1.73524e-05,0,0,0.53245,-0.0154639,0.0188955,0.00193837,0.00716378,0.00364416,-0.00314453,0,0,1.57374e-08,0.0626891,0.000225807,-0.010971,-0.000100795,0.000662511,-6.51403e-05,0,0,-0.0153822,0.632678,-0.00472337,-0.0824555,0.00467179,-0.0122435,-0.000956446,0,0,2.63834e-07,-0.0025812,0.0807826,0.00805062,0.00143217,0.00146847,-6.28166e-05,0,0,0.0201416,-0.004496,0.468094,-0.0154571,-0.0125977,0.00534887,-0.00234461,0,0,-1.10878e-07,-0.00216036,0.00504733,0.0140937,0.00237872,0.00149177,-0.000121457,0,0,0.00232517,-0.0847572,-0.0151368,0.607117,0.0191478,0.0564415,-0.0010732,0,0,2.15384e-06,0.00290423,0.0375412,-0.00840376,-0.0211156,-0.0219201,0.000927471,0,0,0.0720541,0.0455842,-0.125257,0.191737,0.354014,-0.0361414,0.0246952,0,0,-4.77562e-07,0.0617265,0.00372928,-0.0447286,-0.0207333,-0.0173102,0.00198365,0,0,0.0366708,-0.124028,0.0535958,0.566465,-0.0362267,0.408892,-0.00557143,0,0,-5.7224e-08,-0.00223673,0.00171175,0.00378352,0.00195513,0.00417401,0.00109203,0,0,-0.0308265,-0.00936836,-0.0231869,-0.011141,0.0252564,-0.0057098,0.0664582,0,0,-1.20024e-12,-1.20024e-12,0,-1.20024e-12,-1.20024e-12,1.20024e-12,-1.20024e-12,0,0,0,0,0,0,0,0,0,0.905991,4.16664e-09,0,-1.20024e-12,0,0,-1.20024e-12,-1.20024e-12,-1.20024e-12,0,0,0,0,0,0,0,0,0,4.16664e-09,0.905991,
-8.67362e-13,0.00276727,-0.00346809,-0.000847133,0.00031626,0.000347435,-1.74244e-05,0,0,0.532591,-0.015469,0.018555,0.00194818,0.00718528,0.00364897,-0.00314365,0,0,-2.77556e-11,0.0626179,0.000240551,-0.011058,-0.000105042,0.00065885,-6.51345e-05,0,0,-0.0153872,0.632692,-0.00473818,-0.0824651,0.00467441,-0.0122332,-0.000957107,0,0,1.38778e-11,-0.00256957,0.0808055,0.0080651,0.00143823,0.00147105,-6.28972e-05,0,0,0.0198028,-0.00451032,0.468163,-0.0154674,-0.0125735,0.00536024,-0.00234708,0,0,-1.73472e-11,-0.00227531,0.00505463,0.0141753,0.00238929,0.00148571,-0.00012137,0,0,0.00233533,-0.0847694,-0.0151465,0.607118,0.0191427,0.0564372,-0.00107184,0,0,2.08167e-11,0.00285854,0.0375799,-0.00833296,-0.0211869,-0.0219533,0.000927808,0,0,0.0722708,0.0456092,-0.125015,0.191686,0.354081,-0.0361325,0.0246814,0,0,4.16334e-11,0.0617039,0.00374511,-0.0447762,-0.0207866,-0.0171657,0.00198194,0,0,0.0367194,-0.123929,0.0537096,0.566427,-0.0362181,0.408914,-0.00557333,0,0,1.04083e-11,-0.00223389,0.00171423,0.00377863,0.00195805,0.00417399,0.00109417,0,0,-0.0308184,-0.00937473,-0.0232117,-0.0111277,0.0252429,-0.00571176,0.0664593,0,0,0,0,0,0,0,0,0,0,0,0,0,0,0,0,0,0,0.905991,4.28306e-09,0,1.20024e-12,0,1.20024e-12,0,0,-1.20024e-12,0,0,0,0,0,0,0,0,0,4.28306e-09,0.905991,
0,0.00276696,-0.00341917,-0.000851282,0.000318313,0.000348247,-1.74964e-05,0,0,0.532731,-0.0154741,0.0182144,0.00195804,0.00720675,0.00365375,-0.00314277,0,0,2.77556e-11,0.0625464,0.000255342,-0.011145,-0.000109306,0.000655177,-6.51284e-05,0,0,-0.0153922,0.632706,-0.00475302,-0.0824748,0.00467703,-0.0122229,-0.000957767,0,0,-6.93889e-12,-0.00255842,0.0808285,0.00807904,0.00144402,0.00147362,-6.29776e-05,0,0,0.0194637,-0.00452466,0.468232,-0.0154777,-0.0125493,0.00537161,-0.00234954,0,0,-1.21431e-11,-0.00239016,0.00506183,0.0142573,0.00239996,0.00147963,-0.000121283,0,0,0.00234553,-0.0847818,-0.0151561,0.607118,0.0191376,0.056433,-0.00107048,0,0,1.38778e-11,0.00280849,0.0376206,-0.00826638,-0.0212603,-0.0219865,0.000928142,0,0,0.0724871,0.0456342,-0.124772,0.191635,0.354148,-0.0361236,0.0246676,0,0,5.55112e-11,0.0616822,0.00376043,-0.0448227,-0.0208394,-0.0170209,0.00198023,0,0,0.0367676,-0.123829,0.0538233,0.566389,-0.0362095,0.408936,-0.00557523,0,0,-5.42101e-12,-0.00223093,0.00171667,0.00377384,0.00196102,0.00417397,0.00109631,0,0,-0.0308103,-0.00938108,-0.0232364,-0.0111145,0.0252294,-0.00571372,0.0664605,0,0,0,-1.20024e-12,-1.20024e-12,1.20024e-12,1.20024e-12,0,-1.20024e-12,5.64113e-11,0,0,0,0,0,0,0,0,0.905991,-4.51411e-09,0,-1.20024e-12,-1.20024e-12,1.20024e-12,-2.40048e-12,2.40048e-12,-1.20024e-12,1.20024e-12,0,0,0,0,0,0,0,0,-4.51411e-09,0.905991,
4.33681e-13,0.00276704,-0.00337055,-0.000855445,0.000321445,0.000349059,-1.79254e-05,0,0,0.532871,-0.0154792,0.0178735,0.00196793,0.00722818,0.0036585,-0.00314188,0,0,-2.77556e-11,0.0624748,0.000270148,-0.0112321,-0.000113522,0.000651494,-6.5138e-05,0,0,-0.0153972,0.63272,-0.00476788,-0.0824846,0.00467964,-0.0122126,-0.000958428,0,0,-1.04083e-11,-0.00254697,0.0808512,0.00809295,0.00145062,0.00147619,-6.33238e-05,0,0,0.0191245,-0.00453903,0.468301,-0.015488,-0.012525,0.00538298,-0.00235201,0,0,6.93889e-12,-0.00250523,0.00506914,0.0143393,0.0024103,0.00147354,-0.000121083,0,0,0.00235578,-0.0847942,-0.0151657,0.607118,0.0191325,0.0564288,-0.00106912,0,0,-2.77556e-11,0.00276055,0.037659,-0.00819972,-0.0213272,-0.0220196,0.000926304,0,0,0.0727032,0.0456592,-0.124529,0.191584,0.354215,-0.0361147,0.0246538,0,0,-3.46945e-11,0.0616598,0.0037762,-0.0448691,-0.0208935,-0.0168758,0.001979,0,0,0.0368156,-0.123729,0.053937,0.566351,-0.0362009,0.408957,-0.00557713,0,0,-5.20417e-12,-0.00222802,0.00171917,0.00376904,0.00196381,0.00417393,0.0010985,0,0,-0.0308021,-0.00938744,-0.0232612,-0.0111013,0.025216,-0.00571568,0.0664616,0,0,0,1.20024e-12,0,0,1.20024e-12,0,0,0,0,0,0,0,0,0,0,0,0.905991,-4.60082e-09,0,-1.20024e-12,-1.20024e-12,2.40048e-12,-1.20024e-12,2.40048e-12,0,0,0,0,0,0,0,0,0,0,-4.60142e-09,0.905991,
1.73472e-12,0.00276715,-0.00332186,-0.000858549,0.000323517,0.000349871,-1.79975e-05,0,0,0.53301,-0.0154843,0.0175325,0.00197788,0.00724959,0.00366322,-0.00314098,0,0,0,0.062403,0.000284984,-0.0113193,-0.000117785,0.000647799,-6.51317e-05,0,0,-0.0154022,0.632734,-0.00478278,-0.0824944,0.00468226,-0.0122023,-0.000959087,0,0,-1.73472e-11,-0.00253548,0.0808738,0.00810764,0.00145642,0.00147875,-6.34046e-05,0,0,0.0187852,-0.00455344,0.468369,-0.0154982,-0.0125007,0.00539436,-0.00235448,0,0,2.42861e-11,-0.00262043,0.00507646,0.014421,0.00242097,0.00146744,-0.000120995,0,0,0.00236607,-0.0848066,-0.0151753,0.607119,0.0191274,0.0564246,-0.00106776,0,0,-2.77556e-11,0.00271259,0.0376973,-0.00812646,-0.0214004,-0.0220526,0.000926627,0,0,0.0729189,0.0456842,-0.124286,0.191532,0.354281,-0.0361057,0.0246399,0,0,-4.16334e-11,0.0616372,0.00379193,-0.0449167,-0.0209461,-0.0167305,0.00197727,0,0,0.0368632,-0.12363,0.0540508,0.566313,-0.0361923,0.408979,-0.00557904,0,0,6.50521e-13,-0.00222511,0.00172168,0.00376404,0.00196676,0.00417388,0.00110064,0,0,-0.0307938,-0.00939379,-0.023286,-0.011088,0.0252025,-0.00571764,0.0664628,0,0,0,-2.40048e-12,-2.40048e-12,2.40048e-12,-1.20024e-12,1.20024e-12,-1.20024e-12,0,0,0,0,0,0,0,0,0,0.905991,-4.53961e-09,0,1.20024e-12,1.20024e-12,-1.20024e-12,1.20024e-12,-1.20024e-12,1.20024e-12,1.20024e-12,0,0,0,0,0,0,0,0,-4.53961e-09,0.905991,
-1.30104e-12,0.00276729,-0.0032731,-0.000862739,0.000326312,0.000350681,-1.77118e-05,0,0,0.533148,-0.0154894,0.0171913,0.00198786,0.00727095,0.0036679,-0.00314008,0,0,0,0.0623309,0.000299851,-0.0114065,-0.000122016,0.000644093,-6.5109e-05,0,0,-0.0154072,0.632749,-0.00479771,-0.0825042,0.00468487,-0.012192,-0.000959747,0,0,-6.93889e-12,-0.00252394,0.0808962,0.0081215,0.00146277,0.0014813,-6.32179e-05,0,0,0.0184456,-0.00456787,0.468438,-0.0155083,-0.0124764,0.00540574,-0.00235695,0,0,-1.56125e-11,-0.00273575,0.00508377,0.0145032,0.00243141,0.00146132,-0.000121019,0,0,0.0023764,-0.084819,-0.0151848,0.607119,0.0191222,0.0564203,-0.0010664,0,0,1.38778e-11,0.00266458,0.0377353,-0.00805962,-0.0214693,-0.0220855,0.000929126,0,0,0.0731342,0.0457092,-0.124042,0.191481,0.354348,-0.0360968,0.0246261,0,0,5.55112e-11,0.0616144,0.00380762,-0.0449627,-0.0209997,-0.0165849,0.00197506,0,0,0.0369106,-0.12353,0.0541646,0.566275,-0.0361837,0.409001,-0.00558094,0,0,1.95156e-12,-0.00222219,0.0017242,0.0037592,0.00196959,0.00417383,0.00110272,0,0,-0.0307855,-0.00940013,-0.0233108,-0.0110748,0.025189,-0.00571961,0.0664639,0,0,0,-1.20024e-12,0,-1.20024e-12,-1.20024e-12,0,0,0,0,0,0,0,0,0,0,0,0.905991,-4.35567e-09,0,1.20024e-12,0,1.20024e-12,-1.20024e-12,0,0,0,0,0,0,0,0,0,0,0,-4.35598e-09,0.905991,
2.1684e-12,0.00276711,-0.00322426,-0.000866943,0.000328041,0.000351133,-1.81416e-05,0,0,0.533286,-0.0154945,0.0168499,0.0019979,0.00729228,0.00367256,-0.00313917,0,0,2.77556e-11,0.0622587,0.000314748,-0.0114938,-0.000126294,0.00064036,-6.51181e-05,0,0,-0.0154122,0.632763,-0.00481267,-0.0825141,0.00468749,-0.0121817,-0.000960406,0,0,-1.9082e-11,-0.00251263,0.0809186,0.00813534,0.00146832,0.00148358,-6.35658e-05,0,0,0.0181059,-0.00458232,0.468506,-0.0155185,-0.012452,0.00541712,-0.00235943,0,0,-3.46945e-12,-0.00285107,0.00509109,0.0145853,0.00244219,0.0014553,-0.000120817,0,0,0.00238678,-0.0848315,-0.0151943,0.60712,0.0191171,0.0564161,-0.00106505,0,0,0,0.00261436,0.0377733,-0.0079927,-0.0215446,-0.0221205,0.000927264,0,0,0.0733492,0.0457342,-0.123797,0.19143,0.354415,-0.0360878,0.0246123,0,0,6.245e-11,0.061592,0.00382328,-0.0450085,-0.0210518,-0.0164386,0.00197381,0,0,0.0369577,-0.12343,0.0542784,0.566237,-0.0361751,0.409023,-0.00558285,0,0,-4.98733e-12,-0.0022192,0.00172672,0.00375435,0.00197258,0.00417381,0.00110491,0,0,-0.0307771,-0.00940647,-0.0233356,-0.0110616,0.0251756,-0.00572157,0.0664651,0,0,0,0,0,-1.20024e-12,1.20024e-12,1.20024e-12,-1.20024e-12,1.72835e-10,0,0,0,0,0,0,0,0,0.905991,4.09252e-09,0,0,0,-1.20024e-12,1.20024e-12,1.20024e-12,-1.20024e-12,0,0,0,0,0,0,0,0,0,4.09222e-09,0.905991,
-4.33681e-13,0.00276767,-0.00317536,-0.000870801,0.000330854,0.000352301,-1.82134e-05,0,0,0.533424,-0.0154996,0.0165083,0.00200797,0.00731358,0.00367719,-0.00313825,0,0,0,0.0621862,0.000329676,-0.0115811,-0.000130525,0.000636647,-6.51111e-05,0,0,-0.0154173,0.632778,-0.00482765,-0.082524,0.0046901,-0.0121714,-0.000961064,0,0,8.67362e-12,-0.00250074,0.0809409,0.00814942,0.00147468,0.00148639,-6.36461e-05,0,0,0.017766,-0.00459681,0.468574,-0.0155286,-0.0124275,0.0054285,-0.0023619,0,0,3.29597e-11,-0.00296674,0.00509841,0.0146675,0.00245262,0.00144905,-0.000120727,0,0,0.00239721,-0.0848441,-0.0152037,0.60712,0.0191119,0.0564118,-0.00106369,0,0,-1.73472e-11,0.00256846,0.037811,-0.00792351,-0.0216133,-0.0221511,0.000927578,0,0,0.0735639,0.0457591,-0.123553,0.191378,0.354482,-0.0360789,0.0245985,0,0,-2.77556e-11,0.0615683,0.00383891,-0.0450547,-0.0211052,-0.016293,0.00197207,0,0,0.0370045,-0.12333,0.0543922,0.566198,-0.0361664,0.409045,-0.00558476,0,0,4.11997e-12,-0.00221632,0.00172926,0.00374942,0.00197538,0.00417367,0.00110705,0,0,-0.0307686,-0.00941281,-0.0233604,-0.0110484,0.0251621,-0.00572354,0.0664662,0,0,0,0,-1.20024e-12,0,0,1.20024e-12,1.20024e-12,0,0,0,0,0,0,0,0,0,0.905991,3.9698e-09,0,0,1.20024e-12,0,0,-1.20024e-12,0,0,0,0,0,0,0,0,0,0,3.9704e-09,0.905991,
2.60209e-12,0.00276791,-0.00312675,-0.000874314,0.000332959,0.00035311,-1.75671e-05,0,0,0.533561,-0.0155047,0.0161666,0.0020181,0.00733484,0.00368179,-0.00313733,0,0,2.77556e-11,0.0621136,0.000344619,-0.0116685,-0.000134788,0.000632907,-6.50714e-05,0,0,-0.0154223,0.632792,-0.00484267,-0.0825339,0.00469271,-0.0121611,-0.000961722,0,0,-5.20417e-12,-0.00248908,0.0809628,0.00816374,0.0014805,0.00148893,-6.31875e-05,0,0,0.0174259,-0.00461133,0.468642,-0.0155387,-0.0124031,0.00543988,-0.00236437,0,0,-2.94903e-11,-0.00308241,0.00510584,0.0147495,0.00246328,0.00144289,-0.000120864,0,0,0.00240768,-0.0848566,-0.0152131,0.60712,0.0191068,0.0564076,-0.00106233,0,0,-2.08167e-11,0.00252035,0.0378464,-0.00785203,-0.0216863,-0.0221839,0.000932278,0,0,0.0737783,0.045784,-0.123308,0.191327,0.354549,-0.0360699,0.0245847,0,0,6.245e-11,0.061545,0.00385498,-0.0451011,-0.0211577,-0.0161467,0.00196936,0,0,0.0370509,-0.12323,0.0545061,0.56616,-0.0361578,0.409066,-0.00558667,0,0,1.0842e-12,-0.00221338,0.00173185,0.00374441,0.00197829,0.00417358,0.00110906,0,0,-0.0307601,-0.00941914,-0.0233853,-0.0110352,0.0251486,-0.00572551,0.0664674,0,0,0,0,0,-1.20024e-12,0,0,0,0,0,0,0,0,0,0,0,0,0.905991,3.95269e-09,0,0,0,0,1.20024e-12,0,0,0,0,0,0,0,0,0,0,0,3.95119e-09,0.905991,
-3.59439e-07,0.00276818,-0.00307735,-0.000878197,0.000335795,0.000353915,-1.83568e-05,0,0,0.533698,-0.0155098,0.0158247,0.00202826,0.00735607,0.00368636,-0.0031364,0,0,-1.62093e-08,0.0620408,0.000359624,-0.0117559,-0.000139017,0.000629158,-6.50963e-05,0,0,-0.0154273,0.632807,-0.00485771,-0.0825439,0.00469531,-0.0121507,-0.00096238,0,0,-2.70135e-07,-0.00247738,0.0809852,0.00817777,0.00148687,0.00149145,-6.38063e-05,0,0,0.0170857,-0.00462587,0.46871,-0.0155487,-0.0123785,0.00545126,-0.00236684,0,0,1.13718e-07,-0.00319821,0.00511305,0.0148318,0.00247371,0.00143672,-0.000120547,0,0,0.00241819,-0.0848693,-0.0152225,0.607121,0.0191016,0.0564033,-0.00106097,0,0,-2.19955e-06,0.0024722,0.037886,-0.00778265,-0.0217548,-0.0222165,0.000928196,0,0,0.0739923,0.0458089,-0.123062,0.191275,0.354616,-0.0360609,0.0245709,0,0,4.85528e-07,0.0615215,0.00387005,-0.0451469,-0.021211,-0.016,0.00196858,0,0,0.0370971,-0.12313,0.0546199,0.566122,-0.0361491,0.409088,-0.00558858,0,0,5.83914e-08,-0.00221043,0.00173434,0.00373945,0.00198108,0.00417348,0.00111131,0,0,-0.0307515,-0.00942547,-0.0234101,-0.0110219,0.0251352,-0.00572749,0.0664685,0,0,-2.40048e-12,-1.20024e-12,2.40048e-12,0,1.20024e-12,0,0,0,0,0,0,0,0,0,0,0,0.905991,4.02411e-09,-1.20024e-12,-2.40048e-12,1.20024e-12,0,0,0,1.20024e-12,0,0,0,0,0,0,0,0,0,4.02501e-09,0.905991,
-4.33681e-13,0.00276884,-0.00302824,-0.000882093,0.000338641,0.000354361,-1.80685e-05,0,0,0.533834,-0.0155149,0.0154826,0.00203848,0.00737726,0.0036909,-0.00313547,0,0,2.77556e-11,0.0619677,0.000374644,-0.0118434,-0.000143246,0.000625382,-6.50724e-05,0,0,-0.0154323,0.632822,-0.00487278,-0.0825539,0.00469792,-0.0121404,-0.000963037,0,0,1.21431e-11,-0.00246536,0.0810072,0.00819178,0.00149326,0.0014937,-6.36152e-05,0,0,0.0167452,-0.00464044,0.468778,-0.0155587,-0.012354,0.00546265,-0.00236932,0,0,-1.21431e-11,-0.00331423,0.00512037,0.0149141,0.00248413,0.00143064,-0.00012057,0,0,0.00242875,-0.0848819,-0.0152318,0.607121,0.0190965,0.056399,-0.00105961,0,0,2.08167e-11,0.00242621,0.0379233,-0.00771317,-0.0218233,-0.0222513,0.000930705,0,0,0.0742059,0.0458338,-0.122816,0.191224,0.354682,-0.0360519,0.0245571,0,0,8.32667e-11,0.0614973,0.00388557,-0.0451926,-0.0212643,-0.0158527,0.00196633,0,0,0.037143,-0.12303,0.0547338,0.566083,-0.0361405,0.40911,-0.0055905,0,0,-1.19262e-11,-0.00220754,0.0017369,0.00373447,0.00198386,0.00417342,0.00111339,0,0,-0.0307428,-0.0094318,-0.0234349,-0.0110087,0.0251217,-0.00572946,0.0664697,0,0,0,0,0,0,0,0,0,0,0,0,0,0,0,0,0,0,0.905991,4.18914e-09,0,-1.20024e-12,-1.20024e-12,0,-2.40048e-12,0,1.20024e-12,0,0,0,0,0,0,0,0,0,4.18914e-09,0.905991,
-8.67362e-13,0.00276918,-0.00297871,-0.000885643,0.000341136,0.000355525,-1.77794e-05,0,0,0.53397,-0.01552,0.0151403,0.00204874,0.00739842,0.00369541,-0.00313452,0,0,0,0.0618945,0.000389711,-0.0119309,-0.000147491,0.000621627,-6.50481e-05,0,0,-0.0154373,0.632837,-0.00488789,-0.0825639,0.00470053,-0.01213,-0.000963694,0,0,3.46945e-12,-0.00245357,0.0810294,0.00820603,0.00149937,0.00149648,-6.34226e-05,0,0,0.0164046,-0.00465504,0.468845,-0.0155687,-0.0123293,0.00547404,-0.00237179,0,0,-5.20417e-12,-0.00343026,0.00512758,0.0149963,0.00249466,0.00142433,-0.000120594,0,0,0.00243935,-0.0848946,-0.0152411,0.607121,0.0190913,0.0563947,-0.00105826,0,0,4.51028e-11,0.00237799,0.0379626,-0.0076414,-0.0218938,-0.0222816,0.000933221,0,0,0.0744192,0.0458587,-0.12257,0.191172,0.354749,-0.0360429,0.0245433,0,0,4.16334e-11,0.0614734,0.00390057,-0.0452385,-0.021317,-0.015706,0.00196408,0,0,0.0371886,-0.12293,0.0548476,0.566045,-0.0361318,0.409132,-0.00559241,0,0,9.32414e-12,-0.00220457,0.0017394,0.00372941,0.00198668,0.00417323,0.00111546,0,0,-0.0307341,-0.00943812,-0.0234598,-0.0109955,0.0251082,-0.00573144,0.0664709,0,0,0,1.20024e-12,0,1.20024e-12,0,0,0,0,0,0,0,0,0,0,0,0,0.905991,-4.464e-09,0,1.20024e-12,0,-1.20024e-12,1.20024e-12,0,0,0,0,0,0,0,0,0,0,0,-4.4643e-09,0.905991,
8.67362e-13,0.00276919,-0.00292982,-0.000889566,0.000343279,0.00035669,-1.82105e-05,0,0,0.534105,-0.0155251,0.0147979,0.00205904,0.00741955,0.00369989,-0.00313357,0,0,0,0.061821,0.000404775,-0.0120185,-0.000151752,0.000617861,-6.50563e-05,0,0,-0.0154423,0.632852,-0.00490302,-0.082574,0.00470313,-0.0121197,-0.000964351,0,0,1.73472e-11,-0.00244201,0.0810509,0.00821998,0.00150522,0.00149926,-6.37729e-05,0,0,0.0160638,-0.00466967,0.468913,-0.0155786,-0.0123047,0.00548542,-0.00237427,0,0,1.56125e-11,-0.00354629,0.00513502,0.0150787,0.0025053,0.001418,-0.000120388,0,0,0.00245,-0.0849074,-0.0152504,0.607122,0.0190861,0.0563905,-0.0010569,0,0,-2.08167e-11,0.00232752,0.0379974,-0.00757174,-0.0219665,-0.0223118,0.000931314,0,0,0.0746322,0.0458836,-0.122323,0.19112,0.354816,-0.0360339,0.0245294,0,0,-7.63278e-11,0.0614498,0.00391651,-0.0452838,-0.0213692,-0.0155591,0.0019628,0,0,0.0372338,-0.12283,0.0549615,0.566006,-0.0361232,0.409154,-0.00559433,0,0,3.68629e-12,-0.00220155,0.00174203,0.0037244,0.00198956,0.00417304,0.00111765,0,0,-0.0307253,-0.00944443,-0.0234846,-0.0109823,0.0250947,-0.00573342,0.066472,0,0,0,0,0,0,0,0,0,0,0,0,0,0,0,0,0,0,0.905991,-4.60292e-09,0,0,0,-1.20024e-12,0,-1.20024e-12,0,1.20024e-12,0,0,0,0,0,0,0,0,-4.60322e-09,0.905991,
2.60209e-12,0.00276959,-0.00288051,-0.000893502,0.000346153,0.000357133,-1.82814e-05,0,0,0.534239,-0.0155303,0.0144552,0.00206939,0.00744064,0.00370434,-0.00313262,0,0,2.77556e-11,0.0617473,0.000419885,-0.0121062,-0.000155979,0.000614052,-6.50479e-05,0,0,-0.0154473,0.632867,-0.00491818,-0.0825842,0.00470573,-0.0121093,-0.000965006,0,0,-6.93889e-12,-0.00243014,0.0810726,0.00823391,0.00151162,0.00150149,-6.38515e-05,0,0,0.0157229,-0.00468432,0.46898,-0.0155885,-0.01228,0.00549681,-0.00237674,0,0,-2.25514e-11,-0.00366256,0.00514235,0.0151612,0.0025157,0.00141188,-0.000120296,0,0,0.0024607,-0.0849202,-0.0152596,0.607122,0.0190809,0.0563862,-0.00105555,0,0,2.08167e-11,0.00227922,0.0380342,-0.00750198,-0.0220347,-0.0223463,0.000931614,0,0,0.0748449,0.0459084,-0.122075,0.191069,0.354883,-0.0360249,0.0245156,0,0,3.46945e-11,0.0614255,0.00393192,-0.0453288,-0.0214224,-0.0154109,0.00196103,0,0,0.0372788,-0.12273,0.0550754,0.565968,-0.0361145,0.409176,-0.00559625,0,0,4.33681e-12,-0.00219857,0.0017446,0.00371936,0.00199231,0.00417295,0.00111978,0,0,-0.0307164,-0.00945074,-0.0235095,-0.0109691,0.0250813,-0.0057354,0.0664732,0,0,0,0,1.20024e-12,3.60072e-12,1.20024e-12,2.40048e-12,0,0,0,0,0,0,0,0,0,0,0.905991,-4.58912e-09,0,-2.40048e-12,0,-1.20024e-12,0,-1.20024e-12,2.40048e-12,0,0,0,0,0,0,0,0,0,-4.58882e-09,0.905991,
4.33681e-13,0.00277002,-0.00283113,-0.000897452,0.000348675,0.000358297,-1.79907e-05,0,0,0.534373,-0.0155354,0.0141124,0.00207979,0.00746169,0.00370876,-0.00313166,0,0,0,0.0616735,0.000435026,-0.0121939,-0.000160223,0.000610264,-6.50228e-05,0,0,-0.0154523,0.632883,-0.00493337,-0.0825943,0.00470833,-0.0120989,-0.000965662,0,0,0,-0.00241822,0.0810943,0.00824781,0.00151776,0.00150426,-6.36563e-05,0,0,0.0153817,-0.00469901,0.469047,-0.0155983,-0.0122552,0.0055082,-0.00237922,0,0,-2.42861e-11,-0.00377894,0.00514968,0.0152437,0.00252622,0.00140552,-0.000120319,0,0,0.00247144,-0.084933,-0.0152688,0.607122,0.0190758,0.0563819,-0.00105419,0,0,-1.04083e-11,0.00223089,0.0380708,-0.00743214,-0.022105,-0.0223764,0.000934135,0,0,0.0750572,0.0459333,-0.121828,0.191017,0.35495,-0.0360159,0.0245018,0,0,1.38778e-11,0.061401,0.0039473,-0.0453738,-0.0214749,-0.0152635,0.00195876,0,0,0.0373235,-0.122629,0.0551893,0.565929,-0.0361058,0.409197,-0.00559817,0,0,-2.81893e-12,-0.00219559,0.00174719,0.00371432,0.0019951,0.00417272,0.00112185,0,0,-0.0307075,-0.00945705,-0.0235343,-0.0109559,0.0250678,-0.00573738,0.0664743,0,0,0,0,-1.20024e-12,0,1.20024e-12,0,1.20024e-12,0,0,0,0,0,0,0,0,0,0.905991,-4.43999e-09,0,0,1.20024e-12,0,1.20024e-12,0,-1.20024e-12,0,0,0,0,0,0,0,0,0,-4.43969e-09,0.905991,
-3.61767e-07,0.00277085,-0.00278132,-0.000901415,0.000350844,0.000358376,-1.84228e-05,0,0,0.534507,-0.0155405,0.0137694,0.00209023,0.00748271,0.00371315,-0.00313069,0,0,-1.65146e-08,0.0615994,0.000450214,-0.0122817,-0.000164482,0.000606415,-6.50304e-05,0,0,-0.0154573,0.632898,-0.0049486,-0.0826046,0.00471093,-0.0120885,-0.000966317,0,0,-2.7434e-07,-0.00240598,0.081116,0.00826169,0.00152363,0.0015062,-6.40082e-05,0,0,0.0150404,-0.00471372,0.469114,-0.0156082,-0.0122304,0.00551959,-0.0023817,0,0,1.15673e-07,-0.00389555,0.0051569,0.0153263,0.00253685,0.0013995,-0.000120111,0,0,0.00248222,-0.0849459,-0.015278,0.607122,0.0190706,0.0563776,-0.00105284,0,0,-2.2301e-06,0.00218475,0.0381095,-0.0073622,-0.0221775,-0.022413,0.000932204,0,0,0.0752691,0.0459581,-0.121579,0.190965,0.355017,-0.0360069,0.024488,0,0,4.90649e-07,0.0613759,0.00396215,-0.0454185,-0.021527,-0.0151143,0.00195746,0,0,0.0373679,-0.122529,0.0553032,0.56589,-0.0360971,0.409219,-0.0056001,0,0,5.91666e-08,-0.00219266,0.00174972,0.00370925,0.00199795,0.00417267,0.00112403,0,0,-0.0306985,-0.00946335,-0.0235592,-0.0109427,0.0250543,-0.00573936,0.0664755,0,0,1.20024e-12,1.20024e-12,0,0,1.20024e-12,1.20024e-12,2.40048e-12,0,0,0,0,0,0,0,0,0,0.905991,4.19604e-09,0,0,0,0,0,0,0,0,0,0,0,0,0,0,0,0,4.19604e-09,0.905991,
-3.62146e-07,0.00277099,-0.0027318,-0.000905391,0.000353383,0.000359901,-1.81311e-05,0,0,0.53464,-0.0155456,0.0134262,0.00210071,0.0075037,0.0037175,-0.00312971,0,0,-1.65701e-08,0.0615252,0.000465416,-0.0123695,-0.000168724,0.000602622,-6.50048e-05,0,0,-0.0154623,0.632914,-0.00496385,-0.0826148,0.00471353,-0.0120781,-0.000966972,0,0,-2.75061e-07,-0.00239425,0.0811375,0.00827553,0.00152977,0.00150922,-6.38112e-05,0,0,0.0146989,-0.00472846,0.469181,-0.015618,-0.0122056,0.00553098,-0.00238418,0,0,1.15956e-07,-0.00401205,0.00516423,0.0154089,0.00254735,0.00139299,-0.000120134,0,0,0.00249305,-0.0849589,-0.0152871,0.607123,0.0190654,0.0563733,-0.00105148,0,0,-2.23522e-06,0.00213412,0.0381458,-0.00729218,-0.0222477,-0.0224406,0.000934729,0,0,0.0754808,0.0459829,-0.121331,0.190913,0.355084,-0.0359979,0.0244742,0,0,4.91489e-07,0.0613515,0.00397745,-0.045463,-0.0215794,-0.0149669,0.00195517,0,0,0.0374119,-0.122428,0.0554171,0.565852,-0.0360884,0.409241,-0.00560203,0,0,5.92981e-08,-0.0021896,0.00175231,0.00370417,0.00200072,0.00417236,0.0011261,0,0,-0.0306894,-0.00946965,-0.0235841,-0.0109295,0.0250409,-0.00574135,0.0664766,0,0,0,0,0,2.40048e-12,-1.20024e-12,1.20024e-12,-2.40048e-12,0,0,0,0,0,0,0,0,0,0.905991,4.09702e-09,0,0,0,-2.40048e-12,2.40048e-12,0,2.40048e-12,0,0,0,0,0,0,0,0,0,4.09642e-09,0.905991,
3.62528e-07,0.00277152,-0.00268257,-0.000909743,0.000355931,0.000359977,-1.82012e-05,0,0,0.534773,-0.0155507,0.0130828,0.00211124,0.00752465,0.00372183,-0.00312873,0,0,1.66533e-08,0.0614507,0.000480632,-0.0124574,-0.000172966,0.000598751,-6.49955e-05,0,0,-0.0154673,0.632929,-0.00497913,-0.0826251,0.00471612,-0.0120677,-0.000967626,0,0,2.75767e-07,-0.00238221,0.0811585,0.00828908,0.00153592,0.00151115,-6.38884e-05,0,0,0.0143572,-0.00474323,0.469247,-0.0156277,-0.0121807,0.00554237,-0.00238665,0,0,-1.16273e-07,-0.00412878,0.00517168,0.0154917,0.00255786,0.00138694,-0.000120041,0,0,0.00250392,-0.0849718,-0.0152961,0.607123,0.0190602,0.0563689,-0.00105013,0,0,2.24031e-06,0.00208568,0.0381796,-0.0072243,-0.0223177,-0.0224771,0.000935021,0,0,0.075692,0.0460076,-0.121082,0.190861,0.355151,-0.0359888,0.0244604,0,0,-4.92391e-07,0.0613265,0.00399321,-0.0455069,-0.0216318,-0.0148172,0.00195337,0,0,0.0374557,-0.122328,0.055531,0.565813,-0.0360797,0.409263,-0.00560395,0,0,-5.9441e-08,-0.0021866,0.00175498,0.00369913,0.00200349,0.00417229,0.00112822,0,0,-0.0306803,-0.00947594,-0.023609,-0.0109164,0.0250274,-0.00574334,0.0664778,0,0,0,1.20024e-12,1.20024e-12,0,-1.20024e-12,1.20024e-12,1.20024e-12,0,0,0,0,0,0,0,0,0,0.905991,4.10602e-09,0,0,0,0,0,0,0,0,0,0,0,0,0,0,0,0,4.10632e-09,0.905991,
-8.67362e-13,0.00277245,-0.00263328,-0.000914108,0.000358126,0.000361502,-1.89969e-05,0,0,0.534905,-0.0155558,0.0127393,0.00212182,0.00754557,0.00372613,-0.00312774,0,0,0,0.061376,0.000495878,-0.0125453,-0.000177224,0.000594935,-6.50193e-05,0,0,-0.0154723,0.632945,-0.00499444,-0.0826355,0.00471871,-0.0120573,-0.000968279,0,0,1.73472e-11,-0.00236984,0.0811795,0.00830259,0.0015418,0.00151416,-6.45183e-05,0,0,0.0140153,-0.00475803,0.469314,-0.0156374,-0.0121558,0.00555377,-0.00238913,0,0,-2.25514e-11,-0.00424575,0.00517913,0.0155746,0.00256847,0.00138041,-0.000119715,0,0,0.00251484,-0.0849848,-0.0153052,0.607123,0.019055,0.0563646,-0.00104877,0,0,1.04083e-11,0.00203945,0.0382133,-0.00715634,-0.02239,-0.0225046,0.000930819,0,0,0.075903,0.0460324,-0.120832,0.190809,0.355218,-0.0359798,0.0244465,0,0,4.16334e-11,0.0613007,0.00400894,-0.0455506,-0.0216837,-0.0146692,0.00195255,0,0,0.0374992,-0.122227,0.0556449,0.565774,-0.036071,0.409285,-0.00560588,0,0,-7.15573e-12,-0.00218365,0.00175765,0.00369407,0.00200631,0.00417196,0.00113047,0,0,-0.0306711,-0.00948223,-0.0236339,-0.0109032,0.0250139,-0.00574533,0.0664789,0,0,0,0,0,1.20024e-12,0,0,-1.20024e-12,5.76116e-11,0,0,0,0,0,0,0,0,0.905991,4.21435e-09,0,0,0,-1.20024e-12,0,0,1.20024e-12,0,0,0,0,0,0,0,0,0,4.21405e-09,0.905991,
-1.73472e-12,0.00277305,-0.00258283,-0.000917762,0.000360692,0.000361574,-1.90675e-05,0,0,0.535036,-0.0155609,0.0123955,0.00213245,0.00756645,0.00373039,-0.00312674,0,0,-2.77556e-11,0.0613011,0.000511205,-0.0126333,-0.000181464,0.000591042,-6.50096e-05,0,0,-0.0154773,0.632961,-0.00500978,-0.0826458,0.00472131,-0.0120469,-0.000968932,0,0,-1.73472e-12,-0.00235771,0.0812011,0.00831664,0.00154797,0.00151607,-6.45965e-05,0,0,0.0136733,-0.00477286,0.46938,-0.0156471,-0.0121308,0.00556516,-0.00239161,0,0,6.93889e-12,-0.00436272,0.00518624,0.0156572,0.00257896,0.00137433,-0.00011962,0,0,0.0025258,-0.0849979,-0.0153142,0.607123,0.0190497,0.0563603,-0.00104742,0,0,3.1225e-11,0.00199094,0.0382536,-0.0070838,-0.0224599,-0.022541,0.000931095,0,0,0.0761136,0.0460571,-0.120582,0.190757,0.355285,-0.0359707,0.0244327,0,0,-1.38778e-11,0.0612753,0.00402315,-0.0455951,-0.0217359,-0.014519,0.00195074,0,0,0.0375423,-0.122126,0.0557589,0.565735,-0.0360623,0.409307,-0.00560782,0,0,6.28837e-12,-0.00218063,0.00176015,0.00368888,0.00200905,0.00417185,0.00113259,0,0,-0.0306618,-0.00948851,-0.0236587,-0.01089,0.0250004,-0.00574732,0.0664801,0,0,0,0,0,0,-1.20024e-12,0,0,0,0,0,0,0,0,0,0,0,0.905991,-4.43249e-09,0,-1.20024e-12,-1.20024e-12,-1.20024e-12,1.20024e-12,0,0,0,0,0,0,0,0,0,0,0,-4.43219e-09,0.905991,
-2.1684e-12,0.00277332,-0.00253339,-0.000922154,0.00036363,0.000363099,-1.91379e-05,0,0,0.535168,-0.0155661,0.0120516,0.00214312,0.00758729,0.00373463,-0.00312574,0,0,-2.77556e-11,0.061226,0.000526512,-0.0127213,-0.000185687,0.000587204,-6.49997e-05,0,0,-0.0154824,0.632977,-0.00502515,-0.0826562,0.0047239,-0.0120365,-0.000969585,0,0,1.73472e-12,-0.00234581,0.0812219,0.00833009,0.00155441,0.00151907,-6.46746e-05,0,0,0.013331,-0.00478772,0.469446,-0.0156567,-0.0121058,0.00557655,-0.00239409,0,0,-8.67362e-12,-0.00447968,0.00519369,0.0157402,0.00258934,0.00136776,-0.000119525,0,0,0.00253681,-0.085011,-0.0153231,0.607123,0.0190445,0.0563559,-0.00104607,0,0,2.08167e-11,0.00194014,0.038287,-0.00701567,-0.0225275,-0.0225682,0.000931367,0,0,0.0763238,0.0460818,-0.120332,0.190705,0.355352,-0.0359617,0.0244189,0,0,-6.93889e-12,0.0612502,0.0040388,-0.0456384,-0.0217886,-0.0143705,0.00194892,0,0,0.0375852,-0.122025,0.0558728,0.565696,-0.0360536,0.409329,-0.00560975,0,0,3.68629e-12,-0.00217755,0.00176284,0.00368379,0.00201173,0.0041715,0.00113471,0,0,-0.0306525,-0.00949479,-0.0236836,-0.0108768,0.024987,-0.00574931,0.0664813,0,0,0,1.20024e-12,0,1.20024e-12,0,0,-1.20024e-12,5.76116e-11,0,0,0,0,0,0,0,0,0.905991,-4.51261e-09,0,1.20024e-12,0,1.20024e-12,0,0,0,0,0,0,0,0,0,0,0,0,-4.51201e-09,0.905991,
1.73472e-12,0.00277362,-0.00248317,-0.000925469,0.000366214,0.000363532,-1.92083e-05,0,0,0.535298,-0.0155712,0.0117075,0.00215383,0.0076081,0.00373883,-0.00312473,0,0,2.77556e-11,0.0611507,0.000541883,-0.0128094,-0.000189926,0.000583305,-6.49896e-05,0,0,-0.0154874,0.632993,-0.00504055,-0.0826667,0.00472648,-0.0120261,-0.000970237,0,0,-5.20417e-12,-0.00233386,0.0812431,0.00834436,0.00156059,0.00152124,-6.47525e-05,0,0,0.0129886,-0.0048026,0.469512,-0.0156663,-0.0120808,0.00558795,-0.00239657,0,0,1.04083e-11,-0.00459676,0.00520091,0.0158229,0.00259982,0.00136154,-0.00011943,0,0,0.00254787,-0.0850242,-0.0153321,0.607123,0.0190393,0.0563516,-0.00104471,0,0,-1.38778e-11,0.0018893,0.0383247,-0.00694068,-0.0225972,-0.0226022,0.000931636,0,0,0.0765337,0.0461065,-0.120081,0.190652,0.355419,-0.0359526,0.0244051,0,0,3.46945e-11,0.0612249,0.00405342,-0.045683,-0.0218408,-0.0142202,0.0019471,0,0,0.0376277,-0.121925,0.0559867,0.565657,-0.0360449,0.409351,-0.00561169,0,0,3.90313e-12,-0.00217446,0.00176541,0.0036785,0.00201446,0.00417132,0.00113683,0,0,-0.0306431,-0.00950106,-0.0237085,-0.0108637,0.0249735,-0.00575131,0.0664824,0,0,0,1.20024e-12,0,-1.20024e-12,1.20024e-12,0,0,0,0,0,0,0,0,0,0,0,0.905991,-4.45229e-09,0,-2.40048e-12,-1.20024e-12,3.60072e-12,-3.60072e-12,1.20024e-12,-1.20024e-12,0,0,0,0,0,0,0,0,0,-4.45199e-09,0.905991,
4.33681e-13,0.00277432,-0.00243396,-0.000929889,0.000368442,0.000364328,-1.89141e-05,0,0,0.535428,-0.0155763,0.0113631,0.00216459,0.00762888,0.003743,-0.00312371,0,0,2.77556e-11,0.0610752,0.000557233,-0.0128975,-0.000194182,0.000579412,-6.49624e-05,0,0,-0.0154924,0.63301,-0.00505598,-0.0826772,0.00472907,-0.0120156,-0.000970889,0,0,-5.20417e-12,-0.0023216,0.0812633,0.00835776,0.00156649,0.00152367,-6.45508e-05,0,0,0.012646,-0.00481751,0.469578,-0.0156759,-0.0120557,0.00559934,-0.00239905,0,0,6.93889e-12,-0.00471408,0.00520849,0.0159059,0.00261041,0.00135518,-0.000119452,0,0,0.00255897,-0.0850374,-0.015341,0.607124,0.0190341,0.0563473,-0.00104336,0,0,-1.73472e-11,0.00184068,0.0383554,-0.00687237,-0.0226691,-0.0226338,0.000934167,0,0,0.0767433,0.0461312,-0.11983,0.1906,0.355486,-0.0359435,0.0243913,0,0,4.85723e-11,0.0611989,0.0040695,-0.045726,-0.0218924,-0.0140702,0.00194477,0,0,0.0376699,-0.121824,0.0561007,0.565618,-0.0360362,0.409373,-0.00561362,0,0,-6.28837e-12,-0.00217142,0.00176817,0.00367338,0.00201724,0.00417106,0.00113889,0,0,-0.0306336,-0.00950733,-0.0237335,-0.0108505,0.02496,-0.00575331,0.0664836,0,0,0,1.20024e-12,-1.20024e-12,0,0,-1.20024e-12,-1.20024e-12,0,0,0,0,0,0,0,0,0,0.905991,4.27616e-09,0,-1.20024e-12,1.20024e-12,0,1.20024e-12,1.20024e-12,1.20024e-12,0,0,0,0,0,0,0,0,0,4.27706e-09,0.905991,
-4.33681e-13,0.00277542,-0.00238323,-0.000933958,0.000371043,0.000365487,-1.93486e-05,0,0,0.535558,-0.0155814,0.0110186,0.0021754,0.00764962,0.00374714,-0.00312269,0,0,2.77556e-11,0.0609995,0.000572682,-0.0129857,-0.000198419,0.000575525,-6.49687e-05,0,0,-0.0154974,0.633026,-0.00507143,-0.0826878,0.00473165,-0.0120052,-0.00097154,0,0,0,-0.00230901,0.0812846,0.00837141,0.00157267,0.00152638,-6.49076e-05,0,0,0.0123032,-0.00483245,0.469644,-0.0156855,-0.0120305,0.00561074,-0.00240154,0,0,1.04083e-11,-0.00483162,0.00521559,0.0159889,0.00262088,0.00134869,-0.000119238,0,0,0.00257011,-0.0850506,-0.0153498,0.607124,0.0190288,0.0563429,-0.00104201,0,0,1.38778e-11,0.00179429,0.0383951,-0.00680172,-0.0227387,-0.0226631,0.000932164,0,0,0.0769525,0.0461559,-0.119578,0.190548,0.355553,-0.0359345,0.0243774,0,0,3.46945e-11,0.0611722,0.00408355,-0.0457692,-0.0219444,-0.0139204,0.00194344,0,0,0.0377119,-0.121723,0.0562146,0.565579,-0.0360274,0.409395,-0.00561556,0,0,3.03577e-12,-0.00216844,0.0017707,0.00366818,0.00201994,0.00417073,0.00114107,0,0,-0.0306241,-0.0095136,-0.0237584,-0.0108373,0.0249465,-0.00575531,0.0664847,0,0,0,-2.40048e-12,2.40048e-12,0,2.40048e-12,-2.40048e-12,0,0,0,0,0,0,0,0,0,0,0.905991,4.23655e-09,0,0,-2.40048e-12,2.40048e-12,-3.60072e-12,0,0,0,0,0,0,0,0,0,0,0,4.23625e-09,0.905991,
-3.65128e-07,0.00277619,-0.00233317,-0.000938406,0.000374018,0.000366281,-1.94186e-05,0,0,0.535687,-0.0155866,0.0106739,0.00218625,0.00767033,0.00375125,-0.00312166,0,0,-1.70142e-08,0.0609236,0.000588128,-0.013074,-0.000202639,0.000571609,-6.49579e-05,0,0,-0.0155024,0.633043,-0.00508692,-0.0826983,0.00473424,-0.0119947,-0.000972191,0,0,-2.80736e-07,-0.00229666,0.0813052,0.00838475,0.00157914,0.0015288,-6.49849e-05,0,0,0.0119602,-0.00484742,0.46971,-0.0156949,-0.0120053,0.00562213,-0.00240402,0,0,1.18518e-07,-0.00494917,0.00522294,0.0160721,0.00263123,0.0013423,-0.000119141,0,0,0.0025813,-0.0850639,-0.0153586,0.607124,0.0190236,0.0563385,-0.00104066,0,0,-2.27597e-06,0.00174561,0.03843,-0.00673325,-0.0228059,-0.0226945,0.000932423,0,0,0.0771614,0.0461805,-0.119326,0.190495,0.35562,-0.0359254,0.0243636,0,0,4.98428e-07,0.0611457,0.00409855,-0.0458118,-0.0219969,-0.0137698,0.00194159,0,0,0.0377535,-0.121621,0.0563285,0.565539,-0.0360187,0.409417,-0.0056175,0,0,6.03369e-08,-0.00216539,0.00177336,0.00366302,0.00202258,0.00417045,0.00114319,0,0,-0.0306145,-0.00951986,-0.0237833,-0.0108242,0.024933,-0.00575731,0.0664859,0,0,0,0,0,0,0,0,0,0,0,0,0,0,0,0,0,0,0.905991,-4.30887e-09,0,0,0,0,0,0,0,0,0,0,0,0,0,0,0,0,-4.30827e-09,0.905991,
3.65491e-07,0.00277699,-0.00228303,-0.000942136,0.000376637,0.000366709,-1.9123e-05,0,0,0.535815,-0.0155917,0.0103291,0.00219715,0.007691,0.00375533,-0.00312062,0,0,1.70974e-08,0.0608475,0.000603603,-0.0131622,-0.000206875,0.000567665,-6.49298e-05,0,0,-0.0155074,0.633059,-0.00510244,-0.082709,0.00473682,-0.0119842,-0.000972841,0,0,2.81436e-07,-0.00228426,0.0813257,0.00839863,0.00158534,0.00153093,-6.47806e-05,0,0,0.0116171,-0.00486242,0.469775,-0.0157044,-0.0119801,0.00563352,-0.0024065,0,0,-1.18813e-07,-0.00506683,0.00523028,0.0161551,0.00264169,0.00133602,-0.000119163,0,0,0.00259254,-0.0850772,-0.0153674,0.607124,0.0190183,0.0563342,-0.00103931,0,0,2.28106e-06,0.00169689,0.0384648,-0.00666013,-0.0228753,-0.0227282,0.000934959,0,0,0.0773699,0.0462051,-0.119073,0.190443,0.355687,-0.0359163,0.0243498,0,0,-4.9926e-07,0.0611192,0.00411352,-0.0458552,-0.0220487,-0.0136185,0.00193925,0,0,0.0377948,-0.12152,0.0564424,0.5655,-0.03601,0.40944,-0.00561945,0,0,-6.0469e-08,-0.00216233,0.00177602,0.00365772,0.00202526,0.00417021,0.00114524,0,0,-0.0306048,-0.00952611,-0.0238082,-0.010811,0.0249196,-0.00575931,0.066487,0,0,-2.40048e-12,0,0,2.40048e-12,2.40048e-12,0,2.40048e-12,0,0,0,0,0,0,0,0,0,0.905991,4.25906e-09,0,0,-1.20024e-12,0,0,1.20024e-12,0,0,0,0,0,0,0,0,0,0,4.25876e-09,0.905991,
-1.30104e-12,0.00277746,-0.00223319,-0.000946245,0.000379265,0.000367135,-1.88266e-05,0,0,0.535943,-0.0155968,0.00998399,0.0022081,0.00771163,0.00375938,-0.00311958,0,0,-2.77556e-11,0.0607712,0.000619092,-0.0132505,-0.000211111,0.00056371,-6.49014e-05,0,0,-0.0155125,0.633076,-0.00511799,-0.0827196,0.0047394,-0.0119738,-0.000973491,0,0,5.20417e-12,-0.0022721,0.0813459,0.00841219,0.00159154,0.00153306,-6.45747e-05,0,0,0.0112737,-0.00487745,0.469841,-0.0157138,-0.0119548,0.00564492,-0.00240898,0,0,0,-0.00518448,0.00523774,0.0162382,0.00265215,0.00132973,-0.000119185,0,0,0.00260382,-0.0850906,-0.0153761,0.607124,0.0190131,0.0563298,-0.00103796,0,0,4.16334e-11,0.00164584,0.0384971,-0.00658921,-0.0229446,-0.0227618,0.000937503,0,0,0.0775781,0.0462297,-0.11882,0.19039,0.355754,-0.0359072,0.024336,0,0,5.55112e-11,0.0610929,0.00412895,-0.0458979,-0.0221006,-0.0134669,0.00193689,0,0,0.0378358,-0.121419,0.0565564,0.565461,-0.0360012,0.409462,-0.00562139,0,0,9.32414e-12,-0.00215921,0.00177875,0.00365247,0.00202794,0.00416997,0.00114729,0,0,-0.0305951,-0.00953236,-0.0238331,-0.0107979,0.0249061,-0.00576132,0.0664882,0,0,0,0,0,0,0,0,0,0,0,0,0,0,0,0,0,0,0.905991,-4.32507e-09,0,1.20024e-12,0,1.20024e-12,1.20024e-12,0,0,0,0,0,0,0,0,0,0,0,-4.32507e-09,0.905991,
-4.33681e-13,0.0027787,-0.00218328,-0.000950367,0.000382267,0.000368292,-1.88955e-05,0,0,0.53607,-0.0156019,0.00963872,0.00221909,0.00773223,0.00376339,-0.00311853,0,0,0,0.0606946,0.000634612,-0.0133389,-0.000215328,0.000559778,-6.48898e-05,0,0,-0.0155175,0.633093,-0.00513357,-0.0827303,0.00474197,-0.0119633,-0.00097414,0,0,-5.20417e-12,-0.00225933,0.0813659,0.00842573,0.00159803,0.00153574,-6.465e-05,0,0,0.0109302,-0.00489251,0.469906,-0.0157232,-0.0119295,0.00565631,-0.00241147,0,0,-1.04083e-11,-0.00530249,0.0052452,0.0163214,0.00266248,0.00132318,-0.000119088,0,0,0.00261515,-0.085104,-0.0153848,0.607124,0.0190078,0.0563254,-0.00103661,0,0,6.93889e-12,0.00159934,0.0385292,-0.00651819,-0.0230115,-0.0227907,0.000937762,0,0,0.0777859,0.0462543,-0.118567,0.190338,0.355821,-0.0358981,0.0243221,0,0,2.08167e-11,0.0610654,0.00414434,-0.0459404,-0.0221528,-0.0133161,0.00193503,0,0,0.0378764,-0.121318,0.0566703,0.565421,-0.0359924,0.409484,-0.00562334,0,0,-3.46945e-12,-0.0021562,0.00178149,0.0036472,0.00203055,0.00416959,0.00114941,0,0,-0.0305853,-0.0095386,-0.0238581,-0.0107847,0.0248926,-0.00576332,0.0664894,0,0,0,0,-1.20024e-12,0,-1.20024e-12,-1.20024e-12,1.20024e-12,0,0,0,0,0,0,0,0,0,0.905991,4.26776e-09,0,0,0,0,-1.20024e-12,0,1.20024e-12,0,0,0,0,0,0,0,0,0,4.26686e-09,0.905991,
0,0.00277997,-0.0021322,-0.000954136,0.000384545,0.000369082,-1.93309e-05,0,0,0.536197,-0.0156071,0.00929326,0.00223013,0.0077528,0.00376738,-0.00311747,0,0,-2.77556e-11,0.0606179,0.000650213,-0.0134273,-0.000219578,0.000555818,-6.48952e-05,0,0,-0.0155225,0.63311,-0.00514918,-0.0827411,0.00474455,-0.0119528,-0.000974789,0,0,-1.21431e-11,-0.00224651,0.0813867,0.00843951,0.00160396,0.00153813,-6.50087e-05,0,0,0.0105864,-0.00490759,0.469971,-0.0157326,-0.0119041,0.00566771,-0.00241395,0,0,-2.77556e-11,-0.00542061,0.00525231,0.0164046,0.00267304,0.00131673,-0.00011887,0,0,0.00262652,-0.0851175,-0.0153935,0.607124,0.0190025,0.056321,-0.00103526,0,0,3.46945e-11,0.00155281,0.038568,-0.00644479,-0.0230829,-0.0228218,0.000935722,0,0,0.0779934,0.0462789,-0.118313,0.190285,0.355888,-0.0358889,0.0243083,0,0,1.38778e-11,0.0610377,0.00415819,-0.0459832,-0.022204,-0.0131645,0.00193366,0,0,0.0379168,-0.121216,0.0567842,0.565382,-0.0359837,0.409506,-0.00562529,0,0,0,-0.00215318,0.00178405,0.00364185,0.00203326,0.00416926,0.00115158,0,0,-0.0305754,-0.00954484,-0.023883,-0.0107716,0.0248791,-0.00576533,0.0664905,0,0,0,-1.20024e-12,-1.20024e-12,-2.40048e-12,-2.40048e-12,0,-1.20024e-12,1.12823e-10,0,0,0,0,0,0,0,0,0.905991,-4.32717e-09,0,0,0,2.40048e-12,2.40048e-12,0,0,1.20024e-12,0,0,0,0,0,0,0,0,-4.32837e-09,0.905991,
3.66927e-07,0.00278054,-0.00208216,-0.000958651,0.000386831,0.000369872,-1.93999e-05,0,0,0.536323,-0.0156122,0.00894761,0.00224121,0.00777333,0.00377133,-0.00311641,0,0,1.72917e-08,0.060541,0.000665793,-0.0135158,-0.000223828,0.000551846,-6.48832e-05,0,0,-0.0155275,0.633127,-0.00516482,-0.0827519,0.00474712,-0.0119423,-0.000975437,0,0,2.8429e-07,-0.00223422,0.0814065,0.0084527,0.0016099,0.00154051,-6.50843e-05,0,0,0.0102425,-0.00492271,0.470036,-0.0157419,-0.0118787,0.0056791,-0.00241643,0,0,-1.20093e-07,-0.00553861,0.00525978,0.016488,0.0026836,0.00131028,-0.000118772,0,0,0.00263794,-0.085131,-0.0154021,0.607124,0.0189973,0.0563166,-0.00103391,0,0,2.30142e-06,0.00150166,0.0385998,-0.0063759,-0.0231542,-0.0228528,0.000935969,0,0,0.0782006,0.0463034,-0.118059,0.190232,0.355955,-0.0358798,0.0242945,0,0,-5.02716e-07,0.0610108,0.00417351,-0.0460248,-0.0222551,-0.0130126,0.00193179,0,0,0.0379568,-0.121115,0.0568981,0.565342,-0.0359749,0.409528,-0.00562724,0,0,-6.09901e-08,-0.00215003,0.0017868,0.00363661,0.00203597,0.00416891,0.00115369,0,0,-0.0305655,-0.00955108,-0.0239079,-0.0107584,0.0248657,-0.00576735,0.0664917,0,0,0,0,1.20024e-12,-1.20024e-12,-1.20024e-12,1.20024e-12,1.20024e-12,0,0,0,0,0,0,0,0,0,0.905991,4.26416e-09,0,-1.20024e-12,-1.20024e-12,3.60072e-12,2.40048e-12,-1.20024e-12,-2.40048e-12,0,0,0,0,0,0,0,0,0,4.26416e-09,0.905991,
1.30104e-12,0.00278152,-0.00203204,-0.000963181,0.000389491,0.000371028,-1.94688e-05,0,0,0.536449,-0.0156173,0.00860176,0.00225234,0.00779382,0.00377525,-0.00311534,0,0,2.77556e-11,0.0604638,0.000681404,-0.0136044,-0.00022806,0.00054788,-6.48709e-05,0,0,-0.0155326,0.633144,-0.00518048,-0.0827627,0.00474969,-0.0119318,-0.000976085,0,0,-1.04083e-11,-0.0022216,0.0814262,0.00846586,0.00161612,0.00154317,-6.51598e-05,0,0,0.00989836,-0.00493785,0.470101,-0.0157511,-0.0118532,0.00569049,-0.00241892,0,0,1.73472e-11,-0.00565684,0.00526724,0.0165715,0.00269403,0.00130368,-0.000118673,0,0,0.00264941,-0.0851446,-0.0154107,0.607123,0.018992,0.0563122,-0.00103256,0,0,6.93889e-12,0.00145277,0.0386313,-0.00630692,-0.0232232,-0.0228815,0.000936214,0,0,0.0784074,0.0463279,-0.117804,0.19018,0.356022,-0.0358707,0.0242807,0,0,-1.38778e-11,0.0609832,0.00418879,-0.0460662,-0.0223067,-0.012861,0.00192991,0,0,0.0379966,-0.121013,0.057012,0.565303,-0.0359661,0.40955,-0.00562919,0,0,-3.03577e-12,-0.00214694,0.00178956,0.00363135,0.0020386,0.0041685,0.0011558,0,0,-0.0305555,-0.00955731,-0.0239329,-0.0107453,0.0248522,-0.00576936,0.0664928,0,0,0,1.20024e-12,1.20024e-12,0,0,-1.20024e-12,1.20024e-12,0,0,0,0,0,0,0,0,0,0.905991,-4.31967e-09,0,0,0,0,0,0,0,0,0,0,0,0,0,0,0,0,-4.31937e-09,0.905991,
2.1684e-12,0.00278253,-0.00198149,-0.000966989,0.000392894,0.000371448,-1.95376e-05,0,0,0.536575,-0.0156225,0.00825571,0.00226352,0.00781428,0.00377914,-0.00311426,0,0,0,0.0603865,0.000697062,-0.0136929,-0.000232256,0.000543867,-6.48584e-05,0,0,-0.0155376,0.633162,-0.00519618,-0.0827736,0.00475226,-0.0119212,-0.000976732,0,0,3.46945e-12,-0.00220893,0.0814461,0.00847956,0.00162292,0.00154525,-6.5235e-05,0,0,0.00955404,-0.00495302,0.470165,-0.0157604,-0.0118277,0.00570188,-0.0024214,0,0,-2.42861e-11,-0.00577518,0.00527459,0.0166548,0.00270421,0.00129732,-0.000118574,0,0,0.00266092,-0.0851582,-0.0154192,0.607123,0.0189867,0.0563078,-0.00103121,0,0,-1.73472e-11,0.00140384,0.038665,-0.00623324,-0.0232874,-0.0229146,0.000936455,0,0,0.0786138,0.0463524,-0.117549,0.190127,0.356089,-0.0358615,0.0242668,0,0,2.77556e-11,0.0609554,0.00420353,-0.0461085,-0.0223592,-0.0127081,0.00192802,0,0,0.038036,-0.120911,0.0571259,0.565263,-0.0359574,0.409572,-0.00563114,0,0,1.38778e-11,-0.00214384,0.00179227,0.00362595,0.0020411,0.00416819,0.00115791,0,0,-0.0305454,-0.00956353,-0.0239578,-0.0107322,0.0248387,-0.00577137,0.066494,0,0,0,0,0,0,0,1.20024e-12,-1.20024e-12,5.76116e-11,0,0,0,0,0,0,0,0,0.905991,4.25185e-09,0,0,0,0,0,-1.20024e-12,1.20024e-12,0,0,0,0,0,0,0,0,0,4.25245e-09,0.905991,
-3.67981e-07,0.00278357,-0.0019305,-0.00097081,0.000395203,0.000372235,-1.92383e-05,0,0,0.536699,-0.0156276,0.00790946,0.00227475,0.00783471,0.003783,-0.00311318,0,0,-1.74583e-08,0.0603089,0.000712768,-0.0137815,-0.000236504,0.00053986,-6.48282e-05,0,0,-0.0155426,0.633179,-0.00521191,-0.0827846,0.00475483,-0.0119107,-0.000977379,0,0,-2.86429e-07,-0.00219622,0.0814662,0.00849322,0.00162886,0.00154761,-6.50237e-05,0,0,0.00920953,-0.00496822,0.47023,-0.0157696,-0.0118022,0.00571328,-0.00242389,0,0,1.21066e-07,-0.00589364,0.00528182,0.0167381,0.00271475,0.00129082,-0.000118595,0,0,0.00267247,-0.0851719,-0.0154277,0.607123,0.0189814,0.0563034,-0.00102987,0,0,-2.31675e-06,0.00135488,0.0387009,-0.00615946,-0.0233584,-0.0229454,0.00093901,0,0,0.0788199,0.0463769,-0.117293,0.190074,0.356157,-0.0358524,0.024253,0,0,5.05186e-07,0.0609274,0.00421772,-0.0461505,-0.0224101,-0.0125554,0.00192562,0,0,0.0380751,-0.12081,0.0572398,0.565224,-0.0359486,0.409595,-0.0056331,0,0,6.1375e-08,-0.00214074,0.00179492,0.00362053,0.00204378,0.00416781,0.00115995,0,0,-0.0305353,-0.00956975,-0.0239828,-0.0107191,0.0248252,-0.00577339,0.0664952,0,0,0,0,0,0,0,0,0,0,0,0,0,0,0,0,0,0,0.905991,-4.30256e-09,0,0,0,0,-1.20024e-12,0,0,-1.20024e-12,0,0,0,0,0,0,0,0,-4.30226e-09,0.905991,
-3.68327e-07,0.00278465,-0.00187981,-0.00097538,0.000397887,0.00037302,-2.00431e-05,0,0,0.536823,-0.0156328,0.00756302,0.00228602,0.00785509,0.00378683,-0.00311209,0,0,-1.75138e-08,0.0602311,0.000728487,-0.0138702,-0.000240733,0.000535842,-6.48501e-05,0,0,-0.0155477,0.633197,-0.00522767,-0.0827955,0.00475739,-0.0119002,-0.000978025,0,0,-2.87147e-07,-0.00218346,0.0814859,0.00850629,0.0016351,0.00154997,-6.56721e-05,0,0,0.00886483,-0.00498345,0.470294,-0.0157787,-0.0117766,0.00572467,-0.00242638,0,0,1.21373e-07,-0.00601221,0.00528917,0.0168218,0.00272517,0.0012843,-0.000118253,0,0,0.00268408,-0.0851856,-0.0154361,0.607123,0.0189761,0.056299,-0.00102852,0,0,-2.32185e-06,0.00130589,0.0387342,-0.00609023,-0.023427,-0.0229761,0.000934606,0,0,0.0790257,0.0464013,-0.117037,0.190021,0.356224,-0.0358432,0.0242392,0,0,5.06067e-07,0.0608992,0.00423238,-0.0461913,-0.0224614,-0.0124025,0.00192474,0,0,0.0381139,-0.120708,0.0573537,0.565184,-0.0359398,0.409617,-0.00563506,0,0,6.15077e-08,-0.00213763,0.00179764,0.00361522,0.00204638,0.00416741,0.00116218,0,0,-0.030525,-0.00957596,-0.0240078,-0.010706,0.0248117,-0.00577541,0.0664963,0,0,-1.20024e-12,0,0,0,0,0,0,0,0,0,0,0,0,0,0,0,0.905991,4.23235e-09,0,0,0,0,0,0,0,0,0,0,0,0,0,0,0,0,4.23235e-09,0.905991,
-4.33681e-13,0.00278576,-0.00182868,-0.000979593,0.000400586,0.000374171,-1.93745e-05,0,0,0.536947,-0.0156379,0.00721638,0.00229733,0.00787545,0.00379062,-0.00311099,0,0,2.77556e-11,0.0601531,0.000744255,-0.0139589,-0.00024496,0.000531833,-6.48019e-05,0,0,-0.0155527,0.633215,-0.00524346,-0.0828065,0.00475995,-0.0118896,-0.000978671,0,0,1.73472e-12,-0.00217066,0.0815058,0.00851961,0.00164135,0.00155259,-6.51717e-05,0,0,0.00851992,-0.00499871,0.470358,-0.0157878,-0.011751,0.00573606,-0.00242886,0,0,-3.46945e-12,-0.0061309,0.00529639,0.0169053,0.00273557,0.00127765,-0.000118395,0,0,0.00269572,-0.0851993,-0.0154446,0.607123,0.0189708,0.0562946,-0.00102717,0,0,-3.46945e-12,0.00125686,0.0387697,-0.00601859,-0.0234956,-0.0230043,0.000939485,0,0,0.0792311,0.0464258,-0.11678,0.189968,0.356291,-0.0358341,0.0242253,0,0,1.38778e-11,0.0608708,0.00424649,-0.0462325,-0.0225127,-0.0122498,0.00192182,0,0,0.0381524,-0.120606,0.0574675,0.565144,-0.035931,0.409639,-0.00563702,0,0,1.34441e-11,-0.00213451,0.0018003,0.00360983,0.00204897,0.00416695,0.00116416,0,0,-0.0305148,-0.00958217,-0.0240327,-0.0106928,0.0247982,-0.00577743,0.0664975,0,0,0,-1.20024e-12,0,1.20024e-12,0,0,-1.20024e-12,0,0,0,0,0,0,0,0,0,0.905991,4.27886e-09,0,1.20024e-12,0,-1.20024e-12,0,-1.20024e-12,1.20024e-12,0,0,0,0,0,0,0,0,0,4.27856e-09,0.905991,
8.67362e-13,0.00278654,-0.00177786,-0.00098419,0.000403662,0.000374583,-2.01806e-05,0,0,0.53707,-0.015643,0.00686954,0.0023087,0.00789576,0.00379438,-0.00310988,0,0,2.77556e-11,0.0600749,0.000760035,-0.0140477,-0.000249169,0.000527778,-6.48238e-05,0,0,-0.0155577,0.633232,-0.00525928,-0.0828176,0.00476251,-0.0118791,-0.000979316,0,0,-3.46945e-12,-0.0021581,0.0815253,0.0085326,0.00164789,0.00155464,-6.58225e-05,0,0,0.00817482,-0.00501399,0.470423,-0.0157969,-0.0117253,0.00574744,-0.00243135,0,0,3.46945e-12,-0.00624957,0.00530374,0.0169891,0.00274585,0.00127123,-0.000118051,0,0,0.00270742,-0.0852131,-0.0154529,0.607123,0.0189655,0.0562902,-0.00102583,0,0,-1.73472e-11,0.00120547,0.0388027,-0.00594919,-0.0235617,-0.0230372,0.000935053,0,0,0.0794361,0.0464502,-0.116523,0.189915,0.356358,-0.0358249,0.0242115,0,0,-5.55112e-11,0.0608427,0.00426106,-0.0462729,-0.0225644,-0.0120958,0.00192093,0,0,0.0381905,-0.120504,0.0575814,0.565104,-0.0359222,0.409661,-0.00563898,0,0,-5.20417e-12,-0.00213132,0.00180304,0.00360449,0.00205149,0.00416659,0.00116639,0,0,-0.0305044,-0.00958837,-0.0240577,-0.0106797,0.0247848,-0.00577945,0.0664986,0,0,0,0,1.20024e-12,0,-1.20024e-12,0,1.20024e-12,0,0,0,0,0,0,0,0,0,0.905991,-4.43699e-09,0,0,-1.20024e-12,0,1.20024e-12,0,-1.20024e-12,0,0,0,0,0,0,0,0,0,-4.43669e-09,0.905991,
-1.30104e-12,0.00278772,-0.00172697,-0.000988432,0.000406006,0.000375734,-2.02491e-05,0,0,0.537193,-0.0156482,0.00652249,0.00232011,0.00791604,0.00379811,-0.00310877,0,0,0,0.0599965,0.000775845,-0.0141365,-0.000253412,0.000523747,-6.48102e-05,0,0,-0.0155628,0.63325,-0.00527512,-0.0828287,0.00476507,-0.0118685,-0.00097996,0,0,-8.67362e-12,-0.00214521,0.0815447,0.00854585,0.00165385,0.00155725,-6.58974e-05,0,0,0.00782953,-0.00502931,0.470486,-0.015806,-0.0116995,0.00575883,-0.00243383,0,0,0,-0.00636848,0.00531109,0.0170727,0.00275637,0.00126455,-0.000117949,0,0,0.00271916,-0.085227,-0.0154613,0.607122,0.0189602,0.0562857,-0.00102448,0,0,-3.46945e-12,0.00115637,0.0388355,-0.00587739,-0.0236324,-0.0230652,0.000935271,0,0,0.0796408,0.0464745,-0.116266,0.189862,0.356425,-0.0358157,0.0241977,0,0,6.93889e-11,0.0608139,0.0042756,-0.0463136,-0.022615,-0.0119426,0.00191901,0,0,0.0382283,-0.120402,0.0576952,0.565065,-0.0359134,0.409684,-0.00564094,0,0,5.63785e-12,-0.00212819,0.00180578,0.00359906,0.00205412,0.0041661,0.00116849,0,0,-0.030494,-0.00959457,-0.0240827,-0.0106666,0.0247713,-0.00578148,0.0664998,0,0,0,0,0,1.20024e-12,0,1.20024e-12,0,0,0,0,0,0,0,0,0,0,0.905991,-4.4568e-09,0,0,0,0,0,0,0,0,0,0,0,0,0,0,0,0,-4.4562e-09,0.905991,
-4.33681e-13,0.00278894,-0.00167601,-0.000992688,0.000409097,0.000376145,-1.99479e-05,0,0,0.537315,-0.0156533,0.00617525,0.00233157,0.00793629,0.00380181,-0.00310766,0,0,0,0.0599179,0.000791685,-0.0142253,-0.000257618,0.000519668,-6.47787e-05,0,0,-0.0155678,0.633269,-0.005291,-0.0828399,0.00476763,-0.0118579,-0.000980604,0,0,1.56125e-11,-0.00213227,0.0815639,0.00855907,0.0016604,0.00155928,-6.56821e-05,0,0,0.00748403,-0.00504465,0.47055,-0.015815,-0.0116738,0.00577022,-0.00243632,0,0,-6.93889e-12,-0.0064875,0.00531844,0.0171564,0.00276663,0.00125809,-0.000117969,0,0,0.00273095,-0.0852409,-0.0154696,0.607122,0.0189549,0.0562813,-0.00102314,0,0,2.42861e-11,0.00110724,0.0388681,-0.00580549,-0.0236983,-0.0230979,0.000937828,0,0,0.0798452,0.0464989,-0.116008,0.189809,0.356492,-0.0358066,0.0241838,0,0,7.63278e-11,0.0607849,0.00429009,-0.0463542,-0.0226666,-0.0117881,0.00191658,0,0,0.0382659,-0.1203,0.0578091,0.565025,-0.0359046,0.409706,-0.00564291,0,0,3.46945e-12,-0.00212505,0.00180852,0.00359362,0.00205662,0.00416572,0.00117053,0,0,-0.0304835,-0.00960076,-0.0241076,-0.0106535,0.0247578,-0.0057835,0.066501,0,0,0,0,-2.40048e-12,0,-1.20024e-12,1.20024e-12,-1.20024e-12,0,0,0,0,0,0,0,0,0,0.905991,-4.34817e-09,0,0,0,0,0,0,0,0,0,0,0,0,0,0,0,0,-4.34727e-09,0.905991,
3.70035e-07,0.00279057,-0.00162499,-0.000996218,0.000411086,0.000376924,-1.96458e-05,0,0,0.537436,-0.0156585,0.0058278,0.00234307,0.0079565,0.00380547,-0.00310653,0,0,1.77636e-08,0.0598391,0.000807555,-0.0143141,-0.000261876,0.000515596,-6.47468e-05,0,0,-0.0155728,0.633287,-0.00530691,-0.0828511,0.00477018,-0.0118474,-0.000981248,0,0,2.90715e-07,-0.00211899,0.0815831,0.00857284,0.00166609,0.00156159,-6.54651e-05,0,0,0.00713834,-0.00506003,0.470614,-0.0158239,-0.011648,0.0057816,-0.00243881,0,0,-1.22947e-07,-0.00660676,0.00532578,0.01724,0.00277726,0.00125151,-0.00011799,0,0,0.00274278,-0.0852548,-0.0154778,0.607122,0.0189496,0.0562769,-0.00102179,0,0,2.34729e-06,0.00106042,0.0389006,-0.00572881,-0.0237711,-0.0231281,0.000940392,0,0,0.0800492,0.0465232,-0.115749,0.189756,0.35656,-0.0357974,0.02417,0,0,-5.10293e-07,0.0607552,0.00430455,-0.0463955,-0.0227165,-0.0116338,0.00191414,0,0,0.0383031,-0.120197,0.0579229,0.564985,-0.0358958,0.409728,-0.00564487,0,0,-6.21729e-08,-0.00212196,0.00181128,0.00358804,0.0020593,0.00416526,0.00117256,0,0,-0.030473,-0.00960694,-0.0241326,-0.0106405,0.0247443,-0.00578553,0.0665021,0,0,0,0,0,-1.20024e-12,-1.20024e-12,0,-2.40048e-12,0,0,0,0,0,0,0,0,0,0.905991,4.14293e-09,0,-2.40048e-12,0,0,0,0,-1.20024e-12,0,0,0,0,0,0,0,0,0,4.14263e-09,0.905991,
1.30104e-12,0.00279186,-0.00157426,-0.00100124,0.000414192,0.000377703,-2.0454e-05,0,0,0.537557,-0.0156636,0.00548015,0.00235462,0.00797667,0.00380911,-0.0031054,0,0,2.77556e-11,0.0597601,0.000823438,-0.0144031,-0.00026608,0.000511513,-6.4768e-05,0,0,-0.0155779,0.633305,-0.00532285,-0.0828623,0.00477274,-0.0118368,-0.000981891,0,0,1.04083e-11,-0.00210596,0.0816019,0.00858541,0.00167265,0.00156389,-6.61208e-05,0,0,0.00679244,-0.00507543,0.470677,-0.0158328,-0.0116221,0.00579299,-0.0024413,0,0,-6.93889e-12,-0.006726,0.00533326,0.017324,0.00278751,0.0012449,-0.000117641,0,0,0.00275466,-0.0852688,-0.015486,0.607122,0.0189442,0.0562724,-0.00102045,0,0,-3.46945e-11,0.00101123,0.0389305,-0.00566144,-0.0238368,-0.0231583,0.000935905,0,0,0.0802528,0.0465475,-0.11549,0.189703,0.356627,-0.0357882,0.0241562,0,0,2.77556e-11,0.0607258,0.00431948,-0.0464347,-0.022768,-0.0114793,0.00191322,0,0,0.0383399,-0.120095,0.0580367,0.564945,-0.0358869,0.409751,-0.00564684,0,0,2.38524e-12,-0.00211881,0.0018141,0.00358268,0.00206177,0.00416479,0.00117478,0,0,-0.0304624,-0.00961313,-0.0241576,-0.0106274,0.0247308,-0.00578756,0.0665033,0,0,0,0,0,0,0,0,0,0,0,0,0,0,0,0,0,0,0.905991,4.06822e-09,0,0,1.20024e-12,0,0,0,1.20024e-12,0,0,0,0,0,0,0,0,0,4.06912e-09,0.905991,
-1.73472e-12,0.00279281,-0.0015231,-0.0010048,0.000417307,0.000378481,-2.01514e-05,0,0,0.537677,-0.0156688,0.00513229,0.00236622,0.00799681,0.00381271,-0.00310426,0,0,-2.77556e-11,0.0596808,0.000839369,-0.014492,-0.000270283,0.000507417,-6.47356e-05,0,0,-0.0155829,0.633324,-0.00533882,-0.0828736,0.00477528,-0.0118262,-0.000982533,0,0,1.38778e-11,-0.00209317,0.0816208,0.00859911,0.00167922,0.00156619,-6.59028e-05,0,0,0.00644635,-0.00509086,0.470741,-0.0158417,-0.0115962,0.00580437,-0.00244379,0,0,4.16334e-11,-0.00684524,0.00534061,0.0174076,0.00279775,0.00123829,-0.000117662,0,0,0.00276658,-0.0852829,-0.0154942,0.607121,0.0189389,0.056268,-0.00101911,0,0,-6.93889e-12,0.000959651,0.0389626,-0.00558456,-0.0239024,-0.0231883,0.000938467,0,0,0.0804561,0.0465718,-0.115231,0.189649,0.356694,-0.035779,0.0241423,0,0,-9.02056e-11,0.0606967,0.00433385,-0.0464756,-0.0228193,-0.0113245,0.00191077,0,0,0.0383765,-0.119993,0.0581505,0.564905,-0.0358781,0.409773,-0.00564881,0,0,-7.37257e-12,-0.00211558,0.00181687,0.00357707,0.00206424,0.00416431,0.00117682,0,0,-0.0304517,-0.0096193,-0.0241826,-0.0106143,0.0247173,-0.00578959,0.0665044,0,0,0,-1.20024e-12,0,0,0,0,-1.20024e-12,0,0,0,0,0,0,0,0,0,0.905991,4.09792e-09,0,-1.20024e-12,0,0,0,0,-1.20024e-12,0,0,0,0,0,0,0,0,0,4.09792e-09,0.905991,
4.33681e-13,0.00279417,-0.00147149,-0.00100911,0.000419688,0.000378886,-2.059e-05,0,0,0.537797,-0.0156739,0.00478423,0.00237787,0.00801691,0.00381627,-0.00310312,0,0,0,0.0596014,0.000855348,-0.014581,-0.00027452,0.000503293,-6.47386e-05,0,0,-0.015588,0.633342,-0.00535482,-0.0828849,0.00477783,-0.0118156,-0.000983175,0,0,-1.73472e-12,-0.00208005,0.08164,0.0086122,0.0016852,0.00156818,-6.62688e-05,0,0,0.00610005,-0.00510632,0.470804,-0.0158506,-0.0115702,0.00581575,-0.00244627,0,0,-2.77556e-11,-0.0069647,0.00534783,0.0174915,0.00280823,0.00123178,-0.000117434,0,0,0.00277856,-0.085297,-0.0155023,0.607121,0.0189336,0.0562635,-0.00101777,0,0,-2.42861e-11,0.00091039,0.0389968,-0.00551231,-0.0239726,-0.0232206,0.000936311,0,0,0.0806591,0.0465961,-0.114971,0.189596,0.356761,-0.0357698,0.0241285,0,0,6.93889e-11,0.0606669,0.00434767,-0.0465153,-0.0228695,-0.011169,0.00190933,0,0,0.0384127,-0.11989,0.0582642,0.564865,-0.0358693,0.409795,-0.00565079,0,0,-1.51788e-12,-0.00211242,0.00181958,0.00357155,0.00206682,0.00416388,0.00117897,0,0,-0.030441,-0.00962547,-0.0242075,-0.0106012,0.0247039,-0.00579163,0.0665056,0,0,0,0,0,0,0,0,0,-1.12823e-10,0,0,0,0,0,0,0,0,0.905991,4.22605e-09,0,1.20024e-12,0,0,-1.20024e-12,0,-1.20024e-12,0,0,0,0,0,0,0,0,0,4.22665e-09,0.905991,
3.71366e-07,0.00279594,-0.00142019,-0.0010138,0.000422819,0.000379661,-2.02864e-05,0,0,0.537916,-0.0156791,0.00443596,0.00238956,0.00803698,0.00381981,-0.00310196,0,0,1.79856e-08,0.0595218,0.000871339,-0.0146701,-0.00027872,0.000499175,-6.47056e-05,0,0,-0.015593,0.633361,-0.00537085,-0.0828963,0.00478038,-0.011805,-0.000983816,0,0,2.93598e-07,-0.00206659,0.0816587,0.00862495,0.00169178,0.00157045,-6.60488e-05,0,0,0.00575355,-0.00512181,0.470867,-0.0158594,-0.0115442,0.00582713,-0.00244876,0,0,-1.2422e-07,-0.00708441,0.00535518,0.0175756,0.00281846,0.00122513,-0.000117454,0,0,0.00279057,-0.0853111,-0.0155104,0.607121,0.0189282,0.056259,-0.00101642,0,0,2.36768e-06,0.000863463,0.0390285,-0.00544233,-0.0240379,-0.0232505,0.000938876,0,0,0.0808616,0.0466203,-0.114711,0.189543,0.356828,-0.0357606,0.0241147,0,0,-5.13617e-07,0.0606363,0.00436196,-0.0465543,-0.0229207,-0.0110137,0.00190686,0,0,0.0384486,-0.119788,0.058378,0.564824,-0.0358604,0.409818,-0.00565276,0,0,-6.26749e-08,-0.00210931,0.00182236,0.00356609,0.00206926,0.00416337,0.001181,0,0,-0.0304301,-0.00963163,-0.0242325,-0.0105881,0.0246904,-0.00579366,0.0665068,0,0,0,0,0,0,0,0,0,-1.20024e-12,0,0,0,0,0,0,0,0,0.905991,-4.4655e-09,0,0,0,1.20024e-12,0,0,0,-1.20024e-12,0,0,0,0,0,0,0,0,-4.4655e-09,0.905991,
-3.71694e-07,0.00279737,-0.00136919,-0.00101814,0.000425587,0.000380435,-2.07254e-05,0,0,0.538035,-0.0156843,0.00408748,0.0024013,0.00805701,0.00382331,-0.00310081,0,0,-1.80134e-08,0.0594419,0.000887343,-0.0147592,-0.000282936,0.000495046,-6.47082e-05,0,0,-0.0155981,0.63338,-0.00538691,-0.0829077,0.00478292,-0.0117943,-0.000984457,0,0,-2.94315e-07,-0.00205337,0.0816771,0.00863797,0.00169807,0.00157272,-6.64159e-05,0,0,0.00540684,-0.00513733,0.47093,-0.0158681,-0.0115182,0.0058385,-0.00245125,0,0,1.24557e-07,-0.0072041,0.00536265,0.0176596,0.0028288,0.00121847,-0.000117225,0,0,0.00280264,-0.0853253,-0.0155184,0.60712,0.0189229,0.0562546,-0.00101508,0,0,-2.37281e-06,0.000814143,0.0390577,-0.0053699,-0.0241055,-0.0232802,0.000936702,0,0,0.0810639,0.0466445,-0.114451,0.189489,0.356896,-0.0357513,0.0241008,0,0,5.14457e-07,0.0606061,0.00437673,-0.0465937,-0.0229713,-0.0108581,0.00190542,0,0,0.0384842,-0.119685,0.0584917,0.564784,-0.0358516,0.40984,-0.00565474,0,0,6.28115e-08,-0.00210612,0.00182522,0.00356054,0.00207176,0.00416285,0.00118316,0,0,-0.0304193,-0.00963779,-0.0242575,-0.0105751,0.0246769,-0.0057957,0.0665079,0,0,0,0,0,0,0,0,0,0,0,0,0,0,0,0,0,0,0.905991,-4.56392e-09,0,-1.20024e-12,0,1.20024e-12,0,1.20024e-12,0,0,0,0,0,0,0,0,0,0,-4.56422e-09,0.905991,
-1.30104e-12,0.00279884,-0.00131738,-0.00102248,0.000427991,0.00038158,-2.07929e-05,0,0,0.538153,-0.0156894,0.0037388,0.00241309,0.008077,0.00382678,-0.00309964,0,0,0,0.0593618,0.000903414,-0.0148483,-0.000287169,0.000490923,-6.46927e-05,0,0,-0.0156031,0.633399,-0.005403,-0.0829192,0.00478546,-0.0117837,-0.000985097,0,0,-1.73472e-12,-0.0020401,0.0816959,0.00865095,0.00170407,0.00157527,-6.64891e-05,0,0,0.00505993,-0.00515288,0.470993,-0.0158768,-0.0114921,0.00584988,-0.00245374,0,0,-3.81639e-11,-0.00732389,0.00536988,0.0177436,0.00283926,0.00121167,-0.00011712,0,0,0.00281475,-0.0853395,-0.0155264,0.60712,0.0189175,0.0562501,-0.00101374,0,0,2.42861e-11,0.00076479,0.0390914,-0.00529739,-0.0241754,-0.0233075,0.000936893,0,0,0.0812658,0.0466687,-0.11419,0.189436,0.356963,-0.0357421,0.024087,0,0,1.11022e-10,0.0605757,0.00439042,-0.0466328,-0.0230213,-0.0107027,0.00190345,0,0,0.0385194,-0.119582,0.0586054,0.564744,-0.0358427,0.409862,-0.00565671,0,0,7.37257e-12,-0.00210294,0.00182795,0.00355498,0.00207431,0.00416225,0.00118524,0,0,-0.0304083,-0.00964394,-0.0242825,-0.010562,0.0246634,-0.00579774,0.0665091,0,0,0,0,0,0,0,0,2.40048e-12,-1.15223e-10,0,0,0,0,0,0,0,0,0.905991,-4.51651e-09,0,-1.20024e-12,1.20024e-12,0,1.20024e-12,-1.20024e-12,1.20024e-12,0,0,0,0,0,0,0,0,0,-4.51651e-09,0.905991,
-1.73472e-12,0.00280072,-0.00126587,-0.00102685,0.000430775,0.000382352,-2.0488e-05,0,0,0.53827,-0.0156946,0.0033899,0.00242492,0.00809696,0.00383022,-0.00309847,0,0,-2.77556e-11,0.0592815,0.000919496,-0.0149375,-0.000291383,0.000486771,-6.46588e-05,0,0,-0.0156082,0.633418,-0.00541912,-0.0829307,0.004788,-0.0117731,-0.000985736,0,0,-1.04083e-11,-0.00202649,0.0817143,0.0086639,0.00171036,0.00157753,-6.62663e-05,0,0,0.00471281,-0.00516845,0.471055,-0.0158855,-0.0114659,0.00586125,-0.00245623,0,0,-3.46945e-12,-0.00744393,0.00537722,0.0178277,0.00284959,0.00120498,-0.00011714,0,0,0.00282691,-0.0853538,-0.0155344,0.607119,0.0189122,0.0562456,-0.0010124,0,0,3.46945e-12,0.000717788,0.0391225,-0.00522479,-0.0242428,-0.0233371,0.000939463,0,0,0.0814673,0.0466929,-0.113928,0.189382,0.35703,-0.0357329,0.0240731,0,0,-4.85723e-11,0.0605445,0.00440459,-0.0466717,-0.0230718,-0.0105466,0.00190096,0,0,0.0385543,-0.119479,0.0587191,0.564704,-0.0358339,0.409885,-0.00565869,0,0,4.33681e-13,-0.0020998,0.00183075,0.0035494,0.00207678,0.0041617,0.00118727,0,0,-0.0303973,-0.00965009,-0.0243075,-0.010549,0.0246499,-0.00579978,0.0665102,0,0,0,0,0,0,1.20024e-12,-2.40048e-12,0,0,0,0,0,0,0,0,0,0,0.905991,-4.34577e-09,0,1.20024e-12,0,-1.20024e-12,-1.20024e-12,0,0,1.20024e-12,0,0,0,0,0,0,0,0,-4.34667e-09,0.905991,
8.67362e-13,0.00280152,-0.00121466,-0.00103085,0.000433193,0.000383122,-2.09275e-05,0,0,0.538387,-0.0156998,0.0030408,0.0024368,0.00811688,0.00383362,-0.00309729,0,0,2.77556e-11,0.059201,0.000935591,-0.0150266,-0.000295614,0.000482607,-6.46609e-05,0,0,-0.0156132,0.633438,-0.00543528,-0.0829422,0.00479053,-0.0117624,-0.000986375,0,0,-6.93889e-12,-0.00201373,0.0817323,0.00867711,0.00171637,0.00157977,-6.66348e-05,0,0,0.00436548,-0.00518406,0.471118,-0.0158942,-0.0114398,0.00587262,-0.00245872,0,0,0,-0.0075637,0.0053847,0.0179117,0.00286004,0.00119827,-0.000116908,0,0,0.00283911,-0.0853682,-0.0155423,0.607119,0.0189068,0.0562411,-0.00101106,0,0,-3.46945e-12,0.000663601,0.0391511,-0.00514972,-0.0243125,-0.0233666,0.000937264,0,0,0.0816685,0.046717,-0.113666,0.189329,0.357098,-0.0357236,0.0240593,0,0,-6.93889e-12,0.0605147,0.00441923,-0.0467109,-0.0231216,-0.0103902,0.00189949,0,0,0.0385889,-0.119376,0.0588327,0.564663,-0.035825,0.409907,-0.00566067,0,0,-3.03577e-12,-0.00209647,0.00183362,0.00354373,0.00207931,0.00416114,0.00118942,0,0,-0.0303862,-0.00965623,-0.0243325,-0.0105359,0.0246364,-0.00580183,0.0665114,0,0,0,0,0,0,0,0,0,1.14023e-10,0,0,0,0,0,0,0,0,0.905991,4.09402e-09,0,0,0,0,0,0,0,0,0,0,0,0,0,0,0,0,4.09432e-09,0.905991,
-4.33681e-13,0.00280347,-0.00116302,-0.00103561,0.000436365,0.000383891,-2.06217e-05,0,0,0.538504,-0.0157049,0.00269148,0.00244873,0.00813677,0.00383699,-0.0030961,0,0,-2.77556e-11,0.0591203,0.000951734,-0.0151159,-0.000299807,0.000478432,-6.46263e-05,0,0,-0.0156183,0.633457,-0.00545146,-0.0829538,0.00479306,-0.0117517,-0.000987013,0,0,-8.67362e-12,-0.00200002,0.0817505,0.00868969,0.00172297,0.001582,-6.64102e-05,0,0,0.00401795,-0.00519969,0.47118,-0.0159028,-0.0114135,0.00588399,-0.00246121,0,0,-3.46945e-12,-0.00768395,0.00539204,0.017996,0.00287023,0.00119156,-0.000116928,0,0,0.00285137,-0.0853826,-0.0155502,0.607118,0.0189015,0.0562366,-0.00100972,0,0,-1.04083e-11,0.000616541,0.0391818,-0.00507934,-0.0243773,-0.023396,0.000939837,0,0,0.0818693,0.0467411,-0.113404,0.189275,0.357165,-0.0357144,0.0240455,0,0,6.93889e-12,0.0604831,0.00443331,-0.0467488,-0.0231724,-0.0102336,0.00189699,0,0,0.0386232,-0.119273,0.0589463,0.564623,-0.0358161,0.40993,-0.00566266,0,0,7.37257e-12,-0.00209333,0.00183644,0.00353818,0.00208169,0.00416057,0.00119144,0,0,-0.030375,-0.00966236,-0.0243575,-0.0105229,0.0246229,-0.00580387,0.0665126,0,0,0,-2.40048e-12,0,0,3.60072e-12,0,0,0,0,0,0,0,0,0,0,0,0.905991,3.98e-09,0,-1.20024e-12,0,0,0,0,0,0,0,0,0,0,0,0,0,0,3.9806e-09,0.905991,
3.73297e-07,0.00280508,-0.00111093,-0.00104039,0.000439171,0.000384659,-2.06883e-05,0,0,0.53862,-0.0157101,0.00234195,0.00246071,0.00815662,0.00384033,-0.00309491,0,0,1.82909e-08,0.0590394,0.000967926,-0.0152052,-0.000304017,0.000474246,-6.46097e-05,0,0,-0.0156233,0.633477,-0.00546767,-0.0829655,0.0047956,-0.0117411,-0.000987651,0,0,2.97928e-07,-0.00198657,0.0817689,0.00870223,0.00172928,0.00158422,-6.64818e-05,0,0,0.00367021,-0.00521536,0.471243,-0.0159113,-0.0113873,0.00589536,-0.0024637,0,0,-1.26139e-07,-0.00780419,0.00539926,0.0180804,0.00288053,0.00118482,-0.000116821,0,0,0.00286366,-0.085397,-0.015558,0.607118,0.0188961,0.0562321,-0.00100839,0,0,2.39822e-06,0.000567061,0.0392148,-0.00500888,-0.0244444,-0.0234252,0.000940019,0,0,0.0820697,0.0467652,-0.113141,0.189221,0.357232,-0.0357051,0.0240316,0,0,-5.18571e-07,0.0604518,0.00444683,-0.0467866,-0.0232226,-0.0100766,0.00189499,0,0,0.0386571,-0.11917,0.0590599,0.564583,-0.0358073,0.409952,-0.00566464,0,0,-6.34477e-08,-0.00209011,0.0018392,0.00353261,0.00208413,0.00415998,0.00119352,0,0,-0.0303638,-0.00966849,-0.0243825,-0.0105099,0.0246094,-0.00580592,0.0665137,0,0,0,-3.60072e-12,0,0,-3.60072e-12,3.60072e-12,2.40048e-12,0,0,0,0,0,0,0,0,0,0.905991,3.9698e-09,0,0,0,0,0,0,0,0,0,0,0,0,0,0,0,0,3.9701e-09,0.905991,
-1.73472e-12,0.00280636,-0.00105952,-0.00104443,0.000441986,0.000385426,-2.07548e-05,0,0,0.538735,-0.0157153,0.0019922,0.00247273,0.00817643,0.00384363,-0.00309371,0,0,-5.55112e-11,0.0589583,0.000984112,-0.0152945,-0.000308225,0.000470048,-6.45929e-05,0,0,-0.0156284,0.633496,-0.00548392,-0.0829772,0.00479812,-0.0117304,-0.000988288,0,0,-1.73472e-12,-0.00197337,0.0817866,0.00871534,0.0017356,0.00158644,-6.65531e-05,0,0,0.00332225,-0.00523105,0.471305,-0.0159198,-0.0113609,0.00590672,-0.00246619,0,0,-1.73472e-11,-0.00792441,0.00540674,0.0181645,0.00289083,0.00117807,-0.000116714,0,0,0.00287601,-0.0854115,-0.0155658,0.607117,0.0188907,0.0562276,-0.00100705,0,0,3.46945e-11,0.000515148,0.0392428,-0.00493354,-0.0245114,-0.0234544,0.000940197,0,0,0.0822698,0.0467893,-0.112877,0.189168,0.3573,-0.0356959,0.0240178,0,0,4.85723e-11,0.0604208,0.00446135,-0.0468252,-0.0232727,-0.00991946,0.00189299,0,0,0.0386907,-0.119067,0.0591735,0.564542,-0.0357984,0.409975,-0.00566663,0,0,3.68629e-12,-0.00208683,0.0018421,0.0035269,0.00208656,0.00415938,0.0011956,0,0,-0.0303525,-0.00967461,-0.0244075,-0.0104968,0.024596,-0.00580797,0.0665149,0,0,0,0,0,0,-1.20024e-12,-1.20024e-12,-1.20024e-12,0,0,0,0,0,0,0,0,0,0.905991,4.05051e-09,0,0,0,0,0,0,-1.20024e-12,0,0,0,0,0,0,0,0,0,4.05081e-09,0.905991,
0,0.00280842,-0.00100767,-0.00104886,0.000444807,0.000386191,-2.04473e-05,0,0,0.53885,-0.0157205,0.00164224,0.00248481,0.00819621,0.00384691,-0.0030925,0,0,0,0.0588769,0.00100035,-0.0153839,-0.000312432,0.000465839,-6.45574e-05,0,0,-0.0156335,0.633516,-0.00550019,-0.0829889,0.00480065,-0.0117197,-0.000988924,0,0,3.46945e-12,-0.00195952,0.0818045,0.0087281,0.00174191,0.00158864,-6.63249e-05,0,0,0.00297409,-0.00524678,0.471367,-0.0159283,-0.0113346,0.00591808,-0.00246868,0,0,1.73472e-11,-0.00804499,0.00541408,0.0182488,0.00290112,0.00117131,-0.000116734,0,0,0.0028884,-0.0854261,-0.0155735,0.607117,0.0188853,0.0562231,-0.00100571,0,0,-3.46945e-12,0.000468009,0.0392729,-0.00486051,-0.0245783,-0.0234835,0.00094278,0,0,0.0824696,0.0468133,-0.112614,0.189114,0.357367,-0.0356866,0.0240039,0,0,6.93889e-12,0.0603886,0.0044753,-0.046863,-0.0233227,-0.009762,0.00189046,0,0,0.038724,-0.118964,0.0592871,0.564502,-0.0357895,0.409997,-0.00566861,0,0,1.6263e-11,-0.00208366,0.00184493,0.00352123,0.00208898,0.00415877,0.00119761,0,0,-0.0303412,-0.00968073,-0.0244325,-0.0104838,0.0245825,-0.00581002,0.0665161,0,0,0,1.20024e-12,-1.20024e-12,1.20024e-12,0,0,0,0,0,0,0,0,0,0,0,0,0.905991,4.22605e-09,0,1.20024e-12,-1.20024e-12,-1.20024e-12,2.40048e-12,0,0,0,0,0,0,0,0,0,0,0,4.22605e-09,0.905991,
3.74233e-07,0.00280977,-0.000955744,-0.00105368,0.000447262,0.000386956,-2.12617e-05,0,0,0.538964,-0.0157256,0.00129206,0.00249693,0.00821595,0.00385014,-0.00309129,0,0,1.84019e-08,0.0587954,0.00101661,-0.0154733,-0.000316655,0.000461618,-6.45769e-05,0,0,-0.0156385,0.633536,-0.00551649,-0.0830007,0.00480317,-0.011709,-0.00098956,0,0,3.00104e-07,-0.00194622,0.0818223,0.00874053,0.00174794,0.00159084,-6.69953e-05,0,0,0.00262571,-0.00526253,0.471429,-0.0159367,-0.0113082,0.00592944,-0.00247117,0,0,-1.27107e-07,-0.00816543,0.00542143,0.0183333,0.00291153,0.00116453,-0.000116372,0,0,0.00290084,-0.0854407,-0.0155812,0.607116,0.01888,0.0562186,-0.00100438,0,0,2.4135e-06,0.000416023,0.0393029,-0.00478981,-0.0246474,-0.0235125,0.000938129,0,0,0.082669,0.0468373,-0.112349,0.18906,0.357434,-0.0356773,0.0239901,0,0,-5.21048e-07,0.0603572,0.00448921,-0.0469001,-0.0233721,-0.00960427,0.00188949,0,0,0.038757,-0.118861,0.0594006,0.564461,-0.0357806,0.41002,-0.0056706,0,0,-6.38333e-08,-0.00208036,0.00184778,0.00351561,0.00209145,0.00415814,0.00119982,0,0,-0.0303297,-0.00968684,-0.0244575,-0.0104708,0.024569,-0.00581207,0.0665172,0,0,0,0,1.20024e-12,0,0,0,1.20024e-12,0,0,0,0,0,0,0,0,0,0.905991,-4.51561e-09,0,0,2.40048e-12,0,0,0,2.40048e-12,0,0,0,0,0,0,0,0,0,-4.51531e-09,0.905991,
8.67362e-13,0.00281228,-0.000903753,-0.00105776,0.000450472,0.000387719,-2.0579e-05,0,0,0.539077,-0.0157308,0.000941669,0.00250909,0.00823565,0.00385335,-0.00309007,0,0,0,0.0587136,0.00103291,-0.0155627,-0.00032084,0.000457385,-6.45223e-05,0,0,-0.0156436,0.633556,-0.00553283,-0.0830126,0.00480569,-0.0116983,-0.000990196,0,0,0,-0.00193198,0.0818399,0.00875353,0.00175456,0.00159303,-6.64651e-05,0,0,0.00227711,-0.00527831,0.47149,-0.0159451,-0.0112817,0.00594079,-0.00247366,0,0,-1.73472e-11,-0.00828636,0.00542877,0.0184176,0.00292168,0.00115774,-0.000116518,0,0,0.00291333,-0.0854553,-0.0155889,0.607115,0.0188746,0.0562141,-0.00100304,0,0,-1.38778e-11,0.000371252,0.0393327,-0.0047142,-0.0247116,-0.0235414,0.000943129,0,0,0.082868,0.0468613,-0.112085,0.189006,0.357502,-0.035668,0.0239763,0,0,0,0.060324,0.00450308,-0.0469381,-0.0234225,-0.00944628,0.00188643,0,0,0.0387896,-0.118757,0.0595141,0.56442,-0.0357717,0.410042,-0.0056726,0,0,-2.38524e-12,-0.00207724,0.00185063,0.00350984,0.00209378,0.0041575,0.00120176,0,0,-0.0303182,-0.00969294,-0.0244825,-0.0104578,0.0245555,-0.00581412,0.0665184,0,0,0,1.20024e-12,0,0,1.20024e-12,0,0,0,0,0,0,0,0,0,0,0,0.905991,-4.66444e-09,0,1.20024e-12,0,0,1.20024e-12,0,0,0,0,0,0,0,0,0,0,0,-4.66474e-09,0.905991,
-3.74847e-07,0.0028137,-0.000851692,-0.00106223,0.000452939,0.000388106,-2.10195e-05,0,0,0.53919,-0.015736,0.000591056,0.00252131,0.00825532,0.00385652,-0.00308884,0,0,-1.85407e-08,0.0586316,0.00104923,-0.0156522,-0.000325061,0.000453121,-6.45229e-05,0,0,-0.0156487,0.633577,-0.0055492,-0.0830245,0.00480821,-0.0116876,-0.00099083,0,0,-3.01544e-07,-0.00191858,0.0818575,0.00876618,0.00176059,0.0015949,-6.68364e-05,0,0,0.00192831,-0.00529412,0.471552,-0.0159535,-0.0112552,0.00595214,-0.00247615,0,0,1.27717e-07,-0.00840701,0.00543611,0.018502,0.00293207,0.00115106,-0.000116282,0,0,0.00292586,-0.08547,-0.0155965,0.607115,0.0188692,0.0562095,-0.00100171,0,0,-2.42366e-06,0.000319199,0.0393623,-0.00464091,-0.0247806,-0.0235726,0.000940874,0,0,0.0830667,0.0468852,-0.11182,0.188952,0.357569,-0.0356587,0.0239624,0,0,5.22728e-07,0.0602922,0.0045169,-0.0469753,-0.0234718,-0.0092875,0.00188492,0,0,0.0388218,-0.118654,0.0596275,0.56438,-0.0357628,0.410065,-0.00567459,0,0,6.40989e-08,-0.00207393,0.00185349,0.00350412,0.00209623,0.00415691,0.0012039,0,0,-0.0303067,-0.00969904,-0.0245076,-0.0104448,0.024542,-0.00581618,0.0665195,0,0,0,0,0,0,0,0,0,0,0,0,0,0,0,0,0,0,0.905991,-4.65634e-09,0,0,0,1.20024e-12,1.20024e-12,0,1.20024e-12,0,0,0,0,0,0,0,0,0,-4.65574e-09,0.905991,
1.73472e-12,0.00281591,-0.000799935,-0.00106709,0.000456538,0.000389242,-2.14604e-05,0,0,0.539303,-0.0157412,0.000240223,0.00253357,0.00827495,0.00385965,-0.00308761,0,0,0,0.0585495,0.00106557,-0.0157417,-0.000329225,0.000448883,-6.45233e-05,0,0,-0.0156537,0.633597,-0.00556559,-0.0830364,0.00481072,-0.0116769,-0.000991464,0,0,5.20417e-12,-0.00190454,0.0818746,0.0087785,0.00176753,0.00159737,-6.72089e-05,0,0,0.00157928,-0.00530996,0.471613,-0.0159618,-0.0112287,0.00596349,-0.00247864,0,0,-2.08167e-11,-0.00852803,0.00544358,0.0185867,0.00294208,0.0011441,-0.000116045,0,0,0.00293844,-0.0854848,-0.0156041,0.607114,0.0188638,0.056205,-0.00100037,0,0,-1.38778e-11,0.000271963,0.0393893,-0.00456997,-0.0248421,-0.0235988,0.000938607,0,0,0.083265,0.0469091,-0.111554,0.188898,0.357636,-0.0356494,0.0239486,0,0,2.77556e-11,0.0602591,0.00453121,-0.0470117,-0.0235225,-0.00912949,0.00188341,0,0,0.0388538,-0.11855,0.0597409,0.564339,-0.0357539,0.410087,-0.00567658,0,0,8.78204e-12,-0.00207073,0.00185641,0.00349844,0.00209847,0.00415617,0.00120604,0,0,-0.030295,-0.00970513,-0.0245326,-0.0104318,0.0245285,-0.00581824,0.0665207,0,0,0,-1.20024e-12,0,-1.20024e-12,0,-1.20024e-12,0,0,0,0,0,0,0,0,0,0,0.905991,-4.5048e-09,0,0,0,0,0,0,0,0,0,0,0,0,0,0,0,0,-4.5048e-09,0.905991,
0,0.00281778,-0.000747734,-0.00107121,0.000459395,0.000390377,-2.15264e-05,0,0,0.539414,-0.0157464,-0.00011083,0.00254588,0.00829454,0.00386276,-0.00308637,0,0,0,0.0584671,0.00108195,-0.0158312,-0.000333424,0.000444632,-6.45049e-05,0,0,-0.0156588,0.633617,-0.00558202,-0.0830484,0.00481324,-0.0116661,-0.000992098,0,0,-1.56125e-11,-0.00189075,0.0818919,0.00879138,0.00177386,0.00159984,-6.72796e-05,0,0,0.00123004,-0.00532583,0.471674,-0.01597,-0.0112021,0.00597484,-0.00248113,0,0,2.77556e-11,-0.00864903,0.00545092,0.0186711,0.00295233,0.00113714,-0.000115935,0,0,0.00295107,-0.0854996,-0.0156116,0.607113,0.0188584,0.0562005,-0.000999041,0,0,1.73472e-11,0.000222272,0.0394185,-0.00449409,-0.0249084,-0.023625,0.000938759,0,0,0.0834629,0.046933,-0.111288,0.188844,0.357704,-0.0356401,0.0239347,0,0,-2.08167e-11,0.0602264,0.00454494,-0.047049,-0.0235721,-0.00897121,0.00188137,0,0,0.0388854,-0.118447,0.0598543,0.564298,-0.035745,0.41011,-0.00567858,0,0,-3.68629e-12,-0.00206747,0.00185929,0.00349262,0.00210083,0.00415543,0.00120811,0,0,-0.0302833,-0.00971122,-0.0245576,-0.0104188,0.024515,-0.0058203,0.0665219,0,0,0,-1.20024e-12,0,-1.20024e-12,1.20024e-12,-1.20024e-12,1.20024e-12,0,0,0,0,0,0,0,0,0,0.905991,4.25455e-09,0,-1.20024e-12,0,-1.20024e-12,1.20024e-12,-1.20024e-12,1.20024e-12,0,0,0,0,0,0,0,0,0,4.25545e-09,0.905991,
0,0.00281931,-0.000695087,-0.0010761,0.000461507,0.00039076,-2.12164e-05,0,0,0.539526,-0.0157516,-0.000462105,0.00255824,0.0083141,0.00386583,-0.00308512,0,0,2.77556e-11,0.0583844,0.00109839,-0.0159208,-0.000337659,0.000440333,-6.44676e-05,0,0,-0.0156639,0.633638,-0.00559848,-0.0830604,0.00481574,-0.0116554,-0.00099273,0,0,-1.73472e-12,-0.00187721,0.0819095,0.00880362,0.00177959,0.00160168,-6.70464e-05,0,0,0.000880586,-0.00534173,0.471736,-0.0159783,-0.0111754,0.00598618,-0.00248363,0,0,2.77556e-11,-0.00877,0.00545814,0.0187558,0.00296282,0.00113041,-0.000115954,0,0,0.00296374,-0.0855145,-0.0156191,0.607113,0.018853,0.0561959,-0.000997708,0,0,1.38778e-11,0.000170113,0.0394499,-0.00442299,-0.0249795,-0.0236559,0.000941347,0,0,0.0836605,0.0469569,-0.111021,0.18879,0.357771,-0.0356308,0.0239209,0,0,-3.46945e-11,0.0601939,0.00455811,-0.047085,-0.0236206,-0.00881162,0.0018788,0,0,0.0389167,-0.118343,0.0599677,0.564258,-0.0357361,0.410133,-0.00568058,0,0,-2.1684e-13,-0.00206413,0.0018621,0.00348691,0.00210331,0.0041548,0.00121011,0,0,-0.0302716,-0.0097173,-0.0245826,-0.0104058,0.0245015,-0.00582236,0.066523,0,0,0,-1.20024e-12,0,1.20024e-12,1.20024e-12,0,0,0,0,0,0,0,0,0,0,0,0.905991,4.15283e-09,0,1.20024e-12,0,-1.20024e-12,-2.40048e-12,0,0,0,0,0,0,0,0,0,0,0,4.15403e-09,0.905991,
1.73472e-12,0.00282126,-0.000642369,-0.00108025,0.000464753,0.000391893,-2.09057e-05,0,0,0.539636,-0.0157568,-0.000813604,0.00257065,0.00833362,0.00386886,-0.00308386,0,0,2.77556e-11,0.0583016,0.00111486,-0.0160104,-0.000341837,0.00043606,-6.44299e-05,0,0,-0.0156689,0.633659,-0.00561497,-0.0830725,0.00481825,-0.0116446,-0.000993362,0,0,3.46945e-12,-0.00186333,0.0819269,0.00881643,0.00178624,0.00160413,-6.68115e-05,0,0,0.000530908,-0.00535766,0.471797,-0.0159864,-0.0111487,0.00599752,-0.00248612,0,0,1.38778e-11,-0.00889121,0.00546535,0.0188403,0.00297293,0.00112342,-0.000115972,0,0,0.00297647,-0.0855294,-0.0156265,0.607112,0.0188476,0.0561914,-0.000996377,0,0,-2.42861e-11,0.000120358,0.0394812,-0.00434692,-0.0250431,-0.0236818,0.000943941,0,0,0.0838577,0.0469807,-0.110754,0.188736,0.357839,-0.0356215,0.023907,0,0,1.38778e-11,0.0601607,0.00457123,-0.0471219,-0.0236705,-0.00865281,0.00187621,0,0,0.0389476,-0.118239,0.060081,0.564217,-0.0357272,0.410155,-0.00568258,0,0,4.66207e-12,-0.00206085,0.00186492,0.00348106,0.00210558,0.00415402,0.00121211,0,0,-0.0302597,-0.00972337,-0.0246076,-0.0103929,0.0244881,-0.00582442,0.0665242,0,0,0,0,1.20024e-12,0,-2.40048e-12,1.20024e-12,1.20024e-12,0,0,0,0,0,0,0,0,0,0.905991,4.16664e-09,0,0,0,-1.20024e-12,0,0,0,0,0,0,0,0,0,0,0,0,4.16634e-09,0.905991,
3.76343e-07,0.00282324,-0.000589957,-0.00108516,0.000467631,0.000392272,-2.09706e-05,0,0,0.539746,-0.015762,-0.00116533,0.0025831,0.0083531,0.00387186,-0.0030826,0,0,1.87905e-08,0.0582186,0.00113133,-0.0161001,-0.000346031,0.000431737,-6.44105e-05,0,0,-0.015674,0.63368,-0.00563149,-0.0830846,0.00482076,-0.0116339,-0.000993994,0,0,3.05148e-07,-0.00184939,0.0819439,0.00882859,0.00179259,0.00160595,-6.68801e-05,0,0,0.000181009,-0.00537362,0.471857,-0.0159946,-0.011122,0.00600885,-0.00248861,0,0,-1.29313e-07,-0.00901253,0.00547269,0.0189251,0.00298315,0.00111667,-0.000115862,0,0,0.00298923,-0.0855444,-0.0156339,0.607111,0.0188422,0.0561868,-0.000995046,0,0,2.44906e-06,7.05721e-05,0.0395098,-0.00427567,-0.025109,-0.0237125,0.000944093,0,0,0.0840546,0.0470045,-0.110487,0.188682,0.357906,-0.0356122,0.0238932,0,0,-5.26738e-07,0.0601273,0.00458484,-0.0471575,-0.0237199,-0.00849267,0.00187415,0,0,0.0389782,-0.118135,0.0601943,0.564176,-0.0357182,0.410178,-0.00568458,0,0,-6.4736e-08,-0.00205757,0.00186781,0.00347531,0.0021079,0.00415336,0.00121417,0,0,-0.0302478,-0.00972943,-0.0246326,-0.0103799,0.0244746,-0.00582649,0.0665254,0,0,0,0,0,0,1.20024e-12,-1.20024e-12,1.20024e-12,0,0,0,0,0,0,0,0,0,0.905991,4.28306e-09,1.20024e-12,0,0,1.20024e-12,1.20024e-12,-1.20024e-12,0,0,0,0,0,0,0,0,0,0,4.28336e-09,0.905991,
3.76636e-07,0.00282527,-0.000537859,-0.00108895,0.000470899,0.000393023,-2.1412e-05,0,0,0.539856,-0.0157672,-0.00151727,0.00259561,0.00837254,0.00387483,-0.00308133,0,0,1.8846e-08,0.0581353,0.00114782,-0.0161897,-0.000350204,0.000427425,-6.441e-05,0,0,-0.0156791,0.633701,-0.00564804,-0.0830968,0.00482326,-0.0116231,-0.000994625,0,0,3.05908e-07,-0.00183541,0.0819604,0.00884163,0.00179925,0.00160807,-6.72542e-05,0,0,-0.000169111,-0.00538961,0.471918,-0.0160027,-0.0110952,0.00602018,-0.0024911,0,0,-1.29615e-07,-0.00913395,0.00548015,0.0190095,0.00299324,0.00110977,-0.000115621,0,0,0.00300205,-0.0855594,-0.0156413,0.60711,0.0188368,0.0561823,-0.000993716,0,0,2.45415e-06,2.07575e-05,0.0395358,-0.00419697,-0.0251724,-0.0237407,0.000941786,0,0,0.0842511,0.0470283,-0.110219,0.188628,0.357973,-0.0356029,0.0238794,0,0,-5.27585e-07,0.0600936,0.00459892,-0.0471944,-0.0237697,-0.00833279,0.00187261,0,0,0.0390085,-0.118031,0.0603075,0.564135,-0.0357093,0.4102,-0.00568658,0,0,-6.48736e-08,-0.00205428,0.00187078,0.00346936,0.00211015,0.00415263,0.0012163,0,0,-0.0302358,-0.00973549,-0.0246576,-0.0103669,0.0244611,-0.00582855,0.0665265,0,0,1.20024e-12,-1.20024e-12,0,0,1.20024e-12,0,1.20024e-12,5.88118e-11,0,0,0,0,0,0,0,0,0.905991,-4.51411e-09,0,0,0,0,0,0,0,-1.20024e-12,0,0,0,0,0,0,0,0,-4.51441e-09,0.905991,
-1.30104e-12,0.00282732,-0.000484941,-0.00109389,0.000473421,0.000393773,-2.1477e-05,0,0,0.539965,-0.0157724,-0.00186945,0.00260816,0.00839195,0.00387776,-0.00308006,0,0,-2.77556e-11,0.0580519,0.00116438,-0.0162794,-0.000354413,0.000423102,-6.43904e-05,0,0,-0.0156842,0.633722,-0.00566462,-0.083109,0.00482575,-0.0116123,-0.000995255,0,0,0,-0.00182138,0.0819775,0.00885371,0.00180531,0.00161018,-6.73229e-05,0,0,-0.000519454,-0.00540562,0.471979,-0.0160107,-0.0110684,0.00603151,-0.00249359,0,0,-3.46945e-12,-0.00925548,0.00548736,0.0190944,0.00300357,0.00110285,-0.000115509,0,0,0.00301492,-0.0855745,-0.0156486,0.607109,0.0188313,0.0561777,-0.000992386,0,0,6.93889e-12,-2.90867e-05,0.0395665,-0.00412555,-0.0252405,-0.0237687,0.000941924,0,0,0.0844472,0.047052,-0.109951,0.188574,0.358041,-0.0355935,0.0238655,0,0,-3.46945e-11,0.0600598,0.00461191,-0.0472295,-0.0238183,-0.00817264,0.00187054,0,0,0.0390384,-0.117927,0.0604207,0.564094,-0.0357004,0.410223,-0.00568859,0,0,-1.19262e-12,-0.00205098,0.00187362,0.00346358,0.00211252,0.00415188,0.00121836,0,0,-0.0302238,-0.00974155,-0.0246827,-0.010354,0.0244476,-0.00583062,0.0665277,0,0,0,-1.20024e-12,-1.20024e-12,1.20024e-12,0,1.20024e-12,-1.20024e-12,0,0,0,0,0,0,0,0,0,0.905991,-4.60142e-09,0,-1.20024e-12,-1.20024e-12,1.20024e-12,0,1.20024e-12,-1.20024e-12,0,0,0,0,0,0,0,0,0,-4.60112e-09,0.905991,
0,0.00282942,-0.000433086,-0.00109847,0.000476324,0.000394146,-2.19191e-05,0,0,0.540073,-0.0157776,-0.00222185,0.00262076,0.00841133,0.00388066,-0.00307877,0,0,2.77556e-11,0.0579682,0.00118091,-0.0163692,-0.000358601,0.000418748,-6.43894e-05,0,0,-0.0156893,0.633743,-0.00568123,-0.0831213,0.00482825,-0.0116015,-0.000995884,0,0,-8.67362e-12,-0.0018073,0.0819936,0.00886606,0.00181167,0.00161197,-6.76987e-05,0,0,-0.000870021,-0.00542167,0.472039,-0.0160187,-0.0110415,0.00604284,-0.00249608,0,0,-3.46945e-12,-0.00937712,0.00549495,0.0191792,0.00301377,0.00109606,-0.000115267,0,0,0.00302783,-0.0855896,-0.0156558,0.607108,0.0188259,0.0561732,-0.000991058,0,0,1.04083e-11,-7.89605e-05,0.0395895,-0.0040516,-0.0253061,-0.0237991,0.000939593,0,0,0.084643,0.0470758,-0.109682,0.18852,0.358108,-0.0355842,0.0238517,0,0,4.16334e-11,0.0600257,0.00462644,-0.047265,-0.0238674,-0.0080117,0.00186899,0,0,0.039068,-0.117823,0.0605338,0.564053,-0.0356914,0.410246,-0.0056906,0,0,2.38524e-12,-0.00204767,0.00187666,0.00345771,0.00211481,0.00415119,0.00122048,0,0,-0.0302117,-0.00974759,-0.0247077,-0.010341,0.0244341,-0.00583269,0.0665289,0,0,0,-1.20024e-12,-2.40048e-12,2.40048e-12,-1.20024e-12,2.40048e-12,-2.40048e-12,0,0,0,0,0,0,0,0,0,0.905991,-4.53961e-09,0,1.20024e-12,0,0,1.20024e-12,0,0,0,0,0,0,0,0,0,0,0,-4.53931e-09,0.905991,
-8.67362e-13,0.00283156,-0.000379653,-0.00110268,0.000479234,0.000395273,-2.1229e-05,0,0,0.54018,-0.0157828,-0.00257448,0.00263341,0.00843066,0.00388353,-0.00307748,0,0,0,0.0578843,0.00119754,-0.0164589,-0.000362788,0.00041442,-6.43313e-05,0,0,-0.0156944,0.633765,-0.00569788,-0.0831337,0.00483074,-0.0115907,-0.000996513,0,0,5.20417e-12,-0.00179316,0.0820107,0.00887867,0.00181803,0.00161437,-6.71516e-05,0,0,-0.00122081,-0.00543775,0.4721,-0.0160267,-0.0110146,0.00605416,-0.00249857,0,0,1.73472e-11,-0.00949886,0.00550202,0.0192639,0.00302395,0.00108898,-0.000115415,0,0,0.00304079,-0.0856048,-0.015663,0.607107,0.0188205,0.0561686,-0.00098973,0,0,6.93889e-12,-0.000128864,0.0396223,-0.00397509,-0.0253715,-0.0238245,0.000944658,0,0,0.0848384,0.0470994,-0.109413,0.188466,0.358176,-0.0355749,0.0238378,0,0,-3.46945e-11,0.0599914,0.0046388,-0.0473007,-0.0239163,-0.00785155,0.00186584,0,0,0.0390972,-0.117719,0.060647,0.564012,-0.0356825,0.410268,-0.0056926,0,0,0,-0.00204436,0.00187945,0.00345177,0.00211709,0.00415034,0.00122241,0,0,-0.0301995,-0.00975363,-0.0247327,-0.0103281,0.0244206,-0.00583477,0.06653,0,0,0,0,-1.20024e-12,-1.20024e-12,0,0,1.20024e-12,0,0,0,0,0,0,0,0,0,0.905991,-4.35507e-09,0,0,0,0,-2.40048e-12,1.20024e-12,-2.40048e-12,0,0,0,0,0,0,0,0,0,-4.35567e-09,0.905991,
-4.33681e-13,0.00283373,-0.000327283,-0.00110767,0.000481771,0.000396021,-2.16711e-05,0,0,0.540288,-0.015788,-0.00292735,0.0026461,0.00844996,0.00388636,-0.00307619,0,0,0,0.0578002,0.00121415,-0.0165487,-0.000366991,0.000410061,-6.43298e-05,0,0,-0.0156995,0.633787,-0.00571455,-0.083146,0.00483323,-0.0115799,-0.000997141,0,0,1.21431e-11,-0.00177898,0.0820268,0.00889063,0.00182409,0.00161645,-6.75276e-05,0,0,-0.00157183,-0.00545386,0.47216,-0.0160346,-0.0109877,0.00606547,-0.00250106,0,0,3.46945e-12,-0.0096207,0.00550948,0.0193489,0.00303426,0.00108203,-0.000115171,0,0,0.00305379,-0.08562,-0.0156702,0.607106,0.0188151,0.056164,-0.000988403,0,0,-3.81639e-11,-0.000178797,0.0396474,-0.00390343,-0.0254393,-0.0238523,0.000942315,0,0,0.0850334,0.0471231,-0.109143,0.188411,0.358243,-0.0355655,0.023824,0,0,-4.85723e-11,0.0599569,0.00465271,-0.0473352,-0.0239647,-0.0076906,0.00186428,0,0,0.0391261,-0.117615,0.06076,0.563971,-0.0356736,0.410291,-0.00569461,0,0,9.1073e-12,-0.00204103,0.00188243,0.00344594,0.00211942,0.00414955,0.00122453,0,0,-0.0301872,-0.00975967,-0.0247577,-0.0103152,0.0244071,-0.00583684,0.0665312,0,0,0,0,0,0,-1.20024e-12,0,0,1.20024e-12,0,0,0,0,0,0,0,0,0.905991,4.09192e-09,0,0,0,0,0,0,0,1.20024e-12,0,0,0,0,0,0,0,0,4.09192e-09,0.905991,
4.33681e-13,0.00283594,-0.000274844,-0.00111229,0.000484693,0.000396769,-2.13574e-05,0,0,0.540394,-0.0157932,-0.00328044,0.00265885,0.00846922,0.00388915,-0.00307488,0,0,0,0.0577158,0.00123079,-0.0166386,-0.000371174,0.00040569,-6.42899e-05,0,0,-0.0157046,0.633808,-0.00573126,-0.0831585,0.00483572,-0.0115691,-0.000997769,0,0,1.73472e-12,-0.00176475,0.0820428,0.00890285,0.00183046,0.00161853,-6.72859e-05,0,0,-0.00192308,-0.00546999,0.47222,-0.0160425,-0.0109607,0.00607678,-0.00250356,0,0,-3.46945e-12,-0.00974265,0.00551694,0.0194338,0.00304443,0.00107506,-0.000115189,0,0,0.00306685,-0.0856353,-0.0156773,0.607106,0.0188096,0.0561594,-0.000987076,0,0,-2.42861e-11,-0.000228758,0.0396724,-0.00382923,-0.0255045,-0.0238799,0.000944918,0,0,0.0852281,0.0471467,-0.108873,0.188357,0.358311,-0.0355561,0.0238101,0,0,-4.16334e-11,0.0599222,0.00466658,-0.0473699,-0.0240135,-0.00752938,0.00186165,0,0,0.0391547,-0.11751,0.0608731,0.56393,-0.0356646,0.410314,-0.00569663,0,0,-4.87891e-12,-0.00203771,0.00188543,0.00344002,0.00212168,0.00414875,0.00122651,0,0,-0.0301749,-0.00976569,-0.0247827,-0.0103022,0.0243936,-0.00583892,0.0665324,0,0,0,-1.20024e-12,0,0,1.20024e-12,0,-1.20024e-12,0,0,0,0,0,0,0,0,0,0.905991,3.9701e-09,0,0,0,0,0,0,1.20024e-12,0,0,0,0,0,0,0,0,0,3.9704e-09,0.905991,
3.78345e-07,0.00283857,-0.000221957,-0.00111692,0.000487999,0.000397893,-2.14214e-05,0,0,0.5405,-0.0157984,-0.00363377,0.00267164,0.00848844,0.00389192,-0.00307357,0,0,1.91513e-08,0.0576313,0.00124748,-0.0167284,-0.000375335,0.000401326,-6.42688e-05,0,0,-0.0157096,0.63383,-0.005748,-0.0831709,0.0048382,-0.0115583,-0.000998396,0,0,3.10245e-07,-0.00175016,0.082059,0.00891504,0.00183715,0.0016209,-6.73527e-05,0,0,-0.00227455,-0.00548616,0.47228,-0.0160503,-0.0109336,0.00608809,-0.00250605,0,0,-1.31568e-07,-0.00986484,0.00552427,0.0195187,0.00305446,0.00106794,-0.000115075,0,0,0.00307995,-0.0856507,-0.0156844,0.607105,0.0188042,0.0561549,-0.000985751,0,0,2.48458e-06,-0.000276264,0.0396996,-0.00375494,-0.0255671,-0.0239049,0.000945043,0,0,0.0854224,0.0471703,-0.108602,0.188302,0.358378,-0.0355468,0.0237963,0,0,-5.32352e-07,0.0598867,0.00467987,-0.0474044,-0.0240627,-0.00736842,0.00185954,0,0,0.0391829,-0.117406,0.060986,0.563889,-0.0356556,0.410337,-0.00569864,0,0,-6.56315e-08,-0.00203444,0.00188837,0.00343409,0.00212385,0.00414786,0.00122856,0,0,-0.0301625,-0.00977171,-0.0248078,-0.0102893,0.0243801,-0.00584099,0.0665335,0,0,0,0,0,-1.20024e-12,-1.20024e-12,0,0,0,0,0,0,0,0,0,0,0,0.905991,3.95239e-09,0,0,0,-1.20024e-12,-1.20024e-12,0,0,0,0,0,0,0,0,0,0,0,3.95239e-09,0.905991,
8.67362e-13,0.00284048,-0.000168623,-0.00112156,0.000490934,0.000398638,-2.18639e-05,0,0,0.540605,-0.0158036,-0.00398733,0.00268449,0.00850763,0.00389464,-0.00307225,0,0,0,0.0575466,0.00126421,-0.0168183,-0.000379514,0.000396932,-6.42667e-05,0,0,-0.0157147,0.633852,-0.00576476,-0.0831835,0.00484068,-0.0115474,-0.000999022,0,0,-1.73472e-12,-0.00173614,0.0820754,0.00892718,0.00184352,0.00162295,-6.77302e-05,0,0,-0.00262626,-0.00550235,0.47234,-0.0160581,-0.0109065,0.00609939,-0.00250854,0,0,0,-0.00998687,0.00553147,0.0196037,0.00306461,0.00106093,-0.000114829,0,0,0.0030931,-0.0856661,-0.0156914,0.607103,0.0187987,0.0561503,-0.000984426,0,0,6.93889e-12,-0.000328768,0.039729,-0.00368057,-0.025632,-0.0239323,0.000942674,0,0,0.0856164,0.0471939,-0.108331,0.188248,0.358446,-0.0355374,0.0237824,0,0,6.93889e-12,0.0598521,0.00469258,-0.0474387,-0.0241113,-0.00720666,0.00185795,0,0,0.0392107,-0.117301,0.061099,0.563848,-0.0356467,0.410359,-0.00570065,0,0,-1.04083e-11,-0.00203103,0.00189125,0.00342814,0.00212609,0.00414702,0.00123067,0,0,-0.03015,-0.00977772,-0.0248328,-0.0102764,0.0243666,-0.00584307,0.0665347,0,0,0,-2.40048e-12,-2.40048e-12,0,2.40048e-12,0,0,0,0,0,0,0,0,0,0,0,0.905991,4.02441e-09,0,-2.40048e-12,-2.40048e-12,0,3.60072e-12,0,1.20024e-12,0,0,0,0,0,0,0,0,0,4.02411e-09,0.905991,
-8.67362e-13,0.0028428,-0.000115598,-0.00112584,0.000493497,0.000399003,-2.15489e-05,0,0,0.54071,-0.0158089,-0.00434112,0.00269738,0.00852678,0.00389733,-0.00307093,0,0,0,0.0574616,0.00128096,-0.0169082,-0.00038371,0.000392507,-6.42259e-05,0,0,-0.0157198,0.633875,-0.00578156,-0.0831961,0.00484316,-0.0115366,-0.000999647,0,0,-1.56125e-11,-0.00172176,0.0820914,0.00893959,0.00184959,0.00162468,-6.74855e-05,0,0,-0.0029782,-0.00551858,0.472399,-0.0160658,-0.0108794,0.00611069,-0.00251103,0,0,-6.93889e-12,-0.0101091,0.00553879,0.0196886,0.00307488,0.00105405,-0.000114847,0,0,0.0031063,-0.0856815,-0.0156984,0.607102,0.0187933,0.0561457,-0.000983102,0,0,-3.46945e-12,-0.000378816,0.0397558,-0.00360362,-0.0256994,-0.0239621,0.000945281,0,0,0.0858099,0.0472174,-0.10806,0.188194,0.358513,-0.035528,0.0237686,0,0,-6.93889e-12,0.0598167,0.00470578,-0.0474733,-0.0241593,-0.0070441,0.0018553,0,0,0.0392383,-0.117196,0.0612119,0.563806,-0.0356377,0.410382,-0.00570267,0,0,-6.28837e-12,-0.00202768,0.0018942,0.0034221,0.00212837,0.00414624,0.00123265,0,0,-0.0301375,-0.00978373,-0.0248578,-0.0102635,0.0243532,-0.00584515,0.0665358,0,0,0,0,0,0,-1.20024e-12,0,0,0,0,0,0,0,0,0,0,0,0.905991,4.18974e-09,0,0,-1.20024e-12,0,-1.20024e-12,1.20024e-12,0,0,0,0,0,0,0,0,0,0,4.18944e-09,0.905991,
-1.73472e-12,0.00284517,-6.25031e-05,-0.00113052,0.000496445,0.000399366,-2.19916e-05,0,0,0.540814,-0.0158141,-0.00469515,0.00271032,0.00854589,0.00389999,-0.0030696,0,0,-2.77556e-11,0.0573764,0.00129774,-0.0169981,-0.000387885,0.00038807,-6.42233e-05,0,0,-0.015725,0.633897,-0.00579839,-0.0832087,0.00484564,-0.0115257,-0.00100027,0,0,0,-0.00170733,0.0821073,0.00895165,0.00185597,0.0016264,-6.78639e-05,0,0,-0.00333036,-0.00553483,0.472459,-0.0160735,-0.0108522,0.00612198,-0.00251352,0,0,2.42861e-11,-0.0102315,0.00554611,0.0197737,0.00308501,0.00104715,-0.000114599,0,0,0.00311955,-0.0856971,-0.0157053,0.607101,0.0187878,0.0561411,-0.000981779,0,0,6.93889e-12,-0.000428893,0.0397824,-0.00352908,-0.025764,-0.0239918,0.000942894,0,0,0.0860031,0.0472409,-0.107788,0.188139,0.358581,-0.0355186,0.0237547,0,0,1.38778e-11,0.0597811,0.00471893,-0.0475071,-0.0242077,-0.00688126,0.0018537,0,0,0.0392655,-0.117092,0.0613247,0.563765,-0.0356287,0.410405,-0.00570469,0,0,1.58294e-11,-0.00202432,0.00189715,0.00341612,0.00213058,0.00414544,0.00123476,0,0,-0.0301249,-0.00978973,-0.0248828,-0.0102506,0.0243397,-0.00584724,0.066537,0,0,0,0,0,0,1.20024e-12,0,0,0,0,0,0,0,0,0,0,0,0.905991,-4.4634e-09,0,1.20024e-12,1.20024e-12,2.40048e-12,2.40048e-12,-3.60072e-12,3.60072e-12,0,0,0,0,0,0,0,0,0,-4.4643e-09,0.905991,
3.79439e-07,0.00284757,-8.95906e-06,-0.00113558,0.000499779,0.000400486,-2.20553e-05,0,0,0.540917,-0.0158193,-0.00504942,0.0027233,0.00856496,0.00390261,-0.00306826,0,0,1.93734e-08,0.057291,0.00131457,-0.0170881,-0.000392038,0.000383659,-6.42011e-05,0,0,-0.0157301,0.633919,-0.00581525,-0.0832214,0.00484811,-0.0115148,-0.0010009,0,0,3.13164e-07,-0.00169285,0.0821233,0.00896336,0.00186267,0.00162874,-6.79304e-05,0,0,-0.00368277,-0.00555112,0.472518,-0.0160812,-0.0108249,0.00613327,-0.00251601,0,0,-1.32807e-07,-0.010354,0.0055533,0.0198589,0.003095,0.00103997,-0.000114483,0,0,0.00313284,-0.0857126,-0.0157122,0.6071,0.0187824,0.0561365,-0.000980457,0,0,2.50481e-06,-0.000478997,0.0398113,-0.00345696,-0.0258261,-0.0240164,0.000942999,0,0,0.086196,0.0472644,-0.107515,0.188085,0.358648,-0.0355093,0.0237409,0,0,-5.35634e-07,0.0597452,0.0047315,-0.0475402,-0.0242565,-0.00671923,0.00185157,0,0,0.0392923,-0.116987,0.0614375,0.563724,-0.0356198,0.410428,-0.00570671,0,0,-6.61596e-08,-0.00202096,0.00190005,0.00341018,0.00213271,0.0041445,0.0012368,0,0,-0.0301122,-0.00979572,-0.0249078,-0.0102377,0.0243262,-0.00584932,0.0665382,0,0,-1.20024e-12,1.20024e-12,1.20024e-12,0,1.20024e-12,0,-1.20024e-12,-1.20024e-12,0,0,0,0,0,0,0,0,0.905991,-4.60292e-09,-1.20024e-12,1.20024e-12,1.20024e-12,0,1.20024e-12,-1.20024e-12,-1.20024e-12,-1.15223e-10,0,0,0,0,0,0,0,0,-4.60322e-09,0.905991,
-1.73472e-12,0.0028504,4.38955e-05,-0.0011399,0.00050236,0.000401225,-2.17391e-05,0,0,0.54102,-0.0158246,-0.00540393,0.00273634,0.00858399,0.0039052,-0.00306691,0,0,0,0.0572054,0.00133139,-0.0171781,-0.000396228,0.000379218,-6.41593e-05,0,0,-0.0157352,0.633942,-0.00583215,-0.0832341,0.00485058,-0.011504,-0.00100152,0,0,-3.46945e-12,-0.001678,0.0821386,0.00897565,0.00186875,0.00163075,-6.76828e-05,0,0,-0.00403541,-0.00556743,0.472577,-0.0160888,-0.0107976,0.00614455,-0.0025185,0,0,3.46945e-11,-0.0104767,0.00556075,0.0199439,0.00310524,0.00103291,-0.0001145,0,0,0.00314618,-0.0857283,-0.015719,0.607099,0.0187769,0.0561319,-0.000979136,0,0,-1.04083e-11,-0.00052662,0.039835,-0.00337975,-0.025893,-0.0240433,0.00094561,0,0,0.0863884,0.0472878,-0.107242,0.18803,0.358716,-0.0354999,0.023727,0,0,-5.55112e-11,0.0597086,0.00474509,-0.0475741,-0.0243042,-0.00655638,0.00184889,0,0,0.0393188,-0.116882,0.0615502,0.563682,-0.0356108,0.410451,-0.00570873,0,0,7.80626e-12,-0.00201766,0.00190309,0.00340409,0.00213496,0.00414361,0.00123877,0,0,-0.0300994,-0.0098017,-0.0249328,-0.0102249,0.0243127,-0.00585141,0.0665393,0,0,0,0,-3.60072e-12,0,-3.60072e-12,3.60072e-12,0,0,0,0,0,0,0,0,0,0,0.905991,-4.58942e-09,0,2.40048e-12,1.20024e-12,-2.40048e-12,3.60072e-12,-3.60072e-12,2.40048e-12,0,0,0,0,0,0,0,0,0,-4.58792e-09,0.905991,
-3.79967e-07,0.00285212,9.71989e-05,-0.00114499,0.000506088,0.000401963,-2.21821e-05,0,0,0.541122,-0.0158298,-0.00575868,0.00274943,0.00860299,0.00390775,-0.00306556,0,0,-1.94289e-08,0.0571196,0.00134825,-0.0172681,-0.000400358,0.000374765,-6.4156e-05,0,0,-0.0157403,0.633965,-0.00584907,-0.0832469,0.00485304,-0.0114931,-0.00100214,0,0,-3.14589e-07,-0.00166405,0.0821542,0.00898727,0.00187577,0.00163275,-6.80626e-05,0,0,-0.00438828,-0.00558378,0.472636,-0.0160963,-0.0107703,0.00615583,-0.00252099,0,0,1.33428e-07,-0.0105991,0.00556807,0.0200292,0.00311507,0.00102583,-0.00011425,0,0,0.00315957,-0.0857439,-0.0157258,0.607098,0.0187715,0.0561273,-0.000977815,0,0,-2.51495e-06,-0.000581806,0.0398609,-0.00330748,-0.0259523,-0.0240702,0.000943197,0,0,0.0865805,0.0473112,-0.106969,0.187975,0.358783,-0.0354905,0.0237132,0,0,5.37161e-07,0.0596734,0.0047581,-0.0476067,-0.0243534,-0.00639327,0.00184728,0,0,0.0393449,-0.116777,0.0616629,0.563641,-0.0356018,0.410473,-0.00571075,0,0,6.641e-08,-0.00201415,0.00190607,0.00339812,0.002137,0.0041427,0.00124088,0,0,-0.0300866,-0.00980768,-0.0249579,-0.010212,0.0242992,-0.00585349,0.0665405,0,0,-1.20024e-12,0,0,0,3.60072e-12,0,3.60072e-12,0,0,0,0,0,0,0,0,0,0.905991,-4.43909e-09,0,0,0,0,0,0,0,0,0,0,0,0,0,0,0,0,-4.44029e-09,0.905991,
-4.33681e-13,0.00285464,0.000150572,-0.00114934,0.000508682,0.000402699,-2.22453e-05,0,0,0.541224,-0.015835,-0.00611367,0.00276256,0.00862195,0.00391027,-0.0030642,0,0,-2.77556e-11,0.0570335,0.00136515,-0.0173581,-0.000404544,0.0003703,-6.41331e-05,0,0,-0.0157454,0.633988,-0.00586603,-0.0832597,0.0048555,-0.0114822,-0.00100276,0,0,-1.73472e-12,-0.00164942,0.0821695,0.00899947,0.00188185,0.00163474,-6.81283e-05,0,0,-0.00474139,-0.00560015,0.472695,-0.0161038,-0.0107429,0.0061671,-0.00252349,0,0,1.73472e-11,-0.0107219,0.00557538,0.0201143,0.0031253,0.00101874,-0.000114133,0,0,0.00317301,-0.0857597,-0.0157326,0.607097,0.018766,0.0561226,-0.000976495,0,0,6.93889e-12,-0.000631999,0.0398867,-0.0032301,-0.026019,-0.0240969,0.00094329,0,0,0.0867723,0.0473345,-0.106695,0.187921,0.358851,-0.035481,0.0236993,0,0,-6.93889e-12,0.0596369,0.00477107,-0.0476401,-0.0244009,-0.00622988,0.00184512,0,0,0.0393707,-0.116672,0.0617755,0.5636,-0.0355928,0.410496,-0.00571278,0,0,-2.1684e-13,-0.00201076,0.00190905,0.003392,0.00213922,0.00414178,0.00124291,0,0,-0.0300737,-0.00981365,-0.0249829,-0.0101991,0.0242857,-0.00585558,0.0665417,0,0,0,0,-1.20024e-12,0,0,1.20024e-12,0,0,0,0,0,0,0,0,0,0,0.905991,4.19754e-09,0,-1.20024e-12,1.20024e-12,0,1.20024e-12,-1.20024e-12,0,0,0,0,0,0,0,0,0,0,4.19724e-09,0.905991,
0,0.0028572,0.000204394,-0.00115484,0.000511282,0.000403433,-2.19279e-05,0,0,0.541325,-0.0158403,-0.00646891,0.00277575,0.00864087,0.00391275,-0.00306283,0,0,2.77556e-11,0.0569473,0.0013821,-0.0174482,-0.000408728,0.000365824,-6.40903e-05,0,0,-0.0157505,0.634011,-0.00588301,-0.0832726,0.00485796,-0.0114713,-0.00100339,0,0,0,-0.00163474,0.0821851,0.00901068,0.00188793,0.00163672,-6.78776e-05,0,0,-0.00509474,-0.00561656,0.472754,-0.0161113,-0.0107155,0.00617837,-0.00252598,0,0,3.1225e-11,-0.0108447,0.00558256,0.0201998,0.00313551,0.00101163,-0.000114149,0,0,0.0031865,-0.0857755,-0.0157393,0.607095,0.0187605,0.056118,-0.000975177,0,0,-3.46945e-12,-0.00068222,0.0399147,-0.0031602,-0.0260855,-0.0241235,0.000945904,0,0,0.0869636,0.0473579,-0.106421,0.187866,0.358918,-0.0354716,0.0236855,0,0,-4.85723e-11,0.0596001,0.00478344,-0.0476717,-0.0244483,-0.00606623,0.00184242,0,0,0.0393961,-0.116567,0.0618881,0.563558,-0.0355838,0.410519,-0.0057148,0,0,2.71051e-12,-0.00200737,0.00191197,0.00338605,0.00214144,0.00414085,0.00124487,0,0,-0.0300608,-0.00981961,-0.0250079,-0.0101863,0.0242722,-0.00585768,0.0665428,0,0,0,-1.20024e-12,1.20024e-12,0,0,0,-1.20024e-12,0,0,0,0,0,0,0,0,0,0.905991,4.09732e-09,0,0,0,0,0,0,0,0,0,0,0,0,0,0,0,0,4.09672e-09,0.905991,
-8.67362e-13,0.00286017,0.000257526,-0.00115959,0.000514269,0.000404165,-2.19905e-05,0,0,0.541426,-0.0158455,-0.00682439,0.00278898,0.00865976,0.0039152,-0.00306146,0,0,-2.77556e-11,0.0568608,0.00139904,-0.0175383,-0.00041289,0.000361336,-6.40668e-05,0,0,-0.0157556,0.634034,-0.00590003,-0.0832856,0.00486042,-0.0114604,-0.00100401,0,0,-1.38778e-11,-0.00161968,0.0822,0.00902249,0.00189433,0.00163869,-6.79421e-05,0,0,-0.00544834,-0.00563299,0.472813,-0.0161187,-0.010688,0.00618963,-0.00252847,0,0,-2.77556e-11,-0.0109679,0.00559001,0.0202851,0.00314558,0.00100451,-0.000114032,0,0,0.00320003,-0.0857913,-0.0157459,0.607094,0.0187551,0.0561134,-0.000973859,0,0,-1.73472e-11,-0.000729939,0.0399375,-0.00308518,-0.0261494,-0.02415,0.000945995,0,0,0.0871546,0.0473812,-0.106146,0.187811,0.358986,-0.0354622,0.0236716,0,0,6.93889e-12,0.0595626,0.00479685,-0.0477041,-0.0244961,-0.0059023,0.00184025,0,0,0.0394212,-0.116461,0.0620006,0.563517,-0.0355748,0.410542,-0.00571683,0,0,-3.46945e-12,-0.00200404,0.00191503,0.00337996,0.00214357,0.0041399,0.0012469,0,0,-0.0300478,-0.00982557,-0.0250329,-0.0101735,0.0242587,-0.00585977,0.066544,0,0,0,0,-2.40048e-12,0,2.40048e-12,-2.40048e-12,0,0,0,0,0,0,0,0,0,0,0.905991,4.10572e-09,0,0,0,1.20024e-12,-1.20024e-12,1.20024e-12,0,0,0,0,0,0,0,0,0,0,4.10602e-09,0.905991,
1.30104e-12,0.00286319,0.000311107,-0.00116398,0.000517643,0.000405277,-2.24339e-05,0,0,0.541525,-0.0158508,-0.00718011,0.00280226,0.0086786,0.00391761,-0.00306008,0,0,0,0.0567741,0.00141603,-0.0176284,-0.000417031,0.000356856,-6.40625e-05,0,0,-0.0157607,0.634057,-0.00591708,-0.0832986,0.00486287,-0.0114494,-0.00100463,0,0,1.73472e-12,-0.00160458,0.082215,0.00903456,0.00190105,0.00164097,-6.83237e-05,0,0,-0.00580217,-0.00564946,0.472871,-0.0161261,-0.0106605,0.00620089,-0.00253096,0,0,1.38778e-11,-0.0110911,0.00559732,0.0203703,0.0031555,0.000997235,-0.000113779,0,0,0.00321362,-0.0858073,-0.0157525,0.607093,0.0187496,0.0561088,-0.000972542,0,0,-1.38778e-11,-0.000777674,0.0399626,-0.00300755,-0.0262106,-0.0241739,0.000943547,0,0,0.0873452,0.0474044,-0.105871,0.187757,0.359054,-0.0354528,0.0236578,0,0,-3.46945e-11,0.0595249,0.00480968,-0.0477368,-0.0245444,-0.00573864,0.00183861,0,0,0.039446,-0.116356,0.062113,0.563475,-0.0355658,0.410565,-0.00571886,0,0,-1.84314e-12,-0.0020007,0.00191804,0.00337379,0.00214562,0.00413887,0.001249,0,0,-0.0300347,-0.00983152,-0.0250579,-0.0101606,0.0242452,-0.00586186,0.0665452,0,0,0,0,0,0,-1.20024e-12,0,-1.20024e-12,-5.76116e-11,0,0,0,0,0,0,0,0,0.905991,4.21525e-09,0,0,0,0,2.40048e-12,-2.40048e-12,1.20024e-12,0,0,0,0,0,0,0,0,0,4.21495e-09,0.905991,
-3.81262e-07,0.00286549,0.000365139,-0.00116914,0.000520642,0.000405626,-2.28778e-05,0,0,0.541624,-0.015856,-0.00753608,0.0028156,0.00869741,0.00391998,-0.00305869,0,0,-1.97065e-08,0.0566872,0.00143307,-0.0177186,-0.000421188,0.000352324,-6.40582e-05,0,0,-0.0157659,0.634081,-0.00593416,-0.0833116,0.00486532,-0.0114385,-0.00100524,0,0,-3.18261e-07,-0.00159006,0.0822303,0.00904595,0.00190746,0.0016426,-6.87066e-05,0,0,-0.00615625,-0.00566595,0.47293,-0.0161334,-0.010633,0.00621214,-0.00253345,0,0,1.3502e-07,-0.0112141,0.00560449,0.0204558,0.00316555,0.000990216,-0.000113525,0,0,0.00322725,-0.0858232,-0.0157591,0.607091,0.0187441,0.0561041,-0.000971226,0,0,-2.54017e-06,-0.000830507,0.0399901,-0.00293491,-0.0262743,-0.0242027,0.000941085,0,0,0.0875354,0.0474276,-0.105595,0.187702,0.359121,-0.0354434,0.0236439,0,0,5.41109e-07,0.059488,0.00482191,-0.0477682,-0.024592,-0.00557362,0.00183697,0,0,0.0394703,-0.116251,0.0622254,0.563434,-0.0355568,0.410588,-0.00572089,0,0,6.70472e-08,-0.00199722,0.00192098,0.00336772,0.00214773,0.00413796,0.00125109,0,0,-0.0300215,-0.00983746,-0.0250829,-0.0101478,0.0242318,-0.00586396,0.0665463,0,0,0,-2.40048e-12,0,-1.20024e-12,0,-1.20024e-12,1.20024e-12,0,0,0,0,0,0,0,0,0,0.905991,-4.43279e-09,0,-1.20024e-12,1.20024e-12,-1.20024e-12,1.20024e-12,0,1.20024e-12,0,0,0,0,0,0,0,0,0,-4.43279e-09,0.905991,
2.1684e-12,0.00286859,0.00041886,-0.00117317,0.000523648,0.000405972,-2.25589e-05,0,0,0.541723,-0.0158613,-0.0078923,0.00282898,0.00871618,0.00392232,-0.00305729,0,0,2.77556e-11,0.0566001,0.00145011,-0.0178087,-0.000425344,0.000347781,-6.40141e-05,0,0,-0.015771,0.634105,-0.00595128,-0.0833247,0.00486777,-0.0114276,-0.00100586,0,0,6.93889e-12,-0.00157485,0.0822451,0.00905826,0.00191386,0.00164422,-6.84527e-05,0,0,-0.00651057,-0.00568248,0.472988,-0.0161407,-0.0106054,0.00622338,-0.00253594,0,0,-3.46945e-12,-0.0113375,0.00561179,0.0205409,0.00317559,0.000983184,-0.000113541,0,0,0.00324093,-0.0858393,-0.0157656,0.60709,0.0187386,0.0560995,-0.000969911,0,0,-2.42861e-11,-0.000878286,0.0400148,-0.00285456,-0.0263377,-0.0242314,0.000943699,0,0,0.0877253,0.0474508,-0.105319,0.187647,0.359189,-0.0354339,0.0236301,0,0,1.38778e-11,0.0594498,0.00483464,-0.0478009,-0.0246395,-0.00540834,0.00183423,0,0,0.0394944,-0.116145,0.0623377,0.563392,-0.0355478,0.410611,-0.00572292,0,0,6.93889e-12,-0.00199387,0.00192399,0.00336144,0.00214983,0.00413703,0.00125304,0,0,-0.0300082,-0.00984339,-0.0251079,-0.010135,0.0242183,-0.00586606,0.0665475,0,0,0,1.20024e-12,2.40048e-12,-1.20024e-12,2.40048e-12,-1.20024e-12,1.20024e-12,5.88118e-11,0,0,0,0,0,0,0,0,0.905991,-4.51231e-09,0,0,0,0,0,0,0,0,0,0,0,0,0,0,0,0,-4.51231e-09,0.905991,
0,0.00287096,0.000471888,-0.00117797,0.000526277,0.000407461,-2.26211e-05,0,0,0.541821,-0.0158665,-0.00824878,0.00284241,0.00873491,0.00392463,-0.00305589,0,0,2.77556e-11,0.0565127,0.00146715,-0.0178989,-0.000429517,0.000343286,-6.39895e-05,0,0,-0.0157761,0.634129,-0.00596842,-0.0833379,0.00487021,-0.0114166,-0.00100648,0,0,-8.67362e-12,-0.00156023,0.0822591,0.00906988,0.00191995,0.00164678,-6.85167e-05,0,0,-0.00686513,-0.00569903,0.473046,-0.016148,-0.0105777,0.00623462,-0.00253843,0,0,2.08167e-11,-0.0114608,0.00561936,0.0206263,0.00318575,0.000975729,-0.000113421,0,0,0.00325466,-0.0858553,-0.015772,0.607088,0.0187331,0.0560948,-0.000968596,0,0,-3.46945e-11,-0.000931183,0.0400341,-0.00277921,-0.0264036,-0.0242524,0.00094377,0,0,0.0879148,0.047474,-0.105043,0.187592,0.359256,-0.0354245,0.0236162,0,0,-2.08167e-11,0.0594125,0.0048484,-0.0478324,-0.0246864,-0.00524441,0.00183204,0,0,0.039518,-0.116039,0.06245,0.56335,-0.0355388,0.410634,-0.00572495,0,0,-4.22839e-12,-0.00199038,0.00192715,0.00335528,0.00215198,0.00413589,0.00125506,0,0,-0.0299949,-0.00984932,-0.0251329,-0.0101222,0.0242048,-0.00586816,0.0665487,0,0,0,0,-1.20024e-12,-1.20024e-12,-2.40048e-12,0,1.20024e-12,0,0,0,0,0,0,0,0,0,0.905991,-4.45199e-09,0,0,0,1.20024e-12,1.20024e-12,0,-1.20024e-12,0,0,0,0,0,0,0,0,0,-4.45199e-09,0.905991,
0,0.00287338,0.000525748,-0.00118318,0.000530058,0.000407422,-2.26832e-05,0,0,0.541918,-0.0158718,-0.0086055,0.00285589,0.00875361,0.0039269,-0.00305448,0,0,0,0.0564251,0.00148426,-0.0179891,-0.000433628,0.000338699,-6.39646e-05,0,0,-0.0157813,0.634152,-0.0059856,-0.0833511,0.00487265,-0.0114057,-0.0010071,0,0,6.93889e-12,-0.00154556,0.0822737,0.00908114,0.001927,0.00164806,-6.85805e-05,0,0,-0.00721995,-0.00571562,0.473104,-0.0161551,-0.01055,0.00624585,-0.00254092,0,0,1.04083e-11,-0.0115841,0.00562666,0.0207119,0.0031955,0.000968802,-0.0001133,0,0,0.00326843,-0.0858715,-0.0157784,0.607087,0.0187277,0.0560902,-0.000967283,0,0,2.42861e-11,-0.000984116,0.0400584,-0.00270634,-0.0264617,-0.0242834,0.000943836,0,0,0.0881039,0.0474971,-0.104765,0.187538,0.359324,-0.035415,0.0236024,0,0,2.08167e-11,0.0593749,0.00486103,-0.0478631,-0.0247348,-0.00507803,0.00182983,0,0,0.0395414,-0.115934,0.0625622,0.563309,-0.0355298,0.410657,-0.00572699,0,0,-5.20417e-12,-0.00198688,0.00193018,0.00334917,0.00215392,0.004135,0.00125708,0,0,-0.0299815,-0.00985524,-0.0251579,-0.0101094,0.0241913,-0.00587026,0.0665498,0,0,0,1.20024e-12,0,0,0,0,0,0,0,0,0,0,0,0,0,0,0.905991,4.27706e-09,0,0,2.40048e-12,0,2.40048e-12,0,2.40048e-12,0,0,0,0,0,0,0,0,0,4.27676e-09,0.905991,
-2.60209e-12,0.00287697,0.000580443,-0.00118763,0.000533082,0.000408909,-2.31274e-05,0,0,0.542015,-0.015877,-0.00896247,0.00286942,0.00877226,0.00392913,-0.00305307,0,0,-2.77556e-11,0.0563374,0.00150144,-0.0180793,-0.000437777,0.00033418,-6.39593e-05,0,0,-0.0157864,0.634177,-0.0060028,-0.0833643,0.00487508,-0.0113947,-0.00100771,0,0,-5.20417e-12,-0.00152988,0.0822888,0.00909299,0.00193342,0.0016506,-6.89652e-05,0,0,-0.00757501,-0.00573223,0.473162,-0.0161623,-0.0105223,0.00625708,-0.00254341,0,0,-1.04083e-11,-0.011708,0.00563368,0.0207973,0.0032055,0.000961316,-0.000113043,0,0,0.00328226,-0.0858877,-0.0157848,0.607085,0.0187222,0.0560856,-0.000965971,0,0,3.1225e-11,-0.0010294,0.0400876,-0.00262827,-0.0265248,-0.0243041,0.000941338,0,0,0.0882926,0.0475202,-0.104488,0.187483,0.359392,-0.0354056,0.0235885,0,0,6.93889e-12,0.0593355,0.00487253,-0.0478946,-0.024782,-0.00491356,0.00182816,0,0,0.0395643,-0.115828,0.0626743,0.563267,-0.0355207,0.41068,-0.00572903,0,0,-2.05998e-12,-0.00198357,0.00193308,0.0033429,0.00215598,0.00413383,0.00125916,0,0,-0.0299681,-0.00986115,-0.0251829,-0.0100966,0.0241778,-0.00587236,0.066551,0,0,0,0,0,0,2.40048e-12,-2.40048e-12,0,0,0,0,0,0,0,0,0,0,0.905991,4.23625e-09,0,0,0,0,-3.60072e-12,3.60072e-12,0,0,0,0,0,0,0,0,0,0,4.23565e-09,0.905991,
3.8249e-07,0.00287985,0.000634444,-0.00119247,0.000535729,0.000409249,-2.24244e-05,0,0,0.542111,-0.0158823,-0.0093197,0.002883,0.00879088,0.00393133,-0.00305164,0,0,1.99285e-08,0.0562494,0.00151861,-0.0181695,-0.000441943,0.000329589,-6.3894e-05,0,0,-0.0157915,0.634201,-0.00602004,-0.0833776,0.00487751,-0.0113837,-0.00100833,0,0,3.21909e-07,-0.00151478,0.0823031,0.00910448,0.00193951,0.00165217,-6.83853e-05,0,0,-0.00793032,-0.00574888,0.47322,-0.0161694,-0.0104945,0.0062683,-0.0025459,0,0,-1.36609e-07,-0.0118317,0.00564097,0.0208828,0.00321563,0.000954224,-0.000113195,0,0,0.00329614,-0.0859039,-0.0157911,0.607084,0.0187167,0.0560809,-0.000964659,0,0,2.56537e-06,-0.00107983,0.0401114,-0.00255269,-0.0265902,-0.0243324,0.000946523,0,0,0.0884809,0.0475432,-0.10421,0.187428,0.359459,-0.0353961,0.0235747,0,0,-5.44932e-07,0.0592969,0.00488506,-0.0479253,-0.0248285,-0.00474718,0.00182485,0,0,0.0395869,-0.115722,0.0627864,0.563225,-0.0355117,0.410703,-0.00573106,0,0,-6.76876e-08,-0.00198012,0.00193612,0.00333668,0.00215809,0.00413285,0.00126104,0,0,-0.0299546,-0.00986705,-0.0252079,-0.0100838,0.0241643,-0.00587447,0.0665522,0,0,-1.20024e-12,0,0,0,-1.20024e-12,0,-1.20024e-12,0,0,0,0,0,0,0,0,0,0.905991,-4.30917e-09,1.20024e-12,0,0,0,1.20024e-12,0,0,0,0,0,0,0,0,0,0,0,-4.30797e-09,0.905991,
-8.67362e-13,0.002882,0.000688515,-0.00119772,0.000538381,0.000410351,-2.28684e-05,0,0,0.542206,-0.0158876,-0.00967719,0.00289662,0.00880945,0.00393349,-0.00305021,0,0,0,0.0561612,0.00153581,-0.0182598,-0.000446106,0.000325026,-6.38881e-05,0,0,-0.0157967,0.634225,-0.00603731,-0.083391,0.00487994,-0.0113727,-0.00100894,0,0,5.20417e-12,-0.00150028,0.0823173,0.0091156,0.00194561,0.00165438,-6.87702e-05,0,0,-0.00828589,-0.00576556,0.473278,-0.0161764,-0.0104666,0.00627951,-0.00254838,0,0,4.16334e-11,-0.0119552,0.00564826,0.0209685,0.00322575,0.000946842,-0.000112937,0,0,0.00331006,-0.0859203,-0.0157974,0.607082,0.0187112,0.0560762,-0.000963349,0,0,3.46945e-11,-0.00113542,0.040135,-0.00247959,-0.0266556,-0.0243554,0.000944012,0,0,0.0886689,0.0475662,-0.103932,0.187373,0.359527,-0.0353867,0.0235608,0,0,-6.245e-11,0.0592592,0.00489754,-0.0479552,-0.0248749,-0.00458162,0.00182317,0,0,0.0396092,-0.115616,0.0628984,0.563184,-0.0355027,0.410726,-0.0057331,0,0,1.51788e-12,-0.00197653,0.00193916,0.00333051,0.0021602,0.00413171,0.00126312,0,0,-0.029941,-0.00987295,-0.0252329,-0.010071,0.0241509,-0.00587657,0.0665533,0,0,0,0,0,-1.20024e-12,0,0,0,0,0,0,0,0,0,0,0,0,0.905991,4.25846e-09,0,0,0,1.20024e-12,0,0,0,0,0,0,0,0,0,0,0,0,4.25876e-09,0.905991,
-3.82967e-07,0.00288534,0.000741889,-0.00120259,0.000541804,0.000410303,-2.33128e-05,0,0,0.542301,-0.0158928,-0.0100349,0.0029103,0.00882799,0.00393561,-0.00304877,0,0,-2.00395e-08,0.0560728,0.001553,-0.0183501,-0.000450228,0.000320392,-6.38821e-05,0,0,-0.0158018,0.63425,-0.00605462,-0.0834044,0.00488237,-0.0113617,-0.00100956,0,0,-3.23363e-07,-0.00148475,0.0823308,0.00912699,0.00195235,0.0016556,-6.91562e-05,0,0,-0.00864171,-0.00578226,0.473335,-0.0161834,-0.0104387,0.00629072,-0.00255087,0,0,1.3721e-07,-0.0120792,0.00565582,0.0210541,0.00323558,0.000939857,-0.000112677,0,0,0.00332403,-0.0859366,-0.0158036,0.607081,0.0187057,0.0560716,-0.00096204,0,0,-2.57541e-06,-0.00118334,0.0401532,-0.00240386,-0.0267156,-0.024386,0.000941488,0,0,0.0888565,0.0475892,-0.103653,0.187318,0.359594,-0.0353772,0.023547,0,0,5.46507e-07,0.0592196,0.00491107,-0.0479854,-0.0249224,-0.00441415,0.00182149,0,0,0.0396311,-0.11551,0.0630103,0.563142,-0.0354936,0.410749,-0.00573514,0,0,6.79441e-08,-0.00197314,0.00194235,0.00332426,0.00216215,0.00413077,0.00126519,0,0,-0.0299273,-0.00987883,-0.0252579,-0.0100583,0.0241374,-0.00587868,0.0665545,0,0,0,0,0,0,0,0,-1.20024e-12,0,0,0,0,0,0,0,0,0,0.905991,-4.32507e-09,0,0,0,0,0,0,1.20024e-12,0,0,0,0,0,0,0,0,0,-4.32507e-09,0.905991,
0,0.00288833,0.000796483,-0.00120748,0.000545233,0.00041102,-2.29911e-05,0,0,0.542395,-0.0158981,-0.0103929,0.00292403,0.00884649,0.0039377,-0.00304733,0,0,2.77556e-11,0.0559841,0.00157028,-0.0184404,-0.000454347,0.000315785,-6.38357e-05,0,0,-0.015807,0.634275,-0.00607195,-0.0834179,0.00488479,-0.0113507,-0.00101017,0,0,3.46945e-12,-0.0014695,0.0823451,0.00913834,0.0019591,0.00165746,-6.88952e-05,0,0,-0.00899778,-0.005799,0.473393,-0.0161904,-0.0104108,0.00630192,-0.00255336,0,0,-2.08167e-11,-0.0122032,0.00566297,0.0211398,0.0032454,0.000932582,-0.000112692,0,0,0.00333805,-0.0859531,-0.0158097,0.607079,0.0187002,0.0560669,-0.000960731,0,0,-6.93889e-12,-0.00123384,0.040179,-0.00232804,-0.0267755,-0.0244113,0.000944111,0,0,0.0890437,0.0476121,-0.103373,0.187263,0.359662,-0.0353677,0.0235331,0,0,9.02056e-11,0.0591803,0.00492291,-0.0480153,-0.0249697,-0.00424749,0.0018187,0,0,0.0396526,-0.115404,0.0631222,0.5631,-0.0354846,0.410772,-0.00573719,0,0,-8.89046e-12,-0.00196967,0.00194535,0.00331799,0.00216409,0.00412967,0.00126713,0,0,-0.0299136,-0.00988471,-0.0252829,-0.0100455,0.0241239,-0.00588079,0.0665557,0,0,0,-1.20024e-12,-1.20024e-12,0,0,2.40048e-12,-1.20024e-12,5.64113e-11,0,0,0,0,0,0,0,0,0.905991,4.26806e-09,0,-2.40048e-12,-2.40048e-12,0,0,2.40048e-12,-2.40048e-12,-1.20024e-12,0,0,0,0,0,0,0,0,4.26806e-09,0.905991,
-3.83434e-07,0.00289137,0.000851148,-0.00121238,0.000548285,0.000412501,-2.30522e-05,0,0,0.542489,-0.0159034,-0.0107512,0.00293781,0.00886496,0.00393975,-0.00304588,0,0,-2.01228e-08,0.0558952,0.00158759,-0.0185307,-0.000458483,0.000311207,-6.38091e-05,0,0,-0.0158121,0.6343,-0.00608932,-0.0834315,0.00488721,-0.0113397,-0.00101078,0,0,-3.24832e-07,-0.0014542,0.0823593,0.00914963,0.00196552,0.00165996,-6.89573e-05,0,0,-0.0093541,-0.00581577,0.47345,-0.0161973,-0.0103828,0.00631311,-0.00255585,0,0,1.37827e-07,-0.0123273,0.00567011,0.0212254,0.00325535,0.000925017,-0.000112569,0,0,0.00335212,-0.0859696,-0.0158158,0.607077,0.0186947,0.0560622,-0.000959424,0,0,-2.58545e-06,-0.00128438,0.0402045,-0.00225214,-0.0268378,-0.0244313,0.000944154,0,0,0.0892305,0.047635,-0.103094,0.187208,0.35973,-0.0353582,0.0235193,0,0,5.48138e-07,0.0591408,0.0049347,-0.0480451,-0.0250163,-0.00408166,0.00181645,0,0,0.0396738,-0.115298,0.063234,0.563058,-0.0354756,0.410795,-0.00573923,0,0,6.82012e-08,-0.00196619,0.00194834,0.0033117,0.00216609,0.00412842,0.00126913,0,0,-0.0298998,-0.00989059,-0.0253079,-0.0100328,0.0241104,-0.0058829,0.0665568,0,0,0,-2.40048e-12,0,0,2.40048e-12,-2.40048e-12,0,1.14023e-10,0,0,0,0,0,0,0,0,0.905991,-4.32807e-09,0,0,2.40048e-12,0,-1.20024e-12,2.40048e-12,-2.40048e-12,0,0,0,0,0,0,0,0,0,-4.32717e-09,0.905991,
8.67362e-13,0.00289445,0.000905115,-0.00121729,0.000550959,0.000412831,-2.27295e-05,0,0,0.542582,-0.0159087,-0.0111097,0.00295164,0.00888338,0.00394177,-0.00304442,0,0,2.77556e-11,0.0558062,0.00160489,-0.0186211,-0.000462637,0.000306557,-6.37619e-05,0,0,-0.0158173,0.634325,-0.00610671,-0.083445,0.00488962,-0.0113286,-0.00101139,0,0,-1.21431e-11,-0.00143884,0.0823727,0.00916088,0.00197162,0.00166147,-6.86935e-05,0,0,-0.00971069,-0.00583256,0.473507,-0.0162041,-0.0103548,0.00632429,-0.00255834,0,0,3.46945e-12,-0.0124515,0.00567753,0.0213111,0.00326542,0.000917849,-0.000112584,0,0,0.00336624,-0.0859861,-0.0158219,0.607076,0.0186892,0.0560576,-0.000958117,0,0,-2.08167e-11,-0.00133494,0.0402246,-0.00217617,-0.0269026,-0.024459,0.000946783,0,0,0.089417,0.0476579,-0.102813,0.187153,0.359797,-0.0353488,0.0235055,0,0,3.46945e-11,0.059101,0.00494754,-0.0480745,-0.0250623,-0.00391391,0.00181365,0,0,0.0396946,-0.115191,0.0633457,0.563016,-0.0354665,0.410818,-0.00574128,0,0,6.17995e-12,-0.00196271,0.00195148,0.00330539,0.00216814,0.00412737,0.00127106,0,0,-0.0298859,-0.00989645,-0.0253329,-0.0100201,0.0240969,-0.00588501,0.066558,0,0,0,0,0,-2.40048e-12,-3.60072e-12,0,-2.40048e-12,0,0,0,0,0,0,0,0,0,0.905991,4.26476e-09,0,0,0,1.20024e-12,2.40048e-12,0,2.40048e-12,0,0,0,0,0,0,0,0,0,4.26506e-09,0.905991,
-8.67362e-13,0.00289756,0.000959537,-0.00122222,0.000554022,0.000413926,-2.279e-05,0,0,0.542674,-0.015914,-0.0114685,0.00296551,0.00890176,0.00394375,-0.00304295,0,0,0,0.0557168,0.00162223,-0.0187114,-0.000466768,0.000301935,-6.37346e-05,0,0,-0.0158224,0.63435,-0.00612414,-0.0834587,0.00489203,-0.0113176,-0.001012,0,0,0,-0.00142343,0.0823863,0.00917209,0.00197804,0.00166362,-6.87543e-05,0,0,-0.0100675,-0.00584939,0.473564,-0.0162109,-0.0103267,0.00633547,-0.00256082,0,0,1.73472e-11,-0.0125757,0.0056848,0.0213969,0.00327535,0.00091039,-0.00011246,0,0,0.00338041,-0.0860028,-0.0158279,0.607074,0.0186837,0.0560529,-0.000956812,0,0,3.46945e-11,-0.00138552,0.0402471,-0.00210012,-0.0269646,-0.0244814,0.000946824,0,0,0.089603,0.0476807,-0.102533,0.187098,0.359865,-0.0353393,0.0234916,0,0,2.08167e-11,0.059061,0.00495978,-0.0481037,-0.0251088,-0.00374699,0.00181139,0,0,0.039715,-0.115085,0.0634573,0.562974,-0.0354575,0.410841,-0.00574332,0,0,-1.08962e-11,-0.00195922,0.00195456,0.00329907,0.00217011,0.00412616,0.00127306,0,0,-0.0298719,-0.00990231,-0.0253579,-0.0100073,0.0240834,-0.00588713,0.0665592,0,0,0,0,0,0,0,0,0,0,0,0,0,0,0,0,0,0,0.905991,-4.31967e-09,0,0,0,0,0,0,-1.20024e-12,0,0,0,0,0,0,0,0,0,-4.31907e-09,0.905991,
-1.73472e-12,0.00290111,0.00101364,-0.00122754,0.00055709,0.000414252,-2.28504e-05,0,0,0.542766,-0.0159193,-0.0118275,0.00297944,0.00892011,0.00394569,-0.00304147,0,0,-2.77556e-11,0.0556273,0.00163959,-0.0188018,-0.000470897,0.00029726,-6.3707e-05,0,0,-0.0158276,0.634375,-0.0061416,-0.0834724,0.00489444,-0.0113065,-0.00101261,0,0,-5.20417e-12,-0.00140764,0.0823995,0.00918291,0.00198447,0.00166511,-6.88148e-05,0,0,-0.0104246,-0.00586625,0.473621,-0.0162177,-0.0102986,0.00634664,-0.00256331,0,0,-1.04083e-11,-0.0127002,0.00569222,0.0214828,0.00328526,0.000903192,-0.000112336,0,0,0.00339463,-0.0860194,-0.0158339,0.607072,0.0186781,0.0560482,-0.000955508,0,0,3.46945e-12,-0.00143353,0.0402668,-0.00202659,-0.0270265,-0.0245088,0.00094686,0,0,0.0897887,0.0477035,-0.102252,0.187043,0.359933,-0.0353298,0.0234778,0,0,6.245e-11,0.0590203,0.00497252,-0.0481321,-0.0251551,-0.00357869,0.00180912,0,0,0.0397351,-0.114979,0.0635689,0.562932,-0.0354484,0.410864,-0.00574537,0,0,-2.6563e-12,-0.00195579,0.00195771,0.0032928,0.00217206,0.00412507,0.00127505,0,0,-0.0298579,-0.00990815,-0.0253828,-0.00999462,0.02407,-0.00588924,0.0665604,0,0,0,0,0,0,-1.20024e-12,1.20024e-12,-1.20024e-12,0,0,0,0,0,0,0,0,0,0.905991,4.25245e-09,0,0,0,0,-1.20024e-12,1.20024e-12,0,0,0,0,0,0,0,0,0,0,4.25305e-09,0.905991,
-2.1684e-12,0.0029043,0.00106859,-0.00123211,0.000560163,0.000415344,-2.36792e-05,0,0,0.542857,-0.0159246,-0.0121869,0.00299342,0.00893841,0.00394759,-0.00303999,0,0,-2.77556e-11,0.0555376,0.00165702,-0.0188921,-0.000475023,0.000292615,-6.37198e-05,0,0,-0.0158327,0.634401,-0.0061591,-0.0834861,0.00489684,-0.0112955,-0.00101322,0,0,-8.67362e-12,-0.00139212,0.0824131,0.00919435,0.0019909,0.00166724,-6.95304e-05,0,0,-0.010782,-0.00588314,0.473677,-0.0162244,-0.0102704,0.0063578,-0.0025658,0,0,1.38778e-11,-0.0128247,0.00569934,0.0215684,0.00329516,0.000895702,-0.000111933,0,0,0.00340889,-0.0860362,-0.0158398,0.60707,0.0186726,0.0560435,-0.000954204,0,0,3.46945e-12,-0.00148416,0.0402915,-0.00194779,-0.0270882,-0.0245309,0.000941682,0,0,0.089974,0.0477262,-0.10197,0.186987,0.36,-0.0353203,0.0234639,0,0,-7.63278e-11,0.0589798,0.00498411,-0.0481614,-0.0252013,-0.00341122,0.00180794,0,0,0.0397548,-0.114872,0.0636804,0.562891,-0.0354393,0.410887,-0.00574742,0,0,-7.10152e-12,-0.00195229,0.00196074,0.00328637,0.00217401,0.00412383,0.00127718,0,0,-0.0298438,-0.00991399,-0.0254078,-0.00998192,0.0240565,-0.00589136,0.0665615,0,0,0,0,0,0,-1.20024e-12,1.20024e-12,1.20024e-12,0,0,0,0,0,0,0,0,0,0.905991,-4.30166e-09,0,0,0,0,0,0,-1.20024e-12,0,0,0,0,0,0,0,0,0,-4.30286e-09,0.905991,
-4.33681e-13,0.00290716,0.00112284,-0.00123708,0.000563242,0.000415666,-2.33551e-05,0,0,0.542947,-0.0159298,-0.0125464,0.00300745,0.00895668,0.00394946,-0.00303851,0,0,2.77556e-11,0.0554476,0.00167444,-0.0189825,-0.000479147,0.000287916,-6.36713e-05,0,0,-0.0158379,0.634427,-0.00617662,-0.0834999,0.00489924,-0.0112844,-0.00101383,0,0,-8.67362e-12,-0.00137688,0.0824261,0.0092054,0.00199733,0.0016687,-6.92633e-05,0,0,-0.0111396,-0.00590006,0.473734,-0.0162311,-0.0102422,0.00636896,-0.00256828,0,0,3.46945e-12,-0.0129491,0.00570675,0.0216542,0.00330505,0.000888474,-0.000111947,0,0,0.00342321,-0.086053,-0.0158456,0.607069,0.0186671,0.0560388,-0.000952902,0,0,-1.04083e-11,-0.00153743,0.0403107,-0.00187151,-0.0271498,-0.0245581,0.00094431,0,0,0.0901589,0.0477489,-0.101688,0.186932,0.360068,-0.0353108,0.0234501,0,0,4.16334e-11,0.0589397,0.00499675,-0.0481898,-0.0252474,-0.00324238,0.00180511,0,0,0.0397742,-0.114765,0.0637918,0.562849,-0.0354303,0.41091,-0.00574947,0,0,6.50521e-13,-0.00194871,0.0019639,0.00327999,0.00217594,0.00412271,0.0012791,0,0,-0.0298296,-0.00991983,-0.0254328,-0.00996923,0.024043,-0.00589348,0.0665627,0,0,0,0,0,-1.20024e-12,1.20024e-12,-1.20024e-12,1.20024e-12,0,0,0,0,0,0,0,0,0,0.905991,4.23235e-09,0,0,0,1.20024e-12,0,0,1.20024e-12,0,0,0,0,0,0,0,0,0,4.23295e-09,0.905991,
3.84773e-07,0.00291005,0.00117793,-0.00124245,0.000566326,0.000416371,-2.34152e-05,0,0,0.543037,-0.0159351,-0.0129063,0.00302152,0.00897491,0.0039513,-0.00303701,0,0,2.04559e-08,0.0553574,0.00169193,-0.019073,-0.000483268,0.000283226,-6.36429e-05,0,0,-0.0158431,0.634452,-0.00619418,-0.0835138,0.00490164,-0.0112733,-0.00101444,0,0,3.29207e-07,-0.00136158,0.0824395,0.00921608,0.00200376,0.00167048,-6.93236e-05,0,0,-0.0114975,-0.00591701,0.47379,-0.0162377,-0.010214,0.00638011,-0.00257077,0,0,-1.39735e-07,-0.0130737,0.00571387,0.0217402,0.00331492,0.000881092,-0.000111821,0,0,0.00343757,-0.0860698,-0.0158514,0.607067,0.0186616,0.0560341,-0.000951601,0,0,2.61547e-06,-0.00159073,0.0403349,-0.00179776,-0.0272112,-0.0245826,0.00094433,0,0,0.0903434,0.0477716,-0.101405,0.186877,0.360136,-0.0353012,0.0234362,0,0,-5.52586e-07,0.0588993,0.00500824,-0.0482174,-0.0252934,-0.00307381,0.00180282,0,0,0.0397932,-0.114659,0.0639031,0.562807,-0.0354212,0.410933,-0.00575152,0,0,-6.89515e-08,-0.00194512,0.00196694,0.00327366,0.00217786,0.00412151,0.00128109,0,0,-0.0298154,-0.00992565,-0.0254577,-0.00995655,0.0240295,-0.0058956,0.0665639,0,0,0,-1.20024e-12,1.20024e-12,-2.40048e-12,-1.20024e-12,0,1.20024e-12,0,0,0,0,0,0,0,0,0,0.905991,4.27796e-09,0,0,0,0,2.40048e-12,0,0,0,0,0,0,0,0,0,0,0,4.27826e-09,0.905991,
-3.84985e-07,0.00291376,0.0012327,-0.00124744,0.000569416,0.000417074,-2.34751e-05,0,0,0.543126,-0.0159404,-0.0132664,0.00303565,0.0089931,0.00395309,-0.00303551,0,0,-2.04559e-08,0.055267,0.00170943,-0.0191634,-0.000487386,0.000278525,-6.36142e-05,0,0,-0.0158482,0.634478,-0.00621177,-0.0835277,0.00490403,-0.0112622,-0.00101504,0,0,-3.29946e-07,-0.00134558,0.0824525,0.00922704,0.0020102,0.00167224,-6.93836e-05,0,0,-0.0118557,-0.00593399,0.473847,-0.0162442,-0.0101857,0.00639125,-0.00257326,0,0,1.40027e-07,-0.0131986,0.00572113,0.0218261,0.00332479,0.000873694,-0.000111695,0,0,0.00345198,-0.0860868,-0.0158572,0.607065,0.0186561,0.0560295,-0.000950301,0,0,-2.62048e-06,-0.00163882,0.0403563,-0.00172133,-0.0272725,-0.0246069,0.000944345,0,0,0.0905276,0.0477942,-0.101122,0.186822,0.360203,-0.0352917,0.0234224,0,0,5.53349e-07,0.0588576,0.00502023,-0.0482453,-0.0253393,-0.00290496,0.00180052,0,0,0.0398118,-0.114552,0.0640143,0.562764,-0.0354121,0.410956,-0.00575358,0,0,6.90781e-08,-0.00194166,0.00197004,0.00326725,0.00217976,0.00412029,0.00128307,0,0,-0.0298011,-0.00993146,-0.0254827,-0.00994388,0.0240161,-0.00589772,0.066565,0,0,2.40048e-12,0,1.20024e-12,-2.40048e-12,-2.40048e-12,0,-2.40048e-12,0,0,0,0,0,0,0,0,0,0.905991,-4.43699e-09,-1.20024e-12,0,0,1.20024e-12,1.20024e-12,0,1.20024e-12,0,0,0,0,0,0,0,0,0,-4.43669e-09,0.905991,
1.73472e-12,0.00291751,0.00128716,-0.00125206,0.00057251,0.00041739,-2.31497e-05,0,0,0.543214,-0.0159458,-0.0136268,0.00304983,0.00901124,0.00395485,-0.003034,0,0,0,0.0551764,0.00172693,-0.0192538,-0.000491502,0.00027379,-6.35646e-05,0,0,-0.0158534,0.634505,-0.00622939,-0.0835417,0.00490642,-0.0112511,-0.00101565,0,0,1.73472e-12,-0.00132951,0.0824651,0.00923828,0.00201663,0.00167367,-6.91127e-05,0,0,-0.0122141,-0.005951,0.473903,-0.0162507,-0.0101573,0.00640238,-0.00257574,0,0,-1.04083e-11,-0.0133236,0.00572852,0.0219119,0.00333464,0.000866421,-0.000111709,0,0,0.00346645,-0.0861038,-0.0158629,0.607063,0.0186505,0.0560248,-0.000949002,0,0,-3.46945e-12,-0.00168693,0.0403748,-0.0016422,-0.0273336,-0.0246337,0.000946982,0,0,0.0907113,0.0478167,-0.100839,0.186767,0.360271,-0.0352822,0.0234085,0,0,-5.55112e-11,0.0588156,0.00503272,-0.0482736,-0.0253851,-0.00273529,0.00179766,0,0,0.0398301,-0.114445,0.0641255,0.562722,-0.0354031,0.410979,-0.00575563,0,0,-3.46945e-12,-0.0019382,0.00197323,0.00326074,0.00218165,0.00411912,0.00128498,0,0,-0.0297867,-0.00993727,-0.0255077,-0.00993122,0.0240026,-0.00589985,0.0665662,0,0,0,0,0,0,-2.40048e-12,2.40048e-12,-1.20024e-12,0,0,0,0,0,0,0,0,0,0.905991,-4.4568e-09,0,1.20024e-12,0,0,0,0,-1.20024e-12,0,0,0,0,0,0,0,0,0,-4.4562e-09,0.905991,
-2.1684e-12,0.00292014,0.00134207,-0.00125747,0.000575609,0.000418475,-2.3209e-05,0,0,0.543302,-0.0159511,-0.0139875,0.00306406,0.00902935,0.00395657,-0.00303248,0,0,-2.77556e-11,0.0550856,0.00174449,-0.0193443,-0.000495615,0.000269085,-6.35353e-05,0,0,-0.0158586,0.634531,-0.00624705,-0.0835558,0.0049088,-0.01124,-0.00101625,0,0,-1.73472e-12,-0.00131439,0.0824778,0.0092488,0.00202306,0.00167574,-6.91713e-05,0,0,-0.0125728,-0.00596804,0.473959,-0.0162572,-0.0101289,0.0064135,-0.00257823,0,0,-6.93889e-12,-0.0134482,0.00573577,0.021998,0.00334448,0.000858852,-0.000111582,0,0,0.00348096,-0.0861208,-0.0158685,0.607061,0.018645,0.0560201,-0.000947704,0,0,4.16334e-11,-0.00174294,0.0403957,-0.00156825,-0.0273946,-0.0246552,0.000946994,0,0,0.0908947,0.0478393,-0.100555,0.186712,0.360339,-0.0352727,0.0233947,0,0,6.93889e-12,0.0587751,0.00504461,-0.0483004,-0.0254307,-0.00256646,0.00179534,0,0,0.0398479,-0.114338,0.0642366,0.56268,-0.035394,0.411003,-0.00575769,0,0,3.03577e-12,-0.00193452,0.00197635,0.00325436,0.00218353,0.00411781,0.00128696,0,0,-0.0297722,-0.00994307,-0.0255326,-0.00991857,0.0239891,-0.00590197,0.0665674,0,0,0,0,0,0,0,0,0,0,0,0,0,0,0,0,0,0,0.905991,-4.34817e-09,0,0,0,0,0,0,0,0,0,0,0,0,0,0,0,0,-4.34787e-09,0.905991,
8.67362e-13,0.00292397,0.00139783,-0.00126173,0.000578714,0.000418787,-2.32682e-05,0,0,0.543389,-0.0159564,-0.0143484,0.00307834,0.00904742,0.00395826,-0.00303095,0,0,2.77556e-11,0.0549945,0.00176212,-0.0194347,-0.000499725,0.000264327,-6.35056e-05,0,0,-0.0158638,0.634557,-0.00626473,-0.0835699,0.00491118,-0.0112289,-0.00101686,0,0,-6.93889e-12,-0.00129822,0.0824911,0.00926027,0.0020295,0.00167714,-6.92297e-05,0,0,-0.0129318,-0.00598511,0.474015,-0.0162636,-0.0101005,0.00642462,-0.00258071,0,0,6.93889e-12,-0.0135734,0.00574274,0.0220837,0.0033543,0.000851549,-0.000111454,0,0,0.00349552,-0.0861379,-0.0158741,0.607059,0.0186395,0.0560153,-0.000946407,0,0,-2.08167e-11,-0.0017911,0.0404216,-0.00148632,-0.0274554,-0.0246818,0.000947003,0,0,0.0910777,0.0478618,-0.10027,0.186656,0.360407,-0.0352632,0.0233809,0,0,-6.93889e-12,0.0587326,0.00505534,-0.0483286,-0.0254762,-0.00239623,0.00179302,0,0,0.0398655,-0.114231,0.0643475,0.562638,-0.0353849,0.411026,-0.00575974,0,0,6.01732e-12,-0.00193104,0.00197934,0.00324776,0.0021854,0.00411661,0.00128894,0,0,-0.0297577,-0.00994886,-0.0255576,-0.00990594,0.0239756,-0.0059041,0.0665685,0,0,0,0,0,0,0,0,0,0,0,0,0,0,0,0,0,0,0.905991,4.14203e-09,0,0,2.40048e-12,0,1.20024e-12,-2.40048e-12,1.20024e-12,0,0,0,0,0,0,0,0,0,4.14263e-09,0.905991,
-3.85819e-07,0.00292746,0.0014525,-0.00126717,0.000581823,0.000420255,-2.37131e-05,0,0,0.543475,-0.0159617,-0.0147097,0.00309267,0.00906545,0.0039599,-0.00302942,0,0,-2.06501e-08,0.0549032,0.00177972,-0.0195252,-0.000503832,0.000259618,-6.34962e-05,0,0,-0.015869,0.634584,-0.00628245,-0.083584,0.00491356,-0.0112178,-0.00101746,0,0,-3.32867e-07,-0.00128233,0.0825033,0.0092707,0.00203594,0.00167952,-6.96207e-05,0,0,-0.013291,-0.00600221,0.474071,-0.01627,-0.010072,0.00643572,-0.00258319,0,0,1.4129e-07,-0.0136985,0.00575012,0.0221698,0.00336412,0.000843807,-0.000111185,0,0,0.00351013,-0.0861551,-0.0158797,0.607057,0.018634,0.0560106,-0.000945112,0,0,-2.64043e-06,-0.0018419,0.0404395,-0.00141222,-0.027516,-0.0247003,0.000944366,0,0,0.0912603,0.0478842,-0.0999856,0.186601,0.360474,-0.0352536,0.023367,0,0,5.5627e-07,0.0586905,0.00506768,-0.048355,-0.0255216,-0.0022274,0.00179125,0,0,0.0398826,-0.114123,0.0644585,0.562596,-0.0353758,0.411049,-0.0057618,0,0,6.95765e-08,-0.00192749,0.00198254,0.00324134,0.00218725,0.00411519,0.00129098,0,0,-0.0297431,-0.00995464,-0.0255825,-0.00989331,0.0239622,-0.00590623,0.0665697,0,0,0,1.20024e-12,1.20024e-12,1.20024e-12,-1.20024e-12,-1.20024e-12,1.20024e-12,0,0,0,0,0,0,0,0,0,0.905991,4.06882e-09,0,1.20024e-12,0,0,-1.20024e-12,0,0,0,0,0,0,0,0,0,0,0,4.06852e-09,0.905991,
-8.67362e-13,0.00293099,0.00150763,-0.00127223,0.000584551,0.000420563,-2.33861e-05,0,0,0.543561,-0.015967,-0.0150712,0.00310705,0.00908344,0.00396151,-0.00302788,0,0,0,0.0548117,0.00179736,-0.0196156,-0.000507957,0.000254836,-6.34453e-05,0,0,-0.0158741,0.634611,-0.0063002,-0.0835982,0.00491593,-0.0112066,-0.00101806,0,0,8.67362e-12,-0.00126638,0.0825157,0.0092814,0.00204204,0.0016809,-6.93455e-05,0,0,-0.0136505,-0.00601935,0.474126,-0.0162763,-0.0100434,0.00644682,-0.00258568,0,0,1.73472e-11,-0.0138238,0.00575736,0.0222558,0.00337406,0.000836474,-0.000111198,0,0,0.00352479,-0.0861723,-0.0158852,0.607055,0.0186284,0.0560059,-0.000943817,0,0,-1.04083e-11,-0.00189273,0.0404597,-0.0013354,-0.0275792,-0.0247267,0.000947007,0,0,0.0914425,0.0479066,-0.0997003,0.186546,0.360542,-0.0352441,0.0233532,0,0,-6.245e-11,0.0586481,0.00507941,-0.0483816,-0.0255664,-0.00205663,0.00178836,0,0,0.0398994,-0.114016,0.0645693,0.562554,-0.0353668,0.411072,-0.00576386,0,0,-2.43945e-12,-0.00192393,0.00198568,0.00323484,0.00218916,0.00411397,0.00129288,0,0,-0.0297284,-0.00996041,-0.0256075,-0.00988069,0.0239487,-0.00590835,0.0665709,0,0,0,0,0,0,0,0,0,0,0,0,0,0,0,0,0,0,0.905991,4.09822e-09,0,1.20024e-12,-1.20024e-12,-1.20024e-12,0,1.20024e-12,0,0,0,0,0,0,0,0,0,0,4.09792e-09,0.905991,
-3.8622e-07,0.00293456,0.00156321,-0.00127692,0.00058767,0.000421256,-2.3831e-05,0,0,0.543646,-0.0159723,-0.0154329,0.00312148,0.00910139,0.00396308,-0.00302634,0,0,-2.07612e-08,0.05472,0.00181506,-0.0197061,-0.000512059,0.000250062,-6.34354e-05,0,0,-0.0158793,0.634638,-0.00631798,-0.0836125,0.0049183,-0.0111955,-0.00101867,0,0,-3.34335e-07,-0.00125038,0.0825283,0.00929239,0.00204848,0.00168259,-6.97373e-05,0,0,-0.0140103,-0.00603651,0.474182,-0.0162825,-0.0100148,0.00645791,-0.00258816,0,0,1.41876e-07,-0.0139491,0.00576445,0.0223417,0.00338385,0.000828983,-0.000110928,0,0,0.0035395,-0.0861896,-0.0158906,0.607052,0.0186229,0.0560012,-0.000942524,0,0,-2.65037e-06,-0.00194358,0.0404823,-0.00125587,-0.0276395,-0.0247502,0.000944353,0,0,0.0916243,0.047929,-0.0994145,0.18649,0.36061,-0.0352345,0.0233393,0,0,5.57915e-07,0.0586055,0.00509054,-0.0484085,-0.0256116,-0.00188614,0.00178657,0,0,0.0399158,-0.113909,0.06468,0.562512,-0.0353577,0.411095,-0.00576593,0,0,6.9839e-08,-0.00192036,0.00198875,0.00322824,0.00219098,0.00411265,0.00129491,0,0,-0.0297137,-0.00996618,-0.0256324,-0.00986809,0.0239352,-0.00591049,0.066572,0,0,2.40048e-12,0,0,-2.40048e-12,0,-2.40048e-12,0,0,0,0,0,0,0,0,0,0,0.905991,4.22635e-09,0,0,0,0,0,0,0,0,0,0,0,0,0,0,0,0,4.22605e-09,0.905991,
-4.33681e-13,0.00293778,0.0016181,-0.00128239,0.000591566,0.00042156,-2.42761e-05,0,0,0.54373,-0.0159777,-0.015795,0.00313596,0.0091193,0.00396462,-0.00302478,0,0,-2.77556e-11,0.0546281,0.00183275,-0.0197966,-0.000516116,0.000245255,-6.34253e-05,0,0,-0.0158845,0.634665,-0.0063358,-0.0836268,0.00492066,-0.0111843,-0.00101927,0,0,-1.21431e-11,-0.00123466,0.0825401,0.00930266,0.00205559,0.00168394,-7.01303e-05,0,0,-0.0143704,-0.0060537,0.474237,-0.0162887,-0.0099862,0.00646899,-0.00259064,0,0,0,-0.0140744,0.00577183,0.0224279,0.00339334,0.000821619,-0.000110656,0,0,0.00355426,-0.086207,-0.015896,0.60705,0.0186174,0.0559965,-0.000941232,0,0,-3.46945e-12,-0.00199711,0.0404995,-0.00118156,-0.0276943,-0.0247763,0.000941684,0,0,0.0918057,0.0479513,-0.0991282,0.186435,0.360677,-0.035225,0.0233255,0,0,-1.38778e-11,0.0585632,0.00510273,-0.048434,-0.0256577,-0.00171481,0.00178478,0,0,0.0399318,-0.113801,0.0647906,0.562469,-0.0353486,0.411118,-0.00576799,0,0,-1.38236e-11,-0.00191672,0.00199197,0.00322177,0.00219266,0.0041114,0.00129694,0,0,-0.0296989,-0.00997193,-0.0256573,-0.0098555,0.0239218,-0.00591262,0.0665732,0,0,0,0,0,2.40048e-12,-1.20024e-12,0,2.40048e-12,0,0,0,0,0,0,0,0,0,0.905991,-4.4652e-09,0,0,0,1.20024e-12,-1.20024e-12,0,2.40048e-12,0,0,0,0,0,0,0,0,0,-4.464e-09,0.905991,
-3.86613e-07,0.00294144,0.00167305,-0.0012871,0.000593921,0.000422636,-2.35616e-05,0,0,0.543814,-0.015983,-0.0161573,0.00315049,0.00913717,0.00396612,-0.00302322,0,0,-2.08444e-08,0.0545359,0.00185046,-0.0198871,-0.000520253,0.000240479,-6.33525e-05,0,0,-0.0158897,0.634692,-0.00635365,-0.0836412,0.00492302,-0.0111732,-0.00101987,0,0,-3.3579e-07,-0.00121854,0.0825517,0.00931354,0.00206135,0.00168594,-6.95169e-05,0,0,-0.0147307,-0.00607093,0.474293,-0.0162949,-0.00995752,0.00648006,-0.00259313,0,0,1.42514e-07,-0.0141999,0.0057792,0.0225139,0.00340338,0.000813956,-0.000110811,0,0,0.00356907,-0.0862244,-0.0159013,0.607048,0.0186118,0.0559918,-0.000939941,0,0,-2.66029e-06,-0.00204802,0.0405163,-0.00110186,-0.0277596,-0.024797,0.000946983,0,0,0.0919867,0.0479736,-0.0988415,0.18638,0.360745,-0.0352154,0.0233117,0,0,5.59337e-07,0.05852,0.00511487,-0.0484603,-0.0257015,-0.00154433,0.00178131,0,0,0.0399475,-0.113694,0.0649012,0.562427,-0.0353395,0.411142,-0.00577005,0,0,7.00968e-08,-0.00191313,0.0019952,0.00321515,0.00219459,0.00410998,0.00129876,0,0,-0.029684,-0.00997768,-0.0256823,-0.00984291,0.0239083,-0.00591475,0.0665744,0,0,-1.20024e-12,1.20024e-12,1.20024e-12,0,0,0,1.20024e-12,0,0,0,0,0,0,0,0,0,0.905991,-4.56392e-09,0,0,0,0,0,0,0,0,0,0,0,0,0,0,0,0,-4.56362e-09,0.905991,
-3.86803e-07,0.00294552,0.00172885,-0.0012926,0.000597828,0.000423323,-2.43934e-05,0,0,0.543897,-0.0159883,-0.01652,0.00316507,0.009155,0.00396758,-0.00302165,0,0,-2.08999e-08,0.0544435,0.00186825,-0.0199776,-0.000524304,0.000235669,-6.33628e-05,0,0,-0.0158949,0.63472,-0.00637153,-0.0836556,0.00492537,-0.011162,-0.00102047,0,0,-3.36526e-07,-0.00120204,0.082564,0.0093237,0.00206847,0.0016876,-7.02465e-05,0,0,-0.0150913,-0.00608819,0.474348,-0.016301,-0.0099288,0.00649112,-0.00259561,0,0,1.42844e-07,-0.0143256,0.00578628,0.0226002,0.00341284,0.000806418,-0.000110395,0,0,0.00358393,-0.0862419,-0.0159066,0.607046,0.0186063,0.0559871,-0.000938651,0,0,-2.66529e-06,-0.00209628,0.0405383,-0.00102741,-0.0278141,-0.0248201,0.000941636,0,0,0.0921673,0.0479958,-0.0985544,0.186324,0.360813,-0.0352059,0.0232978,0,0,5.59976e-07,0.0584761,0.00512584,-0.0484853,-0.0257475,-0.00137301,0.00178006,0,0,0.0399628,-0.113586,0.0650116,0.562385,-0.0353304,0.411165,-0.00577212,0,0,7.02149e-08,-0.00190961,0.00199829,0.00320864,0.00219624,0.00410863,0.00130086,0,0,-0.029669,-0.00998342,-0.0257072,-0.00983034,0.0238948,-0.00591689,0.0665755,0,0,-1.20024e-12,0,-1.20024e-12,0,1.20024e-12,0,0,-1.14023e-10,0,0,0,0,0,0,0,0,0.905991,-4.51591e-09,0,0,0,-1.20024e-12,0,0,0,-1.20024e-12,0,0,0,0,0,0,0,0,-4.51591e-09,0.905991,
0,0.00294926,0.00178433,-0.00129812,0.000600579,0.000424395,-2.40647e-05,0,0,0.54398,-0.0159937,-0.0168829,0.00317971,0.00917279,0.003969,-0.00302008,0,0,0,0.0543509,0.00188605,-0.0200681,-0.000528415,0.000230868,-6.33101e-05,0,0,-0.0159001,0.634747,-0.00638944,-0.0836701,0.00492773,-0.0111508,-0.00102106,0,0,-1.21431e-11,-0.00118582,0.0825757,0.00933381,0.00207457,0.00168958,-6.99669e-05,0,0,-0.0154523,-0.00610547,0.474403,-0.0163071,-0.00990002,0.00650218,-0.00259809,0,0,-1.04083e-11,-0.0144513,0.00579349,0.0226865,0.00342272,0.000798723,-0.000110407,0,0,0.00359884,-0.0862595,-0.0159119,0.607043,0.0186007,0.0559823,-0.000937362,0,0,-1.73472e-11,-0.00214722,0.0405574,-0.000952895,-0.0278765,-0.0248405,0.000944276,0,0,0.0923476,0.048018,-0.0982668,0.186269,0.360881,-0.0351963,0.023284,0,0,1.38778e-11,0.0584325,0.00513732,-0.04851,-0.0257916,-0.00120198,0.00177713,0,0,0.0399777,-0.113478,0.065122,0.562343,-0.0353213,0.411188,-0.00577418,0,0,-5.31259e-12,-0.00190602,0.00200146,0.00320212,0.00219808,0.00410718,0.00130275,0,0,-0.029654,-0.00998915,-0.0257321,-0.00981778,0.0238814,-0.00591902,0.0665767,0,0,0,0,0,1.20024e-12,1.20024e-12,1.20024e-12,0,0,0,0,0,0,0,0,0,0,0.905991,-4.34607e-09,0,0,1.20024e-12,1.20024e-12,1.20024e-12,1.20024e-12,0,0,0,0,0,0,0,0,0,0,-4.34607e-09,0.905991,
3.8718e-07,0.00295342,0.00183989,-0.00130326,0.000604108,0.000424691,-2.45099e-05,0,0,0.544062,-0.015999,-0.0172461,0.00319439,0.00919054,0.00397038,-0.00301849,0,0,2.10387e-08,0.0542581,0.00190387,-0.0201587,-0.000532481,0.000226013,-6.3299e-05,0,0,-0.0159053,0.634775,-0.00640738,-0.0836847,0.00493007,-0.0111396,-0.00102166,0,0,3.37999e-07,-0.0011692,0.0825874,0.0093442,0.00208135,0.00169088,-7.03615e-05,0,0,-0.0158134,-0.00612279,0.474458,-0.0163131,-0.0098712,0.00651322,-0.00260057,0,0,-1.43437e-07,-0.0145773,0.00580071,0.0227727,0.0034323,0.000791298,-0.000110132,0,0,0.0036138,-0.0862771,-0.015917,0.607041,0.0185952,0.0559776,-0.000936075,0,0,2.6752e-06,-0.00219552,0.0405762,-0.000875643,-0.0279333,-0.0248661,0.000941571,0,0,0.0925274,0.0480402,-0.0979787,0.186214,0.360948,-0.0351867,0.0232701,0,0,-5.61433e-07,0.0583881,0.00514874,-0.048535,-0.0258367,-0.00102955,0.00177531,0,0,0.0399923,-0.113371,0.0652322,0.5623,-0.0353122,0.411212,-0.00577625,0,0,-7.04555e-08,-0.00190248,0.00200463,0.00319551,0.00219977,0.00410586,0.00130477,0,0,-0.0296388,-0.00999487,-0.025757,-0.00980524,0.0238679,-0.00592116,0.0665779,0,0,0,1.20024e-12,0,0,0,0,-2.40048e-12,-1.16423e-10,0,0,0,0,0,0,0,0,0.905991,4.09372e-09,0,-1.20024e-12,0,0,-1.20024e-12,0,1.20024e-12,-1.14023e-10,0,0,0,0,0,0,0,0,4.09402e-09,0.905991,
0,0.00295647,0.00189551,-0.00130803,0.000606867,0.000424986,-2.37932e-05,0,0,0.544143,-0.0160043,-0.0176096,0.00320913,0.00920825,0.00397173,-0.0030169,0,0,0,0.054165,0.00192173,-0.0202492,-0.000536585,0.000221146,-6.32245e-05,0,0,-0.0159105,0.634803,-0.00642536,-0.0836993,0.00493242,-0.0111284,-0.00102226,0,0,-1.73472e-12,-0.00115355,0.0825989,0.00935487,0.00208745,0.00169216,-6.9741e-05,0,0,-0.0161749,-0.00614014,0.474512,-0.016319,-0.00984234,0.00652425,-0.00260305,0,0,-3.46945e-12,-0.0147028,0.00580792,0.0228587,0.00344215,0.000783857,-0.000110287,0,0,0.00362881,-0.0862948,-0.0159222,0.607039,0.0185897,0.0559729,-0.000934788,0,0,1.38778e-11,-0.00225186,0.0405948,-0.000795637,-0.0279953,-0.0248915,0.000946893,0,0,0.0927068,0.0480623,-0.0976901,0.186158,0.361016,-0.0351772,0.0232563,0,0,-2.77556e-11,0.0583451,0.00516012,-0.0485603,-0.0258806,-0.000856848,0.0017718,0,0,0.0400064,-0.113263,0.0653424,0.562258,-0.0353031,0.411235,-0.00577832,0,0,3.98444e-12,-0.00189873,0.00200781,0.0031888,0.00220158,0.00410453,0.00130657,0,0,-0.0296236,-0.0100006,-0.0257819,-0.0097927,0.0238544,-0.0059233,0.0665791,0,0,0,-1.20024e-12,-1.20024e-12,0,0,0,0,0,0,0,0,0,0,0,0,0,0.905991,3.9794e-09,0,1.20024e-12,1.20024e-12,1.20024e-12,0,0,0,0,0,0,0,0,0,0,0,0,3.9803e-09,0.905991,
-3.87545e-07,0.00296072,0.00195082,-0.00131358,0.000610405,0.000426053,-2.38506e-05,0,0,0.544223,-0.0160097,-0.0179734,0.00322391,0.00922592,0.00397304,-0.0030153,0,0,-2.10387e-08,0.0540718,0.00193959,-0.0203397,-0.000540645,0.000216309,-6.31917e-05,0,0,-0.0159157,0.634831,-0.00644337,-0.083714,0.00493475,-0.0111172,-0.00102285,0,0,-3.39478e-07,-0.00113682,0.0826099,0.00936481,0.00209423,0.0016941,-6.97962e-05,0,0,-0.0165367,-0.00615752,0.474567,-0.0163249,-0.00981342,0.00653528,-0.00260553,0,0,1.44062e-07,-0.014829,0.00581527,0.0229451,0.0034517,0.000776114,-0.000110155,0,0,0.00364387,-0.0863125,-0.0159272,0.607036,0.0185841,0.0559681,-0.000933503,0,0,-2.68511e-06,-0.00230019,0.0406105,-0.000720919,-0.0280518,-0.0249115,0.00094686,0,0,0.0928859,0.0480844,-0.0974011,0.186103,0.361084,-0.0351676,0.0232425,0,0,5.62966e-07,0.0583002,0.005172,-0.0485841,-0.0259255,-0.00068499,0.00176941,0,0,0.0400202,-0.113155,0.0654524,0.562216,-0.035294,0.411258,-0.00578039,0,0,7.0709e-08,-0.00189519,0.00201107,0.00318223,0.00220324,0.00410303,0.00130852,0,0,-0.0296084,-0.0100063,-0.0258068,-0.00978018,0.023841,-0.00592544,0.0665802,0,0,0,0,1.20024e-12,0,-1.20024e-12,-1.20024e-12,-1.20024e-12,0,0,0,0,0,0,0,0,0,0.905991,3.9701e-09,0,0,0,0,0,0,0,0,0,0,0,0,0,0,0,0,3.9701e-09,0.905991,
-2.1684e-12,0.00296463,0.00200697,-0.00131838,0.000613173,0.000426343,-2.42956e-05,0,0,0.544303,-0.016015,-0.0183375,0.00323875,0.00924355,0.00397431,-0.0030137,0,0,2.77556e-11,0.0539783,0.00195753,-0.0204302,-0.000544744,0.000211418,-6.31798e-05,0,0,-0.0159209,0.63486,-0.00646141,-0.0837287,0.00493709,-0.0111059,-0.00102345,0,0,-8.67362e-12,-0.00112038,0.0826215,0.00937538,0.00210033,0.00169536,-7.01913e-05,0,0,-0.0168987,-0.00617493,0.474621,-0.0163307,-0.00978446,0.00654629,-0.00260801,0,0,3.46945e-12,-0.014955,0.00582232,0.0230312,0.00346152,0.000768643,-0.000109878,0,0,0.00365898,-0.0863303,-0.0159322,0.607034,0.0185786,0.0559634,-0.00093222,0,0,1.04083e-11,-0.00235123,0.0406313,-0.000640758,-0.0281134,-0.0249366,0.000944133,0,0,0.0930645,0.0481064,-0.0971116,0.186047,0.361152,-0.035158,0.0232286,0,0,6.245e-11,0.0582556,0.00518271,-0.0486089,-0.0259691,-0.000511731,0.00176757,0,0,0.0400336,-0.113047,0.0655624,0.562173,-0.0352848,0.411281,-0.00578246,0,0,-2.49366e-12,-0.00189156,0.00201419,0.00317549,0.00220503,0.00410166,0.00131053,0,0,-0.029593,-0.010012,-0.0258317,-0.00976767,0.0238275,-0.00592759,0.0665814,0,0,0,2.40048e-12,-1.20024e-12,-1.20024e-12,-1.20024e-12,0,1.20024e-12,0,0,0,0,0,0,0,0,0,0.905991,4.05021e-09,0,0,-1.20024e-12,-1.20024e-12,1.20024e-12,0,1.20024e-12,0,0,0,0,0,0,0,0,0,4.05051e-09,0.905991,
1.73472e-12,0.00296858,0.0020632,-0.00132357,0.000615944,0.000427407,-2.43529e-05,0,0,0.544382,-0.0160204,-0.0187018,0.00325364,0.00926114,0.00397554,-0.00301209,0,0,2.77556e-11,0.0538846,0.00197549,-0.0205207,-0.00054884,0.000206557,-6.31464e-05,0,0,-0.0159262,0.634888,-0.00647949,-0.0837435,0.00493942,-0.0110947,-0.00102404,0,0,1.73472e-12,-0.00110388,0.082633,0.00938556,0.00210643,0.00169728,-7.02466e-05,0,0,-0.0172611,-0.00619238,0.474676,-0.0163365,-0.00975546,0.00655729,-0.00261048,0,0,-1.04083e-11,-0.0150812,0.00582937,0.0231175,0.00347133,0.000760868,-0.000109745,0,0,0.00367414,-0.0863482,-0.0159372,0.607031,0.018573,0.0559586,-0.000930937,0,0,1.38778e-11,-0.00240228,0.0406518,-0.000563209,-0.028175,-0.0249563,0.000944087,0,0,0.0932428,0.0481283,-0.0968217,0.185992,0.361219,-0.0351484,0.0232148,0,0,-4.16334e-11,0.0582108,0.00519336,-0.0486328,-0.0260126,-0.000339323,0.00176516,0,0,0.0400467,-0.112938,0.0656722,0.562131,-0.0352757,0.411305,-0.00578453,0,0,4.36391e-12,-0.00188793,0.00201732,0.00316881,0.00220681,0.00410014,0.00131247,0,0,-0.0295776,-0.0100177,-0.0258566,-0.00975517,0.0238141,-0.00592973,0.0665826,0,0,0,0,0,0,0,0,0,0,0,0,0,0,0,0,0,0,0.905991,4.22545e-09,0,1.20024e-12,1.20024e-12,-1.20024e-12,1.20024e-12,0,0,0,0,0,0,0,0,0,0,0,4.22485e-09,0.905991,
-3.88069e-07,0.00297219,0.00211834,-0.00132839,0.000619107,0.000428081,-2.40219e-05,0,0,0.544461,-0.0160258,-0.0190665,0.00326858,0.00927869,0.00397673,-0.00301046,0,0,-2.12053e-08,0.0537906,0.00199342,-0.0206112,-0.000552911,0.000201663,-6.30914e-05,0,0,-0.0159314,0.634917,-0.00649759,-0.0837584,0.00494174,-0.0110835,-0.00102463,0,0,-3.41649e-07,-0.00108766,0.0826433,0.00939602,0.00211287,0.00169885,-6.99599e-05,0,0,-0.0176237,-0.00620985,0.47473,-0.0163423,-0.00972641,0.00656829,-0.00261296,0,0,1.4496e-07,-0.0152073,0.00583685,0.0232036,0.00348098,0.000753222,-0.000109756,0,0,0.00368935,-0.0863662,-0.0159421,0.607029,0.0185675,0.0559539,-0.000929656,0,0,-2.69989e-06,-0.00245606,0.0406641,-0.000482889,-0.0282336,-0.0249785,0.000946737,0,0,0.0934206,0.0481503,-0.0965313,0.185936,0.361287,-0.0351388,0.023201,0,0,5.65097e-07,0.0581662,0.00520565,-0.0486569,-0.0260565,-0.000166075,0.00176218,0,0,0.0400593,-0.11283,0.065782,0.562089,-0.0352666,0.411328,-0.00578661,0,0,7.10794e-08,-0.00188422,0.00202066,0.00316203,0.00220849,0.00409867,0.00131433,0,0,-0.0295621,-0.0100233,-0.0258815,-0.00974268,0.0238006,-0.00593187,0.0665837,0,0,0,-1.20024e-12,0,1.20024e-12,0,0,0,0,0,0,0,0,0,0,0,0,0.905991,-4.51591e-09,-2.40048e-12,0,2.40048e-12,2.40048e-12,-1.20024e-12,-1.20024e-12,0,0,0,0,0,0,0,0,0,0,-4.51561e-09,0.905991,
8.67362e-13,0.00297661,0.00217471,-0.00133439,0.000622275,0.000428753,-2.44669e-05,0,0,0.544538,-0.0160311,-0.0194315,0.00328357,0.00929619,0.00397789,-0.00300884,0,0,2.77556e-11,0.0536965,0.00201145,-0.0207018,-0.000556979,0.000196757,-6.30787e-05,0,0,-0.0159366,0.634946,-0.00651573,-0.0837733,0.00494407,-0.0110722,-0.00102522,0,0,1.73472e-11,-0.00107071,0.0826545,0.0094054,0.00211931,0.0017004,-7.03562e-05,0,0,-0.0179866,-0.00622735,0.474784,-0.016348,-0.00969731,0.00657927,-0.00261544,0,0,0,-0.0153337,0.0058439,0.0232902,0.00349062,0.00074556,-0.000109477,0,0,0.00370461,-0.0863842,-0.0159469,0.607026,0.0185619,0.0559492,-0.000928376,0,0,2.08167e-11,-0.00250446,0.0406842,-0.000410602,-0.0282921,-0.0250006,0.000943983,0,0,0.0935981,0.0481721,-0.0962405,0.185881,0.361355,-0.0351293,0.0231872,0,0,-1.38778e-11,0.0581203,0.0052162,-0.0486791,-0.0261004,7.44944e-06,0.00176032,0,0,0.0400716,-0.112722,0.0658916,0.562046,-0.0352575,0.411351,-0.00578868,0,0,-1.02186e-11,-0.00188064,0.0020238,0.00315546,0.00221017,0.00409718,0.00131634,0,0,-0.0295466,-0.010029,-0.0259064,-0.00973021,0.0237872,-0.00593402,0.0665849,0,0,0,-2.40048e-12,-2.40048e-12,2.40048e-12,0,0,-2.40048e-12,0,0,0,0,0,0,0,0,0,0.905991,-4.66534e-09,0,-1.20024e-12,0,0,0,0,-1.20024e-12,0,0,0,0,0,0,0,0,0,-4.66504e-09,0.905991,
3.88409e-07,0.00298069,0.00223076,-0.00133923,0.000626223,0.000429424,-2.41352e-05,0,0,0.544615,-0.0160365,-0.0197968,0.00329861,0.00931366,0.00397901,-0.0030072,0,0,2.12885e-08,0.0536021,0.00202948,-0.0207923,-0.000561002,0.000191839,-6.3023e-05,0,0,-0.0159418,0.634975,-0.00653391,-0.0837883,0.00494638,-0.0110609,-0.00102581,0,0,3.43132e-07,-0.00105404,0.0826652,0.00941575,0.00212643,0.00170195,-7.00674e-05,0,0,-0.0183499,-0.00624489,0.474838,-0.0163536,-0.00966816,0.00659024,-0.00261791,0,0,-1.45602e-07,-0.0154602,0.00585108,0.0233764,0.00349995,0.000737882,-0.000109488,0,0,0.00371991,-0.0864022,-0.0159517,0.607023,0.0185564,0.0559444,-0.000927097,0,0,2.70976e-06,-0.00255558,0.0407013,-0.000330133,-0.028345,-0.0250226,0.000946634,0,0,0.0937751,0.048194,-0.0959492,0.185825,0.361423,-0.0351197,0.0231733,0,0,-5.66491e-07,0.0580747,0.00522726,-0.0487027,-0.0261452,0.00018125,0.00175732,0,0,0.0400835,-0.112613,0.0660011,0.562004,-0.0352484,0.411375,-0.00579076,0,0,-7.13223e-08,-0.00187699,0.00202701,0.00314865,0.00221169,0.00409568,0.0013182,0,0,-0.029531,-0.0100347,-0.0259312,-0.00971775,0.0237737,-0.00593617,0.0665861,0,0,-2.40048e-12,0,0,-1.20024e-12,0,2.40048e-12,-1.20024e-12,0,0,0,0,0,0,0,0,0,0.905991,-4.65544e-09,0,0,0,0,0,0,0,0,0,0,0,0,0,0,0,0,-4.65574e-09,0.905991,
1.30104e-12,0.0029852,0.00228728,-0.00134448,0.000628621,0.000430092,-2.41916e-05,0,0,0.544692,-0.0160419,-0.0201623,0.0033137,0.00933108,0.00398008,-0.00300556,0,0,2.77556e-11,0.0535075,0.00204756,-0.0208829,-0.000565106,0.000186908,-6.29883e-05,0,0,-0.0159471,0.635004,-0.00655211,-0.0838033,0.00494869,-0.0110496,-0.0010264,0,0,8.67362e-12,-0.00103697,0.0826762,0.0094257,0.00213218,0.00170348,-7.01207e-05,0,0,-0.0187134,-0.00626246,0.474892,-0.0163592,-0.00963897,0.00660121,-0.00262039,0,0,0,-0.0155868,0.00585811,0.0234628,0.00350986,0.000730189,-0.000109353,0,0,0.00373527,-0.0864204,-0.0159565,0.607021,0.0185508,0.0559397,-0.00092582,0,0,-1.38778e-11,-0.00260401,0.040721,-0.000252298,-0.0284085,-0.0250444,0.000946576,0,0,0.0939517,0.0482157,-0.0956574,0.18577,0.36149,-0.0351101,0.0231595,0,0,2.77556e-11,0.0580283,0.00523769,-0.0487255,-0.0261876,0.000355327,0.00175488,0,0,0.040095,-0.112505,0.0661105,0.561961,-0.0352392,0.411398,-0.00579284,0,0,4.17418e-12,-0.0018734,0.00203016,0.00314189,0.00221348,0.00409416,0.00132012,0,0,-0.0295152,-0.0100403,-0.0259561,-0.0097053,0.0237603,-0.00593832,0.0665872,0,0,0,1.20024e-12,0,0,1.20024e-12,2.40048e-12,-2.40048e-12,0,0,0,0,0,0,0,0,0,0.905991,-4.50571e-09,0,0,0,0,0,0,0,0,0,0,0,0,0,0,0,0,-4.5048e-09,0.905991,
3.88739e-07,0.00298859,0.00234309,-0.00134935,0.000632578,0.000431148,-2.50253e-05,0,0,0.544768,-0.0160472,-0.0205282,0.00332885,0.00934847,0.00398112,-0.00300391,0,0,2.13995e-08,0.0534126,0.00206563,-0.0209734,-0.000569122,0.000181987,-6.29961e-05,0,0,-0.0159523,0.635033,-0.00657035,-0.0838184,0.004951,-0.0110384,-0.00102699,0,0,3.44599e-07,-0.00102088,0.0826863,0.00943594,0.00213931,0.00170534,-7.08627e-05,0,0,-0.0190772,-0.00628006,0.474946,-0.0163647,-0.00960973,0.00661216,-0.00262286,0,0,-1.46185e-07,-0.0157131,0.00586542,0.023549,0.00351916,0.000722334,-0.000108925,0,0,0.00375068,-0.0864386,-0.0159612,0.607018,0.0185453,0.0559349,-0.000924544,0,0,2.7196e-06,-0.0026606,0.0407349,-0.000171673,-0.028461,-0.0250633,0.000941074,0,0,0.094128,0.0482375,-0.0953652,0.185714,0.361558,-0.0351005,0.0231457,0,0,-5.679e-07,0.0579833,0.00524921,-0.0487486,-0.0262321,0.000529113,0.00175357,0,0,0.0401061,-0.112396,0.0662199,0.561919,-0.0352301,0.411422,-0.00579491,0,0,-7.15791e-08,-0.00186959,0.00203346,0.00313505,0.00221497,0.00409255,0.00132219,0,0,-0.0294995,-0.0100459,-0.025981,-0.00969286,0.0237468,-0.00594047,0.0665884,0,0,-1.20024e-12,0,-1.20024e-12,0,-1.20024e-12,1.20024e-12,-1.20024e-12,0,0,0,0,0,0,0,0,0,0.905991,4.25485e-09,2.40048e-12,2.40048e-12,2.40048e-12,-2.40048e-12,-1.20024e-12,-2.40048e-12,-1.20024e-12,0,0,0,0,0,0,0,0,0,4.25485e-09,0.905991,
-4.33681e-13,0.00299318,0.00239975,-0.00135501,0.000634984,0.000431035,-2.43038e-05,0,0,0.544843,-0.0160526,-0.0208944,0.00334404,0.00936581,0.00398213,-0.00300225,0,0,-2.77556e-11,0.0533176,0.00208377,-0.0210639,-0.00057322,0.00017699,-6.29179e-05,0,0,-0.0159575,0.635063,-0.00658862,-0.0838336,0.0049533,-0.0110271,-0.00102758,0,0,0,-0.0010037,0.082697,0.00944543,0.00214506,0.00170615,-7.02261e-05,0,0,-0.0194413,-0.00629769,0.474999,-0.0163702,-0.00958044,0.0066231,-0.00262534,0,0,3.46945e-12,-0.0158399,0.00587244,0.0236356,0.00352903,0.000714901,-0.000109082,0,0,0.00376614,-0.0864569,-0.0159658,0.607015,0.0185397,0.0559301,-0.000923269,0,0,3.46945e-12,-0.00270907,0.0407541,-9.64162e-05,-0.0285242,-0.0250903,0.000946447,0,0,0.0943038,0.0482592,-0.0950725,0.185659,0.361626,-0.0350908,0.0231319,0,0,-2.77556e-11,0.0579364,0.00525954,-0.0487702,-0.0262743,0.000704881,0.00174998,0,0,0.0401169,-0.112287,0.0663291,0.561876,-0.035221,0.411445,-0.00579699,0,0,-1.62495e-11,-0.00186599,0.00203662,0.00312833,0.00221673,0.00409114,0.00132396,0,0,-0.0294836,-0.0100516,-0.0260058,-0.00968044,0.0237334,-0.00594262,0.0665896,0,0,0,0,0,0,0,0,0,0,0,0,0,0,0,0,0,0,0.905991,4.15313e-09,0,0,0,0,1.20024e-12,-1.20024e-12,0,0,0,0,0,0,0,0,0,0,4.15343e-09,0.905991,
-8.67362e-13,0.00299705,0.00245609,-0.00135991,0.000638559,0.000432086,-2.51377e-05,0,0,0.544917,-0.016058,-0.0212609,0.00335929,0.00938311,0.00398309,-0.00300059,0,0,-2.77556e-11,0.0532223,0.00210192,-0.0211544,-0.000577251,0.000172045,-6.29252e-05,0,0,-0.0159628,0.635092,-0.00660693,-0.0838488,0.0049556,-0.0110157,-0.00102817,0,0,3.46945e-12,-0.00098715,0.0827072,0.00945556,0.00215184,0.00170798,-7.09705e-05,0,0,-0.0198058,-0.00631535,0.475053,-0.0163756,-0.00955111,0.00663403,-0.00262781,0,0,-3.1225e-11,-0.0159666,0.0058796,0.0237219,0.00353845,0.000707014,-0.000108652,0,0,0.00378165,-0.0864752,-0.0159704,0.607012,0.0185342,0.0559254,-0.000921995,0,0,1.38778e-11,-0.002763,0.0407703,-1.56402e-05,-0.0285791,-0.0251089,0.000940918,0,0,0.0944792,0.0482808,-0.0947793,0.185603,0.361694,-0.0350812,0.023118,0,0,-2.08167e-11,0.0578904,0.00527038,-0.0487927,-0.026318,0.000879219,0.00174865,0,0,0.0401272,-0.112179,0.0664381,0.561834,-0.0352119,0.411468,-0.00579907,0,0,-1.8567e-12,-0.00186223,0.00203985,0.00312144,0.00221827,0.0040895,0.00132602,0,0,-0.0294677,-0.0100572,-0.0260307,-0.00966803,0.0237199,-0.00594477,0.0665907,0,0,0,0,1.20024e-12,0,0,0,1.20024e-12,0,0,0,0,0,0,0,0,0,0.905991,4.16604e-09,0,-1.20024e-12,0,0,0,1.20024e-12,0,0,0,0,0,0,0,0,0,0,4.16604e-09,0.905991,
8.67362e-13,0.00300212,0.00251211,-0.0013656,0.00064175,0.000433136,-2.48045e-05,0,0,0.544991,-0.0160634,-0.0216277,0.00337459,0.00940037,0.00398401,-0.00299891,0,0,0,0.0531268,0.00212008,-0.021245,-0.000581299,0.000167087,-6.28678e-05,0,0,-0.015968,0.635122,-0.00662526,-0.0838641,0.0049579,-0.0110044,-0.00102875,0,0,1.56125e-11,-0.000969505,0.082717,0.00946494,0.00215828,0.00170981,-7.0677e-05,0,0,-0.0201705,-0.00633304,0.475106,-0.016381,-0.00952173,0.00664495,-0.00263028,0,0,-1.73472e-11,-0.0160937,0.0058869,0.0238085,0.003548,0.000699111,-0.000108662,0,0,0.00379722,-0.0864936,-0.0159749,0.607009,0.0185286,0.0559206,-0.000920723,0,0,0,-0.00280876,0.0407835,5.9747e-05,-0.0286365,-0.0251274,0.000943567,0,0,0.0946542,0.0483024,-0.0944857,0.185548,0.361761,-0.0350716,0.0231042,0,0,0,0.0578423,0.00528174,-0.0488137,-0.026361,0.00105383,0.00174561,0,0,0.0401372,-0.11207,0.0665471,0.561791,-0.0352027,0.411492,-0.00580116,0,0,-4.89924e-12,-0.00185869,0.00204317,0.00311469,0.00221986,0.00408784,0.00132786,0,0,-0.0294517,-0.0100628,-0.0260555,-0.00965563,0.0237065,-0.00594693,0.0665919,0,0,0,1.20024e-12,0,0,0,0,0,0,0,0,0,0,0,0,0,0,0.905991,4.28276e-09,0,1.20024e-12,-1.20024e-12,1.20024e-12,-1.20024e-12,1.20024e-12,-1.20024e-12,0,0,0,0,0,0,0,0,0,4.28306e-09,0.905991,
-3.89365e-07,0.00300646,0.0025686,-0.0013713,0.000645333,0.000433795,-2.44707e-05,0,0,0.545064,-0.0160688,-0.0219948,0.00338994,0.00941759,0.0039849,-0.00299723,0,0,-2.15661e-08,0.0530311,0.00213829,-0.0213355,-0.000585323,0.000162096,-6.28099e-05,0,0,-0.0159732,0.635152,-0.00664363,-0.0838794,0.00496019,-0.0109931,-0.00102934,0,0,-3.47507e-07,-0.000952495,0.082727,0.00947426,0.00216506,0.00171127,-7.03818e-05,0,0,-0.0205355,-0.00635076,0.475159,-0.0163863,-0.0094923,0.00665585,-0.00263276,0,0,1.4741e-07,-0.0162207,0.00589405,0.0238951,0.00355739,0.000691339,-0.000108672,0,0,0.00381283,-0.0865121,-0.0159793,0.607007,0.0185231,0.0559159,-0.000919453,0,0,-2.73916e-06,-0.00286,0.0407992,0.000135194,-0.028691,-0.0251485,0.000946222,0,0,0.0948289,0.0483239,-0.0941916,0.185492,0.361829,-0.035062,0.0230904,0,0,5.70842e-07,0.0577952,0.00529248,-0.0488345,-0.0264045,0.00122929,0.00174256,0,0,0.0401468,-0.111961,0.066656,0.561749,-0.0351936,0.411515,-0.00580324,0,0,7.20794e-08,-0.00185499,0.00204642,0.00310791,0.00222137,0.00408624,0.0013297,0,0,-0.0294356,-0.0100684,-0.0260803,-0.00964325,0.0236931,-0.00594908,0.0665931,0,0,-1.20024e-12,1.20024e-12,0,-1.20024e-12,1.20024e-12,-1.20024e-12,1.20024e-12,-1.20024e-12,0,0,0,0,0,0,0,0,0.905991,-4.51471e-09,0,0,0,0,0,0,0,0,0,0,0,0,0,0,0,0,-4.51471e-09,0.905991,
-3.89514e-07,0.00301045,0.00262516,-0.00137585,0.000648531,0.000434452,-2.49155e-05,0,0,0.545136,-0.0160741,-0.0223622,0.00340534,0.00943476,0.00398574,-0.00299554,0,0,-2.15938e-08,0.0529351,0.00215653,-0.021426,-0.000589365,0.000157093,-6.27948e-05,0,0,-0.0159785,0.635182,-0.00666204,-0.0838949,0.00496247,-0.0109818,-0.00102992,0,0,-3.48244e-07,-0.000935776,0.0827368,0.00948457,0.00217149,0.00171272,-7.07812e-05,0,0,-0.0209009,-0.00636852,0.475212,-0.0163915,-0.00946283,0.00666675,-0.00263523,0,0,1.47715e-07,-0.0163475,0.0059012,0.0239813,0.00356691,0.00068355,-0.000108386,0,0,0.00382849,-0.0865307,-0.0159837,0.607004,0.0185175,0.0559111,-0.000918183,0,0,-2.74405e-06,-0.00291401,0.0408146,0.000218933,-0.028748,-0.0251695,0.000943395,0,0,0.0950031,0.0483454,-0.0938971,0.185437,0.361897,-0.0350524,0.0230766,0,0,5.71453e-07,0.0577484,0.00530316,-0.0488567,-0.0264473,0.00140503,0.00174065,0,0,0.040156,-0.111852,0.0667647,0.561706,-0.0351845,0.411539,-0.00580532,0,0,7.21907e-08,-0.00185122,0.00204967,0.0031009,0.00222293,0.00408462,0.00133168,0,0,-0.0294194,-0.010074,-0.0261051,-0.00963087,0.0236796,-0.00595124,0.0665943,0,0,0,-1.20024e-12,0,0,-2.40048e-12,0,1.20024e-12,0,0,0,0,0,0,0,0,0,0.905991,-4.60082e-09,1.20024e-12,-1.20024e-12,-1.20024e-12,0,1.20024e-12,2.40048e-12,-2.40048e-12,0,0,0,0,0,0,0,0,0,-4.60112e-09,0.905991,
1.73472e-12,0.00301488,0.00268218,-0.00138158,0.000651343,0.000435107,-2.45811e-05,0,0,0.545208,-0.0160795,-0.02273,0.00342079,0.0094519,0.00398655,-0.00299385,0,0,2.77556e-11,0.052839,0.00217482,-0.0215165,-0.000593425,0.000152078,-6.27362e-05,0,0,-0.0159837,0.635213,-0.00668047,-0.0839103,0.00496475,-0.0109704,-0.00103051,0,0,3.46945e-12,-0.000918652,0.0827468,0.00949377,0.00217758,0.00171416,-7.04838e-05,0,0,-0.0212665,-0.00638631,0.475265,-0.0163967,-0.00943331,0.00667763,-0.0026377,0,0,3.46945e-12,-0.0164747,0.00590819,0.0240679,0.00357656,0.000675747,-0.000108396,0,0,0.0038442,-0.0865493,-0.0159881,0.607001,0.0185119,0.0559063,-0.000916915,0,0,-3.46945e-12,-0.00296529,0.0408325,0.000294514,-0.0288076,-0.0251903,0.000946051,0,0,0.0951769,0.0483668,-0.0936021,0.185381,0.361965,-0.0350428,0.0230628,0,0,-4.16334e-11,0.0577008,0.00531322,-0.0488769,-0.0264893,0.00158105,0.00173758,0,0,0.0401648,-0.111742,0.0668733,0.561664,-0.0351753,0.411562,-0.00580741,0,0,5.92923e-14,-0.00184751,0.00205285,0.00309409,0.00222455,0.00408299,0.00133351,0,0,-0.0294032,-0.0100796,-0.0261299,-0.00961852,0.0236662,-0.0059534,0.0665954,0,0,0,-1.20024e-12,-1.20024e-12,0,0,1.20024e-12,-1.20024e-12,0,0,0,0,0,0,0,0,0,0.905991,-4.53841e-09,0,-1.20024e-12,-1.20024e-12,0,0,1.20024e-12,-1.20024e-12,0,0,0,0,0,0,0,0,0,-4.53931e-09,0.905991,
8.67362e-13,0.00301935,0.00273888,-0.00138693,0.000654547,0.00043498,-2.50258e-05,0,0,0.545278,-0.0160849,-0.023098,0.0034363,0.00946899,0.00398732,-0.00299215,0,0,0,0.0527426,0.00219312,-0.021607,-0.00059746,0.000147007,-6.27206e-05,0,0,-0.015989,0.635243,-0.00669894,-0.0839259,0.00496702,-0.010959,-0.00103109,0,0,8.67362e-12,-0.000901471,0.0827564,0.00950326,0.00218401,0.00171488,-7.0884e-05,0,0,-0.0216325,-0.00640412,0.475318,-0.0164019,-0.00940374,0.0066885,-0.00264017,0,0,-1.04083e-11,-0.0166019,0.00591532,0.0241544,0.00358605,0.000668223,-0.000108109,0,0,0.00385996,-0.086568,-0.0159924,0.606998,0.0185064,0.0559016,-0.000915649,0,0,-1.04083e-11,-0.00301659,0.0408475,0.000372908,-0.0288643,-0.0252165,0.000943205,0,0,0.0953502,0.0483882,-0.0933066,0.185325,0.362032,-0.0350331,0.023049,0,0,-6.93889e-12,0.0576529,0.00532379,-0.0488973,-0.0265318,0.00175849,0.00173565,0,0,0.0401732,-0.111633,0.0669818,0.561621,-0.0351662,0.411585,-0.00580949,0,0,5.74627e-12,-0.00184379,0.00205612,0.00308719,0.00222608,0.00408148,0.00133548,0,0,-0.0293869,-0.0100851,-0.0261548,-0.00960617,0.0236528,-0.00595556,0.0665966,0,0,0,0,0,0,-1.20024e-12,0,0,0,0,0,0,0,0,0,0,0,0.905991,-4.35567e-09,0,0,-1.20024e-12,0,0,1.20024e-12,-1.20024e-12,0,0,0,0,0,0,0,0,0,-4.35537e-09,0.905991,
-1.30104e-12,0.00302386,0.00279527,-0.00139269,0.000657365,0.00043602,-2.46907e-05,0,0,0.545349,-0.0160903,-0.0234664,0.00345185,0.00948604,0.00398804,-0.00299043,0,0,-2.77556e-11,0.0526459,0.00221142,-0.0216975,-0.000601513,0.000141989,-6.26612e-05,0,0,-0.0159942,0.635274,-0.00671745,-0.0839415,0.00496929,-0.0109477,-0.00103167,0,0,-1.21431e-11,-0.000884231,0.0827655,0.00951234,0.00219009,0.00171664,-7.05844e-05,0,0,-0.0219988,-0.00642197,0.47537,-0.0164069,-0.00937413,0.00669936,-0.00264264,0,0,0,-0.0167292,0.0059226,0.0242411,0.00359567,0.00066024,-0.000108118,0,0,0.00387578,-0.0865867,-0.0159966,0.606994,0.0185008,0.0558968,-0.000914384,0,0,2.42861e-11,-0.00306792,0.0408594,0.000448611,-0.0289236,-0.0252342,0.000945863,0,0,0.0955232,0.0484096,-0.0930107,0.18527,0.3621,-0.0350235,0.0230351,0,0,-5.55112e-11,0.0576047,0.00533488,-0.0489169,-0.0265736,0.00193448,0.00173257,0,0,0.0401813,-0.111524,0.0670902,0.561579,-0.035157,0.411609,-0.00581158,0,0,-2.67662e-12,-0.00184006,0.00205946,0.00308035,0.00222768,0.00407974,0.0013373,0,0,-0.0293705,-0.0100907,-0.0261796,-0.00959384,0.0236393,-0.00595772,0.0665978,0,0,0,0,0,0,0,-1.20024e-12,0,0,0,0,0,0,0,0,0,0,0.905991,4.09282e-09,0,0,1.20024e-12,-1.20024e-12,-1.20024e-12,-1.20024e-12,1.20024e-12,0,0,0,0,0,0,0,0,0,4.09192e-09,0.905991,
8.67362e-13,0.00302842,0.00285173,-0.00139767,0.000660576,0.000436669,-2.47452e-05,0,0,0.545418,-0.0160957,-0.0238351,0.00346746,0.00950305,0.00398873,-0.00298872,0,0,0,0.0525491,0.00222976,-0.021788,-0.000605541,0.000136938,-6.26232e-05,0,0,-0.0159995,0.635305,-0.00673598,-0.0839571,0.00497156,-0.0109363,-0.00103225,0,0,1.21431e-11,-0.000866934,0.0827745,0.00952207,0.00219651,0.00171803,-7.06342e-05,0,0,-0.0223654,-0.00643985,0.475423,-0.016412,-0.00934447,0.00671021,-0.0026451,0,0,6.93889e-12,-0.0168565,0.00592987,0.0243275,0.00360513,0.000652389,-0.000107978,0,0,0.00389164,-0.0866056,-0.0160008,0.606991,0.0184953,0.055892,-0.00091312,0,0,3.46945e-12,-0.00311926,0.0408711,0.0005299,-0.0289799,-0.0252546,0.000945762,0,0,0.0956958,0.0484308,-0.0927143,0.185214,0.362168,-0.0350139,0.0230213,0,0,-7.63278e-11,0.0575563,0.00534592,-0.0489374,-0.0266158,0.00211133,0.00173005,0,0,0.0401889,-0.111414,0.0671984,0.561536,-0.0351479,0.411632,-0.00581367,0,0,-5.71578e-12,-0.00183633,0.00206281,0.00307334,0.00222918,0.00407806,0.00133919,0,0,-0.029354,-0.0100962,-0.0262043,-0.00958153,0.0236259,-0.00595988,0.0665989,0,0,0,0,0,-1.20024e-12,0,0,0,0,0,0,0,0,0,0,0,0,0.905991,3.9704e-09,0,0,0,1.20024e-12,0,-1.20024e-12,0,0,0,0,0,0,0,0,0,0,3.9698e-09,0.905991,
-8.67362e-13,0.00303342,0.00290904,-0.00140346,0.00066418,0.000437316,-2.51897e-05,0,0,0.545487,-0.0161012,-0.0242041,0.00348312,0.00952002,0.00398938,-0.00298699,0,0,0,0.052452,0.00224816,-0.0218785,-0.000609544,0.000131874,-6.26067e-05,0,0,-0.0160048,0.635336,-0.00675455,-0.0839729,0.00497382,-0.0109249,-0.00103283,0,0,-1.73472e-12,-0.000849226,0.082784,0.00953103,0.00220329,0.00171942,-7.10356e-05,0,0,-0.0227323,-0.00645777,0.475475,-0.016417,-0.00931476,0.00672105,-0.00264757,0,0,6.93889e-12,-0.0169841,0.00593683,0.0244142,0.00361442,0.000644522,-0.000107689,0,0,0.00390756,-0.0866244,-0.0160049,0.606988,0.0184897,0.0558872,-0.000911858,0,0,1.73472e-11,-0.00316786,0.0408881,0.00060573,-0.0290332,-0.0252748,0.000942889,0,0,0.0958679,0.0484521,-0.0924175,0.185159,0.362236,-0.0350042,0.0230075,0,0,-6.93889e-12,0.057507,0.00535576,-0.0489564,-0.0266584,0.00228846,0.0017281,0,0,0.0401962,-0.111305,0.0673066,0.561493,-0.0351387,0.411656,-0.00581575,0,0,4.40457e-12,-0.00183267,0.00206601,0.00306646,0.0022306,0.00407635,0.00134115,0,0,-0.0293375,-0.0101018,-0.0262291,-0.00956923,0.0236125,-0.00596204,0.0666001,0,0,0,1.20024e-12,0,1.20024e-12,0,-1.20024e-12,1.20024e-12,0,0,0,0,0,0,0,0,0,0.905991,3.95269e-09,0,0,1.20024e-12,0,1.20024e-12,-2.40048e-12,0,0,0,0,0,0,0,0,0,0,3.95299e-09,0.905991,
-3.90354e-07,0.00303806,0.00296643,-0.00140847,0.000667788,0.000438351,-2.48537e-05,0,0,0.545555,-0.0161066,-0.0245735,0.00349884,0.00953694,0.00398999,-0.00298526,0,0,-2.18436e-08,0.0523547,0.0022666,-0.021969,-0.000613543,0.000126819,-6.25462e-05,0,0,-0.01601,0.635367,-0.00677315,-0.0839887,0.00497607,-0.0109135,-0.00103341,0,0,-3.52628e-07,-0.000831812,0.0827934,0.00954063,0.00221007,0.00172114,-7.07328e-05,0,0,-0.0230995,-0.00647571,0.475528,-0.0164219,-0.00928501,0.00673187,-0.00265004,0,0,1.49547e-07,-0.0171117,0.00594379,0.0245007,0.0036237,0.00063649,-0.000107697,0,0,0.00392352,-0.0866434,-0.0160089,0.606985,0.0184841,0.0558825,-0.000910597,0,0,-2.77328e-06,-0.00321923,0.0409048,0.000687164,-0.0290864,-0.0252922,0.000945548,0,0,0.0960396,0.0484733,-0.0921202,0.185103,0.362303,-0.0349946,0.0229937,0,0,5.75644e-07,0.0574581,0.00536554,-0.0489762,-0.026701,0.00246529,0.00172499,0,0,0.040203,-0.111195,0.0674146,0.561451,-0.0351296,0.411679,-0.00581784,0,0,7.2933e-08,-0.00182892,0.00206923,0.00305941,0.00223201,0.00407456,0.00134297,0,0,-0.0293209,-0.0101073,-0.0262539,-0.00955694,0.0235991,-0.00596421,0.0666013,0,0,-1.20024e-12,0,1.20024e-12,-1.20024e-12,0,0,0,0,0,0,0,0,0,0,0,0,0.905991,4.02411e-09,-1.20024e-12,-1.20024e-12,0,0,-1.20024e-12,1.20024e-12,-1.20024e-12,0,0,0,0,0,0,0,0,0,4.02411e-09,0.905991,
-8.67362e-13,0.00304197,0.0030231,-0.00141428,0.000671009,0.000438212,-2.56886e-05,0,0,0.545623,-0.016112,-0.0249431,0.0035146,0.00955383,0.00399056,-0.00298351,0,0,0,0.0522572,0.00228502,-0.0220594,-0.00061756,0.000121687,-6.2551e-05,0,0,-0.0160153,0.635399,-0.00679179,-0.0840045,0.00497832,-0.0109021,-0.00103399,0,0,0,-0.000815045,0.0828019,0.00954947,0.00221649,0.00172178,-7.14882e-05,0,0,-0.0234671,-0.00649369,0.47558,-0.0164267,-0.00925521,0.00674268,-0.0026525,0,0,6.93889e-12,-0.017239,0.00595105,0.0245874,0.00363311,0.00062889,-0.000107256,0,0,0.00393954,-0.0866624,-0.0160129,0.606982,0.0184786,0.0558777,-0.000909337,0,0,1.38778e-11,-0.00327619,0.0409157,0.000763119,-0.0291421,-0.0253176,0.000939878,0,0,0.096211,0.0484944,-0.0918224,0.185048,0.362371,-0.0349849,0.0229799,0,0,3.46945e-11,0.05741,0.00537641,-0.0489946,-0.0267428,0.00264412,0.00172361,0,0,0.0402095,-0.111085,0.0675224,0.561408,-0.0351204,0.411703,-0.00581993,0,0,2.71051e-12,-0.00182502,0.00207259,0.0030525,0.00223347,0.00407297,0.00134499,0,0,-0.0293042,-0.0101128,-0.0262787,-0.00954467,0.0235856,-0.00596637,0.0666024,0,0,0,0,1.20024e-12,0,1.20024e-12,-1.20024e-12,1.20024e-12,0,0,0,0,0,0,0,0,0,0.905991,4.18914e-09,0,1.20024e-12,-1.20024e-12,0,0,-1.20024e-12,1.20024e-12,0,0,0,0,0,0,0,0,0,4.18914e-09,0.905991,
2.60209e-12,0.00304671,0.00308063,-0.00141932,0.000674232,0.000439243,-2.49614e-05,0,0,0.545689,-0.0161174,-0.0253131,0.00353042,0.00957067,0.00399109,-0.00298177,0,0,2.77556e-11,0.0521594,0.00230352,-0.0221499,-0.000621574,0.000116609,-6.24678e-05,0,0,-0.0160206,0.635431,-0.00681046,-0.0840204,0.00498057,-0.0108907,-0.00103456,0,0,6.93889e-12,-0.000797515,0.0828111,0.00955896,0.00222292,0.00172347,-7.08298e-05,0,0,-0.0238349,-0.0065117,0.475632,-0.0164316,-0.00922537,0.00675348,-0.00265497,0,0,-6.93889e-12,-0.0173667,0.00595799,0.0246739,0.00364251,0.000620826,-0.000107415,0,0,0.00395561,-0.0866815,-0.0160169,0.606978,0.018473,0.0558729,-0.000908079,0,0,3.46945e-12,-0.00332761,0.0409319,0.000844698,-0.0291976,-0.0253346,0.000945316,0,0,0.0963819,0.0485155,-0.0915242,0.184992,0.362439,-0.0349753,0.0229661,0,0,1.38778e-11,0.0573605,0.00538608,-0.0490139,-0.0267844,0.0028215,0.0017199,0,0,0.0402156,-0.110976,0.0676302,0.561366,-0.0351113,0.411726,-0.00582202,0,0,-1.81604e-12,-0.00182126,0.00207581,0.00304541,0.00223492,0.00407114,0.00134672,0,0,-0.0292874,-0.0101183,-0.0263034,-0.00953241,0.0235722,-0.00596854,0.0666036,0,0,0,0,0,0,0,0,0,0,0,0,0,0,0,0,0,0,0.905991,-4.4649e-09,0,1.20024e-12,1.20024e-12,-1.20024e-12,-2.40048e-12,-1.20024e-12,1.20024e-12,0,0,0,0,0,0,0,0,0,-4.4649e-09,0.905991,
-3.90734e-07,0.00305188,0.00313746,-0.00142476,0.000677458,0.000440273,-2.54057e-05,0,0,0.545755,-0.0161228,-0.0256835,0.00354629,0.00958746,0.00399159,-0.00298001,0,0,-2.20102e-08,0.0520615,0.002322,-0.0222403,-0.000625584,0.000111518,-6.24502e-05,0,0,-0.0160258,0.635462,-0.00682916,-0.0840364,0.00498281,-0.0108792,-0.00103514,0,0,-3.54812e-07,-0.000779571,0.0828194,0.00956803,0.00222934,0.00172515,-7.12327e-05,0,0,-0.0242031,-0.00652973,0.475684,-0.0164363,-0.00919547,0.00676426,-0.00265743,0,0,1.50439e-07,-0.0174946,0.00596524,0.0247605,0.00365189,0.000612745,-0.000107122,0,0,0.00397173,-0.0867007,-0.0160207,0.606975,0.0184675,0.0558681,-0.000906823,0,0,-2.78783e-06,-0.00337626,0.0409423,0.000923564,-0.029253,-0.0253515,0.000942406,0,0,0.0965523,0.0485365,-0.0912255,0.184936,0.362507,-0.0349656,0.0229523,0,0,5.77587e-07,0.0573102,0.00539685,-0.0490323,-0.0268259,0.00299917,0.00171793,0,0,0.0402213,-0.110866,0.0677378,0.561323,-0.0351021,0.41175,-0.00582412,0,0,7.32874e-08,-0.00181757,0.00207918,0.00303839,0.00223635,0.0040693,0.00134867,0,0,-0.0292706,-0.0101238,-0.0263282,-0.00952017,0.0235588,-0.0059707,0.0666048,0,0,0,0,0,1.20024e-12,0,0,-1.20024e-12,0,0,0,0,0,0,0,0,0,0.905991,-4.60322e-09,0,0,0,-1.20024e-12,0,0,1.20024e-12,0,0,0,0,0,0,0,0,0,-4.60322e-09,0.905991,
0,0.00305632,0.00319435,-0.00143022,0.000680297,0.000440518,-2.54592e-05,0,0,0.545821,-0.0161283,-0.0260541,0.00356221,0.00960422,0.00399204,-0.00297824,0,0,0,0.0519633,0.00234051,-0.0223307,-0.000629612,0.000106371,-6.24102e-05,0,0,-0.0160311,0.635494,-0.0068479,-0.0840525,0.00498504,-0.0108678,-0.00103571,0,0,3.46945e-12,-0.000762278,0.0828275,0.00957704,0.0022354,0.00172611,-7.1281e-05,0,0,-0.0245717,-0.00654781,0.475735,-0.016441,-0.00916553,0.00677504,-0.00265989,0,0,1.38778e-11,-0.0176224,0.00597247,0.0248472,0.0036614,0.00060495,-0.000106979,0,0,0.0039879,-0.08672,-0.0160246,0.606972,0.0184619,0.0558633,-0.000905568,0,0,-1.73472e-11,-0.00343051,0.0409525,0.0010025,-0.0293109,-0.0253738,0.000942274,0,0,0.0967224,0.0485575,-0.0909264,0.184881,0.362574,-0.034956,0.0229385,0,0,-6.93889e-12,0.0572608,0.00540756,-0.0490504,-0.0268667,0.00317826,0.00171536,0,0,0.0402265,-0.110756,0.0678452,0.56128,-0.035093,0.411773,-0.00582621,0,0,-9.21572e-12,-0.00181372,0.00208256,0.00303134,0.00223784,0.00406759,0.00135054,0,0,-0.0292536,-0.0101293,-0.0263529,-0.00950794,0.0235454,-0.00597287,0.0666059,0,0,0,0,2.40048e-12,0,0,-2.40048e-12,0,0,0,0,0,0,0,0,0,0,0.905991,-4.58882e-09,0,0,-1.20024e-12,2.40048e-12,-2.40048e-12,1.20024e-12,0,0,0,0,0,0,0,0,0,0,-4.58912e-09,0.905991,
-1.73472e-12,0.00306119,0.00325249,-0.00143608,0.000683528,0.000441153,-2.55125e-05,0,0,0.545885,-0.0161337,-0.0264251,0.00357818,0.00962093,0.00399245,-0.00297647,0,0,0,0.0518648,0.00235911,-0.0224212,-0.000633615,0.000101234,-6.23698e-05,0,0,-0.0160364,0.635527,-0.00686666,-0.0840686,0.00498727,-0.0108563,-0.00103628,0,0,1.73472e-12,-0.000744572,0.0828366,0.00958563,0.00224181,0.00172741,-7.1329e-05,0,0,-0.0249405,-0.00656591,0.475787,-0.0164456,-0.00913555,0.0067858,-0.00266235,0,0,-1.38778e-11,-0.0177503,0.00597925,0.024934,0.00367075,0.000596987,-0.000106836,0,0,0.00400412,-0.0867393,-0.0160283,0.606968,0.0184563,0.0558586,-0.000904315,0,0,3.46945e-12,-0.00348199,0.0409707,0.0010787,-0.0293658,-0.0253931,0.000942138,0,0,0.0968921,0.0485784,-0.0906268,0.184825,0.362642,-0.0349463,0.0229247,0,0,1.38778e-11,0.0572105,0.00541648,-0.0490675,-0.0269079,0.00335705,0.00171279,0,0,0.0402314,-0.110646,0.0679526,0.561238,-0.0350838,0.411797,-0.0058283,0,0,4.98733e-12,-0.00180994,0.00208573,0.00302435,0.00223925,0.00406578,0.00135241,0,0,-0.0292366,-0.0101348,-0.0263776,-0.00949572,0.023532,-0.00597504,0.0666071,0,0,0,-1.20024e-12,0,1.20024e-12,-2.40048e-12,0,-1.20024e-12,0,0,0,0,0,0,0,0,0,0.905991,-4.44029e-09,0,0,0,0,0,0,0,0,0,0,0,0,0,0,0,0,-4.43969e-09,0.905991,
-4.33681e-13,0.00306649,0.00330914,-0.00144078,0.000686372,0.000441785,-2.55656e-05,0,0,0.545949,-0.0161391,-0.0267965,0.00359421,0.0096376,0.00399282,-0.00297469,0,0,-2.77556e-11,0.0517662,0.00237766,-0.0225115,-0.000637636,9.60848e-05,-6.23291e-05,0,0,-0.0160417,0.635559,-0.00688547,-0.0840848,0.0049895,-0.0108449,-0.00103686,0,0,5.20417e-12,-0.000726449,0.0828441,0.00959523,0.00224787,0.00172869,-7.13767e-05,0,0,-0.0253097,-0.00658404,0.475838,-0.0164502,-0.00910552,0.00679654,-0.00266482,0,0,3.46945e-12,-0.0178785,0.00598662,0.0250203,0.00368023,0.000589009,-0.000106692,0,0,0.00402039,-0.0867587,-0.016032,0.606965,0.0184508,0.0558538,-0.000903063,0,0,0,-0.00353069,0.0409776,0.00116336,-0.0294234,-0.0254123,0.000941998,0,0,0.0970613,0.0485992,-0.0903267,0.18477,0.36271,-0.0349367,0.0229109,0,0,-6.93889e-11,0.0571594,0.00542766,-0.0490862,-0.0269485,0.00353613,0.00171021,0,0,0.0402359,-0.110536,0.0680598,0.561195,-0.0350747,0.411821,-0.0058304,0,0,-1.13841e-11,-0.00180622,0.00208919,0.00301713,0.00224071,0.00406396,0.00135427,0,0,-0.0292196,-0.0101403,-0.0264023,-0.00948352,0.0235186,-0.00597721,0.0666083,0,0,0,1.20024e-12,1.20024e-12,-1.20024e-12,-1.20024e-12,0,1.20024e-12,0,0,0,0,0,0,0,0,0,0.905991,4.19724e-09,0,2.40048e-12,2.40048e-12,-2.40048e-12,0,0,0,0,0,0,0,0,0,0,0,0,4.19694e-09,0.905991,
-4.33681e-13,0.00307145,0.00336665,-0.00144667,0.000690391,0.000442415,-2.56185e-05,0,0,0.546012,-0.0161446,-0.0271681,0.00361028,0.00965423,0.00399315,-0.00297291,0,0,0,0.0516673,0.00239627,-0.0226019,-0.000641587,9.09232e-05,-6.22881e-05,0,0,-0.016047,0.635591,-0.0069043,-0.084101,0.00499172,-0.0108334,-0.00103743,0,0,-5.20417e-12,-0.000708623,0.0828523,0.0096037,0.00225499,0.00172996,-7.14239e-05,0,0,-0.0256792,-0.00660221,0.47589,-0.0164547,-0.00907544,0.00680727,-0.00266728,0,0,1.73472e-11,-0.0180066,0.00599369,0.0251072,0.00368924,0.000581015,-0.000106548,0,0,0.00403671,-0.0867781,-0.0160357,0.606961,0.0184452,0.055849,-0.000901812,0,0,-3.46945e-12,-0.0035822,0.0409897,0.00123969,-0.0294724,-0.0254313,0.000941853,0,0,0.0972301,0.04862,-0.0900262,0.184714,0.362778,-0.034927,0.0228971,0,0,-1.38778e-11,0.0571086,0.00543763,-0.0491028,-0.0269906,0.00371548,0.00170762,0,0,0.04024,-0.110425,0.0681668,0.561152,-0.0350655,0.411844,-0.00583249,0,0,7.77915e-12,-0.00180243,0.00209251,0.0030101,0.00224194,0.00406212,0.00135613,0,0,-0.0292024,-0.0101457,-0.026427,-0.00947134,0.0235052,-0.00597938,0.0666094,0,0,0,0,0,1.20024e-12,-1.20024e-12,2.40048e-12,1.20024e-12,0,0,0,0,0,0,0,0,0,0.905991,4.09672e-09,0,0,0,0,0,-1.20024e-12,-1.20024e-12,0,0,0,0,0,0,0,0,0,4.09642e-09,0.905991,
3.91318e-07,0.00307646,0.00342423,-0.00145217,0.000693239,0.000443043,-2.56712e-05,0,0,0.546075,-0.01615,-0.0275401,0.00362641,0.00967081,0.00399344,-0.00297111,0,0,2.22322e-08,0.0515682,0.00241492,-0.0226923,-0.0006456,8.57495e-05,-6.22467e-05,0,0,-0.0160523,0.635624,-0.00692317,-0.0841173,0.00499393,-0.0108219,-0.001038,0,0,3.58465e-07,-0.000690737,0.0828602,0.00961246,0.00226104,0.00173121,-7.14708e-05,0,0,-0.0260491,-0.00662041,0.475941,-0.0164592,-0.00904531,0.00681799,-0.00266973,0,0,-1.51899e-07,-0.0181348,0.00600075,0.0251939,0.00369869,0.000573005,-0.000106403,0,0,0.00405309,-0.0867977,-0.0160393,0.606957,0.0184397,0.0558442,-0.000900563,0,0,2.81194e-06,-0.00363372,0.0410016,0.00131889,-0.0295295,-0.0254502,0.000941704,0,0,0.0973985,0.0486408,-0.0897253,0.184659,0.362845,-0.0349173,0.0228834,0,0,-5.81049e-07,0.0570575,0.00544755,-0.0491196,-0.0270308,0.00389511,0.00170503,0,0,0.0402437,-0.110315,0.0682738,0.56111,-0.0350564,0.411868,-0.00583459,0,0,-7.39171e-08,-0.00179862,0.00209584,0.00300298,0.00224337,0.00406026,0.00135798,0,0,-0.0291852,-0.0101512,-0.0264517,-0.00945917,0.0234918,-0.00598156,0.0666106,0,0,0,2.40048e-12,0,2.40048e-12,0,0,-2.40048e-12,0,0,0,0,0,0,0,0,0,0.905991,4.10572e-09,0,-2.40048e-12,0,-2.40048e-12,0,0,2.40048e-12,0,0,0,0,0,0,0,0,0,4.10602e-09,0.905991,
8.67362e-13,0.0030819,0.00348267,-0.00145769,0.00069609,0.000443669,-2.61151e-05,0,0,0.546137,-0.0161554,-0.0279125,0.0036426,0.00968735,0.00399369,-0.00296931,0,0,5.55112e-11,0.0514689,0.00243364,-0.0227826,-0.00064961,8.05635e-05,-6.22273e-05,0,0,-0.0160576,0.635657,-0.00694208,-0.0841337,0.00499614,-0.0108104,-0.00103857,0,0,0,-0.000672433,0.0828688,0.00962116,0.00226709,0.00173245,-7.18765e-05,0,0,-0.0264193,-0.00663864,0.475992,-0.0164636,-0.00901514,0.00682869,-0.00267219,0,0,2.42861e-11,-0.0182632,0.00600749,0.0252806,0.00370812,0.000564979,-0.000106105,0,0,0.00406951,-0.0868173,-0.0160428,0.606954,0.0184341,0.0558394,-0.000899316,0,0,-1.04083e-11,-0.00368245,0.0410189,0.00139815,-0.0295865,-0.0254689,0.000938733,0,0,0.0975664,0.0486615,-0.0894238,0.184603,0.362913,-0.0349077,0.0228696,0,0,-6.93889e-12,0.0570056,0.00545624,-0.0491362,-0.0270708,0.00407501,0.001703,0,0,0.040247,-0.110204,0.0683805,0.561067,-0.0350472,0.411891,-0.00583669,0,0,6.451e-12,-0.00179489,0.00209902,0.00299585,0.00224479,0.00405839,0.00135991,0,0,-0.0291679,-0.0101566,-0.0264764,-0.00944702,0.0234784,-0.00598373,0.0666118,0,0,0,0,0,1.20024e-12,1.20024e-12,0,0,0,0,0,0,0,0,0,0,0,0.905991,4.21555e-09,0,0,-1.20024e-12,1.20024e-12,-1.20024e-12,0,1.20024e-12,0,0,0,0,0,0,0,0,0,4.21435e-09,0.905991,
-4.33681e-13,0.00308661,0.00354,-0.00146323,0.000699725,0.000444292,-2.53845e-05,0,0,0.546198,-0.0161609,-0.0282852,0.00365883,0.00970385,0.0039939,-0.0029675,0,0,-2.77556e-11,0.0513693,0.00245233,-0.022873,-0.000653572,7.53653e-05,-6.21406e-05,0,0,-0.0160629,0.63569,-0.00696101,-0.0841501,0.00499834,-0.0107989,-0.00103913,0,0,-6.93889e-12,-0.000654787,0.0828761,0.00962979,0.00227385,0.00173367,-7.12035e-05,0,0,-0.0267898,-0.0066569,0.476043,-0.016468,-0.00898492,0.00683938,-0.00267465,0,0,-2.08167e-11,-0.0183914,0.00601469,0.0253673,0.00371723,0.000556937,-0.000106264,0,0,0.00408599,-0.086837,-0.0160463,0.60695,0.0184286,0.0558346,-0.000898071,0,0,6.93889e-12,-0.00373683,0.0410274,0.00147747,-0.0296376,-0.0254875,0.000944214,0,0,0.0977339,0.0486821,-0.0891219,0.184548,0.362981,-0.034898,0.0228558,0,0,2.77556e-11,0.0569546,0.00546662,-0.0491524,-0.0271119,0.0042552,0.00169923,0,0,0.0402499,-0.110094,0.0684872,0.561024,-0.035038,0.411915,-0.00583878,0,0,-5.8818e-12,-0.001791,0.00210243,0.0029887,0.00224605,0.0040565,0.00136161,0,0,-0.0291505,-0.0101621,-0.0265011,-0.00943488,0.023465,-0.00598591,0.066613,0,0,0,0,0,-1.20024e-12,0,0,0,0,0,0,0,0,0,0,0,0,0.905991,-4.43249e-09,0,0,-1.20024e-12,0,0,0,1.20024e-12,0,0,0,0,0,0,0,0,0,-4.43189e-09,0.905991,
1.30104e-12,0.00309214,0.00359781,-0.00146917,0.000703363,0.000444914,-2.54365e-05,0,0,0.546258,-0.0161663,-0.0286582,0.00367512,0.0097203,0.00399407,-0.00296568,0,0,2.77556e-11,0.0512696,0.00247106,-0.0229633,-0.000657529,7.01548e-05,-6.20981e-05,0,0,-0.0160681,0.635724,-0.00697999,-0.0841667,0.00500054,-0.0107874,-0.0010397,0,0,-3.46945e-12,-0.000636361,0.0828837,0.009638,0.00228061,0.00173488,-7.12486e-05,0,0,-0.0271607,-0.0066752,0.476094,-0.0164723,-0.00895466,0.00685006,-0.0026771,0,0,3.46945e-12,-0.01852,0.00602173,0.0254542,0.00372633,0.00054888,-0.000106118,0,0,0.00410252,-0.0868567,-0.0160497,0.606946,0.018423,0.0558298,-0.000896827,0,0,-6.93889e-12,-0.00378558,0.0410386,0.00155403,-0.0296886,-0.0255059,0.000944056,0,0,0.097901,0.0487027,-0.0888196,0.184492,0.363049,-0.0348883,0.022842,0,0,3.46945e-11,0.0569021,0.00547637,-0.0491678,-0.0271529,0.00443567,0.00169661,0,0,0.0402524,-0.109983,0.0685937,0.560982,-0.0350289,0.411938,-0.00584088,0,0,8.94467e-13,-0.00178725,0.00210577,0.0029816,0.00224729,0.00405459,0.00136345,0,0,-0.029133,-0.0101675,-0.0265258,-0.00942275,0.0234516,-0.00598808,0.0666141,0,0,0,0,-1.20024e-12,1.20024e-12,-1.20024e-12,1.20024e-12,-1.20024e-12,0,0,0,0,0,0,0,0,0,0.905991,-4.51201e-09,0,0,0,0,1.20024e-12,0,0,0,0,0,0,0,0,0,0,0,-4.51201e-09,0.905991,
0,0.00309733,0.00365529,-0.00147433,0.000705829,0.000445533,-2.588e-05,0,0,0.546318,-0.0161718,-0.0290316,0.00369146,0.00973671,0.0039942,-0.00296385,0,0,-2.77556e-11,0.0511696,0.0024898,-0.0230536,-0.00066155,6.49321e-05,-6.20777e-05,0,0,-0.0160735,0.635757,-0.00699899,-0.0841832,0.00500273,-0.0107759,-0.00104027,0,0,1.04083e-11,-0.000618235,0.0828908,0.00964687,0.00228629,0.00173607,-7.16546e-05,0,0,-0.0275319,-0.00669352,0.476144,-0.0164765,-0.00892435,0.00686072,-0.00267956,0,0,-3.46945e-12,-0.0186485,0.00602891,0.0255408,0.00373586,0.000540806,-0.000105818,0,0,0.0041191,-0.0868765,-0.016053,0.606942,0.0184174,0.055825,-0.000895584,0,0,2.08167e-11,-0.00383717,0.0410466,0.00163631,-0.0297478,-0.0255242,0.000941063,0,0,0.0980677,0.0487232,-0.0885168,0.184436,0.363116,-0.0348787,0.0228282,0,0,4.85723e-11,0.05685,0.00548664,-0.049184,-0.0271919,0.00461641,0.00169456,0,0,0.0402545,-0.109873,0.0687,0.560939,-0.0350197,0.411962,-0.00584298,0,0,8.13152e-12,-0.00178342,0.00210919,0.00297434,0.00224874,0.00405267,0.00136537,0,0,-0.0291155,-0.0101729,-0.0265504,-0.00941065,0.0234382,-0.00599026,0.0666153,0,0,0,0,0,0,0,0,-2.40048e-12,-5.64113e-11,0,0,0,0,0,0,0,0,0.905991,-4.45199e-09,0,0,0,0,1.20024e-12,0,1.20024e-12,0,0,0,0,0,0,0,0,0,-4.45169e-09,0.905991,
4.33681e-13,0.00310217,0.00371363,-0.00147951,0.00070908,0.00044615,-2.55399e-05,0,0,0.546377,-0.0161773,-0.0294053,0.00370785,0.00975308,0.00399429,-0.00296202,0,0,0,0.0510693,0.00250862,-0.0231438,-0.000665522,5.96972e-05,-6.20121e-05,0,0,-0.0160788,0.635791,-0.00701803,-0.0841999,0.00500492,-0.0107643,-0.00104083,0,0,3.46945e-12,-0.000600411,0.0828984,0.00965567,0.00229268,0.00173725,-7.13375e-05,0,0,-0.0279034,-0.00671188,0.476195,-0.0164807,-0.00889399,0.00687137,-0.00268201,0,0,0,-0.0187769,0.00603578,0.0256274,0.00374508,0.000532716,-0.000105825,0,0,0.00413573,-0.0868964,-0.0160563,0.606939,0.0184119,0.0558202,-0.000894343,0,0,0,-0.00389161,0.04106,0.00171866,-0.0298011,-0.0255423,0.000943727,0,0,0.098234,0.0487437,-0.0882135,0.184381,0.363184,-0.034869,0.0228145,0,0,4.85723e-11,0.0567982,0.00549569,-0.0491998,-0.0272319,0.00479743,0.00169134,0,0,0.0402562,-0.109762,0.0688062,0.560896,-0.0350105,0.411986,-0.00584508,0,0,3.41524e-12,-0.0017795,0.00211247,0.00296706,0.00225002,0.00405072,0.00136713,0,0,-0.0290979,-0.0101783,-0.0265751,-0.00939856,0.0234248,-0.00599244,0.0666165,0,0,0,0,0,0,0,0,0,0,0,0,0,0,0,0,0,0,0.905991,4.27676e-09,0,0,3.60072e-12,0,-3.60072e-12,0,0,0,0,0,0,0,0,0,0,0,4.27616e-09,0.905991,
-4.33681e-13,0.00310705,0.00377165,-0.0014851,0.000712724,0.000446374,-2.59832e-05,0,0,0.546435,-0.0161827,-0.0297794,0.0037243,0.0097694,0.00399434,-0.00296017,0,0,0,0.0509688,0.00252744,-0.0232341,-0.000669468,5.44275e-05,-6.19911e-05,0,0,-0.0160841,0.635825,-0.0070371,-0.0842166,0.0050071,-0.0107528,-0.00104139,0,0,-3.46945e-12,-0.000582528,0.0829056,0.00966405,0.00229943,0.00173806,-7.17442e-05,0,0,-0.0282754,-0.00673027,0.476245,-0.0164848,-0.00886359,0.006882,-0.00268447,0,0,-2.77556e-11,-0.0189055,0.0060428,0.0257141,0.00375412,0.000524763,-0.000105523,0,0,0.00415241,-0.0869164,-0.0160595,0.606935,0.0184063,0.0558154,-0.000893104,0,0,1.04083e-11,-0.00394608,0.0410703,0.00179824,-0.0298514,-0.0255631,0.000940715,0,0,0.0983998,0.0487641,-0.0879098,0.184325,0.363252,-0.0348593,0.0228007,0,0,2.77556e-11,0.0567461,0.00550526,-0.0492148,-0.0272724,0.00497932,0.00168928,0,0,0.0402575,-0.109651,0.0689123,0.560854,-0.0350014,0.412009,-0.00584718,0,0,-6.17995e-12,-0.00177558,0.00211582,0.00295983,0.00225122,0.00404883,0.00136903,0,0,-0.0290802,-0.0101836,-0.0265997,-0.00938648,0.0234114,-0.00599462,0.0666176,0,0,0,0,0,0,0,0,0,0,0,0,0,0,0,0,0,0,0.905991,4.23595e-09,0,0,0,0,0,0,0,0,0,0,0,0,0,0,0,0,4.23595e-09,0.905991,
4.33681e-13,0.00311238,0.00382975,-0.00149109,0.000715587,0.000447378,-2.60345e-05,0,0,0.546492,-0.0161882,-0.0301539,0.00374079,0.00978568,0.00399434,-0.00295832,0,0,2.77556e-11,0.0508681,0.00254629,-0.0233243,-0.000673454,4.91906e-05,-6.19472e-05,0,0,-0.0160894,0.635859,-0.00705621,-0.0842334,0.00500928,-0.0107413,-0.00104196,0,0,-1.56125e-11,-0.000564223,0.0829126,0.00967199,0.00230545,0.00173957,-7.17885e-05,0,0,-0.0286476,-0.0067487,0.476296,-0.0164888,-0.00883314,0.00689262,-0.00268692,0,0,-1.73472e-11,-0.0190342,0.00604981,0.025801,0.00376345,0.000516488,-0.000105375,0,0,0.00416914,-0.0869364,-0.0160627,0.606931,0.0184008,0.0558106,-0.000891866,0,0,0,-0.00399773,0.0410804,0.00187505,-0.0299072,-0.025578,0.000940535,0,0,0.0985652,0.0487845,-0.0876057,0.18427,0.36332,-0.0348496,0.0227869,0,0,6.245e-11,0.0566931,0.00551478,-0.0492289,-0.0273116,0.00516032,0.00168663,0,0,0.0402583,-0.10954,0.0690182,0.560811,-0.0349922,0.412033,-0.00584928,0,0,-1.04626e-11,-0.00177173,0.00211919,0.00295266,0.00225255,0.00404678,0.00137086,0,0,-0.0290624,-0.010189,-0.0266243,-0.00937442,0.0233981,-0.0059968,0.0666188,0,0,0,-1.20024e-12,1.20024e-12,0,-1.20024e-12,0,0,0,0,0,0,0,0,0,0,0,0.905991,-4.30947e-09,0,0,0,0,0,0,0,0,0,0,0,0,0,0,0,0,-4.30917e-09,0.905991,
2.60209e-12,0.00311853,0.00388792,-0.0014967,0.000718844,0.000447989,-2.60856e-05,0,0,0.546549,-0.0161937,-0.0305287,0.00375735,0.00980191,0.00399431,-0.00295647,0,0,5.55112e-11,0.0507672,0.00256517,-0.0234145,-0.000677414,4.39189e-05,-6.1903e-05,0,0,-0.0160947,0.635893,-0.00707535,-0.0842502,0.00501145,-0.0107297,-0.00104252,0,0,1.21431e-11,-0.000545128,0.0829195,0.00968024,0.00231184,0.0017407,-7.18323e-05,0,0,-0.0290202,-0.00676715,0.476346,-0.0164928,-0.00880264,0.00690322,-0.00268937,0,0,3.46945e-12,-0.0191633,0.00605681,0.0258878,0.00377261,0.00050835,-0.000105226,0,0,0.00418593,-0.0869566,-0.0160658,0.606927,0.0183952,0.0558058,-0.000890631,0,0,-3.46945e-12,-0.0040437,0.0410902,0.00195475,-0.0299599,-0.0255956,0.00094035,0,0,0.0987301,0.0488048,-0.087301,0.184214,0.363387,-0.0348399,0.0227732,0,0,3.46945e-11,0.0566387,0.00552424,-0.0492433,-0.0273512,0.00534217,0.00168397,0,0,0.0402588,-0.109429,0.0691239,0.560768,-0.0349831,0.412057,-0.00585139,0,0,-5.74627e-12,-0.00176802,0.00212255,0.0029454,0.00225379,0.00404478,0.00137268,0,0,-0.0290445,-0.0101944,-0.026649,-0.00936238,0.0233847,-0.00599898,0.06662,0,0,0,0,1.20024e-12,-1.20024e-12,0,0,0,1.17624e-10,0,0,0,0,0,0,0,0,0.905991,4.25936e-09,0,0,2.40048e-12,-2.40048e-12,0,0,0,0,0,0,0,0,0,0,0,0,4.25936e-09,0.905991,
2.1684e-12,0.00312356,0.00394617,-0.00150271,0.000722495,0.000448598,-2.61365e-05,0,0,0.546605,-0.0161991,-0.0309038,0.00377395,0.0098181,0.00399424,-0.0029546,0,0,0,0.0506661,0.00258408,-0.0235047,-0.000681348,3.86349e-05,-6.18584e-05,0,0,-0.0161,0.635927,-0.00709452,-0.0842672,0.00501361,-0.0107181,-0.00104308,0,0,5.20417e-12,-0.000527064,0.0829263,0.00968805,0.00231858,0.00174182,-7.18758e-05,0,0,-0.0293932,-0.00678564,0.476396,-0.0164968,-0.0087721,0.00691381,-0.00269182,0,0,0,-0.0192921,0.0060638,0.0259747,0.0037816,0.000500196,-0.000105077,0,0,0.00420276,-0.0869768,-0.0160688,0.606923,0.0183897,0.055801,-0.000889396,0,0,-2.42861e-11,-0.00409822,0.0410997,0.00203166,-0.0300095,-0.0256131,0.00094016,0,0,0.0988947,0.048825,-0.086996,0.184159,0.363455,-0.0348303,0.0227594,0,0,-2.77556e-11,0.0565858,0.00553364,-0.0492567,-0.0273912,0.00552431,0.0016813,0,0,0.0402589,-0.109318,0.0692295,0.560726,-0.0349739,0.41208,-0.00585349,0,0,1.12215e-11,-0.00176408,0.00212592,0.0029382,0.00225494,0.00404277,0.0013745,0,0,-0.0290266,-0.0101997,-0.0266736,-0.00935036,0.0233713,-0.00600116,0.0666211,0,0,0,0,0,0,0,0,2.40048e-12,0,0,0,0,0,0,0,0,0,0.905991,-4.32477e-09,0,0,0,0,0,0,0,0,0,0,0,0,0,0,0,0,-4.32507e-09,0.905991,
-4.33681e-13,0.00312902,0.00400449,-0.00150835,0.000726147,0.000449204,-2.57949e-05,0,0,0.54666,-0.0162046,-0.0312794,0.00379061,0.00983425,0.00399412,-0.00295273,0,0,0,0.0505647,0.00260301,-0.0235949,-0.000685277,3.33387e-05,-6.17909e-05,0,0,-0.0161053,0.635962,-0.00711373,-0.0842841,0.00501577,-0.0107065,-0.00104364,0,0,0,-0.000508575,0.0829329,0.00969617,0.00232532,0.00174293,-7.15531e-05,0,0,-0.0297665,-0.00680416,0.476446,-0.0165006,-0.00874151,0.00692438,-0.00269427,0,0,1.38778e-11,-0.019421,0.00607079,0.0260615,0.00379057,0.000492026,-0.000105082,0,0,0.00421965,-0.086997,-0.0160718,0.606919,0.0183841,0.0557962,-0.000888164,0,0,6.93889e-12,-0.00414992,0.041109,0.00211148,-0.030059,-0.0256304,0.000942826,0,0,0.0990588,0.0488452,-0.0866904,0.184103,0.363523,-0.0348206,0.0227456,0,0,2.77556e-11,0.056532,0.00554299,-0.0492704,-0.0274311,0.00570673,0.00167804,0,0,0.0402586,-0.109207,0.0693349,0.560683,-0.0349647,0.412104,-0.00585559,0,0,8.23994e-12,-0.0017602,0.0021293,0.0029309,0.00225607,0.00404074,0.00137624,0,0,-0.0290086,-0.0102051,-0.0266982,-0.00933835,0.023358,-0.00600334,0.0666223,0,0,0,0,-1.20024e-12,0,0,0,1.20024e-12,5.76116e-11,0,0,0,0,0,0,0,0,0.905991,4.26746e-09,0,0,0,0,0,0,0,-1.20024e-12,0,0,0,0,0,0,0,0,4.26806e-09,0.905991,
-3.03577e-12,0.00313492,0.00406289,-0.00151361,0.000729409,0.000449416,-2.62377e-05,0,0,0.546715,-0.0162101,-0.0316553,0.00380731,0.00985035,0.00399396,-0.00295084,0,0,-2.77556e-11,0.0504631,0.00262198,-0.023685,-0.000689225,2.80076e-05,-6.17682e-05,0,0,-0.0161106,0.635997,-0.00713297,-0.0843012,0.00501793,-0.0106949,-0.0010442,0,0,-8.67362e-12,-0.000489658,0.0829393,0.00970458,0.0023317,0.00174365,-7.19615e-05,0,0,-0.0301402,-0.00682271,0.476495,-0.0165045,-0.00871088,0.00693494,-0.00269671,0,0,0,-0.0195502,0.00607777,0.0261482,0.00379968,0.000483995,-0.000104777,0,0,0.00423659,-0.0870174,-0.0160747,0.606914,0.0183786,0.0557914,-0.000886933,0,0,4.51028e-11,-0.00419876,0.041118,0.00219423,-0.0301111,-0.0256504,0.000939768,0,0,0.0992224,0.0488653,-0.0863844,0.184048,0.36359,-0.0348109,0.0227319,0,0,0,0.0564773,0.00555228,-0.0492844,-0.0274703,0.00589002,0.00167594,0,0,0.0402578,-0.109095,0.0694402,0.56064,-0.0349556,0.412128,-0.0058577,0,0,-7.96889e-12,-0.0017564,0.00213267,0.00292351,0.00225727,0.00403876,0.00137813,0,0,-0.0289905,-0.0102104,-0.0267227,-0.00932635,0.0233446,-0.00600552,0.0666235,0,0,0,0,1.20024e-12,0,-1.20024e-12,-1.20024e-12,0,3.60072e-12,0,0,0,0,0,0,0,0,0.905991,-4.32777e-09,0,0,0,-1.20024e-12,1.20024e-12,1.20024e-12,0,-2.40048e-12,0,0,0,0,0,0,0,0,-4.32777e-09,0.905991,
-3.92426e-07,0.0031397,0.00412097,-0.00151887,0.000731888,0.000450017,-2.58955e-05,0,0,0.546769,-0.0162156,-0.0320315,0.00382408,0.00986641,0.00399377,-0.00294895,0,0,-2.27318e-08,0.0503612,0.00264095,-0.0237751,-0.000693214,2.26869e-05,-6.16999e-05,0,0,-0.016116,0.636032,-0.00715225,-0.0843183,0.00502007,-0.0106833,-0.00104475,0,0,-3.67182e-07,-0.00047178,0.0829453,0.00971292,0.00233733,0.00174472,-7.16366e-05,0,0,-0.0305142,-0.0068413,0.476545,-0.0165082,-0.0086802,0.00694548,-0.00269916,0,0,1.55424e-07,-0.019679,0.0060849,0.0262348,0.00380908,0.000475792,-0.000104782,0,0,0.00425358,-0.0870378,-0.0160775,0.60691,0.018373,0.0557866,-0.000885704,0,0,-2.86914e-06,-0.00425621,0.0411239,0.00227705,-0.0301687,-0.0256674,0.000942434,0,0,0.0993856,0.0488853,-0.086078,0.183993,0.363658,-0.0348012,0.0227181,0,0,5.88883e-07,0.0564241,0.00556211,-0.049298,-0.0275081,0.00607299,0.00167266,0,0,0.0402567,-0.108984,0.0695453,0.560598,-0.0349464,0.412151,-0.0058598,0,0,7.53253e-08,-0.00175236,0.00213613,0.00291611,0.0022586,0.00403669,0.00137986,0,0,-0.0289723,-0.0102157,-0.0267473,-0.00931438,0.0233312,-0.00600771,0.0666246,0,0,0,0,-1.20024e-12,0,0,0,0,0,0,0,0,0,0,0,0,0,0.905991,4.26476e-09,0,0,1.20024e-12,0,0,0,0,0,0,0,0,0,0,0,0,0,4.26476e-09,0.905991,
1.30104e-12,0.00314569,0.0041799,-0.00152455,0.000735546,0.000451402,-2.59455e-05,0,0,0.546822,-0.0162211,-0.0324081,0.00384089,0.00988242,0.00399353,-0.00294706,0,0,0,0.0502592,0.00266,-0.0238652,-0.000697131,1.73992e-05,-6.16538e-05,0,0,-0.0161213,0.636067,-0.00717156,-0.0843355,0.00502222,-0.0106717,-0.00104531,0,0,6.93889e-12,-0.000452739,0.0829519,0.00972083,0.00234406,0.00174652,-7.16778e-05,0,0,-0.0308886,-0.00685991,0.476595,-0.0165119,-0.00864947,0.006956,-0.0027016,0,0,-1.04083e-11,-0.0198084,0.00609171,0.0263216,0.00381799,0.000467263,-0.000104631,0,0,0.00427063,-0.0870583,-0.0160803,0.606906,0.0183675,0.0557818,-0.000884476,0,0,0,-0.00430508,0.0411352,0.00235706,-0.0302174,-0.0256785,0.000942231,0,0,0.0995484,0.0489053,-0.0857711,0.183937,0.363726,-0.0347915,0.0227044,0,0,9.02056e-11,0.0563689,0.00557069,-0.0493108,-0.0275475,0.00625507,0.00166996,0,0,0.0402551,-0.108872,0.0696503,0.560555,-0.0349372,0.412175,-0.00586191,0,0,9.16151e-12,-0.00174854,0.00213945,0.00290875,0.00225968,0.00403446,0.00138167,0,0,-0.0289541,-0.010221,-0.0267719,-0.00930242,0.0233179,-0.00600989,0.0666258,0,0,0,0,0,0,-1.20024e-12,-1.20024e-12,0,0,0,0,0,0,0,0,0,0,0.905991,-4.31967e-09,0,0,0,0,1.20024e-12,1.20024e-12,0,0,0,0,0,0,0,0,0,0,-4.31907e-09,0.905991,
-8.67362e-13,0.00315173,0.00423813,-0.00153063,0.000739205,0.000451607,-2.63879e-05,0,0,0.546874,-0.0162265,-0.0327851,0.00385776,0.00989839,0.00399325,-0.00294515,0,0,0,0.0501569,0.00267903,-0.0239553,-0.000701044,1.20313e-05,-6.16301e-05,0,0,-0.0161266,0.636102,-0.0071909,-0.0843528,0.00502435,-0.0106601,-0.00104586,0,0,-6.93889e-12,-0.000433636,0.0829576,0.00972831,0.00235079,0.00174719,-7.20872e-05,0,0,-0.0312633,-0.00687856,0.476644,-0.0165155,-0.0086187,0.00696651,-0.00270405,0,0,1.73472e-11,-0.0199378,0.00609882,0.0264086,0.00382689,0.000459184,-0.000104323,0,0,0.00428772,-0.0870789,-0.0160831,0.606902,0.0183619,0.055777,-0.000883251,0,0,-2.08167e-11,-0.00435396,0.0411405,0.00243426,-0.030266,-0.0256981,0.000939145,0,0,0.0997107,0.0489253,-0.0854637,0.183882,0.363793,-0.0347818,0.0226906,0,0,-1.38778e-11,0.0563134,0.0055804,-0.0493226,-0.0275867,0.0064392,0.00166784,0,0,0.0402531,-0.108761,0.069755,0.560512,-0.0349281,0.412199,-0.00586401,0,0,2.98156e-12,-0.00174471,0.00214292,0.00290146,0.00226076,0.00403243,0.00138354,0,0,-0.0289357,-0.0102263,-0.0267964,-0.00929048,0.0233045,-0.00601208,0.066627,0,0,0,0,0,0,-1.20024e-12,0,-1.20024e-12,1.15223e-10,0,0,0,0,0,0,0,0,0.905991,4.25245e-09,0,0,0,0,0,0,0,0,0,0,0,0,0,0,0,0,4.25245e-09,0.905991,
4.33681e-13,0.00315704,0.00429722,-0.00153593,0.00074208,0.000451809,-2.64375e-05,0,0,0.546926,-0.016232,-0.0331625,0.00387468,0.00991431,0.00399292,-0.00294324,0,0,0,0.0500544,0.00269813,-0.0240453,-0.000704998,6.6509e-06,-6.15834e-05,0,0,-0.016132,0.636138,-0.00721028,-0.0843701,0.00502648,-0.0106484,-0.00104642,0,0,3.46945e-12,-0.000415208,0.0829638,0.00973645,0.00235678,0.00174785,-7.21283e-05,0,0,-0.0316385,-0.00689725,0.476693,-0.0165191,-0.00858788,0.006977,-0.00270649,0,0,1.38778e-11,-0.020067,0.00610561,0.0264952,0.00383608,0.00045109,-0.000104171,0,0,0.00430487,-0.0870995,-0.0160857,0.606897,0.0183564,0.0557722,-0.000882027,0,0,-1.38778e-11,-0.0044086,0.0411513,0.00251727,-0.0303201,-0.0257175,0.000938928,0,0,0.0998727,0.0489451,-0.0851559,0.183826,0.363861,-0.0347721,0.0226769,0,0,-2.08167e-11,0.0562589,0.00558887,-0.0493353,-0.0276247,0.0066236,0.00166512,0,0,0.0402507,-0.108649,0.0698597,0.56047,-0.0349189,0.412222,-0.00586612,0,0,-1.68051e-12,-0.00174073,0.00214624,0.002894,0.00226197,0.00403038,0.00138534,0,0,-0.0289173,-0.0102316,-0.0268209,-0.00927856,0.0232912,-0.00601427,0.0666281,0,0,0,0,0,0,0,0,0,0,0,0,0,0,0,0,0,0,0.905991,-4.30226e-09,0,0,0,0,0,0,0,0,0,0,0,0,0,0,0,0,-4.30286e-09,0.905991,
4.33681e-13,0.00316278,0.00435599,-0.00154243,0.000744957,0.000452795,-2.60943e-05,0,0,0.546977,-0.0162375,-0.0335402,0.00389166,0.00993019,0.00399256,-0.00294132,0,0,2.77556e-11,0.0499517,0.00271724,-0.0241353,-0.000708948,1.3039e-06,-6.15134e-05,0,0,-0.0161373,0.636174,-0.00722969,-0.0843875,0.00502861,-0.0106368,-0.00104697,0,0,5.20417e-12,-0.000396349,0.0829696,0.00974342,0.00236276,0.00174923,-7.17989e-05,0,0,-0.0320139,-0.00691596,0.476742,-0.0165226,-0.00855702,0.00698748,-0.00270893,0,0,-1.73472e-11,-0.0201964,0.00611255,0.0265823,0.00384525,0.000442667,-0.000104175,0,0,0.00432206,-0.0871202,-0.0160883,0.606893,0.0183509,0.0557674,-0.000880805,0,0,2.08167e-11,-0.00446038,0.041159,0.00259169,-0.030374,-0.0257309,0.000941595,0,0,0.100034,0.0489649,-0.0848476,0.183771,0.363929,-0.0347624,0.0226632,0,0,4.85723e-11,0.0562034,0.00559788,-0.0493459,-0.0276624,0.0068071,0.0016618,0,0,0.040248,-0.108537,0.0699641,0.560427,-0.0349097,0.412246,-0.00586823,0,0,1.02999e-11,-0.00173681,0.00214964,0.00288675,0.00226316,0.00402817,0.00138705,0,0,-0.0288988,-0.0102368,-0.0268454,-0.00926665,0.0232778,-0.00601645,0.0666293,0,0,0,0,0,0,0,0,0,0,0,0,0,0,0,0,0,0,0.905991,4.23205e-09,0,0,0,0,0,0,0,0,0,0,0,0,0,0,0,0,4.23235e-09,0.905991,
-4.33681e-13,0.00316818,0.00441523,-0.00154776,0.00074862,0.000453385,-2.65362e-05,0,0,0.547027,-0.016243,-0.0339183,0.00390868,0.00994603,0.00399216,-0.00293939,0,0,0,0.0498487,0.0027364,-0.0242253,-0.000712848,-4.07818e-06,-6.14888e-05,0,0,-0.0161426,0.63621,-0.00724914,-0.084405,0.00503072,-0.0106251,-0.00104752,0,0,-1.73472e-12,-0.000377799,0.0829756,0.00975143,0.00236948,0.00175023,-7.22093e-05,0,0,-0.0323898,-0.00693471,0.476791,-0.0165261,-0.0085261,0.00699794,-0.00271137,0,0,3.46945e-12,-0.0203257,0.00611932,0.026669,0.00385409,0.000434384,-0.000103865,0,0,0.00433931,-0.087141,-0.0160909,0.606888,0.0183453,0.0557626,-0.000879585,0,0,-1.38778e-11,-0.00451507,0.0411692,0.00267483,-0.0304218,-0.0257471,0.000938481,0,0,0.100195,0.0489847,-0.0845389,0.183715,0.363996,-0.0347527,0.0226494,0,0,-4.16334e-11,0.0561483,0.00560623,-0.0493579,-0.0277012,0.00699148,0.00165966,0,0,0.0402447,-0.108425,0.0700684,0.560385,-0.0349006,0.41227,-0.00587033,0,0,-3.08998e-12,-0.00173281,0.00215297,0.00287925,0.00226418,0.00402601,0.00138891,0,0,-0.0288803,-0.0102421,-0.02687,-0.00925476,0.0232645,-0.00601864,0.0666305,0,0,0,-1.20024e-12,-1.20024e-12,0,-1.20024e-12,-1.20024e-12,-1.20024e-12,0,0,0,0,0,0,0,0,0,0.905991,4.27796e-09,0,-2.40048e-12,-2.40048e-12,0,-2.40048e-12,2.40048e-12,-2.40048e-12,0,0,0,0,0,0,0,0,0,4.27856e-09,0.905991,
-8.67362e-13,0.00317401,0.00447336,-0.00155389,0.000752284,0.000454366,-2.65852e-05,0,0,0.547076,-0.0162485,-0.0342968,0.00392576,0.00996182,0.00399171,-0.00293745,0,0,-2.77556e-11,0.0497454,0.00275552,-0.0243153,-0.000716744,-9.44961e-06,-6.14409e-05,0,0,-0.016148,0.636246,-0.00726862,-0.0844225,0.00503284,-0.0106135,-0.00104807,0,0,1.73472e-12,-0.000358817,0.0829804,0.00975863,0.0023762,0.00175158,-7.22491e-05,0,0,-0.032766,-0.00695349,0.47684,-0.0165295,-0.00849515,0.00700838,-0.00271381,0,0,0,-0.0204553,0.00612656,0.026756,0.00386291,0.000425928,-0.000103711,0,0,0.00435662,-0.0871619,-0.0160933,0.606884,0.0183398,0.0557578,-0.000878366,0,0,-6.93889e-12,-0.00456689,0.0411705,0.00275224,-0.0304695,-0.0257602,0.000938251,0,0,0.100356,0.0490044,-0.0842298,0.18366,0.364064,-0.034743,0.0226357,0,0,0,0.0560922,0.00561631,-0.0493684,-0.0277398,0.00717554,0.00165692,0,0,0.0402411,-0.108313,0.0701725,0.560342,-0.0348914,0.412293,-0.00587244,0,0,2.54788e-12,-0.00172888,0.00215653,0.00287188,0.0022652,0.00402376,0.00139069,0,0,-0.0288616,-0.0102473,-0.0268944,-0.00924289,0.0232512,-0.00602083,0.0666316,0,0,0,0,-1.20024e-12,0,0,0,-1.20024e-12,0,0,0,0,0,0,0,0,0,0.905991,-4.43669e-09,0,1.20024e-12,0,0,0,0,-1.20024e-12,0,0,0,0,0,0,0,0,0,-4.43669e-09,0.905991,
-3.92881e-07,0.00318068,0.00453236,-0.00155924,0.000755164,0.000454167,-2.70269e-05,0,0,0.547125,-0.016254,-0.0346756,0.0039429,0.00997756,0.00399122,-0.0029355,0,0,-2.29539e-08,0.0496421,0.00277471,-0.0244051,-0.000720681,-1.49021e-05,-6.14156e-05,0,0,-0.0161533,0.636282,-0.00728814,-0.0844402,0.00503494,-0.0106018,-0.00104862,0,0,-3.72244e-07,-0.000339027,0.0829858,0.0097665,0.00238216,0.0017518,-7.26609e-05,0,0,-0.0331426,-0.0069723,0.476889,-0.0165328,-0.00846414,0.00701881,-0.00271624,0,0,1.57475e-07,-0.0205852,0.00613348,0.0268426,0.00387203,0.000417927,-0.0001034,0,0,0.00437397,-0.0871829,-0.0160957,0.606879,0.0183343,0.055753,-0.000877149,0,0,-2.90205e-06,-0.00461291,0.0411774,0.00283551,-0.0305227,-0.0257818,0.000935114,0,0,0.100516,0.049024,-0.0839201,0.183605,0.364131,-0.0347333,0.022622,0,0,5.93373e-07,0.0560347,0.00562514,-0.0493798,-0.0277771,0.00736166,0.00165476,0,0,0.0402371,-0.108201,0.0702765,0.560299,-0.0348822,0.412317,-0.00587455,0,0,7.6172e-08,-0.00172509,0.00215995,0.00286435,0.00226634,0.00402171,0.00139255,0,0,-0.0288429,-0.0102526,-0.0269189,-0.00923104,0.0232378,-0.00602302,0.0666328,0,0,0,0,0,0,0,0,0,0,0,0,0,0,0,0,0,0,0.905991,-4.4571e-09,0,0,0,-1.20024e-12,1.20024e-12,-1.20024e-12,0,0,0,0,0,0,0,0,0,0,-4.4559e-09,0.905991,
-2.1684e-12,0.00318622,0.00459182,-0.001565,0.000758045,0.000454751,-2.66827e-05,0,0,0.547173,-0.0162596,-0.0350549,0.00396009,0.00999326,0.00399069,-0.00293355,0,0,-2.77556e-11,0.0495384,0.00279396,-0.024495,-0.000724614,-2.03211e-05,-6.1344e-05,0,0,-0.0161587,0.636319,-0.00730769,-0.0844578,0.00503704,-0.0105901,-0.00104917,0,0,-1.04083e-11,-0.000320291,0.0829913,0.00977393,0.00238812,0.00175275,-7.23277e-05,0,0,-0.0335196,-0.00699114,0.476937,-0.016536,-0.0084331,0.00702922,-0.00271868,0,0,1.73472e-11,-0.0207148,0.00614022,0.0269295,0.00388113,0.000409596,-0.000103402,0,0,0.00439138,-0.0872039,-0.0160981,0.606875,0.0183287,0.0557482,-0.000875934,0,0,2.77556e-11,-0.00466765,0.0411868,0.00291593,-0.0305757,-0.0257975,0.000937776,0,0,0.100676,0.0490435,-0.0836101,0.183549,0.364199,-0.0347236,0.0226082,0,0,-8.32667e-11,0.0559787,0.00563332,-0.0493902,-0.0278142,0.00754687,0.00165141,0,0,0.0402326,-0.108089,0.0703803,0.560257,-0.0348731,0.412341,-0.00587666,0,0,-1.0571e-11,-0.00172107,0.00216329,0.00285687,0.00226747,0.0040195,0.00139425,0,0,-0.028824,-0.0102578,-0.0269434,-0.0092192,0.0232245,-0.00602521,0.066634,0,0,0,1.20024e-12,-1.20024e-12,-1.20024e-12,-1.20024e-12,0,0,0,0,0,0,0,0,0,0,0,0.905991,-4.34847e-09,0,0,0,0,0,0,1.20024e-12,0,0,0,0,0,0,0,0,0,-4.34847e-09,0.905991,
-3.92981e-07,0.0031922,0.00465097,-0.00157117,0.000762105,0.000456118,-2.6731e-05,0,0,0.54722,-0.0162651,-0.0354345,0.00397733,0.0100089,0.00399012,-0.00293159,0,0,-2.30094e-08,0.0494345,0.00281321,-0.0245849,-0.000728473,-2.57061e-05,-6.1295e-05,0,0,-0.016164,0.636356,-0.00732727,-0.0844756,0.00503914,-0.0105784,-0.00104971,0,0,-3.73685e-07,-0.000301121,0.0829964,0.00978091,0.0023952,0.00175443,-7.23663e-05,0,0,-0.033897,-0.00701002,0.476985,-0.0165392,-0.008402,0.00703961,-0.00272111,0,0,1.58009e-07,-0.0208446,0.00614712,0.0270164,0.00388974,0.000400933,-0.000103247,0,0,0.00440883,-0.087225,-0.0161004,0.60687,0.0183232,0.0557434,-0.000874721,0,0,-2.9114e-06,-0.0047195,0.0411931,0.0029935,-0.0306198,-0.0258072,0.000937532,0,0,0.100835,0.049063,-0.0832995,0.183494,0.364267,-0.0347139,0.0225945,0,0,5.94629e-07,0.0559219,0.00564203,-0.0493997,-0.027853,0.00773117,0.00164864,0,0,0.0402278,-0.107977,0.0704838,0.560214,-0.0348639,0.412365,-0.00587877,0,0,7.63987e-08,-0.00171712,0.00216672,0.00284945,0.00226836,0.00401712,0.00139601,0,0,-0.0288052,-0.010263,-0.0269678,-0.00920739,0.0232112,-0.0060274,0.0666351,0,0,0,0,0,0,0,0,0,0,0,0,0,0,0,0,0,0,0.905991,4.14233e-09,2.40048e-12,0,-1.20024e-12,0,0,0,-1.20024e-12,0,0,0,0,0,0,0,0,0,4.14323e-09,0.905991,
-2.1684e-12,0.00319822,0.00471059,-0.00157656,0.000764987,0.000456697,-2.67792e-05,0,0,0.547267,-0.0162706,-0.0358145,0.00399462,0.0100245,0.0039895,-0.00292961,0,0,-5.55112e-11,0.0493304,0.00283252,-0.0246747,-0.000732397,-3.11494e-05,-6.12457e-05,0,0,-0.0161694,0.636393,-0.00734689,-0.0844934,0.00504122,-0.0105667,-0.00105026,0,0,8.67362e-12,-0.000281887,0.0830017,0.00978858,0.00240115,0.00175534,-7.24046e-05,0,0,-0.0342747,-0.00702893,0.477034,-0.0165424,-0.00837086,0.00704999,-0.00272355,0,0,3.46945e-12,-0.0209744,0.00615385,0.0271031,0.0038988,0.000392569,-0.000103091,0,0,0.00442634,-0.0872462,-0.0161026,0.606865,0.0183177,0.0557386,-0.00087351,0,0,1.38778e-11,-0.00477137,0.041202,0.00307695,-0.0306724,-0.0258226,0.000937283,0,0,0.100994,0.0490824,-0.0829886,0.183439,0.364334,-0.0347042,0.0225808,0,0,-6.245e-11,0.0558647,0.0056501,-0.04941,-0.0278898,0.00791694,0.00164586,0,0,0.0402225,-0.107865,0.0705873,0.560171,-0.0348547,0.412388,-0.00588088,0,0,-6.88468e-12,-0.00171316,0.00217007,0.00284187,0.00226946,0.00401487,0.00139778,0,0,-0.0287862,-0.0102682,-0.0269923,-0.00919559,0.0231979,-0.00602959,0.0666363,0,0,0,0,0,0,0,0,0,0,0,0,0,0,0,0,0,0,0.905991,4.06822e-09,0,0,0,0,0,0,0,0,0,0,0,0,0,0,0,0,4.06822e-09,0.905991,
0,0.0032043,0.00476989,-0.00158236,0.000768263,0.000456487,-2.72203e-05,0,0,0.547312,-0.0162761,-0.0361949,0.00401197,0.0100401,0.00398884,-0.00292764,0,0,0,0.049226,0.00285183,-0.0247644,-0.000736294,-3.66513e-05,-6.12191e-05,0,0,-0.0161747,0.63643,-0.00736655,-0.0845113,0.0050433,-0.010555,-0.0010508,0,0,-1.73472e-12,-0.00026259,0.0830065,0.00979579,0.00240747,0.00175549,-7.28175e-05,0,0,-0.0346529,-0.00704788,0.477082,-0.0165455,-0.00833967,0.00706034,-0.00272598,0,0,2.08167e-11,-0.0211043,0.00616073,0.0271899,0.00390768,0.000384506,-0.000102777,0,0,0.00444391,-0.0872675,-0.0161047,0.60686,0.0183121,0.0557338,-0.000872301,0,0,-3.46945e-12,-0.00482324,0.0412078,0.00315755,-0.0307218,-0.0258436,0.000934108,0,0,0.101152,0.0491018,-0.0826771,0.183384,0.364402,-0.0346945,0.0225671,0,0,0,0.0558073,0.00565869,-0.0494195,-0.027927,0.00810419,0.00164367,0,0,0.0402168,-0.107752,0.0706905,0.560129,-0.0348456,0.412412,-0.00588299,0,0,-9.6494e-12,-0.00170919,0.0021735,0.00283434,0.00227047,0.00401275,0.00139962,0,0,-0.0287671,-0.0102734,-0.0270167,-0.00918381,0.0231846,-0.00603179,0.0666375,0,0,0,0,0,0,0,1.20024e-12,0,0,0,0,0,0,0,0,0,0,0.905991,4.09852e-09,0,0,0,0,0,-1.20024e-12,0,0,0,0,0,0,0,0,0,0,4.09822e-09,0.905991,
-4.33681e-13,0.00321081,0.00482887,-0.00158777,0.000771933,0.000457062,-2.68749e-05,0,0,0.547357,-0.0162816,-0.0365757,0.00402937,0.0100556,0.00398815,-0.00292565,0,0,0,0.0491214,0.00287114,-0.0248541,-0.000740163,-4.21194e-05,-6.11458e-05,0,0,-0.0161801,0.636467,-0.00738623,-0.0845293,0.00504538,-0.0105433,-0.00105134,0,0,5.20417e-12,-0.000242854,0.0830108,0.00980331,0.00241416,0.00175638,-7.24798e-05,0,0,-0.0350314,-0.00706685,0.47713,-0.0165485,-0.00830844,0.00707068,-0.00272841,0,0,3.46945e-12,-0.0212344,0.00616776,0.0272766,0.00391639,0.00037611,-0.000102778,0,0,0.00446152,-0.0872888,-0.0161068,0.606855,0.0183066,0.055729,-0.000871094,0,0,1.38778e-11,-0.00487221,0.0412103,0.00324113,-0.030768,-0.0258586,0.000936771,0,0,0.10131,0.0491211,-0.0823653,0.183328,0.364469,-0.0346848,0.0225534,0,0,-1.38778e-11,0.0557489,0.00566783,-0.0494292,-0.0279646,0.00829052,0.00164028,0,0,0.0402107,-0.10764,0.0707936,0.560086,-0.0348364,0.412436,-0.0058851,0,0,-8.0231e-12,-0.0017053,0.00217701,0.00282671,0.00227138,0.00401046,0.0014013,0,0,-0.028748,-0.0102786,-0.0270411,-0.00917205,0.0231713,-0.00603398,0.0666386,0,0,0,0,-2.40048e-12,1.20024e-12,-1.20024e-12,0,-3.60072e-12,0,0,0,0,0,0,0,0,0,0.905991,4.22635e-09,0,0,0,1.20024e-12,-1.20024e-12,0,-1.20024e-12,0,0,0,0,0,0,0,0,0,4.22605e-09,0.905991,
3.9315e-07,0.00321659,0.00488793,-0.00159399,0.000774817,0.000458027,-2.73156e-05,0,0,0.547402,-0.0162872,-0.0369569,0.00404682,0.0100711,0.0039874,-0.00292365,0,0,2.31759e-08,0.0490166,0.00289048,-0.0249439,-0.000744074,-4.75766e-05,-6.11185e-05,0,0,-0.0161854,0.636505,-0.00740596,-0.0845474,0.00504745,-0.0105315,-0.00105189,0,0,3.76562e-07,-0.000223806,0.0830149,0.00981001,0.00242009,0.00175762,-7.28933e-05,0,0,-0.0354103,-0.00708586,0.477178,-0.0165514,-0.00827716,0.007081,-0.00273084,0,0,-1.59157e-07,-0.0213643,0.00617479,0.0273636,0.00392539,0.000367538,-0.000102462,0,0,0.00447919,-0.0873102,-0.0161088,0.606851,0.0183011,0.0557242,-0.000869888,0,0,2.92997e-06,-0.00492704,0.0412125,0.00331891,-0.0308199,-0.0258705,0.000933578,0,0,0.101467,0.0491403,-0.0820529,0.183273,0.364537,-0.0346751,0.0225397,0,0,-5.97015e-07,0.0556915,0.00567691,-0.0494373,-0.0280009,0.00847653,0.00163808,0,0,0.0402041,-0.107527,0.0708964,0.560044,-0.0348273,0.41246,-0.00588721,0,0,-7.68743e-08,-0.00170124,0.00218053,0.00281922,0.00227243,0.00400808,0.00140312,0,0,-0.0287288,-0.0102837,-0.0270655,-0.0091603,0.023158,-0.00603617,0.0666398,0,0,0,0,0,0,0,0,0,0,0,0,0,0,0,0,0,0,0.905991,-4.4646e-09,0,0,0,0,0,0,0,0,0,0,0,0,0,0,0,0,-4.4652e-09,0.905991,
4.33681e-13,0.0032232,0.00494824,-0.00159982,0.000778488,0.000458597,-2.65766e-05,0,0,0.547445,-0.0162927,-0.0373385,0.00406433,0.0100865,0.00398662,-0.00292165,0,0,-2.77556e-11,0.0489116,0.00290992,-0.0250335,-0.000747934,-5.30691e-05,-6.10212e-05,0,0,-0.0161908,0.636543,-0.00742572,-0.0845655,0.00504951,-0.0105198,-0.00105243,0,0,-1.73472e-12,-0.000203941,0.0830201,0.00981701,0.00242677,0.00175847,-7.21761e-05,0,0,-0.0357896,-0.0071049,0.477225,-0.0165543,-0.00824584,0.00709131,-0.00273327,0,0,-1.38778e-11,-0.0214946,0.00618132,0.0274504,0.00393406,0.00035911,-0.000102623,0,0,0.0044969,-0.0873318,-0.0161108,0.606846,0.0182956,0.0557194,-0.000868685,0,0,-1.38778e-11,-0.00497602,0.0412233,0.00339968,-0.0308657,-0.0258852,0.000939175,0,0,0.101624,0.0491595,-0.0817401,0.183218,0.364604,-0.0346654,0.022526,0,0,-1.38778e-11,0.0556326,0.00568414,-0.0494457,-0.0280383,0.00866342,0.00163407,0,0,0.0401972,-0.107414,0.0709991,0.560001,-0.0348181,0.412483,-0.00588932,0,0,4.98733e-12,-0.00169733,0.00218382,0.00281164,0.00227332,0.00400576,0.00140472,0,0,-0.0287094,-0.0102889,-0.0270899,-0.00914858,0.0231447,-0.00603837,0.066641,0,0,0,0,0,0,0,0,0,0,0,0,0,0,0,0,0,0,0.905991,-4.56362e-09,0,0,0,0,0,0,0,0,0,0,0,0,0,0,0,0,-4.56332e-09,0.905991,
-4.33681e-13,0.00322868,0.00500785,-0.00160567,0.000781372,0.000459164,-2.70169e-05,0,0,0.547488,-0.0162982,-0.0377205,0.00408189,0.0101019,0.0039858,-0.00291964,0,0,0,0.0488063,0.00292934,-0.0251231,-0.000751836,-5.8574e-05,-6.09932e-05,0,0,-0.0161962,0.636581,-0.00744551,-0.0845837,0.00505157,-0.010508,-0.00105297,0,0,6.93889e-12,-0.000185146,0.0830243,0.00982394,0.00243269,0.00175931,-7.25895e-05,0,0,-0.0361693,-0.00712398,0.477273,-0.0165571,-0.00821447,0.00710159,-0.00273569,0,0,-2.42861e-11,-0.0216245,0.00618816,0.0275372,0.00394302,0.000350665,-0.000102305,0,0,0.00451468,-0.0873533,-0.0161127,0.60684,0.01829,0.0557146,-0.000867483,0,0,-1.38778e-11,-0.00503382,0.0412279,0.0034805,-0.0309172,-0.0258997,0.000935968,0,0,0.101781,0.0491786,-0.0814269,0.183163,0.364672,-0.0346557,0.0225123,0,0,2.77556e-11,0.0555752,0.0056925,-0.0494538,-0.0280742,0.00885059,0.00163185,0,0,0.0401898,-0.107302,0.0711016,0.559959,-0.034809,0.412507,-0.00589143,0,0,1.87567e-11,-0.00169318,0.00218727,0.00280404,0.00227434,0.00400341,0.00140654,0,0,-0.0286901,-0.010294,-0.0271143,-0.00913687,0.0231314,-0.00604056,0.0666421,0,0,0,-1.20024e-12,0,0,0,1.20024e-12,0,0,0,0,0,0,0,0,0,0,0.905991,-4.51561e-09,0,1.20024e-12,0,1.20024e-12,0,-1.20024e-12,-1.20024e-12,1.20024e-12,0,0,0,0,0,0,0,0,-4.51651e-09,0.905991,
-3.93247e-07,0.00323538,0.00506674,-0.00161152,0.00078465,0.000460123,-2.70638e-05,0,0,0.54753,-0.0163037,-0.0381029,0.00409951,0.0101172,0.00398493,-0.00291762,0,0,-2.32314e-08,0.0487008,0.00294875,-0.0252127,-0.00075571,-6.40679e-05,-6.09415e-05,0,0,-0.0162015,0.636619,-0.00746534,-0.0846019,0.00505362,-0.0104963,-0.0010535,0,0,-3.78734e-07,-0.000165153,0.0830276,0.0098308,0.00243898,0.00176051,-7.26252e-05,0,0,-0.0365493,-0.00714308,0.47732,-0.0165599,-0.00818306,0.00711186,-0.00273812,0,0,1.60021e-07,-0.0217549,0.00619532,0.027624,0.00395181,0.000342044,-0.000102146,0,0,0.0045325,-0.087375,-0.0161145,0.606835,0.0182845,0.0557098,-0.000866283,0,0,-2.94381e-06,-0.00508282,0.0412263,0.00356138,-0.0309654,-0.0259111,0.000935691,0,0,0.101937,0.0491976,-0.0811132,0.183108,0.36474,-0.034646,0.0224986,0,0,5.98833e-07,0.0555157,0.00570201,-0.0494615,-0.0281106,0.00903744,0.00162903,0,0,0.040182,-0.107189,0.071204,0.559916,-0.0347998,0.412531,-0.00589354,0,0,7.72185e-08,-0.00168925,0.00219088,0.00279642,0.00227527,0.00400097,0.00140827,0,0,-0.0286706,-0.0102991,-0.0271386,-0.00912519,0.0231181,-0.00604276,0.0666433,0,0,0,1.20024e-12,0,1.20024e-12,-1.20024e-12,0,-1.20024e-12,1.20024e-12,0,0,0,0,0,0,0,0,0.905991,-4.34637e-09,0,0,0,-1.20024e-12,1.20024e-12,-1.20024e-12,1.20024e-12,0,0,0,0,0,0,0,0,0,-4.34547e-09,0.905991,
4.33681e-13,0.00324135,0.00512728,-0.00161779,0.000787929,0.000460292,-2.71105e-05,0,0,0.547571,-0.0163093,-0.0384857,0.00411718,0.0101325,0.00398402,-0.00291559,0,0,2.77556e-11,0.048595,0.00296827,-0.0253023,-0.00075958,-6.96205e-05,-6.08895e-05,0,0,-0.0162069,0.636658,-0.0074852,-0.0846203,0.00505566,-0.0104845,-0.00105404,0,0,-5.20417e-12,-0.000145854,0.0830323,0.00983721,0.00244526,0.00176093,-7.26605e-05,0,0,-0.0369298,-0.00716222,0.477368,-0.0165626,-0.0081516,0.00712211,-0.00274054,0,0,-1.04083e-11,-0.021885,0.00620183,0.027711,0.00396057,0.000333726,-0.000101987,0,0,0.00455037,-0.0873968,-0.0161162,0.60683,0.018279,0.055705,-0.000865086,0,0,-1.73472e-11,-0.00513772,0.0412363,0.00363936,-0.0310134,-0.0259281,0.000935409,0,0,0.102092,0.0492166,-0.0807991,0.183053,0.364807,-0.0346363,0.0224849,0,0,6.93889e-12,0.0554572,0.00570906,-0.0494682,-0.0281468,0.00922577,0.00162619,0,0,0.0401738,-0.107076,0.0713061,0.559874,-0.0347906,0.412555,-0.00589565,0,0,3.25261e-13,-0.00168517,0.00219418,0.00278886,0.00227618,0.00399867,0.00141001,0,0,-0.028651,-0.0103042,-0.027163,-0.00911352,0.0231048,-0.00604495,0.0666444,0,0,0,0,0,-1.20024e-12,0,0,2.40048e-12,0,0,0,0,0,0,0,0,0,0.905991,4.09372e-09,0,1.20024e-12,-1.20024e-12,1.20024e-12,0,0,-2.40048e-12,2.29246e-10,0,0,0,0,0,0,0,0,4.09432e-09,0.905991,
-8.67362e-13,0.00324816,0.00518672,-0.00162328,0.0007916,0.000460459,-2.67637e-05,0,0,0.547611,-0.0163148,-0.0388689,0.0041349,0.0101477,0.00398306,-0.00291356,0,0,-2.77556e-11,0.0484891,0.00298776,-0.0253918,-0.000763422,-7.51855e-05,-6.08137e-05,0,0,-0.0162123,0.636696,-0.00750509,-0.0846387,0.00505769,-0.0104727,-0.00105458,0,0,6.93889e-12,-0.000125731,0.0830357,0.0098443,0.00245192,0.00176134,-7.23152e-05,0,0,-0.0373107,-0.0071814,0.477415,-0.0165652,-0.00812009,0.00713234,-0.00274296,0,0,1.04083e-11,-0.0220156,0.0062088,0.0277976,0.00396916,0.000325393,-0.000101988,0,0,0.0045683,-0.0874186,-0.0161179,0.606825,0.0182735,0.0557002,-0.00086389,0,0,1.73472e-11,-0.00518673,0.0412371,0.00372329,-0.0310583,-0.0259451,0.000938076,0,0,0.102248,0.0492355,-0.0804846,0.182998,0.364875,-0.0346266,0.0224712,0,0,-6.245e-11,0.0553971,0.00571785,-0.0494759,-0.0281835,0.00941438,0.00162275,0,0,0.0401651,-0.106963,0.071408,0.559831,-0.0347815,0.412578,-0.00589777,0,0,-6.17995e-12,-0.00168123,0.00219772,0.00278112,0.002277,0.00399635,0.00141166,0,0,-0.0286314,-0.0103093,-0.0271873,-0.00910188,0.0230915,-0.00604715,0.0666456,0,0,0,0,-1.20024e-12,0,1.20024e-12,0,1.20024e-12,0,0,0,0,0,0,0,0,0,0.905991,3.9803e-09,0,0,-1.20024e-12,0,0,0,0,0,0,0,0,0,0,0,0,0,3.98e-09,0.905991,
8.67362e-13,0.00325501,0.00524663,-0.00162878,0.000794879,0.000461804,-2.72032e-05,0,0,0.547651,-0.0163204,-0.0392525,0.00415268,0.0101629,0.00398206,-0.00291151,0,0,0,0.0483829,0.00300729,-0.0254812,-0.000767282,-8.06927e-05,-6.07842e-05,0,0,-0.0162176,0.636735,-0.00752503,-0.0846572,0.00505972,-0.0104609,-0.00105511,0,0,1.56125e-11,-0.000105543,0.0830394,0.00985131,0.0024582,0.00176287,-7.27298e-05,0,0,-0.037692,-0.0072006,0.477462,-0.0165678,-0.00808854,0.00714255,-0.00274538,0,0,-6.93889e-12,-0.0221462,0.00621561,0.0278843,0.00397788,0.000316562,-0.000101667,0,0,0.00458628,-0.0874405,-0.0161196,0.60682,0.018268,0.0556954,-0.000862696,0,0,2.42861e-11,-0.00523575,0.0412406,0.00380729,-0.0311058,-0.025953,0.000934832,0,0,0.102402,0.0492543,-0.0801695,0.182943,0.364942,-0.0346169,0.0224575,0,0,3.46945e-11,0.0553367,0.00572598,-0.0494831,-0.0282193,0.00960147,0.00162049,0,0,0.040156,-0.10685,0.0715098,0.559789,-0.0347723,0.412602,-0.00589988,0,0,-4.77049e-12,-0.00167728,0.00220118,0.00277337,0.00227788,0.00399378,0.00141346,0,0,-0.0286117,-0.0103144,-0.0272116,-0.00909025,0.0230782,-0.00604935,0.0666468,0,0,0,0,1.20024e-12,-1.20024e-12,1.20024e-12,-1.20024e-12,0,0,0,0,0,0,0,0,0,0,0.905991,3.9704e-09,0,0,0,0,2.40048e-12,0,0,0,0,0,0,0,0,0,0,0,3.9692e-09,0.905991,
-3.93332e-07,0.00326112,0.00530701,-0.00163468,0.000797764,0.000461966,-2.68559e-05,0,0,0.54769,-0.0163259,-0.0396365,0.00417051,0.010178,0.00398103,-0.00290946,0,0,-2.34535e-08,0.0482765,0.00302688,-0.0255706,-0.000771161,-8.62823e-05,-6.07076e-05,0,0,-0.016223,0.636774,-0.00754499,-0.0846758,0.00506175,-0.0104491,-0.00105564,0,0,-3.81572e-07,-8.60523e-05,0.0830433,0.00985788,0.00246408,0.00176324,-7.23822e-05,0,0,-0.0380736,-0.00721984,0.477508,-0.0165703,-0.00805695,0.00715274,-0.0027478,0,0,1.61104e-07,-0.0222765,0.00622225,0.0279711,0.00398675,0.000308197,-0.000101667,0,0,0.00460431,-0.0874625,-0.0161211,0.606814,0.0182625,0.0556906,-0.000861504,0,0,-2.96213e-06,-0.00529069,0.0412467,0.00388839,-0.0311561,-0.0259696,0.000937498,0,0,0.102557,0.049273,-0.0798541,0.182888,0.365009,-0.0346072,0.0224439,0,0,6.0122e-07,0.0552773,0.00573345,-0.0494894,-0.0282544,0.00979064,0.00161703,0,0,0.0401465,-0.106736,0.0716113,0.559746,-0.0347632,0.412626,-0.00590199,0,0,7.7652e-08,-0.00167318,0.00220457,0.00276568,0.00227882,0.00399142,0.0014151,0,0,-0.0285919,-0.0103195,-0.0272359,-0.00907864,0.023065,-0.00605155,0.0666479,0,0,1.20024e-12,-2.40048e-12,0,-1.20024e-12,-2.40048e-12,-1.20024e-12,-1.20024e-12,0,0,0,0,0,0,0,0,0,0.905991,4.05051e-09,0,-1.20024e-12,0,0,0,0,0,0,0,0,0,0,0,0,0,0,4.05051e-09,0.905991,
-4.33681e-13,0.00326807,0.00536669,-0.00164099,0.000801043,0.000462913,-2.76884e-05,0,0,0.547728,-0.0163315,-0.0400209,0.00418839,0.0101931,0.00397994,-0.0029074,0,0,-2.77556e-11,0.0481698,0.00304645,-0.02566,-0.000775012,-9.18372e-05,-6.07009e-05,0,0,-0.0162284,0.636813,-0.00756499,-0.0846944,0.00506376,-0.0104373,-0.00105617,0,0,8.67362e-12,-6.57336e-05,0.0830463,0.00986398,0.00247034,0.00176436,-7.31797e-05,0,0,-0.0384557,-0.00723912,0.477555,-0.0165727,-0.0080253,0.00716291,-0.00275022,0,0,1.38778e-11,-0.0224073,0.0062292,0.028058,0.00399543,0.000299493,-0.000101183,0,0,0.0046224,-0.0874846,-0.0161226,0.606809,0.018257,0.0556858,-0.000860315,0,0,-3.46945e-12,-0.00533972,0.0412467,0.00396657,-0.0312031,-0.02598,0.000931268,0,0,0.10271,0.0492917,-0.0795382,0.182833,0.365077,-0.0345975,0.0224302,0,0,-4.16334e-11,0.0552163,0.00574206,-0.0494948,-0.02829,0.00997888,0.00161536,0,0,0.0401366,-0.106623,0.0717127,0.559704,-0.034754,0.41265,-0.0059041,0,0,-1.56125e-11,-0.00166922,0.00220812,0.00275805,0.00227967,0.00398888,0.00141697,0,0,-0.028572,-0.0103246,-0.0272602,-0.00906706,0.0230517,-0.00605374,0.0666491,0,0,0,0,0,0,0,0,0,0,0,0,0,0,0,0,0,0,0.905991,4.22635e-09,0,0,0,0,0,0,0,0,0,0,0,0,0,0,0,0,4.22515e-09,0.905991,
0,0.00327428,0.00542683,-0.00164692,0.000803928,0.000462677,-2.7734e-05,0,0,0.547766,-0.016337,-0.0404058,0.00420633,0.0102082,0.00397882,-0.00290533,0,0,2.77556e-11,0.0480629,0.00306607,-0.0257493,-0.000778882,-9.74748e-05,-6.06469e-05,0,0,-0.0162338,0.636853,-0.00758503,-0.0847131,0.00506577,-0.0104254,-0.0010567,0,0,-8.67362e-12,-4.61146e-05,0.0830495,0.00987039,0.00247622,0.00176431,-7.32135e-05,0,0,-0.0388382,-0.00725842,0.477602,-0.0165751,-0.00799362,0.00717306,-0.00275263,0,0,3.46945e-12,-0.0225377,0.00623597,0.0281448,0.00400426,0.000291257,-0.000101021,0,0,0.00464053,-0.0875067,-0.016124,0.606804,0.0182515,0.0556811,-0.000859127,0,0,3.46945e-12,-0.0053947,0.0412493,0.00404777,-0.0312529,-0.0259993,0.000930958,0,0,0.102864,0.0493103,-0.0792218,0.182778,0.365144,-0.0345878,0.0224165,0,0,-6.93889e-12,0.0551563,0.00575001,-0.0495004,-0.0283247,0.0101692,0.00161248,0,0,0.0401263,-0.10651,0.0718138,0.559662,-0.0347449,0.412673,-0.00590622,0,0,-5.42101e-13,-0.00166509,0.0022116,0.00275032,0.00228058,0.00398656,0.00141868,0,0,-0.028552,-0.0103296,-0.0272844,-0.00905549,0.0230385,-0.00605594,0.0666503,0,0,0,0,2.40048e-12,2.40048e-12,0,-2.40048e-12,0,0,0,0,0,0,0,0,0,0,0.905991,-4.51621e-09,0,0,1.20024e-12,1.20024e-12,0,-1.20024e-12,0,0,0,0,0,0,0,0,0,0,-4.51531e-09,0.905991,
-4.33681e-13,0.00328093,0.00548744,-0.00165286,0.000807205,0.000464013,-2.69927e-05,0,0,0.547802,-0.0163426,-0.040791,0.00422432,0.0102232,0.00397765,-0.00290325,0,0,0,0.0479558,0.00308574,-0.0258386,-0.000782724,-0.000103031,-6.05455e-05,0,0,-0.0162392,0.636893,-0.0076051,-0.0847319,0.00506778,-0.0104136,-0.00105723,0,0,-3.46945e-12,-2.60484e-05,0.0830529,0.00987673,0.00248246,0.00176578,-7.24795e-05,0,0,-0.0392211,-0.00727776,0.477648,-0.0165774,-0.00796189,0.00718319,-0.00275504,0,0,-6.93889e-12,-0.0226684,0.00624258,0.0282316,0.00401291,0.000282358,-0.000101182,0,0,0.00465872,-0.087529,-0.0161254,0.606798,0.018246,0.0556763,-0.000857941,0,0,1.38778e-11,-0.00544672,0.0412546,0.00412902,-0.0312995,-0.0260064,0.000936595,0,0,0.103016,0.0493289,-0.078905,0.182723,0.365212,-0.0345781,0.0224029,0,0,4.85723e-11,0.0550954,0.00575731,-0.0495057,-0.0283599,0.0103574,0.00160839,0,0,0.0401155,-0.106396,0.0719148,0.559619,-0.0347358,0.412697,-0.00590833,0,0,4.98733e-12,-0.00166104,0.002215,0.00274258,0.00228139,0.00398391,0.00142023,0,0,-0.028532,-0.0103346,-0.0273087,-0.00904395,0.0230252,-0.00605814,0.0666514,0,0,0,0,-1.20024e-12,0,-1.20024e-12,-1.20024e-12,1.20024e-12,0,0,0,0,0,0,0,0,0,0.905991,-4.66504e-09,0,0,0,0,0,0,0,0,0,0,0,0,0,0,0,0,-4.66504e-09,0.905991,
-8.67362e-13,0.00328724,0.00554734,-0.00165882,0.000810876,0.000464559,-2.78245e-05,0,0,0.547838,-0.0163481,-0.0411767,0.00424236,0.0102381,0.00397644,-0.00290116,0,0,5.55112e-11,0.0478484,0.00310539,-0.0259278,-0.000786537,-0.000108646,-6.05378e-05,0,0,-0.0162445,0.636932,-0.00762521,-0.0847508,0.00506977,-0.0104017,-0.00105776,0,0,-1.38778e-11,-6.30146e-06,0.0830555,0.00988299,0.00248909,0.00176647,-7.32799e-05,0,0,-0.0396045,-0.00729713,0.477694,-0.0165796,-0.00793011,0.0071933,-0.00275746,0,0,4.16334e-11,-0.022799,0.0062495,0.0283183,0.00402137,0.000273766,-0.000100695,0,0,0.00467696,-0.0875513,-0.0161267,0.606792,0.0182405,0.0556715,-0.000856758,0,0,-3.46945e-11,-0.00550173,0.0412537,0.00421033,-0.0313429,-0.0260193,0.000930324,0,0,0.103169,0.0493473,-0.0785878,0.182668,0.365279,-0.0345684,0.0223892,0,0,-3.46945e-11,0.0550347,0.00576575,-0.0495106,-0.0283955,0.0105471,0.0016067,0,0,0.0401043,-0.106283,0.0720155,0.559577,-0.0347266,0.412721,-0.00591044,0,0,-6.50521e-12,-0.00165691,0.00221856,0.00273482,0.00228211,0.0039814,0.00142208,0,0,-0.0285118,-0.0103397,-0.0273329,-0.00903242,0.023012,-0.00606034,0.0666526,0,0,0,0,0,0,-1.20024e-12,0,-2.40048e-12,0,0,0,0,0,0,0,0,0,0.905991,-4.65574e-09,0,0,0,0,1.20024e-12,0,1.20024e-12,1.15223e-10,0,0,0,0,0,0,0,0,-4.65544e-09,0.905991,
4.33681e-13,0.00329439,0.00560811,-0.00166478,0.000814153,0.000464316,-2.74761e-05,0,0,0.547873,-0.0163537,-0.0415628,0.00426046,0.010253,0.00397518,-0.00289907,0,0,0,0.0477408,0.00312512,-0.026017,-0.000790369,-0.00011432,-6.04591e-05,0,0,-0.0162499,0.636972,-0.00764535,-0.0847697,0.00507176,-0.0103899,-0.00105829,0,0,0,1.42796e-05,0.0830586,0.00988918,0.00249532,0.00176637,-7.29273e-05,0,0,-0.0399882,-0.00731654,0.477741,-0.0165818,-0.00789829,0.0072034,-0.00275987,0,0,-1.38778e-11,-0.02293,0.00625609,0.0284051,0.00402997,0.000265483,-0.000100694,0,0,0.00469526,-0.0875737,-0.0161279,0.606787,0.018235,0.0556667,-0.000855576,0,0,1.38778e-11,-0.00555079,0.0412584,0.00429168,-0.031389,-0.026038,0.000932984,0,0,0.103321,0.0493657,-0.0782701,0.182613,0.365347,-0.0345587,0.0223756,0,0,4.85723e-11,0.0549726,0.00577292,-0.0495151,-0.0284304,0.0107383,0.00160319,0,0,0.0400927,-0.106169,0.0721161,0.559534,-0.0347175,0.412745,-0.00591255,0,0,1.02999e-11,-0.00165292,0.00222197,0.00272704,0.00228289,0.00397902,0.0014237,0,0,-0.0284916,-0.0103447,-0.0273571,-0.00902091,0.0229987,-0.00606254,0.0666538,0,0,0,-2.40048e-12,0,2.40048e-12,2.40048e-12,0,0,0,0,0,0,0,0,0,0,0,0.905991,-4.5048e-09,0,1.20024e-12,0,-1.20024e-12,-1.20024e-12,0,0,1.15223e-10,0,0,0,0,0,0,0,0,-4.50541e-09,0.905991,
1.73472e-12,0.00330119,0.00566856,-0.00167076,0.00081743,0.00046525,-2.75208e-05,0,0,0.547908,-0.0163592,-0.0419493,0.00427862,0.0102679,0.00397388,-0.00289696,0,0,0,0.047633,0.00314485,-0.0261061,-0.000794196,-0.000119936,-6.04035e-05,0,0,-0.0162553,0.637013,-0.00766553,-0.0847887,0.00507374,-0.010378,-0.00105881,0,0,5.20417e-12,3.45417e-05,0.0830613,0.00989529,0.00250155,0.0017674,-7.29586e-05,0,0,-0.0403724,-0.00733598,0.477787,-0.0165839,-0.00786642,0.00721347,-0.00276228,0,0,-6.93889e-12,-0.0230609,0.00626282,0.0284918,0.00403855,0.000256697,-0.00010053,0,0,0.0047136,-0.0875962,-0.016129,0.606781,0.0182296,0.0556619,-0.000854397,0,0,-6.93889e-12,-0.00560284,0.0412599,0.00437309,-0.0314348,-0.0260476,0.00093266,0,0,0.103472,0.0493841,-0.077952,0.182558,0.365414,-0.034549,0.0223619,0,0,6.93889e-12,0.0549108,0.00578063,-0.0495193,-0.028465,0.0109279,0.00160028,0,0,0.0400806,-0.106055,0.0722164,0.559492,-0.0347083,0.412769,-0.00591467,0,0,2.92735e-12,-0.00164884,0.00222546,0.00271924,0.00228366,0.00397639,0.00142539,0,0,-0.0284713,-0.0103497,-0.0273813,-0.00900943,0.0229855,-0.00606474,0.0666549,0,0,0,0,-1.20024e-12,1.20024e-12,-1.20024e-12,0,-1.20024e-12,0,0,0,0,0,0,0,0,0,0.905991,4.25455e-09,0,0,0,0,-1.20024e-12,0,-1.20024e-12,0,0,0,0,0,0,0,0,0,4.25515e-09,0.905991,
2.1684e-12,0.00330843,0.00572869,-0.00167675,0.000820706,0.000465789,-2.75653e-05,0,0,0.547941,-0.0163648,-0.0423363,0.00429682,0.0102827,0.00397254,-0.00289485,0,0,0,0.047525,0.00316458,-0.0261952,-0.000798018,-0.000125588,-6.03475e-05,0,0,-0.0162607,0.637053,-0.00768574,-0.0848078,0.00507572,-0.0103661,-0.00105934,0,0,-3.46945e-12,5.5256e-05,0.0830634,0.00990132,0.00250777,0.00176804,-7.29896e-05,0,0,-0.0407569,-0.00735545,0.477832,-0.0165859,-0.00783451,0.00722352,-0.00276468,0,0,-1.73472e-11,-0.023192,0.00626971,0.0285786,0.00404711,0.000248056,-0.000100366,0,0,0.004732,-0.0876188,-0.0161301,0.606775,0.0182241,0.0556571,-0.00085322,0,0,0,-0.0056519,0.0412581,0.00445455,-0.0314804,-0.02606,0.00093233,0,0,0.103623,0.0494023,-0.0776334,0.182503,0.365481,-0.0345393,0.0223483,0,0,6.93889e-12,0.0548481,0.0057889,-0.0495232,-0.0284995,0.0111185,0.00159736,0,0,0.0400681,-0.105942,0.0723166,0.55945,-0.0346992,0.412792,-0.00591678,0,0,2.60209e-12,-0.00164484,0.00222903,0.00271142,0.00228441,0.00397382,0.00142708,0,0,-0.0284509,-0.0103546,-0.0274055,-0.00899797,0.0229723,-0.00606694,0.0666561,0,0,0,0,0,0,0,0,0,0,0,0,0,0,0,0,0,0,0.905991,4.15493e-09,0,0,1.20024e-12,0,1.20024e-12,0,0,0,0,0,0,0,0,0,0,0,4.15463e-09,0.905991,
1.73472e-12,0.00331493,0.0057893,-0.00168235,0.000823588,0.000466719,-2.8003e-05,0,0,0.547974,-0.0163704,-0.0427236,0.00431509,0.0102975,0.00397116,-0.00289273,0,0,0,0.0474167,0.00318437,-0.0262842,-0.00080186,-0.000131229,-6.03148e-05,0,0,-0.0162661,0.637094,-0.00770599,-0.084827,0.00507769,-0.0103542,-0.00105986,0,0,1.04083e-11,7.52629e-05,0.0830657,0.00990766,0.00251359,0.00176904,-7.34073e-05,0,0,-0.0411419,-0.00737496,0.477878,-0.0165879,-0.00780255,0.00723355,-0.00276709,0,0,-2.77556e-11,-0.0233228,0.00627643,0.0286651,0.00405581,0.000239236,-0.000100038,0,0,0.00475045,-0.0876414,-0.0161311,0.60677,0.0182186,0.0556523,-0.000852045,0,0,2.42861e-11,-0.00570696,0.041259,0.00453905,-0.0315287,-0.0260692,0.000928998,0,0,0.103774,0.0494205,-0.0773144,0.182449,0.365549,-0.0345296,0.0223346,0,0,8.32667e-11,0.0547862,0.00579649,-0.0495272,-0.0285332,0.0113087,0.00159503,0,0,0.0400552,-0.105828,0.0724165,0.559408,-0.0346901,0.412816,-0.00591889,0,0,-4.44523e-12,-0.00164068,0.00223253,0.00270351,0.00228522,0.00397115,0.00142884,0,0,-0.0284304,-0.0103596,-0.0274296,-0.00898652,0.022959,-0.00606914,0.0666572,0,0,0,-1.20024e-12,0,1.20024e-12,0,1.20024e-12,0,0,0,0,0,0,0,0,0,0,0.905991,4.16604e-09,0,0,0,1.20024e-12,1.20024e-12,0,1.20024e-12,0,0,0,0,0,0,0,0,0,4.16604e-09,0.905991,
3.03577e-12,0.00332188,0.00584998,-0.00168836,0.000827255,0.00046686,-2.8047e-05,0,0,0.548006,-0.0163759,-0.0431115,0.0043334,0.0103122,0.00396973,-0.0028906,0,0,0,0.0473082,0.00320418,-0.0263732,-0.000805648,-0.000136929,-6.02581e-05,0,0,-0.0162715,0.637135,-0.00772627,-0.0848463,0.00507965,-0.0103423,-0.00106038,0,0,1.21431e-11,9.57223e-05,0.0830679,0.00991354,0.00252018,0.00176925,-7.34381e-05,0,0,-0.0415274,-0.0073945,0.477924,-0.0165898,-0.00777055,0.00724356,-0.00276949,0,0,-3.46945e-12,-0.0234539,0.00628314,0.0287518,0.00406417,0.000230726,-9.9872e-05,0,0,0.00476896,-0.0876642,-0.0161321,0.606764,0.0182131,0.0556475,-0.000850872,0,0,-6.93889e-12,-0.00575904,0.0412596,0.00462062,-0.0315708,-0.0260843,0.000928654,0,0,0.103924,0.0494386,-0.0769949,0.182394,0.365616,-0.0345199,0.022321,0,0,-2.08167e-11,0.0547235,0.00580403,-0.0495303,-0.0285679,0.0115003,0.00159209,0,0,0.0400418,-0.105714,0.0725162,0.559365,-0.0346809,0.41284,-0.00592101,0,0,3.25261e-12,-0.00163658,0.00223603,0.00269566,0.00228586,0.00396862,0.00143051,0,0,-0.0284099,-0.0103646,-0.0274538,-0.0089751,0.0229458,-0.00607134,0.0666584,0,0,0,0,-1.20024e-12,0,1.20024e-12,0,-1.20024e-12,0,0,0,0,0,0,0,0,0,0.905991,4.28336e-09,0,-1.20024e-12,1.20024e-12,0,0,0,0,0,0,0,0,0,0,0,0,0,4.28306e-09,0.905991,
-4.33681e-13,0.00332888,0.00591074,-0.00169438,0.000830529,0.000467785,-2.73041e-05,0,0,0.548037,-0.0163815,-0.0434997,0.00435177,0.0103268,0.00396826,-0.00288847,0,0,2.77556e-11,0.0471994,0.00322403,-0.0264621,-0.000809456,-0.000142594,-6.01535e-05,0,0,-0.0162769,0.637176,-0.00774659,-0.0848656,0.0050816,-0.0103304,-0.0010609,0,0,-5.20417e-12,0.000116248,0.08307,0.00991934,0.00252638,0.00177023,-7.2691e-05,0,0,-0.0419132,-0.00741407,0.477969,-0.0165916,-0.0077385,0.00725355,-0.00277189,0,0,1.38778e-11,-0.023585,0.00628983,0.0288386,0.00407266,0.000221873,-0.000100033,0,0,0.00478751,-0.087687,-0.0161329,0.606758,0.0182077,0.0556428,-0.000849701,0,0,-2.77556e-11,-0.00581113,0.0412599,0.00470223,-0.0316156,-0.0260931,0.00093432,0,0,0.104073,0.0494566,-0.076675,0.182339,0.365683,-0.0345102,0.0223074,0,0,-1.38778e-11,0.0546605,0.00581151,-0.0495331,-0.0286019,0.0116911,0.00158793,0,0,0.040028,-0.1056,0.0726157,0.559323,-0.0346718,0.412864,-0.00592312,0,0,1.0842e-12,-0.00163248,0.00223954,0.00268779,0.00228656,0.00396591,0.00143202,0,0,-0.0283892,-0.0103695,-0.0274779,-0.0089637,0.0229326,-0.00607355,0.0666596,0,0,0,-1.20024e-12,0,0,0,-1.20024e-12,0,0,0,0,0,0,0,0,0,0,0.905991,-4.51411e-09,0,0,0,-1.20024e-12,0,1.20024e-12,-1.20024e-12,0,0,0,0,0,0,0,0,0,-4.51441e-09,0.905991,
4.33681e-13,0.00333593,0.00597158,-0.00170081,0.000833801,0.00046792,-2.77411e-05,0,0,0.548068,-0.0163871,-0.0438884,0.0043702,0.0103415,0.00396674,-0.00288632,0,0,0,0.0470904,0.0032439,-0.026551,-0.000813259,-0.000148318,-6.01196e-05,0,0,-0.0162823,0.637218,-0.00776694,-0.084885,0.00508355,-0.0103185,-0.00106142,0,0,5.20417e-12,0.00013684,0.0830719,0.00992467,0.00253257,0.0017704,-7.31088e-05,0,0,-0.0422995,-0.00743367,0.478014,-0.0165934,-0.00770641,0.00726352,-0.00277429,0,0,-6.93889e-12,-0.0237162,0.00629652,0.0289254,0.00408114,0.000213331,-9.97031e-05,0,0,0.00480612,-0.0877099,-0.0161337,0.606752,0.0182022,0.055638,-0.000848532,0,0,2.42861e-11,-0.00586323,0.0412599,0.00478088,-0.0316602,-0.0261078,0.000930964,0,0,0.104222,0.0494746,-0.0763547,0.182285,0.36575,-0.0345005,0.0222938,0,0,8.32667e-11,0.0545972,0.00581893,-0.0495348,-0.0286356,0.0118834,0.00158558,0,0,0.0400138,-0.105485,0.072715,0.559281,-0.0346627,0.412888,-0.00592523,0,0,-4.55365e-12,-0.00162837,0.00224305,0.00267999,0.00228724,0.00396334,0.00143377,0,0,-0.0283685,-0.0103744,-0.027502,-0.00895233,0.0229194,-0.00607575,0.0666607,0,0,0,-1.20024e-12,0,-1.20024e-12,0,0,1.20024e-12,0,0,0,0,0,0,0,0,0,0.905991,-4.60172e-09,0,1.20024e-12,0,-1.20024e-12,0,-2.40048e-12,1.20024e-12,0,0,0,0,0,0,0,0,0,-4.60142e-09,0.905991,
-3.93293e-07,0.00334302,0.0060325,-0.00170686,0.000837073,0.000468054,-2.73912e-05,0,0,0.548097,-0.0163927,-0.0442775,0.00438867,0.010356,0.00396518,-0.00288416,0,0,-2.38143e-08,0.0469812,0.00326379,-0.0266398,-0.000817056,-0.000154055,-6.00378e-05,0,0,-0.0162877,0.637259,-0.00778733,-0.0849045,0.00508549,-0.0103066,-0.00106194,0,0,-3.90134e-07,0.000157498,0.0830737,0.00993032,0.00253875,0.00177056,-7.27473e-05,0,0,-0.0426862,-0.00745331,0.478059,-0.0165951,-0.00767427,0.00727346,-0.00277669,0,0,1.64407e-07,-0.0238475,0.0063032,0.0290121,0.00408959,0.000204773,-9.97005e-05,0,0,0.00482478,-0.0877329,-0.0161345,0.606746,0.0181967,0.0556332,-0.000847366,0,0,-3.01633e-06,-0.00591533,0.0412596,0.00486258,-0.0317045,-0.0261223,0.000933627,0,0,0.104371,0.0494925,-0.0760339,0.18223,0.365818,-0.0344908,0.0222802,0,0,6.08125e-07,0.0545335,0.00582629,-0.0495369,-0.0286692,0.0120759,0.001582,0,0,0.0399991,-0.105371,0.072814,0.559239,-0.0346536,0.412911,-0.00592735,0,0,7.90279e-08,-0.00162426,0.00224656,0.00267208,0.00228791,0.00396075,0.00143535,0,0,-0.0283477,-0.0103793,-0.0275261,-0.00894097,0.0229062,-0.00607795,0.0666619,0,0,0,0,0,0,0,0,0,0,0,0,0,0,0,0,0,0,0.905991,-4.53901e-09,0,0,0,0,0,0,0,0,0,0,0,0,0,0,0,0,-4.53871e-09,0.905991,
-3.93267e-07,0.00335017,0.0060935,-0.00171331,0.000840343,0.000468578,-2.78276e-05,0,0,0.548126,-0.0163982,-0.0446671,0.00440721,0.0103706,0.00396357,-0.002882,0,0,-2.38698e-08,0.0468718,0.00328372,-0.0267286,-0.000820849,-0.00015978,-6.00032e-05,0,0,-0.0162931,0.637301,-0.00780776,-0.084924,0.00508742,-0.0102946,-0.00106245,0,0,-3.90819e-07,0.000178222,0.0830753,0.00993549,0.00254492,0.00177109,-7.31657e-05,0,0,-0.0430734,-0.00747299,0.478104,-0.0165967,-0.00764209,0.00728339,-0.00277909,0,0,1.64677e-07,-0.0239788,0.00630986,0.0290989,0.00409802,0.000196034,-9.93686e-05,0,0,0.0048435,-0.087756,-0.0161351,0.606739,0.0181913,0.0556284,-0.000846202,0,0,-3.02079e-06,-0.00596745,0.0412591,0.00494132,-0.0317486,-0.0261336,0.000930252,0,0,0.104519,0.0495103,-0.0757127,0.182176,0.365885,-0.0344812,0.0222666,0,0,6.08666e-07,0.0544696,0.00583359,-0.0495379,-0.0287026,0.0122681,0.00157964,0,0,0.039984,-0.105257,0.0729129,0.559197,-0.0346445,0.412935,-0.00592946,0,0,7.91435e-08,-0.00162014,0.00225007,0.00266424,0.00228856,0.00395806,0.00143708,0,0,-0.0283268,-0.0103842,-0.0275502,-0.00892964,0.022893,-0.00608015,0.066663,0,0,1.20024e-12,1.20024e-12,0,-1.20024e-12,-1.20024e-12,0,0,0,0,0,0,0,0,0,0,0,0.905991,-4.35537e-09,0,0,0,0,-1.20024e-12,-1.20024e-12,1.20024e-12,0,0,0,0,0,0,0,0,0,-4.35537e-09,0.905991,
-1.30104e-12,0.00335737,0.00615418,-0.00171898,0.000844005,0.000469493,-2.82638e-05,0,0,0.548154,-0.0164038,-0.0450571,0.00442579,0.010385,0.00396193,-0.00287983,0,0,2.77556e-11,0.0467621,0.00330365,-0.0268173,-0.000824613,-0.000165494,-5.99683e-05,0,0,-0.0162985,0.637343,-0.00782822,-0.0849437,0.00508935,-0.0102827,-0.00106297,0,0,-3.46945e-12,0.000199014,0.0830763,0.00994137,0.00255148,0.00177199,-7.35849e-05,0,0,-0.043461,-0.00749269,0.478149,-0.0165983,-0.00760987,0.00729329,-0.00278148,0,0,2.08167e-11,-0.0241101,0.00631668,0.0291854,0.00410627,0.000187115,-9.90356e-05,0,0,0.00486227,-0.0877791,-0.0161357,0.606733,0.0181858,0.0556236,-0.00084504,0,0,6.93889e-12,-0.00601957,0.0412552,0.00502614,-0.0317894,-0.0261417,0.000926864,0,0,0.104667,0.049528,-0.0753911,0.182121,0.365952,-0.0344715,0.022253,0,0,-6.93889e-12,0.0544053,0.00584144,-0.0495398,-0.0287364,0.01246,0.00157726,0,0,0.0399685,-0.105142,0.0730115,0.559155,-0.0346353,0.412959,-0.00593157,0,0,-1.02999e-11,-0.00161601,0.00225367,0.00265622,0.00228911,0.00395527,0.00143881,0,0,-0.0283058,-0.0103891,-0.0275742,-0.00891832,0.0228799,-0.00608235,0.0666642,0,0,0,-1.20024e-12,1.20024e-12,-1.20024e-12,-1.20024e-12,1.20024e-12,-1.20024e-12,0,0,0,0,0,0,0,0,0,0.905991,4.09222e-09,0,-1.20024e-12,1.20024e-12,-1.20024e-12,-1.20024e-12,1.20024e-12,-1.20024e-12,0,0,0,0,0,0,0,0,0,4.09132e-09,0.905991,
-4.33681e-13,0.00336462,0.00621612,-0.00172467,0.000847273,0.000470012,-2.79133e-05,0,0,0.548182,-0.0164094,-0.0454475,0.00444443,0.0103994,0.00396023,-0.00287765,0,0,0,0.0466522,0.00332368,-0.0269059,-0.000828395,-0.000171243,-5.98852e-05,0,0,-0.0163039,0.637385,-0.00784871,-0.0849634,0.00509127,-0.0102707,-0.00106348,0,0,-1.21431e-11,0.000219872,0.0830784,0.00994717,0.00255764,0.00177249,-7.32207e-05,0,0,-0.043849,-0.00751243,0.478194,-0.0165998,-0.0075776,0.00730317,-0.00278388,0,0,-1.73472e-11,-0.0242415,0.00632299,0.0292719,0.00411465,0.000178343,-9.9032e-05,0,0,0.00488109,-0.0878024,-0.0161362,0.606727,0.0181804,0.0556189,-0.00084388,0,0,1.38778e-11,-0.0060717,0.0412601,0.00511102,-0.0318329,-0.0261526,0.000929521,0,0,0.104814,0.0495456,-0.075069,0.182067,0.366019,-0.0344618,0.0222394,0,0,-2.08167e-11,0.0543408,0.00584741,-0.0495413,-0.0287695,0.0126527,0.00157366,0,0,0.0399525,-0.105028,0.0731099,0.559112,-0.0346262,0.412983,-0.00593369,0,0,-1.22515e-11,-0.00161187,0.00225703,0.00264818,0.00228973,0.00395255,0.00144038,0,0,-0.0282847,-0.010394,-0.0275983,-0.00890703,0.0228667,-0.00608456,0.0666654,0,0,0,0,0,0,0,0,-1.20024e-12,0,0,0,0,0,0,0,0,0,0.905991,3.9701e-09,0,0,2.40048e-12,2.40048e-12,-1.20024e-12,1.20024e-12,-3.60072e-12,1.20024e-12,0,0,0,0,0,0,0,0,3.9701e-09,0.905991,
8.67362e-13,0.00337152,0.00627696,-0.00173155,0.000850146,0.000470529,-2.79557e-05,0,0,0.548208,-0.016415,-0.0458384,0.00446313,0.0104138,0.0039585,-0.00287546,0,0,0,0.046542,0.00334366,-0.0269945,-0.000832197,-0.000177005,-5.98256e-05,0,0,-0.0163093,0.637428,-0.00786924,-0.0849832,0.00509318,-0.0102588,-0.00106399,0,0,-1.73472e-12,0.000240404,0.0830792,0.00995171,0.00256339,0.00177296,-7.32475e-05,0,0,-0.0442375,-0.00753221,0.478238,-0.0166012,-0.00754528,0.00731303,-0.00278627,0,0,-2.42861e-11,-0.0243728,0.00632979,0.0293588,0.00412318,0.000169555,-9.8863e-05,0,0,0.00489996,-0.0878257,-0.0161367,0.606721,0.0181749,0.0556141,-0.000842723,0,0,-1.56125e-11,-0.00612687,0.0412556,0.00518685,-0.0318792,-0.0261633,0.000929147,0,0,0.10496,0.0495632,-0.0747465,0.182012,0.366087,-0.0344521,0.0222258,0,0,5.55112e-11,0.0542766,0.00585514,-0.0495406,-0.0288017,0.0128458,0.00157066,0,0,0.0399361,-0.104913,0.0732081,0.55907,-0.0346171,0.413007,-0.0059358,0,0,5.96311e-12,-0.00160765,0.00226063,0.00264037,0.00229041,0.0039498,0.00144202,0,0,-0.0282636,-0.0103989,-0.0276223,-0.00889577,0.0228535,-0.00608676,0.0666665,0,0,0,1.20024e-12,0,1.20024e-12,0,0,-1.20024e-12,0,0,0,0,0,0,0,0,0,0.905991,3.95209e-09,0,1.20024e-12,0,1.20024e-12,1.20024e-12,0,-1.20024e-12,0,0,0,0,0,0,0,0,0,3.95209e-09,0.905991,
-1.73472e-12,0.00337926,0.00633787,-0.00173765,0.000853411,0.000471043,-2.83911e-05,0,0,0.548234,-0.0164206,-0.0462298,0.00448188,0.0104281,0.00395672,-0.00287326,0,0,0,0.0464316,0.00336367,-0.027083,-0.000835969,-0.000182779,-5.97895e-05,0,0,-0.0163147,0.637471,-0.00788981,-0.0850031,0.00509508,-0.0102468,-0.0010645,0,0,3.46945e-12,0.00026179,0.0830798,0.00995695,0.00256954,0.00177342,-7.36675e-05,0,0,-0.0446264,-0.00755202,0.478283,-0.0166026,-0.00751292,0.00732287,-0.00278866,0,0,1.73472e-11,-0.0245045,0.00633657,0.0294454,0.00413153,0.000160751,-9.85276e-05,0,0,0.00491888,-0.0878492,-0.0161371,0.606714,0.0181695,0.0556093,-0.000841567,0,0,1.73472e-12,-0.00617599,0.0412508,0.00526879,-0.0319223,-0.0261739,0.000925731,0,0,0.105107,0.0495807,-0.0744235,0.181958,0.366154,-0.0344424,0.0222122,0,0,-6.93889e-12,0.0542108,0.00586281,-0.0495407,-0.0288344,0.0130391,0.00156826,0,0,0.0399193,-0.104799,0.073306,0.559028,-0.034608,0.41303,-0.00593791,0,0,1.04083e-11,-0.00160358,0.00226424,0.00263237,0.00229099,0.00394703,0.00144373,0,0,-0.0282423,-0.0104037,-0.0276463,-0.00888452,0.0228403,-0.00608896,0.0666677,0,0,0,0,0,-2.40048e-12,2.40048e-12,-2.40048e-12,2.40048e-12,0,0,0,0,0,0,0,0,0,0.905991,4.02351e-09,0,1.20024e-12,1.20024e-12,-2.40048e-12,1.20024e-12,-2.40048e-12,2.40048e-12,0,0,0,0,0,0,0,0,0,4.02441e-09,0.905991,
-3.93097e-07,0.00338705,0.00640005,-0.00174337,0.000856674,0.000471162,-2.804e-05,0,0,0.548259,-0.0164262,-0.0466216,0.00450068,0.0104424,0.00395489,-0.00287106,0,0,-2.39808e-08,0.046321,0.00338378,-0.0271715,-0.000839736,-0.000188589,-5.97051e-05,0,0,-0.0163201,0.637513,-0.00791041,-0.085023,0.00509698,-0.0102348,-0.00106501,0,0,-3.94343e-07,0.000283244,0.0830815,0.00996251,0.00257567,0.00177347,-7.32998e-05,0,0,-0.0450158,-0.00757186,0.478327,-0.0166039,-0.00748052,0.00733268,-0.00279104,0,0,1.65996e-07,-0.0246363,0.00634285,0.0295318,0.00413985,0.000152096,-9.85232e-05,0,0,0.00493786,-0.0878727,-0.0161374,0.606708,0.0181641,0.0556046,-0.000840414,0,0,-3.04294e-06,-0.0062251,0.0412548,0.00535382,-0.031965,-0.0261873,0.000928386,0,0,0.105252,0.0495981,-0.0741001,0.181904,0.366221,-0.0344327,0.0221986,0,0,6.11476e-07,0.0541447,0.00586859,-0.0495411,-0.0288668,0.0132333,0.00156462,0,0,0.039902,-0.104684,0.0734037,0.558986,-0.0345989,0.413054,-0.00594002,0,0,7.97022e-08,-0.0015995,0.00226761,0.00262428,0.00229156,0.00394432,0.00144528,0,0,-0.028221,-0.0104085,-0.0276703,-0.0088733,0.0228272,-0.00609117,0.0666688,0,0,0,0,0,0,0,0,0,0,0,0,0,0,0,0,0,0,0.905991,4.18854e-09,1.20024e-12,-1.20024e-12,0,0,-1.20024e-12,1.20024e-12,-1.20024e-12,0,0,0,0,0,0,0,0,0,4.18914e-09,0.905991,
3.93054e-07,0.00339411,0.00646112,-0.00174988,0.000860329,0.000472065,-2.80818e-05,0,0,0.548284,-0.0164318,-0.0470139,0.00451954,0.0104566,0.00395302,-0.00286884,0,0,2.39808e-08,0.0462102,0.00340385,-0.0272599,-0.000843474,-0.000194364,-5.96442e-05,0,0,-0.0163255,0.637557,-0.00793105,-0.0850431,0.00509886,-0.0102228,-0.00106552,0,0,3.9505e-07,0.000303977,0.0830818,0.0099672,0.00258218,0.00177428,-7.33252e-05,0,0,-0.0454056,-0.00759173,0.478371,-0.0166051,-0.00744807,0.00734247,-0.00279343,0,0,-1.6627e-07,-0.0247677,0.00634961,0.0296186,0.00414798,0.000143093,-9.83526e-05,0,0,0.00495689,-0.0878963,-0.0161376,0.606701,0.0181586,0.0555998,-0.000839264,0,0,3.04731e-06,-0.0062803,0.0412494,0.00543281,-0.0320045,-0.0261945,0.000927998,0,0,0.105397,0.0496155,-0.0737763,0.181849,0.366288,-0.0344231,0.0221851,0,0,-6.12004e-07,0.0540796,0.00587614,-0.0495399,-0.0288997,0.0134266,0.0015616,0,0,0.0398843,-0.104569,0.0735012,0.558944,-0.0345898,0.413078,-0.00594213,0,0,-7.98061e-08,-0.00159526,0.00227122,0.00261634,0.00229203,0.00394144,0.00144691,0,0,-0.0281995,-0.0104134,-0.0276942,-0.0088621,0.022814,-0.00609337,0.06667,0,0,2.40048e-12,2.40048e-12,-2.40048e-12,-2.40048e-12,-2.40048e-12,2.40048e-12,0,0,0,0,0,0,0,0,0,0,0.905991,-4.4646e-09,3.60072e-12,1.20024e-12,-3.60072e-12,-2.40048e-12,-3.60072e-12,1.20024e-12,1.20024e-12,0,0,0,0,0,0,0,0,0,-4.464e-09,0.905991,
0,0.003402,0.00652306,-0.00175602,0.000863588,0.000472571,-2.77304e-05,0,0,0.548307,-0.0164374,-0.0474066,0.00453845,0.0104708,0.00395111,-0.00286662,0,0,0,0.0460991,0.00342399,-0.0273482,-0.000847231,-0.000200174,-5.95588e-05,0,0,-0.0163309,0.6376,-0.00795172,-0.0850632,0.00510074,-0.0102108,-0.00106603,0,0,-5.20417e-12,0.000325568,0.0830828,0.0099722,0.0025883,0.00177469,-7.29544e-05,0,0,-0.0457959,-0.00761164,0.478415,-0.0166062,-0.00741558,0.00735224,-0.00279581,0,0,0,-0.0248996,0.00635603,0.0297051,0.00415625,0.00013424,-9.8348e-05,0,0,0.00497598,-0.08792,-0.0161378,0.606695,0.0181532,0.055595,-0.000838116,0,0,2.94903e-11,-0.00632942,0.0412498,0.00551489,-0.0320467,-0.0262045,0.000930657,0,0,0.105542,0.0496327,-0.0734521,0.181795,0.366355,-0.0344134,0.0221715,0,0,-1.38778e-11,0.0540129,0.00588241,-0.0495389,-0.0289318,0.0136207,0.00155794,0,0,0.0398661,-0.104454,0.0735984,0.558903,-0.0345807,0.413102,-0.00594425,0,0,-4.01155e-12,-0.00159116,0.00227468,0.00260829,0.00229256,0.00393861,0.00144845,0,0,-0.028178,-0.0104182,-0.0277182,-0.00885092,0.0228009,-0.00609557,0.0666711,0,0,0,0,0,0,0,1.20024e-12,0,0,0,0,0,0,0,0,0,0,0.905991,-4.60262e-09,0,0,0,-1.20024e-12,0,-1.20024e-12,1.20024e-12,0,0,0,0,0,0,0,0,0,-4.60382e-09,0.905991,
1.73472e-12,0.00340955,0.00658469,-0.00176177,0.000866453,0.000473469,-2.81647e-05,0,0,0.54833,-0.016443,-0.0477998,0.00455742,0.0104849,0.00394915,-0.00286438,0,0,0,0.0459878,0.00344414,-0.0274365,-0.000851007,-0.000205973,-5.95212e-05,0,0,-0.0163363,0.637644,-0.00797243,-0.0850834,0.00510262,-0.0101988,-0.00106653,0,0,-3.46945e-12,0.000346831,0.0830832,0.00997751,0.00259401,0.00177547,-7.33747e-05,0,0,-0.0461866,-0.00763159,0.478459,-0.0166073,-0.00738305,0.00736198,-0.00279819,0,0,-4.16334e-11,-0.0250313,0.0063626,0.0297915,0.00416467,0.000125203,-9.80097e-05,0,0,0.00499511,-0.0879438,-0.0161379,0.606688,0.0181478,0.0555903,-0.00083697,0,0,2.08167e-11,-0.00638159,0.0412469,0.00560006,-0.0320917,-0.0262112,0.000927208,0,0,0.105686,0.0496499,-0.0731274,0.181741,0.366422,-0.0344037,0.0221579,0,0,3.46945e-11,0.0539465,0.00588923,-0.0495382,-0.0289631,0.0138146,0.00155551,0,0,0.0398475,-0.104339,0.0736955,0.558861,-0.0345716,0.413126,-0.00594636,0,0,6.50521e-12,-0.00158699,0.00227821,0.00260015,0.00229315,0.00393568,0.00145014,0,0,-0.0281564,-0.0104229,-0.0277421,-0.00883977,0.0227878,-0.00609778,0.0666723,0,0,0,0,0,0,0,0,0,0,0,0,0,0,0,0,0,0,0.905991,-4.58912e-09,0,0,1.20024e-12,0,1.20024e-12,0,-1.20024e-12,0,0,0,0,0,0,0,0,0,-4.58852e-09,0.905991,
-3.92905e-07,0.00341676,0.006646,-0.00176793,0.000869709,0.00047397,-2.82059e-05,0,0,0.548352,-0.0164486,-0.0481935,0.00457644,0.010499,0.00394715,-0.00286214,0,0,-2.41196e-08,0.0458762,0.00346428,-0.0275247,-0.000854753,-0.000211807,-5.94591e-05,0,0,-0.0163418,0.637687,-0.00799318,-0.0851037,0.00510448,-0.0101867,-0.00106703,0,0,-3.97144e-07,0.000367765,0.0830831,0.00998235,0.0026001,0.00177584,-7.33987e-05,0,0,-0.0465778,-0.00765156,0.478502,-0.0166083,-0.00735047,0.0073717,-0.00280057,0,0,1.67019e-07,-0.0251629,0.00636933,0.029878,0.0041729,0.000116316,-9.78375e-05,0,0,0.0050143,-0.0879676,-0.0161379,0.606681,0.0181424,0.0555855,-0.000835826,0,0,-3.06041e-06,-0.00643683,0.0412406,0.00568223,-0.0321334,-0.0262208,0.000926805,0,0,0.10583,0.049667,-0.0728022,0.181687,0.366489,-0.034394,0.0221444,0,0,6.13641e-07,0.0538804,0.00589661,-0.0495365,-0.0289948,0.0140093,0.00155245,0,0,0.0398285,-0.104224,0.0737922,0.558819,-0.0345626,0.41315,-0.00594847,0,0,8.01387e-08,-0.00158272,0.00228183,0.00259207,0.00229365,0.00393282,0.00145175,0,0,-0.0281347,-0.0104277,-0.027766,-0.00882864,0.0227746,-0.00609998,0.0666735,0,0,3.60072e-12,3.60072e-12,-3.60072e-12,0,3.60072e-12,-3.60072e-12,0,0,0,0,0,0,0,0,0,0,0.905991,-4.44059e-09,0,0,0,0,0,0,0,0,0,0,0,0,0,0,0,0,-4.43939e-09,0.905991,
0,0.00342401,0.00670779,-0.0017737,0.000872963,0.000474077,-2.78539e-05,0,0,0.548373,-0.0164542,-0.0485876,0.00459552,0.010513,0.0039451,-0.00285989,0,0,0,0.0457644,0.00348448,-0.0276128,-0.000858494,-0.000217678,-5.93724e-05,0,0,-0.0163472,0.637731,-0.00801396,-0.085124,0.00510634,-0.0101747,-0.00106754,0,0,6.93889e-12,0.000388767,0.0830832,0.00998751,0.00260619,0.00177579,-7.30244e-05,0,0,-0.0469695,-0.00767157,0.478546,-0.0166093,-0.00731784,0.0073814,-0.00280295,0,0,0,-0.0252946,0.00637588,0.0299643,0.00418111,0.00010758,-9.78321e-05,0,0,0.00503354,-0.0879916,-0.0161378,0.606674,0.018137,0.0555808,-0.000834685,0,0,-1.21431e-11,-0.00649208,0.041237,0.00576751,-0.0321748,-0.0262333,0.000929462,0,0,0.105973,0.049684,-0.0724767,0.181633,0.366556,-0.0343844,0.0221309,0,0,-5.55112e-11,0.053814,0.00590331,-0.0495349,-0.0290264,0.0142049,0.00154877,0,0,0.039809,-0.104109,0.0738888,0.558777,-0.0345535,0.413173,-0.00595058,0,0,-3.03577e-12,-0.00157845,0.00228538,0.00258389,0.00229413,0.00393001,0.00145327,0,0,-0.028113,-0.0104325,-0.0277899,-0.00881754,0.0227615,-0.00610218,0.0666746,0,0,0,0,1.20024e-12,1.20024e-12,0,2.40048e-12,-1.20024e-12,0,0,0,0,0,0,0,0,0,0.905991,4.19664e-09,0,0,0,0,0,0,0,0,0,0,0,0,0,0,0,0,4.19724e-09,0.905991,
1.30104e-12,0.00343211,0.00676965,-0.00178027,0.000876214,0.000474574,-2.82874e-05,0,0,0.548393,-0.0164597,-0.0489822,0.00461465,0.010527,0.00394301,-0.00285763,0,0,2.77556e-11,0.0456524,0.00350471,-0.0277009,-0.00086223,-0.000223537,-5.93335e-05,0,0,-0.0163526,0.637776,-0.00803478,-0.0851445,0.00510819,-0.0101627,-0.00106804,0,0,5.20417e-12,0.000410632,0.0830832,0.00999178,0.00261227,0.00177613,-7.34453e-05,0,0,-0.0473616,-0.00769162,0.478589,-0.0166101,-0.00728518,0.00739108,-0.00280533,0,0,-6.93889e-12,-0.0254267,0.00638242,0.030051,0.00418929,9.8661e-05,-9.74915e-05,0,0,0.00505284,-0.0880156,-0.0161377,0.606668,0.0181316,0.055576,-0.000833546,0,0,3.46945e-12,-0.00654121,0.0412332,0.00584671,-0.0322159,-0.0262426,0.000925985,0,0,0.106116,0.049701,-0.0721507,0.181579,0.366623,-0.0343747,0.0221173,0,0,2.77556e-11,0.053746,0.00590995,-0.0495318,-0.0290577,0.0144002,0.00154631,0,0,0.039789,-0.103994,0.0739851,0.558735,-0.0345444,0.413197,-0.00595269,0,0,6.50521e-13,-0.00157433,0.00228892,0.00257585,0.00229459,0.0039271,0.00145495,0,0,-0.0280911,-0.0104372,-0.0278137,-0.00880645,0.0227484,-0.00610439,0.0666758,0,0,0,-1.20024e-12,0,0,0,0,0,0,0,0,0,0,0,0,0,0,0.905991,4.09612e-09,0,0,0,0,1.20024e-12,0,0,0,0,0,0,0,0,0,0,0,4.09612e-09,0.905991,
2.60209e-12,0.00343986,0.0068316,-0.00178607,0.000879071,0.000475068,-2.83278e-05,0,0,0.548412,-0.0164654,-0.0493772,0.00463384,0.0105409,0.00394087,-0.00285536,0,0,0,0.0455401,0.00352496,-0.0277889,-0.000865985,-0.000229408,-5.92702e-05,0,0,-0.016358,0.63782,-0.00805563,-0.085165,0.00511003,-0.0101506,-0.00106854,0,0,8.67362e-12,0.000432167,0.083083,0.00999677,0.00261794,0.00177644,-7.34679e-05,0,0,-0.0477542,-0.0077117,0.478632,-0.0166109,-0.00725247,0.00740073,-0.0028077,0,0,0,-0.0255586,0.00638895,0.0301372,0.00419762,8.97252e-05,-9.73177e-05,0,0,0.00507219,-0.0880398,-0.0161375,0.606661,0.0181262,0.0555713,-0.00083241,0,0,-1.21431e-11,-0.00659342,0.041229,0.00593208,-0.0322599,-0.0262516,0.000925567,0,0,0.106258,0.0497178,-0.0718243,0.181525,0.36669,-0.034365,0.0221038,0,0,0,0.0536784,0.00591653,-0.0495296,-0.0290882,0.0145957,0.00154323,0,0,0.0397686,-0.103878,0.0740811,0.558694,-0.0345353,0.413221,-0.0059548,0,0,-6.61363e-12,-0.00157012,0.00229247,0.00256764,0.00229512,0.00392417,0.00145654,0,0,-0.0280692,-0.0104419,-0.0278376,-0.0087954,0.0227353,-0.00610659,0.0666769,0,0,0,1.20024e-12,-1.20024e-12,0,0,0,0,0,0,0,0,0,0,0,0,0,0.905991,4.10572e-09,0,1.20024e-12,0,-1.20024e-12,2.40048e-12,0,0,0,0,0,0,0,0,0,0,0,4.10572e-09,0.905991,
-3.9266e-07,0.00344767,0.00689402,-0.00179305,0.000882711,0.00047556,-2.79754e-05,0,0,0.548431,-0.016471,-0.0497728,0.00465308,0.0105548,0.00393869,-0.00285308,0,0,-2.42029e-08,0.0454276,0.00354527,-0.0278768,-0.000869686,-0.000235292,-5.91821e-05,0,0,-0.0163634,0.637865,-0.00807652,-0.0851856,0.00511186,-0.0101385,-0.00106903,0,0,-3.99932e-07,0.000453772,0.083083,0.0100005,0.00262439,0.00177674,-7.309e-05,0,0,-0.0481472,-0.00773181,0.478675,-0.0166117,-0.00721971,0.00741035,-0.00281007,0,0,1.68074e-07,-0.0256906,0.00639529,0.030224,0.00420559,8.07729e-05,-9.73115e-05,0,0,0.00509159,-0.088064,-0.0161372,0.606654,0.0181208,0.0555665,-0.000831276,0,0,-3.07774e-06,-0.00664562,0.0412276,0.00600827,-0.0322974,-0.0262605,0.000928222,0,0,0.1064,0.0497346,-0.0714975,0.181471,0.366757,-0.0343554,0.0220903,0,0,6.15716e-07,0.0536104,0.00592244,-0.049525,-0.0291198,0.0147915,0.00153952,0,0,0.0397478,-0.103763,0.0741769,0.558652,-0.0345263,0.413245,-0.00595691,0,0,8.05805e-08,-0.00156591,0.00229594,0.00255965,0.00229547,0.00392123,0.00145805,0,0,-0.0280471,-0.0104467,-0.0278614,-0.00878436,0.0227222,-0.00610879,0.0666781,0,0,0,0,0,1.20024e-12,1.20024e-12,0,1.20024e-12,0,0,0,0,0,0,0,0,0,0.905991,4.21555e-09,0,1.20024e-12,0,1.20024e-12,-1.20024e-12,0,0,0,0,0,0,0,0,0,0,0,4.21465e-09,0.905991,
1.30104e-12,0.00345552,0.00695612,-0.00179848,0.000885563,0.000476049,-2.88006e-05,0,0,0.548449,-0.0164766,-0.0501688,0.00467237,0.0105686,0.00393646,-0.0028508,0,0,0,0.0453149,0.00356558,-0.0279647,-0.00087343,-0.000241187,-5.91664e-05,0,0,-0.0163688,0.63791,-0.00809744,-0.0852063,0.00511369,-0.0101265,-0.00106953,0,0,1.21431e-11,0.000475445,0.0830826,0.0100057,0.00263004,0.00177701,-7.39122e-05,0,0,-0.0485408,-0.00775196,0.478718,-0.0166123,-0.00718692,0.00741995,-0.00281244,0,0,0,-0.0258226,0.0064018,0.0303101,0.00421388,7.18042e-05,-9.68002e-05,0,0,0.00511104,-0.0880883,-0.0161369,0.606646,0.0181154,0.0555618,-0.000830145,0,0,1.04083e-11,-0.00669784,0.0412229,0.00609682,-0.0323408,-0.0262691,0.000921634,0,0,0.106541,0.0497513,-0.0711702,0.181417,0.366824,-0.0343457,0.0220768,0,0,-1.38778e-11,0.0535422,0.0059289,-0.0495226,-0.0291499,0.0149877,0.00153765,0,0,0.0397265,-0.103647,0.0742725,0.55861,-0.0345172,0.413269,-0.00595902,0,0,4.33681e-13,-0.00156169,0.0022995,0.00255132,0.00229596,0.00391826,0.00145979,0,0,-0.028025,-0.0104514,-0.0278852,-0.00877335,0.0227091,-0.006111,0.0666792,0,0,0,0,0,0,0,0,0,0,0,0,0,0,0,0,0,0,0.905991,-4.43219e-09,0,0,-2.40048e-12,-1.20024e-12,0,0,0,0,0,0,0,0,0,0,0,0,-4.43279e-09,0.905991,
-1.30104e-12,0.00346343,0.00701791,-0.00180548,0.000888805,0.000476535,-2.80552e-05,0,0,0.548466,-0.0164822,-0.0505653,0.00469172,0.0105824,0.00393419,-0.0028485,0,0,0,0.045202,0.00358589,-0.0280525,-0.000877144,-0.000247094,-5.90532e-05,0,0,-0.0163742,0.637955,-0.00811841,-0.0852271,0.00511551,-0.0101144,-0.00107002,0,0,-1.21431e-11,0.000497187,0.0830815,0.0100092,0.00263608,0.00177727,-7.31314e-05,0,0,-0.0489348,-0.00777214,0.478761,-0.0166129,-0.00715407,0.00742953,-0.00281481,0,0,6.93889e-12,-0.0259547,0.00640845,0.0303968,0.00422197,6.2819e-05,-9.69618e-05,0,0,0.00513055,-0.0881127,-0.0161365,0.606639,0.01811,0.0555571,-0.000829016,0,0,3.46945e-12,-0.00675005,0.0412147,0.00617308,-0.0323808,-0.0262776,0.00092737,0,0,0.106682,0.0497679,-0.0708425,0.181364,0.366891,-0.0343361,0.0220632,0,0,6.93889e-12,0.0534736,0.00593592,-0.0495173,-0.0291805,0.015184,0.00153331,0,0,0.0397048,-0.103532,0.0743678,0.558569,-0.0345081,0.413292,-0.00596113,0,0,9.75782e-12,-0.00155746,0.00230314,0.0025433,0.00229636,0.00391527,0.0014612,0,0,-0.0280028,-0.010456,-0.0279089,-0.00876237,0.022696,-0.0061132,0.0666804,0,0,0,1.20024e-12,1.20024e-12,0,-1.20024e-12,1.20024e-12,0,0,0,0,0,0,0,0,0,0,0.905991,-4.51261e-09,0,-1.20024e-12,2.40048e-12,0,-2.40048e-12,-1.20024e-12,-1.20024e-12,0,0,0,0,0,0,0,0,0,-4.51201e-09,0.905991,
2.1684e-12,0.00347139,0.00708057,-0.00181132,0.000892829,0.00047702,-2.84872e-05,0,0,0.548483,-0.0164878,-0.0509623,0.00471112,0.0105961,0.00393187,-0.0028462,0,0,0,0.0450888,0.00360627,-0.0281402,-0.000880805,-0.000253014,-5.90124e-05,0,0,-0.0163797,0.638001,-0.0081394,-0.0852479,0.00511732,-0.0101023,-0.00107052,0,0,1.21431e-11,0.000518998,0.0830811,0.0100139,0.00264291,0.00177751,-7.35533e-05,0,0,-0.0493293,-0.00779235,0.478803,-0.0166134,-0.00712119,0.00743908,-0.00281717,0,0,0,-0.0260869,0.00641476,0.030483,0.0042297,5.38174e-05,-9.66173e-05,0,0,0.00515011,-0.0881372,-0.016136,0.606632,0.0181046,0.0555523,-0.000827889,0,0,2.25514e-11,-0.00680228,0.0412124,0.00625864,-0.0324144,-0.0262859,0.000923846,0,0,0.106822,0.0497844,-0.0705144,0.18131,0.366958,-0.0343264,0.0220497,0,0,-4.85723e-11,0.0534047,0.00594164,-0.0495135,-0.0292121,0.0153807,0.0015308,0,0,0.0396826,-0.103416,0.0744628,0.558527,-0.0344991,0.413316,-0.00596323,0,0,1.95156e-12,-0.00155322,0.00230661,0.00253501,0.00229657,0.00391226,0.00146285,0,0,-0.0279804,-0.0104607,-0.0279327,-0.00875141,0.022683,-0.0061154,0.0666815,0,0,0,0,0,0,-1.20024e-12,0,0,0,0,0,0,0,0,0,0,0,0.905991,-4.45109e-09,0,-1.20024e-12,0,0,0,-1.20024e-12,0,3.60072e-12,0,0,0,0,0,0,0,0,-4.45199e-09,0.905991,
2.60209e-12,0.00347901,0.00714291,-0.00181756,0.000895674,0.000477894,-2.85265e-05,0,0,0.548498,-0.0164934,-0.0513597,0.00473058,0.0106097,0.0039295,-0.00284389,0,0,-2.77556e-11,0.0449753,0.00362666,-0.0282278,-0.000884533,-0.000258921,-5.89468e-05,0,0,-0.0163851,0.638046,-0.00816044,-0.0852689,0.00511912,-0.0100902,-0.00107101,0,0,1.38778e-11,0.000540475,0.0830802,0.0100181,0.00264852,0.00177813,-7.35735e-05,0,0,-0.0497242,-0.0078126,0.478846,-0.0166138,-0.00708826,0.00744861,-0.00281953,0,0,-6.93889e-12,-0.0262189,0.00642123,0.0305693,0.00423791,4.46301e-05,-9.64408e-05,0,0,0.00516972,-0.0881618,-0.0161354,0.606625,0.0180993,0.0555476,-0.000826765,0,0,-1.04083e-11,-0.0068576,0.0412067,0.00634115,-0.032457,-0.0262909,0.000923403,0,0,0.106962,0.0498009,-0.0701858,0.181256,0.367025,-0.0343168,0.0220363,0,0,-3.46945e-11,0.0533361,0.00594792,-0.0495087,-0.0292416,0.015577,0.00152767,0,0,0.03966,-0.1033,0.0745576,0.558485,-0.03449,0.41334,-0.00596534,0,0,8.13152e-12,-0.0015489,0.00231017,0.00252679,0.00229701,0.00390915,0.00146442,0,0,-0.027958,-0.0104654,-0.0279564,-0.00874047,0.0226699,-0.0061176,0.0666827,0,0,0,-1.20024e-12,0,0,0,-1.20024e-12,0,0,0,0,0,0,0,0,0,0,0.905991,4.27646e-09,0,-1.20024e-12,-2.40048e-12,1.20024e-12,0,1.20024e-12,-2.40048e-12,1.20024e-12,0,0,0,0,0,0,0,0,4.27646e-09,0.905991,
-8.67362e-13,0.00348786,0.00720534,-0.00182421,0.000898908,0.000478372,-2.81733e-05,0,0,0.548513,-0.016499,-0.0517577,0.0047501,0.0106233,0.0039271,-0.00284156,0,0,0,0.0448617,0.00364708,-0.0283154,-0.000888231,-0.000264864,-5.88565e-05,0,0,-0.0163905,0.638092,-0.00818151,-0.0852899,0.00512091,-0.010078,-0.0010715,0,0,5.20417e-12,0.000563231,0.0830791,0.0100217,0.00265453,0.00177834,-7.31897e-05,0,0,-0.0501197,-0.00783289,0.478888,-0.0166142,-0.00705529,0.00745811,-0.00282189,0,0,-1.38778e-11,-0.0263515,0.00642768,0.0306558,0.00424593,3.55952e-05,-9.64332e-05,0,0,0.00518939,-0.0881865,-0.0161348,0.606617,0.0180939,0.0555429,-0.000825643,0,0,6.93889e-12,-0.00690364,0.0412007,0.0064206,-0.0324962,-0.0262987,0.000926054,0,0,0.107101,0.0498172,-0.0698569,0.181203,0.367091,-0.0343071,0.0220228,0,0,-3.46945e-11,0.0532653,0.00595414,-0.0495028,-0.0292716,0.0157743,0.00152391,0,0,0.039637,-0.103184,0.0746522,0.558444,-0.034481,0.413364,-0.00596745,0,0,-3.25261e-12,-0.00154481,0.00231374,0.00251864,0.00229736,0.0039061,0.0014659,0,0,-0.0279356,-0.01047,-0.0279801,-0.00872956,0.0226568,-0.00611981,0.0666838,0,0,0,-1.20024e-12,-1.20024e-12,1.20024e-12,-1.20024e-12,-1.20024e-12,-2.40048e-12,0,0,0,0,0,0,0,0,0,0.905991,4.23625e-09,0,1.20024e-12,2.40048e-12,-1.20024e-12,1.20024e-12,-1.20024e-12,3.60072e-12,0,0,0,0,0,0,0,0,0,4.23625e-09,0.905991,
-8.67362e-13,0.00349519,0.00726706,-0.00183008,0.000902139,0.000478457,-2.86044e-05,0,0,0.548527,-0.0165046,-0.0521562,0.00476966,0.0106369,0.00392464,-0.00283923,0,0,-2.77556e-11,0.0447477,0.00366747,-0.0284029,-0.000891923,-0.000270844,-5.88145e-05,0,0,-0.0163959,0.638138,-0.00820261,-0.085311,0.0051227,-0.0100659,-0.00107199,0,0,6.93889e-12,0.000584443,0.0830771,0.0100261,0.00266052,0.00177811,-7.36123e-05,0,0,-0.0505156,-0.0078532,0.47893,-0.0166145,-0.00702228,0.00746759,-0.00282425,0,0,-1.38778e-11,-0.0264834,0.00643445,0.0307419,0.00425392,2.67135e-05,-9.60864e-05,0,0,0.0052091,-0.0882112,-0.016134,0.60661,0.0180885,0.0555381,-0.000824525,0,0,-1.38778e-11,-0.00696208,0.0411882,0.00650629,-0.0325351,-0.0263095,0.000922502,0,0,0.10724,0.0498335,-0.0695275,0.181149,0.367158,-0.0342975,0.0220093,0,0,3.46945e-11,0.0531967,0.00596154,-0.0494978,-0.0293014,0.0159724,0.00152138,0,0,0.0396134,-0.103068,0.0747465,0.558403,-0.034472,0.413388,-0.00596955,0,0,-1.84314e-12,-0.0015404,0.00231747,0.0025103,0.00229768,0.00390311,0.00146753,0,0,-0.027913,-0.0104746,-0.0280038,-0.00871867,0.0226438,-0.00612201,0.066685,0,0,0,0,0,0,1.20024e-12,1.20024e-12,1.20024e-12,-5.76116e-11,0,0,0,0,0,0,0,0,0.905991,-4.30857e-09,0,0,0,0,0,0,0,0,0,0,0,0,0,0,0,0,-4.30887e-09,0.905991,
-1.30104e-12,0.00350374,0.00732964,-0.00183635,0.000905367,0.000479323,-2.90351e-05,0,0,0.54854,-0.0165102,-0.0525551,0.00478929,0.0106504,0.00392214,-0.00283689,0,0,0,0.0446336,0.00368794,-0.0284903,-0.00089561,-0.000276787,-5.8772e-05,0,0,-0.0164013,0.638184,-0.00822375,-0.0853322,0.00512448,-0.0100538,-0.00107247,0,0,-3.46945e-12,0.000606936,0.0830757,0.01003,0.00266651,0.00177868,-7.40358e-05,0,0,-0.050912,-0.00787355,0.478972,-0.0166147,-0.00698922,0.00747704,-0.00282661,0,0,3.46945e-11,-0.0266159,0.00644088,0.0308282,0.00426189,1.7476e-05,-9.57384e-05,0,0,0.00522888,-0.0882361,-0.0161332,0.606602,0.0180832,0.0555334,-0.000823408,0,0,0,-0.00701122,0.0411816,0.00658892,-0.0325737,-0.0263139,0.000918937,0,0,0.107378,0.0498497,-0.0691977,0.181096,0.367225,-0.0342878,0.0219958,0,0,-4.85723e-11,0.0531259,0.00596764,-0.0494918,-0.0293309,0.0161695,0.00151885,0,0,0.0395895,-0.102952,0.0748405,0.558361,-0.0344629,0.413411,-0.00597166,0,0,7.37257e-12,-0.00153621,0.00232103,0.00250203,0.00229799,0.00389994,0.00146916,0,0,-0.0278903,-0.0104793,-0.0280275,-0.00870781,0.0226307,-0.00612421,0.0666861,0,0,0,0,-1.20024e-12,3.60072e-12,-3.60072e-12,3.60072e-12,-3.60072e-12,0,0,0,0,0,0,0,0,0,0.905991,4.25906e-09,0,0,0,2.40048e-12,-2.40048e-12,2.40048e-12,-2.40048e-12,0,0,0,0,0,0,0,0,0,4.25846e-09,0.905991,
0,0.00351196,0.0073927,-0.00184263,0.000908201,0.000479402,-2.90733e-05,0,0,0.548552,-0.0165158,-0.0529545,0.00480896,0.0106639,0.0039196,-0.00283454,0,0,0,0.0445192,0.00370846,-0.0285776,-0.000899316,-0.000282791,-5.87048e-05,0,0,-0.0164067,0.638231,-0.00824493,-0.0853535,0.00512625,-0.0100416,-0.00107296,0,0,3.46945e-12,0.000629095,0.0830745,0.0100339,0.00267208,0.00177842,-7.40546e-05,0,0,-0.0513089,-0.00789394,0.479013,-0.0166149,-0.00695612,0.00748646,-0.00282896,0,0,-1.38778e-11,-0.0267482,0.00644712,0.0309144,0.00427001,8.56174e-06,-9.55596e-05,0,0,0.0052487,-0.0882611,-0.0161324,0.606595,0.0180778,0.0555287,-0.000822294,0,0,-5.20417e-12,-0.00706347,0.0411778,0.00667159,-0.0326152,-0.0263243,0.00091847,0,0,0.107516,0.0498658,-0.0688674,0.181042,0.367292,-0.0342782,0.0219824,0,0,6.93889e-12,0.0530554,0.00597306,-0.0494854,-0.0293597,0.0163682,0.00151568,0,0,0.039565,-0.102836,0.0749343,0.55832,-0.0344539,0.413435,-0.00597376,0,0,2.81893e-12,-0.00153194,0.00232452,0.00249374,0.00229836,0.0038969,0.0014707,0,0,-0.0278675,-0.0104838,-0.0280511,-0.00869698,0.0226177,-0.00612641,0.0666873,0,0,0,0,0,0,0,0,0,1.15223e-10,0,0,0,0,0,0,0,0,0.905991,-4.32447e-09,0,-1.20024e-12,0,0,0,0,0,-1.20024e-12,0,0,0,0,0,0,0,0,-4.32507e-09,0.905991,
8.67362e-13,0.00352062,0.00745584,-0.00184932,0.000911423,0.000479871,-2.87194e-05,0,0,0.548564,-0.0165214,-0.0533545,0.00482869,0.0106773,0.00391701,-0.00283218,0,0,0,0.0444047,0.00372901,-0.0286649,-0.000902992,-0.000288783,-5.86126e-05,0,0,-0.0164122,0.638278,-0.00826615,-0.0853749,0.00512801,-0.0100295,-0.00107344,0,0,-5.20417e-12,0.00065173,0.0830732,0.0100372,0.00267804,0.00177855,-7.36668e-05,0,0,-0.0517063,-0.00791436,0.479055,-0.0166149,-0.00692298,0.00749586,-0.00283131,0,0,2.77556e-11,-0.0268808,0.00645335,0.0310007,0.00427793,-5.38847e-07,-9.55506e-05,0,0,0.00526858,-0.0882861,-0.0161314,0.606587,0.0180725,0.055524,-0.000821183,0,0,-5.20417e-12,-0.0071126,0.0411737,0.00675119,-0.0326533,-0.0263314,0.000921113,0,0,0.107653,0.0498818,-0.0685368,0.180989,0.367358,-0.0342686,0.0219689,0,0,-1.11022e-10,0.0529839,0.00597842,-0.0494779,-0.0293889,0.0165665,0.00151188,0,0,0.0395402,-0.10272,0.0750278,0.558278,-0.0344449,0.413459,-0.00597587,0,0,-8.89046e-12,-0.00152775,0.00232801,0.00248551,0.00229863,0.00389377,0.00147216,0,0,-0.0278447,-0.0104884,-0.0280747,-0.00868617,0.0226047,-0.00612861,0.0666884,0,0,0,1.20024e-12,1.20024e-12,0,-1.20024e-12,1.20024e-12,0,-5.76116e-11,0,0,0,0,0,0,0,0,0.905991,4.26806e-09,0,0,-1.20024e-12,-1.20024e-12,0,1.20024e-12,1.20024e-12,0,0,0,0,0,0,0,0,0,4.26836e-09,0.905991,
2.1684e-12,0.00352855,0.00751827,-0.00185523,0.000915425,0.000480337,-2.91491e-05,0,0,0.548574,-0.016527,-0.0537549,0.00484848,0.0106906,0.00391437,-0.00282981,0,0,-2.77556e-11,0.0442898,0.00374953,-0.028752,-0.000906613,-0.000294786,-5.8569e-05,0,0,-0.0164176,0.638325,-0.0082874,-0.0853963,0.00512976,-0.0100173,-0.00107393,0,0,1.9082e-11,0.000673623,0.083071,0.0100413,0.0026848,0.00177866,-7.40909e-05,0,0,-0.0521042,-0.00793482,0.479096,-0.0166149,-0.00688979,0.00750523,-0.00283366,0,0,0,-0.0270131,0.00645991,0.0310867,0.00428549,-9.65595e-06,-9.52004e-05,0,0,0.00528851,-0.0883113,-0.0161304,0.60658,0.0180672,0.0555193,-0.000820074,0,0,3.81639e-11,-0.00716797,0.041163,0.00683705,-0.0326848,-0.0263383,0.00091752,0,0,0.10779,0.0498977,-0.0682057,0.180936,0.367425,-0.034259,0.0219555,0,0,6.245e-11,0.0529134,0.00598495,-0.0494713,-0.0294191,0.0167652,0.00150932,0,0,0.0395148,-0.102604,0.075121,0.558237,-0.0344359,0.413483,-0.00597797,0,0,8.23994e-12,-0.00152338,0.00233167,0.00247711,0.00229873,0.00389062,0.00147377,0,0,-0.0278217,-0.010493,-0.0280983,-0.00867538,0.0225917,-0.00613081,0.0666896,0,0,0,0,1.20024e-12,1.20024e-12,-1.20024e-12,1.20024e-12,-1.20024e-12,-1.15223e-10,0,0,0,0,-3.00061e-13,0,0,0,0.905991,-4.32837e-09,0,0,0,-1.20024e-12,1.20024e-12,-1.20024e-12,1.20024e-12,0,0,0,0,0,0,0,0,0,-4.32777e-09,0.905991,
4.33681e-13,0.00353693,0.00758079,-0.00186154,0.000918249,0.000480801,-2.87949e-05,0,0,0.548584,-0.0165327,-0.0541559,0.00486832,0.0107039,0.00391169,-0.00282744,0,0,0,0.0441747,0.00377008,-0.0288391,-0.000910302,-0.000300802,-5.84759e-05,0,0,-0.016423,0.638372,-0.00830868,-0.0854178,0.0051315,-0.0100051,-0.00107441,0,0,3.46945e-12,0.000695992,0.0830685,0.0100448,0.00269034,0.00177875,-7.37007e-05,0,0,-0.0525026,-0.00795531,0.479137,-0.0166149,-0.00685656,0.00751458,-0.00283601,0,0,0,-0.0271456,0.00646646,0.0311729,0.00429354,-1.87896e-05,-9.51908e-05,0,0,0.00530849,-0.0883365,-0.0161293,0.606572,0.0180618,0.0555146,-0.000818968,0,0,-5.20417e-12,-0.00722023,0.041152,0.00691983,-0.0327254,-0.026345,0.000920162,0,0,0.107926,0.0499135,-0.0678742,0.180882,0.367492,-0.0342494,0.021942,0,0,2.77556e-11,0.0528419,0.00599143,-0.0494637,-0.0294472,0.016964,0.0015055,0,0,0.0394891,-0.102487,0.075214,0.558196,-0.0344268,0.413506,-0.00598008,0,0,-1.51788e-12,-0.00151909,0.00233532,0.00246876,0.00229905,0.00388744,0.00147521,0,0,-0.0277987,-0.0104975,-0.0281219,-0.00866463,0.0225787,-0.00613302,0.0666907,0,0,0,-1.20024e-12,-2.40048e-12,1.20024e-12,1.20024e-12,0,1.20024e-12,0,0,0,0,0,0,0,0,0,0.905991,4.26446e-09,0,1.20024e-12,2.40048e-12,-1.20024e-12,-1.20024e-12,-1.20024e-12,-1.20024e-12,0,0,0,0,0,0,0,0,0,4.26476e-09,0.905991,
-3.91611e-07,0.00354496,0.00764378,-0.00186786,0.000921461,0.000481262,-2.84407e-05,0,0,0.548593,-0.0165383,-0.0545573,0.00488822,0.0107172,0.00390896,-0.00282505,0,0,-2.45082e-08,0.0440594,0.00379069,-0.0289261,-0.000913961,-0.000306829,-5.83824e-05,0,0,-0.0164284,0.63842,-0.00833001,-0.0854395,0.00513324,-0.00999295,-0.00107489,0,0,-4.08215e-07,0.000718024,0.0830664,0.0100483,0.00269627,0.00177881,-7.33086e-05,0,0,-0.0529015,-0.00797583,0.479178,-0.0166147,-0.00682329,0.0075239,-0.00283835,0,0,1.71099e-07,-0.027278,0.00647282,0.031259,0.00430138,-2.79397e-05,-9.51812e-05,0,0,0.00532853,-0.0883618,-0.0161281,0.606564,0.0180565,0.0555099,-0.000817865,0,0,-3.12872e-06,-0.00727562,0.0411439,0.00700266,-0.0327626,-0.0263515,0.000922807,0,0,0.108061,0.0499293,-0.0675423,0.180829,0.367558,-0.0342397,0.0219286,0,0,6.21669e-07,0.0527707,0.00599723,-0.0494557,-0.0294758,0.0171632,0.00150168,0,0,0.0394628,-0.102371,0.0753067,0.558155,-0.0344178,0.41353,-0.00598218,0,0,8.18384e-08,-0.00151471,0.0023389,0.00246041,0.00229926,0.00388425,0.00147665,0,0,-0.0277756,-0.0105021,-0.0281454,-0.00865389,0.0225657,-0.00613522,0.0666919,0,0,0,0,0,0,0,0,0,0,0,0,0,0,0,0,0,0,0.905991,-4.31967e-09,0,0,0,0,1.20024e-12,-1.20024e-12,0,0,0,0,0,0,0,0,0,0,-4.31937e-09,0.905991,
-3.91503e-07,0.00355384,0.00770724,-0.00187459,0.000924669,0.000482112,-2.9261e-05,0,0,0.548602,-0.0165439,-0.0549593,0.00490817,0.0107303,0.00390618,-0.00282266,0,0,-2.45359e-08,0.0439438,0.00381134,-0.0290131,-0.000917614,-0.000312844,-5.8362e-05,0,0,-0.0164338,0.638468,-0.00835137,-0.0854612,0.00513496,-0.00998076,-0.00107537,0,0,-4.08907e-07,0.000740943,0.0830645,0.0100513,0.00270218,0.00177927,-7.41414e-05,0,0,-0.0533009,-0.00799639,0.479219,-0.0166145,-0.00678998,0.00753319,-0.00284069,0,0,1.71328e-07,-0.0274107,0.00647899,0.0313452,0.00430921,-3.72776e-05,-9.46575e-05,0,0,0.00534862,-0.0883872,-0.0161269,0.606556,0.0180512,0.0555052,-0.000816764,0,0,-3.13286e-06,-0.00732476,0.0411385,0.00708238,-0.0327995,-0.0263547,0.000916057,0,0,0.108196,0.0499449,-0.06721,0.180776,0.367625,-0.0342301,0.0219152,0,0,6.22169e-07,0.052698,0.00600235,-0.0494466,-0.0295042,0.017362,0.00149971,0,0,0.0394361,-0.102254,0.0753991,0.558114,-0.0344088,0.413554,-0.00598428,0,0,8.1946e-08,-0.00151049,0.0023424,0.00245211,0.00229947,0.00388095,0.00147832,0,0,-0.0277523,-0.0105066,-0.0281689,-0.00864319,0.0225527,-0.00613742,0.066693,0,0,0,0,0,0,0,0,1.20024e-12,-1.14023e-10,0,0,0,0,0,0,0,0,0.905991,4.25215e-09,0,0,-2.40048e-12,2.40048e-12,0,0,1.20024e-12,0,0,0,0,0,0,0,0,0,4.25215e-09,0.905991,
1.73472e-12,0.00356237,0.00777,-0.00188093,0.000927482,0.000482176,-2.89065e-05,0,0,0.548609,-0.0165495,-0.0553618,0.00492818,0.0107435,0.00390336,-0.00282025,0,0,0,0.043828,0.00383197,-0.0290999,-0.000921286,-0.00031892,-5.82676e-05,0,0,-0.0164393,0.638516,-0.00837276,-0.085483,0.00513668,-0.00996856,-0.00107584,0,0,1.73472e-11,0.000763524,0.0830616,0.0100546,0.00270768,0.00177889,-7.37477e-05,0,0,-0.0537008,-0.00801698,0.47926,-0.0166142,-0.00675662,0.00754246,-0.00284303,0,0,-2.08167e-11,-0.0275434,0.0064855,0.0314313,0.00431718,-4.62894e-05,-9.46471e-05,0,0,0.00536876,-0.0884128,-0.0161256,0.606548,0.0180459,0.0555005,-0.000815666,0,0,3.46945e-12,-0.00737702,0.0411266,0.00716527,-0.0328392,-0.0263639,0.000918696,0,0,0.108331,0.0499605,-0.0668773,0.180723,0.367691,-0.0342205,0.0219018,0,0,6.93889e-12,0.0526256,0.00600865,-0.0494378,-0.0295317,0.0175624,0.00149586,0,0,0.039409,-0.102138,0.0754912,0.558073,-0.0343999,0.413578,-0.00598638,0,0,-1.23599e-11,-0.00150618,0.00234606,0.00244372,0.00229973,0.00387779,0.00147975,0,0,-0.027729,-0.0105111,-0.0281924,-0.00863251,0.0225397,-0.00613962,0.0666942,0,0,0,0,0,0,1.20024e-12,-1.20024e-12,0,0,0,0,0,0,0,0,0,0,0.905991,-4.30166e-09,0,0,0,0,0,0,0,0,0,0,0,0,0,0,0,0,-4.30256e-09,0.905991,
3.91278e-07,0.00357095,0.00783402,-0.00188689,0.000930684,0.00048263,-2.89432e-05,0,0,0.548616,-0.0165551,-0.0557648,0.00494824,0.0107566,0.0039005,-0.00281784,0,0,2.45914e-08,0.043712,0.0038527,-0.0291867,-0.000924928,-0.000324983,-5.81972e-05,0,0,-0.0164447,0.638564,-0.0083942,-0.0855048,0.00513839,-0.00995634,-0.00107632,0,0,4.10288e-07,0.000786177,0.0830598,0.0100582,0.00271357,0.0017789,-7.37623e-05,0,0,-0.0541012,-0.00803761,0.4793,-0.0166138,-0.00672323,0.00755169,-0.00284537,0,0,-1.71835e-07,-0.027676,0.00649147,0.0315171,0.00432495,-5.54891e-05,-9.44648e-05,0,0,0.00538895,-0.0884384,-0.0161242,0.60654,0.0180406,0.0554958,-0.00081457,0,0,3.14118e-06,-0.00742929,0.0411238,0.00725134,-0.0328755,-0.0263698,0.000918197,0,0,0.108465,0.049976,-0.0665441,0.18067,0.367758,-0.0342109,0.0218884,0,0,-6.23113e-07,0.0525528,0.00601302,-0.0494292,-0.0295596,0.0177624,0.00149263,0,0,0.0393814,-0.102021,0.0755831,0.558032,-0.0343909,0.413602,-0.00598848,0,0,-8.21637e-08,-0.00150186,0.00234948,0.00243522,0.0022999,0.00387454,0.00148125,0,0,-0.0277056,-0.0105156,-0.0282159,-0.00862186,0.0225267,-0.00614181,0.0666953,0,0,3.60072e-12,3.60072e-12,0,2.40048e-12,0,-1.20024e-12,0,0,0,0,0,0,0,0,0,0,0.905991,4.23175e-09,1.20024e-12,1.20024e-12,-1.20024e-12,1.20024e-12,0,0,0,0,0,0,0,0,0,0,0,0,4.23265e-09,0.905991,
8.67362e-13,0.00357959,0.00789733,-0.00189325,0.000934272,0.000483081,-2.93708e-05,0,0,0.548622,-0.0165607,-0.0561683,0.00496835,0.0107696,0.00389758,-0.00281541,0,0,2.77556e-11,0.0435957,0.00387341,-0.0292733,-0.00092854,-0.000331058,-5.8151e-05,0,0,-0.0164501,0.638612,-0.00841567,-0.0855268,0.00514009,-0.00994412,-0.00107679,0,0,-1.04083e-11,0.0008089,0.083057,0.0100613,0.00271986,0.0017789,-7.41874e-05,0,0,-0.0545022,-0.00805827,0.479341,-0.0166134,-0.00668979,0.0075609,-0.0028477,0,0,1.38778e-11,-0.0278087,0.00649778,0.0316031,0.00433253,-6.47052e-05,-9.41098e-05,0,0,0.0054092,-0.0884641,-0.0161227,0.606532,0.0180353,0.0554911,-0.000813478,0,0,-1.38778e-11,-0.00748157,0.0411144,0.00733431,-0.0329084,-0.0263755,0.000914548,0,0,0.108599,0.0499914,-0.0662106,0.180617,0.367824,-0.0342013,0.021875,0,0,0,0.0524797,0.00601858,-0.0494195,-0.029588,0.0179626,0.00149001,0,0,0.0393533,-0.101904,0.0756747,0.557991,-0.0343819,0.413625,-0.00599058,0,0,3.25261e-12,-0.00149753,0.00235307,0.0024268,0.00229997,0.00387126,0.00148283,0,0,-0.0276821,-0.01052,-0.0282394,-0.00861123,0.0225138,-0.00614401,0.0666965,0,0,0,-1.20024e-12,0,1.20024e-12,2.40048e-12,0,1.20024e-12,0,0,0,0,0,0,0,0,0,0.905991,4.27766e-09,0,1.20024e-12,0,-1.20024e-12,-2.40048e-12,0,-2.40048e-12,0,0,0,0,0,0,0,0,0,4.27826e-09,0.905991,
-1.73472e-12,0.00358828,0.00796034,-0.00190001,0.000937465,0.000483529,-2.90159e-05,0,0,0.548627,-0.0165664,-0.0565724,0.00498852,0.0107826,0.00389462,-0.00281298,0,0,0,0.0434792,0.00389412,-0.0293599,-0.00093217,-0.000337145,-5.80552e-05,0,0,-0.0164555,0.638661,-0.00843717,-0.0855489,0.00514178,-0.00993189,-0.00107726,0,0,-1.38778e-11,0.000831695,0.0830536,0.0100639,0.00272573,0.00177887,-7.37901e-05,0,0,-0.0549036,-0.00807896,0.479381,-0.0166128,-0.0066563,0.00757009,-0.00285004,0,0,1.38778e-11,-0.0279415,0.00650424,0.0316892,0.00434026,-7.39379e-05,-9.40985e-05,0,0,0.0054295,-0.0884899,-0.0161211,0.606523,0.01803,0.0554864,-0.000812388,0,0,-3.64292e-11,-0.00753384,0.0411015,0.00741416,-0.0329441,-0.026381,0.000917184,0,0,0.108732,0.0500067,-0.0658766,0.180564,0.367891,-0.0341917,0.0218616,0,0,-4.85723e-11,0.0524063,0.0060247,-0.0494088,-0.0296156,0.0181632,0.00148613,0,0,0.0393248,-0.101788,0.075766,0.55795,-0.0343729,0.413649,-0.00599268,0,0,-1.04083e-11,-0.0014932,0.00235673,0.00241843,0.0023001,0.00386795,0.00148424,0,0,-0.0276585,-0.0105245,-0.0282628,-0.00860064,0.0225008,-0.00614621,0.0666976,0,0,0,0,0,0,0,0,-1.20024e-12,0,0,0,0,0,0,0,0,0,0.905991,-4.43669e-09,0,0,0,0,0,1.20024e-12,0,0,0,0,0,0,0,0,0,0,-4.43609e-09,0.905991,
2.60209e-12,0.00359703,0.00802382,-0.00190561,0.000940264,0.000483975,-2.94428e-05,0,0,0.548631,-0.016572,-0.0569769,0.00500875,0.0107955,0.00389162,-0.00281054,0,0,2.77556e-11,0.0433625,0.00391488,-0.0294464,-0.000935819,-0.000343244,-5.80082e-05,0,0,-0.0164609,0.63871,-0.00845872,-0.085571,0.00514347,-0.00991965,-0.00107773,0,0,-1.73472e-12,0.000854561,0.0830505,0.0100677,0.00273118,0.00177882,-7.42155e-05,0,0,-0.0553056,-0.0080997,0.479421,-0.0166122,-0.00662278,0.00757924,-0.00285236,0,0,-1.38778e-11,-0.0280742,0.00651052,0.0317748,0.00434813,-8.31871e-05,-9.3742e-05,0,0,0.00544986,-0.0885158,-0.0161195,0.606515,0.0180248,0.0554817,-0.0008113,0,0,1.56125e-11,-0.00758612,0.0410914,0.0075035,-0.0329827,-0.0263863,0.000913516,0,0,0.108864,0.0500219,-0.0655422,0.180512,0.367957,-0.0341822,0.0218482,0,0,1.38778e-11,0.0523325,0.00603014,-0.0493996,-0.0296423,0.018364,0.00148349,0,0,0.0392958,-0.101671,0.075857,0.557909,-0.034364,0.413673,-0.00599477,0,0,-8.0231e-12,-0.00148886,0.00236032,0.00240981,0.00230029,0.00386463,0.0014858,0,0,-0.0276348,-0.0105289,-0.0282862,-0.00859007,0.0224879,-0.00614841,0.0666988,0,0,0,0,0,0,-1.20024e-12,0,0,0,0,0,0,0,0,0,0,0,0.905991,-4.4571e-09,0,0,1.20024e-12,-1.20024e-12,0,-1.20024e-12,-1.20024e-12,0,0,0,0,0,0,0,0,0,-4.4568e-09,0.905991,
-1.73472e-12,0.00360621,0.00808738,-0.00191239,0.00094384,0.000484418,-2.90876e-05,0,0,0.548634,-0.0165776,-0.057382,0.00502903,0.0108084,0.00388857,-0.00280809,0,0,-2.77556e-11,0.0432455,0.00393566,-0.0295328,-0.000939413,-0.000349354,-5.79113e-05,0,0,-0.0164663,0.638759,-0.0084803,-0.0855932,0.00514514,-0.00990739,-0.0010782,0,0,-5.20417e-12,0.000877912,0.0830473,0.0100701,0.00273743,0.00177875,-7.38158e-05,0,0,-0.0557081,-0.00812046,0.479461,-0.0166116,-0.00658921,0.00758837,-0.00285469,0,0,-6.93889e-12,-0.0282072,0.00651678,0.0318608,0.00435563,-9.24528e-05,-9.37301e-05,0,0,0.00547026,-0.0885418,-0.0161178,0.606507,0.0180195,0.0554771,-0.000810216,0,0,1.73472e-11,-0.00763524,0.041081,0.00758342,-0.0330146,-0.0263914,0.00091615,0,0,0.108996,0.050037,-0.0652074,0.180459,0.368024,-0.0341726,0.0218348,0,0,3.46945e-11,0.0522578,0.00603551,-0.0493881,-0.02967,0.0185651,0.0014796,0,0,0.0392663,-0.101554,0.0759478,0.557868,-0.034355,0.413696,-0.00599687,0,0,1.45283e-11,-0.0014846,0.00236391,0.00240141,0.00230031,0.00386129,0.0014872,0,0,-0.0276111,-0.0105334,-0.0283095,-0.00857952,0.022475,-0.00615061,0.0666999,0,0,0,0,1.20024e-12,0,1.20024e-12,0,1.20024e-12,0,0,0,0,0,0,0,0,0,0.905991,-4.34787e-09,0,0,0,0,0,0,0,0,0,0,0,0,0,0,0,0,-4.34817e-09,0.905991,
8.67362e-13,0.00361506,0.00815102,-0.00191879,0.000947021,0.000485249,-2.95138e-05,0,0,0.548637,-0.0165832,-0.0577876,0.00504936,0.0108212,0.00388547,-0.00280562,0,0,2.77556e-11,0.0431283,0.00395648,-0.0296191,-0.000943026,-0.000355452,-5.78635e-05,0,0,-0.0164718,0.638809,-0.00850191,-0.0856156,0.00514681,-0.00989513,-0.00107867,0,0,-1.04083e-11,0.000900922,0.0830439,0.0100729,0.00274326,0.00177908,-7.42415e-05,0,0,-0.0561111,-0.00814126,0.4795,-0.0166108,-0.00655561,0.00759747,-0.00285702,0,0,-6.93889e-12,-0.0283401,0.00652303,0.0319466,0.00436327,-0.000101908,-9.33721e-05,0,0,0.00549072,-0.0885679,-0.016116,0.606498,0.0180142,0.0554724,-0.000809134,0,0,-5.20417e-12,-0.00768752,0.0410704,0.00766652,-0.0330494,-0.0263931,0.000912464,0,0,0.109127,0.050052,-0.0648722,0.180406,0.36809,-0.034163,0.0218215,0,0,4.16334e-11,0.0521834,0.00604083,-0.0493767,-0.0296969,0.0187659,0.00147694,0,0,0.0392364,-0.101437,0.0760382,0.557827,-0.034346,0.41372,-0.00599897,0,0,6.50521e-13,-0.00148025,0.0023675,0.00239291,0.00230038,0.00385784,0.00148875,0,0,-0.0275872,-0.0105378,-0.0283329,-0.00856901,0.022462,-0.0061528,0.0667011,0,0,0,0,0,0,0,0,0,0,0,0,0,0,0,0,0,0,0.905991,4.14293e-09,0,1.20024e-12,1.20024e-12,0,-2.40048e-12,0,-1.20024e-12,0,0,0,0,0,0,0,0,0,4.14203e-09,0.905991,
0,0.00362319,0.00821474,-0.0019252,0.000950197,0.000485296,-2.95489e-05,0,0,0.548639,-0.0165888,-0.0581938,0.00506975,0.0108339,0.00388232,-0.00280315,0,0,0,0.0430108,0.00397731,-0.0297053,-0.000946633,-0.000361611,-5.77904e-05,0,0,-0.0164772,0.638858,-0.00852356,-0.085638,0.00514846,-0.00988286,-0.00107913,0,0,8.67362e-12,0.000923176,0.0830403,0.0100756,0.00274908,0.00177856,-7.42537e-05,0,0,-0.0565146,-0.0081621,0.47954,-0.01661,-0.00652196,0.00760654,-0.00285934,0,0,1.38778e-11,-0.0284726,0.00652926,0.0320324,0.0043709,-0.000111034,-9.31863e-05,0,0,0.00551124,-0.0885941,-0.0161141,0.60649,0.018009,0.0554677,-0.000808055,0,0,1.38778e-11,-0.00774612,0.0410594,0.00774966,-0.0330839,-0.0264009,0.00091193,0,0,0.109258,0.0500669,-0.0645366,0.180354,0.368156,-0.0341534,0.0218081,0,0,-6.245e-11,0.0521099,0.00604609,-0.049365,-0.0297236,0.0189681,0.00147365,0,0,0.0392061,-0.10132,0.0761284,0.557787,-0.0343371,0.413744,-0.00600106,0,0,1.95156e-12,-0.00147572,0.00237109,0.0023844,0.00230044,0.00385454,0.00149021,0,0,-0.0275632,-0.0105422,-0.0283562,-0.00855852,0.0224491,-0.006155,0.0667022,0,0,0,0,0,0,0,0,0,0,0,0,0,0,0,0,0,0,0.905991,4.06882e-09,0,0,0,-1.20024e-12,0,0,0,0,0,0,0,0,0,0,0,0,4.06852e-09,0.905991,
0,0.00363253,0.00827815,-0.00193123,0.00095337,0.000485732,-2.95838e-05,0,0,0.54864,-0.0165944,-0.0586005,0.0050902,0.0108466,0.00387913,-0.00280067,0,0,2.77556e-11,0.0428932,0.00399815,-0.0297914,-0.000950233,-0.000367757,-5.7717e-05,0,0,-0.0164826,0.638908,-0.00854525,-0.0856605,0.00515011,-0.00987058,-0.0010796,0,0,8.67362e-12,0.000946744,0.0830362,0.0100785,0.00275489,0.00177843,-7.42654e-05,0,0,-0.0569187,-0.00818296,0.479579,-0.0166091,-0.00648827,0.00761558,-0.00286166,0,0,3.46945e-11,-0.0286057,0.00653566,0.032118,0.00437849,-0.000120349,-9.29999e-05,0,0,0.0055318,-0.0886204,-0.0161122,0.606481,0.0180037,0.0554631,-0.000806979,0,0,-2.25514e-11,-0.00779524,0.0410449,0.007836,-0.0331181,-0.0264054,0.000911391,0,0,0.109389,0.0500817,-0.0642006,0.180302,0.368223,-0.0341439,0.0217948,0,0,-6.93889e-11,0.0520342,0.00605191,-0.0493535,-0.0297501,0.0191701,0.00147035,0,0,0.0391752,-0.101202,0.0762183,0.557746,-0.0343282,0.413768,-0.00600315,0,0,1.0842e-12,-0.00147144,0.00237476,0.00237579,0.00230048,0.00385113,0.00149167,0,0,-0.0275391,-0.0105465,-0.0283795,-0.00854806,0.0224362,-0.00615719,0.0667034,0,0,0,-2.40048e-12,-2.40048e-12,2.40048e-12,0,-2.40048e-12,0,-5.52111e-11,0,0,0,0,0,0,0,0,0.905991,4.09792e-09,0,1.20024e-12,1.20024e-12,-1.20024e-12,0,1.20024e-12,0,-1.20024e-12,0,0,0,0,0,0,0,0,4.09762e-09,0.905991,
3.90225e-07,0.00364154,0.00834282,-0.00193843,0.000956928,0.000486164,-2.92283e-05,0,0,0.54864,-0.0166,-0.0590077,0.0051107,0.0108593,0.00387589,-0.00279818,0,0,2.47857e-08,0.0427752,0.00401909,-0.0298775,-0.000953804,-0.000373915,-5.76182e-05,0,0,-0.016488,0.638958,-0.00856698,-0.085683,0.00515175,-0.0098583,-0.00108006,0,0,4.15694e-07,0.00096997,0.0830331,0.0100802,0.00276109,0.00177828,-7.38609e-05,0,0,-0.0573233,-0.00820387,0.479618,-0.0166081,-0.00645454,0.00762459,-0.00286397,0,0,-1.73771e-07,-0.0287387,0.00654152,0.0322041,0.00438589,-0.000129681,-9.29868e-05,0,0,0.00555242,-0.0886468,-0.0161101,0.606472,0.0179985,0.0554584,-0.000805906,0,0,3.17393e-06,-0.00784753,0.0410396,0.00791285,-0.0331488,-0.0264096,0.000914021,0,0,0.109518,0.0500965,-0.0638642,0.180249,0.368289,-0.0341343,0.0217814,0,0,-6.26797e-07,0.0519587,0.00605579,-0.0493397,-0.029777,0.0193723,0.00146642,0,0,0.0391439,-0.101085,0.0763078,0.557706,-0.0343192,0.413791,-0.00600525,0,0,-8.29924e-08,-0.00146706,0.00237819,0.0023674,0.00230042,0.0038477,0.00149304,0,0,-0.027515,-0.0105509,-0.0284028,-0.00853763,0.0224233,-0.00615939,0.0667045,0,0,2.40048e-12,-2.40048e-12,2.40048e-12,0,-2.40048e-12,-2.40048e-12,-2.40048e-12,0,0,0,0,0,0,0,0,0,0.905991,4.22635e-09,-1.20024e-12,1.20024e-12,-1.20024e-12,0,1.20024e-12,1.20024e-12,1.20024e-12,0,0,0,0,0,0,0,0,0,4.22605e-09,0.905991,
8.67362e-13,0.00365022,0.00840601,-0.00194409,0.000960091,0.000486985,-2.92628e-05,0,0,0.548639,-0.0166057,-0.0594155,0.00513125,0.0108719,0.00387261,-0.00279569,0,0,2.77556e-11,0.042657,0.00403996,-0.0299633,-0.000957393,-0.000380059,-5.75439e-05,0,0,-0.0164934,0.639009,-0.00858874,-0.0857057,0.00515338,-0.009846,-0.00108052,0,0,-1.04083e-11,0.000992852,0.0830283,0.0100834,0.00276687,0.00177853,-7.38709e-05,0,0,-0.0577285,-0.00822481,0.479657,-0.016607,-0.00642076,0.00763357,-0.00286629,0,0,-2.08167e-11,-0.0288715,0.00654805,0.0322894,0.00439343,-0.000139203,-9.27996e-05,0,0,0.00557309,-0.0886732,-0.016108,0.606463,0.0179933,0.0554538,-0.000804836,0,0,1.21431e-11,-0.00790299,0.0410212,0.00800244,-0.0331824,-0.0264105,0.000913475,0,0,0.109648,0.0501111,-0.0635274,0.180197,0.368355,-0.0341248,0.0217681,0,0,4.16334e-11,0.0518836,0.00606212,-0.049328,-0.0298031,0.0195741,0.0014631,0,0,0.0391122,-0.100968,0.0763971,0.557665,-0.0343103,0.413815,-0.00600734,0,0,-8.0231e-12,-0.0014626,0.00238195,0.00235867,0.00230043,0.00384417,0.00149449,0,0,-0.0274907,-0.0105552,-0.028426,-0.00852722,0.0224104,-0.00616158,0.0667056,0,0,0,0,0,0,0,0,0,0,0,0,0,0,0,0,0,0,0.905991,-4.4652e-09,0,0,0,-1.20024e-12,0,-1.20024e-12,0,0,0,0,0,0,0,0,0,0,-4.4643e-09,0.905991,
-8.67362e-13,0.00365973,0.00847006,-0.00195131,0.000963249,0.000487022,-2.96871e-05,0,0,0.548638,-0.0166113,-0.0598238,0.00515186,0.0108844,0.00386928,-0.00279318,0,0,2.77556e-11,0.0425387,0.0040609,-0.0300492,-0.000960976,-0.000386265,-5.74938e-05,0,0,-0.0164988,0.63906,-0.00861054,-0.0857285,0.005155,-0.00983369,-0.00108098,0,0,-2.25514e-11,0.00101664,0.0830241,0.0100849,0.00277264,0.00177793,-7.42973e-05,0,0,-0.0581341,-0.00824578,0.479696,-0.0166059,-0.00638695,0.00764252,-0.0028686,0,0,-2.77556e-11,-0.0290047,0.00655423,0.0323754,0.00440095,-0.000148394,-9.24376e-05,0,0,0.00559382,-0.0886998,-0.0161058,0.606454,0.017988,0.0554492,-0.000803768,0,0,1.21431e-11,-0.00795209,0.041009,0.00807934,-0.0332157,-0.0264175,0.000909742,0,0,0.109776,0.0501256,-0.0631901,0.180145,0.368421,-0.0341152,0.0217548,0,0,1.11022e-10,0.0518069,0.00606714,-0.0493133,-0.0298289,0.0197775,0.0014604,0,0,0.0390799,-0.10085,0.0764861,0.557625,-0.0343014,0.413839,-0.00600943,0,0,2.81893e-11,-0.00145829,0.00238555,0.00235026,0.00230041,0.00384078,0.00149601,0,0,-0.0274664,-0.0105595,-0.0284492,-0.00851685,0.0223976,-0.00616378,0.0667068,0,0,0,0,0,0,0,0,1.20024e-12,0,0,0,0,0,0,0,0,0,0.905991,-4.56332e-09,0,1.20024e-12,0,0,0,0,-1.20024e-12,0,0,0,0,0,0,0,0,0,-4.56362e-09,0.905991,
-3.89772e-07,0.0036689,0.0085342,-0.00195699,0.000965623,0.000487837,-2.9721e-05,0,0,0.548635,-0.0166169,-0.0602327,0.00517252,0.0108969,0.0038659,-0.00279066,0,0,-2.48412e-08,0.04242,0.00408187,-0.0301349,-0.000964602,-0.000392433,-5.74185e-05,0,0,-0.0165042,0.63911,-0.00863238,-0.0857513,0.00515661,-0.00982137,-0.00108144,0,0,-4.1769e-07,0.00104008,0.0830197,0.0100879,0.00277756,0.00177814,-7.43069e-05,0,0,-0.0585404,-0.00826679,0.479734,-0.0166047,-0.0063531,0.00765145,-0.00287091,0,0,1.74444e-07,-0.0291377,0.00656039,0.0324607,0.00440879,-0.00015795,-9.22491e-05,0,0,0.00561459,-0.0887265,-0.0161036,0.606445,0.0179828,0.0554445,-0.000802703,0,0,-3.18595e-06,-0.00800438,0.0409963,0.008169,-0.033255,-0.026418,0.000909182,0,0,0.109904,0.0501401,-0.0628525,0.180093,0.368487,-0.0341057,0.0217415,0,0,6.28123e-07,0.0517305,0.00607209,-0.0493007,-0.0298533,0.0199799,0.00145706,0,0,0.0390473,-0.100733,0.0765748,0.557584,-0.0342925,0.413862,-0.00601152,0,0,8.32878e-08,-0.0014539,0.00238914,0.00234149,0.00230055,0.0038372,0.00149745,0,0,-0.0274419,-0.0105639,-0.0284724,-0.0085065,0.0223847,-0.00616597,0.0667079,0,0,0,-1.20024e-12,0,0,0,0,-1.20024e-12,0,0,0,0,0,0,0,0,0,0.905991,-4.51621e-09,0,0,1.20024e-12,0,0,1.20024e-12,0,0,0,0,0,0,0,0,0,0,-4.51651e-09,0.905991,
-2.60209e-12,0.00367773,0.00859881,-0.00196423,0.000969551,0.000487869,-2.97547e-05,0,0,0.548632,-0.0166225,-0.0606421,0.00519324,0.0109093,0.00386247,-0.00278813,0,0,0,0.0423011,0.00410289,-0.0302206,-0.000968124,-0.000398663,-5.73427e-05,0,0,-0.0165096,0.639162,-0.00865426,-0.0857743,0.00515821,-0.00980905,-0.00108189,0,0,-1.38778e-11,0.00106318,0.0830156,0.0100892,0.00278413,0.0017775,-7.4316e-05,0,0,-0.0589471,-0.00828783,0.479773,-0.0166034,-0.0063192,0.00766034,-0.00287321,0,0,3.46945e-11,-0.0292707,0.00656636,0.0325466,0.00441591,-0.000167173,-9.20601e-05,0,0,0.00563542,-0.0887533,-0.0161012,0.606436,0.0179776,0.0554399,-0.000801642,0,0,-2.25514e-11,-0.00805985,0.0409866,0.00824595,-0.0332813,-0.0264246,0.000908617,0,0,0.110032,0.0501544,-0.0625145,0.180041,0.368553,-0.0340962,0.0217282,0,0,-6.93889e-11,0.0516543,0.00607636,-0.0492852,-0.02988,0.0201838,0.00145371,0,0,0.0390141,-0.100615,0.0766631,0.557544,-0.0342836,0.413886,-0.0060136,0,0,7.37257e-12,-0.00144941,0.00239266,0.00233304,0.00230033,0.00383377,0.00149887,0,0,-0.0274174,-0.0105681,-0.0284955,-0.00849619,0.0223719,-0.00616816,0.0667091,0,0,0,0,0,0,0,0,-1.20024e-12,0,0,0,0,0,0,0,0,0,0.905991,-4.34607e-09,0,0,0,0,0,0,1.20024e-12,1.20024e-12,0,0,0,0,0,0,0,0,-4.34667e-09,0.905991,
-1.73472e-12,0.0036874,0.00866272,-0.0019707,0.000972305,0.0004879,-2.97882e-05,0,0,0.548628,-0.0166281,-0.0610521,0.00521402,0.0109217,0.003859,-0.00278559,0,0,-2.77556e-11,0.042182,0.00412388,-0.0303061,-0.000971714,-0.000404904,-5.72665e-05,0,0,-0.016515,0.639213,-0.00867617,-0.0857973,0.0051598,-0.00979671,-0.00108235,0,0,0,0.00108719,0.0830106,0.0100912,0.00278943,0.00177683,-7.43245e-05,0,0,-0.0593545,-0.00830891,0.479811,-0.016602,-0.00628526,0.0076692,-0.00287551,0,0,-2.08167e-11,-0.029404,0.00657267,0.0326321,0.00442352,-0.000176413,-9.18705e-05,0,0,0.00565631,-0.0887802,-0.0160988,0.606427,0.0179724,0.0554353,-0.000800583,0,0,-1.73472e-12,-0.00810895,0.0409702,0.0083293,-0.0333168,-0.026431,0.000908047,0,0,0.110159,0.0501687,-0.0621761,0.179989,0.368619,-0.0340866,0.0217149,0,0,-2.77556e-11,0.0515766,0.00608182,-0.0492705,-0.0299046,0.020388,0.00145035,0,0,0.0389805,-0.100497,0.0767512,0.557504,-0.0342747,0.41391,-0.00601569,0,0,-1.69136e-11,-0.00144509,0.00239634,0.00232441,0.00230035,0.00383031,0.00150029,0,0,-0.0273927,-0.0105724,-0.0285187,-0.0084859,0.022359,-0.00617035,0.0667102,0,0,0,0,2.40048e-12,0,2.40048e-12,0,2.40048e-12,-1.15223e-10,0,0,0,0,0,0,0,0,0.905991,4.09402e-09,0,0,-1.20024e-12,0,-1.20024e-12,0,-1.20024e-12,0,0,0,0,0,0,0,0,0,4.09432e-09,0.905991,
0,0.00369635,0.00872788,-0.00197679,0.000975444,0.000488317,-2.94321e-05,0,0,0.548623,-0.0166337,-0.0614626,0.00523485,0.010934,0.00385548,-0.00278305,0,0,-2.77556e-11,0.0420626,0.00414498,-0.0303915,-0.000975272,-0.000411131,-5.71649e-05,0,0,-0.0165204,0.639265,-0.00869811,-0.0858205,0.00516138,-0.00978437,-0.0010828,0,0,1.56125e-11,0.00111043,0.0830066,0.0100936,0.00279514,0.00177656,-7.39128e-05,0,0,-0.0597623,-0.00833002,0.479849,-0.0166005,-0.00625129,0.00767803,-0.00287781,0,0,1.38778e-11,-0.0295369,0.00657843,0.0327174,0.00443093,-0.000185843,-9.18554e-05,0,0,0.00567724,-0.0888071,-0.0160963,0.606418,0.0179672,0.0554306,-0.000799527,0,0,-3.46945e-12,-0.00816443,0.040963,0.00841588,-0.0333488,-0.026434,0.000910669,0,0,0.110286,0.0501828,-0.0618373,0.179937,0.368685,-0.0340771,0.0217016,0,0,-4.16334e-11,0.0514998,0.00608534,-0.049256,-0.0299296,0.0205919,0.00144635,0,0,0.0389464,-0.10038,0.076839,0.557464,-0.0342658,0.413933,-0.00601778,0,0,-4.77049e-12,-0.00144059,0.00239977,0.00231568,0.00230026,0.00382676,0.00150163,0,0,-0.027368,-0.0105767,-0.0285418,-0.00847564,0.0223462,-0.00617254,0.0667113,0,0,0,1.20024e-12,1.20024e-12,0,1.20024e-12,-1.20024e-12,0,0,0,0,0,0,0,0,0,0,0.905991,3.9797e-09,0,1.20024e-12,1.20024e-12,0,0,-1.20024e-12,-1.20024e-12,0,0,0,0,0,0,0,0,0,3.9797e-09,0.905991,
-3.89123e-07,0.00370612,0.00879156,-0.00198328,0.000978967,0.000489121,-2.98544e-05,0,0,0.548618,-0.0166393,-0.0618737,0.00525573,0.0109463,0.00385191,-0.00278049,0,0,-2.48968e-08,0.0419431,0.004166,-0.0304768,-0.0009788,-0.000417346,-5.71126e-05,0,0,-0.0165258,0.639317,-0.0087201,-0.0858437,0.00516296,-0.00977202,-0.00108325,0,0,-4.20369e-07,0.00113459,0.0830007,0.0100954,0.00280126,0.00177669,-7.43399e-05,0,0,-0.0601707,-0.00835117,0.479887,-0.016599,-0.00621727,0.00768684,-0.00288011,0,0,1.75367e-07,-0.0296703,0.00658489,0.0328028,0.00443814,-0.000195466,-9.14896e-05,0,0,0.00569823,-0.0888342,-0.0160937,0.606409,0.017962,0.055426,-0.000798474,0,0,-3.20186e-06,-0.00821352,0.0409427,0.00849929,-0.0333773,-0.0264336,0.00090689,0,0,0.110412,0.0501969,-0.061498,0.179885,0.368751,-0.0340676,0.0216884,0,0,6.29899e-07,0.0514214,0.00609132,-0.0492405,-0.029955,0.0207954,0.00144361,0,0,0.0389118,-0.100262,0.0769264,0.557423,-0.034257,0.413957,-0.00601986,0,0,8.36735e-08,-0.00143625,0.00240354,0.00230701,0.00230007,0.00382309,0.00150312,0,0,-0.0273432,-0.0105809,-0.0285648,-0.00846541,0.0223334,-0.00617473,0.0667125,0,0,0,0,0,0,0,0,0,0,0,0,0,0,0,0,0,0,0.905991,3.9698e-09,0,-1.20024e-12,0,-1.20024e-12,0,-1.20024e-12,1.20024e-12,0,0,0,0,0,0,0,0,0,3.9704e-09,0.905991,
-3.88949e-07,0.00371518,0.0088565,-0.00199016,0.000982095,0.000489144,-2.94981e-05,0,0,0.548611,-0.0166449,-0.0622854,0.00527667,0.0109585,0.00384829,-0.00277792,0,0,-2.48968e-08,0.0418232,0.00418712,-0.0305621,-0.000982347,-0.000423622,-5.70101e-05,0,0,-0.0165312,0.639369,-0.00874212,-0.085867,0.00516452,-0.00975965,-0.0010837,0,0,-4.21019e-07,0.00115797,0.082996,0.0100967,0.00280694,0.00177597,-7.39258e-05,0,0,-0.0605797,-0.00837235,0.479924,-0.0165974,-0.00618321,0.00769561,-0.00288241,0,0,1.75582e-07,-0.0298033,0.0065908,0.0328884,0.0044455,-0.000204754,-9.1474e-05,0,0,0.00571928,-0.0888614,-0.016091,0.606399,0.0179569,0.0554214,-0.000797424,0,0,-3.20584e-06,-0.00826901,0.0409317,0.00857952,-0.0334087,-0.0264394,0.000909509,0,0,0.110537,0.0502108,-0.0611584,0.179833,0.368817,-0.0340581,0.0216751,0,0,6.30287e-07,0.0513439,0.00609534,-0.0492239,-0.0299795,0.0210004,0.00143959,0,0,0.0388768,-0.100144,0.0770136,0.557383,-0.0342481,0.413981,-0.00602194,0,0,8.37865e-08,-0.00143173,0.00240705,0.00229841,0.00229995,0.00381957,0.00150444,0,0,-0.0273182,-0.0105851,-0.0285879,-0.00845521,0.0223206,-0.00617692,0.0667136,0,0,0,0,0,0,0,0,0,0,0,0,0,0,0,0,0,0,0.905991,4.05021e-09,1.20024e-12,-1.20024e-12,1.20024e-12,-1.20024e-12,0,-1.20024e-12,1.20024e-12,0,0,0,0,0,0,0,0,0,4.05021e-09,0.905991,
3.88773e-07,0.00372545,0.00892152,-0.00199667,0.000985217,0.000489942,-2.9142e-05,0,0,0.548604,-0.0166505,-0.0626976,0.00529766,0.0109706,0.00384463,-0.00277534,0,0,2.49245e-08,0.0417032,0.00420826,-0.0306472,-0.000985887,-0.00042986,-5.6907e-05,0,0,-0.0165366,0.639421,-0.00876418,-0.0858904,0.00516607,-0.00974728,-0.00108415,0,0,4.21689e-07,0.0011827,0.0829912,0.0100984,0.00281261,0.00177606,-7.35098e-05,0,0,-0.0609893,-0.00839357,0.479962,-0.0165957,-0.00614911,0.00770435,-0.0028847,0,0,-1.75811e-07,-0.0299369,0.00659669,0.0329737,0.00445283,-0.000214411,-9.14582e-05,0,0,0.00574037,-0.0888887,-0.0160883,0.60639,0.0179517,0.0554168,-0.000796377,0,0,3.20973e-06,-0.00831487,0.0409203,0.00866299,-0.0334398,-0.0264386,0.000912131,0,0,0.110662,0.0502247,-0.0608184,0.179782,0.368883,-0.0340486,0.0216619,0,0,-6.30669e-07,0.0512642,0.00609931,-0.0492075,-0.0300038,0.0212044,0.00143556,0,0,0.0388413,-0.100026,0.0771004,0.557343,-0.0342392,0.414004,-0.00602402,0,0,-8.38641e-08,-0.00142747,0.00241057,0.00228971,0.00229981,0.00381586,0.00150575,0,0,-0.0272932,-0.0105893,-0.0286109,-0.00844504,0.0223078,-0.00617911,0.0667148,0,0,0,0,0,0,0,1.20024e-12,0,0,0,0,0,0,0,0,0,0,0.905991,4.22575e-09,0,-1.20024e-12,-1.20024e-12,1.20024e-12,-1.20024e-12,-1.20024e-12,-1.20024e-12,0,0,0,0,0,0,0,0,0,4.22515e-09,0.905991,
8.67362e-13,0.00373461,0.00898584,-0.00200279,0.000987946,0.000490738,-2.95632e-05,0,0,0.548596,-0.0166561,-0.0631104,0.00531871,0.0109827,0.00384092,-0.00277276,0,0,0,0.0415829,0.00422939,-0.0307321,-0.000989446,-0.000436109,-5.68534e-05,0,0,-0.016542,0.639474,-0.00878628,-0.0859139,0.00516762,-0.0097349,-0.00108459,0,0,-8.67362e-12,0.00120624,0.0829853,0.0101003,0.00281784,0.00177613,-7.39366e-05,0,0,-0.0613994,-0.00841482,0.479999,-0.0165939,-0.00611498,0.00771306,-0.00288699,0,0,0,-0.03007,0.00660292,0.0330588,0.00446031,-0.000224084,-9.10902e-05,0,0,0.00576152,-0.0889161,-0.0160854,0.60638,0.0179465,0.0554122,-0.000795334,0,0,-2.25514e-11,-0.00837036,0.0409022,0.00874969,-0.0334737,-0.0264375,0.000908329,0,0,0.110786,0.0502384,-0.0604781,0.17973,0.368949,-0.0340391,0.0216486,0,0,-1.38778e-11,0.051186,0.00610447,-0.0491913,-0.0300273,0.0214087,0.00143278,0,0,0.0388053,-0.0999078,0.0771869,0.557303,-0.0342304,0.414028,-0.0060261,0,0,-2.1684e-13,-0.00142294,0.00241425,0.00228091,0.00229973,0.00381213,0.00150722,0,0,-0.0272681,-0.0105935,-0.0286339,-0.00843491,0.022295,-0.00618129,0.0667159,0,0,0,1.20024e-12,2.40048e-12,0,0,1.20024e-12,0,0,0,0,0,0,0,0,0,0,0.905991,-4.51501e-09,0,2.40048e-12,0,0,0,2.40048e-12,0,0,0,0,0,0,0,0,0,0,-4.51561e-09,0.905991,
2.60209e-12,0.00374383,0.00905103,-0.00200892,0.000991446,0.000490753,-2.95954e-05,0,0,0.548587,-0.0166617,-0.0635237,0.00533981,0.0109948,0.00383716,-0.00277016,0,0,2.77556e-11,0.0414623,0.00425058,-0.030817,-0.000992949,-0.000442419,-5.67743e-05,0,0,-0.0165474,0.639527,-0.00880841,-0.0859375,0.00516915,-0.00972251,-0.00108503,0,0,6.93889e-12,0.00122984,0.0829801,0.0101022,0.00282389,0.00177534,-7.39412e-05,0,0,-0.06181,-0.00843611,0.480036,-0.0165921,-0.0060808,0.00772173,-0.00288927,0,0,-2.08167e-11,-0.0302031,0.00660878,0.0331439,0.00446741,-0.000233421,-9.08976e-05,0,0,0.00578272,-0.0889436,-0.0160825,0.606371,0.0179414,0.0554076,-0.000794293,0,0,3.64292e-11,-0.00842586,0.0408903,0.00883643,-0.0335009,-0.0264427,0.00090773,0,0,0.11091,0.0502521,-0.0601373,0.179679,0.369015,-0.0340297,0.0216354,0,0,3.46945e-11,0.0511075,0.00610832,-0.0491746,-0.0300518,0.0216146,0.00142937,0,0,0.0387689,-0.0997896,0.0772731,0.557264,-0.0342216,0.414052,-0.00602818,0,0,-1.10589e-11,-0.0014184,0.00241777,0.00227209,0.00229947,0.00380855,0.0015086,0,0,-0.0272429,-0.0105977,-0.0286568,-0.0084248,0.0222822,-0.00618348,0.066717,0,0,0,1.20024e-12,0,0,1.20024e-12,0,1.20024e-12,0,0,0,0,0,0,0,0,0,0.905991,-4.66504e-09,0,0,0,0,0,1.20024e-12,0,0,0,0,0,0,0,0,0,0,-4.66564e-09,0.905991,
8.67362e-13,0.00375427,0.00911513,-0.00201623,0.000994164,0.000490767,-2.96273e-05,0,0,0.548577,-0.0166673,-0.0639377,0.00536097,0.0110067,0.00383336,-0.00276756,0,0,0,0.0413415,0.00427173,-0.0309018,-0.000996496,-0.000448741,-5.66948e-05,0,0,-0.0165528,0.63958,-0.00883058,-0.0859612,0.00517068,-0.00971011,-0.00108548,0,0,5.20417e-12,0.00125479,0.0829735,0.0101027,0.00282909,0.00177452,-7.39453e-05,0,0,-0.0622213,-0.00845744,0.480073,-0.0165902,-0.00604658,0.00773038,-0.00289155,0,0,1.38778e-11,-0.0303368,0.00661515,0.0332295,0.00447484,-0.000242775,-9.07043e-05,0,0,0.00580397,-0.0889712,-0.0160795,0.606361,0.0179363,0.0554031,-0.000793255,0,0,-3.46945e-11,-0.0084717,0.0408683,0.00891353,-0.0335342,-0.0264476,0.000907127,0,0,0.111033,0.0502656,-0.0597961,0.179628,0.369081,-0.0340202,0.0216222,0,0,-2.77556e-11,0.0510267,0.006114,-0.0491556,-0.0300749,0.0218207,0.00142594,0,0,0.038732,-0.0996714,0.0773589,0.557224,-0.0342127,0.414075,-0.00603026,0,0,-8.89046e-12,-0.00141412,0.00242154,0.00226351,0.00229936,0.00380494,0.00150998,0,0,-0.0272175,-0.0106018,-0.0286797,-0.00841472,0.0222695,-0.00618566,0.0667182,0,0,0,1.20024e-12,0,0,-1.20024e-12,0,-1.20024e-12,0,0,0,0,0,0,0,0,0,0.905991,-4.65544e-09,0,-1.20024e-12,0,-1.20024e-12,1.20024e-12,0,1.20024e-12,0,0,0,0,0,0,0,0,0,-4.65604e-09,0.905991,
0,0.00376398,0.00918009,-0.00202238,0.000997652,0.000491554,-2.9659e-05,0,0,0.548567,-0.0166729,-0.0643522,0.00538218,0.0110186,0.0038295,-0.00276494,0,0,2.77556e-11,0.0412205,0.00429295,-0.0309865,-0.000999987,-0.000455025,-5.66148e-05,0,0,-0.0165581,0.639634,-0.00885279,-0.085985,0.00517219,-0.00969771,-0.00108592,0,0,-1.73472e-12,0.00127897,0.0829675,0.0101044,0.00283512,0.00177454,-7.39488e-05,0,0,-0.0626331,-0.00847879,0.48011,-0.0165882,-0.00601232,0.00773899,-0.00289383,0,0,1.38778e-11,-0.0304702,0.00662116,0.0333144,0.00448188,-0.000252498,-9.05106e-05,0,0,0.00582528,-0.0889988,-0.0160764,0.606351,0.0179311,0.0553985,-0.00079222,0,0,0,-0.00852397,0.0408524,0.00900032,-0.0335608,-0.0264459,0.000906518,0,0,0.111156,0.0502791,-0.0594545,0.179576,0.369146,-0.0340107,0.021609,0,0,0,0.0509469,0.00611836,-0.0491381,-0.030099,0.0220258,0.0014225,0,0,0.0386946,-0.0995531,0.0774445,0.557184,-0.0342039,0.414099,-0.00603233,0,0,-1.95156e-12,-0.00140965,0.00242514,0.00225466,0.00229906,0.00380114,0.00151135,0,0,-0.0271921,-0.010606,-0.0287026,-0.00840467,0.0222567,-0.00618784,0.0667193,0,0,0,0,0,0,0,0,0,0,0,0,0,0,0,0,0,0,0.905991,-4.5051e-09,0,0,1.20024e-12,0,0,-1.20024e-12,0,1.15223e-10,0,0,0,0,0,0,0,0,-4.5048e-09,0.905991,
3.46945e-12,0.00377375,0.00924592,-0.00202892,0.00100036,0.000491563,-3.00783e-05,0,0,0.548555,-0.0166785,-0.0647673,0.00540345,0.0110305,0.0038256,-0.00276231,0,0,0,0.0410992,0.00431425,-0.031071,-0.00100352,-0.00046137,-5.65594e-05,0,0,-0.0165635,0.639687,-0.00887503,-0.0860088,0.0051737,-0.00968529,-0.00108636,0,0,1.9082e-11,0.00130323,0.0829623,0.0101056,0.00284029,0.00177368,-7.43767e-05,0,0,-0.0630454,-0.00850019,0.480146,-0.0165861,-0.00597803,0.00774757,-0.00289611,0,0,-6.93889e-12,-0.0306035,0.0066268,0.0333995,0.00448925,-0.000261884,-9.01393e-05,0,0,0.00584663,-0.0890266,-0.0160733,0.606341,0.017926,0.0553939,-0.000791189,0,0,-1.04083e-11,-0.00857624,0.0408427,0.00908392,-0.0335935,-0.0264504,0.000902674,0,0,0.111278,0.0502924,-0.0591126,0.179525,0.369212,-0.0340013,0.0215958,0,0,4.16334e-11,0.0508667,0.00612139,-0.0491195,-0.0301216,0.0222325,0.00141969,0,0,0.0386567,-0.0994348,0.0775297,0.557145,-0.0341951,0.414122,-0.00603441,0,0,-3.03577e-12,-0.00140518,0.00242858,0.00224587,0.00229891,0.00379749,0.0015128,0,0,-0.0271666,-0.0106101,-0.0287255,-0.00839465,0.022244,-0.00619003,0.0667204,0,0,0,0,0,0,0,0,0,0,0,0,0,0,0,0,0,0,0.905991,4.25545e-09,0,0,0,1.20024e-12,0,0,0,0,0,0,0,0,0,0,0,0,4.25425e-09,0.905991,
8.67362e-13,0.00378319,0.00931066,-0.00203586,0.00100345,0.000491957,-2.9334e-05,0,0,0.548543,-0.0166841,-0.065183,0.00542477,0.0110423,0.00382166,-0.00275968,0,0,0,0.0409777,0.0043355,-0.0311555,-0.00100702,-0.000467701,-5.64284e-05,0,0,-0.0165689,0.639741,-0.00889731,-0.0860328,0.00517519,-0.00967286,-0.00108679,0,0,8.67362e-12,0.00132713,0.0829556,0.0101062,0.00284586,0.00177323,-7.35285e-05,0,0,-0.0634584,-0.00852161,0.480182,-0.0165839,-0.00594369,0.00775612,-0.00289838,0,0,0,-0.0307367,0.00663295,0.0334847,0.00449642,-0.000271463,-9.02985e-05,0,0,0.00586805,-0.0890545,-0.01607,0.606332,0.0179209,0.0553893,-0.00079016,0,0,1.38778e-11,-0.00863174,0.040823,0.00916431,-0.0336226,-0.0264515,0.000908517,0,0,0.111399,0.0503057,-0.0587703,0.179474,0.369278,-0.0339918,0.0215826,0,0,-3.46945e-11,0.0507868,0.00612626,-0.0490999,-0.0301446,0.0224388,0.00141496,0,0,0.0386184,-0.0993163,0.0776146,0.557105,-0.0341863,0.414146,-0.00603648,0,0,-1.60462e-11,-0.00140062,0.00243226,0.00223716,0.00229866,0.00379373,0.00151398,0,0,-0.027141,-0.0106142,-0.0287483,-0.00838467,0.0222313,-0.00619221,0.0667216,0,0,0,0,0,0,0,0,0,0,0,0,0,0,0,0,0,0,0.905991,4.15403e-09,0,-1.20024e-12,1.20024e-12,0,0,-1.20024e-12,-1.20024e-12,-1.20024e-12,0,0,0,0,0,0,0,0,4.15343e-09,0.905991,
4.33681e-12,0.00379307,0.00937587,-0.00204203,0.00100653,0.000493123,-2.97526e-05,0,0,0.54853,-0.0166897,-0.0655992,0.00544615,0.011054,0.00381766,-0.00275703,0,0,5.55112e-11,0.040856,0.00435679,-0.0312398,-0.00101052,-0.000473994,-5.6372e-05,0,0,-0.0165743,0.639796,-0.00891963,-0.0860569,0.00517668,-0.00966043,-0.00108723,0,0,1.56125e-11,0.00135153,0.0829492,0.0101076,0.00285142,0.00177361,-7.3956e-05,0,0,-0.0638719,-0.00854308,0.480218,-0.0165816,-0.00590932,0.00776464,-0.00290065,0,0,-6.93889e-12,-0.0308702,0.0066389,0.0335696,0.00450356,-0.000281414,-8.99259e-05,0,0,0.00588951,-0.0890825,-0.0160667,0.606321,0.0179158,0.0553848,-0.000789135,0,0,-1.56125e-11,-0.008684,0.0408061,0.00925118,-0.0336514,-0.0264459,0.000904659,0,0,0.11152,0.0503188,-0.0584276,0.179423,0.369343,-0.0339824,0.0215695,0,0,1.38778e-11,0.050706,0.00613044,-0.049081,-0.0301673,0.0226441,0.00141213,0,0,0.0385796,-0.0991978,0.0776991,0.557066,-0.0341775,0.414169,-0.00603855,0,0,9.75782e-12,-0.00139614,0.00243586,0.00222826,0.00229839,0.00378979,0.00151542,0,0,-0.0271153,-0.0106183,-0.0287711,-0.00837471,0.0222186,-0.00619439,0.0667227,0,0,0,0,0,0,0,0,0,0,0,0,0,0,0,0,0,0,0.905991,4.16604e-09,0,1.20024e-12,0,0,0,0,0,0,0,0,0,0,0,0,0,0,4.16664e-09,0.905991,
8.67362e-13,0.00380301,0.00944156,-0.0020486,0.00100961,0.000493124,-3.01706e-05,0,0,0.548516,-0.0166953,-0.0660161,0.00546758,0.0110657,0.00381362,-0.00275438,0,0,0,0.040734,0.00437814,-0.031324,-0.00101401,-0.000480373,-5.63151e-05,0,0,-0.0165796,0.63985,-0.00894199,-0.086081,0.00517815,-0.00964799,-0.00108766,0,0,8.67362e-12,0.00137601,0.082943,0.0101085,0.00285697,0.00177269,-7.43842e-05,0,0,-0.0642861,-0.00856457,0.480254,-0.0165793,-0.0058749,0.00777312,-0.00290292,0,0,0,-0.0310036,0.00664467,0.0336545,0.00451067,-0.000290849,-8.95523e-05,0,0,0.00591103,-0.0891106,-0.0160633,0.606311,0.0179107,0.0553802,-0.000788113,0,0,-3.46945e-12,-0.00873627,0.0407922,0.00933485,-0.0336798,-0.0264498,0.000900788,0,0,0.11164,0.0503318,-0.0580845,0.179373,0.369409,-0.033973,0.0215563,0,0,-3.46945e-11,0.0506248,0.00613392,-0.0490611,-0.0301899,0.0228516,0.00140928,0,0,0.0385403,-0.0990793,0.0777833,0.557026,-0.0341687,0.414193,-0.00604062,0,0,2.60209e-12,-0.00139164,0.00243938,0.00221942,0.0022981,0.00378607,0.00151685,0,0,-0.0270894,-0.0106223,-0.0287939,-0.00836479,0.0222059,-0.00619657,0.0667238,0,0,0,0,0,0,0,0,0,0,0,0,0,0,0,0,0,0,0.905991,4.28366e-09,0,0,1.20024e-12,1.20024e-12,1.20024e-12,-1.20024e-12,0,0,0,0,0,0,0,0,0,0,4.28246e-09,0.905991,
-8.67362e-13,0.003813,0.00950694,-0.00205518,0.00101306,0.000493511,-2.98138e-05,0,0,0.548501,-0.0167009,-0.0664335,0.00548907,0.0110774,0.00380952,-0.00275171,0,0,2.77556e-11,0.0406118,0.00439949,-0.0314081,-0.00101747,-0.000486739,-5.62077e-05,0,0,-0.016585,0.639905,-0.00896438,-0.0861053,0.00517962,-0.00963553,-0.00108809,0,0,-1.38778e-11,0.00140056,0.0829363,0.0101093,0.00286292,0.00177217,-7.3958e-05,0,0,-0.0647008,-0.00858611,0.48029,-0.0165769,-0.00584045,0.00778157,-0.00290518,0,0,6.93889e-12,-0.0311371,0.00665059,0.0337394,0.00451757,-0.000300478,-8.95333e-05,0,0,0.0059326,-0.0891388,-0.0160598,0.606301,0.0179056,0.0553757,-0.000787094,0,0,8.67362e-12,-0.00878853,0.0407747,0.00941854,-0.0337047,-0.0264502,0.000903393,0,0,0.11176,0.0503448,-0.057741,0.179322,0.369474,-0.0339635,0.0215432,0,0,4.85723e-11,0.0505432,0.00613798,-0.0490407,-0.0302128,0.0230587,0.00140516,0,0,0.0385006,-0.0989606,0.0778672,0.556987,-0.03416,0.414217,-0.00604269,0,0,-2.60209e-12,-0.00138715,0.00244298,0.00221057,0.0022977,0.00378224,0.0015181,0,0,-0.0270635,-0.0106264,-0.0288166,-0.0083549,0.0221932,-0.00619875,0.066725,0,0,0,0,1.20024e-12,0,0,0,0,0,0,0,0,0,0,0,0,0,0.905991,-4.51441e-09,0,-1.20024e-12,-1.20024e-12,0,-1.20024e-12,0,0,0,0,0,0,0,0,0,0,0,-4.51411e-09,0.905991,
5.20417e-12,0.00382304,0.0095724,-0.00206176,0.00101535,0.000493894,-2.94573e-05,0,0,0.548486,-0.0167064,-0.0668516,0.00551061,0.0110889,0.00380538,-0.00274903,0,0,2.77556e-11,0.0404893,0.00442086,-0.0314921,-0.001021,-0.000493116,-5.60998e-05,0,0,-0.0165904,0.63996,-0.00898681,-0.0861296,0.00518107,-0.00962307,-0.00108852,0,0,1.73472e-11,0.00142519,0.0829294,0.0101099,0.00286757,0.00177164,-7.353e-05,0,0,-0.0651161,-0.00860768,0.480325,-0.0165744,-0.00580596,0.00778999,-0.00290744,0,0,-1.38778e-11,-0.0312705,0.0066565,0.0338242,0.00452499,-0.000310123,-8.95143e-05,0,0,0.00595422,-0.0891672,-0.0160562,0.606291,0.0179006,0.0553712,-0.000786078,0,0,-6.93889e-12,-0.00884079,0.0407569,0.00950225,-0.033739,-0.0264504,0.000906,0,0,0.111879,0.0503576,-0.0573972,0.179271,0.36954,-0.0339541,0.02153,0,0,-2.08167e-11,0.0504613,0.00614198,-0.0490199,-0.0302337,0.0232661,0.00140103,0,0,0.0384603,-0.0988419,0.0779508,0.556948,-0.0341512,0.41424,-0.00604476,0,0,1.0842e-12,-0.00138264,0.00244658,0.0022017,0.00229755,0.00377839,0.00151934,0,0,-0.0270375,-0.0106304,-0.0288393,-0.00834504,0.0221805,-0.00620092,0.0667261,0,0,0,0,0,0,0,0,0,0,0,0,0,0,0,0,0,0,0.905991,-4.60112e-09,0,0,0,0,0,0,0,0,0,0,0,0,0,0,0,0,-4.60142e-09,0.905991,
8.67362e-13,0.00383353,0.00963756,-0.00206835,0.00101918,0.000494275,-2.98741e-05,0,0,0.548469,-0.016712,-0.0672702,0.0055322,0.0111004,0.00380119,-0.00274635,0,0,0,0.0403666,0.00444223,-0.031576,-0.00102442,-0.000499504,-5.60416e-05,0,0,-0.0165957,0.640015,-0.00900928,-0.0861541,0.00518251,-0.0096106,-0.00108895,0,0,-3.46945e-12,0.00145032,0.0829219,0.0101105,0.00287392,0.00177108,-7.39579e-05,0,0,-0.065532,-0.00862928,0.48036,-0.0165718,-0.00577143,0.00779837,-0.0029097,0,0,-1.38778e-11,-0.0314042,0.00666257,0.033909,0.00453166,-0.000319786,-8.91386e-05,0,0,0.00597589,-0.0891956,-0.0160525,0.60628,0.0178955,0.0553666,-0.000785065,0,0,1.73472e-12,-0.00888979,0.0407355,0.00958599,-0.03376,-0.0264504,0.000902105,0,0,0.111998,0.0503703,-0.0570529,0.179221,0.369605,-0.0339447,0.0215169,0,0,6.93889e-12,0.0503784,0.00614656,-0.0489987,-0.0302568,0.0234737,0.00139816,0,0,0.0384196,-0.0987231,0.078034,0.556908,-0.0341425,0.414264,-0.00604682,0,0,-8.23994e-12,-0.00137821,0.00245026,0.00219282,0.00229703,0.00377452,0.00152075,0,0,-0.0270114,-0.0106344,-0.028862,-0.00833521,0.0221678,-0.0062031,0.0667272,0,0,0,2.40048e-12,2.40048e-12,-2.40048e-12,2.40048e-12,0,0,0,0,0,0,0,0,0,0,0,0.905991,-4.53901e-09,0,0,0,0,0,0,0,0,0,0,0,0,0,0,0,0,-4.53901e-09,0.905991,
8.67362e-13,0.00384369,0.00970358,-0.00207495,0.00102146,0.000494653,-2.99039e-05,0,0,0.548452,-0.0167176,-0.0676895,0.00555385,0.0111119,0.00379696,-0.00274365,0,0,0,0.0402437,0.00446368,-0.0316597,-0.00102793,-0.000505903,-5.59577e-05,0,0,-0.0166011,0.640071,-0.00903179,-0.0861786,0.00518395,-0.00959813,-0.00108938,0,0,6.93889e-12,0.0014751,0.0829151,0.010111,0.00287854,0.0017705,-7.39569e-05,0,0,-0.0659484,-0.00865092,0.480396,-0.0165691,-0.00573686,0.00780672,-0.00291196,0,0,2.08167e-11,-0.0315378,0.00666826,0.0339937,0.00453901,-0.000329464,-8.89403e-05,0,0,0.00599762,-0.0892241,-0.0160488,0.60627,0.0178905,0.0553621,-0.000784056,0,0,1.9082e-11,-0.00894204,0.0407202,0.00966974,-0.0337936,-0.0264502,0.000901453,0,0,0.112116,0.0503829,-0.0567084,0.17917,0.36967,-0.0339353,0.0215038,0,0,-1.38778e-11,0.0502957,0.0061498,-0.0489769,-0.0302772,0.0236817,0.00139464,0,0,0.0383784,-0.0986043,0.0781168,0.556869,-0.0341337,0.414287,-0.00604888,0,0,-7.80626e-12,-0.0013737,0.00245378,0.00218392,0.00229684,0.00377063,0.00152206,0,0,-0.0269851,-0.0106384,-0.0288846,-0.00832542,0.0221552,-0.00620527,0.0667283,0,0,0,0,0,0,0,0,0,0,0,0,0,0,0,0,0,0,0.905991,-4.35507e-09,0,0,0,0,0,0,0,0,0,0,0,0,0,0,0,0,-4.35477e-09,0.905991,
-2.60209e-12,0.0038539,0.00976891,-0.00208117,0.00102489,0.000495029,-3.03195e-05,0,0,0.548434,-0.0167232,-0.0681093,0.00557556,0.0111233,0.00379267,-0.00274095,0,0,0,0.0401205,0.0044851,-0.0317433,-0.00103137,-0.000512313,-5.58986e-05,0,0,-0.0166064,0.640126,-0.00905433,-0.0862033,0.00518537,-0.00958564,-0.0010898,0,0,-6.93889e-12,0.00149996,0.0829073,0.0101118,0.00288443,0.0017699,-7.43855e-05,0,0,-0.0663655,-0.00867259,0.48043,-0.0165664,-0.00570225,0.00781503,-0.00291421,0,0,0,-0.0316713,0.0066743,0.0340782,0.0045458,-0.000339159,-8.85629e-05,0,0,0.0060194,-0.0892527,-0.0160449,0.606259,0.0178854,0.0553576,-0.00078305,0,0,2.25514e-11,-0.00899428,0.0406981,0.00975678,-0.0338171,-0.0264497,0.000897536,0,0,0.112233,0.0503954,-0.0563634,0.17912,0.369736,-0.0339259,0.0214907,0,0,-1.38778e-11,0.0502128,0.00615426,-0.0489554,-0.0302992,0.0238899,0.00139175,0,0,0.0383368,-0.0984853,0.0781994,0.55683,-0.034125,0.41431,-0.00605094,0,0,3.68629e-12,-0.00136917,0.00245746,0.00217492,0.00229637,0.00376672,0.00152346,0,0,-0.0269588,-0.0106424,-0.0289072,-0.00831565,0.0221426,-0.00620744,0.0667295,0,0,0,0,0,0,0,0,0,0,0,0,0,0,0,0,0,0,0.905991,4.09252e-09,0,-1.20024e-12,-1.20024e-12,1.20024e-12,0,1.20024e-12,-1.20024e-12,0,0,0,0,0,0,0,0,0,4.09162e-09,0.905991,
8.67362e-13,0.00386378,0.00983471,-0.00208816,0.00102793,0.000495402,-2.99626e-05,0,0,0.548415,-0.0167287,-0.0685298,0.00559732,0.0111346,0.00378834,-0.00273823,0,0,2.77556e-11,0.039997,0.00450657,-0.0318268,-0.00103482,-0.000518735,-5.57887e-05,0,0,-0.0166118,0.640183,-0.00907691,-0.086228,0.00518678,-0.00957314,-0.00109022,0,0,-5.20417e-12,0.00152446,0.0828998,0.0101117,0.00288988,0.00176928,-7.39533e-05,0,0,-0.0667832,-0.0086943,0.480465,-0.0165636,-0.00566761,0.00782331,-0.00291645,0,0,6.93889e-12,-0.0318047,0.00668014,0.034163,0.00455274,-0.00034887,-8.85422e-05,0,0,0.00604123,-0.0892815,-0.016041,0.606249,0.0178804,0.0553531,-0.000782047,0,0,-1.73472e-11,-0.00904979,0.040679,0.00983731,-0.0338436,-0.0264491,0.000900133,0,0,0.11235,0.0504078,-0.056018,0.17907,0.369801,-0.0339166,0.0214776,0,0,-2.08167e-11,0.0501301,0.00615802,-0.0489322,-0.0303204,0.0240983,0.00138757,0,0,0.0382946,-0.0983663,0.0782815,0.556791,-0.0341163,0.414334,-0.006053,0,0,5.85469e-12,-0.00136455,0.00246106,0.00216607,0.00229597,0.00376278,0.00152468,0,0,-0.0269324,-0.0106463,-0.0289298,-0.00830592,0.0221299,-0.00620961,0.0667306,0,0,0,1.20024e-12,0,0,-1.20024e-12,0,0,0,0,0,0,0,0,0,0,0,0.905991,3.9704e-09,0,-1.20024e-12,1.20024e-12,0,0,-1.20024e-12,0,-1.20024e-12,0,0,0,0,0,0,0,0,3.9698e-09,0.905991,
1.73472e-12,0.00387372,0.00990059,-0.00209478,0.00103057,0.000495387,-3.03774e-05,0,0,0.548395,-0.0167343,-0.0689509,0.00561913,0.0111459,0.00378396,-0.0027355,0,0,0,0.0398733,0.00452806,-0.0319102,-0.00103829,-0.000525193,-5.57285e-05,0,0,-0.0166171,0.640239,-0.00909953,-0.0862528,0.00518819,-0.00956064,-0.00109064,0,0,1.56125e-11,0.00154903,0.0828921,0.0101118,0.00289487,0.00176821,-7.43821e-05,0,0,-0.0672015,-0.00871605,0.480499,-0.0165607,-0.00563292,0.00783156,-0.0029187,0,0,0,-0.0319381,0.00668596,0.0342476,0.00455984,-0.000358419,-8.81632e-05,0,0,0.00606311,-0.0893103,-0.016037,0.606238,0.0178754,0.0553486,-0.000781047,0,0,-8.67362e-12,-0.00910529,0.0406595,0.00992113,-0.0338729,-0.0264514,0.000896198,0,0,0.112467,0.0504201,-0.0556723,0.17902,0.369866,-0.0339072,0.0214646,0,0,-9.71445e-11,0.050047,0.00616173,-0.0489091,-0.0303407,0.0243077,0.00138466,0,0,0.038252,-0.0982473,0.0783633,0.556753,-0.0341076,0.414357,-0.00605506,0,0,-1.32273e-11,-0.00135993,0.00246466,0.00215712,0.00229563,0.0037589,0.00152606,0,0,-0.0269059,-0.0106503,-0.0289523,-0.00829622,0.0221173,-0.00621178,0.0667317,0,0,0,0,0,0,0,0,0,0,0,0,0,0,0,0,0,0,0.905991,3.95149e-09,0,1.20024e-12,-1.20024e-12,1.20024e-12,-1.20024e-12,1.20024e-12,-1.20024e-12,0,0,0,0,0,0,0,0,0,3.95299e-09,0.905991,
-8.67362e-13,0.00388449,0.00996618,-0.00210141,0.00103398,0.000495756,-3.0406e-05,0,0,0.548374,-0.0167399,-0.0693726,0.005641,0.0111571,0.00377953,-0.00273276,0,0,0,0.0397495,0.00454955,-0.0319934,-0.0010417,-0.000531637,-5.56428e-05,0,0,-0.0166225,0.640295,-0.00912218,-0.0862778,0.00518958,-0.00954813,-0.00109106,0,0,-6.93889e-12,0.00157455,0.0828838,0.0101119,0.00290071,0.00176754,-7.43796e-05,0,0,-0.0676204,-0.00873783,0.480534,-0.0165577,-0.0055982,0.00783977,-0.00292094,0,0,1.38778e-11,-0.0320719,0.00669194,0.0343321,0.00456654,-0.000368164,-8.79625e-05,0,0,0.00608505,-0.0893393,-0.0160329,0.606227,0.0178704,0.0553441,-0.000780051,0,0,-1.21431e-11,-0.00915426,0.0406364,0.010005,-0.0338954,-0.0264503,0.00089552,0,0,0.112582,0.0504322,-0.0553262,0.17897,0.369931,-0.0338979,0.0214515,0,0,-4.16334e-11,0.0499624,0.00616601,-0.0488856,-0.0303621,0.0245167,0.0013811,0,0,0.0382089,-0.0981281,0.0784448,0.556714,-0.0340989,0.414381,-0.00605712,0,0,-3.03577e-12,-0.00135547,0.00246834,0.00214816,0.0022951,0.00375492,0.00152734,0,0,-0.0268792,-0.0106542,-0.0289748,-0.00828656,0.0221047,-0.00621395,0.0667328,0,0,0,1.20024e-12,1.20024e-12,-1.20024e-12,1.20024e-12,-1.20024e-12,1.20024e-12,0,0,0,0,0,0,0,0,0,0.905991,4.02411e-09,0,-1.20024e-12,-1.20024e-12,1.20024e-12,-1.20024e-12,1.20024e-12,-1.20024e-12,0,0,0,0,0,0,0,0,0,4.02501e-09,0.905991,
2.60209e-12,0.00389493,0.0100322,-0.00210804,0.00103661,0.000496507,-3.0049e-05,0,0,0.548353,-0.0167454,-0.0697949,0.00566292,0.0111682,0.00377505,-0.00273002,0,0,2.77556e-11,0.0396253,0.0045711,-0.0320765,-0.00104516,-0.000538067,-5.55314e-05,0,0,-0.0166278,0.640352,-0.00914488,-0.0863028,0.00519096,-0.00953561,-0.00109148,0,0,2.25514e-11,0.00159971,0.0828757,0.0101119,0.00290567,0.00176729,-7.39437e-05,0,0,-0.0680399,-0.00875964,0.480567,-0.0165546,-0.00556345,0.00784794,-0.00292318,0,0,0,-0.0322055,0.00669773,0.0344165,0.00457357,-0.000378104,-8.79408e-05,0,0,0.00610704,-0.0893683,-0.0160287,0.606216,0.0178654,0.0553396,-0.000779058,0,0,3.1225e-11,-0.00920649,0.0406162,0.0100888,-0.0339241,-0.0264457,0.000898112,0,0,0.112697,0.0504443,-0.0549798,0.17892,0.369996,-0.0338885,0.0214384,0,0,2.77556e-11,0.049878,0.0061696,-0.0488616,-0.0303819,0.0247253,0.0013769,0,0,0.0381653,-0.0980089,0.0785259,0.556675,-0.0340902,0.414404,-0.00605917,0,0,1.86483e-11,-0.00135092,0.00247194,0.00213917,0.00229473,0.00375083,0.00152854,0,0,-0.0268525,-0.0106581,-0.0289973,-0.00827693,0.0220921,-0.00621612,0.066734,0,0,0,0,0,0,0,0,0,0,0,0,0,0,0,0,0,0,0.905991,4.18854e-09,0,0,0,0,0,0,0,0,0,0,0,0,0,0,0,0,4.18974e-09,0.905991,
1.73472e-12,0.00390542,0.0100987,-0.00211468,0.00104,0.000497255,-3.00773e-05,0,0,0.54833,-0.016751,-0.0702178,0.0056849,0.0111793,0.00377052,-0.00272726,0,0,0,0.0395009,0.00459269,-0.0321595,-0.00104856,-0.000544508,-5.54446e-05,0,0,-0.0166331,0.640409,-0.00916761,-0.0863279,0.00519233,-0.00952308,-0.00109189,0,0,1.56125e-11,0.00162494,0.082868,0.0101118,0.00291148,0.00176702,-7.39394e-05,0,0,-0.0684601,-0.00878149,0.480601,-0.0165514,-0.00552865,0.00785608,-0.00292541,0,0,6.93889e-12,-0.0323391,0.00670332,0.0345009,0.00458022,-0.000388061,-8.77392e-05,0,0,0.00612908,-0.0893975,-0.0160245,0.606205,0.0178604,0.0553351,-0.000778068,0,0,-1.73472e-12,-0.00925871,0.040599,0.0101727,-0.0339459,-0.0264409,0.000897427,0,0,0.112812,0.0504562,-0.054633,0.17887,0.370061,-0.0338792,0.0214254,0,0,0,0.0497932,0.00617249,-0.0488371,-0.0304028,0.0249342,0.00137332,0,0,0.0381212,-0.0978896,0.0786067,0.556637,-0.0340815,0.414428,-0.00606122,0,0,3.46945e-12,-0.00134636,0.00247545,0.00213018,0.00229417,0.00374671,0.00152981,0,0,-0.0268257,-0.010662,-0.0290197,-0.00826733,0.0220796,-0.00621829,0.0667351,0,0,0,0,-1.20024e-12,1.20024e-12,-1.20024e-12,-1.20024e-12,0,0,0,0,0,0,0,0,0,0,0.905991,-4.4652e-09,0,0,2.40048e-12,-2.40048e-12,2.40048e-12,2.40048e-12,0,0,0,0,0,0,0,0,0,0,-4.4646e-09,0.905991,
3.84771e-07,0.00391558,0.010165,-0.00212132,0.00104339,0.00049723,-3.04901e-05,0,0,0.548307,-0.0167565,-0.0706413,0.00570693,0.0111904,0.00376594,-0.00272449,0,0,2.52021e-08,0.0393763,0.00461428,-0.0322423,-0.00105195,-0.00055101,-5.53826e-05,0,0,-0.0166384,0.640467,-0.00919037,-0.0863531,0.00519369,-0.00951054,-0.00109231,0,0,4.33955e-07,0.00164982,0.0828596,0.0101115,0.00291727,0.00176586,-7.43684e-05,0,0,-0.0688808,-0.00880338,0.480635,-0.0165482,-0.00549382,0.00786419,-0.00292764,0,0,-1.79898e-07,-0.0324725,0.00670907,0.0345852,0.00458684,-0.000397675,-8.73571e-05,0,0,0.00615117,-0.0894268,-0.0160201,0.606194,0.0178554,0.0553307,-0.000777082,0,0,3.28153e-06,-0.00931421,0.0405782,0.0102566,-0.0339674,-0.0264424,0.000893455,0,0,0.112926,0.0504681,-0.0542858,0.17882,0.370126,-0.0338699,0.0214124,0,0,-6.38094e-07,0.0497088,0.00617596,-0.0488122,-0.0304234,0.0251447,0.00137037,0,0,0.0380766,-0.0977703,0.0786871,0.556598,-0.0340729,0.414451,-0.00606327,0,0,-8.5668e-08,-0.0013417,0.00247904,0.00212116,0.00229358,0.00374275,0.00153117,0,0,-0.0267987,-0.0106658,-0.0290421,-0.00825777,0.022067,-0.00622045,0.0667362,0,0,0,0,0,0,0,0,0,5.76116e-11,0,0,0,0,0,0,0,0,0.905991,-4.60292e-09,0,-1.20024e-12,0,0,1.20024e-12,0,0,0,0,0,0,0,0,0,0,0,-4.60352e-09,0.905991,
-2.60209e-12,0.00392619,0.0102317,-0.00212797,0.00104561,0.000497972,-3.01332e-05,0,0,0.548283,-0.0167621,-0.0710655,0.00572902,0.0112013,0.00376132,-0.00272171,0,0,0,0.0392514,0.00463592,-0.0323251,-0.00105541,-0.000557473,-5.52697e-05,0,0,-0.0166438,0.640525,-0.00921318,-0.0863785,0.00519504,-0.00949799,-0.00109272,0,0,-1.56125e-11,0.0016752,0.0828515,0.0101112,0.00292174,0.00176554,-7.39289e-05,0,0,-0.0693022,-0.0088253,0.480668,-0.0165448,-0.00545895,0.00787226,-0.00292987,0,0,-2.08167e-11,-0.0326062,0.00671463,0.0346694,0.00459397,-0.000407665,-8.73343e-05,0,0,0.00617332,-0.0894561,-0.0160157,0.606183,0.0178504,0.0553262,-0.000776099,0,0,2.60209e-11,-0.00936642,0.0405603,0.0103405,-0.0339983,-0.0264371,0.000896041,0,0,0.113039,0.0504798,-0.0539383,0.178771,0.370191,-0.0338605,0.0213994,0,0,7.63278e-11,0.0496233,0.00617874,-0.0487869,-0.0304419,0.0253541,0.00136613,0,0,0.0380316,-0.0976509,0.0787671,0.55656,-0.0340642,0.414474,-0.00606532,0,0,1.51788e-12,-0.00133713,0.00248255,0.00211213,0.00229324,0.00373859,0.00153234,0,0,-0.0267717,-0.0106697,-0.0290645,-0.00824824,0.0220545,-0.00622261,0.0667373,0,0,0,0,0,0,0,0,0,0,0,0,0,0,0,0,0,0,0.905991,-4.58792e-09,0,0,0,0,-2.40048e-12,0,2.40048e-12,0,0,0,0,0,0,0,0,0,-4.58852e-09,0.905991,
-3.84281e-07,0.00393685,0.010298,-0.00213425,0.00104937,0.000497943,-2.97765e-05,0,0,0.548258,-0.0167676,-0.0714903,0.00575116,0.0112122,0.00375664,-0.00271892,0,0,-2.52298e-08,0.0391263,0.00465756,-0.0324076,-0.00105877,-0.000563997,-5.51563e-05,0,0,-0.0166491,0.640582,-0.00923602,-0.0864039,0.00519638,-0.00948544,-0.00109313,0,0,-4.35266e-07,0.00170067,0.0828428,0.0101112,0.00292793,0.00176434,-7.34876e-05,0,0,-0.0697242,-0.00884725,0.480701,-0.0165414,-0.00542404,0.00788029,-0.00293209,0,0,1.803e-07,-0.0327399,0.00672034,0.0347535,0.00460034,-0.000417312,-8.73113e-05,0,0,0.00619551,-0.0894856,-0.0160112,0.606171,0.0178455,0.0553217,-0.00077512,0,0,-3.28877e-06,-0.00941863,0.0405388,0.0104277,-0.0340158,-0.0264381,0.000898629,0,0,0.113152,0.0504914,-0.0535904,0.178721,0.370256,-0.0338512,0.0213864,0,0,6.38788e-07,0.0495375,0.00618209,-0.0487617,-0.0304628,0.0255651,0.00136188,0,0,0.0379861,-0.0975314,0.0788468,0.556521,-0.0340556,0.414498,-0.00606737,0,0,8.58439e-08,-0.00133255,0.00248614,0.002103,0.00229253,0.00373457,0.00153351,0,0,-0.0267445,-0.0106735,-0.0290868,-0.00823874,0.0220419,-0.00622477,0.0667385,0,0,0,0,3.60072e-12,2.40048e-12,0,0,0,0,0,0,0,0,0,0,0,0,0.905991,-4.44029e-09,0,0,0,0,0,-1.20024e-12,-1.20024e-12,0,0,0,0,0,0,0,0,0,-4.44029e-09,0.905991,
3.84023e-07,0.00394757,0.0103641,-0.00214091,0.00105235,0.000498296,-2.98041e-05,0,0,0.548233,-0.0167731,-0.0719158,0.00577336,0.0112231,0.00375192,-0.00271612,0,0,2.52298e-08,0.039001,0.0046792,-0.0324901,-0.00106217,-0.000570507,-5.50675e-05,0,0,-0.0166544,0.640641,-0.0092589,-0.0864294,0.00519771,-0.00947288,-0.00109354,0,0,4.35861e-07,0.00172621,0.0828336,0.0101107,0.00293323,0.00176355,-7.34803e-05,0,0,-0.0701468,-0.00886925,0.480734,-0.0165379,-0.0053891,0.00788829,-0.00293431,0,0,-1.80515e-07,-0.0328735,0.00672622,0.0348376,0.00460705,-0.000427155,-8.71076e-05,0,0,0.00621776,-0.0895152,-0.0160066,0.60616,0.0178405,0.0553173,-0.000774144,0,0,3.29236e-06,-0.00947084,0.0405137,0.0105116,-0.0340395,-0.0264356,0.000897926,0,0,0.113264,0.0505029,-0.0532421,0.178672,0.370321,-0.0338419,0.0213734,0,0,-6.39155e-07,0.0494513,0.00618602,-0.0487354,-0.0304821,0.0257757,0.00135826,0,0,0.0379401,-0.0974119,0.0789261,0.556483,-0.034047,0.414521,-0.00606941,0,0,-8.59445e-08,-0.00132796,0.00248982,0.00209393,0.00229198,0.00373045,0.00153475,0,0,-0.0267173,-0.0106773,-0.0291091,-0.00822928,0.0220294,-0.00622693,0.0667396,0,0,1.20024e-12,2.40048e-12,1.20024e-12,0,0,0,-1.20024e-12,0,0,0,0,0,0,0,0,0,0.905991,4.19664e-09,-1.20024e-12,-1.20024e-12,0,0,0,0,0,0,0,0,0,0,0,0,0,0,4.19604e-09,0.905991,
-3.83764e-07,0.00395873,0.0104311,-0.00214835,0.00105455,0.000498646,-3.0599e-05,0,0,0.548206,-0.0167787,-0.0723418,0.00579561,0.0112339,0.00374715,-0.00271331,0,0,-2.52298e-08,0.0388754,0.00470091,-0.0325725,-0.00106561,-0.000577028,-5.50288e-05,0,0,-0.0166597,0.640699,-0.00928182,-0.086455,0.00519902,-0.0094603,-0.00109394,0,0,-4.36489e-07,0.00175227,0.082825,0.0101092,0.00293764,0.00176273,-7.43454e-05,0,0,-0.07057,-0.00889127,0.480767,-0.0165343,-0.00535412,0.00789625,-0.00293653,0,0,1.8073e-07,-0.0330074,0.00673172,0.034922,0.00461409,-0.000437014,-8.6542e-05,0,0,0.00624007,-0.0895449,-0.0160019,0.606149,0.0178356,0.0553129,-0.000773172,0,0,-3.29595e-06,-0.00951974,0.0404948,0.010589,-0.0340694,-0.026433,0.000890626,0,0,0.113375,0.0505143,-0.0528935,0.178623,0.370385,-0.0338327,0.0213604,0,0,6.39468e-07,0.0493641,0.00618862,-0.0487073,-0.0304999,0.0259866,0.00135591,0,0,0.0378936,-0.0972923,0.079005,0.556445,-0.0340383,0.414544,-0.00607145,0,0,8.60295e-08,-0.00132346,0.00249332,0.00208503,0.00229158,0.00372631,0.00153616,0,0,-0.0266899,-0.0106811,-0.0291313,-0.00821985,0.0220169,-0.00622909,0.0667407,0,0,0,0,0,0,0,0,1.20024e-12,0,0,0,0,0,0,0,0,0,0.905991,4.09642e-09,0,1.20024e-12,1.20024e-12,0,1.20024e-12,0,0,0,0,0,0,0,0,0,0,0,4.09672e-09,0.905991,
-3.83498e-07,0.00396956,0.0104973,-0.00215502,0.00105828,0.000499377,-3.06255e-05,0,0,0.548179,-0.0167842,-0.0727686,0.00581791,0.0112446,0.00374233,-0.00271049,0,0,-2.52298e-08,0.0387496,0.0047226,-0.0326546,-0.00106895,-0.000583534,-5.49391e-05,0,0,-0.016665,0.640758,-0.00930477,-0.0864808,0.00520033,-0.00944772,-0.00109435,0,0,-4.37102e-07,0.00177796,0.0828154,0.0101085,0.00294378,0.00176233,-7.43382e-05,0,0,-0.0709939,-0.00891334,0.480799,-0.0165306,-0.0053191,0.00790417,-0.00293874,0,0,1.80911e-07,-0.0331411,0.00673757,0.035006,0.00462038,-0.000447071,-8.63368e-05,0,0,0.00626242,-0.0895747,-0.0159971,0.606137,0.0178307,0.0553084,-0.000772203,0,0,-3.29953e-06,-0.00957193,0.040469,0.0106729,-0.0340858,-0.0264267,0.000889905,0,0,0.113486,0.0505256,-0.0525446,0.178574,0.37045,-0.0338234,0.0213475,0,0,6.39849e-07,0.0492772,0.00619244,-0.0486801,-0.03052,0.0261971,0.00135226,0,0,0.0378466,-0.0971726,0.0790835,0.556407,-0.0340298,0.414568,-0.00607349,0,0,8.61128e-08,-0.00131886,0.00249699,0.00207593,0.00229081,0.00372205,0.0015374,0,0,-0.0266624,-0.0106848,-0.0291535,-0.00821046,0.0220044,-0.00623125,0.0667418,0,0,-1.20024e-12,-1.20024e-12,0,1.20024e-12,1.20024e-12,1.20024e-12,1.20024e-12,0,0,0,0,0,0,0,0,0,0.905991,4.10602e-09,1.20024e-12,1.20024e-12,0,-1.20024e-12,-1.20024e-12,-1.20024e-12,-1.20024e-12,0,0,0,0,0,0,0,0,0,4.10602e-09,0.905991,
0,0.00398006,0.0105637,-0.00216094,0.00106085,0.000499339,-3.02686e-05,0,0,0.54815,-0.0167897,-0.0731959,0.00584027,0.0112552,0.00373746,-0.00270766,0,0,-2.77556e-11,0.0386235,0.00474431,-0.0327366,-0.00107235,-0.000590102,-5.48237e-05,0,0,-0.0166703,0.640817,-0.00932777,-0.0865066,0.00520162,-0.00943514,-0.00109475,0,0,1.73472e-12,0.0018033,0.0828056,0.0101085,0.00294859,0.00176104,-7.38927e-05,0,0,-0.0714184,-0.00893543,0.480831,-0.0165269,-0.00528405,0.00791206,-0.00294095,0,0,0,-0.0332746,0.00674339,0.0350896,0.00462718,-0.000456782,-8.63121e-05,0,0,0.00628483,-0.0896047,-0.0159922,0.606125,0.0178258,0.055304,-0.000771237,0,0,0,-0.00962741,0.0404428,0.0107635,-0.0341117,-0.0264269,0.000892481,0,0,0.113597,0.0505367,-0.0521952,0.178525,0.370515,-0.0338141,0.0213345,0,0,-1.38778e-11,0.0491906,0.0061962,-0.0486537,-0.0305379,0.0264091,0.00134797,0,0,0.0377991,-0.0970529,0.0791617,0.556369,-0.0340212,0.414591,-0.00607553,0,0,2.38524e-12,-0.00131416,0.00250066,0.00206665,0.00229029,0.00371795,0.00153853,0,0,-0.0266349,-0.0106886,-0.0291757,-0.0082011,0.021992,-0.0062334,0.0667429,0,0,0,0,-1.20024e-12,0,0,1.20024e-12,0,0,0,0,0,0,0,0,0,0,0.905991,4.21465e-09,0,0,0,0,0,0,0,0,0,0,0,0,0,0,0,0,4.21405e-09,0.905991,
-3.82971e-07,0.00399101,0.0106313,-0.00216801,0.00106342,0.000499681,-3.0295e-05,0,0,0.548121,-0.0167952,-0.0736239,0.00586268,0.0112658,0.00373254,-0.00270482,0,0,-2.52576e-08,0.0384971,0.00476611,-0.0328186,-0.00107575,-0.000596655,-5.4733e-05,0,0,-0.0166756,0.640876,-0.0093508,-0.0865325,0.00520291,-0.00942254,-0.00109515,0,0,-4.38379e-07,0.00182915,0.082797,0.0101071,0.00295338,0.00176016,-7.38837e-05,0,0,-0.0718436,-0.00895757,0.480863,-0.016523,-0.00524896,0.00791991,-0.00294316,0,0,1.81313e-07,-0.0334083,0.00674865,0.0351736,0.00463395,-0.000466691,-8.6106e-05,0,0,0.00630728,-0.0896347,-0.0159872,0.606114,0.0178209,0.0552996,-0.000770275,0,0,-3.30658e-06,-0.00967959,0.0404262,0.0108442,-0.0341373,-0.0264235,0.000891753,0,0,0.113706,0.0505478,-0.0518456,0.178476,0.370579,-0.0338049,0.0213216,0,0,6.4046e-07,0.049103,0.00619798,-0.0486249,-0.0305556,0.0266208,0.00134431,0,0,0.0377512,-0.0969331,0.0792395,0.556331,-0.0340126,0.414614,-0.00607756,0,0,8.62893e-08,-0.00130955,0.00250408,0.0020576,0.00228974,0.00371373,0.00153975,0,0,-0.0266072,-0.0106923,-0.0291979,-0.00819178,0.0219795,-0.00623555,0.066744,0,0,0,0,1.20024e-12,0,0,0,0,0,0,0,0,0,0,0,0,0,0.905991,-4.43189e-09,0,1.20024e-12,1.20024e-12,0,0,1.20024e-12,0,0,0,0,0,0,0,0,0,0,-4.43249e-09,0.905991,
0,0.00400278,0.0106982,-0.0021747,0.00106674,0.000499639,-3.07038e-05,0,0,0.548091,-0.0168007,-0.0740526,0.00588515,0.0112764,0.00372757,-0.00270197,0,0,0,0.0383706,0.00478789,-0.0329003,-0.00107909,-0.000603244,-5.4667e-05,0,0,-0.0166808,0.640936,-0.00937387,-0.0865586,0.00520418,-0.00940994,-0.00109555,0,0,-1.73472e-12,0.00185595,0.0827873,0.0101061,0.00295902,0.00175882,-7.43131e-05,0,0,-0.0722694,-0.00897973,0.480895,-0.0165191,-0.00521383,0.00792772,-0.00294536,0,0,6.93889e-12,-0.0335424,0.00675426,0.0352574,0.00464033,-0.000476435,-8.57178e-05,0,0,0.00632979,-0.0896649,-0.0159822,0.606102,0.017816,0.0552952,-0.000769317,0,0,-5.20417e-12,-0.00972514,0.0404027,0.0109282,-0.0341559,-0.0264232,0.000887708,0,0,0.113815,0.0505587,-0.0514956,0.178427,0.370644,-0.0337957,0.0213087,0,0,4.85723e-11,0.0490137,0.00620099,-0.0485963,-0.0305744,0.0268333,0.00134128,0,0,0.0377028,-0.0968132,0.0793169,0.556293,-0.034004,0.414638,-0.0060796,0,0,6.28837e-12,-0.0013051,0.00250766,0.00204846,0.002289,0.00370958,0.00154105,0,0,-0.0265794,-0.010696,-0.02922,-0.00818249,0.0219671,-0.0062377,0.0667452,0,0,0,0,0,0,0,0,0,0,0,0,0,0,0,0,0,0,0.905991,-4.51231e-09,0,0,0,0,0,0,0,0,0,0,0,0,0,0,0,0,-4.51231e-09,0.905991,
3.46945e-12,0.00401307,0.0107644,-0.00218178,0.00106929,0.000500359,-3.0347e-05,0,0,0.54806,-0.0168062,-0.0744819,0.00590767,0.0112868,0.00372256,-0.0026991,0,0,0,0.0382438,0.00480965,-0.032982,-0.00108247,-0.000609794,-5.45501e-05,0,0,-0.0166861,0.640996,-0.00939697,-0.0865847,0.00520544,-0.00939732,-0.00109594,0,0,8.67362e-12,0.00188108,0.0827766,0.0101045,0.00296377,0.00175834,-7.3864e-05,0,0,-0.0726958,-0.00900194,0.480926,-0.0165151,-0.00517867,0.00793549,-0.00294756,0,0,-1.38778e-11,-0.0336758,0.00676021,0.0353413,0.00464704,-0.000486558,-8.5692e-05,0,0,0.00635235,-0.0896951,-0.015977,0.60609,0.0178111,0.0552908,-0.000768362,0,0,-2.08167e-11,-0.00978392,0.0403722,0.0110089,-0.0341807,-0.0264161,0.000890279,0,0,0.113924,0.0505695,-0.0511452,0.178378,0.370708,-0.0337864,0.0212958,0,0,2.08167e-11,0.0489266,0.00620522,-0.0485665,-0.0305916,0.0270449,0.00133695,0,0,0.0376538,-0.0966933,0.079394,0.556256,-0.0339955,0.414661,-0.00608163,0,0,1.51788e-12,-0.0013003,0.00251141,0.00203939,0.00228842,0.00370523,0.00154216,0,0,-0.0265515,-0.0106997,-0.029242,-0.00817324,0.0219547,-0.00623985,0.0667463,0,0,0,-1.20024e-12,-1.20024e-12,0,0,0,0,0,0,0,0,0,0,0,0,0,0.905991,-4.45199e-09,0,1.20024e-12,1.20024e-12,0,0,0,-1.20024e-12,0,0,0,0,0,0,0,0,0,-4.45199e-09,0.905991,
-3.82138e-07,0.00402419,0.0108318,-0.0021881,0.00107259,0.000501076,-3.03726e-05,0,0,0.548029,-0.0168117,-0.0749118,0.00593025,0.0112973,0.00371749,-0.00269623,0,0,-2.53131e-08,0.0381168,0.0048315,-0.0330634,-0.0010858,-0.000616354,-5.44579e-05,0,0,-0.0166914,0.641056,-0.00942011,-0.0866109,0.00520669,-0.0093847,-0.00109634,0,0,-4.402e-07,0.00190717,0.082767,0.0101037,0.00296938,0.00175783,-7.38532e-05,0,0,-0.0731229,-0.00902418,0.480957,-0.016511,-0.00514348,0.00794323,-0.00294975,0,0,1.81868e-07,-0.0338095,0.0067656,0.0354248,0.00465336,-0.000496697,-8.54842e-05,0,0,0.00637497,-0.0897255,-0.0159718,0.606078,0.0178063,0.0552864,-0.00076741,0,0,-3.31708e-06,-0.00983608,0.0403513,0.0110963,-0.0341986,-0.0264087,0.000889534,0,0,0.114032,0.0505802,-0.0507945,0.17833,0.370773,-0.0337772,0.0212829,0,0,6.41535e-07,0.0488379,0.00620746,-0.0485376,-0.0306099,0.0272567,0.00133326,0,0,0.0376044,-0.0965733,0.0794706,0.556218,-0.033987,0.414684,-0.00608365,0,0,8.65759e-08,-0.00129567,0.0025149,0.00203012,0.00228765,0.00370086,0.00154336,0,0,-0.0265235,-0.0107034,-0.0292641,-0.00816402,0.0219422,-0.006242,0.0667474,0,0,1.20024e-12,0,-1.20024e-12,0,0,0,1.20024e-12,1.15223e-10,0,0,0,0,0,0,0,0,0.905991,4.27676e-09,0,0,0,0,0,0,-1.20024e-12,0,0,0,0,0,0,0,0,0,4.27646e-09,0.905991,
8.67362e-13,0.00403575,0.010899,-0.00219442,0.00107551,0.000501408,-3.0398e-05,0,0,0.547996,-0.0168172,-0.0753425,0.00595288,0.0113076,0.00371237,-0.00269334,0,0,-2.77556e-11,0.0379895,0.00485335,-0.0331447,-0.00108914,-0.00062295,-5.43652e-05,0,0,-0.0166966,0.641116,-0.00944329,-0.0866373,0.00520793,-0.00937208,-0.00109673,0,0,1.21431e-11,0.00193377,0.0827569,0.0101027,0.00297453,0.00175686,-7.38418e-05,0,0,-0.0735507,-0.00904645,0.480988,-0.0165068,-0.00510825,0.00795092,-0.00295194,0,0,2.08167e-11,-0.0339435,0.00677115,0.0355082,0.00465983,-0.000506672,-8.52758e-05,0,0,0.00639763,-0.089756,-0.0159665,0.606066,0.0178014,0.055282,-0.000766463,0,0,0,-0.0098849,0.0403267,0.0111836,-0.0342195,-0.0264044,0.000888783,0,0,0.114139,0.0505907,-0.0504434,0.178281,0.370837,-0.033768,0.02127,0,0,-1.17961e-10,0.0487482,0.0062103,-0.0485081,-0.0306273,0.0274694,0.00132956,0,0,0.0375545,-0.0964532,0.0795469,0.556181,-0.0339784,0.414707,-0.00608568,0,0,-8.67362e-13,-0.00129111,0.00251848,0.00202084,0.00228694,0.00369655,0.00154454,0,0,-0.0264954,-0.010707,-0.029286,-0.00815484,0.0219299,-0.00624415,0.0667485,0,0,0,-2.40048e-12,0,2.40048e-12,-1.20024e-12,0,0,0,0,0,0,0,0,0,0,0,0.905991,4.23625e-09,0,0,-1.20024e-12,-1.20024e-12,-1.20024e-12,0,0,0,0,0,0,0,0,0,0,0,4.23565e-09,0.905991,
0,0.0040466,0.0109658,-0.00220152,0.00107879,0.000501357,-3.00416e-05,0,0,0.547963,-0.0168227,-0.0757737,0.00597556,0.0113179,0.00370721,-0.00269045,0,0,0,0.037862,0.0048752,-0.0332259,-0.00109245,-0.000629582,-5.42466e-05,0,0,-0.0167019,0.641177,-0.00946651,-0.0866637,0.00520916,-0.00935944,-0.00109712,0,0,1.73472e-12,0.00195957,0.0827461,0.0101008,0.0029801,0.00175544,-7.33885e-05,0,0,-0.0739791,-0.00906876,0.481019,-0.0165025,-0.00507298,0.00795858,-0.00295413,0,0,0,-0.034077,0.00677686,0.0355919,0.00466608,-0.00051648,-8.5249e-05,0,0,0.00642035,-0.0897866,-0.0159611,0.606053,0.0177966,0.0552777,-0.000765519,0,0,3.46945e-12,-0.00994036,0.0402985,0.0112644,-0.0342366,-0.0264032,0.00089135,0,0,0.114245,0.0506012,-0.0500921,0.178233,0.370901,-0.0337588,0.0212572,0,0,1.38778e-11,0.0486593,0.00621371,-0.048477,-0.0306451,0.0276831,0.0013252,0,0,0.0375041,-0.0963331,0.0796228,0.556143,-0.0339699,0.41473,-0.0060877,0,0,1.84314e-11,-0.00128638,0.00252214,0.00201172,0.00228612,0.00369231,0.00154564,0,0,-0.0264672,-0.0107107,-0.029308,-0.0081457,0.0219175,-0.00624629,0.0667496,0,0,0,-1.20024e-12,0,1.20024e-12,-2.40048e-12,-2.40048e-12,-1.20024e-12,-5.76116e-11,0,0,0,0,0,0,0,0,0.905991,-4.30917e-09,0,1.20024e-12,0,0,-1.20024e-12,0,1.20024e-12,0,0,0,0,0,0,0,0,0,-4.30887e-09,0.905991,
-1.73472e-12,0.00405865,0.0110335,-0.00220824,0.00108131,0.000501684,-3.0448e-05,0,0,0.547929,-0.0168282,-0.0762057,0.0059983,0.0113281,0.00370199,-0.00268754,0,0,-2.77556e-11,0.0377342,0.00489713,-0.033307,-0.00109581,-0.000636199,-5.41782e-05,0,0,-0.0167071,0.641238,-0.00948977,-0.0866902,0.00521037,-0.0093468,-0.00109751,0,0,-8.67362e-12,0.00198677,0.0827361,0.0100993,0.00298477,0.00175442,-7.38174e-05,0,0,-0.0744082,-0.00909111,0.48105,-0.0164981,-0.00503768,0.0079662,-0.00295631,0,0,1.38778e-11,-0.0342111,0.00678219,0.0356753,0.00467267,-0.000526487,-8.48572e-05,0,0,0.00644312,-0.0898173,-0.0159556,0.606041,0.0177918,0.0552733,-0.000764578,0,0,-1.56125e-11,-0.00998584,0.0402766,0.0113484,-0.03426,-0.0263984,0.000887264,0,0,0.114351,0.0506115,-0.0497403,0.178185,0.370966,-0.0337497,0.0212443,0,0,-6.245e-11,0.0485682,0.00621579,-0.0484459,-0.0306613,0.0278963,0.00132211,0,0,0.0374532,-0.0962129,0.0796983,0.556106,-0.0339614,0.414754,-0.00608972,0,0,9.32414e-12,-0.0012819,0.00252562,0.0020025,0.00228546,0.00368795,0.0015469,0,0,-0.0264389,-0.0107143,-0.0293299,-0.00813659,0.0219051,-0.00624843,0.0667507,0,0,0,1.20024e-12,1.20024e-12,0,-1.20024e-12,-1.20024e-12,-2.40048e-12,0,0,0,0,0,0,0,0,0,0.905991,4.25846e-09,0,2.40048e-12,1.20024e-12,0,0,-1.20024e-12,-2.40048e-12,0,0,0,0,0,0,0,0,0,4.25966e-09,0.905991,
0,0.00406923,0.0111009,-0.00221496,0.0010842,0.00050239,-3.04727e-05,0,0,0.547893,-0.0168337,-0.0766383,0.00602109,0.0113383,0.00369673,-0.00268463,0,0,0,0.0376062,0.00491905,-0.0333879,-0.00109913,-0.000642801,-5.4084e-05,0,0,-0.0167123,0.641299,-0.00951306,-0.0867169,0.00521157,-0.00933414,-0.0010979,0,0,-3.46945e-12,0.00201229,0.0827254,0.0100976,0.00298985,0.00175383,-7.38042e-05,0,0,-0.0748379,-0.00911349,0.48108,-0.0164936,-0.00500234,0.00797378,-0.00295849,0,0,-1.38778e-11,-0.0343445,0.00678768,0.0357586,0.00467905,-0.000536693,-8.4647e-05,0,0,0.00646594,-0.0898481,-0.01595,0.606028,0.017787,0.055269,-0.000763641,0,0,1.38778e-11,-0.0100446,0.040251,0.0114325,-0.0342798,-0.0263901,0.000886497,0,0,0.114457,0.0506217,-0.0493883,0.178137,0.37103,-0.0337405,0.0212315,0,0,6.245e-11,0.0484793,0.00621845,-0.0484144,-0.030678,0.0281092,0.00131838,0,0,0.0374018,-0.0960927,0.0797734,0.556069,-0.033953,0.414777,-0.00609174,0,0,4.98733e-12,-0.00127707,0.00252919,0.00199326,0.00228469,0.00368348,0.00154806,0,0,-0.0264105,-0.0107178,-0.0293518,-0.00812752,0.0218928,-0.00625057,0.0667518,0,0,0,1.20024e-12,0,0,0,0,-1.20024e-12,0,0,0,0,0,0,0,0,0,0.905991,-4.32537e-09,0,1.20024e-12,0,0,0,0,-1.20024e-12,0,0,0,0,0,0,0,0,0,-4.32567e-09,0.905991,
-2.60209e-12,0.0040814,0.011168,-0.00222169,0.0010867,0.000502713,-3.08778e-05,0,0,0.547858,-0.0168391,-0.0770716,0.00604393,0.0113483,0.00369141,-0.0026817,0,0,-2.77556e-11,0.037478,0.00494097,-0.0334686,-0.00110247,-0.000649439,-5.40145e-05,0,0,-0.0167176,0.641361,-0.00953639,-0.0867436,0.00521277,-0.00932148,-0.00109828,0,0,-6.93889e-12,0.00203965,0.0827141,0.0100958,0.00299448,0.00175278,-7.42337e-05,0,0,-0.0752683,-0.0091359,0.48111,-0.0164891,-0.00496697,0.00798133,-0.00296066,0,0,2.08167e-11,-0.0344786,0.00679334,0.0358419,0.00468558,-0.000546733,-8.42534e-05,0,0,0.00648881,-0.0898791,-0.0159443,0.606016,0.0177822,0.0552646,-0.000762708,0,0,6.93889e-12,-0.0100901,0.0402218,0.0115166,-0.0343025,-0.0263849,0.000882389,0,0,0.114561,0.0506318,-0.0490359,0.178089,0.371094,-0.0337314,0.0212187,0,0,-6.245e-11,0.0483875,0.0062217,-0.0483825,-0.0306937,0.0283229,0.00131527,0,0,0.03735,-0.0959724,0.0798481,0.556032,-0.0339445,0.4148,-0.00609376,0,0,6.28837e-12,-0.00127257,0.00253285,0.00198401,0.002284,0.00367908,0.0015493,0,0,-0.0263819,-0.0107214,-0.0293736,-0.00811848,0.0218804,-0.00625271,0.0667529,0,0,0,1.20024e-12,0,0,-1.20024e-12,-2.40048e-12,1.20024e-12,-6.00121e-11,0,0,0,0,0,0,0,0,0.905991,4.26746e-09,0,1.20024e-12,0,0,-1.20024e-12,-2.40048e-12,0,-1.20024e-12,0,0,0,0,0,0,0,0,4.26776e-09,0.905991,
4.16608e-07,-0.258336,0.037836,0.00942847,0.00393358,0.000348399,3.34367e-05,-2.60209e-12,0,0.549388,-0.0124228,-0.0762907,0.0121172,0.0104107,0.00367322,-0.0015346,9.1073e-12,-5.63785e-12,8.30447e-08,-2,-0.0110024,6.66546e-05,-0.000570833,0.00186092,0.000102601,-5.55112e-11,0,0.0164936,0.735161,0.0161944,0.0414913,-0.0148764,-0.00958087,0.0231562,1.66533e-10,-1.38778e-10,4.84585e-07,-0.147635,0.0949077,0.0159493,0.00488134,-0.000622606,-8.39359e-05,-1.73472e-12,0,-0.0748236,-0.00668707,0.481819,-0.013103,-0.00546123,0.00798165,-0.00232338,5.20417e-12,-3.46945e-12,-1.85463e-07,-1.42064,-0.00112641,0.0835496,0.00531083,-0.00110487,-9.42716e-05,-2.08167e-11,0,0.0147274,-0.0667251,-0.00956855,0.637727,0.0128083,0.055193,0.00523737,4.85723e-11,-3.46945e-11,3.62463e-06,0.793054,0.011776,0.00679838,-0.0244678,-0.0186163,0.00206653,6.93889e-12,0,0.109902,0.0372002,-0.0523762,0.159649,0.374039,-0.0336832,0.0177279,-2.77556e-11,1.73472e-11,-6.85528e-07,-1.43445,-0.0129637,-0.0702666,-0.0168972,0.0936448,-0.000272005,-1.38778e-11,0,0.0460828,-0.0710599,0.0867339,0.589918,-0.0392496,0.414751,0.000319241,4.85723e-11,-3.1225e-11,-9.30757e-08,-0.172085,0.00998996,0.00519128,-0.00256288,0.00306245,0.00137641,-1.73472e-12,0,-0.0253391,-0.00786283,-0.028609,-0.00419322,0.0212547,-0.00626315,0.0674946,6.07153e-12,-3.46945e-12,0,0,0,0,-1.20024e-12,0,-1.20024e-12,-2.40048e-12,0,0,0,0,0,0,0,0,0.905991,-4.32747e-09,0,0,0,0,1.20024e-12,0,1.20024e-12,2.40048e-12,0,0,0,0,0,0,0,0,-4.32747e-09,0.905991,
-3.76693e-07,-0.274491,0.0388366,0.00902313,0.00361918,0.000884922,2.17166e-05,0,0,0.549461,-0.0121282,-0.0766125,0.0126058,0.0103722,0.0036629,-0.00145265,-4.33681e-13,0,-7.8576e-08,-2,-0.0105798,0.0063281,-0.000659005,0.00160556,5.86486e-05,0,0,0.0187802,0.741431,0.0180054,0.0501637,-0.0162383,-0.00963235,0.024798,0,0,-4.38908e-07,-0.155835,0.0945324,0.0167204,0.00486623,0.000513657,-8.7131e-05,0,0,-0.0753853,-0.00659203,0.481849,-0.0128128,-0.00544719,0.00798228,-0.0022808,-1.73472e-12,0,1.67075e-07,-1.50786,-0.000167621,0.0815523,0.00504925,-0.00120459,-8.17912e-05,0,0,0.0152878,-0.0649294,-0.00912999,0.63991,0.0124639,0.0551885,0.00564762,0,0,-3.28011e-06,0.843065,0.013509,0.00711796,-0.0220701,-0.0154229,0.0019193,0,0,0.109543,0.0364185,-0.0524735,0.158244,0.374312,-0.0337205,0.0174967,0,0,6.19275e-07,-1.52478,-0.0111936,-0.0659919,-0.018881,0.0914634,-0.000830742,0,0,0.0466203,-0.0692894,0.0873025,0.59186,-0.0395639,0.414729,0.000742543,-3.46945e-12,0,8.41423e-08,-0.182909,0.00953301,0.00523288,-0.00281674,0.00199078,0.0012448,0,0,-0.0252462,-0.00769076,-0.0285387,-0.00388619,0.0211722,-0.00625717,0.0675455,-4.33681e-13,0,5.76116e-11,3.0006e-11,-1.20024e-12,2.76055e-11,-3.0006e-11,6.00121e-11,-5.76116e-11,0,0,3.0006e-13,3.0006e-13,6.00121e-13,0,3.0006e-13,3.0006e-13,-3.0006e-13,0.905991,4.26416e-09,-1.20024e-12,-5.88118e-11,-5.64113e-11,0,5.88118e-11,-5.76116e-11,5.76116e-11,0,0,-1.20024e-12,-3.0006e-13,3.0006e-13,0,3.0006e-13,3.0006e-13,3.0006e-13,4.26506e-09,0.905991,
1.11131e-11,-0.274929,0.0364643,0.00745994,0.00287502,0.00103501,1.74947e-05,0,0,0.549438,-0.0121391,-0.0769244,0.0126881,0.0103937,0.0036601,-0.00144766,0,0,9.71445e-11,-2,-0.00872083,0.0040342,-0.000793791,0.00106397,3.70419e-05,0,0,0.0188227,0.741386,0.0180656,0.050193,-0.0162476,-0.00966547,0.0248072,0,0,2.25514e-11,-0.155433,0.0929633,0.0162821,0.00399425,0.00105441,-9.68869e-05,0,0,-0.0759293,-0.00665271,0.481951,-0.0127525,-0.00539906,0.0079925,-0.0022813,0,0,1.38778e-11,-1.50914,0.00111663,0.0744711,0.00496308,-0.000980593,-8.54085e-05,0,0,0.0152991,-0.0647298,-0.00912356,0.639954,0.0124543,0.0551891,0.00565431,0,0,-2.77556e-11,0.84336,0.0178047,0.00777515,-0.0220186,-0.015987,0.00190714,0,0,0.109487,0.0365444,-0.0523076,0.158096,0.374368,-0.0337383,0.0175044,0,0,-1.56125e-11,-1.52339,-0.00818561,-0.061593,-0.0211516,0.0823281,-0.000903544,0,0,0.0465829,-0.0691682,0.0874235,0.591529,-0.0395425,0.414707,0.000735686,0,0,-5.20417e-12,-0.183122,0.00841151,0.00483896,-0.00241322,0.00181788,0.00119575,0,0,-0.0252218,-0.00772073,-0.0285227,-0.00383901,0.0211363,-0.0062506,0.0675463,0,0,2.88058e-11,1.20024e-12,2.88058e-11,1.15223e-10,-2.88058e-11,2.76055e-11,-2.76055e-11,-2.88058e-11,0,0,-3.00061e-13,6.0012e-13,-6.0012e-13,-3.0006e-13,6.0012e-13,3.00061e-13,0.905991,-4.32027e-09,0,1.20024e-12,-5.76116e-11,-2.88058e-11,-2.88058e-11,8.52171e-11,0,0,0,-6.0012e-13,3.0006e-13,9.00181e-13,6.00121e-13,0,3.0006e-13,0,-4.32057e-09,0.905991,
7.53521e-12,-0.275618,0.0334966,0.00603935,0.00224091,0.00102386,1.67415e-05,0,0,0.549422,-0.012156,-0.0771563,0.0127653,0.0104092,0.00365976,-0.00144276,0,0,0,-2,-0.00740726,0.00169613,-0.000880579,0.000723324,2.91133e-05,0,0,0.0188594,0.741347,0.0181133,0.0502246,-0.0162576,-0.00969794,0.0248173,0,0,1.9082e-11,-0.155424,0.0913992,0.0155581,0.00317287,0.00125657,-0.000103142,0,0,-0.0763777,-0.00670229,0.482142,-0.0126999,-0.00535959,0.00800441,-0.00228176,0,0,-1.38778e-11,-1.51045,0.00202518,0.0681896,0.0049462,-0.000715551,-9.18381e-05,0,0,0.0153158,-0.0645819,-0.00911753,0.639997,0.0124461,0.0551907,0.00566123,0,0,8.67362e-12,0.843698,0.0218664,0.00802278,-0.0228156,-0.0175415,0.00191779,0,0,0.109435,0.0366597,-0.0521176,0.15797,0.374398,-0.0337474,0.0175148,0,0,1.30104e-11,-1.52222,-0.00572368,-0.0577711,-0.022859,0.0734732,-0.000777995,0,0,0.0465546,-0.0690404,0.0875356,0.591242,-0.0395329,0.414681,0.000730092,0,0,-2.60209e-12,-0.183318,0.0073558,0.00447226,-0.00188218,0.00198527,0.00119008,0,0,-0.0251988,-0.0077524,-0.0285107,-0.00379505,0.0211073,-0.00624366,0.067547,0,0,0,5.64113e-11,-5.76116e-11,0,3.0006e-11,2.76055e-11,2.88058e-11,0,0,9.00181e-13,-3.0006e-13,-3.0006e-13,3.0006e-13,6.00121e-13,3.0006e-13,0,0.905991,4.25245e-09,0,-8.64174e-11,2.76055e-11,2.88058e-11,2.88058e-11,1.20024e-12,2.88058e-11,0,0,3.0006e-13,6.0012e-13,3.0006e-13,0,0,9.00181e-13,3.0006e-13,4.25245e-09,0.905991,
-3.68629e-12,-0.276381,0.0303874,0.00477674,0.0017698,0.000963452,1.51716e-05,6.07153e-12,0,0.549413,-0.0121767,-0.0773247,0.0128358,0.01042,0.00366005,-0.00143808,8.67362e-13,0,0,-2,-0.00636295,-0.000384054,-0.000969791,0.000458055,2.43581e-05,1.249e-10,0,0.0188916,0.741314,0.0181515,0.0502583,-0.0162678,-0.0097297,0.0248273,2.77556e-11,0,6.93889e-12,-0.155581,0.0899438,0.0147739,0.00259667,0.00135118,-0.000105372,3.46945e-12,0,-0.07674,-0.00674349,0.482388,-0.0126553,-0.00532824,0.00801515,-0.00228214,0,0,2.77556e-11,-1.51175,0.00272515,0.0628151,0.00492722,-0.000521944,-9.61662e-05,2.77556e-11,0,0.0153358,-0.0644769,-0.00911143,0.640038,0.0124393,0.0551927,0.00566811,1.38778e-11,0,-5.55112e-11,0.844041,0.0254959,0.00811423,-0.0239719,-0.0191724,0.00188667,-1.73472e-11,0,0.109393,0.0367626,-0.0519101,0.157862,0.374412,-0.0337541,0.0175263,-5.20417e-12,0,-1.00939e-10,-1.52115,-0.00366579,-0.0545009,-0.0242712,0.0654918,-0.000566794,3.31766e-11,0,0.0465326,-0.068913,0.0876342,0.590997,-0.0395283,0.414654,0.000725029,5.20417e-12,0,1.73472e-12,-0.183501,0.00641489,0.00414655,-0.00131718,0.00223634,0.00120739,3.90313e-12,0,-0.0251784,-0.00778267,-0.0285017,-0.00375582,0.0210838,-0.00623656,0.0675475,8.67362e-13,0,0,5.76116e-11,2.76055e-11,-1.20024e-12,0,0,-2.76055e-11,-2.76055e-11,0,3.00061e-13,-6.0012e-13,0,3.0006e-13,-6.0012e-13,-6.0012e-13,-3.00061e-13,0.905991,-4.30136e-09,0,-5.76116e-11,-2.76055e-11,-5.64113e-11,-1.20024e-12,0,-5.76116e-11,5.76116e-11,0,0,-9.00181e-13,-3.0006e-13,0,6.0012e-13,-3.0006e-13,3.0006e-13,-4.30226e-09,0.905991,
-7.15573e-12,-0.277142,0.027368,0.00366905,0.00143572,0.000891149,1.21901e-05,0,0,0.549408,-0.0121996,-0.0774434,0.0128994,0.0104274,0.00366044,-0.0014337,-1.0842e-12,0,-3.81639e-11,-2,-0.00550234,-0.00215493,-0.00106502,0.000233213,2.01101e-05,0,0,0.0189202,0.741286,0.0181831,0.050294,-0.0162779,-0.00976073,0.0248369,-3.1225e-11,0,-3.46945e-12,-0.155809,0.0886367,0.0140299,0.00224554,0.00141143,-0.000104815,0,0,-0.0770274,-0.00677792,0.482665,-0.0126183,-0.00530287,0.00802419,-0.0022824,-1.73472e-12,0,-1.38778e-11,-1.51303,0.00328319,0.0582998,0.00489819,-0.000403948,-9.79352e-05,0,0,0.0153579,-0.0644067,-0.00910504,0.640077,0.0124332,0.0551942,0.00567485,0,0,1.38778e-11,0.844388,0.028649,0.00813928,-0.0252874,-0.0206535,0.00181558,0,0,0.109363,0.0368526,-0.0516904,0.157767,0.374419,-0.0337595,0.0175371,3.46945e-12,0,-6.67869e-11,-1.52011,-0.0019428,-0.0517393,-0.0254884,0.0585178,-0.000323852,0,0,0.0465164,-0.0687891,0.0877202,0.590787,-0.0395256,0.414629,0.000720076,-6.93889e-12,0,1.04083e-11,-0.183674,0.00559886,0.00386426,-0.000763797,0.00249048,0.00123711,0,0,-0.0251609,-0.00781035,-0.0284951,-0.00372129,0.0210644,-0.00622978,0.0675479,-8.67362e-13,0,0,-2.40048e-12,0,-2.40048e-12,2.40048e-12,0,2.40048e-12,0,0,0,0,0,0,0,0,0,0.905991,4.23265e-09,0,-2.40048e-12,1.20024e-12,-1.20024e-12,1.20024e-12,1.20024e-12,2.40048e-12,0,0,0,0,0,0,0,0,0,4.23235e-09,0.905991,
1.51788e-12,-0.277872,0.0245643,0.00271011,0.00120799,0.000821725,8.17956e-06,0,0,0.549408,-0.0122235,-0.0775237,0.0129563,0.0104325,0.00366079,-0.00142967,1.95156e-12,0,1.73472e-12,-2,-0.00478822,-0.00363219,-0.00116116,3.99033e-05,1.58792e-05,0,0,0.0189459,0.741262,0.0182098,0.0503316,-0.0162877,-0.00979107,0.0248459,3.64292e-11,0,1.04083e-11,-0.15607,0.0874917,0.0133686,0.00206624,0.0014618,-0.000102576,0,0,-0.0772512,-0.00680675,0.482955,-0.012588,-0.00528147,0.00803169,-0.00228252,1.73472e-12,0,0,-1.51426,0.00373251,0.0545541,0.00486139,-0.000344514,-9.77308e-05,0,0,0.0153812,-0.0643641,-0.00909825,0.640115,0.0124275,0.0551946,0.00568141,1.38778e-11,0,3.46945e-12,0.844729,0.031345,0.00814161,-0.0266183,-0.021927,0.00171918,0,0,0.109347,0.0369304,-0.0514623,0.157682,0.374423,-0.0337634,0.017546,-6.93889e-12,0,2.51535e-11,-1.51904,-0.000509684,-0.0494374,-0.0265543,0.0525365,-7.76044e-05,0,0,0.0465058,-0.0686701,0.0877958,0.590609,-0.0395233,0.414606,0.000714984,1.04083e-11,0,-1.30104e-12,-0.183838,0.00490375,0.00362351,-0.000247391,0.00272186,0.00127288,0,0,-0.0251462,-0.00783505,-0.0284904,-0.00369098,0.0210478,-0.0062237,0.0675484,1.30104e-12,0,0,0,0,0,1.20024e-12,0,1.20024e-12,0,0,0,0,0,0,0,0,0,0.905991,4.27766e-09,0,-2.40048e-12,2.40048e-12,-2.40048e-12,2.40048e-12,2.40048e-12,0,0,0,0,0,0,0,0,0,0,4.27856e-09,0.905991,
-3.33104e-07,-0.278557,0.0220404,0.0018907,0.00105713,0.000759618,3.64203e-06,0,0,0.549411,-0.0122478,-0.077575,0.0130069,0.0104363,0.00366109,-0.001426,0,6.50521e-13,-6.96613e-08,-2,-0.00419829,-0.00484835,-0.00125388,-0.000125131,1.17227e-05,0,0,0.0189695,0.741242,0.0182334,0.050371,-0.0162971,-0.00982076,0.0248541,0,1.21431e-11,-3.9122e-07,-0.156342,0.086508,0.0128027,0.00200491,0.00150833,-9.9441e-05,0,0,-0.0774219,-0.0068309,0.483248,-0.0125635,-0.00526247,0.00803797,-0.00228251,0,1.73472e-12,1.48596e-07,-1.51545,0.00409401,0.051481,0.00482187,-0.000325471,-9.62281e-05,0,0,0.0154054,-0.0643434,-0.00909103,0.64015,0.0124219,0.0551934,0.00568777,0,0,-2.91045e-06,0.845074,0.0336186,0.00813754,-0.027902,-0.0230004,0.00161103,0,0,0.109343,0.0369971,-0.0512286,0.157604,0.374431,-0.0337657,0.0175525,0,-1.73472e-12,5.4891e-07,-1.51791,0.000671611,-0.047542,-0.0274832,0.0474821,0.000156455,0,0,0.0465005,-0.0685564,0.0878634,0.590457,-0.0395206,0.414587,0.000709616,0,3.46945e-12,7.46113e-08,-0.183994,0.00432024,0.00342097,0.000219395,0.00292346,0.00131062,0,0,-0.0251342,-0.00785677,-0.0284872,-0.00366427,0.0210332,-0.00621853,0.067549,0,4.33681e-13,0,0,0,0,0,0,0,1.71634e-10,0,0,0,0,0,0,0,0,0.905991,-4.43699e-09,-1.20024e-12,-1.20024e-12,0,0,1.20024e-12,0,-1.20024e-12,0,0,0,0,0,0,0,0,0,-4.43639e-09,0.905991,
-3.46945e-12,-0.279198,0.0198216,0.0011999,0.00096194,0.000706137,-6.82882e-07,0,0,0.549416,-0.0122718,-0.0776047,0.0130519,0.0104392,0.00366136,-0.00142266,1.30104e-12,1.30104e-12,1.73472e-12,-2,-0.00371548,-0.00583828,-0.00133996,-0.000264167,7.85534e-06,0,0,0.0189915,0.741225,0.0182548,0.0504118,-0.016306,-0.00984986,0.0248616,2.42861e-11,2.42861e-11,-1.21431e-11,-0.156616,0.085676,0.0123315,0.00202127,0.00155207,-9.55412e-05,0,0,-0.077549,-0.00685119,0.483537,-0.012544,-0.00524475,0.00804332,-0.00228237,1.73472e-12,1.73472e-12,1.38778e-11,-1.51658,0.00438329,0.0489869,0.0047828,-0.000332643,-9.41211e-05,0,0,0.0154299,-0.0643399,-0.00908341,0.640183,0.0124161,0.0551906,0.00569394,6.93889e-12,6.93889e-12,-3.46945e-12,0.845418,0.0355071,0.0081361,-0.0290919,-0.0238928,0.00150392,0,0,0.109351,0.0370539,-0.0509913,0.157532,0.374443,-0.033766,0.0175564,-3.46945e-12,-3.46945e-12,-3.64292e-11,-1.5167,0.00163623,-0.046001,-0.0282856,0.0432671,0.000369595,0,0,0.0465002,-0.0684481,0.087925,0.590326,-0.0395172,0.414572,0.000703903,3.46945e-12,3.46945e-12,-1.19262e-11,-0.184144,0.00383696,0.00325264,0.000630926,0.00309478,0.00134759,0,0,-0.0251245,-0.00787569,-0.0284851,-0.00364058,0.0210201,-0.00621437,0.0675497,8.67362e-13,8.67362e-13,0,-1.20024e-12,0,0,-1.20024e-12,0,0,0,0,0,0,0,0,0,0,0,0.905991,-4.4571e-09,0,-1.20024e-12,-1.20024e-12,0,0,0,0,0,0,0,0,0,0,0,0,0,-4.4574e-09,0.905991,
-3.33853e-07,-0.279795,0.0179097,0.000623842,0.000906372,0.000661522,-5.51257e-06,0,0,0.549422,-0.0122952,-0.0776188,0.0130919,0.0104419,0.0036616,-0.00141963,4.33681e-13,1.30104e-12,-6.98504e-08,-2,-0.00332485,-0.00663543,-0.0014176,-0.00037954,4.18401e-06,0,0,0.0190124,0.74121,0.0182751,0.050454,-0.0163144,-0.00987844,0.0248684,1.38778e-11,2.77556e-11,-3.92636e-07,-0.156887,0.084983,0.0119458,0.00208564,0.001593,-9.23866e-05,0,0,-0.077641,-0.00686832,0.483817,-0.0125286,-0.00522756,0.00804802,-0.00228211,1.73472e-12,0,1.49082e-07,-1.51766,0.00461267,0.0469864,0.00474628,-0.000355897,-9.13574e-05,0,0,0.0154546,-0.0643496,-0.00907539,0.640214,0.0124101,0.055186,0.00569993,6.93889e-12,6.93889e-12,-2.9189e-06,0.845762,0.0370557,0.0081276,-0.0301644,-0.0246233,0.00139557,0,0,0.109369,0.0371021,-0.0507517,0.157464,0.374461,-0.0337644,0.0175575,-1.73472e-12,-3.46945e-12,5.5039e-07,-1.5154,0.00241524,-0.044762,-0.0289704,0.0397966,0.000559685,0,0,0.0465042,-0.068345,0.0879821,0.590213,-0.0395129,0.414562,0.000697822,0,1.04083e-11,7.47967e-08,-0.184289,0.00344182,0.00311473,0.000986393,0.00323774,0.00138239,0,0,-0.0251169,-0.00789206,-0.0284839,-0.00361939,0.0210079,-0.00621122,0.0675504,4.33681e-13,8.67362e-13,0,0,1.20024e-12,1.20024e-12,1.20024e-12,0,-1.20024e-12,0,0,0,0,0,0,0,0,0,0.905991,-4.34757e-09,0,0,0,0,0,0,0,0,0,0,0,0,0,0,0,0,-4.34817e-09,0.905991,
3.35303e-07,-0.280351,0.0162916,0.000151108,0.00087827,0.000624448,-9.67211e-06,0,0,0.54943,-0.0123179,-0.0776221,0.0131276,0.0104443,0.00366183,-0.00141688,0,8.67362e-13,7.01834e-08,-2,-0.00301281,-0.00726958,-0.00148611,-0.000473969,9.85319e-07,0,0,0.0190324,0.741198,0.0182949,0.0504974,-0.0163224,-0.00990658,0.0248744,0,1.38778e-11,3.94587e-07,-0.157151,0.0844148,0.0116373,0.00217664,0.00162975,-8.90079e-05,0,0,-0.0777052,-0.0068829,0.484087,-0.0125166,-0.00521036,0.00805224,-0.00228175,0,0,-1.49776e-07,-1.5187,0.00479216,0.0454011,0.00471361,-0.00038775,-8.86511e-05,0,0,0.0154794,-0.0643694,-0.00906702,0.640244,0.0124038,0.0551799,0.00570576,0,6.93889e-12,2.93251e-06,0.846114,0.0383147,0.00812689,-0.031113,-0.0252198,0.00129859,0,0,0.109397,0.0371429,-0.0505108,0.157399,0.374486,-0.0337609,0.017556,0,-1.73472e-12,-5.52842e-07,-1.51402,0.00303573,-0.0437816,-0.0295469,0.036977,0.000724023,0,0,0.0465121,-0.0682465,0.0880361,0.590115,-0.0395076,0.414555,0.000691378,0,6.93889e-12,-7.50921e-08,-0.184431,0.00312284,0.00300287,0.00128806,0.00335539,0.00141384,0,0,-0.025111,-0.0079062,-0.0284833,-0.00360022,0.0209964,-0.00620905,0.0675513,0,4.33681e-13,-2.40048e-12,0,1.20024e-12,2.40048e-12,0,0,0,0,0,0,0,0,0,0,0,0,0.905991,4.14233e-09,-1.20024e-12,0,0,1.20024e-12,0,0,0,0,0,0,0,0,0,0,0,0,4.14293e-09,0.905991,
-2.1684e-12,-0.280872,0.0149446,-0.000231976,0.000870304,0.000594036,-1.3736e-05,0,0,0.549438,-0.0123397,-0.0776182,0.0131598,0.0104469,0.00366204,-0.00141436,8.67362e-13,0,-6.93889e-12,-2,-0.00276734,-0.00776766,-0.00154519,-0.000550089,-1.85485e-06,0,0,0.0190519,0.741187,0.0183145,0.0505416,-0.01633,-0.00993434,0.0248799,2.77556e-11,0,-1.73472e-12,-0.157408,0.0839556,0.0113943,0.0022814,0.00166194,-8.6311e-05,0,0,-0.0777477,-0.00689544,0.484345,-0.0125071,-0.00519284,0.00805616,-0.0022813,0,0,1.38778e-11,-1.51969,0.0049307,0.044163,0.00468472,-0.000423301,-8.58761e-05,0,0,0.0155043,-0.0643969,-0.00905832,0.640273,0.0123971,0.0551722,0.00571145,6.93889e-12,0,1.73472e-12,0.846474,0.0393229,0.00812791,-0.0319258,-0.0257023,0.00120911,0,0,0.109433,0.0371777,-0.0502692,0.157336,0.374518,-0.0337557,0.0175522,-3.46945e-12,0,-3.81639e-11,-1.51256,0.00352352,-0.0430172,-0.0300281,0.0347177,0.000864337,0,0,0.0465231,-0.0681521,0.0880878,0.590027,-0.0395013,0.414551,0.000684591,6.93889e-12,0,-1.56125e-11,-0.184569,0.00286897,0.00291344,0.00153959,0.00345089,0.00144167,0,0,-0.0251065,-0.00791841,-0.0284833,-0.00358268,0.0209852,-0.00620776,0.0675522,8.67362e-13,0,0,0,-1.20024e-12,1.20024e-12,0,0,0,0,0,0,0,0,0,0,0,0,0.905991,4.06882e-09,0,0,0,0,0,0,0,0,0,0,0,0,0,0,0,0,4.06792e-09,0.905991,
0,-0.281364,0.0138412,-0.000537522,0.000874121,0.000569698,-1.66529e-05,-4.33681e-13,0,0.549447,-0.0123608,-0.0776102,0.0131891,0.0104497,0.00366225,-0.00141204,-4.33681e-13,1.73472e-12,3.46945e-12,-2,-0.0025776,-0.00815306,-0.00159569,-0.000610384,-4.12858e-06,-1.38778e-11,0,0.019071,0.741178,0.0183343,0.0505867,-0.0163371,-0.00996179,0.0248848,-1.38778e-11,3.81639e-11,1.73472e-12,-0.157658,0.0835904,0.011207,0.00238789,0.00168984,-8.31628e-05,0,0,-0.0777738,-0.0069064,0.484591,-0.0124998,-0.00517479,0.00805988,-0.00228078,0,0,2.08167e-11,-1.52064,0.00503579,0.0432121,0.00466063,-0.000459453,-8.35894e-05,0,0,0.0155291,-0.0644301,-0.00904931,0.6403,0.01239,0.0551632,0.00571702,0,6.93889e-12,-1.73472e-12,0.846833,0.0401187,0.00813326,-0.0326263,-0.0260866,0.00113673,1.73472e-12,0,0.109475,0.0372073,-0.0500272,0.157274,0.374556,-0.033749,0.0175462,1.73472e-12,-5.20417e-12,-7.97973e-11,-1.51102,0.00390094,-0.0424329,-0.0304218,0.0329343,0.000980573,-3.46945e-12,0,0.0465367,-0.0680613,0.0881381,0.589949,-0.0394942,0.414551,0.000677493,-3.46945e-12,1.04083e-11,2.1684e-12,-0.184705,0.00267005,0.00284291,0.00174637,0.00352727,0.00146556,-2.1684e-13,0,-0.0251031,-0.00792899,-0.0284836,-0.00356642,0.0209742,-0.00620726,0.0675533,-2.1684e-13,1.0842e-12,0,-1.20024e-12,-1.20024e-12,0,-1.20024e-12,0,0,5.76116e-11,0,0,0,0,0,0,0,0,0.905991,4.09852e-09,0,0,0,-2.40048e-12,0,0,2.40048e-12,1.20024e-12,0,0,0,0,0,0,0,0,4.09822e-09,0.905991,
1.30104e-12,-0.281829,0.0129528,-0.000777796,0.000886819,0.000551229,-1.94334e-05,0,0,0.549455,-0.0123811,-0.0776001,0.0132159,0.0104527,0.00366245,-0.00140989,4.33681e-13,4.33681e-13,6.93889e-12,-2,-0.00243399,-0.0084462,-0.00163793,-0.000657107,-6.07129e-06,0,0,0.0190899,0.741169,0.0183545,0.0506324,-0.016344,-0.00998898,0.0248893,1.38778e-11,1.38778e-11,6.93889e-12,-0.1579,0.0833052,0.0110651,0.00249189,0.00171436,-8.07739e-05,0,0,-0.0777879,-0.00691614,0.484825,-0.0124941,-0.00515612,0.00806348,-0.00228019,0,0,-2.08167e-11,-1.52157,0.00511362,0.0424969,0.00464042,-0.000494447,-8.13957e-05,0,0,0.0155538,-0.0644674,-0.00904003,0.640326,0.0123826,0.055153,0.00572249,0,0,3.29597e-11,0.847196,0.0407397,0.00813667,-0.0332093,-0.0263828,0.0010725,0,0,0.109524,0.0372329,-0.049785,0.157213,0.3746,-0.0337408,0.0175383,-1.73472e-12,-1.73472e-12,6.93889e-11,-1.50943,0.00418692,-0.0419955,-0.030742,0.0315495,0.00107655,0,0,0.0465524,-0.0679736,0.0881875,0.589878,-0.0394861,0.414553,0.000670119,3.46945e-12,3.46945e-12,-1.0842e-12,-0.184838,0.00251693,0.00278832,0.00191334,0.00358727,0.00148586,0,0,-0.0251006,-0.0079382,-0.0284843,-0.00355117,0.0209633,-0.00620745,0.0675544,4.33681e-13,4.33681e-13,0,1.20024e-12,0,-1.20024e-12,0,0,0,-1.15223e-10,0,0,0,0,0,0,0,0,0.905991,4.22635e-09,0,0,0,0,0,0,0,1.20024e-12,0,0,0,0,0,0,0,0,4.22575e-09,0.905991,
1.30104e-12,-0.282272,0.0122493,-0.000962998,0.000903737,0.000536443,-2.1763e-05,0,0,0.549464,-0.0124007,-0.0775897,0.0132409,0.0104559,0.00366262,-0.00140786,0,4.33681e-13,-2.42861e-11,-2,-0.0023284,-0.00866441,-0.00167306,-0.000692726,-7.64754e-06,0,0,0.0191088,0.741161,0.0183753,0.0506786,-0.0163506,-0.010016,0.0248934,0,1.04083e-11,1.21431e-11,-0.158136,0.0830859,0.0109605,0.00258802,0.00173415,-7.87414e-05,0,0,-0.0777935,-0.00692498,0.48505,-0.0124895,-0.0051368,0.00806703,-0.00227956,0,0,-6.93889e-12,-1.52246,0.00517002,0.0419731,0.00462439,-0.000526435,-7.94697e-05,0,0,0.0155785,-0.0645076,-0.0090305,0.640352,0.0123749,0.0551418,0.00572788,0,6.93889e-12,3.64292e-11,0.84757,0.0412073,0.00814082,-0.0336982,-0.0266172,0.00101877,0,0,0.109577,0.0372551,-0.0495429,0.157153,0.374648,-0.0337315,0.017529,0,-1.73472e-12,3.46945e-12,-1.50777,0.00439997,-0.0416782,-0.0309971,0.0304977,0.0011541,0,0,0.0465696,-0.0678885,0.0882364,0.589812,-0.0394774,0.414558,0.000662505,0,3.46945e-12,-3.03577e-12,-0.184971,0.00240182,0.00274686,0.00204609,0.00363383,0.00150276,0,0,-0.0250987,-0.00794631,-0.0284853,-0.00353669,0.0209524,-0.00620822,0.0675555,0,4.33681e-13,0,0,0,0,0,0,0,1.20024e-12,0,0,0,0,0,0,0,0,0.905991,-4.4649e-09,0,2.40048e-12,0,0,0,0,0,2.40048e-12,0,0,0,0,0,0,0,0,-4.4643e-09,0.905991,
1.73472e-12,-0.282696,0.0117043,-0.00110253,0.000923221,0.000525978,-2.36788e-05,0,0,0.549473,-0.0124196,-0.0775801,0.0132643,0.0104595,0.00366278,-0.00140594,4.33681e-13,0,1.04083e-11,-2,-0.00225347,-0.00882241,-0.00170182,-0.000718901,-8.89815e-06,0,0,0.0191277,0.741154,0.0183967,0.0507252,-0.0163569,-0.0100428,0.0248972,1.04083e-11,0,3.46945e-12,-0.158365,0.0829221,0.0108862,0.00267505,0.00175119,-7.70444e-05,0,0,-0.0777935,-0.00693316,0.485264,-0.0124858,-0.00511682,0.00807057,-0.00227888,1.73472e-12,0,0,-1.52334,0.00520902,0.0416032,0.00461184,-0.000555376,-7.78133e-05,0,0,0.0156032,-0.0645497,-0.00902072,0.640377,0.012367,0.0551298,0.00573319,6.93889e-12,0,-3.46945e-12,0.847947,0.0415571,0.0081455,-0.034099,-0.0267903,0.000974634,0,0,0.109634,0.0372747,-0.049301,0.157093,0.374701,-0.0337212,0.0175182,-1.73472e-12,0,2.08167e-11,-1.50607,0.00455276,-0.0414575,-0.0311981,0.0297173,0.00121564,0,0,0.0465879,-0.0678055,0.088285,0.58975,-0.039468,0.414564,0.000654686,6.93889e-12,0,-4.11997e-12,-0.185102,0.00231753,0.00271613,0.00214955,0.00366899,0.0015166,0,0,-0.0250973,-0.00795352,-0.0284864,-0.00352278,0.0209414,-0.00620948,0.0675568,2.1684e-13,0,0,0,0,0,0,0,0,0,0,0,0,0,0,0,0,0,0.905991,-4.56392e-09,0,1.20024e-12,-1.20024e-12,0,0,0,1.20024e-12,0,0,0,0,0,0,0,0,0,-4.56362e-09,0.905991,
-3.51505e-07,-0.283107,0.0112917,-0.001205,0.000944005,0.000517797,-2.52254e-05,0,0,0.549482,-0.0124379,-0.0775723,0.0132866,0.0104633,0.0036629,-0.0014041,0,0,-7.37396e-08,-2,-0.00220325,-0.00893267,-0.00172502,-0.000737631,-9.86578e-06,0,0,0.0191466,0.741148,0.0184187,0.0507721,-0.0163631,-0.0100695,0.0249008,-1.38778e-11,0,-4.14647e-07,-0.158591,0.0828029,0.0108356,0.00275252,0.00176424,-7.56532e-05,0,0,-0.07779,-0.00694089,0.485471,-0.0124828,-0.00509622,0.00807412,-0.00227818,0,0,1.57444e-07,-1.5242,0.00523467,0.0413558,0.00460219,-0.00058039,-7.64145e-05,0,0,0.0156278,-0.0645931,-0.00901073,0.640402,0.0123588,0.0551171,0.00573845,0,0,-3.08216e-06,0.84832,0.0418059,0.0081475,-0.0344206,-0.0269248,0.000939039,0,0,0.109694,0.0372924,-0.0490591,0.157033,0.374758,-0.0337101,0.0175065,1.73472e-12,0,5.80272e-07,-1.50433,0.00465856,-0.0413132,-0.0313547,0.0291592,0.0012635,0,0,0.046607,-0.0677241,0.0883337,0.589691,-0.0394581,0.414573,0.000646695,-6.93889e-12,0,7.8656e-08,-0.185232,0.00225827,0.00269415,0.0022283,0.0036951,0.00152775,0,0,-0.0250962,-0.00796002,-0.0284876,-0.00350929,0.0209303,-0.00621115,0.067558,-4.33681e-13,0,-2.40048e-12,-1.20024e-12,0,-1.20024e-12,0,2.40048e-12,0,0,0,0,0,0,0,0,0,0,0.905991,-4.51621e-09,-2.40048e-12,-1.20024e-12,1.20024e-12,-1.20024e-12,0,2.40048e-12,0,0,0,0,0,0,0,0,0,0,-4.51681e-09,0.905991,
1.73472e-12,-0.283505,0.0109898,-0.00127614,0.000965358,0.000512739,-2.68043e-05,0,0,0.54949,-0.0124558,-0.0775667,0.0133081,0.0104674,0.00366299,-0.00140232,0,0,-3.46945e-12,-2,-0.00217235,-0.00900522,-0.00174343,-0.0007501,-1.06665e-05,0,0,0.0191657,0.741141,0.0184413,0.0508192,-0.0163691,-0.0100961,0.0249041,0,0,8.67362e-12,-0.158811,0.0827208,0.0108051,0.0028208,0.00177538,-7.49526e-05,0,0,-0.077785,-0.00694834,0.485671,-0.0124801,-0.00507506,0.00807769,-0.00227745,0,0,-6.93889e-12,-1.52504,0.00524956,0.0412039,0.00459486,-0.000602107,-7.50943e-05,0,0,0.0156524,-0.064637,-0.00900053,0.640426,0.0123504,0.0551039,0.00574367,0,0,-1.38778e-11,0.848702,0.0419825,0.0081591,-0.0346714,-0.0270173,0.000907781,0,0,0.109756,0.0373086,-0.0488173,0.156974,0.374817,-0.0336983,0.0174938,0,0,1.38778e-11,-1.50256,0.00472578,-0.041231,-0.0314753,0.0287773,0.00130044,0,0,0.0466266,-0.0676441,0.0883826,0.589633,-0.0394477,0.414582,0.00063856,0,0,-1.21431e-11,-0.185362,0.00221871,0.00267884,0.00228647,0.00371361,0.00153666,0,0,-0.0250953,-0.00796597,-0.028489,-0.0034961,0.0209191,-0.00621314,0.0675593,0,0,0,1.20024e-12,-1.20024e-12,0,0,0,0,0,0,0,0,0,0,0,0,0,0.905991,-4.34637e-09,0,-1.20024e-12,1.20024e-12,0,0,1.20024e-12,-1.20024e-12,0,0,0,0,0,0,0,0,0,-4.34607e-09,0.905991,
-8.67362e-13,-0.283893,0.0107771,-0.00132456,0.000984802,0.000508912,-2.73979e-05,0,0,0.549498,-0.0124732,-0.0775638,0.013329,0.0104717,0.00366305,-0.00140059,0,0,-1.04083e-11,-2,-0.00215679,-0.00904911,-0.00175817,-0.000757864,-1.1116e-05,0,0,0.019185,0.741135,0.0184646,0.0508665,-0.016375,-0.0101226,0.0249073,0,0,-1.73472e-12,-0.159029,0.0826667,0.0107877,0.00287823,0.00178334,-7.36524e-05,0,0,-0.0777798,-0.00695562,0.485865,-0.0124776,-0.00505339,0.00808131,-0.0022767,0,0,1.38778e-11,-1.52587,0.00525685,0.041127,0.00459023,-0.000620065,-7.43049e-05,0,0,0.0156771,-0.0646813,-0.00899014,0.64045,0.0123419,0.0550902,0.00574885,0,0,-6.93889e-12,0.849084,0.042091,0.00815852,-0.0348772,-0.027088,0.000889124,0,0,0.10982,0.0373236,-0.0485756,0.156913,0.374879,-0.033686,0.0174805,0,0,-1.04083e-10,-1.50077,0.00476518,-0.0411932,-0.031564,0.0285368,0.00132664,0,0,0.0466465,-0.0675651,0.0884316,0.589577,-0.039437,0.414592,0.000630308,0,0,-8.67362e-12,-0.185492,0.00219494,0.00266929,0.00232818,0.00372632,0.00154344,0,0,-0.0250945,-0.00797151,-0.0284904,-0.0034831,0.0209078,-0.00621539,0.0675607,0,0,0,-1.20024e-12,1.20024e-12,0,-1.20024e-12,2.40048e-12,2.40048e-12,0,0,0,0,0,0,0,0,0,0.905991,4.09462e-09,0,1.20024e-12,-1.20024e-12,0,1.20024e-12,-1.20024e-12,0,1.14023e-10,0,0,0,0,0,0,0,0,4.09432e-09,0.905991,
-8.67362e-13,-0.284275,0.0106379,-0.00135257,0.00100332,0.000507337,-2.81137e-05,0,0,0.549505,-0.0124903,-0.0775637,0.0133495,0.0104762,0.00366307,-0.00139887,0,0,-1.04083e-11,-2,-0.00215263,-0.00907072,-0.00176964,-0.000761686,-1.14731e-05,0,0,0.0192044,0.741129,0.0184885,0.0509139,-0.0163808,-0.0101491,0.0249103,0,0,-3.46945e-12,-0.159245,0.0826363,0.0107831,0.00292719,0.0017902,-7.29742e-05,0,0,-0.0777753,-0.00696285,0.486053,-0.0124752,-0.00503126,0.00808496,-0.00227594,0,0,1.38778e-11,-1.5267,0.00525777,0.0411059,0.00458731,-0.000635177,-7.35433e-05,0,0,0.0157017,-0.0647254,-0.00897958,0.640473,0.0123332,0.0550761,0.00575401,0,0,-1.56125e-11,0.84946,0.0421608,0.00817073,-0.035035,-0.0271305,0.00087273,0,0,0.109885,0.037338,-0.0483341,0.156853,0.374943,-0.0336733,0.0174666,0,0,-5.55112e-11,-1.49895,0.00478074,-0.0411932,-0.0316293,0.0284044,0.00134561,0,0,0.0466663,-0.0674868,0.0884809,0.589522,-0.0394259,0.414604,0.00062196,0,0,-6.50521e-13,-0.18562,0.002183,0.00266363,0.00235635,0.00373419,0.00154866,0,0,-0.0250938,-0.00797674,-0.0284919,-0.00347022,0.0208964,-0.00621784,0.067562,0,0,0,0,-1.20024e-12,1.20024e-12,-2.40048e-12,-1.20024e-12,1.20024e-12,0,0,0,0,0,0,0,0,0,0.905991,3.9809e-09,0,0,-1.20024e-12,1.20024e-12,-1.20024e-12,0,1.20024e-12,0,0,0,0,0,0,0,0,0,3.9806e-09,0.905991,
1.73472e-12,-0.28465,0.010555,-0.00136699,0.00101997,0.000506601,-2.86369e-05,0,0,0.549513,-0.0125072,-0.0775665,0.0133698,0.0104808,0.00366304,-0.00139718,8.67362e-13,-8.67362e-13,0,-2,-0.00215741,-0.00907625,-0.00177859,-0.000762676,-1.1695e-05,0,0,0.019224,0.741123,0.018513,0.0509614,-0.0163865,-0.0101755,0.0249133,1.21431e-11,-1.21431e-11,1.38778e-11,-0.159457,0.082622,0.0107855,0.00296774,0.00179504,-7.24677e-05,0,0,-0.0777723,-0.00697008,0.486238,-0.0124728,-0.00500874,0.00808866,-0.00227518,0,0,-1.38778e-11,-1.52752,0.00525493,0.0411272,0.00458607,-0.000647286,-7.29425e-05,0,0,0.0157264,-0.0647693,-0.00896885,0.640497,0.0123244,0.0550618,0.00575915,6.93889e-12,-6.93889e-12,3.98986e-11,0.849849,0.0421845,0.00817368,-0.0351596,-0.0271595,0.000860797,0,0,0.109951,0.0373518,-0.0480925,0.156793,0.375009,-0.0336603,0.0174524,-1.73472e-12,1.73472e-12,1.38778e-11,-1.49711,0.00478166,-0.0412178,-0.0316751,0.0283561,0.00135826,0,0,0.0466861,-0.0674092,0.0885306,0.589467,-0.0394146,0.414615,0.000613536,0,0,9.54098e-12,-0.185749,0.00218046,0.00266141,0.00237391,0.0037385,0.00155254,0,0,-0.025093,-0.00798175,-0.0284935,-0.00345741,0.0208848,-0.00622044,0.0675634,4.33681e-13,-4.33681e-13,0,3.60072e-12,3.60072e-12,3.60072e-12,1.20024e-12,0,2.40048e-12,0,0,0,0,0,0,0,0,0,0.905991,3.9701e-09,0,0,0,0,0,0,0,0,0,0,0,0,0,0,0,0,3.9707e-09,0.905991,
1.73472e-12,-0.285022,0.0105177,-0.00137034,0.00103574,0.000507149,-2.86367e-05,0,0,0.54952,-0.0125238,-0.0775722,0.0133899,0.0104856,0.00366298,-0.00139549,0,-8.67362e-13,-3.46945e-12,-2,-0.0021684,-0.00907003,-0.00178533,-0.000761411,-1.17321e-05,0,0,0.0192437,0.741117,0.0185379,0.051009,-0.0163922,-0.0102019,0.0249162,0,-1.38778e-11,1.21431e-11,-0.15967,0.0826215,0.0107941,0.00300211,0.00179901,-7.16713e-05,0,0,-0.0777712,-0.00697738,0.486419,-0.0124704,-0.00498588,0.00809241,-0.00227441,0,0,-2.08167e-11,-1.52834,0.00524881,0.0411789,0.00458574,-0.000657063,-7.26423e-05,0,0,0.0157511,-0.0648128,-0.00895798,0.64052,0.0123155,0.0550473,0.00576429,0,-6.93889e-12,-1.04083e-11,0.850227,0.0421871,0.0081768,-0.0352484,-0.0271729,0.000855728,0,0,0.110018,0.0373653,-0.0478509,0.156732,0.375076,-0.0336471,0.0174378,0,1.73472e-12,2.08167e-11,-1.49527,0.00476949,-0.0412613,-0.0317074,0.0283699,0.00136528,0,0,0.0467057,-0.0673319,0.0885805,0.589412,-0.0394031,0.414628,0.000605051,0,-6.93889e-12,6.50521e-12,-0.185877,0.00218455,0.00266155,0.00238295,0.00373995,0.00155526,0,0,-0.0250922,-0.00798662,-0.0284951,-0.00344461,0.0208731,-0.00622315,0.0675648,0,-4.33681e-13,0,0,-1.20024e-12,-1.20024e-12,-1.20024e-12,1.20024e-12,-1.20024e-12,0,0,0,0,0,0,0,0,0,0.905991,4.05051e-09,0,0,0,0,0,0,0,0,0,0,0,0,0,0,0,0,4.05111e-09,0.905991,
1.73472e-12,-0.28539,0.0105139,-0.00136444,0.00104954,0.000507283,-2.9243e-05,0,0,0.549527,-0.0125402,-0.0775806,0.0134101,0.0104906,0.00366287,-0.0013938,0,0,-1.73472e-12,-2,-0.002184,-0.00905544,-0.00179053,-0.000758795,-1.18389e-05,0,0,0.0192637,0.741112,0.0185633,0.0510565,-0.0163978,-0.0102284,0.024919,0,0,8.67362e-12,-0.159881,0.0826297,0.0108081,0.00302995,0.00180067,-7.18577e-05,0,0,-0.0777725,-0.00698478,0.486598,-0.0124678,-0.00496274,0.00809619,-0.00227363,0,0,-6.93889e-12,-1.52915,0.00524108,0.0412511,0.00458656,-0.00066419,-7.21266e-05,0,0,0.0157758,-0.0648558,-0.00894696,0.640544,0.0123066,0.0550327,0.00576941,0,0,-1.73472e-12,0.850615,0.0421633,0.00818981,-0.0353173,-0.0271869,0.000847151,0,0,0.110085,0.0373788,-0.0476094,0.156671,0.375143,-0.0336338,0.0174231,0,0,-1.38778e-11,-1.49341,0.00475027,-0.0413197,-0.0317281,0.028431,0.0013696,0,0,0.0467249,-0.0672548,0.0886308,0.589356,-0.0393915,0.41464,0.000596518,0,0,-2.1684e-12,-0.186006,0.00219367,0.00266314,0.00238569,0.0037396,0.00155727,0,0,-0.0250912,-0.00799141,-0.0284967,-0.0034318,0.0208613,-0.00622595,0.0675662,0,0,0,0,0,0,0,0,0,0,0,0,0,0,0,0,0,0,0.905991,4.22575e-09,0,0,0,-1.20024e-12,-1.20024e-12,-1.20024e-12,0,0,0,0,0,0,0,0,0,0,4.22605e-09,0.905991,
3.46945e-12,-0.285757,0.0105356,-0.00135383,0.00106217,0.000509396,-2.93837e-05,0,0,0.549534,-0.0125565,-0.0775917,0.0134303,0.0104956,0.00366272,-0.00139211,0,0,-1.38778e-11,-2,-0.00220256,-0.00903581,-0.0017944,-0.000754764,-1.18043e-05,0,0,0.0192838,0.741106,0.0185892,0.051104,-0.0164035,-0.0102548,0.0249218,0,0,2.25514e-11,-0.160092,0.0826445,0.0108236,0.00305303,0.00180329,-7.17058e-05,0,0,-0.0777762,-0.00699232,0.486774,-0.012465,-0.00493937,0.0081,-0.00227286,0,0,6.93889e-12,-1.52997,0.00523222,0.0413375,0.00458797,-0.000670151,-7.18685e-05,0,0,0.0158006,-0.0648983,-0.00893581,0.640567,0.0122976,0.055018,0.00577453,0,0,3.46945e-12,0.850996,0.0421257,0.00819332,-0.035365,-0.0271817,0.000844114,0,0,0.110153,0.0373922,-0.0473678,0.156609,0.375212,-0.0336203,0.0174082,0,0,-6.245e-11,-1.49155,0.00472567,-0.0413848,-0.0317413,0.0285215,0.0013703,0,0,0.0467438,-0.0671779,0.0886813,0.589301,-0.0393797,0.414653,0.000587947,0,0,6.50521e-13,-0.186134,0.00220613,0.00266614,0.00238357,0.00373742,0.00155852,0,0,-0.0250902,-0.00799615,-0.0284983,-0.00341894,0.0208494,-0.00622879,0.0675676,0,0,0,-1.20024e-12,0,0,-1.20024e-12,1.20024e-12,-2.40048e-12,0,0,0,0,0,0,0,0,0,0.905991,-4.51591e-09,0,-1.20024e-12,0,0,0,0,-1.20024e-12,0,0,0,0,0,0,0,0,0,-4.51561e-09,0.905991,
-3.73351e-07,-0.28612,0.0105766,-0.00133896,0.001073,0.000510751,-2.94475e-05,0,0,0.54954,-0.0125727,-0.0776052,0.0134507,0.0105008,0.00366252,-0.0013904,0,0,-7.86298e-08,-2,-0.00222276,-0.00901301,-0.00179743,-0.000750243,-1.17217e-05,0,0,0.019304,0.7411,0.0186153,0.0511516,-0.0164091,-0.0102812,0.0249246,0,0,-4.4164e-07,-0.160301,0.0826647,0.0108413,0.00307131,0.001804,-7.16291e-05,0,0,-0.0777825,-0.00700001,0.486949,-0.0124621,-0.00491579,0.00810385,-0.00227208,0,0,1.67942e-07,-1.53078,0.00522249,0.0414319,0.00459013,-0.000674082,-7.16856e-05,0,0,0.0158255,-0.0649402,-0.00892454,0.640591,0.0122885,0.0550032,0.00577966,0,0,-3.28867e-06,0.851388,0.0420856,0.00820028,-0.0354024,-0.0271822,0.000842876,0,0,0.11022,0.0374057,-0.0471261,0.156548,0.37528,-0.0336068,0.0173933,0,0,6.17513e-07,-1.48968,0.00469665,-0.0414554,-0.0317482,0.028635,0.00136877,0,0,0.0467623,-0.067101,0.088732,0.589244,-0.0393679,0.414666,0.000579348,0,0,8.3487e-08,-0.186263,0.00222055,0.0026698,0.00237808,0.00373446,0.00155926,0,0,-0.0250889,-0.00800088,-0.0285,-0.00340603,0.0208375,-0.00623168,0.067569,0,0,-1.20024e-12,0,0,1.20024e-12,0,0,0,0,0,0,0,0,0,0,0,0,0.905991,-4.66624e-09,0,0,0,0,0,0,0,0,0,0,0,0,0,0,0,0,-4.66474e-09,0.905991,
-3.75335e-07,-0.286484,0.0106296,-0.00132204,0.00108214,0.000512713,-2.98286e-05,0,0,0.549546,-0.0125889,-0.0776209,0.0134712,0.010506,0.00366229,-0.00138868,8.67362e-13,8.67362e-13,-7.90938e-08,-2,-0.00224399,-0.00898888,-0.00179985,-0.000745218,-1.16838e-05,0,0,0.0193245,0.741094,0.0186419,0.0511991,-0.0164147,-0.0103077,0.0249273,2.60209e-11,2.60209e-11,-4.44167e-07,-0.160512,0.0826868,0.0108593,0.00308553,0.00180472,-7.20551e-05,0,0,-0.0777913,-0.00700785,0.487123,-0.0124589,-0.00489205,0.00810772,-0.00227131,1.73472e-12,1.73472e-12,1.68913e-07,-1.5316,0.005213,0.0415302,0.0045929,-0.000676919,-7.13937e-05,0,0,0.0158504,-0.0649815,-0.00891316,0.640614,0.0122795,0.0549884,0.00578478,0,0,-3.30817e-06,0.851772,0.0420337,0.00820414,-0.035433,-0.0271769,0.000839694,0,0,0.110287,0.0374194,-0.0468844,0.156486,0.375349,-0.0335933,0.0173783,-3.46945e-12,-3.46945e-12,6.21003e-07,-1.48782,0.00466739,-0.0415274,-0.0317506,0.0287604,0.00136623,0,0,0.0467803,-0.0670241,0.0887829,0.589187,-0.039356,0.414679,0.000570727,6.93889e-12,6.93889e-12,8.39318e-08,-0.186391,0.00223635,0.00267396,0.00237028,0.00373075,0.0015597,0,0,-0.0250876,-0.00800563,-0.0285016,-0.00339306,0.0208254,-0.00623457,0.0675704,8.67362e-13,8.67362e-13,-2.40048e-12,0,1.20024e-12,-1.20024e-12,0,1.20024e-12,0,1.20024e-12,0,0,0,0,0,0,0,0,0.905991,-4.65574e-09,-1.20024e-12,0,0,0,0,1.20024e-12,0,0,0,0,0,0,0,0,0,0,-4.65574e-09,0.905991,
1.73472e-12,-0.286848,0.0106911,-0.0013031,0.00109084,0.000515196,-2.97938e-05,0,0,0.549552,-0.012605,-0.0776388,0.0134919,0.0105112,0.00366202,-0.00138695,-8.67362e-13,8.67362e-13,0,-2,-0.00226535,-0.00896445,-0.00180165,-0.000739918,-1.15437e-05,0,0,0.019345,0.741088,0.0186687,0.0512466,-0.0164203,-0.0103341,0.0249301,-1.30104e-11,1.30104e-11,1.04083e-11,-0.160723,0.0827106,0.0108785,0.00309767,0.00180559,-7.20841e-05,0,0,-0.0778026,-0.00701585,0.487296,-0.0124556,-0.00486818,0.00811161,-0.00227054,-1.73472e-12,1.73472e-12,0,-1.53241,0.00520359,0.0416287,0.00459563,-0.000678903,-7.13163e-05,0,0,0.0158754,-0.0650223,-0.00890167,0.640638,0.0122704,0.0549736,0.00578991,-6.93889e-12,6.93889e-12,-8.67362e-12,0.852153,0.0419825,0.00821482,-0.03545,-0.0271671,0.000840808,0,0,0.110354,0.0374332,-0.0466425,0.156424,0.375419,-0.0335798,0.0173633,1.73472e-12,-1.73472e-12,-2.77556e-11,-1.48594,0.00463731,-0.0416008,-0.031752,0.0288913,0.00136195,0,0,0.0467979,-0.0669471,0.0888341,0.58913,-0.0393441,0.414692,0.000562088,-6.93889e-12,6.93889e-12,5.85469e-12,-0.186519,0.00225254,0.00267811,0.00236076,0.00372656,0.00155977,0,0,-0.0250861,-0.00801042,-0.0285033,-0.00338002,0.0208133,-0.00623748,0.0675719,-4.33681e-13,4.33681e-13,0,0,0,0,0,3.60072e-12,-3.60072e-12,-5.76116e-11,0,0,0,0,0,0,0,0,0.905991,-4.5048e-09,0,0,1.20024e-12,0,0,-1.20024e-12,2.40048e-12,0,0,0,0,0,0,0,0,0,-4.5048e-09,0.905991,
-1.73472e-12,-0.287212,0.0107581,-0.00128416,0.00109775,0.000516997,-2.89713e-05,0,0,0.549558,-0.0126211,-0.0776585,0.0135128,0.0105165,0.0036617,-0.00138521,0,0,1.12757e-11,-2,-0.00228625,-0.00894085,-0.00180331,-0.000734755,-1.12291e-05,0,0,0.0193657,0.741082,0.0186958,0.051294,-0.0164259,-0.0103606,0.0249328,0,0,-1.21431e-11,-0.160934,0.0827356,0.0108969,0.00310653,0.00180538,-7.1249e-05,0,0,-0.0778162,-0.00702401,0.487468,-0.012452,-0.00484421,0.00811551,-0.00226977,0,0,-6.93889e-12,-1.53323,0.00519432,0.0417255,0.00459892,-0.000679731,-7.16159e-05,0,0,0.0159005,-0.0650626,-0.00889009,0.640661,0.0122613,0.0549587,0.00579504,0,0,1.21431e-11,0.852537,0.0419378,0.00822239,-0.0354688,-0.0271638,0.000849321,0,0,0.110421,0.0374473,-0.0464006,0.156361,0.375488,-0.0335663,0.0173484,0,0,5.55112e-11,-1.48407,0.00460669,-0.0416721,-0.031751,0.0290248,0.00135569,0,0,0.0468151,-0.06687,0.0888853,0.589072,-0.0393321,0.414705,0.000553438,0,0,2.1684e-12,-0.186648,0.00226853,0.00268233,0.00235053,0.00372236,0.00155949,0,0,-0.0250845,-0.00801525,-0.0285049,-0.0033669,0.0208011,-0.00624037,0.0675733,0,0,0,0,0,0,-1.20024e-12,1.20024e-12,0,0,0,0,0,0,0,0,0,0,0.905991,4.25515e-09,0,-1.20024e-12,-1.20024e-12,0,-1.20024e-12,1.20024e-12,-1.20024e-12,0,0,0,0,0,0,0,0,0,4.25455e-09,0.905991,
0,-0.287575,0.0108258,-0.00126548,0.00110449,0.000519574,-2.96439e-05,0,0,0.549564,-0.0126372,-0.07768,0.0135339,0.0105218,0.00366135,-0.00138344,8.67362e-13,-8.67362e-13,-2.60209e-12,-2,-0.00230673,-0.00891866,-0.00180464,-0.000729537,-1.12261e-05,0,0,0.0193865,0.741076,0.0187231,0.0513414,-0.0164315,-0.0103871,0.0249356,1.21431e-11,-1.21431e-11,-5.20417e-12,-0.161146,0.0827589,0.0109147,0.00311439,0.00180596,-7.22318e-05,0,0,-0.077832,-0.00703232,0.48764,-0.0124482,-0.00482015,0.00811943,-0.00226901,0,0,-6.93889e-12,-1.53405,0.00518618,0.0418188,0.00460201,-0.00068026,-7.12593e-05,0,0,0.0159257,-0.0651025,-0.00887841,0.640685,0.0122522,0.054944,0.00580018,0,0,2.25514e-11,0.852921,0.0418843,0.00823014,-0.0354779,-0.0271543,0.000844943,0,0,0.110487,0.0374616,-0.0461586,0.156299,0.375557,-0.0335529,0.0173335,-1.73472e-12,1.73472e-12,0,-1.4822,0.00457932,-0.041741,-0.0317509,0.0291545,0.00135152,0,0,0.0468318,-0.0667928,0.0889367,0.589013,-0.0393202,0.414718,0.000544777,0,0,8.67362e-12,-0.186776,0.00228433,0.00268639,0.00233976,0.00371798,0.00155942,0,0,-0.0250827,-0.00802014,-0.0285065,-0.00335371,0.0207889,-0.00624326,0.0675747,4.33681e-13,-4.33681e-13,0,0,0,0,0,0,0,0,0,0,0,0,0,0,0,0,0.905991,4.15403e-09,0,-1.20024e-12,0,-1.20024e-12,0,-1.20024e-12,2.40048e-12,1.20024e-12,0,0,0,0,0,0,0,0,4.15373e-09,0.905991,
-2.60209e-12,-0.28794,0.0108939,-0.00124715,0.00110967,0.000521371,-2.91656e-05,0,0,0.549569,-0.0126533,-0.077703,0.0135552,0.0105272,0.00366097,-0.00138166,-8.67362e-13,8.67362e-13,1.38778e-11,-2,-0.00232623,-0.0088982,-0.00180606,-0.000724676,-1.098e-05,0,0,0.0194073,0.741069,0.0187505,0.0513888,-0.0164371,-0.0104136,0.0249384,-1.30104e-11,1.30104e-11,-1.38778e-11,-0.161359,0.0827817,0.0109322,0.00311988,0.0018056,-7.18814e-05,0,0,-0.0778499,-0.00704078,0.487811,-0.0124443,-0.00479603,0.00812335,-0.00226824,0,0,1.38778e-11,-1.53488,0.0051786,0.0419074,0.00460551,-0.000679954,-7.1435e-05,0,0,0.0159509,-0.0651419,-0.00886665,0.640708,0.0122431,0.0549292,0.00580533,-6.93889e-12,6.93889e-12,5.20417e-12,0.853301,0.0418366,0.00824144,-0.0354923,-0.0271525,0.000850912,0,0,0.110553,0.0374762,-0.0459165,0.156236,0.375626,-0.0335395,0.0173187,1.73472e-12,-1.73472e-12,-1.38778e-11,-1.48033,0.00455315,-0.0418073,-0.03175,0.0292807,0.0013453,0,0,0.0468481,-0.0667153,0.0889881,0.588953,-0.0393082,0.41473,0.000536109,0,0,-1.38778e-11,-0.186904,0.00229936,0.00269012,0.00232916,0.00371387,0.00155904,0,0,-0.0250808,-0.00802509,-0.0285082,-0.00334046,0.0207767,-0.00624613,0.0675761,-4.33681e-13,4.33681e-13,0,0,0,1.20024e-12,0,-1.20024e-12,0,0,0,0,0,0,0,0,0,0,0.905991,4.16604e-09,0,0,0,1.20024e-12,0,-1.20024e-12,0,0,0,0,0,0,0,0,0,0,4.16634e-09,0.905991,
3.46945e-12,-0.288305,0.0109603,-0.00123027,0.00111493,0.000523117,-2.90617e-05,0,0,0.549575,-0.0126694,-0.0777273,0.0135768,0.0105326,0.00366055,-0.00137987,0,0,1.30104e-12,-2,-0.00234468,-0.00887991,-0.00180732,-0.000720073,-1.08155e-05,0,0,0.0194283,0.741063,0.0187782,0.0514361,-0.0164427,-0.0104401,0.0249411,0,0,1.9082e-11,-0.161572,0.0828031,0.0109483,0.00312513,0.00180524,-7.19917e-05,0,0,-0.0778696,-0.00704938,0.487983,-0.0124402,-0.00477186,0.00812728,-0.00226748,0,0,6.93889e-12,-1.5357,0.00517178,0.0419908,0.00460868,-0.000679279,-7.14521e-05,0,0,0.0159762,-0.0651809,-0.00885481,0.640732,0.0122339,0.0549144,0.00581048,0,0,0,0.853688,0.041792,0.00824955,-0.0354996,-0.0271521,0.00085367,0,0,0.110619,0.037491,-0.0456742,0.156173,0.375695,-0.0335262,0.0173039,0,0,-4.16334e-11,-1.47847,0.00452906,-0.0418693,-0.0317512,0.0294002,0.00133971,0,0,0.046864,-0.0666377,0.0890396,0.588894,-0.0392962,0.414743,0.000527435,0,0,8.67362e-13,-0.187033,0.0023135,0.00269361,0.00231868,0.00370994,0.00155871,0,0,-0.0250787,-0.0080301,-0.0285098,-0.00332713,0.0207644,-0.00624898,0.0675776,0,0,0,0,0,0,0,0,0,0,0,0,0,0,0,0,0,0,0.905991,4.28306e-09,0,0,1.20024e-12,0,-1.20024e-12,-1.20024e-12,0,0,0,0,0,0,0,0,0,0,4.28246e-09,0.905991,
-1.73472e-12,-0.288672,0.011024,-0.00121466,0.00111922,0.000525943,-2.89569e-05,0,0,0.54958,-0.0126855,-0.0777528,0.0135985,0.0105379,0.0036601,-0.00137806,0,0,3.46945e-12,-2,-0.00236199,-0.00886383,-0.00180873,-0.000715523,-1.0655e-05,0,0,0.0194494,0.741057,0.018806,0.0514834,-0.0164484,-0.0104667,0.0249439,0,0,-5.20417e-12,-0.161787,0.0828229,0.0109633,0.00312909,0.0018063,-7.21075e-05,0,0,-0.0778911,-0.00705811,0.488154,-0.0124358,-0.00474765,0.00813121,-0.00226672,0,0,1.38778e-11,-1.53653,0.00516576,0.0420685,0.00461202,-0.000678857,-7.14772e-05,0,0,0.0160015,-0.0652196,-0.0088429,0.640756,0.0122248,0.0548997,0.00581564,0,0,8.67362e-12,0.854067,0.0417511,0.00825782,-0.0355106,-0.027143,0.000856463,0,0,0.110684,0.037506,-0.0454319,0.15611,0.375764,-0.033513,0.0172892,0,0,-2.08167e-11,-1.4766,0.0045072,-0.0419276,-0.031753,0.02951,0.00133426,0,0,0.0468795,-0.06656,0.0890912,0.588833,-0.0392843,0.414756,0.000518756,0,0,9.97466e-12,-0.187161,0.00232667,0.00269676,0.00230876,0.00370599,0.00155838,0,0,-0.0250766,-0.00803517,-0.0285115,-0.00331375,0.0207521,-0.00625181,0.067579,0,0,0,0,0,0,0,0,0,1.20024e-12,0,0,0,0,0,0,0,0,0.905991,-4.51471e-09,0,0,0,0,0,0,0,-1.20024e-12,0,0,0,0,0,0,0,0,-4.51411e-09,0.905991,
-1.73472e-12,-0.289039,0.0110847,-0.00120082,0.00112225,0.000527923,-2.88546e-05,0,0,0.549586,-0.0127016,-0.0777794,0.0136204,0.0105433,0.00365962,-0.00137623,0,1.73472e-12,-2.25514e-11,-2,-0.00237804,-0.00885009,-0.0018104,-0.00071145,-1.05006e-05,0,0,0.0194705,0.74105,0.0188339,0.0515307,-0.0164541,-0.0104932,0.0249467,0,2.51535e-11,-1.73472e-12,-0.162002,0.0828416,0.0109769,0.00313151,0.00180652,-7.22252e-05,0,0,-0.0779142,-0.00706695,0.488326,-0.0124314,-0.00472341,0.00813514,-0.00226596,0,0,6.93889e-12,-1.53736,0.00516034,0.0421407,0.00461567,-0.000677905,-7.15065e-05,0,0,0.016027,-0.065258,-0.00883091,0.64078,0.0122157,0.0548851,0.00582081,0,6.93889e-12,-1.04083e-11,0.854449,0.0417173,0.00826282,-0.0355295,-0.0271424,0.000859209,0,0,0.11075,0.0375213,-0.0451895,0.156047,0.375833,-0.0334998,0.0172746,0,-3.46945e-12,-4.16334e-11,-1.47473,0.00448697,-0.0419814,-0.0317549,0.0296128,0.00132905,0,0,0.0468946,-0.066482,0.0891427,0.588772,-0.0392723,0.414769,0.000510073,0,6.93889e-12,-4.33681e-13,-0.18729,0.00233871,0.00269963,0.00229964,0.00370249,0.00155808,0,0,-0.0250743,-0.0080403,-0.0285131,-0.00330031,0.0207397,-0.00625462,0.0675804,0,4.33681e-13,0,0,0,0,0,0,-2.40048e-12,0,0,0,0,0,0,0,0,0,0.905991,-4.60142e-09,0,0,0,0,-1.20024e-12,1.20024e-12,0,0,0,0,0,0,0,0,0,0,-4.60142e-09,0.905991,
-3.85085e-07,-0.289406,0.0111413,-0.00118805,0.0011264,0.000529431,-2.91423e-05,0,0,0.549591,-0.0127178,-0.0778069,0.0136426,0.0105487,0.0036591,-0.00137439,0,0,-8.14735e-08,-2,-0.00239302,-0.00883847,-0.00181187,-0.000707781,-1.04351e-05,0,0,0.0194917,0.741044,0.0188619,0.051578,-0.0164597,-0.0105198,0.0249495,0,0,-4.57235e-07,-0.162217,0.082858,0.0109898,0.00313534,0.00180638,-7.27992e-05,0,0,-0.0779386,-0.00707591,0.488498,-0.0124268,-0.00469916,0.00813906,-0.00226521,0,0,1.7409e-07,-1.5382,0.00515585,0.0422071,0.00461857,-0.000676662,-7.13629e-05,0,0,0.0160525,-0.0652961,-0.00881886,0.640804,0.0122066,0.0548704,0.00582598,0,0,-3.4113e-06,0.854834,0.0416841,0.00827136,-0.0355361,-0.0271469,0.000858437,0,0,0.110814,0.0375367,-0.0449469,0.155984,0.375901,-0.0334866,0.0172601,0,0,6.38725e-07,-1.47287,0.00446962,-0.0420319,-0.0317609,0.0297078,0.00132477,0,0,0.0469094,-0.0664039,0.0891942,0.588711,-0.0392604,0.414781,0.000501386,0,0,8.61156e-08,-0.187418,0.0023498,0.00270203,0.00229087,0.00369936,0.00155791,0,0,-0.025072,-0.00804549,-0.0285147,-0.00328683,0.0207273,-0.00625741,0.0675818,0,0,-1.20024e-12,0,0,-1.20024e-12,2.40048e-12,1.20024e-12,2.40048e-12,0,0,0,0,0,0,0,0,0,0.905991,-4.53871e-09,-1.20024e-12,0,0,0,0,1.20024e-12,0,0,0,0,0,0,0,0,0,0,-4.53901e-09,0.905991,
-5.20417e-12,-0.289775,0.0111939,-0.00117634,0.00112867,0.000531233,-2.90522e-05,0,0,0.549596,-0.0127341,-0.0778352,0.0136649,0.0105541,0.00365856,-0.00137254,0,0,5.85469e-12,-2,-0.00240687,-0.00882891,-0.00181381,-0.00070435,-1.02964e-05,0,0,0.019513,0.741038,0.01889,0.0516252,-0.0164654,-0.0105464,0.0249523,0,0,-1.56125e-11,-0.162434,0.0828726,0.0110022,0.00313707,0.00180679,-7.2914e-05,0,0,-0.0779643,-0.00708497,0.48867,-0.012422,-0.00467489,0.00814298,-0.00226445,0,0,2.77556e-11,-1.53903,0.00515207,0.0422678,0.0046221,-0.000675526,-7.13922e-05,0,0,0.016078,-0.065334,-0.00880674,0.640828,0.0121975,0.0548558,0.00583116,0,0,8.67362e-12,0.855216,0.0416548,0.00828344,-0.035558,-0.0271496,0.000860921,0,0,0.110879,0.0375524,-0.0447043,0.155921,0.37597,-0.0334736,0.0172456,0,0,-3.46945e-11,-1.471,0.00445444,-0.0420794,-0.0317658,0.0297937,0.00132019,0,0,0.0469239,-0.0663256,0.0892457,0.588649,-0.0392485,0.414794,0.000492696,0,0,-3.46945e-12,-0.187547,0.00235986,0.00270399,0.00228318,0.00369645,0.00155771,0,0,-0.0250695,-0.00805074,-0.0285163,-0.00327329,0.020715,-0.00626018,0.0675832,0,0,0,0,0,0,0,0,0,0,0,0,0,0,0,0,0,0,0.905991,-4.35628e-09,0,0,0,0,0,0,0,0,0,0,0,0,0,0,0,0,-4.35507e-09,0.905991,
0,-0.290145,0.0112419,-0.00116643,0.00113219,0.000532559,-2.85835e-05,0,0,0.549602,-0.0127503,-0.0778642,0.0136873,0.0105595,0.00365799,-0.00137067,0,0,3.68629e-12,-2,-0.00241973,-0.00882144,-0.00181558,-0.00070131,-1.00845e-05,0,0,0.0195343,0.741031,0.0189182,0.0516724,-0.0164711,-0.010573,0.0249552,0,0,-3.46945e-12,-0.162651,0.0828851,0.0110131,0.00314047,0.00180685,-7.25656e-05,0,0,-0.0779911,-0.00709412,0.488842,-0.0124171,-0.00465062,0.00814688,-0.0022637,0,0,1.38778e-11,-1.53987,0.00514913,0.0423234,0.00462486,-0.00067419,-7.15939e-05,0,0,0.0161037,-0.0653717,-0.00879456,0.640852,0.0121884,0.0548412,0.00583635,0,0,-1.73472e-12,0.855597,0.0416258,0.00829222,-0.0355681,-0.0271574,0.000866657,0,0,0.110943,0.0375682,-0.0444616,0.155858,0.376038,-0.0334605,0.0172312,0,0,-6.93889e-12,-1.46914,0.00444194,-0.0421228,-0.0317749,0.029872,0.00131532,0,0,0.046938,-0.0662471,0.0892971,0.588586,-0.0392366,0.414806,0.000484001,0,0,-2.60209e-12,-0.187675,0.00236903,0.00270569,0.0022759,0.0036939,0.00155749,0,0,-0.025067,-0.00805603,-0.028518,-0.00325972,0.0207026,-0.00626293,0.0675846,0,0,0,0,1.20024e-12,1.20024e-12,1.20024e-12,-1.20024e-12,1.20024e-12,-1.14023e-10,0,0,0,0,0,0,0,0,0.905991,4.09222e-09,0,0,0,0,0,0,0,0,0,0,0,0,0,0,0,0,4.09222e-09,0.905991,
8.67362e-13,-0.290517,0.0112864,-0.00115787,0.00113431,0.000534957,-2.85087e-05,0,0,0.549607,-0.0127666,-0.0778938,0.0137099,0.0105648,0.0036574,-0.00136879,-8.67362e-13,0,-1.27936e-11,-2,-0.0024315,-0.00881584,-0.00181775,-0.000698316,-9.96281e-06,0,0,0.0195557,0.741025,0.0189465,0.0517196,-0.0164768,-0.0105997,0.024958,-2.51535e-11,0,1.38778e-11,-0.16287,0.0828965,0.0110232,0.00314243,0.00180839,-7.26701e-05,0,0,-0.0780189,-0.00710336,0.489015,-0.0124121,-0.00462634,0.00815078,-0.00226295,0,0,1.38778e-11,-1.54071,0.00514662,0.0423743,0.00462806,-0.000673384,-7.16176e-05,0,0,0.0161294,-0.0654092,-0.00878233,0.640876,0.0121793,0.0548266,0.00584154,-6.93889e-12,0,2.42861e-11,0.855975,0.0416037,0.0083011,-0.0355904,-0.0271564,0.000868786,0,0,0.111007,0.0375841,-0.0442188,0.155794,0.376106,-0.0334476,0.0172168,3.46945e-12,0,-1.17961e-10,-1.46728,0.00443071,-0.042163,-0.0317835,0.0299407,0.00131146,0,0,0.0469518,-0.0661685,0.0893484,0.588524,-0.0392248,0.414818,0.000475303,-6.93889e-12,0,-6.93889e-12,-0.187804,0.00237719,0.00270706,0.00226962,0.00369138,0.00155741,0,0,-0.0250644,-0.00806136,-0.0285196,-0.00324612,0.0206902,-0.00626566,0.067586,-8.67362e-13,0,0,-1.20024e-12,0,-1.20024e-12,1.20024e-12,0,0,-1.15223e-10,0,0,0,0,0,0,0,0,0.905991,3.9704e-09,0,0,0,-1.20024e-12,1.20024e-12,0,-1.20024e-12,0,0,0,0,0,0,0,0,0,3.9701e-09,0.905991,
8.67362e-13,-0.290888,0.011327,-0.00115057,0.00113625,0.000536112,-2.88294e-05,0,0,0.549612,-0.012783,-0.077924,0.0137327,0.0105702,0.00365678,-0.0013669,0,0,-2.1684e-13,-2,-0.00244235,-0.00881198,-0.00182007,-0.000695841,-9.9315e-06,0,0,0.0195771,0.741018,0.0189748,0.0517668,-0.0164825,-0.0106263,0.0249608,0,0,5.20417e-12,-0.163089,0.0829063,0.0110324,0.00314439,0.00180866,-7.32291e-05,0,0,-0.0780476,-0.00711268,0.489188,-0.012407,-0.00460206,0.00815467,-0.00226219,0,0,0,-1.54155,0.00514468,0.0424207,0.00463119,-0.000672079,-7.14616e-05,0,0,0.0161552,-0.0654466,-0.00877003,0.6409,0.0121702,0.0548121,0.00584673,0,0,6.93889e-12,0.856359,0.0415849,0.00831006,-0.0356145,-0.0271671,0.000867284,0,0,0.111071,0.0376002,-0.043976,0.155731,0.376174,-0.0334347,0.0172025,0,0,-1.38778e-11,-1.46541,0.00442124,-0.0422001,-0.0317936,0.0300041,0.00130859,0,0,0.0469654,-0.0660898,0.0893997,0.588461,-0.0392129,0.414831,0.000466601,0,0,-1.56125e-11,-0.187933,0.00238448,0.00270812,0.00226405,0.00368938,0.00155748,0,0,-0.0250617,-0.00806674,-0.0285212,-0.00323248,0.0206778,-0.00626838,0.0675874,0,0,0,0,0,0,1.20024e-12,-1.20024e-12,0,0,0,0,0,0,0,0,0,0,0.905991,3.95209e-09,0,0,0,1.20024e-12,-1.20024e-12,0,0,0,0,0,0,0,0,0,0,0,3.95209e-09,0.905991,
-3.87211e-07,-0.291262,0.011364,-0.00114522,0.0011388,0.000537576,-2.87718e-05,0,0,0.549617,-0.0127994,-0.0779547,0.0137556,0.0105755,0.00365613,-0.001365,-8.67362e-13,0,-8.21357e-08,-2,-0.00245235,-0.00880984,-0.00182238,-0.000693538,-9.82627e-06,0,0,0.0195986,0.741012,0.0190031,0.0518139,-0.0164883,-0.010653,0.0249636,-1.26852e-11,0,-4.60776e-07,-0.163309,0.0829148,0.0110399,0.00314732,0.00180949,-7.33224e-05,0,0,-0.078077,-0.00712206,0.489361,-0.0124018,-0.00457778,0.00815854,-0.00226144,0,0,1.75582e-07,-1.5424,0.00514323,0.0424634,0.00463388,-0.000670991,-7.14762e-05,0,0,0.016181,-0.0654839,-0.00875768,0.640924,0.0121611,0.0547976,0.00585194,-6.93889e-12,0,-3.44109e-06,0.856736,0.0415692,0.00831223,-0.0356335,-0.0271757,0.00086902,0,0,0.111134,0.0376164,-0.0437331,0.155668,0.376241,-0.0334218,0.0171883,1.73472e-12,0,6.43208e-07,-1.46355,0.00441338,-0.0422333,-0.0318063,0.0300601,0.00130542,0,0,0.0469787,-0.0660109,0.0894508,0.588398,-0.0392011,0.414843,0.000457894,0,0,8.65896e-08,-0.188061,0.00239099,0.00270907,0.00225897,0.00368754,0.00155753,0,0,-0.025059,-0.00807216,-0.0285228,-0.00321882,0.0206653,-0.00627108,0.0675888,-4.33681e-13,0,0,0,0,0,0,0,0,0,0,0,0,0,0,0,0,0,0.905991,4.02441e-09,0,0,0,0,0,0,-1.20024e-12,0,0,0,0,0,0,0,0,0,4.02381e-09,0.905991,
-2.60209e-12,-0.291635,0.0113976,-0.00114018,0.00114084,0.000539356,-2.83348e-05,0,0,0.549623,-0.0128158,-0.0779858,0.0137786,0.0105809,0.00365546,-0.00136309,0,-1.73472e-12,1.00831e-11,-2,-0.00246158,-0.00880897,-0.00182491,-0.000691383,-9.64634e-06,0,0,0.0196201,0.741005,0.0190315,0.0518611,-0.016494,-0.0106796,0.0249665,0,-2.52619e-11,-1.9082e-11,-0.163529,0.0829219,0.0110477,0.00314987,0.00181088,-7.29484e-05,0,0,-0.0781071,-0.00713152,0.489535,-0.0123965,-0.00455351,0.0081624,-0.00226069,0,0,0,-1.54324,0.00514224,0.0425021,0.00463668,-0.000670133,-7.16616e-05,0,0,0.0162069,-0.0655211,-0.00874528,0.640949,0.0121521,0.0547831,0.00585714,0,-6.93889e-12,1.73472e-12,0.857123,0.0415562,0.00832135,-0.0356577,-0.0271821,0.000874012,0,0,0.111198,0.0376328,-0.0434901,0.155604,0.376309,-0.033409,0.0171741,0,3.46945e-12,-6.93889e-12,-1.46169,0.00440696,-0.0422652,-0.0318195,0.0301094,0.00130193,0,0,0.0469917,-0.0659319,0.0895019,0.588334,-0.0391893,0.414855,0.000449183,0,-6.93889e-12,9.1073e-12,-0.18819,0.00239677,0.00270959,0.00225461,0.00368584,0.00155755,0,0,-0.0250562,-0.0080776,-0.0285243,-0.00320513,0.0206529,-0.00627377,0.0675902,0,-8.67362e-13,0,0,0,0,0,0,0,-1.71634e-10,0,0,0,0,0,0,0,0,0.905991,4.18914e-09,0,-1.20024e-12,0,0,0,1.20024e-12,-1.20024e-12,0,0,0,0,0,0,0,0,0,4.18914e-09,0.905991,
-3.46945e-12,-0.29201,0.0114285,-0.00113574,0.00114277,0.000540682,-2.86803e-05,0,0,0.549628,-0.0128323,-0.0780172,0.0138018,0.0105862,0.00365477,-0.00136118,0,0,-3.03577e-12,-2,-0.00247004,-0.00880928,-0.00182757,-0.000689519,-9.63786e-06,0,0,0.0196416,0.740999,0.0190599,0.0519082,-0.0164998,-0.0107063,0.0249693,1.26852e-11,0,-2.42861e-11,-0.16375,0.0829284,0.0110552,0.00315253,0.00181189,-7.34909e-05,0,0,-0.0781379,-0.00714102,0.489708,-0.0123911,-0.00452923,0.00816625,-0.00225993,0,0,-2.08167e-11,-1.54409,0.00514148,0.0425373,0.00463941,-0.000669159,-7.14906e-05,0,0,0.0162329,-0.0655583,-0.00873283,0.640973,0.012143,0.0547686,0.00586236,6.93889e-12,0,6.93889e-12,0.8575,0.0415492,0.00833398,-0.0356836,-0.0271929,0.000871935,0,0,0.111261,0.0376492,-0.043247,0.155541,0.376376,-0.0333962,0.0171599,-1.73472e-12,0,4.85723e-11,-1.45983,0.0044012,-0.0422956,-0.0318339,0.0301538,0.00130003,0,0,0.0470045,-0.0658527,0.0895528,0.58827,-0.0391775,0.414867,0.000440466,6.93889e-12,0,9.1073e-12,-0.188319,0.00240182,0.00270979,0.00225083,0.00368444,0.0015578,0,0,-0.0250533,-0.00808308,-0.0285259,-0.00319143,0.0206405,-0.00627644,0.0675916,4.33681e-13,0,0,-2.40048e-12,-1.20024e-12,2.40048e-12,1.20024e-12,-2.40048e-12,0,0,0,0,0,0,0,0,0,0,0.905991,-4.4643e-09,0,-3.60072e-12,-3.60072e-12,3.60072e-12,0,-3.60072e-12,0,0,0,0,0,0,0,0,0,0,-4.4652e-09,0.905991,
-3.87684e-07,-0.292386,0.0114557,-0.00113257,0.00114463,0.000541172,-2.86456e-05,0,0,0.549633,-0.0128488,-0.0780489,0.013825,0.0105915,0.00365405,-0.00135925,0,0,-8.23621e-08,-2,-0.00247805,-0.00881081,-0.00183034,-0.000688008,-9.55359e-06,0,0,0.0196631,0.740992,0.0190884,0.0519554,-0.0165055,-0.010733,0.0249721,0,0,-4.61962e-07,-0.163972,0.0829328,0.0110618,0.00315531,0.00181206,-7.35664e-05,0,0,-0.0781691,-0.00715059,0.489882,-0.0123857,-0.00450496,0.00817008,-0.00225918,0,0,1.76109e-07,-1.54494,0.00514142,0.0425698,0.00464207,-0.000667895,-7.14906e-05,0,0,0.0162589,-0.0655954,-0.00872033,0.640997,0.0121339,0.0547541,0.00586757,0,0,-3.45202e-06,0.857883,0.0415375,0.00834322,-0.0357109,-0.0272117,0.000873134,0,0,0.111324,0.0376657,-0.0430039,0.155477,0.376444,-0.0333834,0.0171458,0,0,6.44561e-07,-1.45797,0.00439789,-0.0423233,-0.0318493,0.0301946,0.00129776,0,0,0.0470171,-0.0657734,0.0896036,0.588207,-0.0391657,0.414879,0.000431745,0,0,8.6701e-08,-0.188447,0.00240646,0.00270988,0.00224757,0.00368339,0.00155802,0,0,-0.0250504,-0.00808858,-0.0285275,-0.00317771,0.0206281,-0.0062791,0.067593,0,0,0,0,0,0,0,0,0,0,0,0,0,0,0,0,0,0,0.905991,-4.60262e-09,0,0,0,0,0,0,0,-1.15223e-10,0,0,0,0,0,0,0,0,-4.60232e-09,0.905991,
3.87757e-07,-0.292763,0.0114804,-0.0011302,0.00114643,0.000542771,-2.82297e-05,0,0,0.549638,-0.0128654,-0.0780809,0.0138484,0.0105968,0.00365332,-0.00135731,0,-8.67362e-13,8.24348e-08,-2,-0.00248551,-0.00881334,-0.00183323,-0.000686417,-9.39277e-06,0,0,0.0196847,0.740986,0.0191169,0.0520025,-0.0165113,-0.0107597,0.024975,0,-1.2631e-11,4.6225e-07,-0.164195,0.0829364,0.0110679,0.00315822,0.0018137,-7.31743e-05,0,0,-0.0782008,-0.0071602,0.490057,-0.0123801,-0.0044807,0.0081739,-0.00225842,0,0,-1.7622e-07,-1.54579,0.00514168,0.0425997,0.00464467,-0.000667224,-7.16622e-05,0,0,0.016285,-0.0656324,-0.00870777,0.641022,0.0121248,0.0547396,0.00587279,0,-6.93889e-12,3.45491e-06,0.858259,0.0415278,0.00835251,-0.0357396,-0.0272209,0.000877631,0,0,0.111387,0.0376823,-0.0427607,0.155414,0.376511,-0.0333707,0.0171317,0,1.73472e-12,-6.44956e-07,-1.45611,0.0043956,-0.0423492,-0.0318657,0.030229,0.00129511,0,0,0.0470294,-0.0656941,0.0896543,0.588142,-0.0391539,0.414892,0.000423018,0,-6.93889e-12,-8.67175e-08,-0.188576,0.00241059,0.00270977,0.00224479,0.00368225,0.0015582,0,0,-0.0250475,-0.0080941,-0.0285291,-0.00316398,0.0206157,-0.00628176,0.0675944,0,-4.33681e-13,0,-1.20024e-12,1.20024e-12,-1.20024e-12,0,-1.20024e-12,-1.20024e-12,0,0,0,0,0,0,0,0,0,0.905991,-4.58882e-09,0,3.60072e-12,-1.20024e-12,1.20024e-12,0,1.20024e-12,1.20024e-12,0,0,0,0,0,0,0,0,0,-4.58882e-09,0.905991,
3.46945e-12,-0.293141,0.0115039,-0.00112893,0.00114818,0.000543934,-2.78199e-05,0,0,0.549644,-0.012882,-0.0781132,0.0138719,0.0106021,0.00365256,-0.00135537,-1.73472e-12,0,-3.03577e-12,-2,-0.00249225,-0.00881682,-0.00183622,-0.000685058,-9.23713e-06,0,0,0.0197063,0.740979,0.0191454,0.0520496,-0.0165171,-0.0107864,0.0249778,-2.51535e-11,0,1.73472e-11,-0.164418,0.0829404,0.0110731,0.00316126,0.00181493,-7.27766e-05,0,0,-0.0782329,-0.00716986,0.490231,-0.0123745,-0.00445644,0.0081777,-0.00225766,0,0,-6.93889e-12,-1.54665,0.00514168,0.0426275,0.00464721,-0.00066644,-7.18298e-05,0,0,0.0163112,-0.0656695,-0.00869517,0.641046,0.0121157,0.0547252,0.00587802,-6.93889e-12,0,6.93889e-12,0.858639,0.0415301,0.00835839,-0.0357696,-0.0272343,0.00088199,0,0,0.111449,0.0376989,-0.0425175,0.15535,0.376578,-0.033358,0.0171177,3.46945e-12,0,6.93889e-12,-1.45425,0.00439227,-0.042373,-0.0318828,0.0302601,0.00129268,0,0,0.0470416,-0.0656146,0.0897049,0.588078,-0.0391421,0.414904,0.000414285,0,0,8.67362e-13,-0.188704,0.00241399,0.0027096,0.00224244,0.00368135,0.00155842,0,0,-0.0250445,-0.00809965,-0.0285306,-0.00315024,0.0206032,-0.0062844,0.0675958,-8.67362e-13,0,0,0,-2.40048e-12,1.20024e-12,1.20024e-12,-1.20024e-12,0,0,0,0,0,0,0,0,0,0,0.905991,-4.44029e-09,0,0,-1.20024e-12,1.20024e-12,-1.20024e-12,0,0,0,0,0,0,0,0,0,0,0,-4.44029e-09,0.905991,
-1.73472e-12,-0.293519,0.0115241,-0.0011275,0.0011499,0.000545441,-2.85789e-05,0,0,0.549649,-0.0128986,-0.0781456,0.0138954,0.0106074,0.00365178,-0.00135342,0,0,6.50521e-12,-2,-0.00249881,-0.00882092,-0.0018393,-0.000683746,-9.33366e-06,0,0,0.0197279,0.740973,0.0191739,0.0520967,-0.0165228,-0.0108131,0.0249806,0,0,-1.21431e-11,-0.164642,0.0829424,0.0110788,0.00316444,0.00181669,-7.37621e-05,0,0,-0.0782653,-0.00717955,0.490406,-0.0123689,-0.00443218,0.00818149,-0.0022569,0,0,-2.77556e-11,-1.5475,0.00514245,0.0426529,0.0046497,-0.000665893,-7.14642e-05,0,0,0.0163374,-0.0657065,-0.00868252,0.64107,0.0121067,0.0547107,0.00588325,0,0,-1.38778e-11,0.859022,0.0415237,0.00837123,-0.0358007,-0.0272449,0.000875844,0,0,0.111512,0.0377156,-0.0422742,0.155287,0.376645,-0.0333453,0.0171037,0,0,7.63278e-11,-1.45239,0.00439166,-0.0423967,-0.0319007,0.0302871,0.0012924,0,0,0.0470535,-0.065535,0.0897553,0.588014,-0.0391304,0.414916,0.000405546,0,0,5.20417e-12,-0.188833,0.00241726,0.0027091,0.00224046,0.00368048,0.00155894,0,0,-0.0250415,-0.00810521,-0.0285322,-0.00313649,0.0205908,-0.00628704,0.0675972,0,0,0,0,0,0,0,0,0,0,0,0,0,0,0,0,0,0,0.905991,4.19634e-09,0,0,0,0,0,0,0,0,0,0,0,0,0,0,0,0,4.19694e-09,0.905991,
8.67362e-13,-0.293898,0.011543,-0.00112662,0.00115198,0.000545748,-2.81795e-05,0,0,0.549654,-0.0129153,-0.0781783,0.013919,0.0106127,0.00365098,-0.00135146,0,8.67362e-13,-3.52366e-12,-2,-0.00250492,-0.00882568,-0.00184238,-0.000682797,-9.1869e-06,0,0,0.0197496,0.740966,0.0192025,0.0521438,-0.0165286,-0.0108398,0.0249834,0,1.26039e-11,-1.73472e-12,-0.164866,0.0829441,0.0110842,0.0031682,0.00181712,-7.33553e-05,0,0,-0.078298,-0.00718929,0.490581,-0.0123631,-0.00440793,0.00818526,-0.00225614,0,0,-6.93889e-12,-1.54836,0.00514325,0.0426766,0.00465196,-0.000664874,-7.16242e-05,0,0,0.0163637,-0.0657435,-0.00866983,0.641095,0.0120976,0.0546963,0.00588848,0,0,-1.73472e-12,0.859401,0.041522,0.0083841,-0.0358293,-0.0272665,0.000879957,0,0,0.111574,0.0377324,-0.0420309,0.155223,0.376712,-0.0333326,0.0170897,0,-1.73472e-12,-6.93889e-12,-1.45053,0.00439109,-0.0424192,-0.0319198,0.0303131,0.00129036,0,0,0.0470653,-0.0654554,0.0898056,0.587949,-0.0391186,0.414928,0.000396801,0,0,-5.63785e-12,-0.188962,0.00242009,0.00270848,0.00223874,0.00368,0.00155924,0,0,-0.0250385,-0.00811078,-0.0285338,-0.00312273,0.0205784,-0.00628968,0.0675986,0,4.33681e-13,0,0,0,-1.20024e-12,0,-1.20024e-12,0,0,0,0,0,0,0,0,0,0,0.905991,4.09702e-09,0,0,0,2.40048e-12,0,2.40048e-12,0,0,0,0,0,0,0,0,0,0,4.09672e-09,0.905991,
1.73472e-12,-0.294279,0.0115599,-0.0011274,0.00115326,0.000546796,-2.85601e-05,0,0,0.549659,-0.012932,-0.078211,0.0139428,0.0106179,0.00365016,-0.0013495,0,0,-6.24772e-12,-2,-0.00251079,-0.00883127,-0.0018457,-0.000681782,-9.20901e-06,0,0,0.0197713,0.74096,0.0192311,0.0521909,-0.0165344,-0.0108666,0.0249862,0,0,8.67362e-12,-0.165092,0.0829449,0.0110879,0.00317115,0.00181851,-7.38707e-05,0,0,-0.078331,-0.00719906,0.490756,-0.0123573,-0.00438368,0.00818901,-0.00225538,0,0,-2.77556e-11,-1.54921,0.0051444,0.0426994,0.00465454,-0.000664263,-7.14277e-05,0,0,0.0163901,-0.0657805,-0.00865709,0.641119,0.0120885,0.0546818,0.00589372,0,0,2.08167e-11,0.859773,0.0415181,0.00838662,-0.0358657,-0.0272817,0.00087704,0,0,0.111636,0.0377492,-0.0417875,0.15516,0.376779,-0.03332,0.0170757,0,0,4.16334e-11,-1.44866,0.00439176,-0.0424387,-0.0319382,0.0303352,0.00128979,0,0,0.0470768,-0.0653757,0.0898557,0.587885,-0.0391069,0.41494,0.000388049,0,0,1.25767e-11,-0.18909,0.00242271,0.002708,0.00223749,0.00367944,0.00155974,0,0,-0.0250354,-0.00811637,-0.0285353,-0.00310898,0.020566,-0.0062923,0.0676,0,0,0,0,0,0,0,0,-1.20024e-12,0,0,0,0,0,0,0,0,0,0.905991,4.10572e-09,0,0,2.40048e-12,0,-2.40048e-12,2.40048e-12,0,0,0,0,0,0,0,0,0,0,4.10512e-09,0.905991,
-1.73472e-12,-0.29466,0.0115761,-0.00112781,0.00115492,0.000548591,-2.77812e-05,0,0,0.549665,-0.0129487,-0.078244,0.0139666,0.0106232,0.00364932,-0.00134753,0,-8.67362e-13,-1.31188e-11,-2,-0.00251623,-0.00883719,-0.001849,-0.000680688,-8.98653e-06,0,0,0.0197929,0.740953,0.0192597,0.0522381,-0.0165402,-0.0108933,0.024989,0,-1.25767e-11,-8.67362e-12,-0.165317,0.082946,0.0110922,0.00317467,0.00182088,-7.29929e-05,0,0,-0.0783642,-0.00720887,0.490931,-0.0123515,-0.00435943,0.00819275,-0.00225462,0,-1.73472e-12,0,-1.55007,0.00514534,0.0427205,0.0046569,-0.000664055,-7.17582e-05,0,0,0.0164165,-0.0658175,-0.0086443,0.641144,0.0120794,0.0546674,0.00589896,0,0,-2.42861e-11,0.860159,0.041522,0.00839608,-0.0358994,-0.0272903,0.000884424,0,0,0.111698,0.037766,-0.0415441,0.155096,0.376846,-0.0333074,0.0170618,0,1.73472e-12,-2.77556e-11,-1.4468,0.00439163,-0.0424585,-0.0319578,0.0303537,0.00128741,0,0,0.0470882,-0.0652958,0.0899056,0.58782,-0.0390952,0.414952,0.000379291,0,-6.93889e-12,-3.03577e-12,-0.189219,0.00242489,0.00270726,0.0022364,0.00367879,0.00156001,0,0,-0.0250323,-0.00812196,-0.0285368,-0.00309522,0.0205536,-0.00629493,0.0676014,0,-4.33681e-13,0,0,-1.20024e-12,0,0,0,0,-5.76116e-11,0,0,0,0,0,0,0,0,0.905991,4.21465e-09,0,0,1.20024e-12,0,0,0,0,0,0,0,0,0,0,0,0,0,4.21465e-09,0.905991,
-2.60209e-12,-0.295041,0.0115904,-0.00112821,0.00115695,0.000549584,-2.77813e-05,0,0,0.54967,-0.0129655,-0.0782771,0.0139905,0.0106284,0.00364846,-0.00134556,0,0,-3.11708e-13,-2,-0.0025216,-0.00884347,-0.00185227,-0.000679834,-8.9321e-06,0,0,0.0198146,0.740947,0.0192883,0.0522852,-0.016546,-0.01092,0.0249918,0,0,-8.67362e-12,-0.165543,0.0829458,0.0110968,0.00317875,0.00182235,-7.30384e-05,0,0,-0.0783977,-0.00721871,0.491107,-0.0123456,-0.00433518,0.00819647,-0.00225385,0,0,0,-1.55093,0.00514678,0.0427403,0.00465905,-0.00066354,-7.17326e-05,0,0,0.0164429,-0.0658546,-0.00863146,0.641168,0.0120704,0.0546529,0.0059042,0,0,1.21431e-11,0.860538,0.0415199,0.00840904,-0.0359304,-0.0273062,0.000884797,0,0,0.11176,0.0377829,-0.0413006,0.155033,0.376913,-0.0332948,0.0170479,0,0,0,-1.44494,0.00439324,-0.0424783,-0.0319784,0.0303716,0.00128646,0,0,0.0470994,-0.0652159,0.0899555,0.587755,-0.0390834,0.414964,0.000370526,0,0,6.93889e-12,-0.189348,0.00242701,0.00270635,0.00223546,0.00367839,0.00156048,0,0,-0.0250292,-0.00812757,-0.0285384,-0.00308146,0.0205412,-0.00629754,0.0676028,0,0,0,0,1.20024e-12,0,0,-1.20024e-12,1.20024e-12,0,0,0,0,0,0,0,0,0,0.905991,-4.43189e-09,0,-1.20024e-12,-1.20024e-12,0,0,1.20024e-12,-1.20024e-12,0,0,0,0,0,0,0,0,0,-4.43189e-09,0.905991,
-3.87663e-07,-0.295425,0.0116043,-0.00112969,0.00115782,0.000550556,-2.81722e-05,0,0,0.549676,-0.0129823,-0.0783103,0.0140144,0.0106336,0.00364758,-0.00134358,0,0,-8.27083e-08,-2,-0.0025266,-0.00885027,-0.00185583,-0.000679043,-8.96288e-06,0,0,0.0198364,0.74094,0.0193169,0.0523323,-0.0165518,-0.0109468,0.0249946,0,0,-4.63657e-07,-0.165771,0.0829462,0.0111003,0.00318154,0.00182386,-7.35448e-05,0,0,-0.0784313,-0.00722857,0.491283,-0.0123397,-0.00431094,0.00820017,-0.00225308,0,0,1.76907e-07,-1.55179,0.00514796,0.0427596,0.0046617,-0.000663067,-7.15276e-05,0,0,0.0164695,-0.0658917,-0.00861858,0.641193,0.0120613,0.0546384,0.00590944,0,0,-3.46958e-06,0.86091,0.0415255,0.00841508,-0.0359723,-0.0273225,0.000881627,0,0,0.111822,0.0377998,-0.0410572,0.154969,0.376979,-0.0332822,0.017034,0,0,6.46171e-07,-1.44307,0.00439392,-0.0424961,-0.0319974,0.0303878,0.00128626,0,0,0.0471105,-0.065136,0.0900051,0.58769,-0.0390717,0.414976,0.000361754,0,0,8.66915e-08,-0.189476,0.00242878,0.00270554,0.00223497,0.00367806,0.00156106,0,0,-0.025026,-0.00813318,-0.0285399,-0.0030677,0.0205288,-0.00630016,0.0676042,0,0,1.20024e-12,-1.20024e-12,0,-1.20024e-12,0,-2.40048e-12,0,0,0,0,0,0,0,0,0,0,0.905991,-4.51201e-09,2.40048e-12,-2.40048e-12,2.40048e-12,-1.20024e-12,2.40048e-12,-1.20024e-12,0,0,0,0,0,0,0,0,0,0,-4.51171e-09,0.905991,
-3.87607e-07,-0.295808,0.0116166,-0.00113029,0.00115984,0.000551508,-2.85655e-05,0,0,0.549681,-0.0129992,-0.0783436,0.0140384,0.0106388,0.00364668,-0.00134159,0,0,-8.27308e-08,-2,-0.0025316,-0.00885714,-0.00185919,-0.000678307,-8.99584e-06,0,0,0.0198581,0.740934,0.0193455,0.0523794,-0.0165576,-0.0109735,0.0249974,0,0,-4.63822e-07,-0.165998,0.0829453,0.011105,0.0031858,0.00182539,-7.40491e-05,0,0,-0.0784651,-0.00723847,0.491459,-0.0123337,-0.0042867,0.00820385,-0.00225231,0,0,1.76976e-07,-1.55266,0.0051496,0.0427775,0.00466379,-0.000662632,-7.13203e-05,0,0,0.0164961,-0.0659288,-0.00860565,0.641217,0.0120522,0.054624,0.00591469,0,0,-3.47124e-06,0.861296,0.0415246,0.00843156,-0.0360043,-0.0273389,0.00087839,0,0,0.111884,0.0378167,-0.0408136,0.154906,0.377046,-0.0332696,0.0170201,0,0,6.46289e-07,-1.44121,0.0043962,-0.0425152,-0.0320186,0.0304026,0.00128616,0,0,0.0471213,-0.0650559,0.0900546,0.587625,-0.03906,0.414988,0.000352975,0,0,8.66828e-08,-0.189605,0.00243055,0.00270441,0.00223438,0.00367778,0.00156165,0,0,-0.0250229,-0.0081388,-0.0285414,-0.00305394,0.0205164,-0.00630277,0.0676055,0,0,0,0,0,-1.20024e-12,1.20024e-12,0,1.20024e-12,0,0,0,0,0,0,0,0,0,0.905991,-4.45169e-09,0,0,0,0,-1.20024e-12,0,-1.20024e-12,0,0,0,0,0,0,0,0,0,-4.45169e-09,0.905991,
-2.60209e-12,-0.296192,0.0116289,-0.00113189,0.00116109,0.000552057,-2.85734e-05,0,0,0.549686,-0.0130161,-0.078377,0.0140625,0.010644,0.00364576,-0.0013396,0,0,-1.0842e-13,-2,-0.0025363,-0.00886444,-0.00186276,-0.0006777,-8.94794e-06,0,0,0.0198799,0.740928,0.0193741,0.0524265,-0.0165634,-0.0110003,0.0250002,0,0,1.73472e-12,-0.166225,0.0829451,0.0111087,0.0031892,0.00182648,-7.40876e-05,0,0,-0.078499,-0.00724839,0.491635,-0.0123277,-0.00426247,0.00820752,-0.00225154,0,0,0,-1.55352,0.00515095,0.0427951,0.00466621,-0.000662055,-7.1288e-05,0,0,0.0165227,-0.0659659,-0.00859268,0.641242,0.0120431,0.0546095,0.00591995,0,0,-2.77556e-11,0.861675,0.0415313,0.00844111,-0.0360437,-0.0273591,0.000878567,0,0,0.111945,0.0378336,-0.0405701,0.154842,0.377113,-0.033257,0.0170062,0,0,0,-1.43934,0.00439745,-0.0425326,-0.0320388,0.0304169,0.0012855,0,0,0.047132,-0.0649758,0.090104,0.58756,-0.0390483,0.415,0.000344189,0,0,-3.90313e-12,-0.189733,0.002432,0.00270341,0.00223412,0.00367763,0.00156218,0,0,-0.0250197,-0.00814443,-0.028543,-0.00304018,0.020504,-0.00630538,0.0676069,0,0,0,0,0,0,0,0,0,0,0,0,0,0,0,0,0,0,0.905991,4.27646e-09,0,1.20024e-12,1.20024e-12,0,2.40048e-12,0,0,0,0,0,0,0,0,0,0,0,4.27706e-09,0.905991,
-2.60209e-12,-0.296577,0.0116398,-0.00113408,0.00116351,0.000552979,-2.81958e-05,0,0,0.549692,-0.013033,-0.0784105,0.0140867,0.0106492,0.00364482,-0.0013376,0,0,-3.29326e-12,-2,-0.00254103,-0.00887205,-0.00186611,-0.000677048,-8.81886e-06,0,0,0.0199016,0.740921,0.0194028,0.0524737,-0.0165692,-0.011027,0.025003,0,0,-3.46945e-12,-0.166455,0.0829437,0.0111117,0.00319407,0.00182805,-7.36602e-05,0,0,-0.0785331,-0.00725834,0.491811,-0.0123216,-0.00423823,0.00821117,-0.00225077,0,0,4.16334e-11,-1.55439,0.00515273,0.0428123,0.00466808,-0.000661685,-7.14312e-05,0,0,0.0165494,-0.0660031,-0.00857967,0.641267,0.012034,0.054595,0.0059252,0,0,-2.42861e-11,0.862047,0.0415314,0.00844719,-0.036073,-0.027376,0.00088217,0,0,0.112007,0.0378505,-0.0403265,0.154779,0.377179,-0.0332444,0.0169923,0,0,-7.63278e-11,-1.43747,0.00440022,-0.0425488,-0.0320611,0.0304295,0.00128426,0,0,0.0471426,-0.0648956,0.0901532,0.587495,-0.0390366,0.415012,0.000335396,0,0,-4.77049e-12,-0.189862,0.00243352,0.00270244,0.00223371,0.00367744,0.00156263,0,0,-0.0250165,-0.00815005,-0.0285445,-0.00302642,0.0204916,-0.00630799,0.0676083,0,0,0,-1.20024e-12,1.20024e-12,-1.20024e-12,1.20024e-12,-2.40048e-12,1.20024e-12,0,0,0,0,0,0,0,0,0,0.905991,4.23625e-09,0,3.60072e-12,-3.60072e-12,3.60072e-12,-3.60072e-12,2.40048e-12,1.20024e-12,0,0,0,0,0,0,0,0,0,4.23625e-09,0.905991,
0,-0.296962,0.0116505,-0.00113567,0.00116476,0.00055389,-2.78199e-05,0,0,0.549697,-0.01305,-0.0784441,0.0141109,0.0106544,0.00364386,-0.0013356,0,0,-1.29156e-11,-2,-0.00254559,-0.00887968,-0.00186973,-0.00067643,-8.69109e-06,0,0,0.0199234,0.740915,0.0194314,0.0525208,-0.016575,-0.0110538,0.0250057,0,0,1.73472e-12,-0.166683,0.0829425,0.0111156,0.00319759,0.00182964,-7.32308e-05,0,0,-0.0785673,-0.00726832,0.491988,-0.0123155,-0.004214,0.00821481,-0.00224999,0,0,0,-1.55525,0.00515438,0.0428287,0.00467046,-0.000661342,-7.1573e-05,0,0,0.0165762,-0.0660403,-0.0085666,0.641291,0.012025,0.0545805,0.00593046,0,0,0,0.862432,0.0415353,0.00846025,-0.036113,-0.027393,0.000885736,0,0,0.112068,0.0378675,-0.0400829,0.154715,0.377246,-0.0332319,0.0169785,0,0,-2.77556e-11,-1.43561,0.00440252,-0.042566,-0.0320817,0.0304413,0.00128308,0,0,0.0471529,-0.0648154,0.0902022,0.58743,-0.0390249,0.415024,0.000326595,0,0,2.1684e-12,-0.18999,0.00243485,0.00270126,0.00223367,0.00367727,0.00156309,0,0,-0.0250132,-0.00815568,-0.028546,-0.00301267,0.0204792,-0.0063106,0.0676097,0,0,0,-1.20024e-12,1.20024e-12,-1.20024e-12,-1.20024e-12,0,1.20024e-12,0,0,0,0,0,0,0,0,0,0.905991,-4.30947e-09,0,-1.20024e-12,0,0,0,-1.20024e-12,-1.20024e-12,0,0,0,0,0,0,0,0,0,-4.30947e-09,0.905991,
-3.87352e-07,-0.297349,0.0116611,-0.00113779,0.00116601,0.00055479,-2.82203e-05,0,0,0.549703,-0.0130669,-0.0784777,0.0141352,0.0106595,0.00364288,-0.00133359,0,0,-8.28527e-08,-2,-0.00254997,-0.00888756,-0.00187338,-0.000675838,-8.73009e-06,0,0,0.0199452,0.740909,0.0194601,0.0525679,-0.0165808,-0.0110806,0.0250085,0,0,-4.64382e-07,-0.166913,0.0829417,0.011119,0.00320117,0.00183125,-7.37285e-05,0,0,-0.0786016,-0.00727832,0.492164,-0.0123094,-0.00418976,0.00821842,-0.00224921,0,0,1.77261e-07,-1.55612,0.00515589,0.0428448,0.00467282,-0.000661024,-7.13591e-05,0,0,0.016603,-0.0660775,-0.0085535,0.641316,0.0120159,0.054566,0.00593572,0,0,-3.47785e-06,0.862808,0.041543,0.00846983,-0.0361533,-0.0274101,0.000882313,0,0,0.112129,0.0378844,-0.0398392,0.154652,0.377313,-0.0332193,0.0169646,0,0,6.46733e-07,-1.43374,0.00440432,-0.0425823,-0.0321024,0.0304523,0.00128324,0,0,0.0471632,-0.0647351,0.0902511,0.587365,-0.0390132,0.415036,0.000317787,0,0,8.66403e-08,-0.190119,0.00243601,0.00270014,0.00223371,0.00367714,0.00156373,0,0,-0.02501,-0.00816132,-0.0285475,-0.00299892,0.0204668,-0.00631321,0.0676111,0,0,-1.20024e-12,0,1.20024e-12,0,0,-1.20024e-12,-1.20024e-12,0,0,0,0,0,0,0,0,0,0.905991,4.25936e-09,0,0,0,0,-1.20024e-12,0,0,0,0,0,0,0,0,0,0,0,4.25936e-09,0.905991,
3.87292e-07,-0.297737,0.0116713,-0.00114003,0.00116804,0.000555682,-2.82345e-05,0,0,0.549709,-0.013084,-0.0785115,0.0141596,0.0106647,0.00364189,-0.00133158,0,0,8.28662e-08,-2,-0.00255429,-0.00889557,-0.00187689,-0.000675269,-8.68724e-06,0,0,0.019967,0.740902,0.0194888,0.0526151,-0.0165866,-0.0111074,0.0250112,0,0,4.64547e-07,-0.167143,0.0829407,0.0111222,0.00320572,0.00183286,-7.37606e-05,0,0,-0.078636,-0.00728834,0.492341,-0.0123032,-0.00416553,0.00822202,-0.00224843,0,0,-1.77337e-07,-1.55699,0.00515744,0.0428607,0.00467481,-0.000660728,-7.13212e-05,0,0,0.0166299,-0.0661148,-0.00854035,0.641341,0.0120068,0.0545515,0.00594098,0,0,3.47953e-06,0.863183,0.041551,0.00847943,-0.0361869,-0.0274274,0.000882336,0,0,0.112191,0.0379014,-0.0395955,0.154588,0.377379,-0.0332068,0.0169508,0,0,-6.46788e-07,-1.43187,0.00440625,-0.0425982,-0.0321245,0.0304628,0.0012828,0,0,0.0471732,-0.0646547,0.0902998,0.587299,-0.0390015,0.415049,0.000308971,0,0,-8.66126e-08,-0.190247,0.00243711,0.00269899,0.00223365,0.00367703,0.0015643,0,0,-0.0250067,-0.00816695,-0.028549,-0.00298518,0.0204544,-0.00631581,0.0676125,0,0,0,0,0,0,0,0,0,0,0,0,0,0,0,0,0,0,0.905991,-4.32567e-09,-1.20024e-12,0,1.20024e-12,0,0,1.20024e-12,1.20024e-12,0,0,0,0,0,0,0,0,0,-4.32537e-09,0.905991,
-1.73472e-12,-0.298125,0.01168,-0.00114276,0.00116968,0.000556566,-2.78625e-05,0,0,0.549714,-0.013101,-0.0785453,0.014184,0.0106698,0.00364087,-0.00132957,0,8.67362e-13,-2.33103e-12,-2,-0.0025588,-0.00890377,-0.00188049,-0.000674718,-8.56232e-06,0,0,0.0199889,0.740896,0.0195175,0.0526622,-0.0165925,-0.0111341,0.025014,0,1.25767e-11,3.46945e-12,-0.167374,0.0829382,0.0111249,0.00320984,0.00183448,-7.33271e-05,0,0,-0.0786705,-0.00729839,0.492518,-0.0122969,-0.00414129,0.0082256,-0.00224765,0,1.73472e-12,3.46945e-11,-1.55786,0.00515956,0.0428764,0.00467696,-0.00066045,-7.14599e-05,0,0,0.0166569,-0.0661521,-0.00852715,0.641365,0.0119977,0.054537,0.00594624,0,0,1.04083e-11,0.863561,0.0415486,0.00848556,-0.0362241,-0.0274446,0.000885813,0,0,0.112252,0.0379184,-0.0393518,0.154525,0.377446,-0.0331942,0.016937,0,-3.46945e-12,-1.38778e-11,-1.42999,0.00441022,-0.0426133,-0.032146,0.0304729,0.00128175,0,0,0.0471831,-0.0645743,0.0903484,0.587234,-0.0389898,0.415061,0.000300148,0,0,-7.37257e-12,-0.190376,0.00243841,0.00269791,0.00223374,0.00367693,0.00156479,0,0,-0.0250034,-0.00817259,-0.0285505,-0.00297144,0.020442,-0.00631842,0.0676138,0,4.33681e-13,0,0,-1.20024e-12,0,0,1.20024e-12,0,-5.64113e-11,0,0,0,0,0,0,0,0,0.905991,4.26746e-09,0,-1.20024e-12,0,0,0,0,0,0,0,0,0,0,0,0,0,0,4.26746e-09,0.905991,
-3.8717e-07,-0.298512,0.0116896,-0.00114558,0.00117172,0.000557444,-2.82657e-05,0,0,0.54972,-0.0131181,-0.0785793,0.0142085,0.010675,0.00363984,-0.00132755,0,0,-8.29301e-08,-2,-0.00256302,-0.00891207,-0.00188403,-0.000674182,-8.60388e-06,0,0,0.0200107,0.74089,0.0195462,0.0527094,-0.0165983,-0.0111609,0.0250167,0,0,-4.64833e-07,-0.167604,0.0829369,0.0111276,0.00321446,0.00183611,-7.38219e-05,0,0,-0.0787052,-0.00730846,0.492695,-0.0122906,-0.00411706,0.00822916,-0.00224686,0,0,1.7749e-07,-1.55873,0.00516116,0.0428919,0.00467892,-0.00066019,-7.12429e-05,0,0,0.0166839,-0.0661895,-0.00851391,0.64139,0.0119886,0.0545225,0.00595151,0,0,-3.4829e-06,0.863947,0.0415568,0.00849169,-0.0362579,-0.027462,0.000882307,0,0,0.112313,0.0379353,-0.0391081,0.154462,0.377512,-0.0331817,0.0169231,0,0,6.4701e-07,-1.42812,0.00441234,-0.0426282,-0.0321683,0.0304825,0.00128203,0,0,0.0471929,-0.0644938,0.0903968,0.587168,-0.0389781,0.415073,0.000291318,0,0,8.65983e-08,-0.190504,0.0024394,0.00269681,0.0022338,0.00367685,0.00156546,0,0,-0.0250001,-0.00817823,-0.0285519,-0.0029577,0.0204297,-0.00632102,0.0676152,0,0,0,-2.40048e-12,0,1.20024e-12,2.40048e-12,-1.20024e-12,0,0,0,0,0,0,0,0,0,0,0.905991,-4.32717e-09,0,1.20024e-12,0,0,-1.20024e-12,1.20024e-12,0,0,0,0,0,0,0,0,0,0,-4.32807e-09,0.905991,
1.73472e-12,-0.298902,0.011699,-0.00114809,0.00117337,0.000558318,-2.82825e-05,0,0,0.549725,-0.0131352,-0.0786133,0.014233,0.0106801,0.00363878,-0.00132552,0,0,-1.15874e-12,-2,-0.0025672,-0.00892037,-0.00188767,-0.000673659,-8.56312e-06,0,0,0.0200326,0.740883,0.0195749,0.0527565,-0.0166041,-0.0111877,0.0250194,0,0,8.67362e-12,-0.167836,0.0829356,0.0111307,0.00321864,0.00183775,-7.38512e-05,0,0,-0.0787398,-0.00731856,0.492872,-0.0122843,-0.00409283,0.00823271,-0.00224607,0,0,-6.93889e-12,-1.5596,0.00516278,0.0429071,0.00468104,-0.000659944,-7.12025e-05,0,0,0.016711,-0.0662269,-0.00850062,0.641415,0.0119795,0.0545079,0.00595678,0,0,0,0.864322,0.0415652,0.0085013,-0.0362953,-0.0274794,0.000882262,0,0,0.112374,0.0379523,-0.0388643,0.154398,0.377579,-0.0331691,0.0169093,0,0,2.08167e-11,-1.42625,0.00441451,-0.0426436,-0.0321899,0.0304919,0.00128168,0,0,0.0472025,-0.0644133,0.090445,0.587103,-0.0389664,0.415085,0.00028248,0,0,8.67362e-13,-0.190633,0.00244035,0.0026956,0.00223398,0.00367678,0.00156604,0,0,-0.0249967,-0.00818387,-0.0285534,-0.00294397,0.0204173,-0.00632362,0.0676166,0,0,0,-1.20024e-12,0,0,0,0,1.20024e-12,0,0,0,0,0,0,0,0,0,0.905991,4.26476e-09,0,1.20024e-12,0,1.20024e-12,-1.20024e-12,0,-1.20024e-12,0,0,0,0,0,0,0,0,0,4.26446e-09,0.905991,
-3.87059e-07,-0.299292,0.0117078,-0.00114989,0.00117502,0.000559187,-2.79127e-05,0,0,0.549731,-0.0131524,-0.0786473,0.0142576,0.0106852,0.00363771,-0.00132349,0,0,-8.29981e-08,-2,-0.00257144,-0.00892856,-0.00189131,-0.000673145,-8.43986e-06,0,0,0.0200544,0.740877,0.0196036,0.0528037,-0.0166099,-0.0112145,0.0250221,0,0,-4.65121e-07,-0.168068,0.0829338,0.0111346,0.00322285,0.00183939,-7.34148e-05,0,0,-0.0787746,-0.00732867,0.493049,-0.012278,-0.0040686,0.00823623,-0.00224528,0,0,1.77636e-07,-1.56048,0.0051646,0.0429217,0.00468316,-0.000659711,-7.13392e-05,0,0,0.0167381,-0.0662644,-0.00848729,0.64144,0.0119704,0.0544934,0.00596205,0,0,-3.48633e-06,0.864704,0.0415701,0.0085179,-0.0363328,-0.0274967,0.000885688,0,0,0.112435,0.0379693,-0.0386206,0.154335,0.377645,-0.0331566,0.0168955,0,0,6.47267e-07,-1.42438,0.00441738,-0.0426601,-0.0322116,0.030501,0.00128071,0,0,0.0472119,-0.0643327,0.0904931,0.587037,-0.0389547,0.415097,0.000273634,0,0,8.65722e-08,-0.190761,0.00244137,0.00269421,0.00223419,0.00367672,0.00156654,0,0,-0.0249934,-0.00818951,-0.0285549,-0.00293024,0.0204049,-0.00632623,0.067618,0,0,0,0,0,0,0,0,0,0,0,0,0,-3.00061e-13,0,3.00061e-13,0,0,0.905991,-4.31877e-09,0,0,0,0,1.20024e-12,0,1.20024e-12,0,0,0,0,0,0,0,0,0,-4.31877e-09,0.905991,
0,-0.299683,0.0117157,-0.00115252,0.00117628,0.000560439,-2.87046e-05,0,0,0.549737,-0.0131695,-0.0786815,0.0142823,0.0106903,0.00363662,-0.00132145,0,0,9.3648e-12,-2,-0.00257582,-0.00893697,-0.00189505,-0.000672555,-8.56601e-06,0,0,0.0200763,0.740871,0.0196323,0.0528509,-0.0166157,-0.0112413,0.0250248,0,0,-1.04083e-11,-0.168301,0.0829309,0.0111376,0.0032266,0.0018415,-7.43733e-05,0,0,-0.0788095,-0.00733881,0.493227,-0.0122716,-0.00404436,0.00823974,-0.00224449,0,0,-6.93889e-12,-1.56135,0.00516678,0.0429366,0.00468544,-0.000659668,-7.09423e-05,0,0,0.0167653,-0.0663019,-0.00847391,0.641464,0.0119613,0.0544788,0.00596733,0,0,-2.42861e-11,0.865079,0.0415681,0.00852754,-0.0363739,-0.0275107,0.00087864,0,0,0.112496,0.0379863,-0.0383767,0.154271,0.377712,-0.0331441,0.0168817,0,0,2.77556e-11,-1.4225,0.00442159,-0.0426752,-0.0322327,0.0305093,0.0012817,0,0,0.0472212,-0.064252,0.090541,0.586972,-0.038943,0.415109,0.000264781,0,0,5.63785e-12,-0.190889,0.00244253,0.00269298,0.00223452,0.00367659,0.00156731,0,0,-0.02499,-0.00819515,-0.0285563,-0.00291652,0.0203926,-0.00632883,0.0676194,0,0,0,0,1.20024e-12,0,1.20024e-12,-1.20024e-12,2.40048e-12,-1.15223e-10,0,0,0,0,0,0,0,0,0.905991,4.25185e-09,0,0,-1.20024e-12,0,-1.20024e-12,1.20024e-12,-1.20024e-12,1.20024e-12,0,0,0,0,0,0,0,0,4.25185e-09,0.905991,
8.67362e-13,-0.300074,0.0117247,-0.00115596,0.00117793,0.000561302,-2.83357e-05,0,0,0.549743,-0.0131867,-0.0787157,0.014307,0.0106954,0.00363551,-0.00131942,0,0,-9.65618e-12,-2,-0.00257993,-0.0089456,-0.00189871,-0.000672055,-8.44344e-06,0,0,0.0200982,0.740865,0.0196611,0.052898,-0.0166216,-0.0112681,0.0250275,0,0,8.67362e-12,-0.168533,0.0829294,0.0111397,0.00323084,0.00184314,-7.39355e-05,0,0,-0.0788444,-0.00734898,0.493404,-0.0122651,-0.00402013,0.00824324,-0.00224369,0,0,1.38778e-11,-1.56222,0.00516843,0.0429518,0.00468753,-0.000659458,-7.10781e-05,0,0,0.0167925,-0.0663394,-0.00846049,0.641489,0.0119522,0.0544643,0.00597261,0,0,1.73472e-11,0.86546,0.0415766,0.0085302,-0.0364114,-0.0275281,0.000882043,0,0,0.112556,0.0380033,-0.0381329,0.154208,0.377778,-0.0331316,0.0168679,0,0,-4.85723e-11,-1.42062,0.00442389,-0.0426888,-0.0322545,0.0305181,0.00128076,0,0,0.0472303,-0.0641713,0.0905887,0.586906,-0.0389313,0.415122,0.00025592,0,0,-8.23994e-12,-0.191018,0.00244342,0.00269191,0.00223478,0.00367654,0.00156781,0,0,-0.0249866,-0.00820078,-0.0285578,-0.00290281,0.0203802,-0.00633144,0.0676207,0,0,0,0,-1.20024e-12,0,1.20024e-12,0,0,0,0,0,0,0,0,0,0,0,0.905991,-4.30196e-09,0,0,-1.20024e-12,0,1.20024e-12,0,0,0,0,0,0,0,0,0,0,0,-4.30226e-09,0.905991,
0,-0.300467,0.0117335,-0.00115828,0.00117959,0.000561388,-2.83542e-05,0,0,0.549748,-0.013204,-0.0787499,0.0143318,0.0107005,0.00363438,-0.00131737,0,0,-4.87891e-13,-2,-0.00258404,-0.00895401,-0.00190238,-0.000671725,-8.40416e-06,0,0,0.0201201,0.740859,0.0196898,0.0529452,-0.0166274,-0.0112949,0.0250302,0,0,-1.21431e-11,-0.168768,0.0829279,0.0111431,0.00323509,0.00184386,-7.39626e-05,0,0,-0.0788795,-0.00735916,0.493582,-0.0122587,-0.0039959,0.00824671,-0.00224289,0,0,0,-1.5631,0.00517009,0.0429663,0.00468962,-0.000658901,-7.10357e-05,0,0,0.0168198,-0.066377,-0.00844702,0.641514,0.0119431,0.0544497,0.00597789,0,0,5.20417e-12,0.865835,0.041585,0.00854334,-0.0364491,-0.0275525,0.000881948,0,0,0.112617,0.0380202,-0.037889,0.154145,0.377844,-0.0331191,0.0168541,0,0,-2.77556e-11,-1.41874,0.0044262,-0.0427044,-0.0322762,0.0305281,0.00128048,0,0,0.0472393,-0.0640906,0.0906363,0.58684,-0.0389196,0.415134,0.000247051,0,0,-3.46945e-12,-0.191146,0.00244429,0.00269058,0.00223506,0.00367667,0.00156841,0,0,-0.0249832,-0.00820642,-0.0285593,-0.0028891,0.0203678,-0.00633404,0.0676221,0,0,0,-2.40048e-12,1.20024e-12,0,1.20024e-12,-1.20024e-12,0,0,0,0,0,0,0,0,0,0,0.905991,4.23235e-09,0,-1.20024e-12,-1.20024e-12,-1.20024e-12,2.40048e-12,0,0,0,0,0,0,0,0,0,0,0,4.23205e-09,0.905991,
-3.86883e-07,-0.300859,0.0117415,-0.00116102,0.00118124,0.000562633,-2.83729e-05,0,0,0.549754,-0.0132213,-0.0787843,0.0143566,0.0107055,0.00363323,-0.00131532,0,0,-8.31313e-08,-2,-0.0025883,-0.00896254,-0.00190606,-0.000671148,-8.3651e-06,0,0,0.020142,0.740853,0.0197186,0.0529924,-0.0166332,-0.0113217,0.0250329,0,0,-4.65813e-07,-0.169001,0.0829254,0.011146,0.00323936,0.00184597,-7.39892e-05,0,0,-0.0789146,-0.00736937,0.49376,-0.0122522,-0.00397166,0.00825017,-0.00224209,0,0,1.77969e-07,-1.56398,0.00517211,0.042981,0.00469169,-0.000658885,-7.0993e-05,0,0,0.0168472,-0.0664147,-0.00843351,0.641539,0.0119339,0.0544351,0.00598317,0,0,-3.49358e-06,0.866217,0.0415865,0.00855299,-0.0364867,-0.0275664,0.000881845,0,0,0.112678,0.0380372,-0.0376451,0.154081,0.377911,-0.0331065,0.0168403,0,0,6.4778e-07,-1.41687,0.00442983,-0.0427192,-0.0322979,0.030536,0.00128021,0,0,0.0472481,-0.0640098,0.0906837,0.586775,-0.0389079,0.415146,0.000238175,0,0,8.65176e-08,-0.191274,0.00244532,0.00268932,0.00223536,0.00367654,0.001569,0,0,-0.0249798,-0.00821206,-0.0285607,-0.0028754,0.0203555,-0.00633665,0.0676235,0,0,0,2.40048e-12,2.40048e-12,-1.20024e-12,2.40048e-12,0,2.40048e-12,-5.76116e-11,0,0,0,0,0,0,0,0,0.905991,4.27856e-09,0,-2.40048e-12,0,-1.20024e-12,-2.40048e-12,0,-2.40048e-12,0,0,0,0,0,0,0,0,0,4.27826e-09,0.905991,
6.07153e-12,-0.301254,0.0117503,-0.00116379,0.00118329,0.000563489,-2.8005e-05,0,0,0.54976,-0.0132386,-0.0788187,0.0143815,0.0107106,0.00363207,-0.00131327,0,0,-4.36391e-12,-2,-0.00259238,-0.00897109,-0.00190966,-0.000670657,-8.24308e-06,0,0,0.020164,0.740846,0.0197474,0.0530396,-0.0166391,-0.0113485,0.0250356,0,0,3.29597e-11,-0.169237,0.0829238,0.0111489,0.00324409,0.00184762,-7.35496e-05,0,0,-0.0789497,-0.0073796,0.493938,-0.0122456,-0.00394743,0.00825361,-0.00224129,0,0,-2.08167e-11,-1.56486,0.00517378,0.0429957,0.00469358,-0.000658699,-7.1128e-05,0,0,0.0168746,-0.0664523,-0.00841995,0.641564,0.0119248,0.0544205,0.00598846,0,0,1.21431e-11,0.866588,0.041595,0.00856265,-0.0365208,-0.0275837,0.000885231,0,0,0.112738,0.0380542,-0.0374012,0.154018,0.377977,-0.033094,0.0168266,0,0,1.38778e-11,-1.41498,0.00443217,-0.0427339,-0.0323203,0.0305446,0.00127929,0,0,0.0472568,-0.0639289,0.090731,0.586709,-0.0388963,0.415159,0.000229291,0,0,-9.1073e-12,-0.191402,0.00244618,0.00268806,0.00223557,0.0036765,0.00156952,0,0,-0.0249764,-0.0082177,-0.0285621,-0.0028617,0.0203431,-0.00633925,0.0676249,0,0,0,-1.20024e-12,0,1.20024e-12,0,0,0,0,0,0,0,0,0,0,0,0,0.905991,-4.43639e-09,0,0,0,1.20024e-12,0,0,0,0,0,0,0,0,0,0,0,0,-4.43669e-09,0.905991,
1.73472e-12,-0.301647,0.0117582,-0.00116619,0.00118494,0.000564344,-2.87977e-05,0,0,0.549766,-0.0132559,-0.0788532,0.0144065,0.0107156,0.00363088,-0.00131121,0,0,3.57787e-12,-2,-0.00259663,-0.00897959,-0.00191334,-0.000670168,-8.37069e-06,0,0,0.0201859,0.74084,0.0197761,0.0530868,-0.0166449,-0.0113753,0.0250382,0,0,1.21431e-11,-0.169471,0.0829212,0.0111522,0.00324837,0.00184927,-7.45078e-05,0,0,-0.078985,-0.00738985,0.494116,-0.012239,-0.00392319,0.00825703,-0.00224048,0,0,1.38778e-11,-1.56574,0.0051758,0.0430101,0.00469564,-0.00065852,-7.07286e-05,0,0,0.0169021,-0.0664901,-0.00840635,0.641589,0.0119157,0.0544059,0.00599374,0,0,-1.38778e-11,0.866974,0.0415964,0.00857581,-0.0365584,-0.0276011,0.000878124,0,0,0.112798,0.0380712,-0.0371573,0.153955,0.378044,-0.0330815,0.0168128,0,0,-2.77556e-11,-1.4131,0.00443581,-0.0427492,-0.032342,0.0305532,0.00128033,0,0,0.0472653,-0.063848,0.0907781,0.586643,-0.0388846,0.415171,0.000220399,0,0,3.90313e-12,-0.191531,0.0024472,0.00268671,0.00223588,0.00367647,0.00157029,0,0,-0.0249729,-0.00822334,-0.0285636,-0.00284801,0.0203308,-0.00634186,0.0676262,0,0,0,-1.20024e-12,-1.20024e-12,1.20024e-12,-1.20024e-12,0,-1.20024e-12,0,0,0,0,0,0,0,0,0,0.905991,-4.4574e-09,0,0,0,1.20024e-12,0,0,0,0,0,0,0,0,0,0,0,0,-4.4565e-09,0.905991,
1.73472e-12,-0.302043,0.0117665,-0.00116939,0.00118621,0.000565197,-2.80433e-05,0,0,0.549772,-0.0132733,-0.0788878,0.0144315,0.0107207,0.00362967,-0.00130915,0,0,7.02699e-12,-2,-0.0026008,-0.00898826,-0.00191712,-0.000669679,-8.16564e-06,0,0,0.0202079,0.740834,0.0198049,0.053134,-0.0166508,-0.0114022,0.0250409,0,0,0,-0.169707,0.0829191,0.0111546,0.00325218,0.00185091,-7.36011e-05,0,0,-0.0790203,-0.00740012,0.494294,-0.0122324,-0.00389895,0.00826043,-0.00223968,0,0,-3.46945e-11,-1.56662,0.00517765,0.0430248,0.00469787,-0.000658346,-7.10414e-05,0,0,0.0169296,-0.0665279,-0.0083927,0.641614,0.0119066,0.0543913,0.00599903,0,0,8.67362e-12,0.867348,0.0416014,0.00858198,-0.0365995,-0.0276184,0.000885001,0,0,0.112859,0.0380882,-0.0369133,0.153891,0.37811,-0.033069,0.016799,0,0,9.71445e-11,-1.41122,0.0044388,-0.0427631,-0.032363,0.0305617,0.00127878,0,0,0.0472737,-0.063767,0.090825,0.586577,-0.0388729,0.415183,0.0002115,0,0,8.23994e-12,-0.191659,0.00244813,0.00268553,0.00223628,0.00367643,0.00157071,0,0,-0.0249694,-0.00822897,-0.028565,-0.00283432,0.0203184,-0.00634447,0.0676276,0,0,0,0,1.20024e-12,-1.20024e-12,0,-1.20024e-12,1.20024e-12,0,0,0,0,0,0,0,0,0,0.905991,-4.34727e-09,0,0,0,0,0,0,0,0,0,0,0,0,0,0,0,0,-4.34817e-09,0.905991,
-8.67362e-13,-0.302439,0.0117747,-0.00117222,0.00118787,0.000566437,-2.84493e-05,0,0,0.549778,-0.0132907,-0.0789224,0.0144566,0.0107257,0.00362845,-0.00130708,0,0,-3.26616e-12,-2,-0.00260497,-0.00899687,-0.00192081,-0.000669106,-8.21037e-06,0,0,0.0202299,0.740828,0.0198337,0.0531812,-0.0166566,-0.011429,0.0250435,0,0,-1.21431e-11,-0.169944,0.0829169,0.0111574,0.00325647,0.00185303,-7.4093e-05,0,0,-0.0790557,-0.00741042,0.494473,-0.0122257,-0.00387472,0.00826382,-0.00223886,0,0,-1.38778e-11,-1.5675,0.00517949,0.0430394,0.00469992,-0.000658356,-7.08196e-05,0,0,0.0169572,-0.0665657,-0.00837901,0.641639,0.0118975,0.0543766,0.00600433,0,0,-1.04083e-11,0.867723,0.0416062,0.00859165,-0.0366371,-0.0276323,0.000881378,0,0,0.112919,0.0381052,-0.0366693,0.153828,0.378176,-0.0330565,0.0167853,0,0,2.08167e-11,-1.40934,0.0044418,-0.0427776,-0.0323847,0.0305697,0.00127918,0,0,0.0472819,-0.0636859,0.0908718,0.586511,-0.0388612,0.415196,0.000202593,0,0,1.25767e-11,-0.191787,0.00244906,0.00268426,0.00223659,0.0036763,0.0015714,0,0,-0.0249659,-0.00823461,-0.0285664,-0.00282064,0.0203061,-0.00634707,0.067629,0,0,0,0,0,-2.40048e-12,0,0,0,0,0,0,0,0,0,0,0,0,0.905991,4.14263e-09,0,0,0,-2.40048e-12,2.40048e-12,-2.40048e-12,2.40048e-12,0,0,0,0,0,0,0,0,0,4.14203e-09,0.905991,
0,-0.302835,0.011783,-0.00117468,0.00118914,0.000566515,-2.84686e-05,0,0,0.549784,-0.0133081,-0.0789571,0.0144817,0.0107307,0.00362721,-0.00130501,0,0,2.17518e-12,-2,-0.00260913,-0.00900541,-0.00192459,-0.000668783,-8.17192e-06,0,0,0.0202519,0.740822,0.0198625,0.0532284,-0.0166624,-0.0114558,0.0250461,0,0,3.46945e-12,-0.17018,0.0829147,0.0111606,0.00326028,0.00185374,-7.41183e-05,0,0,-0.0790912,-0.00742074,0.494651,-0.012219,-0.00385048,0.00826718,-0.00223805,0,0,0,-1.56838,0.00518133,0.0430538,0.00470213,-0.000657836,-7.07757e-05,0,0,0.0169849,-0.0666036,-0.00836527,0.641663,0.0118883,0.054362,0.00600962,0,0,3.64292e-11,0.868105,0.041611,0.00860483,-0.0366781,-0.0276565,0.000881251,0,0,0.112979,0.0381222,-0.0364253,0.153765,0.378243,-0.033044,0.0167715,0,0,4.16334e-11,-1.40745,0.00444478,-0.0427927,-0.0324057,0.0305795,0.00127893,0,0,0.04729,-0.0636049,0.0909184,0.586445,-0.0388495,0.415208,0.000193678,0,0,4.77049e-12,-0.191915,0.00244999,0.00268289,0.002237,0.00367643,0.001572,0,0,-0.0249624,-0.00824024,-0.0285678,-0.00280697,0.0202938,-0.00634968,0.0676303,0,0,0,-1.20024e-12,2.40048e-12,0,1.20024e-12,-1.20024e-12,1.20024e-12,0,0,0,0,0,0,0,0,0,0.905991,4.06882e-09,0,0,0,0,0,0,0,0,0,0,0,0,0,0,0,0,4.06792e-09,0.905991,
2.60209e-12,-0.303232,0.0117912,-0.00117793,0.00119118,0.00056814,-2.81012e-05,0,0,0.54979,-0.0133256,-0.0789919,0.0145069,0.0107357,0.00362594,-0.00130294,0,0,1.03202e-11,-2,-0.00261331,-0.00901413,-0.00192821,-0.000668127,-8.05018e-06,0,0,0.0202739,0.740816,0.0198914,0.0532756,-0.0166683,-0.0114826,0.0250487,6.77626e-15,6.77626e-15,3.46945e-12,-0.170417,0.0829125,0.011163,0.00326504,0.00185631,-7.36765e-05,0,0,-0.0791268,-0.00743108,0.49483,-0.0122123,-0.00382624,0.00827053,-0.00223723,0,0,0,-1.56927,0.00518317,0.0430685,0.00470398,-0.000658034,-7.09102e-05,0,0,0.0170126,-0.0666415,-0.00835149,0.641688,0.0118792,0.0543473,0.00601492,0,0,6.93889e-12,0.868486,0.0416158,0.00861101,-0.0367121,-0.0276668,0.000884627,0,0,0.113039,0.0381391,-0.0361812,0.153701,0.378309,-0.0330315,0.0167578,0,0,-4.16334e-11,-1.40557,0.00444777,-0.0428065,-0.0324279,0.0305869,0.00127803,0,0,0.0472979,-0.0635237,0.0909648,0.586379,-0.0388379,0.41522,0.000184756,0,0,-1.86483e-11,-0.192044,0.00245092,0.0026817,0.00223723,0.00367622,0.00157251,0,0,-0.0249589,-0.00824588,-0.0285693,-0.0027933,0.0202814,-0.00635229,0.0676317,0,0,0,1.20024e-12,1.20024e-12,0,-1.20024e-12,0,-1.20024e-12,0,0,0,0,0,0,0,0,0,0.905991,4.09852e-09,0,-1.20024e-12,-2.40048e-12,0,2.40048e-12,0,2.40048e-12,0,0,0,0,0,0,0,0,0,4.09822e-09,0.905991,
0,-0.30363,0.0117995,-0.00118041,0.00119283,0.000568991,-2.81206e-05,0,0,0.549796,-0.0133431,-0.0790267,0.0145322,0.0107407,0.00362466,-0.00130086,0,0,-2.05321e-12,-2,-0.00261748,-0.0090227,-0.00193191,-0.000667635,-8.01181e-06,0,0,0.0202959,0.74081,0.0199202,0.0533228,-0.0166741,-0.0115095,0.0250513,0,0,3.46945e-12,-0.170655,0.0829103,0.0111662,0.00326933,0.00185795,-7.37013e-05,0,0,-0.0791624,-0.00744144,0.495008,-0.0122055,-0.003802,0.00827387,-0.00223642,0,0,0,-1.57015,0.005185,0.0430829,0.00470601,-0.000657879,-7.08662e-05,0,0,0.0170404,-0.0666795,-0.00833766,0.641713,0.01187,0.0543327,0.00602022,0,0,0,0.868861,0.0416205,0.0086242,-0.0367496,-0.027684,0.000884498,0,0,0.113099,0.0381561,-0.0359372,0.153638,0.378376,-0.0330191,0.016744,0,0,-1.38778e-11,-1.40368,0.00445074,-0.0428215,-0.0324495,0.0305955,0.00127779,0,0,0.0473056,-0.0634425,0.0910111,0.586313,-0.0388262,0.415233,0.000175826,0,0,-5.20417e-12,-0.192172,0.00245186,0.00268033,0.00223755,0.00367618,0.0015731,0,0,-0.0249554,-0.00825151,-0.0285707,-0.00277963,0.0202691,-0.0063549,0.0676331,0,0,0,0,2.40048e-12,2.40048e-12,0,2.40048e-12,0,0,0,0,0,0,0,0,0,0,0.905991,4.22575e-09,0,0,0,0,0,0,0,0,0,0,0,0,0,0,0,0,4.22545e-09,0.905991,
1.73472e-12,-0.304028,0.0118077,-0.00118368,0.00119449,0.000569454,-2.814e-05,0,0,0.549802,-0.0133606,-0.0790617,0.0145575,0.0107457,0.00362336,-0.00129877,0,0,-6.57975e-12,-2,-0.00262166,-0.00903144,-0.00193562,-0.000667226,-7.97345e-06,0,0,0.0203179,0.740804,0.019949,0.05337,-0.01668,-0.0115363,0.0250539,0,0,3.46945e-12,-0.170893,0.0829081,0.0111685,0.00327361,0.00185913,-7.3726e-05,0,0,-0.0791981,-0.00745183,0.495187,-0.0121986,-0.00377776,0.00827718,-0.00223559,0,0,-2.08167e-11,-1.57104,0.00518684,0.0430976,0.00470802,-0.000657549,-7.08221e-05,0,0,0.0170683,-0.0667175,-0.00832378,0.641738,0.0118609,0.054318,0.00602552,0,0,-1.56125e-11,0.869239,0.0416251,0.00863039,-0.036787,-0.0277047,0.000884366,0,0,0.113159,0.0381731,-0.0356931,0.153575,0.378442,-0.0330066,0.0167303,0,0,1.38778e-11,-1.40179,0.00445371,-0.0428351,-0.0324711,0.0306049,0.00127754,0,0,0.0473132,-0.0633613,0.0910572,0.586247,-0.0388145,0.415245,0.000166888,0,0,3.03577e-12,-0.1923,0.00245279,0.00267914,0.00223786,0.00367622,0.0015737,0,0,-0.0249518,-0.00825714,-0.0285721,-0.00276598,0.0202568,-0.00635751,0.0676345,0,0,0,0,0,0,0,0,0,0,0,0,0,0,0,0,0,0,0.905991,-4.4646e-09,0,0,0,0,0,0,0,0,0,0,0,0,0,0,0,0,-4.4649e-09,0.905991,
0,-0.304428,0.011816,-0.00118619,0.00119575,0.000570304,-2.8546e-05,0,0,0.549808,-0.0133781,-0.0790967,0.0145829,0.0107507,0.00362204,-0.00129669,0,0,1.2265e-12,-2,-0.00262584,-0.00904002,-0.00193941,-0.000666732,-8.01861e-06,0,0,0.0203399,0.740798,0.0199779,0.0534173,-0.0166858,-0.0115632,0.0250565,0,0,-1.73472e-12,-0.171132,0.0829059,0.0111717,0.00327743,0.00186076,-7.4218e-05,0,0,-0.0792339,-0.00746223,0.495366,-0.0121918,-0.00375352,0.00828048,-0.00223477,0,0,-6.93889e-12,-1.57193,0.00518867,0.043112,0.00471021,-0.000657402,-7.05991e-05,0,0,0.0170962,-0.0667556,-0.00830986,0.641763,0.0118518,0.0543033,0.00603083,0,0,-1.73472e-12,0.869617,0.0416297,0.00864359,-0.0368279,-0.0277218,0.000880721,0,0,0.113219,0.0381901,-0.035449,0.153512,0.378508,-0.0329941,0.0167165,0,0,7.63278e-11,-1.3999,0.00445667,-0.04285,-0.0324919,0.0306137,0.00127794,0,0,0.0473207,-0.0632799,0.0911031,0.586181,-0.0388028,0.415258,0.000157942,0,0,6.07153e-12,-0.192428,0.00245373,0.00267777,0.00223826,0.00367617,0.00157439,0,0,-0.0249482,-0.00826277,-0.0285735,-0.00275233,0.0202445,-0.00636012,0.0676358,0,0,0,0,0,0,0,-1.20024e-12,0,0,0,0,0,0,0,0,0,0,0.905991,-4.56362e-09,0,1.20024e-12,0,1.20024e-12,-1.20024e-12,1.20024e-12,-1.20024e-12,0,0,0,0,0,0,0,0,0,-4.56392e-09,0.905991,
3.46945e-12,-0.304828,0.0118239,-0.00118948,0.00119818,0.000571153,-2.81787e-05,0,0,0.549814,-0.0133957,-0.0791317,0.0146083,0.0107556,0.00362071,-0.00129459,0,0,-6.07831e-12,-2,-0.00263012,-0.00904878,-0.00194295,-0.000666236,-7.89686e-06,0,0,0.020362,0.740793,0.0200068,0.0534645,-0.0166917,-0.01159,0.0250591,0,0,1.04083e-11,-0.171371,0.0829032,0.0111739,0.00328265,0.0018624,-7.37748e-05,0,0,-0.0792697,-0.00747266,0.495545,-0.0121849,-0.00372927,0.00828375,-0.00223394,0,0,-2.08167e-11,-1.57282,0.00519067,0.0431267,0.00471186,-0.000657258,-7.07335e-05,0,0,0.0171241,-0.0667937,-0.0082959,0.641788,0.0118426,0.0542886,0.00603613,0,0,-2.42861e-11,0.869995,0.0416307,0.00864978,-0.0368582,-0.027739,0.000884097,0,0,0.113279,0.0382071,-0.0352048,0.153448,0.378574,-0.0329816,0.0167028,0,0,2.77556e-11,-1.39801,0.00446027,-0.0428636,-0.0325147,0.0306225,0.00127705,0,0,0.047328,-0.0631986,0.0911489,0.586115,-0.0387911,0.41527,0.000148989,0,0,-3.90313e-12,-0.192556,0.00245475,0.00267656,0.0022384,0.00367612,0.0015749,0,0,-0.0249446,-0.00826841,-0.0285748,-0.00273868,0.0202321,-0.00636273,0.0676372,0,0,0,-1.20024e-12,0,0,0,0,1.20024e-12,0,0,0,0,0,0,0,0,0,0.905991,-4.51651e-09,0,-1.20024e-12,0,0,0,0,1.20024e-12,0,0,0,0,0,0,0,0,0,-4.51621e-09,0.905991,
-3.86578e-07,-0.305229,0.0118326,-0.00119239,0.00119905,0.000572389,-2.89711e-05,0,0,0.54982,-0.0134134,-0.0791669,0.0146338,0.0107606,0.00361935,-0.00129249,0,0,-8.35181e-08,-2,-0.00263423,-0.00905746,-0.00194683,-0.000665656,-8.02562e-06,0,0,0.0203841,0.740787,0.0200356,0.0535117,-0.0166975,-0.0116169,0.0250617,0,0,-4.67891e-07,-0.171611,0.0829014,0.0111767,0.003286,0.0018645,-7.47349e-05,0,0,-0.0793056,-0.00748312,0.495725,-0.0121779,-0.00370503,0.00828701,-0.00223311,0,0,1.78892e-07,-1.57371,0.00519232,0.0431413,0.00471421,-0.000657296,-7.03313e-05,0,0,0.0171521,-0.0668318,-0.00828189,0.641813,0.0118335,0.0542739,0.00604144,0,0,-3.51537e-06,0.870373,0.0416387,0.00865949,-0.0369025,-0.0277525,0.000876931,0,0,0.113339,0.038224,-0.0349606,0.153385,0.378641,-0.0329691,0.0166891,0,0,6.4964e-07,-1.39612,0.00446256,-0.0428778,-0.0325348,0.0306307,0.0012781,0,0,0.0473351,-0.0631172,0.0911945,0.586048,-0.0387795,0.415283,0.000140028,0,0,8.64699e-08,-0.192684,0.00245561,0.00267528,0.00223887,0.00367598,0.00157566,0,0,-0.024941,-0.00827403,-0.0285762,-0.00272504,0.0202198,-0.00636534,0.0676386,0,0,0,0,0,-1.20024e-12,1.20024e-12,1.20024e-12,0,1.20024e-12,0,0,0,0,0,0,0,0,0.905991,-4.34637e-09,0,0,0,1.20024e-12,-1.20024e-12,-1.20024e-12,0,-1.15223e-10,0,0,0,0,0,0,0,0,-4.34697e-09,0.905991,
0,-0.30563,0.0118413,-0.00119531,0.00120148,0.000572851,-2.89904e-05,0,0,0.549827,-0.013431,-0.0792021,0.0146594,0.0107655,0.00361797,-0.00129039,0,0,4.32326e-12,-2,-0.00263834,-0.00906615,-0.00195037,-0.00066524,-7.98744e-06,0,0,0.0204062,0.740781,0.0200645,0.053559,-0.0167034,-0.0116437,0.0250642,0,0,-5.20417e-12,-0.171851,0.0828996,0.0111793,0.00329121,0.00186566,-7.47594e-05,0,0,-0.0793416,-0.00749359,0.495904,-0.012171,-0.00368079,0.00829026,-0.00223228,0,0,-2.77556e-11,-1.5746,0.00519395,0.0431559,0.00471584,-0.00065698,-7.02866e-05,0,0,0.0171802,-0.0668701,-0.00826783,0.641839,0.0118243,0.0542592,0.00604676,0,0,1.38778e-11,0.870751,0.0416466,0.0086692,-0.0369327,-0.0277731,0.000876789,0,0,0.113398,0.038241,-0.0347165,0.153322,0.378707,-0.0329567,0.0166753,0,0,5.55112e-11,-1.39422,0.00446485,-0.0428919,-0.0325575,0.0306403,0.00127785,0,0,0.0473421,-0.0630357,0.0912399,0.585982,-0.0387678,0.415295,0.00013106,0,0,7.37257e-12,-0.192812,0.00245647,0.00267398,0.002239,0.00367601,0.00157626,0,0,-0.0249374,-0.00827966,-0.0285776,-0.00271141,0.0202075,-0.00636795,0.0676399,0,0,0,-2.40048e-12,0,-2.40048e-12,2.40048e-12,2.40048e-12,2.40048e-12,-1.15223e-10,0,0,0,0,0,0,0,0,0.905991,4.09462e-09,0,0,-1.20024e-12,0,0,0,0,1.20024e-12,0,0,0,0,0,0,0,0,4.09342e-09,0.905991,
3.86543e-07,-0.306032,0.0118492,-0.00119863,0.00120313,0.000573313,-2.82365e-05,0,0,0.549833,-0.0134487,-0.0792373,0.014685,0.0107704,0.00361658,-0.00128828,0,0,8.35943e-08,-2,-0.00264263,-0.00907493,-0.00195409,-0.000664823,-7.78205e-06,0,0,0.0204283,0.740775,0.0200934,0.0536062,-0.0167093,-0.0116706,0.0250668,0,0,4.68322e-07,-0.172092,0.0828968,0.0111816,0.00329549,0.00186682,-7.38472e-05,0,0,-0.0793777,-0.00750409,0.496083,-0.0121639,-0.00365654,0.00829348,-0.00223145,0,0,-1.79072e-07,-1.57549,0.00519595,0.0431706,0.00471783,-0.000656667,-7.06e-05,0,0,0.0172084,-0.0669083,-0.00825372,0.641864,0.0118151,0.0542444,0.00605207,0,0,3.51952e-06,0.871129,0.0416474,0.00867539,-0.0369699,-0.0277936,0.000883686,0,0,0.113458,0.038258,-0.0344722,0.153259,0.378773,-0.0329442,0.0166616,0,0,-6.49897e-07,-1.39233,0.00446842,-0.0429053,-0.0325789,0.0306499,0.00127631,0,0,0.047349,-0.0629542,0.0912852,0.585916,-0.0387561,0.415308,0.000122084,0,0,-8.64317e-08,-0.19294,0.00245751,0.00267278,0.0022393,0.00367604,0.00157668,0,0,-0.0249338,-0.00828529,-0.028579,-0.00269778,0.0201952,-0.00637056,0.0676413,0,0,0,0,1.20024e-12,0,1.20024e-12,0,0,0,0,0,0,0,0,0,0,0,0.905991,3.9803e-09,0,0,1.20024e-12,0,1.20024e-12,0,0,0,0,0,0,0,0,0,0,0,3.9809e-09,0.905991,
-3.86529e-07,-0.306435,0.0118572,-0.00120157,0.00120439,0.000574548,-2.86422e-05,0,0,0.549839,-0.0134664,-0.0792727,0.0147107,0.0107754,0.00361516,-0.00128617,0,0,-8.36368e-08,-2,-0.00264693,-0.00908363,-0.00195789,-0.000664236,-7.82745e-06,0,0,0.0204504,0.740769,0.0201223,0.0536535,-0.0167151,-0.0116974,0.0250693,0,0,-4.68518e-07,-0.172333,0.0828941,0.0111842,0.0032993,0.00186892,-7.43396e-05,0,0,-0.0794139,-0.00751461,0.496263,-0.0121569,-0.0036323,0.00829669,-0.00223061,0,0,1.79176e-07,-1.57638,0.00519794,0.0431852,0.00471998,-0.000656715,-7.03761e-05,0,0,0.0172366,-0.0669466,-0.00823958,0.641889,0.011806,0.0542297,0.00605739,0,0,-3.52159e-06,0.871503,0.0416481,0.00868511,-0.0370105,-0.0278071,0.000880025,0,0,0.113517,0.038275,-0.034228,0.153196,0.37884,-0.0329317,0.0166479,0,0,6.50167e-07,-1.39043,0.00447198,-0.0429193,-0.0325996,0.0306583,0.00127671,0,0,0.0473557,-0.0628726,0.0913303,0.58585,-0.0387445,0.415321,0.0001131,0,0,8.64443e-08,-0.193068,0.00245855,0.00267148,0.00223969,0.00367589,0.00157736,0,0,-0.0249301,-0.00829092,-0.0285803,-0.00268416,0.0201829,-0.00637318,0.0676426,0,0,0,-1.20024e-12,-1.20024e-12,0,-1.20024e-12,0,1.20024e-12,0,0,0,0,0,0,0,0,0,0.905991,3.9704e-09,0,0,1.20024e-12,0,1.20024e-12,0,0,0,0,0,0,0,0,0,0,0,3.9698e-09,0.905991,
-1.73472e-12,-0.306839,0.0118659,-0.00120375,0.00120603,0.000575396,-2.90479e-05,0,0,0.549845,-0.0134842,-0.0793081,0.0147364,0.0107803,0.00361373,-0.00128406,0,0,-8.94467e-12,-2,-0.00265106,-0.00909217,-0.00196161,-0.000663731,-7.87292e-06,0,0,0.0204725,0.740763,0.0201512,0.0537007,-0.016721,-0.0117243,0.0250719,0,0,-1.73472e-12,-0.172575,0.0828922,0.0111878,0.00330357,0.00187054,-7.48323e-05,0,0,-0.0794501,-0.00752515,0.496443,-0.0121498,-0.00360805,0.00829988,-0.00222977,0,0,6.93889e-12,-1.57728,0.00519956,0.0431995,0.00472196,-0.000656586,-7.01521e-05,0,0,0.0172648,-0.066985,-0.00822538,0.641914,0.0117968,0.0542149,0.00606271,0,0,-1.21431e-11,0.871884,0.0416558,0.00870187,-0.0370476,-0.027824,0.000876359,0,0,0.113577,0.0382919,-0.0339837,0.153132,0.378906,-0.0329193,0.0166342,0,0,6.93889e-12,-1.38853,0.00447422,-0.0429346,-0.0326209,0.0306674,0.00127711,0,0,0.0473622,-0.062791,0.0913753,0.585783,-0.0387328,0.415333,0.000104108,0,0,5.63785e-12,-0.193196,0.00245942,0.00267002,0.00223998,0.00367583,0.00157804,0,0,-0.0249264,-0.00829654,-0.0285817,-0.00267055,0.0201706,-0.00637579,0.067644,0,0,0,1.20024e-12,-1.20024e-12,1.20024e-12,0,-1.20024e-12,1.20024e-12,0,0,0,0,0,0,0,0,0,0.905991,4.05051e-09,0,0,0,0,0,-1.20024e-12,0,0,0,0,0,0,0,0,0,0,4.05021e-09,0.905991,
3.86496e-07,-0.307243,0.0118747,-0.00120709,0.00120767,0.00057663,-2.86804e-05,0,0,0.549852,-0.0135019,-0.0793436,0.0147622,0.0107852,0.00361227,-0.00128194,0,0,8.37088e-08,-2,-0.0026552,-0.00910097,-0.00196533,-0.000663141,-7.75104e-06,0,0,0.0204946,0.740758,0.0201801,0.053748,-0.0167268,-0.0117512,0.0250744,0,0,4.68946e-07,-0.172817,0.0828904,0.01119,0.00330784,0.00187263,-7.43875e-05,0,0,-0.0794864,-0.00753572,0.496622,-0.0121426,-0.0035838,0.00830305,-0.00222893,0,0,-1.79336e-07,-1.57817,0.00520119,0.0432143,0.00472392,-0.00065664,-7.02864e-05,0,0,0.0172932,-0.0670234,-0.00821114,0.641939,0.0117876,0.0542001,0.00606803,0,0,3.52583e-06,0.872262,0.0416635,0.00870808,-0.0370847,-0.0278374,0.00087974,0,0,0.113636,0.0383089,-0.0337394,0.153069,0.378972,-0.0329068,0.0166205,0,0,-6.50424e-07,-1.38664,0.00447646,-0.0429479,-0.0326421,0.0306759,0.00127621,0,0,0.0473686,-0.0627093,0.09142,0.585717,-0.0387211,0.415346,9.51085e-05,0,0,-8.64192e-08,-0.193324,0.0024603,0.0026688,0.00224026,0.00367568,0.00157854,0,0,-0.0249228,-0.00830217,-0.028583,-0.00265694,0.0201583,-0.0063784,0.0676454,0,0,0,0,0,0,0,0,1.20024e-12,-5.76116e-11,0,0,0,0,0,0,0,0,0.905991,4.22635e-09,0,0,0,0,0,0,0,0,0,0,0,0,0,0,0,0,4.22665e-09,0.905991,
-2.60209e-12,-0.307648,0.0118824,-0.00121006,0.00120932,0.000577091,-2.86995e-05,0,0,0.549858,-0.0135197,-0.0793792,0.014788,0.0107901,0.0036108,-0.00127981,0,0,5.01444e-13,-2,-0.0026596,-0.0091097,-0.00196905,-0.000662715,-7.71285e-06,0,0,0.0205168,0.740752,0.020209,0.0537953,-0.0167327,-0.011778,0.0250769,0,0,-1.21431e-11,-0.17306,0.0828871,0.0111926,0.00331211,0.00187378,-7.44113e-05,0,0,-0.0795228,-0.00754631,0.496802,-0.0121355,-0.00355955,0.0083062,-0.00222808,0,0,-6.93889e-12,-1.57907,0.00520334,0.0432289,0.00472588,-0.000656338,-7.02415e-05,0,0,0.0173215,-0.0670618,-0.00819685,0.641964,0.0117785,0.0541854,0.00607335,0,0,3.46945e-12,0.872636,0.0416605,0.00871781,-0.0371217,-0.0278578,0.000879596,0,0,0.113695,0.0383259,-0.0334951,0.153006,0.379038,-0.0328943,0.0166068,0,0,4.85723e-11,-1.38474,0.00448064,-0.0429618,-0.0326634,0.0306858,0.00127596,0,0,0.0473748,-0.0626276,0.0914646,0.58565,-0.0387095,0.415358,8.61015e-05,0,0,-4.33681e-13,-0.193452,0.00246144,0.00266751,0.00224055,0.0036757,0.00157914,0,0,-0.024919,-0.00830779,-0.0285844,-0.00264333,0.020146,-0.00638102,0.0676467,0,0,0,0,-1.20024e-12,2.40048e-12,0,2.40048e-12,1.20024e-12,0,0,0,0,0,0,0,0,0,0.905991,-4.51621e-09,0,0,0,1.20024e-12,0,1.20024e-12,1.20024e-12,0,0,0,0,0,0,0,0,0,-4.51501e-09,0.905991,
-3.8647e-07,-0.308054,0.0118912,-0.00121303,0.00121096,0.000577938,-2.87185e-05,0,0,0.549865,-0.0135376,-0.0794148,0.014814,0.0107949,0.00360931,-0.00127768,0,0,-8.37893e-08,-2,-0.00266375,-0.00911843,-0.00197277,-0.000662205,-7.67464e-06,0,0,0.0205389,0.740746,0.020238,0.0538426,-0.0167386,-0.0118049,0.0250794,0,0,-4.69364e-07,-0.173303,0.0828852,0.0111952,0.00331637,0.0018754,-7.4435e-05,0,0,-0.0795592,-0.00755692,0.496982,-0.0121282,-0.0035353,0.00830933,-0.00222724,0,0,1.79516e-07,-1.57996,0.00520496,0.0432435,0.00472783,-0.000656218,-7.01965e-05,0,0,0.01735,-0.0671003,-0.00818252,0.641989,0.0117693,0.0541706,0.00607868,0,0,-3.53004e-06,0.873017,0.041668,0.00872754,-0.0371586,-0.0278746,0.000879452,0,0,0.113754,0.0383429,-0.0332508,0.152943,0.379105,-0.0328819,0.0165931,0,0,6.50896e-07,-1.38284,0.00448286,-0.0429756,-0.0326845,0.0306951,0.0012757,0,0,0.0473809,-0.0625458,0.0915091,0.585584,-0.0386978,0.415371,7.70869e-05,0,0,8.64174e-08,-0.19358,0.00246232,0.0026662,0.00224083,0.00367563,0.00157973,0,0,-0.0249153,-0.00831341,-0.0285857,-0.00262974,0.0201337,-0.00638364,0.0676481,0,0,0,1.20024e-12,0,0,0,-1.20024e-12,0,0,0,0,0,0,0,0,0,0,0.905991,-4.66474e-09,0,0,0,-1.20024e-12,0,0,0,0,0,0,0,0,0,0,0,0,-4.66534e-09,0.905991,
8.67362e-13,-0.30846,0.0118997,-0.00121601,0.0012126,0.000579171,-2.87374e-05,0,0,0.549871,-0.0135555,-0.0794506,0.0148399,0.0107998,0.0036078,-0.00127555,0,0,-1.18178e-11,-2,-0.002668,-0.00912716,-0.00197649,-0.000661608,-7.63646e-06,0,0,0.0205611,0.740741,0.0202669,0.0538898,-0.0167445,-0.0118318,0.0250819,0,0,1.21431e-11,-0.173547,0.0828829,0.0111978,0.00332063,0.00187748,-7.44586e-05,0,0,-0.0795957,-0.00756756,0.497163,-0.012121,-0.00351106,0.00831245,-0.00222639,0,0,0,-1.58086,0.00520675,0.0432582,0.00472978,-0.00065628,-7.01514e-05,0,0,0.0173785,-0.0671389,-0.00816814,0.642015,0.0117601,0.0541558,0.00608401,0,0,0,0.873395,0.0416719,0.00873728,-0.0371955,-0.0278879,0.000879307,0,0,0.113814,0.0383598,-0.0330065,0.15288,0.379171,-0.0328694,0.0165794,0,0,2.08167e-11,-1.38093,0.00448572,-0.0429894,-0.0327057,0.0307038,0.00127545,0,0,0.0473868,-0.0624639,0.0915534,0.585517,-0.0386861,0.415384,6.80646e-05,0,0,1.0842e-11,-0.193708,0.0024633,0.0026649,0.0022411,0.00367546,0.00158032,0,0,-0.0249116,-0.00831903,-0.0285871,-0.00261614,0.0201214,-0.00638625,0.0676495,0,0,0,0,0,0,-1.20024e-12,0,1.20024e-12,0,0,0,0,0,0,0,0,0,0.905991,-4.65544e-09,0,0,0,0,0,0,0,0,0,0,0,0,0,0,0,0,-4.65544e-09,0.905991,
0,-0.308868,0.0119085,-0.00121901,0.00121462,0.000579632,-2.87563e-05,0,0,0.549878,-0.0135734,-0.0794863,0.014866,0.0108047,0.00360627,-0.00127341,0,0,9.56131e-12,-2,-0.00267216,-0.00913591,-0.00198014,-0.000661177,-7.59828e-06,0,0,0.0205833,0.740735,0.0202959,0.0539371,-0.0167503,-0.0118587,0.0250844,0,0,-5.20417e-12,-0.173792,0.082881,0.0112003,0.00332535,0.00187862,-7.44821e-05,0,0,-0.0796323,-0.00757821,0.497343,-0.0121137,-0.0034868,0.00831555,-0.00222553,0,0,-1.38778e-11,-1.58176,0.00520836,0.0432728,0.00473154,-0.000655986,-7.01063e-05,0,0,0.0174071,-0.0671775,-0.00815371,0.64204,0.0117509,0.0541409,0.00608934,0,0,8.67362e-12,0.873773,0.0416793,0.00874702,-0.0372288,-0.0279082,0.000879161,0,0,0.113873,0.0383768,-0.0327621,0.152817,0.379237,-0.032857,0.0165657,0,0,4.85723e-11,-1.37903,0.00448791,-0.0430032,-0.0327274,0.0307139,0.00127519,0,0,0.0473926,-0.062382,0.0915975,0.58545,-0.0386745,0.415397,5.90345e-05,0,0,1.30104e-11,-0.193835,0.00246419,0.0026636,0.00224128,0.00367547,0.0015809,0,0,-0.0249078,-0.00832465,-0.0285884,-0.00260256,0.0201092,-0.00638887,0.0676508,0,0,0,0,0,0,0,0,0,5.76116e-11,0,0,0,0,0,0,0,0,0.905991,-4.5045e-09,0,1.20024e-12,0,0,0,0,-1.20024e-12,0,0,0,0,0,0,0,0,0,-4.50571e-09,0.905991,
3.86426e-07,-0.309275,0.011917,-0.00122239,0.00121626,0.000580478,-2.91616e-05,0,0,0.549884,-0.0135913,-0.0795222,0.0148921,0.0108095,0.00360472,-0.00127127,0,0,8.39158e-08,-2,-0.00267642,-0.00914474,-0.00198386,-0.00066066,-7.64402e-06,0,0,0.0206055,0.740729,0.0203249,0.0539844,-0.0167562,-0.0118855,0.0250868,0,0,4.69975e-07,-0.174037,0.0828786,0.0112024,0.00332961,0.00188023,-7.49754e-05,0,0,-0.079669,-0.00758889,0.497523,-0.0121063,-0.00346255,0.00831863,-0.00222468,0,0,-1.79828e-07,-1.58266,0.00521014,0.0432877,0.00473347,-0.000655874,-6.98813e-05,0,0,0.0174357,-0.0672161,-0.00813924,0.642065,0.0117417,0.0541261,0.00609468,0,0,3.53637e-06,0.87415,0.0416831,0.00875324,-0.0372655,-0.0279249,0.000875478,0,0,0.113931,0.0383938,-0.0325177,0.152754,0.379303,-0.0328445,0.0165521,0,0,-6.5134e-07,-1.37713,0.00449075,-0.0430162,-0.0327485,0.0307233,0.00127559,0,0,0.0473982,-0.0623001,0.0916414,0.585384,-0.0386628,0.415409,4.9997e-05,0,0,-8.64122e-08,-0.193963,0.00246517,0.00266238,0.00224155,0.0036754,0.00158158,0,0,-0.0249041,-0.00833027,-0.0285897,-0.00258898,0.0200969,-0.00639149,0.0676522,0,0,-1.20024e-12,1.20024e-12,0,-1.20024e-12,0,0,-1.20024e-12,0,0,0,0,0,0,0,0,0,0.905991,4.25545e-09,0,1.20024e-12,0,0,0,-1.20024e-12,0,0,0,0,0,0,0,0,0,0,4.25455e-09,0.905991,
-6.93889e-12,-0.309684,0.0119252,-0.00122501,0.00121789,0.000580938,-2.87939e-05,0,0,0.549891,-0.0136093,-0.0795581,0.0149182,0.0108144,0.00360315,-0.00126912,0,0,-3.69984e-12,-2,-0.00268076,-0.00915341,-0.00198759,-0.000660225,-7.52193e-06,0,0,0.0206277,0.740724,0.0203538,0.0540317,-0.0167621,-0.0119124,0.0250893,0,0,-3.98986e-11,-0.174283,0.0828758,0.0112054,0.00333385,0.00188137,-7.45287e-05,0,0,-0.0797058,-0.0075996,0.497704,-0.012099,-0.0034383,0.00832169,-0.00222382,0,0,-1.38778e-11,-1.58356,0.00521209,0.0433022,0.0047354,-0.000655585,-7.00158e-05,0,0,0.0174644,-0.0672548,-0.00812472,0.64209,0.0117326,0.0541113,0.00610002,0,0,-1.04083e-11,0.874524,0.0416833,0.00876653,-0.0373023,-0.0279451,0.000878867,0,0,0.11399,0.0384107,-0.0322732,0.152691,0.379369,-0.0328321,0.0165384,0,0,5.55112e-11,-1.37522,0.00449423,-0.0430306,-0.0327696,0.0307335,0.00127468,0,0,0.0474037,-0.0622181,0.0916852,0.585317,-0.0386511,0.415422,4.09517e-05,0,0,-1.73472e-11,-0.194091,0.00246624,0.00266099,0.00224181,0.0036754,0.00158208,0,0,-0.0249003,-0.00833589,-0.028591,-0.00257541,0.0200846,-0.00639411,0.0676535,0,0,0,0,0,0,0,0,0,5.64113e-11,0,0,0,0,0,0,0,0,0.905991,4.15403e-09,0,-1.20024e-12,0,0,1.20024e-12,3.60072e-12,-2.40048e-12,0,0,0,0,0,0,0,0,0,4.15433e-09,0.905991,
5.20417e-12,-0.310094,0.0119341,-0.00122842,0.00121875,0.000581784,-2.88126e-05,0,0,0.549897,-0.0136273,-0.0795942,0.0149445,0.0108192,0.00360157,-0.00126697,0,0,1.92649e-11,-2,-0.00268494,-0.00916226,-0.00199149,-0.000659704,-7.48374e-06,0,0,0.0206499,0.740718,0.0203828,0.054079,-0.016768,-0.0119393,0.0250918,0,0,1.9082e-11,-0.174529,0.0828739,0.0112075,0.00333716,0.00188297,-7.45519e-05,0,0,-0.0797426,-0.00761033,0.497884,-0.0120916,-0.00341405,0.00832473,-0.00222296,0,0,-2.08167e-11,-1.58447,0.00521369,0.043317,0.00473768,-0.000655478,-6.99705e-05,0,0,0.0174931,-0.0672935,-0.00811016,0.642116,0.0117234,0.0540964,0.00610536,0,0,-1.21431e-11,0.874902,0.0416905,0.00877274,-0.037346,-0.0279618,0.00087872,0,0,0.114049,0.0384277,-0.0320288,0.152628,0.379435,-0.0328197,0.0165247,0,0,5.55112e-11,-1.37331,0.0044964,-0.0430435,-0.0327893,0.0307431,0.00127442,0,0,0.047409,-0.062136,0.0917288,0.58525,-0.0386395,0.415435,3.18988e-05,0,0,4.77049e-12,-0.194219,0.00246715,0.00265976,0.00224224,0.00367532,0.00158267,0,0,-0.0248965,-0.00834151,-0.0285923,-0.00256184,0.0200723,-0.00639673,0.0676549,0,0,0,0,0,-1.20024e-12,0,-1.20024e-12,0,0,0,0,0,0,0,0,0,0,0.905991,4.16544e-09,0,0,0,-1.20024e-12,1.20024e-12,0,1.20024e-12,0,0,0,0,0,0,0,0,0,4.16574e-09,0.905991,
1.73472e-12,-0.310504,0.0119423,-0.00123105,0.00122038,0.00058263,-2.92177e-05,0,0,0.549904,-0.0136453,-0.0796302,0.0149707,0.010824,0.00359996,-0.00126481,0,0,5.69884e-12,-2,-0.0026893,-0.00917095,-0.00199523,-0.000659181,-7.52962e-06,0,0,0.0206722,0.740713,0.0204118,0.0541263,-0.0167738,-0.0119662,0.0250942,0,0,3.46945e-12,-0.174775,0.082871,0.0112105,0.0033414,0.00188457,-7.50457e-05,0,0,-0.0797795,-0.00762108,0.498065,-0.0120841,-0.00338979,0.00832776,-0.00222209,0,0,-2.08167e-11,-1.58537,0.00521564,0.0433315,0.00473959,-0.000655375,-6.9745e-05,0,0,0.017522,-0.0673323,-0.00809555,0.642141,0.0117142,0.0540815,0.0061107,0,0,1.04083e-11,0.875283,0.0416906,0.00878604,-0.0373826,-0.0279784,0.000875028,0,0,0.114108,0.0384446,-0.0317843,0.152565,0.379502,-0.0328072,0.0165111,0,0,1.38778e-11,-1.37141,0.00449986,-0.0430578,-0.0328102,0.0307528,0.00127481,0,0,0.0474142,-0.0620539,0.0917722,0.585183,-0.0386278,0.415448,2.28382e-05,0,0,-5.63785e-12,-0.194347,0.00246823,0.00265837,0.0022425,0.00367523,0.00158334,0,0,-0.0248926,-0.00834713,-0.0285936,-0.00254828,0.0200601,-0.00639935,0.0676562,0,0,0,0,0,0,0,0,0,0,0,0,0,0,0,0,0,0,0.905991,4.28336e-09,0,0,0,0,0,0,0,0,0,0,0,0,0,0,0,0,4.28276e-09,0.905991,
2.60209e-12,-0.310914,0.0119509,-0.00123409,0.00122239,0.000583862,-2.885e-05,0,0,0.54991,-0.0136634,-0.0796664,0.0149971,0.0108288,0.00359833,-0.00126265,0,0,9.66295e-12,-2,-0.00269358,-0.00917973,-0.00199888,-0.000658572,-7.40742e-06,0,0,0.0206944,0.740707,0.0204408,0.0541736,-0.0167797,-0.0119931,0.0250966,0,0,1.04083e-11,-0.175021,0.0828686,0.011213,0.00334611,0.00188664,-7.4598e-05,0,0,-0.0798165,-0.00763185,0.498246,-0.0120766,-0.00336554,0.00833076,-0.00222123,0,0,-1.38778e-11,-1.58628,0.0052174,0.0433462,0.00474132,-0.000655453,-6.98797e-05,0,0,0.0175508,-0.0673711,-0.00808089,0.642166,0.011705,0.0540667,0.00611604,0,0,3.81639e-11,0.875664,0.0416941,0.00879581,-0.0374157,-0.0279914,0.000878422,0,0,0.114166,0.0384616,-0.0315398,0.152502,0.379568,-0.0327948,0.0164974,0,0,4.85723e-11,-1.3695,0.00450266,-0.0430713,-0.0328318,0.0307619,0.0012739,0,0,0.0474192,-0.0619717,0.0918155,0.585116,-0.0386162,0.415461,1.37701e-05,0,0,3.03577e-12,-0.194474,0.00246922,0.00265706,0.00224266,0.00367505,0.00158384,0,0,-0.0248888,-0.00835274,-0.0285949,-0.00253472,0.0200478,-0.00640197,0.0676576,0,0,0,1.20024e-12,0,0,0,0,-1.20024e-12,0,0,0,0,0,0,0,0,0,0.905991,-4.51411e-09,0,-2.40048e-12,0,0,0,0,0,0,0,0,0,0,0,0,0,0,-4.51471e-09,0.905991,
0,-0.311326,0.0119595,-0.00123713,0.00122363,0.000584708,-2.88685e-05,0,0,0.549917,-0.0136815,-0.0797026,0.0150235,0.0108336,0.00359669,-0.00126048,0,0,1.42302e-13,-2,-0.00269786,-0.00918851,-0.00200269,-0.000658045,-7.36925e-06,0,0,0.0207167,0.740702,0.0204698,0.0542209,-0.0167856,-0.01202,0.0250991,0,0,-3.46945e-12,-0.17527,0.0828662,0.0112155,0.00334987,0.00188824,-7.46209e-05,0,0,-0.0798535,-0.00764265,0.498427,-0.0120691,-0.00334128,0.00833375,-0.00222036,0,0,0,-1.58718,0.00521916,0.0433609,0.0047434,-0.000655355,-6.98342e-05,0,0,0.0175798,-0.06741,-0.00806619,0.642192,0.0116958,0.0540518,0.00612139,0,0,0,0.876034,0.0416975,0.00880558,-0.0374557,-0.028008,0.000878272,0,0,0.114225,0.0384786,-0.0312953,0.152439,0.379634,-0.0327824,0.0164837,0,0,1.38778e-11,-1.36759,0.00450545,-0.0430848,-0.032852,0.0307717,0.00127363,0,0,0.0474241,-0.0618895,0.0918586,0.585049,-0.0386045,0.415473,4.69428e-06,0,0,-2.60209e-12,-0.194602,0.00247022,0.00265574,0.00224299,0.00367496,0.00158442,0,0,-0.0248849,-0.00835836,-0.0285962,-0.00252117,0.0200355,-0.00640459,0.0676589,0,0,0,0,-1.20024e-12,0,-1.20024e-12,1.20024e-12,2.40048e-12,0,0,0,0,0,0,0,0,0,0.905991,-4.60112e-09,0,0,-1.20024e-12,0,2.40048e-12,0,-2.40048e-12,0,0,0,0,0,0,0,0,0,-4.60052e-09,0.905991,
-8.67362e-13,-0.311739,0.0119681,-0.00124018,0.00122565,0.000585166,-2.88871e-05,0,0,0.549924,-0.0136996,-0.0797389,0.01505,0.0108384,0.00359502,-0.00125831,0,0,-8.81592e-12,-2,-0.00270216,-0.00919731,-0.00200635,-0.0006576,-7.33109e-06,0,0,0.020739,0.740696,0.0204989,0.0542682,-0.0167915,-0.0120469,0.0251015,0,0,3.46945e-12,-0.175518,0.0828637,0.0112179,0.00335458,0.00188936,-7.46437e-05,0,0,-0.0798907,-0.00765347,0.498608,-0.0120615,-0.00331703,0.00833672,-0.00221949,0,0,6.93889e-12,-1.58809,0.00522092,0.0433756,0.00474511,-0.000655078,-6.97886e-05,0,0,0.0176088,-0.0674489,-0.00805144,0.642217,0.0116866,0.0540369,0.00612674,0,0,0,0.876411,0.0417009,0.00881536,-0.0374886,-0.028028,0.000878122,0,0,0.114283,0.0384955,-0.0310508,0.152376,0.3797,-0.0327699,0.0164701,0,0,6.93889e-12,-1.36567,0.00450823,-0.0430982,-0.0328735,0.0307822,0.00127337,0,0,0.0474288,-0.0618072,0.0919015,0.584983,-0.0385928,0.415486,-4.38911e-06,0,0,-7.37257e-12,-0.19473,0.00247123,0.00265443,0.00224315,0.00367495,0.001585,0,0,-0.0248811,-0.00836397,-0.0285975,-0.00250763,0.0200233,-0.00640721,0.0676603,0,0,0,1.20024e-12,1.20024e-12,-1.20024e-12,1.20024e-12,-1.20024e-12,0,1.15223e-10,0,0,0,0,0,0,0,0,0.905991,-4.53961e-09,0,1.20024e-12,0,0,0,0,1.20024e-12,0,0,0,0,0,0,0,0,0,-4.53871e-09,0.905991,
0,-0.312151,0.0119768,-0.00124285,0.00122766,0.000586398,-2.89056e-05,0,0,0.549931,-0.0137178,-0.0797753,0.0150765,0.0108432,0.00359334,-0.00125614,0,0,-1.11673e-11,-2,-0.00270645,-0.00920602,-0.00201,-0.000656985,-7.29295e-06,0,0,0.0207612,0.740691,0.0205279,0.0543156,-0.0167974,-0.0120738,0.0251039,0,0,-1.73472e-12,-0.175766,0.0828613,0.0112209,0.00335927,0.00189143,-7.46665e-05,0,0,-0.0799279,-0.00766431,0.498789,-0.0120539,-0.00329277,0.00833967,-0.00221861,0,0,6.93889e-12,-1.589,0.00522267,0.0433902,0.00474682,-0.000655165,-6.9743e-05,0,0,0.0176378,-0.0674879,-0.00803664,0.642242,0.0116773,0.054022,0.00613209,0,0,-1.73472e-11,0.876792,0.0417043,0.00882869,-0.0375215,-0.0280409,0.00087797,0,0,0.114342,0.0385125,-0.0308062,0.152313,0.379766,-0.0327575,0.0164564,0,0,-4.16334e-11,-1.36376,0.004511,-0.0431123,-0.032895,0.0307914,0.00127311,0,0,0.0474333,-0.0617249,0.0919443,0.584916,-0.0385812,0.415499,-1.348e-05,0,0,2.1684e-12,-0.194857,0.00247224,0.00265302,0.0022433,0.00367476,0.00158558,0,0,-0.0248772,-0.00836958,-0.0285988,-0.00249409,0.020011,-0.00640983,0.0676617,0,0,0,0,1.20024e-12,0,0,0,1.20024e-12,0,0,0,0,0,0,0,0,0,0.905991,-4.35507e-09,0,0,0,0,0,0,0,0,0,0,0,0,0,0,0,0,-4.35477e-09,0.905991,
1.73472e-12,-0.312565,0.0119851,-0.00124631,0.0012285,0.000587629,-2.85377e-05,0,0,0.549937,-0.013736,-0.0798118,0.0151031,0.0108479,0.00359163,-0.00125396,0,0,-1.78148e-11,-2,-0.00271084,-0.00921491,-0.00201391,-0.000656368,-7.17059e-06,0,0,0.0207835,0.740685,0.0205569,0.0543629,-0.0168033,-0.0121007,0.0251063,0,0,2.77556e-11,-0.176015,0.0828583,0.0112228,0.00336256,0.00189349,-7.42174e-05,0,0,-0.0799652,-0.00767518,0.498971,-0.0120462,-0.00326852,0.00834261,-0.00221773,0,0,2.08167e-11,-1.58991,0.0052246,0.0434051,0.00474907,-0.000655255,-6.98779e-05,0,0,0.0176669,-0.0675269,-0.0080218,0.642268,0.0116681,0.054007,0.00613745,0,0,2.94903e-11,0.877169,0.041704,0.00883492,-0.037565,-0.0280538,0.000881372,0,0,0.1144,0.0385294,-0.0305616,0.15225,0.379832,-0.0327451,0.0164428,0,0,-2.08167e-11,-1.36185,0.00451441,-0.0431249,-0.0329145,0.0308007,0.00127219,0,0,0.0474377,-0.0616425,0.0919869,0.584848,-0.0385695,0.415512,-2.25786e-05,0,0,-4.77049e-12,-0.194985,0.00247334,0.00265179,0.0022437,0.00367458,0.00158608,0,0,-0.0248733,-0.00837519,-0.0286001,-0.00248056,0.0199988,-0.00641246,0.067663,0,0,0,-1.20024e-12,0,0,0,-1.20024e-12,0,1.20024e-12,0,0,0,0,0,0,0,0,0.905991,4.09252e-09,0,1.20024e-12,0,0,1.20024e-12,0,-1.20024e-12,1.20024e-12,0,0,0,0,0,0,0,0,4.09192e-09,0.905991,
-3.86306e-07,-0.31298,0.0119946,-0.001249,0.0012309,0.000588087,-2.93287e-05,0,0,0.549944,-0.0137542,-0.0798483,0.0151297,0.0108527,0.00358991,-0.00125177,0,0,-8.42701e-08,-2,-0.00271498,-0.00922364,-0.00201748,-0.000655917,-7.30093e-06,0,0,0.0208059,0.74068,0.020586,0.0544102,-0.0168092,-0.0121276,0.0251087,0,0,-4.71907e-07,-0.176265,0.0828568,0.0112257,0.00336772,0.0018946,-7.51835e-05,0,0,-0.0800025,-0.00768607,0.499152,-0.0120385,-0.00324426,0.00834552,-0.00221685,0,0,1.80599e-07,-1.59082,0.00522598,0.0434196,0.00475058,-0.000654987,-6.9471e-05,0,0,0.0176961,-0.067566,-0.0080069,0.642293,0.0116589,0.0539921,0.0061428,0,0,-3.55538e-06,0.877547,0.0417143,0.00884826,-0.0375942,-0.0280738,0.00087411,0,0,0.114458,0.0385464,-0.030317,0.152187,0.379898,-0.0327327,0.0164292,0,0,6.53158e-07,-1.35993,0.00451586,-0.0431389,-0.0329365,0.0308114,0.00127323,0,0,0.047442,-0.0615601,0.0920293,0.584781,-0.0385579,0.415525,-3.16848e-05,0,0,8.63775e-08,-0.195112,0.00247418,0.00265039,0.00224376,0.00367456,0.00158683,0,0,-0.0248693,-0.0083808,-0.0286013,-0.00246704,0.0199865,-0.00641508,0.0676644,0,0,0,0,0,0,0,1.20024e-12,1.20024e-12,0,0,0,0,0,0,0,0,0,0.905991,3.9713e-09,-1.20024e-12,0,1.20024e-12,0,1.20024e-12,0,1.20024e-12,0,0,0,0,0,0,0,0,0,3.9704e-09,0.905991,
-3.86287e-07,-0.313395,0.0120025,-0.00125247,0.00123174,0.000588931,-2.85744e-05,0,0,0.549951,-0.0137725,-0.0798849,0.0151564,0.0108574,0.00358817,-0.00124959,0,0,-8.42996e-08,-2,-0.00271946,-0.00923254,-0.0020214,-0.00065538,-7.09422e-06,0,0,0.0208282,0.740675,0.0206151,0.0544575,-0.0168151,-0.0121546,0.0251111,0,0,-4.72117e-07,-0.176515,0.0828534,0.0112276,0.00337099,0.00189619,-7.42619e-05,0,0,-0.08004,-0.00769698,0.499334,-0.0120308,-0.00322,0.00834842,-0.00221597,0,0,1.80682e-07,-1.59173,0.00522809,0.0434346,0.00475281,-0.000654901,-6.97865e-05,0,0,0.0177254,-0.0676051,-0.00799197,0.642319,0.0116497,0.0539771,0.00614816,0,0,-3.5575e-06,0.877924,0.0417103,0.0088545,-0.0376376,-0.0280901,0.00088107,0,0,0.114516,0.0385633,-0.0300724,0.152124,0.379964,-0.0327203,0.0164155,0,0,6.53283e-07,-1.35802,0.00451991,-0.0431515,-0.0329559,0.0308215,0.00127165,0,0,0.047446,-0.0614776,0.0920716,0.584714,-0.0385462,0.415538,-4.07985e-05,0,0,8.63667e-08,-0.19524,0.00247537,0.00264915,0.00224415,0.00367445,0.00158724,0,0,-0.0248654,-0.00838641,-0.0286026,-0.00245352,0.0199743,-0.00641771,0.0676657,0,0,-1.20024e-12,0,1.20024e-12,0,0,1.20024e-12,1.20024e-12,0,0,0,0,0,0,0,0,0,0.905991,3.95149e-09,-1.20024e-12,0,1.20024e-12,0,0,1.20024e-12,-1.20024e-12,0,0,0,0,0,0,0,0,0,3.95209e-09,0.905991,
-3.46945e-12,-0.31381,0.012012,-0.00125518,0.00123336,0.000589775,-2.8979e-05,0,0,0.549958,-0.0137908,-0.0799216,0.0151832,0.0108622,0.00358641,-0.00124739,0,0,-1.5023e-11,-2,-0.00272361,-0.00924129,-0.00202514,-0.000654841,-7.14039e-06,0,0,0.0208505,0.740669,0.0206441,0.0545049,-0.016821,-0.0121815,0.0251134,0,0,-3.46945e-12,-0.176766,0.0828519,0.0112305,0.00337521,0.00189777,-7.47563e-05,0,0,-0.0800775,-0.00770792,0.499515,-0.012023,-0.00319574,0.0083513,-0.00221509,0,0,3.46945e-11,-1.59264,0.00522946,0.0434491,0.00475468,-0.000654818,-6.956e-05,0,0,0.0177547,-0.0676443,-0.00797698,0.642344,0.0116405,0.0539622,0.00615353,0,0,-1.38778e-11,0.878304,0.0417205,0.00886786,-0.0376738,-0.0281065,0.000877359,0,0,0.114575,0.0385803,-0.0298277,0.152061,0.38003,-0.0327079,0.0164019,0,0,-3.46945e-11,-1.3561,0.00452134,-0.0431653,-0.0329766,0.0308317,0.00127204,0,0,0.04745,-0.0613951,0.0921136,0.584647,-0.0385346,0.415551,-4.99198e-05,0,0,5.20417e-12,-0.195368,0.00247622,0.00264774,0.00224437,0.00367435,0.00158791,0,0,-0.0248615,-0.00839202,-0.0286039,-0.00244,0.0199621,-0.00642033,0.0676671,0,0,0,1.20024e-12,-1.20024e-12,-1.20024e-12,-1.20024e-12,0,-1.20024e-12,0,0,0,0,0,0,0,0,0,0.905991,4.02441e-09,0,1.20024e-12,0,-1.20024e-12,0,-1.20024e-12,0,0,0,0,0,0,0,0,0,0,4.02411e-09,0.905991,
-1.73472e-12,-0.314227,0.0120204,-0.00125867,0.00123536,0.000590618,-2.89972e-05,0,0,0.549965,-0.0138091,-0.0799583,0.01521,0.0108669,0.00358463,-0.00124519,0,0,7.97566e-12,-2,-0.00272802,-0.00925021,-0.0020288,-0.0006543,-7.10225e-06,0,0,0.0208729,0.740664,0.0206732,0.0545522,-0.0168269,-0.0122084,0.0251158,0,0,-1.73472e-11,-0.177017,0.0828489,0.0112324,0.00337989,0.00189935,-7.47785e-05,0,0,-0.0801151,-0.00771888,0.499697,-0.0120152,-0.00317148,0.00835416,-0.0022142,0,0,0,-1.59356,0.00523137,0.0434641,0.00475635,-0.000654738,-6.95141e-05,0,0,0.017784,-0.0676835,-0.00796195,0.642369,0.0116312,0.0539472,0.00615889,0,0,-1.9082e-11,0.878681,0.0417199,0.0088741,-0.0377064,-0.0281228,0.000877204,0,0,0.114633,0.0385972,-0.0295831,0.151998,0.380096,-0.0326955,0.0163883,0,0,-3.46945e-11,-1.35418,0.00452472,-0.0431778,-0.0329979,0.0308419,0.00127176,0,0,0.0474538,-0.0613125,0.0921556,0.58458,-0.0385229,0.415564,-5.90486e-05,0,0,-6.07153e-12,-0.195495,0.00247734,0.0026465,0.0022445,0.00367423,0.00158848,0,0,-0.0248575,-0.00839763,-0.0286051,-0.0024265,0.0199498,-0.00642296,0.0676684,0,0,0,0,1.20024e-12,0,1.20024e-12,0,0,0,0,0,0,0,0,0,0,0,0.905991,4.18914e-09,0,0,1.20024e-12,0,1.20024e-12,1.20024e-12,0,0,0,0,0,0,0,0,0,0,4.18914e-09,0.905991,
2.60209e-12,-0.314645,0.0120296,-0.0012614,0.00123659,0.000591462,-2.94016e-05,0,0,0.549972,-0.0138274,-0.0799952,0.0152369,0.0108716,0.00358283,-0.00124299,0,0,4.98733e-12,-2,-0.00273227,-0.00925896,-0.00203264,-0.000653757,-7.14859e-06,0,0,0.0208952,0.740659,0.0207023,0.0545996,-0.0168328,-0.0122353,0.0251181,0,0,3.46945e-12,-0.17727,0.0828468,0.0112352,0.00338362,0.00190093,-7.52734e-05,0,0,-0.0801528,-0.00772987,0.499879,-0.0120073,-0.00314722,0.008357,-0.00221331,0,0,-2.08167e-11,-1.59447,0.00523292,0.0434786,0.00475838,-0.00065466,-6.92872e-05,0,0,0.0178135,-0.0677227,-0.00794687,0.642395,0.011622,0.0539322,0.00616426,0,0,6.93889e-12,0.879055,0.0417264,0.00888747,-0.037746,-0.028139,0.000873485,0,0,0.11469,0.0386142,-0.0293384,0.151936,0.380162,-0.0326831,0.0163747,0,0,-3.46945e-11,-1.35226,0.00452679,-0.0431916,-0.0330178,0.0308521,0.00127215,0,0,0.0474574,-0.0612298,0.0921973,0.584513,-0.0385113,0.415577,-6.8185e-05,0,0,9.54098e-12,-0.195623,0.00247828,0.00264509,0.0022448,0.00367412,0.00158915,0,0,-0.0248535,-0.00840323,-0.0286064,-0.002413,0.0199376,-0.00642559,0.0676698,0,0,0,0,-1.20024e-12,1.20024e-12,-1.20024e-12,0,0,0,0,0,0,0,0,0,0,0,0.905991,-4.4643e-09,0,0,2.40048e-12,0,2.40048e-12,0,2.40048e-12,0,0,0,0,0,0,0,0,0,-4.4649e-09,0.905991,
1.73472e-12,-0.315063,0.012038,-0.00126491,0.00123858,0.000592305,-2.90335e-05,0,0,0.549979,-0.0138458,-0.0800321,0.0152639,0.0108763,0.00358101,-0.00124078,0,0,4.33681e-13,-2,-0.00273669,-0.0092679,-0.0020363,-0.000653211,-7.02605e-06,0,0,0.0209176,0.740653,0.0207314,0.0546469,-0.0168387,-0.0122622,0.0251205,0,0,1.21431e-11,-0.177522,0.0828438,0.0112371,0.00338829,0.0019025,-7.48226e-05,0,0,-0.0801905,-0.00774088,0.500061,-0.0119994,-0.00312296,0.00835982,-0.00221241,0,0,-6.93889e-12,-1.59539,0.00523482,0.0434936,0.00476005,-0.000654585,-6.94221e-05,0,0,0.017843,-0.067762,-0.00793175,0.64242,0.0116128,0.0539172,0.00616963,0,0,1.73472e-11,0.879432,0.0417257,0.00889372,-0.0377785,-0.0281552,0.000876893,0,0,0.114748,0.0386311,-0.0290937,0.151873,0.380228,-0.0326707,0.0163611,0,0,2.08167e-11,-1.35034,0.00453015,-0.043204,-0.0330391,0.0308625,0.00127122,0,0,0.0474609,-0.0611471,0.0922389,0.584445,-0.0384996,0.41559,-7.73289e-05,0,0,-4.77049e-12,-0.19575,0.0024794,0.00264385,0.00224493,0.003674,0.00158964,0,0,-0.0248495,-0.00840884,-0.0286076,-0.0023995,0.0199254,-0.00642821,0.0676711,0,0,0,0,0,0,0,0,0,0,0,0,0,0,0,0,0,0,0.905991,-4.60292e-09,0,1.20024e-12,0,0,0,0,0,0,0,0,0,0,0,0,0,0,-4.60262e-09,0.905991,
3.86212e-07,-0.315482,0.0120469,-0.00126766,0.00124019,0.000592762,-2.90516e-05,0,0,0.549986,-0.0138643,-0.080069,0.0152909,0.010881,0.00357917,-0.00123857,0,0,8.44696e-08,-2,-0.00274104,-0.00927667,-0.00204005,-0.000652749,-6.98796e-06,0,0,0.02094,0.740648,0.0207605,0.0546943,-0.0168446,-0.0122892,0.0251228,0,0,4.73186e-07,-0.177775,0.0828413,0.0112399,0.00339249,0.0019036,-7.48446e-05,0,0,-0.0802283,-0.00775191,0.500243,-0.0119915,-0.0030987,0.00836262,-0.00221152,0,0,-1.81147e-07,-1.59631,0.00523654,0.0435082,0.00476189,-0.000654331,-6.9376e-05,0,0,0.0178725,-0.0678014,-0.00791657,0.642446,0.0116035,0.0539022,0.006175,0,0,3.56802e-06,0.879812,0.0417285,0.0089071,-0.0378145,-0.028175,0.000876736,0,0,0.114806,0.0386481,-0.0288489,0.15181,0.380294,-0.0326583,0.0163475,0,0,-6.54254e-07,-1.34842,0.00453285,-0.0432177,-0.0330596,0.0308735,0.00127095,0,0,0.0474642,-0.0610643,0.0922803,0.584378,-0.038488,0.415603,-8.64804e-05,0,0,-8.63268e-08,-0.195877,0.00248044,0.00264243,0.00224513,0.00367397,0.00159021,0,0,-0.0248455,-0.00841444,-0.0286088,-0.00238601,0.0199131,-0.00643084,0.0676725,0,0,0,0,0,0,2.40048e-12,0,0,0,0,0,0,0,0,0,0,0,0.905991,-4.58852e-09,0,0,0,0,-2.40048e-12,1.20024e-12,1.20024e-12,0,0,0,0,0,0,0,0,0,-4.58942e-09,0.905991,
0,-0.315901,0.0120561,-0.00127118,0.00124141,0.00059399,-2.86834e-05,0,0,0.549993,-0.0138827,-0.0801061,0.015318,0.0108857,0.00357731,-0.00123636,0,0,-3.86247e-12,-2,-0.0027453,-0.00928562,-0.00204389,-0.000652115,-6.86534e-06,0,0,0.0209624,0.740643,0.0207896,0.0547416,-0.0168505,-0.0123161,0.0251251,0,0,1.56125e-11,-0.178028,0.0828392,0.0112418,0.00339621,0.00190565,-7.4393e-05,0,0,-0.0802663,-0.00776297,0.500425,-0.0119835,-0.00307444,0.00836541,-0.00221062,0,0,2.77556e-11,-1.59722,0.00523807,0.0435232,0.0047639,-0.000654443,-6.95111e-05,0,0,0.0179021,-0.0678408,-0.00790135,0.642471,0.0115943,0.0538872,0.00618038,0,0,1.73472e-11,0.880189,0.0417348,0.00891335,-0.0378541,-0.0281876,0.000880149,0,0,0.114864,0.038665,-0.0286042,0.151747,0.38036,-0.0326459,0.0163339,0,0,-2.77556e-11,-1.34649,0.00453489,-0.04323,-0.0330794,0.0308833,0.00127002,0,0,0.0474674,-0.0609815,0.0923215,0.58431,-0.0384764,0.415616,-9.56394e-05,0,0,4.33681e-13,-0.196005,0.00248139,0.00264118,0.00224542,0.00367376,0.0015907,0,0,-0.0248414,-0.00842004,-0.0286101,-0.00237253,0.0199009,-0.00643347,0.0676738,0,0,0,0,-1.20024e-12,0,-1.20024e-12,1.20024e-12,0,0,0,0,0,0,0,0,0,0,0.905991,-4.44089e-09,0,1.20024e-12,0,0,-1.20024e-12,0,-1.20024e-12,0,0,0,0,0,0,0,0,0,-4.43999e-09,0.905991,
-3.86183e-07,-0.316322,0.0120646,-0.00127433,0.0012434,0.000594447,-2.90876e-05,0,0,0.55,-0.0139012,-0.0801432,0.0153451,0.0108903,0.00357543,-0.00123414,0,0,-8.45779e-08,-2,-0.00274974,-0.00929449,-0.00204756,-0.000651649,-6.91177e-06,0,0,0.0209848,0.740638,0.0208188,0.054789,-0.0168564,-0.012343,0.0251275,0,0,-4.73626e-07,-0.178283,0.0828362,0.011244,0.00340088,0.00190674,-7.48881e-05,0,0,-0.0803042,-0.00777405,0.500608,-0.0119755,-0.00305018,0.00836818,-0.00220972,0,0,1.81306e-07,-1.59814,0.00523996,0.043538,0.00476554,-0.000654194,-6.92837e-05,0,0,0.0179318,-0.0678802,-0.00788609,0.642497,0.0115851,0.0538722,0.00618576,0,0,-3.57221e-06,0.880562,0.0417339,0.00892317,-0.0378864,-0.0282073,0.000876421,0,0,0.114921,0.038682,-0.0283594,0.151684,0.380426,-0.0326335,0.0163203,0,0,6.54657e-07,-1.34457,0.00453823,-0.0432429,-0.0331005,0.0308945,0.0012704,0,0,0.0474704,-0.0608987,0.0923626,0.584243,-0.0384647,0.415629,-0.000104806,0,0,8.63342e-08,-0.196132,0.00248252,0.00263985,0.00224553,0.00367373,0.00159136,0,0,-0.0248374,-0.00842564,-0.0286113,-0.00235905,0.0198887,-0.0064361,0.0676751,0,0,0,-1.20024e-12,0,0,1.20024e-12,0,1.20024e-12,0,0,0,0,0,0,0,0,0,0.905991,4.19724e-09,0,0,0,0,0,0,-1.20024e-12,0,0,0,0,0,0,0,0,0,4.19754e-09,0.905991,
-3.86165e-07,-0.316743,0.0120735,-0.00127749,0.00124501,0.000595289,-2.87193e-05,0,0,0.550007,-0.0139197,-0.0801804,0.0153724,0.010895,0.00357353,-0.00123191,0,0,-8.46037e-08,-2,-0.0027541,-0.00930337,-0.00205131,-0.000651095,-6.78907e-06,0,0,0.0210073,0.740633,0.0208479,0.0548364,-0.0168624,-0.01237,0.0251298,0,0,-4.73843e-07,-0.178537,0.0828336,0.0112463,0.00340507,0.00190831,-7.44359e-05,0,0,-0.0803423,-0.00778516,0.50079,-0.0119674,-0.00302591,0.00837092,-0.00220881,0,0,1.81404e-07,-1.59906,0.00524167,0.0435528,0.00476736,-0.000654129,-6.94188e-05,0,0,0.0179615,-0.0679197,-0.00787077,0.642523,0.0115758,0.0538571,0.00619114,0,0,-3.57433e-06,0.880943,0.0417365,0.008933,-0.0379222,-0.0282234,0.000879836,0,0,0.114979,0.0386989,-0.0281146,0.151622,0.380492,-0.0326211,0.0163067,0,0,6.54782e-07,-1.34264,0.00454091,-0.0432558,-0.0331209,0.0309051,0.00126946,0,0,0.0474732,-0.0608157,0.0924035,0.584176,-0.0384531,0.415643,-0.00011398,0,0,8.63224e-08,-0.19626,0.00248357,0.00263851,0.00224572,0.0036736,0.00159185,0,0,-0.0248333,-0.00843124,-0.0286125,-0.00234558,0.0198765,-0.00643873,0.0676765,0,0,0,0,0,0,0,0,-1.20024e-12,0,0,0,0,0,0,0,0,0,0.905991,4.09672e-09,0,0,0,0,-1.20024e-12,0,-1.20024e-12,0,0,0,0,0,0,0,0,0,4.09702e-09,0.905991,
3.86145e-07,-0.317165,0.0120824,-0.00128105,0.00124661,0.000596517,-2.87372e-05,0,0,0.550015,-0.0139383,-0.0802177,0.0153996,0.0108996,0.00357162,-0.00122968,0,0,8.46485e-08,-2,-0.00275847,-0.00931233,-0.00205507,-0.000650455,-6.75099e-06,0,0,0.0210297,0.740627,0.0208771,0.0548837,-0.0168683,-0.0123969,0.0251321,0,0,4.74041e-07,-0.178793,0.082831,0.0112481,0.00340925,0.00191034,-7.44572e-05,0,0,-0.0803804,-0.00779629,0.500973,-0.0119593,-0.00300165,0.00837365,-0.0022079,0,0,-1.81501e-07,-1.59998,0.00524337,0.0435678,0.00476918,-0.000654248,-6.93726e-05,0,0,0.0179913,-0.0679593,-0.00785541,0.642548,0.0115666,0.0538421,0.00619652,0,0,3.57642e-06,0.881312,0.041739,0.00893926,-0.037958,-0.0282358,0.000879679,0,0,0.115036,0.0387158,-0.0278698,0.151559,0.380558,-0.0326088,0.0162931,0,0,-6.549e-07,-1.34071,0.00454358,-0.043268,-0.0331413,0.0309151,0.00126919,0,0,0.0474759,-0.0607328,0.0924442,0.584108,-0.0384414,0.415656,-0.000123161,0,0,-8.63012e-08,-0.196387,0.00248462,0.00263726,0.00224591,0.00367338,0.00159242,0,0,-0.0248292,-0.00843684,-0.0286137,-0.00233212,0.0198643,-0.00644136,0.0676778,0,0,-1.20024e-12,0,0,0,0,1.20024e-12,0,0,0,0,0,0,0,0,0,0,0.905991,4.10632e-09,0,0,0,0,0,-1.20024e-12,0,0,0,0,0,0,0,0,0,0,4.10572e-09,0.905991,
3.86129e-07,-0.317588,0.0120917,-0.00128384,0.00124859,0.000597359,-2.91412e-05,0,0,0.550022,-0.0139569,-0.0802551,0.015427,0.0109043,0.00356968,-0.00122745,0,0,8.46863e-08,-2,-0.00276276,-0.00932114,-0.00205874,-0.000649897,-6.79759e-06,0,0,0.0210521,0.740622,0.0209062,0.0549311,-0.0168742,-0.0124239,0.0251343,0,0,4.74256e-07,-0.179048,0.0828289,0.0112508,0.0034139,0.00191191,-7.49527e-05,0,0,-0.0804187,-0.00780744,0.501155,-0.0119511,-0.00297739,0.00837636,-0.00220699,0,0,-1.81563e-07,-1.60091,0.00524488,0.0435824,0.0047708,-0.000654188,-6.91447e-05,0,0,0.0180212,-0.0679989,-0.00784,0.642574,0.0115573,0.053827,0.00620191,0,0,3.57848e-06,0.881693,0.0417451,0.00895267,-0.0379902,-0.0282518,0.000875942,0,0,0.115094,0.0387328,-0.0276249,0.151496,0.380624,-0.0325964,0.0162795,0,0,-6.55198e-07,-1.33879,0.00454558,-0.0432814,-0.0331623,0.0309257,0.00126956,0,0,0.0474785,-0.0606497,0.0924848,0.58404,-0.0384298,0.415669,-0.00013235,0,0,-8.63207e-08,-0.196514,0.00248559,0.00263584,0.00224601,0.00367325,0.00159308,0,0,-0.0248251,-0.00844244,-0.0286149,-0.00231866,0.019852,-0.00644399,0.0676792,0,0,0,2.40048e-12,0,0,0,0,0,5.76116e-11,0,0,0,0,0,0,0,0,0.905991,4.21525e-09,0,-1.20024e-12,0,0,1.20024e-12,0,0,0,0,0,0,0,0,0,0,0,4.21465e-09,0.905991,
3.46945e-12,-0.318011,0.0121003,-0.00128703,0.0012498,0.000598201,-2.9159e-05,0,0,0.550029,-0.0139755,-0.0802925,0.0154544,0.0109089,0.00356772,-0.00122521,0,0,9.49355e-12,-2,-0.00276722,-0.00933004,-0.00206259,-0.000649337,-6.75956e-06,0,0,0.0210746,0.740617,0.0209354,0.0549785,-0.0168801,-0.0124508,0.0251366,0,0,1.21431e-11,-0.179305,0.0828259,0.0112531,0.00341761,0.00191347,-7.4974e-05,0,0,-0.080457,-0.00781862,0.501338,-0.0119429,-0.00295313,0.00837906,-0.00220608,0,0,-1.38778e-11,-1.60183,0.00524675,0.0435972,0.00477278,-0.000654131,-6.90983e-05,0,0,0.0180511,-0.0680385,-0.00782455,0.642599,0.011548,0.0538119,0.00620729,0,0,-1.73472e-12,0.882069,0.0417439,0.00896251,-0.0380295,-0.0282678,0.000875781,0,0,0.115151,0.0387497,-0.0273801,0.151433,0.38069,-0.032584,0.0162659,0,0,2.08167e-11,-1.33686,0.00454889,-0.0432941,-0.033182,0.0309365,0.00126928,0,0,0.0474809,-0.0605667,0.0925251,0.583973,-0.0384182,0.415682,-0.000141547,0,0,8.67362e-12,-0.196641,0.00248674,0.0026345,0.00224627,0.00367311,0.00159365,0,0,-0.024821,-0.00844804,-0.0286161,-0.00230521,0.0198398,-0.00644663,0.0676805,0,0,0,0,0,-1.20024e-12,0,1.20024e-12,0,0,0,0,0,0,0,0,0,0,0.905991,-4.43189e-09,0,0,0,-1.20024e-12,0,0,-1.20024e-12,0,0,0,0,0,0,0,0,0,-4.43219e-09,0.905991,
1.73472e-12,-0.318435,0.0121093,-0.00129022,0.00125178,0.000599042,-2.91768e-05,0,0,0.550036,-0.0139941,-0.08033,0.0154818,0.0109135,0.00356575,-0.00122296,0,0,-1.23396e-11,-2,-0.00277161,-0.00933895,-0.00206626,-0.000648776,-6.72156e-06,0,0,0.0210971,0.740612,0.0209646,0.0550259,-0.016886,-0.0124778,0.0251389,0,0,1.21431e-11,-0.179562,0.0828232,0.0112553,0.00342225,0.00191502,-7.49953e-05,0,0,-0.0804953,-0.00782983,0.501521,-0.0119347,-0.00292886,0.00838173,-0.00220517,0,0,0,-1.60276,0.00524844,0.043612,0.0047744,-0.000654076,-6.90518e-05,0,0,0.0180811,-0.0680782,-0.00780904,0.642625,0.0115388,0.0537968,0.00621269,0,0,3.46945e-11,0.882446,0.0417463,0.00897236,-0.0380615,-0.0282837,0.00087562,0,0,0.115208,0.0387666,-0.0271352,0.151371,0.380756,-0.0325716,0.0162523,0,0,-6.93889e-12,-1.33493,0.00455154,-0.0433068,-0.0332029,0.0309473,0.001269,0,0,0.0474831,-0.0604835,0.0925654,0.583905,-0.0384065,0.415695,-0.000150751,0,0,-4.33681e-13,-0.196769,0.0024878,0.00263316,0.00224636,0.00367298,0.00159422,0,0,-0.0248168,-0.00845363,-0.0286173,-0.00229176,0.0198276,-0.00644926,0.0676819,0,0,0,2.40048e-12,1.20024e-12,2.40048e-12,2.40048e-12,0,2.40048e-12,5.76116e-11,0,0,0,0,0,0,0,0,0.905991,-4.51261e-09,0,1.20024e-12,0,1.20024e-12,1.20024e-12,-1.20024e-12,1.20024e-12,0,0,0,0,0,0,0,0,0,-4.51231e-09,0.905991,
3.86072e-07,-0.31886,0.0121183,-0.00129304,0.00125299,0.000599497,-2.88084e-05,0,0,0.550044,-0.0140128,-0.0803676,0.0155093,0.0109181,0.00356375,-0.00122071,0,0,8.47903e-08,-2,-0.002776,-0.00934778,-0.00207011,-0.000648297,-6.59874e-06,0,0,0.0211196,0.740607,0.0209937,0.0550733,-0.016892,-0.0125047,0.0251412,0,0,4.74893e-07,-0.179819,0.0828206,0.011258,0.00342595,0.0019161,-7.45415e-05,0,0,-0.0805338,-0.00784105,0.501704,-0.0119264,-0.0029046,0.00838438,-0.00220425,0,0,-1.81827e-07,-1.60368,0.00525012,0.0436267,0.00477636,-0.000653842,-6.9187e-05,0,0,0.0181112,-0.0681179,-0.00779349,0.642651,0.0115295,0.0537817,0.00621808,0,0,3.58475e-06,0.882822,0.0417485,0.0089858,-0.0381007,-0.0283032,0.000879042,0,0,0.115265,0.0387836,-0.0268903,0.151308,0.380822,-0.0325593,0.0162388,0,0,-6.55732e-07,-1.33299,0.00455418,-0.0433201,-0.0332225,0.0309588,0.00126806,0,0,0.0474852,-0.0604003,0.0926054,0.583837,-0.0383949,0.415709,-0.000159962,0,0,-8.62804e-08,-0.196896,0.00248887,0.00263173,0.00224662,0.00367292,0.00159471,0,0,-0.0248127,-0.00845923,-0.0286185,-0.00227832,0.0198154,-0.00645189,0.0676832,0,0,0,0,0,0,0,-1.20024e-12,0,0,0,0,0,0,0,0,0,0,0.905991,-4.45259e-09,0,0,1.20024e-12,0,-1.20024e-12,0,-1.20024e-12,0,0,0,0,0,0,0,0,0,-4.45169e-09,0.905991,
-1.73472e-12,-0.319285,0.012127,-0.00129664,0.0012542,0.000600724,-2.92121e-05,0,0,0.550051,-0.0140316,-0.0804053,0.0155369,0.0109227,0.00356174,-0.00121846,0,0,1.22312e-11,-2,-0.00278048,-0.00935678,-0.00207396,-0.000647647,-6.64554e-06,0,0,0.0211421,0.740602,0.0210229,0.0551207,-0.0168979,-0.0125317,0.0251434,0,0,-1.38778e-11,-0.180076,0.0828175,0.0112597,0.00342964,0.00191813,-7.50374e-05,0,0,-0.0805723,-0.00785231,0.501887,-0.0119181,-0.00288033,0.00838702,-0.00220333,0,0,0,-1.60461,0.00525198,0.0436417,0.00477833,-0.000653975,-6.89586e-05,0,0,0.0181413,-0.0681577,-0.00777789,0.642676,0.0115203,0.0537666,0.00622348,0,0,6.93889e-12,0.883202,0.0417472,0.00899207,-0.0381398,-0.0283155,0.000875294,0,0,0.115322,0.0388005,-0.0266453,0.151245,0.380888,-0.0325469,0.0162252,0,0,2.08167e-11,-1.33106,0.00455746,-0.043332,-0.033242,0.0309691,0.00126843,0,0,0.0474872,-0.0603171,0.0926453,0.58377,-0.0383833,0.415722,-0.000169181,0,0,4.33681e-12,-0.197023,0.00249002,0.00263047,0.00224688,0.00367269,0.00159536,0,0,-0.0248085,-0.00846482,-0.0286197,-0.00226489,0.0198032,-0.00645453,0.0676845,0,0,0,-1.20024e-12,0,1.20024e-12,0,0,0,1.14023e-10,0,0,0,0,0,0,0,0,0.905991,4.27616e-09,0,0,0,1.20024e-12,1.20024e-12,-1.20024e-12,1.20024e-12,0,0,0,0,0,0,0,0,0,4.27676e-09,0.905991,
-1.73472e-12,-0.319712,0.0121364,-0.00129948,0.00125579,0.000601565,-2.96157e-05,0,0,0.550059,-0.0140503,-0.080443,0.0155646,0.0109273,0.0035597,-0.0012162,0,0,1.53144e-12,-2,-0.0027848,-0.00936562,-0.00207773,-0.000647079,-6.6924e-06,0,0,0.0211646,0.740597,0.0210521,0.0551681,-0.0169038,-0.0125586,0.0251456,0,0,-1.21431e-11,-0.180335,0.0828153,0.0112623,0.0034338,0.00191968,-7.55336e-05,0,0,-0.080611,-0.00786358,0.50207,-0.0119098,-0.00285607,0.00838964,-0.0022024,0,0,6.93889e-12,-1.60554,0.00525347,0.0436564,0.0047801,-0.000653928,-6.873e-05,0,0,0.0181715,-0.0681976,-0.00776224,0.642702,0.011511,0.0537515,0.00622887,0,0,8.67362e-12,0.883575,0.0417529,0.00900552,-0.0381753,-0.0283314,0.000871541,0,0,0.115379,0.0388174,-0.0264004,0.151183,0.380954,-0.0325346,0.0162117,0,0,0,-1.32913,0.00455943,-0.0433452,-0.0332622,0.0309801,0.0012688,0,0,0.0474889,-0.0602338,0.092685,0.583702,-0.0383716,0.415735,-0.000178407,0,0,-6.07153e-12,-0.19715,0.00249101,0.00262903,0.00224704,0.00367255,0.00159602,0,0,-0.0248043,-0.00847041,-0.0286208,-0.00225146,0.0197911,-0.00645716,0.0676859,0,0,0,-2.40048e-12,0,0,1.20024e-12,0,0,0,0,0,0,0,0,0,0,0,0.905991,4.23625e-09,0,1.20024e-12,-2.40048e-12,0,-3.60072e-12,2.40048e-12,0,0,0,0,0,0,0,0,0,0,4.23655e-09,0.905991,
-8.67362e-13,-0.32014,0.0121459,-0.0013031,0.00125738,0.000602405,-2.92472e-05,0,0,0.550066,-0.0140691,-0.0804808,0.0155923,0.0109319,0.00355765,-0.00121394,0,0,3.44912e-12,-2,-0.00278912,-0.00937464,-0.00208149,-0.000646509,-6.56953e-06,0,0,0.0211871,0.740592,0.0210813,0.0552155,-0.0169098,-0.0125856,0.0251479,0,0,-1.73472e-12,-0.180595,0.0828131,0.011264,0.00343796,0.00192122,-7.50791e-05,0,0,-0.0806497,-0.00787488,0.502254,-0.0119014,-0.0028318,0.00839223,-0.00220148,0,0,1.38778e-11,-1.60647,0.00525496,0.0436714,0.00478187,-0.000653884,-6.88652e-05,0,0,0.0182017,-0.0682374,-0.00774655,0.642728,0.0115017,0.0537363,0.00623428,0,0,-3.64292e-11,0.883948,0.0417585,0.00901179,-0.0382108,-0.0283472,0.000874966,0,0,0.115436,0.0388343,-0.0261554,0.15112,0.381019,-0.0325222,0.0161981,0,0,-2.08167e-11,-1.32719,0.00456139,-0.043357,-0.0332823,0.0309912,0.00126786,0,0,0.0474906,-0.0601504,0.0927245,0.583634,-0.03836,0.415749,-0.000187641,0,0,8.67362e-13,-0.197277,0.002492,0.00262777,0.0022472,0.0036724,0.0015965,0,0,-0.0248001,-0.00847601,-0.028622,-0.00223804,0.0197789,-0.0064598,0.0676872,0,0,0,0,0,0,-1.20024e-12,1.20024e-12,0,0,0,0,0,0,0,0,0,0,0.905991,-4.30857e-09,0,0,0,-1.20024e-12,0,-1.20024e-12,-1.20024e-12,0,0,0,0,0,0,0,0,0,-4.30917e-09,0.905991,
0,-0.320567,0.0121549,-0.00130673,0.00125973,0.000602858,-2.92647e-05,0,0,0.550074,-0.0140879,-0.0805187,0.0156201,0.0109364,0.00355557,-0.00121167,0,0,-1.15196e-12,-2,-0.00279353,-0.00938367,-0.00208509,-0.000646023,-6.53152e-06,0,0,0.0212096,0.740588,0.0211106,0.0552629,-0.0169157,-0.0126125,0.0251501,0,0,-3.46945e-12,-0.180855,0.0828105,0.0112657,0.00344306,0.00192229,-7.50998e-05,0,0,-0.0806884,-0.00788621,0.502437,-0.0118929,-0.00280754,0.00839481,-0.00220055,0,0,-1.38778e-11,-1.6074,0.00525662,0.0436865,0.00478327,-0.00065366,-6.88184e-05,0,0,0.018232,-0.0682774,-0.0077308,0.642754,0.0114924,0.0537212,0.00623968,0,0,-1.04083e-11,0.884324,0.0417606,0.00901807,-0.038239,-0.0283665,0.000874801,0,0,0.115493,0.0388513,-0.0259104,0.151058,0.381085,-0.0325099,0.0161846,0,0,3.46945e-11,-1.32525,0.004564,-0.0433688,-0.0333037,0.0310029,0.00126758,0,0,0.047492,-0.060067,0.0927638,0.583566,-0.0383484,0.415762,-0.000196882,0,0,8.23994e-12,-0.197404,0.00249308,0.00262651,0.00224719,0.00367234,0.00159706,0,0,-0.0247959,-0.0084816,-0.0286232,-0.00222462,0.0197667,-0.00646244,0.0676886,0,0,0,0,-1.20024e-12,1.20024e-12,1.20024e-12,-2.40048e-12,1.20024e-12,0,0,0,0,0,0,0,0,0,0.905991,4.25876e-09,0,1.20024e-12,-1.20024e-12,0,0,-2.40048e-12,2.40048e-12,0,0,0,0,0,0,0,0,0,4.25876e-09,0.905991,
-1.73472e-12,-0.320995,0.0121641,-0.00130999,0.00126055,0.000603698,-2.92821e-05,0,0,0.550081,-0.0141068,-0.0805567,0.0156479,0.010941,0.00355348,-0.0012094,0,0,-9.2496e-12,-2,-0.00279795,-0.00939262,-0.00208903,-0.000645449,-6.49354e-06,0,0,0.0212322,0.740583,0.0211398,0.0553103,-0.0169217,-0.0126395,0.0251523,0,0,-1.73472e-12,-0.181114,0.0828078,0.0112678,0.00344626,0.00192383,-7.51205e-05,0,0,-0.0807273,-0.00789756,0.502621,-0.0118845,-0.00278327,0.00839737,-0.00219961,0,0,1.38778e-11,-1.60833,0.00525828,0.0437014,0.00478539,-0.00065362,-6.87716e-05,0,0,0.0182624,-0.0683173,-0.00771501,0.642779,0.0114831,0.053706,0.00624509,0,0,-1.38778e-11,0.884708,0.0417625,0.00902794,-0.0382815,-0.0283823,0.000874635,0,0,0.11555,0.0388682,-0.0256654,0.150995,0.381151,-0.0324975,0.016171,0,0,-2.08167e-11,-1.32332,0.0045666,-0.0433812,-0.0333224,0.0310141,0.00126729,0,0,0.0474933,-0.0599836,0.092803,0.583498,-0.0383368,0.415775,-0.00020613,0,0,1.56125e-11,-0.197532,0.00249416,0.00262515,0.00224751,0.00367219,0.00159763,0,0,-0.0247917,-0.00848718,-0.0286243,-0.00221121,0.0197545,-0.00646507,0.0676899,0,0,0,-1.20024e-12,-1.20024e-12,1.20024e-12,0,0,-1.20024e-12,0,0,0,0,0,0,0,0,0,0.905991,-4.32507e-09,0,-1.20024e-12,-1.20024e-12,1.20024e-12,0,0,-1.20024e-12,0,0,0,0,0,0,0,0,0,-4.32477e-09,0.905991,
0,-0.321425,0.0121728,-0.00131325,0.0012629,0.000604537,-2.92995e-05,0,0,0.550089,-0.0141257,-0.0805947,0.0156758,0.0109455,0.00355137,-0.00120712,0,0,-1.57887e-11,-2,-0.00280246,-0.00940157,-0.00209263,-0.000644873,-6.45558e-06,0,0,0.0212547,0.740578,0.021169,0.0553577,-0.0169276,-0.0126665,0.0251545,0,0,6.93889e-12,-0.181375,0.0828046,0.0112699,0.00345136,0.00192537,-7.5141e-05,0,0,-0.0807662,-0.00790893,0.502804,-0.0118759,-0.002759,0.00839991,-0.00219868,0,0,-1.38778e-11,-1.60926,0.00526012,0.0437162,0.00478678,-0.000653583,-6.87247e-05,0,0,0.0182928,-0.0683574,-0.00769917,0.642805,0.0114739,0.0536909,0.0062505,0,0,-1.04083e-11,0.88508,0.0417608,0.00903782,-0.0383096,-0.028398,0.000874468,0,0,0.115606,0.0388851,-0.0254204,0.150932,0.381217,-0.0324852,0.0161575,0,0,0,-1.32138,0.00456985,-0.0433936,-0.0333438,0.0310253,0.001267,0,0,0.0474945,-0.0599,0.092842,0.58343,-0.0383251,0.415789,-0.000215386,0,0,1.30104e-11,-0.197659,0.00249533,0.0026238,0.00224749,0.00367203,0.00159819,0,0,-0.0247874,-0.00849277,-0.0286255,-0.00219781,0.0197423,-0.00646771,0.0676912,0,0,0,0,1.20024e-12,0,-1.20024e-12,0,1.20024e-12,-5.88118e-11,0,0,0,0,0,0,0,0,0.905991,4.26806e-09,0,1.20024e-12,0,0,0,0,0,0,0,0,0,0,0,0,0,0,4.26836e-09,0.905991,
1.73472e-12,-0.321855,0.012182,-0.00131652,0.00126409,0.000605762,-2.89309e-05,0,0,0.550096,-0.0141446,-0.0806328,0.0157038,0.0109501,0.00354923,-0.00120484,0,0,9.38513e-12,-2,-0.00280689,-0.00941054,-0.00209649,-0.00064421,-6.33253e-06,0,0,0.0212773,0.740573,0.0211983,0.0554051,-0.0169335,-0.0126934,0.0251567,0,0,-1.73472e-12,-0.181636,0.0828019,0.011272,0.00345503,0.00192739,-7.4685e-05,0,0,-0.0808052,-0.00792033,0.502988,-0.0118674,-0.00273474,0.00840244,-0.00219774,0,0,-6.93889e-12,-1.61019,0.00526177,0.0437311,0.0047887,-0.000653731,-6.88602e-05,0,0,0.0183233,-0.0683974,-0.00768329,0.642831,0.0114646,0.0536757,0.00625591,0,0,-1.73472e-12,0.88546,0.0417626,0.0090477,-0.0383484,-0.02841,0.0008779,0,0,0.115663,0.038902,-0.0251754,0.15087,0.381283,-0.0324728,0.0161439,0,0,2.08167e-11,-1.31944,0.00457244,-0.0434059,-0.0333631,0.031036,0.00126605,0,0,0.0474955,-0.0598165,0.0928808,0.583362,-0.0383135,0.415802,-0.00022465,0,0,2.60209e-12,-0.197786,0.00249642,0.00262244,0.00224772,0.00367179,0.00159867,0,0,-0.0247831,-0.00849836,-0.0286266,-0.00218441,0.0197301,-0.00647035,0.0676926,0,0,0,0,1.20024e-12,-1.20024e-12,1.20024e-12,0,0,0,0,0,0,0,0,0,0,0,0.905991,-4.32747e-09,0,0,0,0,0,0,-1.20024e-12,-2.40048e-12,0,0,0,0,0,0,0,0,-4.32777e-09,0.905991,
-1.73472e-12,-0.322286,0.0121908,-0.00131941,0.00126606,0.000606987,-2.93342e-05,0,0,0.550104,-0.0141635,-0.080671,0.0157318,0.0109546,0.00354708,-0.00120256,0,0,-1.34915e-11,-2,-0.00281142,-0.00941942,-0.00210018,-0.000643545,-6.37963e-06,0,0,0.0212999,0.740568,0.0212275,0.0554525,-0.0169395,-0.0127204,0.0251589,0,0,-6.93889e-12,-0.181899,0.0827987,0.0112745,0.00345965,0.0019294,-7.51817e-05,0,0,-0.0808443,-0.00793176,0.503172,-0.0118588,-0.00271047,0.00840494,-0.0021968,0,0,-1.38778e-11,-1.61113,0.0052636,0.0437458,0.00479026,-0.000653882,-6.86307e-05,0,0,0.0183539,-0.0684375,-0.00766735,0.642857,0.0114553,0.0536605,0.00626132,0,0,1.73472e-11,0.885833,0.0417607,0.00906118,-0.03838,-0.028422,0.000874133,0,0,0.115719,0.0389189,-0.0249303,0.150807,0.381349,-0.0324605,0.0161304,0,0,5.55112e-11,-1.31749,0.00457567,-0.0434188,-0.0333837,0.0310467,0.00126642,0,0,0.0474964,-0.0597329,0.0929195,0.583294,-0.0383019,0.415816,-0.00023392,0,0,7.37257e-12,-0.197913,0.0024976,0.002621,0.00224777,0.00367154,0.00159932,0,0,-0.0247788,-0.00850394,-0.0286278,-0.00217102,0.019718,-0.00647299,0.0676939,0,0,0,0,-1.20024e-12,0,-1.20024e-12,1.20024e-12,-1.20024e-12,0,0,0,0,0,0,0,0,0,0.905991,4.26446e-09,0,0,1.20024e-12,0,0,-1.20024e-12,1.20024e-12,0,0,3.0006e-13,0,0,0,0,0,-3.0006e-13,4.26446e-09,0.905991,
8.67362e-13,-0.322718,0.0122004,-0.00132271,0.00126686,0.000607439,-2.97373e-05,0,0,0.550112,-0.0141825,-0.0807093,0.0157599,0.0109591,0.00354491,-0.00120027,0,0,8.0502e-12,-2,-0.00281578,-0.0094284,-0.00210413,-0.000643048,-6.4268e-06,0,0,0.0213225,0.740564,0.0212568,0.0554999,-0.0169454,-0.0127474,0.0251611,0,0,-6.93889e-12,-0.182162,0.0827965,0.0112766,0.00346283,0.00193045,-7.56787e-05,0,0,-0.0808835,-0.00794321,0.503356,-0.0118501,-0.0026862,0.00840742,-0.00219585,0,0,0,-1.61207,0.00526505,0.0437607,0.00479236,-0.00065367,-6.84011e-05,0,0,0.0183845,-0.0684777,-0.00765137,0.642883,0.011446,0.0536453,0.00626674,0,0,-2.1684e-11,0.886205,0.041766,0.00907107,-0.0384223,-0.0284412,0.000870361,0,0,0.115776,0.0389358,-0.0246852,0.150745,0.381414,-0.0324482,0.0161169,0,0,-5.55112e-11,-1.31555,0.00457759,-0.043431,-0.0334023,0.0310587,0.00126679,0,0,0.0474971,-0.0596492,0.092958,0.583226,-0.0382903,0.415829,-0.000243198,0,0,-1.60462e-11,-0.198039,0.00249861,0.00261964,0.00224808,0.00367146,0.00159997,0,0,-0.0247745,-0.00850953,-0.0286289,-0.00215764,0.0197058,-0.00647563,0.0676952,0,0,0,0,0,0,0,0,0,0,0,0,0,0,0,0,0,0,0.905991,-4.31847e-09,0,0,1.20024e-12,0,0,1.20024e-12,0,0,0,0,0,0,0,0,0,0,-4.31907e-09,0.905991,
-3.46945e-12,-0.32315,0.0122096,-0.00132562,0.00126921,0.000608277,-2.93686e-05,0,0,0.550119,-0.0142015,-0.0807477,0.015788,0.0109636,0.00354272,-0.00119797,0,0,-9.44611e-12,-2,-0.00282022,-0.0094373,-0.00210774,-0.000642463,-6.30375e-06,0,0,0.0213451,0.740559,0.0212861,0.0555473,-0.0169514,-0.0127744,0.0251632,0,0,-1.38778e-11,-0.182424,0.0827937,0.0112791,0.00346791,0.00193198,-7.52221e-05,0,0,-0.0809227,-0.00795468,0.50354,-0.0118414,-0.00266194,0.00840989,-0.00219491,0,0,6.93889e-12,-1.613,0.00526669,0.0437755,0.00479371,-0.000653643,-6.85366e-05,0,0,0.0184152,-0.0685179,-0.00763534,0.642909,0.0114367,0.05363,0.00627216,0,0,-1.73472e-12,0.886585,0.0417676,0.00908458,-0.0384502,-0.0284568,0.000873796,0,0,0.115832,0.0389528,-0.0244401,0.150682,0.38148,-0.0324358,0.0161034,0,0,-1.38778e-11,-1.31361,0.00458016,-0.0434438,-0.0334235,0.0310702,0.00126584,0,0,0.0474976,-0.0595655,0.0929963,0.583158,-0.0382786,0.415843,-0.000252484,0,0,1.17094e-11,-0.198166,0.00249971,0.00261819,0.00224804,0.0036713,0.00160045,0,0,-0.0247702,-0.00851511,-0.02863,-0.00214426,0.0196936,-0.00647827,0.0676966,0,0,0,0,-1.20024e-12,0,0,0,0,0,0,0,0,0,0,0,0,0,0.905991,4.25215e-09,0,-1.20024e-12,0,0,1.20024e-12,-1.20024e-12,1.20024e-12,0,0,0,0,0,0,0,0,0,4.25245e-09,0.905991,
2.60209e-12,-0.323583,0.0122192,-0.00132932,0.00127001,0.000608729,-2.93857e-05,0,0,0.550127,-0.0142206,-0.0807861,0.0158163,0.0109681,0.0035405,-0.00119567,0,0,5.48877e-12,-2,-0.00282459,-0.00944637,-0.00211168,-0.000641962,-6.2658e-06,0,0,0.0213677,0.740554,0.0213154,0.0555948,-0.0169574,-0.0128014,0.0251654,0,0,1.21431e-11,-0.182687,0.0827914,0.0112807,0.00347109,0.00193303,-7.52421e-05,0,0,-0.0809621,-0.00796618,0.503724,-0.0118327,-0.00263767,0.00841233,-0.00219396,0,0,-1.38778e-11,-1.61394,0.00526814,0.0437906,0.0047958,-0.000653435,-6.84894e-05,0,0,0.018446,-0.0685582,-0.00761926,0.642934,0.0114274,0.0536148,0.00627758,0,0,8.67362e-12,0.886964,0.0417728,0.00909087,-0.0384924,-0.0284759,0.000873626,0,0,0.115888,0.0389697,-0.024195,0.15062,0.381546,-0.0324235,0.0160899,0,0,6.93889e-12,-1.31166,0.00458206,-0.0434552,-0.033442,0.0310824,0.00126554,0,0,0.047498,-0.0594817,0.0930344,0.58309,-0.038267,0.415856,-0.000261776,0,0,3.03577e-12,-0.198293,0.00250073,0.00261692,0.00224835,0.00367122,0.00160101,0,0,-0.0247659,-0.00852069,-0.0286311,-0.00213088,0.0196815,-0.00648091,0.0676979,0,0,0,-1.20024e-12,0,0,0,1.20024e-12,0,1.16423e-10,0,0,0,0,0,0,0,0,0.905991,-4.30256e-09,0,0,0,1.20024e-12,0,0,0,1.20024e-12,0,0,0,0,0,0,0,0,-4.30226e-09,0.905991,
1.73472e-12,-0.324017,0.0122285,-0.00133302,0.00127197,0.000609953,-2.94028e-05,0,0,0.550135,-0.0142397,-0.0808246,0.0158445,0.0109726,0.00353827,-0.00119337,8.67362e-13,0,2.48689e-12,-2,-0.00282906,-0.00945546,-0.00211538,-0.000641288,-6.2279e-06,0,0,0.0213904,0.740549,0.0213447,0.0556422,-0.0169633,-0.0128283,0.0251675,1.24209e-11,0,0,-0.182952,0.0827887,0.0112822,0.00347569,0.00193504,-7.5262e-05,0,0,-0.0810015,-0.00797771,0.503909,-0.0118239,-0.0026134,0.00841476,-0.002193,0,0,-3.46945e-11,-1.61488,0.00526976,0.0438057,0.00479733,-0.000653596,-6.84421e-05,0,0,0.0184768,-0.0685985,-0.00760313,0.64296,0.0114181,0.0535996,0.00628301,6.93889e-12,0,-1.9082e-11,0.887336,0.0417743,0.00909717,-0.0385238,-0.0284878,0.000873455,0,0,0.115945,0.0389866,-0.0239498,0.150557,0.381612,-0.0324112,0.0160763,-1.73472e-12,0,3.46945e-11,-1.30972,0.00458461,-0.0434666,-0.0334624,0.0310933,0.00126525,0,0,0.0474982,-0.0593978,0.0930724,0.583021,-0.0382554,0.41587,-0.000271077,0,0,1.60462e-11,-0.19842,0.00250184,0.00261564,0.00224839,0.00367096,0.00160157,0,0,-0.0247615,-0.00852627,-0.0286322,-0.00211752,0.0196693,-0.00648356,0.0676992,4.33681e-13,0,0,-2.40048e-12,2.40048e-12,0,-2.40048e-12,-2.40048e-12,2.40048e-12,0,0,0,0,0,0,0,0,0,0.905991,4.23205e-09,0,-1.20024e-12,0,0,0,0,0,0,0,0,0,0,0,0,0,0,4.23235e-09,0.905991,
3.85803e-07,-0.324452,0.012237,-0.00133597,0.00127315,0.00061079,-2.94199e-05,0,0,0.550143,-0.0142588,-0.0808632,0.0158729,0.010977,0.00353602,-0.00119106,0,0,8.52672e-08,-2,-0.00283369,-0.00946438,-0.00211925,-0.000640697,-6.18997e-06,0,0,0.021413,0.740545,0.021374,0.0556896,-0.0169693,-0.0128553,0.0251697,0,0,4.77639e-07,-0.183217,0.0827849,0.0112847,0.00347933,0.00193656,-7.52818e-05,0,0,-0.081041,-0.00798926,0.504093,-0.0118151,-0.00258914,0.00841717,-0.00219205,0,0,-1.82923e-07,-1.61582,0.00527175,0.0438204,0.00479922,-0.000653576,-6.83949e-05,0,0,0.0185077,-0.0686389,-0.00758695,0.642986,0.0114088,0.0535843,0.00628843,0,0,3.61165e-06,0.887712,0.0417685,0.00911069,-0.0385623,-0.0285033,0.000873284,0,0,0.116001,0.0390035,-0.0237047,0.150495,0.381677,-0.0323989,0.0160628,0,0,-6.57994e-07,-1.30777,0.00458847,-0.0434793,-0.0334816,0.031105,0.00126495,0,0,0.0474983,-0.059314,0.0931101,0.582953,-0.0382438,0.415883,-0.000280384,0,0,-8.61793e-08,-0.198547,0.00250312,0.00261418,0.00224859,0.00367079,0.00160213,0,0,-0.0247572,-0.00853185,-0.0286334,-0.00210416,0.0196572,-0.0064862,0.0677006,0,0,-1.20024e-12,0,-1.20024e-12,-2.40048e-12,0,0,0,0,0,0,0,0,0,0,0,0,0.905991,4.27796e-09,0,0,0,0,0,0,0,0,0,0,0,0,0,0,0,0,4.27796e-09,0.905991,
0,-0.324887,0.0122463,-0.0013393,0.0012751,0.000611242,-2.94368e-05,0,0,0.550151,-0.014278,-0.0809019,0.0159013,0.0109815,0.00353375,-0.00118874,0,0,1.0117e-11,-2,-0.00283817,-0.00947339,-0.00212294,-0.00064019,-6.15206e-06,0,0,0.0214357,0.74054,0.0214033,0.0557371,-0.0169752,-0.0128823,0.0251718,0,0,-3.46945e-12,-0.183482,0.0827822,0.0112866,0.00348392,0.0019376,-7.53016e-05,0,0,-0.0810806,-0.00800083,0.504277,-0.0118063,-0.00256487,0.00841955,-0.00219109,0,0,6.93889e-12,-1.61676,0.00527336,0.0438353,0.00480074,-0.000653376,-6.83475e-05,0,0,0.0185386,-0.0686793,-0.00757073,0.643012,0.0113995,0.053569,0.00629386,0,0,-3.38271e-11,0.888088,0.0417698,0.0091206,-0.0385936,-0.0285223,0.000873112,0,0,0.116057,0.0390204,-0.0234595,0.150433,0.381743,-0.0323866,0.0160493,0,0,-4.16334e-11,-1.30582,0.00459101,-0.0434912,-0.0335019,0.0311174,0.00126465,0,0,0.0474982,-0.05923,0.0931477,0.582885,-0.0382322,0.415897,-0.000289699,0,0,4.33681e-13,-0.198674,0.00250423,0.00261282,0.00224862,0.0036707,0.00160269,0,0,-0.0247528,-0.00853743,-0.0286345,-0.0020908,0.019645,-0.00648884,0.0677019,0,0,0,0,0,0,1.20024e-12,0,2.40048e-12,1.72835e-10,0,0,0,0,0,0,0,0,0.905991,-4.43639e-09,0,0,-1.20024e-12,0,0,-1.20024e-12,0,0,0,0,0,0,0,0,0,0,-4.43669e-09,0.905991,
3.85752e-07,-0.325324,0.0122564,-0.00134265,0.00127667,0.000612464,-2.94538e-05,0,0,0.550159,-0.0142971,-0.0809406,0.0159298,0.0109859,0.00353146,-0.00118642,0,0,8.53329e-08,-2,-0.00284247,-0.00948241,-0.00212673,-0.000639509,-6.11419e-06,0,0,0.0214583,0.740536,0.0214326,0.0557845,-0.0169812,-0.0129093,0.0251739,0,0,4.78043e-07,-0.183748,0.0827803,0.0112886,0.00348804,0.0019396,-7.53212e-05,0,0,-0.0811202,-0.00801243,0.504462,-0.0117974,-0.0025406,0.00842192,-0.00219013,0,0,-1.83048e-07,-1.6177,0.00527461,0.0438503,0.00480243,-0.000653544,-6.83001e-05,0,0,0.0185696,-0.0687197,-0.00755445,0.643038,0.0113901,0.0535537,0.0062993,0,0,3.61575e-06,0.888464,0.0417783,0.00913052,-0.0386284,-0.0285341,0.000872939,0,0,0.116113,0.0390373,-0.0232143,0.15037,0.381809,-0.0323743,0.0160358,0,0,-6.58432e-07,-1.30387,0.00459223,-0.0435031,-0.0335216,0.0311285,0.00126436,0,0,0.047498,-0.059146,0.0931852,0.582816,-0.0382206,0.41591,-0.000299021,0,0,-8.61715e-08,-0.198801,0.00250518,0.00261145,0.00224874,0.00367044,0.00160324,0,0,-0.0247484,-0.00854301,-0.0286356,-0.00207746,0.0196329,-0.00649149,0.0677032,0,0,0,0,0,0,0,-1.20024e-12,1.20024e-12,0,0,0,0,0,0,0,0,0,0.905991,-4.4568e-09,1.20024e-12,0,-1.20024e-12,0,-1.20024e-12,-1.20024e-12,0,0,0,0,0,0,0,0,0,0,-4.4568e-09,0.905991,
3.85732e-07,-0.32576,0.0122658,-0.0013464,0.00127823,0.000613687,-2.94707e-05,0,0,0.550167,-0.0143164,-0.0809794,0.0159583,0.0109904,0.00352915,-0.0011841,0,0,8.537e-08,-2,-0.00284696,-0.00949152,-0.00213051,-0.000638827,-6.07631e-06,0,0,0.021481,0.740531,0.0214619,0.055832,-0.0169872,-0.0129363,0.025176,0,0,4.7826e-07,-0.184014,0.0827775,0.0112901,0.00349215,0.00194159,-7.53407e-05,0,0,-0.0811599,-0.00802406,0.504647,-0.0117884,-0.00251633,0.00842427,-0.00218917,0,0,-1.83166e-07,-1.61865,0.00527621,0.0438654,0.00480412,-0.000653715,-6.82527e-05,0,0,0.0186007,-0.0687602,-0.00753813,0.643064,0.0113808,0.0535385,0.00630473,0,0,3.61781e-06,0.888843,0.0417796,0.00913683,-0.0386632,-0.0285458,0.000872766,0,0,0.116169,0.0390542,-0.0229691,0.150308,0.381874,-0.032362,0.0160224,0,0,-6.58563e-07,-1.30192,0.00459475,-0.0435143,-0.0335413,0.0311396,0.00126406,0,0,0.0474976,-0.059062,0.0932224,0.582748,-0.038209,0.415924,-0.00030835,0,0,-8.61624e-08,-0.198928,0.0025063,0.00261016,0.00224885,0.00367017,0.0016038,0,0,-0.024744,-0.00854858,-0.0286366,-0.00206412,0.0196207,-0.00649413,0.0677046,0,0,0,-1.20024e-12,0,0,0,-1.20024e-12,0,0,0,0,0,0,0,0,0,0,0.905991,-4.34817e-09,0,1.20024e-12,0,0,1.20024e-12,-1.20024e-12,0,0,0,0,0,0,0,0,0,0,-4.34877e-09,0.905991,
-5.20417e-12,-0.326199,0.0122748,-0.00134938,0.00127979,0.000614523,-2.91018e-05,0,0,0.550175,-0.0143356,-0.0810183,0.0159869,0.0109948,0.00352682,-0.00118177,0,0,-4.56043e-12,-2,-0.00285153,-0.00950046,-0.0021343,-0.000638227,-5.95305e-06,0,0,0.0215037,0.740527,0.0214912,0.0558794,-0.0169932,-0.0129633,0.0251781,0,0,-2.25514e-11,-0.184282,0.0827742,0.0112925,0.00349625,0.0019431,-7.48817e-05,0,0,-0.0811998,-0.00803571,0.504832,-0.0117794,-0.00249206,0.0084266,-0.0021882,0,0,3.46945e-11,-1.61959,0.005278,0.0438802,0.0048058,-0.000653706,-6.83884e-05,0,0,0.0186318,-0.0688008,-0.00752176,0.64309,0.0113715,0.0535231,0.00631017,0,0,-5.0307e-11,0.889211,0.0417771,0.00915037,-0.0386979,-0.0285611,0.000876212,0,0,0.116224,0.0390711,-0.0227238,0.150246,0.38194,-0.0323497,0.0160089,0,0,-6.245e-11,-1.29996,0.00459793,-0.0435268,-0.0335609,0.0311515,0.0012631,0,0,0.0474971,-0.0589779,0.0932595,0.58268,-0.0381974,0.415938,-0.000317687,0,0,-4.33681e-13,-0.199054,0.00250751,0.0026087,0.00224895,0.00366999,0.00160427,0,0,-0.0247395,-0.00855416,-0.0286377,-0.00205078,0.0196086,-0.00649678,0.0677059,0,0,0,-2.40048e-12,0,0,-2.40048e-12,0,-2.40048e-12,0,0,0,0,0,0,0,0,0,0.905991,4.14233e-09,0,-1.20024e-12,0,-1.20024e-12,-1.20024e-12,-1.20024e-12,-1.20024e-12,0,0,0,0,0,0,0,0,0,4.14263e-09,0.905991,
8.67362e-13,-0.326637,0.0122846,-0.00135276,0.00128135,0.000614973,-2.989e-05,0,0,0.550183,-0.0143549,-0.0810573,0.0160156,0.0109992,0.00352447,-0.00117944,0,0,9.20894e-12,-2,-0.00285594,-0.0095095,-0.00213809,-0.000637711,-6.08606e-06,0,0,0.0215264,0.740522,0.0215206,0.0559269,-0.0169991,-0.0129903,0.0251802,0,0,-5.20417e-12,-0.184549,0.0827718,0.0112944,0.00350035,0.00194414,-7.58582e-05,0,0,-0.0812397,-0.00804739,0.505016,-0.0117704,-0.0024678,0.00842891,-0.00218723,0,0,-1.38778e-11,-1.62054,0.00527941,0.0438951,0.00480747,-0.000653515,-6.79743e-05,0,0,0.018663,-0.0688414,-0.00750534,0.643116,0.0113622,0.0535078,0.00631561,0,0,-1.73472e-11,0.88959,0.0417818,0.0091603,-0.0387325,-0.02858,0.000868795,0,0,0.11628,0.039088,-0.0224786,0.150183,0.382006,-0.0323374,0.0159954,0,0,2.08167e-11,-1.29801,0.00459979,-0.0435385,-0.0335805,0.0311641,0.00126411,0,0,0.0474964,-0.0588937,0.0932964,0.582611,-0.0381858,0.415951,-0.000327031,0,0,1.12757e-11,-0.199181,0.00250855,0.00260733,0.00224906,0.00366989,0.001605,0,0,-0.0247351,-0.00855973,-0.0286388,-0.00203745,0.0195965,-0.00649942,0.0677072,0,0,0,0,0,0,-1.20024e-12,-1.20024e-12,-1.20024e-12,0,0,0,0,0,0,0,0,0,0.905991,4.06822e-09,0,0,0,0,0,0,0,0,0,0,0,0,0,0,0,0,4.06792e-09,0.905991,
2.60209e-12,-0.327076,0.0122936,-0.00135576,0.00128329,0.000616195,-2.95211e-05,0,0,0.550191,-0.0143742,-0.0810963,0.0160444,0.0110036,0.0035221,-0.0011771,0,0,1.14925e-11,-2,-0.00286053,-0.00951847,-0.00214179,-0.000637022,-5.96277e-06,0,0,0.0215491,0.740518,0.0215499,0.0559743,-0.0170051,-0.0130173,0.0251823,0,0,1.56125e-11,-0.184817,0.0827685,0.0112968,0.00350493,0.00194612,-7.53987e-05,0,0,-0.0812796,-0.00805909,0.505201,-0.0117613,-0.00244353,0.0084312,-0.00218626,0,0,-6.93889e-12,-1.62149,0.00528118,0.0439099,0.00480896,-0.000653693,-6.81099e-05,0,0,0.0186943,-0.068882,-0.00748887,0.643142,0.0113528,0.0534925,0.00632105,0,0,1.73472e-11,0.889969,0.0417792,0.00917387,-0.0387635,-0.0285916,0.000872242,0,0,0.116336,0.0391049,-0.0222333,0.150121,0.382071,-0.0323251,0.0159819,0,0,4.85723e-11,-1.29606,0.00460296,-0.0435509,-0.0336007,0.0311755,0.00126315,0,0,0.0474955,-0.0588095,0.0933332,0.582543,-0.0381742,0.415965,-0.000336382,0,0,1.30104e-12,-0.199308,0.00250977,0.00260586,0.00224907,0.00366961,0.00160547,0,0,-0.0247306,-0.0085653,-0.0286399,-0.00202413,0.0195843,-0.00650207,0.0677085,0,0,0,0,0,0,0,0,0,5.64113e-11,0,0,0,0,0,0,0,0,0.905991,4.09822e-09,0,0,-1.20024e-12,0,0,0,0,-1.20024e-12,0,0,0,0,0,0,0,0,4.09792e-09,0.905991,
0,-0.327516,0.0123035,-0.00135916,0.00128446,0.000616645,-2.95378e-05,0,0,0.550199,-0.0143936,-0.0811355,0.0160732,0.011008,0.00351971,-0.00117476,0,0,-6.09864e-14,-2,-0.00286496,-0.00952752,-0.00214567,-0.000636501,-5.92495e-06,0,0,0.0215718,0.740513,0.0215793,0.0560218,-0.0170111,-0.0130443,0.0251844,0,0,1.73472e-12,-0.185087,0.0827661,0.0112987,0.00350854,0.00194715,-7.54178e-05,0,0,-0.0813197,-0.00807082,0.505387,-0.0117522,-0.00241926,0.00843348,-0.00218528,0,0,0,-1.62243,0.00528258,0.0439249,0.0048108,-0.000653507,-6.80623e-05,0,0,0.0187256,-0.0689227,-0.00747235,0.643168,0.0113435,0.0534772,0.0063265,0,0,7.80626e-12,0.890341,0.0417838,0.00918381,-0.0388017,-0.0286105,0.000872066,0,0,0.116391,0.0391218,-0.021988,0.150059,0.382137,-0.0323128,0.0159684,0,0,0,-1.2941,0.0046048,-0.0435626,-0.0336195,0.0311882,0.00126285,0,0,0.0474945,-0.0587252,0.0933697,0.582474,-0.0381626,0.415979,-0.00034574,0,0,4.77049e-12,-0.199434,0.00251082,0.00260448,0.00224925,0.00366951,0.00160602,0,0,-0.0247261,-0.00857087,-0.028641,-0.00201081,0.0195722,-0.00650472,0.0677099,0,0,0,0,0,1.20024e-12,0,-1.20024e-12,-2.40048e-12,-1.16423e-10,0,0,0,0,0,0,0,0,0.905991,4.22635e-09,0,0,0,0,0,0,0,0,0,0,0,0,0,0,0,0,4.22665e-09,0.905991,
-8.67362e-13,-0.327957,0.0123129,-0.00136333,0.00128601,0.00061748,-2.91688e-05,0,0,0.550207,-0.014413,-0.0811747,0.016102,0.0110124,0.0035173,-0.00117241,0,0,-3.13063e-12,-2,-0.00286947,-0.00953675,-0.00214946,-0.000635893,-5.80161e-06,0,0,0.0215946,0.740509,0.0216087,0.0560692,-0.0170171,-0.0130713,0.0251864,0,0,-1.04083e-11,-0.185356,0.0827633,0.0112996,0.00351263,0.00194865,-7.49575e-05,0,0,-0.0813598,-0.00808257,0.505572,-0.0117431,-0.00239499,0.00843573,-0.0021843,0,0,-1.38778e-11,-1.62338,0.00528416,0.0439403,0.00481246,-0.000653507,-6.81981e-05,0,0,0.018757,-0.0689635,-0.00745579,0.643194,0.0113342,0.0534618,0.00633195,0,0,-1.30104e-11,0.890716,0.0417847,0.0091865,-0.0388362,-0.0286257,0.000875517,0,0,0.116447,0.0391386,-0.0217427,0.149996,0.382203,-0.0323005,0.015955,0,0,2.77556e-11,-1.29214,0.0046073,-0.0435729,-0.033639,0.0312004,0.00126189,0,0,0.0474933,-0.0586409,0.0934061,0.582405,-0.038151,0.415993,-0.000355106,0,0,4.77049e-12,-0.199561,0.00251195,0.00260328,0.00224934,0.00366932,0.00160649,0,0,-0.0247216,-0.00857644,-0.028642,-0.0019975,0.0195601,-0.00650737,0.0677112,0,0,0,0,0,-1.20024e-12,-1.20024e-12,0,-1.20024e-12,0,0,0,0,0,0,0,0,0,0.905991,-4.4655e-09,0,0,0,0,0,0,0,1.20024e-12,0,0,0,0,0,0,0,0,-4.4649e-09,0.905991,
2.60209e-12,-0.328398,0.012322,-0.00136675,0.00128795,0.000618701,-2.91855e-05,0,0,0.550215,-0.0144324,-0.081214,0.016131,0.0110167,0.00351487,-0.00117006,0,0,-4.81115e-13,-2,-0.00287407,-0.00954582,-0.00215317,-0.000635197,-5.76375e-06,0,0,0.0216173,0.740504,0.021638,0.0561167,-0.0170231,-0.0130983,0.0251885,0,0,1.56125e-11,-0.185626,0.0827599,0.0113014,0.0035172,0.00195063,-7.49763e-05,0,0,-0.0814,-0.00809435,0.505757,-0.0117339,-0.00237073,0.00843796,-0.00218332,0,0,6.93889e-12,-1.62433,0.00528592,0.0439552,0.00481393,-0.000653693,-6.81504e-05,0,0,0.0187885,-0.0690043,-0.00743917,0.64322,0.0113248,0.0534464,0.0063374,0,0,1.21431e-11,0.891095,0.0417819,0.00919645,-0.038867,-0.0286372,0.000875341,0,0,0.116502,0.0391555,-0.0214974,0.149934,0.382268,-0.0322882,0.0159415,0,0,-5.55112e-11,-1.29018,0.00461045,-0.0435844,-0.0336591,0.0312119,0.00126158,0,0,0.047492,-0.0585565,0.0934423,0.582337,-0.0381394,0.416006,-0.000364479,0,0,-4.33681e-13,-0.199687,0.00251318,0.00260189,0.00224934,0.00366903,0.00160704,0,0,-0.0247171,-0.00858201,-0.0286431,-0.0019842,0.019548,-0.00651002,0.0677125,0,0,0,0,0,0,-2.40048e-12,2.40048e-12,0,0,0,0,0,0,0,0,0,0,0.905991,-4.56332e-09,0,0,0,0,0,-1.20024e-12,-1.20024e-12,0,0,0,0,0,0,0,0,0,-4.56422e-09,0.905991,
1.73472e-12,-0.328841,0.0123316,-0.00136979,0.00128911,0.00061915,-2.9202e-05,0,0,0.550223,-0.0144519,-0.0812533,0.0161599,0.0110211,0.00351242,-0.00116771,0,0,1.00492e-11,-2,-0.0028786,-0.00955481,-0.00215705,-0.00063467,-5.72592e-06,0,0,0.0216401,0.7405,0.0216674,0.0561641,-0.017029,-0.0131253,0.0251905,0,0,-3.46945e-12,-0.185897,0.082757,0.0113037,0.0035208,0.00195165,-7.49949e-05,0,0,-0.0814404,-0.00810615,0.505943,-0.0117246,-0.00234646,0.00844018,-0.00218233,0,0,6.93889e-12,-1.62528,0.00528749,0.0439701,0.00481575,-0.000653514,-6.81026e-05,0,0,0.01882,-0.0690451,-0.00742251,0.643246,0.0113155,0.0534311,0.00634286,0,0,-2.68882e-11,0.891467,0.0417826,0.00921004,-0.0389051,-0.0286559,0.000875165,0,0,0.116557,0.0391724,-0.021252,0.149872,0.382334,-0.032276,0.0159281,0,0,-5.55112e-11,-1.28822,0.00461293,-0.0435966,-0.0336779,0.0312248,0.00126127,0,0,0.0474906,-0.0584721,0.0934783,0.582268,-0.0381278,0.41602,-0.000373859,0,0,7.80626e-12,-0.199814,0.00251432,0.00260042,0.00224951,0.00366892,0.0016076,0,0,-0.0247126,-0.00858758,-0.0286441,-0.0019709,0.0195358,-0.00651267,0.0677138,0,0,0,1.20024e-12,1.20024e-12,0,1.20024e-12,0,1.20024e-12,-1.15223e-10,0,0,0,0,0,0,0,0,0.905991,-4.51531e-09,0,1.20024e-12,1.20024e-12,0,0,-1.20024e-12,1.20024e-12,0,0,0,0,0,0,0,0,0,-4.51621e-09,0.905991,
-1.73472e-12,-0.329284,0.0123411,-0.00137284,0.00129066,0.000619985,-2.96041e-05,0,0,0.550232,-0.0144714,-0.0812928,0.016189,0.0110254,0.00350995,-0.00116534,0,0,2.43945e-13,-2,-0.00288313,-0.0095638,-0.00216085,-0.000634056,-5.7738e-06,0,0,0.0216628,0.740496,0.0216968,0.0562116,-0.017035,-0.0131523,0.0251926,0,0,-1.73472e-12,-0.186167,0.0827541,0.011306,0.00352488,0.00195315,-7.54933e-05,0,0,-0.0814807,-0.00811798,0.506128,-0.0117154,-0.00232219,0.00844237,-0.00218135,0,0,0,-1.62624,0.00528905,0.0439849,0.00481739,-0.000653521,-6.7871e-05,0,0,0.0188516,-0.069086,-0.00740579,0.643272,0.0113061,0.0534157,0.00634831,0,0,-1.82146e-11,0.891846,0.0417833,0.00922363,-0.0389394,-0.028671,0.000871354,0,0,0.116613,0.0391893,-0.0210066,0.14981,0.382399,-0.0322637,0.0159146,0,0,2.77556e-11,-1.28626,0.00461541,-0.0436087,-0.0336972,0.0312371,0.00126163,0,0,0.0474889,-0.0583876,0.0935142,0.582199,-0.0381162,0.416034,-0.000383246,0,0,1.38778e-11,-0.199941,0.00251547,0.00259895,0.00224959,0.00366872,0.00160823,0,0,-0.024708,-0.00859314,-0.0286452,-0.00195761,0.0195237,-0.00651532,0.0677152,0,0,0,1.20024e-12,-2.40048e-12,0,2.40048e-12,1.20024e-12,1.20024e-12,-5.64113e-11,0,0,0,0,0,0,0,0,0.905991,-4.34607e-09,0,-1.20024e-12,0,0,0,-1.20024e-12,-1.20024e-12,1.20024e-12,0,0,0,0,0,0,0,0,-4.34637e-09,0.905991,
-1.73472e-12,-0.329728,0.0123511,-0.00137629,0.00129182,0.000620819,-2.96206e-05,0,0,0.55024,-0.0144909,-0.0813323,0.0162181,0.0110298,0.00350746,-0.00116298,0,0,5.04154e-12,-2,-0.00288758,-0.00957289,-0.00216473,-0.000633439,-5.73604e-06,0,0,0.0216856,0.740492,0.0217262,0.0562591,-0.017041,-0.0131793,0.0251946,0,0,-8.67362e-12,-0.18644,0.0827517,0.0113078,0.00352847,0.00195464,-7.5512e-05,0,0,-0.0815212,-0.00812984,0.506314,-0.011706,-0.00229792,0.00844455,-0.00218036,0,0,2.08167e-11,-1.62719,0.00529043,0.0439999,0.00481921,-0.000653531,-6.7823e-05,0,0,0.0188832,-0.0691269,-0.00738903,0.643299,0.0112968,0.0534003,0.00635377,0,0,-2.34188e-11,0.892217,0.0417876,0.0092336,-0.0389774,-0.028686,0.000871175,0,0,0.116668,0.0392062,-0.0207613,0.149748,0.382465,-0.0322514,0.0159012,0,0,-1.38778e-11,-1.2843,0.00461722,-0.0436201,-0.0337159,0.0312495,0.00126132,0,0,0.0474871,-0.0583031,0.0935499,0.58213,-0.0381046,0.416048,-0.000392641,0,0,7.80626e-12,-0.200067,0.00251654,0.00259756,0.00224975,0.00366852,0.00160878,0,0,-0.0247034,-0.00859871,-0.0286462,-0.00194432,0.0195116,-0.00651797,0.0677165,0,0,0,-2.40048e-12,0,1.20024e-12,-1.20024e-12,-2.40048e-12,-2.40048e-12,-1.12823e-10,0,0,0,0,0,0,0,0,0.905991,4.09312e-09,0,0,0,-1.20024e-12,1.20024e-12,1.20024e-12,1.20024e-12,-2.40048e-12,0,0,0,0,0,0,0,0,4.09432e-09,0.905991,
-3.46945e-12,-0.330172,0.0123603,-0.00137975,0.00129375,0.000621653,-2.9637e-05,0,0,0.550248,-0.0145105,-0.0813719,0.0162473,0.0110341,0.00350495,-0.00116061,0,0,-3.75405e-12,-2,-0.00289221,-0.00958198,-0.00216845,-0.00063282,-5.69828e-06,0,0,0.0217084,0.740487,0.0217556,0.0563066,-0.017047,-0.0132063,0.0251966,0,0,-2.25514e-11,-0.186712,0.0827483,0.0113096,0.00353303,0.00195613,-7.55305e-05,0,0,-0.0815617,-0.00814172,0.506499,-0.0116967,-0.00227366,0.0084467,-0.00217936,0,0,-1.38778e-11,-1.62815,0.00529216,0.0440149,0.00482065,-0.000653543,-6.7775e-05,0,0,0.0189149,-0.0691679,-0.00737222,0.643325,0.0112874,0.0533849,0.00635923,0,0,1.56125e-11,0.892596,0.0417845,0.00924357,-0.039008,-0.028701,0.000870994,0,0,0.116723,0.039223,-0.0205159,0.149685,0.382531,-0.0322392,0.0158877,0,0,4.16334e-11,-1.28234,0.00462035,-0.0436315,-0.0337358,0.0312619,0.00126101,0,0,0.0474852,-0.0582185,0.0935853,0.582062,-0.038093,0.416062,-0.000402042,0,0,-2.25514e-11,-0.200193,0.00251778,0.00259618,0.00224973,0.00366831,0.00160933,0,0,-0.0246989,-0.00860427,-0.0286472,-0.00193104,0.0194995,-0.00652062,0.0677178,0,0,0,0,-2.40048e-12,0,-2.40048e-12,2.40048e-12,0,0,0,0,0,0,0,0,0,0,0.905991,3.9797e-09,0,0,1.20024e-12,0,1.20024e-12,1.20024e-12,0,0,0,0,0,0,0,0,0,0,3.9797e-09,0.905991,
-1.73472e-12,-0.330618,0.0123695,-0.00138321,0.00129529,0.000622487,-2.96534e-05,0,0,0.550257,-0.0145301,-0.0814116,0.0162766,0.0110384,0.00350242,-0.00115823,0,0,-8.77526e-12,-2,-0.00289685,-0.00959108,-0.00217225,-0.000632198,-5.66056e-06,0,0,0.0217312,0.740483,0.0217851,0.056354,-0.017053,-0.0132333,0.0251986,0,0,-6.93889e-12,-0.186985,0.0827449,0.0113114,0.00353709,0.00195762,-7.55489e-05,0,0,-0.0816024,-0.00815363,0.506685,-0.0116872,-0.00224939,0.00844884,-0.00217837,0,0,6.93889e-12,-1.6291,0.00529389,0.0440299,0.00482227,-0.000653557,-6.77269e-05,0,0,0.0189467,-0.069209,-0.00735536,0.643351,0.0112781,0.0533694,0.0063647,0,0,-1.64799e-11,0.892971,0.0417814,0.00925355,-0.0390422,-0.028716,0.000870813,0,0,0.116778,0.0392399,-0.0202704,0.149623,0.382596,-0.0322269,0.0158743,0,0,6.93889e-12,-1.28037,0.00462347,-0.0436428,-0.0337551,0.0312744,0.0012607,0,0,0.0474831,-0.0581339,0.0936207,0.581993,-0.0380814,0.416076,-0.000411451,0,0,1.04083e-11,-0.20032,0.00251902,0.00259478,0.0022498,0.00366811,0.00160988,0,0,-0.0246943,-0.00860983,-0.0286483,-0.00191777,0.0194874,-0.00652327,0.0677191,0,0,0,3.60072e-12,0,1.20024e-12,1.20024e-12,0,1.20024e-12,0,0,0,0,0,0,0,0,0,0.905991,3.9692e-09,0,0,1.20024e-12,0,0,0,0,0,0,0,0,0,0,0,0,0,3.9695e-09,0.905991,
8.67362e-13,-0.331065,0.0123791,-0.00138707,0.00129721,0.000623706,-2.96697e-05,0,0,0.550265,-0.0145497,-0.0814513,0.0163059,0.0110427,0.00349987,-0.00115585,0,0,6.43745e-13,-2,-0.00290141,-0.00960028,-0.00217596,-0.000631489,-5.62284e-06,0,0,0.021754,0.740479,0.0218145,0.0564015,-0.017059,-0.0132603,0.0252006,0,0,1.73472e-12,-0.187259,0.0827419,0.0113126,0.00354164,0.00195959,-7.55672e-05,0,0,-0.0816431,-0.00816557,0.506871,-0.0116778,-0.00222512,0.00845095,-0.00217737,0,0,-6.93889e-12,-1.63006,0.00529544,0.0440451,0.00482369,-0.000653758,-6.76788e-05,0,0,0.0189786,-0.06925,-0.00733844,0.643377,0.0112687,0.053354,0.00637017,0,0,1.99493e-11,0.893338,0.0417818,0.00925989,-0.0390727,-0.0287273,0.000870632,0,0,0.116833,0.0392568,-0.020025,0.149561,0.382662,-0.0322147,0.0158609,0,0,5.55112e-11,-1.27841,0.00462593,-0.0436534,-0.033775,0.0312863,0.00126039,0,0,0.0474808,-0.0580492,0.0936558,0.581924,-0.0380698,0.41609,-0.000420867,0,0,-1.25767e-11,-0.200446,0.00252018,0.00259348,0.00224978,0.00366781,0.00161043,0,0,-0.0246896,-0.00861539,-0.0286493,-0.00190451,0.0194753,-0.00652592,0.0677204,0,0,0,0,-1.20024e-12,-1.20024e-12,-1.20024e-12,0,1.20024e-12,0,0,0,0,0,0,0,0,0,0.905991,4.04991e-09,0,0,0,1.20024e-12,-1.20024e-12,0,0,0,0,0,0,0,0,0,0,0,4.04991e-09,0.905991,
8.67362e-13,-0.331511,0.0123895,-0.00139056,0.00129836,0.000623768,-2.93006e-05,0,0,0.550274,-0.0145694,-0.0814912,0.0163353,0.011047,0.0034973,-0.00115347,0,0,3.57109e-12,-2,-0.0029058,-0.00960939,-0.00217985,-0.000631035,-5.49931e-06,0,0,0.0217769,0.740475,0.0218439,0.056449,-0.017065,-0.0132874,0.0252026,0,0,1.73472e-12,-0.187533,0.0827399,0.0113144,0.00354521,0.00196011,-7.51045e-05,0,0,-0.0816839,-0.00817753,0.507057,-0.0116683,-0.00220086,0.00845305,-0.00217636,0,0,1.38778e-11,-1.63102,0.0052966,0.0440601,0.00482548,-0.000653408,-6.78148e-05,0,0,0.0190105,-0.0692912,-0.00732148,0.643403,0.0112594,0.0533385,0.00637564,0,0,-3.38271e-11,0.893717,0.0417894,0.00926987,-0.0391104,-0.0287495,0.000874094,0,0,0.116888,0.0392737,-0.0197796,0.149499,0.382727,-0.0322024,0.0158474,0,0,-2.08167e-11,-1.27644,0.00462706,-0.0436646,-0.0337935,0.0313002,0.00125941,0,0,0.0474784,-0.0579644,0.0936908,0.581855,-0.0380582,0.416103,-0.000430291,0,0,1.30104e-12,-0.200573,0.00252117,0.00259208,0.00224992,0.00366777,0.00161089,0,0,-0.024685,-0.00862095,-0.0286503,-0.00189124,0.0194632,-0.00652858,0.0677218,0,0,0,0,1.20024e-12,0,0,-1.20024e-12,0,0,0,0,0,0,0,0,0,0,0.905991,4.22545e-09,0,0,-1.20024e-12,0,-2.40048e-12,1.20024e-12,-2.40048e-12,-1.20024e-12,0,0,0,0,0,0,0,0,4.22635e-09,0.905991,
8.67362e-13,-0.331959,0.0123988,-0.00139406,0.00129989,0.000625372,-2.97022e-05,0,0,0.550282,-0.0145891,-0.0815311,0.0163648,0.0110513,0.00349471,-0.00115108,0,0,9.44611e-12,-2,-0.00291045,-0.00961852,-0.00218366,-0.000630235,-5.54744e-06,0,0,0.0217997,0.740471,0.0218734,0.0564965,-0.017071,-0.0133144,0.0252046,0,0,1.73472e-12,-0.187808,0.0827365,0.0113161,0.00354927,0.00196256,-7.56036e-05,0,0,-0.0817247,-0.00818951,0.507243,-0.0116587,-0.00217659,0.00845513,-0.00217536,0,0,-1.38778e-11,-1.63198,0.00529832,0.0440752,0.00482708,-0.000653798,-6.75824e-05,0,0,0.0190425,-0.0693324,-0.00730447,0.64343,0.01125,0.0533231,0.00638111,0,0,-1.73472e-11,0.894088,0.0417861,0.00927986,-0.0391445,-0.0287571,0.000870267,0,0,0.116942,0.0392905,-0.0195341,0.149437,0.382793,-0.0321902,0.015834,0,0,3.46945e-11,-1.27447,0.00463017,-0.0436757,-0.0338127,0.0313116,0.00125976,0,0,0.0474759,-0.0578796,0.0937256,0.581786,-0.0380466,0.416117,-0.000439721,0,0,3.90313e-12,-0.200699,0.00252242,0.00259069,0.00224998,0.00366738,0.00161152,0,0,-0.0246804,-0.00862651,-0.0286513,-0.00187799,0.0194511,-0.00653123,0.0677231,0,0,0,0,-1.20024e-12,2.40048e-12,-1.20024e-12,1.20024e-12,-1.20024e-12,0,0,0,0,0,0,0,0,0,0.905991,-4.51561e-09,0,0,-2.40048e-12,3.60072e-12,-2.40048e-12,2.40048e-12,-2.40048e-12,0,0,0,0,0,0,0,0,0,-4.51531e-09,0.905991,
-8.67362e-13,-0.332408,0.0124085,-0.00139756,0.00130104,0.000625819,-3.01037e-05,0,0,0.550291,-0.0146088,-0.0815711,0.0163943,0.0110556,0.0034921,-0.00114868,0,0,-1.04151e-11,-2,-0.00291502,-0.00962764,-0.00218755,-0.000629691,-5.59568e-06,0,0,0.0218225,0.740467,0.0219028,0.056544,-0.0170771,-0.0133414,0.0252066,0,0,0,-0.188083,0.0827335,0.0113178,0.00355284,0.00196356,-7.6103e-05,0,0,-0.0817657,-0.00820153,0.50743,-0.0116492,-0.00215232,0.00845719,-0.00217435,0,0,6.93889e-12,-1.63294,0.00529985,0.0440902,0.00482886,-0.000653638,-6.73498e-05,0,0,0.0190745,-0.0693736,-0.00728741,0.643456,0.0112406,0.0533076,0.00638659,0,0,8.67362e-12,0.894466,0.0417863,0.00928986,-0.0391821,-0.0287756,0.000866435,0,0,0.116997,0.0393074,-0.0192886,0.149375,0.382858,-0.0321779,0.0158206,0,0,1.38778e-11,-1.2725,0.00463261,-0.0436868,-0.0338311,0.031325,0.00126011,0,0,0.0474732,-0.0577948,0.0937602,0.581717,-0.038035,0.416131,-0.000449158,0,0,-5.63785e-12,-0.200825,0.0025236,0.00258929,0.00225012,0.00366725,0.00161215,0,0,-0.0246757,-0.00863207,-0.0286523,-0.00186474,0.019439,-0.00653389,0.0677244,0,0,0,-1.20024e-12,0,0,-1.20024e-12,0,0,0,0,0,0,0,0,0,0,0,0.905991,-4.66534e-09,0,0,0,0,-1.20024e-12,1.20024e-12,-1.20024e-12,0,0,0,0,0,0,0,0,0,-4.66534e-09,0.905991,
2.60209e-12,-0.332857,0.0124182,-0.00140108,0.00130334,0.000627037,-3.01198e-05,0,0,0.550299,-0.0146286,-0.0816112,0.0164239,0.0110598,0.00348947,-0.00114628,0,0,-3.75405e-12,-2,-0.0029196,-0.00963678,-0.00219118,-0.000628972,-5.55808e-06,0,0,0.0218454,0.740462,0.0219323,0.0565915,-0.0170831,-0.0133684,0.0252085,0,0,6.93889e-12,-0.188359,0.0827305,0.0113195,0.00355785,0.00196552,-7.61212e-05,0,0,-0.0818067,-0.00821357,0.507616,-0.0116395,-0.00212806,0.00845922,-0.00217334,0,0,-6.93889e-12,-1.6339,0.00530137,0.0441053,0.00483008,-0.000653848,-6.73014e-05,0,0,0.0191066,-0.0694149,-0.00727031,0.643482,0.0112312,0.0532921,0.00639207,0,0,-8.67362e-13,0.894837,0.0417865,0.00929985,-0.0392087,-0.0287867,0.000866248,0,0,0.117052,0.0393242,-0.0190431,0.149313,0.382923,-0.0321657,0.0158072,0,0,-3.46945e-11,-1.27053,0.00463505,-0.0436979,-0.0338515,0.0313371,0.00125979,0,0,0.0474703,-0.0577099,0.0937946,0.581648,-0.0380235,0.416145,-0.000458603,0,0,4.77049e-12,-0.200951,0.00252477,0.00258789,0.00224999,0.00366694,0.0016127,0,0,-0.024671,-0.00863762,-0.0286533,-0.0018515,0.0194269,-0.00653654,0.0677257,0,0,0,0,1.20024e-12,-1.20024e-12,1.20024e-12,0,0,0,0,0,0,0,0,0,0,0,0.905991,-4.65544e-09,0,0,0,0,0,0,0,0,0,0,0,0,0,0,0,0,-4.65574e-09,0.905991,
0,-0.333307,0.0124276,-0.00140461,0.00130449,0.000627484,-2.97506e-05,0,0,0.550308,-0.0146484,-0.0816513,0.0164535,0.0110641,0.00348682,-0.00114388,0,0,1.76183e-12,-2,-0.00292427,-0.00964592,-0.00219508,-0.000628423,-5.43448e-06,0,0,0.0218683,0.740458,0.0219618,0.056639,-0.0170891,-0.0133954,0.0252105,0,0,-1.73472e-12,-0.188635,0.082727,0.0113211,0.00356141,0.00196651,-7.56574e-05,0,0,-0.0818479,-0.00822563,0.507802,-0.0116298,-0.00210379,0.00846124,-0.00217232,0,0,6.93889e-12,-1.63486,0.00530306,0.0441203,0.00483185,-0.000653692,-6.74374e-05,0,0,0.0191388,-0.0694562,-0.00725315,0.643508,0.0112219,0.0532766,0.00639755,0,0,-3.90313e-11,0.895215,0.0417829,0.00930986,-0.0392463,-0.0288051,0.000869714,0,0,0.117106,0.0393411,-0.0187976,0.149251,0.382989,-0.0321535,0.0157938,0,0,-2.77556e-11,-1.26856,0.00463814,-0.0437089,-0.0338699,0.0313506,0.00125881,0,0,0.0474672,-0.0576249,0.0938289,0.581578,-0.0380119,0.416159,-0.000468055,0,0,1.9082e-11,-0.201078,0.00252603,0.00258649,0.00225012,0.00366681,0.00161316,0,0,-0.0246663,-0.00864318,-0.0286543,-0.00183827,0.0194149,-0.0065392,0.067727,0,0,0,0,-3.60072e-12,3.60072e-12,-3.60072e-12,-3.60072e-12,-3.60072e-12,-5.76116e-11,0,0,0,0,0,0,0,0,0.905991,-4.5048e-09,0,0,1.20024e-12,-1.20024e-12,1.20024e-12,1.20024e-12,1.20024e-12,0,0,0,0,0,0,0,0,0,-4.50571e-09,0.905991,
2.60209e-12,-0.333758,0.0124381,-0.00140814,0.0013064,0.000628316,-2.97666e-05,0,0,0.550317,-0.0146682,-0.0816916,0.0164833,0.0110683,0.00348415,-0.00114147,0,0,5.70561e-12,-2,-0.00292869,-0.00965507,-0.0021988,-0.000627786,-5.39687e-06,0,0,0.0218912,0.740454,0.0219913,0.0566864,-0.0170951,-0.0134225,0.0252124,0,0,3.46945e-12,-0.188913,0.0827249,0.0113228,0.00356593,0.00196798,-7.56751e-05,0,0,-0.0818891,-0.00823773,0.507989,-0.0116201,-0.00207953,0.00846324,-0.00217131,0,0,-2.77556e-11,-1.63582,0.0053042,0.0441354,0.00483324,-0.000653723,-6.73889e-05,0,0,0.0191711,-0.0694976,-0.00723594,0.643535,0.0112125,0.0532611,0.00640303,0,0,1.73472e-12,0.89559,0.0417903,0.00931986,-0.0392765,-0.0288199,0.000869528,0,0,0.117161,0.039358,-0.018552,0.149189,0.383054,-0.0321412,0.0157804,0,0,2.77556e-11,-1.26659,0.00463924,-0.0437199,-0.0338896,0.0313635,0.00125849,0,0,0.0474641,-0.0575399,0.0938629,0.581509,-0.0380003,0.416173,-0.000477514,0,0,5.63785e-12,-0.201204,0.00252704,0.00258508,0.00225008,0.00366658,0.0016137,0,0,-0.0246616,-0.00864873,-0.0286553,-0.00182504,0.0194028,-0.00654186,0.0677283,0,0,0,-2.40048e-12,-1.20024e-12,0,-1.20024e-12,0,0,0,0,0,0,0,0,0,0,0,0.905991,4.25515e-09,0,0,-1.20024e-12,-1.20024e-12,-1.20024e-12,0,0,0,0,0,0,0,0,0,0,0,4.25425e-09,0.905991,
-2.60209e-12,-0.33421,0.0124479,-0.00141208,0.00130792,0.000629148,-3.01678e-05,0,0,0.550325,-0.0146881,-0.0817319,0.016513,0.0110725,0.00348146,-0.00113906,0,0,1.28749e-13,-2,-0.00293329,-0.00966431,-0.00220261,-0.000627147,-5.44527e-06,0,0,0.0219141,0.740451,0.0220207,0.0567339,-0.0171011,-0.0134495,0.0252144,0,0,-1.04083e-11,-0.18919,0.0827219,0.0113239,0.00356997,0.00196945,-7.6175e-05,0,0,-0.0819304,-0.00824985,0.508176,-0.0116104,-0.00205526,0.00846522,-0.00217029,0,0,-6.93889e-12,-1.63679,0.00530571,0.0441507,0.00483481,-0.000653756,-6.71558e-05,0,0,0.0192034,-0.069539,-0.00721868,0.643561,0.0112031,0.0532456,0.00640852,0,0,-9.54098e-12,0.895964,0.0417902,0.00932622,-0.0393102,-0.0288346,0.000865685,0,0,0.117215,0.0393748,-0.0183065,0.149127,0.38312,-0.032129,0.015767,0,0,2.77556e-11,-1.26461,0.00464166,-0.0437301,-0.0339085,0.0313765,0.00125884,0,0,0.0474607,-0.0574548,0.0938968,0.58144,-0.0379887,0.416188,-0.00048698,0,0,-7.80626e-12,-0.20133,0.00252822,0.00258377,0.00225012,0.00366635,0.00161433,0,0,-0.0246569,-0.00865428,-0.0286562,-0.00181182,0.0193907,-0.00654451,0.0677297,0,0,0,0,0,0,0,0,0,0,0,0,0,0,0,0,0,0,0.905991,4.15313e-09,0,-2.40048e-12,0,0,-2.40048e-12,0,-1.20024e-12,1.20024e-12,0,0,0,0,0,0,0,0,4.15403e-09,0.905991,
-8.67362e-13,-0.334662,0.0124574,-0.00141525,0.00130906,0.000629979,-2.97985e-05,0,0,0.550334,-0.014708,-0.0817723,0.0165429,0.0110768,0.00347875,-0.00113664,0,0,8.67362e-12,-2,-0.00293798,-0.00967339,-0.00220651,-0.000626506,-5.32165e-06,0,0,0.021937,0.740447,0.0220502,0.0567814,-0.0171071,-0.0134765,0.0252163,0,0,-3.46945e-12,-0.189468,0.0827184,0.011326,0.00357351,0.00197092,-7.57103e-05,0,0,-0.0819717,-0.00826199,0.508362,-0.0116006,-0.002031,0.00846718,-0.00216926,0,0,-6.93889e-12,-1.63776,0.00530739,0.0441655,0.00483655,-0.000653791,-6.72918e-05,0,0,0.0192357,-0.0695805,-0.00720137,0.643587,0.0111937,0.05323,0.00641401,0,0,-4.33681e-12,0.896342,0.0417865,0.00933989,-0.0393476,-0.0288492,0.000869155,0,0,0.117269,0.0393917,-0.0180609,0.149065,0.383185,-0.0321168,0.0157536,0,0,1.38778e-11,-1.26264,0.00464474,-0.0437416,-0.0339268,0.0313895,0.00125785,0,0,0.0474572,-0.0573697,0.0939305,0.581371,-0.0379771,0.416202,-0.000496453,0,0,8.23994e-12,-0.201456,0.0025295,0.00258227,0.00225023,0.00366612,0.00161479,0,0,-0.0246521,-0.00865983,-0.0286572,-0.0017986,0.0193786,-0.00654717,0.067731,0,0,0,1.20024e-12,1.20024e-12,0,0,0,-1.20024e-12,0,0,0,0,0,0,0,0,0,0.905991,4.16634e-09,0,1.20024e-12,0,0,0,0,-1.20024e-12,0,0,0,0,0,0,0,0,0,4.16634e-09,0.905991,
1.73472e-12,-0.335115,0.0124672,-0.00141843,0.00131058,0.000631196,-2.94292e-05,0,0,0.550343,-0.0147279,-0.0818128,0.0165728,0.011081,0.00347602,-0.00113422,0,0,8.15185e-12,-2,-0.00294259,-0.00968247,-0.00221032,-0.000625776,-5.19795e-06,0,0,0.0219599,0.740443,0.0220797,0.0568289,-0.0171132,-0.0135036,0.0252182,0,0,0,-0.189748,0.0827153,0.0113281,0.00357754,0.00197287,-7.52451e-05,0,0,-0.0820132,-0.00827416,0.508549,-0.0115907,-0.00200673,0.00846912,-0.00216824,0,0,-6.93889e-12,-1.63872,0.00530888,0.0441804,0.00483811,-0.000654014,-6.7428e-05,0,0,0.0192682,-0.069622,-0.00718401,0.643614,0.0111843,0.0532145,0.0064195,0,0,3.46945e-11,0.896713,0.0417863,0.00935357,-0.0393813,-0.0288602,0.000872627,0,0,0.117323,0.0394085,-0.0178153,0.149003,0.383251,-0.0321046,0.0157402,0,0,-2.77556e-11,-1.26066,0.00464716,-0.0437531,-0.0339457,0.031402,0.00125687,0,0,0.0474536,-0.0572845,0.0939641,0.581301,-0.0379656,0.416216,-0.000505933,0,0,9.1073e-12,-0.201582,0.00253069,0.00258078,0.00225026,0.0036658,0.00161524,0,0,-0.0246473,-0.00866538,-0.0286582,-0.00178539,0.0193666,-0.00654983,0.0677323,0,0,0,0,0,1.20024e-12,0,0,0,0,0,0,0,0,0,0,0,0,0.905991,4.28306e-09,0,0,0,0,-1.20024e-12,0,-1.20024e-12,0,0,0,0,0,0,0,0,0,4.28246e-09,0.905991,
2.60209e-12,-0.335569,0.0124771,-0.00142239,0.00131209,0.000631642,-2.98302e-05,0,0,0.550352,-0.0147479,-0.0818533,0.0166028,0.0110852,0.00347327,-0.00113179,0,0,7.58942e-13,-2,-0.00294721,-0.00969173,-0.00221414,-0.000625215,-5.24649e-06,0,0,0.0219828,0.740439,0.0221093,0.0568764,-0.0171192,-0.0135306,0.0252201,0,0,1.21431e-11,-0.190027,0.0827123,0.0113292,0.00358157,0.00197385,-7.57451e-05,0,0,-0.0820547,-0.00828636,0.508736,-0.0115808,-0.00198247,0.00847104,-0.00216721,0,0,-6.93889e-12,-1.63969,0.00531037,0.0441957,0.00483966,-0.000653869,-6.71945e-05,0,0,0.0193007,-0.0696635,-0.0071666,0.64364,0.0111749,0.0531989,0.006425,0,0,2.77556e-11,0.897087,0.0417861,0.00935994,-0.0394149,-0.0288784,0.000868778,0,0,0.117378,0.0394254,-0.0175697,0.148941,0.383316,-0.0320924,0.0157268,0,0,4.16334e-11,-1.25869,0.00464956,-0.0437632,-0.0339646,0.0314158,0.00125721,0,0,0.0474497,-0.0571993,0.0939974,0.581232,-0.037954,0.41623,-0.00051542,0,0,1.56125e-11,-0.201708,0.00253188,0.00257945,0.00225029,0.00366565,0.00161587,0,0,-0.0246426,-0.00867093,-0.0286591,-0.00177219,0.0193545,-0.00655249,0.0677336,0,0,0,-1.20024e-12,0,0,0,0,0,0,0,0,0,0,0,0,0,0,0.905991,-4.51381e-09,0,1.20024e-12,-1.20024e-12,1.20024e-12,0,2.40048e-12,0,-1.15223e-10,0,0,0,0,0,0,0,0,-4.51441e-09,0.905991,
3.85107e-07,-0.336024,0.0124873,-0.00142598,0.001314,0.000632087,-2.9846e-05,0,0,0.550361,-0.0147679,-0.081894,0.0166329,0.0110893,0.0034705,-0.00112936,0,0,8.61726e-08,-2,-0.00295174,-0.00970091,-0.00221787,-0.000624653,-5.20896e-06,0,0,0.0220057,0.740435,0.0221388,0.056924,-0.0171252,-0.0135576,0.025222,0,0,4.83075e-07,-0.190308,0.0827097,0.0113308,0.00358607,0.00197483,-7.57623e-05,0,0,-0.0820963,-0.00829859,0.508923,-0.0115709,-0.00195821,0.00847293,-0.00216617,0,0,-1.84887e-07,-1.64066,0.00531166,0.0442108,0.00484102,-0.000653726,-6.71458e-05,0,0,0.0193333,-0.0697052,-0.00714914,0.643666,0.0111655,0.0531834,0.00643049,0,0,3.66428e-06,0.897461,0.0417895,0.00936997,-0.0394449,-0.0288967,0.000868589,0,0,0.117432,0.0394422,-0.0173241,0.148879,0.383381,-0.0320802,0.0157134,0,0,-6.62602e-07,-1.25671,0.0046513,-0.0437739,-0.033984,0.0314296,0.00125689,0,0,0.0474458,-0.057114,0.0940306,0.581163,-0.0379424,0.416244,-0.000524914,0,0,-8.59356e-08,-0.201834,0.00253299,0.00257804,0.00225022,0.0036655,0.00161641,0,0,-0.0246378,-0.00867647,-0.0286601,-0.00175899,0.0193424,-0.00655515,0.0677349,0,0,0,0,-1.20024e-12,0,0,0,1.20024e-12,0,0,0,0,0,0,0,0,0,0.905991,-4.60052e-09,0,0,0,0,0,0,0,0,0,0,0,0,0,0,0,0,-4.60082e-09,0.905991,
2.60209e-12,-0.33648,0.0124969,-0.00142919,0.00131512,0.000632918,-2.94767e-05,0,0,0.550369,-0.014788,-0.0819347,0.016663,0.0110935,0.00346771,-0.00112692,0,0,8.82947e-12,-2,-0.00295645,-0.00971002,-0.00222177,-0.000624002,-5.08521e-06,0,0,0.0220287,0.740431,0.0221683,0.0569715,-0.0171313,-0.0135847,0.0252239,0,0,5.20417e-12,-0.190588,0.0827061,0.0113328,0.0035896,0.00197628,-7.52962e-05,0,0,-0.082138,-0.00831084,0.50911,-0.0115609,-0.00193394,0.00847481,-0.00216514,0,0,-1.38778e-11,-1.64163,0.00531332,0.0442257,0.00484274,-0.000653771,-6.7282e-05,0,0,0.0193659,-0.0697468,-0.00713164,0.643693,0.0111561,0.0531678,0.00643599,0,0,5.20417e-12,0.897835,0.0417854,0.00938367,-0.039482,-0.0289112,0.000872066,0,0,0.117486,0.039459,-0.0170785,0.148818,0.383447,-0.032068,0.0157001,0,0,-6.93889e-12,-1.25473,0.00465437,-0.0437852,-0.0340022,0.0314429,0.0012559,0,0,0.0474417,-0.0570287,0.0940636,0.581093,-0.0379309,0.416258,-0.000534415,0,0,7.80626e-12,-0.20196,0.00253428,0.00257654,0.00225033,0.00366526,0.00161686,0,0,-0.024633,-0.00868202,-0.028661,-0.0017458,0.0193304,-0.00655781,0.0677362,0,0,0,-1.20024e-12,1.20024e-12,1.20024e-12,1.20024e-12,0,0,0,0,0,0,0,0,0,0,0,0.905991,-4.53901e-09,0,1.20024e-12,0,0,-1.20024e-12,0,0,0,0,0,0,0,0,0,0,0,-4.53871e-09,0.905991,
0,-0.336936,0.0125068,-0.00143357,0.00131664,0.000634133,-2.98775e-05,0,0,0.550378,-0.0148081,-0.0819755,0.0166932,0.0110977,0.0034649,-0.00112448,0,0,-3.42879e-12,-2,-0.00296109,-0.00971938,-0.00222559,-0.000623263,-5.13391e-06,0,0,0.0220516,0.740427,0.0221978,0.057019,-0.0171373,-0.0136117,0.0252258,0,0,-5.20417e-12,-0.19087,0.082703,0.0113334,0.00359361,0.00197822,-7.57965e-05,0,0,-0.0821798,-0.00832312,0.509297,-0.0115509,-0.00190968,0.00847667,-0.0021641,0,0,-1.38778e-11,-1.6426,0.00531479,0.0442412,0.00484427,-0.000654003,-6.70482e-05,0,0,0.0193986,-0.0697885,-0.00711408,0.643719,0.0111467,0.0531522,0.0064415,0,0,2.68882e-11,0.898209,0.041785,0.00938638,-0.0395155,-0.028922,0.000868209,0,0,0.117539,0.0394759,-0.0168328,0.148756,0.383512,-0.0320558,0.0156867,0,0,2.08167e-11,-1.25275,0.00465676,-0.0437945,-0.0340209,0.0314556,0.00125624,0,0,0.0474374,-0.0569433,0.0940964,0.581024,-0.0379193,0.416272,-0.000543923,0,0,-6.50521e-12,-0.202086,0.00253548,0.0025753,0.00225034,0.00366493,0.00161748,0,0,-0.0246281,-0.00868756,-0.028662,-0.00173261,0.0193183,-0.00656048,0.0677375,0,0,0,0,0,1.20024e-12,1.20024e-12,-1.20024e-12,0,0,0,0,0,0,0,0,0,0,0.905991,-4.35537e-09,0,-2.40048e-12,0,0,0,0,0,0,0,0,0,0,0,0,0,0,-4.35507e-09,0.905991,
3.46945e-12,-0.337393,0.0125167,-0.00143719,0.00131853,0.000634963,-3.02781e-05,0,0,0.550387,-0.0148282,-0.0820163,0.0167234,0.0111018,0.00346207,-0.00112203,0,0,8.58553e-12,-2,-0.00296573,-0.00972859,-0.00222932,-0.000622608,-5.18269e-06,0,0,0.0220746,0.740424,0.0222274,0.0570665,-0.0171434,-0.0136387,0.0252277,0,0,1.21431e-11,-0.191152,0.0826999,0.0113349,0.0035981,0.00197968,-7.62971e-05,0,0,-0.0822217,-0.00833543,0.509485,-0.0115408,-0.00188542,0.00847851,-0.00216306,0,0,-2.08167e-11,-1.64357,0.00531625,0.0442563,0.00484561,-0.000654052,-6.68142e-05,0,0,0.0194314,-0.0698303,-0.00709647,0.643746,0.0111373,0.0531366,0.006447,0,0,2.77556e-11,0.898583,0.0417845,0.00939642,-0.0395453,-0.0289365,0.000864348,0,0,0.117593,0.0394927,-0.0165872,0.148694,0.383577,-0.0320436,0.0156733,0,0,1.04083e-10,-1.25076,0.00465915,-0.043805,-0.0340403,0.031469,0.00125657,0,0,0.0474329,-0.0568578,0.0941291,0.580954,-0.0379077,0.416287,-0.000553439,0,0,6.07153e-12,-0.202212,0.00253669,0.00257388,0.00225027,0.00366469,0.00161811,0,0,-0.0246233,-0.0086931,-0.0286629,-0.00171944,0.0193063,-0.00656314,0.0677388,0,0,0,-1.20024e-12,-1.20024e-12,0,-1.20024e-12,1.20024e-12,-1.20024e-12,1.15223e-10,0,0,0,0,0,0,0,0,0.905991,4.09252e-09,0,-1.20024e-12,-1.20024e-12,0,-1.20024e-12,1.20024e-12,-1.20024e-12,0,0,0,0,0,0,0,0,0,4.09162e-09,0.905991,
-8.67362e-13,-0.337852,0.0125267,-0.00144082,0.00131927,0.000635793,-2.95238e-05,0,0,0.550397,-0.0148483,-0.0820573,0.0167538,0.011106,0.00345921,-0.00111958,0,0,-5.61752e-12,-2,-0.00297037,-0.00973779,-0.00223332,-0.00062195,-4.97263e-06,0,0,0.0220976,0.74042,0.0222569,0.057114,-0.0171494,-0.0136658,0.0252296,0,0,1.21431e-11,-0.191435,0.0826968,0.0113364,0.00360114,0.00198113,-7.53464e-05,0,0,-0.0822636,-0.00834776,0.509672,-0.0115307,-0.00186116,0.00848033,-0.00216201,0,0,2.77556e-11,-1.64455,0.00531771,0.0442714,0.0048475,-0.000654103,-6.71356e-05,0,0,0.0194642,-0.0698721,-0.00707881,0.643772,0.0111279,0.053121,0.00645251,0,0,-6.07153e-12,0.898953,0.0417839,0.00940647,-0.039586,-0.0289509,0.000871499,0,0,0.117647,0.0395095,-0.0163415,0.148632,0.383642,-0.0320314,0.01566,0,0,-4.16334e-11,-1.24878,0.00466154,-0.0438155,-0.0340577,0.0314824,0.00125492,0,0,0.0474283,-0.0567724,0.0941615,0.580885,-0.0378962,0.416301,-0.000562961,0,0,-4.77049e-12,-0.202338,0.00253789,0.00257246,0.00225044,0.00366444,0.00161847,0,0,-0.0246184,-0.00869864,-0.0286638,-0.00170627,0.0192942,-0.0065658,0.0677401,0,0,0,-1.20024e-12,0,0,-1.20024e-12,1.20024e-12,-1.20024e-12,0,0,0,0,0,0,0,0,0,0.905991,3.9704e-09,0,0,0,1.20024e-12,0,1.20024e-12,-1.20024e-12,0,0,0,0,0,0,0,0,0,3.9704e-09,0.905991,
8.67362e-13,-0.338311,0.0125367,-0.00144445,0.00132077,0.000636238,-3.03092e-05,0,0,0.550406,-0.0148685,-0.0820983,0.0167842,0.0111101,0.00345634,-0.00111712,0,0,-2.71051e-14,-2,-0.00297502,-0.00974701,-0.00223714,-0.000621377,-5.10782e-06,0,0,0.0221206,0.740416,0.0222865,0.0571615,-0.0171555,-0.0136928,0.0252314,0,0,8.67362e-12,-0.191718,0.0826936,0.0113379,0.00360514,0.00198209,-7.63311e-05,0,0,-0.0823057,-0.00836012,0.509859,-0.0115205,-0.00183689,0.00848213,-0.00216097,0,0,0,-1.64552,0.00531916,0.0442866,0.00484902,-0.000653972,-6.67161e-05,0,0,0.0194971,-0.069914,-0.0070611,0.643799,0.0111185,0.0531053,0.00645802,0,0,2.34188e-11,0.899327,0.0417833,0.00941653,-0.0396193,-0.028969,0.00086396,0,0,0.117701,0.0395264,-0.0160958,0.14857,0.383708,-0.0320192,0.0156466,0,0,0,-1.24679,0.00466392,-0.043826,-0.0340763,0.0314966,0.00125592,0,0,0.0474236,-0.0566868,0.0941938,0.580815,-0.0378846,0.416315,-0.00057249,0,0,0,-0.202464,0.00253911,0.00257104,0.00225045,0.00366427,0.00161918,0,0,-0.0246135,-0.00870418,-0.0286648,-0.0016931,0.0192822,-0.00656846,0.0677415,0,0,0,0,-2.40048e-12,0,0,2.40048e-12,-2.40048e-12,0,0,0,0,0,0,0,0,0,0.905991,3.95239e-09,0,0,-1.20024e-12,0,0,1.20024e-12,-1.20024e-12,0,0,0,0,0,0,0,0,0,3.95239e-09,0.905991,
0,-0.33877,0.0125468,-0.00144733,0.00132227,0.000637837,-3.03247e-05,0,0,0.550415,-0.0148887,-0.0821395,0.0168146,0.0111142,0.00345345,-0.00111466,0,0,-1.54499e-12,-2,-0.00297968,-0.00975606,-0.00224096,-0.000620542,-5.0704e-06,0,0,0.0221436,0.740413,0.0223161,0.057209,-0.0171615,-0.0137199,0.0252333,0,0,3.46945e-12,-0.192002,0.0826905,0.0113403,0.00360913,0.00198451,-7.6348e-05,0,0,-0.0823478,-0.00837251,0.510047,-0.0115103,-0.00181263,0.00848391,-0.00215991,0,0,-6.93889e-12,-1.6465,0.00532061,0.0443013,0.00485052,-0.000654398,-6.6667e-05,0,0,0.0195301,-0.0699559,-0.00704334,0.643825,0.0111091,0.0530897,0.00646354,0,0,-3.46945e-12,0.899704,0.0417826,0.00943394,-0.0396526,-0.028976,0.000863765,0,0,0.117754,0.0395432,-0.0158501,0.148509,0.383773,-0.032007,0.0156333,0,0,1.38778e-11,-1.24481,0.0046663,-0.0438377,-0.0340949,0.0315089,0.00125559,0,0,0.0474187,-0.0566012,0.0942259,0.580745,-0.037873,0.41633,-0.000582026,0,0,1.60462e-11,-0.20259,0.00254032,0.00256944,0.00225044,0.00366385,0.00161971,0,0,-0.0246086,-0.00870972,-0.0286657,-0.00167994,0.0192701,-0.00657113,0.0677428,0,0,0,0,-2.40048e-12,0,0,0,-2.40048e-12,0,0,0,0,0,0,0,0,0,0.905991,4.02501e-09,0,-2.40048e-12,-2.40048e-12,0,0,-1.20024e-12,-1.20024e-12,0,0,0,0,0,0,0,0,0,4.02381e-09,0.905991,
3.84887e-07,-0.33923,0.0125568,-0.00145138,0.00132454,0.000638281,-2.99553e-05,0,0,0.550424,-0.014909,-0.0821807,0.0168451,0.0111183,0.00345054,-0.00111219,0,0,8.64144e-08,-2,-0.00298435,-0.00976537,-0.00224461,-0.000619963,-4.94659e-06,0,0,0.0221666,0.740409,0.0223457,0.0572566,-0.0171676,-0.0137469,0.0252351,0,0,4.84519e-07,-0.192286,0.0826873,0.0113413,0.00361409,0.00198547,-7.58802e-05,0,0,-0.08239,-0.00838493,0.510235,-0.0115001,-0.00178837,0.00848567,-0.00215886,0,0,-1.85414e-07,-1.64748,0.00532204,0.0443166,0.00485165,-0.000654271,-6.68033e-05,0,0,0.0195632,-0.0699978,-0.00702552,0.643852,0.0110997,0.053074,0.00646906,0,0,3.67823e-06,0.900078,0.0417819,0.00944033,-0.0396784,-0.028994,0.000867247,0,0,0.117808,0.03956,-0.0156044,0.148447,0.383838,-0.0319948,0.0156199,0,0,-6.63754e-07,-1.24282,0.00466868,-0.0438474,-0.0341148,0.0315232,0.00125459,0,0,0.0474136,-0.0565156,0.0942578,0.580676,-0.0378615,0.416344,-0.00059157,0,0,-8.5838e-08,-0.202716,0.00254154,0.00256811,0.00225027,0.00366368,0.00162016,0,0,-0.0246037,-0.00871525,-0.0286666,-0.00166679,0.0192581,-0.00657379,0.0677441,0,0,0,0,0,0,0,0,0,0,0,0,0,0,0,0,0,0,0.905991,4.18944e-09,0,0,0,0,-1.20024e-12,0,0,0,0,0,0,0,0,0,0,0,4.18914e-09,0.905991,
-8.67362e-13,-0.339691,0.0125669,-0.00145505,0.00132566,0.000639494,-3.03555e-05,0,0,0.550433,-0.0149293,-0.082222,0.0168757,0.0111224,0.00344761,-0.00110972,0,0,-5.75982e-12,-2,-0.00298902,-0.00977461,-0.00224852,-0.00061921,-4.9956e-06,0,0,0.0221896,0.740405,0.0223752,0.0573041,-0.0171736,-0.013774,0.0252369,0,0,-1.73472e-12,-0.192571,0.0826842,0.0113427,0.00361759,0.00198739,-7.63814e-05,0,0,-0.0824323,-0.00839737,0.510422,-0.0114898,-0.00176411,0.00848741,-0.0021578,0,0,2.77556e-11,-1.64845,0.00532348,0.0443318,0.00485333,-0.000654517,-6.65686e-05,0,0,0.0195963,-0.0700398,-0.00700766,0.643878,0.0110902,0.0530584,0.00647458,0,0,-3.03577e-11,0.900455,0.041781,0.00945039,-0.0397153,-0.0290046,0.000863373,0,0,0.117861,0.0395768,-0.0153586,0.148385,0.383903,-0.0319827,0.0156066,0,0,-5.55112e-11,-1.24083,0.00467105,-0.0438577,-0.0341327,0.0315362,0.00125493,0,0,0.0474084,-0.0564298,0.0942896,0.580606,-0.0378499,0.416358,-0.00060112,0,0,4.33681e-13,-0.202842,0.00254276,0.00256668,0.00225034,0.00366334,0.00162078,0,0,-0.0245988,-0.00872079,-0.0286675,-0.00165364,0.0192461,-0.00657646,0.0677454,0,0,0,1.20024e-12,1.20024e-12,0,1.20024e-12,-1.20024e-12,1.20024e-12,0,0,0,0,0,0,0,0,0,0.905991,-4.4643e-09,0,-2.40048e-12,1.20024e-12,-1.20024e-12,1.20024e-12,-1.20024e-12,0,0,0,0,0,0,0,0,0,0,-4.464e-09,0.905991,
-3.84818e-07,-0.340153,0.012577,-0.00145834,0.00132754,0.000640323,-2.96012e-05,0,0,0.550442,-0.0149496,-0.0822633,0.0169064,0.0111265,0.00344465,-0.00110724,0,0,-8.64659e-08,-2,-0.00299369,-0.00978376,-0.00225226,-0.000618541,-4.78529e-06,0,0,0.0222127,0.740402,0.0224048,0.0573516,-0.0171797,-0.013801,0.0252387,0,0,-4.84926e-07,-0.192857,0.082681,0.0113446,0.00362206,0.00198883,-7.54281e-05,0,0,-0.0824746,-0.00840984,0.51061,-0.0114794,-0.00173986,0.00848913,-0.00215674,0,0,1.85567e-07,-1.64943,0.0053249,0.0443468,0.00485463,-0.00065458,-6.68905e-05,0,0,0.0196294,-0.0700819,-0.00698975,0.643905,0.0110808,0.0530427,0.0064801,0,0,-3.68224e-06,0.900829,0.0417801,0.00946415,-0.0397447,-0.0290189,0.00087054,0,0,0.117914,0.0395937,-0.0151129,0.148324,0.383969,-0.0319705,0.0155932,0,0,6.64066e-07,-1.23884,0.00467341,-0.0438686,-0.0341519,0.0315499,0.00125327,0,0,0.047403,-0.0563441,0.0943211,0.580536,-0.0378384,0.416373,-0.000610677,0,0,8.58254e-08,-0.202967,0.00254399,0.00256517,0.00225025,0.00366308,0.00162114,0,0,-0.0245939,-0.00872632,-0.0286684,-0.0016405,0.019234,-0.00657913,0.0677467,0,0,0,1.20024e-12,-1.20024e-12,0,-1.20024e-12,1.20024e-12,-2.40048e-12,5.64113e-11,0,0,0,0,0,0,0,0,0.905991,-4.60322e-09,0,0,0,0,1.20024e-12,-1.20024e-12,1.20024e-12,0,0,0,0,0,0,0,0,0,-4.60292e-09,0.905991,
0,-0.340616,0.0125875,-0.00146242,0.00132865,0.000640381,-3.03862e-05,0,0,0.550452,-0.01497,-0.0823048,0.0169371,0.0111306,0.00344168,-0.00110476,0,0,3.33392e-12,-2,-0.00299829,-0.0097931,-0.00225618,-0.000618042,-4.92089e-06,0,0,0.0222357,0.740398,0.0224344,0.0573991,-0.0171858,-0.013828,0.0252406,0,0,6.93889e-12,-0.193144,0.0826783,0.0113455,0.00362556,0.0019893,-7.64144e-05,0,0,-0.0825171,-0.00842234,0.510798,-0.011469,-0.0017156,0.00849083,-0.00215568,0,0,1.38778e-11,-1.65041,0.00532614,0.0443621,0.0048563,-0.000654274,-6.64701e-05,0,0,0.0196627,-0.070124,-0.00697178,0.643931,0.0110714,0.053027,0.00648562,0,0,6.07153e-12,0.901198,0.0417829,0.00947055,-0.0397814,-0.0290405,0.000862978,0,0,0.117968,0.0396105,-0.0148671,0.148262,0.384034,-0.0319583,0.0155799,0,0,-1.38778e-11,-1.23685,0.00467511,-0.0438781,-0.0341697,0.0315651,0.00125426,0,0,0.0473975,-0.0562583,0.0943525,0.580466,-0.0378268,0.416387,-0.000620241,0,0,5.63785e-12,-0.203093,0.00254513,0.00256382,0.00225031,0.00366299,0.00162185,0,0,-0.0245889,-0.00873185,-0.0286693,-0.00162737,0.019222,-0.00658179,0.067748,0,0,0,1.20024e-12,-1.20024e-12,-1.20024e-12,0,-1.20024e-12,1.20024e-12,0,0,0,0,0,0,0,0,0,0.905991,-4.58882e-09,0,-1.20024e-12,-2.40048e-12,-2.40048e-12,3.60072e-12,-2.40048e-12,2.40048e-12,0,0,0,0,0,0,0,0,0,-4.58882e-09,0.905991,
1.73472e-12,-0.34108,0.0125972,-0.00146573,0.00133053,0.000641594,-3.04014e-05,0,0,0.550461,-0.0149904,-0.0823463,0.0169679,0.0111346,0.00343869,-0.00110228,0,0,-4.20128e-13,-2,-0.00300306,-0.00980227,-0.00225992,-0.000617281,-4.88356e-06,0,0,0.0222588,0.740395,0.0224641,0.0574467,-0.0171918,-0.0138551,0.0252424,0,0,6.93889e-12,-0.193431,0.0826746,0.0113474,0.00363002,0.00199122,-7.64308e-05,0,0,-0.0825596,-0.00843486,0.510986,-0.0114586,-0.00169134,0.0084925,-0.00215461,0,0,6.93889e-12,-1.6514,0.00532774,0.0443771,0.00485759,-0.000654526,-6.64207e-05,0,0,0.019696,-0.0701661,-0.00695377,0.643958,0.0110619,0.0530113,0.00649115,0,0,-7.80626e-12,0.901572,0.0417781,0.00948432,-0.0398107,-0.029051,0.000862779,0,0,0.118021,0.0396273,-0.0146213,0.1482,0.384099,-0.0319462,0.0155666,0,0,-5.55112e-11,-1.23486,0.00467814,-0.0438889,-0.0341888,0.0315783,0.00125393,0,0,0.0473918,-0.0561724,0.0943837,0.580396,-0.0378153,0.416402,-0.000629812,0,0,7.80626e-12,-0.203219,0.00254645,0.0025623,0.00225021,0.00366264,0.00162238,0,0,-0.0245839,-0.00873738,-0.0286702,-0.00161424,0.01921,-0.00658446,0.0677493,0,0,0,1.20024e-12,0,0,0,0,0,0,0,0,0,0,0,0,0,0,0.905991,-4.44059e-09,0,1.20024e-12,0,0,0,0,0,0,0,0,0,0,0,0,0,0,-4.43999e-09,0.905991,
-8.67362e-13,-0.341544,0.012607,-0.00147022,0.00133202,0.000642037,-3.00319e-05,0,0,0.550471,-0.0150108,-0.0823879,0.0169988,0.0111387,0.00343567,-0.00109979,0,0,-1.29156e-11,-2,-0.00300784,-0.0098117,-0.00226375,-0.000616692,-4.75967e-06,0,0,0.0222818,0.740392,0.0224937,0.0574942,-0.0171979,-0.0138821,0.0252442,0,0,3.46945e-12,-0.193718,0.0826709,0.0113478,0.00363399,0.00199216,-7.59615e-05,0,0,-0.0826023,-0.00844741,0.511174,-0.0114481,-0.00166708,0.00849416,-0.00215354,0,0,0,-1.65238,0.00532933,0.0443926,0.00485906,-0.00065441,-6.6557e-05,0,0,0.0197294,-0.0702083,-0.0069357,0.643985,0.0110525,0.0529956,0.00649668,0,0,1.04083e-11,0.901945,0.0417734,0.00948703,-0.0398437,-0.0290688,0.000866269,0,0,0.118074,0.0396441,-0.0143755,0.148139,0.384164,-0.031934,0.0155533,0,0,-4.16334e-11,-1.23287,0.00468116,-0.0438976,-0.0342072,0.0315929,0.00125292,0,0,0.047386,-0.0560865,0.0944147,0.580326,-0.0378037,0.416416,-0.00063939,0,0,9.1073e-12,-0.203344,0.00254777,0.00256104,0.00225018,0.00366245,0.00162282,0,0,-0.0245789,-0.00874291,-0.0286711,-0.00160112,0.019198,-0.00658713,0.0677506,0,0,0,1.20024e-12,0,0,0,0,0,0,0,0,0,0,0,0,0,0,0.905991,4.19694e-09,0,0,0,0,0,0,0,0,0,0,0,0,0,0,0,0,4.19634e-09,0.905991,
-3.46945e-12,-0.34201,0.012618,-0.00147394,0.0013335,0.000643249,-2.96624e-05,0,0,0.55048,-0.0150313,-0.0824296,0.0170297,0.0111427,0.00343264,-0.00109729,0,0,-4.74338e-12,-2,-0.00301237,-0.00982097,-0.00226758,-0.000615926,-4.63573e-06,0,0,0.0223049,0.740388,0.0225233,0.0575417,-0.017204,-0.0139092,0.0252459,0,0,-5.20417e-12,-0.194007,0.0826686,0.0113491,0.00363795,0.00199408,-7.54917e-05,0,0,-0.082645,-0.00845999,0.511363,-0.0114376,-0.00164283,0.0084958,-0.00215247,0,0,1.38778e-11,-1.65336,0.00533036,0.0444078,0.00486052,-0.000654667,-6.66934e-05,0,0,0.0197628,-0.0702506,-0.00691759,0.644011,0.0110431,0.0529798,0.00650222,0,0,1.12757e-11,0.902314,0.0417796,0.00949713,-0.0398766,-0.0290792,0.000869761,0,0,0.118127,0.0396609,-0.0141297,0.148077,0.384229,-0.0319219,0.01554,0,0,4.85723e-11,-1.23087,0.00468219,-0.0439077,-0.0342255,0.0316062,0.00125192,0,0,0.0473799,-0.0560005,0.0944455,0.580257,-0.0377922,0.41643,-0.000648974,0,0,1.0842e-11,-0.20347,0.00254884,0.00255961,0.00225016,0.0036621,0.00162327,0,0,-0.0245739,-0.00874844,-0.0286719,-0.00158801,0.0191859,-0.0065898,0.0677519,0,0,0,0,0,0,0,-1.20024e-12,2.40048e-12,0,0,0,0,0,0,0,0,0,0.905991,4.09612e-09,0,0,0,0,0,1.20024e-12,-1.20024e-12,0,0,0,0,0,0,0,0,0,4.09642e-09,0.905991,
-8.67362e-13,-0.342475,0.0126278,-0.0014769,0.00133422,0.000643692,-3.00622e-05,0,0,0.550489,-0.0150518,-0.0824714,0.0170607,0.0111467,0.00342959,-0.00109479,0,0,-1.01644e-13,-2,-0.00301716,-0.00983007,-0.00227159,-0.000615332,-4.68503e-06,0,0,0.022328,0.740385,0.0225529,0.0575893,-0.01721,-0.0139363,0.0252477,0,0,-1.73472e-12,-0.194295,0.0826649,0.0113514,0.00364094,0.00199502,-7.59933e-05,0,0,-0.0826878,-0.0084726,0.511551,-0.0114271,-0.00161857,0.00849742,-0.00215139,0,0,0,-1.65435,0.00533194,0.0444226,0.00486235,-0.000654555,-6.64582e-05,0,0,0.0197963,-0.0702929,-0.00689942,0.644038,0.0110336,0.0529641,0.00650775,0,0,-6.07153e-12,0.902695,0.0417747,0.00951461,-0.0399168,-0.029097,0.000865873,0,0,0.11818,0.0396777,-0.0138839,0.148016,0.384295,-0.0319097,0.0155266,0,0,0,-1.22888,0.0046852,-0.043919,-0.0342425,0.0316209,0.00125225,0,0,0.0473738,-0.0559145,0.0944762,0.580187,-0.0377806,0.416445,-0.000658566,0,0,-1.04083e-11,-0.203596,0.00255016,0.002558,0.0022503,0.00366191,0.00162388,0,0,-0.0245689,-0.00875397,-0.0286728,-0.0015749,0.0191739,-0.00659247,0.0677532,0,0,0,0,1.20024e-12,0,1.20024e-12,0,0,0,0,0,0,0,0,0,0,0,0.905991,4.10572e-09,0,0,-2.40048e-12,0,-2.40048e-12,0,-2.40048e-12,0,0,0,0,0,0,0,0,0,4.10602e-09,0.905991,
4.33681e-12,-0.342942,0.0126384,-0.00148103,0.00133609,0.000644903,-3.04619e-05,0,0,0.550499,-0.0150723,-0.0825132,0.0170918,0.0111507,0.00342651,-0.00109228,0,0,1.49349e-11,-2,-0.00302179,-0.00983944,-0.00227534,-0.000614562,-4.73442e-06,0,0,0.0223511,0.740381,0.0225826,0.0576368,-0.0172161,-0.0139633,0.0252495,0,0,5.20417e-12,-0.194585,0.0826621,0.0113522,0.00364539,0.00199693,-7.64952e-05,0,0,-0.0827306,-0.00848524,0.511739,-0.0114164,-0.00159432,0.00849902,-0.00215031,0,0,-3.46945e-11,-1.65533,0.00533315,0.044438,0.00486362,-0.000654817,-6.62227e-05,0,0,0.0198299,-0.0703352,-0.0068812,0.644065,0.0110242,0.0529483,0.00651329,0,0,8.67362e-12,0.903068,0.0417771,0.00952102,-0.0399459,-0.0291074,0.000861979,0,0,0.118233,0.0396945,-0.0136381,0.147954,0.38436,-0.0318976,0.0155133,0,0,6.245e-11,-1.22688,0.00468688,-0.0439282,-0.0342615,0.0316344,0.00125257,0,0,0.0473675,-0.0558284,0.0945066,0.580116,-0.0377691,0.416459,-0.000668164,0,0,1.0842e-11,-0.203721,0.00255132,0.00255664,0.00225018,0.00366155,0.0016245,0,0,-0.0245638,-0.00875949,-0.0286737,-0.0015618,0.0191619,-0.00659514,0.0677545,0,0,0,0,-1.20024e-12,0,-1.20024e-12,1.20024e-12,-1.20024e-12,0,0,0,0,0,0,0,0,0,0.905991,4.21525e-09,0,1.20024e-12,1.20024e-12,0,1.20024e-12,-1.20024e-12,1.20024e-12,0,0,0,0,0,0,0,0,0,4.21495e-09,0.905991,
3.8458e-07,-0.343409,0.0126483,-0.00148478,0.00133757,0.000645345,-2.97077e-05,0,0,0.550509,-0.0150929,-0.0825552,0.017123,0.0111547,0.00342342,-0.00108977,0,0,8.66979e-08,-2,-0.00302659,-0.00984872,-0.00227917,-0.000613963,-4.52376e-06,0,0,0.0223742,0.740378,0.0226122,0.0576843,-0.0172222,-0.0139904,0.0252512,0,0,4.86382e-07,-0.194875,0.0826584,0.0113535,0.00364934,0.00199787,-7.55383e-05,0,0,-0.0827736,-0.0084979,0.511928,-0.0114058,-0.00157006,0.00850059,-0.00214923,0,0,-1.86046e-07,-1.65632,0.00533472,0.0444531,0.00486506,-0.000654709,-6.65451e-05,0,0,0.0198635,-0.0703776,-0.00686293,0.644091,0.0110147,0.0529326,0.00651884,0,0,3.69603e-06,0.903441,0.041772,0.00953113,-0.0399787,-0.0291251,0.00086917,0,0,0.118285,0.0397113,-0.0133922,0.147893,0.384425,-0.0318854,0.0155,0,0,-6.65225e-07,-1.22489,0.00468989,-0.0439381,-0.0342797,0.0316492,0.0012509,0,0,0.047361,-0.0557423,0.0945369,0.580046,-0.0377576,0.416474,-0.00067777,0,0,-8.57049e-08,-0.203847,0.00255266,0.0025552,0.00225014,0.00366136,0.00162485,0,0,-0.0245588,-0.00876501,-0.0286745,-0.00154871,0.0191499,-0.00659781,0.0677558,0,0,0,0,0,0,0,1.20024e-12,1.20024e-12,0,0,0,0,0,0,0,0,0,0.905991,-4.43219e-09,0,-1.20024e-12,-1.20024e-12,0,-1.20024e-12,0,0,0,0,0,0,0,0,0,0,0,-4.43249e-09,0.905991,
-3.46945e-12,-0.343878,0.0126582,-0.00148893,0.00133905,0.000646941,-3.01073e-05,0,0,0.550518,-0.0151135,-0.0825972,0.0171542,0.0111587,0.0034203,-0.00108726,0,0,-3.25261e-13,-2,-0.0030314,-0.0098581,-0.00228301,-0.000613101,-4.57322e-06,0,0,0.0223973,0.740375,0.0226419,0.0577319,-0.0172283,-0.0140174,0.025253,0,0,-1.21431e-11,-0.195167,0.0826546,0.0113543,0.00365329,0.00200026,-7.60402e-05,0,0,-0.0828166,-0.00851059,0.512116,-0.0113951,-0.00154581,0.00850215,-0.00214815,0,0,-6.93889e-12,-1.65731,0.00533628,0.0444685,0.0048665,-0.000655162,-6.63095e-05,0,0,0.0198973,-0.07042,-0.00684461,0.644118,0.0110053,0.0529168,0.00652438,0,0,3.81639e-11,0.903806,0.0417669,0.00953754,-0.0400114,-0.0291317,0.000865273,0,0,0.118338,0.0397281,-0.0131463,0.147831,0.38449,-0.0318733,0.0154868,0,0,2.77556e-11,-1.22288,0.0046929,-0.0439473,-0.0342979,0.0316621,0.00125123,0,0,0.0473544,-0.0556561,0.094567,0.579976,-0.037746,0.416489,-0.000687382,0,0,-6.93889e-12,-0.203972,0.00255399,0.00255385,0.00225009,0.00366091,0.00162546,0,0,-0.0245537,-0.00877054,-0.0286754,-0.00153562,0.0191379,-0.00660048,0.0677571,0,0,0,2.40048e-12,0,0,0,0,0,-1.15223e-10,0,0,0,0,0,0,0,0,0.905991,-4.51261e-09,0,1.20024e-12,0,0,1.20024e-12,0,0,0,0,0,0,0,0,0,0,0,-4.51231e-09,0.905991,
3.8451e-07,-0.344347,0.0126685,-0.00149232,0.00134052,0.000646998,-2.97377e-05,0,0,0.550528,-0.0151342,-0.0826393,0.0171854,0.0111627,0.00341716,-0.00108474,0,0,8.67761e-08,-2,-0.00303613,-0.00986732,-0.00228684,-0.000612584,-4.44919e-06,0,0,0.0224204,0.740372,0.0226715,0.0577794,-0.0172344,-0.0140445,0.0252547,0,0,4.86784e-07,-0.195458,0.0826513,0.0113561,0.00365724,0.00200071,-7.55689e-05,0,0,-0.0828598,-0.00852331,0.512305,-0.0113843,-0.00152156,0.00850369,-0.00214706,0,0,-1.86184e-07,-1.6583,0.00533765,0.0444835,0.00486793,-0.000654872,-6.6446e-05,0,0,0.019931,-0.0704625,-0.00682623,0.644145,0.0109958,0.052901,0.00652993,0,0,3.69991e-06,0.904179,0.0417654,0.00955136,-0.040044,-0.0291531,0.000868772,0,0,0.118391,0.0397449,-0.0129005,0.14777,0.384555,-0.0318612,0.0154735,0,0,-6.65523e-07,-1.22088,0.00469524,-0.0439577,-0.0343161,0.0316778,0.00125022,0,0,0.0473476,-0.0555699,0.0945969,0.579906,-0.0377345,0.416503,-0.000697001,0,0,-8.56867e-08,-0.204097,0.00255525,0.00255232,0.00225005,0.0036608,0.0016259,0,0,-0.0245486,-0.00877606,-0.0286762,-0.00152253,0.0191259,-0.00660315,0.0677584,0,0,-1.20024e-12,1.20024e-12,-1.20024e-12,-1.20024e-12,1.20024e-12,0,1.20024e-12,-5.76116e-11,0,0,0,0,0,0,0,0,0.905991,-4.45169e-09,3.60072e-12,-3.60072e-12,-1.20024e-12,3.60072e-12,-3.60072e-12,0,-3.60072e-12,0,0,0,0,0,0,0,0,0,-4.45259e-09,0.905991,
-3.84474e-07,-0.344817,0.0126796,-0.00149611,0.001342,0.000648593,-3.01371e-05,0,0,0.550538,-0.0151549,-0.0826815,0.0172168,0.0111667,0.00341401,-0.00108221,0,0,-8.68084e-08,-2,-0.00304069,-0.00987662,-0.00229068,-0.000611717,-4.49877e-06,0,0,0.0224436,0.740368,0.0227012,0.057827,-0.0172405,-0.0140715,0.0252565,0,0,-4.86992e-07,-0.19575,0.082649,0.0113573,0.00366118,0.0020031,-7.60711e-05,0,0,-0.082903,-0.00853606,0.512494,-0.0113736,-0.0014973,0.0085052,-0.00214597,0,0,1.86254e-07,-1.65929,0.00533864,0.0444988,0.00486936,-0.000655329,-6.62101e-05,0,0,0.0199649,-0.0705051,-0.00680781,0.644172,0.0109863,0.0528852,0.00653548,0,0,-3.70189e-06,0.904552,0.0417713,0.00956148,-0.0400766,-0.0291596,0.000864871,0,0,0.118443,0.0397617,-0.0126546,0.147709,0.38462,-0.0318491,0.0154602,0,0,6.65697e-07,-1.21888,0.00469624,-0.0439674,-0.0343343,0.0316908,0.00125054,0,0,0.0473406,-0.0554836,0.0946267,0.579836,-0.0377229,0.416518,-0.000706627,0,0,8.56936e-08,-0.204223,0.00255633,0.00255087,0.00225,0.00366034,0.00162651,0,0,-0.0245435,-0.00878157,-0.0286771,-0.00150946,0.0191139,-0.00660583,0.0677597,0,0,1.20024e-12,0,1.20024e-12,0,1.20024e-12,1.20024e-12,1.20024e-12,-1.20024e-12,0,0,0,0,0,0,0,0,0.905991,4.27646e-09,1.20024e-12,2.40048e-12,1.20024e-12,-2.40048e-12,1.20024e-12,1.20024e-12,1.20024e-12,-1.20024e-12,0,0,0,0,0,0,0,0,4.27616e-09,0.905991,
1.73472e-12,-0.345288,0.0126892,-0.00149952,0.00134309,0.000649419,-3.0152e-05,0,0,0.550547,-0.0151756,-0.0827237,0.0172482,0.0111706,0.00341083,-0.00107968,0,0,-3.85569e-12,-2,-0.00304561,-0.00988585,-0.00229461,-0.000611021,-4.46156e-06,0,0,0.0224667,0.740365,0.0227309,0.0578745,-0.0172466,-0.0140986,0.0252582,0,0,6.93889e-12,-0.196043,0.0826447,0.011359,0.00366463,0.00200451,-7.60863e-05,0,0,-0.0829463,-0.00854883,0.512683,-0.0113627,-0.00147305,0.0085067,-0.00214487,0,0,-6.93889e-12,-1.66028,0.00534037,0.0445138,0.00487097,-0.000655416,-6.61603e-05,0,0,0.0199988,-0.0705477,-0.00678933,0.644198,0.0109769,0.0528694,0.00654104,0,0,-1.99493e-11,0.904924,0.0417622,0.00957531,-0.0401128,-0.0291735,0.000864669,0,0,0.118496,0.0397785,-0.0124087,0.147647,0.384685,-0.0318369,0.0154469,0,0,-4.85723e-11,-1.21688,0.00469991,-0.0439778,-0.0343517,0.0317052,0.0012502,0,0,0.0473335,-0.0553972,0.0946562,0.579766,-0.0377114,0.416532,-0.000716259,0,0,0,-0.204348,0.00255776,0.00254934,0.00225003,0.00366006,0.00162704,0,0,-0.0245384,-0.00878709,-0.0286779,-0.00149639,0.0191019,-0.0066085,0.067761,0,0,0,1.20024e-12,1.20024e-12,0,0,0,1.20024e-12,0,0,0,0,0,0,0,0,0,0.905991,4.23565e-09,0,-3.60072e-12,-3.60072e-12,0,0,0,-3.60072e-12,0,0,0,0,0,0,0,0,0,4.23625e-09,0.905991,
0,-0.345759,0.0127,-0.0015041,0.00134532,0.00064986,-3.01668e-05,0,0,0.550557,-0.0151963,-0.0827661,0.0172797,0.0111746,0.00340763,-0.00107715,0,0,8.65329e-12,-2,-0.00305027,-0.00989534,-0.00229828,-0.00061041,-4.42439e-06,0,0,0.0224899,0.740362,0.0227606,0.057922,-0.0172527,-0.0141257,0.0252599,0,0,1.21431e-11,-0.196335,0.0826419,0.0113592,0.00366954,0.00200543,-7.61015e-05,0,0,-0.0829897,-0.00856164,0.512872,-0.0113518,-0.0014488,0.00850817,-0.00214377,0,0,3.46945e-11,-1.66127,0.00534154,0.0445294,0.00487201,-0.000655319,-6.61105e-05,0,0,0.0200328,-0.0705903,-0.00677081,0.644225,0.0109674,0.0528536,0.00654659,0,0,1.47451e-11,0.905304,0.0417642,0.00957804,-0.0401379,-0.029191,0.000864466,0,0,0.118548,0.0397952,-0.0121628,0.147586,0.38475,-0.0318248,0.0154336,0,0,-2.08167e-11,-1.21488,0.00470157,-0.043986,-0.0343711,0.0317204,0.00124985,0,0,0.0473263,-0.0553108,0.0946856,0.579695,-0.0376999,0.416547,-0.000725899,0,0,1.0842e-11,-0.204474,0.00255894,0.00254806,0.0022498,0.00365985,0.00162756,0,0,-0.0245332,-0.00879261,-0.0286787,-0.00148333,0.0190899,-0.00661117,0.0677623,0,0,0,0,-1.20024e-12,1.20024e-12,0,0,-1.20024e-12,0,0,0,0,0,0,0,0,0,0.905991,-4.30887e-09,0,-1.20024e-12,0,1.20024e-12,0,0,0,0,0,0,0,0,0,0,0,0,-4.30887e-09,0.905991,
2.60209e-12,-0.346232,0.0127104,-0.00150714,0.00134679,0.000650685,-2.97972e-05,0,0,0.550567,-0.0152171,-0.0828085,0.0173112,0.0111785,0.00340442,-0.00107461,0,0,7.28448e-12,-2,-0.00305503,-0.00990449,-0.00230212,-0.00060971,-4.30031e-06,0,0,0.0225131,0.740359,0.0227903,0.0579696,-0.0172588,-0.0141527,0.0252616,0,0,5.20417e-12,-0.19663,0.0826386,0.0113614,0.00367347,0.00200684,-7.5629e-05,0,0,-0.0830332,-0.00857447,0.513061,-0.0113409,-0.00142455,0.00850963,-0.00214267,0,0,-1.38778e-11,-1.66227,0.00534288,0.0445442,0.00487342,-0.00065541,-6.62471e-05,0,0,0.0200669,-0.070633,-0.00675223,0.644252,0.0109579,0.0528377,0.00655215,0,0,3.38271e-11,0.905669,0.0417625,0.00959559,-0.0401703,-0.0292049,0.00086797,0,0,0.1186,0.039812,-0.0119168,0.147524,0.384815,-0.0318127,0.0154204,0,0,2.77556e-11,-1.21287,0.0047039,-0.0439969,-0.0343891,0.0317349,0.00124884,0,0,0.0473189,-0.0552244,0.0947148,0.579625,-0.0376884,0.416562,-0.000735545,0,0,-1.0842e-11,-0.204599,0.00256021,0.00254643,0.00224974,0.00365956,0.001628,0,0,-0.0245281,-0.00879812,-0.0286796,-0.00147027,0.0190779,-0.00661385,0.0677636,0,0,0,1.20024e-12,-1.20024e-12,0,-1.20024e-12,1.20024e-12,-1.20024e-12,0,0,0,0,0,0,0,0,0,0.905991,4.25996e-09,0,2.40048e-12,1.20024e-12,0,1.20024e-12,-1.20024e-12,1.20024e-12,1.14023e-10,0,0,0,0,0,0,0,0,4.25876e-09,0.905991,
-1.73472e-12,-0.346706,0.0127212,-0.00151097,0.00134749,0.00065151,-3.01963e-05,0,0,0.550577,-0.0152379,-0.082851,0.0173429,0.0111825,0.00340118,-0.00107207,0,0,-3.8828e-12,-2,-0.0030597,-0.00991382,-0.00230613,-0.000609007,-4.35012e-06,0,0,0.0225362,0.740356,0.02282,0.0580171,-0.0172649,-0.0141798,0.0252633,0,0,-8.67362e-12,-0.196925,0.0826357,0.0113626,0.00367642,0.00200825,-7.61315e-05,0,0,-0.0830767,-0.00858733,0.51325,-0.0113299,-0.00140031,0.00851106,-0.00214157,0,0,-1.38778e-11,-1.66326,0.00534403,0.0445595,0.00487519,-0.000655504,-6.60107e-05,0,0,0.020101,-0.0706757,-0.00673359,0.644279,0.0109485,0.0528219,0.00655771,0,0,2.77556e-11,0.906041,0.0417644,0.00960573,-0.0402101,-0.0292186,0.000864058,0,0,0.118652,0.0398288,-0.0116709,0.147463,0.38488,-0.0318006,0.0154071,0,0,1.38778e-11,-1.21087,0.00470556,-0.0440064,-0.0344058,0.0317495,0.00124916,0,0,0.0473113,-0.0551379,0.0947438,0.579555,-0.0376768,0.416576,-0.000745198,0,0,8.67362e-12,-0.204724,0.00256139,0.00254498,0.00224984,0.00365927,0.00162861,0,0,-0.0245229,-0.00880363,-0.0286804,-0.00145722,0.019066,-0.00661652,0.0677649,0,0,0,0,0,0,0,0,0,0,0,0,0,0,0,0,0,0,0.905991,-4.32507e-09,0,0,0,-1.20024e-12,1.20024e-12,0,-1.20024e-12,0,0,0,0,0,0,0,0,0,-4.32537e-09,0.905991,
-8.67362e-13,-0.347179,0.0127316,-0.00151558,0.00134895,0.000652719,-3.02109e-05,0,0,0.550587,-0.0152588,-0.0828936,0.0173746,0.0111864,0.00339792,-0.00106952,0,0,2.73761e-12,-2,-0.00306447,-0.00992334,-0.00230998,-0.000608215,-4.31298e-06,0,0,0.0225594,0.740353,0.0228497,0.0580647,-0.017271,-0.0142068,0.025265,0,0,-5.20417e-12,-0.19722,0.0826323,0.0113628,0.00368034,0.00201014,-7.61464e-05,0,0,-0.0831204,-0.00860022,0.513439,-0.0113189,-0.00137606,0.00851247,-0.00214046,0,0,0,-1.66426,0.00534536,0.0445751,0.00487659,-0.000655786,-6.59607e-05,0,0,0.0201352,-0.0707185,-0.00671491,0.644306,0.010939,0.052806,0.00656328,0,0,-2.68882e-11,0.906421,0.0417625,0.00960846,-0.0402424,-0.0292287,0.000863853,0,0,0.118705,0.0398456,-0.0114249,0.147402,0.384945,-0.0317885,0.0153938,0,0,6.93889e-11,-1.20886,0.00470789,-0.0440146,-0.0344238,0.0317635,0.00124881,0,0,0.0473035,-0.0550513,0.0947726,0.579484,-0.0376653,0.416591,-0.000754858,0,0,-8.67362e-12,-0.204849,0.00256266,0.0025437,0.00224977,0.00365888,0.00162913,0,0,-0.0245177,-0.00880915,-0.0286812,-0.00144418,0.019054,-0.0066192,0.0677662,0,0,0,0,0,0,0,-1.20024e-12,0,-5.64113e-11,0,0,0,0,0,0,0,0,0.905991,4.26716e-09,0,1.20024e-12,0,0,0,0,0,0,0,0,0,0,0,0,0,0,4.26776e-09,0.905991,
3.46945e-12,-0.347654,0.0127417,-0.00151905,0.00135118,0.000653544,-3.02255e-05,0,0,0.550597,-0.0152797,-0.0829363,0.0174063,0.0111903,0.00339464,-0.00106696,0,0,1.32747e-11,-2,-0.00306933,-0.00993259,-0.00231365,-0.000607508,-4.27589e-06,0,0,0.0225826,0.74035,0.0228794,0.0581122,-0.0172771,-0.0142339,0.0252667,0,0,1.56125e-11,-0.197516,0.0826285,0.0113644,0.00368523,0.00201154,-7.61612e-05,0,0,-0.0831641,-0.00861313,0.513628,-0.0113078,-0.00135181,0.00851386,-0.00213935,0,0,-6.93889e-12,-1.66526,0.00534687,0.0445901,0.0048776,-0.000655884,-6.59107e-05,0,0,0.0201694,-0.0707613,-0.00669618,0.644332,0.0109295,0.0527901,0.00656885,0,0,1.21431e-11,0.90679,0.0417568,0.00962233,-0.0402673,-0.0292424,0.000863647,0,0,0.118757,0.0398623,-0.011179,0.147341,0.38501,-0.0317764,0.0153806,0,0,4.85723e-11,-1.20685,0.00471087,-0.0440246,-0.034443,0.0317782,0.00124846,0,0,0.0472957,-0.0549647,0.0948012,0.579414,-0.0376538,0.416606,-0.000764524,0,0,6.50521e-12,-0.204974,0.00256402,0.00254215,0.00224953,0.00365859,0.00162965,0,0,-0.0245125,-0.00881465,-0.028682,-0.00143114,0.019042,-0.00662188,0.0677674,0,0,0,0,2.40048e-12,0,-1.20024e-12,-1.20024e-12,2.40048e-12,-1.20024e-12,0,0,0,0,0,0,0,0,0.905991,-4.32717e-09,0,0,-1.20024e-12,0,1.20024e-12,1.20024e-12,-1.20024e-12,0,0,0,0,0,0,0,0,0,-4.32807e-09,0.905991,
1.73472e-12,-0.34813,0.0127522,-0.00152291,0.00135187,0.000653984,-3.06243e-05,0,0,0.550607,-0.0153006,-0.0829791,0.0174382,0.0111942,0.00339134,-0.0010644,0,0,8.86335e-12,-2,-0.00307411,-0.00994194,-0.00231767,-0.000606885,-4.32584e-06,0,0,0.0226058,0.740347,0.0229092,0.0581598,-0.0172832,-0.014261,0.0252683,0,0,5.20417e-12,-0.197813,0.0826251,0.0113655,0.00368817,0.00201245,-7.66643e-05,0,0,-0.0832079,-0.00862608,0.513818,-0.0112967,-0.00132757,0.00851524,-0.00213823,0,0,-1.38778e-11,-1.66626,0.00534819,0.0446054,0.00487936,-0.000655797,-6.56739e-05,0,0,0.0202038,-0.0708042,-0.00667739,0.644359,0.01092,0.0527742,0.00657442,0,0,1.99493e-11,0.907162,0.0417548,0.00963248,-0.0403069,-0.0292598,0.000859725,0,0,0.118809,0.0398791,-0.010933,0.147279,0.385075,-0.0317643,0.0153673,0,0,2.08167e-11,-1.20484,0.00471319,-0.044034,-0.0344596,0.0317937,0.00124877,0,0,0.0472876,-0.0548781,0.0948297,0.579343,-0.0376423,0.416621,-0.000774198,0,0,-1.56125e-11,-0.2051,0.0025653,0.00254069,0.00224962,0.00365837,0.00163026,0,0,-0.0245073,-0.00882016,-0.0286828,-0.00141811,0.01903,-0.00662455,0.0677687,0,0,0,1.20024e-12,-3.60072e-12,0,-1.20024e-12,0,-1.20024e-12,0,0,0,0,0,0,0,0,0,0.905991,4.26476e-09,0,0,2.40048e-12,0,1.20024e-12,0,1.20024e-12,0,0,0,0,0,0,0,0,0,4.26446e-09,0.905991,
0,-0.348607,0.0127631,-0.00152716,0.00135371,0.000655192,-3.02546e-05,0,0,0.550617,-0.0153216,-0.0830219,0.0174701,0.011198,0.00338802,-0.00106184,0,0,-8.45678e-12,-2,-0.0030788,-0.00995139,-0.00232143,-0.000606085,-4.20177e-06,0,0,0.0226291,0.740344,0.0229389,0.0582073,-0.0172893,-0.014288,0.02527,0,0,-3.46945e-12,-0.19811,0.0826222,0.0113661,0.00369256,0.00201434,-7.61904e-05,0,0,-0.0832518,-0.00863905,0.514007,-0.0112856,-0.00130332,0.00851659,-0.00213711,0,0,-3.46945e-11,-1.66725,0.00534932,0.0446208,0.00488055,-0.000656086,-6.58105e-05,0,0,0.0202382,-0.0708471,-0.00665855,0.644386,0.0109105,0.0527583,0.00657999,0,0,1.9082e-11,0.90753,0.0417564,0.00963893,-0.0403354,-0.0292698,0.000863234,0,0,0.11886,0.0398959,-0.010687,0.147218,0.38514,-0.0317522,0.0153541,0,0,4.85723e-11,-1.20283,0.00471484,-0.0440426,-0.0344781,0.0318078,0.00124775,0,0,0.0472794,-0.0547914,0.0948579,0.579273,-0.0376307,0.416636,-0.000783878,0,0,-8.67362e-13,-0.205225,0.0025665,0.00253932,0.00224946,0.00365798,0.00163069,0,0,-0.0245021,-0.00882567,-0.0286836,-0.00140509,0.0190181,-0.00662723,0.06777,0,0,0,0,2.40048e-12,-1.20024e-12,1.20024e-12,-2.40048e-12,2.40048e-12,-5.76116e-11,0,0,0,0,0,0,0,0,0.905991,-4.31997e-09,0,0,0,0,0,0,0,0,0,0,0,0,0,0,0,0,-4.31877e-09,0.905991,
-3.84138e-07,-0.349083,0.0127729,-0.00153066,0.00135517,0.000655631,-3.02691e-05,0,0,0.550627,-0.0153426,-0.0830648,0.017502,0.0112019,0.00338468,-0.00105927,0,0,-8.71088e-08,-2,-0.00308377,-0.00996066,-0.00232528,-0.000605457,-4.16474e-06,0,0,0.0226523,0.740341,0.0229686,0.0582549,-0.0172955,-0.0143151,0.0252716,0,0,-4.88845e-07,-0.198407,0.0826178,0.0113677,0.00369647,0.00201524,-7.62049e-05,0,0,-0.0832958,-0.00865206,0.514197,-0.0112744,-0.00127908,0.00851792,-0.00213599,0,0,1.86864e-07,-1.66826,0.00535099,0.0446359,0.00488192,-0.000656003,-6.57603e-05,0,0,0.0202726,-0.0708901,-0.00663966,0.644413,0.010901,0.0527424,0.00658557,0,0,-3.71941e-06,0.907909,0.0417468,0.00965281,-0.0403675,-0.0292871,0.000863027,0,0,0.118912,0.0399126,-0.010441,0.147157,0.385205,-0.0317402,0.0153408,0,0,6.67105e-07,-1.20082,0.00471849,-0.0440525,-0.034496,0.0318234,0.0012474,0,0,0.047271,-0.0547046,0.094886,0.579202,-0.0376192,0.41665,-0.000793564,0,0,8.55301e-08,-0.20535,0.00256796,0.00253777,0.00224937,0.00365776,0.00163121,0,0,-0.0244968,-0.00883117,-0.0286844,-0.00139207,0.0190061,-0.00662991,0.0677713,0,0,0,0,0,0,0,0,0,-1.14023e-10,0,0,0,0,0,0,0,0,0.905991,4.25215e-09,0,0,0,0,0,0,0,0,0,0,0,0,0,0,0,0,4.25215e-09,0.905991,
2.60209e-12,-0.349561,0.0127843,-0.00153455,0.001357,0.000656839,-3.02836e-05,0,0,0.550637,-0.0153637,-0.0831078,0.0175341,0.0112058,0.00338132,-0.00105669,0,0,8.92434e-12,-2,-0.00308839,-0.00997003,-0.00232904,-0.000604653,-4.12772e-06,0,0,0.0226755,0.740338,0.0229984,0.0583024,-0.0173016,-0.0143422,0.0252733,0,0,6.93889e-12,-0.198706,0.0826154,0.0113688,0.00370086,0.00201712,-7.62193e-05,0,0,-0.0833399,-0.00866509,0.514386,-0.0112631,-0.00125484,0.00851923,-0.00213487,0,0,-6.93889e-12,-1.66926,0.00535192,0.0446511,0.0048831,-0.000656296,-6.57101e-05,0,0,0.0203072,-0.0709331,-0.00662072,0.64444,0.0108915,0.0527265,0.00659115,0,0,2.60209e-12,0.908281,0.0417521,0.00966299,-0.0403958,-0.029297,0.000862818,0,0,0.118964,0.0399294,-0.010195,0.147096,0.38527,-0.0317281,0.0153276,0,0,6.93889e-12,-1.19881,0.00471947,-0.0440617,-0.0345144,0.0318377,0.00124705,0,0,0.0472625,-0.0546178,0.0949139,0.579132,-0.0376077,0.416665,-0.000803258,0,0,-4.77049e-12,-0.205475,0.00256907,0.00253631,0.0022492,0.00365737,0.00163173,0,0,-0.0244915,-0.00883668,-0.0286851,-0.00137906,0.0189941,-0.00663259,0.0677726,0,0,0,0,0,0,-1.20024e-12,1.20024e-12,-1.20024e-12,1.20024e-12,0,0,0,0,0,0,0,0,0.905991,-4.30196e-09,0,0,0,0,0,0,0,0,0,0,0,0,0,0,0,0,-4.30226e-09,0.905991,
-3.84064e-07,-0.35004,0.0127941,-0.00153846,0.00135769,0.000656894,-3.0682e-05,0,0,0.550647,-0.0153847,-0.0831509,0.0175662,0.0112096,0.00337793,-0.00105411,0,0,-8.71369e-08,-2,-0.00309337,-0.00997941,-0.00233306,-0.000604107,-4.17788e-06,0,0,0.0226988,0.740336,0.0230281,0.05835,-0.0173077,-0.0143692,0.0252749,0,0,-4.89272e-07,-0.199005,0.082611,0.0113698,0.00370378,0.00201753,-7.67228e-05,0,0,-0.083384,-0.00867815,0.514576,-0.0112518,-0.0012306,0.00852052,-0.00213374,0,0,1.87003e-07,-1.67026,0.00535358,0.0446664,0.00488483,-0.00065603,-6.54729e-05,0,0,0.0203418,-0.0709762,-0.00660172,0.644467,0.010882,0.0527106,0.00659673,0,0,-3.72328e-06,0.908653,0.0417423,0.00967317,-0.0404353,-0.029318,0.000858886,0,0,0.119016,0.0399461,-0.00994895,0.147035,0.385334,-0.031716,0.0153144,0,0,6.67452e-07,-1.19679,0.00472312,-0.0440708,-0.0345308,0.031854,0.00124736,0,0,0.0472538,-0.0545309,0.0949416,0.579061,-0.0375962,0.41668,-0.000812958,0,0,8.55097e-08,-0.2056,0.00257053,0.00253484,0.00224928,0.00365723,0.00163233,0,0,-0.0244862,-0.00884218,-0.0286859,-0.00136606,0.0189822,-0.00663527,0.0677739,0,0,0,0,0,0,0,0,0,0,0,0,0,0,0,0,0,0,0.905991,4.23265e-09,0,0,0,0,0,0,0,0,0,0,0,0,0,0,0,0,4.23235e-09,0.905991,
3.84022e-07,-0.35052,0.0128051,-0.00154237,0.00135913,0.000657717,-3.03123e-05,0,0,0.550658,-0.0154059,-0.0831941,0.0175984,0.0112134,0.00337453,-0.00105153,0,0,8.7196e-08,-2,-0.00309809,-0.00998879,-0.00233692,-0.000603385,-4.05375e-06,0,0,0.022722,0.740333,0.0230579,0.0583976,-0.0173139,-0.0143963,0.0252765,0,0,4.89464e-07,-0.199306,0.082608,0.0113708,0.00370767,0.00201892,-7.62478e-05,0,0,-0.0834283,-0.00869124,0.514766,-0.0112405,-0.00120636,0.00852178,-0.00213261,0,0,-1.87045e-07,-1.67126,0.00535468,0.0446817,0.00488618,-0.000656141,-6.56095e-05,0,0,0.0203765,-0.0710193,-0.00658267,0.644494,0.0108725,0.0526946,0.00660232,0,0,3.72522e-06,0.909021,0.0417437,0.00968335,-0.0404672,-0.0293315,0.0008624,0,0,0.119067,0.0399629,-0.00970291,0.146974,0.385399,-0.031704,0.0153011,0,0,-6.6764e-07,-1.19478,0.00472476,-0.0440799,-0.0345486,0.0318691,0.00124633,0,0,0.047245,-0.054444,0.0949691,0.57899,-0.0375847,0.416695,-0.000822665,0,0,-8.55054e-08,-0.205725,0.00257174,0.00253337,0.00224918,0.00365691,0.00163276,0,0,-0.0244809,-0.00884768,-0.0286867,-0.00135306,0.0189702,-0.00663795,0.0677752,0,0,1.20024e-12,-2.40048e-12,1.20024e-12,1.20024e-12,1.20024e-12,0,0,0,0,0,0,0,0,0,0,0,0.905991,4.27826e-09,0,1.20024e-12,0,0,0,0,0,0,0,0,0,0,0,0,0,0,4.27796e-09,0.905991,
-3.46945e-12,-0.351001,0.0128158,-0.00154592,0.00136096,0.000658924,-3.03266e-05,0,0,0.550668,-0.015427,-0.0832374,0.0176306,0.0112173,0.00337111,-0.00104894,0,0,-9.68328e-12,-2,-0.00310291,-0.00999809,-0.00234068,-0.000602573,-4.01683e-06,0,0,0.0227453,0.74033,0.0230877,0.0584451,-0.01732,-0.0144234,0.0252782,0,0,-1.04083e-11,-0.199606,0.0826046,0.0113723,0.00371204,0.00202079,-7.62618e-05,0,0,-0.0834726,-0.00870435,0.514956,-0.0112291,-0.00118212,0.00852303,-0.00213148,0,0,1.38778e-11,-1.67227,0.00535596,0.0446968,0.00488734,-0.00065644,-6.55592e-05,0,0,0.0204112,-0.0710625,-0.00656357,0.644521,0.010863,0.0526787,0.00660791,0,0,-3.46945e-12,0.909392,0.0417413,0.00969726,-0.0404954,-0.0293413,0.00086219,0,0,0.119119,0.0399796,-0.00945686,0.146913,0.385464,-0.0316919,0.0152879,0,0,-4.16334e-11,-1.19276,0.00472707,-0.0440896,-0.0345669,0.0318836,0.00124598,0,0,0.047236,-0.054357,0.0949964,0.578919,-0.0375732,0.41671,-0.000832378,0,0,-1.64799e-11,-0.20585,0.00257304,0.00253182,0.002249,0.00365651,0.00163327,0,0,-0.0244756,-0.00885318,-0.0286874,-0.00134007,0.0189583,-0.00664063,0.0677765,0,0,0,0,1.20024e-12,-1.20024e-12,0,0,0,0,0,0,0,0,0,0,0,0,0.905991,-4.43729e-09,0,0,-1.20024e-12,1.20024e-12,-1.20024e-12,0,0,0,0,0,0,0,0,0,0,0,-4.43639e-09,0.905991,
1.73472e-12,-0.351482,0.0128264,-0.00155062,0.00136241,0.000659363,-3.03408e-05,0,0,0.550678,-0.0154482,-0.0832807,0.017663,0.0112211,0.00336766,-0.00104635,0,0,1.09098e-11,-2,-0.00310773,-0.0100077,-0.00234453,-0.000601933,-3.9799e-06,0,0,0.0227686,0.740327,0.0231175,0.0584927,-0.0173261,-0.0144504,0.0252798,0,0,5.20417e-12,-0.199907,0.0826011,0.0113724,0.00371593,0.00202169,-7.62758e-05,0,0,-0.083517,-0.0087175,0.515146,-0.0112176,-0.00115788,0.00852426,-0.00213034,0,0,0,-1.67328,0.00535723,0.0447124,0.00488868,-0.000656368,-6.55088e-05,0,0,0.020446,-0.0711057,-0.00654442,0.644548,0.0108535,0.0526627,0.0066135,0,0,-8.67362e-13,0.909764,0.0417388,0.0097,-0.0405273,-0.0293585,0.000861979,0,0,0.11917,0.0399964,-0.0092108,0.146852,0.385529,-0.0316798,0.0152747,0,0,2.08167e-11,-1.19074,0.00472938,-0.0440972,-0.0345846,0.0318995,0.00124562,0,0,0.0472269,-0.05427,0.0950236,0.578849,-0.0375617,0.416725,-0.000842098,0,0,6.07153e-12,-0.205975,0.00257434,0.00253052,0.0022489,0.00365628,0.00163379,0,0,-0.0244703,-0.00885868,-0.0286882,-0.00132709,0.0189463,-0.00664332,0.0677778,0,0,0,1.20024e-12,0,0,0,0,1.20024e-12,0,0,0,0,0,0,0,0,0,0.905991,-4.4568e-09,0,0,0,0,0,0,0,0,0,0,0,0,0,0,0,0,-4.4562e-09,0.905991,
-8.67362e-13,-0.351965,0.0128371,-0.00155457,0.00136385,0.000660185,-3.07389e-05,0,0,0.550689,-0.0154694,-0.0833242,0.0176954,0.0112249,0.0033642,-0.00104375,0,0,-9.1073e-12,-2,-0.00311256,-0.0100171,-0.00234839,-0.000601203,-4.03026e-06,0,0,0.0227919,0.740325,0.0231473,0.0585402,-0.0173323,-0.0144775,0.0252814,0,0,5.20417e-12,-0.200209,0.0825977,0.0113733,0.0037198,0.00202307,-7.67798e-05,0,0,-0.0835616,-0.00873068,0.515336,-0.0112061,-0.00113364,0.00852546,-0.0021292,0,0,1.38778e-11,-1.67428,0.00535849,0.0447277,0.00489002,-0.000656484,-6.5271e-05,0,0,0.0204809,-0.071149,-0.00652521,0.644575,0.010844,0.0526467,0.00661909,0,0,5.20417e-12,0.910135,0.0417363,0.0097102,-0.0405591,-0.0293719,0.000858037,0,0,0.119221,0.0400131,-0.00896473,0.146791,0.385594,-0.0316678,0.0152615,0,0,-3.46945e-11,-1.18872,0.00473168,-0.0441061,-0.0346022,0.0319147,0.00124593,0,0,0.0472176,-0.0541829,0.0950505,0.578778,-0.0375502,0.41674,-0.000851825,0,0,9.97466e-12,-0.206099,0.00257564,0.00252904,0.00224879,0.00365596,0.00163439,0,0,-0.0244649,-0.00886417,-0.0286889,-0.00131411,0.0189344,-0.006646,0.067779,0,0,0,-2.40048e-12,0,1.20024e-12,1.20024e-12,0,0,0,0,0,0,0,0,0,0,0,0.905991,-4.34817e-09,0,0,0,0,0,0,0,0,0,0,0,0,0,0,0,0,-4.34877e-09,0.905991,
-3.83857e-07,-0.352448,0.0128479,-0.00155853,0.0013649,0.000661775,-2.99853e-05,0,0,0.550699,-0.0154907,-0.0833677,0.0177278,0.0112287,0.00336071,-0.00104114,0,0,-8.73122e-08,-2,-0.00311739,-0.0100265,-0.00235233,-0.000600296,-3.81881e-06,0,0,0.0228152,0.740322,0.0231771,0.0585878,-0.0173384,-0.0145046,0.025283,0,0,-4.90255e-07,-0.200512,0.0825942,0.0113743,0.00372319,0.00202542,-7.58132e-05,0,0,-0.0836061,-0.00874388,0.515526,-0.0111946,-0.00110941,0.00852665,-0.00212806,0,0,1.87288e-07,-1.67529,0.00535975,0.044743,0.00489153,-0.000656977,-6.5595e-05,0,0,0.0205159,-0.0711923,-0.00650595,0.644602,0.0108345,0.0526307,0.00662469,0,0,-3.73291e-06,0.910506,0.0417336,0.0097204,-0.0405946,-0.0293778,0.000865289,0,0,0.119273,0.0400298,-0.00871865,0.14673,0.385659,-0.0316557,0.0152483,0,0,6.68327e-07,-1.1867,0.00473399,-0.044115,-0.0346191,0.0319287,0.00124423,0,0,0.0472081,-0.0540958,0.0950773,0.578707,-0.0375387,0.416755,-0.000861558,0,0,8.54442e-08,-0.206224,0.00257695,0.00252757,0.00224876,0.00365546,0.00163473,0,0,-0.0244596,-0.00886967,-0.0286897,-0.00130114,0.0189225,-0.00664868,0.0677803,0,0,0,0,1.20024e-12,-1.20024e-12,0,-2.40048e-12,1.20024e-12,0,0,0,0,0,0,0,0,0,0.905991,4.14233e-09,0,0,1.20024e-12,-1.20024e-12,0,-1.20024e-12,0,0,0,0,0,0,0,0,0,0,4.14293e-09,0.905991,
3.83821e-07,-0.352932,0.0128586,-0.00156212,0.00136672,0.000662213,-3.07671e-05,0,0,0.55071,-0.015512,-0.0834113,0.0177604,0.0112324,0.00335721,-0.00103854,8.67362e-13,0,8.73495e-08,-2,-0.00312223,-0.0100358,-0.0023561,-0.000599648,-3.95659e-06,0,0,0.0228385,0.740319,0.0232069,0.0586353,-0.0173446,-0.0145316,0.0252845,2.45165e-11,0,4.90472e-07,-0.200816,0.0825907,0.0113757,0.00372755,0.00202631,-7.68077e-05,0,0,-0.0836508,-0.00875712,0.515716,-0.011183,-0.00108517,0.00852781,-0.00212691,0,0,-1.87392e-07,-1.6763,0.005361,0.0447581,0.00489267,-0.000656911,-6.51698e-05,0,0,0.0205509,-0.0712357,-0.00648664,0.644629,0.0108249,0.0526147,0.00663029,6.93889e-12,0,3.73483e-06,0.910874,0.041731,0.00973434,-0.0406225,-0.0293949,0.000857608,0,0,0.119324,0.0400466,-0.00847256,0.146669,0.385723,-0.0316437,0.0152351,-3.46945e-12,0,-6.68368e-07,-1.18468,0.00473629,-0.0441245,-0.0346373,0.0319448,0.0012452,0,0,0.0471985,-0.0540086,0.0951039,0.578636,-0.0375272,0.41677,-0.000871298,0,0,-8.5416e-08,-0.206349,0.00257826,0.002526,0.00224856,0.00365522,0.00163541,0,0,-0.0244542,-0.00887516,-0.0286904,-0.00128817,0.0189105,-0.00665136,0.0677816,8.67362e-13,0,1.20024e-12,0,0,0,1.20024e-12,0,0,0,0,0,0,0,0,0,0,0,0.905991,4.06792e-09,1.20024e-12,0,0,0,1.20024e-12,0,0,0,0,0,0,0,0,0,0,0,4.06822e-09,0.905991,
3.83778e-07,-0.353416,0.012869,-0.00156571,0.00136815,0.000663035,-3.07812e-05,0,0,0.55072,-0.0155333,-0.0834549,0.017793,0.0112362,0.00335368,-0.00103592,0,0,8.73732e-08,-2,-0.00312717,-0.0100451,-0.00235996,-0.000598911,-3.9198e-06,0,0,0.0228618,0.740317,0.0232367,0.0586829,-0.0173507,-0.0145587,0.0252861,0,0,4.9067e-07,-0.201119,0.0825867,0.0113772,0.00373141,0.00202768,-7.68215e-05,0,0,-0.0836956,-0.00877038,0.515907,-0.0111714,-0.00106094,0.00852895,-0.00212576,0,0,-1.87433e-07,-1.67731,0.00536242,0.0447732,0.00489398,-0.000657034,-6.51191e-05,0,0,0.020586,-0.0712791,-0.00646728,0.644656,0.0108154,0.0525987,0.00663589,0,0,3.73676e-06,0.911249,0.0417245,0.00974829,-0.0406542,-0.0294082,0.000857393,0,0,0.119375,0.0400633,-0.00822646,0.146608,0.385788,-0.0316317,0.0152219,0,0,-6.68604e-07,-1.18266,0.00473926,-0.0441339,-0.0346548,0.0319602,0.00124484,0,0,0.0471887,-0.0539214,0.0951303,0.578565,-0.0375157,0.416785,-0.000881045,0,0,-8.54113e-08,-0.206474,0.00257966,0.00252444,0.00224845,0.00365489,0.00163593,0,0,-0.0244488,-0.00888065,-0.0286912,-0.00127521,0.0188986,-0.00665405,0.0677829,0,0,0,2.40048e-12,0,0,1.20024e-12,-1.20024e-12,-2.40048e-12,0,0,0,0,0,0,0,0,0,0.905991,4.09852e-09,0,-1.20024e-12,0,0,-2.40048e-12,2.40048e-12,1.20024e-12,0,0,0,0,0,0,0,0,0,4.09762e-09,0.905991,
3.46945e-12,-0.353902,0.0128802,-0.00156971,0.00136958,0.000663472,-3.04114e-05,0,0,0.550731,-0.0155547,-0.0834987,0.0178257,0.01124,0.00335013,-0.0010333,0,0,4.19451e-12,-2,-0.00313193,-0.0100545,-0.00236382,-0.000598259,-3.79563e-06,0,0,0.0228851,0.740314,0.0232665,0.0587305,-0.0173569,-0.0145858,0.0252877,0,0,1.21431e-11,-0.201424,0.0825837,0.0113781,0.00373528,0.00202856,-7.63443e-05,0,0,-0.0837405,-0.00878367,0.516097,-0.0111597,-0.00103671,0.00853008,-0.0021246,0,0,-3.46945e-11,-1.67832,0.00536347,0.0447886,0.00489529,-0.000656971,-6.52559e-05,0,0,0.0206211,-0.0713226,-0.00644786,0.644683,0.0108059,0.0525826,0.0066415,0,0,3.03577e-11,0.91162,0.0417254,0.00975851,-0.0406858,-0.0294253,0.000860916,0,0,0.119426,0.04008,-0.00798034,0.146547,0.385853,-0.0316196,0.0152087,0,0,6.245e-11,-1.18064,0.00474089,-0.0441426,-0.0346723,0.0319764,0.00124381,0,0,0.0471788,-0.0538341,0.0951565,0.578494,-0.0375042,0.4168,-0.000890798,0,0,1.60462e-11,-0.206598,0.00258088,0.00252296,0.00224833,0.00365465,0.00163635,0,0,-0.0244433,-0.00888614,-0.0286919,-0.00126226,0.0188867,-0.00665673,0.0677842,0,0,0,2.40048e-12,0,-1.20024e-12,0,2.40048e-12,2.40048e-12,0,0,0,0,0,0,0,0,0,0.905991,4.22605e-09,0,-1.20024e-12,0,0,0,0,1.20024e-12,0,0,0,0,0,0,0,0,0,4.22545e-09,0.905991,
3.83697e-07,-0.354388,0.012891,-0.00157371,0.00137063,0.000664293,-3.04254e-05,0,0,0.550741,-0.0155761,-0.0835426,0.0178584,0.0112437,0.00334656,-0.00103068,0,0,8.74341e-08,-2,-0.00313679,-0.010064,-0.00236776,-0.000597517,-3.75883e-06,0,0,0.0229085,0.740312,0.0232963,0.058778,-0.017363,-0.0146129,0.0252892,0,0,4.91088e-07,-0.201728,0.0825801,0.011379,0.00373864,0.00202993,-7.63577e-05,0,0,-0.0837854,-0.008797,0.516288,-0.011148,-0.00101248,0.00853118,-0.00212345,0,0,-1.87572e-07,-1.67934,0.0053647,0.0448039,0.00489678,-0.000657098,-6.52052e-05,0,0,0.0206564,-0.0713661,-0.00642839,0.64471,0.0107964,0.0525666,0.00664711,0,0,3.74058e-06,0.911994,0.0417225,0.00976874,-0.040721,-0.0294385,0.000860701,0,0,0.119477,0.0400967,-0.00773422,0.146486,0.385918,-0.0316076,0.0151955,0,0,-6.68875e-07,-1.17861,0.00474319,-0.0441513,-0.034689,0.031992,0.00124344,0,0,0.0471687,-0.0537468,0.0951825,0.578423,-0.0374927,0.416815,-0.000900558,0,0,-8.5377e-08,-0.206723,0.0025822,0.00252148,0.00224829,0.00365432,0.00163686,0,0,-0.0244379,-0.00889163,-0.0286926,-0.00124932,0.0188747,-0.00665942,0.0677855,0,0,2.40048e-12,0,0,-2.40048e-12,0,0,0,0,0,0,0,0,0,0,0,0,0.905991,-4.4649e-09,1.20024e-12,0,-1.20024e-12,-1.20024e-12,0,-1.20024e-12,0,0,0,0,0,0,0,0,0,0,-4.4643e-09,0.905991,
-1.73472e-12,-0.354875,0.0129022,-0.00157811,0.00137282,0.000665882,-3.04393e-05,0,0,0.550752,-0.0155976,-0.0835865,0.0178912,0.0112474,0.00334297,-0.00102805,0,0,-9.35124e-13,-2,-0.00314157,-0.0100735,-0.00237145,-0.000596597,-3.72205e-06,0,0,0.0229318,0.740309,0.0233262,0.0588256,-0.0173692,-0.0146399,0.0252908,0,0,-8.67362e-12,-0.202035,0.0825771,0.0113793,0.00374348,0.00203228,-7.6371e-05,0,0,-0.0838304,-0.00881035,0.516478,-0.0111362,-0.000988251,0.00853226,-0.00212229,0,0,-1.38778e-11,-1.68035,0.00536573,0.0448194,0.0048977,-0.000657602,-6.51544e-05,0,0,0.0206917,-0.0714097,-0.00640887,0.644738,0.0107868,0.0525505,0.00665272,0,0,4.33681e-12,0.912361,0.0417233,0.00977523,-0.040745,-0.0294443,0.000860486,0,0,0.119528,0.0401134,-0.00748809,0.146425,0.385982,-0.0315956,0.0151823,0,0,9.02056e-11,-1.17659,0.00474482,-0.0441592,-0.0347078,0.0320063,0.00124308,0,0,0.0471584,-0.0536594,0.0952084,0.578352,-0.0374812,0.41683,-0.000910324,0,0,4.33681e-13,-0.206848,0.00258344,0.00252008,0.00224799,0.00365381,0.00163737,0,0,-0.0244325,-0.00889711,-0.0286933,-0.00123638,0.0188628,-0.00666211,0.0677867,0,0,0,0,-1.20024e-12,1.20024e-12,-1.20024e-12,0,0,0,0,0,0,0,0,0,0,0,0.905991,-4.56392e-09,0,0,-1.20024e-12,0,-1.20024e-12,-1.20024e-12,0,0,0,0,0,0,0,0,0,0,-4.56392e-09,0.905991,
3.46945e-12,-0.355363,0.0129123,-0.00158213,0.00137386,0.000666319,-3.00696e-05,0,0,0.550763,-0.015619,-0.0836305,0.0179241,0.0112511,0.00333936,-0.00102542,0,0,2.98156e-13,-2,-0.00314661,-0.0100829,-0.0023754,-0.000595937,-3.59783e-06,0,0,0.0229552,0.740307,0.023356,0.0588732,-0.0173754,-0.014667,0.0252923,0,0,1.73472e-11,-0.202341,0.0825725,0.0113802,0.00374683,0.00203315,-7.58927e-05,0,0,-0.0838755,-0.00882373,0.516669,-0.0111244,-0.000964024,0.00853331,-0.00212112,0,0,0,-1.68137,0.00536732,0.0448347,0.00489918,-0.000657546,-6.52913e-05,0,0,0.020727,-0.0714533,-0.00638929,0.644765,0.0107773,0.0525344,0.00665833,0,0,-2.68882e-11,0.912736,0.0417128,0.00978546,-0.0407802,-0.0294612,0.000864014,0,0,0.119578,0.0401302,-0.00724195,0.146364,0.386047,-0.0315836,0.0151691,0,0,-2.77556e-11,-1.17456,0.00474846,-0.0441677,-0.0347244,0.0320226,0.00124204,0,0,0.047148,-0.0535719,0.095234,0.578281,-0.0374697,0.416845,-0.000920097,0,0,-8.67362e-12,-0.206972,0.00258493,0.00251859,0.00224794,0.00365356,0.00163779,0,0,-0.024427,-0.0089026,-0.028694,-0.00122345,0.0188509,-0.00666479,0.067788,0,0,0,0,0,-1.20024e-12,0,0,1.20024e-12,5.76116e-11,0,0,0,0,0,0,0,0,0.905991,-4.51621e-09,0,1.20024e-12,0,1.20024e-12,1.20024e-12,0,-1.20024e-12,0,0,0,0,0,0,0,0,0,-4.51561e-09,0.905991,
8.67362e-13,-0.355852,0.0129236,-0.00158617,0.00137529,0.000666756,-3.0467e-05,0,0,0.550774,-0.0156406,-0.0836746,0.0179571,0.0112549,0.00333573,-0.00102278,0,0,-8.25349e-12,-2,-0.0031514,-0.0100924,-0.00237926,-0.000595274,-3.6486e-06,0,0,0.0229785,0.740305,0.0233858,0.0589207,-0.0173815,-0.0146941,0.0252938,0,0,1.38778e-11,-0.202649,0.0825695,0.011381,0.00375068,0.00203402,-7.63973e-05,0,0,-0.0839207,-0.00883714,0.516859,-0.0111125,-0.000939798,0.00853435,-0.00211996,0,0,6.93889e-12,-1.68238,0.00536834,0.04485,0.00490047,-0.000657491,-6.50527e-05,0,0,0.0207625,-0.0714969,-0.00636966,0.644792,0.0107677,0.0525184,0.00666395,0,0,1.12757e-11,0.913103,0.0417135,0.0097957,-0.0408116,-0.0294781,0.000860053,0,0,0.119629,0.0401469,-0.00699579,0.146304,0.386112,-0.0315715,0.015156,0,0,0,-1.17253,0.00475009,-0.0441762,-0.0347418,0.032039,0.00124234,0,0,0.0471374,-0.0534845,0.0952595,0.57821,-0.0374582,0.416861,-0.000929876,0,0,2.12504e-11,-0.207097,0.00258618,0.0025171,0.0022478,0.0036533,0.00163839,0,0,-0.0244215,-0.00890808,-0.0286947,-0.00121052,0.018839,-0.00666748,0.0677893,0,0,0,-1.20024e-12,0,0,-1.20024e-12,0,-1.20024e-12,-1.20024e-12,0,0,0,0,0,0,0,0,0.905991,-4.34607e-09,0,1.20024e-12,0,0,1.20024e-12,-1.20024e-12,1.20024e-12,-1.14023e-10,0,0,0,0,0,0,0,0,-4.34607e-09,0.905991,
-2.60209e-12,-0.356342,0.0129341,-0.00159022,0.00137632,0.000667959,-3.00973e-05,0,0,0.550784,-0.0156621,-0.0837188,0.0179901,0.0112586,0.00333208,-0.00102013,0,0,-1.9807e-11,-2,-0.00315638,-0.0101019,-0.00238321,-0.000594435,-3.52436e-06,0,0,0.0230019,0.740302,0.0234157,0.0589683,-0.0173877,-0.0147212,0.0252954,0,0,-5.20417e-12,-0.202956,0.0825654,0.0113818,0.00375403,0.00203587,-7.59184e-05,0,0,-0.083966,-0.00885058,0.51705,-0.0111006,-0.000915573,0.00853537,-0.00211879,0,0,1.38778e-11,-1.6834,0.00536973,0.0448654,0.00490193,-0.000657814,-6.51896e-05,0,0,0.020798,-0.0715406,-0.00634998,0.644819,0.0107582,0.0525023,0.00666957,0,0,6.07153e-12,0.913473,0.0417066,0.00980595,-0.0408467,-0.0294875,0.000863584,0,0,0.11968,0.0401636,-0.00674963,0.146243,0.386176,-0.0315595,0.0151428,0,0,-4.85723e-11,-1.1705,0.00475305,-0.0441847,-0.0347584,0.0320542,0.0012413,0,0,0.0471267,-0.0533969,0.0952848,0.578139,-0.0374467,0.416876,-0.000939662,0,0,9.1073e-12,-0.207221,0.00258759,0.00251561,0.00224775,0.00365288,0.00163881,0,0,-0.024416,-0.00891356,-0.0286954,-0.0011976,0.0188271,-0.00667017,0.0677906,0,0,0,-2.40048e-12,0,0,-1.20024e-12,1.20024e-12,-2.40048e-12,0,0,0,0,0,0,0,0,0,0.905991,4.09312e-09,0,1.20024e-12,0,0,1.20024e-12,-1.20024e-12,1.20024e-12,0,0,0,0,0,0,0,0,0,4.09402e-09,0.905991,
-1.73472e-12,-0.356832,0.0129458,-0.00159466,0.00137851,0.000668396,-3.04946e-05,0,0,0.550795,-0.0156837,-0.0837631,0.0180232,0.0112622,0.00332841,-0.00101748,0,0,3.2255e-12,-2,-0.00316109,-0.0101114,-0.0023869,-0.000593767,-3.57524e-06,0,0,0.0230253,0.7403,0.0234456,0.0590158,-0.0173939,-0.0147482,0.0252969,0,0,-1.04083e-11,-0.203265,0.0825628,0.0113822,0.00375885,0.00203673,-7.64232e-05,0,0,-0.0840114,-0.00886405,0.517241,-0.0110887,-0.00089135,0.00853636,-0.00211761,0,0,2.08167e-11,-1.68442,0.00537054,0.0448809,0.00490283,-0.000657763,-6.49509e-05,0,0,0.0208336,-0.0715844,-0.00633024,0.644846,0.0107486,0.0524861,0.00667519,0,0,-3.1225e-11,0.913848,0.0417109,0.00981245,-0.0408704,-0.0295044,0.000859618,0,0,0.11973,0.0401803,-0.00650346,0.146182,0.386241,-0.0315475,0.0151296,0,0,-3.46945e-11,-1.16847,0.00475401,-0.0441924,-0.034777,0.0320707,0.0012416,0,0,0.0471158,-0.0533093,0.0953099,0.578067,-0.0374352,0.416891,-0.000949454,0,0,4.33681e-13,-0.207346,0.00258875,0.0025142,0.00224743,0.00365262,0.0016394,0,0,-0.0244105,-0.00891904,-0.0286961,-0.00118469,0.0188152,-0.00667286,0.0677919,0,0,0,-2.40048e-12,-1.20024e-12,0,-1.20024e-12,3.60072e-12,-1.20024e-12,0,0,0,0,0,0,0,0,0,0.905991,3.9806e-09,0,0,-1.20024e-12,-1.20024e-12,1.20024e-12,-1.20024e-12,0,0,0,0,0,0,0,0,0,0,3.9806e-09,0.905991,
0,-0.357324,0.0129564,-0.00159835,0.00137916,0.000669599,-3.01248e-05,0,0,0.550806,-0.0157053,-0.0838074,0.0180564,0.0112659,0.00332471,-0.00101483,0,0,-1.3146e-12,-2,-0.00316607,-0.0101208,-0.00239094,-0.000592922,-3.45098e-06,0,0,0.0230487,0.740298,0.0234754,0.0590634,-0.0174001,-0.0147753,0.0252984,0,0,1.73472e-12,-0.203574,0.0825587,0.0113834,0.00376169,0.00203858,-7.59438e-05,0,0,-0.0840569,-0.00887755,0.517432,-0.0110767,-0.000867128,0.00853734,-0.00211643,0,0,-6.93889e-12,-1.68544,0.00537191,0.0448961,0.00490447,-0.00065809,-6.50878e-05,0,0,0.0208692,-0.0716282,-0.00631045,0.644874,0.0107391,0.05247,0.00668082,0,0,5.20417e-12,0.914218,0.0417038,0.00982645,-0.0409091,-0.0295137,0.000863152,0,0,0.11978,0.040197,-0.00625728,0.146121,0.386305,-0.0315355,0.0151165,0,0,3.46945e-11,-1.16644,0.00475697,-0.0442013,-0.0347929,0.032086,0.00124056,0,0,0.0471048,-0.0532217,0.0953348,0.577996,-0.0374238,0.416906,-0.000959253,0,0,-4.77049e-12,-0.20747,0.00259017,0.00251263,0.00224746,0.00365219,0.00163982,0,0,-0.024405,-0.00892452,-0.0286968,-0.00117179,0.0188033,-0.00667555,0.0677931,0,0,0,0,0,0,1.20024e-12,-2.40048e-12,2.40048e-12,0,0,0,0,0,0,0,0,0,0.905991,3.9701e-09,0,0,0,0,0,0,0,0,0,0,0,0,0,0,0,0,3.9701e-09,0.905991,
-8.67362e-13,-0.357816,0.0129674,-0.00160243,0.00138095,0.000670419,-3.01385e-05,0,0,0.550817,-0.015727,-0.0838519,0.0180897,0.0112696,0.003321,-0.00101217,0,0,3.46267e-12,-2,-0.00317098,-0.0101303,-0.00239472,-0.000592162,-3.41433e-06,0,0,0.0230721,0.740296,0.0235053,0.059111,-0.0174063,-0.0148024,0.0252999,0,0,-6.93889e-12,-0.203884,0.0825551,0.0113842,0.00376601,0.00203993,-7.59563e-05,0,0,-0.0841024,-0.00889108,0.517623,-0.0110646,-0.000842907,0.00853829,-0.00211525,0,0,1.38778e-11,-1.68646,0.00537309,0.0449114,0.00490555,-0.000658231,-6.50368e-05,0,0,0.020905,-0.0716721,-0.00629061,0.644901,0.0107295,0.0524539,0.00668645,0,0,-2.94903e-11,0.914584,0.0417005,0.00983671,-0.0409366,-0.0295267,0.000862935,0,0,0.119831,0.0402137,-0.00601109,0.146061,0.38637,-0.0315235,0.0151033,0,0,-2.08167e-11,-1.16441,0.00475927,-0.0442096,-0.0348107,0.032102,0.00124019,0,0,0.0470936,-0.053134,0.0953595,0.577925,-0.0374123,0.416922,-0.000969059,0,0,4.33681e-13,-0.207595,0.00259151,0.00251113,0.00224722,0.00365184,0.00164033,0,0,-0.0243994,-0.00892999,-0.0286975,-0.00115889,0.0187914,-0.00667824,0.0677944,0,0,0,0,0,0,0,0,0,0,0,0,0,0,0,0,0,0,0.905991,4.05021e-09,0,1.20024e-12,0,0,1.20024e-12,1.20024e-12,1.20024e-12,0,0,0,0,0,0,0,0,0,4.05051e-09,0.905991,
-1.73472e-12,-0.358309,0.0129785,-0.00160653,0.00138274,0.000671238,-3.01522e-05,0,0,0.550828,-0.0157487,-0.0838964,0.018123,0.0112732,0.00331726,-0.00100951,0,0,2.55465e-12,-2,-0.00317588,-0.0101397,-0.0023985,-0.000591399,-3.37772e-06,0,0,0.0230955,0.740293,0.0235352,0.0591585,-0.0174125,-0.0148294,0.0253014,0,0,-5.20417e-12,-0.204195,0.0825515,0.0113849,0.00377033,0.00204128,-7.59687e-05,0,0,-0.0841481,-0.00890464,0.517814,-0.0110525,-0.000818688,0.00853922,-0.00211407,0,0,2.08167e-11,-1.68748,0.00537426,0.0449268,0.00490661,-0.000658375,-6.49857e-05,0,0,0.0209408,-0.071716,-0.00627071,0.644928,0.01072,0.0524377,0.00669208,0,0,1.12757e-11,0.914955,0.0416971,0.00984698,-0.0409639,-0.0295397,0.000862717,0,0,0.119881,0.0402304,-0.0057649,0.146,0.386435,-0.0315115,0.0150902,0,0,-5.55112e-11,-1.16237,0.00476157,-0.0442178,-0.0348286,0.032118,0.00123981,0,0,0.0470822,-0.0530462,0.095384,0.577853,-0.0374008,0.416937,-0.000978871,0,0,-1.30104e-12,-0.207719,0.00259286,0.00250963,0.00224698,0.00365148,0.00164083,0,0,-0.0243939,-0.00893547,-0.0286981,-0.001146,0.0187795,-0.00668093,0.0677957,0,0,0,0,0,0,0,0,0,0,0,0,0,0,0,0,0,0,0.905991,4.22575e-09,0,0,0,0,-1.20024e-12,1.20024e-12,0,0,0,0,0,0,0,0,0,0,4.22545e-09,0.905991,
-2.60209e-12,-0.358803,0.0129895,-0.00161063,0.00138377,0.000672057,-3.09324e-05,0,0,0.550839,-0.0157704,-0.083941,0.0181564,0.0112769,0.00331351,-0.00100684,0,0,3.64563e-12,-2,-0.0031808,-0.0101492,-0.00240246,-0.000590634,-3.51652e-06,0,0,0.0231189,0.740291,0.0235651,0.0592061,-0.0174187,-0.0148565,0.0253028,0,0,-1.38778e-11,-0.204506,0.0825478,0.0113857,0.00377365,0.00204263,-7.69668e-05,0,0,-0.0841938,-0.00891823,0.518005,-0.0110404,-0.000794471,0.00854013,-0.00211288,0,0,1.38778e-11,-1.68851,0.00537542,0.0449421,0.00490805,-0.00065852,-6.45584e-05,0,0,0.0209766,-0.0717599,-0.00625076,0.644955,0.0107104,0.0524216,0.00669772,0,0,-2.42861e-11,0.915325,0.0416936,0.00985725,-0.0409987,-0.0295527,0.000854983,0,0,0.119931,0.040247,-0.00551869,0.145939,0.386499,-0.0314996,0.0150771,0,0,2.08167e-11,-1.16034,0.00476386,-0.044226,-0.034845,0.0321341,0.00124078,0,0,0.0470707,-0.0529584,0.0954083,0.577782,-0.0373893,0.416952,-0.000988689,0,0,-1.99493e-11,-0.207843,0.0025942,0.00250813,0.00224691,0.00365113,0.00164151,0,0,-0.0243883,-0.00894094,-0.0286988,-0.00113311,0.0187676,-0.00668362,0.067797,0,0,0,-2.40048e-12,-1.20024e-12,0,-1.20024e-12,2.40048e-12,-1.20024e-12,0,0,0,0,0,0,0,0,0,0.905991,-4.51561e-09,0,-2.40048e-12,0,0,-1.20024e-12,2.40048e-12,-1.20024e-12,0,0,0,0,0,0,0,0,0,-4.51651e-09,0.905991,
-2.60209e-12,-0.359298,0.0130002,-0.00161437,0.00138556,0.000673259,-3.09459e-05,0,0,0.55085,-0.0157922,-0.0839857,0.0181899,0.0112805,0.00330973,-0.00100416,0,0,3.28649e-12,-2,-0.00318581,-0.0101586,-0.00240624,-0.000589779,-3.47997e-06,0,0,0.0231423,0.740289,0.023595,0.0592537,-0.0174249,-0.0148836,0.0253043,0,0,-8.67362e-12,-0.204818,0.0825437,0.0113869,0.00377796,0.00204447,-7.69795e-05,0,0,-0.0842396,-0.00893185,0.518197,-0.0110282,-0.000770255,0.00854102,-0.00211169,0,0,1.38778e-11,-1.68953,0.00537676,0.0449573,0.0049091,-0.000658855,-6.45071e-05,0,0,0.0210126,-0.0718039,-0.00623076,0.644983,0.0107008,0.0524054,0.00670336,0,0,1.64799e-11,0.915695,0.0416863,0.00987128,-0.041026,-0.0295618,0.00085476,0,0,0.119981,0.0402637,-0.00527247,0.145879,0.386564,-0.0314876,0.0150639,0,0,6.93889e-12,-1.1583,0.00476683,-0.0442348,-0.0348627,0.0321496,0.0012404,0,0,0.047059,-0.0528706,0.0954325,0.577711,-0.0373779,0.416967,-0.000998514,0,0,-1.12757e-11,-0.207967,0.00259563,0.00250655,0.00224666,0.00365069,0.00164201,0,0,-0.0243827,-0.00894641,-0.0286995,-0.00112023,0.0187557,-0.00668631,0.0677982,0,0,0,-1.20024e-12,-1.20024e-12,1.20024e-12,0,1.20024e-12,-1.20024e-12,0,0,0,0,0,0,0,0,0,0.905991,-4.66504e-09,0,-1.20024e-12,-1.20024e-12,0,-1.20024e-12,1.20024e-12,-1.20024e-12,0,0,0,0,0,0,0,0,0,-4.66504e-09,0.905991,
1.73472e-12,-0.359793,0.0130117,-0.00161849,0.00138619,0.000673311,-3.05761e-05,0,0,0.550862,-0.015814,-0.0840305,0.0182234,0.0112841,0.00330593,-0.00100148,0,0,9.01243e-12,-2,-0.00319065,-0.0101681,-0.00241028,-0.000589184,-3.35575e-06,0,0,0.0231658,0.740287,0.0236249,0.0593012,-0.0174311,-0.0149107,0.0253058,0,0,-1.73472e-12,-0.205131,0.0825405,0.0113876,0.00378078,0.00204482,-7.64987e-05,0,0,-0.0842856,-0.0089455,0.518388,-0.0110159,-0.000746041,0.00854189,-0.0021105,0,0,-1.38778e-11,-1.69056,0.00537772,0.0449727,0.00491072,-0.000658628,-6.46441e-05,0,0,0.0210486,-0.071848,-0.0062107,0.64501,0.0106913,0.0523892,0.006709,0,0,9.54098e-12,0.916068,0.0416864,0.00988157,-0.0410645,-0.0295823,0.000858298,0,0,0.120031,0.0402804,-0.00502625,0.145818,0.386628,-0.0314756,0.0150508,0,0,3.46945e-11,-1.15627,0.00476845,-0.0442428,-0.0348784,0.0321672,0.00123935,0,0,0.0470472,-0.0527827,0.0954565,0.577639,-0.0373664,0.416983,-0.00100834,0,0,-1.04083e-11,-0.208092,0.0025969,0.00250504,0.00224667,0.0036505,0.00164242,0,0,-0.0243771,-0.00895188,-0.0287001,-0.00110736,0.0187438,-0.006689,0.0677995,0,0,0,0,0,0,0,1.20024e-12,0,0,0,0,0,0,0,0,0,0,0.905991,-4.65544e-09,0,0,-1.20024e-12,0,0,0,-1.20024e-12,0,0,0,0,0,0,0,0,0,-4.65634e-09,0.905991,
3.83174e-07,-0.36029,0.0130228,-0.00162263,0.00138798,0.000674516,-3.05896e-05,0,0,0.550873,-0.0158359,-0.0840754,0.018257,0.0112877,0.00330211,-0.000998799,0,0,8.77807e-08,-2,-0.00319558,-0.0101776,-0.00241406,-0.000588321,-3.31945e-06,0,0,0.0231892,0.740285,0.0236548,0.0593488,-0.0174373,-0.0149377,0.0253072,0,0,4.93522e-07,-0.205445,0.0825369,0.0113882,0.00378508,0.00204666,-7.6511e-05,0,0,-0.0843316,-0.00895919,0.51858,-0.0110036,-0.000721828,0.00854273,-0.0021093,0,0,-1.8828e-07,-1.69158,0.00537886,0.0449881,0.00491176,-0.000658966,-6.45927e-05,0,0,0.0210847,-0.0718921,-0.00619059,0.645037,0.0106817,0.052373,0.00671464,0,0,3.76334e-06,0.91643,0.0416827,0.00989186,-0.0410916,-0.0295913,0.000858075,0,0,0.120081,0.0402971,-0.00478002,0.145758,0.386693,-0.0314636,0.0150377,0,0,-6.70769e-07,-1.15423,0.00477075,-0.0442508,-0.0348961,0.0321829,0.00123897,0,0,0.0470352,-0.0526947,0.0954802,0.577568,-0.0373549,0.416998,-0.00101818,0,0,-8.51862e-08,-0.208216,0.00259825,0.00250354,0.00224641,0.00365005,0.00164293,0,0,-0.0243714,-0.00895735,-0.0287008,-0.00109449,0.0187319,-0.0066917,0.0678008,0,0,2.40048e-12,1.20024e-12,0,1.20024e-12,-1.20024e-12,0,-2.40048e-12,0,0,0,0,0,0,0,0,0,0.905991,-4.5051e-09,0,0,0,0,0,0,0,-1.15223e-10,0,0,0,0,0,0,0,0,-4.5048e-09,0.905991,
8.67362e-13,-0.360787,0.0130343,-0.00162717,0.00138975,0.000675337,-3.09862e-05,0,0,0.550884,-0.0158578,-0.0841203,0.0182907,0.0112913,0.00329828,-0.000996109,0,0,-6.74916e-12,-2,-0.00320043,-0.0101872,-0.00241785,-0.000587543,-3.37106e-06,0,0,0.0232127,0.740283,0.0236847,0.0593964,-0.0174435,-0.0149648,0.0253087,0,0,1.56125e-11,-0.205759,0.0825337,0.0113884,0.00378937,0.00204801,-7.70169e-05,0,0,-0.0843776,-0.0089729,0.518771,-0.0109913,-0.000697617,0.00854356,-0.0021081,0,0,1.38778e-11,-1.69261,0.0053798,0.0450036,0.00491279,-0.00065912,-6.4353e-05,0,0,0.0211208,-0.0719362,-0.00617042,0.645065,0.0106721,0.0523568,0.00672029,0,0,-1.21431e-11,0.916804,0.0416828,0.00989838,-0.0411187,-0.0296041,0.000854086,0,0,0.120131,0.0403137,-0.00453378,0.145697,0.386757,-0.0314517,0.0150245,0,0,-3.46945e-11,-1.15219,0.00477237,-0.0442581,-0.0349138,0.0321992,0.00123926,0,0,0.047023,-0.0526067,0.0955038,0.577496,-0.0373435,0.417014,-0.00102803,0,0,1.12757e-11,-0.20834,0.00259952,0.00250212,0.00224615,0.00364968,0.00164351,0,0,-0.0243658,-0.00896281,-0.0287014,-0.00108164,0.01872,-0.00669439,0.0678021,0,0,0,-1.20024e-12,2.40048e-12,1.20024e-12,-1.20024e-12,0,0,0,0,0,0,0,0,0,0,0,0.905991,4.25515e-09,0,0,1.20024e-12,0,0,0,0,0,0,0,0,0,0,0,0,0,4.25545e-09,0.905991,
3.83082e-07,-0.361285,0.0130447,-0.00163095,0.00139038,0.00067654,-3.06165e-05,0,0,0.550895,-0.0158797,-0.0841654,0.0183245,0.0112949,0.00329441,-0.000993415,0,0,8.78488e-08,-2,-0.00320555,-0.0101967,-0.00242189,-0.000586677,-3.24699e-06,0,0,0.0232362,0.740281,0.0237147,0.0594439,-0.0174497,-0.0149919,0.0253101,0,0,4.93923e-07,-0.206073,0.082529,0.0113895,0.00379218,0.00204984,-7.65352e-05,0,0,-0.0844238,-0.00898664,0.518963,-0.0109789,-0.000673408,0.00854436,-0.00210689,0,0,-1.88384e-07,-1.69364,0.0053813,0.0450188,0.00491438,-0.000659465,-6.44898e-05,0,0,0.021157,-0.0719804,-0.0061502,0.645092,0.0106625,0.0523406,0.00672594,0,0,3.76714e-06,0.917173,0.0416714,0.00991245,-0.041157,-0.0296132,0.000857626,0,0,0.120181,0.0403304,-0.00428753,0.145637,0.386822,-0.0314397,0.0150114,0,0,-6.71047e-07,-1.15015,0.00477601,-0.0442666,-0.0349294,0.032215,0.00123821,0,0,0.0470107,-0.0525186,0.0955272,0.577424,-0.037332,0.417029,-0.00103788,0,0,-8.51303e-08,-0.208464,0.00260105,0.00250052,0.00224615,0.00364922,0.00164392,0,0,-0.0243601,-0.00896828,-0.028702,-0.00106878,0.0187082,-0.00669709,0.0678033,0,0,0,0,0,0,0,0,0,0,0,0,0,0,0,0,0,0,0.905991,4.15343e-09,-1.20024e-12,0,0,0,0,0,0,0,0,0,0,0,0,0,0,0,4.15403e-09,0.905991,
4.33681e-12,-0.361784,0.0130567,-0.00163512,0.00139216,0.000677358,-3.06299e-05,0,0,0.550907,-0.0159017,-0.0842105,0.0183583,0.0112984,0.00329053,-0.000990715,0,0,-2.16163e-12,-2,-0.00321032,-0.0102062,-0.00242568,-0.000585896,-3.21075e-06,0,0,0.0232596,0.740279,0.0237446,0.0594915,-0.0174559,-0.015019,0.0253115,0,0,1.9082e-11,-0.206389,0.0825263,0.0113901,0.00379647,0.00205118,-7.65471e-05,0,0,-0.0844701,-0.00900041,0.519154,-0.0109664,-0.0006492,0.00854514,-0.00210568,0,0,-2.08167e-11,-1.69467,0.00538204,0.0450342,0.0049154,-0.000659623,-6.44383e-05,0,0,0.0211933,-0.0720247,-0.00612993,0.64512,0.010653,0.0523244,0.00673159,0,0,2.08167e-11,0.917543,0.0416751,0.00992276,-0.041184,-0.0296259,0.000857401,0,0,0.120231,0.0403471,-0.00404128,0.145576,0.386886,-0.0314278,0.0149983,0,0,7.63278e-11,-1.1481,0.00477697,-0.0442744,-0.0349469,0.0322314,0.00123783,0,0,0.0469982,-0.0524305,0.0955504,0.577353,-0.0373205,0.417045,-0.00104773,0,0,1.17094e-11,-0.208588,0.00260225,0.00249901,0.00224588,0.00364885,0.00164442,0,0,-0.0243544,-0.00897374,-0.0287027,-0.00105594,0.0186963,-0.00669978,0.0678046,0,0,0,1.20024e-12,-1.20024e-12,0,0,0,1.20024e-12,0,0,0,0,0,0,0,0,0,0.905991,4.16634e-09,0,0,0,0,0,0,0,0,0,0,0,0,0,0,0,0,4.16664e-09,0.905991,
-1.73472e-12,-0.362284,0.0130672,-0.00163931,0.00139317,0.000677794,-3.06432e-05,0,0,0.550918,-0.0159237,-0.0842557,0.0183922,0.011302,0.00328663,-0.000988011,0,0,2.41235e-11,-2,-0.00321545,-0.0102157,-0.00242964,-0.000585201,-3.17445e-06,0,0,0.0232831,0.740277,0.0237746,0.0595391,-0.0174621,-0.015046,0.0253129,0,0,-1.38778e-11,-0.206705,0.0825216,0.0113907,0.00379976,0.00205202,-7.6559e-05,0,0,-0.0845164,-0.00901421,0.519346,-0.0109539,-0.000624994,0.0085459,-0.00210447,0,0,6.93889e-12,-1.6957,0.00538353,0.0450496,0.0049168,-0.000659595,-6.43868e-05,0,0,0.0212297,-0.072069,-0.0061096,0.645147,0.0106434,0.0523081,0.00673725,0,0,3.46945e-12,0.917912,0.0416636,0.00993307,-0.0412184,-0.0296424,0.000857175,0,0,0.12028,0.0403637,-0.00379502,0.145516,0.386951,-0.0314158,0.0149852,0,0,2.08167e-11,-1.14606,0.00478061,-0.0442822,-0.0349631,0.0322487,0.00123744,0,0,0.0469856,-0.0523423,0.0955734,0.577281,-0.0373091,0.41706,-0.0010576,0,0,1.04083e-11,-0.208712,0.00260378,0.0024975,0.00224578,0.00364856,0.00164492,0,0,-0.0243487,-0.0089792,-0.0287033,-0.0010431,0.0186844,-0.00670248,0.0678059,0,0,0,0,0,0,1.20024e-12,0,-1.20024e-12,0,0,0,0,0,0,0,0,0,0.905991,4.28336e-09,0,0,0,1.20024e-12,0,0,-1.20024e-12,0,0,0,0,0,0,0,0,0,4.28276e-09,0.905991,
1.73472e-12,-0.362785,0.0130784,-0.00164351,0.00139494,0.000678611,-3.06564e-05,0,0,0.55093,-0.0159457,-0.084301,0.0184262,0.0113055,0.00328271,-0.000985301,0,0,-3.1984e-12,-2,-0.00322042,-0.0102252,-0.00243343,-0.000584416,-3.13817e-06,0,0,0.0233066,0.740275,0.0238045,0.0595866,-0.0174683,-0.0150731,0.0253144,0,0,3.46945e-12,-0.207023,0.0825178,0.0113913,0.00380404,0.00205334,-7.65707e-05,0,0,-0.0845629,-0.00902805,0.519538,-0.0109414,-0.000600789,0.00854664,-0.00210326,0,0,-1.38778e-11,-1.69673,0.00538463,0.045065,0.00491781,-0.000659757,-6.43352e-05,0,0,0.0212661,-0.0721133,-0.00608922,0.645174,0.0106338,0.0522919,0.00674291,0,0,-6.93889e-12,0.918278,0.0416596,0.00994338,-0.0412453,-0.0296551,0.000856949,0,0,0.12033,0.0403804,-0.00354875,0.145456,0.387015,-0.0314039,0.0149721,0,0,2.08167e-11,-1.14402,0.0047829,-0.0442899,-0.0349806,0.0322653,0.00123706,0,0,0.0469728,-0.0522541,0.0955962,0.577209,-0.0372976,0.417076,-0.00106747,0,0,-4.77049e-12,-0.208836,0.00260515,0.00249598,0.00224551,0.00364819,0.00164542,0,0,-0.024343,-0.00898466,-0.0287039,-0.00103027,0.0186725,-0.00670517,0.0678071,0,0,0,-1.20024e-12,0,0,0,-1.20024e-12,0,0,0,0,0,0,0,0,0,0,0.905991,-4.51501e-09,0,1.20024e-12,-1.20024e-12,-1.20024e-12,-1.20024e-12,2.40048e-12,1.20024e-12,1.20024e-12,0,0,0,0,0,0,0,0,-4.51381e-09,0.905991,
-8.67362e-13,-0.363286,0.0130904,-0.00164772,0.00139633,0.000679045,-3.10525e-05,0,0,0.550941,-0.0159678,-0.0843464,0.0184603,0.0113091,0.00327876,-0.000982586,0,0,-3.37458e-12,-2,-0.00322521,-0.0102348,-0.00243731,-0.000583716,-3.18983e-06,0,0,0.0233301,0.740274,0.0238345,0.0596342,-0.0174746,-0.0151002,0.0253158,0,0,-6.93889e-12,-0.20734,0.0825151,0.0113919,0.00380782,0.00205418,-7.7077e-05,0,0,-0.0846094,-0.00904191,0.51973,-0.0109288,-0.000576587,0.00854735,-0.00210204,0,0,-1.38778e-11,-1.69777,0.00538535,0.0450804,0.004919,-0.000659732,-6.4095e-05,0,0,0.0213026,-0.0721577,-0.00606878,0.645202,0.0106242,0.0522756,0.00674857,0,0,8.67362e-13,0.918651,0.041663,0.0099537,-0.0412759,-0.0296716,0.000852947,0,0,0.120379,0.040397,-0.00330247,0.145395,0.387079,-0.0313919,0.014959,0,0,3.46945e-11,-1.14197,0.00478386,-0.0442976,-0.0349974,0.0322826,0.00123735,0,0,0.0469598,-0.0521659,0.0956188,0.577138,-0.0372862,0.417091,-0.00107734,0,0,4.77049e-12,-0.20896,0.00260635,0.00249447,0.00224532,0.0036479,0.001646,0,0,-0.0243373,-0.00899012,-0.0287045,-0.00101744,0.0186607,-0.00670787,0.0678084,0,0,0,-2.40048e-12,2.40048e-12,2.40048e-12,0,-2.40048e-12,0,0,0,0,0,0,0,0,0,0,0.905991,-4.60112e-09,0,1.20024e-12,0,0,0,0,-1.20024e-12,0,0,0,0,0,0,0,0,0,-4.60082e-09,0.905991,
2.60209e-12,-0.363789,0.0131014,-0.0016527,0.00139771,0.000680628,-3.06827e-05,0,0,0.550953,-0.0159899,-0.0843919,0.0184944,0.0113126,0.00327479,-0.000979866,0,0,1.52601e-11,-2,-0.00323028,-0.0102445,-0.00244119,-0.000582749,-3.06557e-06,0,0,0.0233536,0.740272,0.0238644,0.0596817,-0.0174808,-0.0151272,0.0253171,0,0,6.93889e-12,-0.207659,0.0825109,0.0113915,0.0038116,0.00205649,-7.65938e-05,0,0,-0.084656,-0.00905581,0.519922,-0.0109162,-0.000552386,0.00854805,-0.00210082,0,0,2.77556e-11,-1.6988,0.00538662,0.0450962,0.00492019,-0.000660274,-6.42319e-05,0,0,0.0213392,-0.0722022,-0.00604829,0.645229,0.0106146,0.0522593,0.00675423,0,0,-2.25514e-11,0.919016,0.0416551,0.00995648,-0.0413064,-0.0296767,0.000856495,0,0,0.120429,0.0404137,-0.00305619,0.145335,0.387144,-0.03138,0.0149459,0,0,-7.63278e-11,-1.13992,0.00478683,-0.0443038,-0.0350142,0.032298,0.00123629,0,0,0.0469467,-0.0520776,0.0956412,0.577066,-0.0372747,0.417107,-0.00108722,0,0,-9.54098e-12,-0.209084,0.00260781,0.00249312,0.00224513,0.00364735,0.00164641,0,0,-0.0243316,-0.00899557,-0.0287051,-0.00100462,0.0186488,-0.00671057,0.0678097,0,0,0,-1.20024e-12,0,0,0,0,0,5.76116e-11,0,0,0,0,0,0,0,0,0.905991,-4.53871e-09,0,1.20024e-12,0,0,1.20024e-12,0,0,0,0,0,0,0,0,0,0,0,-4.53901e-09,0.905991,
2.60209e-12,-0.364291,0.0131127,-0.00165655,0.00139871,0.000680678,-3.06958e-05,0,0,0.550964,-0.016012,-0.0844374,0.0185286,0.0113161,0.00327081,-0.000977141,0,0,1.71439e-12,-2,-0.00323526,-0.0102539,-0.00244515,-0.000582132,-3.02929e-06,0,0,0.0233771,0.74027,0.0238944,0.0597293,-0.017487,-0.0151543,0.0253185,0,0,1.9082e-11,-0.207977,0.0825071,0.0113925,0.00381487,0.00205682,-7.66052e-05,0,0,-0.0847027,-0.00906973,0.520114,-0.0109035,-0.000528188,0.00854872,-0.00209959,0,0,1.38778e-11,-1.69984,0.0053877,0.0451115,0.00492156,-0.000660064,-6.41803e-05,0,0,0.0213759,-0.0722467,-0.00602774,0.645257,0.010605,0.052243,0.0067599,0,0,-4.33681e-12,0.919389,0.0416509,0.00997058,-0.0413407,-0.0296968,0.000856267,0,0,0.120478,0.0404303,-0.00280991,0.145275,0.387208,-0.0313681,0.0149328,0,0,-4.16334e-11,-1.13788,0.00478913,-0.044312,-0.0350302,0.0323161,0.0012359,0,0,0.0469335,-0.0519892,0.0956635,0.576994,-0.0372633,0.417122,-0.00109711,0,0,-4.33681e-12,-0.209208,0.00260919,0.00249152,0.00224501,0.00364714,0.00164691,0,0,-0.0243258,-0.00900103,-0.0287057,-0.000991813,0.018637,-0.00671327,0.0678109,0,0,0,-1.20024e-12,0,0,0,1.20024e-12,0,0,0,0,0,0,0,0,0,0,0.905991,-4.35477e-09,0,0,0,0,0,0,0,0,0,0,0,0,0,0,0,0,-4.35507e-09,0.905991,
-8.67362e-13,-0.364795,0.0131244,-0.00166118,0.00140086,0.000681494,-3.07089e-05,0,0,0.550976,-0.0160342,-0.0844831,0.0185629,0.0113196,0.0032668,-0.000974411,0,0,-4.5401e-13,-2,-0.00324016,-0.0102636,-0.00244885,-0.000581336,-2.99301e-06,0,0,0.0234007,0.740268,0.0239244,0.0597769,-0.0174933,-0.0151814,0.0253199,0,0,-1.21431e-11,-0.208297,0.0825038,0.0113925,0.00381962,0.00205814,-7.66166e-05,0,0,-0.0847495,-0.00908369,0.520306,-0.0108907,-0.000503991,0.00854937,-0.00209836,0,0,0,-1.70087,0.00538858,0.0451271,0.00492236,-0.000660233,-6.41285e-05,0,0,0.0214126,-0.0722912,-0.00600714,0.645284,0.0105954,0.0522267,0.00676557,0,0,-1.56125e-11,0.919757,0.0416504,0.00997714,-0.0413636,-0.0297094,0.000856039,0,0,0.120527,0.040447,-0.00256361,0.145214,0.387272,-0.0313561,0.0149197,0,0,-2.77556e-11,-1.13583,0.00479076,-0.0443188,-0.0350483,0.0323329,0.00123551,0,0,0.04692,-0.0519008,0.0956855,0.576922,-0.0372518,0.417138,-0.00110701,0,0,-1.0842e-11,-0.209332,0.00261048,0.00249008,0.00224464,0.00364676,0.0016474,0,0,-0.02432,-0.00900648,-0.0287063,-0.000979009,0.0186251,-0.00671597,0.0678122,0,0,0,0,0,0,-1.20024e-12,0,0,0,0,0,0,0,0,0,0,0,0.905991,4.09222e-09,0,0,1.20024e-12,-1.20024e-12,-1.20024e-12,0,0,0,0,0,0,0,0,0,0,0,4.09222e-09,0.905991,
2.60209e-12,-0.3653,0.013135,-0.00166467,0.00140185,0.000683076,-3.11045e-05,0,0,0.550988,-0.0160565,-0.0845288,0.0185972,0.0113231,0.00326277,-0.000971676,0,0,2.43268e-12,-2,-0.00324533,-0.010273,-0.00245282,-0.000580361,-3.04485e-06,0,0,0.0234242,0.740267,0.0239544,0.0598244,-0.0174995,-0.0152085,0.0253213,0,0,1.73472e-11,-0.208617,0.082499,0.011394,0.00382289,0.00206045,-7.71233e-05,0,0,-0.0847964,-0.00909768,0.520498,-0.0108779,-0.000479796,0.00855,-0.00209713,0,0,6.93889e-12,-1.70191,0.00539002,0.0451421,0.00492371,-0.000660781,-6.38879e-05,0,0,0.0214494,-0.0723358,-0.00598648,0.645312,0.0105858,0.0522104,0.00677125,0,0,-2.34188e-11,0.92013,0.0416385,0.00999504,-0.0413977,-0.0297144,0.000852028,0,0,0.120576,0.0404636,-0.00231732,0.145154,0.387337,-0.0313442,0.0149067,0,0,0,-1.13378,0.00479441,-0.0443276,-0.0350643,0.0323485,0.0012358,0,0,0.0469064,-0.0518123,0.0957073,0.57685,-0.0372404,0.417153,-0.00111691,0,0,1.77809e-11,-0.209455,0.00261203,0.00248839,0.00224452,0.0036462,0.00164798,0,0,-0.0243142,-0.00901193,-0.0287069,-0.000966211,0.0186133,-0.00671866,0.0678135,0,0,0,-2.40048e-12,0,-1.20024e-12,0,1.20024e-12,1.20024e-12,0,0,0,0,0,0,0,0,0,0.905991,3.9704e-09,0,-1.20024e-12,0,-1.20024e-12,0,1.20024e-12,1.20024e-12,0,0,0,0,0,0,0,0,0,3.9707e-09,0.905991,
8.67362e-13,-0.365806,0.0131468,-0.00166894,0.00140284,0.000683509,-3.07348e-05,0,0,0.550999,-0.0160787,-0.0845746,0.0186316,0.0113266,0.00325872,-0.000968936,0,0,1.08556e-11,-2,-0.00325024,-0.0102825,-0.00245679,-0.000579647,-2.92054e-06,0,0,0.0234478,0.740265,0.0239844,0.059872,-0.0175057,-0.0152355,0.0253226,0,0,-1.73472e-12,-0.208938,0.0824957,0.0113944,0.00382615,0.00206126,-7.6639e-05,0,0,-0.0848434,-0.0091117,0.52069,-0.0108651,-0.000455603,0.0085506,-0.00209589,0,0,-6.93889e-12,-1.70295,0.00539088,0.0451575,0.00492507,-0.000660764,-6.4025e-05,0,0,0.0214863,-0.0723805,-0.00596577,0.645339,0.0105762,0.052194,0.00677693,0,0,1.38778e-11,0.920495,0.0416379,0.0100054,-0.0414318,-0.0297307,0.000855581,0,0,0.120625,0.0404802,-0.00207101,0.145094,0.387401,-0.0313323,0.0148936,0,0,5.55112e-11,-1.13173,0.00479604,-0.044335,-0.0350802,0.0323661,0.00123474,0,0,0.0468927,-0.0517238,0.095729,0.576778,-0.0372289,0.417169,-0.00112682,0,0,-4.77049e-12,-0.209579,0.00261334,0.00248686,0.0022444,0.0036459,0.00164839,0,0,-0.0243084,-0.00901738,-0.0287075,-0.000953421,0.0186014,-0.00672136,0.0678147,0,0,0,0,0,0,-1.20024e-12,0,0,0,0,0,0,0,0,0,0,0,0.905991,3.95179e-09,0,0,0,0,1.20024e-12,0,0,0,0,0,0,0,0,0,0,0,3.95209e-09,0.905991,
-3.82607e-07,-0.366313,0.0131578,-0.0016736,0.00140459,0.000683941,-3.0365e-05,0,0,0.551011,-0.016101,-0.0846205,0.0186661,0.01133,0.00325465,-0.00096619,0,0,-8.81309e-08,-2,-0.00325534,-0.0102922,-0.00246058,-0.000578931,-2.79618e-06,0,0,0.0234713,0.740264,0.0240144,0.0599196,-0.017512,-0.0152626,0.025324,0,0,-4.95909e-07,-0.209261,0.0824914,0.0113944,0.00383039,0.00206208,-7.61541e-05,0,0,-0.0848905,-0.00912575,0.520883,-0.0108522,-0.000431412,0.00855119,-0.00209465,0,0,1.88967e-07,-1.70399,0.00539212,0.0451732,0.00492603,-0.000660749,-6.41621e-05,0,0,0.0215232,-0.0724252,-0.005945,0.645367,0.0105665,0.0521777,0.00678261,0,0,-3.78581e-06,0.920859,0.0416296,0.010012,-0.0414583,-0.029747,0.000859137,0,0,0.120674,0.0404968,-0.0018247,0.145034,0.387465,-0.0313204,0.0148805,0,0,6.72531e-07,-1.12968,0.00479902,-0.0443416,-0.0350975,0.0323838,0.00123367,0,0,0.0468788,-0.0516352,0.0957504,0.576706,-0.0372175,0.417185,-0.00113673,0,0,8.49282e-08,-0.209703,0.00261481,0.00248542,0.0022441,0.0036456,0.0016488,0,0,-0.0243026,-0.00902282,-0.028708,-0.000940637,0.0185896,-0.00672407,0.067816,0,0,0,1.20024e-12,0,0,0,0,1.20024e-12,0,0,0,0,0,0,0,0,0,0.905991,4.02441e-09,0,2.40048e-12,0,0,0,0,2.40048e-12,0,0,0,0,0,0,0,0,0,4.02531e-09,0.905991,
0,-0.36682,0.0131697,-0.00167789,0.00140635,0.000684757,-3.07605e-05,0,0,0.551023,-0.0161234,-0.0846665,0.0187007,0.0113335,0.00325055,-0.00096344,0,0,6.15962e-12,-2,-0.00326027,-0.0103018,-0.00246438,-0.000578124,-2.84814e-06,0,0,0.0234949,0.740262,0.0240444,0.0599671,-0.0175183,-0.0152897,0.0253253,0,0,-1.21431e-11,-0.209583,0.0824881,0.0113948,0.00383464,0.00206339,-7.6661e-05,0,0,-0.0849376,-0.00913983,0.521075,-0.0108393,-0.000407223,0.00855175,-0.00209341,0,0,-1.38778e-11,-1.70503,0.00539296,0.0451886,0.004927,-0.000660925,-6.39212e-05,0,0,0.0215602,-0.0724699,-0.00592418,0.645395,0.0105569,0.0521613,0.00678829,0,0,-9.54098e-12,0.921231,0.0416288,0.0100223,-0.0414847,-0.0297594,0.000855121,0,0,0.120723,0.0405135,-0.00157839,0.144974,0.38753,-0.0313085,0.0148675,0,0,-3.46945e-11,-1.12762,0.00480065,-0.0443489,-0.0351147,0.0324009,0.00123395,0,0,0.0468647,-0.0515466,0.0957717,0.576634,-0.037206,0.4172,-0.00114665,0,0,-1.12757e-11,-0.209826,0.00261611,0.00248389,0.0022438,0.00364521,0.00164937,0,0,-0.0242968,-0.00902827,-0.0287086,-0.00092786,0.0185778,-0.00672677,0.0678173,0,0,0,0,-1.20024e-12,0,-1.20024e-12,0,0,0,0,0,0,0,0,0,0,0,0.905991,4.18944e-09,0,-1.20024e-12,0,0,0,1.20024e-12,0,0,0,0,0,0,0,0,0,0,4.18914e-09,0.905991,
-2.60209e-12,-0.367328,0.0131812,-0.00168219,0.00140771,0.000685954,-3.03907e-05,0,0,0.551035,-0.0161458,-0.0847126,0.0187354,0.0113369,0.00324644,-0.000960684,0,0,-3.44234e-12,-2,-0.00326529,-0.0103114,-0.00246826,-0.000577226,-2.7238e-06,0,0,0.0235185,0.740261,0.0240744,0.0600147,-0.0175245,-0.0153167,0.0253267,0,0,-1.56125e-11,-0.209906,0.0824843,0.0113953,0.00383838,0.00206519,-7.61755e-05,0,0,-0.0849849,-0.00915394,0.521268,-0.0108263,-0.000383036,0.00855229,-0.00209217,0,0,-2.08167e-11,-1.70607,0.00539399,0.045204,0.00492814,-0.000661291,-6.40584e-05,0,0,0.0215973,-0.0725147,-0.0059033,0.645422,0.0105473,0.052145,0.00679398,0,0,2.42861e-11,0.9216,0.0416242,0.0100327,-0.0415149,-0.029768,0.00085868,0,0,0.120772,0.0405301,-0.00133207,0.144914,0.387594,-0.0312966,0.0148544,0,0,6.245e-11,-1.12557,0.00480296,-0.0443561,-0.0351312,0.0324174,0.00123289,0,0,0.0468505,-0.0514579,0.0957928,0.576562,-0.0371946,0.417216,-0.00115658,0,0,-6.07153e-12,-0.20995,0.00261751,0.00248236,0.00224358,0.00364473,0.00164978,0,0,-0.0242909,-0.00903371,-0.0287092,-0.00091509,0.0185659,-0.00672947,0.0678185,0,0,0,0,0,0,-1.20024e-12,0,-1.20024e-12,0,0,0,0,0,0,0,0,0,0.905991,-4.4649e-09,0,2.40048e-12,-1.20024e-12,0,1.20024e-12,0,1.20024e-12,0,0,0,0,0,0,0,0,0,-4.4649e-09,0.905991,
0,-0.367837,0.0131931,-0.00168651,0.00140869,0.000686769,-3.0786e-05,0,0,0.551047,-0.0161682,-0.0847588,0.0187701,0.0113403,0.0032423,-0.000957923,0,0,-1.20956e-11,-2,-0.00327022,-0.010321,-0.00247223,-0.000576413,-2.77586e-06,0,0,0.023542,0.740259,0.0241044,0.0600622,-0.0175308,-0.0153438,0.025328,0,0,6.93889e-12,-0.21023,0.0824809,0.0113957,0.00384162,0.0020665,-7.66826e-05,0,0,-0.0850322,-0.00916808,0.52146,-0.0108133,-0.000358851,0.00855281,-0.00209091,0,0,0,-1.70712,0.00539482,0.0452195,0.00492947,-0.000661471,-6.38173e-05,0,0,0.0216345,-0.0725595,-0.00588237,0.64545,0.0105377,0.0521286,0.00679967,0,0,-1.38778e-11,0.921968,0.0416233,0.010043,-0.0415487,-0.0297804,0.000854659,0,0,0.120821,0.0405467,-0.00108574,0.144853,0.387658,-0.0312847,0.0148413,0,0,0,-1.12351,0.00480459,-0.0443633,-0.035147,0.0324346,0.00123316,0,0,0.0468361,-0.0513692,0.0958137,0.57649,-0.0371832,0.417232,-0.00116651,0,0,-9.97466e-12,-0.210074,0.00261882,0.00248082,0.00224344,0.00364433,0.00165035,0,0,-0.024285,-0.00903915,-0.0287097,-0.000902327,0.0185541,-0.00673217,0.0678198,0,0,0,0,0,0,0,0,1.20024e-12,0,0,0,0,0,0,0,0,0,0.905991,-4.60262e-09,0,-1.20024e-12,0,0,-1.20024e-12,0,-1.20024e-12,0,0,0,0,0,0,0,0,0,-4.60292e-09,0.905991,
-3.82413e-07,-0.368347,0.0132038,-0.00169045,0.00141044,0.000687584,-3.07987e-05,0,0,0.551059,-0.0161906,-0.084805,0.0188049,0.0113438,0.00323814,-0.000955157,0,0,-8.82471e-08,-2,-0.00327543,-0.0103305,-0.00247603,-0.000575598,-2.73976e-06,0,0,0.0235656,0.740258,0.0241344,0.0601098,-0.017537,-0.0153709,0.0253293,0,0,-4.96731e-07,-0.210555,0.0824761,0.0113965,0.00384584,0.0020678,-7.66933e-05,0,0,-0.0850796,-0.00918226,0.521653,-0.0108002,-0.000334669,0.00855331,-0.00208966,0,0,1.89161e-07,-1.70816,0.00539621,0.0452348,0.00493041,-0.000661652,-6.37653e-05,0,0,0.0216717,-0.0726044,-0.00586138,0.645477,0.010528,0.0521122,0.00680536,0,0,-3.79324e-06,0.922336,0.041611,0.0100572,-0.041575,-0.0297928,0.000854427,0,0,0.120869,0.0405633,-0.000839414,0.144793,0.387722,-0.0312728,0.0148283,0,0,6.73177e-07,-1.12146,0.00480825,-0.044371,-0.0351641,0.0324519,0.00123277,0,0,0.0468215,-0.0512804,0.0958343,0.576418,-0.0371717,0.417248,-0.00117645,0,0,8.48653e-08,-0.210197,0.00262039,0.0024792,0.00224312,0.00364393,0.00165084,0,0,-0.0242791,-0.00904459,-0.0287103,-0.000889571,0.0185423,-0.00673487,0.067821,0,0,0,0,0,0,-2.40048e-12,0,-3.60072e-12,0,0,0,0,0,0,0,0,0,0.905991,-4.58912e-09,1.20024e-12,1.20024e-12,0,1.20024e-12,1.20024e-12,0,3.60072e-12,0,0,0,0,0,0,0,0,0,-4.58882e-09,0.905991,
2.60209e-12,-0.368858,0.0132154,-0.00169517,0.00141141,0.000688016,-3.08113e-05,0,0,0.551071,-0.0162131,-0.0848514,0.0188397,0.0113472,0.00323397,-0.000952386,0,0,1.52669e-11,-2,-0.00328047,-0.0103402,-0.00248,-0.000574869,-2.70368e-06,0,0,0.0235892,0.740256,0.0241645,0.0601574,-0.0175433,-0.0153979,0.0253306,0,0,-6.93889e-12,-0.21088,0.0824722,0.0113964,0.00384907,0.0020686,-7.67038e-05,0,0,-0.0851272,-0.00919647,0.521845,-0.010787,-0.000310488,0.00855378,-0.0020884,0,0,-2.77556e-11,-1.70921,0.00539722,0.0452504,0.00493173,-0.000661646,-6.37132e-05,0,0,0.021709,-0.0726493,-0.00584034,0.645505,0.0105184,0.0520958,0.00681105,0,0,-1.04083e-11,0.922708,0.0416062,0.0100638,-0.0416088,-0.0298089,0.000854194,0,0,0.120918,0.0405799,-0.00059308,0.144733,0.387786,-0.0312609,0.0148153,0,0,0,-1.1194,0.00481056,-0.0443774,-0.0351799,0.0324699,0.00123237,0,0,0.0468068,-0.0511916,0.0958548,0.576346,-0.0371603,0.417263,-0.00118639,0,0,5.20417e-12,-0.210321,0.00262179,0.00247775,0.00224298,0.00364362,0.00165133,0,0,-0.0242732,-0.00905003,-0.0287108,-0.000876822,0.0185305,-0.00673758,0.0678223,0,0,0,0,1.20024e-12,-1.20024e-12,0,-1.20024e-12,1.20024e-12,0,0,0,0,0,0,0,0,0,0.905991,-4.43999e-09,0,0,0,0,0,0,0,0,0,0,0,0,0,0,0,0,-4.43939e-09,0.905991,
1.73472e-12,-0.36937,0.0132273,-0.0016999,0.00141315,0.000689595,-3.04416e-05,0,0,0.551083,-0.0162356,-0.0848978,0.0188747,0.0113506,0.00322977,-0.00094961,0,0,-1.02864e-11,-2,-0.00328543,-0.0103499,-0.0024838,-0.000573871,-2.57934e-06,0,0,0.0236128,0.740255,0.0241945,0.0602049,-0.0175496,-0.015425,0.0253319,0,0,1.04083e-11,-0.211207,0.0824688,0.0113962,0.00385329,0.00207089,-7.62172e-05,0,0,-0.0851748,-0.00921071,0.522038,-0.0107739,-0.00028631,0.00855423,-0.00208714,0,0,6.93889e-12,-1.71025,0.00539802,0.0452661,0.00493266,-0.000662209,-6.38504e-05,0,0,0.0217464,-0.0726943,-0.00581924,0.645533,0.0105088,0.0520794,0.00681675,0,0,-9.54098e-12,0.923068,0.0416051,0.0100704,-0.0416349,-0.0298136,0.000857758,0,0,0.120966,0.0405965,-0.00034674,0.144673,0.38785,-0.031249,0.0148022,0,0,-2.77556e-11,-1.11734,0.0048122,-0.0443837,-0.0351969,0.0324859,0.0012313,0,0,0.0467919,-0.0511027,0.0958751,0.576273,-0.0371489,0.417279,-0.00119634,0,0,-9.97466e-12,-0.210444,0.00262311,0.0024763,0.00224266,0.00364305,0.00165173,0,0,-0.0242673,-0.00905546,-0.0287113,-0.00086408,0.0185186,-0.00674028,0.0678236,0,0,0,0,0,0,0,0,0,0,0,0,0,0,0,0,0,0,0.905991,4.19664e-09,0,0,0,0,0,0,0,0,0,0,0,0,0,0,0,0,4.19664e-09,0.905991,
3.82266e-07,-0.369882,0.013239,-0.00170427,0.00141412,0.000690026,-3.08365e-05,0,0,0.551095,-0.0162582,-0.0849443,0.0189097,0.0113539,0.00322555,-0.000946828,0,0,8.83312e-08,-2,-0.00329048,-0.0103595,-0.00248778,-0.000573136,-2.63162e-06,0,0,0.0236364,0.740254,0.0242246,0.0602525,-0.0175559,-0.0154521,0.0253332,0,0,4.97335e-07,-0.211533,0.082465,0.0113966,0.00385651,0.00207169,-7.67247e-05,0,0,-0.0852225,-0.00922498,0.522231,-0.0107606,-0.000262133,0.00855466,-0.00208588,0,0,-1.89355e-07,-1.7113,0.00539901,0.0452815,0.00493397,-0.000662207,-6.3609e-05,0,0,0.0217839,-0.0727394,-0.00579808,0.64556,0.0104991,0.0520629,0.00682245,0,0,3.79878e-06,0.923439,0.0416002,0.0100808,-0.0416686,-0.0298297,0.000853727,0,0,0.121015,0.0406131,-0.000100396,0.144614,0.387915,-0.0312372,0.0147892,0,0,-6.73545e-07,-1.11528,0.00481452,-0.0443906,-0.0352126,0.0325041,0.00123157,0,0,0.0467769,-0.0510138,0.0958952,0.576201,-0.0371375,0.417295,-0.0012063,0,0,-8.47889e-08,-0.210567,0.00262452,0.00247476,0.0022425,0.00364272,0.00165231,0,0,-0.0242614,-0.00906089,-0.0287119,-0.000851344,0.0185068,-0.00674299,0.0678248,0,0,0,1.20024e-12,0,-1.20024e-12,-1.20024e-12,-1.20024e-12,1.20024e-12,0,0,0,0,0,0,0,0,0,0.905991,4.09732e-09,0,0,0,0,1.20024e-12,0,-1.20024e-12,0,0,0,0,0,0,0,0,0,4.09702e-09,0.905991,
-4.33681e-12,-0.370396,0.0132506,-0.00170864,0.00141547,0.00069084,-3.12312e-05,0,0,0.551107,-0.0162808,-0.0849909,0.0189448,0.0113573,0.0032213,-0.000944041,0,0,-1.15196e-13,-2,-0.00329554,-0.0103691,-0.00249166,-0.00057231,-2.68401e-06,0,0,0.0236601,0.740253,0.0242546,0.0603,-0.0175621,-0.0154791,0.0253345,0,0,-1.9082e-11,-0.211861,0.0824611,0.0113969,0.00386022,0.00207298,-7.72325e-05,0,0,-0.0852703,-0.00923928,0.522424,-0.0107473,-0.000237959,0.00855507,-0.00208461,0,0,0,-1.71235,0.00539999,0.045297,0.00493507,-0.000662396,-6.33674e-05,0,0,0.0218214,-0.0727844,-0.00577687,0.645588,0.0104895,0.0520465,0.00682816,0,0,7.80626e-12,0.923807,0.0415951,0.0100912,-0.0416985,-0.0298419,0.000849692,0,0,0.121063,0.0406297,0.000145953,0.144554,0.387979,-0.0312253,0.0147762,0,0,4.16334e-11,-1.11322,0.00481683,-0.0443975,-0.0352289,0.0325216,0.00123185,0,0,0.0467617,-0.0509248,0.0959151,0.576129,-0.037126,0.417311,-0.00121626,0,0,4.33681e-12,-0.210691,0.00262593,0.00247322,0.00224226,0.00364232,0.00165288,0,0,-0.0242554,-0.00906633,-0.0287124,-0.000838616,0.018495,-0.00674569,0.0678261,0,0,0,0,1.20024e-12,0,2.40048e-12,1.20024e-12,-1.20024e-12,0,0,0,0,0,0,0,0,0,0.905991,4.10512e-09,0,0,0,0,-2.40048e-12,-2.40048e-12,2.40048e-12,0,0,0,0,0,0,0,0,0,4.10542e-09,0.905991,
-3.82166e-07,-0.37091,0.0132623,-0.00171303,0.00141682,0.000691654,-3.08615e-05,0,0,0.55112,-0.0163035,-0.0850376,0.01898,0.0113607,0.00321704,-0.00094125,0,0,-8.83698e-08,-2,-0.00330061,-0.0103787,-0.00249555,-0.000571482,-2.55971e-06,0,0,0.0236837,0.740251,0.0242847,0.0603476,-0.0175684,-0.0155062,0.0253358,0,0,-4.97739e-07,-0.212189,0.0824572,0.0113972,0.00386393,0.00207427,-7.67452e-05,0,0,-0.0853181,-0.00925361,0.522617,-0.010734,-0.000213788,0.00855545,-0.00208334,0,0,1.8946e-07,-1.7134,0.00540096,0.0453125,0.00493618,-0.000662586,-6.35045e-05,0,0,0.021859,-0.0728296,-0.00575561,0.645616,0.0104798,0.05203,0.00683387,0,0,-3.80249e-06,0.924178,0.0415901,0.0101016,-0.0417282,-0.0298541,0.000853257,0,0,0.121111,0.0406463,0.000392306,0.144494,0.388043,-0.0312134,0.0147631,0,0,6.73878e-07,-1.11116,0.00481915,-0.0444043,-0.0352451,0.0325392,0.00123077,0,0,0.0467464,-0.0508358,0.0959348,0.576056,-0.0371146,0.417327,-0.00122623,0,0,8.47503e-08,-0.210814,0.00262735,0.00247167,0.00224202,0.00364191,0.00165328,0,0,-0.0242494,-0.00907175,-0.0287129,-0.000825894,0.0184832,-0.0067484,0.0678273,0,0,0,-2.40048e-12,1.20024e-12,0,0,-1.20024e-12,0,-5.64113e-11,0,0,0,0,0,0,0,0,0.905991,4.21465e-09,0,1.20024e-12,-1.20024e-12,0,0,1.20024e-12,2.40048e-12,0,0,0,0,0,0,0,0,0,4.21435e-09,0.905991,
-5.20417e-12,-0.371426,0.0132736,-0.00171704,0.00141779,0.000692467,-3.1256e-05,0,0,0.551132,-0.0163261,-0.0850844,0.0190152,0.011364,0.00321275,-0.000938453,0,0,-1.42911e-11,-2,-0.00330577,-0.0103882,-0.00249953,-0.00057065,-2.6122e-06,0,0,0.0237073,0.74025,0.0243147,0.0603951,-0.0175747,-0.0155333,0.025337,0,0,-1.04083e-11,-0.212519,0.0824527,0.0113979,0.00386714,0.00207556,-7.72532e-05,0,0,-0.0853661,-0.00926798,0.52281,-0.0107206,-0.000189618,0.00855582,-0.00208206,0,0,3.46945e-11,-1.71445,0.00540211,0.0453278,0.00493746,-0.000662778,-6.32627e-05,0,0,0.0218967,-0.0728748,-0.00573429,0.645644,0.0104702,0.0520135,0.00683958,0,0,-1.21431e-11,0.924538,0.0415811,0.0101158,-0.0417618,-0.0298662,0.000849217,0,0,0.121159,0.0406628,0.000638663,0.144434,0.388107,-0.0312016,0.0147501,0,0,-4.85723e-11,-1.10909,0.00482215,-0.0444117,-0.0352607,0.0325568,0.00123104,0,0,0.0467309,-0.0507467,0.0959543,0.575984,-0.0371032,0.417343,-0.00123621,0,0,4.33681e-12,-0.210937,0.00262885,0.00247004,0.00224185,0.00364149,0.00165385,0,0,-0.0242434,-0.00907718,-0.0287134,-0.000813179,0.0184714,-0.00675111,0.0678286,0,0,0,-1.20024e-12,0,0,0,0,0,0,0,0,0,0,0,0,0,0,0.905991,-4.43159e-09,0,-2.40048e-12,0,-1.20024e-12,-1.20024e-12,1.20024e-12,-2.40048e-12,0,0,0,0,0,0,0,0,0,-4.43219e-09,0.905991,
0,-0.371941,0.0132857,-0.00172145,0.00141989,0.00069328,-3.08863e-05,0,0,0.551144,-0.0163489,-0.0851312,0.0190505,0.0113673,0.00320845,-0.00093565,0,0,9.03954e-12,-2,-0.00331075,-0.0103979,-0.00250324,-0.000569816,-2.48788e-06,0,0,0.023731,0.740249,0.0243448,0.0604427,-0.017581,-0.0155603,0.0253383,0,0,0,-0.212848,0.0824493,0.0113982,0.00387183,0.00207685,-7.67652e-05,0,0,-0.0854142,-0.00928238,0.523003,-0.0107072,-0.00016545,0.00855616,-0.00208078,0,0,-1.38778e-11,-1.71551,0.00540288,0.0453432,0.00493818,-0.000662973,-6.33999e-05,0,0,0.0219344,-0.07292,-0.00571291,0.645671,0.0104605,0.0519971,0.00684529,0,0,1.82146e-11,0.924909,0.0415797,0.0101262,-0.0417838,-0.0298784,0.000852785,0,0,0.121207,0.0406794,0.000885024,0.144374,0.388171,-0.0311897,0.0147371,0,0,6.245e-11,-1.10703,0.0048238,-0.0444184,-0.0352782,0.0325745,0.00122997,0,0,0.0467152,-0.0506576,0.0959736,0.575912,-0.0370918,0.417359,-0.00124619,0,0,0,-0.21106,0.00263018,0.00246849,0.00224143,0.00364108,0.00165425,0,0,-0.0242374,-0.00908261,-0.0287139,-0.000800471,0.0184596,-0.00675381,0.0678298,0,0,0,0,2.40048e-12,0,0,-2.40048e-12,0,-1.12823e-10,0,0,0,0,0,0,0,0,0.905991,-4.51261e-09,0,-1.20024e-12,2.40048e-12,1.20024e-12,0,-2.40048e-12,0,2.40048e-12,0,0,0,0,0,0,0,0,-4.51231e-09,0.905991,
-1.73472e-12,-0.372458,0.0132978,-0.00172626,0.00142085,0.000694093,-3.08987e-05,0,0,0.551157,-0.0163716,-0.0851782,0.0190859,0.0113706,0.00320412,-0.000932843,0,0,3.34747e-12,-2,-0.00331575,-0.0104076,-0.00250722,-0.00056898,-2.45205e-06,0,0,0.0237546,0.740248,0.0243749,0.0604902,-0.0175873,-0.0155874,0.0253395,0,0,-5.20417e-12,-0.213178,0.0824459,0.0113979,0.00387503,0.00207813,-7.67751e-05,0,0,-0.0854623,-0.00929681,0.523196,-0.0106937,-0.000141285,0.00855648,-0.0020795,0,0,1.38778e-11,-1.71656,0.00540363,0.0453589,0.00493945,-0.000663169,-6.33475e-05,0,0,0.0219722,-0.0729653,-0.00569147,0.645699,0.0104509,0.0519806,0.00685101,0,0,-6.07153e-12,0.92528,0.0415782,0.0101328,-0.0418173,-0.0298905,0.000852548,0,0,0.121255,0.040696,0.00113139,0.144314,0.388235,-0.0311779,0.0147241,0,0,-6.93889e-12,-1.10496,0.00482545,-0.0444244,-0.0352937,0.0325923,0.00122956,0,0,0.0466994,-0.0505684,0.0959928,0.575839,-0.0370804,0.417375,-0.00125618,0,0,-5.20417e-12,-0.211184,0.00263152,0.00246703,0.00224126,0.00364066,0.00165473,0,0,-0.0242314,-0.00908803,-0.0287144,-0.00078777,0.0184478,-0.00675652,0.0678311,0,0,0,-1.20024e-12,-2.40048e-12,0,1.20024e-12,1.20024e-12,0,0,0,0,0,0,0,0,0,0,0.905991,-4.45199e-09,0,-1.20024e-12,0,0,1.20024e-12,1.20024e-12,0,0,0,0,0,0,0,0,0,0,-4.45169e-09,0.905991,
-4.33681e-12,-0.372976,0.0133088,-0.00173069,0.00142181,0.000695288,-3.12929e-05,0,0,0.551169,-0.0163944,-0.0852252,0.0191214,0.011374,0.00319977,-0.000930031,0,0,-1.06523e-11,-2,-0.00332102,-0.0104173,-0.0025112,-0.000568052,-2.5047e-06,0,0,0.0237783,0.740247,0.024405,0.0605378,-0.0175936,-0.0156145,0.0253408,0,0,-1.73472e-11,-0.21351,0.0824409,0.0113981,0.00387822,0.00207991,-7.72834e-05,0,0,-0.0855106,-0.00931127,0.523389,-0.0106801,-0.000117122,0.00855677,-0.00207822,0,0,0,-1.71761,0.00540495,0.0453744,0.00494072,-0.000663556,-6.31054e-05,0,0,0.0220101,-0.0730106,-0.00566998,0.645727,0.0104412,0.0519641,0.00685673,0,0,4.33681e-12,0.925643,0.0415653,0.0101432,-0.0418506,-0.0298987,0.0008485,0,0,0.121303,0.0407126,0.00137776,0.144255,0.388299,-0.0311661,0.0147111,0,0,2.08167e-11,-1.1029,0.00482913,-0.0444309,-0.0353092,0.0326094,0.00122983,0,0,0.0466834,-0.0504792,0.0960117,0.575767,-0.0370689,0.417391,-0.00126617,0,0,-1.17094e-11,-0.211307,0.00263312,0.00246548,0.00224108,0.00364016,0.0016553,0,0,-0.0242254,-0.00909345,-0.0287149,-0.000775076,0.018436,-0.00675923,0.0678323,0,0,0,0,0,0,1.20024e-12,0,1.20024e-12,0,0,3.00061e-13,3.00061e-13,0,-3.00061e-13,0,0,-3.00061e-13,0.905991,4.27706e-09,0,2.40048e-12,2.40048e-12,-1.20024e-12,1.20024e-12,-1.20024e-12,2.40048e-12,1.20024e-12,0,0,0,0,0,0,0,0,4.27676e-09,0.905991,
-8.67362e-13,-0.373495,0.0133206,-0.00173476,0.00142353,0.000695336,-3.09232e-05,0,0,0.551182,-0.0164173,-0.0852723,0.019157,0.0113773,0.0031954,-0.000927213,0,0,8.80914e-13,-2,-0.00332611,-0.0104268,-0.00251501,-0.000567386,-2.38043e-06,0,0,0.023802,0.740246,0.0244351,0.0605853,-0.0175999,-0.0156415,0.025342,0,0,-8.67362e-12,-0.213842,0.0824369,0.0113988,0.0038824,0.00208019,-7.67946e-05,0,0,-0.0855589,-0.00932576,0.523583,-0.0106665,-9.29619e-05,0.00855705,-0.00207693,0,0,6.93889e-12,-1.71867,0.00540587,0.0453897,0.0049416,-0.000663377,-6.32426e-05,0,0,0.0220481,-0.073056,-0.00564844,0.645755,0.0104316,0.0519475,0.00686245,0,0,-1.99493e-11,0.92601,0.0415598,0.0101575,-0.0418763,-0.0299184,0.000852072,0,0,0.121351,0.0407291,0.00162413,0.144195,0.388363,-0.0311542,0.0146981,0,0,-6.93889e-11,-1.10083,0.00483146,-0.0444381,-0.0353259,0.0326286,0.00122875,0,0,0.0466672,-0.0503899,0.0960304,0.575694,-0.0370575,0.417407,-0.00127617,0,0,-8.67362e-13,-0.21143,0.00263454,0.00246384,0.00224073,0.00363991,0.00165569,0,0,-0.0242193,-0.00909887,-0.0287154,-0.000762389,0.0184242,-0.00676194,0.0678336,0,0,0,2.40048e-12,0,0,0,0,2.40048e-12,0,0,0,0,0,0,0,0,0,0.905991,4.23595e-09,0,-3.60072e-12,0,0,0,0,-2.40048e-12,0,0,0,0,0,0,0,0,0,4.23595e-09,0.905991,
3.81853e-07,-0.374014,0.0133328,-0.00173921,0.00142486,0.000696531,-3.09354e-05,0,0,0.551195,-0.0164401,-0.0853196,0.0191926,0.0113805,0.00319101,-0.00092439,0,0,8.85654e-08,-2,-0.00333113,-0.0104365,-0.0025189,-0.000566453,-2.34467e-06,0,0,0.0238257,0.740245,0.0244652,0.0606329,-0.0176062,-0.0156686,0.0253432,0,0,4.9892e-07,-0.214174,0.0824335,0.011399,0.00388608,0.00208197,-7.68042e-05,0,0,-0.0856073,-0.00934029,0.523776,-0.0106529,-6.88036e-05,0.0085573,-0.00207563,0,0,-1.89772e-07,-1.71973,0.0054066,0.0454052,0.00494267,-0.000663768,-6.31901e-05,0,0,0.0220862,-0.0731014,-0.00562684,0.645783,0.0104219,0.051931,0.00686818,0,0,3.81347e-06,0.926377,0.0415582,0.0101679,-0.0419058,-0.0299266,0.000851833,0,0,0.121399,0.0407457,0.00187051,0.144135,0.388427,-0.0311424,0.0146851,0,0,-6.74641e-07,-1.09876,0.00483312,-0.0444446,-0.035342,0.0326459,0.00122834,0,0,0.0466509,-0.0503006,0.096049,0.575622,-0.0370461,0.417423,-0.00128618,0,0,-8.46294e-08,-0.211553,0.00263589,0.00246228,0.00224046,0.0036394,0.00165617,0,0,-0.0242133,-0.00910429,-0.0287159,-0.000749709,0.0184124,-0.00676465,0.0678349,0,0,0,-1.20024e-12,0,0,-1.20024e-12,0,-1.20024e-12,0,0,0,0,0,0,0,0,0,0.905991,-4.30887e-09,0,1.20024e-12,0,0,0,0,0,0,0,0,0,0,0,0,0,0,-4.30917e-09,0.905991,
-3.81804e-07,-0.374534,0.0133446,-0.00174369,0.00142581,0.000697343,-3.09476e-05,0,0,0.551207,-0.0164631,-0.0853669,0.0192283,0.0113838,0.00318659,-0.000921562,0,0,-8.85718e-08,-2,-0.00333624,-0.0104461,-0.00252288,-0.000565605,-2.30894e-06,0,0,0.0238493,0.740244,0.0244953,0.0606804,-0.0176125,-0.0156956,0.0253444,0,0,-4.99137e-07,-0.214507,0.0824295,0.0113991,0.00388926,0.00208324,-7.68137e-05,0,0,-0.0856559,-0.00935485,0.52397,-0.0106392,-4.46478e-05,0.00855753,-0.00207433,0,0,1.89827e-07,-1.72079,0.00540751,0.0454207,0.00494392,-0.000663971,-6.31375e-05,0,0,0.0221243,-0.0731469,-0.00560518,0.64581,0.0104122,0.0519145,0.00687391,0,0,-3.8153e-06,0.926747,0.0415526,0.0101783,-0.041939,-0.0299385,0.000851593,0,0,0.121446,0.0407622,0.00211689,0.144076,0.388491,-0.0311306,0.0146721,0,0,6.74821e-07,-1.09669,0.00483546,-0.044451,-0.0353573,0.0326639,0.00122793,0,0,0.0466344,-0.0502112,0.0960673,0.575549,-0.0370347,0.417439,-0.00129619,0,0,8.46393e-08,-0.211676,0.00263732,0.00246072,0.00224028,0.00363897,0.00165666,0,0,-0.0242072,-0.00910971,-0.0287163,-0.000737035,0.0184007,-0.00676736,0.0678361,0,0,0,2.40048e-12,0,-3.60072e-12,0,0,-1.20024e-12,1.20024e-12,0,0,0,0,0,0,0,0,0.905991,4.25876e-09,1.20024e-12,2.40048e-12,0,-3.60072e-12,0,0,0,-1.14023e-10,0,0,0,0,0,0,0,0,4.25846e-09,0.905991,
3.46945e-12,-0.375056,0.0133565,-0.00174817,0.00142752,0.000698155,-3.09597e-05,0,0,0.55122,-0.016486,-0.0854143,0.0192641,0.0113871,0.00318216,-0.000918728,0,0,1.6053e-11,-2,-0.00334135,-0.0104558,-0.00252669,-0.000564755,-2.27325e-06,0,0,0.023873,0.740243,0.0245254,0.060728,-0.0176188,-0.0157227,0.0253457,0,0,5.20417e-12,-0.214842,0.0824255,0.0113993,0.00389343,0.00208451,-7.68231e-05,0,0,-0.0857045,-0.00936944,0.524163,-0.0106255,-2.04943e-05,0.00855773,-0.00207303,0,0,-2.77556e-11,-1.72185,0.00540841,0.0454362,0.00494478,-0.000664176,-6.30849e-05,0,0,0.0221625,-0.0731924,-0.00558346,0.645838,0.0104025,0.0518979,0.00687964,0,0,-2.86229e-11,0.92711,0.041547,0.0101888,-0.0419645,-0.0299505,0.000851353,0,0,0.121494,0.0407788,0.00236327,0.144016,0.388555,-0.0311187,0.0146591,0,0,4.85723e-11,-1.09462,0.0048378,-0.0444573,-0.035374,0.032682,0.00122752,0,0,0.0466178,-0.0501218,0.0960854,0.575476,-0.0370233,0.417455,-0.00130621,0,0,-3.03577e-12,-0.211798,0.00263876,0.00245916,0.00223992,0.00363854,0.00165713,0,0,-0.0242011,-0.00911512,-0.0287168,-0.000724369,0.0183889,-0.00677007,0.0678374,0,0,0,0,0,-1.20024e-12,0,0,-1.20024e-12,0,0,0,0,0,0,0,0,0,0.905991,-4.32507e-09,0,0,0,-1.20024e-12,1.20024e-12,-1.20024e-12,-1.20024e-12,0,0,0,0,0,0,0,0,0,-4.32567e-09,0.905991,
0,-0.375578,0.0133688,-0.00175266,0.00142884,0.000698966,-3.13535e-05,0,0,0.551233,-0.016509,-0.0854617,0.0192999,0.0113903,0.0031777,-0.00091589,0,0,-8.40257e-12,-2,-0.00334638,-0.0104655,-0.00253058,-0.000563902,-2.3262e-06,0,0,0.0238967,0.740242,0.0245555,0.0607755,-0.0176252,-0.0157497,0.0253469,0,0,6.93889e-12,-0.215177,0.0824219,0.0113994,0.0038971,0.00208578,-7.73319e-05,0,0,-0.0857532,-0.00938406,0.524357,-0.0106117,3.65675e-06,0.00855792,-0.00207173,0,0,1.38778e-11,-1.72291,0.00540912,0.0454517,0.00494583,-0.000664383,-6.28423e-05,0,0,0.0222007,-0.073238,-0.00556169,0.645866,0.0103929,0.0518813,0.00688538,0,0,0,0.927473,0.0415452,0.0101992,-0.0419938,-0.0299624,0.000847293,0,0,0.121542,0.0407953,0.00260966,0.143956,0.388619,-0.0311069,0.0146462,0,0,-6.93889e-12,-1.09255,0.00483947,-0.0444636,-0.0353899,0.0327001,0.00122779,0,0,0.046601,-0.0500323,0.0961034,0.575404,-0.0370119,0.417471,-0.00131623,0,0,4.33681e-13,-0.211921,0.00264011,0.0024576,0.00223964,0.00363811,0.0016577,0,0,-0.024195,-0.00912053,-0.0287173,-0.000711709,0.0183771,-0.00677278,0.0678386,0,0,0,0,0,0,0,-1.20024e-12,0,-5.76116e-11,0,0,0,0,0,0,0,0,0.905991,4.26746e-09,0,1.20024e-12,0,0,0,0,-1.20024e-12,0,0,0,0,0,0,0,0,0,4.26776e-09,0.905991,
-3.81644e-07,-0.376101,0.0133803,-0.00175717,0.00143055,0.000699778,-3.09839e-05,0,0,0.551245,-0.016532,-0.0855093,0.0193359,0.0113935,0.00317322,-0.000913046,0,0,-8.86604e-08,-2,-0.0033516,-0.0104752,-0.00253439,-0.000563046,-2.20195e-06,0,0,0.0239205,0.740242,0.0245857,0.060823,-0.0176315,-0.0157768,0.025348,0,0,-4.99725e-07,-0.215513,0.0824174,0.0113995,0.00390126,0.00208705,-7.68416e-05,0,0,-0.085802,-0.00939872,0.52455,-0.0105978,2.78054e-05,0.00855808,-0.00207042,0,0,1.8998e-07,-1.72397,0.00541019,0.0454673,0.00494668,-0.000664592,-6.29796e-05,0,0,0.0222391,-0.0732836,-0.00553986,0.645894,0.0103832,0.0518647,0.00689111,0,0,-3.8208e-06,0.927843,0.0415356,0.0102097,-0.0420193,-0.0299742,0.00085087,0,0,0.121589,0.0408119,0.00285605,0.143897,0.388683,-0.0310951,0.0146332,0,0,6.75231e-07,-1.09047,0.00484249,-0.0444699,-0.0354065,0.0327183,0.0012267,0,0,0.0465841,-0.0499428,0.0961211,0.575331,-0.0370005,0.417487,-0.00132626,0,0,8.45617e-08,-0.212044,0.00264164,0.00245604,0.00223927,0.00363768,0.00165809,0,0,-0.0241888,-0.00912594,-0.0287177,-0.000699057,0.0183653,-0.00677549,0.0678399,0,0,-1.20024e-12,1.20024e-12,0,0,1.20024e-12,0,1.20024e-12,1.14023e-10,0,0,0,0,0,0,0,0,0.905991,-4.32657e-09,0,0,0,0,0,0,0,0,0,0,0,0,0,0,0,0,-4.32747e-09,0.905991,
-8.67362e-13,-0.376624,0.0133919,-0.00176207,0.00143187,0.000700208,-3.09959e-05,0,0,0.551258,-0.0165551,-0.085557,0.0193719,0.0113968,0.00316872,-0.000910197,0,0,3.04254e-12,-2,-0.00335682,-0.0104849,-0.00253829,-0.000562276,-2.16634e-06,0,0,0.0239442,0.740241,0.0246158,0.0608706,-0.0176378,-0.0158039,0.0253492,0,0,-6.93889e-12,-0.215849,0.0824129,0.0113991,0.00390492,0.00208782,-7.68507e-05,0,0,-0.0858508,-0.00941341,0.524744,-0.0105839,5.19516e-05,0.00855822,-0.00206911,0,0,1.38778e-11,-1.72503,0.00541125,0.045483,0.00494772,-0.000664612,-6.29268e-05,0,0,0.0222775,-0.0733293,-0.00551798,0.645922,0.0103735,0.0518481,0.00689686,0,0,0,0.928213,0.041526,0.0102163,-0.0420484,-0.0299899,0.000850628,0,0,0.121636,0.0408284,0.00310244,0.143837,0.388747,-0.0310833,0.0146202,0,0,-3.46945e-11,-1.0884,0.00484552,-0.0444754,-0.0354224,0.0327372,0.00122628,0,0,0.046567,-0.0498532,0.0961387,0.575258,-0.0369891,0.417503,-0.0013363,0,0,-1.0842e-11,-0.212167,0.00264317,0.00245456,0.00223899,0.00363733,0.00165857,0,0,-0.0241827,-0.00913135,-0.0287182,-0.000686411,0.0183536,-0.0067782,0.0678411,0,0,0,0,1.20024e-12,0,0,1.20024e-12,1.20024e-12,0,0,0,0,0,0,0,0,0,0.905991,4.26446e-09,0,1.20024e-12,1.20024e-12,0,1.20024e-12,0,1.20024e-12,0,0,0,0,0,0,0,0,0,4.26416e-09,0.905991,
-1.73472e-12,-0.37715,0.0134039,-0.00176622,0.00143281,0.000701019,-3.13894e-05,0,0,0.551271,-0.0165782,-0.0856047,0.0194079,0.0114,0.0031642,-0.000907343,0,0,2.95445e-12,-2,-0.00336196,-0.0104945,-0.00254227,-0.000561414,-2.21949e-06,0,0,0.0239679,0.74024,0.024646,0.0609181,-0.0176442,-0.0158309,0.0253504,0,0,-1.04083e-11,-0.216187,0.0824088,0.0113996,0.00390807,0.00208908,-7.73598e-05,0,0,-0.0858998,-0.00942813,0.524938,-0.01057,7.60952e-05,0.00855833,-0.00206779,0,0,1.38778e-11,-1.72609,0.00541212,0.0454983,0.00494894,-0.000664825,-6.26839e-05,0,0,0.022316,-0.073375,-0.00549604,0.64595,0.0103638,0.0518315,0.0069026,0,0,-2.25514e-11,0.928571,0.0415201,0.0102306,-0.0420814,-0.0300017,0.000846561,0,0,0.121684,0.0408449,0.00334883,0.143778,0.38881,-0.0310715,0.0146073,0,0,-4.16334e-11,-1.08632,0.00484787,-0.0444821,-0.0354376,0.0327556,0.00122655,0,0,0.0465497,-0.0497636,0.096156,0.575185,-0.0369777,0.41752,-0.00134634,0,0,-5.20417e-12,-0.21229,0.00264461,0.00245291,0.00223878,0.00363689,0.00165913,0,0,-0.0241765,-0.00913676,-0.0287186,-0.000673772,0.0183418,-0.00678092,0.0678423,0,0,0,0,1.20024e-12,0,0,-1.20024e-12,-1.20024e-12,-5.76116e-11,0,0,0,0,0,0,0,0,0.905991,-4.31997e-09,0,0,0,0,0,0,0,0,0,0,0,0,0,0,0,0,-4.31877e-09,0.905991,
5.20417e-12,-0.377675,0.0134163,-0.00177077,0.00143412,0.000702211,-3.06383e-05,0,0,0.551284,-0.0166013,-0.0856526,0.0194441,0.0114032,0.00315966,-0.000904483,0,0,9.75782e-13,-2,-0.00336702,-0.0105042,-0.00254617,-0.000560461,-2.00649e-06,0,0,0.0239916,0.74024,0.0246761,0.0609657,-0.0176505,-0.015858,0.0253516,0,0,2.42861e-11,-0.216524,0.0824053,0.0113997,0.00391172,0.00209084,-7.63683e-05,0,0,-0.0859489,-0.00944289,0.525132,-0.010556,0.000100236,0.00855843,-0.00206647,0,0,-6.93889e-12,-1.72716,0.00541279,0.0455138,0.00494996,-0.000665229,-6.30113e-05,0,0,0.0223545,-0.0734208,-0.00547404,0.645978,0.0103541,0.0518149,0.00690835,0,0,1.73472e-12,0.928941,0.0415179,0.0102411,-0.0421105,-0.0300097,0.000853968,0,0,0.121731,0.0408614,0.00359523,0.143718,0.388874,-0.0310597,0.0145943,0,0,2.08167e-11,-1.08425,0.00484955,-0.0444882,-0.0354534,0.0327733,0.00122478,0,0,0.0465322,-0.0496739,0.0961732,0.575112,-0.0369663,0.417536,-0.00135639,0,0,1.73472e-11,-0.212412,0.00264598,0.00245134,0.00223849,0.00363636,0.00165944,0,0,-0.0241703,-0.00914216,-0.0287191,-0.00066114,0.01833,-0.00678363,0.0678436,0,0,0,-2.40048e-12,-1.20024e-12,1.20024e-12,-1.20024e-12,1.20024e-12,-1.20024e-12,-5.76116e-11,0,0,0,0,0,0,0,0,0.905991,4.25245e-09,0,1.20024e-12,0,0,0,0,1.20024e-12,0,0,0,0,0,0,0,0,0,4.25245e-09,0.905991,
3.81426e-07,-0.378201,0.0134283,-0.00177571,0.00143543,0.000703022,-3.06502e-05,0,0,0.551297,-0.0166245,-0.0857005,0.0194803,0.0114064,0.0031551,-0.000901619,0,0,8.87591e-08,-2,-0.00337217,-0.010514,-0.00255007,-0.000559594,-1.97097e-06,0,0,0.0240154,0.740239,0.0247063,0.0610132,-0.0176568,-0.015885,0.0253527,0,0,5.00513e-07,-0.216862,0.0824012,0.0113992,0.00391536,0.0020921,-7.63769e-05,0,0,-0.085998,-0.00945768,0.525326,-0.0105419,0.000124375,0.0085585,-0.00206515,0,0,-1.90174e-07,-1.72823,0.00541363,0.0455296,0.00495098,-0.000665445,-6.29585e-05,0,0,0.0223932,-0.0734666,-0.00545198,0.646006,0.0103444,0.0517983,0.0069141,0,0,3.82804e-06,0.929311,0.0415119,0.0102477,-0.0421395,-0.0300214,0.000853726,0,0,0.121778,0.040878,0.00384163,0.143659,0.388938,-0.0310479,0.0145814,0,0,-6.75779e-07,-1.08217,0.00485191,-0.0444935,-0.0354691,0.0327917,0.00122436,0,0,0.0465147,-0.0495842,0.0961902,0.575039,-0.036955,0.417552,-0.00136644,0,0,-8.44849e-08,-0.212535,0.00264743,0.00244985,0.0022382,0.00363592,0.00165991,0,0,-0.0241641,-0.00914756,-0.0287195,-0.000648515,0.0183183,-0.00678635,0.0678448,0,0,0,1.20024e-12,0,0,0,-1.20024e-12,0,0,0,0,0,0,0,0,0,0,0.905991,-4.30226e-09,0,-1.20024e-12,0,0,0,1.20024e-12,0,-1.20024e-12,0,0,0,0,0,0,0,0,-4.30166e-09,0.905991,
-3.46945e-12,-0.378728,0.0134403,-0.0017799,0.00143675,0.000703451,-3.10435e-05,0,0,0.55131,-0.0166478,-0.0857485,0.0195167,0.0114095,0.00315051,-0.000898749,0,0,-1.82959e-13,-2,-0.00337733,-0.0105236,-0.00255397,-0.000558813,-2.02428e-06,0,0,0.0240391,0.740238,0.0247364,0.0610607,-0.0176632,-0.0159121,0.0253539,0,0,-1.04083e-11,-0.217202,0.0823971,0.0113997,0.003919,0.00209285,-7.68861e-05,0,0,-0.0860473,-0.0094725,0.52552,-0.0105278,0.000148511,0.00855855,-0.00206382,0,0,0,-1.72929,0.00541447,0.0455449,0.00495199,-0.000665472,-6.27154e-05,0,0,0.0224319,-0.0735125,-0.00542987,0.646034,0.0103347,0.0517816,0.00691986,0,0,8.67362e-13,0.929676,0.0415059,0.010262,-0.0421685,-0.030037,0.000849653,0,0,0.121825,0.0408945,0.00408803,0.143599,0.389002,-0.0310362,0.0145684,0,0,3.46945e-11,-1.08009,0.00485428,-0.0445001,-0.0354849,0.0328109,0.00122462,0,0,0.0464969,-0.0494944,0.0962069,0.574967,-0.0369436,0.417568,-0.0013765,0,0,-4.33681e-13,-0.212658,0.00264889,0.00244819,0.0022379,0.00363556,0.00166047,0,0,-0.0241579,-0.00915296,-0.0287199,-0.000635897,0.0183065,-0.00678906,0.0678461,0,0,0,0,0,0,0,0,0,0,0,0,0,0,0,0,0,0,0.905991,4.23235e-09,0,-1.20024e-12,1.20024e-12,0,-2.40048e-12,0,0,0,0,0,0,0,0,0,0,0,4.23175e-09,0.905991,
1.73472e-12,-0.379257,0.0134524,-0.00178486,0.00143805,0.000704261,-3.10553e-05,0,0,0.551323,-0.016671,-0.0857966,0.019553,0.0114127,0.0031459,-0.000895873,0,0,8.4229e-12,-2,-0.0033825,-0.0105334,-0.00255787,-0.000557941,-1.98884e-06,0,0,0.0240629,0.740238,0.0247666,0.0611083,-0.0176695,-0.0159391,0.025355,0,0,3.46945e-12,-0.217542,0.082393,0.0113992,0.00392263,0.00209411,-7.68948e-05,0,0,-0.0860966,-0.00948735,0.525714,-0.0105137,0.000172645,0.00855857,-0.00206249,0,0,-6.93889e-12,-1.73036,0.0054153,0.0455606,0.004953,-0.000665691,-6.26624e-05,0,0,0.0224707,-0.0735584,-0.0054077,0.646062,0.010325,0.051765,0.00692561,0,0,-1.56125e-11,0.930038,0.0414997,0.0102687,-0.0421974,-0.0300486,0.000849407,0,0,0.121872,0.040911,0.00433444,0.14354,0.389066,-0.0310244,0.0145555,0,0,-1.38778e-11,-1.07801,0.00485665,-0.0445053,-0.0355006,0.0328294,0.0012242,0,0,0.046479,-0.0494046,0.0962235,0.574894,-0.0369322,0.417585,-0.00138657,0,0,8.67362e-13,-0.21278,0.00265034,0.0024467,0.00223759,0.00363511,0.00166094,0,0,-0.0241517,-0.00915836,-0.0287203,-0.000623286,0.0182948,-0.00679178,0.0678473,0,0,0,-2.40048e-12,-1.20024e-12,1.20024e-12,1.20024e-12,0,-1.20024e-12,0,0,0,0,0,0,0,0,0,0.905991,4.27826e-09,0,0,0,0,0,0,0,0,0,0,0,0,0,0,0,0,4.27856e-09,0.905991,
2.60209e-12,-0.379786,0.0134642,-0.00178907,0.00143898,0.000705072,-3.1067e-05,0,0,0.551337,-0.0166943,-0.0858448,0.0195895,0.0114159,0.00314128,-0.000892993,0,0,3.83537e-12,-2,-0.00338776,-0.0105431,-0.00256186,-0.000557066,-1.95345e-06,0,0,0.0240867,0.740237,0.0247968,0.0611558,-0.0176759,-0.0159662,0.0253562,0,0,2.25514e-11,-0.217883,0.0823884,0.0113996,0.00392576,0.00209536,-7.69033e-05,0,0,-0.0861461,-0.00950224,0.525908,-0.0104994,0.000196776,0.00855857,-0.00206116,0,0,1.38778e-11,-1.73143,0.00541631,0.045576,0.00495419,-0.000665912,-6.26094e-05,0,0,0.0225095,-0.0736044,-0.00538547,0.64609,0.0103153,0.0517483,0.00693138,0,0,8.67362e-13,0.930407,0.0414897,0.010283,-0.0422301,-0.0300603,0.000849161,0,0,0.121919,0.0409275,0.00458084,0.143481,0.389129,-0.0310126,0.0145425,0,0,-2.08167e-11,-1.07593,0.0048597,-0.0445118,-0.0355156,0.032848,0.00122378,0,0,0.0464609,-0.0493147,0.0962398,0.574821,-0.0369208,0.417601,-0.00139664,0,0,2.21177e-11,-0.212903,0.00265189,0.00244504,0.00223737,0.00363466,0.00166142,0,0,-0.0241454,-0.00916376,-0.0287207,-0.000610682,0.018283,-0.00679449,0.0678486,0,0,0,0,0,0,0,0,0,0,0,0,0,0,0,0,0,0,0.905991,-4.43669e-09,0,0,0,0,0,0,0,0,0,0,0,0,0,0,0,0,-4.43639e-09,0.905991,
-3.81201e-07,-0.380317,0.0134771,-0.00179368,0.00144066,0.000706263,-3.10787e-05,0,0,0.55135,-0.0167177,-0.0858931,0.0196261,0.011419,0.00313663,-0.000890107,0,0,-8.88701e-08,-2,-0.00339276,-0.0105528,-0.00256567,-0.000556099,-1.91807e-06,0,0,0.0241104,0.740237,0.024827,0.0612033,-0.0176822,-0.0159932,0.0253573,0,0,-5.01297e-07,-0.218226,0.0823853,0.0113996,0.00392989,0.00209711,-7.69117e-05,0,0,-0.0861956,-0.00951716,0.526102,-0.0104852,0.000220904,0.00855855,-0.00205982,0,0,1.90348e-07,-1.7325,0.00541674,0.0455915,0.00495499,-0.000666325,-6.25563e-05,0,0,0.0225485,-0.0736504,-0.00536319,0.646118,0.0103056,0.0517316,0.00693714,0,0,-3.83521e-06,0.930765,0.041491,0.0102935,-0.0422551,-0.0300681,0.000848915,0,0,0.121965,0.040944,0.00482725,0.143422,0.389193,-0.0310008,0.0145296,0,0,6.76396e-07,-1.07385,0.00486072,-0.0445176,-0.0355319,0.032866,0.00122336,0,0,0.0464427,-0.0492248,0.096256,0.574748,-0.0369094,0.417617,-0.00140672,0,0,8.43908e-08,-0.213025,0.00265318,0.00244346,0.00223698,0.00363413,0.00166189,0,0,-0.0241392,-0.00916915,-0.0287211,-0.000598085,0.0182713,-0.00679721,0.0678498,0,0,0,-2.40048e-12,-2.40048e-12,-1.20024e-12,2.40048e-12,2.40048e-12,-1.20024e-12,0,0,0,0,0,0,0,0,0,0.905991,-4.4571e-09,0,0,0,0,0,0,0,0,0,0,0,0,0,0,0,0,-4.4571e-09,0.905991,
-3.81153e-07,-0.380847,0.0134888,-0.0017983,0.00144158,0.000707072,-3.10904e-05,0,0,0.551363,-0.016741,-0.0859415,0.0196627,0.0114221,0.00313195,-0.000887216,0,0,-8.88943e-08,-2,-0.00339804,-0.0105625,-0.00256966,-0.000555218,-1.88273e-06,0,0,0.0241342,0.740236,0.0248571,0.0612509,-0.0176886,-0.0160202,0.0253584,0,0,-5.01517e-07,-0.218568,0.0823807,0.0113995,0.003933,0.00209835,-7.69201e-05,0,0,-0.0862452,-0.00953211,0.526296,-0.0104709,0.000245029,0.00855851,-0.00205848,0,0,1.90431e-07,-1.73357,0.00541773,0.0456071,0.00495617,-0.00066655,-6.25032e-05,0,0,0.0225875,-0.0736964,-0.00534085,0.646146,0.0102959,0.0517149,0.00694291,0,0,-3.83704e-06,0.93113,0.0414809,0.010304,-0.0422877,-0.0300797,0.000848668,0,0,0.122012,0.0409605,0.00507366,0.143362,0.389257,-0.0309891,0.0145167,0,0,6.7648e-07,-1.07176,0.00486378,-0.0445233,-0.0355468,0.0328848,0.00122294,0,0,0.0464243,-0.0491348,0.096272,0.574674,-0.036898,0.417634,-0.0014168,0,0,8.4357e-08,-0.213147,0.00265473,0.00244188,0.00223675,0.00363367,0.00166236,0,0,-0.0241329,-0.00917455,-0.0287215,-0.000585495,0.0182596,-0.00679993,0.0678511,0,0,0,0,0,0,0,0,2.40048e-12,0,0,0,0,0,0,0,0,0,0.905991,-4.34907e-09,0,0,0,0,0,0,0,0,0,0,0,0,0,0,0,0,-4.34817e-09,0.905991,
-3.81091e-07,-0.381379,0.013501,-0.00180255,0.00144364,0.000707882,-3.14831e-05,0,0,0.551377,-0.0167645,-0.0859899,0.0196994,0.0114252,0.00312726,-0.00088432,0,0,-8.89289e-08,-2,-0.00340323,-0.0105721,-0.00257338,-0.000554334,-1.93637e-06,0,0,0.024158,0.740236,0.0248873,0.0612984,-0.017695,-0.0160473,0.0253595,0,0,-5.01698e-07,-0.218911,0.0823766,0.0113999,0.00393762,0.0020996,-7.743e-05,0,0,-0.0862949,-0.0095471,0.52649,-0.0104565,0.000269152,0.00855845,-0.00205713,0,0,1.90452e-07,-1.73465,0.00541852,0.0456225,0.00495677,-0.000666776,-6.22596e-05,0,0,0.0226266,-0.0737426,-0.00531845,0.646174,0.0102861,0.0516982,0.00694868,0,0,-3.83881e-06,0.931499,0.0414745,0.0103184,-0.0423087,-0.0300912,0.000844581,0,0,0.122059,0.040977,0.00532007,0.143303,0.389321,-0.0309773,0.0145038,0,0,6.76632e-07,-1.06968,0.00486616,-0.0445296,-0.0355637,0.0329036,0.00122319,0,0,0.0464057,-0.0490448,0.0962878,0.574601,-0.0368867,0.41765,-0.00142689,0,0,8.43401e-08,-0.21327,0.0026562,0.00244022,0.00223626,0.00363321,0.00166292,0,0,-0.0241266,-0.00917994,-0.0287219,-0.000572912,0.0182478,-0.00680264,0.0678523,0,0,0,0,0,0,0,0,0,0,0,0,0,0,0,0,0,0,0.905991,4.14323e-09,2.40048e-12,-1.20024e-12,-2.40048e-12,-2.40048e-12,-2.40048e-12,0,0,0,0,0,0,0,0,0,0,0,4.14293e-09,0.905991,
3.81029e-07,-0.381911,0.0135133,-0.00180796,0.00144455,0.000709072,-3.14946e-05,0,0,0.55139,-0.0167879,-0.0860385,0.0197362,0.0114283,0.00312255,-0.000881418,0,0,8.8938e-08,-2,-0.00340842,-0.0105821,-0.00257738,-0.000553358,-1.90114e-06,0,0,0.0241818,0.740236,0.0249176,0.0613459,-0.0177014,-0.0160743,0.0253606,0,0,5.0188e-07,-0.219255,0.0823724,0.0113988,0.00394073,0.00210134,-7.74383e-05,0,0,-0.0863448,-0.00956212,0.526685,-0.0104421,0.000293272,0.00855836,-0.00205578,0,0,-1.90493e-07,-1.73572,0.00541931,0.0456384,0.00495794,-0.000667194,-6.22064e-05,0,0,0.0226657,-0.0737887,-0.00529599,0.646202,0.0102764,0.0516815,0.00695445,0,0,3.84061e-06,0.931864,0.041468,0.0103212,-0.0423412,-0.0300989,0.000844331,0,0,0.122105,0.0409934,0.00556648,0.143244,0.389384,-0.0309656,0.0144908,0,0,-6.7675e-07,-1.06759,0.00486855,-0.0445338,-0.0355786,0.0329218,0.00122276,0,0,0.046387,-0.0489548,0.0963033,0.574528,-0.0368753,0.417666,-0.00143698,0,0,-8.43132e-08,-0.213392,0.00265767,0.0024388,0.00223602,0.00363267,0.00166339,0,0,-0.0241203,-0.00918532,-0.0287223,-0.000560335,0.0182361,-0.00680536,0.0678535,0,0,0,1.20024e-12,-1.20024e-12,-1.20024e-12,0,0,0,0,0,0,0,0,0,0,0,0,0.905991,4.06852e-09,0,0,0,0,0,0,0,0,0,0,0,0,0,0,0,0,4.06882e-09,0.905991,
0,-0.382445,0.0135255,-0.00181261,0.00144584,0.000709882,-3.07441e-05,0,0,0.551403,-0.0168114,-0.0860871,0.019773,0.0114314,0.00311781,-0.000878511,0,0,-9.06664e-12,-2,-0.00341363,-0.0105918,-0.00258128,-0.000552469,-1.68798e-06,0,0,0.0242056,0.740236,0.0249478,0.0613934,-0.0177077,-0.0161014,0.0253617,0,0,-8.67362e-12,-0.2196,0.0823683,0.0113986,0.00394434,0.00210258,-7.64424e-05,0,0,-0.0863947,-0.00957718,0.526879,-0.0104276,0.00031739,0.00855825,-0.00205443,0,0,-2.77556e-11,-1.7368,0.00542008,0.045654,0.00495891,-0.000667424,-6.25342e-05,0,0,0.022705,-0.0738349,-0.00527348,0.64623,0.0102667,0.0516648,0.00696023,0,0,1.34441e-11,0.932229,0.0414614,0.0103318,-0.0423698,-0.0301104,0.000851765,0,0,0.122151,0.0410099,0.00581289,0.143185,0.389448,-0.0309538,0.0144779,0,0,2.77556e-11,-1.06551,0.00487094,-0.0445394,-0.0355941,0.0329407,0.00122099,0,0,0.0463681,-0.0488646,0.0963187,0.574455,-0.0368639,0.417683,-0.00144708,0,0,-1.69136e-11,-0.213514,0.00265915,0.00243721,0.0022357,0.00363221,0.00166369,0,0,-0.0241139,-0.00919071,-0.0287227,-0.000547766,0.0182244,-0.00680808,0.0678548,0,0,0,-1.20024e-12,-1.20024e-12,-1.20024e-12,1.20024e-12,-1.20024e-12,-1.20024e-12,0,0,0,0,0,0,0,0,0,0.905991,4.09822e-09,0,-1.20024e-12,0,0,0,0,-1.20024e-12,0,0,0,0,0,0,0,0,0,4.09792e-09,0.905991,
0,-0.382979,0.0135378,-0.0018169,0.00144713,0.000709929,-3.07557e-05,0,0,0.551417,-0.0168349,-0.0861358,0.01981,0.0114345,0.00311305,-0.000875599,0,0,-8.45678e-12,-2,-0.00341884,-0.0106015,-0.00258518,-0.000551755,-1.65275e-06,0,0,0.0242294,0.740235,0.024978,0.0614409,-0.0177141,-0.0161284,0.0253628,0,0,1.04083e-11,-0.219945,0.0823641,0.011399,0.00394794,0.00210282,-7.64501e-05,0,0,-0.0864446,-0.00959227,0.527074,-0.0104131,0.000341504,0.00855811,-0.00205307,0,0,1.38778e-11,-1.73787,0.00542084,0.0456693,0.00495987,-0.000667274,-6.2481e-05,0,0,0.0227443,-0.0738812,-0.00525091,0.646259,0.010257,0.051648,0.00696601,0,0,-1.30104e-12,0.932594,0.0414548,0.0103461,-0.0423983,-0.0301296,0.000851517,0,0,0.122198,0.0410264,0.0060593,0.143126,0.389512,-0.0309421,0.014465,0,0,-2.08167e-11,-1.06342,0.00487334,-0.0445455,-0.0356095,0.032961,0.00122056,0,0,0.0463491,-0.0487745,0.0963339,0.574382,-0.0368526,0.417699,-0.00145719,0,0,4.33681e-13,-0.213637,0.00266062,0.00243554,0.00223537,0.00363191,0.00166416,0,0,-0.0241076,-0.00919609,-0.0287231,-0.000535204,0.0182126,-0.0068108,0.067856,0,0,0,-1.20024e-12,-1.20024e-12,0,0,-1.20024e-12,0,-1.15223e-10,0,0,0,0,0,0,0,0,0.905991,4.22605e-09,0,0,0,0,0,0,0,0,0,0,0,0,0,0,0,0,4.22665e-09,0.905991,
3.80863e-07,-0.383515,0.0135505,-0.00182197,0.00144842,0.000711499,-3.15289e-05,0,0,0.551431,-0.0168585,-0.0861847,0.019847,0.0114376,0.00310827,-0.000872682,0,0,8.90279e-08,-2,-0.00342397,-0.0106113,-0.00258909,-0.000550682,-1.79563e-06,0,0,0.0242533,0.740235,0.0250082,0.0614885,-0.0177205,-0.0161554,0.0253639,0,0,5.02477e-07,-0.220291,0.0823604,0.0113983,0.00395153,0.00210506,-7.74628e-05,0,0,-0.0864947,-0.00960739,0.527268,-0.0103985,0.000365616,0.00855796,-0.00205171,0,0,-1.90625e-07,-1.73895,0.00542141,0.0456851,0.00496083,-0.000667888,-6.20464e-05,0,0,0.0227837,-0.0739275,-0.00522828,0.646287,0.0102472,0.0516313,0.00697179,0,0,3.84599e-06,0.932958,0.041452,0.0103528,-0.0424268,-0.0301333,0.000843576,0,0,0.122244,0.0410429,0.00630572,0.143067,0.389575,-0.0309304,0.0144521,0,0,-6.77174e-07,-1.06133,0.00487506,-0.0445502,-0.0356249,0.0329787,0.00122148,0,0,0.0463299,-0.0486842,0.0963489,0.574308,-0.0368412,0.417716,-0.0014673,0,0,-8.42551e-08,-0.213759,0.00266202,0.00243404,0.00223504,0.00363128,0.00166479,0,0,-0.0241012,-0.00920148,-0.0287234,-0.000522649,0.0182009,-0.00681352,0.0678573,0,0,0,0,0,0,0,0,0,0,0,0,0,0,0,0,0,0,0.905991,-4.4646e-09,0,0,0,0,0,0,0,0,0,0,0,0,0,0,0,0,-4.4649e-09,0.905991,
1.73472e-12,-0.384051,0.0135624,-0.00182628,0.00144932,0.000711546,-3.11595e-05,0,0,0.551444,-0.0168821,-0.0862336,0.0198841,0.0114406,0.00310347,-0.000869759,0,0,-9.77815e-12,-2,-0.00342928,-0.010621,-0.00259308,-0.000549962,-1.67146e-06,0,0,0.0242771,0.740235,0.0250384,0.061536,-0.0177269,-0.0161825,0.0253649,0,0,1.73472e-11,-0.220638,0.0823557,0.0113986,0.00395462,0.00210529,-7.6968e-05,0,0,-0.0865449,-0.00962254,0.527463,-0.0103839,0.000389725,0.00855778,-0.00205035,0,0,6.93889e-12,-1.74003,0.00542234,0.0457005,0.00496197,-0.000667741,-6.21837e-05,0,0,0.0228232,-0.0739739,-0.00520559,0.646315,0.0102375,0.0516145,0.00697758,0,0,2.12504e-11,0.933323,0.0414414,0.0103672,-0.0424591,-0.0301524,0.000847172,0,0,0.12229,0.0410593,0.00655213,0.143007,0.389639,-0.0309186,0.0144392,0,0,1.38778e-11,-1.05924,0.00487815,-0.0445563,-0.0356397,0.0329992,0.00122038,0,0,0.0463106,-0.048594,0.0963637,0.574235,-0.0368298,0.417732,-0.00147742,0,0,4.33681e-13,-0.213881,0.00266358,0.00243236,0.00223479,0.00363098,0.00166517,0,0,-0.0240949,-0.00920686,-0.0287238,-0.0005101,0.0181892,-0.00681624,0.0678585,0,0,0,0,0,0,-1.20024e-12,1.20024e-12,-1.20024e-12,0,0,0,0,0,0,0,0,0,0.905991,-4.56332e-09,0,0,1.20024e-12,0,-1.20024e-12,0,-1.20024e-12,0,0,0,0,0,0,0,0,0,-4.56332e-09,0.905991,
5.20417e-12,-0.384588,0.0135751,-0.00183099,0.0014506,0.000712736,-3.15516e-05,0,0,0.551458,-0.0169058,-0.0862826,0.0199212,0.0114437,0.00309864,-0.000866831,0,0,7.20317e-12,-2,-0.00343442,-0.0106307,-0.00259699,-0.000548972,-1.72546e-06,0,0,0.0243009,0.740235,0.0250687,0.0615835,-0.0177333,-0.0162095,0.025366,0,0,2.08167e-11,-0.220986,0.082352,0.0113984,0.00395821,0.00210702,-7.74786e-05,0,0,-0.0865952,-0.00963773,0.527657,-0.0103692,0.000413831,0.00855757,-0.00204898,0,0,-1.38778e-11,-1.74111,0.00542289,0.0457161,0.00496292,-0.000668168,-6.19396e-05,0,0,0.0228627,-0.0740203,-0.00518284,0.646343,0.0102277,0.0515977,0.00698337,0,0,-2.1684e-12,0.933691,0.0414384,0.0103778,-0.0424875,-0.0301599,0.000843071,0,0,0.122336,0.0410758,0.00679854,0.142948,0.389702,-0.0309069,0.0144263,0,0,0,-1.05715,0.00487988,-0.0445615,-0.035655,0.0330177,0.00122062,0,0,0.046291,-0.0485037,0.0963782,0.574162,-0.0368185,0.417749,-0.00148755,0,0,-8.67362e-12,-0.214003,0.00266498,0.00243076,0.00223445,0.00363043,0.00166573,0,0,-0.0240885,-0.00921223,-0.0287242,-0.000497559,0.0181775,-0.00681896,0.0678597,0,0,0,-1.20024e-12,0,0,0,0,1.20024e-12,5.64113e-11,0,0,0,0,0,0,0,0,0.905991,-4.51651e-09,0,0,0,0,0,0,2.40048e-12,0,0,0,0,0,0,0,0,0,-4.51621e-09,0.905991,
-4.33681e-12,-0.385126,0.0135871,-0.00183533,0.00145264,0.000713924,-3.08015e-05,0,0,0.551472,-0.0169295,-0.0863317,0.0199585,0.0114467,0.0030938,-0.000863897,0,0,-1.02864e-11,-2,-0.00343975,-0.0106404,-0.00260072,-0.000547979,-1.51224e-06,0,0,0.0243248,0.740235,0.0250989,0.061631,-0.0177397,-0.0162365,0.0253671,0,0,-1.04083e-11,-0.221335,0.0823473,0.0113987,0.00396279,0.00210875,-7.64802e-05,0,0,-0.0866456,-0.00965296,0.527852,-0.0103545,0.000437934,0.00855735,-0.00204761,0,0,0,-1.74219,0.0054238,0.0457315,0.00496347,-0.000668596,-6.22677e-05,0,0,0.0229023,-0.0740668,-0.00516004,0.646371,0.010218,0.0515809,0.00698916,0,0,2.73219e-11,0.934051,0.0414277,0.0103922,-0.0425081,-0.0301674,0.000850519,0,0,0.122382,0.0410922,0.00704496,0.14289,0.389766,-0.0308952,0.0144134,0,0,4.16334e-11,-1.05506,0.00488298,-0.0445674,-0.0356717,0.0330363,0.00121884,0,0,0.0462714,-0.0484133,0.0963926,0.574088,-0.0368071,0.417765,-0.00149768,0,0,-6.50521e-12,-0.214125,0.00266655,0.00242908,0.00223394,0.00362987,0.00166602,0,0,-0.0240821,-0.00921761,-0.0287245,-0.000485025,0.0181658,-0.00682168,0.067861,0,0,0,0,0,1.20024e-12,1.20024e-12,-1.20024e-12,1.20024e-12,0,0,0,0,0,0,0,0,0,0.905991,-4.34607e-09,0,0,0,-1.20024e-12,-1.20024e-12,1.20024e-12,-1.20024e-12,-1.15223e-10,0,0,0,0,0,0,0,0,-4.34547e-09,0.905991,
0,-0.385665,0.0135996,-0.00184044,0.00145392,0.000714733,-3.11935e-05,0,0,0.551485,-0.0169532,-0.0863808,0.0199958,0.0114497,0.00308893,-0.000860959,0,0,-1.59717e-11,-2,-0.00344499,-0.0106503,-0.00260463,-0.000547073,-1.56631e-06,0,0,0.0243486,0.740235,0.0251292,0.0616785,-0.0177461,-0.0162636,0.0253681,0,0,-3.46945e-12,-0.221685,0.0823431,0.0113979,0.00396637,0.00210998,-7.69907e-05,0,0,-0.086696,-0.00966821,0.528047,-0.0103397,0.000462035,0.0085571,-0.00204623,0,0,-1.38778e-11,-1.74327,0.00542452,0.0457472,0.00496441,-0.000668836,-6.20234e-05,0,0,0.022942,-0.0741133,-0.00513718,0.6464,0.0102083,0.0515641,0.00699496,0,0,-2.1684e-11,0.934411,0.0414207,0.0103989,-0.0425364,-0.0301787,0.000846415,0,0,0.122428,0.0411087,0.00729137,0.142831,0.389829,-0.0308835,0.0144006,0,0,-3.46945e-11,-1.05297,0.0048854,-0.0445719,-0.035687,0.0330556,0.00121908,0,0,0.0462515,-0.0483229,0.0964068,0.574015,-0.0367957,0.417782,-0.00150781,0,0,-1.12757e-11,-0.214247,0.00266804,0.00242757,0.0022336,0.00362939,0.00166657,0,0,-0.0240756,-0.00922298,-0.0287248,-0.000472497,0.0181541,-0.00682441,0.0678622,0,0,0,-1.20024e-12,-1.20024e-12,-1.20024e-12,0,-1.20024e-12,-1.20024e-12,0,0,0,0,0,0,0,0,0,0.905991,4.09372e-09,0,1.20024e-12,1.20024e-12,1.20024e-12,0,1.20024e-12,1.20024e-12,1.20024e-12,0,0,0,0,0,0,0,0,4.09372e-09,0.905991,
1.73472e-12,-0.386205,0.0136124,-0.00184481,0.00145519,0.00071516,-3.12047e-05,0,0,0.551499,-0.016977,-0.0864301,0.0200332,0.0114527,0.00308404,-0.000858015,0,0,7.21672e-12,-2,-0.00345015,-0.01066,-0.00260853,-0.000546253,-1.53133e-06,0,0,0.0243725,0.740235,0.0251594,0.061726,-0.0177525,-0.0162906,0.0253691,0,0,3.46945e-12,-0.222035,0.0823393,0.0113982,0.00396994,0.0021107,-7.69981e-05,0,0,-0.0867466,-0.00968351,0.528242,-0.0103248,0.000486132,0.00855683,-0.00204485,0,0,-1.38778e-11,-1.74435,0.00542503,0.0457626,0.00496534,-0.000668886,-6.19699e-05,0,0,0.0229818,-0.0741598,-0.00511426,0.646428,0.0101985,0.0515473,0.00700076,0,0,-2.60209e-12,0.934779,0.0414176,0.0104133,-0.0425646,-0.0301939,0.000846162,0,0,0.122474,0.0411251,0.00753778,0.142772,0.389893,-0.0308718,0.0143877,0,0,4.16334e-11,-1.05087,0.00488715,-0.0445777,-0.0357022,0.0330756,0.00121865,0,0,0.0462315,-0.0482324,0.0964208,0.573942,-0.0367844,0.417799,-0.00151796,0,0,-4.33681e-12,-0.214369,0.00266945,0.00242589,0.00223325,0.003629,0.00166704,0,0,-0.0240692,-0.00922835,-0.0287252,-0.000459977,0.0181424,-0.00682713,0.0678634,0,0,0,-1.20024e-12,0,-1.20024e-12,0,-1.20024e-12,1.20024e-12,0,0,0,0,0,0,0,0,0,0.905991,3.9797e-09,0,-1.20024e-12,0,0,0,2.40048e-12,-2.40048e-12,0,0,0,0,0,0,0,0,0,3.98e-09,0.905991,
0,-0.386746,0.0136245,-0.00184957,0.00145646,0.000715587,-3.15964e-05,0,0,0.551513,-0.0170008,-0.0864795,0.0200707,0.0114557,0.00307913,-0.000855065,0,0,1.71168e-11,-2,-0.00345549,-0.0106697,-0.00261244,-0.00054543,-1.58555e-06,0,0,0.0243963,0.740235,0.0251897,0.0617735,-0.0177589,-0.0163176,0.0253702,0,0,-1.04083e-11,-0.222386,0.0823346,0.0113979,0.00397351,0.00211142,-7.7509e-05,0,0,-0.0867972,-0.00969883,0.528436,-0.0103099,0.000510226,0.00855653,-0.00204347,0,0,-2.08167e-11,-1.74544,0.00542592,0.0457782,0.00496626,-0.000668938,-6.17254e-05,0,0,0.0230217,-0.0742064,-0.00509128,0.646456,0.0101887,0.0515304,0.00700656,0,0,1.0842e-11,0.935139,0.0414067,0.0104239,-0.0425928,-0.030209,0.000842052,0,0,0.12252,0.0411416,0.0077842,0.142713,0.389956,-0.0308601,0.0143748,0,0,5.55112e-11,-1.04878,0.00489026,-0.0445828,-0.0357174,0.0330957,0.00121889,0,0,0.0462114,-0.0481419,0.0964346,0.573868,-0.036773,0.417815,-0.0015281,0,0,0,-0.214491,0.00267103,0.00242428,0.00223289,0.00362861,0.00166758,0,0,-0.0240627,-0.00923372,-0.0287255,-0.000447464,0.0181307,-0.00682985,0.0678647,0,0,0,0,0,1.20024e-12,1.20024e-12,2.40048e-12,-2.40048e-12,0,0,0,0,0,0,0,0,0,0.905991,3.9704e-09,0,-1.20024e-12,0,0,0,0,0,0,0,0,0,0,0,0,0,0,3.9698e-09,0.905991,
-3.46945e-12,-0.387287,0.0136366,-0.00185434,0.00145735,0.000716775,-3.12271e-05,0,0,0.551527,-0.0170247,-0.0865289,0.0201083,0.0114587,0.0030742,-0.000852111,0,0,3.21195e-12,-2,-0.00346084,-0.0106795,-0.00261644,-0.000544425,-1.46145e-06,0,0,0.0244202,0.740235,0.02522,0.061821,-0.0177653,-0.0163447,0.0253712,0,0,-1.38778e-11,-0.222737,0.0823298,0.0113976,0.00397657,0.00211314,-7.70126e-05,0,0,-0.086848,-0.00971419,0.528631,-0.010295,0.000534318,0.00855621,-0.00204208,0,0,1.38778e-11,-1.74652,0.0054268,0.0457938,0.00496736,-0.000669373,-6.18627e-05,0,0,0.0230616,-0.0742531,-0.00506824,0.646484,0.010179,0.0515136,0.00701237,0,0,-4.77049e-12,0.935506,0.0413956,0.0104345,-0.0426247,-0.0302163,0.000845654,0,0,0.122566,0.041158,0.00803061,0.142654,0.39002,-0.0308484,0.014362,0,0,-6.93889e-12,-1.04668,0.00489337,-0.0445877,-0.0357319,0.0331145,0.00121778,0,0,0.0461911,-0.0480514,0.0964481,0.573794,-0.0367617,0.417832,-0.00153826,0,0,-1.0842e-11,-0.214613,0.00267261,0.00242268,0.00223262,0.00362804,0.00166796,0,0,-0.0240562,-0.00923909,-0.0287258,-0.000434958,0.018119,-0.00683258,0.0678659,0,0,0,-1.20024e-12,1.20024e-12,1.20024e-12,1.20024e-12,0,-1.20024e-12,0,0,0,0,0,0,0,0,0,0.905991,4.05081e-09,0,-1.20024e-12,0,0,1.20024e-12,0,-1.20024e-12,0,0,0,0,0,0,0,0,0,4.05081e-09,0.905991,
2.60209e-12,-0.387829,0.0136491,-0.00185951,0.00145862,0.000717583,-3.16186e-05,0,0,0.551541,-0.0170485,-0.0865785,0.0201459,0.0114617,0.00306925,-0.00084915,0,0,1.5992e-12,-2,-0.00346611,-0.0106894,-0.00262035,-0.000543507,-1.51583e-06,0,0,0.0244441,0.740235,0.0252502,0.0618685,-0.0177717,-0.0163717,0.0253722,0,0,1.73472e-11,-0.22309,0.0823255,0.0113967,0.00398012,0.00211436,-7.75237e-05,0,0,-0.0868988,-0.00972959,0.528826,-0.01028,0.000558406,0.00855587,-0.00204069,0,0,1.38778e-11,-1.74761,0.00542748,0.0458096,0.00496828,-0.000669619,-6.16181e-05,0,0,0.0231016,-0.0742998,-0.00504514,0.646513,0.0101692,0.0514967,0.00701817,0,0,1.51788e-11,0.93587,0.0413884,0.0104412,-0.0426528,-0.0302275,0.000841539,0,0,0.122611,0.0411744,0.00827702,0.142595,0.390083,-0.0308367,0.0143491,0,0,-5.55112e-11,-1.04458,0.00489581,-0.044592,-0.0357471,0.033134,0.00121802,0,0,0.0461706,-0.0479608,0.0964615,0.573721,-0.0367503,0.417849,-0.00154841,0,0,0,-0.214734,0.00267411,0.00242116,0.00223226,0.00362756,0.00166851,0,0,-0.0240498,-0.00924446,-0.0287262,-0.000422459,0.0181073,-0.0068353,0.0678671,0,0,0,0,-1.20024e-12,0,0,0,0,5.64113e-11,0,0,0,0,0,0,0,0,0.905991,4.22545e-09,0,1.20024e-12,1.20024e-12,0,0,0,0,0,0,0,0,0,0,0,0,0,4.22485e-09,0.905991,
-3.80336e-07,-0.388373,0.0136624,-0.00186431,0.00146026,0.00071801,-3.12493e-05,0,0,0.551555,-0.0170725,-0.0866281,0.0201836,0.0114646,0.00306427,-0.000846185,0,0,-8.92518e-08,-2,-0.00347121,-0.0106992,-0.00262417,-0.000542676,-1.39175e-06,0,0,0.024468,0.740236,0.0252805,0.061916,-0.0177782,-0.0163987,0.0253732,0,0,-5.04242e-07,-0.223443,0.0823223,0.0113964,0.00398418,0.00211507,-7.70267e-05,0,0,-0.0869497,-0.00974502,0.529021,-0.0102649,0.000582491,0.00855551,-0.00203929,0,0,1.91056e-07,-1.7487,0.00542776,0.0458252,0.00496899,-0.000669676,-6.17554e-05,0,0,0.0231417,-0.0743465,-0.00502199,0.646541,0.0101595,0.0514798,0.00702399,0,0,-3.86198e-06,0.936233,0.0413889,0.0104518,-0.0426769,-0.0302425,0.000845143,0,0,0.122657,0.0411908,0.00852343,0.142536,0.390147,-0.030825,0.0143362,0,0,6.78374e-07,-1.04249,0.00489691,-0.0445969,-0.0357629,0.0331543,0.0012169,0,0,0.0461499,-0.0478701,0.0964747,0.573647,-0.036739,0.417865,-0.00155858,0,0,8.40283e-08,-0.214856,0.00267544,0.00241955,0.00223182,0.00362715,0.00166889,0,0,-0.0240433,-0.00924982,-0.0287265,-0.000409966,0.0180956,-0.00683803,0.0678684,0,0,0,1.20024e-12,1.20024e-12,0,1.20024e-12,0,1.20024e-12,0,0,0,0,0,0,0,0,0,0.905991,-4.51591e-09,0,1.20024e-12,1.20024e-12,0,1.20024e-12,0,1.20024e-12,0,0,0,0,0,0,0,0,0,-4.51591e-09,0.905991,
8.67362e-13,-0.388916,0.0136746,-0.00186912,0.00146114,0.000719197,-3.12603e-05,0,0,0.551569,-0.0170964,-0.0866778,0.0202214,0.0114676,0.00305927,-0.000843214,0,0,-7.14896e-12,-2,-0.00347658,-0.010709,-0.00262817,-0.000541663,-1.35694e-06,0,0,0.0244918,0.740236,0.0253108,0.0619635,-0.0177846,-0.0164257,0.0253742,0,0,0,-0.223797,0.0823175,0.011396,0.00398722,0.00211679,-7.70336e-05,0,0,-0.0870007,-0.00976048,0.529216,-0.0102498,0.000606574,0.00855512,-0.00203789,0,0,-2.77556e-11,-1.74979,0.00542861,0.0458408,0.00497008,-0.000670116,-6.17017e-05,0,0,0.0231818,-0.0743934,-0.00499878,0.646569,0.0101497,0.051463,0.0070298,0,0,3.90313e-12,0.9366,0.0413777,0.0104624,-0.0427087,-0.0302498,0.000844887,0,0,0.122702,0.0412073,0.00876984,0.142478,0.39021,-0.0308133,0.0143234,0,0,6.93889e-12,-1.04039,0.00490004,-0.0446017,-0.0357773,0.0331733,0.00121646,0,0,0.0461291,-0.0477794,0.0964877,0.573574,-0.0367276,0.417882,-0.00156875,0,0,-8.67362e-13,-0.214978,0.00267703,0.00241794,0.00223153,0.00362658,0.00166935,0,0,-0.0240367,-0.00925518,-0.0287268,-0.000397481,0.0180839,-0.00684075,0.0678696,0,0,0,0,-1.20024e-12,0,-1.20024e-12,1.20024e-12,0,0,0,0,0,0,0,0,0,0,0.905991,-4.66534e-09,0,0,0,0,0,0,0,0,0,0,0,0,0,0,0,0,-4.66474e-09,0.905991,
-8.67362e-13,-0.389462,0.0136876,-0.00187394,0.0014624,0.000720004,-3.08911e-05,0,0,0.551584,-0.0171205,-0.0867276,0.0202593,0.0114705,0.00305425,-0.000840238,0,0,-1.2387e-11,-2,-0.00348178,-0.0107188,-0.00263208,-0.000540736,-1.23286e-06,0,0,0.0245157,0.740236,0.0253411,0.062011,-0.017791,-0.0164527,0.0253752,0,0,0,-0.224152,0.0823137,0.0113956,0.00399076,0.002118,-7.65357e-05,0,0,-0.0870519,-0.00977598,0.529412,-0.0102346,0.000630653,0.00855471,-0.00203649,0,0,-6.93889e-12,-1.75088,0.00542906,0.0458565,0.00497097,-0.000670366,-6.1839e-05,0,0,0.0232221,-0.0744402,-0.0049755,0.646598,0.0101399,0.0514461,0.00703562,0,0,1.43115e-11,0.93696,0.0413741,0.010473,-0.0427366,-0.0302609,0.000848496,0,0,0.122747,0.0412237,0.00901625,0.142419,0.390274,-0.0308017,0.0143105,0,0,-2.77556e-11,-1.03829,0.00490182,-0.0446064,-0.0357923,0.033193,0.00121534,0,0,0.0461082,-0.0476887,0.0965005,0.5735,-0.0367163,0.417899,-0.00157892,0,0,-8.67362e-13,-0.215099,0.00267846,0.00241633,0.00223116,0.00362609,0.00166972,0,0,-0.0240302,-0.00926054,-0.0287271,-0.000385003,0.0180722,-0.00684348,0.0678708,0,0,0,0,0,-1.20024e-12,0,0,1.20024e-12,1.20024e-12,0,0,0,0,0,0,0,0,0.905991,-4.65574e-09,0,0,0,0,0,0,0,1.15223e-10,0,0,0,0,0,0,0,0,-4.65514e-09,0.905991,
4.33681e-12,-0.390008,0.0136998,-0.00187878,0.00146403,0.000720811,-3.16624e-05,0,0,0.551598,-0.0171445,-0.0867776,0.0202973,0.0114734,0.00304921,-0.000837257,0,0,4.59431e-12,-2,-0.00348716,-0.0107286,-0.00263591,-0.000539807,-1.37677e-06,0,0,0.0245397,0.740236,0.0253714,0.0620585,-0.0177975,-0.0164797,0.0253762,0,0,2.42861e-11,-0.224507,0.0823089,0.0113952,0.0039948,0.00211921,-7.75519e-05,0,0,-0.0871031,-0.00979151,0.529607,-0.0102194,0.000654729,0.00855427,-0.00203508,0,0,1.38778e-11,-1.75197,0.00542989,0.0458721,0.00497167,-0.000670619,-6.14029e-05,0,0,0.0232624,-0.0744871,-0.00495217,0.646626,0.0101301,0.0514291,0.00704144,0,0,6.50521e-12,0.937327,0.0413628,0.0104836,-0.0427606,-0.0302719,0.000840506,0,0,0.122793,0.0412401,0.00926265,0.14236,0.390337,-0.03079,0.0142977,0,0,1.38778e-11,-1.03618,0.00490496,-0.0446111,-0.035808,0.0332128,0.00121626,0,0,0.0460871,-0.0475979,0.0965131,0.573426,-0.036705,0.417916,-0.00158911,0,0,2.25514e-11,-0.215221,0.00268005,0.00241472,0.0022307,0.0036256,0.00167035,0,0,-0.0240236,-0.00926589,-0.0287274,-0.000372532,0.0180606,-0.00684621,0.0678721,0,0,0,1.20024e-12,1.20024e-12,0,0,1.20024e-12,-1.20024e-12,-1.15223e-10,0,0,0,0,0,0,0,0,0.905991,-4.5048e-09,0,0,0,0,2.40048e-12,-2.40048e-12,2.40048e-12,1.20024e-12,0,0,0,0,0,0,0,0,-4.5048e-09,0.905991,
0,-0.390555,0.0137125,-0.00188401,0.0014649,0.000721997,-3.12932e-05,0,0,0.551612,-0.0171686,-0.0868276,0.0203353,0.0114763,0.00304415,-0.00083427,0,0,-3.15096e-12,-2,-0.00349246,-0.0107385,-0.00263991,-0.000538785,-1.25276e-06,0,0,0.0245636,0.740237,0.0254017,0.062106,-0.0178039,-0.0165068,0.0253772,0,0,3.46945e-12,-0.224864,0.0823045,0.0113943,0.00399783,0.00212092,-7.70537e-05,0,0,-0.0871544,-0.00980708,0.529802,-0.0102042,0.000678801,0.00855381,-0.00203367,0,0,-2.08167e-11,-1.75306,0.00543052,0.0458879,0.00497274,-0.000671064,-6.15402e-05,0,0,0.0233028,-0.0745341,-0.00492878,0.646654,0.0101203,0.0514122,0.00704727,0,0,1.30104e-11,0.937685,0.0413552,0.0104903,-0.0427922,-0.0302791,0.000844115,0,0,0.122838,0.0412565,0.00950906,0.142302,0.3904,-0.0307784,0.0142849,0,0,4.16334e-11,-1.03408,0.00490744,-0.044615,-0.0358223,0.033232,0.00121514,0,0,0.0460658,-0.047507,0.0965254,0.573352,-0.0366936,0.417932,-0.00159929,0,0,5.20417e-12,-0.215342,0.00268156,0.00241318,0.00223041,0.00362502,0.00167072,0,0,-0.0240171,-0.00927125,-0.0287276,-0.000360068,0.0180489,-0.00684893,0.0678733,0,0,0,-1.20024e-12,-1.20024e-12,0,0,2.40048e-12,-1.20024e-12,0,0,0,0,0,0,0,0,0,0.905991,4.25485e-09,0,1.20024e-12,0,-1.20024e-12,0,0,0,0,0,0,0,0,0,0,0,0,4.25515e-09,0.905991,
2.60209e-12,-0.391103,0.0137248,-0.00188849,0.00146615,0.000722424,-3.0924e-05,0,0,0.551627,-0.0171927,-0.0868776,0.0203735,0.0114792,0.00303906,-0.000831277,0,0,-7.42678e-12,-2,-0.00349786,-0.0107483,-0.00264382,-0.000537939,-1.12872e-06,0,0,0.0245875,0.740237,0.025432,0.0621534,-0.0178103,-0.0165338,0.0253781,0,0,1.04083e-11,-0.225222,0.0822997,0.0113943,0.00400136,0.00212162,-7.6555e-05,0,0,-0.0872058,-0.00982268,0.529997,-0.0101888,0.000702871,0.00855333,-0.00203226,0,0,-2.08167e-11,-1.75415,0.00543133,0.0459033,0.00497361,-0.000671128,-6.16776e-05,0,0,0.0233432,-0.0745811,-0.00490533,0.646683,0.0101106,0.0513953,0.0070531,0,0,-9.1073e-12,0.938048,0.0413437,0.0105048,-0.04282,-0.030294,0.000847727,0,0,0.122883,0.0412729,0.00975546,0.142243,0.390464,-0.0307667,0.014272,0,0,-3.46945e-11,-1.03198,0.00491059,-0.0446203,-0.0358372,0.0332526,0.00121401,0,0,0.0460443,-0.0474161,0.0965376,0.573279,-0.0366823,0.417949,-0.00160948,0,0,-1.56125e-11,-0.215464,0.00268316,0.00241148,0.00223003,0.0036246,0.0016711,0,0,-0.0240105,-0.0092766,-0.0287279,-0.000347611,0.0180372,-0.00685166,0.0678745,0,0,0,0,0,0,0,0,0,0,0,0,0,0,0,0,0,0,0.905991,4.15373e-09,0,1.20024e-12,0,-1.20024e-12,-1.20024e-12,0,0,0,0,0,0,0,0,0,0,0,4.15343e-09,0.905991,
0,-0.391651,0.0137379,-0.00189375,0.00146702,0.00072285,-3.13149e-05,0,0,0.551641,-0.0172169,-0.0869278,0.0204117,0.0114821,0.00303396,-0.00082828,0,0,-1.50026e-11,-2,-0.00350308,-0.0107582,-0.00264782,-0.00053709,-1.18348e-06,0,0,0.0246114,0.740238,0.0254624,0.0622009,-0.0178168,-0.0165608,0.0253791,0,0,1.04083e-11,-0.22558,0.0822958,0.0113933,0.00400437,0.00212231,-7.70666e-05,0,0,-0.0872573,-0.00983832,0.530193,-0.0101734,0.000726937,0.00855283,-0.00203084,0,0,2.77556e-11,-1.75525,0.00543174,0.0459191,0.00497467,-0.000671193,-6.14324e-05,0,0,0.0233838,-0.0746281,-0.00488182,0.646711,0.0101008,0.0513783,0.00705893,0,0,7.37257e-12,0.938411,0.0413399,0.0105116,-0.0428515,-0.0303088,0.000843597,0,0,0.122928,0.0412892,0.0100019,0.142185,0.390527,-0.030755,0.0142592,0,0,-2.77556e-11,-1.02987,0.0049124,-0.0446241,-0.0358515,0.0332732,0.00121425,0,0,0.0460227,-0.0473252,0.0965496,0.573205,-0.036671,0.417966,-0.00161968,0,0,-1.56125e-11,-0.215585,0.0026846,0.00240995,0.00222973,0.00362419,0.00167164,0,0,-0.0240039,-0.00928195,-0.0287282,-0.000335162,0.0180256,-0.00685439,0.0678757,0,0,0,0,0,0,0,-1.20024e-12,1.20024e-12,0,0,0,0,0,0,0,0,0,0.905991,4.16544e-09,0,0,0,0,0,1.20024e-12,-1.20024e-12,0,0,0,0,0,0,0,0,0,4.16664e-09,0.905991,
-8.67362e-13,-0.392201,0.0137506,-0.00189864,0.00146864,0.000723656,-3.09457e-05,0,0,0.551656,-0.0172411,-0.0869781,0.0204499,0.011485,0.00302883,-0.000825277,0,0,-1.83433e-11,-2,-0.0035084,-0.010768,-0.00265165,-0.000536149,-1.05946e-06,0,0,0.0246353,0.740238,0.0254927,0.0622484,-0.0178233,-0.0165878,0.02538,0,0,1.04083e-11,-0.225938,0.0822915,0.0113928,0.0040084,0.00212351,-7.65674e-05,0,0,-0.0873088,-0.00985399,0.530388,-0.010158,0.000751,0.0085523,-0.00202942,0,0,1.38778e-11,-1.75634,0.00543234,0.0459348,0.00497534,-0.000671452,-6.15698e-05,0,0,0.0234244,-0.0746752,-0.00485826,0.64674,0.010091,0.0513614,0.00706477,0,0,-1.64799e-11,0.938777,0.0413322,0.0105222,-0.0428752,-0.0303198,0.000847212,0,0,0.122973,0.0413056,0.0102483,0.142126,0.39059,-0.0307434,0.0142464,0,0,-6.93889e-12,-1.02777,0.00491489,-0.0446285,-0.035867,0.0332933,0.00121312,0,0,0.046001,-0.0472342,0.0965614,0.573131,-0.0366596,0.417983,-0.00162989,0,0,8.67362e-13,-0.215707,0.00268612,0.00240832,0.00222926,0.00362369,0.00167201,0,0,-0.0239972,-0.0092873,-0.0287285,-0.000322719,0.0180139,-0.00685712,0.067877,0,0,0,0,-1.20024e-12,0,-1.20024e-12,0,0,0,0,0,0,0,0,0,0,0,0.905991,4.28276e-09,0,0,0,0,0,0,0,0,0,0,0,0,0,0,0,0,4.28276e-09,0.905991,
3.7985e-07,-0.392752,0.0137634,-0.00190316,0.0014695,0.000725222,-3.13364e-05,0,0,0.55167,-0.0172654,-0.0870285,0.0204883,0.0114878,0.00302368,-0.000822268,0,0,8.94625e-08,-2,-0.00351373,-0.0107778,-0.00265565,-0.000535026,-1.11434e-06,0,0,0.0246593,0.740239,0.025523,0.0622959,-0.0178297,-0.0166148,0.025381,0,0,5.05797e-07,-0.226299,0.0822871,0.0113928,0.0040114,0.00212572,-7.70792e-05,0,0,-0.0873605,-0.0098697,0.530584,-0.0101425,0.00077506,0.00855175,-0.00202799,0,0,-1.91402e-07,-1.75744,0.00543292,0.0459502,0.00497639,-0.000672095,-6.13244e-05,0,0,0.0234651,-0.0747224,-0.00483463,0.646768,0.0100812,0.0513444,0.00707061,0,0,3.87604e-06,0.939132,0.0413244,0.0105367,-0.0429067,-0.0303229,0.000843077,0,0,0.123018,0.041322,0.0104947,0.142068,0.390653,-0.0307318,0.0142336,0,0,-6.79352e-07,-1.02566,0.00491738,-0.0446336,-0.0358812,0.033312,0.00121335,0,0,0.045979,-0.0471432,0.0965729,0.573057,-0.0366483,0.418,-0.0016401,0,0,-8.38318e-08,-0.215828,0.00268764,0.00240662,0.00222895,0.00362301,0.00167255,0,0,-0.0239906,-0.00929264,-0.0287287,-0.000310283,0.0180022,-0.00685985,0.0678782,0,0,0,-1.20024e-12,0,0,0,0,0,1.15223e-10,0,0,0,0,0,0,0,0,0.905991,-4.51501e-09,0,2.40048e-12,0,0,0,0,0,-1.15223e-10,0,0,0,0,0,0,0,0,-4.51411e-09,0.905991,
-3.79786e-07,-0.393303,0.0137762,-0.00190808,0.00147112,0.000726028,-3.17269e-05,0,0,0.551685,-0.0172896,-0.0870789,0.0205267,0.0114907,0.0030185,-0.000819254,0,0,-8.94626e-08,-2,-0.00351906,-0.0107876,-0.00265948,-0.000534079,-1.16932e-06,0,0,0.0246832,0.74024,0.0255534,0.0623433,-0.0178362,-0.0166418,0.0253819,0,0,-5.06001e-07,-0.226659,0.0822827,0.0113923,0.00401542,0.00212692,-7.75914e-05,0,0,-0.0874123,-0.00988545,0.530779,-0.010127,0.000799116,0.00855117,-0.00202656,0,0,1.91416e-07,-1.75854,0.0054335,0.0459658,0.00497705,-0.000672356,-6.10789e-05,0,0,0.0235059,-0.0747696,-0.00481094,0.646797,0.0100714,0.0513274,0.00707645,0,0,-3.87781e-06,0.939494,0.0413165,0.0105474,-0.0429303,-0.0303338,0.000838938,0,0,0.123063,0.0413384,0.010741,0.142009,0.390717,-0.0307201,0.0142208,0,0,6.7954e-07,-1.02355,0.00491989,-0.0446379,-0.0358966,0.0333322,0.00121359,0,0,0.0459569,-0.0470521,0.0965843,0.572983,-0.036637,0.418017,-0.00165031,0,0,8.38179e-08,-0.215949,0.00268916,0.00240499,0.00222847,0.00362251,0.00167309,0,0,-0.0239839,-0.00929799,-0.028729,-0.000297855,0.0179906,-0.00686258,0.0678794,0,0,0,1.20024e-12,-1.20024e-12,0,-1.20024e-12,1.20024e-12,-1.20024e-12,0,0,0,0,0,0,0,0,0,0.905991,-4.60172e-09,0,0,1.20024e-12,0,1.20024e-12,-1.20024e-12,1.20024e-12,0,0,0,0,0,0,0,0,0,-4.60112e-09,0.905991,
-3.46945e-12,-0.393855,0.0137894,-0.00191301,0.00147197,0.000726453,-3.0978e-05,0,0,0.551699,-0.017314,-0.0871295,0.0205653,0.0114935,0.00301331,-0.000816235,0,0,-8.97177e-12,-2,-0.00352431,-0.0107975,-0.00266348,-0.000533218,-9.55877e-07,0,0,0.0247072,0.74024,0.0255837,0.0623908,-0.0178427,-0.0166688,0.0253828,0,0,-1.38778e-11,-0.227019,0.0822788,0.0113918,0.00401841,0.0021276,-7.65852e-05,0,0,-0.0874642,-0.00990123,0.530975,-0.0101114,0.000823169,0.00855057,-0.00202512,0,0,6.93889e-12,-1.75964,0.00543387,0.0459815,0.00497809,-0.000672428,-6.14078e-05,0,0,0.0235467,-0.0748168,-0.0047872,0.646825,0.0100616,0.0513104,0.00708229,0,0,-1.38778e-11,0.939863,0.0413124,0.010558,-0.0429616,-0.0303485,0.000846434,0,0,0.123107,0.0413547,0.0109874,0.141951,0.39078,-0.0307085,0.014208,0,0,-3.46945e-11,-1.02144,0.00492172,-0.0446422,-0.0359107,0.0333531,0.00121178,0,0,0.0459347,-0.0469609,0.0965955,0.572909,-0.0366257,0.418034,-0.00166053,0,0,9.54098e-12,-0.216071,0.00269061,0.00240336,0.00222816,0.00362208,0.00167338,0,0,-0.0239773,-0.00930333,-0.0287292,-0.000285433,0.0179789,-0.00686531,0.0678806,0,0,0,1.20024e-12,0,1.20024e-12,0,0,0,5.76116e-11,0,0,0,0,0,0,0,0,0.905991,-4.53901e-09,0,-1.20024e-12,0,0,0,0,0,0,0,0,0,0,0,0,0,0,-4.53901e-09,0.905991,
1.73472e-12,-0.394408,0.0138015,-0.00191833,0.00147396,0.000726879,-3.13684e-05,0,0,0.551714,-0.0173383,-0.0871801,0.0206039,0.0114963,0.00300809,-0.00081321,0,0,1.06726e-11,-2,-0.00352984,-0.0108074,-0.00266722,-0.000532355,-1.01097e-06,0,0,0.0247311,0.740241,0.0256141,0.0624383,-0.0178491,-0.0166958,0.0253837,0,0,6.93889e-12,-0.227381,0.0822734,0.0113907,0.00402292,0.00212829,-7.70974e-05,0,0,-0.0875161,-0.00991704,0.53117,-0.0100957,0.000847219,0.00854995,-0.00202368,0,0,-6.93889e-12,-1.76074,0.00543481,0.0459973,0.00497854,-0.000672501,-6.11621e-05,0,0,0.0235877,-0.0748641,-0.00476339,0.646854,0.0100518,0.0512934,0.00708814,0,0,1.99493e-11,0.940225,0.0412966,0.0105648,-0.0429813,-0.0303632,0.000842293,0,0,0.123152,0.0413711,0.0112338,0.141892,0.390843,-0.0306969,0.0141952,0,0,3.46945e-11,-1.01933,0.00492559,-0.0446457,-0.0359268,0.033374,0.00121201,0,0,0.0459123,-0.0468698,0.0966064,0.572835,-0.0366143,0.418051,-0.00167076,0,0,-9.97466e-12,-0.216192,0.00269231,0.00240182,0.00222759,0.00362165,0.00167391,0,0,-0.0239706,-0.00930867,-0.0287295,-0.000273019,0.0179673,-0.00686804,0.0678819,0,0,0,1.20024e-12,0,0,-1.20024e-12,1.20024e-12,0,0,0,0,0,0,0,0,0,0,0.905991,-4.35507e-09,0,0,0,0,0,-1.20024e-12,0,0,0,0,0,0,0,0,0,0,-4.35507e-09,0.905991,
0,-0.394962,0.0138151,-0.00192253,0.00147519,0.000728444,-3.17586e-05,0,0,0.551729,-0.0173628,-0.0872308,0.0206426,0.0114991,0.00300285,-0.00081018,0,0,-1.17907e-11,-2,-0.00353501,-0.0108171,-0.00267114,-0.00053122,-1.06614e-06,0,0,0.0247551,0.740242,0.0256444,0.0624857,-0.0178556,-0.0167228,0.0253847,0,0,6.93889e-12,-0.227744,0.08227,0.0113911,0.00402641,0.00213049,-7.76098e-05,0,0,-0.0875682,-0.00993289,0.531366,-0.01008,0.000871265,0.0085493,-0.00202224,0,0,0,-1.76184,0.00543497,0.0460126,0.00497938,-0.00067315,-6.09164e-05,0,0,0.0236287,-0.0749114,-0.00473952,0.646882,0.0100419,0.0512764,0.007094,0,0,1.04083e-11,0.940587,0.0412963,0.0105832,-0.0430086,-0.0303662,0.000838147,0,0,0.123196,0.0413874,0.0114802,0.141834,0.390906,-0.0306853,0.0141824,0,0,1.38778e-11,-1.01722,0.00492676,-0.0446512,-0.0359415,0.033393,0.00121223,0,0,0.0458897,-0.0467785,0.0966172,0.572761,-0.036603,0.418068,-0.00168099,0,0,5.20417e-12,-0.216313,0.00269367,0.00240002,0.00222718,0.00362097,0.00167445,0,0,-0.0239639,-0.009314,-0.0287297,-0.000260611,0.0179556,-0.00687077,0.0678831,0,0,0,2.40048e-12,0,-2.40048e-12,0,-2.40048e-12,0,1.20024e-12,0,0,0,0,0,0,0,0,0.905991,4.09222e-09,0,1.20024e-12,0,-1.20024e-12,0,-1.20024e-12,0,0,0,0,0,0,0,0,0,0,4.09282e-09,0.905991,
-1.73472e-12,-0.395518,0.013828,-0.00192826,0.00147604,0.000729249,-3.13895e-05,0,0,0.551744,-0.0173872,-0.0872817,0.0206813,0.0115019,0.00299759,-0.000807145,0,0,3.40168e-12,-2,-0.00354037,-0.0108271,-0.00267514,-0.000530261,-9.42256e-07,0,0,0.0247791,0.740243,0.0256748,0.0625332,-0.0178621,-0.0167498,0.0253856,0,0,-3.46945e-12,-0.228109,0.0822656,0.0113895,0.00402939,0.00213168,-7.7109e-05,0,0,-0.0876204,-0.00994877,0.531562,-0.0100642,0.000895308,0.00854863,-0.00202079,0,0,1.38778e-11,-1.76294,0.0054355,0.0460286,0.00498039,-0.000673418,-6.10538e-05,0,0,0.0236698,-0.0749588,-0.0047156,0.646911,0.0100321,0.0512593,0.00709985,0,0,-1.47451e-11,0.940945,0.0412882,0.0105861,-0.0430398,-0.030377,0.000841767,0,0,0.123241,0.0414038,0.0117266,0.141776,0.390969,-0.0306737,0.0141696,0,0,-1.38778e-11,-1.01511,0.00492929,-0.0446539,-0.0359555,0.0334134,0.0012111,0,0,0.045867,-0.0466873,0.0966278,0.572687,-0.0365917,0.418085,-0.00169123,0,0,4.33681e-13,-0.216434,0.00269521,0.00239855,0.00222686,0.00362046,0.00167482,0,0,-0.0239572,-0.00931934,-0.0287299,-0.000248211,0.017944,-0.00687351,0.0678843,0,0,0,1.20024e-12,0,-1.20024e-12,-1.20024e-12,0,0,1.20024e-12,0,0,0,0,0,0,0,0,0.905991,3.9695e-09,0,0,-1.20024e-12,0,-1.20024e-12,1.20024e-12,-1.20024e-12,-2.40048e-12,0,0,0,0,0,0,0,0,3.9698e-09,0.905991,
-1.73472e-12,-0.396074,0.0138406,-0.00193324,0.00147726,0.000729295,-3.14e-05,0,0,0.551759,-0.0174117,-0.0873326,0.0207202,0.0115047,0.00299231,-0.000804104,0,0,-7.00666e-12,-2,-0.00354583,-0.010837,-0.00267906,-0.000529479,-9.07921e-07,0,0,0.0248031,0.740243,0.0257052,0.0625806,-0.0178686,-0.0167768,0.0253865,0,0,0,-0.228473,0.0822607,0.0113888,0.00403288,0.00213185,-7.71147e-05,0,0,-0.0876726,-0.0099647,0.531758,-0.0100484,0.000919347,0.00854794,-0.00201934,0,0,1.38778e-11,-1.76404,0.00543622,0.0460442,0.00498121,-0.000673304,-6.09995e-05,0,0,0.0237109,-0.0750063,-0.00469161,0.646939,0.0100223,0.0512423,0.00710571,0,0,1.21431e-11,0.941306,0.0412761,0.0105968,-0.043067,-0.0303955,0.000841503,0,0,0.123285,0.0414201,0.011973,0.141717,0.391032,-0.0306621,0.0141568,0,0,-2.77556e-11,-1.013,0.00493251,-0.0446579,-0.0359701,0.0334353,0.00121065,0,0,0.0458441,-0.0465959,0.0966381,0.572613,-0.0365804,0.418102,-0.00170147,0,0,-8.67362e-13,-0.216555,0.00269683,0.00239692,0.00222645,0.00362011,0.00167527,0,0,-0.0239504,-0.00932467,-0.0287302,-0.000235818,0.0179324,-0.00687624,0.0678855,0,0,0,-2.40048e-12,-1.20024e-12,-1.20024e-12,-1.20024e-12,0,0,0,0,0,0,0,0,0,0,0,0.905991,3.95239e-09,0,-1.20024e-12,0,-1.20024e-12,-1.20024e-12,0,0,0,0,0,0,0,0,0,0,0,3.95269e-09,0.905991,
2.60209e-12,-0.39663,0.0138535,-0.00193748,0.00147811,0.0007301,-3.10311e-05,0,0,0.551774,-0.0174362,-0.0873836,0.0207591,0.0115075,0.002987,-0.000801057,0,0,-3.46267e-12,-2,-0.0035512,-0.0108467,-0.00268307,-0.000528514,-7.84049e-07,0,0,0.0248271,0.740244,0.0257356,0.0626281,-0.0178751,-0.0168038,0.0253873,0,0,1.04083e-11,-0.228838,0.0822562,0.0113892,0.00403585,0.00213303,-7.66131e-05,0,0,-0.087725,-0.00998065,0.531953,-0.0100325,0.000943383,0.00854722,-0.00201789,0,0,-1.38778e-11,-1.76515,0.00543673,0.0460595,0.00498222,-0.000673575,-6.11369e-05,0,0,0.0237522,-0.0750538,-0.00466757,0.646968,0.0100125,0.0512252,0.00711157,0,0,1.30104e-11,0.941671,0.0412678,0.0106153,-0.0430981,-0.0304062,0.000845127,0,0,0.12333,0.0414365,0.0122193,0.141659,0.391095,-0.0306505,0.014144,0,0,6.93889e-12,-1.01088,0.00493505,-0.0446632,-0.0359841,0.0334558,0.00120951,0,0,0.045821,-0.0465046,0.0966483,0.572539,-0.0365691,0.418119,-0.00171172,0,0,5.20417e-12,-0.216676,0.00269837,0.00239511,0.00222612,0.00361959,0.00167564,0,0,-0.0239437,-0.00933,-0.0287304,-0.000223432,0.0179207,-0.00687897,0.0678867,0,0,0,0,1.20024e-12,-1.20024e-12,1.20024e-12,-1.20024e-12,2.40048e-12,0,0,0,0,0,0,0,0,0,0.905991,4.02441e-09,0,3.60072e-12,0,0,0,0,3.60072e-12,0,0,0,0,0,0,0,0,0,4.02411e-09,0.905991,
-2.60209e-12,-0.397188,0.0138661,-0.00194287,0.00147932,0.000731284,-3.14209e-05,0,0,0.551789,-0.0174608,-0.0874347,0.0207981,0.0115102,0.00298168,-0.000798006,0,0,1.15196e-12,-2,-0.00355667,-0.0108566,-0.00268699,-0.000527457,-8.39439e-07,0,0,0.024851,0.740245,0.025766,0.0626755,-0.0178816,-0.0168307,0.0253882,0,0,-6.93889e-12,-0.229205,0.0822513,0.011388,0.00403932,0.00213472,-7.71258e-05,0,0,-0.0877774,-0.00999665,0.532149,-0.0100166,0.000967416,0.00854648,-0.00201643,0,0,1.38778e-11,-1.76625,0.00543743,0.0460754,0.00498303,-0.000674038,-6.08909e-05,0,0,0.0237935,-0.0751013,-0.00464346,0.646997,0.0100027,0.0512081,0.00711744,0,0,-2.60209e-12,0.942029,0.0412556,0.0106221,-0.0431252,-0.030413,0.000840973,0,0,0.123374,0.0414528,0.0124657,0.141601,0.391158,-0.0306389,0.0141312,0,0,-2.77556e-11,-1.00877,0.00493828,-0.0446664,-0.0359986,0.0334757,0.00120973,0,0,0.0457978,-0.0464132,0.0966582,0.572464,-0.0365578,0.418136,-0.00172197,0,0,4.33681e-12,-0.216797,0.00269999,0.00239356,0.0022257,0.00361898,0.00167617,0,0,-0.0239369,-0.00933533,-0.0287306,-0.000211053,0.0179091,-0.00688171,0.067888,0,0,0,-1.20024e-12,0,1.20024e-12,0,0,0,0,0,0,0,0,0,0,0,0,0.905991,4.18914e-09,0,0,0,0,0,0,-1.20024e-12,0,0,0,0,0,0,0,0,0,4.18914e-09,0.905991,
-2.60209e-12,-0.397747,0.0138792,-0.00194827,0.00148092,0.000732468,-3.14313e-05,0,0,0.551804,-0.0174854,-0.0874859,0.0208372,0.011513,0.00297633,-0.000794948,0,0,1.36881e-12,-2,-0.00356205,-0.0108666,-0.00269082,-0.000526397,-8.05245e-07,0,0,0.024875,0.740246,0.0257964,0.062723,-0.0178881,-0.0168577,0.0253891,0,0,-1.04083e-11,-0.229572,0.0822468,0.0113868,0.00404329,0.0021364,-7.71311e-05,0,0,-0.0878299,-0.0100127,0.532345,-0.0100006,0.000991445,0.00854572,-0.00201497,0,0,6.93889e-12,-1.76736,0.00543792,0.0460912,0.00498364,-0.000674504,-6.08365e-05,0,0,0.0238349,-0.0751489,-0.00461929,0.647025,0.00999282,0.051191,0.00712331,0,0,4.77049e-12,0.94239,0.0412471,0.0106289,-0.0431484,-0.0304197,0.000840708,0,0,0.123418,0.0414691,0.0127121,0.141543,0.391221,-0.0306273,0.0141185,0,0,-6.93889e-12,-1.00665,0.00494084,-0.0446695,-0.0360138,0.0334957,0.00120927,0,0,0.0457745,-0.0463217,0.096668,0.57239,-0.0365465,0.418153,-0.00173223,0,0,-8.67362e-13,-0.216917,0.00270154,0.002392,0.00222519,0.00361837,0.00167662,0,0,-0.0239301,-0.00934066,-0.0287308,-0.000198681,0.0178975,-0.00688444,0.0678892,0,0,0,0,0,0,0,0,0,0,0,0,0,0,0,0,0,0,0.905991,-4.4652e-09,0,0,0,-1.20024e-12,0,1.20024e-12,0,0,0,0,0,0,0,0,0,0,-4.4643e-09,0.905991,
-8.67362e-13,-0.398307,0.013893,-0.0019533,0.00148213,0.000733272,-3.14416e-05,0,0,0.551819,-0.0175101,-0.0875372,0.0208764,0.0115157,0.00297096,-0.000791886,0,0,-1.83501e-11,-2,-0.00356726,-0.0108765,-0.00269474,-0.000525423,-7.71105e-07,0,0,0.024899,0.740247,0.0258268,0.0627704,-0.0178946,-0.0168847,0.02539,0,0,6.93889e-12,-0.229939,0.0822433,0.0113861,0.00404675,0.00213758,-7.71365e-05,0,0,-0.0878826,-0.0100287,0.532541,-0.00998459,0.00101547,0.00854493,-0.0020135,0,0,1.38778e-11,-1.76847,0.00543801,0.0461069,0.00498444,-0.000674779,-6.07821e-05,0,0,0.0238764,-0.0751965,-0.00459507,0.647054,0.00998299,0.0511739,0.00712918,0,0,-1.60462e-11,0.94275,0.0412464,0.0106396,-0.0431754,-0.0304303,0.000840442,0,0,0.123462,0.0414854,0.0129584,0.141485,0.391284,-0.0306157,0.0141057,0,0,-2.08167e-11,-1.00453,0.00494205,-0.0446733,-0.0360283,0.0335164,0.00120882,0,0,0.0457509,-0.0462302,0.0966775,0.572316,-0.0365352,0.41817,-0.00174249,0,0,-4.77049e-12,-0.217038,0.00270292,0.00239036,0.00222477,0.00361784,0.00167707,0,0,-0.0239233,-0.00934598,-0.028731,-0.000186317,0.0178858,-0.00688718,0.0678904,0,0,0,0,0,0,0,0,0,0,0,0,0,0,0,0,0,0,0.905991,-4.60292e-09,0,1.20024e-12,-1.20024e-12,0,0,0,0,0,0,0,0,0,0,0,0,0,-4.60292e-09,0.905991,
-2.60209e-12,-0.398867,0.0139053,-0.00195797,0.00148334,0.000734076,-3.18311e-05,0,0,0.551834,-0.0175348,-0.0875885,0.0209156,0.0115184,0.00296556,-0.000788817,0,0,-8.41612e-12,-2,-0.00357284,-0.0108863,-0.00269866,-0.000524447,-8.26703e-07,0,0,0.0249231,0.740249,0.0258572,0.0628179,-0.0179011,-0.0169117,0.0253908,0,0,-3.46945e-12,-0.230308,0.0822378,0.0113859,0.00405021,0.00213875,-7.76496e-05,0,0,-0.0879353,-0.0100448,0.532737,-0.00996849,0.00103949,0.00854412,-0.00201203,0,0,6.93889e-12,-1.76958,0.00543887,0.0461224,0.00498523,-0.000675056,-6.05358e-05,0,0,0.023918,-0.0752442,-0.00457078,0.647083,0.00997315,0.0511568,0.00713505,0,0,-1.25767e-11,0.943111,0.0412301,0.0106542,-0.0432024,-0.0304409,0.00083628,0,0,0.123506,0.0415017,0.0132048,0.141427,0.391347,-0.0306041,0.0140929,0,0,6.93889e-12,-1.00242,0.00494598,-0.0446777,-0.0360428,0.0335372,0.00120904,0,0,0.0457272,-0.0461386,0.0966868,0.572242,-0.0365239,0.418188,-0.00175276,0,0,-5.20417e-12,-0.217159,0.00270464,0.00238863,0.00222434,0.00361732,0.0016776,0,0,-0.0239165,-0.0093513,-0.0287312,-0.000173959,0.0178742,-0.00688991,0.0678916,0,0,0,0,0,0,-2.40048e-12,0,0,0,0,0,0,0,0,0,0,0,0.905991,-4.58822e-09,0,1.20024e-12,1.20024e-12,-1.20024e-12,3.60072e-12,2.40048e-12,1.20024e-12,0,0,0,0,0,0,0,0,0,-4.58792e-09,0.905991,
2.60209e-12,-0.399429,0.0139191,-0.00196342,0.00148417,0.000734881,-3.14622e-05,0,0,0.55185,-0.0175595,-0.08764,0.020955,0.0115211,0.00296015,-0.000785744,0,0,-2.85958e-12,-2,-0.00357807,-0.0108963,-0.00270266,-0.000523467,-7.02924e-07,0,0,0.0249471,0.74025,0.0258876,0.0628653,-0.0179076,-0.0169387,0.0253917,0,0,1.04083e-11,-0.230678,0.0822343,0.0113846,0.00405315,0.00213992,-7.71468e-05,0,0,-0.0879881,-0.010061,0.532933,-0.00995233,0.00106351,0.00854328,-0.00201055,0,0,-1.38778e-11,-1.77069,0.00543894,0.0461382,0.00498621,-0.000675334,-6.06732e-05,0,0,0.0239596,-0.075292,-0.00454643,0.647111,0.0099633,0.0511397,0.00714093,0,0,1.64799e-11,0.943472,0.0412293,0.010661,-0.0432332,-0.0304515,0.000839908,0,0,0.12355,0.0415181,0.0134512,0.141369,0.39141,-0.0305926,0.0140802,0,0,4.16334e-11,-1.0003,0.0049472,-0.0446806,-0.0360565,0.033558,0.00120789,0,0,0.0457034,-0.046047,0.096696,0.572167,-0.0365126,0.418205,-0.00176304,0,0,4.33681e-13,-0.21728,0.00270602,0.00238706,0.00222399,0.00361678,0.00167796,0,0,-0.0239097,-0.00935662,-0.0287314,-0.000161609,0.0178626,-0.00689265,0.0678928,0,0,0,-1.20024e-12,-1.20024e-12,-1.20024e-12,0,1.20024e-12,0,0,0,0,0,0,0,0,0,0,0.905991,-4.43969e-09,0,1.20024e-12,1.20024e-12,1.20024e-12,0,1.20024e-12,0,0,0,0,0,0,0,0,0,0,-4.43969e-09,0.905991,
0,-0.399991,0.0139315,-0.00196812,0.00148575,0.000735306,-3.14724e-05,0,0,0.551865,-0.0175843,-0.0876916,0.0209944,0.0115238,0.00295471,-0.000782664,0,0,1.90413e-12,-2,-0.00358366,-0.0109061,-0.0027065,-0.000522574,-6.68912e-07,0,0,0.0249711,0.740251,0.025918,0.0629127,-0.0179141,-0.0169656,0.0253925,0,0,3.46945e-12,-0.231048,0.0822288,0.0113844,0.00405711,0.00214058,-7.71518e-05,0,0,-0.0880411,-0.0100771,0.533129,-0.00993612,0.00108752,0.00854242,-0.00200907,0,0,0,-1.7718,0.00543977,0.0461537,0.0049868,-0.000675422,-6.06187e-05,0,0,0.0240013,-0.0753398,-0.00452202,0.64714,0.00995346,0.0511225,0.00714682,0,0,3.98986e-11,0.943832,0.0412128,0.0106756,-0.0432561,-0.0304659,0.00083964,0,0,0.123593,0.0415344,0.0136975,0.141311,0.391473,-0.030581,0.0140674,0,0,2.08167e-11,-0.998176,0.00495116,-0.0446849,-0.0360716,0.0335796,0.00120743,0,0,0.0456793,-0.0459554,0.0967049,0.572093,-0.0365013,0.418222,-0.00177332,0,0,-8.67362e-13,-0.2174,0.00270774,0.00238533,0.00222347,0.00361633,0.00167841,0,0,-0.0239028,-0.00936193,-0.0287316,-0.000149266,0.017851,-0.00689539,0.067894,0,0,0,0,0,-2.40048e-12,-2.40048e-12,-2.40048e-12,2.40048e-12,0,0,0,0,0,0,0,0,0,0.905991,4.19664e-09,0,0,0,0,0,0,0,0,0,0,0,0,0,0,0,0,4.19694e-09,0.905991,
3.78961e-07,-0.400554,0.0139451,-0.00197321,0.00148695,0.000736109,-3.14826e-05,0,0,0.55188,-0.0176091,-0.0877432,0.0210339,0.0115265,0.00294925,-0.00077958,0,0,8.9766e-08,-2,-0.00358898,-0.010916,-0.00271042,-0.000521589,-6.34922e-07,0,0,0.0249951,0.740252,0.0259484,0.0629602,-0.0179207,-0.0169926,0.0253933,0,0,5.08524e-07,-0.231419,0.0822248,0.0113836,0.00406055,0.00214175,-7.71567e-05,0,0,-0.0880941,-0.0100934,0.533326,-0.00991986,0.00111153,0.00854154,-0.00200759,0,0,-1.91944e-07,-1.77291,0.00544002,0.0461694,0.00498757,-0.000675703,-6.05641e-05,0,0,0.0240431,-0.0753876,-0.00449755,0.647169,0.0099436,0.0511054,0.0071527,0,0,3.90026e-06,0.944192,0.0412079,0.0106864,-0.0432829,-0.0304764,0.000839371,0,0,0.123637,0.0415506,0.0139439,0.141253,0.391536,-0.0305694,0.0140547,0,0,-6.81163e-07,-0.996055,0.00495307,-0.0446884,-0.0360859,0.0336006,0.00120697,0,0,0.0456552,-0.0458637,0.0967136,0.572018,-0.03649,0.418239,-0.0017836,0,0,-8.34766e-08,-0.217521,0.00270922,0.00238368,0.00222303,0.0036158,0.00167885,0,0,-0.023896,-0.00936725,-0.0287317,-0.00013693,0.0178394,-0.00689812,0.0678953,0,0,-2.40048e-12,0,-2.40048e-12,0,0,-2.40048e-12,2.40048e-12,0,0,0,0,0,0,0,0,0,0.905991,4.09642e-09,1.20024e-12,0,1.20024e-12,0,0,1.20024e-12,-1.20024e-12,0,0,0,0,0,0,0,0,0,4.09642e-09,0.905991,
8.67362e-13,-0.401119,0.0139586,-0.00197831,0.00148853,0.000737292,-3.14927e-05,0,0,0.551896,-0.0176339,-0.087795,0.0210735,0.0115292,0.00294377,-0.00077649,0,0,-1.37761e-11,-2,-0.00359432,-0.0109259,-0.00271425,-0.000520511,-6.01015e-07,0,0,0.0250192,0.740253,0.0259789,0.0630076,-0.0179272,-0.0170196,0.0253942,0,0,1.04083e-11,-0.231791,0.0822208,0.0113827,0.0040645,0.00214342,-7.71616e-05,0,0,-0.0881472,-0.0101096,0.533522,-0.00990353,0.00113554,0.00854063,-0.0020061,0,0,-6.93889e-12,-1.77403,0.00544025,0.046185,0.00498815,-0.000676177,-6.05095e-05,0,0,0.024085,-0.0754355,-0.00447302,0.647197,0.00993375,0.0510882,0.00715859,0,0,1.30104e-12,0.944553,0.041203,0.0106971,-0.0433058,-0.0304829,0.000839102,0,0,0.123681,0.0415669,0.0141902,0.141195,0.391599,-0.0305579,0.0140419,0,0,-2.08167e-11,-0.993932,0.004955,-0.0446919,-0.036101,0.0336209,0.0012065,0,0,0.0456308,-0.0457719,0.0967222,0.571944,-0.0364787,0.418257,-0.00179389,0,0,-5.20417e-12,-0.217641,0.00271069,0.00238202,0.0022225,0.00361518,0.0016793,0,0,-0.0238891,-0.00937256,-0.0287319,-0.000124601,0.0178278,-0.00690086,0.0678965,0,0,0,0,1.20024e-12,0,0,-1.20024e-12,0,0,0,0,0,0,0,0,0,0,0.905991,4.10602e-09,0,0,0,-1.20024e-12,-1.20024e-12,1.20024e-12,-1.20024e-12,0,0,0,0,0,0,0,0,0,4.10602e-09,0.905991,
-1.73472e-12,-0.401684,0.0139718,-0.00198305,0.00148897,0.000737717,-3.18817e-05,0,0,0.551911,-0.0176588,-0.0878468,0.0211132,0.0115318,0.00293827,-0.000773394,0,0,-8.83625e-12,-2,-0.00359975,-0.0109357,-0.00271835,-0.000519609,-6.56911e-07,0,0,0.0250432,0.740255,0.0260093,0.063055,-0.0179337,-0.0170465,0.025395,0,0,-3.46945e-12,-0.232164,0.0822162,0.0113824,0.00406691,0.00214408,-7.76752e-05,0,0,-0.0882004,-0.0101259,0.533718,-0.00988716,0.00115954,0.0085397,-0.00200461,0,0,1.38778e-11,-1.77514,0.00544067,0.0462005,0.00498929,-0.000676269,-6.02628e-05,0,0,0.024127,-0.0754834,-0.00444843,0.647226,0.00992389,0.051071,0.00716448,0,0,4.33681e-12,0.944913,0.0411942,0.0107118,-0.0433403,-0.0304973,0.000834929,0,0,0.123724,0.0415832,0.0144365,0.141137,0.391662,-0.0305463,0.0140292,0,0,-4.85723e-11,-0.991809,0.00495761,-0.0446959,-0.0361139,0.0336427,0.00120672,0,0,0.0456063,-0.0456801,0.0967305,0.57187,-0.0364674,0.418274,-0.00180419,0,0,4.33681e-12,-0.217762,0.00271225,0.00238029,0.00222222,0.00361472,0.00167983,0,0,-0.0238822,-0.00937787,-0.0287321,-0.000112279,0.0178162,-0.0069036,0.0678977,0,0,0,-1.20024e-12,0,0,-1.20024e-12,0,0,1.20024e-12,0,0,0,0,0,0,0,0,0.905991,4.21435e-09,0,0,0,0,1.20024e-12,0,0,0,0,0,0,0,0,0,0,0,4.21495e-09,0.905991,
0,-0.402249,0.0139847,-0.00198856,0.00149092,0.00073852,-3.11342e-05,0,0,0.551927,-0.0176838,-0.0878987,0.0211529,0.0115345,0.00293274,-0.000770293,0,0,6.62041e-12,-2,-0.00360528,-0.0109457,-0.00272209,-0.000518615,-4.43422e-07,0,0,0.0250673,0.740256,0.0260397,0.0631024,-0.0179403,-0.0170735,0.0253958,0,0,-6.93889e-12,-0.232537,0.0822112,0.0113811,0.00407135,0.00214524,-7.66618e-05,0,0,-0.0882537,-0.0101422,0.533914,-0.00987072,0.00118354,0.00853874,-0.00200311,0,0,-1.38778e-11,-1.77626,0.00544126,0.0462164,0.00498967,-0.000676554,-6.05922e-05,0,0,0.024169,-0.0755314,-0.00442377,0.647255,0.00991403,0.0510538,0.00717038,0,0,-2.25514e-11,0.945276,0.0411813,0.0107186,-0.0433591,-0.0305077,0.000842468,0,0,0.123768,0.0415995,0.0146829,0.141079,0.391725,-0.0305348,0.0140165,0,0,3.46945e-11,-0.989685,0.00496092,-0.0446986,-0.0361295,0.0336638,0.00120489,0,0,0.0455817,-0.0455883,0.0967386,0.571795,-0.0364561,0.418291,-0.00181449,0,0,4.33681e-13,-0.217882,0.0027139,0.00237871,0.0022216,0.00361418,0.0016801,0,0,-0.0238753,-0.00938318,-0.0287322,-9.99644e-05,0.0178046,-0.00690634,0.0678989,0,0,0,0,0,0,0,0,0,0,0,0,0,0,0,0,0,0,0.905991,-4.43249e-09,0,0,0,0,0,0,0,0,0,0,0,0,0,0,0,0,-4.43219e-09,0.905991,
2.60209e-12,-0.402817,0.0139976,-0.00199371,0.00149173,0.000739702,-3.11443e-05,0,0,0.551943,-0.0177087,-0.0879508,0.0211928,0.0115371,0.00292719,-0.000767186,0,0,9.48677e-14,-2,-0.00361081,-0.0109556,-0.0027261,-0.000517527,-4.09573e-07,0,0,0.0250913,0.740258,0.0260702,0.0631498,-0.0179468,-0.0171005,0.0253966,0,0,1.38778e-11,-0.232912,0.0822061,0.0113802,0.00407427,0.00214691,-7.66662e-05,0,0,-0.0883071,-0.0101586,0.534111,-0.00985423,0.00120754,0.00853776,-0.00200161,0,0,6.93889e-12,-1.77737,0.00544185,0.0462321,0.00499061,-0.000677033,-6.05375e-05,0,0,0.0242111,-0.0755794,-0.00439906,0.647284,0.00990416,0.0510366,0.00717628,0,0,-2.51535e-11,0.945628,0.0411684,0.0107294,-0.0433896,-0.0305141,0.000842199,0,0,0.123811,0.0416158,0.0149292,0.141021,0.391788,-0.0305233,0.0140038,0,0,-4.16334e-11,-0.987558,0.00496423,-0.0447018,-0.036143,0.0336844,0.00120442,0,0,0.0455568,-0.0454964,0.0967465,0.57172,-0.0364448,0.418309,-0.0018248,0,0,6.07153e-12,-0.218003,0.00271555,0.00237705,0.00222123,0.00361355,0.00168055,0,0,-0.0238683,-0.00938848,-0.0287324,-8.7657e-05,0.017793,-0.00690908,0.0679001,0,0,0,0,-2.40048e-12,0,0,-1.20024e-12,0,0,0,0,0,0,0,0,0,0,0.905991,-4.51261e-09,0,0,-1.20024e-12,0,0,-2.40048e-12,0,0,0,0,0,0,0,0,0,0,-4.51261e-09,0.905991,
0,-0.403385,0.0140109,-0.00199849,0.00149292,0.000740127,-3.11543e-05,0,0,0.551958,-0.0177338,-0.0880029,0.0212327,0.0115397,0.00292162,-0.000764074,0,0,-8.58553e-12,-2,-0.00361626,-0.0109655,-0.00273003,-0.000516617,-3.75786e-07,0,0,0.0251154,0.740259,0.0261007,0.0631972,-0.0179534,-0.0171274,0.0253974,0,0,0,-0.233287,0.0822015,0.0113798,0.00407768,0.00214755,-7.66705e-05,0,0,-0.0883606,-0.010175,0.534307,-0.00983768,0.00123153,0.00853676,-0.00200011,0,0,1.38778e-11,-1.77849,0.00544223,0.0462476,0.00499135,-0.000677129,-6.04828e-05,0,0,0.0242533,-0.0756275,-0.00437429,0.647313,0.00989429,0.0510194,0.00718218,0,0,-4.33681e-13,0.945992,0.0411593,0.010744,-0.0434161,-0.0305284,0.000841929,0,0,0.123854,0.041632,0.0151755,0.140963,0.391851,-0.0305117,0.013991,0,0,-4.85723e-11,-0.985432,0.00496687,-0.0447057,-0.0361572,0.0337063,0.00120395,0,0,0.0455319,-0.0454045,0.0967542,0.571646,-0.0364335,0.418326,-0.00183511,0,0,9.54098e-12,-0.218123,0.00271712,0.00237531,0.00222078,0.00361308,0.00168099,0,0,-0.0238614,-0.00939378,-0.0287325,-7.53568e-05,0.0177814,-0.00691182,0.0679013,0,0,0,1.20024e-12,-1.20024e-12,-1.20024e-12,0,-1.20024e-12,0,-1.20024e-12,0,0,0,0,0,0,0,0,0.905991,-4.45199e-09,0,0,-1.20024e-12,-1.20024e-12,0,1.20024e-12,0,0,0,0,0,0,0,0,0,0,-4.45169e-09,0.905991,
3.78557e-07,-0.403953,0.0140242,-0.00200442,0.0014941,0.000741309,-3.15429e-05,0,0,0.551974,-0.0177588,-0.0880551,0.0212727,0.0115423,0.00291603,-0.000760956,0,0,8.99052e-08,-2,-0.00362172,-0.0109756,-0.00273395,-0.000515523,-4.31948e-07,0,0,0.0251394,0.740261,0.0261311,0.0632446,-0.0179599,-0.0171544,0.0253982,0,0,5.09651e-07,-0.233663,0.0821969,0.0113778,0.00408109,0.00214922,-7.71843e-05,0,0,-0.0884142,-0.0101914,0.534503,-0.00982107,0.00125552,0.00853573,-0.0019986,0,0,-1.92159e-07,-1.77961,0.0054426,0.0462637,0.00499209,-0.000677611,-6.02359e-05,0,0,0.0242956,-0.0756756,-0.00434945,0.647341,0.00988441,0.0510022,0.00718809,0,0,3.91056e-06,0.946351,0.0411501,0.010747,-0.0434425,-0.0305348,0.000837748,0,0,0.123898,0.0416483,0.0154218,0.140906,0.391913,-0.0305002,0.0139783,0,0,-6.81864e-07,-0.983305,0.00496952,-0.0447075,-0.0361714,0.033727,0.00120416,0,0,0.0455067,-0.0453125,0.0967617,0.571571,-0.0364223,0.418343,-0.00184543,0,0,-8.33179e-08,-0.218243,0.00271869,0.00237381,0.00222032,0.00361245,0.00168151,0,0,-0.0238544,-0.00939908,-0.0287326,-6.30638e-05,0.0177698,-0.00691456,0.0679025,0,0,0,0,0,0,0,0,0,0,0,0,0,0,0,0,0,0,0.905991,4.27616e-09,0,0,-1.20024e-12,0,2.40048e-12,-2.40048e-12,1.20024e-12,1.20024e-12,0,0,0,0,0,0,0,0,4.27736e-09,0.905991,
-1.73472e-12,-0.404523,0.014038,-0.00200885,0.00149528,0.000742112,-3.15528e-05,0,0,0.55199,-0.0177839,-0.0881074,0.0213128,0.0115449,0.00291041,-0.000757833,0,0,-1.34848e-11,-2,-0.00362709,-0.0109853,-0.00273787,-0.000514517,-3.98281e-07,0,0,0.0251635,0.740262,0.0261616,0.063292,-0.0179665,-0.0171813,0.025399,0,0,-3.46945e-12,-0.23404,0.0821928,0.0113779,0.0040845,0.00215037,-7.71886e-05,0,0,-0.0884679,-0.0102079,0.5347,-0.00980441,0.0012795,0.00853468,-0.00199709,0,0,-1.38778e-11,-1.78073,0.00544277,0.046279,0.00499283,-0.000677902,-6.01811e-05,0,0,0.024338,-0.0757238,-0.00432455,0.64737,0.00987453,0.0509849,0.007194,0,0,5.63785e-12,0.94671,0.0411448,0.0107656,-0.043469,-0.030545,0.000837476,0,0,0.123941,0.0416645,0.0156681,0.140848,0.391976,-0.0304887,0.0139656,0,0,3.46945e-11,-0.981176,0.00497149,-0.0447119,-0.0361855,0.0337484,0.00120369,0,0,0.0454814,-0.0452205,0.096769,0.571497,-0.036411,0.418361,-0.00185575,0,0,1.51788e-11,-0.218363,0.00272018,0.00237198,0.00221985,0.0036119,0.00168196,0,0,-0.0238475,-0.00940438,-0.0287328,-5.07779e-05,0.0177583,-0.0069173,0.0679037,0,0,0,1.20024e-12,0,0,-2.40048e-12,0,1.20024e-12,0,0,0,0,0,0,0,0,0,0.905991,4.23625e-09,0,-3.60072e-12,0,0,1.20024e-12,-1.20024e-12,-2.40048e-12,0,0,0,0,0,0,0,0,0,4.23595e-09,0.905991,
0,-0.405093,0.0140514,-0.00201405,0.00149608,0.000742914,-3.15627e-05,0,0,0.552006,-0.0178091,-0.0881598,0.0213529,0.0115475,0.00290478,-0.000754704,0,0,5.73272e-12,-2,-0.00363256,-0.0109953,-0.00274189,-0.000513507,-3.64651e-07,0,0,0.0251876,0.740264,0.0261921,0.0633394,-0.0179731,-0.0172083,0.0253997,0,0,3.46945e-12,-0.234417,0.0821882,0.011377,0.00408739,0.00215152,-7.71928e-05,0,0,-0.0885217,-0.0102244,0.534897,-0.00978769,0.00130348,0.0085336,-0.00199557,0,0,2.08167e-11,-1.78185,0.00544311,0.0462947,0.00499375,-0.000678194,-6.01262e-05,0,0,0.0243804,-0.075772,-0.00429959,0.647399,0.00986465,0.0509677,0.00719991,0,0,-8.67362e-12,0.947073,0.0411356,0.0107764,-0.0434992,-0.0305553,0.000837203,0,0,0.123984,0.0416808,0.0159144,0.14079,0.392039,-0.0304772,0.0139529,0,0,6.93889e-12,-0.979047,0.00497416,-0.0447149,-0.0361989,0.0337699,0.00120322,0,0,0.0454559,-0.0451284,0.0967761,0.571422,-0.0363997,0.418378,-0.00186608,0,0,1.30104e-12,-0.218484,0.00272176,0.00237031,0.00221947,0.00361135,0.0016824,0,0,-0.0238405,-0.00940968,-0.0287329,-3.84993e-05,0.0177467,-0.00692004,0.0679049,0,0,0,0,0,0,0,-1.20024e-12,1.20024e-12,0,0,0,0,0,0,0,0,0,0.905991,-4.30947e-09,0,-1.20024e-12,0,0,0,0,-1.20024e-12,0,0,0,0,0,0,0,0,0,-4.30977e-09,0.905991,
5.20417e-12,-0.405665,0.0140652,-0.00201964,0.00149764,0.000743717,-3.15725e-05,0,0,0.552022,-0.0178343,-0.0882123,0.0213932,0.0115501,0.00289912,-0.00075157,0,0,-1.18585e-12,-2,-0.00363795,-0.0110053,-0.00274572,-0.000512495,-3.31065e-07,0,0,0.0252117,0.740266,0.0262226,0.0633868,-0.0179796,-0.0172352,0.0254005,0,0,1.73472e-11,-0.234797,0.0821841,0.0113755,0.00409129,0.00215267,-7.71969e-05,0,0,-0.0885756,-0.0102409,0.535093,-0.00977091,0.00132746,0.0085325,-0.00199405,0,0,-6.93889e-12,-1.78297,0.00544326,0.0463106,0.00499427,-0.000678488,-6.00713e-05,0,0,0.0244229,-0.0758203,-0.00427457,0.647428,0.00985476,0.0509504,0.00720583,0,0,-9.1073e-12,0.947428,0.0411301,0.0107832,-0.0435216,-0.0305655,0.000836929,0,0,0.124027,0.041697,0.0161607,0.140733,0.392102,-0.0304657,0.0139402,0,0,-2.08167e-11,-0.976916,0.00497615,-0.0447172,-0.0362136,0.0337914,0.00120274,0,0,0.0454303,-0.0450363,0.096783,0.571347,-0.0363884,0.418396,-0.00187641,0,0,6.50521e-12,-0.218604,0.00272326,0.00236872,0.00221892,0.00361079,0.00168283,0,0,-0.0238335,-0.00941497,-0.028733,-2.62278e-05,0.0177351,-0.00692278,0.0679062,0,0,0,-2.40048e-12,1.20024e-12,1.20024e-12,1.20024e-12,2.40048e-12,0,0,0,0,0,0,0,0,0,0,0.905991,4.25906e-09,0,-3.60072e-12,2.40048e-12,0,2.40048e-12,2.40048e-12,1.20024e-12,0,0,0,0,0,0,0,0,0,4.25936e-09,0.905991,
-3.78288e-07,-0.406238,0.0140782,-0.00202525,0.00149843,0.000743763,-3.15823e-05,0,0,0.552038,-0.0178595,-0.0882649,0.0214335,0.0115526,0.00289343,-0.00074843,0,0,-8.99885e-08,-2,-0.00364352,-0.0110153,-0.00274974,-0.000511659,-2.97527e-07,0,0,0.0252358,0.740267,0.0262531,0.0634342,-0.0179862,-0.0172622,0.0254013,0,0,-5.10442e-07,-0.235176,0.082179,0.011374,0.00409417,0.00215279,-7.72009e-05,0,0,-0.0886295,-0.0102575,0.53529,-0.00975408,0.00135143,0.00853138,-0.00199252,0,0,1.92284e-07,-1.7841,0.00544378,0.0463265,0.00499518,-0.000678398,-6.00163e-05,0,0,0.0244655,-0.0758686,-0.00424948,0.647457,0.00984487,0.0509331,0.00721175,0,0,-3.91731e-06,0.947787,0.0411168,0.0107901,-0.0435518,-0.0305835,0.000836655,0,0,0.124069,0.0417133,0.016407,0.140675,0.392164,-0.0304542,0.0139275,0,0,6.82406e-07,-0.974784,0.00497952,-0.0447194,-0.036227,0.0338143,0.00120227,0,0,0.0454045,-0.0449442,0.0967896,0.571272,-0.0363772,0.418413,-0.00188675,0,0,8.32073e-08,-0.218724,0.00272492,0.00236714,0.00221853,0.0036104,0.00168327,0,0,-0.0238264,-0.00942026,-0.0287331,-1.39636e-05,0.0177235,-0.00692553,0.0679074,0,0,0,0,1.20024e-12,0,-1.20024e-12,0,0,0,0,0,0,0,0,0,0,0,0.905991,-4.32507e-09,0,0,0,0,0,0,0,0,0,0,0,0,0,0,0,0,-4.32507e-09,0.905991,
-2.60209e-12,-0.406811,0.0140917,-0.00202974,0.00150036,0.000745322,-3.15921e-05,0,0,0.552054,-0.0178847,-0.0883176,0.0214739,0.0115551,0.00288773,-0.000745285,0,0,3.06965e-12,-2,-0.00364901,-0.0110251,-0.00275348,-0.00051046,-2.64026e-07,0,0,0.0252599,0.740269,0.0262836,0.0634816,-0.0179928,-0.0172891,0.025402,0,0,-6.93889e-12,-0.235556,0.0821743,0.011374,0.00409858,0.00215495,-7.72048e-05,0,0,-0.0886836,-0.0102741,0.535486,-0.00973719,0.0013754,0.00853023,-0.001991,0,0,2.08167e-11,-1.78522,0.00544409,0.0463418,0.00499551,-0.00067908,-5.99614e-05,0,0,0.0245082,-0.075917,-0.00422434,0.647486,0.00983498,0.0509158,0.00721767,0,0,-5.63785e-12,0.948145,0.0411073,0.0108087,-0.0435701,-0.0305859,0.00083638,0,0,0.124112,0.0417295,0.0166533,0.140618,0.392227,-0.0304427,0.0139148,0,0,-2.77556e-11,-0.972652,0.00498221,-0.0447236,-0.0362423,0.0338346,0.00120179,0,0,0.0453786,-0.044852,0.0967961,0.571197,-0.0363659,0.418431,-0.00189709,0,0,-6.07153e-12,-0.218844,0.0027265,0.0023653,0.00221788,0.00360967,0.00168371,0,0,-0.0238194,-0.00942555,-0.0287332,-1.70656e-06,0.017712,-0.00692827,0.0679086,0,0,0,0,0,0,0,0,0,5.76116e-11,0,0,0,0,0,0,0,0,0.905991,4.26746e-09,0,0,-2.40048e-12,0,0,-1.20024e-12,0,0,0,0,0,0,0,0,0,0,4.26716e-09,0.905991,
-3.78154e-07,-0.407386,0.0141056,-0.00203575,0.00150152,0.000746125,-3.19799e-05,0,0,0.55207,-0.01791,-0.0883703,0.0215144,0.0115577,0.002882,-0.000742134,0,0,-9.00379e-08,-2,-0.00365441,-0.0110352,-0.00275741,-0.000509439,-3.20614e-07,0,0,0.025284,0.740271,0.0263141,0.063529,-0.0179994,-0.017316,0.0254028,0,0,-5.10824e-07,-0.235938,0.0821702,0.0113719,0.00410196,0.0021561,-7.77194e-05,0,0,-0.0887378,-0.0102907,0.535683,-0.00972024,0.00139936,0.00852905,-0.00198946,0,0,1.92388e-07,-1.78635,0.0054442,0.0463579,0.00499621,-0.000679378,-5.9714e-05,0,0,0.024551,-0.0759654,-0.00419913,0.647515,0.00982508,0.0508985,0.0072236,0,0,-3.92072e-06,0.948504,0.0411017,0.0108117,-0.0435962,-0.030596,0.000832184,0,0,0.124155,0.0417457,0.0168995,0.14056,0.39229,-0.0304312,0.0139021,0,0,6.82551e-07,-0.970518,0.00498423,-0.0447249,-0.0362563,0.0338563,0.00120199,0,0,0.0453524,-0.0447597,0.0968024,0.571123,-0.0363546,0.418448,-0.00190744,0,0,8.31462e-08,-0.218963,0.00272801,0.00236379,0.0022174,0.00360911,0.00168423,0,0,-0.0238123,-0.00943084,-0.0287333,1.05433e-05,0.0177004,-0.00693101,0.0679098,0,0,2.40048e-12,1.20024e-12,0,-2.40048e-12,1.20024e-12,2.40048e-12,0,5.64113e-11,0,0,0,0,0,0,0,0,0.905991,-4.32717e-09,0,2.40048e-12,0,0,1.20024e-12,0,0,1.20024e-12,0,0,0,0,0,0,0,0,-4.32777e-09,0.905991,
-8.67362e-13,-0.407961,0.0141191,-0.00204064,0.00150193,0.000746549,-3.16115e-05,0,0,0.552086,-0.0179354,-0.0884232,0.021555,0.0115602,0.00287625,-0.000738978,0,0,-2.09387e-12,-2,-0.00365992,-0.0110451,-0.00276151,-0.000508504,-1.9715e-07,0,0,0.0253081,0.740273,0.0263446,0.0635764,-0.018006,-0.017343,0.0254035,0,0,-3.46945e-12,-0.23632,0.0821655,0.0113713,0.00410431,0.00215672,-7.72123e-05,0,0,-0.0887921,-0.0103074,0.53588,-0.00970323,0.00142332,0.00852785,-0.00198792,0,0,-6.93889e-12,-1.78748,0.00544449,0.0463734,0.00499729,-0.000679484,-5.98513e-05,0,0,0.0245938,-0.0760139,-0.00417386,0.647544,0.00981518,0.0508812,0.00722953,0,0,3.33934e-11,0.948862,0.0410921,0.0108265,-0.0436302,-0.03061,0.000835829,0,0,0.124198,0.0417619,0.0171458,0.140503,0.392352,-0.0304197,0.0138895,0,0,1.38778e-11,-0.968383,0.00498694,-0.0447283,-0.0362688,0.0338788,0.00120083,0,0,0.0453262,-0.0446674,0.0968084,0.571048,-0.0363434,0.418466,-0.00191779,0,0,-6.50521e-12,-0.219083,0.00272959,0.00236202,0.00221708,0.00360863,0.00168459,0,0,-0.0238052,-0.00943612,-0.0287334,2.27858e-05,0.0176888,-0.00693376,0.067911,0,0,0,-2.40048e-12,0,3.60072e-12,-1.20024e-12,-1.20024e-12,0,0,0,0,0,0,0,0,0,0,0.905991,4.26416e-09,0,2.40048e-12,0,-2.40048e-12,0,0,1.20024e-12,0,0,0,0,0,0,0,0,0,4.26476e-09,0.905991,
-1.73472e-12,-0.408537,0.0141327,-0.00204631,0.00150385,0.000747351,-3.16211e-05,0,0,0.552103,-0.0179608,-0.0884762,0.0215957,0.0115627,0.00287048,-0.000735816,0,0,1.17026e-11,-2,-0.00366543,-0.0110552,-0.00276526,-0.000507476,-1.63778e-07,0,0,0.0253322,0.740275,0.0263751,0.0636237,-0.0180126,-0.0173699,0.0254042,0,0,-6.93889e-12,-0.236703,0.0821609,0.0113697,0.0041087,0.00215786,-7.72159e-05,0,0,-0.0888464,-0.0103242,0.536077,-0.00968616,0.00144728,0.00852663,-0.00198638,0,0,0,-1.7886,0.00544477,0.0463893,0.0049976,-0.000679785,-5.97962e-05,0,0,0.0246367,-0.0760624,-0.00414853,0.647573,0.00980527,0.0508639,0.00723547,0,0,3.72966e-11,0.94922,0.0410824,0.0108333,-0.0436483,-0.0306201,0.000835552,0,0,0.12424,0.0417781,0.0173921,0.140445,0.392415,-0.0304082,0.0138768,0,0,2.77556e-11,-0.966248,0.00498966,-0.0447303,-0.0362841,0.0339006,0.00120035,0,0,0.0452997,-0.0445751,0.0968143,0.570973,-0.0363321,0.418484,-0.00192815,0,0,-1.12757e-11,-0.219203,0.00273118,0.00236043,0.00221643,0.00360806,0.00168502,0,0,-0.0237982,-0.0094414,-0.0287335,3.50212e-05,0.0176773,-0.0069365,0.0679122,0,0,0,-1.20024e-12,0,0,0,0,0,0,0,0,0,0,0,0,0,0,0.905991,-4.31847e-09,0,1.20024e-12,1.20024e-12,-1.20024e-12,0,0,0,0,0,0,0,0,0,0,0,0,-4.31937e-09,0.905991,
0,-0.409114,0.0141459,-0.00205085,0.00150425,0.000748153,-3.12528e-05,0,0,0.552119,-0.0179862,-0.0885292,0.0216364,0.0115652,0.00286469,-0.000732648,0,0,6.77626e-14,-2,-0.00367103,-0.0110649,-0.00276937,-0.000506445,-4.03351e-08,0,0,0.0253563,0.740277,0.0264056,0.0636711,-0.0180192,-0.0173968,0.025405,0,0,0,-0.237086,0.0821557,0.0113697,0.00411105,0.002159,-7.67081e-05,0,0,-0.0889009,-0.0103409,0.536273,-0.00966904,0.00147123,0.00852538,-0.00198484,0,0,0,-1.78973,0.00544523,0.0464046,0.00499867,-0.000680087,-5.99335e-05,0,0,0.0246797,-0.076111,-0.00412313,0.647602,0.00979536,0.0508465,0.0072414,0,0,3.46945e-12,0.949582,0.0410687,0.010852,-0.0436822,-0.0306301,0.000839201,0,0,0.124283,0.0417943,0.0176383,0.140388,0.392477,-0.0303968,0.0138641,0,0,1.38778e-11,-0.964112,0.00499308,-0.0447342,-0.0362966,0.0339225,0.00119919,0,0,0.0452731,-0.0444827,0.0968199,0.570898,-0.0363209,0.418501,-0.00193851,0,0,-1.04083e-11,-0.219323,0.00273286,0.00235858,0.00221611,0.00360749,0.00168537,0,0,-0.023791,-0.00944668,-0.0287336,4.72493e-05,0.0176657,-0.00693925,0.0679134,0,0,0,0,-1.20024e-12,-1.20024e-12,0,-1.20024e-12,0,5.76116e-11,0,0,0,0,0,0,0,0,0.905991,4.25275e-09,0,0,-1.20024e-12,-1.20024e-12,0,-1.20024e-12,-1.20024e-12,0,0,0,0,0,0,0,0,0,4.25215e-09,0.905991,
3.77876e-07,-0.409692,0.0141595,-0.00205616,0.00150616,0.000748955,-3.16403e-05,0,0,0.552135,-0.0180117,-0.0885824,0.0216773,0.0115677,0.00285887,-0.000729475,0,0,9.01357e-08,-2,-0.00367656,-0.0110749,-0.00277311,-0.000505412,-9.71695e-08,0,0,0.0253804,0.740279,0.0264361,0.0637185,-0.0180258,-0.0174238,0.0254057,0,0,5.1157e-07,-0.237471,0.082151,0.0113685,0.00411543,0.00216013,-7.72229e-05,0,0,-0.0889555,-0.0103577,0.53647,-0.00965186,0.00149518,0.00852411,-0.00198328,0,0,-1.92499e-07,-1.79086,0.00544548,0.0464203,0.00499897,-0.00068039,-5.96859e-05,0,0,0.0247228,-0.0761596,-0.00409768,0.647631,0.00978544,0.0508292,0.00724735,0,0,3.92747e-06,0.949936,0.0410589,0.0108629,-0.0437002,-0.0306402,0.000834997,0,0,0.124325,0.0418105,0.0178846,0.14033,0.39254,-0.0303853,0.0138515,0,0,-6.83079e-07,-0.961974,0.00499582,-0.0447367,-0.0363117,0.0339445,0.00119939,0,0,0.0452464,-0.0443903,0.0968253,0.570823,-0.0363096,0.418519,-0.00194888,0,0,-8.30412e-08,-0.219443,0.00273445,0.0023569,0.00221545,0.00360692,0.00168589,0,0,-0.0237839,-0.00945195,-0.0287336,5.94701e-05,0.0176542,-0.00694199,0.0679146,0,0,0,0,0,-1.20024e-12,0,0,0,0,0,0,0,0,0,0,0,0,0.905991,-4.30226e-09,0,0,0,1.20024e-12,0,-1.20024e-12,0,0,0,0,0,0,0,0,0,0,-4.30226e-09,0.905991,
-1.73472e-12,-0.410272,0.0141735,-0.00206225,0.00150656,0.000750134,-3.16498e-05,0,0,0.552152,-0.0180372,-0.0886356,0.0217182,0.0115701,0.00285303,-0.000726296,0,0,-7.33869e-12,-2,-0.00368199,-0.0110851,-0.00277722,-0.000504285,-6.39308e-08,0,0,0.0254046,0.740281,0.0264667,0.0637658,-0.0180324,-0.0174507,0.0254064,0,0,0,-0.237857,0.0821468,0.0113664,0.00411776,0.00216177,-7.72263e-05,0,0,-0.0890101,-0.0103746,0.536667,-0.00963462,0.00151912,0.00852282,-0.00198173,0,0,2.08167e-11,-1.792,0.00544553,0.0464364,0.00500003,-0.000680887,-5.96307e-05,0,0,0.024766,-0.0762083,-0.00407216,0.64766,0.00977552,0.0508118,0.00725329,0,0,6.50521e-12,0.95029,0.0410529,0.0108659,-0.0437339,-0.0306462,0.000834719,0,0,0.124367,0.0418267,0.0181308,0.140273,0.392602,-0.0303738,0.0138388,0,0,-8.32667e-11,-0.959834,0.00499788,-0.0447378,-0.0363242,0.0339658,0.00119891,0,0,0.0452195,-0.0442978,0.0968306,0.570748,-0.0362983,0.418537,-0.00195926,0,0,9.1073e-12,-0.219562,0.00273597,0.00235538,0.00221511,0.00360626,0.00168633,0,0,-0.0237768,-0.00945723,-0.0287337,7.16837e-05,0.0176426,-0.00694474,0.0679158,0,0,0,0,0,0,2.40048e-12,0,0,0,0,0,0,0,0,0,0,0,0.905991,4.23235e-09,0,1.20024e-12,0,0,1.20024e-12,0,1.20024e-12,0,0,0,0,0,0,0,0,0,4.23175e-09,0.905991,
0,-0.410851,0.0141865,-0.00206721,0.00150808,0.000750558,-3.16593e-05,0,0,0.552168,-0.0180628,-0.0886889,0.0217592,0.0115726,0.00284717,-0.000723112,0,0,-1.35525e-14,-2,-0.00368771,-0.011095,-0.00278106,-0.000503335,-3.07622e-08,0,0,0.0254287,0.740283,0.0264972,0.0638132,-0.018039,-0.0174776,0.0254071,0,6.77626e-15,3.46945e-12,-0.238243,0.082141,0.0113657,0.00412162,0.00216239,-7.72295e-05,0,0,-0.0890649,-0.0103915,0.536864,-0.00961732,0.00154306,0.0085215,-0.00198017,0,0,0,-1.79313,0.00544615,0.046452,0.0050005,-0.000681001,-5.95754e-05,0,0,0.0248093,-0.076257,-0.00404658,0.647689,0.0097656,0.0507944,0.00725924,0,0,2.21177e-11,0.950651,0.0410351,0.0108806,-0.0437558,-0.0306601,0.00083444,0,0,0.124409,0.0418429,0.018377,0.140216,0.392665,-0.0303624,0.0138261,0,0,1.38778e-11,-0.957695,0.00500201,-0.0447408,-0.0363386,0.0339886,0.00119842,0,0,0.0451924,-0.0442053,0.0968356,0.570673,-0.0362871,0.418554,-0.00196964,0,0,-1.56125e-11,-0.219682,0.00273773,0.00235361,0.00221453,0.00360577,0.00168676,0,0,-0.0237696,-0.0094625,-0.0287338,8.38901e-05,0.0176311,-0.00694749,0.067917,0,0,0,0,0,1.20024e-12,0,0,2.40048e-12,0,0,0,0,0,0,0,0,0,0.905991,4.27766e-09,0,0,0,0,1.20024e-12,0,0,0,0,0,0,0,0,0,0,0,4.27826e-09,0.905991,
8.67362e-13,-0.411432,0.0142005,-0.00207257,0.00150885,0.00075136,-3.16688e-05,0,0,0.552185,-0.0180883,-0.0887424,0.0218003,0.011575,0.00284129,-0.000719922,0,0,-1.17636e-11,-2,-0.00369316,-0.0111049,-0.00278508,-0.000502292,2.38553e-09,0,0,0.0254528,0.740285,0.0265278,0.0638605,-0.0180456,-0.0175045,0.0254078,0,0,6.93889e-12,-0.23863,0.0821368,0.0113645,0.00412445,0.00216351,-7.72327e-05,0,0,-0.0891197,-0.0104084,0.537061,-0.00959997,0.00156699,0.00852015,-0.00197861,0,0,0,-1.79426,0.00544618,0.0464677,0.00500136,-0.000681308,-5.95202e-05,0,0,0.0248526,-0.0763058,-0.00402093,0.647718,0.00975567,0.050777,0.00726519,0,0,-3.90313e-12,0.951012,0.041029,0.0108915,-0.0437855,-0.03067,0.000834161,0,0,0.124451,0.0418591,0.0186232,0.140159,0.392727,-0.0303509,0.0138135,0,0,-2.08167e-11,-0.955555,0.0050041,-0.0447431,-0.0363516,0.0340107,0.00119793,0,0,0.0451651,-0.0441127,0.0968404,0.570598,-0.0362758,0.418572,-0.00198002,0,0,5.20417e-12,-0.219801,0.00273925,0.00235192,0.00221411,0.00360519,0.00168719,0,0,-0.0237624,-0.00946777,-0.0287338,9.60891e-05,0.0176196,-0.00695023,0.0679182,0,0,0,1.20024e-12,-1.20024e-12,2.40048e-12,-2.40048e-12,-1.20024e-12,0,0,0,0,0,0,0,0,0,0,0.905991,-4.43609e-09,0,0,0,0,0,0,0,0,0,0,0,0,0,0,0,0,-4.43669e-09,0.905991,
8.67362e-13,-0.412014,0.0142139,-0.00207756,0.00151,0.000751784,-3.20558e-05,0,0,0.552202,-0.018114,-0.0887959,0.0218415,0.0115774,0.00283538,-0.000716726,8.67362e-13,0,-5.96311e-13,-2,-0.0036988,-0.0111148,-0.002789,-0.000501336,-5.47332e-08,0,0,0.025477,0.740288,0.0265583,0.0639079,-0.0180522,-0.0175314,0.0254084,1.19466e-11,0,0,-0.239018,0.0821316,0.0113638,0.00412779,0.00216413,-7.77481e-05,0,0,-0.0891747,-0.0104253,0.537258,-0.00958255,0.00159092,0.00851878,-0.00197704,0,0,-2.08167e-11,-1.7954,0.00544658,0.0464832,0.00500202,-0.000681424,-5.92722e-05,0,0,0.024896,-0.0763546,-0.00399522,0.647747,0.00974574,0.0507596,0.00727115,0,0,9.97466e-12,0.951366,0.041015,0.0109063,-0.0438112,-0.0306839,0.000829947,0,0,0.124493,0.0418752,0.0188695,0.140101,0.39279,-0.0303395,0.0138008,-1.73472e-12,0,1.11022e-10,-0.953413,0.00500756,-0.044746,-0.0363653,0.0340336,0.00119813,0,0,0.0451377,-0.0440201,0.096845,0.570523,-0.0362646,0.41859,-0.00199041,0,0,6.93889e-12,-0.219921,0.00274094,0.00235014,0.0022136,0.00360469,0.00168771,0,0,-0.0237553,-0.00947303,-0.0287339,0.000108281,0.017608,-0.00695298,0.0679194,0,0,0,0,0,0,0,0,0,0,0,0,0,0,0,0,0,0,0.905991,-4.4565e-09,0,1.20024e-12,0,1.20024e-12,1.20024e-12,-1.20024e-12,0,0,0,0,0,0,0,0,0,0,-4.4568e-09,0.905991,
-1.73472e-12,-0.412597,0.014228,-0.00208332,0.00151151,0.000752585,-3.131e-05,0,0,0.552218,-0.0181397,-0.0888495,0.0218828,0.0115799,0.00282946,-0.000713525,0,0,3.998e-13,-2,-0.00370427,-0.0111249,-0.00279284,-0.000500286,1.58779e-07,0,0,0.0255011,0.74029,0.0265889,0.0639552,-0.0180589,-0.0175583,0.0254091,0,0,-6.93889e-12,-0.239407,0.0821273,0.0113621,0.00413163,0.00216525,-7.67262e-05,0,0,-0.0892298,-0.0104423,0.537455,-0.00956508,0.00161485,0.00851739,-0.00197547,0,0,0,-1.79653,0.00544658,0.0464991,0.00500247,-0.000681734,-5.96021e-05,0,0,0.0249395,-0.0764035,-0.00396945,0.647776,0.00973581,0.0507422,0.0072771,0,0,-2.21177e-11,0.951723,0.0410088,0.0109132,-0.0438329,-0.0306937,0.000837536,0,0,0.124535,0.0418914,0.0191157,0.140044,0.392852,-0.0303281,0.0137882,0,0,4.16334e-11,-0.951271,0.00500967,-0.0447475,-0.0363796,0.0340559,0.00119628,0,0,0.0451102,-0.0439274,0.0968494,0.570447,-0.0362533,0.418608,-0.0020008,0,0,8.67362e-13,-0.22004,0.00274246,0.00234853,0.00221301,0.00360411,0.00168797,0,0,-0.023748,-0.0094783,-0.0287339,0.000120465,0.0175965,-0.00695573,0.0679206,0,0,0,-2.40048e-12,-1.20024e-12,0,-2.40048e-12,1.20024e-12,-1.20024e-12,0,0,0,0,0,0,0,0,0,0.905991,-4.34757e-09,0,0,0,0,0,0,0,0,0,0,0,0,0,0,0,0,-4.34817e-09,0.905991,
-1.73472e-12,-0.41318,0.0142415,-0.0020891,0.00151265,0.000753764,-3.20743e-05,0,0,0.552235,-0.0181654,-0.0889032,0.0219241,0.0115822,0.00282351,-0.000710318,0,0,-8.50421e-12,-2,-0.00370992,-0.011135,-0.00279677,-0.000499144,1.12775e-08,0,0,0.0255253,0.740292,0.0266195,0.0640025,-0.0180655,-0.0175852,0.0254098,0,0,3.46945e-12,-0.239797,0.0821221,0.0113603,0.00413496,0.00216688,-7.77544e-05,0,0,-0.0892849,-0.0104594,0.537652,-0.00954755,0.00163877,0.00851597,-0.00197389,0,0,6.93889e-12,-1.79767,0.00544696,0.0465151,0.00500312,-0.000682238,-5.91614e-05,0,0,0.0249831,-0.0764524,-0.00394362,0.647805,0.00972587,0.0507247,0.00728307,0,0,1.04083e-11,0.952083,0.0409947,0.0109202,-0.0438584,-0.0306996,0.000829382,0,0,0.124577,0.0419075,0.0193618,0.139987,0.392915,-0.0303166,0.0137756,0,0,-2.08167e-11,-0.949128,0.00501316,-0.0447489,-0.0363932,0.0340776,0.00119715,0,0,0.0450824,-0.0438347,0.0968536,0.570372,-0.0362421,0.418625,-0.0020112,0,0,4.33681e-12,-0.22016,0.00274415,0.00234692,0.00221249,0.00360344,0.00168857,0,0,-0.0237408,-0.00948356,-0.0287339,0.000132643,0.017585,-0.00695848,0.0679218,0,0,0,1.20024e-12,-1.20024e-12,0,0,1.20024e-12,1.20024e-12,0,0,0,0,0,0,0,0,0,0.905991,4.14233e-09,0,0,-1.20024e-12,0,0,1.20024e-12,0,0,0,0,0,0,0,0,0,0,4.14233e-09,0.905991,
3.46945e-12,-0.413766,0.0142553,-0.00209451,0.00151379,0.000754188,-3.20836e-05,0,0,0.552252,-0.0181911,-0.0889571,0.0219655,0.0115846,0.00281753,-0.000707105,0,0,5.69206e-12,-2,-0.00371549,-0.011145,-0.0028007,-0.000498179,4.4212e-08,0,0,0.0255494,0.740295,0.02665,0.0640499,-0.0180722,-0.0176121,0.0254105,0,0,1.04083e-11,-0.240189,0.0821173,0.011359,0.00413828,0.00216748,-7.77574e-05,0,0,-0.0893402,-0.0104764,0.537849,-0.00952996,0.00166269,0.00851452,-0.00197231,0,0,-2.77556e-11,-1.79881,0.00544713,0.0465308,0.00500376,-0.000682357,-5.9106e-05,0,0,0.0250267,-0.0765013,-0.00391772,0.647834,0.00971593,0.0507073,0.00728903,0,0,2.12504e-11,0.952432,0.0409844,0.010931,-0.043884,-0.0307134,0.000829099,0,0,0.124619,0.0419237,0.019608,0.13993,0.392977,-0.0303052,0.0137629,0,0,9.02056e-11,-0.946982,0.00501597,-0.044751,-0.0364068,0.0341007,0.00119666,0,0,0.0450545,-0.043742,0.0968575,0.570297,-0.0362309,0.418643,-0.00202161,0,0,8.67362e-13,-0.220279,0.00274577,0.00234522,0.00221197,0.00360294,0.001689,0,0,-0.0237336,-0.00948882,-0.028734,0.000144813,0.0175735,-0.00696123,0.067923,0,0,0,1.20024e-12,1.20024e-12,1.20024e-12,1.20024e-12,-1.20024e-12,0,0,0,0,0,0,0,0,0,0,0.905991,4.06852e-09,0,0,-1.20024e-12,1.20024e-12,0,0,0,0,0,0,0,0,0,0,0,0,4.06852e-09,0.905991,
3.77313e-07,-0.414351,0.0142695,-0.00209956,0.00151492,0.000755744,-3.17155e-05,0,0,0.552269,-0.018217,-0.089011,0.0220071,0.011587,0.00281154,-0.000703887,0,0,9.03039e-08,-2,-0.00372097,-0.0111549,-0.00280463,-0.00049694,1.67404e-07,0,0,0.0255736,0.740297,0.0266806,0.0640972,-0.0180788,-0.017639,0.0254111,0,0,5.1311e-07,-0.24058,0.082113,0.0113582,0.0041416,0.00216963,-7.72472e-05,0,0,-0.0893955,-0.0104935,0.538046,-0.00951231,0.0016866,0.00851305,-0.00197072,0,0,-1.92756e-07,-1.79995,0.0054471,0.0465463,0.00500439,-0.000683057,-5.92432e-05,0,0,0.0250705,-0.0765503,-0.00389176,0.647863,0.00970598,0.0506898,0.007295,0,0,3.94086e-06,0.952789,0.040978,0.0109459,-0.0439094,-0.0307153,0.000832756,0,0,0.124661,0.0419398,0.0198542,0.139873,0.393039,-0.0302938,0.0137503,0,0,-6.83988e-07,-0.944836,0.00501811,-0.0447537,-0.0364204,0.0341217,0.00119549,0,0,0.0450265,-0.0436492,0.0968613,0.570222,-0.0362196,0.418661,-0.00203202,0,0,-8.28174e-08,-0.220398,0.0027473,0.00234343,0.00221145,0.00360218,0.00168934,0,0,-0.0237263,-0.00949408,-0.028734,0.000156975,0.0175619,-0.00696398,0.0679242,0,0,0,0,0,-1.20024e-12,0,1.20024e-12,0,-5.76116e-11,0,0,0,0,0,0,0,0,0.905991,4.09762e-09,1.20024e-12,0,0,-2.40048e-12,0,2.40048e-12,0,0,0,0,0,0,0,0,0,0,4.09882e-09,0.905991,
1.73472e-12,-0.414937,0.0142834,-0.00210463,0.00151604,0.000756168,-3.17247e-05,0,0,0.552286,-0.0182428,-0.089065,0.0220487,0.0115894,0.00280552,-0.000700664,0,0,-9.98821e-12,-2,-0.00372655,-0.0111648,-0.00280856,-0.000495968,2.00245e-07,0,0,0.0255978,0.7403,0.0267112,0.0641445,-0.0180855,-0.0176659,0.0254118,0,0,1.38778e-11,-0.240972,0.0821082,0.0113574,0.00414491,0.00217023,-7.72498e-05,0,0,-0.0894509,-0.0105107,0.538244,-0.0094946,0.00171051,0.00851156,-0.00196913,0,0,6.93889e-12,-1.80109,0.00544724,0.0465619,0.00500502,-0.000683179,-5.91877e-05,0,0,0.0251143,-0.0765994,-0.00386574,0.647892,0.00969603,0.0506723,0.00730097,0,0,-3.68629e-12,0.953153,0.0409675,0.0109607,-0.0439348,-0.030729,0.000832473,0,0,0.124702,0.041956,0.0201004,0.139816,0.393102,-0.0302824,0.0137377,0,0,-4.16334e-11,-0.942691,0.00502094,-0.0447563,-0.0364339,0.034145,0.00119499,0,0,0.0449983,-0.0435564,0.0968649,0.570146,-0.0362084,0.418679,-0.00204243,0,0,-4.33681e-12,-0.220517,0.00274891,0.00234165,0.00221093,0.00360167,0.00168977,0,0,-0.0237191,-0.00949933,-0.028734,0.00016913,0.0175504,-0.00696673,0.0679254,0,0,0,0,-2.40048e-12,1.20024e-12,-1.20024e-12,2.40048e-12,0,0,0,0,0,0,0,0,0,0,0.905991,4.22575e-09,0,0,0,0,0,0,0,0,0,0,0,0,0,0,0,0,4.22545e-09,0.905991,
-3.77169e-07,-0.415525,0.0142977,-0.00211008,0.00151717,0.000756969,-3.2111e-05,0,0,0.552303,-0.0182687,-0.0891191,0.0220904,0.0115917,0.00279948,-0.000697434,0,0,-9.03531e-08,-2,-0.00373205,-0.0111748,-0.00281249,-0.000494904,1.42719e-07,0,0,0.025622,0.740302,0.0267418,0.0641918,-0.0180921,-0.0176928,0.0254124,0,0,-5.13482e-07,-0.241366,0.082104,0.0113561,0.00414822,0.00217134,-7.77658e-05,0,0,-0.0895065,-0.0105279,0.538441,-0.00947683,0.00173441,0.00851004,-0.00196754,0,0,1.92811e-07,-1.80223,0.00544719,0.0465776,0.00500564,-0.000683495,-5.89394e-05,0,0,0.0251582,-0.0766485,-0.00383965,0.647922,0.00968607,0.0506549,0.00730695,0,0,-3.94415e-06,0.953505,0.040961,0.0109716,-0.0439602,-0.0307387,0.000828246,0,0,0.124744,0.0419721,0.0203465,0.139759,0.393164,-0.030271,0.0137251,0,0,6.84196e-07,-0.940543,0.0050231,-0.0447581,-0.0364474,0.0341675,0.00119518,0,0,0.0449699,-0.0434635,0.0968682,0.570071,-0.0361972,0.418697,-0.00205285,0,0,8.27524e-08,-0.220636,0.00275045,0.00233995,0.0022104,0.00360108,0.00169028,0,0,-0.0237118,-0.00950458,-0.028734,0.000181278,0.0175389,-0.00696948,0.0679266,0,0,0,0,0,2.40048e-12,2.40048e-12,-2.40048e-12,2.40048e-12,-1.15223e-10,0,0,0,0,0,0,0,0,0.905991,-4.4652e-09,-1.20024e-12,0,0,2.40048e-12,3.60072e-12,-3.60072e-12,3.60072e-12,0,0,0,0,0,0,0,0,0,-4.4646e-09,0.905991,
0,-0.416114,0.0143116,-0.00211631,0.00151829,0.000757392,-3.13659e-05,0,0,0.55232,-0.0182946,-0.0891732,0.0221321,0.0115941,0.00279341,-0.000694199,0,0,-1.20414e-11,-2,-0.00373765,-0.011185,-0.00281642,-0.000493926,3.56207e-07,0,0,0.0256461,0.740305,0.0267724,0.0642391,-0.0180988,-0.0177197,0.025413,0,0,0,-0.24176,0.0820992,0.0113537,0.00415152,0.00217193,-7.67411e-05,0,0,-0.0895621,-0.0105451,0.538638,-0.00945901,0.00175831,0.0085085,-0.00196594,0,0,-6.93889e-12,-1.80337,0.00544731,0.0465938,0.00500626,-0.00068362,-5.92695e-05,0,0,0.0252022,-0.0766977,-0.0038135,0.647951,0.00967611,0.0506373,0.00731293,0,0,-3.90313e-12,0.953857,0.0409504,0.0109746,-0.0439855,-0.0307524,0.000835852,0,0,0.124785,0.0419882,0.0205927,0.139702,0.393226,-0.0302596,0.0137125,0,0,-2.77556e-11,-0.938394,0.00502595,-0.0447585,-0.0364608,0.0341909,0.00119332,0,0,0.0449414,-0.0433706,0.0968714,0.569996,-0.0361859,0.418715,-0.00206327,0,0,9.54098e-12,-0.220755,0.00275207,0.0023384,0.00220987,0.00360057,0.00169054,0,0,-0.0237045,-0.00950983,-0.028734,0.000193419,0.0175274,-0.00697223,0.0679278,0,0,0,-1.20024e-12,-1.20024e-12,1.20024e-12,-1.20024e-12,1.20024e-12,-1.20024e-12,0,0,0,0,0,0,0,0,0,0.905991,-4.56392e-09,0,-1.20024e-12,-1.20024e-12,1.20024e-12,-1.20024e-12,1.20024e-12,-1.20024e-12,0,0,0,0,0,0,0,0,0,-4.56332e-09,0.905991,
-1.73472e-12,-0.416703,0.0143252,-0.00212179,0.00151979,0.00075857,-3.13751e-05,0,0,0.552337,-0.0183206,-0.0892275,0.022174,0.0115964,0.00278733,-0.000690959,0,0,-9.48677e-14,-2,-0.00374334,-0.0111951,-0.00282026,-0.000492765,3.88958e-07,0,0,0.0256703,0.740307,0.026803,0.0642864,-0.0181055,-0.0177466,0.0254137,0,0,-6.93889e-12,-0.242155,0.0820938,0.0113523,0.00415533,0.00217356,-7.67432e-05,0,0,-0.0896179,-0.0105624,0.538835,-0.00944112,0.00178221,0.00850693,-0.00196434,0,0,-6.93889e-12,-1.80452,0.00544761,0.0466095,0.00500668,-0.000684132,-5.92139e-05,0,0,0.0252463,-0.0767469,-0.00378728,0.64798,0.00966615,0.0506198,0.00731892,0,0,1.79978e-11,0.954217,0.0409359,0.0109856,-0.0440068,-0.0307581,0.000835569,0,0,0.124827,0.0420043,0.0208388,0.139645,0.393289,-0.0302482,0.0136999,0,0,2.77556e-11,-0.936245,0.00502951,-0.0447602,-0.0364749,0.0342129,0.00119282,0,0,0.0449127,-0.0432776,0.0968743,0.56992,-0.0361747,0.418733,-0.0020737,0,0,0,-0.220874,0.00275377,0.0023367,0.00220925,0.00359989,0.00169097,0,0,-0.0236971,-0.00951507,-0.028734,0.000205552,0.0175159,-0.00697498,0.067929,0,0,0,1.20024e-12,1.20024e-12,1.20024e-12,1.20024e-12,0,0,-1.15223e-10,0,0,0,0,0,0,0,0,0.905991,-4.51651e-09,0,-1.20024e-12,0,-1.20024e-12,-1.20024e-12,0,0,1.20024e-12,0,0,0,0,0,0,0,0,-4.51681e-09,0.905991,
-8.67362e-13,-0.417293,0.0143396,-0.00212692,0.00152015,0.000758994,-3.17612e-05,0,0,0.552355,-0.0183466,-0.0892819,0.022216,0.0115987,0.00278122,-0.000687712,0,0,-7.40646e-12,-2,-0.00374886,-0.011205,-0.00282437,-0.000491781,3.31211e-07,0,0,0.0256945,0.74031,0.0268336,0.0643337,-0.0181121,-0.0177735,0.0254143,0,0,-6.93889e-12,-0.242552,0.0820895,0.0113514,0.00415759,0.00217415,-7.72594e-05,0,0,-0.0896737,-0.0105797,0.539033,-0.00942317,0.0018061,0.00850534,-0.00196273,0,0,-2.08167e-11,-1.80566,0.00544752,0.046625,0.00500767,-0.000684259,-5.89654e-05,0,0,0.0252904,-0.0767961,-0.003761,0.648009,0.00965618,0.0506023,0.0073249,0,0,-1.77809e-11,0.954569,0.0409292,0.0110004,-0.0440399,-0.0307717,0.000831337,0,0,0.124868,0.0420204,0.0210849,0.139588,0.393351,-0.0302368,0.0136873,0,0,1.38778e-11,-0.934094,0.0050317,-0.0447626,-0.0364869,0.0342364,0.00119301,0,0,0.0448838,-0.0431846,0.096877,0.569845,-0.0361635,0.418751,-0.00208414,0,0,-1.04083e-11,-0.220993,0.00275531,0.0023349,0.00220888,0.00359937,0.00169148,0,0,-0.0236898,-0.00952032,-0.028734,0.000217678,0.0175044,-0.00697774,0.0679302,0,0,0,-1.20024e-12,-1.20024e-12,1.20024e-12,-1.20024e-12,1.20024e-12,-1.20024e-12,1.20024e-12,0,0,0,0,0,0,0,0,0.905991,-4.34637e-09,0,2.40048e-12,2.40048e-12,-2.40048e-12,1.20024e-12,-2.40048e-12,1.20024e-12,1.20024e-12,0,0,0,0,0,0,0,0,-4.34637e-09,0.905991,
-3.76879e-07,-0.417884,0.0143536,-0.00213281,0.00152164,0.000760548,-3.17703e-05,0,0,0.552372,-0.0183727,-0.0893364,0.022258,0.011601,0.00277509,-0.00068446,0,0,-9.04234e-08,-2,-0.00375447,-0.0112151,-0.00282821,-0.000490523,3.63846e-07,0,0,0.0257187,0.740313,0.0268642,0.064381,-0.0181188,-0.0178003,0.0254149,0,0,-5.14241e-07,-0.242948,0.0820847,0.0113495,0.00416139,0.00217628,-7.72615e-05,0,0,-0.0897296,-0.010597,0.53923,-0.00940517,0.00182998,0.00850372,-0.00196112,0,0,1.92943e-07,-1.80681,0.0054476,0.046641,0.00500808,-0.000684966,-5.89097e-05,0,0,0.0253346,-0.0768454,-0.00373466,0.648039,0.00964621,0.0505848,0.00733089,0,0,-3.9508e-06,0.954928,0.0409184,0.0110074,-0.044061,-0.0307734,0.000831051,0,0,0.124909,0.0420365,0.021331,0.139532,0.393413,-0.0302254,0.0136747,0,0,6.84709e-07,-0.931944,0.00503459,-0.0447635,-0.036501,0.0342578,0.00119251,0,0,0.0448548,-0.0430916,0.0968795,0.569769,-0.0361522,0.418769,-0.00209457,0,0,8.26223e-08,-0.221112,0.00275694,0.00233327,0.00220825,0.0035986,0.0016919,0,0,-0.0236825,-0.00952556,-0.028734,0.000229797,0.0174929,-0.00698049,0.0679313,0,0,0,0,-1.20024e-12,1.20024e-12,-2.40048e-12,1.20024e-12,-1.20024e-12,1.15223e-10,0,0,0,0,0,0,0,0,0.905991,4.09432e-09,0,0,1.20024e-12,-1.20024e-12,0,-1.20024e-12,1.20024e-12,2.30446e-10,0,0,0,0,0,0,0,0,4.09402e-09,0.905991,
-3.76804e-07,-0.418477,0.0143669,-0.00213796,0.00152237,0.000760972,-3.17793e-05,0,0,0.552389,-0.0183987,-0.089391,0.0223001,0.0116033,0.00276894,-0.000681203,0,0,-9.04474e-08,-2,-0.00376028,-0.0112251,-0.00283223,-0.000489533,3.96401e-07,0,0,0.0257429,0.740316,0.0268949,0.0644283,-0.0181255,-0.0178272,0.0254155,0,0,-5.14429e-07,-0.243346,0.0820788,0.0113485,0.00416415,0.00217687,-7.72636e-05,0,0,-0.0897857,-0.0106144,0.539428,-0.0093871,0.00185386,0.00850208,-0.00195951,0,0,1.9295e-07,-1.80796,0.00544806,0.0466565,0.00500886,-0.000685095,-5.8854e-05,0,0,0.025379,-0.0768948,-0.00370825,0.648068,0.00963623,0.0505672,0.00733689,0,0,-3.95246e-06,0.95528,0.0408997,0.0110223,-0.0440901,-0.0307869,0.000830765,0,0,0.12495,0.0420526,0.0215771,0.139475,0.393475,-0.030214,0.0136621,0,0,6.84799e-07,-0.929791,0.00503886,-0.0447657,-0.0365136,0.0342814,0.00119201,0,0,0.0448256,-0.0429985,0.0968818,0.569694,-0.036141,0.418787,-0.00210502,0,0,8.26075e-08,-0.221231,0.00275873,0.00233148,0.00220779,0.00359808,0.00169233,0,0,-0.0236751,-0.0095308,-0.028734,0.000241908,0.0174814,-0.00698324,0.0679325,0,0,3.60072e-12,0,-3.60072e-12,1.20024e-12,-3.60072e-12,3.60072e-12,-3.60072e-12,0,0,0,0,0,0,0,0,0,0.905991,3.9806e-09,0,0,1.20024e-12,-1.20024e-12,0,-1.20024e-12,1.20024e-12,0,0,0,0,0,0,0,0,0,3.9806e-09,0.905991,
3.46945e-12,-0.419069,0.0143814,-0.00214351,0.00152348,0.000761772,-3.2165e-05,0,0,0.552407,-0.0184249,-0.0894456,0.0223423,0.0116055,0.00276276,-0.000677939,0,0,3.95056e-12,-2,-0.00376581,-0.0112351,-0.00283616,-0.00048845,3.38448e-07,0,0,0.0257671,0.740319,0.0269255,0.0644756,-0.0181322,-0.0178541,0.0254161,0,0,1.73472e-11,-0.243745,0.0820744,0.0113471,0.00416743,0.00217797,-7.77802e-05,0,0,-0.0898418,-0.0106318,0.539625,-0.00936897,0.00187774,0.00850041,-0.00195788,0,0,1.38778e-11,-1.80911,0.00544793,0.0466723,0.00500945,-0.000685419,-5.86053e-05,0,0,0.0254234,-0.0769442,-0.00368178,0.648097,0.00962625,0.0505496,0.00734289,0,0,-1.69136e-11,0.955639,0.0408927,0.0110333,-0.0441151,-0.0307965,0.000826524,0,0,0.124991,0.0420687,0.0218232,0.139418,0.393537,-0.0302027,0.0136495,0,0,-3.46945e-11,-0.927638,0.00504108,-0.0447671,-0.0365269,0.0343044,0.00119219,0,0,0.0447963,-0.0429053,0.0968839,0.569618,-0.0361298,0.418805,-0.00211547,0,0,6.07153e-12,-0.22135,0.00276028,0.00232976,0.00220724,0.00359747,0.00169283,0,0,-0.0236677,-0.00953603,-0.0287339,0.000254012,0.0174699,-0.006986,0.0679337,0,0,0,-1.20024e-12,2.40048e-12,0,1.20024e-12,2.40048e-12,1.20024e-12,0,0,0,0,0,0,0,0,0,0.905991,3.9701e-09,0,0,-1.20024e-12,0,-1.20024e-12,0,-2.40048e-12,0,0,0,0,0,0,0,0,0,3.9698e-09,0.905991,
-8.67362e-13,-0.419664,0.0143959,-0.00214907,0.00152496,0.000762949,-3.17972e-05,0,0,0.552424,-0.0184511,-0.0895004,0.0223846,0.0116078,0.00275656,-0.00067467,0,0,-1.80858e-11,-2,-0.00377136,-0.0112451,-0.00284,-0.000487272,4.61418e-07,0,0,0.0257913,0.740322,0.0269561,0.0645229,-0.0181389,-0.0178809,0.0254167,0,0,3.46945e-12,-0.244144,0.0820701,0.0113456,0.00417121,0.00217958,-7.72675e-05,0,0,-0.089898,-0.0106493,0.539822,-0.00935079,0.00190161,0.00849871,-0.00195626,0,0,1.38778e-11,-1.81025,0.00544778,0.046688,0.00500984,-0.000685937,-5.87425e-05,0,0,0.0254679,-0.0769936,-0.00365524,0.648126,0.00961627,0.0505321,0.00734889,0,0,6.50521e-13,0.955994,0.0408858,0.0110442,-0.0441361,-0.030802,0.000830191,0,0,0.125032,0.0420848,0.0220693,0.139362,0.393599,-0.0301913,0.0136369,0,0,-6.93889e-12,-0.925484,0.00504332,-0.0447685,-0.0365408,0.0343267,0.00119101,0,0,0.0447668,-0.0428121,0.0968858,0.569543,-0.0361186,0.418823,-0.00212592,0,0,1.56125e-11,-0.221468,0.00276183,0.00232804,0.00220661,0.00359678,0.00169317,0,0,-0.0236603,-0.00954127,-0.0287339,0.000266109,0.0174584,-0.00698875,0.0679349,0,0,0,0,0,0,0,0,0,0,0,0,0,0,0,0,0,0,0.905991,4.05081e-09,0,1.20024e-12,0,0,1.20024e-12,-1.20024e-12,0,0,0,0,0,0,0,0,0,0,4.05051e-09,0.905991,
3.76584e-07,-0.420259,0.0144093,-0.00215464,0.00152644,0.000763373,-3.21827e-05,0,0,0.552442,-0.0184773,-0.0895552,0.022427,0.01161,0.00275034,-0.000671396,0,0,9.05085e-08,-2,-0.00377718,-0.0112552,-0.00284384,-0.000486273,4.03315e-07,0,0,0.0258156,0.740325,0.0269868,0.0645701,-0.0181456,-0.0179078,0.0254173,0,0,5.14998e-07,-0.244545,0.0820642,0.0113441,0.00417499,0.00218016,-7.77842e-05,0,0,-0.0899544,-0.0106668,0.54002,-0.00933254,0.00192548,0.008497,-0.00195463,0,0,-1.93026e-07,-1.81141,0.0054482,0.0467038,0.00501022,-0.00068607,-5.84936e-05,0,0,0.0255124,-0.0770431,-0.00362864,0.648156,0.00960628,0.0505145,0.00735489,0,0,3.95738e-06,0.956349,0.0408668,0.0110552,-0.044157,-0.0308155,0.000825946,0,0,0.125073,0.0421008,0.0223154,0.139305,0.393662,-0.0301799,0.0136244,0,0,-6.85216e-07,-0.923329,0.00504763,-0.0447699,-0.0365547,0.0343505,0.00119119,0,0,0.0447371,-0.0427189,0.0968875,0.569467,-0.0361074,0.418841,-0.00213638,0,0,-8.25139e-08,-0.221587,0.00276363,0.00232632,0.00220597,0.00359625,0.00169368,0,0,-0.0236529,-0.0095465,-0.0287338,0.000278198,0.017447,-0.00699151,0.0679361,0,0,0,0,0,0,0,0,1.20024e-12,0,0,0,0,0,0,0,0,0,0.905991,4.22635e-09,0,1.20024e-12,1.20024e-12,1.20024e-12,1.20024e-12,-1.20024e-12,-2.40048e-12,0,0,0,0,0,0,0,0,0,4.22605e-09,0.905991,
-8.67362e-13,-0.420854,0.0144235,-0.00216023,0.00152754,0.000764549,-3.18149e-05,0,0,0.55246,-0.0185036,-0.0896102,0.0224695,0.0116123,0.00274409,-0.000668115,0,0,-6.22739e-12,-2,-0.00378283,-0.0112652,-0.00284777,-0.00048509,5.26187e-07,0,0,0.0258398,0.740328,0.0270174,0.0646174,-0.0181523,-0.0179347,0.0254178,0,0,3.46945e-12,-0.244946,0.0820593,0.0113425,0.00417824,0.00218177,-7.7271e-05,0,0,-0.0900108,-0.0106843,0.540218,-0.00931423,0.00194934,0.00849525,-0.001953,0,0,6.93889e-12,-1.81256,0.00544823,0.0467196,0.00501079,-0.000686591,-5.86308e-05,0,0,0.0255571,-0.0770927,-0.00360198,0.648185,0.00959629,0.0504969,0.0073609,0,0,3.10082e-11,0.956707,0.0408557,0.0110661,-0.0441819,-0.030821,0.000829615,0,0,0.125114,0.0421169,0.0225614,0.139248,0.393724,-0.0301686,0.0136118,0,0,2.08167e-11,-0.921173,0.00505058,-0.0447711,-0.0365679,0.034373,0.00119,0,0,0.0447073,-0.0426257,0.0968889,0.569391,-0.0360962,0.418859,-0.00214684,0,0,-1.12757e-11,-0.221706,0.00276527,0.0023246,0.00220541,0.00359556,0.00169402,0,0,-0.0236454,-0.00955173,-0.0287338,0.00029028,0.0174355,-0.00699426,0.0679373,0,0,0,0,-1.20024e-12,-1.20024e-12,1.20024e-12,0,0,0,0,0,0,0,0,0,0,0,0.905991,-4.51591e-09,0,0,-1.20024e-12,-1.20024e-12,1.20024e-12,0,1.20024e-12,0,0,-3.0006e-13,-3.0006e-13,-3.0006e-13,0,0,0,0,-4.51561e-09,0.905991,
8.67362e-13,-0.421451,0.014438,-0.00216583,0.00152788,0.000764597,-3.22002e-05,0,0,0.552478,-0.0185299,-0.0896653,0.0225121,0.0116145,0.00273783,-0.000664829,0,0,-1.35661e-11,-2,-0.00378839,-0.0112753,-0.00285188,-0.000484175,4.67964e-07,0,0,0.025864,0.740331,0.0270481,0.0646647,-0.018159,-0.0179615,0.0254184,0,0,1.04083e-11,-0.245348,0.0820549,0.011341,0.00418047,0.00218183,-7.77879e-05,0,0,-0.0900673,-0.0107019,0.540415,-0.00929587,0.0019732,0.00849348,-0.00195136,0,0,-6.93889e-12,-1.81371,0.00544804,0.0467353,0.00501174,-0.000686533,-5.83819e-05,0,0,0.0256018,-0.0771423,-0.00357525,0.648214,0.00958629,0.0504792,0.00736691,0,0,3.68629e-12,0.957062,0.0408485,0.0110771,-0.0442146,-0.0308384,0.000825366,0,0,0.125154,0.042133,0.0228075,0.139192,0.393786,-0.0301572,0.0135992,0,0,-6.93889e-12,-0.919016,0.00505285,-0.0447723,-0.0365797,0.0343975,0.00119018,0,0,0.0446773,-0.0425323,0.0968902,0.569316,-0.0360849,0.418877,-0.00215731,0,0,-6.07153e-12,-0.221824,0.00276682,0.00232287,0.00220502,0.00359511,0.00169452,0,0,-0.023638,-0.00955695,-0.0287337,0.000302354,0.017424,-0.00699702,0.0679385,0,0,0,-1.20024e-12,0,0,0,0,0,0,0,0,0,0,0,0,0,0,0.905991,-4.66474e-09,0,-1.20024e-12,0,0,1.20024e-12,1.20024e-12,0,0,0,0,0,0,0,0,0,0,-4.66504e-09,0.905991,
0,-0.422049,0.0144519,-0.00217107,0.00152973,0.000765397,-3.22089e-05,0,0,0.552495,-0.0185562,-0.0897204,0.0225547,0.0116167,0.00273154,-0.000661537,0,0,-1.18246e-11,-2,-0.00379415,-0.0112852,-0.00285563,-0.000483076,5.00216e-07,0,0,0.0258882,0.740334,0.0270787,0.0647119,-0.0181657,-0.0179884,0.025419,0,0,6.93889e-12,-0.245752,0.0820495,0.0113399,0.00418474,0.00218292,-7.77897e-05,0,0,-0.090124,-0.0107195,0.540613,-0.00927744,0.00199705,0.00849169,-0.00194972,0,0,-6.93889e-12,-1.81486,0.00544823,0.0467509,0.00501191,-0.000686863,-5.83259e-05,0,0,0.0256466,-0.0771919,-0.00354845,0.648244,0.00957629,0.0504616,0.00737293,0,0,3.68629e-11,0.957412,0.0408334,0.0110921,-0.0442314,-0.0308478,0.000825075,0,0,0.125195,0.042149,0.0230535,0.139135,0.393848,-0.0301459,0.0135867,0,0,6.93889e-12,-0.916858,0.00505651,-0.0447741,-0.0365942,0.0344208,0.00118967,0,0,0.0446471,-0.042439,0.0968912,0.56924,-0.0360737,0.418896,-0.00216778,0,0,-8.67362e-13,-0.221942,0.00276855,0.00232106,0.00220429,0.00359449,0.00169494,0,0,-0.0236305,-0.00956217,-0.0287337,0.000314421,0.0174125,-0.00699977,0.0679397,0,0,0,1.20024e-12,0,-1.20024e-12,0,0,1.20024e-12,0,0,0,0,0,0,0,0,0,0.905991,-4.65634e-09,0,0,1.20024e-12,0,1.20024e-12,0,0,0,0,0,0,0,0,0,0,0,-4.65634e-09,0.905991,
-3.76284e-07,-0.422649,0.0144662,-0.00217671,0.00153081,0.000766573,-3.18413e-05,0,0,0.552513,-0.0185826,-0.0897756,0.0225974,0.0116189,0.00272522,-0.000658239,0,0,-9.05891e-08,-2,-0.00379981,-0.0112953,-0.00285957,-0.000481883,6.23008e-07,0,0,0.0259125,0.740337,0.0271094,0.0647592,-0.0181724,-0.0180152,0.0254195,0,0,-5.15744e-07,-0.246157,0.0820446,0.0113383,0.00418799,0.00218452,-7.72755e-05,0,0,-0.0901807,-0.0107372,0.54081,-0.00925895,0.0020209,0.00848987,-0.00194807,0,0,1.93137e-07,-1.81602,0.00544822,0.0467666,0.00501247,-0.000687387,-5.84631e-05,0,0,0.0256915,-0.0772416,-0.0035216,0.648273,0.00956629,0.050444,0.00737895,0,0,-3.96393e-06,0.957762,0.0408221,0.0111031,-0.0442561,-0.0308532,0.000828747,0,0,0.125236,0.0421651,0.0232995,0.139079,0.39391,-0.0301346,0.0135741,0,0,6.85549e-07,-0.914698,0.00505949,-0.0447752,-0.0366072,0.0344435,0.00118847,0,0,0.0446168,-0.0423456,0.096892,0.569164,-0.0360625,0.418914,-0.00217826,0,0,8.23916e-08,-0.222061,0.00277019,0.00231933,0.00220372,0.00359379,0.00169528,0,0,-0.023623,-0.00956739,-0.0287336,0.000326481,0.0174011,-0.00700253,0.0679409,0,0,2.40048e-12,1.20024e-12,2.40048e-12,0,0,-1.20024e-12,1.20024e-12,6.00121e-11,0,0,0,0,0,0,0,0,0.905991,-4.50541e-09,0,1.20024e-12,0,0,0,-1.20024e-12,1.20024e-12,0,0,0,0,0,0,0,0,0,-4.5048e-09,0.905991,
-3.76215e-07,-0.423248,0.0144805,-0.00218311,0.00153152,0.000767373,-3.22262e-05,0,0,0.552531,-0.018609,-0.089831,0.0226403,0.011621,0.00271889,-0.000654936,0,0,-9.06166e-08,-2,-0.00380549,-0.0113055,-0.00286359,-0.000480777,5.64567e-07,0,0,0.0259367,0.74034,0.0271401,0.0648064,-0.0181792,-0.018042,0.0254201,0,0,-5.15935e-07,-0.246561,0.0820396,0.0113356,0.00419071,0.0021856,-7.77928e-05,0,0,-0.0902375,-0.0107549,0.541008,-0.0092404,0.00204474,0.00848802,-0.00194642,0,0,1.93207e-07,-1.81718,0.00544819,0.0467828,0.00501321,-0.000687719,-5.82139e-05,0,0,0.0257365,-0.0772914,-0.00349467,0.648303,0.00955628,0.0504263,0.00738497,0,0,-3.96555e-06,0.958124,0.0408107,0.0111061,-0.0442847,-0.0308626,0.000824491,0,0,0.125276,0.0421811,0.0235455,0.139022,0.393972,-0.0301232,0.0135616,0,0,6.85688e-07,-0.91254,0.00506249,-0.0447748,-0.0366196,0.0344669,0.00118865,0,0,0.0445863,-0.0422521,0.0968926,0.569088,-0.0360513,0.418932,-0.00218874,0,0,8.23612e-08,-0.222179,0.00277184,0.00231777,0.00220323,0.00359316,0.00169578,0,0,-0.0236155,-0.00957261,-0.0287335,0.000338533,0.0173896,-0.00700529,0.067942,0,0,1.20024e-12,1.20024e-12,0,-1.20024e-12,-2.40048e-12,2.40048e-12,0,0,0,0,0,0,0,0,0,0,0.905991,4.25455e-09,0,0,0,0,0,0,0,0,0,0,0,0,0,0,0,0,4.25455e-09,0.905991,
3.76139e-07,-0.423849,0.0144952,-0.00218877,0.00153261,0.000768173,-3.18587e-05,0,0,0.552549,-0.0186355,-0.0898864,0.0226832,0.0116232,0.00271253,-0.000651627,0,0,9.06228e-08,-2,-0.00381108,-0.0113156,-0.00286752,-0.000479668,6.87309e-07,0,0,0.0259609,0.740344,0.0271708,0.0648537,-0.0181859,-0.0180689,0.0254206,0,0,5.16129e-07,-0.246967,0.0820352,0.011334,0.00419394,0.00218669,-7.72781e-05,0,0,-0.0902944,-0.0107726,0.541206,-0.00922179,0.00206858,0.00848615,-0.00194476,0,0,-1.93227e-07,-1.81833,0.00544795,0.0467986,0.00501375,-0.000688052,-5.83511e-05,0,0,0.0257816,-0.0773412,-0.00346768,0.648332,0.00954626,0.0504086,0.007391,0,0,3.9672e-06,0.958474,0.0408033,0.0111171,-0.0443092,-0.0308719,0.000828165,0,0,0.125316,0.0421971,0.0237915,0.138966,0.394034,-0.0301119,0.0135491,0,0,-6.85819e-07,-0.910378,0.00506481,-0.0447757,-0.0366326,0.0344903,0.00118745,0,0,0.0445557,-0.0421587,0.096893,0.569013,-0.0360401,0.41895,-0.00219923,0,0,-8.23317e-08,-0.222297,0.0027734,0.00231603,0.00220265,0.00359254,0.00169612,0,0,-0.023608,-0.00957783,-0.0287335,0.000350578,0.0173782,-0.00700805,0.0679432,0,0,0,1.20024e-12,1.20024e-12,0,0,-1.20024e-12,1.20024e-12,0,0,0,0,0,0,0,0,0,0.905991,4.15373e-09,0,-1.20024e-12,-1.20024e-12,0,0,1.20024e-12,-1.20024e-12,0,0,0,0,0,0,0,0,0,4.15373e-09,0.905991,
-1.73472e-12,-0.42445,0.0145092,-0.00219407,0.00153369,0.000769348,-3.22434e-05,0,0,0.552567,-0.018662,-0.0899419,0.0227262,0.0116254,0.00270615,-0.000648312,0,0,-2.84603e-13,-2,-0.00381686,-0.0113256,-0.00287145,-0.000478466,6.28728e-07,0,0,0.0259852,0.740347,0.0272015,0.0649009,-0.0181926,-0.0180957,0.0254211,0,0,-6.93889e-12,-0.247374,0.0820297,0.0113329,0.00419716,0.00218828,-7.77956e-05,0,0,-0.0903515,-0.0107904,0.541403,-0.00920311,0.00209241,0.00848426,-0.0019431,0,0,0,-1.81949,0.00544809,0.0468141,0.00501428,-0.00068858,-5.81018e-05,0,0,0.0258268,-0.077391,-0.00344063,0.648361,0.00953625,0.050391,0.00739703,0,0,1.71304e-11,0.958827,0.0407878,0.0111321,-0.0443338,-0.0308772,0.000823905,0,0,0.125357,0.0422131,0.0240375,0.13891,0.394096,-0.0301006,0.0135365,0,0,1.38778e-11,-0.908216,0.00506852,-0.0447773,-0.0366456,0.0345132,0.00118763,0,0,0.0445249,-0.0420651,0.0968932,0.568937,-0.0360289,0.418969,-0.00220972,0,0,9.54098e-12,-0.222416,0.00277514,0.00231421,0.00220207,0.00359183,0.00169662,0,0,-0.0236005,-0.00958304,-0.0287334,0.000362615,0.0173667,-0.0070108,0.0679444,0,0,0,0,0,0,-1.20024e-12,0,0,0,0,0,0,0,0,0,0,0,0.905991,4.16724e-09,0,-1.20024e-12,-1.20024e-12,0,0,1.20024e-12,0,0,0,0,0,0,0,0,0,0,4.16634e-09,0.905991,
-4.33681e-12,-0.425053,0.0145235,-0.00219939,0.00153439,0.000769772,-3.22519e-05,0,0,0.552585,-0.0186886,-0.0899976,0.0227693,0.0116275,0.00269974,-0.000644992,0,0,-3.92346e-12,-2,-0.00382256,-0.0113356,-0.00287548,-0.000477441,6.60715e-07,0,0,0.0260094,0.74035,0.0272321,0.0649481,-0.0181994,-0.0181225,0.0254217,0,0,-6.93889e-12,-0.247782,0.0820248,0.0113317,0.00419986,0.00218884,-7.77969e-05,0,0,-0.0904086,-0.0108082,0.541601,-0.00918438,0.00211624,0.00848234,-0.00194143,0,0,4.16334e-11,-1.82065,0.00544802,0.0468297,0.00501501,-0.000688722,-5.80457e-05,0,0,0.025872,-0.0774409,-0.00341351,0.648391,0.00952623,0.0503733,0.00740307,0,0,8.67362e-13,0.959181,0.0407763,0.0111471,-0.0443622,-0.0308905,0.000823611,0,0,0.125397,0.0422292,0.0242835,0.138853,0.394157,-0.0300893,0.013524,0,0,-9.71445e-11,-0.906054,0.00507155,-0.0447787,-0.0366579,0.0345375,0.00118711,0,0,0.0444939,-0.0419716,0.0968932,0.568861,-0.0360177,0.418987,-0.00222021,0,0,8.67362e-12,-0.222534,0.00277679,0.0023124,0.00220158,0.00359128,0.00169703,0,0,-0.023593,-0.00958825,-0.0287333,0.000374645,0.0173553,-0.00701356,0.0679456,0,0,0,0,0,0,0,0,0,0,0,0,0,0,0,0,0,0,0.905991,4.28276e-09,0,0,0,0,0,0,0,0,0,0,0,0,0,0,0,0,4.28276e-09,0.905991,
-3.75909e-07,-0.425657,0.014538,-0.00220585,0.00153546,0.000770196,-3.15086e-05,0,0,0.552604,-0.0187152,-0.0900533,0.0228124,0.0116296,0.00269332,-0.000641666,0,0,-9.07012e-08,-2,-0.00382826,-0.0113458,-0.00287941,-0.000476414,8.74057e-07,0,0,0.0260337,0.740354,0.0272628,0.0649953,-0.0182061,-0.0181494,0.0254222,0,0,-5.16674e-07,-0.248191,0.0820198,0.0113289,0.00420308,0.0021894,-7.67647e-05,0,0,-0.0904658,-0.0108261,0.541799,-0.00916559,0.00214006,0.00848039,-0.00193976,0,0,1.93283e-07,-1.82181,0.00544794,0.0468459,0.00501553,-0.000688866,-5.83761e-05,0,0,0.0259173,-0.0774908,-0.00338632,0.64842,0.0095162,0.0503556,0.0074091,0,0,-3.97204e-06,0.959534,0.0407646,0.0111502,-0.0443866,-0.0309037,0.000831261,0,0,0.125437,0.0422452,0.0245294,0.138797,0.394219,-0.030078,0.0135115,0,0,6.86146e-07,-0.90389,0.0050746,-0.0447781,-0.0366708,0.0345618,0.00118523,0,0,0.0444628,-0.041878,0.0968929,0.568785,-0.0360065,0.419005,-0.00223071,0,0,8.22545e-08,-0.222652,0.00277844,0.00231082,0.00220099,0.00359074,0.00169728,0,0,-0.0235854,-0.00959346,-0.0287332,0.000386667,0.0173438,-0.00701632,0.0679468,0,0,0,0,1.20024e-12,1.20024e-12,1.20024e-12,-1.20024e-12,1.20024e-12,0,0,0,0,0,0,0,0,0,0.905991,-4.51471e-09,0,-2.40048e-12,-1.20024e-12,-3.60072e-12,-1.20024e-12,1.20024e-12,-3.60072e-12,0,0,0,0,0,0,0,0,0,-4.51411e-09,0.905991,
-3.75834e-07,-0.426261,0.0145528,-0.00221082,0.00153653,0.000771747,-3.18931e-05,0,0,0.552622,-0.0187418,-0.0901091,0.0228557,0.0116317,0.00268687,-0.000638334,0,0,-9.07063e-08,-2,-0.00383388,-0.0113557,-0.00288334,-0.000475111,8.15291e-07,0,0,0.026058,0.740357,0.0272936,0.0650426,-0.0182129,-0.0181762,0.0254227,0,0,-5.16875e-07,-0.2486,0.0820153,0.0113282,0.00420629,0.00219151,-7.72823e-05,0,0,-0.0905231,-0.0108439,0.541997,-0.00914673,0.00216388,0.00847842,-0.00193809,0,0,1.93311e-07,-1.82297,0.00544765,0.0468613,0.00501605,-0.00068959,-5.81267e-05,0,0,0.0259627,-0.0775408,-0.00335907,0.64845,0.00950617,0.0503378,0.00741515,0,0,-3.97369e-06,0.959891,0.0407569,0.0111692,-0.0444109,-0.0309049,0.000826996,0,0,0.125477,0.0422612,0.0247754,0.138741,0.394281,-0.0300667,0.0134989,0,0,6.86229e-07,-0.901726,0.00507697,-0.0447801,-0.0366837,0.0345841,0.0011854,0,0,0.0444315,-0.0417843,0.0968925,0.568709,-0.0359953,0.419024,-0.00224122,0,0,8.22233e-08,-0.22277,0.00278002,0.00230891,0.0022004,0.00358994,0.00169778,0,0,-0.0235778,-0.00959866,-0.0287331,0.000398682,0.0173324,-0.00701908,0.067948,0,0,-1.20024e-12,0,0,-1.20024e-12,0,-1.20024e-12,-1.20024e-12,0,0,0,0,0,0,0,0,0,0.905991,-4.60112e-09,1.20024e-12,0,0,1.20024e-12,0,1.20024e-12,1.20024e-12,0,0,0,0,0,0,0,0,0,-4.60052e-09,0.905991,
3.75756e-07,-0.426867,0.0145673,-0.00221731,0.00153835,0.000771795,-3.19016e-05,0,0,0.55264,-0.0187685,-0.090165,0.0228991,0.0116338,0.0026804,-0.000634996,0,0,9.07338e-08,-2,-0.00383959,-0.011366,-0.00288709,-0.000474168,8.47151e-07,0,0,0.0260822,0.740361,0.0273243,0.0650898,-0.0182196,-0.018203,0.0254232,0,0,5.17052e-07,-0.249011,0.0820104,0.0113255,0.00421052,0.00219155,-7.72831e-05,0,0,-0.0905806,-0.0108619,0.542194,-0.00912781,0.00218769,0.00847642,-0.00193641,0,0,-1.93331e-07,-1.82414,0.00544755,0.0468774,0.00501618,-0.000689543,-5.80705e-05,0,0,0.0260082,-0.0775908,-0.00333175,0.648479,0.00949614,0.0503201,0.00742119,0,0,3.97531e-06,0.96024,0.0407452,0.0111723,-0.0444273,-0.0309221,0.000826702,0,0,0.125517,0.0422772,0.0250213,0.138685,0.394343,-0.0300554,0.0134864,0,0,-6.86368e-07,-0.89956,0.00508004,-0.0447793,-0.0366979,0.0346093,0.00118488,0,0,0.0444001,-0.0416906,0.0968918,0.568633,-0.0359842,0.419042,-0.00225173,0,0,-8.21721e-08,-0.222888,0.00278168,0.00230733,0.00219965,0.00358947,0.0016982,0,0,-0.0235702,-0.00960386,-0.0287329,0.00041069,0.0173209,-0.00702184,0.0679491,0,0,1.20024e-12,-2.40048e-12,1.20024e-12,1.20024e-12,1.20024e-12,0,-2.40048e-12,-5.76116e-11,0,0,0,0,0,0,0,0,0.905991,-4.53961e-09,1.20024e-12,0,1.20024e-12,1.20024e-12,1.20024e-12,0,0,0,0,0,0,0,0,0,0,0,-4.53931e-09,0.905991,
-1.73472e-12,-0.427473,0.0145818,-0.00222269,0.00153866,0.00077297,-3.191e-05,0,0,0.552659,-0.0187953,-0.090221,0.0229425,0.0116359,0.0026739,-0.000631652,0,0,1.17365e-11,-2,-0.00384531,-0.011376,-0.00289121,-0.000472949,8.78935e-07,0,0,0.0261065,0.740365,0.027355,0.065137,-0.0182264,-0.0182298,0.0254237,0,0,-6.93889e-12,-0.249422,0.0820054,0.0113242,0.00421269,0.00219314,-7.72838e-05,0,0,-0.0906381,-0.0108799,0.542392,-0.00910883,0.00221149,0.0084744,-0.00193473,0,0,6.93889e-12,-1.8253,0.00544743,0.046893,0.00501707,-0.000690076,-5.80143e-05,0,0,0.0260538,-0.0776409,-0.00330437,0.648509,0.0094861,0.0503023,0.00742724,0,0,2.1684e-13,0.960593,0.0407334,0.0111873,-0.0444594,-0.0309273,0.000826408,0,0,0.125557,0.0422931,0.0252672,0.138629,0.394405,-0.0300441,0.0134739,0,0,3.46945e-11,-0.897394,0.00508313,-0.0447805,-0.0367093,0.0346324,0.00118436,0,0,0.0443685,-0.0415969,0.096891,0.568557,-0.035973,0.419061,-0.00226224,0,0,1.04083e-11,-0.223006,0.00278334,0.00230551,0.00219922,0.00358875,0.00169861,0,0,-0.0235626,-0.00960906,-0.0287328,0.00042269,0.0173095,-0.0070246,0.0679503,0,0,0,0,0,0,-1.20024e-12,0,-1.20024e-12,0,0,0,0,0,0,0,0,0,0.905991,-4.35537e-09,0,0,0,0,0,0,0,0,0,0,0,0,0,0,0,0,-4.35507e-09,0.905991,
4.33681e-12,-0.428081,0.0145959,-0.00222808,0.0015401,0.000774145,-3.19185e-05,0,0,0.552677,-0.018822,-0.0902771,0.022986,0.011638,0.00266738,-0.000628303,0,0,2.07083e-11,-2,-0.00385113,-0.011386,-0.00289505,-0.000471727,9.10721e-07,0,0,0.0261308,0.740368,0.0273857,0.0651842,-0.0182332,-0.0182566,0.0254242,0,0,6.93889e-12,-0.249835,0.0819998,0.0113229,0.0042164,0.00219473,-7.72844e-05,0,0,-0.0906957,-0.0108979,0.54259,-0.00908979,0.0022353,0.00847235,-0.00193304,0,0,-6.93889e-12,-1.82647,0.00544748,0.0469086,0.00501738,-0.000690611,-5.7958e-05,0,0,0.0260995,-0.077691,-0.00327692,0.648538,0.00947605,0.0502846,0.00743329,0,0,2.27682e-11,0.960945,0.0407175,0.0112023,-0.0444796,-0.0309324,0.000826113,0,0,0.125596,0.0423091,0.0255131,0.138573,0.394466,-0.0300328,0.0134614,0,0,5.55112e-11,-0.895227,0.00508692,-0.0447817,-0.0367228,0.0346557,0.00118384,0,0,0.0443367,-0.0415031,0.0968899,0.568481,-0.0359618,0.419079,-0.00227276,0,0,6.93889e-12,-0.223123,0.00278508,0.00230368,0.00219853,0.00358803,0.00169902,0,0,-0.023555,-0.00961426,-0.0287327,0.000434682,0.0172981,-0.00702736,0.0679515,0,0,0,0,-1.20024e-12,0,0,0,-2.40048e-12,0,0,0,0,0,0,0,0,0,0.905991,4.09252e-09,0,-1.20024e-12,0,0,0,0,-1.20024e-12,0,0,0,0,0,0,0,0,0,4.09222e-09,0.905991,
-8.67362e-13,-0.42869,0.0146105,-0.00223424,0.00154116,0.000774568,-3.23024e-05,0,0,0.552696,-0.0188489,-0.0903333,0.0230297,0.01164,0.00266084,-0.000624948,0,0,-3.66596e-12,-2,-0.00385687,-0.0113962,-0.00289898,-0.000470684,8.5162e-07,0,0,0.026155,0.740372,0.0274164,0.0652314,-0.01824,-0.0182834,0.0254247,0,0,-1.04083e-11,-0.250249,0.0819948,0.0113206,0.00421958,0.00219528,-7.78026e-05,0,0,-0.0907534,-0.010916,0.542788,-0.00907068,0.00225909,0.00847027,-0.00193134,0,0,-1.38778e-11,-1.82763,0.00544734,0.0469245,0.00501787,-0.00069076,-5.77084e-05,0,0,0.0261452,-0.0777412,-0.00324941,0.648568,0.00946601,0.0502668,0.00743935,0,0,1.73472e-12,0.961294,0.0407055,0.0112094,-0.0445038,-0.0309455,0.000821837,0,0,0.125636,0.0423251,0.025759,0.138516,0.394528,-0.0300215,0.0134489,0,0,3.46945e-11,-0.893058,0.00509003,-0.0447814,-0.0367356,0.0346803,0.00118401,0,0,0.0443048,-0.0414093,0.0968886,0.568405,-0.0359506,0.419097,-0.00228328,0,0,1.47451e-11,-0.223241,0.00278675,0.00230201,0.00219793,0.00358747,0.00169952,0,0,-0.0235473,-0.00961945,-0.0287326,0.000446667,0.0172866,-0.00703013,0.0679527,0,0,0,0,1.20024e-12,0,1.20024e-12,0,0,5.76116e-11,0,0,0,0,0,0,0,0,0.905991,3.9704e-09,0,0,1.20024e-12,0,1.20024e-12,0,0,0,0,0,0,0,0,0,0,0,3.9713e-09,0.905991,
-3.75451e-07,-0.429299,0.0146255,-0.00223966,0.00154184,0.000775368,-3.19352e-05,0,0,0.552715,-0.0188757,-0.0903896,0.0230734,0.0116421,0.00265428,-0.000621587,0,0,-9.08118e-08,-2,-0.00386252,-0.0114062,-0.00290301,-0.000469546,9.74071e-07,0,0,0.0261793,0.740376,0.0274472,0.0652786,-0.0182467,-0.0183102,0.0254252,0,0,-5.17811e-07,-0.250663,0.0819903,0.0113192,0.00422224,0.00219634,-7.72854e-05,0,0,-0.0908113,-0.0109341,0.542986,-0.00905152,0.00228288,0.00846817,-0.00192965,0,0,1.93422e-07,-1.8288,0.00544698,0.0469401,0.00501856,-0.000691103,-5.78455e-05,0,0,0.0261911,-0.0777914,-0.00322182,0.648597,0.00945596,0.050249,0.00744541,0,0,-3.98173e-06,0.961646,0.0406975,0.0112245,-0.0445318,-0.0309546,0.000825521,0,0,0.125676,0.0423411,0.0260049,0.13846,0.39459,-0.0300103,0.0134364,0,0,6.86819e-07,-0.890889,0.00509247,-0.0447824,-0.0367476,0.0347043,0.0011828,0,0,0.0442727,-0.0413154,0.096887,0.568329,-0.0359394,0.419116,-0.00229381,0,0,8.20663e-08,-0.223359,0.00278833,0.00230017,0.00219741,0.00358682,0.00169985,0,0,-0.0235397,-0.00962464,-0.0287324,0.000458645,0.0172752,-0.00703289,0.0679538,0,0,0,1.20024e-12,0,0,1.20024e-12,-1.20024e-12,0,0,0,0,0,0,0,0,0,0,0.905991,3.95209e-09,0,0,0,0,-1.20024e-12,1.20024e-12,0,0,0,0,0,0,0,0,0,0,3.95209e-09,0.905991,
3.75367e-07,-0.429909,0.0146401,-0.00224623,0.00154326,0.000776167,-3.19436e-05,0,0,0.552733,-0.0189026,-0.090446,0.0231172,0.0116441,0.00264769,-0.00061822,0,0,9.08296e-08,-2,-0.00386827,-0.0114164,-0.00290685,-0.000468406,1.00568e-06,0,0,0.0262036,0.74038,0.0274779,0.0653257,-0.0182535,-0.018337,0.0254256,0,0,5.17971e-07,-0.251078,0.0819853,0.0113163,0.00422594,0.0021974,-7.72857e-05,0,0,-0.0908692,-0.0109522,0.543184,-0.00903229,0.00230667,0.00846605,-0.00192795,0,0,-1.93449e-07,-1.82997,0.00544681,0.0469563,0.00501885,-0.000691448,-5.77891e-05,0,0,0.026237,-0.0778417,-0.00319418,0.648627,0.0094459,0.0502312,0.00745147,0,0,3.98335e-06,0.962002,0.0406854,0.0112276,-0.0445518,-0.0309636,0.000825225,0,0,0.125715,0.042357,0.0262508,0.138404,0.394652,-0.029999,0.0134239,0,0,-6.86874e-07,-0.888719,0.00509561,-0.0447813,-0.036761,0.0347284,0.00118228,0,0,0.0442404,-0.0412215,0.0968853,0.568253,-0.0359282,0.419134,-0.00230434,0,0,-8.20359e-08,-0.223476,0.00279,0.00229858,0.00219672,0.00358618,0.00170026,0,0,-0.023532,-0.00962983,-0.0287323,0.000470615,0.0172638,-0.00703565,0.067955,0,0,0,-1.20024e-12,0,0,0,0,-1.20024e-12,0,0,0,0,0,0,0,0,0,0.905991,4.02441e-09,1.20024e-12,-3.60072e-12,0,0,0,0,-3.60072e-12,0,0,0,0,0,0,0,0,0,4.02411e-09,0.905991,
-3.75294e-07,-0.43052,0.0146544,-0.00225168,0.00154431,0.000776966,-3.19518e-05,0,0,0.552752,-0.0189296,-0.0905025,0.0231611,0.0116461,0.00264108,-0.000614847,0,0,-9.08364e-08,-2,-0.00387411,-0.0114265,-0.00291078,-0.000467262,1.03721e-06,0,0,0.0262279,0.740384,0.0275087,0.0653729,-0.0182603,-0.0183638,0.0254261,0,0,-5.18197e-07,-0.251494,0.0819797,0.011315,0.00422911,0.00219846,-7.7286e-05,0,0,-0.0909272,-0.0109704,0.543382,-0.009013,0.00233045,0.00846389,-0.00192624,0,0,1.93463e-07,-1.83114,0.00544681,0.0469719,0.00501933,-0.000691793,-5.77327e-05,0,0,0.026283,-0.077892,-0.00316646,0.648657,0.00943584,0.0502134,0.00745754,0,0,-3.985e-06,0.962354,0.0406693,0.0112426,-0.0445758,-0.0309726,0.000824928,0,0,0.125754,0.042373,0.0264966,0.138349,0.394713,-0.0299878,0.0134114,0,0,6.87006e-07,-0.886548,0.00509945,-0.0447821,-0.0367736,0.0347526,0.00118175,0,0,0.044208,-0.0411276,0.0968834,0.568177,-0.0359171,0.419153,-0.00231488,0,0,8.19986e-08,-0.223594,0.00279175,0.00229675,0.00219611,0.00358553,0.00170067,0,0,-0.0235243,-0.00963501,-0.0287321,0.000482578,0.0172524,-0.00703841,0.0679562,0,0,0,0,1.20024e-12,0,0,0,0,-1.70434e-10,0,0,0,0,0,0,0,0,0.905991,4.18944e-09,0,0,1.20024e-12,0,0,0,0,0,0,0,0,0,0,0,0,0,4.18884e-09,0.905991,
-2.60209e-12,-0.431133,0.0146695,-0.0022579,0.00154498,0.00077814,-3.19601e-05,0,0,0.552771,-0.0189566,-0.0905591,0.023205,0.0116481,0.00263445,-0.000611469,0,0,-8.60585e-12,-2,-0.00387979,-0.0114367,-0.00291481,-0.000466024,1.06872e-06,0,0,0.0262522,0.740387,0.0275394,0.0654201,-0.0182671,-0.0183906,0.0254265,0,0,-6.93889e-12,-0.251911,0.0819751,0.0113125,0.00423175,0.00220004,-7.72862e-05,0,0,-0.0909853,-0.0109886,0.54358,-0.00899364,0.00235423,0.00846172,-0.00192453,0,0,1.38778e-11,-1.83231,0.00544641,0.0469879,0.00501999,-0.000692333,-5.76763e-05,0,0,0.0263291,-0.0779424,-0.00313868,0.648686,0.00942578,0.0501956,0.00746361,0,0,-3.38271e-11,0.962705,0.0406611,0.0112498,-0.0446036,-0.0309777,0.00082463,0,0,0.125794,0.0423889,0.0267424,0.138293,0.394775,-0.0299765,0.013399,0,0,-4.16334e-11,-0.884377,0.00510193,-0.0447816,-0.0367856,0.0347761,0.00118123,0,0,0.0441754,-0.0410336,0.0968812,0.5681,-0.0359059,0.419172,-0.00232542,0,0,0,-0.223711,0.00279334,0.00229507,0.00219558,0.0035848,0.00170108,0,0,-0.0235166,-0.00964019,-0.028732,0.000494533,0.017241,-0.00704118,0.0679574,0,0,0,1.20024e-12,0,-1.20024e-12,0,0,1.20024e-12,0,0,0,0,0,0,0,0,0,0.905991,-4.4646e-09,0,0,0,-1.20024e-12,-1.20024e-12,0,1.20024e-12,0,0,0,0,0,0,0,0,0,-4.4649e-09,0.905991,
-8.67362e-13,-0.431746,0.0146846,-0.00226339,0.00154602,0.000778939,-3.15932e-05,0,0,0.55279,-0.0189836,-0.0906158,0.0232491,0.0116501,0.00262779,-0.000608085,0,0,-5.47522e-12,-2,-0.00388546,-0.0114467,-0.00291874,-0.000464873,1.19103e-06,0,0,0.0262765,0.740392,0.0275702,0.0654672,-0.0182739,-0.0184173,0.025427,0,0,-1.04083e-11,-0.252329,0.0819706,0.0113111,0.00423491,0.0022011,-7.67677e-05,0,0,-0.0910436,-0.0110069,0.543778,-0.00897423,0.002378,0.00845951,-0.00192281,0,0,-2.08167e-11,-1.83348,0.005446,0.0470035,0.00502046,-0.000692681,-5.78134e-05,0,0,0.0263753,-0.0779928,-0.00311084,0.648716,0.00941571,0.0501777,0.00746969,0,0,-3.03577e-12,0.963057,0.0406528,0.0112648,-0.0446275,-0.0309866,0.00082832,0,0,0.125833,0.0424048,0.0269883,0.138237,0.394836,-0.0299653,0.0133865,0,0,2.77556e-11,-0.882204,0.00510442,-0.0447823,-0.0367981,0.0348004,0.00118001,0,0,0.0441426,-0.0409396,0.0968788,0.568024,-0.0358947,0.41919,-0.00233597,0,0,-1.12757e-11,-0.223829,0.00279494,0.00229323,0.00219496,0.00358414,0.00170141,0,0,-0.0235088,-0.00964537,-0.0287318,0.00050648,0.0172296,-0.00704394,0.0679586,0,0,0,-1.20024e-12,0,-2.40048e-12,-2.40048e-12,0,1.20024e-12,-5.76116e-11,0,0,0,0,0,0,0,0,0.905991,-4.60292e-09,0,1.20024e-12,1.20024e-12,2.40048e-12,3.60072e-12,0,0,1.15223e-10,0,0,0,0,0,0,0,0,-4.60262e-09,0.905991,
-3.75058e-07,-0.43236,0.0146993,-0.00226889,0.00154706,0.000779363,-3.19765e-05,0,0,0.552809,-0.0190107,-0.0906726,0.0232933,0.0116521,0.00262111,-0.000604695,0,0,-9.09015e-08,-2,-0.00389124,-0.0114567,-0.00292268,-0.000463811,1.13153e-06,0,0,0.0263008,0.740396,0.027601,0.0655144,-0.0182807,-0.0184441,0.0254274,0,0,-5.18731e-07,-0.252748,0.0819655,0.0113097,0.00423806,0.00220163,-7.72863e-05,0,0,-0.0911019,-0.0110252,0.543976,-0.00895475,0.00240176,0.00845728,-0.00192109,0,0,1.93554e-07,-1.83465,0.00544577,0.047019,0.00502092,-0.000692837,-5.75634e-05,0,0,0.0264215,-0.0780433,-0.00308292,0.648746,0.00940563,0.0501599,0.00747577,0,0,-3.98977e-06,0.963412,0.0406404,0.0112799,-0.0446512,-0.0309995,0.000824034,0,0,0.125872,0.0424207,0.0272341,0.138181,0.394898,-0.029954,0.013374,0,0,6.87304e-07,-0.880031,0.00510762,-0.044783,-0.0368107,0.0348254,0.00118017,0,0,0.0441097,-0.0408455,0.0968762,0.567948,-0.0358836,0.419209,-0.00234652,0,0,8.1898e-08,-0.223946,0.00279661,0.00229138,0.00219434,0.00358357,0.0017019,0,0,-0.0235011,-0.00965055,-0.0287316,0.00051842,0.0172181,-0.00704671,0.0679597,0,0,1.20024e-12,0,2.40048e-12,-2.40048e-12,1.20024e-12,0,0,0,0,0,0,0,0,0,0,0,0.905991,-4.58822e-09,2.40048e-12,0,1.20024e-12,-1.20024e-12,-1.20024e-12,0,0,0,0,0,0,0,0,0,0,0,-4.58912e-09,0.905991,
8.67362e-13,-0.432975,0.0147141,-0.00227553,0.00154847,0.000780537,-3.19847e-05,0,0,0.552828,-0.0190378,-0.0907295,0.0233375,0.0116541,0.00261441,-0.000601299,0,0,-2.50722e-13,-2,-0.00389702,-0.011467,-0.00292652,-0.000462563,1.16286e-06,0,0,0.0263251,0.7404,0.0276318,0.0655615,-0.0182876,-0.0184709,0.0254279,0,0,0,-0.253168,0.0819604,0.0113067,0.00424173,0.00220321,-7.72862e-05,0,0,-0.0911603,-0.0110435,0.544174,-0.0089352,0.00242552,0.00845503,-0.00191936,0,0,6.93889e-12,-1.83583,0.00544553,0.0470352,0.00502118,-0.00069338,-5.75069e-05,0,0,0.0264679,-0.0780938,-0.00305494,0.648775,0.00939556,0.050142,0.00748185,0,0,-2.71051e-11,0.963763,0.040628,0.0112831,-0.044671,-0.0310045,0.000823734,0,0,0.125911,0.0424367,0.0274798,0.138125,0.39496,-0.0299428,0.0133615,0,0,-5.55112e-11,-0.877856,0.00511083,-0.0447815,-0.0368239,0.0348492,0.00117964,0,0,0.0440767,-0.0407514,0.0968734,0.567871,-0.0358724,0.419227,-0.00235707,0,0,1.04083e-11,-0.224064,0.00279829,0.00228978,0.00219363,0.00358283,0.00170231,0,0,-0.0234933,-0.00965572,-0.0287314,0.000530352,0.0172067,-0.00704947,0.0679609,0,0,0,0,-1.20024e-12,1.20024e-12,-1.20024e-12,-1.20024e-12,0,0,0,0,0,0,0,0,0,0,0.905991,-4.44029e-09,0,0,1.20024e-12,-1.20024e-12,1.20024e-12,1.20024e-12,0,0,0,0,0,0,0,0,0,0,-4.44059e-09,0.905991,
3.74898e-07,-0.433591,0.0147285,-0.00228106,0.00154951,0.000780961,-3.19928e-05,0,0,0.552847,-0.0190649,-0.0907865,0.0233819,0.011656,0.00260769,-0.000597897,0,0,9.09338e-08,-2,-0.0039029,-0.011477,-0.00293045,-0.000461494,1.19413e-06,0,0,0.0263494,0.740404,0.0276625,0.0656087,-0.0182944,-0.0184976,0.0254283,0,0,5.19113e-07,-0.253589,0.0819548,0.0113052,0.00424487,0.00220374,-7.7286e-05,0,0,-0.0912189,-0.0110619,0.544372,-0.0089156,0.00244927,0.00845275,-0.00191763,0,0,-1.93567e-07,-1.837,0.00544547,0.0470508,0.00502163,-0.000693537,-5.74503e-05,0,0,0.0265143,-0.0781444,-0.00302689,0.648805,0.00938548,0.0501242,0.00748794,0,0,3.99296e-06,0.96411,0.0406115,0.0112982,-0.0446946,-0.0310173,0.000823435,0,0,0.12595,0.0424526,0.0277256,0.13807,0.395021,-0.0299316,0.0133491,0,0,-6.87513e-07,-0.87568,0.00511474,-0.044782,-0.0368364,0.0348743,0.00117911,0,0,0.0440434,-0.0406572,0.0968704,0.567795,-0.0358612,0.419246,-0.00236763,0,0,-8.18443e-08,-0.224181,0.00280005,0.00228793,0.002193,0.00358226,0.00170272,0,0,-0.0234856,-0.00966089,-0.0287313,0.000542277,0.0171953,-0.00705224,0.0679621,0,0,0,-3.60072e-12,0,0,0,1.20024e-12,0,0,0,0,0,0,0,0,0,0,0.905991,4.19724e-09,0,2.40048e-12,0,0,0,0,0,0,0,0,0,0,0,0,0,0,4.19724e-09,0.905991,
8.67362e-13,-0.434209,0.0147437,-0.00228661,0.00155054,0.00078176,-3.16261e-05,0,0,0.552866,-0.0190921,-0.0908436,0.0234263,0.011658,0.00260094,-0.00059449,0,0,-4.01155e-12,-2,-0.00390861,-0.0114871,-0.00293439,-0.00046033,1.31631e-06,0,0,0.0263737,0.740408,0.0276933,0.0656558,-0.0183012,-0.0185244,0.0254287,0,0,1.38778e-11,-0.254011,0.0819502,0.0113037,0.00424801,0.00220479,-7.67665e-05,0,0,-0.0912775,-0.0110804,0.54457,-0.00889593,0.00247302,0.00845044,-0.0019159,0,0,2.08167e-11,-1.83818,0.005445,0.0470664,0.00502208,-0.000693889,-5.75874e-05,0,0,0.0265608,-0.078195,-0.00299878,0.648835,0.00937539,0.0501063,0.00749403,0,0,-1.05168e-11,0.964456,0.040603,0.0113133,-0.0447182,-0.0310262,0.000827129,0,0,0.125989,0.0424685,0.0279714,0.138014,0.395083,-0.0299204,0.0133366,0,0,-1.38778e-11,-0.873503,0.00511729,-0.0447825,-0.0368489,0.0348989,0.00117789,0,0,0.04401,-0.040563,0.0968672,0.567719,-0.0358501,0.419265,-0.0023782,0,0,2.1684e-11,-0.224298,0.00280166,0.00228608,0.00219237,0.0035816,0.00170304,0,0,-0.0234778,-0.00966606,-0.0287311,0.000554195,0.017184,-0.007055,0.0679632,0,0,0,1.20024e-12,1.20024e-12,0,0,0,0,0,0,0,0,0,0,0,0,0,0.905991,4.09642e-09,0,-2.40048e-12,-2.40048e-12,-1.20024e-12,0,0,-1.20024e-12,0,0,0,0,0,0,0,0,0,4.09612e-09,0.905991,
0,-0.434826,0.0147582,-0.00229255,0.00155156,0.000782559,-3.20089e-05,0,0,0.552886,-0.0191194,-0.0909007,0.0234708,0.0116599,0.00259417,-0.000591076,0,0,-1.19737e-11,-2,-0.0039145,-0.0114972,-0.00293832,-0.000459164,1.25653e-06,0,0,0.026398,0.740412,0.0277241,0.0657029,-0.018308,-0.0185512,0.0254291,0,0,3.46945e-12,-0.254433,0.0819446,0.0113016,0.00425114,0.00220583,-7.72854e-05,0,0,-0.0913362,-0.0110988,0.544768,-0.00887619,0.00249676,0.0084481,-0.00191416,0,0,0,-1.83936,0.00544491,0.0470822,0.00502252,-0.000694242,-5.73372e-05,0,0,0.0266074,-0.0782457,-0.0029706,0.648864,0.0093653,0.0500884,0.00750012,0,0,-2.49366e-12,0.964815,0.0405863,0.0113245,-0.0447418,-0.031035,0.000822834,0,0,0.126028,0.0424844,0.0282171,0.137958,0.395144,-0.0299091,0.0133242,0,0,-2.77556e-11,-0.871328,0.00512123,-0.0447822,-0.0368613,0.0349235,0.00117805,0,0,0.0439765,-0.0404688,0.0968637,0.567642,-0.0358389,0.419284,-0.00238876,0,0,-1.04083e-11,-0.224415,0.00280342,0.00228431,0.00219174,0.00358093,0.00170353,0,0,-0.02347,-0.00967123,-0.0287309,0.000566104,0.0171726,-0.00705777,0.0679644,0,0,0,1.20024e-12,-1.20024e-12,0,0,0,0,0,0,0,0,0,0,0,0,0,0.905991,4.10572e-09,0,-1.20024e-12,1.20024e-12,0,0,0,0,0,0,0,0,0,0,0,0,0,4.10632e-09,0.905991,
-8.67362e-13,-0.435446,0.0147728,-0.00229888,0.00155221,0.000783357,-3.20169e-05,0,0,0.552905,-0.0191467,-0.090958,0.0235154,0.0116618,0.00258737,-0.000587657,0,0,1.82959e-12,-2,-0.0039204,-0.0115074,-0.00294234,-0.000457994,1.28763e-06,0,0,0.0264224,0.740417,0.0277549,0.0657501,-0.0183149,-0.0185779,0.0254296,0,0,0,-0.254857,0.0819389,0.0112991,0.00425374,0.00220688,-7.72849e-05,0,0,-0.091395,-0.0111174,0.544967,-0.0088564,0.0025205,0.00844574,-0.00191241,0,0,6.93889e-12,-1.84053,0.0054448,0.0470982,0.00502314,-0.000694597,-5.72805e-05,0,0,0.0266541,-0.0782964,-0.00294235,0.648894,0.0093552,0.0500704,0.00750622,0,0,5.20417e-12,0.965161,0.0405697,0.0113316,-0.0447693,-0.0310438,0.000822532,0,0,0.126067,0.0425002,0.0284628,0.137903,0.395206,-0.0298979,0.0133117,0,0,0,-0.869149,0.00512519,-0.0447812,-0.036873,0.0349481,0.00117751,0,0,0.0439428,-0.0403745,0.0968601,0.567566,-0.0358277,0.419302,-0.00239934,0,0,-5.20417e-12,-0.224532,0.00280519,0.00228262,0.00219118,0.00358027,0.00170393,0,0,-0.0234621,-0.00967639,-0.0287307,0.000578007,0.0171612,-0.00706053,0.0679656,0,0,0,1.20024e-12,1.20024e-12,-1.20024e-12,0,-1.20024e-12,-1.20024e-12,0,0,0,0,0,0,0,0,0,0.905991,4.21435e-09,0,-1.20024e-12,-1.20024e-12,1.20024e-12,0,1.20024e-12,1.20024e-12,0,0,0,0,0,0,0,0,0,4.21495e-09,0.905991,
1.73472e-12,-0.436066,0.0147881,-0.00230485,0.0015536,0.000784156,-3.20249e-05,0,0,0.552924,-0.019174,-0.0910154,0.0235601,0.0116637,0.00258056,-0.000584232,0,0,-6.09864e-14,-2,-0.00392613,-0.0115175,-0.00294619,-0.000456821,1.3187e-06,0,0,0.0264467,0.740421,0.0277857,0.0657972,-0.0183217,-0.0186047,0.02543,0,0,6.93889e-12,-0.255282,0.0819343,0.011297,0.00425738,0.00220792,-7.72844e-05,0,0,-0.091454,-0.0111359,0.545165,-0.00883654,0.00254423,0.00844336,-0.00191066,0,0,0,-1.84171,0.0054443,0.047114,0.00502338,-0.000694952,-5.72238e-05,0,0,0.0267009,-0.0783471,-0.00291403,0.648924,0.00934511,0.0500525,0.00751232,0,0,-2.68882e-11,0.965511,0.0405609,0.0113428,-0.0447887,-0.0310526,0.00082223,0,0,0.126105,0.0425161,0.0287085,0.137847,0.395267,-0.0298867,0.0132993,0,0,-5.55112e-11,-0.86697,0.00512778,-0.0447807,-0.036886,0.0349729,0.00117698,0,0,0.0439089,-0.0402802,0.0968562,0.567489,-0.0358166,0.419321,-0.00240991,0,0,5.20417e-12,-0.224649,0.0028068,0.00228084,0.00219046,0.0035796,0.00170434,0,0,-0.0234543,-0.00968155,-0.0287304,0.000589901,0.0171498,-0.0070633,0.0679668,0,0,0,1.20024e-12,0,0,0,0,0,0,0,0,0,0,0,0,0,0,0.905991,-4.43249e-09,0,-2.40048e-12,0,2.40048e-12,0,0,0,0,0,0,0,0,0,0,0,0,-4.43219e-09,0.905991,
4.33681e-12,-0.436687,0.014803,-0.00231121,0.00155462,0.000784955,-3.24074e-05,0,0,0.552944,-0.0192014,-0.0910728,0.0236049,0.0116656,0.00257372,-0.000580801,0,0,5.21095e-12,-2,-0.00393195,-0.0115278,-0.00295012,-0.000455644,1.25867e-06,0,0,0.026471,0.740426,0.0278165,0.0658443,-0.0183286,-0.0186314,0.0254304,0,0,1.04083e-11,-0.255708,0.0819292,0.0112943,0.00426049,0.00220896,-7.78038e-05,0,0,-0.091513,-0.0111545,0.545363,-0.00881661,0.00256795,0.00844095,-0.00190891,0,0,-2.77556e-11,-1.84289,0.00544397,0.04713,0.0050238,-0.000695308,-5.69735e-05,0,0,0.0267478,-0.0783979,-0.00288564,0.648954,0.009335,0.0500346,0.00751842,0,0,1.37694e-11,0.965861,0.0405481,0.01135,-0.0448121,-0.0310613,0.000817927,0,0,0.126144,0.042532,0.0289542,0.137792,0.395328,-0.0298755,0.0132869,0,0,6.93889e-11,-0.86479,0.00513108,-0.0447795,-0.0368984,0.0349976,0.00117713,0,0,0.0438748,-0.0401859,0.0968521,0.567413,-0.0358054,0.41934,-0.0024205,0,0,2.1684e-11,-0.224766,0.00280849,0.00227915,0.00218981,0.00357893,0.00170483,0,0,-0.0234464,-0.00968671,-0.0287302,0.000601788,0.0171384,-0.00706607,0.0679679,0,0,0,-1.20024e-12,0,1.20024e-12,-1.20024e-12,0,1.20024e-12,-5.64113e-11,0,0,0,0,0,0,0,0,0.905991,-4.51201e-09,0,-1.20024e-12,0,-1.20024e-12,1.20024e-12,0,-1.20024e-12,2.40048e-12,0,0,0,0,0,0,0,0,-4.51201e-09,0.905991,
0,-0.437309,0.014818,-0.00231646,0.00155601,0.000785379,-3.20408e-05,0,0,0.552963,-0.0192288,-0.0911304,0.0236498,0.0116674,0.00256685,-0.000577364,0,0,-3.05609e-12,-2,-0.00393778,-0.0115377,-0.00295396,-0.000454556,1.38063e-06,0,0,0.0264953,0.74043,0.0278474,0.0658914,-0.0183354,-0.0186581,0.0254307,0,0,0,-0.256135,0.081924,0.0112932,0.00426412,0.00220948,-7.72831e-05,0,0,-0.0915721,-0.0111732,0.545561,-0.00879662,0.00259167,0.00843851,-0.00190715,0,0,-2.08167e-11,-1.84408,0.00544363,0.0471454,0.00502402,-0.000695471,-5.71104e-05,0,0,0.0267948,-0.0784488,-0.00285719,0.648984,0.00932489,0.0500166,0.00752453,0,0,4.83554e-11,0.966207,0.0405352,0.0113691,-0.0448314,-0.0310741,0.000821625,0,0,0.126182,0.0425479,0.0291999,0.137736,0.39539,-0.0298643,0.0132744,0,0,9.02056e-11,-0.862609,0.0051344,-0.0447803,-0.0369113,0.0350232,0.0011759,0,0,0.0438406,-0.0400915,0.0968478,0.567336,-0.0357943,0.419359,-0.00243108,0,0,1.04083e-11,-0.224883,0.00281018,0.0022772,0.00218908,0.00357834,0.00170515,0,0,-0.0234385,-0.00969186,-0.02873,0.000613668,0.017127,-0.00706884,0.0679691,0,0,0,0,-1.20024e-12,0,0,0,0,-1.20024e-12,0,0,0,0,0,0,0,0,0.905991,-4.45229e-09,0,1.20024e-12,0,-1.20024e-12,-1.20024e-12,1.20024e-12,0,-1.20024e-12,0,0,0,0,0,0,0,0,-4.45229e-09,0.905991,
8.67362e-13,-0.437931,0.0148334,-0.00232323,0.00155627,0.000786178,-3.16743e-05,0,0,0.552983,-0.0192563,-0.0911881,0.0236948,0.0116693,0.00255997,-0.000573922,0,0,-8.01632e-12,-2,-0.00394352,-0.011548,-0.00295808,-0.000453373,1.50258e-06,0,0,0.0265197,0.740435,0.0278782,0.0659385,-0.0183423,-0.0186849,0.0254311,0,0,1.04083e-11,-0.256562,0.0819194,0.01129,0.00426618,0.00221052,-7.67619e-05,0,0,-0.0916314,-0.0111919,0.545759,-0.00877657,0.00261539,0.00843604,-0.00190539,0,0,1.38778e-11,-1.84526,0.00544307,0.0471616,0.00502482,-0.000695829,-5.72474e-05,0,0,0.0268418,-0.0784997,-0.00282867,0.649013,0.00931478,0.0499986,0.00753065,0,0,-2.12504e-11,0.966564,0.0405263,0.0113723,-0.0448627,-0.0310828,0.000825325,0,0,0.126221,0.0425637,0.0294455,0.137681,0.395451,-0.0298532,0.013262,0,0,-3.46945e-11,-0.860428,0.00513704,-0.0447783,-0.0369222,0.0350481,0.00117467,0,0,0.0438063,-0.0399971,0.0968432,0.56726,-0.0357831,0.419378,-0.00244167,0,0,-1.99493e-11,-0.225,0.0028118,0.00227558,0.0021886,0.00357767,0.00170547,0,0,-0.0234307,-0.00969701,-0.0287298,0.000625539,0.0171157,-0.00707161,0.0679703,0,0,0,0,0,0,0,0,-1.20024e-12,-1.15223e-10,0,0,0,0,0,0,0,0,0.905991,4.27676e-09,0,0,2.40048e-12,-2.40048e-12,2.40048e-12,0,2.40048e-12,0,0,0,0,0,0,0,0,0,4.27676e-09,0.905991,
-3.74257e-07,-0.438555,0.0148481,-0.00232851,0.00155765,0.000786977,-3.24308e-05,0,0,0.553003,-0.0192838,-0.0912458,0.0237399,0.0116711,0.00255306,-0.000570473,0,0,-9.10823e-08,-2,-0.00394946,-0.011558,-0.00296192,-0.000452187,1.35125e-06,0,0,0.026544,0.740439,0.027909,0.0659855,-0.0183492,-0.0187116,0.0254315,0,0,-5.20591e-07,-0.25699,0.0819137,0.0112889,0.0042698,0.00221155,-7.7802e-05,0,0,-0.0916907,-0.0112106,0.545958,-0.00875646,0.0026391,0.00843355,-0.00190362,0,0,1.93748e-07,-1.84644,0.0054429,0.047177,0.00502503,-0.000696188,-5.68031e-05,0,0,0.0268889,-0.0785507,-0.00280008,0.649043,0.00930467,0.0499807,0.00753676,0,0,-4.00561e-06,0.966913,0.0405092,0.0113915,-0.0448819,-0.0310914,0.000817012,0,0,0.126259,0.0425795,0.0296911,0.137626,0.395512,-0.029842,0.0132496,0,0,6.88338e-07,-0.858246,0.00514107,-0.044779,-0.0369351,0.0350731,0.00117551,0,0,0.0437717,-0.0399026,0.0968385,0.567183,-0.035772,0.419396,-0.00245226,0,0,8.15676e-08,-0.225116,0.00281357,0.00227364,0.00218786,0.00357699,0.00170603,0,0,-0.0234227,-0.00970216,-0.0287295,0.000637404,0.0171043,-0.00707438,0.0679714,0,0,0,-1.20024e-12,0,-2.40048e-12,0,-2.40048e-12,0,0,0,0,0,0,0,0,0,0,0.905991,4.23595e-09,0,-1.20024e-12,0,3.60072e-12,1.20024e-12,2.40048e-12,-1.20024e-12,0,0,0,0,0,0,0,0,0,4.23625e-09,0.905991,
-1.73472e-12,-0.439181,0.0148628,-0.00233493,0.00155828,0.000788524,-3.16902e-05,0,0,0.553023,-0.0193113,-0.0913037,0.023785,0.011673,0.00254612,-0.000567018,0,0,1.6263e-13,-2,-0.0039554,-0.0115682,-0.00296595,-0.000450815,1.56424e-06,0,0,0.0265684,0.740444,0.0279399,0.0660326,-0.018356,-0.0187383,0.0254319,0,0,-1.38778e-11,-0.257421,0.081908,0.0112862,0.00427237,0.00221363,-7.67596e-05,0,0,-0.0917501,-0.0112294,0.546156,-0.00873627,0.0026628,0.00843104,-0.00190185,0,0,0,-1.84763,0.00544271,0.0471929,0.00502562,-0.000696936,-5.71338e-05,0,0,0.0269361,-0.0786017,-0.00277143,0.649073,0.00929455,0.0499627,0.00754288,0,0,-3.44776e-11,0.967255,0.0404921,0.0113987,-0.044909,-0.031092,0.00082472,0,0,0.126297,0.0425954,0.0299368,0.13757,0.395574,-0.0298308,0.0132372,0,0,2.77556e-11,-0.856061,0.00514512,-0.0447775,-0.0369467,0.0350968,0.00117359,0,0,0.0437371,-0.0398081,0.0968335,0.567107,-0.0357608,0.419415,-0.00246286,0,0,8.67362e-13,-0.225233,0.00281535,0.00227193,0.00218728,0.00357615,0.00170627,0,0,-0.0234148,-0.0097073,-0.0287293,0.00064926,0.0170929,-0.00707715,0.0679726,0,0,0,0,0,1.20024e-12,0,0,0,1.14023e-10,0,0,0,0,0,0,0,0,0.905991,-4.30887e-09,0,0,1.20024e-12,0,0,0,-1.20024e-12,-1.20024e-12,0,0,0,0,0,0,0,0,-4.30887e-09,0.905991,
-3.74092e-07,-0.439807,0.014878,-0.002341,0.00155966,0.000788948,-3.24462e-05,0,0,0.553043,-0.0193389,-0.0913617,0.0238303,0.0116748,0.00253917,-0.000563558,0,0,-9.11191e-08,-2,-0.00396126,-0.0115784,-0.00296979,-0.000449713,1.4127e-06,0,0,0.0265927,0.740449,0.0279707,0.0660797,-0.0183629,-0.018765,0.0254322,0,0,-5.20955e-07,-0.257851,0.0819028,0.0112839,0.00427598,0.00221414,-7.78003e-05,0,0,-0.0918097,-0.0112482,0.546354,-0.00871603,0.00268649,0.00842849,-0.00190007,0,0,1.93762e-07,-1.84881,0.00544231,0.0472087,0.00502582,-0.000697103,-5.66894e-05,0,0,0.0269834,-0.0786527,-0.0027427,0.649103,0.00928442,0.0499447,0.00754901,0,0,-4.00877e-06,0.967604,0.040479,0.0114099,-0.0449281,-0.0311047,0.000816399,0,0,0.126335,0.0426112,0.0301824,0.137515,0.395635,-0.0298197,0.0132248,0,0,6.88644e-07,-0.853877,0.00514849,-0.0447767,-0.0369595,0.0351225,0.00117443,0,0,0.0437022,-0.0397135,0.0968283,0.56703,-0.0357497,0.419434,-0.00247347,0,0,8.15199e-08,-0.225349,0.00281706,0.00227014,0.00218654,0.00357555,0.00170684,0,0,-0.0234069,-0.00971245,-0.028729,0.000661109,0.0170816,-0.00707991,0.0679738,0,0,0,1.20024e-12,3.60072e-12,-3.60072e-12,3.60072e-12,-3.60072e-12,3.60072e-12,0,0,0,0,0,0,0,0,0,0.905991,4.25846e-09,0,1.20024e-12,3.60072e-12,-1.20024e-12,1.20024e-12,-1.20024e-12,3.60072e-12,0,0,0,0,0,0,0,0,0,4.25906e-09,0.905991,
3.74013e-07,-0.440433,0.0148935,-0.00234745,0.00156103,0.000789747,-3.17059e-05,0,0,0.553063,-0.0193665,-0.0914197,0.0238756,0.0116766,0.00253219,-0.000560092,0,0,9.11427e-08,-2,-0.00396703,-0.0115886,-0.00297363,-0.000448517,1.62563e-06,0,0,0.0266171,0.740454,0.0280016,0.0661268,-0.0183698,-0.0187917,0.0254326,0,0,5.21142e-07,-0.258282,0.0818981,0.0112812,0.00427958,0.00221517,-7.6757e-05,0,0,-0.0918693,-0.011267,0.546553,-0.00869572,0.00271019,0.00842592,-0.00189828,0,0,-1.93796e-07,-1.85,0.0054417,0.0472247,0.00502602,-0.000697465,-5.70201e-05,0,0,0.0270308,-0.0787038,-0.00271391,0.649133,0.00927429,0.0499266,0.00755514,0,0,4.01033e-06,0.967956,0.0404698,0.0114171,-0.0449471,-0.0311132,0.000824112,0,0,0.126374,0.042627,0.0304279,0.13746,0.395696,-0.0298085,0.0132124,0,0,-6.88644e-07,-0.851693,0.00515119,-0.0447751,-0.0369723,0.0351477,0.00117251,0,0,0.0436672,-0.0396189,0.0968229,0.566953,-0.0357386,0.419453,-0.00248407,0,0,-8.14791e-08,-0.225466,0.00281868,0.00226843,0.0021858,0.00357487,0.00170707,0,0,-0.0233989,-0.00971758,-0.0287288,0.00067295,0.0170702,-0.00708269,0.0679749,0,0,0,0,0,0,0,0,0,0,0,0,0,0,0,0,0,0,0.905991,-4.32447e-09,1.20024e-12,-2.40048e-12,-1.20024e-12,-2.40048e-12,1.20024e-12,1.20024e-12,0,0,0,0,0,0,0,0,0,0,-4.32507e-09,0.905991,
-8.67362e-13,-0.441061,0.0149087,-0.00235355,0.00156202,0.000790545,-3.20876e-05,0,0,0.553083,-0.0193942,-0.0914779,0.0239211,0.0116784,0.00252519,-0.000556619,0,0,-7.71816e-12,-2,-0.0039729,-0.0115988,-0.00297757,-0.000447318,1.56508e-06,0,0,0.0266414,0.740459,0.0280324,0.0661738,-0.0183767,-0.0188184,0.0254329,0,0,3.46945e-12,-0.258715,0.0818929,0.0112789,0.00428265,0.00221619,-7.72769e-05,0,0,-0.0919291,-0.0112859,0.546751,-0.00867534,0.00273387,0.00842333,-0.0018965,0,0,0,-1.85119,0.00544127,0.0472405,0.0050264,-0.000697828,-5.67694e-05,0,0,0.0270783,-0.0787549,-0.00268505,0.649163,0.00926416,0.0499086,0.00756127,0,0,3.37729e-11,0.968305,0.0404565,0.0114283,-0.0449701,-0.0311218,0.000819796,0,0,0.126412,0.0426428,0.0306735,0.137405,0.395757,-0.0297973,0.0132,0,0,5.55112e-11,-0.849507,0.0051546,-0.0447741,-0.0369844,0.0351729,0.00117265,0,0,0.043632,-0.0395243,0.0968173,0.566877,-0.0357274,0.419472,-0.00249468,0,0,-2.08167e-11,-0.225582,0.00282038,0.00226664,0.00218513,0.00357418,0.00170755,0,0,-0.0233909,-0.00972272,-0.0287285,0.000684784,0.0170589,-0.00708546,0.0679761,0,0,0,0,0,1.20024e-12,0,-1.20024e-12,1.20024e-12,-5.64113e-11,0,0,0,0,0,0,0,0,0.905991,4.26776e-09,0,0,0,1.20024e-12,0,-1.20024e-12,1.20024e-12,0,0,0,0,0,0,0,0,0,4.26806e-09,0.905991,
1.73472e-12,-0.44169,0.0149239,-0.00235929,0.00156264,0.000791343,-3.20952e-05,0,0,0.553103,-0.0194219,-0.0915361,0.0239666,0.0116801,0.00251816,-0.000553141,0,0,8.11796e-12,-2,-0.00397878,-0.0116089,-0.00298159,-0.000446115,1.59578e-06,0,0,0.0266658,0.740464,0.0280633,0.0662209,-0.0183836,-0.0188451,0.0254333,0,0,3.46945e-12,-0.259148,0.0818877,0.0112771,0.00428519,0.00221722,-7.72757e-05,0,0,-0.0919889,-0.0113049,0.546949,-0.0086549,0.00275755,0.0084207,-0.0018947,0,0,-6.93889e-12,-1.85238,0.00544082,0.0472561,0.00502697,-0.00069819,-5.67125e-05,0,0,0.0271259,-0.0788061,-0.00265612,0.649193,0.00925402,0.0498906,0.0075674,0,0,-6.72205e-12,0.968657,0.0404431,0.0114436,-0.044997,-0.0311303,0.000819491,0,0,0.126449,0.0426586,0.030919,0.137349,0.395818,-0.0297862,0.0131876,0,0,-6.93889e-12,-0.847321,0.00515802,-0.0447737,-0.0369958,0.0351982,0.0011721,0,0,0.0435967,-0.0394296,0.0968115,0.5668,-0.0357163,0.419491,-0.0025053,0,0,8.67362e-13,-0.225699,0.00282209,0.00226477,0.00218454,0.0035735,0.00170795,0,0,-0.023383,-0.00972785,-0.0287282,0.00069661,0.0170475,-0.00708823,0.0679772,0,0,0,0,0,0,0,-1.20024e-12,-2.40048e-12,1.14023e-10,0,0,0,0,0,0,0,0,0.905991,-4.32777e-09,0,0,1.20024e-12,-1.20024e-12,0,1.20024e-12,3.60072e-12,1.20024e-12,0,0,0,0,0,0,0,0,-4.32747e-09,0.905991,
-1.73472e-12,-0.44232,0.0149395,-0.00236579,0.00156325,0.000792516,-3.24766e-05,0,0,0.553123,-0.0194497,-0.0915945,0.0240122,0.0116819,0.00251111,-0.000549657,0,0,-8.28059e-12,-2,-0.00398457,-0.0116191,-0.00298562,-0.000444818,1.53512e-06,0,0,0.0266901,0.740469,0.0280942,0.0662679,-0.0183905,-0.0188718,0.0254336,0,0,3.46945e-12,-0.259583,0.0818829,0.0112743,0.00428773,0.00221876,-7.7796e-05,0,0,-0.0920488,-0.0113238,0.547148,-0.00863439,0.00278122,0.00841805,-0.00189291,0,0,1.38778e-11,-1.85357,0.00544017,0.0472721,0.00502754,-0.000698748,-5.64617e-05,0,0,0.0271735,-0.0788574,-0.00262712,0.649222,0.00924387,0.0498725,0.00757354,0,0,8.0231e-12,0.969001,0.0404337,0.0114508,-0.0450239,-0.0311348,0.000815169,0,0,0.126487,0.0426744,0.0311646,0.137294,0.39588,-0.0297751,0.0131752,0,0,-2.08167e-11,-0.845133,0.00516077,-0.0447719,-0.0370072,0.0352229,0.00117224,0,0,0.0435612,-0.0393349,0.0968054,0.566723,-0.0357052,0.41951,-0.00251592,0,0,5.20417e-12,-0.225815,0.00282371,0.00226305,0.00218395,0.00357273,0.00170843,0,0,-0.023375,-0.00973298,-0.028728,0.000708428,0.0170362,-0.007091,0.0679784,0,0,0,-3.60072e-12,-1.20024e-12,0,-3.60072e-12,0,1.20024e-12,0,0,0,0,0,0,0,0,0,0.905991,4.26476e-09,0,1.20024e-12,-1.20024e-12,0,1.20024e-12,1.20024e-12,-2.40048e-12,0,0,0,0,0,0,0,0,0,4.26506e-09,0.905991,
-3.46945e-12,-0.442951,0.0149544,-0.00237156,0.00156498,0.000792567,-3.21105e-05,0,0,0.553143,-0.0194775,-0.0916529,0.0240579,0.0116837,0.00250404,-0.000546167,0,0,-1.53144e-12,-2,-0.00399055,-0.0116292,-0.00298937,-0.000443791,1.65673e-06,0,0,0.0267145,0.740474,0.028125,0.0663149,-0.0183974,-0.0188985,0.0254339,0,0,-1.73472e-11,-0.260018,0.0818772,0.0112725,0.00429183,0.00221874,-7.72728e-05,0,0,-0.0921089,-0.0113429,0.547346,-0.00861382,0.00280489,0.00841538,-0.0018911,0,0,-1.38778e-11,-1.85476,0.00543989,0.0472877,0.00502751,-0.000698726,-5.65986e-05,0,0,0.0272213,-0.0789087,-0.00259805,0.649252,0.00923373,0.0498544,0.00757969,0,0,6.50521e-13,0.969349,0.0404162,0.0114661,-0.0450387,-0.0311513,0.000818876,0,0,0.126525,0.0426902,0.0314101,0.137239,0.395941,-0.0297639,0.0131628,0,0,9.02056e-11,-0.842944,0.00516491,-0.0447714,-0.0370205,0.0352497,0.00117101,0,0,0.0435255,-0.0392402,0.0967992,0.566646,-0.035694,0.419529,-0.00252654,0,0,5.20417e-12,-0.225931,0.00282551,0.00226117,0.00218311,0.0035722,0.00170875,0,0,-0.0233669,-0.00973811,-0.0287277,0.000720239,0.0170249,-0.00709377,0.0679796,0,0,0,1.20024e-12,0,-1.20024e-12,0,-1.20024e-12,-1.20024e-12,0,0,0,0,0,0,0,0,0,0.905991,-4.31907e-09,0,0,0,0,0,0,0,0,0,0,0,0,0,0,0,0,-4.31967e-09,0.905991,
4.33681e-12,-0.443583,0.0149693,-0.00237772,0.00156596,0.000793739,-3.24917e-05,0,0,0.553163,-0.0195054,-0.0917115,0.0241038,0.0116854,0.00249694,-0.000542671,0,0,1.61411e-11,-2,-0.00399654,-0.0116394,-0.0029933,-0.000442487,1.59585e-06,0,0,0.0267388,0.740479,0.0281559,0.066362,-0.0184043,-0.0189252,0.0254343,0,0,0,-0.260455,0.0818714,0.0112701,0.00429488,0.00222028,-7.77932e-05,0,0,-0.092169,-0.0113619,0.547544,-0.00859319,0.00282855,0.00841267,-0.0018893,0,0,-1.38778e-11,-1.85596,0.0054396,0.0473035,0.00502787,-0.000699287,-5.63476e-05,0,0,0.0272691,-0.07896,-0.00256891,0.649282,0.00922357,0.0498363,0.00758584,0,0,-6.50521e-12,0.969693,0.0403987,0.0114773,-0.0450614,-0.0311558,0.00081455,0,0,0.126563,0.042706,0.0316556,0.137184,0.396002,-0.0297528,0.0131504,0,0,-2.08167e-11,-0.840754,0.00516907,-0.0447701,-0.0370325,0.0352745,0.00117114,0,0,0.0434897,-0.0391454,0.0967927,0.566569,-0.0356829,0.419548,-0.00253717,0,0,5.20417e-12,-0.226047,0.0028273,0.00225937,0.00218243,0.00357143,0.00170923,0,0,-0.0233589,-0.00974324,-0.0287274,0.000732042,0.0170135,-0.00709654,0.0679807,0,0,0,0,1.20024e-12,0,2.40048e-12,-2.40048e-12,1.20024e-12,0,0,0,0,0,0,0,0,0,0.905991,4.25245e-09,0,0,-1.20024e-12,0,0,0,1.20024e-12,0,0,0,0,0,0,0,0,0,4.25215e-09,0.905991,
1.73472e-12,-0.444215,0.0149851,-0.0023839,0.00156694,0.000794537,-3.21256e-05,0,0,0.553184,-0.0195333,-0.0917701,0.0241497,0.0116871,0.00248983,-0.000539169,0,0,-1.13164e-11,-2,-0.00400236,-0.0116495,-0.00299723,-0.000441273,1.71746e-06,0,0,0.0267632,0.740484,0.0281868,0.066409,-0.0184113,-0.0189519,0.0254346,0,0,1.04083e-11,-0.260892,0.0818667,0.0112677,0.00429793,0.0022213,-7.72695e-05,0,0,-0.0922293,-0.0113811,0.547743,-0.00857248,0.0028522,0.00840995,-0.00188748,0,0,-1.38778e-11,-1.85715,0.0054389,0.0473194,0.00502823,-0.000699655,-5.64845e-05,0,0,0.027317,-0.0790114,-0.00253971,0.649312,0.00921342,0.0498182,0.00759199,0,0,3.11166e-11,0.970044,0.0403891,0.0114886,-0.0450841,-0.0311642,0.000818259,0,0,0.1266,0.0427218,0.031901,0.137129,0.396063,-0.0297417,0.0131381,0,0,2.08167e-11,-0.838565,0.00517187,-0.0447688,-0.0370445,0.0353001,0.0011699,0,0,0.0434537,-0.0390506,0.096786,0.566493,-0.0356718,0.419567,-0.0025478,0,0,9.54098e-12,-0.226163,0.00282893,0.00225756,0.00218174,0.00357073,0.00170954,0,0,-0.0233508,-0.00974836,-0.0287271,0.000743837,0.0170022,-0.00709932,0.0679819,0,0,0,0,0,0,0,0,1.20024e-12,-1.15223e-10,0,0,0,0,0,0,0,0,0.905991,-4.30226e-09,0,0,0,0,0,-1.20024e-12,-1.20024e-12,0,0,0,0,0,0,0,0,0,-4.30196e-09,0.905991,
3.73432e-07,-0.444849,0.0150004,-0.00239047,0.00156791,0.000795334,-3.25065e-05,0,0,0.553204,-0.0195612,-0.0918289,0.0241957,0.0116888,0.00248268,-0.000535661,0,0,9.12501e-08,-2,-0.00400827,-0.0116598,-0.00300117,-0.000440054,1.65651e-06,0,0,0.0267876,0.740489,0.0282177,0.066456,-0.0184182,-0.0189785,0.0254349,0,0,5.22433e-07,-0.261331,0.0818614,0.0112648,0.00430097,0.00222231,-7.77901e-05,0,0,-0.0922896,-0.0114002,0.547941,-0.00855172,0.00287585,0.00840719,-0.00188567,0,0,-1.93914e-07,-1.85834,0.00543838,0.0473353,0.00502858,-0.000700024,-5.62335e-05,0,0,0.0273651,-0.0790628,-0.00251043,0.649342,0.00920326,0.0498001,0.00759814,0,0,4.02127e-06,0.970388,0.0403754,0.0114958,-0.0451067,-0.0311726,0.000813929,0,0,0.126638,0.0427375,0.0321465,0.137074,0.396124,-0.0297306,0.0131257,0,0,-6.89351e-07,-0.836373,0.00517538,-0.0447667,-0.0370564,0.0353257,0.00117004,0,0,0.0434175,-0.0389557,0.096779,0.566416,-0.0356607,0.419587,-0.00255844,0,0,-8.12397e-08,-0.226279,0.00283065,0.00225584,0.00218106,0.00357004,0.00171002,0,0,-0.0233428,-0.00975348,-0.0287268,0.000755624,0.0169909,-0.00710209,0.0679831,0,0,1.20024e-12,-1.20024e-12,1.20024e-12,-1.20024e-12,2.40048e-12,1.20024e-12,0,0,0,0,0,0,0,0,0,0,0.905991,4.23265e-09,1.20024e-12,0,-1.20024e-12,-1.20024e-12,-1.20024e-12,1.20024e-12,0,0,0,0,0,0,0,0,0,0,4.23265e-09,0.905991,
3.7335e-07,-0.445484,0.0150162,-0.0023963,0.00156889,0.000796132,-3.21406e-05,0,0,0.553225,-0.0195892,-0.0918877,0.0242417,0.0116905,0.00247552,-0.000532147,0,0,9.12792e-08,-2,-0.00401409,-0.0116699,-0.0030051,-0.000438832,1.77804e-06,0,0,0.0268119,0.740494,0.0282486,0.066503,-0.0184251,-0.0190052,0.0254352,0,0,5.2261e-07,-0.261769,0.0818567,0.0112629,0.004304,0.00222333,-7.72658e-05,0,0,-0.0923501,-0.0114194,0.54814,-0.00853088,0.00289949,0.00840441,-0.00188384,0,0,-1.9397e-07,-1.85954,0.00543766,0.047351,0.00502892,-0.000700393,-5.63703e-05,0,0,0.0274132,-0.0791143,-0.00248109,0.649372,0.00919309,0.049782,0.0076043,0,0,4.02283e-06,0.970739,0.0403657,0.0115111,-0.0451293,-0.031181,0.000817641,0,0,0.126675,0.0427533,0.0323919,0.13702,0.396185,-0.0297195,0.0131134,0,0,-6.89365e-07,-0.834182,0.00517821,-0.0447659,-0.0370682,0.0353514,0.0011688,0,0,0.0433812,-0.0388608,0.0967719,0.566339,-0.0356495,0.419606,-0.00256908,0,0,-8.11946e-08,-0.226395,0.00283228,0.00225395,0.00218037,0.00356934,0.00171033,0,0,-0.0233347,-0.00975859,-0.0287265,0.000767404,0.0169795,-0.00710486,0.0679842,0,0,0,3.60072e-12,3.60072e-12,-2.40048e-12,3.60072e-12,0,1.20024e-12,-5.76116e-11,0,0,0,0,0,0,0,0,0.905991,4.27826e-09,0,-1.20024e-12,-1.20024e-12,1.20024e-12,-1.20024e-12,0,0,0,0,0,0,0,0,0,0,0,4.27766e-09,0.905991,
0,-0.446119,0.0150313,-0.00240253,0.00156911,0.00079693,-3.25213e-05,0,0,0.553246,-0.0196172,-0.0919466,0.0242879,0.0116922,0.00246833,-0.000528627,0,0,6.50521e-13,-2,-0.00402011,-0.0116801,-0.00300922,-0.000437606,1.71694e-06,0,0,0.0268363,0.7405,0.0282795,0.06655,-0.0184321,-0.0190319,0.0254355,0,0,3.46945e-12,-0.26221,0.0818508,0.0112604,0.00430598,0.00222434,-7.77867e-05,0,0,-0.0924106,-0.0114387,0.548338,-0.00850998,0.00292313,0.0084016,-0.00188202,0,0,0,-1.86074,0.0054373,0.0473668,0.00502964,-0.000700763,-5.61192e-05,0,0,0.0274613,-0.0791658,-0.00245167,0.649402,0.00918292,0.0497639,0.00761046,0,0,-1.57751e-11,0.971086,0.0403478,0.0115224,-0.0451598,-0.0311893,0.000813306,0,0,0.126712,0.042769,0.0326373,0.136965,0.396246,-0.0297084,0.013101,0,0,4.85723e-11,-0.831989,0.00518243,-0.0447644,-0.0370787,0.0353771,0.00116893,0,0,0.0433447,-0.0387659,0.0967645,0.566262,-0.0356384,0.419625,-0.00257972,0,0,1.12757e-11,-0.226511,0.00283408,0.00225214,0.00217984,0.00356864,0.00171081,0,0,-0.0233266,-0.0097637,-0.0287262,0.000779176,0.0169682,-0.00710764,0.0679854,0,0,0,0,1.20024e-12,-2.40048e-12,1.20024e-12,0,1.20024e-12,0,0,0,0,0,0,0,0,0,0.905991,-4.43759e-09,0,0,1.20024e-12,-1.20024e-12,0,0,0,0,0,0,0,0,0,0,0,0,-4.43639e-09,0.905991,
3.73186e-07,-0.446756,0.0150467,-0.00240877,0.00157044,0.000798102,-3.17822e-05,0,0,0.553266,-0.0196453,-0.0920057,0.0243342,0.0116939,0.00246112,-0.000525101,0,0,9.13199e-08,-2,-0.00402604,-0.0116902,-0.00301306,-0.000436286,1.92966e-06,0,0,0.0268607,0.740505,0.0283104,0.066597,-0.018439,-0.0190585,0.0254358,0,0,5.22984e-07,-0.262651,0.0818455,0.0112579,0.00430953,0.00222587,-7.67389e-05,0,0,-0.0924713,-0.011458,0.548536,-0.00848902,0.00294676,0.00839876,-0.00188018,0,0,-1.93998e-07,-1.86194,0.00543674,0.0473826,0.00502978,-0.000701328,-5.645e-05,0,0,0.0275096,-0.0792174,-0.00242219,0.649432,0.00917275,0.0497457,0.00761663,0,0,4.02591e-06,0.971432,0.0403339,0.0115337,-0.0451783,-0.0311936,0.000821046,0,0,0.126749,0.0427848,0.0328827,0.13691,0.396307,-0.0296973,0.0130886,0,0,-6.89573e-07,-0.829796,0.00518599,-0.0447627,-0.0370912,0.0354022,0.001167,0,0,0.0433081,-0.0386709,0.0967569,0.566185,-0.0356273,0.419644,-0.00259037,0,0,-8.11408e-08,-0.226627,0.00283581,0.00225033,0.00217906,0.00356786,0.00171104,0,0,-0.0233184,-0.00976881,-0.0287258,0.000790941,0.0169569,-0.00711041,0.0679865,0,0,-1.20024e-12,2.40048e-12,0,1.20024e-12,-1.20024e-12,-2.40048e-12,0,-1.12823e-10,0,0,0,0,0,0,0,0,0.905991,-4.4565e-09,0,0,1.20024e-12,0,0,0,1.20024e-12,1.20024e-12,0,0,0,0,0,0,0,0,-4.4574e-09,0.905991,
0,-0.447394,0.0150618,-0.00241465,0.00157103,0.000798527,-3.25359e-05,0,0,0.553287,-0.0196734,-0.0920648,0.0243806,0.0116955,0.00245388,-0.00052157,0,0,-1.37897e-11,-2,-0.00403207,-0.0117003,-0.00301708,-0.000435144,1.77706e-06,0,0,0.0268851,0.740511,0.0283414,0.066644,-0.018446,-0.0190852,0.0254361,0,0,-3.46945e-12,-0.263094,0.0818397,0.0112559,0.00431202,0.00222636,-7.77829e-05,0,0,-0.0925321,-0.0114773,0.548735,-0.00846798,0.00297038,0.0083959,-0.00187835,0,0,0,-1.86314,0.00543635,0.0473982,0.0050303,-0.000701506,-5.60048e-05,0,0,0.027558,-0.079269,-0.00239263,0.649462,0.00916257,0.0497275,0.0076228,0,0,-3.33392e-11,0.971779,0.0403159,0.011549,-0.0452047,-0.0312059,0.000812681,0,0,0.126787,0.0428005,0.0331281,0.136855,0.396368,-0.0296862,0.0130763,0,0,-4.16334e-11,-0.827602,0.00519025,-0.0447617,-0.0371023,0.0354288,0.00116782,0,0,0.0432713,-0.0385759,0.0967491,0.566108,-0.0356162,0.419663,-0.00260102,0,0,-6.07153e-12,-0.226743,0.00283761,0.00224843,0.00217844,0.00356723,0.0017116,0,0,-0.0233103,-0.00977392,-0.0287255,0.000802698,0.0169456,-0.00711319,0.0679877,0,0,0,-1.20024e-12,0,0,-1.20024e-12,2.40048e-12,-1.20024e-12,0,0,0,0,0,0,0,0,0,0.905991,-4.34817e-09,0,0,-1.20024e-12,0,1.20024e-12,0,1.20024e-12,0,0,0,0,0,0,0,0,0,-4.34847e-09,0.905991,
-2.60209e-12,-0.448033,0.0150777,-0.00242167,0.00157236,0.000799699,-3.25431e-05,0,0,0.553308,-0.0197016,-0.0921241,0.024427,0.0116971,0.00244662,-0.000518032,0,0,1.32205e-11,-2,-0.00403793,-0.0117107,-0.00302092,-0.000433817,1.807e-06,0,0,0.0269095,0.740516,0.0283723,0.066691,-0.0184529,-0.0191118,0.0254363,0,0,-1.38778e-11,-0.263537,0.0818349,0.0112524,0.00431555,0.00222789,-7.77809e-05,0,0,-0.0925929,-0.0114967,0.548933,-0.00844689,0.002994,0.00839301,-0.0018765,0,0,0,-1.86434,0.00543557,0.0474144,0.00503043,-0.000702073,-5.59476e-05,0,0,0.0276064,-0.0793207,-0.00236301,0.649493,0.00915238,0.0497094,0.00762898,0,0,2.79182e-12,0.972121,0.040306,0.0115523,-0.045223,-0.0312102,0.000812368,0,0,0.126824,0.0428162,0.0333734,0.136801,0.396429,-0.0296751,0.013064,0,0,6.93889e-12,-0.825406,0.00519315,-0.0447586,-0.0371147,0.035454,0.00116726,0,0,0.0432343,-0.0384808,0.0967411,0.566031,-0.0356051,0.419683,-0.00261168,0,0,0,-0.226858,0.00283925,0.00224678,0.00217766,0.00356644,0.00171199,0,0,-0.0233022,-0.00977902,-0.0287252,0.000814447,0.0169343,-0.00711596,0.0679888,0,0,0,0,0,0,0,0,0,0,0,0,0,0,0,0,0,0,0.905991,4.14323e-09,0,-1.20024e-12,-1.20024e-12,1.20024e-12,-2.40048e-12,0,0,0,0,0,0,0,0,0,0,0,4.14293e-09,0.905991,
3.72929e-07,-0.448672,0.0150929,-0.00242759,0.00157369,0.000800124,-3.18045e-05,0,0,0.553329,-0.0197298,-0.0921834,0.0244736,0.0116988,0.00243934,-0.000514488,0,0,9.13572e-08,-2,-0.00404397,-0.0117208,-0.00302477,-0.000432669,2.01961e-06,0,0,0.0269338,0.740522,0.0284032,0.0667379,-0.0184599,-0.0191385,0.0254366,0,0,5.23536e-07,-0.263981,0.0818291,0.0112503,0.00431908,0.00222837,-7.67317e-05,0,0,-0.0926539,-0.0115161,0.549132,-0.00842572,0.00301761,0.00839009,-0.00187466,0,0,-1.93998e-07,-1.86554,0.00543515,0.04743,0.00503055,-0.000702252,-5.62783e-05,0,0,0.027655,-0.0793724,-0.00233332,0.649523,0.00914219,0.0496912,0.00763515,0,0,4.03052e-06,0.972471,0.0402878,0.0115676,-0.0452412,-0.0312224,0.000820115,0,0,0.126861,0.0428319,0.0336187,0.136746,0.396489,-0.029664,0.0130516,0,0,-6.89969e-07,-0.823211,0.00519744,-0.0447575,-0.0371271,0.0354807,0.00116532,0,0,0.0431972,-0.0383858,0.0967329,0.565954,-0.035594,0.419702,-0.00262234,0,0,-8.10333e-08,-0.226974,0.00284106,0.00224488,0.00217687,0.00356581,0.00171222,0,0,-0.023294,-0.00978412,-0.0287248,0.000826188,0.016923,-0.00711874,0.06799,0,0,0,0,0,0,0,1.20024e-12,0,0,0,0,0,0,0,0,0,0,0.905991,4.06852e-09,0,0,0,0,0,0,0,0,0,0,0,0,0,0,0,0,4.06792e-09,0.905991,
-8.67362e-13,-0.449312,0.0151089,-0.0024339,0.00157389,0.000801296,-3.21847e-05,0,0,0.55335,-0.019758,-0.0922428,0.0245202,0.0117004,0.00243204,-0.000510938,0,0,-8.80914e-14,-2,-0.00404984,-0.011731,-0.00302888,-0.000431335,1.95808e-06,0,0,0.0269582,0.740527,0.0284342,0.0667849,-0.0184668,-0.0191651,0.0254369,0,0,0,-0.264426,0.0818243,0.0112478,0.00432103,0.00222989,-7.72529e-05,0,0,-0.092715,-0.0115356,0.54933,-0.00840449,0.00304121,0.00838715,-0.0018728,0,0,0,-1.86674,0.00543433,0.0474458,0.00503125,-0.000702821,-5.6027e-05,0,0,0.0277036,-0.0794242,-0.00230355,0.649553,0.009132,0.049673,0.00764134,0,0,-4.12065e-11,0.972821,0.0402777,0.011579,-0.0452715,-0.0312266,0.000815772,0,0,0.126897,0.0428476,0.0338641,0.136691,0.39655,-0.0296529,0.0130393,0,0,-2.77556e-11,-0.821015,0.00520038,-0.0447556,-0.0371374,0.0355061,0.00116545,0,0,0.0431599,-0.0382906,0.0967244,0.565876,-0.0355828,0.419721,-0.002633,0,0,8.67362e-13,-0.227089,0.00284271,0.00224306,0.00217632,0.00356502,0.00171269,0,0,-0.0232858,-0.00978922,-0.0287245,0.000837922,0.0169117,-0.00712152,0.0679911,0,0,0,0,1.20024e-12,-1.20024e-12,1.20024e-12,0,1.20024e-12,0,0,0,0,0,0,0,0,0,0.905991,4.09792e-09,0,1.20024e-12,-1.20024e-12,1.20024e-12,-1.20024e-12,0,-1.20024e-12,0,0,0,0,0,0,0,0,0,4.09852e-09,0.905991,
-3.72763e-07,-0.449954,0.0151245,-0.00244022,0.00157559,0.000801349,-3.2192e-05,0,0,0.553371,-0.0197863,-0.0923024,0.024567,0.011702,0.00242471,-0.000507382,0,0,-9.14043e-08,-2,-0.00405581,-0.0117412,-0.00303263,-0.000430271,1.98784e-06,0,0,0.0269826,0.740533,0.0284651,0.0668318,-0.0184738,-0.0191917,0.0254371,0,0,-5.23911e-07,-0.264873,0.0818189,0.0112452,0.00432507,0.00222985,-7.72504e-05,0,0,-0.0927761,-0.0115551,0.549529,-0.00838319,0.00306481,0.00838418,-0.00187095,0,0,1.94067e-07,-1.86794,0.00543369,0.0474616,0.00503116,-0.000702809,-5.59697e-05,0,0,0.0277523,-0.079476,-0.00227372,0.649583,0.0091218,0.0496547,0.00764752,0,0,-4.03368e-06,0.973163,0.0402635,0.0115903,-0.0452856,-0.0312429,0.000815459,0,0,0.126934,0.0428633,0.0341093,0.136637,0.396611,-0.0296419,0.013027,0,0,6.9008e-07,-0.818816,0.00520402,-0.0447536,-0.0371505,0.0355336,0.00116489,0,0,0.0431225,-0.0381955,0.0967158,0.565799,-0.0355717,0.419741,-0.00264367,0,0,8.097e-08,-0.227205,0.00284444,0.00224124,0.00217545,0.00356447,0.00171308,0,0,-0.0232776,-0.00979431,-0.0287241,0.000849648,0.0169004,-0.00712429,0.0679923,0,0,1.20024e-12,0,-1.20024e-12,0,0,1.20024e-12,0,1.15223e-10,0,0,0,0,0,0,0,0,0.905991,4.22575e-09,-1.20024e-12,0,1.20024e-12,0,0,-1.20024e-12,0,0,0,0,0,0,0,0,0,0,4.22605e-09,0.905991,
4.33681e-12,-0.450597,0.0151405,-0.00244619,0.00157616,0.000802893,-3.18266e-05,0,0,0.553392,-0.0198146,-0.092362,0.0246138,0.0117035,0.00241735,-0.00050382,0,0,2.06269e-11,-2,-0.00406169,-0.0117513,-0.00303665,-0.000428839,2.10894e-06,0,0,0.027007,0.740539,0.0284961,0.0668788,-0.0184808,-0.0192183,0.0254374,0,0,1.38778e-11,-0.26532,0.0818141,0.0112431,0.00432753,0.0022319,-7.67238e-05,0,0,-0.0928374,-0.0115746,0.549727,-0.00836182,0.0030884,0.00838118,-0.00186909,0,0,-1.38778e-11,-1.86915,0.00543284,0.0474772,0.00503165,-0.000703573,-5.61064e-05,0,0,0.0278011,-0.0795278,-0.00224382,0.649613,0.0091116,0.0496365,0.00765371,0,0,2.20025e-11,0.973512,0.0402533,0.0116057,-0.0453118,-0.0312429,0.00081918,0,0,0.126971,0.042879,0.0343546,0.136582,0.396672,-0.0296308,0.0130147,0,-1.35525e-14,6.93889e-11,-0.816619,0.00520699,-0.0447522,-0.0371614,0.0355584,0.00116363,0,0,0.0430849,-0.0381003,0.0967069,0.565722,-0.0355606,0.41976,-0.00265434,0,0,1.73472e-12,-0.22732,0.00284609,0.00223933,0.00217481,0.00356359,0.00171339,0,0,-0.0232694,-0.0097994,-0.0287238,0.000861367,0.0168891,-0.00712707,0.0679935,0,0,0,1.20024e-12,0,1.20024e-12,0,0,1.20024e-12,0,0,0,0,0,0,0,0,0,0.905991,-4.4646e-09,0,1.20024e-12,1.20024e-12,0,0,0,1.20024e-12,0,0,0,0,0,0,0,0,0,-4.4643e-09,0.905991,
-8.67362e-13,-0.451241,0.0151559,-0.00245329,0.00157747,0.000803691,-3.2579e-05,0,0,0.553413,-0.019843,-0.0924217,0.0246608,0.0117051,0.00240998,-0.000500252,0,0,3.57787e-12,-2,-0.00406776,-0.0117617,-0.00304049,-0.000427587,1.95572e-06,0,0,0.0270314,0.740545,0.028527,0.0669257,-0.0184878,-0.019245,0.0254376,0,0,0,-0.265769,0.0818082,0.0112394,0.00433103,0.00223289,-7.77695e-05,0,0,-0.0928988,-0.0115942,0.549926,-0.00834039,0.00311199,0.00837815,-0.00186722,0,0,1.38778e-11,-1.87035,0.00543236,0.0474934,0.00503175,-0.000703951,-5.56609e-05,0,0,0.0278501,-0.0795798,-0.00221384,0.649643,0.0091014,0.0496183,0.00765991,0,0,1.93733e-11,0.973853,0.0402349,0.0116089,-0.0453298,-0.0312511,0.000810793,0,0,0.127008,0.0428947,0.0345999,0.136528,0.396733,-0.0296198,0.0130023,0,0,6.93889e-12,-0.814419,0.00521135,-0.0447487,-0.0371737,0.0355846,0.00116445,0,0,0.0430471,-0.038005,0.0966977,0.565645,-0.0355495,0.419779,-0.00266502,0,0,1.47451e-11,-0.227435,0.00284791,0.00223766,0.00217401,0.00356287,0.00171394,0,0,-0.0232611,-0.00980449,-0.0287234,0.000873077,0.0168778,-0.00712985,0.0679946,0,0,0,-2.40048e-12,0,1.20024e-12,-1.20024e-12,-1.20024e-12,0,0,0,0,0,0,0,0,0,0,0.905991,-4.56302e-09,0,-1.20024e-12,0,1.20024e-12,-1.20024e-12,0,1.20024e-12,0,0,0,0,0,0,0,0,0,-4.56362e-09,0.905991,
3.46945e-12,-0.451885,0.0151716,-0.00245967,0.00157841,0.000803745,-3.22136e-05,0,0,0.553435,-0.0198714,-0.0924816,0.0247078,0.0117067,0.00240258,-0.000496678,0,0,2.03288e-13,-2,-0.00407375,-0.0117719,-0.00304443,-0.000426513,2.07674e-06,0,0,0.0270558,0.740551,0.028558,0.0669726,-0.0184948,-0.0192716,0.0254379,0,0,1.04083e-11,-0.266218,0.0818029,0.0112367,0.00433401,0.00223284,-7.72425e-05,0,0,-0.0929602,-0.0116139,0.550124,-0.00831889,0.00313557,0.0083751,-0.00186535,0,0,1.38778e-11,-1.87156,0.00543168,0.0475092,0.00503204,-0.000703941,-5.57975e-05,0,0,0.027899,-0.0796317,-0.0021838,0.649673,0.00909118,0.0496,0.00766611,0,0,-2.34865e-11,0.974202,0.0402205,0.0116203,-0.0453518,-0.0312672,0.000814515,0,0,0.127044,0.0429104,0.0348451,0.136473,0.396793,-0.0296087,0.01299,0,0,-4.16334e-11,-0.81222,0.00521505,-0.0447465,-0.0371852,0.0356123,0.00116319,0,0,0.0430092,-0.0379097,0.0966884,0.565568,-0.0355384,0.419799,-0.0026757,0,0,8.67362e-13,-0.227551,0.00284964,0.00223584,0.00217329,0.00356231,0.00171425,0,0,-0.0232529,-0.00980957,-0.028723,0.00088478,0.0168665,-0.00713263,0.0679958,0,0,0,-1.20024e-12,-1.20024e-12,0,-1.20024e-12,1.20024e-12,0,5.76116e-11,0,0,0,0,0,0,0,0,0.905991,-4.51681e-09,0,-1.20024e-12,0,0,0,0,0,0,0,0,0,0,0,0,0,0,-4.51621e-09,0.905991,
2.60209e-12,-0.452531,0.0151869,-0.00246569,0.00157934,0.000804544,-3.22208e-05,0,0,0.553456,-0.0198999,-0.0925415,0.0247549,0.0117082,0.00239516,-0.000493099,0,0,-1.10724e-11,-2,-0.00407983,-0.011782,-0.00304836,-0.000425254,2.10623e-06,0,0,0.0270802,0.740557,0.028589,0.0670195,-0.0185018,-0.0192982,0.0254381,0,0,1.04083e-11,-0.266669,0.081797,0.0112345,0.00433698,0.00223383,-7.72397e-05,0,0,-0.0930218,-0.0116335,0.550323,-0.00829732,0.00315914,0.00837202,-0.00186347,0,0,0,-1.87277,0.00543117,0.0475248,0.00503232,-0.00070432,-5.57401e-05,0,0,0.0279481,-0.0796837,-0.00215368,0.649704,0.00908097,0.0495817,0.00767231,0,0,-7.69784e-12,0.974539,0.0402019,0.0116357,-0.0453737,-0.0312753,0.000814199,0,0,0.12708,0.042926,0.0350903,0.136419,0.396854,-0.0295977,0.0129777,0,0,6.93889e-12,-0.810017,0.00521945,-0.044745,-0.0371968,0.0356387,0.00116262,0,0,0.0429711,-0.0378144,0.0966789,0.56549,-0.0355273,0.419818,-0.00268638,0,0,6.07153e-12,-0.227666,0.00285146,0.00223392,0.00217256,0.00356159,0.00171464,0,0,-0.0232446,-0.00981466,-0.0287226,0.000896475,0.0168552,-0.0071354,0.0679969,0,0,0,0,0,0,0,1.20024e-12,0,5.76116e-11,0,0,0,0,0,0,0,0,0.905991,-4.34697e-09,0,1.20024e-12,0,0,-1.20024e-12,1.20024e-12,-1.20024e-12,0,0,0,0,0,0,0,0,0,-4.34667e-09,0.905991,
2.60209e-12,-0.453177,0.0152035,-0.00247209,0.00158027,0.000805343,-3.26002e-05,0,0,0.553478,-0.0199284,-0.0926015,0.0248022,0.0117097,0.00238771,-0.000489512,0,0,1.66425e-11,-2,-0.00408565,-0.0117922,-0.00305229,-0.000423991,2.04421e-06,0,0,0.0271046,0.740563,0.02862,0.0670665,-0.0185088,-0.0193248,0.0254383,0,0,-6.93889e-12,-0.26712,0.0817926,0.0112318,0.00433994,0.00223483,-7.77616e-05,0,0,-0.0930835,-0.0116533,0.550521,-0.00827569,0.0031827,0.00836892,-0.00186159,0,0,-2.77556e-11,-1.87398,0.00543006,0.0475406,0.00503259,-0.0007047,-5.54885e-05,0,0,0.0279973,-0.0797358,-0.00212349,0.649734,0.00907075,0.0495635,0.00767852,0,0,2.63461e-11,0.974888,0.0401955,0.0116471,-0.0453956,-0.0312834,0.000809842,0,0,0.127117,0.0429417,0.0353355,0.136365,0.396915,-0.0295866,0.0129654,0,0,9.02056e-11,-0.807817,0.0052218,-0.0447426,-0.0372083,0.0356652,0.00116274,0,0,0.0429328,-0.0377191,0.0966691,0.565413,-0.0355162,0.419838,-0.00269707,0,0,1.12757e-11,-0.227781,0.00285304,0.00223209,0.00217184,0.00356086,0.00171511,0,0,-0.0232363,-0.00981973,-0.0287222,0.000908163,0.016844,-0.00713818,0.0679981,0,0,0,-1.20024e-12,1.20024e-12,0,1.20024e-12,0,1.20024e-12,0,0,0,0,0,0,0,0,0,0.905991,4.09402e-09,0,1.20024e-12,1.20024e-12,0,1.20024e-12,0,1.20024e-12,0,0,0,0,0,0,0,0,0,4.09342e-09,0.905991,
3.46945e-12,-0.453825,0.0152193,-0.00247889,0.0015812,0.000806514,-3.2235e-05,0,0,0.553499,-0.019957,-0.0926617,0.0248495,0.0117113,0.00238024,-0.00048592,0,0,4.92634e-12,-2,-0.00409165,-0.0118025,-0.00305622,-0.000422634,2.16505e-06,0,0,0.027129,0.740569,0.0286509,0.0671134,-0.0185158,-0.0193514,0.0254386,0,0,2.42861e-11,-0.267573,0.0817872,0.0112285,0.0043429,0.00223634,-7.72339e-05,0,0,-0.0931453,-0.0116731,0.55072,-0.00825398,0.00320626,0.00836579,-0.0018597,0,0,1.38778e-11,-1.87519,0.00542933,0.0475566,0.00503286,-0.000705275,-5.56251e-05,0,0,0.0280466,-0.0797879,-0.00209324,0.649764,0.00906052,0.0495452,0.00768473,0,0,-1.29562e-11,0.975232,0.0401808,0.0116544,-0.0454174,-0.0312874,0.000813566,0,0,0.127153,0.0429573,0.0355806,0.13631,0.396975,-0.0295756,0.0129531,0,0,5.55112e-11,-0.805614,0.00522555,-0.0447395,-0.0372197,0.035691,0.00116148,0,0,0.0428944,-0.0376237,0.0966591,0.565336,-0.0355051,0.419857,-0.00270776,0,0,1.30104e-11,-0.227896,0.00285478,0.00223033,0.0021711,0.00356005,0.00171541,0,0,-0.023228,-0.00982481,-0.0287218,0.000919842,0.0168327,-0.00714096,0.0679992,0,0,0,0,0,1.20024e-12,1.20024e-12,0,0,0,0,0,0,0,0,0,0,0,0.905991,3.98e-09,0,0,0,1.20024e-12,1.20024e-12,0,1.20024e-12,0,0,0,0,0,0,0,0,0,3.9803e-09,0.905991,
1.73472e-12,-0.454474,0.0152351,-0.00248533,0.00158175,0.000807312,-3.2242e-05,0,0,0.553521,-0.0199856,-0.0927219,0.0248969,0.0117127,0.00237275,-0.000482322,0,0,-9.71039e-12,-2,-0.00409767,-0.0118127,-0.00306024,-0.000421364,2.19438e-06,0,0,0.0271534,0.740575,0.0286819,0.0671602,-0.0185228,-0.0193779,0.0254388,0,0,1.04083e-11,-0.268027,0.0817818,0.0112258,0.00434532,0.00223733,-7.72308e-05,0,0,-0.0932072,-0.0116929,0.550919,-0.00823221,0.00322981,0.00836263,-0.0018578,0,0,1.38778e-11,-1.8764,0.00542858,0.0475724,0.00503332,-0.000705656,-5.55676e-05,0,0,0.0280959,-0.07984,-0.00206291,0.649794,0.00905029,0.0495269,0.00769094,0,0,-3.38813e-12,0.975572,0.0401662,0.0116658,-0.0454432,-0.0312954,0.000813249,0,0,0.127189,0.0429729,0.0358257,0.136256,0.397036,-0.0295646,0.0129408,0,0,-3.46945e-11,-0.80341,0.00522932,-0.0447371,-0.0372305,0.0357175,0.00116091,0,0,0.0428558,-0.0375283,0.0966489,0.565258,-0.0354941,0.419877,-0.00271846,0,0,-5.20417e-12,-0.228011,0.00285652,0.00222849,0.00217045,0.00355932,0.0017158,0,0,-0.0232197,-0.00982988,-0.0287214,0.000931514,0.0168214,-0.00714374,0.0680003,0,0,0,0,0,-1.20024e-12,0,0,0,0,0,0,0,0,0,0,0,0,0.905991,3.9695e-09,0,1.20024e-12,0,1.20024e-12,1.20024e-12,0,0,0,0,0,0,0,0,0,0,0,3.9698e-09,0.905991,
-8.67362e-13,-0.455123,0.0152506,-0.00249104,0.00158304,0.000808111,-3.26211e-05,0,0,0.553543,-0.0200142,-0.0927822,0.0249444,0.0117142,0.00236523,-0.000478718,0,0,-8.11119e-12,-2,-0.00410378,-0.0118227,-0.00306408,-0.000420092,2.13211e-06,0,0,0.0271778,0.740581,0.0287129,0.0672071,-0.0185299,-0.0194045,0.025439,0,0,-3.46945e-12,-0.268481,0.0817759,0.011224,0.00434879,0.00223832,-7.7753e-05,0,0,-0.0932692,-0.0117127,0.551117,-0.00821037,0.00325336,0.00835944,-0.00185591,0,0,0,-1.87761,0.005428,0.0475879,0.00503339,-0.000706039,-5.53158e-05,0,0,0.0281454,-0.0798922,-0.00203251,0.649824,0.00904006,0.0495085,0.00769716,0,0,1.81604e-11,0.97592,0.0401474,0.0116853,-0.0454608,-0.0313033,0.000808886,0,0,0.127225,0.0429886,0.0360708,0.136202,0.397096,-0.0295536,0.0129286,0,0,-6.93889e-12,-0.801207,0.00523379,-0.0447359,-0.0372425,0.0357442,0.00116103,0,0,0.042817,-0.0374328,0.0966384,0.565181,-0.035483,0.419896,-0.00272916,0,0,-6.07153e-12,-0.228126,0.00285835,0.00222649,0.00216963,0.00355859,0.00171626,0,0,-0.0232114,-0.00983495,-0.028721,0.000943178,0.0168101,-0.00714652,0.0680015,0,0,0,0,0,-1.20024e-12,0,2.40048e-12,-1.20024e-12,0,0,0,0,0,0,0,0,0,0.905991,4.05081e-09,0,0,-1.20024e-12,-1.20024e-12,0,1.20024e-12,-1.20024e-12,0,0,0,0,0,0,0,0,0,4.05021e-09,0.905991,
0,-0.455774,0.0152665,-0.00249752,0.00158359,0.00080891,-3.22561e-05,0,0,0.553565,-0.0200429,-0.0928427,0.024992,0.0117157,0.00235769,-0.000475108,0,0,3.78793e-12,-2,-0.00410981,-0.0118329,-0.00306811,-0.000418815,2.2528e-06,0,0,0.0272022,0.740587,0.0287439,0.067254,-0.0185369,-0.0194311,0.0254392,0,0,-3.46945e-12,-0.268936,0.0817705,0.0112212,0.00435121,0.0022393,-7.72244e-05,0,0,-0.0933313,-0.0117327,0.551316,-0.00818846,0.0032769,0.00835622,-0.001854,0,0,1.38778e-11,-1.87883,0.00542722,0.0476037,0.00503383,-0.000706422,-5.54524e-05,0,0,0.0281949,-0.0799444,-0.00200203,0.649855,0.00902982,0.0494902,0.00770338,0,0,2.65087e-11,0.976264,0.0401326,0.0116967,-0.0454865,-0.0313113,0.000812613,0,0,0.127261,0.0430042,0.0363159,0.136148,0.397157,-0.0295426,0.0129163,0,0,6.93889e-12,-0.799002,0.0052376,-0.0447333,-0.0372532,0.0357709,0.00115976,0,0,0.0427781,-0.0373373,0.0966278,0.565104,-0.0354719,0.419916,-0.00273986,0,0,9.54098e-12,-0.22824,0.00286009,0.00222465,0.00216897,0.00355786,0.00171657,0,0,-0.023203,-0.00984002,-0.0287206,0.000954835,0.0167989,-0.0071493,0.0680026,0,0,0,0,0,0,0,0,0,0,0,0,0,0,0,0,0,0,0.905991,4.22575e-09,0,0,0,0,-1.20024e-12,1.20024e-12,2.40048e-12,0,0,0,0,0,0,0,0,0,4.22575e-09,0.905991,
1.73472e-12,-0.456425,0.0152825,-0.00250438,0.0015845,0.000809709,-3.18912e-05,0,0,0.553586,-0.0200716,-0.0929032,0.0250397,0.0117172,0.00235013,-0.000471491,0,0,-9.62229e-12,-2,-0.00411584,-0.0118433,-0.00307204,-0.000417536,2.37349e-06,0,0,0.0272267,0.740594,0.028775,0.0673009,-0.0185439,-0.0194577,0.0254394,0,0,6.93889e-12,-0.269393,0.081765,0.0112179,0.00435414,0.00224028,-7.66954e-05,0,0,-0.0933935,-0.0117526,0.551514,-0.00816649,0.00330043,0.00835298,-0.0018521,0,0,0,-1.88004,0.00542642,0.0476197,0.00503408,-0.000706806,-5.5589e-05,0,0,0.0282445,-0.0799967,-0.00197149,0.649885,0.00901957,0.0494719,0.00770961,0,0,-4.55365e-12,0.976608,0.0401177,0.0117041,-0.0455081,-0.0313192,0.000816343,0,0,0.127297,0.0430198,0.036561,0.136094,0.397217,-0.0295316,0.012904,0,0,-2.77556e-11,-0.796797,0.00524142,-0.0447299,-0.0372646,0.0357976,0.0011585,0,0,0.0427391,-0.0372418,0.0966169,0.565026,-0.0354608,0.419935,-0.00275056,0,0,1.56125e-11,-0.228355,0.00286184,0.00222289,0.00216823,0.00355712,0.00171687,0,0,-0.0231947,-0.00984508,-0.0287202,0.000966483,0.0167876,-0.00715208,0.0680038,0,0,0,-3.60072e-12,3.60072e-12,0,0,0,3.60072e-12,0,0,0,0,0,0,0,0,0,0.905991,-4.51591e-09,0,-3.60072e-12,2.40048e-12,0,0,0,2.40048e-12,0,0,0,0,0,0,0,0,0,-4.51531e-09,0.905991,
0,-0.457078,0.0152981,-0.00251052,0.00158579,0.000810136,-3.18982e-05,0,0,0.553608,-0.0201004,-0.0929638,0.0250875,0.0117186,0.00234254,-0.000467869,0,0,-5.14996e-12,-2,-0.00412198,-0.0118534,-0.00307588,-0.000416345,2.40258e-06,0,0,0.0272511,0.7406,0.028806,0.0673477,-0.018551,-0.0194842,0.0254396,0,0,-6.93889e-12,-0.269851,0.0817591,0.0112155,0.00435759,0.00224074,-7.66918e-05,0,0,-0.0934558,-0.0117726,0.551713,-0.00814444,0.00332395,0.00834971,-0.00185018,0,0,-2.77556e-11,-1.88126,0.0054258,0.0476353,0.00503413,-0.000706997,-5.55314e-05,0,0,0.0282942,-0.0800491,-0.00194087,0.649915,0.00900932,0.0494535,0.00771584,0,0,2.39609e-11,0.976951,0.0400987,0.0117196,-0.0455256,-0.0313311,0.000816026,0,0,0.127333,0.0430354,0.036806,0.13604,0.397278,-0.0295206,0.0128917,0,0,8.32667e-11,-0.794591,0.00524596,-0.0447278,-0.0372765,0.0358252,0.00115792,0,0,0.0426998,-0.0371462,0.0966058,0.564949,-0.0354497,0.419955,-0.00276128,0,0,-5.20417e-12,-0.22847,0.00286367,0.00222096,0.0021674,0.00355647,0.00171725,0,0,-0.0231863,-0.00985014,-0.0287197,0.000978124,0.0167764,-0.00715486,0.0680049,0,0,0,-1.20024e-12,0,1.20024e-12,1.20024e-12,1.20024e-12,0,0,0,0,0,0,0,0,0,0,0.905991,-4.66474e-09,0,0,0,-2.40048e-12,-1.20024e-12,-2.40048e-12,1.20024e-12,0,0,0,0,0,0,0,0,0,-4.66504e-09,0.905991,
-3.71717e-07,-0.457732,0.0153145,-0.00251704,0.00158632,0.000811307,-3.22769e-05,0,0,0.55363,-0.0201292,-0.0930246,0.0251354,0.01172,0.00233493,-0.00046424,0,0,-9.1579e-08,-2,-0.00412793,-0.0118636,-0.0030799,-0.000414967,2.33999e-06,0,0,0.0272755,0.740606,0.028837,0.0673946,-0.018558,-0.0195108,0.0254398,0,0,-5.26065e-07,-0.270309,0.0817541,0.0112126,0.00435999,0.00224225,-7.72142e-05,0,0,-0.0935182,-0.0117927,0.551911,-0.00812233,0.00334747,0.00834641,-0.00184826,0,0,1.94206e-07,-1.88247,0.00542478,0.0476511,0.00503456,-0.000707577,-5.52795e-05,0,0,0.028344,-0.0801015,-0.00191019,0.649946,0.00899907,0.0494351,0.00772207,0,0,-4.05186e-06,0.977294,0.0400877,0.011731,-0.0455511,-0.031335,0.000811655,0,0,0.127369,0.043051,0.0370511,0.135986,0.397338,-0.0295096,0.0128795,0,0,6.91211e-07,-0.792384,0.00524913,-0.044725,-0.0372871,0.0358514,0.00115803,0,0,0.0426604,-0.0370506,0.0965945,0.564871,-0.0354386,0.419974,-0.00277199,0,0,8.05415e-08,-0.228584,0.00286534,0.00221911,0.00216673,0.00355564,0.00171772,0,0,-0.0231779,-0.00985519,-0.0287193,0.000989756,0.0167651,-0.00715765,0.0680061,0,0,0,-1.20024e-12,0,0,0,1.20024e-12,0,0,0,0,0,0,0,0,0,0,0.905991,-4.65544e-09,-1.20024e-12,1.20024e-12,0,1.20024e-12,0,-1.20024e-12,1.20024e-12,1.16423e-10,0,0,0,0,0,0,0,0,-4.65574e-09,0.905991,
2.60209e-12,-0.458386,0.0153305,-0.00252358,0.00158722,0.000812106,-3.19121e-05,0,0,0.553653,-0.0201581,-0.0930854,0.0251834,0.0117214,0.00232729,-0.000460606,0,0,4.87891e-13,-2,-0.00413399,-0.0118738,-0.00308383,-0.000413677,2.46052e-06,0,0,0.0272999,0.740613,0.028868,0.0674414,-0.0185651,-0.0195373,0.0254399,0,0,1.04083e-11,-0.270768,0.0817487,0.0112097,0.0043629,0.00224322,-7.66844e-05,0,0,-0.0935807,-0.0118128,0.55211,-0.00810015,0.00337098,0.00834309,-0.00184634,0,0,0,-1.88369,0.00542393,0.0476669,0.00503479,-0.000707963,-5.5416e-05,0,0,0.0283939,-0.0801539,-0.00187943,0.649976,0.00898881,0.0494167,0.00772831,0,0,-2.9165e-11,0.977641,0.0400726,0.0117425,-0.0455725,-0.0313428,0.000815388,0,0,0.127405,0.0430665,0.037296,0.135932,0.397399,-0.0294986,0.0128672,0,0,-6.93889e-12,-0.790176,0.00525301,-0.044722,-0.0372984,0.0358783,0.00115676,0,0,0.0426209,-0.036955,0.0965829,0.564794,-0.0354275,0.419994,-0.00278271,0,0,1.73472e-12,-0.228699,0.0028671,0.00221726,0.00216597,0.0035549,0.00171802,0,0,-0.0231694,-0.00986025,-0.0287189,0.00100138,0.0167539,-0.00716043,0.0680072,0,0,0,0,0,-1.20024e-12,0,0,1.20024e-12,-1.15223e-10,0,0,0,0,0,0,0,0,0.905991,-4.5048e-09,0,0,0,0,0,0,0,0,0,0,0,0,0,0,0,0,-4.5051e-09,0.905991,
-5.20417e-12,-0.459042,0.0153466,-0.00253052,0.00158775,0.000812533,-3.19191e-05,0,0,0.553675,-0.020187,-0.0931463,0.0252315,0.0117228,0.00231963,-0.000456965,0,0,-6.62041e-12,-2,-0.00414005,-0.0118842,-0.00308785,-0.000412475,2.48942e-06,0,0,0.0273243,0.740619,0.0288991,0.0674883,-0.0185722,-0.0195639,0.0254401,0,0,-1.73472e-11,-0.27123,0.0817432,0.0112063,0.00436528,0.00224367,-7.66805e-05,0,0,-0.0936433,-0.0118329,0.552309,-0.00807789,0.00339449,0.00833974,-0.00184441,0,0,1.38778e-11,-1.88491,0.00542307,0.0476829,0.00503521,-0.000708156,-5.53583e-05,0,0,0.0284439,-0.0802064,-0.0018486,0.650006,0.00897855,0.0493983,0.00773455,0,0,-1.22515e-11,0.97798,0.0400575,0.0117499,-0.0455979,-0.0313547,0.000815069,0,0,0.12744,0.0430821,0.037541,0.135878,0.397459,-0.0294876,0.012855,0,0,0,-0.787967,0.00525691,-0.0447184,-0.0373089,0.035906,0.00115618,0,0,0.0425812,-0.0368593,0.0965711,0.564716,-0.0354165,0.420014,-0.00279343,0,0,-6.07153e-12,-0.228813,0.00286885,0.00221548,0.0021653,0.00355424,0.0017184,0,0,-0.023161,-0.0098653,-0.0287184,0.001013,0.0167426,-0.00716321,0.0680084,0,0,0,0,-1.20024e-12,0,0,0,-1.20024e-12,0,0,0,0,0,0,0,0,0,0.905991,4.25545e-09,0,1.20024e-12,0,-1.20024e-12,-1.20024e-12,0,-1.20024e-12,0,0,0,0,0,0,0,0,0,4.25545e-09,0.905991,
-4.33681e-12,-0.459699,0.0153623,-0.00253672,0.00158902,0.000813704,-3.26689e-05,0,0,0.553697,-0.020216,-0.0932074,0.0252796,0.0117242,0.00231195,-0.000453318,0,0,1.53821e-12,-2,-0.00414621,-0.0118943,-0.00309169,-0.000411087,2.33497e-06,0,0,0.0273488,0.740626,0.0289301,0.0675351,-0.0185792,-0.0195904,0.0254403,0,0,-6.93889e-12,-0.271692,0.0817372,0.0112038,0.00436871,0.00224517,-7.77298e-05,0,0,-0.093706,-0.0118531,0.552507,-0.00805557,0.00341798,0.00833636,-0.00184248,0,0,1.38778e-11,-1.88613,0.00542238,0.0476985,0.00503523,-0.000708738,-5.49121e-05,0,0,0.028494,-0.0802589,-0.00181769,0.650037,0.00896828,0.0493799,0.0077408,0,0,1.6263e-12,0.978318,0.0400382,0.0117654,-0.0456151,-0.0313584,0.000806637,0,0,0.127476,0.0430977,0.037786,0.135824,0.39752,-0.0294767,0.0128427,0,0,3.46945e-11,-0.785757,0.00526152,-0.044716,-0.0373208,0.0359324,0.00115698,0,0,0.0425413,-0.0367636,0.0965591,0.564639,-0.0354054,0.420033,-0.00280415,0,0,-6.07153e-12,-0.228927,0.00287069,0.00221355,0.00216446,0.00355341,0.00171894,0,0,-0.0231526,-0.00987034,-0.028718,0.00102461,0.0167314,-0.00716599,0.0680095,0,0,0,-1.20024e-12,-1.20024e-12,0,-1.20024e-12,0,-1.20024e-12,-1.72835e-10,0,0,0,0,0,0,0,0,0.905991,4.15403e-09,0,0,-1.20024e-12,0,-1.20024e-12,0,-1.20024e-12,0,0,0,0,0,0,0,0,0,4.15403e-09,0.905991,
-6.07153e-12,-0.460356,0.0153788,-0.00254331,0.00159028,0.000814131,-3.23042e-05,0,0,0.553719,-0.020245,-0.0932685,0.0253279,0.0117256,0.00230425,-0.000449665,0,0,-9.14796e-12,-2,-0.00415219,-0.0119045,-0.00309552,-0.000409879,2.45535e-06,0,0,0.0273732,0.740633,0.0289612,0.0675819,-0.0185863,-0.0196169,0.0254404,0,0,-1.73472e-11,-0.272154,0.0817323,0.0112009,0.00437214,0.00224562,-7.71994e-05,0,0,-0.0937688,-0.0118733,0.552706,-0.00803318,0.00344148,0.00833295,-0.00184054,0,0,1.38778e-11,-1.88735,0.00542129,0.0477143,0.00503525,-0.000708932,-5.50485e-05,0,0,0.0285442,-0.0803115,-0.00178672,0.650067,0.00895801,0.0493615,0.00774705,0,0,6.17995e-12,0.978664,0.040027,0.0117769,-0.0456323,-0.0313703,0.000810371,0,0,0.127511,0.0431132,0.0380309,0.13577,0.39758,-0.0294657,0.0128305,0,0,-5.55112e-11,-0.783548,0.00526477,-0.0447129,-0.0373326,0.0359603,0.00115571,0,0,0.0425012,-0.0366679,0.0965469,0.564561,-0.0353943,0.420053,-0.00281488,0,0,-1.21431e-11,-0.229042,0.00287237,0.00221169,0.00216361,0.00355274,0.00171924,0,0,-0.0231441,-0.00987539,-0.0287175,0.00103621,0.0167202,-0.00716878,0.0680106,0,0,0,0,0,-1.20024e-12,1.20024e-12,-1.20024e-12,1.20024e-12,0,0,0,0,0,0,0,0,0,0.905991,4.16604e-09,0,0,0,0,1.20024e-12,0,1.20024e-12,0,0,0,0,0,0,0,0,0,4.16604e-09,0.905991,
-1.73472e-12,-0.461015,0.015395,-0.00254993,0.00159043,0.000815673,-3.2311e-05,0,0,0.553742,-0.020274,-0.0933297,0.0253763,0.011727,0.00229652,-0.000446006,0,0,-4.72983e-12,-2,-0.00415828,-0.0119148,-0.00309964,-0.000408392,2.48403e-06,0,0,0.0273976,0.74064,0.0289922,0.0676287,-0.0185934,-0.0196434,0.0254406,0,0,0,-0.272619,0.0817268,0.0111979,0.00437397,0.00224764,-7.71955e-05,0,0,-0.0938317,-0.0118936,0.552904,-0.00801072,0.00346496,0.00832952,-0.00183859,0,0,2.77556e-11,-1.88857,0.00542038,0.0477301,0.00503585,-0.00070971,-5.49907e-05,0,0,0.0285945,-0.0803641,-0.00175567,0.650097,0.00894773,0.0493431,0.00775331,0,0,3.03577e-12,0.979002,0.0400116,0.0117884,-0.0456616,-0.0313699,0.000810049,0,0,0.127546,0.0431288,0.0382758,0.135716,0.39764,-0.0294547,0.0128183,0,0,-4.85723e-11,-0.781336,0.00526873,-0.0447097,-0.0373423,0.0359861,0.00115512,0,0,0.042461,-0.0365721,0.0965345,0.564483,-0.0353833,0.420073,-0.00282562,0,0,-8.67362e-13,-0.229156,0.00287413,0.00220983,0.00216301,0.00355183,0.00171962,0,0,-0.0231356,-0.00988042,-0.028717,0.0010478,0.0167089,-0.00717156,0.0680118,0,0,0,0,0,0,0,0,0,0,0,0,0,0,0,0,0,0,0.905991,4.28336e-09,0,0,1.20024e-12,0,0,1.20024e-12,0,0,0,0,0,0,0,0,0,0,4.28336e-09,0.905991,
-3.71188e-07,-0.461674,0.0154112,-0.00255655,0.00159169,0.000816101,-3.23177e-05,0,0,0.553764,-0.0203031,-0.0933911,0.0254248,0.0117283,0.00228876,-0.00044234,0,0,-9.16686e-08,-2,-0.00416437,-0.011925,-0.00310347,-0.000407177,2.5126e-06,0,0,0.027422,0.740646,0.0290233,0.0676755,-0.0186005,-0.01967,0.0254407,0,0,-5.27179e-07,-0.273084,0.0817213,0.0111948,0.00437739,0.00224809,-7.71915e-05,0,0,-0.0938948,-0.0119139,0.553103,-0.00798819,0.00348843,0.00832605,-0.00183664,0,0,1.94261e-07,-1.8898,0.00541945,0.0477459,0.00503586,-0.000709905,-5.49329e-05,0,0,0.0286448,-0.0804168,-0.00172455,0.650128,0.00893745,0.0493246,0.00775956,0,0,-4.06094e-06,0.979344,0.0399962,0.0117999,-0.0456787,-0.0313817,0.000809726,0,0,0.127582,0.0431443,0.0385206,0.135663,0.3977,-0.0294438,0.012806,0,0,6.91752e-07,-0.779125,0.0052727,-0.0447064,-0.0373541,0.0360141,0.00115454,0,0,0.0424207,-0.0364763,0.0965218,0.564406,-0.0353722,0.420093,-0.00283635,0,0,8.03298e-08,-0.22927,0.00287589,0.00220797,0.00216216,0.00355116,0.00172,0,0,-0.0231271,-0.00988546,-0.0287165,0.00105939,0.0166977,-0.00717434,0.0680129,0,0,0,-1.20024e-12,0,0,0,0,-1.20024e-12,-5.64113e-11,0,0,0,0,0,0,0,0,0.905991,-4.51381e-09,1.20024e-12,2.40048e-12,0,1.20024e-12,3.60072e-12,2.40048e-12,0,0,0,0,0,0,0,0,0,0,-4.51501e-09,0.905991,
-2.60209e-12,-0.462335,0.015427,-0.00256394,0.0015922,0.000816529,-3.26955e-05,0,0,0.553787,-0.0203322,-0.0934525,0.0254733,0.0117296,0.00228099,-0.000438669,0,0,-7.94178e-12,-2,-0.00417055,-0.0119354,-0.00310749,-0.000405958,2.44947e-06,0,0,0.0274465,0.740653,0.0290544,0.0677223,-0.0186076,-0.0196965,0.0254409,0,0,0,-0.27355,0.0817153,0.0111907,0.00437974,0.00224853,-7.77148e-05,0,0,-0.0939579,-0.0119343,0.553302,-0.0079656,0.0035119,0.00832256,-0.00183469,0,0,1.38778e-11,-1.89102,0.0054187,0.0477621,0.00503625,-0.000710102,-5.46808e-05,0,0,0.0286953,-0.0804695,-0.00169335,0.650158,0.00892716,0.0493061,0.00776583,0,0,3.64292e-11,0.979685,0.0399767,0.0118033,-0.0457038,-0.0313934,0.00080534,0,0,0.127617,0.0431598,0.0387655,0.135609,0.397761,-0.0294328,0.0127938,0,0,3.46945e-11,-0.776912,0.0052774,-0.0447016,-0.0373645,0.0360421,0.00115464,0,0,0.0423801,-0.0363804,0.0965089,0.564328,-0.0353611,0.420113,-0.00284709,0,0,4.33681e-12,-0.229384,0.00287773,0.00220626,0.00216146,0.00355049,0.00172046,0,0,-0.0231186,-0.00989049,-0.0287161,0.00107097,0.0166865,-0.00717713,0.0680141,0,0,0,0,1.20024e-12,-1.20024e-12,0,1.20024e-12,0,0,0,0,0,0,0,0,0,0,0.905991,-4.60052e-09,0,0,-2.40048e-12,0,0,-2.40048e-12,2.40048e-12,0,0,0,0,0,0,0,0,0,-4.60202e-09,0.905991,
-8.67362e-13,-0.462996,0.0154433,-0.0025706,0.00159345,0.000817329,-3.27021e-05,0,0,0.55381,-0.0203614,-0.093514,0.025522,0.011731,0.00227319,-0.000434991,0,0,-1.02254e-11,-2,-0.00417666,-0.0119457,-0.00311133,-0.000404645,2.47793e-06,0,0,0.0274709,0.74066,0.0290854,0.0677691,-0.0186147,-0.019723,0.025441,0,0,0,-0.274016,0.0817097,0.0111876,0.00438314,0.00224949,-7.77108e-05,0,0,-0.0940211,-0.0119547,0.5535,-0.00794293,0.00353537,0.00831904,-0.00183273,0,0,1.38778e-11,-1.89225,0.00541773,0.0477779,0.00503625,-0.000710493,-5.46229e-05,0,0,0.0287458,-0.0805222,-0.00166209,0.650189,0.00891687,0.0492877,0.00777209,0,0,-1.95156e-11,0.980035,0.0399611,0.0118148,-0.0457207,-0.0314011,0.000805015,0,0,0.127652,0.0431753,0.0390103,0.135555,0.397821,-0.0294219,0.0127816,0,0,-6.245e-11,-0.774701,0.00528141,-0.0446982,-0.0373762,0.0360695,0.00115405,0,0,0.0423394,-0.0362846,0.0964958,0.56425,-0.0353501,0.420132,-0.00285783,0,0,-1.56125e-11,-0.229498,0.0028795,0.00220439,0.00216061,0.00354973,0.00172084,0,0,-0.0231101,-0.00989552,-0.0287156,0.00108254,0.0166753,-0.00717991,0.0680152,0,0,0,1.20024e-12,0,1.20024e-12,0,0,1.20024e-12,-5.76116e-11,0,0,0,0,0,0,0,0,0.905991,-4.53901e-09,0,-1.20024e-12,0,0,0,0,-1.20024e-12,0,0,0,0,0,0,0,0,0,-4.53901e-09,0.905991,
8.67362e-13,-0.463659,0.0154603,-0.00257729,0.00159396,0.000818869,-3.23379e-05,0,0,0.553833,-0.0203906,-0.0935757,0.0255708,0.0117323,0.00226536,-0.000431307,0,0,-3.45589e-13,-2,-0.00418258,-0.0119559,-0.00311536,-0.00040315,2.59787e-06,0,0,0.0274953,0.740667,0.0291165,0.0678158,-0.0186218,-0.0197495,0.0254411,0,0,6.93889e-12,-0.274485,0.0817053,0.0111845,0.00438549,0.00225151,-7.71789e-05,0,0,-0.0940845,-0.0119752,0.553699,-0.00792019,0.00355882,0.0083155,-0.00183076,0,0,0,-1.89347,0.00541637,0.0477937,0.00503663,-0.000711281,-5.47591e-05,0,0,0.0287964,-0.080575,-0.00163075,0.650219,0.00890657,0.0492692,0.00777836,0,0,4.98733e-12,0.980368,0.0399536,0.0118263,-0.0457457,-0.0314006,0.000808751,0,0,0.127687,0.0431908,0.0392551,0.135502,0.397881,-0.029411,0.0127694,0,0,-4.85723e-11,-0.772486,0.00528407,-0.0446947,-0.0373865,0.0360956,0.00115278,0,0,0.0422986,-0.0361887,0.0964825,0.564173,-0.035339,0.420152,-0.00286858,0,0,-1.56125e-11,-0.229612,0.0028811,0.00220253,0.00215991,0.00354881,0.00172114,0,0,-0.0231015,-0.00990055,-0.0287151,0.0010941,0.0166641,-0.0071827,0.0680163,0,0,0,-2.40048e-12,1.20024e-12,0,-1.20024e-12,0,0,0,0,0,0,0,0,0,0,0,0.905991,-4.35507e-09,0,-1.20024e-12,1.20024e-12,0,-1.20024e-12,0,0,0,0,0,0,0,0,0,0,0,-4.35507e-09,0.905991,
-5.20417e-12,-0.464322,0.015477,-0.00258409,0.00159483,0.000819402,-3.27076e-05,0,0,0.553855,-0.0204199,-0.0936374,0.0256197,0.0117335,0.00225751,-0.000427618,0,0,-1.22583e-11,-2,-0.00418885,-0.0119666,-0.003119,-0.000401623,2.54396e-06,0,0,0.0275198,0.740674,0.0291476,0.0678626,-0.0186289,-0.019776,0.0254413,0,0,-1.73472e-11,-0.274953,0.0816998,0.0111814,0.00438807,0.00225205,-7.77121e-05,0,0,-0.0941479,-0.0119957,0.553897,-0.00789738,0.00358226,0.00831192,-0.00182879,0,0,0,-1.8947,0.00541531,0.0478094,0.00503678,-0.000711077,-5.45174e-05,0,0,0.0288472,-0.0806279,-0.00159933,0.65025,0.00889627,0.0492507,0.00778464,0,0,-2.19009e-11,0.980717,0.0399379,0.0118379,-0.0457626,-0.0314123,0.000804584,0,0,0.127722,0.0432063,0.0394999,0.135448,0.397941,-0.0294,0.0127572,0,0,-6.93889e-12,-0.770272,0.00528808,-0.0446912,-0.0373981,0.0361232,0.00115271,0,0,0.0422576,-0.0360927,0.0964689,0.564095,-0.0353279,0.420172,-0.00287934,0,0,3.46945e-12,-0.229726,0.00288289,0.00220064,0.00215901,0.00354811,0.00172155,0,0,-0.0230929,-0.00990558,-0.0287146,0.00110566,0.0166529,-0.00718548,0.0680175,0,0,0,0,-1.20024e-12,1.20024e-12,0,0,-1.20024e-12,0,0,0,0,0,0,0,0,0,0.905991,4.09192e-09,0,0,0,0,0,0,0,0,0,0,0,0,0,0,0,0,4.09192e-09,0.905991,
-3.46945e-12,-0.464987,0.0154932,-0.00259037,0.00159575,0.000820197,-3.2344e-05,0,0,0.553878,-0.0204492,-0.0936992,0.0256686,0.0117348,0.00224964,-0.000423922,0,0,-1.1994e-11,-2,-0.00419507,-0.0119767,-0.00312295,-0.000400341,2.66234e-06,0,0,0.0275442,0.740681,0.0291787,0.0679093,-0.018636,-0.0198024,0.0254414,0,0,-1.38778e-11,-0.275424,0.0816938,0.0111789,0.00439101,0.00225299,-7.71792e-05,0,0,-0.0942115,-0.0120162,0.554096,-0.0078745,0.00360569,0.00830832,-0.00182681,0,0,0,-1.89593,0.00541447,0.0478252,0.00503693,-0.000711513,-5.46531e-05,0,0,0.028898,-0.0806808,-0.00156785,0.65028,0.00888597,0.0492322,0.00779092,0,0,-4.6187e-11,0.981057,0.0399179,0.0118535,-0.0457832,-0.0314198,0.000808311,0,0,0.127757,0.0432218,0.0397448,0.135395,0.398001,-0.0293891,0.012745,0,0,-2.08167e-11,-0.768056,0.00529281,-0.0446884,-0.037409,0.0361512,0.00115142,0,0,0.0422164,-0.0359967,0.0964551,0.564017,-0.0353169,0.420192,-0.00289009,0,0,0,-0.229839,0.00288476,0.00219869,0.00215819,0.00354733,0.00172185,0,0,-0.0230844,-0.0099106,-0.0287141,0.00111721,0.0166416,-0.00718827,0.0680186,0,0,0,0,0,0,0,0,0,1.15223e-10,0,0,0,0,0,0,0,0,0.905991,3.971e-09,0,0,0,-1.20024e-12,0,-1.20024e-12,1.20024e-12,0,0,0,0,0,0,0,0,0,3.9701e-09,0.905991,
3.46945e-12,-0.465652,0.0155096,-0.00259704,0.00159673,0.000820967,-3.27231e-05,0,0,0.553901,-0.0204786,-0.0937612,0.0257177,0.0117361,0.00224175,-0.00042022,0,0,1.02186e-11,-2,-0.00420117,-0.0119867,-0.00312693,-0.000399106,2.59646e-06,0,0,0.0275686,0.740689,0.0292098,0.0679561,-0.0186432,-0.0198289,0.0254415,0,0,1.38778e-11,-0.275895,0.0816883,0.0111758,0.00439408,0.00225391,-7.77004e-05,0,0,-0.0942751,-0.0120369,0.554295,-0.00785155,0.00362912,0.00830469,-0.00182483,0,0,0,-1.89716,0.00541344,0.0478411,0.00503707,-0.000712016,-5.43982e-05,0,0,0.0289489,-0.0807338,-0.00153628,0.650311,0.00887565,0.0492136,0.0077972,0,0,8.67362e-13,0.981398,0.0399021,0.0118651,-0.0458038,-0.0314275,0.000803861,0,0,0.127791,0.0432373,0.0399896,0.135341,0.398061,-0.0293782,0.0127328,0,0,-6.93889e-12,-0.765839,0.0052969,-0.0446847,-0.0374199,0.0361792,0.00115156,0,0,0.042175,-0.0359006,0.0964411,0.563939,-0.0353058,0.420212,-0.00290086,0,0,-8.67362e-12,-0.229953,0.00288654,0.00219683,0.00215738,0.00354658,0.00172232,0,0,-0.0230758,-0.00991562,-0.0287135,0.00112876,0.0166304,-0.00719105,0.0680198,0,0,0,0,0,0,-1.20024e-12,1.20024e-12,-1.20024e-12,0,0,0,0,0,0,0,0,0,0.905991,3.95269e-09,0,-2.40048e-12,-2.40048e-12,2.40048e-12,0,2.40048e-12,0,0,0,0,0,0,0,0,0,0,3.95269e-09,0.905991,
-8.67362e-13,-0.46632,0.0155264,-0.00260387,0.00159768,0.000821474,-3.19822e-05,0,0,0.553925,-0.020508,-0.0938232,0.0257668,0.0117373,0.00223383,-0.000416512,0,0,3.93023e-12,-2,-0.00420744,-0.0119974,-0.00313062,-0.000397641,2.81617e-06,0,0,0.0275931,0.740696,0.029241,0.0680028,-0.0186503,-0.0198554,0.0254416,0,0,0,-0.276369,0.0816828,0.0111726,0.00439682,0.00225441,-7.66469e-05,0,0,-0.0943389,-0.0120575,0.554493,-0.00782853,0.00365254,0.00830103,-0.00182284,0,0,1.38778e-11,-1.89839,0.00541234,0.0478568,0.00503717,-0.000711899,-5.47373e-05,0,0,0.0289999,-0.0807868,-0.00150465,0.650341,0.00886534,0.0491951,0.00780349,0,0,-6.17995e-12,0.98173,0.0398861,0.0118767,-0.0458205,-0.0314391,0.000811856,0,0,0.127826,0.0432528,0.0402344,0.135288,0.398121,-0.0293673,0.0127206,0,0,6.93889e-12,-0.763619,0.00530098,-0.044681,-0.0374315,0.0362072,0.00114946,0,0,0.0421335,-0.0358045,0.0964269,0.563861,-0.0352947,0.420232,-0.00291163,0,0,-4.33681e-12,-0.230067,0.00288833,0.00219494,0.00215648,0.00354589,0.0017225,0,0,-0.0230672,-0.00992063,-0.028713,0.0011403,0.0166192,-0.00719384,0.0680209,0,0,0,0,1.20024e-12,-2.40048e-12,0,0,1.20024e-12,0,0,0,0,0,0,0,0,0,0.905991,4.02411e-09,0,0,2.40048e-12,-3.60072e-12,-2.40048e-12,0,0,0,0,0,0,0,0,0,0,0,4.02471e-09,0.905991,
1.73472e-12,-0.466987,0.0155433,-0.00261056,0.00159828,0.000822621,-3.27314e-05,0,0,0.553948,-0.0205374,-0.0938853,0.0258161,0.0117385,0.00222588,-0.000412799,0,0,-5.55654e-12,-2,-0.00421347,-0.0120074,-0.00313469,-0.000396302,2.65803e-06,0,0,0.0276175,0.740703,0.0292721,0.0680496,-0.0186574,-0.0198819,0.0254417,0,0,6.93889e-12,-0.276841,0.0816778,0.0111695,0.00439933,0.00225586,-7.7697e-05,0,0,-0.0944028,-0.0120782,0.554692,-0.00780543,0.00367596,0.00829735,-0.00182085,0,0,-1.38778e-11,-1.89962,0.00541107,0.0478727,0.00503748,-0.000712589,-5.42883e-05,0,0,0.029051,-0.0808398,-0.00147294,0.650372,0.00885502,0.0491765,0.00780978,0,0,4.00071e-11,0.982078,0.0398742,0.0118883,-0.045845,-0.0314426,0.000803337,0,0,0.127861,0.0432682,0.0404793,0.135235,0.398182,-0.0293564,0.0127084,0,0,2.77556e-11,-0.761401,0.00530441,-0.0446771,-0.0374416,0.0362347,0.00115028,0,0,0.0420918,-0.0357083,0.0964125,0.563783,-0.0352837,0.420252,-0.00292241,0,0,-6.07153e-12,-0.23018,0.00289004,0.00219307,0.00215573,0.00354503,0.00172304,0,0,-0.0230585,-0.00992565,-0.0287125,0.00115184,0.016608,-0.00719662,0.068022,0,0,0,-1.20024e-12,0,0,-1.20024e-12,0,-1.20024e-12,0,0,0,0,0,0,0,0,0,0.905991,4.18884e-09,0,0,0,0,-1.20024e-12,0,0,0,0,0,0,0,0,0,0,0,4.18884e-09,0.905991,
-3.70362e-07,-0.467655,0.0155598,-0.00261728,0.00159928,0.00082301,-3.19996e-05,0,0,0.553971,-0.0205669,-0.0939476,0.0258655,0.0117398,0.00221791,-0.000409079,0,0,-9.18154e-08,-2,-0.00421959,-0.0120175,-0.00313869,-0.000395171,2.86677e-06,0,0,0.027642,0.740711,0.0293033,0.0680963,-0.0186646,-0.0199083,0.0254417,0,0,-5.28747e-07,-0.277316,0.0816722,0.0111663,0.00440246,0.00225623,-7.66315e-05,0,0,-0.0944667,-0.012099,0.55489,-0.00778227,0.00369938,0.00829363,-0.00181885,0,0,1.94358e-07,-1.90086,0.00541,0.0478886,0.00503758,-0.000712934,-5.46154e-05,0,0,0.0291022,-0.0808929,-0.00144115,0.650402,0.00884469,0.0491579,0.00781607,0,0,-4.07423e-06,0.982418,0.0398582,0.0118998,-0.0458656,-0.0314542,0.000811081,0,0,0.127895,0.0432837,0.0407241,0.135181,0.398242,-0.0293455,0.0126962,0,0,6.92474e-07,-0.759181,0.00530859,-0.0446732,-0.0374523,0.0362635,0.00114835,0,0,0.0420499,-0.0356121,0.0963978,0.563705,-0.0352726,0.420272,-0.00293319,0,0,7.99734e-08,-0.230294,0.00289181,0.00219119,0.00215493,0.00354436,0.00172327,0,0,-0.0230499,-0.00993066,-0.0287119,0.00116337,0.0165968,-0.00719941,0.0680232,0,0,0,0,0,0,0,0,-1.20024e-12,0,0,0,0,0,0,0,0,0,0.905991,-4.4646e-09,1.20024e-12,0,0,-1.20024e-12,1.20024e-12,0,-1.20024e-12,0,0,0,0,0,0,0,0,0,-4.4652e-09,0.905991,
6.07153e-12,-0.468326,0.0155754,-0.00262405,0.00160024,0.000824517,-3.23785e-05,0,0,0.553994,-0.0205965,-0.0940099,0.0259149,0.011741,0.00220992,-0.000405354,0,0,-2.81215e-12,-2,-0.00422589,-0.0120276,-0.00314267,-0.000393733,2.80085e-06,0,0,0.0276664,0.740718,0.0293344,0.068143,-0.0186717,-0.0199348,0.0254418,0,0,2.42861e-11,-0.277792,0.0816656,0.011163,0.00440552,0.0022582,-7.71527e-05,0,0,-0.0945308,-0.0121198,0.555089,-0.00775903,0.0037228,0.00828989,-0.00181685,0,0,-2.77556e-11,-1.90209,0.00540931,0.0479044,0.00503769,-0.000713831,-5.436e-05,0,0,0.0291535,-0.080946,-0.00140929,0.650433,0.00883435,0.0491393,0.00782237,0,0,1.8323e-11,0.98275,0.0398341,0.0119113,-0.0458861,-0.0314536,0.000806615,0,0,0.12793,0.0432992,0.040969,0.135128,0.398302,-0.0293346,0.012684,0,0,2.77556e-11,-0.756958,0.00531419,-0.0446692,-0.0374631,0.0362901,0.0011485,0,0,0.0420079,-0.0355159,0.0963829,0.563627,-0.0352615,0.420292,-0.00294397,0,0,8.67362e-13,-0.230407,0.00289374,0.00218931,0.00215414,0.00354344,0.00172374,0,0,-0.0230412,-0.00993566,-0.0287114,0.00117489,0.0165856,-0.0072022,0.0680243,0,0,0,0,1.20024e-12,-1.20024e-12,0,0,-1.20024e-12,-5.76116e-11,0,0,0,0,0,0,0,0,0.905991,-4.60382e-09,0,0,0,0,0,0,0,0,0,0,0,0,0,0,0,0,-4.60382e-09,0.905991,
-3.7018e-07,-0.468996,0.0155922,-0.0026305,0.00160153,0.000825294,-3.23865e-05,0,0,0.554018,-0.020626,-0.0940724,0.0259645,0.0117422,0.0022019,-0.000401622,0,0,-9.18461e-08,-2,-0.00423192,-0.0120377,-0.00314655,-0.000392445,2.82719e-06,0,0,0.0276909,0.740726,0.0293656,0.0681897,-0.0186789,-0.0199613,0.0254419,0,0,-5.29111e-07,-0.278269,0.0816604,0.0111601,0.00440903,0.00225913,-7.71457e-05,0,0,-0.094595,-0.0121406,0.555288,-0.00773572,0.00374621,0.00828612,-0.00181484,0,0,1.94345e-07,-1.90333,0.00540803,0.04792,0.0050376,-0.000714308,-5.42996e-05,0,0,0.0292049,-0.0809992,-0.00137736,0.650464,0.00882401,0.0491207,0.00782867,0,0,-4.0772e-06,0.983089,0.0398221,0.011927,-0.0459026,-0.031461,0.000806237,0,0,0.127964,0.0433146,0.0412137,0.135075,0.398362,-0.0293237,0.0126718,0,0,6.92633e-07,-0.754736,0.00531774,-0.0446658,-0.0374746,0.0363179,0.00114795,0,0,0.0419658,-0.0354196,0.0963677,0.563549,-0.0352505,0.420312,-0.00295476,0,0,7.99187e-08,-0.23052,0.00289542,0.00218734,0.00215328,0.00354268,0.00172412,0,0,-0.0230326,-0.00994066,-0.0287108,0.00118641,0.0165744,-0.00720499,0.0680254,0,0,0,0,0,0,0,0,0,0,0,0,0,0,0,0,0,0,0.905991,-4.58882e-09,0,-1.20024e-12,-1.20024e-12,2.40048e-12,0,0,-1.20024e-12,0,0,0,0,0,0,0,0,0,-4.58912e-09,0.905991,
8.67362e-13,-0.469668,0.0156085,-0.00263772,0.00160169,0.000826078,-3.27644e-05,0,0,0.554041,-0.0206557,-0.0941349,0.0260141,0.0117433,0.00219386,-0.000397884,0,0,-7.61652e-12,-2,-0.00423806,-0.012048,-0.00315069,-0.000391138,2.76177e-06,0,0,0.0277154,0.740733,0.0293967,0.0682364,-0.0186861,-0.0199877,0.025442,0,0,1.38778e-11,-0.278747,0.0816548,0.0111562,0.00441092,0.00226008,-7.76684e-05,0,0,-0.0946593,-0.0121615,0.555486,-0.00771234,0.00376962,0.00828232,-0.00181283,0,0,1.38778e-11,-1.90456,0.00540692,0.0479359,0.0050381,-0.000714769,-5.40451e-05,0,0,0.0292564,-0.0810525,-0.00134535,0.650494,0.00881366,0.0491021,0.00783498,0,0,1.84314e-11,0.983432,0.039806,0.0119345,-0.0459314,-0.0314684,0.000801788,0,0,0.127998,0.04333,0.0414585,0.135021,0.398422,-0.0293128,0.0126596,0,0,-6.93889e-12,-0.752514,0.00532201,-0.0446609,-0.0374839,0.0363458,0.00114808,0,0,0.0419234,-0.0353232,0.0963524,0.563471,-0.0352394,0.420332,-0.00296556,0,0,6.07153e-12,-0.230633,0.00289719,0.00218553,0.00215266,0.00354191,0.00172458,0,0,-0.0230239,-0.00994566,-0.0287103,0.00119792,0.0165632,-0.00720778,0.0680266,0,0,0,0,0,0,0,0,1.20024e-12,0,0,0,0,0,0,0,0,0,0.905991,-4.43999e-09,0,0,1.20024e-12,0,0,-1.20024e-12,2.40048e-12,0,0,0,0,0,0,0,0,0,-4.44029e-09,0.905991,
-3.6999e-07,-0.470341,0.0156254,-0.00264434,0.00160256,0.000826974,-3.27639e-05,0,0,0.554065,-0.0206853,-0.0941976,0.0260639,0.0117445,0.0021858,-0.00039414,0,0,-9.18753e-08,-2,-0.00424437,-0.0120587,-0.00315435,-0.000389514,2.79799e-06,0,0,0.0277398,0.740741,0.0294279,0.0682831,-0.0186932,-0.0200142,0.025442,0,0,-5.29458e-07,-0.279226,0.0816492,0.0111534,0.00441354,0.00226113,-7.76722e-05,0,0,-0.0947237,-0.0121824,0.555685,-0.00768889,0.00379301,0.0082785,-0.00181081,0,0,1.94358e-07,-1.9058,0.00540572,0.0479514,0.00503818,-0.000714803,-5.39962e-05,0,0,0.0293079,-0.0811057,-0.00131327,0.650525,0.00880331,0.0490835,0.00784129,0,0,-4.08016e-06,0.983767,0.0397897,0.0119502,-0.0459479,-0.0314758,0.000801654,0,0,0.128032,0.0433455,0.0417033,0.134968,0.398482,-0.0293019,0.0126474,0,0,6.92828e-07,-0.75029,0.00532624,-0.0446575,-0.0374953,0.0363732,0.00114733,0,0,0.0418809,-0.0352269,0.0963368,0.563392,-0.0352283,0.420352,-0.00297636,0,0,7.98502e-08,-0.230746,0.00289897,0.00218354,0.00215177,0.00354111,0.00172491,0,0,-0.0230152,-0.00995065,-0.0287097,0.00120942,0.016552,-0.00721057,0.0680277,0,0,0,0,0,0,0,0,0,0,0,0,0,0,0,0,0,0,0.905991,4.19694e-09,0,0,-1.20024e-12,0,0,0,-1.20024e-12,0,0,0,0,0,0,0,0,0,4.19664e-09,0.905991,
1.73472e-12,-0.471014,0.0156425,-0.00265116,0.00160347,0.000827025,-3.27716e-05,0,0,0.554089,-0.0207151,-0.0942603,0.0261138,0.0117456,0.00217771,-0.00039039,0,0,5.89535e-13,-2,-0.00425044,-0.0120688,-0.00315831,-0.000388397,2.82312e-06,0,0,0.0277643,0.740749,0.0294591,0.0683298,-0.0187004,-0.0200406,0.0254421,0,0,6.93889e-12,-0.279706,0.0816442,0.0111501,0.00441649,0.00226101,-7.76657e-05,0,0,-0.0947882,-0.0122034,0.555883,-0.00766537,0.00381639,0.00827464,-0.00180878,0,0,0,-1.90704,0.00540435,0.0479672,0.00503827,-0.000714883,-5.39362e-05,0,0,0.0293596,-0.0811591,-0.00128111,0.650555,0.00879295,0.0490648,0.0078476,0,0,8.89046e-12,0.98411,0.0397774,0.0119618,-0.0459681,-0.0314912,0.000801286,0,0,0.128067,0.0433609,0.0419481,0.134915,0.398542,-0.029291,0.0126352,0,0,3.46945e-11,-0.748066,0.00532981,-0.0446532,-0.0375059,0.036403,0.00114674,0,0,0.0418383,-0.0351305,0.096321,0.563314,-0.0352173,0.420373,-0.00298716,0,0,6.07153e-12,-0.230859,0.00290069,0.00218165,0.00215093,0.00354047,0.00172529,0,0,-0.0230064,-0.00995565,-0.0287091,0.00122092,0.0165408,-0.00721336,0.0680288,0,0,0,0,0,0,-1.20024e-12,0,1.20024e-12,0,0,0,0,0,0,0,0,0,0.905991,4.09702e-09,0,-1.20024e-12,-2.40048e-12,0,1.20024e-12,2.40048e-12,-1.20024e-12,0,0,0,0,0,0,0,0,0,4.09672e-09,0.905991,
1.73472e-12,-0.471689,0.0156584,-0.00265838,0.00160442,0.000828534,-3.27801e-05,0,0,0.554112,-0.0207448,-0.0943232,0.0261637,0.0117468,0.0021696,-0.000386634,0,0,6.23416e-13,-2,-0.00425678,-0.012079,-0.0031623,-0.00038695,2.84786e-06,0,0,0.0277887,0.740757,0.0294903,0.0683764,-0.0187076,-0.020067,0.0254421,0,0,6.93889e-12,-0.280188,0.0816375,0.0111461,0.00441954,0.00226298,-7.76578e-05,0,0,-0.0948528,-0.0122245,0.556082,-0.00764178,0.00383978,0.00827076,-0.00180675,0,0,0,-1.90828,0.00540356,0.0479833,0.00503834,-0.000715794,-5.38748e-05,0,0,0.0294114,-0.0812124,-0.00124887,0.650586,0.00878259,0.0490461,0.00785392,0,0,2.0383e-11,0.984445,0.0397529,0.0119694,-0.0459883,-0.0314904,0.000800886,0,0,0.128101,0.0433763,0.0421928,0.134862,0.398602,-0.0292801,0.012623,0,0,4.85723e-11,-0.745839,0.0053355,-0.0446482,-0.0375165,0.03643,0.00114619,0,0,0.0417954,-0.035034,0.096305,0.563236,-0.0352062,0.420393,-0.00299797,0,0,6.07153e-12,-0.230972,0.00290263,0.00217984,0.00215012,0.00353953,0.00172567,0,0,-0.0229977,-0.00996064,-0.0287085,0.00123241,0.0165296,-0.00721615,0.06803,0,0,0,0,0,0,0,2.40048e-12,0,0,0,0,0,0,0,0,0,0,0.905991,4.10602e-09,0,0,0,0,1.20024e-12,0,0,0,0,0,0,0,0,0,0,0,4.10602e-09,0.905991,
5.20417e-12,-0.472364,0.0156753,-0.00266527,0.00160572,0.000828937,-3.20488e-05,0,0,0.554136,-0.0207746,-0.0943861,0.0262138,0.0117479,0.00216146,-0.000382872,0,0,7.92823e-13,-2,-0.00426285,-0.0120892,-0.00316618,-0.000385754,3.05719e-06,0,0,0.0278132,0.740764,0.0295215,0.0684231,-0.0187148,-0.0200934,0.0254421,0,0,1.73472e-11,-0.280669,0.0816324,0.0111427,0.00442307,0.00226336,-7.65901e-05,0,0,-0.0949175,-0.0122455,0.55628,-0.00761811,0.00386316,0.00826685,-0.00180471,0,0,0,-1.90952,0.00540218,0.0479991,0.00503822,-0.000716099,-5.42027e-05,0,0,0.0294632,-0.0812659,-0.00121656,0.650617,0.00877222,0.0490275,0.00786024,0,0,-1.19262e-11,0.984791,0.0397406,0.011981,-0.0460045,-0.0315018,0.000808665,0,0,0.128135,0.0433917,0.0424376,0.134809,0.398662,-0.0292693,0.0126109,0,0,-6.93889e-12,-0.743614,0.00533916,-0.0446437,-0.0375278,0.036459,0.00114424,0,0,0.0417524,-0.0349375,0.0962888,0.563157,-0.0351951,0.420413,-0.00300878,0,0,6.93889e-12,-0.231085,0.00290433,0.00217795,0.00214923,0.00353884,0.00172589,0,0,-0.022989,-0.00996562,-0.028708,0.0012439,0.0165184,-0.00721894,0.0680311,0,0,0,1.20024e-12,0,0,0,1.20024e-12,-1.20024e-12,0,0,0,0,0,0,0,0,0,0.905991,4.21435e-09,0,-1.20024e-12,0,0,0,-1.20024e-12,1.20024e-12,-1.15223e-10,0,0,0,0,0,0,0,0,4.21465e-09,0.905991,
-3.69624e-07,-0.473041,0.0156923,-0.0026722,0.00160587,0.000830087,-3.20568e-05,0,0,0.55416,-0.0208045,-0.0944492,0.0262639,0.011749,0.0021533,-0.000379104,0,0,-9.19471e-08,-2,-0.00426893,-0.0120994,-0.00317033,-0.000384352,3.08304e-06,0,0,0.0278377,0.740772,0.0295527,0.0684698,-0.018722,-0.0201199,0.0254422,0,0,-5.30163e-07,-0.281152,0.0816272,0.0111392,0.00442496,0.00226482,-7.65826e-05,0,0,-0.0949823,-0.0122667,0.556479,-0.00759437,0.00388654,0.00826291,-0.00180267,0,0,1.94414e-07,-1.91076,0.00540079,0.0480149,0.00503869,-0.000716771,-5.41421e-05,0,0,0.0295151,-0.0813193,-0.00118418,0.650648,0.00876185,0.0490088,0.00786657,0,0,-4.08599e-06,0.98513,0.0397282,0.0119926,-0.0460329,-0.0315051,0.000808287,0,0,0.128168,0.0434071,0.0426822,0.134756,0.398722,-0.0292584,0.0125987,0,0,6.93112e-07,-0.741387,0.00534284,-0.0446392,-0.037537,0.0364866,0.00114368,0,0,0.0417093,-0.034841,0.0962723,0.563079,-0.0351841,0.420433,-0.00301959,0,0,7.96923e-08,-0.231198,0.00290602,0.00217605,0.00214859,0.00353798,0.00172627,0,0,-0.0229802,-0.0099706,-0.0287074,0.00125537,0.0165072,-0.00722174,0.0680322,0,0,0,0,0,1.20024e-12,-1.20024e-12,0,1.20024e-12,0,0,0,0,0,0,0,0,0,0.905991,-4.43219e-09,0,0,0,0,-1.20024e-12,-1.20024e-12,0,0,0,0,0,0,0,0,0,0,-4.43219e-09,0.905991,
0,-0.473719,0.0157092,-0.00267889,0.00160674,0.000830612,-3.20565e-05,0,0,0.554184,-0.0208344,-0.0945124,0.0263142,0.0117501,0.00214512,-0.00037533,0,0,-1.48739e-11,-2,-0.00427527,-0.01211,-0.003174,-0.00038281,3.11887e-06,0,0,0.0278621,0.74078,0.0295839,0.0685164,-0.0187292,-0.0201463,0.0254422,0,0,0,-0.281637,0.0816216,0.0111362,0.00442757,0.00226533,-7.65855e-05,0,0,-0.0950472,-0.0122879,0.556677,-0.00757056,0.0039099,0.00825894,-0.00180062,0,0,-1.38778e-11,-1.912,0.0053995,0.0480303,0.00503874,-0.00071662,-5.40929e-05,0,0,0.0295672,-0.0813728,-0.00115172,0.650678,0.00875147,0.0489901,0.0078729,0,0,-1.75641e-11,0.985467,0.0397116,0.0120084,-0.0460491,-0.0315164,0.00080815,0,0,0.128202,0.0434224,0.042927,0.134703,0.398781,-0.0292475,0.0125865,0,0,4.16334e-11,-0.739159,0.00534718,-0.0446354,-0.0375483,0.036515,0.00114293,0,0,0.041666,-0.0347444,0.0962556,0.563001,-0.035173,0.420454,-0.00303042,0,0,0,-0.231311,0.00290781,0.00217405,0.00214768,0.00353726,0.0017266,0,0,-0.0229714,-0.00997558,-0.0287068,0.00126684,0.016496,-0.00722453,0.0680333,0,0,0,-1.20024e-12,0,0,0,0,0,0,0,0,0,0,0,0,0,0,0.905991,-4.51201e-09,0,0,0,0,0,0,0,0,0,0,0,0,0,0,0,0,-4.51261e-09,0.905991,
1.73472e-12,-0.474397,0.0157258,-0.00268654,0.00160801,0.000831402,-3.24338e-05,0,0,0.554208,-0.0208643,-0.0945756,0.0263645,0.0117512,0.00213691,-0.000371549,0,0,7.935e-12,-2,-0.00428156,-0.0121203,-0.00317787,-0.000381497,3.05166e-06,0,0,0.0278866,0.740788,0.0296152,0.068563,-0.0187364,-0.0201727,0.0254422,0,0,0,-0.282122,0.0816154,0.0111317,0.00443103,0.00226626,-7.71087e-05,0,0,-0.0951123,-0.0123091,0.556876,-0.00754668,0.00393326,0.00825495,-0.00179857,0,0,0,-1.91325,0.00539843,0.0480466,0.00503861,-0.000717097,-5.38383e-05,0,0,0.0296193,-0.0814264,-0.00111918,0.650709,0.00874108,0.0489713,0.00787923,0,0,-3.44776e-11,0.985805,0.0396909,0.0120119,-0.0460649,-0.0315236,0.00080369,0,0,0.128236,0.0434378,0.0431717,0.13465,0.398841,-0.0292367,0.0125744,0,0,-2.08167e-11,-0.73693,0.00535225,-0.0446294,-0.0375594,0.0365437,0.00114303,0,0,0.0416225,-0.0346478,0.0962387,0.562922,-0.0351619,0.420474,-0.00304124,0,0,1.64799e-11,-0.231424,0.00290969,0.00217231,0.00214675,0.00353645,0.00172705,0,0,-0.0229626,-0.00998055,-0.0287061,0.00127831,0.0164848,-0.00722732,0.0680345,0,0,0,0,0,0,0,-1.20024e-12,0,-1.20024e-12,0,0,0,0,0,0,0,0,0.905991,-4.45169e-09,0,1.20024e-12,0,0,0,0,0,-1.20024e-12,0,0,0,0,0,0,0,0,-4.45199e-09,0.905991,
3.69345e-07,-0.475078,0.0157422,-0.00269311,0.00160858,0.000832171,-3.28117e-05,0,0,0.554233,-0.0208943,-0.094639,0.026415,0.0117523,0.00212868,-0.000367763,0,0,9.19612e-08,-2,-0.00428784,-0.0121304,-0.00318195,-0.000380219,2.98406e-06,0,0,0.0279111,0.740797,0.0296464,0.0686097,-0.0187436,-0.0201991,0.0254422,0,0,5.30728e-07,-0.28261,0.0816092,0.0111287,0.00443353,0.00226716,-7.76307e-05,0,0,-0.0951774,-0.0123304,0.557074,-0.00752272,0.00395661,0.00825093,-0.00179651,0,0,-1.94428e-07,-1.91449,0.00539736,0.0480623,0.00503884,-0.000717625,-5.35823e-05,0,0,0.0296716,-0.08148,-0.00108657,0.65074,0.00873069,0.0489526,0.00788557,0,0,4.09037e-06,0.986135,0.0396701,0.0120276,-0.046089,-0.0315308,0.000799197,0,0,0.12827,0.0434532,0.0434164,0.134597,0.398901,-0.0292258,0.0125622,0,0,-6.93418e-07,-0.734699,0.00535736,-0.0446254,-0.0375692,0.0365724,0.00114316,0,0,0.0415789,-0.0345511,0.0962216,0.562844,-0.0351509,0.420494,-0.00305207,0,0,-7.95934e-08,-0.231536,0.00291156,0.00217033,0.00214599,0.00353566,0.00172751,0,0,-0.0229538,-0.00998553,-0.0287055,0.00128977,0.0164737,-0.00723012,0.0680356,0,0,0,0,0,0,0,0,0,0,0,0,0,0,0,0,0,0,0.905991,4.27646e-09,0,1.20024e-12,1.20024e-12,-1.20024e-12,1.20024e-12,-1.20024e-12,0,0,0,0,0,0,0,0,0,0,4.27706e-09,0.905991,
3.46945e-12,-0.475759,0.0157593,-0.00270009,0.00160913,0.000832943,-3.24506e-05,0,0,0.554257,-0.0209243,-0.0947024,0.0264656,0.0117533,0.00212042,-0.00036397,0,0,1.19533e-11,-2,-0.00429394,-0.0121405,-0.00318602,-0.00037892,3.10096e-06,0,0,0.0279355,0.740805,0.0296776,0.0686563,-0.0187508,-0.0202255,0.0254422,0,0,6.93889e-12,-0.283097,0.0816041,0.0111252,0.00443599,0.00226807,-7.70917e-05,0,0,-0.0952427,-0.0123517,0.557273,-0.00749869,0.00397997,0.00824687,-0.00179445,0,0,1.38778e-11,-1.91574,0.0053959,0.0480781,0.00503909,-0.000718136,-5.37154e-05,0,0,0.0297239,-0.0815336,-0.00105388,0.650771,0.00872029,0.0489338,0.00789191,0,0,-1.58294e-11,0.986476,0.0396575,0.0120392,-0.046113,-0.031538,0.000802891,0,0,0.128303,0.0434685,0.043661,0.134544,0.398961,-0.029215,0.01255,0,0,-1.38778e-11,-0.732469,0.00536114,-0.0446206,-0.037579,0.036601,0.00114191,0,0,0.041535,-0.0344545,0.0962042,0.562765,-0.0351398,0.420515,-0.0030629,0,0,6.07153e-12,-0.231649,0.00291327,0.00216842,0.00214526,0.00353487,0.00172781,0,0,-0.0229449,-0.00999049,-0.0287049,0.00130122,0.0164625,-0.00723292,0.0680367,0,0,0,2.40048e-12,0,0,-1.20024e-12,-1.20024e-12,1.20024e-12,0,0,0,0,0,0,0,0,0,0.905991,4.23625e-09,0,-2.40048e-12,0,0,0,0,0,0,0,0,0,0,0,0,0,0,4.23565e-09,0.905991,
1.73472e-12,-0.47644,0.0157764,-0.00270685,0.00160963,0.000833832,-3.24505e-05,0,0,0.554281,-0.0209544,-0.094766,0.0265162,0.0117543,0.00211214,-0.000360171,0,0,6.24772e-12,-2,-0.00430031,-0.0121511,-0.00318979,-0.000377293,3.13621e-06,0,0,0.02796,0.740813,0.0297089,0.0687029,-0.0187581,-0.0202518,0.0254422,0,0,2.08167e-11,-0.283586,0.0815984,0.0111221,0.00443809,0.00226909,-7.70938e-05,0,0,-0.095308,-0.0123731,0.557471,-0.00747459,0.0040033,0.00824279,-0.00179238,0,0,1.38778e-11,-1.91698,0.00539454,0.0480935,0.0050393,-0.000718203,-5.36654e-05,0,0,0.0297763,-0.0815873,-0.00102112,0.650801,0.00870989,0.0489151,0.00789826,0,0,3.68629e-12,0.986813,0.0396406,0.0120551,-0.0461331,-0.0315452,0.000802739,0,0,0.128337,0.0434839,0.0439057,0.134491,0.399021,-0.0292042,0.0125379,0,0,2.08167e-11,-0.730237,0.00536557,-0.0446165,-0.0375894,0.036629,0.00114117,0,0,0.0414911,-0.0343577,0.0961866,0.562687,-0.0351288,0.420535,-0.00307374,0,0,-3.46945e-12,-0.231761,0.00291506,0.00216641,0.00214441,0.00353407,0.00172815,0,0,-0.0229361,-0.00999546,-0.0287043,0.00131266,0.0164513,-0.00723571,0.0680378,0,0,0,1.20024e-12,0,1.20024e-12,1.20024e-12,0,-1.20024e-12,0,0,0,0,0,0,0,0,0,0.905991,-4.30887e-09,0,2.40048e-12,0,0,0,-1.20024e-12,0,-1.16423e-10,0,0,0,0,0,0,0,0,-4.30947e-09,0.905991,
8.67362e-13,-0.477123,0.0157934,-0.0027142,0.0016109,0.000834617,-3.28274e-05,0,0,0.554306,-0.0209845,-0.0948297,0.026567,0.0117554,0.00210383,-0.000356366,0,0,-3.61175e-12,-2,-0.00430653,-0.0121613,-0.00319366,-0.000375977,3.06844e-06,0,0,0.0279845,0.740821,0.0297402,0.0687495,-0.0187653,-0.0202782,0.0254422,0,0,3.46945e-12,-0.284076,0.0815928,0.011118,0.00444156,0.00227001,-7.76172e-05,0,0,-0.0953734,-0.0123945,0.557669,-0.00745041,0.00402663,0.00823869,-0.0017903,0,0,-1.38778e-11,-1.91823,0.00539321,0.0481096,0.00503914,-0.000718697,-5.34103e-05,0,0,0.0298288,-0.0816411,-0.000988278,0.650832,0.00869949,0.0488963,0.00790461,0,0,1.73472e-12,0.98715,0.0396237,0.0120627,-0.0461487,-0.0315523,0.000798262,0,0,0.12837,0.0434992,0.0441504,0.134438,0.39908,-0.0291933,0.0125257,0,0,2.08167e-11,-0.728004,0.00537004,-0.0446109,-0.0376004,0.036658,0.00114127,0,0,0.0414469,-0.0342609,0.0961688,0.562608,-0.0351177,0.420556,-0.00308459,0,0,-1.56125e-11,-0.231873,0.00291687,0.00216458,0.00214347,0.00353325,0.0017286,0,0,-0.0229272,-0.0100004,-0.0287036,0.0013241,0.0164401,-0.00723851,0.068039,0,0,0,0,1.20024e-12,-2.40048e-12,0,-1.20024e-12,2.40048e-12,0,0,0,0,0,0,0,0,0,0.905991,4.25846e-09,0,0,0,-2.40048e-12,0,-2.40048e-12,2.40048e-12,0,0,0,0,0,0,0,0,0,4.25936e-09,0.905991,
3.68967e-07,-0.477807,0.0158103,-0.0027212,0.00161147,0.000835014,-3.2836e-05,0,0,0.55433,-0.0210147,-0.0948935,0.0266178,0.0117564,0.0020955,-0.000352555,0,0,9.20166e-08,-2,-0.00431275,-0.0121715,-0.00319775,-0.000374784,3.0923e-06,0,0,0.028009,0.74083,0.0297714,0.0687961,-0.0187725,-0.0203046,0.0254422,0,0,5.31443e-07,-0.284567,0.0815871,0.0111144,0.00444406,0.00227037,-7.76082e-05,0,0,-0.095439,-0.012416,0.557868,-0.00742616,0.00404997,0.00823455,-0.00178822,0,0,-1.94442e-07,-1.91948,0.00539187,0.0481254,0.00503935,-0.000719043,-5.33484e-05,0,0,0.0298814,-0.0816949,-0.00095536,0.650863,0.00868907,0.0488775,0.00791096,0,0,4.09619e-06,0.987491,0.0396067,0.0120744,-0.0461725,-0.0315635,0.00079785,0,0,0.128403,0.0435145,0.044395,0.134386,0.39914,-0.0291825,0.0125136,0,0,-6.93716e-07,-0.725771,0.00537456,-0.0446058,-0.0376101,0.0366876,0.00114071,0,0,0.0414026,-0.0341641,0.0961507,0.56253,-0.0351066,0.420576,-0.00309544,0,0,-7.94122e-08,-0.231986,0.00291866,0.00216267,0.00214271,0.00353254,0.00172898,0,0,-0.0229184,-0.0100054,-0.028703,0.00133554,0.0164289,-0.00724131,0.0680401,0,0,0,-1.20024e-12,0,0,-1.20024e-12,1.20024e-12,-1.20024e-12,1.15223e-10,0,0,0,0,0,0,0,0,0.905991,-4.32537e-09,0,1.20024e-12,-1.20024e-12,0,1.20024e-12,-1.20024e-12,1.20024e-12,1.20024e-12,0,0,0,0,0,0,0,0,-4.32537e-09,0.905991,
-3.46945e-12,-0.478492,0.0158275,-0.00272862,0.00161274,0.000836524,-3.24752e-05,0,0,0.554355,-0.0210449,-0.0949573,0.0266688,0.0117574,0.00208715,-0.000348738,0,0,1.42979e-12,-2,-0.00431887,-0.0121817,-0.00320164,-0.000373286,3.20904e-06,0,0,0.0280334,0.740838,0.0298027,0.0688427,-0.0187798,-0.020331,0.0254422,0,0,-1.38778e-11,-0.285059,0.0815818,0.0111102,0.00444756,0.00227233,-7.70681e-05,0,0,-0.0955047,-0.0124375,0.558066,-0.00740184,0.00407329,0.00823038,-0.00178614,0,0,1.38778e-11,-1.92073,0.00539034,0.0481414,0.00503918,-0.000719943,-5.34813e-05,0,0,0.0299341,-0.0817487,-0.000922366,0.650894,0.00867865,0.0488587,0.00791732,0,0,3.03577e-12,0.987827,0.0395939,0.0120819,-0.0461882,-0.0315624,0.000801547,0,0,0.128437,0.0435298,0.0446396,0.134333,0.3992,-0.0291717,0.0125014,0,0,6.93889e-12,-0.723537,0.00537843,-0.0446,-0.0376211,0.036715,0.00113945,0,0,0.0413582,-0.0340673,0.0961325,0.562451,-0.0350956,0.420596,-0.00310629,0,0,-8.67362e-13,-0.232098,0.00292037,0.00216084,0.0021418,0.00353159,0.00172927,0,0,-0.0229095,-0.0100103,-0.0287023,0.00134696,0.0164178,-0.0072441,0.0680412,0,0,0,1.20024e-12,0,1.20024e-12,0,0,0,-5.76116e-11,0,0,0,0,0,0,0,0,0.905991,4.26806e-09,0,0,0,0,0,0,0,0,0,0,0,0,0,0,0,0,4.26806e-09,0.905991,
4.33681e-12,-0.479178,0.0158444,-0.00273498,0.00161324,0.000837304,-3.2483e-05,0,0,0.55438,-0.0210752,-0.0950213,0.0267199,0.0117584,0.00207877,-0.000344914,0,0,1.83908e-11,-2,-0.0043251,-0.0121918,-0.00320569,-0.000371947,3.23413e-06,0,0,0.0280579,0.740847,0.029834,0.0688892,-0.018787,-0.0203573,0.0254421,0,0,1.04083e-11,-0.285553,0.0815761,0.0111075,0.00444994,0.00227325,-7.70599e-05,0,0,-0.0955704,-0.0124591,0.558265,-0.00737744,0.00409662,0.00822619,-0.00178404,0,0,-2.77556e-11,-1.92198,0.00538898,0.0481568,0.0050394,-0.00072043,-5.34204e-05,0,0,0.0299869,-0.0818026,-0.000889295,0.650925,0.00866823,0.0488399,0.00792369,0,0,1.27936e-11,0.988159,0.0395769,0.0121018,-0.0462121,-0.0315695,0.000801159,0,0,0.12847,0.0435451,0.0448841,0.13428,0.39926,-0.0291608,0.0124893,0,0,8.32667e-11,-0.721302,0.00538302,-0.0445962,-0.0376307,0.0367438,0.00113888,0,0,0.0413136,-0.0339704,0.096114,0.562372,-0.0350845,0.420617,-0.00311714,0,0,6.93889e-12,-0.23221,0.00292216,0.00215876,0.00214105,0.00353079,0.00172965,0,0,-0.0229005,-0.0100153,-0.0287017,0.00135837,0.0164066,-0.00724691,0.0680423,0,0,0,-1.20024e-12,-2.40048e-12,0,-3.60072e-12,0,1.20024e-12,-5.76116e-11,0,0,0,0,0,0,0,0,0.905991,-4.32807e-09,0,2.40048e-12,1.20024e-12,1.20024e-12,3.60072e-12,0,-1.20024e-12,0,0,0,0,0,0,0,0,0,-4.32747e-09,0.905991,
-8.67362e-13,-0.479864,0.0158609,-0.00274295,0.00161407,0.000838201,-3.24824e-05,0,0,0.554405,-0.0211055,-0.0950854,0.026771,0.0117593,0.00207037,-0.000341084,0,0,-7.77237e-12,-2,-0.00433169,-0.0122027,-0.00320936,-0.000370284,3.2694e-06,0,0,0.0280824,0.740855,0.0298653,0.0689358,-0.0187943,-0.0203837,0.0254421,0,0,3.46945e-12,-0.286047,0.0815693,0.0111027,0.00445249,0.00227428,-7.70622e-05,0,0,-0.0956363,-0.0124807,0.558463,-0.00735297,0.00411992,0.00822196,-0.00178195,0,0,1.38778e-11,-1.92323,0.00538792,0.0481728,0.0050394,-0.000720477,-5.33709e-05,0,0,0.0300398,-0.0818565,-0.000856148,0.650955,0.0086578,0.048821,0.00793005,0,0,-1.97325e-11,0.988499,0.0395515,0.0121054,-0.0462278,-0.0315765,0.000801014,0,0,0.128503,0.0435604,0.0451287,0.134228,0.399319,-0.02915,0.0124772,0,0,-2.08167e-11,-0.719067,0.00538896,-0.0445897,-0.0376416,0.036772,0.00113812,0,0,0.0412688,-0.0338735,0.0960952,0.562293,-0.0350734,0.420638,-0.003128,0,0,8.67362e-13,-0.232322,0.00292412,0.00215697,0.00214011,0.00352997,0.00172998,0,0,-0.0228916,-0.0100202,-0.028701,0.00136978,0.0163954,-0.0072497,0.0680435,0,0,0,1.20024e-12,1.20024e-12,-1.20024e-12,1.20024e-12,-1.20024e-12,3.60072e-12,0,0,0,0,0,0,0,0,0,0.905991,4.26446e-09,0,-1.20024e-12,-1.20024e-12,1.20024e-12,-1.20024e-12,1.20024e-12,-2.40048e-12,0,0,0,0,0,0,0,0,0,4.26446e-09,0.905991,
1.73472e-12,-0.480553,0.0158788,-0.00274966,0.00161531,0.000838992,-3.21213e-05,0,0,0.55443,-0.0211358,-0.0951496,0.0268223,0.0117603,0.00206195,-0.000337249,0,0,-1.21973e-13,-2,-0.00433777,-0.0122127,-0.00321322,-0.000368939,3.38553e-06,0,0,0.0281069,0.740864,0.0298966,0.0689823,-0.0188016,-0.02041,0.0254421,0,0,1.04083e-11,-0.286544,0.0815647,0.0110996,0.00445591,0.00227519,-7.65221e-05,0,0,-0.0957023,-0.0125024,0.558661,-0.00732842,0.00414322,0.00821771,-0.00177984,0,0,0,-1.92449,0.0053861,0.0481885,0.00503921,-0.000720959,-5.35048e-05,0,0,0.0300928,-0.0819105,-0.000822923,0.650986,0.00864736,0.0488022,0.00793642,0,0,4.33681e-13,0.988831,0.0395424,0.0121213,-0.0462431,-0.0315835,0.000804739,0,0,0.128536,0.0435757,0.0453733,0.134175,0.399379,-0.0291392,0.012465,0,0,-5.55112e-11,-0.716829,0.00539216,-0.0445851,-0.0376525,0.0368013,0.00113682,0,0,0.0412238,-0.0337765,0.0960763,0.562215,-0.0350624,0.420658,-0.00313886,0,0,1.04083e-11,-0.232434,0.00292577,0.00215497,0.00213916,0.00352914,0.00173026,0,0,-0.0228827,-0.0100252,-0.0287003,0.00138119,0.0163843,-0.0072525,0.0680446,0,0,0,0,0,0,-1.20024e-12,1.20024e-12,0,0,0,0,0,0,0,0,0,0,0.905991,-4.31907e-09,0,0,0,0,1.20024e-12,-1.20024e-12,1.20024e-12,0,0,0,0,0,0,0,0,0,-4.31847e-09,0.905991,
3.68483e-07,-0.481241,0.0158959,-0.00275676,0.00161585,0.000839394,-3.24983e-05,0,0,0.554455,-0.0211662,-0.0952139,0.0268737,0.0117612,0.00205349,-0.000333406,0,0,9.20829e-08,-2,-0.00434402,-0.0122229,-0.0032173,-0.000367721,3.31715e-06,0,0,0.0281313,0.740873,0.0299279,0.0690289,-0.0188088,-0.0204363,0.025442,0,0,5.32293e-07,-0.28704,0.081559,0.0110959,0.00445836,0.00227555,-7.70449e-05,0,0,-0.0957684,-0.0125241,0.55886,-0.0073038,0.00416652,0.00821343,-0.00177774,0,0,-1.94456e-07,-1.92574,0.00538467,0.0482043,0.0050394,-0.000721297,-5.32485e-05,0,0,0.0301459,-0.0819645,-0.000789621,0.651017,0.00863692,0.0487833,0.0079428,0,0,4.10343e-06,0.98917,0.0395251,0.012133,-0.0462666,-0.0315946,0.000800229,0,0,0.128569,0.043591,0.0456178,0.134123,0.399439,-0.0291284,0.0124529,0,0,-6.94125e-07,-0.714593,0.0053968,-0.0445797,-0.037662,0.0368312,0.00113695,0,0,0.0411787,-0.0336795,0.0960571,0.562136,-0.0350513,0.420679,-0.00314973,0,0,-7.92318e-08,-0.232546,0.00292757,0.00215305,0.00213838,0.00352841,0.00173072,0,0,-0.0228737,-0.0100301,-0.0286996,0.00139258,0.0163731,-0.0072553,0.0680457,0,0,0,0,0,0,0,0,1.20024e-12,0,0,0,0,0,0,0,0,0,0.905991,4.25305e-09,0,0,-1.20024e-12,0,-1.20024e-12,0,0,0,0,0,0,0,0,0,0,0,4.25275e-09,0.905991,
8.67362e-13,-0.481932,0.0159122,-0.00276427,0.0016171,0.000840167,-3.25064e-05,0,0,0.55448,-0.0211966,-0.0952783,0.0269252,0.0117622,0.00204502,-0.000329558,0,0,1.14993e-11,-2,-0.00435046,-0.0122331,-0.00322119,-0.00036639,3.34145e-06,0,0,0.0281558,0.740882,0.0299592,0.0690754,-0.0188161,-0.0204627,0.025442,0,0,-3.46945e-12,-0.287538,0.0815521,0.0110915,0.00446183,0.00227644,-7.70358e-05,0,0,-0.0958346,-0.0125459,0.559058,-0.00727911,0.00418981,0.00820912,-0.00177562,0,0,1.38778e-11,-1.927,0.00538363,0.0482203,0.0050392,-0.000721812,-5.3187e-05,0,0,0.0301991,-0.0820186,-0.000756242,0.651048,0.00862647,0.0487644,0.00794918,0,0,-1.38778e-11,0.989501,0.0394997,0.0121406,-0.046282,-0.0316016,0.000799827,0,0,0.128601,0.0436062,0.0458623,0.13407,0.399498,-0.0291176,0.0124408,0,0,-2.08167e-11,-0.712354,0.00540286,-0.0445736,-0.0376729,0.0368604,0.00113638,0,0,0.0411334,-0.0335825,0.0960377,0.562057,-0.0350403,0.420699,-0.0031606,0,0,1.12757e-11,-0.232657,0.00292953,0.0021512,0.00213745,0.00352761,0.00173109,0,0,-0.0228647,-0.010035,-0.0286989,0.00140397,0.0163619,-0.0072581,0.0680468,0,0,0,0,0,0,0,0,0,0,0,0,0,0,0,0,0,0,0.905991,-4.30226e-09,0,0,0,0,0,0,0,0,0,0,0,0,0,0,0,0,-4.30286e-09,0.905991,
-4.33681e-12,-0.482623,0.0159296,-0.0027712,0.00161757,0.000841427,-3.2506e-05,0,0,0.554505,-0.0212271,-0.0953427,0.0269767,0.0117631,0.00203652,-0.000325703,0,0,-2.6834e-12,-2,-0.00435689,-0.0122438,-0.00322495,-0.000364639,3.37617e-06,0,0,0.0281803,0.740891,0.0299905,0.0691219,-0.0188234,-0.020489,0.0254419,0,0,-2.42861e-11,-0.288038,0.0815464,0.0110882,0.00446386,0.00227799,-7.70374e-05,0,0,-0.0959009,-0.0125677,0.559256,-0.00725434,0.00421308,0.00820478,-0.0017735,0,0,0,-1.92825,0.0053821,0.0482358,0.00503937,-0.000722073,-5.31369e-05,0,0,0.0302524,-0.0820727,-0.000722785,0.651079,0.00861602,0.0487455,0.00795556,0,0,-1.47451e-11,0.989832,0.0394822,0.0121566,-0.0463015,-0.0316044,0.000799672,0,0,0.128634,0.0436215,0.0461068,0.134018,0.399558,-0.0291068,0.0124287,0,0,0,-0.710114,0.00540751,-0.0445688,-0.037683,0.0368882,0.00113562,0,0,0.041088,-0.0334855,0.096018,0.561978,-0.0350292,0.42072,-0.00317147,0,0,-1.73472e-12,-0.232769,0.00293134,0.00214918,0.00213658,0.0035267,0.00173142,0,0,-0.0228557,-0.01004,-0.0286983,0.00141535,0.0163508,-0.0072609,0.0680479,0,0,0,0,1.20024e-12,0,0,0,1.20024e-12,0,0,0,0,0,0,0,0,0,0.905991,4.23205e-09,0,-1.20024e-12,2.40048e-12,0,1.20024e-12,1.20024e-12,2.40048e-12,0,0,0,0,0,0,0,0,0,4.23235e-09,0.905991,
3.46945e-12,-0.483315,0.0159469,-0.00277834,0.00161807,0.000841478,-3.25136e-05,0,0,0.55453,-0.0212577,-0.0954073,0.0270284,0.011764,0.002028,-0.000321842,0,0,4.0251e-12,-2,-0.00436318,-0.0122539,-0.00322901,-0.000363475,3.39974e-06,0,0,0.0282048,0.7409,0.0300219,0.0691684,-0.0188307,-0.0205153,0.0254418,0,0,1.73472e-11,-0.288538,0.0815407,0.0110844,0.00446622,0.00227783,-7.70288e-05,0,0,-0.0959673,-0.0125895,0.559455,-0.00722949,0.00423636,0.00820041,-0.00177137,0,0,1.38778e-11,-1.92951,0.0053806,0.0482516,0.00503955,-0.000722181,-5.30761e-05,0,0,0.0303058,-0.0821268,-0.00068925,0.65111,0.00860557,0.0487266,0.00796195,0,0,3.59955e-11,0.990171,0.0394647,0.0121683,-0.0463248,-0.0316195,0.000799286,0,0,0.128667,0.0436367,0.0463512,0.133965,0.399617,-0.029096,0.0124165,0,0,-3.46945e-11,-0.707875,0.0054122,-0.0445632,-0.0376924,0.0369191,0.00113502,0,0,0.0410424,-0.0333883,0.0959982,0.561899,-0.0350181,0.420741,-0.00318235,0,0,0,-0.23288,0.00293316,0.00214725,0.00213577,0.00352602,0.00173178,0,0,-0.0228467,-0.0100449,-0.0286975,0.00142673,0.0163396,-0.00726371,0.0680491,0,0,0,0,0,-3.60072e-12,-3.60072e-12,3.60072e-12,-3.60072e-12,5.76116e-11,0,0,0,0,0,0,0,0,0.905991,4.27826e-09,0,0,0,1.20024e-12,1.20024e-12,-1.20024e-12,1.20024e-12,0,0,0,0,0,0,0,0,0,4.27796e-09,0.905991,
-3.68101e-07,-0.484008,0.0159641,-0.00278552,0.00161861,0.000842246,-3.2522e-05,0,0,0.554555,-0.0212882,-0.095472,0.0270802,0.0117648,0.00201945,-0.000317975,0,0,-9.21444e-08,-2,-0.00436946,-0.012264,-0.00323309,-0.000362156,3.423e-06,0,0,0.0282293,0.740909,0.0300532,0.0692149,-0.018838,-0.0205416,0.0254418,0,0,-5.33004e-07,-0.289039,0.0815349,0.0110806,0.00446866,0.00227871,-7.7019e-05,0,0,-0.0960338,-0.0126115,0.559653,-0.00720457,0.00425963,0.00819602,-0.00176924,0,0,1.94469e-07,-1.93077,0.0053791,0.0482675,0.00503971,-0.000722723,-5.30139e-05,0,0,0.0303593,-0.082181,-0.000655638,0.651141,0.0085951,0.0487077,0.00796834,0,0,-4.10918e-06,0.990505,0.0394472,0.0121801,-0.0463482,-0.0316264,0.000798871,0,0,0.128699,0.043652,0.0465957,0.133913,0.399677,-0.0290852,0.0124044,0,0,6.94431e-07,-0.705635,0.00541693,-0.0445575,-0.0377018,0.0369486,0.00113445,0,0,0.0409966,-0.0332912,0.095978,0.56182,-0.0350071,0.420761,-0.00319323,0,0,7.90843e-08,-0.232992,0.00293496,0.00214532,0.00213498,0.00352521,0.00173216,0,0,-0.0228377,-0.0100498,-0.0286968,0.0014381,0.0163285,-0.00726651,0.0680502,0,0,1.20024e-12,0,1.20024e-12,-1.20024e-12,0,0,0,0,0,0,0,0,0,0,0,0,0.905991,-4.43639e-09,0,0,0,0,0,0,0,0,0,0,0,0,0,0,0,0,-4.43669e-09,0.905991,
1.73472e-12,-0.484701,0.0159813,-0.00279237,0.00161948,0.000843754,-3.25301e-05,0,0,0.554581,-0.0213189,-0.0955368,0.0271321,0.0117657,0.00201088,-0.000314102,0,0,9.99499e-12,-2,-0.00437574,-0.0122741,-0.00323707,-0.000360631,3.44696e-06,0,0,0.0282537,0.740918,0.0300846,0.0692614,-0.0188453,-0.0205679,0.0254417,0,0,3.46945e-12,-0.289541,0.0815291,0.0110772,0.00447158,0.00228066,-7.70094e-05,0,0,-0.0961004,-0.0126334,0.559851,-0.00717958,0.00428289,0.00819159,-0.0017671,0,0,-1.38778e-11,-1.93203,0.00537759,0.0482831,0.00503968,-0.000723634,-5.29521e-05,0,0,0.0304128,-0.0822353,-0.000621947,0.651172,0.00858463,0.0486888,0.00797474,0,0,-1.30104e-12,0.990844,0.0394296,0.012196,-0.0463674,-0.0316251,0.000798465,0,0,0.128732,0.0436672,0.0468401,0.133861,0.399736,-0.0290745,0.0123923,0,0,2.77556e-11,-0.703394,0.00542171,-0.0445525,-0.0377119,0.0369766,0.00113388,0,0,0.0409507,-0.033194,0.0959577,0.561741,-0.034996,0.420782,-0.00320412,0,0,-4.33681e-12,-0.233103,0.00293676,0.0021433,0.00213412,0.00352424,0.00173253,0,0,-0.0228287,-0.0100548,-0.0286961,0.00144945,0.0163173,-0.00726931,0.0680513,0,0,0,0,0,0,-1.20024e-12,-1.20024e-12,1.20024e-12,-1.15223e-10,0,0,0,0,0,0,0,0,0.905991,-4.4568e-09,0,1.20024e-12,0,0,1.20024e-12,1.20024e-12,-1.20024e-12,0,0,0,0,0,0,0,0,0,-4.4568e-09,0.905991,
8.67362e-13,-0.485397,0.0159995,-0.00280011,0.00162068,0.00084391,-3.21618e-05,0,0,0.554606,-0.0213495,-0.0956017,0.0271841,0.0117666,0.00200228,-0.000310222,0,0,4.21484e-12,-2,-0.00438201,-0.0122849,-0.00324065,-0.000359145,3.57351e-06,0,0,0.0282782,0.740927,0.0301159,0.0693079,-0.0188526,-0.0205942,0.0254416,0,0,-3.46945e-12,-0.290045,0.0815244,0.0110728,0.00447467,0.0022806,-7.64772e-05,0,0,-0.0961671,-0.0126555,0.56005,-0.00715451,0.00430614,0.00818713,-0.00176496,0,0,-2.77556e-11,-1.93329,0.0053756,0.0482989,0.00503943,-0.000723315,-5.30963e-05,0,0,0.0304665,-0.0822896,-0.000588179,0.651203,0.00857416,0.0486698,0.00798114,0,0,2.1684e-13,0.991174,0.0394202,0.0122037,-0.0463785,-0.0316402,0.000802418,0,0,0.128764,0.0436824,0.0470845,0.133809,0.399796,-0.0290637,0.0123802,0,0,4.16334e-11,-0.701151,0.00542507,-0.044546,-0.0377233,0.0370068,0.00113243,0,0,0.0409046,-0.0330968,0.0959371,0.561662,-0.034985,0.420803,-0.00321501,0,0,-5.20417e-12,-0.233215,0.00293842,0.00214142,0.00213308,0.00352357,0.00173278,0,0,-0.0228196,-0.0100597,-0.0286954,0.00146081,0.0163062,-0.00727212,0.0680524,0,0,0,1.20024e-12,1.20024e-12,1.20024e-12,0,-1.20024e-12,0,0,0,0,0,0,0,0,0,0,0.905991,-4.34877e-09,0,2.40048e-12,1.20024e-12,1.20024e-12,0,-2.40048e-12,0,0,0,0,0,0,0,0,0,0,-4.34757e-09,0.905991,
3.46945e-12,-0.486093,0.0160162,-0.00280769,0.00162116,0.000844698,-3.21695e-05,0,0,0.554632,-0.0213802,-0.0956667,0.0272362,0.0117674,0.00199366,-0.000306336,0,0,-5.20417e-12,-2,-0.00438851,-0.0122952,-0.00324471,-0.000357783,3.59677e-06,0,0,0.0283027,0.740936,0.0301473,0.0693544,-0.01886,-0.0206205,0.0254415,0,0,6.93889e-12,-0.29055,0.0815176,0.0110683,0.004477,0.0022815,-7.64681e-05,0,0,-0.0962339,-0.0126775,0.560248,-0.00712936,0.00432938,0.00818265,-0.00176281,0,0,-2.77556e-11,-1.93455,0.00537441,0.0483149,0.00503959,-0.000723815,-5.30353e-05,0,0,0.0305203,-0.0823439,-0.000554332,0.651234,0.00856368,0.0486508,0.00798754,0,0,9.97466e-12,0.991511,0.0393941,0.0122114,-0.0464016,-0.0316469,0.000802029,0,0,0.128796,0.0436976,0.0473289,0.133756,0.399855,-0.0290529,0.0123681,0,0,2.08167e-11,-0.698909,0.00543125,-0.0445394,-0.0377325,0.0370365,0.00113182,0,0,0.0408583,-0.0329996,0.0959164,0.561583,-0.0349739,0.420824,-0.0032259,0,0,5.20417e-12,-0.233326,0.0029404,0.00213956,0.00213226,0.00352272,0.00173314,0,0,-0.0228105,-0.0100646,-0.0286947,0.00147216,0.016295,-0.00727492,0.0680535,0,0,0,0,0,0,1.20024e-12,0,0,0,0,0,0,0,0,0,0,0,0.905991,4.14293e-09,0,-1.20024e-12,-1.20024e-12,0,1.20024e-12,1.20024e-12,0,0,0,0,0,0,0,0,0,0,4.14293e-09,0.905991,
-8.67362e-13,-0.48679,0.0160336,-0.0028142,0.00162205,0.000845834,-3.25456e-05,0,0,0.554658,-0.021411,-0.0957318,0.0272884,0.0117682,0.00198502,-0.000302444,0,0,-8.17217e-12,-2,-0.00439481,-0.0123051,-0.0032487,-0.000356358,3.52752e-06,0,0,0.0283272,0.740945,0.0301787,0.0694008,-0.0188673,-0.0206468,0.0254414,0,0,3.46945e-12,-0.291056,0.0815118,0.0110655,0.00447995,0.00228291,-7.69914e-05,0,0,-0.0963009,-0.0126997,0.560446,-0.00710414,0.00435262,0.00817813,-0.00176066,0,0,1.38778e-11,-1.93581,0.00537283,0.0483304,0.00503954,-0.000724555,-5.27785e-05,0,0,0.0305741,-0.0823983,-0.000520406,0.651265,0.00855319,0.0486319,0.00799395,0,0,1.21431e-11,0.991841,0.0393764,0.0122315,-0.0464206,-0.0316496,0.000797498,0,0,0.128829,0.0437128,0.0475733,0.133704,0.399915,-0.0290421,0.012356,0,0,-6.245e-11,-0.696665,0.00543609,-0.0445348,-0.0377425,0.0370656,0.00113194,0,0,0.0408119,-0.0329023,0.0958953,0.561504,-0.0349629,0.420845,-0.0032368,0,0,-8.67362e-13,-0.233437,0.00294221,0.00213747,0.00213138,0.00352182,0.00173359,0,0,-0.0228015,-0.0100695,-0.0286939,0.00148349,0.0162839,-0.00727772,0.0680546,0,0,0,-1.20024e-12,0,1.20024e-12,-1.20024e-12,1.20024e-12,1.20024e-12,0,0,0,0,0,0,0,0,0,0.905991,4.06822e-09,0,-1.20024e-12,0,1.20024e-12,0,-1.20024e-12,-1.20024e-12,0,0,0,0,0,0,0,0,0,4.06882e-09,0.905991,
3.67614e-07,-0.487488,0.0160512,-0.00282187,0.00162255,0.000846974,-3.25536e-05,0,0,0.554684,-0.0214418,-0.0957971,0.0273407,0.0117691,0.00197635,-0.000298546,0,0,9.22008e-08,-2,-0.00440103,-0.0123154,-0.00325277,-0.000354911,3.55115e-06,0,0,0.0283517,0.740955,0.0302101,0.0694473,-0.0188746,-0.020673,0.0254413,0,0,5.33885e-07,-0.291563,0.0815065,0.0110609,0.00448232,0.00228432,-7.69816e-05,0,0,-0.0963679,-0.0127218,0.560644,-0.00707884,0.00437586,0.00817359,-0.0017585,0,0,-1.94442e-07,-1.93708,0.00537106,0.0483464,0.00503968,-0.000725274,-5.27165e-05,0,0,0.0306281,-0.0824527,-0.000486402,0.651296,0.0085427,0.0486129,0.00800037,0,0,4.11629e-06,0.992174,0.0393627,0.0122392,-0.0464437,-0.0316523,0.000797088,0,0,0.128861,0.043728,0.0478176,0.133652,0.399974,-0.0290314,0.0123439,0,0,-6.94868e-07,-0.694421,0.00544027,-0.0445281,-0.0377517,0.0370945,0.00113136,0,0,0.0407653,-0.032805,0.0958741,0.561425,-0.0349518,0.420865,-0.0032477,0,0,-7.88813e-08,-0.233548,0.00294394,0.0021356,0.00213059,0.00352093,0.00173396,0,0,-0.0227923,-0.0100744,-0.0286932,0.00149482,0.0162728,-0.00728053,0.0680558,0,0,0,1.20024e-12,0,0,-1.20024e-12,-1.20024e-12,-1.20024e-12,-5.64113e-11,0,0,0,0,0,0,0,0,0.905991,4.09702e-09,0,-1.20024e-12,0,0,1.20024e-12,1.20024e-12,1.20024e-12,0,0,0,0,0,0,0,0,0,4.09822e-09,0.905991,
-4.33681e-12,-0.488187,0.0160692,-0.00282932,0.00162336,0.000847132,-3.21856e-05,0,0,0.554709,-0.0214726,-0.0958624,0.0273931,0.0117698,0.00196765,-0.000294641,0,0,-1.21702e-11,-2,-0.00440742,-0.0123261,-0.00325644,-0.000353412,3.67749e-06,0,0,0.0283762,0.740964,0.0302415,0.0694937,-0.018882,-0.0206993,0.0254412,0,0,-1.38778e-11,-0.292071,0.0815013,0.0110569,0.00448485,0.00228425,-7.64483e-05,0,0,-0.0964351,-0.0127441,0.560842,-0.00705346,0.00439908,0.00816902,-0.00175633,0,0,0,-1.93834,0.00536918,0.048362,0.00503961,-0.000724956,-5.28607e-05,0,0,0.0306822,-0.0825072,-0.000452319,0.651327,0.00853221,0.0485939,0.00800678,0,0,1.43115e-11,0.992511,0.0393489,0.0122511,-0.0464587,-0.0316673,0.000801045,0,0,0.128893,0.0437431,0.0480619,0.1336,0.400034,-0.0290206,0.0123318,0,0,0,-0.692177,0.00544443,-0.044522,-0.0377623,0.0371249,0.0011299,0,0,0.0407186,-0.0327077,0.0958526,0.561346,-0.0349407,0.420886,-0.00325861,0,0,-1.73472e-12,-0.233659,0.00294567,0.00213363,0.00212961,0.00352024,0.00173421,0,0,-0.0227832,-0.0100793,-0.0286924,0.00150615,0.0162616,-0.00728334,0.0680569,0,0,0,0,-1.20024e-12,0,1.20024e-12,-1.20024e-12,0,0,0,0,0,0,0,0,0,0,0.905991,4.22575e-09,0,0,0,0,0,0,0,0,0,0,0,0,0,0,0,0,4.22665e-09,0.905991,
-5.20417e-12,-0.488888,0.0160864,-0.00283661,0.00162457,0.00084792,-3.25606e-05,0,0,0.554735,-0.0215035,-0.0959278,0.0274456,0.0117706,0.00195893,-0.00029073,0,0,-8.19928e-12,-2,-0.00441386,-0.0123363,-0.00326031,-0.000352035,3.60823e-06,0,0,0.0284006,0.740974,0.0302729,0.0695401,-0.0188893,-0.0207255,0.0254411,0,0,-1.38778e-11,-0.292582,0.0814949,0.0110529,0.00448823,0.00228515,-7.69731e-05,0,0,-0.0965023,-0.0127663,0.561041,-0.00702801,0.00442229,0.00816441,-0.00175416,0,0,0,-1.93961,0.00536772,0.0483778,0.00503935,-0.000725457,-5.26051e-05,0,0,0.0307363,-0.0825617,-0.000418158,0.651358,0.0085217,0.0485748,0.0080132,0,0,1.86483e-11,0.992836,0.0393267,0.0122629,-0.0464733,-0.031674,0.000796535,0,0,0.128925,0.0437583,0.0483062,0.133548,0.400093,-0.0290099,0.0123198,0,0,3.46945e-11,-0.689929,0.00545001,-0.0445158,-0.0377728,0.0371549,0.00112999,0,0,0.0406716,-0.0326103,0.0958309,0.561267,-0.0349297,0.420907,-0.00326951,0,0,9.54098e-12,-0.23377,0.00294758,0.00213168,0.00212862,0.00351939,0.00173465,0,0,-0.0227741,-0.0100842,-0.0286917,0.00151747,0.0162505,-0.00728614,0.068058,0,0,0,-1.20024e-12,-2.40048e-12,1.20024e-12,0,1.20024e-12,-2.40048e-12,-1.20024e-12,0,0,0,0,0,0,0,0,0.905991,-4.4655e-09,0,-1.20024e-12,-2.40048e-12,1.20024e-12,0,1.20024e-12,-2.40048e-12,0,0,0,0,0,0,0,0,0,-4.4649e-09,0.905991,
-8.67362e-13,-0.489589,0.0161039,-0.0028443,0.00162507,0.000848689,-3.25688e-05,0,0,0.554762,-0.0215345,-0.0959933,0.0274982,0.0117714,0.00195019,-0.000286812,0,0,-1.39456e-11,-2,-0.00442019,-0.0123465,-0.00326439,-0.000350688,3.63085e-06,0,0,0.0284251,0.740983,0.0303043,0.0695865,-0.0188967,-0.0207518,0.025441,0,0,1.04083e-11,-0.293091,0.0814891,0.0110483,0.00449062,0.00228601,-7.69626e-05,0,0,-0.0965697,-0.0127887,0.561239,-0.00700248,0.0044455,0.00815978,-0.00175198,0,0,2.77556e-11,-1.94087,0.00536607,0.0483938,0.00503947,-0.000726004,-5.25427e-05,0,0,0.0307906,-0.0826163,-0.000383917,0.651389,0.00851119,0.0485558,0.00801963,0,0,-1.86483e-11,0.993177,0.0393086,0.0122706,-0.0464962,-0.0316807,0.000796115,0,0,0.128957,0.0437735,0.0485505,0.133496,0.400152,-0.0289991,0.0123077,0,0,-1.04083e-10,-0.687684,0.00545495,-0.0445088,-0.037782,0.0371849,0.00112941,0,0,0.0406246,-0.0325129,0.0958089,0.561188,-0.0349186,0.420928,-0.00328043,0,0,1.04083e-11,-0.233881,0.0029494,0.00212981,0.00212781,0.00351856,0.00173501,0,0,-0.0227649,-0.0100891,-0.0286909,0.00152877,0.0162394,-0.00728895,0.0680591,0,0,0,1.20024e-12,0,1.20024e-12,1.20024e-12,-1.20024e-12,-1.20024e-12,0,0,0,0,0,0,0,0,0,0.905991,-4.56332e-09,0,1.20024e-12,0,0,0,0,-1.20024e-12,0,0,0,0,0,0,0,0,0,-4.56362e-09,0.905991,
8.67362e-13,-0.490291,0.0161213,-0.00285167,0.00162592,0.000849463,-3.22095e-05,0,0,0.554788,-0.0215655,-0.0960589,0.0275509,0.0117722,0.00194142,-0.000282888,0,0,-2.1684e-13,-2,-0.00442652,-0.0123567,-0.00326837,-0.000349318,3.74641e-06,0,0,0.0284496,0.740993,0.0303357,0.0696329,-0.018904,-0.020778,0.0254408,0,0,0,-0.293603,0.0814832,0.0110442,0.0044935,0.00228689,-7.64178e-05,0,0,-0.0966371,-0.012811,0.561437,-0.00697687,0.00446871,0.00815512,-0.00174979,0,0,0,-1.94214,0.00536441,0.0484096,0.0050394,-0.00072653,-5.26751e-05,0,0,0.0308449,-0.0826709,-0.000349597,0.65142,0.00850068,0.0485367,0.00802606,0,0,-8.67362e-12,0.993505,0.0392906,0.0122825,-0.046515,-0.0316874,0.000799825,0,0,0.128989,0.0437886,0.0487947,0.133444,0.400212,-0.0289884,0.0122956,0,0,-4.16334e-11,-0.685437,0.00545994,-0.0445024,-0.0377918,0.0372148,0.00112813,0,0,0.0405773,-0.0324154,0.0957867,0.561108,-0.0349076,0.420949,-0.00329134,0,0,-1.04083e-11,-0.233991,0.00295121,0.00212786,0.00212693,0.00351774,0.0017353,0,0,-0.0227558,-0.010094,-0.0286901,0.00154007,0.0162282,-0.00729176,0.0680602,0,0,0,0,0,0,-2.40048e-12,-1.20024e-12,2.40048e-12,0,0,0,0,0,0,0,0,0,0.905991,-4.51531e-09,0,-2.40048e-12,-1.20024e-12,0,1.20024e-12,0,-1.20024e-12,0,0,0,0,0,0,0,0,0,-4.51591e-09,0.905991,
0,-0.490994,0.0161391,-0.00285883,0.00162598,0.000850724,-3.25761e-05,0,0,0.554814,-0.0215965,-0.0961246,0.0276037,0.0117729,0.00193263,-0.000278958,0,0,1.09098e-11,-2,-0.00443304,-0.0123673,-0.00327222,-0.000347528,3.68805e-06,0,0,0.0284741,0.741003,0.0303671,0.0696793,-0.0189114,-0.0208043,0.0254407,0,0,-6.93889e-12,-0.294116,0.0814774,0.0110405,0.00449493,0.00228842,-7.69529e-05,0,0,-0.0967047,-0.0128335,0.561635,-0.00695119,0.00449189,0.00815043,-0.0017476,0,0,1.38778e-11,-1.94341,0.00536265,0.048425,0.00503969,-0.000726794,-5.24303e-05,0,0,0.0308994,-0.0827255,-0.000315198,0.651451,0.00849016,0.0485177,0.00803249,0,0,5.63785e-12,0.993841,0.0392724,0.0122985,-0.046538,-0.03169,0.000795541,0,0,0.12902,0.0438037,0.0490389,0.133392,0.400271,-0.0289777,0.0122835,0,0,-4.85723e-11,-0.683189,0.00546489,-0.0444968,-0.0378009,0.0372433,0.00112806,0,0,0.0405299,-0.032318,0.0957643,0.561029,-0.0348965,0.42097,-0.00330226,0,0,-8.67362e-13,-0.234102,0.00295303,0.0021258,0.00212609,0.0035168,0.0017357,0,0,-0.0227466,-0.0100989,-0.0286893,0.00155137,0.0162171,-0.00729456,0.0680613,0,0,0,0,-1.20024e-12,0,0,-1.20024e-12,-1.20024e-12,0,0,0,0,0,0,0,0,0,0.905991,-4.34577e-09,0,0,1.20024e-12,0,0,1.20024e-12,1.20024e-12,0,0,0,0,0,0,0,0,0,-4.34547e-09,0.905991,
1.73472e-12,-0.491699,0.0161564,-0.00286583,0.00162717,0.000851146,-3.25835e-05,0,0,0.55484,-0.0216276,-0.0961905,0.0276566,0.0117736,0.00192382,-0.000275022,0,0,2.1684e-12,-2,-0.0044395,-0.0123774,-0.00327609,-0.000346229,3.71071e-06,0,0,0.0284986,0.741012,0.0303985,0.0697257,-0.0189188,-0.0208305,0.0254406,0,0,6.93889e-12,-0.294631,0.0814711,0.011037,0.00449829,0.00228877,-7.69434e-05,0,0,-0.0967724,-0.0128559,0.561833,-0.00692543,0.00451508,0.00814571,-0.00174541,0,0,1.38778e-11,-1.94468,0.00536111,0.0484407,0.00503942,-0.000727103,-5.23691e-05,0,0,0.0309539,-0.0827802,-0.000280719,0.651483,0.00847964,0.0484986,0.00803893,0,0,-9.1073e-12,0.994168,0.03925,0.0123146,-0.0465524,-0.0317007,0.000795147,0,0,0.129052,0.0438188,0.0492831,0.133341,0.40033,-0.028967,0.0122715,0,0,-1.38778e-11,-0.68094,0.00547058,-0.044491,-0.0378113,0.0372743,0.00112744,0,0,0.0404823,-0.0322205,0.0957417,0.56095,-0.0348855,0.420991,-0.00331318,0,0,-4.33681e-12,-0.234213,0.00295494,0.00212377,0.00212509,0.00351602,0.00173606,0,0,-0.0227374,-0.0101038,-0.0286885,0.00156266,0.016206,-0.00729737,0.0680624,0,0,0,0,0,2.40048e-12,1.20024e-12,1.20024e-12,0,-1.20024e-12,0,0,0,0,0,0,0,0,0.905991,4.09372e-09,0,0,0,-1.20024e-12,0,0,0,1.20024e-12,0,0,0,0,0,0,0,0,4.09432e-09,0.905991,
-2.60209e-12,-0.492405,0.0161744,-0.00287397,0.00162803,0.000852283,-3.25917e-05,0,0,0.554867,-0.0216587,-0.0962564,0.0277097,0.0117743,0.00191497,-0.000271079,0,0,-9.98821e-12,-2,-0.00444577,-0.0123877,-0.00328007,-0.000344775,3.73305e-06,0,0,0.0285231,0.741022,0.03043,0.0697721,-0.0189262,-0.0208567,0.0254404,0,0,-6.93889e-12,-0.295146,0.0814658,0.0110318,0.00450119,0.00229017,-7.69325e-05,0,0,-0.0968402,-0.0128785,0.562031,-0.0068996,0.00453826,0.00814096,-0.00174321,0,0,0,-1.94595,0.00535919,0.0484569,0.00503932,-0.000727845,-5.23066e-05,0,0,0.0310086,-0.082835,-0.00024616,0.651514,0.00846911,0.0484795,0.00804537,0,0,-1.30104e-11,0.994496,0.0392358,0.0123182,-0.0465709,-0.0317032,0.000794726,0,0,0.129083,0.043834,0.0495272,0.133289,0.400389,-0.0289562,0.0122594,0,0,-2.08167e-11,-0.67869,0.00547492,-0.044483,-0.037821,0.0373038,0.00112685,0,0,0.0404346,-0.0321229,0.0957188,0.560871,-0.0348744,0.421012,-0.00332411,0,0,4.33681e-12,-0.234323,0.00295668,0.00212197,0.00212419,0.00351511,0.00173643,0,0,-0.0227282,-0.0101086,-0.0286877,0.00157393,0.0161949,-0.00730018,0.0680635,0,0,0,0,0,0,0,0,-2.40048e-12,0,0,0,0,0,0,0,0,0,0.905991,3.9809e-09,0,0,0,0,0,0,0,0,0,0,0,0,0,0,0,0,3.9797e-09,0.905991,
0,-0.493111,0.0161916,-0.00288105,0.0016285,0.00085269,-3.29663e-05,0,0,0.554893,-0.0216899,-0.0963224,0.0277628,0.011775,0.00190611,-0.00026713,0,0,0,-2,-0.00445223,-0.0123978,-0.00328414,-0.000343483,3.66375e-06,0,0,0.0285475,0.741032,0.0304614,0.0698184,-0.0189336,-0.0208829,0.0254403,0,0,0,-0.295662,0.0814593,0.0110281,0.00450351,0.00229051,-7.74574e-05,0,0,-0.0969081,-0.0129011,0.562229,-0.00687368,0.00456143,0.00813618,-0.001741,0,0,-1.38778e-11,-1.94722,0.00535764,0.0484725,0.00503942,-0.000728177,-5.205e-05,0,0,0.0310633,-0.0828898,-0.000211522,0.651545,0.00845857,0.0484604,0.00805182,0,0,1.0842e-11,0.994831,0.0392133,0.0123342,-0.0465936,-0.0317139,0.000790185,0,0,0.129115,0.043849,0.0497713,0.133237,0.400448,-0.0289455,0.0122473,0,0,1.38778e-11,-0.676441,0.00548071,-0.044477,-0.03783,0.0373346,0.00112696,0,0,0.0403867,-0.0320254,0.0956957,0.560791,-0.0348634,0.421033,-0.00333503,0,0,5.20417e-12,-0.234433,0.00295858,0.00211992,0.00212337,0.00351435,0.00173687,0,0,-0.0227189,-0.0101135,-0.0286869,0.0015852,0.0161838,-0.00730299,0.0680647,0,0,0,-3.60072e-12,0,3.60072e-12,-2.40048e-12,-1.20024e-12,1.20024e-12,0,0,0,0,0,0,0,0,0,0.905991,3.9704e-09,0,0,0,-1.20024e-12,0,0,0,0,0,0,0,0,0,0,0,0,3.9698e-09,0.905991,
2.60209e-12,-0.493818,0.0162095,-0.00288828,0.00162928,0.000853952,-3.29654e-05,0,0,0.55492,-0.0217211,-0.0963886,0.0278161,0.0117757,0.00189722,-0.000263174,0,0,-1.29969e-11,-2,-0.00445877,-0.0124084,-0.0032878,-0.000341679,3.6974e-06,0,0,0.028572,0.741042,0.0304929,0.0698648,-0.018941,-0.0209091,0.0254401,0,0,1.38778e-11,-0.29618,0.0814535,0.0110243,0.00450598,0.00229203,-7.74577e-05,0,0,-0.0969761,-0.0129237,0.562427,-0.00684769,0.00458459,0.00813137,-0.00173878,0,0,-1.38778e-11,-1.94849,0.00535581,0.0484879,0.0050393,-0.000728441,-5.19996e-05,0,0,0.0311182,-0.0829446,-0.000176804,0.651576,0.00844803,0.0484413,0.00805827,0,0,4.33681e-12,0.995162,0.0391949,0.0123503,-0.0466081,-0.0317164,0.00079002,0,0,0.129146,0.0438641,0.0500155,0.133185,0.400508,-0.0289348,0.0122353,0,0,6.93889e-12,-0.674191,0.00548577,-0.044471,-0.0378403,0.0373634,0.00112619,0,0,0.0403387,-0.0319278,0.0956723,0.560712,-0.0348523,0.421054,-0.00334597,0,0,8.67362e-13,-0.234544,0.0029604,0.00211786,0.00212237,0.00351341,0.00173719,0,0,-0.0227097,-0.0101184,-0.0286861,0.00159647,0.0161726,-0.0073058,0.0680658,0,0,0,0,-1.20024e-12,-2.40048e-12,-1.20024e-12,1.20024e-12,0,0,0,0,0,0,0,0,0,0,0.905991,4.05081e-09,0,1.20024e-12,0,0,0,0,0,0,0,0,0,0,0,0,0,0,4.05051e-09,0.905991,
8.67362e-13,-0.494527,0.0162281,-0.0028961,0.00163009,0.000855109,-3.2606e-05,0,0,0.554947,-0.0217523,-0.0964548,0.0278694,0.0117764,0.0018883,-0.000259212,0,0,5.55654e-12,-2,-0.00446499,-0.0124187,-0.00329176,-0.00034018,3.81202e-06,0,0,0.0285965,0.741052,0.0305243,0.0699111,-0.0189484,-0.0209353,0.0254399,0,0,1.04083e-11,-0.296699,0.0814487,0.0110196,0.00450877,0.00229345,-7.69125e-05,0,0,-0.0970442,-0.0129464,0.562625,-0.00682162,0.00460774,0.00812653,-0.00173656,0,0,1.38778e-11,-1.94977,0.0053536,0.0485039,0.0050392,-0.000729139,-5.21328e-05,0,0,0.0311731,-0.0829995,-0.000142006,0.651607,0.00843748,0.0484222,0.00806473,0,0,2.25514e-11,0.995489,0.0391846,0.0123581,-0.0466263,-0.0317187,0.000793753,0,0,0.129178,0.0438792,0.0502596,0.133134,0.400567,-0.0289241,0.0122232,0,0,-4.16334e-11,-0.671939,0.00548947,-0.0444635,-0.0378499,0.0373932,0.00112487,0,0,0.0402904,-0.0318301,0.0956487,0.560632,-0.0348413,0.421075,-0.0033569,0,0,-1.04083e-11,-0.234654,0.00296209,0.00211597,0.00212143,0.00351247,0.00173747,0,0,-0.0227004,-0.0101233,-0.0286853,0.00160772,0.0161615,-0.00730861,0.0680669,0,0,0,0,0,0,-2.40048e-12,0,0,0,0,0,0,0,0,0,0,0,0.905991,4.22545e-09,0,0,-1.20024e-12,0,-1.20024e-12,1.20024e-12,-1.20024e-12,0,0,0,0,0,0,0,0,0,4.22575e-09,0.905991,
1.73472e-12,-0.495236,0.0162454,-0.00290357,0.00163057,0.000855511,-3.29807e-05,0,0,0.554973,-0.0217837,-0.0965212,0.0279229,0.011777,0.00187936,-0.000255244,0,0,4.20128e-13,-2,-0.00447146,-0.0124288,-0.00329584,-0.000338902,3.74155e-06,0,0,0.028621,0.741063,0.0305558,0.0699575,-0.0189558,-0.0209615,0.0254398,0,0,6.93889e-12,-0.297218,0.0814423,0.0110154,0.00451113,0.00229377,-7.7437e-05,0,0,-0.0971124,-0.0129691,0.562823,-0.00679547,0.00463089,0.00812166,-0.00173434,0,0,0,-1.95104,0.00535199,0.0485197,0.00503927,-0.000729501,-5.18756e-05,0,0,0.0312282,-0.0830544,-0.000107127,0.651638,0.00842693,0.048403,0.00807119,0,0,-4.77049e-12,0.995827,0.0391619,0.01237,-0.0466487,-0.0317294,0.000789194,0,0,0.129209,0.0438943,0.0505036,0.133082,0.400626,-0.0289134,0.0122112,0,0,2.08167e-11,-0.669688,0.00549532,-0.0444566,-0.0378588,0.0374244,0.00112498,0,0,0.040242,-0.0317325,0.0956249,0.560553,-0.0348302,0.421097,-0.00336784,0,0,8.67362e-13,-0.234764,0.00296399,0.002114,0.0021206,0.0035117,0.00173791,0,0,-0.0226911,-0.0101281,-0.0286845,0.00161897,0.0161504,-0.00731142,0.068068,0,0,0,1.20024e-12,0,0,0,-1.20024e-12,0,0,0,0,0,0,0,0,0,0,0.905991,-4.51621e-09,0,2.40048e-12,0,-1.20024e-12,1.20024e-12,-2.40048e-12,0,0,0,0,0,0,0,0,0,0,-4.51561e-09,0.905991,
3.66416e-07,-0.495946,0.0162638,-0.00291121,0.00163175,0.000856398,-3.26139e-05,0,0,0.555,-0.021815,-0.0965876,0.0279764,0.0117777,0.0018704,-0.000251269,0,0,9.23522e-08,-2,-0.00447793,-0.0124395,-0.00329943,-0.000337207,3.86667e-06,0,0,0.0286455,0.741073,0.0305873,0.0700038,-0.0189632,-0.0209876,0.0254396,0,0,5.3595e-07,-0.29774,0.081437,0.011011,0.00451419,0.00229474,-7.69004e-05,0,0,-0.0971807,-0.0129919,0.563021,-0.00676924,0.00465402,0.00811676,-0.00173211,0,0,-1.94456e-07,-1.95232,0.0053499,0.0485353,0.00503894,-0.000729605,-5.20188e-05,0,0,0.0312833,-0.0831094,-7.21677e-05,0.65167,0.00841637,0.0483839,0.00807765,0,0,4.13317e-06,0.996158,0.0391473,0.0123821,-0.0466589,-0.0317359,0.000793145,0,0,0.12924,0.0439093,0.0507477,0.133031,0.400685,-0.0289027,0.0121992,0,0,-6.95673e-07,-0.667436,0.00549976,-0.0444497,-0.0378698,0.0374542,0.00112352,0,0,0.0401935,-0.0316348,0.0956009,0.560474,-0.0348192,0.421118,-0.00337879,0,0,-7.83913e-08,-0.234874,0.00296575,0.00211201,0.0021195,0.00351084,0.00173815,0,0,-0.0226818,-0.010133,-0.0286836,0.00163022,0.0161393,-0.00731423,0.0680691,0,0,0,1.20024e-12,1.20024e-12,-1.20024e-12,0,0,0,0,0,0,0,0,0,0,0,0,0.905991,-4.66474e-09,0,1.20024e-12,1.20024e-12,-1.20024e-12,0,0,0,0,0,0,0,0,0,0,0,0,-4.66504e-09,0.905991,
-3.46945e-12,-0.496659,0.0162811,-0.00291871,0.00163184,0.000856814,-3.26216e-05,0,0,0.555027,-0.0218464,-0.0966542,0.0280301,0.0117783,0.00186141,-0.000247288,0,0,1.43657e-12,-2,-0.00448453,-0.0124497,-0.00330358,-0.000335902,3.8884e-06,0,0,0.0286699,0.741083,0.0306188,0.0700501,-0.0189706,-0.0210138,0.0254394,0,0,-1.04083e-11,-0.298263,0.0814301,0.0110068,0.00451594,0.00229507,-7.68898e-05,0,0,-0.0972491,-0.0130148,0.563219,-0.00674294,0.00467714,0.00811183,-0.00172987,0,0,0,-1.9536,0.00534842,0.0485512,0.0050392,-0.000729939,-5.19569e-05,0,0,0.0313386,-0.0831644,-3.71276e-05,0.651701,0.00840581,0.0483647,0.00808412,0,0,1.95156e-11,0.996479,0.0391203,0.012394,-0.0466852,-0.0317465,0.000792735,0,0,0.129271,0.0439244,0.0509917,0.132979,0.400744,-0.028892,0.0121871,0,0,2.08167e-11,-0.665181,0.00550633,-0.0444427,-0.0378779,0.0374856,0.0011229,0,0,0.0401448,-0.031537,0.0955766,0.560394,-0.0348081,0.421139,-0.00338973,0,0,8.67362e-12,-0.234984,0.00296775,0.00211004,0.00211871,0.00351005,0.00173851,0,0,-0.0226725,-0.0101378,-0.0286828,0.00164145,0.0161282,-0.00731704,0.0680702,0,0,0,0,0,0,0,0,-1.20024e-12,0,0,0,0,0,0,0,0,0,0.905991,-4.65544e-09,0,0,0,0,0,0,0,0,0,0,0,0,0,0,0,0,-4.65514e-09,0.905991,
0,-0.497371,0.0162996,-0.00292624,0.00163305,0.000857946,-3.29961e-05,0,0,0.555054,-0.0218778,-0.0967208,0.0280839,0.0117789,0.0018524,-0.000243301,0,0,-5.93601e-12,-2,-0.00449075,-0.0124598,-0.00330748,-0.000334435,3.81756e-06,0,0,0.0286944,0.741093,0.0306503,0.0700964,-0.018978,-0.02104,0.0254392,0,0,-6.93889e-12,-0.298786,0.0814253,0.0110024,0.00451937,0.00229645,-7.74143e-05,0,0,-0.0973177,-0.0130377,0.563417,-0.00671655,0.00470027,0.00810687,-0.00172763,0,0,-1.38778e-11,-1.95487,0.00534616,0.048567,0.00503886,-0.0007307,-5.16994e-05,0,0,0.0313939,-0.0832195,-2.00674e-06,0.651732,0.00839523,0.0483455,0.00809059,0,0,-2.47198e-11,0.996817,0.0391098,0.012406,-0.0466992,-0.0317488,0.000788165,0,0,0.129302,0.0439394,0.0512357,0.132928,0.400803,-0.0288814,0.0121751,0,0,-2.08167e-11,-0.662928,0.00551017,-0.0444355,-0.0378881,0.0375156,0.00112301,0,0,0.0400959,-0.0314393,0.0955521,0.560314,-0.0347971,0.42116,-0.00340068,0,0,-6.07153e-12,-0.235094,0.00296942,0.00210807,0.00211771,0.00350912,0.00173896,0,0,-0.0226632,-0.0101427,-0.028682,0.00165268,0.0161171,-0.00731985,0.0680713,0,0,0,0,0,0,0,0,0,0,0,0,0,0,0,0,0,0,0.905991,-4.5045e-09,0,1.20024e-12,0,-1.20024e-12,0,-1.20024e-12,0,0,0,0,0,0,0,0,0,0,-4.5051e-09,0.905991,
-5.20417e-12,-0.498084,0.016317,-0.00293345,0.00163386,0.00085872,-3.22714e-05,0,0,0.555082,-0.0219093,-0.0967876,0.0281377,0.0117795,0.00184336,-0.000239307,0,0,-6.07153e-12,-2,-0.00449726,-0.0124699,-0.00331146,-0.000333027,4.02481e-06,0,0,0.0287189,0.741104,0.0306818,0.0701426,-0.0189855,-0.0210661,0.025439,0,0,-1.04083e-11,-0.29931,0.0814188,0.0109985,0.00452218,0.00229731,-7.63304e-05,0,0,-0.0973863,-0.0130606,0.563614,-0.00669009,0.00472339,0.00810188,-0.00172538,0,0,1.38778e-11,-1.95615,0.00534447,0.0485825,0.00503873,-0.000731232,-5.20258e-05,0,0,0.0314493,-0.0832746,3.31949e-05,0.651763,0.00838466,0.0483263,0.00809707,0,0,-4.16334e-11,0.997147,0.0390869,0.012422,-0.0467174,-0.0317553,0.000796019,0,0,0.129333,0.0439544,0.0514796,0.132876,0.400862,-0.0288707,0.0121631,0,0,0,-0.660674,0.00551614,-0.044429,-0.0378976,0.0375462,0.00112103,0,0,0.0400468,-0.0313415,0.0955273,0.560235,-0.0347861,0.421181,-0.00341163,0,0,1.56125e-11,-0.235203,0.00297132,0.00210601,0.00211679,0.00350828,0.00173916,0,0,-0.0226538,-0.0101476,-0.0286811,0.00166389,0.016106,-0.00732266,0.0680724,0,0,0,0,0,-1.20024e-12,0,-1.20024e-12,0,0,0,0,0,0,0,0,0,0,0.905991,4.25425e-09,0,1.20024e-12,1.20024e-12,0,-1.20024e-12,0,-1.20024e-12,0,0,0,0,0,0,0,0,0,4.25425e-09,0.905991,
2.60209e-12,-0.4988,0.0163344,-0.00294181,0.00163426,0.000859869,-3.22787e-05,0,0,0.555109,-0.0219409,-0.0968544,0.0281917,0.0117801,0.0018343,-0.000235306,0,0,1.9353e-11,-2,-0.00450377,-0.0124803,-0.00331551,-0.000331499,4.04772e-06,0,0,0.0287434,0.741114,0.0307133,0.0701889,-0.0189929,-0.0210923,0.0254388,0,0,-6.93889e-12,-0.299838,0.0814123,0.010993,0.0045244,0.00229872,-7.63197e-05,0,0,-0.097455,-0.0130836,0.563812,-0.00666355,0.0047465,0.00809686,-0.00172312,0,0,-5.55112e-11,-1.95743,0.00534277,0.0485986,0.00503879,-0.000731928,-5.19641e-05,0,0,0.0315049,-0.0833297,6.84771e-05,0.651795,0.00837408,0.0483071,0.00810355,0,0,6.245e-11,0.997467,0.039064,0.0124257,-0.0467397,-0.0317576,0.000795614,0,0,0.129364,0.0439694,0.0517234,0.132825,0.400921,-0.02886,0.012151,0,0,1.04083e-10,-0.658417,0.00552215,-0.0444203,-0.0379063,0.037576,0.00112042,0,0,0.0399976,-0.0312437,0.0955023,0.560155,-0.034775,0.421203,-0.00342259,0,0,-8.67362e-13,-0.235313,0.00297322,0.00210418,0.00211597,0.00350734,0.00173952,0,0,-0.0226444,-0.0101524,-0.0286802,0.0016751,0.0160949,-0.00732548,0.0680735,0,0,0,0,1.20024e-12,0,0,0,0,1.14023e-10,0,0,0,0,0,0,0,0,0.905991,4.15433e-09,0,0,1.20024e-12,0,0,0,0,-1.20024e-12,0,0,0,0,0,0,0,0,4.15373e-09,0.905991,
3.46945e-12,-0.499515,0.0163526,-0.00294922,0.00163537,0.000860772,-3.30096e-05,0,0,0.555136,-0.0219725,-0.0969214,0.0282458,0.0117806,0.00182521,-0.000231299,0,0,-1.85805e-11,-2,-0.00451037,-0.012491,-0.00331907,-0.000329748,3.89615e-06,0,0,0.0287678,0.741125,0.0307448,0.0702352,-0.0190004,-0.0211184,0.0254386,0,0,2.77556e-11,-0.300364,0.0814064,0.0109891,0.00452733,0.00229971,-7.73931e-05,0,0,-0.0975239,-0.0131067,0.56401,-0.00663693,0.00476959,0.00809181,-0.00172086,0,0,1.38778e-11,-1.95871,0.00534078,0.048614,0.00503845,-0.000731985,-5.15249e-05,0,0,0.0315605,-0.0833849,0.00010384,0.651826,0.00836349,0.0482878,0.00811003,0,0,6.93889e-12,0.9978,0.039045,0.0124419,-0.0467496,-0.0317639,0.000787174,0,0,0.129394,0.0439844,0.0519673,0.132774,0.40098,-0.0288494,0.012139,0,0,-3.46945e-11,-0.656163,0.00552743,-0.0444137,-0.0379172,0.0376059,0.00112102,0,0,0.0399483,-0.0311458,0.0954771,0.560076,-0.034764,0.421224,-0.00343354,0,0,1.04083e-11,-0.235423,0.00297505,0.00210209,0.00211487,0.00350646,0.00173999,0,0,-0.0226351,-0.0101572,-0.0286794,0.0016863,0.0160839,-0.00732829,0.0680746,0,0,0,1.20024e-12,0,0,0,0,1.20024e-12,0,0,0,0,0,0,0,0,0,0.905991,4.16724e-09,0,0,0,0,0,0,0,0,0,0,0,0,0,0,0,0,4.16574e-09,0.905991,
2.60209e-12,-0.500231,0.0163714,-0.00295731,0.0016354,0.000860947,-3.30086e-05,0,0,0.555164,-0.0220041,-0.0969885,0.0283,0.0117812,0.0018161,-0.000227286,0,0,4.33681e-13,-2,-0.00451689,-0.0125017,-0.0033229,-0.000328199,3.92777e-06,0,0,0.0287923,0.741136,0.0307763,0.0702814,-0.0190079,-0.0211445,0.0254384,0,0,1.38778e-11,-0.300892,0.0814011,0.0109841,0.00452868,0.00229962,-7.73929e-05,0,0,-0.0975929,-0.0131298,0.564208,-0.00661023,0.00479266,0.00808673,-0.00171859,0,0,0,-1.96,0.00533853,0.0486299,0.00503866,-0.000731673,-5.14746e-05,0,0,0.0316163,-0.0834402,0.000139285,0.651857,0.0083529,0.0482686,0.00811652,0,0,1.25767e-11,0.998133,0.03903,0.0124499,-0.0467716,-0.0317785,0.000787009,0,0,0.129425,0.0439994,0.0522112,0.132722,0.401039,-0.0288387,0.012127,0,0,1.38778e-11,-0.653907,0.00553199,-0.0444056,-0.0379258,0.0376377,0.00112022,0,0,0.0398987,-0.031048,0.0954516,0.559996,-0.0347529,0.421245,-0.00344451,0,0,6.07153e-12,-0.235532,0.00297683,0.00210017,0.00211395,0.00350571,0.0017403,0,0,-0.0226257,-0.0101621,-0.0286785,0.0016975,0.0160728,-0.0073311,0.0680757,0,0,0,0,0,0,0,0,0,0,0,0,0,0,0,0,0,0,0.905991,4.28276e-09,0,-1.20024e-12,0,0,0,0,-1.20024e-12,0,0,0,0,0,0,0,0,0,4.28336e-09,0.905991,
3.46945e-12,-0.500949,0.0163897,-0.0029645,0.00163626,0.000862084,-3.22855e-05,0,0,0.555191,-0.0220358,-0.0970556,0.0283543,0.0117817,0.00180696,-0.000223267,0,0,8.26704e-13,-2,-0.00452335,-0.0125117,-0.0033269,-0.000326731,4.13233e-06,0,0,0.0288168,0.741146,0.0308079,0.0703276,-0.0190153,-0.0211706,0.0254382,0,0,1.38778e-11,-0.301422,0.0813953,0.0109803,0.00453158,0.002301,-7.63065e-05,0,0,-0.0976619,-0.0131529,0.564406,-0.00658345,0.00481573,0.00808161,-0.00171632,0,0,0,-1.96128,0.00533652,0.0486456,0.00503848,-0.000732453,-5.18002e-05,0,0,0.0316721,-0.0834954,0.000174813,0.651889,0.0083423,0.0482494,0.00812302,0,0,-2.21177e-11,0.998462,0.0390107,0.0124661,-0.0467891,-0.0317806,0.000794856,0,0,0.129456,0.0440144,0.0524551,0.132671,0.401098,-0.028828,0.012115,0,0,2.08167e-11,-0.651649,0.00553731,-0.0443989,-0.0379351,0.0376684,0.00111821,0,0,0.039849,-0.03095,0.0954259,0.559916,-0.0347419,0.421267,-0.00345548,0,0,-1.38778e-11,-0.235641,0.0029787,0.00209811,0.00211296,0.00350475,0.0017405,0,0,-0.0226162,-0.0101669,-0.0286776,0.00170869,0.0160617,-0.00733391,0.0680768,0,0,0,-1.20024e-12,-1.20024e-12,0,-1.20024e-12,0,0,0,0,0,0,0,0,0,0,0,0.905991,-4.51411e-09,0,-1.20024e-12,-1.20024e-12,0,-1.20024e-12,1.20024e-12,1.20024e-12,1.16423e-10,0,0,0,0,0,0,0,0,-4.51531e-09,0.905991,
1.73472e-12,-0.501668,0.0164081,-0.00297212,0.0016375,0.000862835,-3.26602e-05,0,0,0.555219,-0.0220675,-0.0971229,0.0284087,0.0117822,0.0017978,-0.000219241,0,0,-1.06116e-11,-2,-0.0045297,-0.0125217,-0.00333082,-0.000325376,4.06005e-06,0,0,0.0288413,0.741157,0.0308394,0.0703739,-0.0190228,-0.0211967,0.025438,0,0,1.38778e-11,-0.301953,0.0813899,0.0109758,0.00453507,0.00230181,-7.68303e-05,0,0,-0.0977311,-0.0131761,0.564603,-0.00655658,0.00483881,0.00807647,-0.00171404,0,0,0,-1.96256,0.00533433,0.0486614,0.0050381,-0.000733073,-5.15414e-05,0,0,0.0317281,-0.0835508,0.000210422,0.65192,0.0083317,0.0482301,0.00812952,0,0,2.25514e-11,0.998785,0.0389957,0.0124781,-0.0468027,-0.031787,0.000790251,0,0,0.129486,0.0440294,0.052699,0.13262,0.401157,-0.0288174,0.012103,0,0,6.245e-11,-0.64939,0.00554201,-0.0443913,-0.0379451,0.0376996,0.00111834,0,0,0.0397991,-0.0308521,0.0954,0.559837,-0.0347308,0.421288,-0.00346645,0,0,6.07153e-12,-0.235751,0.00298046,0.00209613,0.00211193,0.0035039,0.00174094,0,0,-0.0226068,-0.0101717,-0.0286767,0.00171988,0.0160506,-0.00733673,0.0680779,0,0,0,0,0,-1.20024e-12,0,-1.20024e-12,0,0,0,0,0,0,0,0,0,0,0.905991,-4.60082e-09,0,2.40048e-12,0,0,0,0,0,0,0,0,0,0,0,0,0,0,-4.60082e-09,0.905991,
8.67362e-13,-0.502388,0.0164261,-0.0029798,0.00163796,0.000863963,-3.26683e-05,0,0,0.555247,-0.0220992,-0.0971903,0.0284633,0.0117828,0.00178862,-0.000215209,0,0,-2.1684e-13,-2,-0.00453615,-0.0125319,-0.00333491,-0.000323884,4.08152e-06,0,0,0.0288657,0.741168,0.030871,0.0704201,-0.0190303,-0.0212228,0.0254378,0,0,3.46945e-12,-0.302485,0.0813839,0.0109712,0.00453739,0.00230318,-7.68178e-05,0,0,-0.0978004,-0.0131994,0.564801,-0.00652964,0.00486188,0.0080713,-0.00171175,0,0,0,-1.96385,0.00533233,0.0486772,0.00503811,-0.000733837,-5.1478e-05,0,0,0.0317841,-0.0836061,0.000246113,0.651951,0.00832108,0.0482108,0.00813602,0,0,-3.90313e-12,0.999113,0.0389766,0.0124901,-0.0468246,-0.0317892,0.00078981,0,0,0.129516,0.0440443,0.0529427,0.132569,0.401215,-0.0288067,0.012091,0,0,-5.55112e-11,-0.647132,0.00554745,-0.0443836,-0.0379537,0.0377299,0.00111775,0,0,0.0397491,-0.0307541,0.0953738,0.559757,-0.0347198,0.42131,-0.00347742,0,0,1.04083e-11,-0.23586,0.00298229,0.00209414,0.00211108,0.00350297,0.00174131,0,0,-0.0225974,-0.0101766,-0.0286758,0.00173105,0.0160395,-0.00733954,0.068079,0,0,0,-2.40048e-12,0,0,0,0,0,-5.76116e-11,0,0,0,0,0,0,0,0,0.905991,-4.53931e-09,0,1.20024e-12,0,0,0,0,0,0,0,0,0,0,0,0,0,0,-4.53841e-09,0.905991,
1.73472e-12,-0.503109,0.0164437,-0.00298791,0.00163872,0.00086401,-3.30411e-05,0,0,0.555275,-0.0221311,-0.0972578,0.0285179,0.0117832,0.0017794,-0.00021117,0,0,-9.22927e-12,-2,-0.0045427,-0.0125422,-0.00333887,-0.000322624,4.01133e-06,0,0,0.0288902,0.741179,0.0309025,0.0704663,-0.0190378,-0.0212489,0.0254375,0,0,1.38778e-11,-0.303018,0.0813773,0.0109661,0.00454014,0.00230296,-7.73441e-05,0,0,-0.0978698,-0.0132227,0.564999,-0.00650262,0.00488494,0.0080661,-0.00170946,0,0,1.38778e-11,-1.96514,0.00533051,0.0486931,0.00503794,-0.00073397,-5.12213e-05,0,0,0.0318403,-0.0836615,0.000281886,0.651983,0.00831047,0.0481915,0.00814253,0,0,1.51788e-11,0.999441,0.0389532,0.012498,-0.0468424,-0.0318038,0.000785244,0,0,0.129547,0.0440593,0.0531865,0.132518,0.401274,-0.0287961,0.012079,0,0,-1.38778e-11,-0.644873,0.00555363,-0.0443751,-0.037963,0.0377622,0.00111784,0,0,0.0396989,-0.0306561,0.0953474,0.559677,-0.0347088,0.421331,-0.00348839,0,0,-5.20417e-12,-0.235969,0.00298419,0.00209222,0.00211016,0.00350227,0.00174174,0,0,-0.0225879,-0.0101814,-0.0286749,0.00174221,0.0160285,-0.00734236,0.0680801,0,0,0,0,0,0,1.20024e-12,-1.20024e-12,0,0,0,0,0,0,0,0,0,0,0.905991,-4.35567e-09,0,0,0,1.20024e-12,0,-1.20024e-12,1.20024e-12,0,0,0,0,0,0,0,0,0,-4.35537e-09,0.905991,
3.65303e-07,-0.503831,0.0164616,-0.00299532,0.00163945,0.000865163,-3.26826e-05,0,0,0.555303,-0.0221629,-0.0973254,0.0285726,0.0117837,0.00177017,-0.000207124,0,0,9.24809e-08,-2,-0.00454917,-0.0125524,-0.00334282,-0.000321061,4.12628e-06,0,0,0.0289147,0.74119,0.0309341,0.0705124,-0.0190453,-0.021275,0.0254373,0,0,5.37875e-07,-0.303553,0.0813713,0.0109619,0.00454282,0.00230437,-7.67956e-05,0,0,-0.0979393,-0.0132461,0.565196,-0.00647552,0.00490799,0.00806086,-0.00170716,0,0,-1.94386e-07,-1.96642,0.00532847,0.0487086,0.00503778,-0.000734657,-5.1354e-05,0,0,0.0318965,-0.083717,0.00031774,0.652014,0.00829984,0.0481722,0.00814904,0,0,4.14847e-06,0.999768,0.038934,0.0125141,-0.0468602,-0.0318059,0.000788985,0,0,0.129577,0.0440742,0.0534301,0.132467,0.401333,-0.0287855,0.012067,0,0,-6.9645e-07,-0.642613,0.00555914,-0.0443679,-0.0379723,0.0377924,0.00111653,0,0,0.0396486,-0.0305581,0.0953208,0.559597,-0.0346977,0.421352,-0.00349937,0,0,-7.79255e-08,-0.236078,0.00298601,0.00209014,0.00210924,0.00350132,0.00174201,0,0,-0.0225784,-0.0101862,-0.028674,0.00175336,0.0160174,-0.00734518,0.0680812,0,0,0,0,0,1.20024e-12,1.20024e-12,0,0,0,0,0,0,0,0,0,0,0,0.905991,4.09222e-09,0,0,0,0,0,0,0,0,0,0,0,0,0,0,0,0,4.09162e-09,0.905991,
0,-0.504554,0.0164797,-0.00300324,0.00163942,0.000866072,-3.30465e-05,0,0,0.555331,-0.0221948,-0.097393,0.0286275,0.0117842,0.00176091,-0.000203072,0,0,-9.50032e-12,-2,-0.0045559,-0.0125631,-0.00334665,-0.000319279,4.06659e-06,0,0,0.0289392,0.741201,0.0309657,0.0705586,-0.0190528,-0.0213011,0.025437,0,0,3.46945e-12,-0.304089,0.0813648,0.0109573,0.00454408,0.00230536,-7.73332e-05,0,0,-0.0980089,-0.0132695,0.565394,-0.00644834,0.00493102,0.0080556,-0.00170485,0,0,1.38778e-11,-1.96771,0.00532653,0.0487241,0.00503798,-0.000734706,-5.11094e-05,0,0,0.0319528,-0.0837725,0.000353677,0.652045,0.00828922,0.0481529,0.00815555,0,0,-2.42861e-11,1.00009,0.0389104,0.0125263,-0.0468821,-0.0318121,0.000784675,0,0,0.129607,0.0440891,0.0536738,0.132416,0.401392,-0.0287749,0.012055,0,0,-3.46945e-11,-0.640353,0.00556532,-0.04436,-0.0379808,0.0378227,0.00111642,0,0,0.0395981,-0.03046,0.0952939,0.559517,-0.0346867,0.421374,-0.00351034,0,0,2.60209e-11,-0.236187,0.00298793,0.00208811,0.00210836,0.00350042,0.0017424,0,0,-0.0225689,-0.010191,-0.0286731,0.00176451,0.0160063,-0.00734799,0.0680823,0,0,0,0,1.20024e-12,0,0,0,0,0,0,0,0,0,0,0,0,0,0.905991,3.9704e-09,0,0,1.20024e-12,-2.40048e-12,0,2.40048e-12,0,0,0,0,0,0,0,0,0,0,3.9701e-09,0.905991,
3.65093e-07,-0.505278,0.0164987,-0.00301147,0.00164052,0.000866983,-3.30453e-05,0,0,0.555359,-0.0222268,-0.0974608,0.0286824,0.0117846,0.00175162,-0.000199013,0,0,9.24967e-08,-2,-0.00456248,-0.0125739,-0.0033502,-0.000317515,4.09773e-06,0,0,0.0289636,0.741212,0.0309972,0.0706048,-0.0190603,-0.0213271,0.0254368,0,0,5.38215e-07,-0.304626,0.0813595,0.0109521,0.00454699,0.00230634,-7.73326e-05,0,0,-0.0980786,-0.013293,0.565591,-0.00642108,0.00495404,0.00805031,-0.00170254,0,0,-1.94386e-07,-1.969,0.00532413,0.04874,0.00503758,-0.000734777,-5.10589e-05,0,0,0.0320093,-0.0838281,0.000389696,0.652077,0.00827858,0.0481335,0.00816207,0,0,4.15116e-06,1.00042,0.0388949,0.0125343,-0.0468913,-0.0318182,0.00078451,0,0,0.129637,0.044104,0.0539175,0.132365,0.40145,-0.0287642,0.012043,0,0,-6.96519e-07,-0.638092,0.00557008,-0.0443514,-0.0379913,0.0378535,0.0011156,0,0,0.0395474,-0.030362,0.0952668,0.559438,-0.0346756,0.421395,-0.00352133,0,0,-7.78492e-08,-0.236295,0.00298972,0.00208617,0.00210719,0.00349949,0.0017427,0,0,-0.0225594,-0.0101958,-0.0286721,0.00177565,0.0159953,-0.00735081,0.0680834,0,0,0,-1.20024e-12,0,0,-1.20024e-12,0,0,0,0,0,0,0,0,0,0,0,0.905991,3.95239e-09,0,1.20024e-12,0,0,1.20024e-12,0,0,0,0,0,0,0,0,0,0,0,3.95269e-09,0.905991,
1.73472e-12,-0.506003,0.0165176,-0.00301917,0.00164098,0.000867392,-3.26885e-05,0,0,0.555387,-0.0222588,-0.0975287,0.0287375,0.0117851,0.00174232,-0.000194948,0,0,5.71917e-12,-2,-0.0045689,-0.012584,-0.00335428,-0.000316203,4.20938e-06,0,0,0.0289881,0.741224,0.0310288,0.0706509,-0.0190678,-0.0213532,0.0254365,0,0,-3.46945e-12,-0.305164,0.0813542,0.0109476,0.0045493,0.00230663,-7.67817e-05,0,0,-0.0981484,-0.0133165,0.565789,-0.00639373,0.00497705,0.00804498,-0.00170023,0,0,-1.38778e-11,-1.97029,0.00532178,0.0487559,0.00503756,-0.000735166,-5.11901e-05,0,0,0.0320658,-0.0838837,0.000425799,0.652108,0.00826795,0.0481142,0.0081686,0,0,-2.60209e-11,1.00075,0.0388794,0.0125464,-0.0469126,-0.0318285,0.000788221,0,0,0.129667,0.0441189,0.0541611,0.132314,0.401509,-0.0287536,0.012031,0,0,-6.93889e-12,-0.635831,0.0055749,-0.0443434,-0.0379997,0.037886,0.00111428,0,0,0.0394965,-0.0302638,0.0952395,0.559358,-0.0346646,0.421417,-0.00353232,0,0,-5.20417e-12,-0.236404,0.00299151,0.00208417,0.00210625,0.00349867,0.00174298,0,0,-0.0225499,-0.0102006,-0.0286712,0.00178679,0.0159842,-0.00735362,0.0680845,0,0,0,3.60072e-12,0,-1.20024e-12,0,-1.20024e-12,-1.20024e-12,0,0,0,0,0,0,0,0,0,0.905991,4.02411e-09,0,3.60072e-12,0,-1.20024e-12,0,0,-1.20024e-12,0,0,0,0,0,0,0,0,0,4.02441e-09,0.905991,
-2.60209e-12,-0.506729,0.0165356,-0.00302619,0.00164147,0.000868511,-3.26972e-05,0,0,0.555415,-0.0222908,-0.0975967,0.0287926,0.0117855,0.00173298,-0.000190877,0,0,-2.45301e-12,-2,-0.00457548,-0.0125938,-0.00335839,-0.000314729,4.22895e-06,0,0,0.0290126,0.741235,0.0310604,0.070697,-0.0190753,-0.0213792,0.0254363,0,0,-1.38778e-11,-0.305702,0.0813476,0.010944,0.00455167,0.00230797,-7.67678e-05,0,0,-0.0982183,-0.0133401,0.565986,-0.00636631,0.00500006,0.00803963,-0.0016979,0,0,0,-1.97158,0.00531983,0.0487713,0.00503752,-0.000735981,-5.11256e-05,0,0,0.0321225,-0.0839393,0.000461985,0.65214,0.0082573,0.0480948,0.00817513,0,0,1.51788e-11,1.00108,0.0388556,0.0125668,-0.046934,-0.0318305,0.000787756,0,0,0.129697,0.0441338,0.0544048,0.132263,0.401568,-0.028743,0.012019,0,0,1.38778e-11,-0.633569,0.00558119,-0.0443367,-0.0380081,0.037917,0.0011137,0,0,0.0394455,-0.0301657,0.0952119,0.559278,-0.0346536,0.421439,-0.00354331,0,0,-8.67362e-13,-0.236513,0.00299344,0.00208202,0.00210536,0.00349773,0.00174334,0,0,-0.0225403,-0.0102054,-0.0286703,0.00179792,0.0159731,-0.00735644,0.0680856,0,0,0,-1.20024e-12,0,-1.20024e-12,1.20024e-12,-1.20024e-12,0,0,0,0,0,0,0,0,0,0,0.905991,4.18884e-09,0,-1.20024e-12,0,-1.20024e-12,0,-1.20024e-12,0,0,0,0,0,0,0,0,0,0,4.18854e-09,0.905991,
-1.73472e-12,-0.507456,0.0165541,-0.00303402,0.00164263,0.00086891,-3.27052e-05,0,0,0.555444,-0.0223229,-0.0976648,0.0288479,0.0117859,0.00172362,-0.000186799,0,0,-5.50233e-12,-2,-0.00458189,-0.012604,-0.00336228,-0.000313395,4.24985e-06,0,0,0.029037,0.741246,0.031092,0.0707432,-0.0190829,-0.0214053,0.025436,0,0,-1.38778e-11,-0.306243,0.0813421,0.0109392,0.00455501,0.00230826,-7.67548e-05,0,0,-0.0982884,-0.0133638,0.566184,-0.0063388,0.00502307,0.00803424,-0.00169557,0,0,-2.77556e-11,-1.97287,0.00531749,0.048787,0.00503711,-0.000736357,-5.10621e-05,0,0,0.0321792,-0.083995,0.000498254,0.652171,0.00824665,0.0480754,0.00818166,0,0,-3.03577e-11,1.0014,0.0388402,0.0125789,-0.0469472,-0.0318409,0.000787312,0,0,0.129727,0.0441487,0.0546483,0.132213,0.401626,-0.0287324,0.0120071,0,0,5.55112e-11,-0.631307,0.00558614,-0.0443284,-0.0380179,0.0379492,0.0011131,0,0,0.0393943,-0.0300675,0.095184,0.559198,-0.0346425,0.42146,-0.0035543,0,0,6.07153e-12,-0.236621,0.0029952,0.00208001,0.00210433,0.00349694,0.0017437,0,0,-0.0225308,-0.0102102,-0.0286693,0.00180904,0.0159621,-0.00735926,0.0680867,0,0,0,0,0,0,0,0,0,0,0,0,0,0,0,0,0,0,0.905991,-4.4649e-09,0,0,0,0,-1.20024e-12,0,-1.20024e-12,0,0,0,0,0,0,0,0,0,-4.4649e-09,0.905991,
3.64674e-07,-0.508185,0.0165723,-0.00304263,0.00164337,0.000870053,-3.27125e-05,0,0,0.555472,-0.022355,-0.0977331,0.0289033,0.0117863,0.00171424,-0.000182715,0,0,9.25373e-08,-2,-0.00458839,-0.0126144,-0.00336625,-0.000311837,4.27138e-06,0,0,0.0290615,0.741258,0.0311236,0.0707893,-0.0190904,-0.0214313,0.0254357,0,0,5.38878e-07,-0.306786,0.0813361,0.0109333,0.00455773,0.00230964,-7.67428e-05,0,0,-0.0983585,-0.0133875,0.566381,-0.00631121,0.00504607,0.00802882,-0.00169324,0,0,-1.94331e-07,-1.97417,0.00531533,0.0488031,0.00503691,-0.00073708,-5.09995e-05,0,0,0.0322361,-0.0840507,0.000534605,0.652203,0.00823599,0.048056,0.0081882,0,0,4.15663e-06,1.00172,0.0388205,0.0125827,-0.0469646,-0.0318429,0.000786887,0,0,0.129756,0.0441635,0.0548918,0.132162,0.401685,-0.0287218,0.0119951,0,0,-6.96901e-07,-0.629042,0.00559182,-0.0443187,-0.038027,0.0379798,0.00111249,0,0,0.039343,-0.0299693,0.095156,0.559118,-0.0346315,0.421482,-0.0035653,0,0,-7.76783e-08,-0.23673,0.00299703,0.00207815,0.00210338,0.00349599,0.00174405,0,0,-0.0225212,-0.010215,-0.0286684,0.00182014,0.015951,-0.00736208,0.0680878,0,0,0,1.20024e-12,0,0,0,1.20024e-12,-1.20024e-12,-5.76116e-11,0,0,0,0,0,0,0,0,0.905991,-4.60292e-09,0,-1.20024e-12,1.20024e-12,0,0,-1.20024e-12,0,0,0,0,0,0,0,0,0,0,-4.60292e-09,0.905991,
-3.64565e-07,-0.508913,0.0165902,-0.0030503,0.0016437,0.000871321,-3.27113e-05,0,0,0.555501,-0.0223872,-0.0978014,0.0289588,0.0117866,0.00170483,-0.000178624,0,0,-9.2542e-08,-2,-0.00459526,-0.012625,-0.00336998,-0.000309954,4.30362e-06,0,0,0.0290859,0.741269,0.0311553,0.0708354,-0.019098,-0.0214573,0.0254355,0,0,-5.39048e-07,-0.307329,0.081329,0.010929,0.00455952,0.00231115,-7.67415e-05,0,0,-0.0984287,-0.0134112,0.566578,-0.00628354,0.00506905,0.00802338,-0.00169089,0,0,1.94317e-07,-1.97546,0.00531345,0.0488184,0.00503687,-0.000737337,-5.09488e-05,0,0,0.032293,-0.0841064,0.00057104,0.652234,0.00822533,0.0480366,0.00819474,0,0,-4.15799e-06,1.00205,0.0387924,0.012599,-0.046982,-0.0318448,0.000786716,0,0,0.129786,0.0441784,0.0551353,0.132111,0.401744,-0.0287112,0.0119831,0,0,6.96949e-07,-0.626779,0.00559887,-0.044311,-0.038036,0.0380098,0.00111169,0,0,0.0392915,-0.0298711,0.0951277,0.559038,-0.0346205,0.421503,-0.00357629,0,0,7.76454e-08,-0.236838,0.00299903,0.00207603,0.00210241,0.00349501,0.00174436,0,0,-0.0225116,-0.0102198,-0.0286674,0.00183125,0.01594,-0.00736489,0.0680889,0,0,2.40048e-12,-1.20024e-12,-1.20024e-12,0,1.20024e-12,-2.40048e-12,0,0,0,0,0,0,0,0,0,0,0.905991,-4.58882e-09,1.20024e-12,-3.60072e-12,1.20024e-12,0,-2.40048e-12,-1.20024e-12,0,0,0,0,0,0,0,0,0,0,-4.58852e-09,0.905991,
2.60209e-12,-0.509644,0.0166091,-0.0030578,0.00164442,0.000871753,-3.27181e-05,0,0,0.55553,-0.0224195,-0.0978698,0.0290144,0.011787,0.00169539,-0.000174526,0,0,-9.58164e-12,-2,-0.00460172,-0.0126351,-0.00337393,-0.000308559,4.32418e-06,0,0,0.0291104,0.741281,0.0311869,0.0708814,-0.0191055,-0.0214833,0.0254352,0,0,1.38778e-11,-0.307873,0.0813236,0.0109248,0.00456217,0.00231147,-7.67301e-05,0,0,-0.0984991,-0.013435,0.566776,-0.00625579,0.00509202,0.0080179,-0.00168855,0,0,0,-1.97676,0.00531101,0.048834,0.00503666,-0.000737647,-5.08871e-05,0,0,0.0323501,-0.0841623,0.000607558,0.652266,0.00821466,0.0480172,0.00820129,0,0,-1.12757e-11,1.00238,0.0387767,0.0126153,-0.0469991,-0.0318549,0.00078631,0,0,0.129816,0.0441932,0.0553788,0.132061,0.401802,-0.0287006,0.0119712,0,0,-1.04083e-10,-0.624515,0.00560387,-0.0443033,-0.038045,0.0380423,0.00111104,0,0,0.0392398,-0.0297729,0.0950992,0.558958,-0.0346094,0.421525,-0.00358729,0,0,5.20417e-12,-0.236946,0.00300081,0.00207394,0.00210141,0.00349417,0.0017447,0,0,-0.022502,-0.0102246,-0.0286664,0.00184234,0.015929,-0.00736771,0.06809,0,0,0,0,0,-1.20024e-12,0,0,1.20024e-12,0,0,0,0,0,0,0,0,0,0.905991,-4.43999e-09,0,-1.20024e-12,0,-2.40048e-12,0,0,-1.20024e-12,0,0,0,0,0,0,0,0,0,-4.44059e-09,0.905991,
-4.33681e-12,-0.510375,0.0166279,-0.00306643,0.00164555,0.000872892,-3.27259e-05,0,0,0.555559,-0.0224517,-0.0979383,0.0290701,0.0117873,0.00168593,-0.000170422,0,0,-1.22108e-11,-2,-0.00460816,-0.0126455,-0.00337781,-0.000307015,4.34424e-06,0,0,0.0291348,0.741293,0.0312185,0.0709275,-0.0191131,-0.0215093,0.0254349,0,0,-1.38778e-11,-0.308418,0.0813181,0.0109189,0.00456546,0.00231285,-7.67172e-05,0,0,-0.0985696,-0.0134589,0.566973,-0.00622796,0.00511499,0.00801239,-0.00168619,0,0,0,-1.97805,0.00530857,0.0488501,0.00503623,-0.000738402,-5.08239e-05,0,0,0.0324073,-0.0842181,0.000644159,0.652297,0.00820398,0.0479978,0.00820784,0,0,-4.77049e-12,1.0027,0.0387609,0.0126192,-0.047012,-0.0318568,0.000785871,0,0,0.129845,0.044208,0.0556222,0.13201,0.401861,-0.0286901,0.0119592,0,0,-4.16334e-11,-0.62225,0.00560891,-0.0442933,-0.0380547,0.0380734,0.00111042,0,0,0.039188,-0.0296746,0.0950704,0.558878,-0.0345984,0.421547,-0.0035983,0,0,1.38778e-11,-0.237054,0.00300258,0.00207208,0.00210035,0.0034932,0.00174505,0,0,-0.0224923,-0.0102294,-0.0286654,0.00185342,0.0159179,-0.00737053,0.0680911,0,0,0,0,0,1.20024e-12,-1.20024e-12,1.20024e-12,-1.20024e-12,0,0,0,0,0,0,0,0,0,0.905991,4.19754e-09,0,0,0,0,0,0,0,0,0,0,0,0,0,0,0,0,4.19694e-09,0.905991,
6.07153e-12,-0.511107,0.0166463,-0.00307412,0.00164555,0.000873058,-3.23609e-05,0,0,0.555588,-0.0224841,-0.0980069,0.029126,0.0117877,0.00167645,-0.000166311,0,0,2.6563e-12,-2,-0.00461496,-0.0126561,-0.00338165,-0.000305431,4.46804e-06,0,0,0.0291593,0.741305,0.0312502,0.0709736,-0.0191207,-0.0215353,0.0254346,0,0,6.93889e-12,-0.308965,0.0813116,0.0109145,0.00456676,0.00231271,-7.61754e-05,0,0,-0.0986401,-0.0134828,0.56717,-0.00620004,0.00513794,0.00800685,-0.00168383,0,0,-2.77556e-11,-1.97935,0.00530642,0.0488655,0.00503636,-0.000738113,-5.09666e-05,0,0,0.0324645,-0.084274,0.000680845,0.652329,0.0081933,0.0479783,0.00821439,0,0,-8.23994e-12,1.00303,0.0387367,0.0126356,-0.0470333,-0.0318712,0.000789845,0,0,0.129874,0.0442228,0.0558656,0.13196,0.401919,-0.0286795,0.0119473,0,0,3.46945e-11,-0.619986,0.00561534,-0.0442854,-0.0380629,0.0381058,0.00110893,0,0,0.039136,-0.0295763,0.0950414,0.558798,-0.0345874,0.421569,-0.0036093,0,0,8.67362e-13,-0.237163,0.00300452,0.00206996,0.00209943,0.00349245,0.00174528,0,0,-0.0224827,-0.0102341,-0.0286644,0.0018645,0.0159069,-0.00737335,0.0680922,0,0,0,-1.20024e-12,0,0,0,2.40048e-12,-2.40048e-12,0,0,0,0,0,0,0,0,0,0.905991,4.09702e-09,0,-1.20024e-12,0,0,0,-2.40048e-12,1.20024e-12,0,0,0,0,0,0,0,0,0,4.09642e-09,0.905991,
-6.07153e-12,-0.511841,0.0166649,-0.00308168,0.00164629,0.00087421,-3.27324e-05,0,0,0.555617,-0.0225164,-0.0980756,0.0291819,0.011788,0.00166694,-0.000162194,0,0,-4.8518e-12,-2,-0.00462153,-0.0126661,-0.00338561,-0.000303861,4.39542e-06,0,0,0.0291838,0.741316,0.0312818,0.0710196,-0.0191282,-0.0215613,0.0254343,0,0,-1.38778e-11,-0.309514,0.0813056,0.0109102,0.00456945,0.00231409,-7.67027e-05,0,0,-0.0987108,-0.0135067,0.567368,-0.00617204,0.00516088,0.00800128,-0.00168146,0,0,2.77556e-11,-1.98065,0.00530411,0.0488811,0.00503613,-0.000738839,-5.071e-05,0,0,0.0325219,-0.08433,0.000717615,0.65236,0.00818262,0.0479588,0.00822095,0,0,1.30104e-12,1.00335,0.0387166,0.0126519,-0.0470501,-0.031873,0.000785262,0,0,0.129904,0.0442376,0.0561089,0.131909,0.401977,-0.0286689,0.0119353,0,0,-4.85723e-11,-0.617719,0.00562112,-0.0442775,-0.0380718,0.0381372,0.00110899,0,0,0.0390839,-0.029478,0.0950121,0.558718,-0.0345763,0.42159,-0.00362031,0,0,-1.12757e-11,-0.23727,0.00300638,0.00206786,0.00209842,0.00349146,0.00174571,0,0,-0.022473,-0.0102389,-0.0286635,0.00187557,0.0158958,-0.00737617,0.0680933,0,0,0,1.20024e-12,1.20024e-12,0,0,0,0,0,0,0,0,0,0,0,0,0,0.905991,4.10542e-09,0,1.20024e-12,1.20024e-12,1.20024e-12,1.20024e-12,0,1.20024e-12,0,0,0,0,0,0,0,0,0,4.10572e-09,0.905991,
-4.33681e-12,-0.512575,0.0166835,-0.00308963,0.00164669,0.000874979,-3.31044e-05,0,0,0.555646,-0.0225488,-0.0981445,0.0292379,0.0117883,0.00165741,-0.00015807,0,0,4.83825e-12,-2,-0.00462808,-0.0126763,-0.00338969,-0.000302414,4.32242e-06,0,0,0.0292082,0.741328,0.0313135,0.0710656,-0.0191358,-0.0215873,0.025434,0,0,-2.77556e-11,-0.310063,0.0812996,0.0109053,0.00457168,0.00231491,-7.72291e-05,0,0,-0.0987816,-0.0135308,0.567565,-0.00614396,0.00518382,0.00799567,-0.00167909,0,0,-1.38778e-11,-1.98195,0.0053018,0.0488969,0.00503606,-0.000739418,-5.04521e-05,0,0,0.0325794,-0.0843859,0.000754469,0.652392,0.00817193,0.0479394,0.00822752,0,0,9.97466e-12,1.00367,0.0386965,0.0126641,-0.0470711,-0.031879,0.000780649,0,0,0.129933,0.0442524,0.0563522,0.131859,0.402036,-0.0286584,0.0119234,0,0,3.46945e-11,-0.615453,0.00562695,-0.0442687,-0.03808,0.0381692,0.00110907,0,0,0.0390315,-0.0293797,0.0949826,0.558637,-0.0345653,0.421612,-0.00363132,0,0,3.46945e-12,-0.237378,0.00300823,0.00206584,0.00209751,0.00349057,0.00174614,0,0,-0.0224634,-0.0102437,-0.0286625,0.00188663,0.0158848,-0.00737899,0.0680944,0,0,0,0,1.20024e-12,0,1.20024e-12,-1.20024e-12,0,-1.14023e-10,0,0,0,0,0,0,0,0,0.905991,4.21495e-09,0,-2.40048e-12,-2.40048e-12,0,-2.40048e-12,2.40048e-12,-2.40048e-12,1.15223e-10,0,0,0,0,0,0,0,0,4.21495e-09,0.905991,
-4.33681e-12,-0.51331,0.0167019,-0.00309811,0.00164742,0.000875507,-3.31037e-05,0,0,0.555675,-0.0225813,-0.0982134,0.0292941,0.0117885,0.00164785,-0.00015394,0,0,3.21195e-12,-2,-0.00463489,-0.012687,-0.00339335,-0.000300735,4.3533e-06,0,0,0.0292327,0.74134,0.0313452,0.0711117,-0.0191434,-0.0216132,0.0254337,0,0,-1.73472e-11,-0.310613,0.081293,0.0108998,0.00457406,0.00231531,-7.72265e-05,0,0,-0.0988525,-0.0135548,0.567762,-0.0061158,0.00520675,0.00799004,-0.00167671,0,0,1.38778e-11,-1.98325,0.00529959,0.0489126,0.00503579,-0.000739335,-5.04002e-05,0,0,0.0326369,-0.084442,0.000791407,0.652423,0.00816123,0.0479199,0.00823409,0,0,-2.60209e-11,1.004,0.0386721,0.0126722,-0.0470839,-0.0318891,0.000780452,0,0,0.129962,0.0442672,0.0565955,0.131809,0.402094,-0.0286478,0.0119115,0,0,-2.08167e-11,-0.613187,0.00563348,-0.0442591,-0.0380896,0.0382012,0.00110828,0,0,0.0389791,-0.0292813,0.0949529,0.558557,-0.0345543,0.421634,-0.00364234,0,0,-1.04083e-11,-0.237486,0.00301017,0.00206387,0.00209643,0.00348973,0.00174645,0,0,-0.0224537,-0.0102484,-0.0286614,0.00189769,0.0158738,-0.00738181,0.0680954,0,0,0,1.20024e-12,0,0,0,0,0,0,0,0,0,0,0,0,0,0,0.905991,-4.43249e-09,0,0,0,0,0,0,0,0,0,0,0,0,0,0,0,0,-4.43159e-09,0.905991,
1.73472e-12,-0.514047,0.0167211,-0.00310645,0.00164815,0.000876656,-3.23832e-05,0,0,0.555704,-0.0226138,-0.0982825,0.0293504,0.0117888,0.00163827,-0.000149803,0,0,-1.11537e-11,-2,-0.00464138,-0.0126973,-0.00339731,-0.00029916,4.55806e-06,0,0,0.0292571,0.741352,0.0313768,0.0711577,-0.019151,-0.0216392,0.0254334,0,0,1.04083e-11,-0.311165,0.0812876,0.0108943,0.00457675,0.00231669,-7.61336e-05,0,0,-0.0989235,-0.013579,0.567959,-0.00608755,0.00522966,0.00798438,-0.00167432,0,0,0,-1.98455,0.00529702,0.0489286,0.00503553,-0.000740069,-5.07262e-05,0,0,0.0326946,-0.084498,0.00082843,0.652455,0.00815053,0.0479004,0.00824066,0,0,-1.60462e-11,1.00432,0.0386559,0.0126802,-0.0471006,-0.0318908,0.000788359,0,0,0.129991,0.044282,0.0568388,0.131758,0.402153,-0.0286373,0.0118995,0,0,-2.77556e-11,-0.610918,0.00563865,-0.0442495,-0.0380984,0.0382327,0.00110624,0,0,0.0389264,-0.0291829,0.0949229,0.558477,-0.0345432,0.421656,-0.00365335,0,0,5.20417e-12,-0.237594,0.00301196,0.00206192,0.00209541,0.00348874,0.00174664,0,0,-0.022444,-0.0102532,-0.0286604,0.00190873,0.0158628,-0.00738463,0.0680965,0,0,0,1.20024e-12,0,0,0,0,1.20024e-12,0,0,0,0,0,0,0,0,0,0.905991,-4.51171e-09,0,2.40048e-12,0,-1.20024e-12,0,0,-1.20024e-12,-1.20024e-12,0,0,0,0,0,0,0,0,-4.51171e-09,0.905991,
8.67362e-13,-0.514785,0.0167397,-0.00311446,0.00164892,0.000877788,-3.27551e-05,0,0,0.555734,-0.0226464,-0.0983516,0.0294067,0.0117891,0.00162866,-0.000145659,0,0,-7.95533e-12,-2,-0.00464795,-0.0127074,-0.0034013,-0.000297612,4.48468e-06,0,0,0.0292815,0.741365,0.0314085,0.0712036,-0.0191586,-0.0216651,0.0254331,0,0,1.04083e-11,-0.311719,0.0812815,0.0108893,0.00457951,0.00231804,-7.66599e-05,0,0,-0.0989946,-0.0136032,0.568156,-0.00605922,0.00525258,0.00797868,-0.00167193,0,0,2.77556e-11,-1.98585,0.00529464,0.0489443,0.00503526,-0.000740848,-5.0468e-05,0,0,0.0327524,-0.0845541,0.000865537,0.652486,0.00813981,0.0478809,0.00824724,0,0,-1.21431e-11,1.00464,0.0386356,0.0126924,-0.0471173,-0.0318926,0.000783737,0,0,0.13002,0.0442967,0.057082,0.131708,0.402211,-0.0286267,0.0118876,0,0,-1.11022e-10,-0.60865,0.00564458,-0.0442405,-0.0381072,0.0382642,0.00110633,0,0,0.0388736,-0.0290845,0.0948927,0.558397,-0.0345322,0.421678,-0.00366437,0,0,4.33681e-12,-0.237701,0.00301381,0.00205989,0.00209442,0.00348777,0.00174707,0,0,-0.0224342,-0.010258,-0.0286594,0.00191977,0.0158517,-0.00738745,0.0680976,0,0,0,1.20024e-12,0,1.20024e-12,1.20024e-12,0,0,2.40048e-12,0,0,0,0,0,0,0,0,0.905991,-4.45169e-09,0,0,0,-1.20024e-12,0,0,0,-1.20024e-12,0,0,0,0,0,0,0,0,-4.45229e-09,0.905991,
1.73472e-12,-0.515523,0.0167582,-0.00312228,0.00164926,0.000878316,-3.27545e-05,0,0,0.555763,-0.022679,-0.0984208,0.0294632,0.0117893,0.00161902,-0.000141509,0,0,2.19551e-12,-2,-0.00465478,-0.012718,-0.00340505,-0.000295925,4.51523e-06,0,0,0.029306,0.741377,0.0314402,0.0712496,-0.0191663,-0.021691,0.0254328,0,0,1.04083e-11,-0.312272,0.081275,0.0108848,0.00458134,0.00231844,-7.66568e-05,0,0,-0.0990658,-0.0136274,0.568353,-0.00603081,0.00527547,0.00797295,-0.00166953,0,0,1.38778e-11,-1.98715,0.00529237,0.0489597,0.00503516,-0.000740768,-5.0416e-05,0,0,0.0328103,-0.0846103,0.00090273,0.652518,0.0081291,0.0478613,0.00825382,0,0,8.23994e-12,1.00497,0.0386111,0.0127089,-0.0471341,-0.0319027,0.000783538,0,0,0.130049,0.0443115,0.0573252,0.131658,0.402269,-0.0286162,0.0118757,0,0,-6.93889e-12,-0.606382,0.0056512,-0.0442321,-0.0381159,0.0382964,0.00110553,0,0,0.0388206,-0.028986,0.0948622,0.558317,-0.0345212,0.4217,-0.0036754,0,0,-4.33681e-12,-0.237809,0.00301575,0.00205776,0.0020934,0.00348693,0.00174737,0,0,-0.0224245,-0.0102627,-0.0286584,0.0019308,0.0158407,-0.00739027,0.0680987,0,0,0,0,0,0,0,0,0,0,0,0,0,0,0,0,0,0,0.905991,4.27676e-09,0,-1.20024e-12,0,0,-1.20024e-12,0,-2.40048e-12,0,0,0,0,0,0,0,0,0,4.27646e-09,0.905991,
1.73472e-12,-0.516262,0.0167771,-0.00313068,0.00164962,0.000879102,-3.31253e-05,0,0,0.555793,-0.0227116,-0.0984902,0.0295198,0.0117895,0.00160936,-0.000137353,0,0,5.31259e-12,-2,-0.00466139,-0.0127282,-0.00340911,-0.000294433,4.44184e-06,0,0,0.0293304,0.741389,0.0314719,0.0712956,-0.0191739,-0.021717,0.0254324,0,0,0,-0.312828,0.0812689,0.0108792,0.00458347,0.00231927,-7.71847e-05,0,0,-0.0991371,-0.0136517,0.56855,-0.00600231,0.00529836,0.00796719,-0.00166712,0,0,-1.38778e-11,-1.98846,0.00528993,0.0489756,0.00503508,-0.000741312,-5.0159e-05,0,0,0.0328682,-0.0846665,0.000940007,0.65255,0.00811838,0.0478418,0.00826041,0,0,2.1684e-12,1.00529,0.0385906,0.012717,-0.0471547,-0.0319085,0.000778936,0,0,0.130078,0.0443262,0.0575684,0.131608,0.402328,-0.0286056,0.0118638,0,0,-4.16334e-11,-0.604113,0.00565716,-0.0442222,-0.0381239,0.0383288,0.00110559,0,0,0.0387675,-0.0288875,0.0948316,0.558236,-0.0345102,0.421721,-0.00368642,0,0,-6.07153e-12,-0.237916,0.00301762,0.0020558,0.00209246,0.00348601,0.00174779,0,0,-0.0224147,-0.0102675,-0.0286573,0.00194182,0.0158297,-0.00739309,0.0680998,0,0,0,0,-1.20024e-12,1.20024e-12,2.40048e-12,-2.40048e-12,0,0,0,0,0,0,0,0,0,0,0.905991,4.23565e-09,0,1.20024e-12,-1.20024e-12,1.20024e-12,-1.20024e-12,1.20024e-12,-1.20024e-12,0,0,0,0,0,0,0,0,0,4.23595e-09,0.905991,
8.67362e-13,-0.517003,0.0167962,-0.00313803,0.00165038,0.00087987,-3.27698e-05,0,0,0.555823,-0.0227443,-0.0985597,0.0295765,0.0117897,0.00159968,-0.000133189,0,0,7.45389e-12,-2,-0.00466788,-0.0127381,-0.00341309,-0.000292967,4.55335e-06,0,0,0.0293549,0.741402,0.0315036,0.0713415,-0.0191815,-0.0217429,0.0254321,0,0,-3.46945e-12,-0.313386,0.0812634,0.0108752,0.00458622,0.00232008,-7.66297e-05,0,0,-0.0992085,-0.0136761,0.568747,-0.00597372,0.00532124,0.0079614,-0.00166471,0,0,-1.38778e-11,-1.98976,0.0052873,0.048991,0.00503479,-0.000741899,-5.02892e-05,0,0,0.0329263,-0.0847227,0.00097737,0.652581,0.00810765,0.0478222,0.008267,0,0,7.80626e-12,1.00561,0.0385742,0.0127376,-0.0471712,-0.0319144,0.00078265,0,0,0.130106,0.0443409,0.0578115,0.131558,0.402386,-0.0285951,0.0118518,0,0,0,-0.601842,0.00566249,-0.0442143,-0.0381327,0.0383612,0.00110427,0,0,0.0387142,-0.028789,0.0948006,0.558156,-0.0344991,0.421743,-0.00369745,0,0,0,-0.238023,0.0030194,0.00205361,0.00209145,0.0034851,0.00174807,0,0,-0.0224049,-0.0102722,-0.0286563,0.00195284,0.0158187,-0.00739592,0.0681009,0,0,0,-1.20024e-12,0,0,0,0,0,1.16423e-10,0,0,0,0,0,0,0,0,0.905991,-4.30857e-09,0,0,0,0,0,0,0,1.20024e-12,0,0,0,0,0,0,0,0,-4.30917e-09,0.905991,
-3.63301e-07,-0.517745,0.0168148,-0.00314664,0.00165144,0.000880762,-3.24059e-05,0,0,0.555852,-0.022777,-0.0986292,0.0296334,0.0117899,0.00158997,-0.000129019,0,0,-9.26642e-08,-2,-0.00467474,-0.0127489,-0.00341666,-0.000291177,4.67628e-06,0,0,0.0293793,0.741414,0.0315354,0.0713875,-0.0191891,-0.0217688,0.0254318,0,0,-5.41116e-07,-0.313944,0.0812568,0.0108695,0.00458911,0.00232101,-7.60853e-05,0,0,-0.0992801,-0.0137005,0.568944,-0.00594506,0.00534411,0.00795558,-0.00166229,0,0,1.94206e-07,-1.99107,0.00528496,0.0490067,0.00503429,-0.000742014,-5.04313e-05,0,0,0.0329845,-0.084779,0.00101482,0.652613,0.00809692,0.0478027,0.0082736,0,0,-4.17413e-06,1.00593,0.0385495,0.0127457,-0.0471795,-0.0319202,0.000786622,0,0,0.130135,0.0443556,0.0580546,0.131508,0.402444,-0.0285846,0.0118399,0,0,6.97671e-07,-0.599572,0.0056692,-0.0442043,-0.0381427,0.0383928,0.00110278,0,0,0.0386607,-0.0286905,0.0947695,0.558076,-0.0344881,0.421765,-0.00370848,0,0,7.71171e-08,-0.23813,0.00302133,0.00205162,0.00209028,0.00348418,0.00174829,0,0,-0.0223951,-0.0102769,-0.0286552,0.00196384,0.0158077,-0.00739874,0.068102,0,0,0,-3.60072e-12,-3.60072e-12,0,-2.40048e-12,3.60072e-12,-3.60072e-12,0,0,0,0,0,0,0,0,0,0.905991,4.25936e-09,2.40048e-12,-3.60072e-12,-3.60072e-12,2.40048e-12,-2.40048e-12,3.60072e-12,-3.60072e-12,2.40048e-12,0,0,0,0,0,0,0,0,4.25876e-09,0.905991,
3.46945e-12,-0.518487,0.0168338,-0.00315475,0.00165143,0.000881912,-3.31396e-05,0,0,0.555882,-0.0228098,-0.0986989,0.0296903,0.0117901,0.00158024,-0.000124843,0,0,-5.3668e-12,-2,-0.00468136,-0.012759,-0.0034208,-0.000289581,4.50986e-06,0,0,0.0294037,0.741427,0.0315671,0.0714334,-0.0191968,-0.0217947,0.0254314,0,0,2.42861e-11,-0.314503,0.0812508,0.0108644,0.00459068,0.00232238,-7.71545e-05,0,0,-0.0993517,-0.0137249,0.569141,-0.00591631,0.00536697,0.00794973,-0.00165987,0,0,2.77556e-11,-1.99238,0.00528245,0.0490225,0.00503438,-0.000742753,-4.99801e-05,0,0,0.0330428,-0.0848354,0.00105235,0.652644,0.00808618,0.0477831,0.0082802,0,0,0,1.00625,0.0385288,0.012758,-0.0472041,-0.0319218,0.00077784,0,0,0.130163,0.0443703,0.0582977,0.131458,0.402502,-0.0285741,0.011828,0,0,-8.32667e-11,-0.597302,0.00567526,-0.0441949,-0.03815,0.0384247,0.00110352,0,0,0.0386071,-0.028592,0.094738,0.557995,-0.0344771,0.421787,-0.00371952,0,0,-5.20417e-12,-0.238237,0.00302321,0.00204958,0.0020894,0.00348317,0.00174879,0,0,-0.0223853,-0.0102817,-0.0286542,0.00197484,0.0157967,-0.00740156,0.0681031,0,0,0,0,0,0,0,0,-1.20024e-12,0,0,0,0,0,0,0,0,0,0.905991,-4.32507e-09,0,1.20024e-12,2.40048e-12,0,0,1.20024e-12,0,0,0,0,0,0,0,0,0,0,-4.32507e-09,0.905991,
8.67362e-13,-0.519232,0.0168533,-0.00316325,0.0016529,0.00088268,-3.27845e-05,0,0,0.555912,-0.0228427,-0.0987686,0.0297474,0.0117902,0.00157048,-0.00012066,0,0,1.0964e-11,-2,-0.00468778,-0.0127692,-0.0034246,-0.000288105,4.62113e-06,0,0,0.0294282,0.741439,0.0315988,0.0714793,-0.0192045,-0.0218206,0.0254311,0,0,0,-0.315064,0.0812458,0.0108587,0.00459449,0.00232319,-7.65988e-05,0,0,-0.0994235,-0.0137495,0.569338,-0.00588747,0.00538983,0.00794384,-0.00165743,0,0,0,-1.99368,0.00527955,0.0490384,0.00503369,-0.000743341,-5.01101e-05,0,0,0.0331012,-0.0848917,0.00108997,0.652676,0.00807543,0.0477635,0.0082868,0,0,1.21431e-11,1.00657,0.0385164,0.0127661,-0.0472121,-0.0319276,0.000781556,0,0,0.130192,0.044385,0.0585407,0.131408,0.40256,-0.0285636,0.0118161,0,0,-3.46945e-11,-0.59503,0.00567998,-0.0441847,-0.03816,0.0384573,0.00110221,0,0,0.0385533,-0.0284934,0.0947064,0.557915,-0.034466,0.421809,-0.00373055,0,0,-5.20417e-12,-0.238344,0.00302491,0.00204761,0.00208824,0.00348226,0.00174906,0,0,-0.0223755,-0.0102864,-0.0286531,0.00198583,0.0157857,-0.00740438,0.0681041,0,0,0,1.20024e-12,0,1.20024e-12,-1.20024e-12,0,0,5.64113e-11,0,0,0,0,0,0,0,0,0.905991,4.26776e-09,0,1.20024e-12,0,2.40048e-12,-1.20024e-12,0,0,0,0,0,0,0,0,0,0,0,4.26716e-09,0.905991,
-7.80626e-12,-0.519976,0.0168721,-0.00317156,0.00165286,0.000882848,-3.27838e-05,0,0,0.555943,-0.0228755,-0.0988385,0.0298045,0.0117904,0.0015607,-0.00011647,0,0,-1.27394e-12,-2,-0.00469466,-0.0127799,-0.00342844,-0.00028649,4.65113e-06,0,0,0.0294526,0.741452,0.0316306,0.0715252,-0.0192121,-0.0218464,0.0254307,0,0,-2.77556e-11,-0.315625,0.0812392,0.0108534,0.00459574,0.00232304,-7.65952e-05,0,0,-0.0994953,-0.013774,0.569535,-0.00585855,0.00541267,0.00793793,-0.001655,0,0,-1.38778e-11,-1.99499,0.00527715,0.0490539,0.00503375,-0.000743068,-5.00579e-05,0,0,0.0331597,-0.0849482,0.00112768,0.652708,0.00806468,0.0477439,0.00829341,0,0,6.50521e-12,1.0069,0.0384915,0.0127784,-0.0472328,-0.0319417,0.000781353,0,0,0.13022,0.0443996,0.0587837,0.131358,0.402618,-0.0285531,0.0118042,0,0,6.93889e-12,-0.592759,0.00568679,-0.0441751,-0.0381679,0.0384904,0.00110141,0,0,0.0384994,-0.0283948,0.0946745,0.557835,-0.034455,0.421831,-0.00374159,0,0,1.30104e-11,-0.238451,0.00302685,0.00204554,0.00208728,0.00348149,0.00174936,0,0,-0.0223657,-0.0102911,-0.028652,0.00199682,0.0157747,-0.00740721,0.0681052,0,0,0,0,0,0,-2.40048e-12,2.40048e-12,-2.40048e-12,1.15223e-10,0,0,0,0,0,0,0,0,0.905991,-4.32777e-09,0,0,1.20024e-12,-1.20024e-12,1.20024e-12,-1.20024e-12,1.20024e-12,0,0,0,0,0,0,0,0,0,-4.32777e-09,0.905991,
3.62871e-07,-0.520722,0.0168911,-0.00317973,0.0016532,0.000883998,-3.2791e-05,0,0,0.555973,-0.0229085,-0.0989085,0.0298618,0.0117905,0.00155089,-0.000112274,0,0,9.27012e-08,-2,-0.0047013,-0.01279,-0.00343249,-0.000284883,4.66977e-06,0,0,0.029477,0.741465,0.0316623,0.0715711,-0.0192198,-0.0218723,0.0254304,0,0,5.41789e-07,-0.316188,0.0812331,0.0108483,0.00459783,0.00232441,-7.65818e-05,0,0,-0.0995673,-0.0137987,0.569731,-0.00582955,0.0054355,0.00793198,-0.00165255,0,0,-1.9415e-07,-1.9963,0.00527457,0.0490696,0.00503364,-0.000743808,-4.9995e-05,0,0,0.0332183,-0.0850046,0.00116547,0.652739,0.00805392,0.0477242,0.00830002,0,0,4.17944e-06,1.00722,0.0384706,0.0127908,-0.047253,-0.0319432,0.000780918,0,0,0.130248,0.0444143,0.0590267,0.131308,0.402676,-0.0285426,0.0117923,0,0,-6.97956e-07,-0.590488,0.00569295,-0.0441654,-0.0381757,0.0385226,0.00110075,0,0,0.0384452,-0.0282962,0.0946424,0.557754,-0.034444,0.421854,-0.00375263,0,0,-7.69532e-08,-0.238558,0.00302872,0.00204349,0.00208632,0.00348048,0.0017497,0,0,-0.0223558,-0.0102958,-0.0286509,0.00200779,0.0157637,-0.00741003,0.0681063,0,0,0,0,0,0,0,0,0,0,0,0,0,0,0,0,0,0,0.905991,4.26476e-09,0,0,-1.20024e-12,-1.20024e-12,0,1.20024e-12,-1.20024e-12,0,0,0,0,0,0,0,0,0,4.26506e-09,0.905991,
-2.60209e-12,-0.521469,0.01691,-0.00318757,0.00165429,0.000884405,-3.31618e-05,0,0,0.556003,-0.0229414,-0.0989786,0.0299192,0.0117906,0.00154105,-0.000108071,0,0,3.37458e-12,-2,-0.00470793,-0.0128001,-0.00343638,-0.000283488,4.59535e-06,0,0,0.0295014,0.741478,0.0316941,0.0716169,-0.0192275,-0.0218981,0.02543,0,0,-1.04083e-11,-0.316753,0.081227,0.0108435,0.00460109,0.00232467,-7.71091e-05,0,0,-0.0996394,-0.0138234,0.569928,-0.00580046,0.00545833,0.007926,-0.0016501,0,0,1.38778e-11,-1.99761,0.005272,0.0490851,0.00503312,-0.000744202,-4.97367e-05,0,0,0.033277,-0.0850611,0.00120335,0.652771,0.00804315,0.0477046,0.00830664,0,0,-2.38524e-11,1.00754,0.0384497,0.0128073,-0.047265,-0.0319531,0.000776276,0,0,0.130276,0.0444289,0.0592695,0.131258,0.402734,-0.0285321,0.0117805,0,0,-3.46945e-11,-0.588214,0.00569916,-0.0441563,-0.038185,0.038556,0.00110083,0,0,0.038391,-0.0281975,0.09461,0.557674,-0.034433,0.421876,-0.00376367,0,0,0,-0.238664,0.00303058,0.00204136,0.00208523,0.00347964,0.00175013,0,0,-0.0223459,-0.0103006,-0.0286498,0.00201875,0.0157527,-0.00741286,0.0681074,0,0,0,1.20024e-12,-1.20024e-12,-2.40048e-12,0,0,-1.20024e-12,-2.40048e-12,0,0,0,0,0,0,0,0,0.905991,-4.31817e-09,0,0,0,0,0,0,0,0,0,0,0,0,0,0,0,0,-4.31907e-09,0.905991,
7.80626e-12,-0.522217,0.0169289,-0.00319558,0.00165497,0.000886025,-3.27983e-05,0,0,0.556034,-0.0229744,-0.0990488,0.0299767,0.0117907,0.00153119,-0.000103861,0,0,5.25838e-12,-2,-0.00471483,-0.0128106,-0.00344003,-0.000281492,4.71784e-06,0,0,0.0295258,0.74149,0.0317258,0.0716628,-0.0192352,-0.021924,0.0254296,0,0,2.42861e-11,-0.31732,0.0812204,0.0108387,0.0046034,0.00232668,-7.65633e-05,0,0,-0.0997116,-0.0138481,0.570125,-0.00577128,0.00548113,0.00791999,-0.00164764,0,0,-2.77556e-11,-1.99893,0.00526952,0.0491005,0.00503278,-0.000744705,-4.98786e-05,0,0,0.0333358,-0.0851177,0.00124131,0.652803,0.00803238,0.0476849,0.00831327,0,0,1.47451e-11,1.00785,0.0384246,0.0128238,-0.0472771,-0.0319505,0.000780252,0,0,0.130305,0.0444436,0.0595124,0.131208,0.402792,-0.0285216,0.0117686,0,0,1.11022e-10,-0.585941,0.00570606,-0.0441472,-0.0381942,0.0385866,0.00109933,0,0,0.0383365,-0.0280989,0.0945774,0.557593,-0.0344219,0.421898,-0.00377472,0,0,7.80626e-12,-0.238771,0.00303253,0.00203921,0.00208411,0.00347855,0.00175035,0,0,-0.022336,-0.0103053,-0.0286487,0.00202971,0.0157417,-0.00741568,0.0681085,0,0,0,0,0,0,0,0,0,5.64113e-11,0,0,0,0,0,0,0,0,0.905991,4.25215e-09,0,0,-1.20024e-12,1.20024e-12,0,0,0,0,0,0,0,0,0,0,0,0,4.25215e-09,0.905991,
-3.62544e-07,-0.522966,0.0169484,-0.00320417,0.00165529,0.000886813,-3.24429e-05,0,0,0.556064,-0.0230075,-0.0991191,0.0300343,0.0117908,0.00152131,-9.96446e-05,0,0,-9.27324e-08,-2,-0.0047214,-0.0128209,-0.00344408,-0.000279966,4.82892e-06,0,0,0.0295503,0.741503,0.0317576,0.0717086,-0.0192428,-0.0219498,0.0254292,0,0,-5.42278e-07,-0.317887,0.0812149,0.0108329,0.00460547,0.0023275,-7.60074e-05,0,0,-0.0997839,-0.0138729,0.570321,-0.00574202,0.00550394,0.00791395,-0.00164518,0,0,1.94136e-07,-2,0.00526668,0.0491164,0.00503265,-0.00074525,-5.00098e-05,0,0,0.0333947,-0.0851742,0.00127936,0.652835,0.00802161,0.0476653,0.00831989,0,0,-4.18341e-06,1.00817,0.0384076,0.012832,-0.0472972,-0.0319561,0.000784,0,0,0.130333,0.0444582,0.0597553,0.131159,0.40285,-0.0285111,0.0117567,0,0,6.98087e-07,-0.583667,0.00571161,-0.0441366,-0.038202,0.0386196,0.00109797,0,0,0.0382819,-0.0280002,0.0945445,0.557513,-0.0344109,0.42192,-0.00378577,0,0,7.68266e-08,-0.238877,0.00303432,0.00203723,0.00208314,0.00347761,0.00175061,0,0,-0.0223261,-0.01031,-0.0286476,0.00204066,0.0157307,-0.0074185,0.0681095,0,0,1.20024e-12,0,0,1.20024e-12,0,1.20024e-12,0,0,0,0,0,0,0,0,0,0,0.905991,-4.30166e-09,0,0,0,0,0,0,0,0,0,0,0,0,0,0,0,0,-4.30256e-09,0.905991,
3.46945e-12,-0.523716,0.0169674,-0.00321208,0.00165601,0.000886858,-3.28134e-05,0,0,0.556095,-0.0230406,-0.0991895,0.030092,0.0117909,0.0015114,-9.54216e-05,0,0,8.06375e-12,-2,-0.00472805,-0.0128309,-0.00344806,-0.000278653,4.75423e-06,0,0,0.0295747,0.741517,0.0317894,0.0717545,-0.0192505,-0.0219757,0.0254289,0,0,1.04083e-11,-0.318455,0.0812087,0.0108281,0.00460816,0.00232722,-7.65349e-05,0,0,-0.0998563,-0.0138978,0.570518,-0.00571267,0.00552674,0.00790787,-0.00164271,0,0,-1.38778e-11,-2,0.00526404,0.0491319,0.00503231,-0.000745451,-4.97514e-05,0,0,0.0334538,-0.0852309,0.0013175,0.652866,0.00801082,0.0476456,0.00832653,0,0,1.56125e-11,1.00849,0.0383866,0.0128485,-0.0473132,-0.0319701,0.000779353,0,0,0.13036,0.0444728,0.0599981,0.131109,0.402908,-0.0285006,0.0117448,0,0,2.77556e-11,-0.581393,0.00571792,-0.0441273,-0.0382104,0.0386539,0.00109804,0,0,0.0382272,-0.0279015,0.0945114,0.557432,-0.0343999,0.421942,-0.00379682,0,0,1.64799e-11,-0.238984,0.00303619,0.00203509,0.00208211,0.00347684,0.00175104,0,0,-0.0223162,-0.0103147,-0.0286465,0.0020516,0.0157198,-0.00742133,0.0681106,0,0,0,0,1.20024e-12,0,0,1.20024e-12,0,0,0,0,0,0,0,0,0,0,0.905991,4.23205e-09,0,-2.40048e-12,-1.20024e-12,0,0,-1.20024e-12,-2.40048e-12,0,0,0,0,0,0,0,0,0,4.23175e-09,0.905991,
0,-0.524467,0.0169867,-0.00322052,0.00165632,0.000887753,-3.31751e-05,0,0,0.556126,-0.0230738,-0.09926,0.0301498,0.0117909,0.00150147,-9.11918e-05,0,0,-1.3024e-11,-2,-0.00473487,-0.0128416,-0.00345181,-0.000276837,4.69081e-06,0,0,0.0295991,0.74153,0.0318212,0.0718003,-0.0192583,-0.0220015,0.0254285,0,0,3.46945e-12,-0.319024,0.0812026,0.0108227,0.00460993,0.00232814,-7.70733e-05,0,0,-0.0999288,-0.0139227,0.570714,-0.00568324,0.00554951,0.00790177,-0.00164023,0,0,0,-2,0.0052613,0.0491474,0.00503215,-0.000745573,-4.95049e-05,0,0,0.0335129,-0.0852875,0.00135572,0.652898,0.00800003,0.0476259,0.00833316,0,0,-1.95156e-11,1.00881,0.0383654,0.012861,-0.0473293,-0.0319758,0.000774957,0,0,0.130388,0.0444874,0.0602408,0.131059,0.402966,-0.0284901,0.011733,0,0,6.93889e-12,-0.579119,0.00572423,-0.0441172,-0.0382189,0.0386861,0.00109793,0,0,0.0381722,-0.0278027,0.0944781,0.557352,-0.0343889,0.421964,-0.00380787,0,0,8.67362e-13,-0.23909,0.00303806,0.00203301,0.00208107,0.0034759,0.00175141,0,0,-0.0223062,-0.0103194,-0.0286454,0.00206254,0.0157088,-0.00742415,0.0681117,0,0,0,0,2.40048e-12,-1.20024e-12,0,-3.60072e-12,3.60072e-12,0,0,0,0,0,0,0,0,0,0.905991,4.27856e-09,0,2.40048e-12,-1.20024e-12,1.20024e-12,0,2.40048e-12,0,0,0,0,0,0,0,0,0,0,4.27826e-09,0.905991,
0,-0.525219,0.0170063,-0.00322929,0.00165699,0.000888657,-3.24499e-05,0,0,0.556156,-0.023107,-0.0993306,0.0302078,0.011791,0.00149151,-8.69555e-05,0,0,2.00577e-12,-2,-0.00474172,-0.0128523,-0.00345546,-0.000275018,4.90454e-06,0,0,0.0296235,0.741543,0.031853,0.0718461,-0.019266,-0.0220273,0.0254281,0,0,-3.46945e-12,-0.319595,0.0811966,0.0108168,0.00461222,0.00232907,-7.5984e-05,0,0,-0.100001,-0.0139477,0.570911,-0.00565372,0.00557228,0.00789563,-0.00163774,0,0,1.38778e-11,-2,0.00525851,0.0491632,0.00503179,-0.000745692,-4.98409e-05,0,0,0.0335721,-0.0853443,0.00139404,0.65293,0.00798924,0.0476062,0.0083398,0,0,-3.33934e-11,1.00913,0.038344,0.0128692,-0.0473409,-0.0319813,0.000783127,0,0,0.130416,0.0445019,0.0604836,0.13101,0.403024,-0.0284797,0.0117211,0,0,-2.77556e-11,-0.576844,0.00573053,-0.0441064,-0.0382279,0.0387186,0.00109571,0,0,0.0381171,-0.027704,0.0944445,0.557271,-0.0343779,0.421987,-0.00381893,0,0,-4.33681e-12,-0.239196,0.00303995,0.002031,0.0020799,0.00347493,0.00175155,0,0,-0.0222963,-0.0103241,-0.0286443,0.00207347,0.0156978,-0.00742698,0.0681128,0,0,0,-1.20024e-12,-1.20024e-12,0,0,0,0,0,0,0,0,0,0,0,0,0,0.905991,-4.43669e-09,0,0,0,-1.20024e-12,0,1.20024e-12,1.20024e-12,0,0,0,0,0,0,0,0,0,-4.43639e-09,0.905991,
8.67362e-13,-0.525972,0.0170261,-0.00323718,0.00165775,0.000889788,-3.28205e-05,0,0,0.556187,-0.0231402,-0.0994013,0.0302658,0.011791,0.00148152,-8.27127e-05,0,0,9.60874e-12,-2,-0.00474831,-0.0128622,-0.00345945,-0.000273444,4.82786e-06,0,0,0.0296479,0.741556,0.0318848,0.0718919,-0.0192737,-0.0220531,0.0254277,0,0,-6.93889e-12,-0.320167,0.0811911,0.010812,0.00461497,0.0023304,-7.65111e-05,0,0,-0.100074,-0.0139727,0.571107,-0.00562412,0.00559504,0.00788946,-0.00163525,0,0,-1.38778e-11,-2,0.00525556,0.0491788,0.00503141,-0.000746511,-4.95821e-05,0,0,0.0336315,-0.085401,0.00143244,0.652962,0.00797844,0.0475865,0.00834645,0,0,-2.86229e-11,1.00946,0.0383268,0.0128858,-0.0473565,-0.0319827,0.000778464,0,0,0.130444,0.0445165,0.0607264,0.13096,0.403082,-0.0284692,0.0117092,0,0,6.93889e-12,-0.574569,0.00573619,-0.0440969,-0.0382362,0.0387515,0.00109577,0,0,0.0380619,-0.0276052,0.0944107,0.55719,-0.0343668,0.422009,-0.00382999,0,0,6.07153e-12,-0.239302,0.00304176,0.00202887,0.00207882,0.0034739,0.00175197,0,0,-0.0222863,-0.0103288,-0.0286431,0.00208439,0.0156868,-0.0074298,0.0681139,0,0,0,0,1.20024e-12,1.20024e-12,1.20024e-12,0,0,0,0,0,0,0,0,0,0,0,0.905991,-4.4556e-09,0,0,-1.20024e-12,0,0,0,0,0,0,0,0,0,0,0,0,0,-4.4571e-09,0.905991,
3.61994e-07,-0.526726,0.0170449,-0.00324586,0.00165851,0.00089054,-3.28294e-05,0,0,0.556218,-0.0231735,-0.0994721,0.030324,0.011791,0.00147151,-7.84634e-05,0,0,9.27771e-08,-2,-0.00475507,-0.0128723,-0.00346346,-0.000271976,4.84451e-06,0,0,0.0296723,0.74157,0.0319166,0.0719376,-0.0192814,-0.0220789,0.0254273,0,0,5.43104e-07,-0.320741,0.0811844,0.010806,0.00461775,0.00233117,-7.64946e-05,0,0,-0.100147,-0.0139978,0.571304,-0.00559442,0.0056178,0.00788325,-0.00163276,0,0,-1.94025e-07,-2,0.00525302,0.0491947,0.00503103,-0.000747161,-4.95164e-05,0,0,0.0336909,-0.0854578,0.00147092,0.652993,0.00796763,0.0475667,0.0083531,0,0,4.18997e-06,1.00977,0.0383013,0.012894,-0.0473721,-0.0319883,0.000777969,0,0,0.130471,0.0445311,0.0609691,0.130911,0.40314,-0.0284588,0.0116974,0,0,-6.98407e-07,-0.572291,0.00574332,-0.0440859,-0.0382446,0.0387849,0.00109516,0,0,0.0380064,-0.0275063,0.0943766,0.55711,-0.0343558,0.422031,-0.00384105,0,0,-7.66011e-08,-0.239408,0.00304371,0.00202688,0.00207777,0.00347298,0.00175232,0,0,-0.0222763,-0.0103334,-0.028642,0.0020953,0.0156759,-0.00743263,0.0681149,0,0,-1.20024e-12,-2.40048e-12,-2.40048e-12,0,0,2.40048e-12,-2.40048e-12,0,0,0,0,0,0,0,0,0,0.905991,-4.34907e-09,1.20024e-12,0,0,0,1.20024e-12,0,0,0,0,0,0,0,0,0,0,0,-4.34847e-09,0.905991,
3.61886e-07,-0.527482,0.0170644,-0.00325425,0.00165884,0.000890944,-3.31991e-05,0,0,0.55625,-0.0232069,-0.099543,0.0303823,0.011791,0.00146147,-7.42072e-05,0,0,9.27882e-08,-2,-0.00476166,-0.0128824,-0.00346753,-0.000270552,4.76983e-06,0,0,0.0296967,0.741583,0.0319485,0.0719834,-0.0192892,-0.0221046,0.0254269,0,0,5.43267e-07,-0.321316,0.0811788,0.0108005,0.00461988,0.00233142,-7.70225e-05,0,0,-0.10022,-0.0140229,0.5715,-0.00556464,0.00564055,0.00787702,-0.00163025,0,0,-1.94039e-07,-2,0.00525008,0.0492103,0.00503085,-0.000747558,-4.92578e-05,0,0,0.0337505,-0.0855146,0.0015095,0.653025,0.00795681,0.047547,0.00835975,0,0,4.19133e-06,1.01009,0.0382842,0.0129064,-0.0473921,-0.0319981,0.000773308,0,0,0.130499,0.0445456,0.0612117,0.130862,0.403198,-0.0284483,0.0116855,0,0,-6.98434e-07,-0.570015,0.00574912,-0.0440754,-0.0382522,0.0388187,0.00109523,0,0,0.0379508,-0.0274075,0.0943423,0.557029,-0.0343448,0.422053,-0.00385212,0,0,-7.65533e-08,-0.239514,0.00304549,0.00202481,0.00207683,0.00347214,0.00175275,0,0,-0.0222663,-0.0103381,-0.0286408,0.0021062,0.0156649,-0.00743546,0.068116,0,0,0,0,0,0,0,0,0,0,0,0,0,0,0,0,0,0,0.905991,4.14263e-09,2.40048e-12,1.20024e-12,-2.40048e-12,0,-2.40048e-12,0,-1.20024e-12,0,0,0,0,0,0,0,0,0,4.14293e-09,0.905991,
-2.60209e-12,-0.528238,0.0170834,-0.00326271,0.00165948,0.000892449,-3.28444e-05,0,0,0.556281,-0.0232403,-0.099614,0.0304407,0.011791,0.00145141,-6.99442e-05,0,0,-7.71139e-12,-2,-0.00476835,-0.0128926,-0.00347148,-0.000268808,4.88144e-06,0,0,0.0297211,0.741597,0.0319803,0.0720291,-0.0192969,-0.0221304,0.0254265,0,0,-3.46945e-12,-0.321892,0.0811726,0.0107949,0.00462244,0.00233332,-7.64648e-05,0,0,-0.100293,-0.0140482,0.571696,-0.00553477,0.00566329,0.00787075,-0.00162774,0,0,1.38778e-11,-2,0.00524732,0.0492259,0.0050305,-0.000748489,-4.93884e-05,0,0,0.0338101,-0.0855715,0.00154816,0.653057,0.00794599,0.0475272,0.00836641,0,0,-3.64292e-11,1.01041,0.0382628,0.0129188,-0.0474079,-0.0319953,0.000777051,0,0,0.130526,0.0445601,0.0614542,0.130812,0.403256,-0.0284379,0.0116737,0,0,-3.46945e-11,-0.567739,0.00575565,-0.0440649,-0.0382605,0.0388503,0.00109389,0,0,0.0378951,-0.0273087,0.0943077,0.556948,-0.0343338,0.422076,-0.00386318,0,0,-5.20417e-12,-0.239619,0.00304734,0.00202273,0.00207581,0.00347106,0.00175301,0,0,-0.0222563,-0.0103428,-0.0286397,0.00211709,0.0156539,-0.00743829,0.0681171,0,0,0,0,0,1.20024e-12,0,0,1.20024e-12,0,0,0,0,0,0,0,0,0,0.905991,4.06882e-09,0,0,0,0,-1.20024e-12,0,0,0,0,0,0,0,0,0,0,0,4.06882e-09,0.905991,
-5.20417e-12,-0.528996,0.0171029,-0.00327167,0.00165971,0.000893361,-3.32044e-05,0,0,0.556312,-0.0232737,-0.0996852,0.0304992,0.0117909,0.00144133,-6.56743e-05,0,0,-8.37546e-12,-2,-0.00477521,-0.0129035,-0.00347519,-0.000266927,4.81858e-06,0,0,0.0297455,0.74161,0.0320121,0.0720748,-0.0193047,-0.0221561,0.0254261,0,0,-1.38778e-11,-0.322471,0.0811664,0.0107887,0.00462405,0.00233427,-7.7005e-05,0,0,-0.100366,-0.0140734,0.571893,-0.00550482,0.00568602,0.00786446,-0.00162522,0,0,0,-2,0.00524445,0.0492415,0.00503033,-0.000748553,-4.9143e-05,0,0,0.0338699,-0.0856284,0.00158691,0.653089,0.00793517,0.0475074,0.00837308,0,0,5.0307e-11,1.01072,0.0382413,0.0129271,-0.0474237,-0.0320008,0.000772671,0,0,0.130554,0.0445746,0.0616968,0.130763,0.403313,-0.0284274,0.0116618,0,0,1.38778e-11,-0.56546,0.00576217,-0.0440536,-0.0382688,0.0388826,0.00109376,0,0,0.0378392,-0.0272098,0.0942729,0.556868,-0.0343227,0.422098,-0.00387425,0,0,-7.80626e-12,-0.239725,0.0030492,0.0020207,0.00207476,0.0034701,0.00175338,0,0,-0.0222462,-0.0103475,-0.0286385,0.00212798,0.015643,-0.00744111,0.0681182,0,0,0,0,0,0,0,0,-1.20024e-12,0,0,0,0,0,0,0,0,0,0.905991,4.09822e-09,0,0,1.20024e-12,-1.20024e-12,0,0,0,1.20024e-12,0,0,0,0,0,0,0,0,4.09882e-09,0.905991,
3.61552e-07,-0.529753,0.017122,-0.00328012,0.00166069,0.000893439,-3.28495e-05,0,0,0.556344,-0.0233072,-0.0997564,0.0305578,0.0117909,0.00143122,-6.13976e-05,0,0,9.28087e-08,-2,-0.00478204,-0.0129136,-0.00347904,-0.000265531,4.92914e-06,0,0,0.0297699,0.741624,0.032044,0.0721205,-0.0193124,-0.0221819,0.0254257,0,0,5.43763e-07,-0.323049,0.0811598,0.0107832,0.00462709,0.00233401,-7.64477e-05,0,0,-0.100439,-0.0140987,0.572089,-0.00547478,0.00570873,0.00785812,-0.0016227,0,0,-1.93984e-07,-2,0.00524178,0.0492572,0.00502977,-0.000748684,-4.92745e-05,0,0,0.0339298,-0.0856854,0.00162575,0.653121,0.00792433,0.0474877,0.00837975,0,0,4.19525e-06,1.01104,0.0382154,0.0129396,-0.0474349,-0.0320145,0.000776436,0,0,0.130581,0.0445891,0.0619393,0.130714,0.403371,-0.028417,0.01165,0,0,-6.98643e-07,-0.563184,0.00576941,-0.0440429,-0.0382777,0.0389175,0.00109238,0,0,0.0377831,-0.0271109,0.0942379,0.556787,-0.0343117,0.42212,-0.00388531,0,0,-7.64258e-08,-0.23983,0.00305116,0.00201862,0.00207362,0.00346928,0.00175363,0,0,-0.0222362,-0.0103521,-0.0286373,0.00213885,0.015632,-0.00744394,0.0681192,0,0,-1.20024e-12,-1.20024e-12,0,0,0,0,1.20024e-12,-1.20024e-12,0,0,0,0,0,0,0,0,0.905991,4.22605e-09,0,0,0,0,0,0,0,-1.15223e-10,0,0,0,0,0,0,0,0,4.22695e-09,0.905991,
1.73472e-12,-0.530513,0.017142,-0.00328834,0.00166062,0.000894699,-3.28488e-05,0,0,0.556375,-0.0233407,-0.0998277,0.0306166,0.0117908,0.00142108,-5.71142e-05,0,0,4.01155e-12,-2,-0.00478883,-0.0129242,-0.00348287,-0.000263601,4.95712e-06,0,0,0.0297942,0.741638,0.0320758,0.0721662,-0.0193202,-0.0222076,0.0254252,0,0,1.04083e-11,-0.32363,0.0811542,0.0107781,0.00462827,0.00233547,-7.64428e-05,0,0,-0.100513,-0.0141241,0.572285,-0.00544466,0.00573143,0.00785176,-0.00162017,0,0,1.38778e-11,-2,0.00523865,0.0492725,0.00502975,-0.000749006,-4.92218e-05,0,0,0.0339897,-0.0857424,0.00166467,0.653152,0.0079135,0.0474679,0.00838642,0,0,-2.42861e-11,1.01135,0.0381979,0.0129563,-0.0474546,-0.0320158,0.000776221,0,0,0.130608,0.0446036,0.0621817,0.130665,0.403429,-0.0284066,0.0116382,0,0,-5.55112e-11,-0.560905,0.00577527,-0.0440329,-0.0382852,0.0389496,0.00109156,0,0,0.0377269,-0.027012,0.0942026,0.556706,-0.0343007,0.422143,-0.00389639,0,0,1.64799e-11,-0.239936,0.00305297,0.00201644,0.00207261,0.00346824,0.00175392,0,0,-0.0222261,-0.0103568,-0.0286362,0.00214972,0.0156211,-0.00744677,0.0681203,0,0,0,-1.20024e-12,0,0,0,0,-1.20024e-12,0,0,0,0,0,0,0,0,0,0.905991,-4.4643e-09,0,0,-1.20024e-12,0,0,0,0,0,0,0,0,0,0,0,0,0,-4.4649e-09,0.905991,
4.33681e-12,-0.531273,0.0171613,-0.00329714,0.00166165,0.000895845,-3.24949e-05,0,0,0.556407,-0.0233743,-0.0998992,0.0306754,0.0117907,0.00141092,-5.28241e-05,0,0,1.00695e-11,-2,-0.00479567,-0.0129343,-0.00348674,-0.00026196,5.06671e-06,0,0,0.0298186,0.741652,0.0321077,0.0722119,-0.019328,-0.0222333,0.0254248,0,0,1.38778e-11,-0.32421,0.0811476,0.010772,0.0046314,0.00233681,-7.58838e-05,0,0,-0.100586,-0.0141495,0.572481,-0.00541444,0.00575412,0.00784537,-0.00161763,0,0,-1.38778e-11,-2,0.00523592,0.0492884,0.00502917,-0.000749769,-4.93522e-05,0,0,0.0340498,-0.0857995,0.00170369,0.653184,0.00790265,0.047448,0.0083931,0,0,4.33681e-12,1.01168,0.0381719,0.0129646,-0.0474656,-0.032017,0.000779966,0,0,0.130635,0.0446181,0.0624242,0.130616,0.403486,-0.0283961,0.0116263,0,0,6.93889e-12,-0.558628,0.00578256,-0.0440214,-0.038294,0.0389827,0.00109019,0,0,0.0376705,-0.0269131,0.0941671,0.556625,-0.0342897,0.422165,-0.00390746,0,0,1.64799e-11,-0.240041,0.00305493,0.00201444,0.00207144,0.0034672,0.00175418,0,0,-0.022216,-0.0103614,-0.028635,0.00216058,0.0156101,-0.0074496,0.0681214,0,0,0,0,0,1.20024e-12,0,0,0,0,0,0,0,0,0,0,0,0,0.905991,-4.56422e-09,0,0,0,-1.20024e-12,0,0,0,0,0,0,0,0,0,0,0,0,-4.56302e-09,0.905991,
-3.46945e-12,-0.532035,0.0171811,-0.00330528,0.00166162,0.00089589,-3.28643e-05,0,0,0.556439,-0.0234079,-0.0999707,0.0307344,0.0117906,0.00140073,-4.85272e-05,0,0,-6.09864e-13,-2,-0.0048023,-0.0129443,-0.0034909,-0.00026062,4.99061e-06,0,0,0.029843,0.741666,0.0321396,0.0722576,-0.0193358,-0.022259,0.0254244,0,0,-1.04083e-11,-0.324794,0.0811419,0.0107669,0.00463297,0.0023365,-7.64119e-05,0,0,-0.10066,-0.014175,0.572677,-0.00538413,0.0057768,0.00783894,-0.00161508,0,0,0,-2,0.00523283,0.0493039,0.00502915,-0.000749989,-4.90934e-05,0,0,0.03411,-0.0858565,0.00174279,0.653216,0.0078918,0.0474282,0.00839978,0,0,-7.80626e-12,1.01198,0.0381543,0.0129812,-0.0474893,-0.0320309,0.000775291,0,0,0.130662,0.0446325,0.0626665,0.130567,0.403544,-0.0283857,0.0116145,0,0,6.93889e-12,-0.556348,0.00578853,-0.0440112,-0.0383008,0.0390178,0.00109025,0,0,0.0376139,-0.0268142,0.0941313,0.556545,-0.0342787,0.422188,-0.00391853,0,0,-6.07153e-12,-0.240146,0.00305673,0.00201227,0.00207053,0.00346641,0.0017546,0,0,-0.0222059,-0.0103661,-0.0286338,0.00217143,0.0155992,-0.00745243,0.0681225,0,0,0,1.20024e-12,1.20024e-12,-1.20024e-12,0,0,1.20024e-12,0,0,0,0,0,0,0,0,0,0.905991,-4.51561e-09,0,0,0,0,1.20024e-12,0,-1.20024e-12,0,0,0,0,0,0,0,0,0,-4.51591e-09,0.905991,
-1.73472e-12,-0.532798,0.0172,-0.00331431,0.00166262,0.000897507,-3.32247e-05,0,0,0.556471,-0.0234416,-0.100042,0.0307935,0.0117905,0.00139052,-4.42236e-05,0,0,-7.81981e-12,-2,-0.00480938,-0.012955,-0.00349446,-0.000258589,4.92608e-06,0,0,0.0298674,0.74168,0.0321715,0.0723032,-0.0193436,-0.0222847,0.0254239,0,0,0,-0.325379,0.0811347,0.0107606,0.00463577,0.0023385,-7.69511e-05,0,0,-0.100733,-0.0142006,0.572873,-0.00535374,0.00579947,0.00783248,-0.00161253,0,0,1.38778e-11,-2,0.00523022,0.0493196,0.00502855,-0.000750507,-4.88466e-05,0,0,0.0341703,-0.0859137,0.00178199,0.653248,0.00788094,0.0474084,0.00840647,0,0,3.46945e-12,1.0123,0.038124,0.0129896,-0.0474963,-0.0320279,0.000770871,0,0,0.130689,0.044647,0.0629089,0.130518,0.403601,-0.0283753,0.0116027,0,0,-4.16334e-11,-0.554069,0.00579661,-0.0439995,-0.0383103,0.0390493,0.00109014,0,0,0.0375572,-0.0267152,0.0940953,0.556464,-0.0342676,0.42221,-0.00392961,0,0,-1.12757e-11,-0.240251,0.00305876,0.00201024,0.0020693,0.0034653,0.00175497,0,0,-0.0221958,-0.0103707,-0.0286326,0.00218227,0.0155882,-0.00745525,0.0681235,0,0,0,-1.20024e-12,0,0,0,0,0,0,0,0,0,0,0,0,0,0,0.905991,-4.34607e-09,0,1.20024e-12,0,0,0,0,0,-1.20024e-12,0,0,0,0,0,0,0,0,-4.34637e-09,0.905991,
2.60209e-12,-0.533561,0.0172204,-0.00332259,0.00166253,0.000898051,-3.25019e-05,0,0,0.556503,-0.0234753,-0.100114,0.0308527,0.0117904,0.00138029,-3.99133e-05,0,0,3.52366e-13,-2,-0.00481621,-0.0129655,-0.00349829,-0.00025683,5.13898e-06,0,0,0.0298917,0.741694,0.0322034,0.0723489,-0.0193514,-0.0223104,0.0254235,0,0,6.93889e-12,-0.325964,0.0811292,0.0107555,0.00463691,0.00233887,-7.58571e-05,0,0,-0.100807,-0.0142262,0.573069,-0.00532326,0.00582212,0.00782599,-0.00160997,0,0,0,-2,0.00522697,0.0493349,0.00502851,-0.000750436,-4.9182e-05,0,0,0.0342307,-0.0859709,0.00182127,0.65328,0.00787008,0.0473885,0.00841316,0,0,-6.07153e-12,1.01262,0.0381061,0.0130064,-0.0475156,-0.0320374,0.000779061,0,0,0.130716,0.0446614,0.0631512,0.130469,0.403659,-0.0283649,0.0115909,0,0,-2.77556e-11,-0.551789,0.00580257,-0.0439892,-0.0383176,0.0390833,0.0010879,0,0,0.0375003,-0.0266162,0.094059,0.556383,-0.0342566,0.422233,-0.00394069,0,0,-5.20417e-12,-0.240356,0.00306058,0.00200806,0.00206825,0.00346439,0.00175511,0,0,-0.0221856,-0.0103754,-0.0286314,0.00219311,0.0155773,-0.00745808,0.0681246,0,0,0,-1.20024e-12,0,1.20024e-12,0,1.20024e-12,0,-1.20024e-12,0,0,0,0,0,0,0,0,0.905991,4.09312e-09,0,-1.20024e-12,0,1.20024e-12,0,1.20024e-12,-1.20024e-12,0,0,0,0,0,0,0,0,0,4.09342e-09,0.905991,
-8.67362e-13,-0.534326,0.0172402,-0.00333108,0.00166324,0.000898461,-3.32321e-05,0,0,0.556535,-0.0235091,-0.100186,0.030912,0.0117902,0.00137002,-3.55964e-05,0,0,-1.0842e-13,-2,-0.00482298,-0.0129756,-0.00350227,-0.000255402,4.96822e-06,0,0,0.0299161,0.741708,0.0322353,0.0723945,-0.0193592,-0.0223361,0.025423,0,0,-6.93889e-12,-0.326551,0.0811231,0.0107499,0.00463959,0.0023391,-7.693e-05,0,0,-0.100881,-0.0142519,0.573265,-0.00529269,0.00584477,0.00781946,-0.00160741,0,0,0,-2,0.00522395,0.0493507,0.00502808,-0.000750871,-4.87292e-05,0,0,0.0342912,-0.0860281,0.00186064,0.653312,0.00785921,0.0473686,0.00841986,0,0,-3.20924e-11,1.01293,0.038084,0.0130189,-0.0475305,-0.032047,0.000770173,0,0,0.130742,0.0446758,0.0633936,0.13042,0.403717,-0.0283545,0.0115791,0,0,-1.38778e-11,-0.549508,0.0058093,-0.0439781,-0.0383256,0.0391183,0.00108864,0,0,0.0374433,-0.0265172,0.0940225,0.556302,-0.0342456,0.422255,-0.00395178,0,0,-1.04083e-11,-0.240461,0.00306248,0.00200597,0.00206714,0.00346349,0.0017556,0,0,-0.0221755,-0.01038,-0.0286301,0.00220394,0.0155664,-0.00746091,0.0681257,0,0,0,0,1.20024e-12,-1.20024e-12,2.40048e-12,-1.20024e-12,2.40048e-12,0,0,0,0,0,0,0,0,0,0.905991,3.9803e-09,0,0,0,0,0,0,0,0,0,0,0,0,0,0,0,0,3.9803e-09,0.905991,
-4.33681e-12,-0.535091,0.0172597,-0.00333928,0.00166396,0.000899576,-3.32407e-05,0,0,0.556567,-0.0235429,-0.100258,0.0309714,0.01179,0.00135974,-3.12729e-05,0,0,-9.94755e-12,-2,-0.00482973,-0.0129855,-0.00350628,-0.000253801,4.98375e-06,0,0,0.0299405,0.741723,0.0322672,0.0724401,-0.019367,-0.0223618,0.0254226,0,0,-1.38778e-11,-0.327138,0.0811169,0.0107446,0.00464231,0.0023404,-7.69128e-05,0,0,-0.100955,-0.0142776,0.573461,-0.00526203,0.00586741,0.00781291,-0.00160484,0,0,0,-2,0.00522095,0.0493662,0.00502763,-0.000751719,-4.86632e-05,0,0,0.0343518,-0.0860853,0.0019001,0.653344,0.00784833,0.0473488,0.00842656,0,0,1.47451e-11,1.01325,0.038062,0.0130356,-0.0475454,-0.0320482,0.000769669,0,0,0.130769,0.0446902,0.0636358,0.130371,0.403774,-0.0283441,0.0115673,0,0,2.08167e-11,-0.547229,0.00581611,-0.0439675,-0.0383337,0.0391516,0.00108802,0,0,0.037386,-0.0264181,0.0939858,0.556221,-0.0342346,0.422278,-0.00396287,0,0,-6.07153e-12,-0.240566,0.00306436,0.0020038,0.00206606,0.00346247,0.00175594,0,0,-0.0221653,-0.0103847,-0.0286289,0.00221477,0.0155554,-0.00746374,0.0681268,0,0,0,3.60072e-12,-2.40048e-12,0,1.20024e-12,-3.60072e-12,1.20024e-12,0,0,0,0,0,0,0,0,0,0.905991,3.9701e-09,0,0,0,0,0,0,0,0,0,0,0,0,0,0,0,0,3.9698e-09,0.905991,
1.73472e-12,-0.535858,0.0172788,-0.00334863,0.00166461,0.000899984,-3.28877e-05,0,0,0.556599,-0.0235767,-0.10033,0.031031,0.0117899,0.00134942,-2.69425e-05,0,0,4.36391e-12,-2,-0.00483657,-0.0129958,-0.00351025,-0.000252337,5.09364e-06,0,0,0.0299648,0.741737,0.0322991,0.0724857,-0.0193748,-0.0223874,0.0254221,0,0,1.04083e-11,-0.327728,0.0811101,0.0107377,0.0046449,0.00234063,-7.63516e-05,0,0,-0.101029,-0.0143034,0.573656,-0.00523128,0.00589005,0.00780631,-0.00160226,0,0,0,-2,0.00521814,0.0493821,0.00502721,-0.000752118,-4.87923e-05,0,0,0.0344125,-0.0861426,0.00193965,0.653376,0.00783745,0.0473289,0.00843326,0,0,1.56125e-11,1.01356,0.0380357,0.0130397,-0.0475605,-0.0320577,0.000773396,0,0,0.130796,0.0447046,0.063878,0.130322,0.403831,-0.0283337,0.0115554,0,0,2.77556e-11,-0.544947,0.00582367,-0.0439547,-0.0383417,0.0391861,0.00108669,0,0,0.0373287,-0.0263191,0.0939488,0.55614,-0.0342236,0.4223,-0.00397395,0,0,-8.67362e-12,-0.24067,0.0030663,0.00200186,0.00206501,0.00346161,0.00175621,0,0,-0.0221551,-0.0103893,-0.0286277,0.00222557,0.0155445,-0.00746657,0.0681278,0,0,0,1.20024e-12,0,0,1.20024e-12,0,0,0,0,0,0,0,0,0,0,0,0.905991,4.05051e-09,0,0,1.20024e-12,1.20024e-12,1.20024e-12,0,0,0,0,0,0,0,0,0,0,0,4.05051e-09,0.905991,
3.60554e-07,-0.536626,0.0172986,-0.00335733,0.00166521,0.000900768,-3.28947e-05,0,0,0.556632,-0.0236106,-0.100402,0.0310907,0.0117897,0.00133908,-2.2605e-05,0,0,9.2876e-08,-2,-0.00484324,-0.013006,-0.00351419,-0.000250739,5.11141e-06,0,0,0.0299892,0.741751,0.032331,0.0725313,-0.0193827,-0.0224131,0.0254217,0,0,5.45272e-07,-0.328319,0.0811044,0.0107318,0.00464739,0.00234144,-7.63364e-05,0,0,-0.101104,-0.0143292,0.573852,-0.00520044,0.00591268,0.00779969,-0.00159967,0,0,-1.93831e-07,-2,0.00521492,0.0493977,0.0050268,-0.000752662,-4.87286e-05,0,0,0.0344734,-0.0861999,0.00197929,0.653408,0.00782655,0.0473089,0.00843997,0,0,4.20685e-06,1.01388,0.0380179,0.0130523,-0.0475757,-0.032063,0.000772942,0,0,0.130822,0.044719,0.0641201,0.130273,0.403889,-0.0283234,0.0115436,0,0,-6.99128e-07,-0.542666,0.00582988,-0.0439432,-0.0383498,0.0392198,0.00108603,0,0,0.0372711,-0.02622,0.0939115,0.556059,-0.0342126,0.422323,-0.00398504,0,0,-7.60234e-08,-0.240775,0.00306808,0.00199975,0.00206396,0.00346066,0.00175654,0,0,-0.0221449,-0.0103939,-0.0286264,0.00223637,0.0155336,-0.0074694,0.0681289,0,0,0,0,1.20024e-12,0,0,1.20024e-12,1.20024e-12,-5.64113e-11,0,0,0,0,0,0,0,0,0.905991,4.22545e-09,0,0,-1.20024e-12,-1.20024e-12,0,-2.40048e-12,-1.20024e-12,1.20024e-12,0,0,0,0,0,0,0,0,4.22605e-09,0.905991,
8.67362e-13,-0.537395,0.0173188,-0.00336546,0.0016654,0.000902044,-3.2893e-05,0,0,0.556665,-0.0236446,-0.100474,0.0311504,0.0117895,0.00132872,-1.82606e-05,0,0,-1.61275e-12,-2,-0.00485009,-0.0130165,-0.0035179,-0.000248732,5.14025e-06,0,0,0.0300135,0.741766,0.032363,0.0725768,-0.0193905,-0.0224387,0.0254212,0,0,3.46945e-12,-0.328912,0.0810988,0.0107269,0.00464894,0.00234291,-7.63321e-05,0,0,-0.101178,-0.0143551,0.574048,-0.00516952,0.00593529,0.00779304,-0.00159708,0,0,0,-2,0.0052116,0.0494126,0.00502656,-0.000752923,-4.8677e-05,0,0,0.0345343,-0.0862573,0.00201902,0.65344,0.00781566,0.047289,0.00844669,0,0,3.46945e-11,1.01419,0.0379998,0.0130733,-0.0475908,-0.0320641,0.000772747,0,0,0.130848,0.0447333,0.0643621,0.130225,0.403946,-0.028313,0.0115319,0,0,5.55112e-11,-0.540385,0.00583608,-0.0439331,-0.0383577,0.0392521,0.00108519,0,0,0.0372134,-0.026121,0.093874,0.555978,-0.0342015,0.422346,-0.00399613,0,0,1.56125e-11,-0.240879,0.00306987,0.00199746,0.00206288,0.0034596,0.00175683,0,0,-0.0221347,-0.0103985,-0.0286252,0.00224716,0.0155227,-0.00747223,0.06813,0,0,0,-3.60072e-12,2.40048e-12,0,0,0,0,0,0,0,0,0,0,0,0,0,0.905991,-4.51561e-09,0,-2.40048e-12,2.40048e-12,0,1.20024e-12,0,0,0,0,0,0,0,0,0,0,0,-4.51531e-09,0.905991,
-8.67362e-13,-0.538165,0.0173387,-0.00337462,0.00166525,0.000902606,-3.32519e-05,0,0,0.556697,-0.0236786,-0.100547,0.0312103,0.0117892,0.00131833,-1.39094e-05,0,0,-7.53521e-12,-2,-0.00485716,-0.0130272,-0.00352169,-0.000246918,5.0746e-06,0,0,0.0300379,0.741781,0.0323949,0.0726224,-0.0193984,-0.0224643,0.0254207,0,0,3.46945e-12,-0.329505,0.0810921,0.0107205,0.00464995,0.0023433,-7.68733e-05,0,0,-0.101252,-0.0143811,0.574243,-0.0051385,0.00595787,0.00778635,-0.00159448,0,0,1.38778e-11,-2,0.00520858,0.0494283,0.00502651,-0.000752807,-4.84316e-05,0,0,0.0345953,-0.0863147,0.00205884,0.653472,0.00780476,0.0472691,0.00845341,0,0,3.46945e-12,1.0145,0.0379732,0.0130818,-0.0476098,-0.0320735,0.000768344,0,0,0.130875,0.0447477,0.0646042,0.130176,0.404004,-0.0283026,0.0115201,0,0,-3.46945e-11,-0.538103,0.00584365,-0.0439209,-0.0383649,0.0392863,0.00108502,0,0,0.0371556,-0.0260219,0.0938363,0.555897,-0.0341905,0.422368,-0.00400722,0,0,-8.67362e-13,-0.240983,0.00307185,0.00199541,0.00206182,0.00345866,0.00175718,0,0,-0.0221244,-0.0104031,-0.0286239,0.00225795,0.0155118,-0.00747506,0.068131,0,0,0,0,0,1.20024e-12,0,-1.20024e-12,1.20024e-12,0,0,0,0,0,0,0,0,0,0.905991,-4.66474e-09,0,0,0,1.20024e-12,0,-1.20024e-12,1.20024e-12,0,0,0,0,0,0,0,0,0,-4.66504e-09,0.905991,
0,-0.538936,0.0173591,-0.00338289,0.00166591,0.000903389,-3.28994e-05,0,0,0.55673,-0.0237126,-0.100619,0.0312704,0.011789,0.00130792,-9.5516e-06,0,0,1.11944e-11,-2,-0.00486388,-0.0130372,-0.00352566,-0.000245354,5.18219e-06,0,0,0.0300622,0.741795,0.0324269,0.0726679,-0.0194062,-0.0224899,0.0254203,0,0,-3.46945e-12,-0.3301,0.0810865,0.0107152,0.00465254,0.00234408,-7.63114e-05,0,0,-0.101327,-0.0144071,0.574439,-0.0051074,0.00598045,0.00777963,-0.00159187,0,0,1.38778e-11,-2,0.00520521,0.0494439,0.00502605,-0.000753408,-4.8561e-05,0,0,0.0346565,-0.0863722,0.00209875,0.653504,0.00779385,0.0472491,0.00846013,0,0,-2.42861e-11,1.01482,0.0379549,0.0130986,-0.0476243,-0.0320786,0.000772081,0,0,0.130901,0.044762,0.0648463,0.130128,0.404061,-0.0282923,0.0115083,0,0,-2.77556e-11,-0.535821,0.00584988,-0.04391,-0.0383727,0.039321,0.00108364,0,0,0.0370975,-0.0259228,0.0937983,0.555816,-0.0341795,0.422391,-0.00401831,0,0,0,-0.241088,0.00307368,0.00199324,0.00206069,0.00345767,0.00175744,0,0,-0.0221142,-0.0104078,-0.0286227,0.00226873,0.0155008,-0.00747789,0.0681321,0,0,0,0,1.20024e-12,0,1.20024e-12,-1.20024e-12,2.40048e-12,0,0,0,0,0,0,0,0,0,0.905991,-4.65514e-09,0,0,0,0,-1.20024e-12,0,0,0,0,0,0,0,0,0,0,0,-4.65574e-09,0.905991,
-2.60209e-12,-0.539707,0.0173781,-0.0033923,0.00166694,0.000904511,-3.29077e-05,0,0,0.556763,-0.0237467,-0.100692,0.0313305,0.0117887,0.00129748,-5.18697e-06,0,0,-4.44523e-12,-2,-0.00487087,-0.0130474,-0.00352955,-0.000243717,5.19738e-06,0,0,0.0300865,0.74181,0.0324588,0.0727134,-0.0194141,-0.0225155,0.0254198,0,0,-1.38778e-11,-0.330696,0.0810792,0.0107082,0.00465572,0.00234538,-7.6294e-05,0,0,-0.101402,-0.0144332,0.574634,-0.0050762,0.00600303,0.00777287,-0.00158926,0,0,-1.38778e-11,-2,0.00520244,0.0494599,0.00502539,-0.000754237,-4.84955e-05,0,0,0.0347178,-0.0864297,0.00213876,0.653536,0.00778293,0.0472292,0.00846686,0,0,0,1.01513,0.037924,0.0131028,-0.0476347,-0.0320797,0.000771586,0,0,0.130927,0.0447764,0.0650882,0.130079,0.404118,-0.0282819,0.0114965,0,0,0,-0.533539,0.00585829,-0.0438968,-0.0383813,0.0393548,0.001083,0,0,0.0370394,-0.0258236,0.0937601,0.555735,-0.0341685,0.422414,-0.00402941,0,0,8.67362e-12,-0.241192,0.00307572,0.00199128,0.00205952,0.00345664,0.00175778,0,0,-0.0221039,-0.0104124,-0.0286214,0.00227949,0.0154899,-0.00748072,0.0681332,0,0,0,1.20024e-12,-2.40048e-12,-1.20024e-12,1.20024e-12,0,-1.20024e-12,1.20024e-12,0,0,0,0,0,0,0,0,0.905991,-4.5051e-09,0,0,0,0,0,-1.20024e-12,0,1.12823e-10,0,0,0,0,0,0,0,0,-4.5051e-09,0.905991,
0,-0.540481,0.0173982,-0.00340071,0.0016672,0.000905283,-3.32753e-05,0,0,0.556796,-0.0237808,-0.100765,0.0313907,0.0117885,0.00128701,-8.15376e-07,0,0,4.06576e-14,-2,-0.00487757,-0.0130574,-0.00353361,-0.000242135,5.12093e-06,0,0,0.0301109,0.741825,0.0324908,0.0727589,-0.019422,-0.0225411,0.0254193,0,0,0,-0.331294,0.0810735,0.0107027,0.00465772,0.00234616,-7.68237e-05,0,0,-0.101476,-0.0144594,0.57483,-0.00504491,0.0060256,0.00776609,-0.00158664,0,0,0,-2,0.00519909,0.0494753,0.00502513,-0.000754825,-4.8237e-05,0,0,0.0347791,-0.0864872,0.00217885,0.653568,0.00777201,0.0472092,0.0084736,0,0,-6.07153e-12,1.01544,0.0379058,0.0131196,-0.0476536,-0.0320849,0.000766896,0,0,0.130953,0.0447907,0.0653301,0.130031,0.404175,-0.0282715,0.0114847,0,0,0,-0.531256,0.00586466,-0.0438856,-0.0383885,0.039389,0.00108305,0,0,0.036981,-0.0257245,0.0937216,0.555654,-0.0341575,0.422437,-0.0040405,0,0,-5.20417e-12,-0.241296,0.00307751,0.00198909,0.00205852,0.00345568,0.00175819,0,0,-0.0220936,-0.010417,-0.0286201,0.00229025,0.015479,-0.00748356,0.0681342,0,0,0,-1.20024e-12,0,1.20024e-12,0,-1.20024e-12,0,0,0,0,0,0,0,0,0,0,0.905991,4.25365e-09,0,1.20024e-12,0,-1.20024e-12,0,-1.20024e-12,1.20024e-12,0,0,0,0,0,0,0,0,0,4.25485e-09,0.905991,
-4.33681e-12,-0.541255,0.0174182,-0.00340965,0.00166741,0.00090619,-3.25542e-05,0,0,0.556829,-0.023815,-0.100837,0.0314511,0.0117882,0.00127652,3.5632e-06,0,0,-8.11796e-12,-2,-0.00488454,-0.013068,-0.00353733,-0.00024023,5.33478e-06,0,0,0.0301352,0.74184,0.0325228,0.0728044,-0.0194299,-0.0225667,0.0254188,0,0,-1.04083e-11,-0.331893,0.0810673,0.0106966,0.00465929,0.00234707,-7.57259e-05,0,0,-0.101551,-0.0144856,0.575025,-0.00501353,0.00604815,0.00775927,-0.00158401,0,0,1.38778e-11,-2,0.00519583,0.0494907,0.00502487,-0.000754922,-4.85721e-05,0,0,0.0348406,-0.0865448,0.00221903,0.6536,0.00776108,0.0471892,0.00848034,0,0,1.82146e-11,1.01576,0.0378832,0.0131323,-0.0476684,-0.0320901,0.000775113,0,0,0.130979,0.0448049,0.065572,0.129982,0.404233,-0.0282612,0.011473,0,0,-1.38778e-11,-0.528974,0.00587173,-0.0438737,-0.0383963,0.0394224,0.00108082,0,0,0.0369225,-0.0256254,0.0936829,0.555573,-0.0341465,0.422459,-0.0040516,0,0,1.38778e-11,-0.2414,0.00307939,0.00198695,0.00205742,0.0034547,0.00175832,0,0,-0.0220833,-0.0104216,-0.0286188,0.002301,0.0154681,-0.00748639,0.0681353,0,0,0,0,1.20024e-12,0,-1.20024e-12,-1.20024e-12,1.20024e-12,-1.72835e-10,0,0,0,0,0,0,0,0,0.905991,4.15313e-09,0,0,1.20024e-12,0,1.20024e-12,-1.20024e-12,1.20024e-12,-1.20024e-12,0,0,0,0,0,0,0,0,4.15403e-09,0.905991,
-3.59759e-07,-0.54203,0.0174386,-0.00341855,0.00166797,0.000906748,-3.32726e-05,0,0,0.556862,-0.0238493,-0.10091,0.0315116,0.0117879,0.00126601,7.94853e-06,0,0,-9.2937e-08,-2,-0.00489155,-0.0130786,-0.00354094,-0.000238414,5.17551e-06,0,0,0.0301595,0.741855,0.0325547,0.0728499,-0.0194378,-0.0225923,0.0254183,0,0,-5.46424e-07,-0.332494,0.0810612,0.0106906,0.0046614,0.00234744,-7.68134e-05,0,0,-0.101626,-0.0145118,0.575221,-0.00498206,0.00607068,0.00775242,-0.00158137,0,0,1.93706e-07,-2,0.0051925,0.0495062,0.0050244,-0.000754825,-4.81326e-05,0,0,0.0349022,-0.0866024,0.0022593,0.653632,0.00775015,0.0471692,0.00848708,0,0,-4.21576e-06,1.01607,0.0378604,0.013145,-0.0476786,-0.0320994,0.000766477,0,0,0.131005,0.0448192,0.0658139,0.129934,0.40429,-0.0282509,0.0114612,0,0,6.99482e-07,-0.526689,0.00587878,-0.0438617,-0.0384047,0.039457,0.00108135,0,0,0.0368638,-0.0255262,0.0936439,0.555492,-0.0341355,0.422482,-0.0040627,0,0,7.56877e-08,-0.241503,0.0030813,0.00198481,0.00205619,0.00345376,0.00175876,0,0,-0.0220729,-0.0104261,-0.0286175,0.00231174,0.0154572,-0.00748922,0.0681364,0,0,0,-1.20024e-12,0,1.20024e-12,-1.20024e-12,-1.20024e-12,0,0,0,0,0,0,0,0,0,0,0.905991,4.16664e-09,0,0,0,0,0,0,0,0,0,0,0,0,0,0,0,0,4.16634e-09,0.905991,
0,-0.542806,0.0174588,-0.00342765,0.00166862,0.000907887,-3.29208e-05,0,0,0.556896,-0.0238835,-0.100983,0.0315722,0.0117875,0.00125547,1.23405e-05,0,0,1.81604e-12,-2,-0.0048984,-0.0130887,-0.00354491,-0.000236747,5.28247e-06,0,0,0.0301838,0.74187,0.0325867,0.0728953,-0.0194457,-0.0226178,0.0254178,0,0,3.46945e-12,-0.333096,0.0810551,0.0106841,0.00466398,0.00234875,-7.625e-05,0,0,-0.101701,-0.0145381,0.575416,-0.0049505,0.00609321,0.00774553,-0.00157873,0,0,0,-2,0.00518921,0.0495221,0.00502391,-0.000755633,-4.82615e-05,0,0,0.0349639,-0.0866601,0.00229967,0.653664,0.00773921,0.0471492,0.00849383,0,0,1.56125e-11,1.01637,0.0378376,0.0131535,-0.0476928,-0.0321003,0.000770211,0,0,0.131031,0.0448335,0.0660557,0.129886,0.404347,-0.0282405,0.0114495,0,0,-2.08167e-11,-0.524405,0.00588589,-0.043849,-0.0384124,0.0394913,0.00107997,0,0,0.036805,-0.025427,0.0936047,0.555411,-0.0341244,0.422505,-0.00407381,0,0,1.04083e-11,-0.241607,0.0030832,0.00198278,0.00205504,0.00345268,0.00175901,0,0,-0.0220626,-0.0104307,-0.0286162,0.00232248,0.0154463,-0.00749205,0.0681374,0,0,0,0,1.20024e-12,0,0,-1.20024e-12,1.20024e-12,0,0,0,0,0,0,0,0,0,0.905991,4.28336e-09,0,0,-1.20024e-12,0,-1.20024e-12,1.20024e-12,1.20024e-12,0,0,0,0,0,0,0,0,0,4.28306e-09,0.905991,
3.59533e-07,-0.543584,0.0174788,-0.0034361,0.00166929,0.000909005,-3.29294e-05,0,0,0.556929,-0.0239179,-0.101056,0.0316329,0.0117872,0.0012449,1.67394e-05,0,0,9.29463e-08,-2,-0.00490522,-0.0130987,-0.0035489,-0.000235103,5.29683e-06,0,0,0.0302082,0.741885,0.0326187,0.0729408,-0.0194536,-0.0226434,0.0254173,0,0,5.46761e-07,-0.333699,0.0810489,0.0106786,0.00466662,0.00235005,-7.62319e-05,0,0,-0.101777,-0.0145645,0.575611,-0.00491885,0.00611574,0.00773861,-0.00157608,0,0,-1.93692e-07,-2,0.00518594,0.0495375,0.00502341,-0.000756478,-4.81954e-05,0,0,0.0350257,-0.0867178,0.00234013,0.653696,0.00772826,0.0471292,0.00850058,0,0,4.21834e-06,1.01668,0.0378148,0.0131704,-0.0477071,-0.0321013,0.000769703,0,0,0.131056,0.0448477,0.0662974,0.129837,0.404404,-0.0282302,0.0114377,0,0,-6.99482e-07,-0.52212,0.00589309,-0.0438374,-0.0384202,0.0395253,0.00107934,0,0,0.036746,-0.0253278,0.0935653,0.55533,-0.0341134,0.422528,-0.00408491,0,0,-7.56001e-08,-0.24171,0.00308509,0.00198058,0.00205394,0.00345164,0.00175935,0,0,-0.0220522,-0.0104353,-0.0286149,0.0023332,0.0154354,-0.00749488,0.0681385,0,0,0,0,1.20024e-12,1.20024e-12,0,0,0,0,0,0,0,0,0,0,0,0,0.905991,-4.51531e-09,0,-1.20024e-12,0,-2.40048e-12,1.20024e-12,1.20024e-12,1.20024e-12,0,0,0,0,0,0,0,0,0,-4.51441e-09,0.905991,
-2.60209e-12,-0.544362,0.0174986,-0.00344473,0.00166953,0.000909537,-3.29289e-05,0,0,0.556962,-0.0239522,-0.10113,0.0316937,0.0117869,0.00123431,2.11451e-05,0,0,-4.43168e-12,-2,-0.00491231,-0.0131091,-0.00355264,-0.000233315,5.32346e-06,0,0,0.0302325,0.741901,0.0326508,0.0729862,-0.0194615,-0.0226689,0.0254168,0,0,-1.04083e-11,-0.334303,0.0810421,0.0106729,0.00466827,0.00235039,-7.62251e-05,0,0,-0.101852,-0.014591,0.575806,-0.00488711,0.00613824,0.00773166,-0.00157343,0,0,-1.38778e-11,-2,0.00518276,0.0495527,0.00502311,-0.000756433,-4.81418e-05,0,0,0.0350876,-0.0867755,0.00238068,0.653728,0.00771731,0.0471091,0.00850734,0,0,-2.34188e-11,1.017,0.0377878,0.0131873,-0.0477216,-0.0321107,0.000769464,0,0,0.131082,0.044862,0.0665392,0.129789,0.404461,-0.0282199,0.0114259,0,0,-2.77556e-11,-0.519836,0.00590099,-0.0438259,-0.0384279,0.0395599,0.00107851,0,0,0.0366868,-0.0252285,0.0935255,0.555249,-0.0341024,0.422551,-0.00409602,0,0,-8.67362e-13,-0.241814,0.00308705,0.00197836,0.00205282,0.00345073,0.00175964,0,0,-0.0220419,-0.0104399,-0.0286136,0.00234392,0.0154246,-0.00749771,0.0681395,0,0,0,0,2.40048e-12,0,0,0,0,0,0,0,0,0,0,0,0,0,0.905991,-4.60112e-09,0,0,-1.20024e-12,0,1.20024e-12,0,0,0,0,0,0,0,0,0,0,0,-4.60022e-09,0.905991,
-3.593e-07,-0.545141,0.0175191,-0.00345395,0.00166976,0.000910324,-3.29362e-05,0,0,0.556996,-0.0239866,-0.101203,0.0317547,0.0117865,0.00122369,2.55576e-05,0,0,-9.29608e-08,-2,-0.00491908,-0.0131193,-0.00355668,-0.0002317,5.33858e-06,0,0,0.0302568,0.741916,0.0326828,0.0730316,-0.0194694,-0.0226944,0.0254163,0,0,-5.47076e-07,-0.334908,0.0810364,0.0106662,0.00467019,0.00235117,-7.62087e-05,0,0,-0.101927,-0.0146175,0.576001,-0.00485527,0.00616074,0.00772467,-0.00157076,0,0,1.93595e-07,-2,0.00517922,0.0495685,0.00502282,-0.000757006,-4.80776e-05,0,0,0.0351496,-0.0868333,0.00242132,0.65376,0.00770635,0.0470891,0.0085141,0,0,-4.22081e-06,1.01731,0.0377691,0.0131958,-0.0477399,-0.0321157,0.000768996,0,0,0.131108,0.0448762,0.0667808,0.129741,0.404518,-0.0282095,0.0114142,0,0,6.99649e-07,-0.517552,0.00590754,-0.0438128,-0.0384348,0.0395948,0.00107783,0,0,0.0366275,-0.0251293,0.0934856,0.555168,-0.0340914,0.422574,-0.00410713,0,0,7.55073e-08,-0.241917,0.00308886,0.00197631,0.00205176,0.00344974,0.00175997,0,0,-0.0220315,-0.0104445,-0.0286123,0.00235463,0.0154137,-0.00750055,0.0681406,0,0,-2.40048e-12,0,0,0,0,0,0,1.15223e-10,0,0,0,0,0,0,0,0,0.905991,-4.53931e-09,0,1.20024e-12,0,0,0,0,1.20024e-12,0,0,0,0,0,0,0,0,0,-4.53871e-09,0.905991,
-1.73472e-12,-0.545921,0.0175395,-0.00346286,0.00167037,0.000911097,-3.33033e-05,0,0,0.55703,-0.0240211,-0.101276,0.0318158,0.0117861,0.00121304,2.99771e-05,0,0,-7.42678e-12,-2,-0.00492583,-0.0131294,-0.00356065,-0.000230104,5.26046e-06,0,0,0.0302811,0.741931,0.0327148,0.073077,-0.0194773,-0.0227199,0.0254158,0,0,3.46945e-12,-0.335516,0.0810307,0.01066,0.00467273,0.00235194,-7.67386e-05,0,0,-0.102003,-0.014644,0.576196,-0.00482334,0.00618323,0.00771766,-0.00156809,0,0,1.38778e-11,-2,0.00517569,0.0495841,0.00502232,-0.000757614,-4.78188e-05,0,0,0.0352117,-0.0868911,0.00246205,0.653792,0.00769538,0.047069,0.00852087,0,0,2.60209e-12,1.01762,0.0377504,0.0132085,-0.0477541,-0.0321208,0.000764284,0,0,0.131133,0.0448904,0.0670224,0.129693,0.404575,-0.0281992,0.0114025,0,0,6.93889e-12,-0.515267,0.00591416,-0.0438003,-0.0384425,0.0396295,0.00107787,0,0,0.036568,-0.02503,0.0934454,0.555086,-0.0340804,0.422597,-0.00411824,0,0,1.56125e-11,-0.24202,0.00309067,0.00197418,0.00205066,0.00344876,0.00176037,0,0,-0.0220211,-0.010449,-0.0286109,0.00236533,0.0154028,-0.00750338,0.0681417,0,0,0,0,-1.20024e-12,0,-1.20024e-12,-1.20024e-12,0,0,0,0,0,0,0,0,0,0,0.905991,-4.35447e-09,0,0,-1.20024e-12,-1.20024e-12,0,0,-1.20024e-12,0,0,0,0,0,0,0,0,0,-4.35537e-09,0.905991,
3.5907e-07,-0.546703,0.0175597,-0.00347231,0.00167093,0.000911999,-3.29433e-05,0,0,0.557064,-0.0240556,-0.10135,0.031877,0.0117857,0.00120238,3.44036e-05,0,0,9.29696e-08,-2,-0.00493285,-0.0131401,-0.00356428,-0.000228193,5.38006e-06,0,0,0.0303054,0.741947,0.0327468,0.0731223,-0.0194853,-0.0227454,0.0254153,0,0,5.47409e-07,-0.336125,0.0810245,0.0106532,0.00467485,0.00235283,-7.61848e-05,0,0,-0.102079,-0.0146707,0.576391,-0.00479132,0.0062057,0.0077106,-0.00156542,0,0,-1.93581e-07,-2,0.00517225,0.0495996,0.00502181,-0.000757737,-4.79592e-05,0,0,0.035274,-0.086949,0.00250287,0.653824,0.00768441,0.0470489,0.00852764,0,0,4.22333e-06,1.01793,0.0377273,0.013217,-0.0477642,-0.0321258,0.000768277,0,0,0.131158,0.0449046,0.067264,0.129645,0.404632,-0.0281889,0.0113907,0,0,-6.99753e-07,-0.512981,0.00592148,-0.0437871,-0.0384509,0.0396635,0.00107633,0,0,0.0365084,-0.0249308,0.0934049,0.555005,-0.0340694,0.422619,-0.00412935,0,0,-7.54154e-08,-0.242123,0.00309255,0.0019721,0.00204946,0.00344776,0.00176058,0,0,-0.0220106,-0.0104536,-0.0286096,0.00237602,0.0153919,-0.00750621,0.0681427,0,0,0,-1.20024e-12,0,0,0,0,0,0,0,0,0,0,0,0,0,0,0.905991,4.09282e-09,0,0,1.20024e-12,0,0,0,0,0,0,0,0,0,0,0,0,0,4.09222e-09,0.905991,
6.07153e-12,-0.547485,0.01758,-0.00348136,0.00167113,0.000912555,-3.29423e-05,0,0,0.557098,-0.0240902,-0.101424,0.0319383,0.0117853,0.00119168,3.88369e-05,0,0,-1.02999e-12,-2,-0.00493999,-0.0131506,-0.00356799,-0.000226368,5.40557e-06,0,0,0.0303297,0.741963,0.0327789,0.0731677,-0.0194932,-0.0227709,0.0254147,0,0,2.42861e-11,-0.336736,0.0810178,0.010647,0.00467641,0.00235319,-7.61786e-05,0,0,-0.102154,-0.0146974,0.576586,-0.00475921,0.00622816,0.00770352,-0.00156273,0,0,-1.38778e-11,-2,0.00516893,0.0496151,0.00502149,-0.000757659,-4.79065e-05,0,0,0.0353363,-0.0870069,0.00254379,0.653856,0.00767343,0.0470288,0.00853442,0,0,-1.04083e-11,1.01823,0.0376999,0.0132299,-0.0477783,-0.032135,0.000768057,0,0,0.131184,0.0449188,0.0675056,0.129597,0.404689,-0.0281786,0.011379,0,0,-6.93889e-12,-0.510695,0.00592949,-0.0437746,-0.0384584,0.0396985,0.00107547,0,0,0.0364486,-0.0248315,0.0933642,0.554924,-0.0340584,0.422642,-0.00414046,0,0,1.21431e-11,-0.242226,0.00309453,0.00196994,0.00204829,0.00344681,0.00176086,0,0,-0.0220002,-0.0104581,-0.0286082,0.00238671,0.015381,-0.00750905,0.0681438,0,0,0,1.20024e-12,1.20024e-12,-1.20024e-12,0,-1.20024e-12,0,1.14023e-10,0,0,0,0,0,0,0,0,0.905991,3.9701e-09,0,2.40048e-12,2.40048e-12,-2.40048e-12,-1.20024e-12,-1.20024e-12,0,0,0,-3.0006e-13,0,0,0,0,3.0006e-13,0,3.9698e-09,0.905991,
8.67362e-13,-0.548269,0.0176004,-0.00348954,0.00167212,0.000914049,-3.25917e-05,0,0,0.557132,-0.0241248,-0.101497,0.0319997,0.0117848,0.00118096,4.32768e-05,0,0,-7.81981e-12,-2,-0.00494688,-0.0131604,-0.00357187,-0.000224591,5.51158e-06,0,0,0.0303539,0.741978,0.0328109,0.073213,-0.0195012,-0.0227964,0.0254142,0,0,-3.46945e-12,-0.337346,0.0810116,0.0106419,0.00467951,0.00235504,-7.56131e-05,0,0,-0.10223,-0.0147241,0.576781,-0.00472701,0.00625061,0.0076964,-0.00156004,0,0,-2.77556e-11,-2,0.00516546,0.0496304,0.00502077,-0.000758675,-4.80347e-05,0,0,0.0353988,-0.0870649,0.0025848,0.653888,0.00766244,0.0470087,0.0085412,0,0,2.51535e-11,1.01855,0.0376766,0.0132511,-0.0477878,-0.0321315,0.000771788,0,0,0.131209,0.0449329,0.0677472,0.129549,0.404746,-0.0281683,0.0113673,0,0,2.77556e-11,-0.508409,0.00593686,-0.0437633,-0.0384666,0.0397326,0.00107409,0,0,0.0363886,-0.0247322,0.0933233,0.554843,-0.0340474,0.422665,-0.00415158,0,0,-8.67362e-13,-0.242329,0.00309644,0.00196766,0.00204706,0.00344565,0.00176112,0,0,-0.0219897,-0.0104627,-0.0286069,0.00239738,0.0153702,-0.00751188,0.0681448,0,0,0,-1.20024e-12,1.20024e-12,0,-1.20024e-12,1.20024e-12,-1.20024e-12,0,0,0,0,0,0,0,0,0,0.905991,3.95149e-09,0,-1.20024e-12,1.20024e-12,0,-1.20024e-12,1.20024e-12,-1.20024e-12,0,0,0,0,0,0,0,0,0,3.95269e-09,0.905991,
-8.67362e-13,-0.549053,0.0176206,-0.00349887,0.00167276,0.000914449,-3.26004e-05,0,0,0.557166,-0.0241594,-0.101571,0.0320613,0.0117844,0.00117022,4.77237e-05,0,0,-1.51924e-11,-2,-0.00495376,-0.0131705,-0.00357586,-0.000223107,5.52518e-06,0,0,0.0303782,0.741994,0.032843,0.0732584,-0.0195092,-0.0228219,0.0254137,0,0,-3.46945e-12,-0.337959,0.0810054,0.010635,0.00468211,0.00235524,-7.55943e-05,0,0,-0.102306,-0.0147509,0.576976,-0.00469471,0.00627305,0.00768925,-0.00155734,0,0,-2.77556e-11,-2,0.00516201,0.0496462,0.00502023,-0.000759135,-4.79684e-05,0,0,0.0354614,-0.0871228,0.00262591,0.65392,0.00765145,0.0469886,0.00854799,0,0,1.56125e-11,1.01886,0.0376534,0.0132596,-0.0478016,-0.0321408,0.000771275,0,0,0.131234,0.0449471,0.0679886,0.129501,0.404803,-0.028158,0.0113555,0,0,2.77556e-11,-0.506122,0.00594431,-0.0437498,-0.0384742,0.0397685,0.00107344,0,0,0.0363284,-0.0246328,0.0932821,0.554761,-0.0340363,0.422688,-0.0041627,0,0,0,-0.242432,0.00309833,0.0019656,0.00204593,0.00344475,0.00176145,0,0,-0.0219792,-0.0104672,-0.0286055,0.00240805,0.0153593,-0.00751471,0.0681459,0,0,0,0,0,1.20024e-12,1.20024e-12,0,-1.20024e-12,0,0,0,0,0,0,0,0,0,0.905991,4.02411e-09,0,0,0,0,0,0,-3.60072e-12,0,0,0,0,0,0,0,0,0,4.02441e-09,0.905991,
3.58613e-07,-0.549839,0.0176403,-0.00350755,0.00167262,0.000915221,-3.33254e-05,0,0,0.5572,-0.0241941,-0.101645,0.0321229,0.0117839,0.00115945,5.21775e-05,0,0,9.30148e-08,-2,-0.00496072,-0.0131805,-0.00358001,-0.000221488,5.35414e-06,0,0,0.0304025,0.74201,0.0328751,0.0733037,-0.0195171,-0.0228473,0.0254131,0,0,5.48065e-07,-0.338574,0.0809985,0.0106292,0.0046835,0.002356,-7.66726e-05,0,0,-0.102382,-0.0147778,0.57717,-0.00466232,0.00629549,0.00768206,-0.00155463,0,0,-1.93498e-07,-2,0.00515875,0.0496615,0.0050201,-0.000759734,-4.75162e-05,0,0,0.035524,-0.0871809,0.0026671,0.653952,0.00764044,0.0469684,0.00855478,0,0,4.22837e-06,1.01917,0.037626,0.0132765,-0.0478241,-0.0321458,0.000762329,0,0,0.131259,0.0449612,0.06823,0.129453,0.40486,-0.0281478,0.0113438,0,0,-6.99836e-07,-0.503836,0.00595253,-0.0437376,-0.0384803,0.0398034,0.00107418,0,0,0.0362681,-0.0245335,0.0932407,0.55468,-0.0340253,0.422711,-0.00417382,0,0,-7.52272e-08,-0.242534,0.00310028,0.00196338,0.00204498,0.00344377,0.00176193,0,0,-0.0219687,-0.0104718,-0.0286042,0.0024187,0.0153484,-0.00751755,0.068147,0,0,0,0,0,0,1.20024e-12,0,1.20024e-12,-1.72835e-10,0,0,0,0,0,0,0,0,0.905991,4.18914e-09,0,0,0,-1.20024e-12,1.20024e-12,0,1.20024e-12,0,0,0,0,0,0,0,0,0,4.18974e-09,0.905991,
-2.60209e-12,-0.550625,0.0176607,-0.00351677,0.00167278,0.000916131,-3.29656e-05,0,0,0.557235,-0.0242289,-0.101719,0.0321847,0.0117835,0.00114865,5.66385e-05,0,0,-1.54905e-11,-2,-0.00496777,-0.0131911,-0.00358371,-0.000219545,5.47388e-06,0,0,0.0304268,0.742026,0.0329072,0.073349,-0.0195251,-0.0228728,0.0254126,0,0,-1.38778e-11,-0.339189,0.0809923,0.0106227,0.004685,0.0023569,-7.61181e-05,0,0,-0.102458,-0.0148047,0.577365,-0.00462983,0.00631791,0.00767484,-0.00155192,0,0,-1.38778e-11,-2,0.00515519,0.0496768,0.00501977,-0.000759835,-4.76568e-05,0,0,0.0355868,-0.0872389,0.00270839,0.653985,0.00762944,0.0469483,0.00856158,0,0,-2.51535e-11,1.01948,0.0376027,0.0132894,-0.0478381,-0.0321508,0.000766334,0,0,0.131284,0.0449753,0.0684713,0.129406,0.404917,-0.0281375,0.0113321,0,0,-6.93889e-12,-0.50155,0.00596004,-0.0437246,-0.0384878,0.0398376,0.00107263,0,0,0.0362077,-0.0244342,0.093199,0.554599,-0.0340143,0.422735,-0.00418493,0,0,-6.07153e-12,-0.242637,0.00310216,0.00196121,0.00204385,0.00344276,0.00176214,0,0,-0.0219582,-0.0104763,-0.0286028,0.00242935,0.0153376,-0.00752038,0.068148,0,0,0,0,1.20024e-12,0,0,-1.20024e-12,1.20024e-12,0,0,0,0,0,0,0,0,0,0.905991,-4.4643e-09,0,1.20024e-12,1.20024e-12,0,-1.20024e-12,-2.40048e-12,2.40048e-12,0,0,0,0,0,0,0,0,0,-4.464e-09,0.905991,
-2.60209e-12,-0.551413,0.0176818,-0.00352631,0.0016733,0.000917053,-3.29643e-05,0,0,0.557269,-0.0242636,-0.101793,0.0322466,0.011783,0.00113783,6.11063e-05,0,0,-4.74338e-13,-2,-0.00497476,-0.0132018,-0.00358731,-0.000217596,5.49922e-06,0,0,0.030451,0.742042,0.0329393,0.0733942,-0.0195331,-0.0228982,0.0254121,0,0,-1.04083e-11,-0.339806,0.0809866,0.0106158,0.00468704,0.00235781,-7.61119e-05,0,0,-0.102535,-0.0148317,0.57756,-0.00459726,0.0063403,0.00766759,-0.0015492,0,0,0,-2,0.00515135,0.0496924,0.00501923,-0.000759933,-4.76045e-05,0,0,0.0356497,-0.087297,0.00274978,0.654017,0.00761843,0.0469281,0.00856838,0,0,-3.03577e-11,1.01978,0.0375834,0.013298,-0.0478476,-0.0321556,0.00076612,0,0,0.131309,0.0449894,0.0687127,0.129358,0.404973,-0.0281272,0.0113204,0,0,-2.77556e-11,-0.499262,0.00596684,-0.0437109,-0.0384959,0.0398722,0.00107175,0,0,0.0361471,-0.0243348,0.093157,0.554518,-0.0340033,0.422758,-0.00419606,0,0,9.54098e-12,-0.242739,0.00310399,0.00195912,0.00204259,0.00344172,0.00176241,0,0,-0.0219477,-0.0104808,-0.0286014,0.00243999,0.0153267,-0.00752322,0.0681491,0,0,0,2.40048e-12,2.40048e-12,1.20024e-12,2.40048e-12,0,1.20024e-12,5.64113e-11,0,0,0,0,0,0,0,0,0.905991,-4.60322e-09,0,-1.20024e-12,-1.20024e-12,0,-1.20024e-12,1.20024e-12,-1.20024e-12,1.20024e-12,0,0,0,0,0,0,0,0,-4.60292e-09,0.905991,
-1.73472e-12,-0.552202,0.0177021,-0.00353533,0.00167426,0.000917834,-3.26141e-05,0,0,0.557304,-0.0242985,-0.101868,0.0323086,0.0117824,0.00112698,6.5581e-05,0,0,1.10995e-11,-2,-0.00498179,-0.0132118,-0.00359118,-0.000215977,5.60483e-06,0,0,0.0304753,0.742058,0.0329714,0.0734395,-0.0195411,-0.0229236,0.0254115,0,0,-6.93889e-12,-0.340425,0.0809799,0.0106094,0.00469009,0.00235857,-7.55455e-05,0,0,-0.102611,-0.0148588,0.577754,-0.00456458,0.0063627,0.00766031,-0.00154647,0,0,0,-2,0.00514794,0.049708,0.00501849,-0.000760549,-4.77327e-05,0,0,0.0357128,-0.0873552,0.00279125,0.654049,0.00760741,0.0469079,0.00857518,0,0,-6.07153e-12,1.02008,0.0375556,0.0133109,-0.0478568,-0.0321604,0.00076986,0,0,0.131333,0.0450035,0.068954,0.12931,0.40503,-0.0281169,0.0113087,0,0,4.16334e-11,-0.496974,0.0059751,-0.0436978,-0.038504,0.0399079,0.00107036,0,0,0.0360863,-0.0242354,0.0931148,0.554436,-0.0339923,0.422781,-0.00420718,0,0,-4.33681e-12,-0.242841,0.00310598,0.00195697,0.00204134,0.0034407,0.00176266,0,0,-0.0219372,-0.0104854,-0.0286,0.00245063,0.0153159,-0.00752605,0.0681501,0,0,0,0,-1.20024e-12,1.20024e-12,1.20024e-12,0,1.20024e-12,0,0,0,0,0,0,0,0,0,0.905991,-4.59002e-09,0,-3.60072e-12,2.40048e-12,-2.40048e-12,-2.40048e-12,-1.20024e-12,-1.20024e-12,0,0,0,0,0,0,0,0,0,-4.58852e-09,0.905991,
-8.67362e-13,-0.552991,0.0177228,-0.00354441,0.00167451,0.000918956,-3.26226e-05,0,0,0.557339,-0.0243334,-0.101942,0.0323708,0.0117819,0.00111611,7.00625e-05,0,0,-2.15485e-12,-2,-0.00498861,-0.0132218,-0.00359525,-0.000214283,5.61798e-06,0,0,0.0304995,0.742074,0.0330035,0.0734847,-0.0195491,-0.022949,0.025411,0,0,-6.93889e-12,-0.341044,0.0809742,0.010603,0.00469209,0.00235986,-7.55265e-05,0,0,-0.102688,-0.0148859,0.577949,-0.00453182,0.00638508,0.00765299,-0.00154374,0,0,-1.38778e-11,-2,0.00514416,0.0497236,0.00501812,-0.000761389,-4.76665e-05,0,0,0.0357759,-0.0874133,0.00283282,0.654081,0.00759638,0.0468877,0.00858199,0,0,6.93889e-12,1.0204,0.0375363,0.0133237,-0.0478746,-0.0321611,0.000769348,0,0,0.131358,0.0450176,0.0691952,0.129263,0.405087,-0.0281067,0.011297,0,0,6.93889e-12,-0.494688,0.00598204,-0.0436845,-0.0385107,0.0399427,0.00106971,0,0,0.0360253,-0.024136,0.0930724,0.554355,-0.0339813,0.422804,-0.00421831,0,0,5.20417e-12,-0.242943,0.00310779,0.00195483,0.00204028,0.00343963,0.00176299,0,0,-0.0219266,-0.0104899,-0.0285986,0.00246125,0.015305,-0.00752889,0.0681512,0,0,0,0,0,2.40048e-12,-2.40048e-12,0,-2.40048e-12,0,0,0,0,0,0,0,0,0,0.905991,-4.43999e-09,0,-2.40048e-12,-2.40048e-12,0,-2.40048e-12,0,-2.40048e-12,0,0,0,0,0,0,0,0,0,-4.43999e-09,0.905991,
3.58033e-07,-0.553782,0.0177431,-0.00355393,0.00167507,0.000919731,-3.29884e-05,0,0,0.557374,-0.0243683,-0.102016,0.0324331,0.0117814,0.00110521,7.45512e-05,0,0,9.30453e-08,-2,-0.00499552,-0.0132319,-0.00359921,-0.000212642,5.53948e-06,0,0,0.0305238,0.742091,0.0330356,0.07353,-0.0195572,-0.0229744,0.0254104,0,0,5.48887e-07,-0.341666,0.0809679,0.0105959,0.00469453,0.00236062,-7.60574e-05,0,0,-0.102764,-0.0149131,0.578143,-0.00449895,0.00640746,0.00764563,-0.00154099,0,0,-1.93387e-07,-2,0.00514057,0.0497393,0.00501758,-0.000761982,-4.7408e-05,0,0,0.0358391,-0.0874716,0.00287449,0.654113,0.00758534,0.0468675,0.00858881,0,0,4.23466e-06,1.0207,0.0375128,0.0133323,-0.0478883,-0.032166,0.000764624,0,0,0.131383,0.0450317,0.0694363,0.129215,0.405143,-0.0280964,0.0112853,0,0,-7.00107e-07,-0.4924,0.00598974,-0.0436705,-0.0385182,0.039978,0.00106974,0,0,0.0359642,-0.0240367,0.0930297,0.554273,-0.0339703,0.422827,-0.00422943,0,0,-7.49956e-08,-0.243045,0.00310967,0.00195274,0.00203916,0.00343864,0.0017634,0,0,-0.021916,-0.0104944,-0.0285972,0.00247186,0.0152942,-0.00753173,0.0681522,0,0,0,-1.20024e-12,-1.20024e-12,1.20024e-12,0,1.20024e-12,-1.20024e-12,0,0,0,0,0,0,0,0,0,0.905991,4.19694e-09,0,1.20024e-12,0,0,0,0,0,0,0,0,0,0,0,0,0,0,4.19694e-09,0.905991,
-8.67362e-13,-0.554574,0.0177637,-0.00356326,0.0016752,0.000920644,-3.2987e-05,0,0,0.557409,-0.0244033,-0.102091,0.0324954,0.0117808,0.00109428,7.90469e-05,0,0,-7.45389e-12,-2,-0.00500261,-0.0132426,-0.0036029,-0.000210679,5.56579e-06,0,0,0.030548,0.742107,0.0330677,0.0735752,-0.0195652,-0.0229998,0.0254098,0,0,0,-0.342289,0.0809616,0.0105892,0.00469599,0.00236152,-7.60507e-05,0,0,-0.102841,-0.0149403,0.578337,-0.004466,0.00642982,0.00763824,-0.00153824,0,0,1.38778e-11,-2,0.00513688,0.0497545,0.00501722,-0.000762077,-4.73552e-05,0,0,0.0359024,-0.0875298,0.00291624,0.654145,0.0075743,0.0468473,0.00859563,0,0,4.0766e-11,1.02101,0.0374891,0.0133452,-0.047902,-0.0321709,0.000764402,0,0,0.131407,0.0450457,0.0696774,0.129168,0.4052,-0.0280862,0.0112736,0,0,0,-0.490112,0.00599744,-0.043657,-0.0385255,0.0400125,0.00106888,0,0,0.035903,-0.0239373,0.0929868,0.554192,-0.0339593,0.42285,-0.00424055,0,0,-8.67362e-13,-0.243147,0.00311155,0.00195056,0.00203801,0.00343762,0.00176368,0,0,-0.0219054,-0.0104989,-0.0285958,0.00248246,0.0152833,-0.00753456,0.0681533,0,0,0,1.20024e-12,2.40048e-12,-2.40048e-12,1.20024e-12,-2.40048e-12,2.40048e-12,0,0,0,0,0,0,0,0,0,0.905991,4.09672e-09,0,0,-2.40048e-12,1.20024e-12,0,1.20024e-12,-1.20024e-12,0,0,0,0,0,0,0,0,0,4.09732e-09,0.905991,
2.60209e-12,-0.555367,0.0177843,-0.00357184,0.00167534,0.000921569,-3.26278e-05,0,0,0.557444,-0.0244383,-0.102166,0.0325579,0.0117802,0.00108334,8.35497e-05,0,0,5.50233e-12,-2,-0.00500982,-0.0132529,-0.00360659,-0.000208711,5.6838e-06,0,0,0.0305723,0.742123,0.0330998,0.0736203,-0.0195732,-0.0230251,0.0254093,0,0,0,-0.342913,0.0809549,0.0105838,0.00469743,0.00236242,-7.5495e-05,0,0,-0.102918,-0.0149676,0.578532,-0.00443295,0.00645216,0.00763082,-0.00153549,0,0,-1.38778e-11,-2,0.00513329,0.0497695,0.00501686,-0.000762168,-4.74962e-05,0,0,0.0359659,-0.0875881,0.0029581,0.654178,0.00756326,0.0468271,0.00860246,0,0,8.67362e-13,1.02131,0.037461,0.0133666,-0.0479154,-0.0321756,0.000768424,0,0,0.131432,0.0450597,0.0699185,0.12912,0.405257,-0.0280759,0.0112619,0,0,6.93889e-12,-0.487824,0.00600583,-0.043645,-0.0385328,0.0400474,0.00106729,0,0,0.0358416,-0.0238379,0.0929436,0.554111,-0.0339483,0.422874,-0.00425168,0,0,5.20417e-12,-0.243249,0.00311354,0.00194823,0.00203682,0.00343657,0.00176387,0,0,-0.0218948,-0.0105034,-0.0285943,0.00249306,0.0152725,-0.00753739,0.0681543,0,0,0,0,0,0,1.20024e-12,-1.20024e-12,-1.20024e-12,0,0,0,0,0,0,0,0,0,0.905991,4.10542e-09,0,0,1.20024e-12,0,-2.40048e-12,2.40048e-12,2.40048e-12,0,0,0,0,0,0,0,0,0,4.10482e-09,0.905991,
3.57675e-07,-0.556161,0.0178058,-0.00358098,0.00167592,0.000921995,-3.29935e-05,0,0,0.557479,-0.0244734,-0.102241,0.0326206,0.0117796,0.00107236,8.80592e-05,0,0,9.3048e-08,-2,-0.00501661,-0.0132629,-0.00361055,-0.000207165,5.60288e-06,0,0,0.0305965,0.74214,0.033132,0.0736655,-0.0195813,-0.0230505,0.0254087,0,0,5.49366e-07,-0.343538,0.0809498,0.0105773,0.00469989,0.00236263,-7.60261e-05,0,0,-0.102995,-0.014995,0.578726,-0.00439981,0.00647449,0.00762337,-0.00153272,0,0,-1.93304e-07,-2,0.00512916,0.0497852,0.00501628,-0.000762589,-4.72377e-05,0,0,0.0360295,-0.0876464,0.00300004,0.65421,0.0075522,0.0468069,0.00860929,0,0,4.23827e-06,1.02162,0.0374456,0.0133795,-0.0479285,-0.0321846,0.000763694,0,0,0.131456,0.0450738,0.0701596,0.129073,0.405313,-0.0280657,0.0112503,0,0,-7.00301e-07,-0.485535,0.00601218,-0.0436315,-0.0385401,0.0400842,0.00106729,0,0,0.03578,-0.0237384,0.0929002,0.554029,-0.0339373,0.422897,-0.00426281,0,0,-7.48629e-08,-0.243351,0.00311531,0.00194607,0.00203563,0.00343561,0.00176427,0,0,-0.0218842,-0.0105079,-0.0285929,0.00250365,0.0152617,-0.00754023,0.0681554,0,0,0,0,0,1.20024e-12,0,0,0,0,0,0,0,0,0,0,0,0,0.905991,4.21495e-09,0,0,0,-1.20024e-12,0,0,0,-1.15223e-10,0,0,0,0,0,0,0,0,4.21525e-09,0.905991,
3.57559e-07,-0.556956,0.0178256,-0.00359018,0.00167687,0.000922759,-3.3002e-05,0,0,0.557515,-0.0245085,-0.102315,0.0326833,0.011779,0.00106136,9.25757e-05,0,0,9.30756e-08,-2,-0.00502374,-0.0132729,-0.00361443,-0.00020555,5.61533e-06,0,0,0.0306207,0.742157,0.0331641,0.0737107,-0.0195893,-0.0230758,0.0254081,0,0,5.49522e-07,-0.344165,0.0809424,0.0105707,0.00470297,0.00236337,-7.60068e-05,0,0,-0.103072,-0.0150224,0.57892,-0.00436657,0.00649682,0.00761588,-0.00152995,0,0,-1.93276e-07,-2,0.00512583,0.0498007,0.0050155,-0.00076324,-4.71714e-05,0,0,0.0360931,-0.0877048,0.00304209,0.654242,0.00754114,0.0467866,0.00861612,0,0,4.23955e-06,1.02192,0.0374132,0.0133924,-0.0479375,-0.0321895,0.000763175,0,0,0.13148,0.0450878,0.0704005,0.129026,0.40537,-0.0280555,0.0112386,0,0,-7.0028e-07,-0.483247,0.00602141,-0.0436178,-0.0385481,0.0401201,0.00106663,0,0,0.0357182,-0.023639,0.0928565,0.553948,-0.0339262,0.42292,-0.00427394,0,0,-7.48108e-08,-0.243452,0.00311735,0.00194391,0.0020344,0.00343461,0.0017646,0,0,-0.0218735,-0.0105124,-0.0285914,0.00251423,0.0152508,-0.00754307,0.0681564,0,0,0,0,0,0,0,0,0,0,0,0,0,0,0,0,0,0,0.905991,-4.43219e-09,0,3.60072e-12,0,0,0,0,3.60072e-12,0,0,0,0,0,0,0,0,0,-4.43279e-09,0.905991,
3.46945e-12,-0.557752,0.0178464,-0.00359957,0.00167703,0.000924017,-3.33588e-05,0,0,0.55755,-0.0245436,-0.10239,0.0327462,0.0117784,0.00105033,9.70993e-05,0,0,-9.33769e-12,-2,-0.00503085,-0.0132834,-0.00361815,-0.000203515,5.5473e-06,0,0,0.0306449,0.742173,0.0331963,0.0737558,-0.0195974,-0.0231012,0.0254075,0,0,6.93889e-12,-0.344793,0.0809361,0.010564,0.00470449,0.00236479,-7.65485e-05,0,0,-0.103149,-0.0150499,0.579114,-0.00433323,0.00651913,0.00760836,-0.00152717,0,0,-4.16334e-11,-2,0.00512202,0.049816,0.00501511,-0.000763574,-4.69243e-05,0,0,0.0361569,-0.0877632,0.00308422,0.654274,0.00753007,0.0467663,0.00862296,0,0,2.1684e-11,1.02223,0.0373893,0.0134053,-0.0479509,-0.0321901,0.000758688,0,0,0.131504,0.0451017,0.0706415,0.128979,0.405426,-0.0280452,0.0112269,0,0,4.16334e-11,-0.480959,0.00602925,-0.043604,-0.0385553,0.0401543,0.00106648,0,0,0.0356563,-0.0235395,0.0928125,0.553866,-0.0339152,0.422943,-0.00428508,0,0,-1.04083e-11,-0.243554,0.00311924,0.00194172,0.00203323,0.00343351,0.00176495,0,0,-0.0218629,-0.0105169,-0.02859,0.0025248,0.01524,-0.0075459,0.0681575,0,0,0,1.20024e-12,2.40048e-12,0,2.40048e-12,0,0,0,0,0,0,0,0,0,0,0,0.905991,-4.51231e-09,0,-1.20024e-12,2.40048e-12,-1.20024e-12,2.40048e-12,0,-1.20024e-12,-1.20024e-12,0,0,0,0,0,0,0,0,-4.51261e-09,0.905991,
4.33681e-12,-0.55855,0.0178676,-0.00360918,0.00167684,0.000924093,-3.26513e-05,0,0,0.557586,-0.0245788,-0.102466,0.0328092,0.0117778,0.00103928,0.00010163,0,0,2.73761e-12,-2,-0.00503774,-0.0132935,-0.00362227,-0.000202027,5.74656e-06,0,0,0.0306691,0.74219,0.0332285,0.0738009,-0.0196054,-0.0231265,0.025407,0,0,1.73472e-11,-0.345424,0.0809304,0.0105568,0.00470576,0.00236446,-7.54313e-05,0,0,-0.103226,-0.0150774,0.579308,-0.0042998,0.00654143,0.0076008,-0.00152439,0,0,0,-2,0.00511804,0.0498317,0.00501492,-0.000763765,-4.72462e-05,0,0,0.0362208,-0.0878217,0.00312646,0.654306,0.007519,0.046746,0.00862981,0,0,9.54098e-12,1.02253,0.0373695,0.013414,-0.0479725,-0.0322033,0.000766691,0,0,0.131528,0.0451157,0.0708824,0.128931,0.405483,-0.028035,0.0112152,0,0,0,-0.478669,0.00603644,-0.0435895,-0.0385611,0.0401917,0.00106438,0,0,0.0355942,-0.0234401,0.0927683,0.553785,-0.0339042,0.422967,-0.00429621,0,0,-8.67362e-12,-0.243655,0.00312107,0.00193963,0.0020322,0.00343263,0.00176512,0,0,-0.0218522,-0.0105214,-0.0285885,0.00253536,0.0152292,-0.00754874,0.0681585,0,0,0,0,-1.20024e-12,0,0,1.20024e-12,-1.20024e-12,2.40048e-12,0,0,0,0,0,0,0,0,0.905991,-4.45199e-09,0,1.20024e-12,0,0,0,1.20024e-12,-1.20024e-12,0,0,0,0,0,0,0,0,0,-4.45229e-09,0.905991,
1.73472e-12,-0.559347,0.0178885,-0.0036186,0.00167737,0.000924994,-3.33655e-05,0,0,0.557621,-0.0246141,-0.102541,0.0328723,0.0117771,0.0010282,0.000106167,0,0,2.71051e-13,-2,-0.00504487,-0.013304,-0.0036259,-0.000200086,5.58444e-06,0,0,0.0306934,0.742207,0.0332606,0.073846,-0.0196135,-0.0231518,0.0254064,0,0,6.93889e-12,-0.346054,0.0809242,0.0105501,0.00470785,0.00236533,-7.65227e-05,0,0,-0.103304,-0.015105,0.579502,-0.00426628,0.00656371,0.00759321,-0.00152159,0,0,0,-2,0.00511416,0.0498471,0.00501432,-0.000763919,-4.68057e-05,0,0,0.0362848,-0.0878802,0.00316878,0.654339,0.00750792,0.0467258,0.00863666,0,0,2.60209e-12,1.02284,0.0373454,0.013427,-0.0479814,-0.032208,0.000757952,0,0,0.131552,0.0451297,0.0711232,0.128884,0.405539,-0.0280248,0.0112036,0,0,0,-0.476381,0.00604435,-0.0435756,-0.038569,0.0402268,0.00106493,0,0,0.035532,-0.0233406,0.0927239,0.553703,-0.0338932,0.42299,-0.00430734,0,0,1.04083e-11,-0.243756,0.00312296,0.00193744,0.00203094,0.0034316,0.00176555,0,0,-0.0218415,-0.0105259,-0.0285871,0.00254591,0.0152184,-0.00755157,0.0681596,0,0,0,0,0,0,0,0,0,5.76116e-11,0,0,0,0,0,0,0,0,0.905991,4.27586e-09,0,-2.40048e-12,0,0,0,0,0,0,0,0,0,0,0,0,0,0,4.27616e-09,0.905991,
3.57092e-07,-0.560147,0.0179094,-0.00362788,0.00167791,0.000926137,-3.26589e-05,0,0,0.557657,-0.0246494,-0.102616,0.0329355,0.0117764,0.0010171,0.000110712,0,0,9.30904e-08,-2,-0.00505186,-0.013314,-0.00362985,-0.000198327,5.78289e-06,0,0,0.0307176,0.742224,0.0332928,0.0738911,-0.0196216,-0.0231771,0.0254058,0,0,5.50185e-07,-0.346688,0.0809179,0.0105434,0.00471025,0.00236663,-7.54043e-05,0,0,-0.103381,-0.0151327,0.579696,-0.00423265,0.00658598,0.00758558,-0.00151879,0,0,-1.93179e-07,-2,0.0051103,0.0498626,0.00501373,-0.000764712,-4.7127e-05,0,0,0.036349,-0.0879387,0.00321121,0.654371,0.00749683,0.0467054,0.00864351,0,0,4.24442e-06,1.02314,0.0373213,0.01344,-0.0479943,-0.0322085,0.000765947,0,0,0.131576,0.0451436,0.071364,0.128837,0.405596,-0.0280146,0.0111919,0,0,-7.00523e-07,-0.47409,0.00605232,-0.0435616,-0.0385762,0.0402623,0.00106282,0,0,0.0354696,-0.0232411,0.0926792,0.553622,-0.0338822,0.423013,-0.00431848,0,0,-7.46139e-08,-0.243857,0.00312487,0.00193527,0.00202976,0.00343049,0.00176572,0,0,-0.0218308,-0.0105303,-0.0285856,0.00255645,0.0152075,-0.00755441,0.0681606,0,0,1.20024e-12,2.40048e-12,0,-1.20024e-12,0,0,2.40048e-12,0,0,0,0,0,0,0,0,0,0.905991,4.23625e-09,-2.40048e-12,-2.40048e-12,-1.20024e-12,2.40048e-12,0,0,-2.40048e-12,0,0,0,0,0,0,0,0,0,4.23565e-09,0.905991,
1.73472e-12,-0.560946,0.0179307,-0.0036377,0.00167844,0.000926676,-3.30158e-05,0,0,0.557693,-0.0246848,-0.102691,0.0329989,0.0117757,0.00100597,0.000115263,0,0,-2.60209e-12,-2,-0.00505891,-0.0133246,-0.00363348,-0.000196486,5.71328e-06,0,0,0.0307418,0.742241,0.033325,0.0739362,-0.0196297,-0.0232024,0.0254052,0,0,1.73472e-11,-0.347321,0.0809122,0.010536,0.00471236,0.00236694,-7.59455e-05,0,0,-0.103459,-0.0151605,0.579889,-0.00419893,0.00660824,0.00757792,-0.00151598,0,0,2.77556e-11,-2,0.00510618,0.0498782,0.00501311,-0.000764691,-4.68793e-05,0,0,0.0364132,-0.0879973,0.00325373,0.654403,0.00748574,0.0466851,0.00865037,0,0,4.42354e-11,1.02345,0.0373013,0.0134487,-0.0480031,-0.0322174,0.000761439,0,0,0.1316,0.0451575,0.0716048,0.12879,0.405652,-0.0280044,0.0111803,0,0,3.46945e-11,-0.471802,0.00605961,-0.0435468,-0.038584,0.0402984,0.00106268,0,0,0.0354071,-0.0231416,0.0926343,0.55354,-0.0338712,0.423037,-0.00432962,0,0,1.12757e-11,-0.243958,0.0031267,0.00193314,0.00202849,0.00342953,0.00176608,0,0,-0.02182,-0.0105348,-0.0285841,0.00256699,0.0151967,-0.00755725,0.0681617,0,0,0,0,0,-1.20024e-12,-1.20024e-12,0,0,1.14023e-10,0,0,0,0,0,0,0,0,0.905991,-4.30917e-09,0,0,0,1.20024e-12,0,-1.20024e-12,0,0,0,0,0,0,0,0,0,0,-4.30917e-09,0.905991,
3.56853e-07,-0.561748,0.0179513,-0.00364703,0.00167862,0.000927461,-3.26667e-05,0,0,0.557729,-0.0247201,-0.102767,0.0330624,0.011775,0.000994818,0.000119822,0,0,9.31156e-08,-2,-0.00506601,-0.0133346,-0.00363752,-0.000194815,5.81846e-06,0,0,0.0307659,0.742258,0.0333572,0.0739813,-0.0196378,-0.0232276,0.0254046,0,0,5.50501e-07,-0.347957,0.0809054,0.0105293,0.0047142,0.0023677,-7.53765e-05,0,0,-0.103536,-0.0151883,0.580083,-0.00416512,0.00663049,0.00757023,-0.00151316,0,0,-1.93123e-07,-2,0.00510246,0.0498937,0.0050127,-0.000765296,-4.70072e-05,0,0,0.0364776,-0.0880559,0.00329634,0.654435,0.00747464,0.0466648,0.00865724,0,0,4.24685e-06,1.02375,0.0372727,0.0134617,-0.0480201,-0.0322221,0.00076519,0,0,0.131624,0.0451714,0.0718455,0.128743,0.405708,-0.0279942,0.0111686,0,0,-7.00495e-07,-0.469511,0.00606835,-0.0435326,-0.0385904,0.0403347,0.00106127,0,0,0.0353443,-0.0230421,0.0925891,0.553459,-0.0338602,0.42306,-0.00434076,0,0,-7.45229e-08,-0.244059,0.00312868,0.00193097,0.00202737,0.0034285,0.00176632,0,0,-0.0218093,-0.0105393,-0.0285826,0.00257752,0.0151859,-0.00756008,0.0681627,0,0,2.40048e-12,-2.40048e-12,0,2.40048e-12,0,-2.40048e-12,0,5.76116e-11,0,0,0,0,0,0,0,0,0.905991,4.25906e-09,0,0,0,0,0,0,0,0,0,0,0,0,0,0,0,0,4.25906e-09,0.905991,
3.56732e-07,-0.562551,0.017972,-0.00365606,0.00167916,0.000928232,-3.30317e-05,0,0,0.557765,-0.0247556,-0.102843,0.033126,0.0117743,0.000983638,0.000124387,0,0,9.31146e-08,-2,-0.005073,-0.0133445,-0.00364148,-0.000193158,5.73751e-06,0,0,0.0307901,0.742276,0.0333894,0.0740263,-0.0196459,-0.0232529,0.025404,0,0,5.5066e-07,-0.348595,0.0808991,0.0105229,0.00471664,0.00236844,-7.59076e-05,0,0,-0.103614,-0.0152161,0.580277,-0.0041312,0.00665274,0.0075625,-0.00151034,0,0,-1.93096e-07,-2,0.00509856,0.049909,0.00501208,-0.000765926,-4.67479e-05,0,0,0.036542,-0.0881145,0.00333905,0.654468,0.00746353,0.0466444,0.00866411,0,0,4.24813e-06,1.02405,0.0372485,0.0134789,-0.048033,-0.0322268,0.000760428,0,0,0.131647,0.0451853,0.0720861,0.128696,0.405764,-0.027984,0.011157,0,0,-7.00585e-07,-0.467221,0.00607646,-0.043519,-0.0385975,0.0403709,0.0010613,0,0,0.0352815,-0.0229426,0.0925436,0.553377,-0.0338492,0.423084,-0.0043519,0,0,-7.44769e-08,-0.244159,0.00313057,0.00192871,0.00202621,0.00342748,0.00176672,0,0,-0.0217985,-0.0105437,-0.0285811,0.00258803,0.0151751,-0.00756292,0.0681638,0,0,0,1.20024e-12,0,0,0,1.20024e-12,0,0,0,0,0,0,0,0,0,0,0.905991,-4.32567e-09,1.20024e-12,0,0,-1.20024e-12,0,0,-1.20024e-12,0,0,0,0,0,0,0,0,0,-4.32567e-09,0.905991,
-8.67362e-13,-0.563353,0.0179931,-0.00366599,0.00167964,0.000929495,-3.30309e-05,0,0,0.557802,-0.0247911,-0.102918,0.0331897,0.0117736,0.000972432,0.00012896,0,0,-1.31866e-11,-2,-0.00508015,-0.0133551,-0.00364509,-0.000191092,5.76192e-06,0,0,0.0308143,0.742293,0.0334217,0.0740713,-0.019654,-0.0232781,0.0254034,0,0,-3.46945e-12,-0.349232,0.0808928,0.0105154,0.00471864,0.00236986,-7.58993e-05,0,0,-0.103692,-0.0152441,0.58047,-0.00409719,0.00667496,0.00755474,-0.00150751,0,0,-1.38778e-11,-2,0.00509457,0.0499244,0.00501147,-0.000766249,-4.66941e-05,0,0,0.0366066,-0.0881732,0.00338186,0.6545,0.00745241,0.0466241,0.00867098,0,0,-9.54098e-12,1.02436,0.0372241,0.0134877,-0.0480417,-0.0322272,0.000760181,0,0,0.131671,0.0451992,0.0723267,0.128649,0.405821,-0.0279738,0.0111454,0,0,6.93889e-12,-0.464932,0.00608459,-0.0435039,-0.0386053,0.0404055,0.00106044,0,0,0.0352184,-0.0228431,0.0924979,0.553295,-0.0338382,0.423107,-0.00436304,0,0,0,-0.24426,0.00313246,0.00192658,0.00202496,0.00342637,0.001767,0,0,-0.0217877,-0.0105482,-0.0285796,0.00259854,0.0151643,-0.00756576,0.0681648,0,0,0,-1.20024e-12,1.20024e-12,0,0,-2.40048e-12,-1.20024e-12,5.76116e-11,0,0,0,0,0,0,0,0,0.905991,4.26776e-09,0,-1.20024e-12,1.20024e-12,1.20024e-12,0,-1.20024e-12,-1.20024e-12,-1.20024e-12,0,0,0,0,0,0,0,0,4.26806e-09,0.905991,
2.60209e-12,-0.564158,0.018014,-0.00367482,0.00167976,0.00093006,-3.303e-05,0,0,0.557838,-0.0248266,-0.102994,0.0332535,0.0117728,0.000961201,0.00013354,0,0,-3.61852e-12,-2,-0.00508744,-0.0133654,-0.00364878,-0.000189198,5.78524e-06,0,0,0.0308385,0.74231,0.0334539,0.0741163,-0.0196622,-0.0233034,0.0254028,0,0,3.46945e-12,-0.349872,0.0808861,0.0105097,0.00472007,0.0023702,-7.58915e-05,0,0,-0.10377,-0.0152721,0.580664,-0.00406308,0.00669716,0.00754694,-0.00150467,0,0,-1.38778e-11,-2,0.00509068,0.0499394,0.00501104,-0.000766171,-4.6641e-05,0,0,0.0366713,-0.0882319,0.00342477,0.654532,0.00744129,0.0466037,0.00867786,0,0,-2.08167e-11,1.02465,0.0371953,0.0135093,-0.0480544,-0.032236,0.000759947,0,0,0.131694,0.0452131,0.0725673,0.128603,0.405877,-0.0279636,0.0111337,0,0,-6.93889e-12,-0.462641,0.00609342,-0.0434909,-0.0386123,0.0404419,0.00105955,0,0,0.0351552,-0.0227435,0.092452,0.553214,-0.0338272,0.423131,-0.00437418,0,0,-1.56125e-11,-0.24436,0.00313444,0.00192422,0.00202373,0.00342537,0.00176727,0,0,-0.0217769,-0.0105526,-0.0285781,0.00260904,0.0151535,-0.00756859,0.0681659,0,0,0,2.40048e-12,3.60072e-12,0,0,0,0,-5.76116e-11,0,0,0,0,0,0,0,0,0.905991,-4.32837e-09,0,-1.20024e-12,-2.40048e-12,0,0,0,0,0,0,0,0,0,0,0,0,0,-4.32777e-09,0.905991,
-2.60209e-12,-0.564963,0.0180355,-0.00368457,0.00167959,0.000930841,-3.30382e-05,0,0,0.557875,-0.0248622,-0.10307,0.0333175,0.011772,0.000949944,0.000138126,0,0,1.09233e-11,-2,-0.00509439,-0.0133755,-0.00365293,-0.00018753,5.79584e-06,0,0,0.0308626,0.742328,0.0334861,0.0741613,-0.0196703,-0.0233286,0.0254022,0,0,-1.38778e-11,-0.350514,0.0808804,0.0105023,0.00472139,0.00237094,-7.58721e-05,0,0,-0.103848,-0.0153001,0.580857,-0.00402888,0.00671936,0.00753911,-0.00150182,0,0,0,-2,0.00508646,0.0499551,0.00501079,-0.000766802,-4.65752e-05,0,0,0.0367361,-0.0882907,0.00346777,0.654565,0.00743016,0.0465833,0.00868475,0,0,-4.33681e-12,1.02495,0.0371749,0.0135181,-0.0480753,-0.0322406,0.000759436,0,0,0.131718,0.0452269,0.0728078,0.128556,0.405933,-0.0279535,0.0111221,0,0,4.16334e-11,-0.460351,0.0061009,-0.0434757,-0.0386178,0.0404787,0.00105884,0,0,0.0350919,-0.022644,0.0924058,0.553132,-0.0338162,0.423154,-0.00438532,0,0,5.20417e-12,-0.244461,0.00313629,0.00192211,0.00202266,0.00342432,0.00176759,0,0,-0.0217661,-0.0105571,-0.0285766,0.00261954,0.0151427,-0.00757143,0.0681669,0,0,0,0,0,-2.40048e-12,0,-1.20024e-12,2.40048e-12,0,0,0,0,0,0,0,0,0,0.905991,4.26536e-09,0,-1.20024e-12,0,3.60072e-12,0,1.20024e-12,-1.20024e-12,0,0,0,0,0,0,0,0,0,4.26536e-09,0.905991,
-8.67362e-13,-0.56577,0.0180561,-0.00369439,0.0016805,0.000932319,-3.34029e-05,0,0,0.557911,-0.0248978,-0.103146,0.0333816,0.0117713,0.00093866,0.00014272,0,0,-4.09286e-12,-2,-0.0051015,-0.0133855,-0.0036568,-0.000185689,5.71388e-06,0,0,0.0308868,0.742346,0.0335184,0.0742063,-0.0196785,-0.0233538,0.0254016,0,0,-3.46945e-12,-0.351157,0.0808735,0.0104948,0.0047244,0.00237277,-7.64033e-05,0,0,-0.103926,-0.0153282,0.58105,-0.00399457,0.00674156,0.00753124,-0.00149897,0,0,-1.38778e-11,-2,0.00508263,0.0499708,0.00500995,-0.000767842,-4.63156e-05,0,0,0.036801,-0.0883495,0.00351087,0.654597,0.00741902,0.0465629,0.00869164,0,0,1.12757e-11,1.02526,0.0371461,0.0135269,-0.0480836,-0.0322367,0.000754655,0,0,0.131741,0.0452407,0.0730483,0.128509,0.405989,-0.0279433,0.0111105,0,0,2.08167e-11,-0.45806,0.00610987,-0.0434603,-0.0386255,0.0405138,0.00105887,0,0,0.0350284,-0.0225444,0.0923593,0.553051,-0.0338052,0.423178,-0.00439647,0,0,-1.64799e-11,-0.244561,0.00313826,0.00192,0.0020214,0.00342315,0.00176799,0,0,-0.0217553,-0.0105615,-0.0285751,0.00263002,0.0151319,-0.00757427,0.068168,0,0,0,0,0,1.20024e-12,0,1.20024e-12,0,0,0,0,0,0,0,0,0,0,0.905991,-4.31907e-09,0,0,-1.20024e-12,0,0,0,0,0,0,0,0,0,0,0,0,0,-4.31967e-09,0.905991,
1.73472e-12,-0.566577,0.018077,-0.00370357,0.00168099,0.000932741,-3.30543e-05,0,0,0.557948,-0.0249335,-0.103222,0.0334458,0.0117705,0.000927351,0.000147321,0,0,-1.70762e-12,-2,-0.00510852,-0.0133954,-0.00366075,-0.000184085,5.81967e-06,0,0,0.0309109,0.742363,0.0335506,0.0742512,-0.0196866,-0.023379,0.0254009,0,0,6.93889e-12,-0.351801,0.0808671,0.0104882,0.00472674,0.00237297,-7.58329e-05,0,0,-0.104005,-0.0153564,0.581243,-0.00396017,0.00676374,0.00752334,-0.00149611,0,0,0,-2,0.00507861,0.049986,0.00500932,-0.000768247,-4.6443e-05,0,0,0.036866,-0.0884083,0.00355406,0.654629,0.00740788,0.0465425,0.00869853,0,0,1.12757e-11,1.02556,0.0371216,0.0135442,-0.0480962,-0.0322456,0.000758403,0,0,0.131764,0.0452545,0.0732886,0.128463,0.406045,-0.0279331,0.0110989,0,0,6.93889e-12,-0.45577,0.00611821,-0.0434462,-0.0386326,0.0405508,0.00105748,0,0,0.0349647,-0.0224449,0.0923126,0.552969,-0.0337942,0.423201,-0.00440761,0,0,2.08167e-11,-0.244661,0.00314014,0.00191773,0.00202024,0.0034222,0.00176823,0,0,-0.0217444,-0.0105659,-0.0285735,0.00264049,0.0151211,-0.00757711,0.068169,0,0,0,0,0,0,0,0,0,-5.76116e-11,0,0,0,0,0,0,0,0,0.905991,4.25245e-09,0,1.20024e-12,0,0,0,0,0,0,0,0,0,0,0,0,0,0,4.25245e-09,0.905991,
8.67362e-13,-0.567386,0.0180985,-0.00371329,0.00168069,0.000933304,-3.26969e-05,0,0,0.557985,-0.0249692,-0.103299,0.0335102,0.0117696,0.000916017,0.000151929,0,0,2.1684e-13,-2,-0.00511562,-0.013406,-0.00366452,-0.000182162,5.93751e-06,0,0,0.0309351,0.742381,0.0335829,0.0742961,-0.0196948,-0.0234042,0.0254003,0,0,3.46945e-12,-0.352446,0.0808614,0.0104811,0.00472753,0.0023733,-7.52735e-05,0,0,-0.104083,-0.0153847,0.581437,-0.00392567,0.0067859,0.00751541,-0.00149324,0,0,0,-2,0.00507428,0.0500011,0.00500908,-0.000768143,-4.65829e-05,0,0,0.0369312,-0.0884672,0.00359735,0.654662,0.00739673,0.0465221,0.00870543,0,0,-1.56125e-11,1.02586,0.0371012,0.0135573,-0.0481132,-0.0322544,0.000762427,0,0,0.131787,0.0452683,0.0735289,0.128416,0.406101,-0.027923,0.0110872,0,0,0,-0.45348,0.00612584,-0.0434314,-0.0386388,0.040587,0.0010559,0,0,0.0349008,-0.0223454,0.0922657,0.552887,-0.0337831,0.423225,-0.00441875,0,0,1.12757e-11,-0.244761,0.00314195,0.0019155,0.00201913,0.00342123,0.00176843,0,0,-0.0217336,-0.0105704,-0.028572,0.00265095,0.0151104,-0.00757995,0.06817,0,0,0,-1.20024e-12,0,0,0,0,-1.20024e-12,0,0,0,0,0,0,0,0,0,0.905991,-4.30256e-09,0,0,0,0,0,0,0,0,0,0,0,0,0,0,0,0,-4.30166e-09,0.905991,
3.55891e-07,-0.568195,0.01812,-0.00372262,0.00168113,0.000934945,-3.30516e-05,0,0,0.558022,-0.025005,-0.103375,0.0335746,0.0117688,0.000904658,0.000156544,0,0,9.3149e-08,-2,-0.00512285,-0.0134164,-0.0036681,-0.000179959,5.86763e-06,0,0,0.0309592,0.742399,0.0336152,0.074341,-0.019703,-0.0234293,0.0253997,0,0,5.5177e-07,-0.353094,0.0808551,0.0104746,0.00472943,0.00237529,-7.58173e-05,0,0,-0.104162,-0.015413,0.58163,-0.00389108,0.00680804,0.00750744,-0.00149036,0,0,-1.92901e-07,-2,0.00507007,0.0500162,0.00500844,-0.000768623,-4.63372e-05,0,0,0.0369964,-0.0885261,0.00364074,0.654694,0.00738557,0.0465016,0.00871233,0,0,4.25655e-06,1.02616,0.0370764,0.0135748,-0.0481214,-0.0322504,0.000757945,0,0,0.13181,0.0452821,0.0737692,0.12837,0.406157,-0.0279128,0.0110756,0,0,-7.00856e-07,-0.451189,0.00613417,-0.0434172,-0.0386464,0.0406215,0.0010557,0,0,0.0348368,-0.0222458,0.0922185,0.552806,-0.0337721,0.423248,-0.0044299,0,0,-7.41299e-08,-0.244861,0.00314386,0.00191321,0.00201782,0.00342,0.00176877,0,0,-0.0217227,-0.0105748,-0.0285704,0.0026614,0.0150996,-0.00758278,0.0681711,0,0,0,0,0,0,0,0,0,0,0,0,0,0,0,0,0,0,0.905991,4.23205e-09,1.20024e-12,1.20024e-12,0,1.20024e-12,-1.20024e-12,-2.40048e-12,-1.20024e-12,0,0,0,0,0,0,0,0,0,4.23205e-09,0.905991,
-8.67362e-13,-0.569006,0.018142,-0.00373261,0.00168128,0.000935144,-3.30515e-05,0,0,0.558059,-0.0250408,-0.103451,0.0336392,0.0117679,0.000893273,0.000161166,0,0,1.08285e-11,-2,-0.00513,-0.0134269,-0.00367181,-0.000178177,5.88867e-06,0,0,0.0309833,0.742417,0.0336475,0.0743859,-0.0197111,-0.0234545,0.0253991,0,0,-6.93889e-12,-0.353743,0.0808495,0.0104671,0.00473092,0.00237505,-7.58079e-05,0,0,-0.10424,-0.0154414,0.581823,-0.00385638,0.00683017,0.00749943,-0.00148748,0,0,1.38778e-11,-2,0.0050656,0.0500318,0.00500796,-0.000768409,-4.62829e-05,0,0,0.0370618,-0.088585,0.00368423,0.654726,0.00737441,0.0464812,0.00871924,0,0,-1.64799e-11,1.02646,0.0370556,0.0135837,-0.0481335,-0.0322634,0.000757681,0,0,0.131833,0.0452959,0.0740095,0.128323,0.406213,-0.0279027,0.011064,0,0,-6.93889e-12,-0.448898,0.00614181,-0.0434016,-0.0386532,0.0406593,0.00105481,0,0,0.0347727,-0.0221462,0.092171,0.552724,-0.0337611,0.423272,-0.00444105,0,0,-5.20417e-12,-0.24496,0.00314572,0.00191107,0.00201656,0.00341906,0.00176904,0,0,-0.0217118,-0.0105792,-0.0285689,0.00267185,0.0150888,-0.00758562,0.0681721,0,0,0,2.40048e-12,2.40048e-12,0,2.40048e-12,-2.40048e-12,2.40048e-12,0,0,0,0,0,0,0,0,0,0.905991,4.27856e-09,0,-2.40048e-12,-2.40048e-12,0,-2.40048e-12,2.40048e-12,-2.40048e-12,2.40048e-12,0,0,0,0,0,0,0,0,4.27766e-09,0.905991,
-3.55653e-07,-0.569818,0.0181634,-0.00374247,0.00168186,0.000935911,-3.34163e-05,0,0,0.558096,-0.0250767,-0.103528,0.0337039,0.0117671,0.000881862,0.000165795,0,0,-9.31533e-08,-2,-0.00513708,-0.0134368,-0.00367579,-0.000176527,5.8043e-06,0,0,0.0310075,0.742435,0.0336798,0.0744308,-0.0197193,-0.0234796,0.0253984,0,0,-5.5211e-07,-0.354393,0.0808433,0.0104595,0.00473342,0.00237576,-7.6339e-05,0,0,-0.104319,-0.0154698,0.582016,-0.00382158,0.00685229,0.00749139,-0.00148458,0,0,1.92846e-07,-2,0.00506139,0.0500476,0.00500727,-0.000769096,-4.60229e-05,0,0,0.0371273,-0.088644,0.00372782,0.654759,0.00736324,0.0464607,0.00872616,0,0,-4.25893e-06,1.02675,0.0370305,0.0135926,-0.0481454,-0.0322679,0.000752881,0,0,0.131856,0.0453096,0.0742498,0.128277,0.406269,-0.0278925,0.0110524,0,0,7.00918e-07,-0.446605,0.00615023,-0.0433859,-0.03866,0.0406967,0.00105482,0,0,0.0347084,-0.0220466,0.0921233,0.552642,-0.0337501,0.423296,-0.0044522,0,0,7.40363e-08,-0.24506,0.00314764,0.00190895,0.00201531,0.00341801,0.00176944,0,0,-0.0217008,-0.0105836,-0.0285673,0.00268229,0.015078,-0.00758846,0.0681732,0,0,0,1.20024e-12,-1.20024e-12,1.20024e-12,0,-1.20024e-12,0,0,0,0,0,0,0,0,0,0,0.905991,-4.43639e-09,0,1.20024e-12,-1.20024e-12,1.20024e-12,-1.20024e-12,-1.20024e-12,0,0,0,0,0,0,0,0,0,0,-4.43639e-09,0.905991,
-3.55534e-07,-0.57063,0.0181842,-0.00375134,0.00168242,0.000937375,-3.34253e-05,0,0,0.558134,-0.0251126,-0.103605,0.0337688,0.0117662,0.000870423,0.000170431,0,0,-9.31829e-08,-2,-0.00514423,-0.0134465,-0.00367978,-0.000174693,5.81412e-06,0,0,0.0310316,0.742453,0.0337121,0.0744757,-0.0197275,-0.0235048,0.0253978,0,0,-5.52267e-07,-0.355044,0.0808364,0.0104535,0.00473591,0.00237757,-7.63177e-05,0,0,-0.104398,-0.0154983,0.582208,-0.00378669,0.00687441,0.00748332,-0.00148168,0,0,1.92818e-07,-2,0.0050574,0.0500627,0.00500658,-0.000770176,-4.59552e-05,0,0,0.0371929,-0.088703,0.0037715,0.654791,0.00735206,0.0464402,0.00873308,0,0,-4.26013e-06,1.02705,0.0370014,0.0136142,-0.0481576,-0.0322639,0.000752327,0,0,0.131879,0.0453234,0.0744899,0.12823,0.406325,-0.0278824,0.0110408,0,0,7.00967e-07,-0.444315,0.00615945,-0.0433721,-0.0386669,0.0407324,0.00105415,0,0,0.0346439,-0.021947,0.0920753,0.55256,-0.0337391,0.423319,-0.00446335,0,0,7.39981e-08,-0.245159,0.00314962,0.0019066,0.00201411,0.00341683,0.00176976,0,0,-0.0216899,-0.010588,-0.0285657,0.00269272,0.0150673,-0.00759129,0.0681742,0,0,-1.20024e-12,0,0,0,1.20024e-12,0,0,-1.15223e-10,0,0,0,0,0,0,0,0,0.905991,-4.4568e-09,0,0,0,0,0,0,0,0,0,0,0,0,0,0,0,0,-4.4571e-09,0.905991,
3.55419e-07,-0.571444,0.0182049,-0.00376138,0.00168326,0.000937791,-3.30778e-05,0,0,0.558171,-0.0251485,-0.103681,0.0338337,0.0117653,0.000858959,0.000175074,0,0,9.31833e-08,-2,-0.00515137,-0.0134566,-0.00368364,-0.000173085,5.91883e-06,0,0,0.0310557,0.742471,0.0337444,0.0745205,-0.0197357,-0.0235299,0.0253971,0,0,5.5243e-07,-0.355698,0.0808295,0.0104457,0.00473882,0.00237776,-7.57454e-05,0,0,-0.104477,-0.0155269,0.582401,-0.00375169,0.00689652,0.00747521,-0.00147878,0,0,-1.92818e-07,-2,0.00505341,0.0500782,0.00500572,-0.000770607,-4.60817e-05,0,0,0.0372586,-0.0887621,0.00381528,0.654823,0.00734087,0.0464197,0.00874,0,0,4.26137e-06,1.02735,0.0369722,0.013623,-0.0481656,-0.0322727,0.000756065,0,0,0.131902,0.0453371,0.07473,0.128184,0.406381,-0.0278723,0.0110293,0,0,-7.00946e-07,-0.442024,0.00616873,-0.0433561,-0.0386745,0.0407698,0.00105277,0,0,0.0345792,-0.0218474,0.0920271,0.552479,-0.0337281,0.423343,-0.0044745,0,0,-7.394e-08,-0.245259,0.00315157,0.00190446,0.00201286,0.00341588,0.00177001,0,0,-0.021679,-0.0105924,-0.0285641,0.00270314,0.0150565,-0.00759414,0.0681752,0,0,0,1.20024e-12,0,-2.40048e-12,0,0,2.40048e-12,0,0,0,0,0,0,0,0,0,0.905991,-4.34817e-09,0,-1.20024e-12,0,0,0,0,0,0,0,0,0,0,0,0,0,0,-4.34877e-09,0.905991,
-8.67362e-13,-0.572259,0.0182266,-0.00377089,0.0016826,0.000938708,-3.30766e-05,0,0,0.558209,-0.0251845,-0.103758,0.0338988,0.0117644,0.000847471,0.000179724,0,0,1.84314e-12,-2,-0.0051585,-0.013467,-0.0036875,-0.000171058,5.94266e-06,0,0,0.0310798,0.74249,0.0337767,0.0745653,-0.019744,-0.023555,0.0253965,0,0,-3.46945e-12,-0.356352,0.0808237,0.0104389,0.00473904,0.00237864,-7.57368e-05,0,0,-0.104556,-0.0155556,0.582594,-0.00371659,0.00691861,0.00746706,-0.00147586,0,0,0,-2,0.00504893,0.0500932,0.00500564,-0.000770709,-4.60282e-05,0,0,0.0373244,-0.0888212,0.00385917,0.654856,0.00732968,0.0463992,0.00874693,0,0,-4.33681e-12,1.02765,0.0369515,0.0136405,-0.0481865,-0.0322772,0.000755821,0,0,0.131924,0.0453508,0.07497,0.128138,0.406437,-0.0278621,0.0110177,0,0,-2.08167e-11,-0.439732,0.00617662,-0.0433414,-0.0386799,0.0408056,0.00105189,0,0,0.0345144,-0.0217478,0.0919786,0.552397,-0.0337171,0.423367,-0.00448565,0,0,-5.20417e-12,-0.245358,0.00315338,0.00190214,0.00201181,0.00341482,0.00177028,0,0,-0.021668,-0.0105968,-0.0285626,0.00271355,0.0150457,-0.00759697,0.0681763,0,0,0,0,0,-2.40048e-12,0,-2.40048e-12,2.40048e-12,0,0,0,0,0,0,0,0,0,0.905991,4.14263e-09,0,0,0,0,0,0,3.60072e-12,0,0,0,0,0,0,0,0,0,4.14203e-09,0.905991,
1.73472e-12,-0.573075,0.0182483,-0.00378108,0.00168265,0.000939995,-3.30753e-05,0,0,0.558247,-0.0252206,-0.103835,0.033964,0.0117634,0.000835957,0.000184382,0,0,-1.92446e-12,-2,-0.00516577,-0.0134776,-0.00369117,-0.000168925,5.96513e-06,0,0,0.0311039,0.742508,0.033809,0.0746101,-0.0197522,-0.0235801,0.0253958,0,0,1.04083e-11,-0.357008,0.0808175,0.0104311,0.00474035,0.00238008,-7.57286e-05,0,0,-0.104635,-0.0155843,0.582787,-0.0036814,0.00694067,0.00745889,-0.00147294,0,0,0,-2,0.00504454,0.0501086,0.00500516,-0.000770993,-4.59753e-05,0,0,0.0373903,-0.0888803,0.00390315,0.654888,0.00731848,0.0463787,0.00875387,0,0,2.60209e-12,1.02795,0.0369262,0.0136495,-0.0481985,-0.0322773,0.000755589,0,0,0.131947,0.0453645,0.07521,0.128092,0.406493,-0.027852,0.0110061,0,0,-2.77556e-11,-0.437441,0.0061852,-0.0433253,-0.0386866,0.0408412,0.00105098,0,0,0.0344495,-0.0216482,0.0919299,0.552315,-0.0337061,0.423391,-0.00449681,0,0,-5.20417e-12,-0.245457,0.00315529,0.00189998,0.00201056,0.00341365,0.00177054,0,0,-0.021657,-0.0106012,-0.028561,0.00272395,0.015035,-0.00759981,0.0681773,0,0,0,0,0,0,0,0,1.20024e-12,0,0,0,0,0,0,0,0,0,0.905991,4.06882e-09,0,-1.20024e-12,1.20024e-12,0,0,0,-1.20024e-12,0,0,0,0,0,0,0,0,0,4.06822e-09,0.905991,
3.46945e-12,-0.573892,0.0182698,-0.0037911,0.0016835,0.000940427,-3.27285e-05,0,0,0.558285,-0.0252567,-0.103912,0.0340293,0.0117625,0.000824417,0.000189046,0,0,1.1601e-11,-2,-0.00517289,-0.0134876,-0.00369502,-0.000167305,6.06743e-06,0,0,0.031128,0.742527,0.0338414,0.0746549,-0.0197604,-0.0236051,0.0253952,0,0,1.04083e-11,-0.357666,0.0808112,0.0104233,0.00474324,0.00238027,-7.51557e-05,0,0,-0.104715,-0.015613,0.582979,-0.00364611,0.00696273,0.00745067,-0.00147001,0,0,0,-2,0.00504019,0.0501243,0.00500427,-0.000771427,-4.61021e-05,0,0,0.0374564,-0.0889394,0.00394723,0.654921,0.00730727,0.0463582,0.00876081,0,0,2.77556e-11,1.02825,0.0369009,0.0136584,-0.0482059,-0.0322859,0.000759337,0,0,0.131969,0.0453781,0.07545,0.128046,0.406549,-0.0278419,0.0109945,0,0,2.08167e-11,-0.435149,0.00619385,-0.0433091,-0.038694,0.0408794,0.00104956,0,0,0.0343843,-0.0215486,0.0918809,0.552233,-0.0336951,0.423414,-0.00450796,0,0,1.04083e-11,-0.245556,0.00315721,0.00189784,0.00200924,0.00341264,0.00177078,0,0,-0.021646,-0.0106056,-0.0285593,0.00273434,0.0150242,-0.00760265,0.0681784,0,0,0,0,0,0,1.20024e-12,0,-1.20024e-12,-1.20024e-12,0,0,0,0,0,0,0,0,0.905991,4.09852e-09,0,-2.40048e-12,0,1.20024e-12,0,0,0,-1.20024e-12,0,0,0,0,0,0,0,0,4.09822e-09,0.905991,
-3.46945e-12,-0.574709,0.0182915,-0.00380095,0.00168363,0.000941323,-3.34388e-05,0,0,0.558323,-0.0252928,-0.10399,0.0340948,0.0117615,0.000812851,0.000193718,0,0,-7.31836e-13,-2,-0.00518014,-0.013498,-0.00369874,-0.000165332,5.90203e-06,0,0,0.0311521,0.742545,0.0338737,0.0746997,-0.0197687,-0.0236302,0.0253945,0,0,-1.38778e-11,-0.358325,0.0808049,0.010416,0.00474474,0.0023811,-7.62509e-05,0,0,-0.104794,-0.0156419,0.583172,-0.00361071,0.00698477,0.00744242,-0.00146707,0,0,0,-2,0.00503577,0.0501396,0.00500375,-0.000771623,-4.56612e-05,0,0,0.0375226,-0.0889987,0.0039914,0.654953,0.00729606,0.0463376,0.00876775,0,0,1.47451e-11,1.02854,0.0368756,0.0136717,-0.0482178,-0.0322903,0.000750518,0,0,0.131992,0.0453918,0.0756899,0.128,0.406604,-0.0278318,0.010983,0,0,-2.08167e-11,-0.432858,0.00620252,-0.0432934,-0.0387006,0.0409159,0.0010501,0,0,0.0343191,-0.0214489,0.0918317,0.552151,-0.0336841,0.423438,-0.00451912,0,0,8.67362e-12,-0.245655,0.00315912,0.00189561,0.002008,0.00341158,0.00177121,0,0,-0.021635,-0.0106099,-0.0285577,0.00274473,0.0150135,-0.00760549,0.0681794,0,0,0,1.20024e-12,0,-1.20024e-12,2.40048e-12,-1.20024e-12,0,-1.15223e-10,0,0,0,0,0,0,0,0,0.905991,4.22635e-09,0,0,0,0,-1.20024e-12,0,0,0,0,0,0,0,0,0,0,0,4.22605e-09,0.905991,
-8.67362e-13,-0.575528,0.018313,-0.00381033,0.00168411,0.000941751,-3.34468e-05,0,0,0.558361,-0.025329,-0.104067,0.0341604,0.0117605,0.000801259,0.000198397,0,0,1.28207e-11,-2,-0.00518727,-0.0135078,-0.00370268,-0.000163708,5.91164e-06,0,0,0.0311761,0.742564,0.0339061,0.0747444,-0.0197769,-0.0236553,0.0253939,0,0,-3.46945e-12,-0.358986,0.0807987,0.0104093,0.00474706,0.00238128,-7.62308e-05,0,0,-0.104874,-0.0156708,0.583364,-0.00357521,0.00700681,0.00743414,-0.00146412,0,0,0,-2,0.00503138,0.0501548,0.00500305,-0.000772056,-4.55953e-05,0,0,0.0375889,-0.0890579,0.00403568,0.654985,0.00728483,0.0463171,0.0087747,0,0,1.73472e-12,1.02884,0.0368502,0.0136892,-0.0482295,-0.0322989,0.000749998,0,0,0.132014,0.0454054,0.0759297,0.127954,0.40666,-0.0278217,0.0109714,0,0,0,-0.430566,0.00621126,-0.0432784,-0.0387073,0.0409541,0.00104938,0,0,0.0342536,-0.0213493,0.0917822,0.55207,-0.0336731,0.423462,-0.00453027,0,0,-1.04083e-11,-0.245753,0.00316103,0.00189332,0.00200676,0.00341058,0.00177152,0,0,-0.0216239,-0.0106143,-0.0285561,0.0027551,0.0150027,-0.00760833,0.0681804,0,0,0,1.20024e-12,1.20024e-12,1.20024e-12,-1.20024e-12,-1.20024e-12,1.20024e-12,0,0,0,0,0,0,0,0,0,0.905991,-4.4649e-09,0,0,-1.20024e-12,0,0,0,0,0,0,0,0,0,0,0,0,0,-4.4643e-09,0.905991,
-3.46945e-12,-0.576348,0.0183347,-0.00381977,0.00168459,0.000942522,-3.34551e-05,0,0,0.558399,-0.0253652,-0.104144,0.0342261,0.0117595,0.00078964,0.000203083,0,0,1.072e-11,-2,-0.00519427,-0.0135176,-0.00370664,-0.000161998,5.92153e-06,0,0,0.0312002,0.742583,0.0339385,0.0747892,-0.0197852,-0.0236803,0.0253932,0,0,-1.38778e-11,-0.359648,0.0807928,0.0104024,0.00474941,0.00238201,-7.62102e-05,0,0,-0.104953,-0.0156997,0.583556,-0.00353961,0.00702884,0.00742582,-0.00146116,0,0,0,-2,0.00502681,0.05017,0.00500234,-0.000772699,-4.55285e-05,0,0,0.0376553,-0.0891172,0.00408006,0.655018,0.0072736,0.0462965,0.00878165,0,0,7.80626e-12,1.02913,0.0368291,0.0137066,-0.0482413,-0.0323034,0.000749463,0,0,0.132036,0.045419,0.0761695,0.127908,0.406716,-0.0278116,0.0109598,0,0,5.55112e-11,-0.428274,0.00621938,-0.0432633,-0.038714,0.0409914,0.00104869,0,0,0.034188,-0.0212497,0.0917324,0.551988,-0.0336621,0.423486,-0.00454142,0,0,0,-0.245852,0.00316285,0.00189102,0.00200555,0.00340953,0.00177184,0,0,-0.0216129,-0.0106187,-0.0285545,0.00276546,0.014992,-0.00761117,0.0681815,0,0,0,1.20024e-12,0,0,-2.40048e-12,0,0,0,0,0,0,0,0,0,0,0,0.905991,-4.56422e-09,0,1.20024e-12,0,0,1.20024e-12,0,0,0,0,0,0,0,0,0,0,0,-4.56332e-09,0.905991,
0,-0.57717,0.0183559,-0.00383012,0.00168429,0.000943434,-3.27451e-05,0,0,0.558437,-0.0254015,-0.104222,0.0342919,0.0117585,0.000777997,0.000207776,0,0,-6.77626e-14,-2,-0.00520164,-0.0135282,-0.00371042,-0.00015997,6.13052e-06,0,0,0.0312242,0.742602,0.0339709,0.0748339,-0.0197935,-0.0237053,0.0253925,0,0,0,-0.360312,0.080786,0.0103944,0.0047502,0.00238287,-7.50937e-05,0,0,-0.105033,-0.0157288,0.583748,-0.00350391,0.00705085,0.00741746,-0.0014582,0,0,0,-2,0.00502253,0.0501853,0.00500203,-0.000772827,-4.58596e-05,0,0,0.0377218,-0.0891765,0.00412454,0.65505,0.00726237,0.0462759,0.00878861,0,0,2.1684e-11,1.02943,0.0367994,0.0137157,-0.0482574,-0.0323078,0.000757742,0,0,0.132058,0.0454326,0.0764092,0.127862,0.406771,-0.0278015,0.0109483,0,0,6.93889e-12,-0.425982,0.00622892,-0.0432467,-0.03872,0.0410278,0.00104641,0,0,0.0341223,-0.0211501,0.0916824,0.551906,-0.033651,0.42351,-0.00455258,0,0,0,-0.24595,0.00316481,0.00188884,0.0020044,0.00340846,0.00177196,0,0,-0.0216018,-0.010623,-0.0285528,0.00277582,0.0149813,-0.00761401,0.0681825,0,0,0,1.20024e-12,0,2.40048e-12,0,-1.20024e-12,0,0,0,0,0,0,0,0,0,0,0.905991,-4.51651e-09,0,0,1.20024e-12,0,0,1.20024e-12,1.20024e-12,0,0,0,0,0,0,0,0,0,-4.51711e-09,0.905991,
0,-0.577991,0.0183782,-0.00384009,0.00168434,0.000944715,-3.34532e-05,0,0,0.558476,-0.0254378,-0.1043,0.0343579,0.0117575,0.000766328,0.000212477,0,0,-9.06664e-12,-2,-0.00520885,-0.0135386,-0.00371409,-0.000157837,5.96543e-06,0,0,0.0312483,0.742621,0.0340032,0.0748786,-0.0198018,-0.0237303,0.0253919,0,0,3.46945e-12,-0.360976,0.0807803,0.0103869,0.00475151,0.0023843,-7.61917e-05,0,0,-0.105113,-0.0157579,0.58394,-0.00346812,0.00707283,0.00740907,-0.00145523,0,0,0,-2,0.00501778,0.0502005,0.00500151,-0.000773137,-4.54209e-05,0,0,0.0377884,-0.0892358,0.00416912,0.655083,0.00725113,0.0462553,0.00879558,0,0,-7.80626e-12,1.02973,0.0367781,0.013729,-0.048269,-0.0323078,0.000748952,0,0,0.13208,0.0454462,0.0766489,0.127816,0.406827,-0.0277914,0.0109367,0,0,-2.08167e-11,-0.423692,0.00623705,-0.0432307,-0.0387265,0.0410638,0.0010469,0,0,0.0340563,-0.0210504,0.0916322,0.551824,-0.03364,0.423534,-0.00456374,0,0,0,-0.246049,0.00316665,0.00188659,0.00200314,0.00340729,0.00177237,0,0,-0.0215907,-0.0106274,-0.0285512,0.00278617,0.0149705,-0.00761685,0.0681835,0,0,0,0,-1.20024e-12,0,0,0,-1.20024e-12,0,0,0,0,0,0,0,0,0,0.905991,-4.34607e-09,0,1.20024e-12,-1.20024e-12,0,0,0,-1.20024e-12,0,0,0,0,0,0,0,0,0,-4.34637e-09,0.905991,
8.67362e-13,-0.578814,0.0183996,-0.00384966,0.00168446,0.000945625,-3.27447e-05,0,0,0.558514,-0.0254742,-0.104377,0.034424,0.0117564,0.000754634,0.000217184,0,0,3.38813e-13,-2,-0.00521635,-0.0135489,-0.0037178,-0.000155837,6.1712e-06,0,0,0.0312723,0.74264,0.0340356,0.0749232,-0.01981,-0.0237553,0.0253912,0,0,0,-0.361642,0.080773,0.0103801,0.00475296,0.00238515,-7.50735e-05,0,0,-0.105193,-0.015787,0.584133,-0.00343222,0.0070948,0.00740065,-0.00145225,0,0,0,-2,0.00501355,0.0502157,0.00500097,-0.00077332,-4.5751e-05,0,0,0.0378552,-0.0892952,0.00421379,0.655115,0.00723988,0.0462347,0.00880255,0,0,-1.73472e-12,1.03002,0.0367438,0.0137466,-0.0482804,-0.032312,0.000757215,0,0,0.132102,0.0454598,0.0768886,0.12777,0.406883,-0.0277813,0.0109252,0,0,2.08167e-11,-0.4214,0.00624731,-0.0432154,-0.038733,0.041101,0.0010446,0,0,0.0339903,-0.0209508,0.0915817,0.551742,-0.033629,0.423558,-0.0045749,0,0,8.67362e-13,-0.246147,0.00316873,0.00188427,0.00200184,0.00340618,0.00177249,0,0,-0.0215796,-0.0106317,-0.0285495,0.00279651,0.0149598,-0.00761968,0.0681846,0,0,0,-1.20024e-12,-1.20024e-12,-1.20024e-12,-1.20024e-12,1.20024e-12,-1.20024e-12,5.88118e-11,0,0,0,0,0,0,0,0,0.905991,4.09372e-09,0,1.20024e-12,1.20024e-12,1.20024e-12,1.20024e-12,-1.20024e-12,1.20024e-12,-1.20024e-12,0,0,0,0,0,0,0,0,4.09432e-09,0.905991,
6.93889e-12,-0.579638,0.0184218,-0.00386017,0.00168498,0.000946392,-3.34625e-05,0,0,0.558553,-0.0255106,-0.104455,0.0344902,0.0117553,0.000742913,0.000221898,0,0,1.04761e-11,-2,-0.00522342,-0.0135588,-0.00372177,-0.000154147,5.99191e-06,0,0,0.0312964,0.742659,0.0340681,0.0749679,-0.0198183,-0.0237803,0.0253905,0,0,2.42861e-11,-0.362311,0.0807673,0.0103716,0.00475539,0.00238585,-7.61594e-05,0,0,-0.105273,-0.0158163,0.584324,-0.00339621,0.00711677,0.00739219,-0.00144927,0,0,0,-2,0.00500881,0.0502316,0.00500021,-0.000774016,-4.52984e-05,0,0,0.037922,-0.0893546,0.00425857,0.655148,0.00722862,0.0462141,0.00880952,0,0,-1.73472e-12,1.03031,0.0367222,0.0137514,-0.0482916,-0.0323163,0.000748114,0,0,0.132124,0.0454734,0.0771282,0.127725,0.406938,-0.0277713,0.0109136,0,0,3.46945e-11,-0.419107,0.00625554,-0.0431979,-0.0387395,0.0411391,0.0010453,0,0,0.033924,-0.0208511,0.0915309,0.55166,-0.033618,0.423582,-0.00458606,0,0,2.60209e-12,-0.246245,0.00317058,0.00188219,0.00200057,0.0034051,0.00177296,0,0,-0.0215685,-0.0106361,-0.0285479,0.00280684,0.0149491,-0.00762252,0.0681856,0,0,0,-2.40048e-12,2.40048e-12,0,-2.40048e-12,-2.40048e-12,0,0,0,0,0,0,0,0,0,0,0.905991,3.98e-09,0,-1.20024e-12,0,-1.20024e-12,-1.20024e-12,-1.20024e-12,0,0,0,0,0,0,0,0,0,0,3.9803e-09,0.905991,
8.67362e-13,-0.580463,0.018443,-0.0038697,0.0016862,0.000946794,-3.31176e-05,0,0,0.558592,-0.0255471,-0.104533,0.0345565,0.0117543,0.000731165,0.00022662,0,0,7.06087e-12,-2,-0.00523064,-0.0135686,-0.00372557,-0.00015255,6.09341e-06,0,0,0.0313204,0.742678,0.0341005,0.0750125,-0.0198267,-0.0238053,0.0253898,0,0,0,-0.36298,0.0807604,0.0103646,0.00475892,0.002386,-7.5583e-05,0,0,-0.105353,-0.0158456,0.584516,-0.0033601,0.00713873,0.00738369,-0.00144627,0,0,0,-2,0.00500447,0.0502468,0.00499907,-0.000774522,-4.54228e-05,0,0,0.037989,-0.0894141,0.00430345,0.65518,0.00721735,0.0461935,0.0088165,0,0,-2.60209e-12,1.03061,0.0366923,0.0137689,-0.0482944,-0.0323249,0.000751823,0,0,0.132146,0.0454869,0.0773677,0.127679,0.406994,-0.0277612,0.0109021,0,0,0,-0.416815,0.00626527,-0.0431823,-0.0387475,0.0411776,0.00104392,0,0,0.0338576,-0.0207514,0.0914799,0.551578,-0.033607,0.423605,-0.00459722,0,0,0,-0.246343,0.00317255,0.00187989,0.00199919,0.00340413,0.0017732,0,0,-0.0215573,-0.0106404,-0.0285462,0.00281716,0.0149383,-0.00762536,0.0681866,0,0,-2.40048e-12,-2.40048e-12,2.40048e-12,2.40048e-12,-2.40048e-12,2.40048e-12,-2.40048e-12,0,0,0,0,0,0,0,0,0,0.905991,3.9698e-09,0,1.20024e-12,0,0,0,0,0,0,0,0,0,0,0,0,0,0,3.9695e-09,0.905991,
-3.46945e-12,-0.58129,0.0184647,-0.00387933,0.00168628,0.000947922,-3.31257e-05,0,0,0.558631,-0.0255836,-0.104611,0.034623,0.0117532,0.000719391,0.000231348,0,0,-7.63007e-12,-2,-0.00523768,-0.0135784,-0.0037296,-0.000150713,6.10347e-06,0,0,0.0313444,0.742697,0.0341329,0.0750572,-0.019835,-0.0238302,0.0253891,0,0,-1.04083e-11,-0.363651,0.0807545,0.0103575,0.00476064,0.00238728,-7.5562e-05,0,0,-0.105434,-0.0158749,0.584708,-0.00332389,0.00716069,0.00737516,-0.00144327,0,0,1.38778e-11,-2,0.00499975,0.0502618,0.00499854,-0.000775338,-4.53562e-05,0,0,0.0380561,-0.0894736,0.00434844,0.655213,0.00720608,0.0461728,0.00882349,0,0,-1.64799e-11,1.03091,0.0366709,0.0137865,-0.0483102,-0.032325,0.00075129,0,0,0.132167,0.0455004,0.0776071,0.127633,0.407049,-0.0277511,0.0108906,0,0,-2.08167e-11,-0.414523,0.00627366,-0.0431666,-0.0387534,0.0412144,0.00104323,0,0,0.033791,-0.0206518,0.0914286,0.551496,-0.033596,0.423629,-0.00460838,0,0,9.54098e-12,-0.24644,0.00317435,0.00187757,0.00199806,0.003403,0.00177352,0,0,-0.0215462,-0.0106448,-0.0285445,0.00282747,0.0149276,-0.0076282,0.0681877,0,0,0,0,0,0,0,0,0,0,0,0,0,0,0,0,0,0,0.905991,4.05111e-09,0,0,0,1.20024e-12,0,0,-1.20024e-12,0,0,0,0,0,0,0,0,0,4.05111e-09,0.905991,
-3.53826e-07,-0.582117,0.0184865,-0.00388951,0.00168628,0.000949197,-3.31245e-05,0,0,0.55867,-0.0256201,-0.104689,0.0346896,0.011752,0.000707592,0.000236085,0,0,-9.3235e-08,-2,-0.00524498,-0.0135889,-0.00373326,-0.000148553,6.12609e-06,0,0,0.0313684,0.742717,0.0341653,0.0751017,-0.0198433,-0.0238552,0.0253884,0,0,-5.54508e-07,-0.364324,0.0807481,0.0103497,0.00476188,0.00238871,-7.55526e-05,0,0,-0.105514,-0.0159044,0.5849,-0.00328758,0.00718262,0.00736659,-0.00144026,0,0,1.92402e-07,-2,0.0049951,0.0502768,0.00499801,-0.000775627,-4.53025e-05,0,0,0.0381233,-0.0895331,0.00439352,0.655245,0.0071948,0.0461522,0.00883048,0,0,-4.27673e-06,1.0312,0.0366452,0.0137999,-0.0483218,-0.032325,0.00075104,0,0,0.132189,0.0455139,0.0778465,0.127588,0.407104,-0.0277411,0.010879,0,0,7.01411e-07,-0.412231,0.00628277,-0.0431501,-0.0387599,0.0412502,0.00104233,0,0,0.0337243,-0.0205521,0.091377,0.551414,-0.033585,0.423654,-0.00461954,0,0,7.33059e-08,-0.246538,0.00317624,0.0018753,0.00199684,0.00340185,0.00177379,0,0,-0.021535,-0.0106491,-0.0285428,0.00283777,0.0149169,-0.00763105,0.0681887,0,0,0,0,0,-2.40048e-12,-2.40048e-12,0,0,0,0,0,0,0,0,0,0,0,0.905991,4.22605e-09,0,1.20024e-12,0,0,0,0,0,0,0,0,0,0,0,0,0,0,4.22605e-09,0.905991,
-3.53695e-07,-0.582945,0.0185086,-0.00390034,0.00168628,0.000950135,-3.31232e-05,0,0,0.558709,-0.0256567,-0.104767,0.0347563,0.0117509,0.000695769,0.000240828,0,0,-9.32374e-08,-2,-0.00525234,-0.0135995,-0.00373691,-0.000146471,6.14733e-06,0,0,0.0313924,0.742736,0.0341978,0.0751463,-0.0198516,-0.0238801,0.0253877,0,0,-5.54633e-07,-0.364999,0.0807419,0.010341,0.00476309,0.00238959,-7.55436e-05,0,0,-0.105594,-0.0159339,0.585091,-0.00325116,0.00720453,0.00735799,-0.00143724,0,0,1.92374e-07,-2,0.00499036,0.0502924,0.00499747,-0.000775711,-4.52495e-05,0,0,0.0381906,-0.0895926,0.0044387,0.655278,0.00718351,0.0461315,0.00883748,0,0,-4.27787e-06,1.03149,0.0366192,0.0138048,-0.048333,-0.0323291,0.000750802,0,0,0.13221,0.0455274,0.0780859,0.127542,0.40716,-0.027731,0.0108675,0,0,7.01439e-07,-0.409939,0.00629187,-0.0431321,-0.0387663,0.0412873,0.0010414,0,0,0.0336574,-0.0204525,0.0913253,0.551332,-0.033574,0.423678,-0.0046307,0,0,7.32522e-08,-0.246635,0.00317815,0.00187318,0.00199556,0.00340073,0.00177404,0,0,-0.0215238,-0.0106534,-0.0285411,0.00284806,0.0149062,-0.00763388,0.0681897,0,0,2.40048e-12,-1.20024e-12,-2.40048e-12,0,-1.20024e-12,0,-1.20024e-12,0,0,0,0,0,0,0,0,0,0.905991,-4.51561e-09,1.20024e-12,0,-1.20024e-12,0,-1.20024e-12,0,-1.20024e-12,0,0,0,0,0,0,0,0,0,-4.51561e-09,0.905991,
0,-0.583775,0.0185309,-0.00390996,0.00168707,0.000950926,-3.3485e-05,0,0,0.558748,-0.0256934,-0.104846,0.0348232,0.0117498,0.000683919,0.000245579,0,0,1.96512e-12,-2,-0.00525944,-0.0136093,-0.00374074,-0.000144711,6.06182e-06,0,0,0.0314164,0.742756,0.0342302,0.0751909,-0.01986,-0.023905,0.0253871,0,0,0,-0.365675,0.0807362,0.0103339,0.0047659,0.00239033,-7.60776e-05,0,0,-0.105675,-0.0159634,0.585283,-0.00321464,0.00722643,0.00734935,-0.00143421,0,0,1.38778e-11,-2,0.00498547,0.0503076,0.00499653,-0.000776333,-4.49912e-05,0,0,0.0382581,-0.0896522,0.00448398,0.65531,0.00717222,0.0461108,0.00884448,0,0,-9.54098e-12,1.03178,0.0365974,0.0138224,-0.0483397,-0.0323332,0.000745999,0,0,0.132232,0.0455408,0.0783252,0.127497,0.407215,-0.027721,0.010856,0,0,-2.08167e-11,-0.407647,0.00630032,-0.0431162,-0.0387734,0.0413255,0.00104137,0,0,0.0335904,-0.0203528,0.0912732,0.55125,-0.033563,0.423702,-0.00464186,0,0,0,-0.246733,0.00318,0.00187086,0.00199421,0.00339962,0.00177442,0,0,-0.0215126,-0.0106577,-0.0285394,0.00285835,0.0148955,-0.00763672,0.0681908,0,0,0,1.20024e-12,0,-1.20024e-12,0,0,1.20024e-12,-1.20024e-12,0,0,0,0,0,0,0,0,0.905991,-4.66564e-09,0,1.20024e-12,0,-1.20024e-12,0,0,1.20024e-12,0,0,0,0,0,0,0,0,0,-4.66474e-09,0.905991,
0,-0.584605,0.0185527,-0.00392011,0.00168715,0.000951828,-3.34851e-05,0,0,0.558788,-0.0257301,-0.104924,0.0348902,0.0117486,0.000672043,0.000250336,0,0,-9.43256e-12,-2,-0.00526688,-0.0136196,-0.00374445,-0.000142695,6.08155e-06,0,0,0.0314404,0.742776,0.0342627,0.0752354,-0.0198683,-0.0239299,0.0253864,0,0,6.93889e-12,-0.366351,0.0807293,0.0103262,0.0047673,0.00239116,-7.60663e-05,0,0,-0.105756,-0.0159931,0.585474,-0.00317802,0.00724831,0.00734067,-0.00143118,0,0,0,-2,0.00498088,0.0503228,0.00499595,-0.00077652,-4.49357e-05,0,0,0.0383256,-0.0897119,0.00452937,0.655343,0.00716092,0.0460901,0.00885148,0,0,3.81639e-11,1.03208,0.036567,0.0138358,-0.0483508,-0.0323375,0.000745705,0,0,0.132253,0.0455543,0.0785644,0.127452,0.40727,-0.0277109,0.0108445,0,0,-4.85723e-11,-0.405356,0.00631022,-0.0430995,-0.0387798,0.0413628,0.00104048,0,0,0.0335232,-0.0202532,0.0912209,0.551168,-0.033552,0.423726,-0.00465302,0,0,-6.93889e-12,-0.24683,0.00318198,0.00186859,0.00199293,0.00339853,0.00177469,0,0,-0.0215014,-0.010662,-0.0285377,0.00286862,0.0148848,-0.00763956,0.0681918,0,0,0,0,0,-1.20024e-12,0,-1.20024e-12,1.20024e-12,0,0,0,0,0,0,0,0,0,0.905991,-4.65604e-09,0,0,0,0,0,0,0,0,0,0,0,0,0,0,0,0,-4.65574e-09,0.905991,
0,-0.585436,0.0185746,-0.00392979,0.00168686,0.000952262,-3.27864e-05,0,0,0.558828,-0.0257668,-0.105003,0.0349573,0.0117474,0.000660141,0.000255101,0,0,1.11266e-11,-2,-0.00527409,-0.0136294,-0.00374856,-0.000141023,6.27627e-06,0,0,0.0314644,0.742795,0.0342952,0.0752799,-0.0198767,-0.0239548,0.0253857,0,0,-3.46945e-12,-0.367031,0.080723,0.0103191,0.00476843,0.00239133,-7.49353e-05,0,0,-0.105837,-0.0160228,0.585666,-0.0031413,0.00727019,0.00733196,-0.00142814,0,0,0,-2,0.00497613,0.050338,0.00499557,-0.000776947,-4.52542e-05,0,0,0.0383933,-0.0897715,0.00457486,0.655375,0.00714961,0.0460694,0.00885849,0,0,-1.30104e-11,1.03236,0.0365408,0.0138535,-0.0483702,-0.0323459,0.000753742,0,0,0.132274,0.0455677,0.0788036,0.127406,0.407326,-0.0277009,0.010833,0,0,0,-0.403064,0.00631947,-0.0430834,-0.0387848,0.0414018,0.00103835,0,0,0.0334559,-0.0201535,0.0911683,0.551086,-0.0335409,0.42375,-0.00466418,0,0,-9.54098e-12,-0.246927,0.00318389,0.00186627,0.0019918,0.00339751,0.00177485,0,0,-0.0214901,-0.0106663,-0.028536,0.00287889,0.0148741,-0.0076424,0.0681928,0,0,0,-1.20024e-12,0,0,-1.20024e-12,0,0,1.20024e-12,0,0,0,0,0,0,0,0,0.905991,-4.5051e-09,0,0,-1.20024e-12,0,0,0,0,-1.16423e-10,0,0,0,0,0,0,0,0,-4.5051e-09,0.905991,
5.20417e-12,-0.586269,0.0185961,-0.0039399,0.00168764,0.000953038,-3.31481e-05,0,0,0.558867,-0.0258036,-0.105081,0.0350245,0.0117462,0.000648212,0.000259874,0,0,-1.20889e-11,-2,-0.00528137,-0.0136393,-0.00375241,-0.000139266,6.19154e-06,0,0,0.0314884,0.742815,0.0343277,0.0753244,-0.0198851,-0.0239797,0.0253849,0,0,2.42861e-11,-0.367711,0.0807161,0.0103113,0.00477124,0.00239206,-7.54689e-05,0,0,-0.105918,-0.0160525,0.585857,-0.00310446,0.00729205,0.00732322,-0.00142509,0,0,-1.38778e-11,-2,0.00497158,0.0503533,0.00499462,-0.000777583,-4.49952e-05,0,0,0.0384611,-0.0898312,0.00462045,0.655408,0.00713829,0.0460487,0.00886551,0,0,4.33681e-12,1.03266,0.0365105,0.0138669,-0.0483769,-0.0323501,0.000748921,0,0,0.132295,0.0455811,0.0790427,0.127361,0.407381,-0.0276909,0.0108215,0,0,0,-0.400772,0.00632951,-0.0430665,-0.0387919,0.0414399,0.00103834,0,0,0.0333884,-0.0200538,0.0911155,0.551005,-0.0335299,0.423774,-0.00467534,0,0,8.67362e-13,-0.247024,0.00318585,0.00186401,0.00199049,0.00339644,0.00177524,0,0,-0.0214789,-0.0106706,-0.0285343,0.00288914,0.0148634,-0.00764525,0.0681938,0,0,0,-1.20024e-12,1.20024e-12,-1.20024e-12,0,2.40048e-12,-1.20024e-12,0,0,0,0,0,0,0,0,0,0.905991,4.25485e-09,0,0,-2.40048e-12,1.20024e-12,0,-1.20024e-12,0,0,0,0,0,0,0,0,0,0,4.25485e-09,0.905991,
3.53076e-07,-0.587102,0.0186181,-0.0039509,0.00168799,0.000953957,-3.31473e-05,0,0,0.558907,-0.0258404,-0.10516,0.0350919,0.011745,0.000636259,0.000264653,0,0,9.32749e-08,-2,-0.00528872,-0.0136499,-0.00375599,-0.000137196,6.21295e-06,0,0,0.0315123,0.742835,0.0343602,0.0753689,-0.0198935,-0.0240045,0.0253842,0,0,5.55434e-07,-0.368393,0.0807098,0.0103023,0.00477304,0.00239291,-7.54586e-05,0,0,-0.105999,-0.0160824,0.586048,-0.00306753,0.0073139,0.00731443,-0.00142203,0,0,-1.9218e-07,-2,0.00496674,0.0503687,0.00499386,-0.0007777,-4.4941e-05,0,0,0.038529,-0.089891,0.00466614,0.65544,0.00712696,0.0460279,0.00887253,0,0,4.28371e-06,1.03295,0.0364843,0.0138718,-0.0483838,-0.0323543,0.000748658,0,0,0.132316,0.0455945,0.0792817,0.127316,0.407436,-0.0276808,0.01081,0,0,-7.0164e-07,-0.398481,0.00633887,-0.043048,-0.0387989,0.041477,0.00103744,0,0,0.0333207,-0.0199542,0.0910625,0.550923,-0.0335189,0.423798,-0.0046865,0,0,-7.29937e-08,-0.247121,0.00318775,0.00186188,0.00198916,0.00339535,0.0017755,0,0,-0.0214676,-0.0106749,-0.0285325,0.00289938,0.0148527,-0.00764809,0.0681949,0,0,0,0,0,0,0,0,0,0,0,0,0,0,0,0,0,0,0.905991,4.15343e-09,0,1.20024e-12,0,0,0,0,0,0,0,0,0,0,0,0,0,0,4.15403e-09,0.905991,
2.60209e-12,-0.587937,0.0186408,-0.00396081,0.00168764,0.000955243,-3.31463e-05,0,0,0.558947,-0.0258773,-0.105239,0.0351594,0.0117437,0.00062428,0.00026944,0,0,-8.52454e-12,-2,-0.00529602,-0.0136602,-0.00375973,-0.000135019,6.2331e-06,0,0,0.0315363,0.742855,0.0343927,0.0754134,-0.0199019,-0.0240293,0.0253835,0,0,1.73472e-11,-0.369077,0.0807041,0.010295,0.0047737,0.00239434,-7.54488e-05,0,0,-0.10608,-0.0161123,0.586239,-0.00303049,0.00733572,0.00730562,-0.00141896,0,0,1.38778e-11,-2,0.00496163,0.0503837,0.00499348,-0.000777998,-4.48875e-05,0,0,0.0385971,-0.0899507,0.00471194,0.655473,0.00711563,0.0460072,0.00887956,0,0,6.07153e-12,1.03323,0.0364622,0.0138896,-0.0483989,-0.0323541,0.000748406,0,0,0.132337,0.0456079,0.0795208,0.127271,0.407491,-0.0276708,0.0107985,0,0,-1.38778e-11,-0.396189,0.00634752,-0.0430317,-0.0388045,0.0415138,0.00103651,0,0,0.0332529,-0.0198545,0.0910091,0.550841,-0.0335079,0.423822,-0.00469767,0,0,6.07153e-12,-0.247217,0.00318959,0.00185952,0.00198793,0.00339415,0.00177576,0,0,-0.0214563,-0.0106792,-0.0285308,0.00290962,0.014842,-0.00765092,0.0681959,0,0,0,0,0,0,0,0,0,0,0,0,0,0,0,0,0,0,0.905991,4.16664e-09,0,0,0,0,0,0,0,0,0,0,0,0,0,0,0,0,4.16634e-09,0.905991,
3.52818e-07,-0.588772,0.0186633,-0.00397105,0.00168769,0.000955455,-3.34993e-05,0,0,0.558987,-0.0259142,-0.105318,0.035227,0.0117425,0.000612275,0.000274234,0,0,9.32591e-08,-2,-0.00530342,-0.0136705,-0.00376342,-0.000133161,6.15795e-06,0,0,0.0315602,0.742876,0.0344252,0.0754578,-0.0199103,-0.0240542,0.0253828,0,0,5.55743e-07,-0.369761,0.0806979,0.0102872,0.00477504,0.00239407,-7.59932e-05,0,0,-0.106161,-0.0161422,0.58643,-0.00299335,0.00735753,0.00729676,-0.00141589,0,0,-1.9211e-07,-2,0.00495664,0.0503989,0.00499288,-0.000777786,-4.46404e-05,0,0,0.0386652,-0.0900106,0.00475784,0.655505,0.0071043,0.0459864,0.00888659,0,0,4.286e-06,1.03353,0.0364356,0.0139032,-0.0484094,-0.0323668,0.000743836,0,0,0.132358,0.0456213,0.0797598,0.127226,0.407546,-0.0276608,0.010787,0,0,-7.01668e-07,-0.393898,0.0063569,-0.0430146,-0.0388107,0.0415532,0.0010363,0,0,0.0331849,-0.0197549,0.0909555,0.550758,-0.0334969,0.423846,-0.00470883,0,0,-7.29044e-08,-0.247314,0.00319152,0.00185724,0.00198661,0.00339316,0.0017761,0,0,-0.021445,-0.0106835,-0.028529,0.00291985,0.0148313,-0.00765376,0.0681969,0,0,-1.20024e-12,0,-1.20024e-12,0,0,0,1.20024e-12,0,0,0,0,0,0,0,0,0,0.905991,4.28306e-09,0,0,-2.40048e-12,0,-1.20024e-12,1.20024e-12,0,0,0,0,0,0,0,0,0,0,4.28216e-09,0.905991,
-8.67362e-13,-0.589608,0.0186853,-0.00398115,0.00168816,0.000956228,-3.31557e-05,0,0,0.559027,-0.0259512,-0.105397,0.0352947,0.0117412,0.000600244,0.000279035,0,0,5.42101e-14,-2,-0.00531076,-0.0136802,-0.00376738,-0.000131422,6.25695e-06,0,0,0.0315842,0.742896,0.0344577,0.0755023,-0.0199187,-0.024079,0.0253821,0,0,-3.46945e-12,-0.370447,0.0806911,0.0102794,0.00477738,0.00239477,-7.54148e-05,0,0,-0.106242,-0.0161723,0.586621,-0.0029561,0.00737933,0.00728787,-0.0014128,0,0,0,-2,0.00495191,0.0504143,0.00499207,-0.000778474,-4.4765e-05,0,0,0.0387335,-0.0900704,0.00480384,0.655538,0.00709295,0.0459656,0.00889363,0,0,-3.1225e-11,1.03382,0.0364048,0.0139167,-0.0484198,-0.0323708,0.000747562,0,0,0.132379,0.0456346,0.0799987,0.127181,0.407601,-0.0276508,0.0107755,0,0,0,-0.391607,0.00636706,-0.0429973,-0.0388169,0.0415922,0.00103488,0,0,0.0331167,-0.0196552,0.0909017,0.550676,-0.0334859,0.423871,-0.00472,0,0,1.04083e-11,-0.24741,0.00319352,0.00185499,0.0019853,0.00339206,0.00177633,0,0,-0.0214337,-0.0106878,-0.0285273,0.00293007,0.0148206,-0.0076566,0.0681979,0,0,0,0,0,0,0,0,-2.40048e-12,1.20024e-12,0,0,0,0,0,0,0,0,0.905991,-4.51381e-09,0,0,0,-2.40048e-12,0,-2.40048e-12,0,-1.15223e-10,0,0,0,0,0,0,0,0,-4.51471e-09,0.905991,
2.60209e-12,-0.590446,0.0187077,-0.00399134,0.00168861,0.000956989,-3.28124e-05,0,0,0.559068,-0.0259882,-0.105476,0.0353626,0.0117399,0.000588185,0.000283844,0,0,1.39998e-11,-2,-0.00531789,-0.01369,-0.00377135,-0.000129685,6.35709e-06,0,0,0.0316081,0.742916,0.0344902,0.0755467,-0.0199271,-0.0241038,0.0253814,0,0,-6.93889e-12,-0.371136,0.0806853,0.0102715,0.00477971,0.00239546,-7.48357e-05,0,0,-0.106324,-0.0162024,0.586812,-0.00291874,0.00740113,0.00727894,-0.00140971,0,0,-1.38778e-11,-2,0.00494682,0.0504296,0.00499125,-0.000779164,-4.4889e-05,0,0,0.0388019,-0.0901303,0.00484995,0.65557,0.00708159,0.0459449,0.00890067,0,0,1.12757e-11,1.03411,0.0363826,0.0139301,-0.0484304,-0.032375,0.000751281,0,0,0.1324,0.0456479,0.0802375,0.127136,0.407656,-0.0276408,0.010764,0,0,-1.38778e-11,-0.389314,0.00637591,-0.0429799,-0.0388232,0.0416307,0.00103348,0,0,0.0330484,-0.0195555,0.0908476,0.550594,-0.0334749,0.423895,-0.00473116,0,0,4.33681e-12,-0.247507,0.00319534,0.00185273,0.00198403,0.00339098,0.00177658,0,0,-0.0214223,-0.010692,-0.0285255,0.00294028,0.01481,-0.00765944,0.068199,0,0,0,0,0,0,0,0,0,0,0,0,0,0,0,0,0,0,0.905991,-4.60142e-09,0,-1.20024e-12,1.20024e-12,-1.20024e-12,0,0,1.20024e-12,0,0,0,0,0,0,0,0,0,-4.60082e-09,0.905991,
3.52452e-07,-0.591284,0.0187295,-0.00400128,0.00168899,0.00095812,-3.28206e-05,0,0,0.559108,-0.0260253,-0.105556,0.0354306,0.0117386,0.000576101,0.00028866,0,0,9.3279e-08,-2,-0.00532511,-0.0136998,-0.00377527,-0.000127802,6.3658e-06,0,0,0.031632,0.742937,0.0345228,0.075591,-0.0199355,-0.0241286,0.0253806,0,0,5.56222e-07,-0.371825,0.0806789,0.010264,0.00478189,0.00239674,-7.4814e-05,0,0,-0.106405,-0.0162326,0.587002,-0.00288128,0.00742292,0.00726998,-0.00140661,0,0,-1.92027e-07,-2,0.00494193,0.0504446,0.00499047,-0.000779973,-4.48223e-05,0,0,0.0388704,-0.0901902,0.00489616,0.655603,0.00707023,0.0459241,0.00890772,0,0,4.28955e-06,1.03439,0.0363562,0.0139479,-0.0484411,-0.0323749,0.000750745,0,0,0.13242,0.0456612,0.0804763,0.127091,0.407711,-0.0276308,0.0107526,0,0,-7.01758e-07,-0.387023,0.00638554,-0.0429631,-0.0388295,0.0416683,0.00103276,0,0,0.0329799,-0.0194559,0.0907932,0.550512,-0.0334639,0.423919,-0.00474232,0,0,-7.27552e-08,-0.247603,0.00319722,0.00185038,0.00198279,0.00338983,0.00177689,0,0,-0.0214109,-0.0106963,-0.0285237,0.00295047,0.0147993,-0.00766229,0.0682,0,0,0,0,0,0,1.20024e-12,0,0,0,0,0,0,0,0,0,0,0,0.905991,-4.53931e-09,0,0,0,0,-1.20024e-12,0,0,0,0,0,0,0,0,0,0,0,-4.53931e-09,0.905991,
3.52328e-07,-0.592124,0.0187514,-0.00401211,0.00168893,0.000959401,-3.31717e-05,0,0,0.559149,-0.0260624,-0.105635,0.0354987,0.0117373,0.000563992,0.000293483,0,0,9.32792e-08,-2,-0.00533259,-0.0137103,-0.00377891,-0.000125599,6.29397e-06,0,0,0.0316559,0.742957,0.0345553,0.0756354,-0.019944,-0.0241533,0.0253799,0,0,5.56388e-07,-0.372517,0.0806719,0.0102553,0.00478303,0.00239816,-7.53601e-05,0,0,-0.106487,-0.0162628,0.587193,-0.00284371,0.00744468,0.00726098,-0.0014035,0,0,-1.91985e-07,-2,0.0049371,0.0504598,0.00498989,-0.00078025,-4.45766e-05,0,0,0.038939,-0.0902501,0.00494247,0.655635,0.00705886,0.0459032,0.00891477,0,0,4.29063e-06,1.03468,0.0363254,0.0139572,-0.0484519,-0.0323747,0.000746202,0,0,0.132441,0.0456745,0.080715,0.127046,0.407766,-0.0276208,0.0107411,0,0,-7.01751e-07,-0.384732,0.00639588,-0.0429448,-0.0388357,0.0417049,0.00103255,0,0,0.0329113,-0.0193562,0.0907386,0.55043,-0.0334529,0.423944,-0.00475348,0,0,-7.26971e-08,-0.247699,0.00319918,0.00184815,0.00198153,0.00338866,0.00177722,0,0,-0.0213996,-0.0107005,-0.0285219,0.00296066,0.0147886,-0.00766513,0.068201,0,0,-2.40048e-12,0,1.20024e-12,1.20024e-12,0,0,1.20024e-12,0,0,0,0,0,0,0,0,0,0.905991,-4.35537e-09,0,2.40048e-12,1.20024e-12,0,0,0,1.20024e-12,0,0,0,0,0,0,0,0,0,-4.35507e-09,0.905991,
-3.52199e-07,-0.592964,0.0187739,-0.00402255,0.00168888,0.000959639,-3.28183e-05,0,0,0.55919,-0.0260995,-0.105715,0.035567,0.011736,0.000551858,0.000298313,0,0,-9.32848e-08,-2,-0.00534002,-0.0137207,-0.00378255,-0.000123666,6.40712e-06,0,0,0.0316798,0.742978,0.0345879,0.0756797,-0.0199524,-0.0241781,0.0253792,0,0,-5.56541e-07,-0.373209,0.0806657,0.0102472,0.00478416,0.00239793,-7.47938e-05,0,0,-0.106569,-0.0162931,0.587384,-0.00280604,0.00746642,0.00725195,-0.00140039,0,0,1.91958e-07,-2,0.00493199,0.0504748,0.00498929,-0.000779946,-4.47155e-05,0,0,0.0390077,-0.0903101,0.00498889,0.655668,0.00704749,0.0458824,0.00892183,0,0,-4.29181e-06,1.03498,0.0362986,0.0139708,-0.0484623,-0.0323872,0.000750249,0,0,0.132461,0.0456878,0.0809536,0.127002,0.407821,-0.0276108,0.0107296,0,0,7.01772e-07,-0.382442,0.00640551,-0.0429271,-0.0388418,0.0417442,0.0010309,0,0,0.0328426,-0.0192566,0.0906837,0.550348,-0.0334419,0.423968,-0.00476465,0,0,7.26424e-08,-0.247795,0.00320109,0.00184585,0.00198022,0.00338766,0.0017774,0,0,-0.0213882,-0.0107048,-0.0285202,0.00297083,0.014778,-0.00766796,0.068202,0,0,0,0,1.20024e-12,-1.20024e-12,0,0,0,0,0,0,0,0,0,0,0,0,0.905991,4.09162e-09,0,0,0,1.20024e-12,1.20024e-12,0,0,0,0,0,0,0,0,0,0,0,4.09252e-09,0.905991,
-8.67362e-13,-0.593806,0.0187967,-0.00403259,0.0016889,0.000960917,-3.31704e-05,0,0,0.559231,-0.0261367,-0.105794,0.0356354,0.0117346,0.000539698,0.000303151,0,0,1.08014e-11,-2,-0.00534747,-0.0137309,-0.00378622,-0.000121496,6.33149e-06,0,0,0.0317037,0.742999,0.0346205,0.0757241,-0.0199609,-0.0242028,0.0253785,0,0,-6.93889e-12,-0.373904,0.0806595,0.0102398,0.00478543,0.00239933,-7.5339e-05,0,0,-0.106651,-0.0163235,0.587574,-0.00276827,0.00748814,0.00724288,-0.00139726,0,0,0,-2,0.00492682,0.0504898,0.00498866,-0.000780291,-4.44689e-05,0,0,0.0390766,-0.0903701,0.00503541,0.6557,0.00703611,0.0458616,0.00892889,0,0,1.9082e-11,1.03526,0.0362717,0.0139887,-0.0484725,-0.0323869,0.000745678,0,0,0.132482,0.0457011,0.0811923,0.126957,0.407876,-0.0276009,0.0107182,0,0,2.77556e-11,-0.38015,0.00641516,-0.0429102,-0.0388479,0.0417818,0.00103068,0,0,0.0327736,-0.0191569,0.0906286,0.550266,-0.0334308,0.423992,-0.00477581,0,0,-1.56125e-11,-0.24789,0.00320302,0.00184348,0.00197888,0.00338644,0.00177773,0,0,-0.0213767,-0.010709,-0.0285184,0.00298101,0.0147673,-0.0076708,0.068203,0,0,0,0,0,0,0,1.20024e-12,0,0,0,0,0,0,0,0,0,0,0.905991,3.9707e-09,0,0,-1.20024e-12,0,0,0,0,-1.20024e-12,0,0,0,0,0,0,0,0,3.9698e-09,0.905991,
-3.46945e-12,-0.594648,0.0188192,-0.00404355,0.00168898,0.000961696,-3.31795e-05,0,0,0.559272,-0.026174,-0.105874,0.0357039,0.0117332,0.000527511,0.000307996,0,0,-4.63496e-12,-2,-0.00535477,-0.0137408,-0.00379026,-0.000119728,6.33653e-06,0,0,0.0317276,0.743019,0.034653,0.0757684,-0.0199693,-0.0242276,0.0253777,0,0,-1.73472e-11,-0.374599,0.0806532,0.0102307,0.00478714,0.00240004,-7.53162e-05,0,0,-0.106733,-0.016354,0.587764,-0.00273038,0.00750985,0.00723377,-0.00139413,0,0,-1.38778e-11,-2,0.0049217,0.0505056,0.00498802,-0.000780967,-4.44016e-05,0,0,0.0391456,-0.0904301,0.00508203,0.655733,0.00702471,0.0458407,0.00893596,0,0,1.21431e-11,1.03555,0.0362448,0.0139937,-0.0484868,-0.0323908,0.000745119,0,0,0.132502,0.0457143,0.0814309,0.126912,0.407931,-0.0275909,0.0107067,0,0,4.85723e-11,-0.37786,0.00642489,-0.042891,-0.0388533,0.0418211,0.00102994,0,0,0.0327045,-0.0190573,0.0905732,0.550184,-0.0334198,0.424017,-0.00478698,0,0,-6.07153e-12,-0.247986,0.00320495,0.00184136,0.00197763,0.00338532,0.00177804,0,0,-0.0213653,-0.0107133,-0.0285165,0.00299117,0.0147567,-0.00767364,0.0682041,0,0,0,0,-1.20024e-12,0,0,0,-1.20024e-12,0,0,0,0,0,0,0,0,0,0.905991,3.95209e-09,0,1.20024e-12,-1.20024e-12,0,0,0,-1.20024e-12,0,0,0,0,0,0,0,0,0,3.95239e-09,0.905991,
0,-0.595492,0.0188418,-0.0040532,0.00168975,0.000962461,-3.31887e-05,0,0,0.559313,-0.0262113,-0.105954,0.0357726,0.0117318,0.000515297,0.000312848,0,0,1.10453e-11,-2,-0.00536194,-0.0137504,-0.00379412,-0.000117963,6.34273e-06,0,0,0.0317514,0.74304,0.0346856,0.0758127,-0.0199778,-0.0242523,0.025377,0,0,-3.46945e-12,-0.375297,0.0806474,0.0102236,0.00478997,0.00240073,-7.52929e-05,0,0,-0.106815,-0.0163845,0.587955,-0.00269239,0.00753157,0.00722462,-0.00139099,0,0,0,-2,0.00491642,0.0505205,0.00498699,-0.000781649,-4.43336e-05,0,0,0.0392147,-0.0904902,0.00512876,0.655766,0.00701331,0.0458199,0.00894303,0,0,-6.93889e-12,1.03583,0.0362222,0.0140158,-0.0484926,-0.0323949,0.00074455,0,0,0.132522,0.0457275,0.0816693,0.126868,0.407986,-0.0275809,0.0106953,0,0,2.77556e-11,-0.375569,0.00643401,-0.0428744,-0.0388601,0.0418601,0.00102923,0,0,0.0326353,-0.0189576,0.0905175,0.550102,-0.0334088,0.424041,-0.00479814,0,0,6.07153e-12,-0.248081,0.00320678,0.00183893,0.00197627,0.00338423,0.00177835,0,0,-0.0213539,-0.0107175,-0.0285147,0.00300132,0.014746,-0.00767648,0.0682051,0,0,0,1.20024e-12,0,-1.20024e-12,1.20024e-12,-1.20024e-12,0,0,0,0,0,0,0,0,0,0,0.905991,4.02471e-09,0,0,3.60072e-12,0,-3.60072e-12,3.60072e-12,0,0,0,0,0,0,0,0,0,0,4.02411e-09,0.905991,
3.517e-07,-0.596338,0.0188636,-0.00406365,0.00168974,0.000963244,-3.35484e-05,0,0,0.559354,-0.0262486,-0.106034,0.0358414,0.0117304,0.000503058,0.000317708,0,0,9.32938e-08,-2,-0.00536929,-0.0137602,-0.00379813,-0.000116149,6.25745e-06,0,0,0.0317753,0.743061,0.0347182,0.0758569,-0.0199863,-0.024277,0.0253762,0,0,5.57176e-07,-0.375997,0.0806405,0.0102154,0.00479154,0.00240145,-7.58283e-05,0,0,-0.106897,-0.0164151,0.588145,-0.00265428,0.00755327,0.00721544,-0.00138784,0,0,-1.91819e-07,-2,0.00491153,0.0505356,0.00498637,-0.000782258,-4.40752e-05,0,0,0.0392839,-0.0905503,0.0051756,0.655798,0.0070019,0.045799,0.00895011,0,0,4.29636e-06,1.03611,0.0361911,0.0140294,-0.0485072,-0.0323989,0.000739716,0,0,0.132542,0.0457407,0.0819077,0.126823,0.408041,-0.0275709,0.0106838,0,0,-7.01904e-07,-0.373278,0.0064446,-0.0428563,-0.0388656,0.0418988,0.00102921,0,0,0.0325659,-0.018858,0.0904616,0.55002,-0.0333978,0.424065,-0.0048093,0,0,-7.24351e-08,-0.248177,0.00320873,0.00183664,0.00197509,0.00338314,0.00177873,0,0,-0.0213424,-0.0107217,-0.0285129,0.00301146,0.0147354,-0.00767933,0.0682061,0,0,0,-1.20024e-12,0,0,0,1.20024e-12,-1.20024e-12,0,0,0,0,0,0,0,0,0,0.905991,4.18914e-09,-1.20024e-12,0,0,1.20024e-12,0,1.20024e-12,0,0,0,0,0,0,0,0,0,0,4.18914e-09,0.905991,
-1.73472e-12,-0.597183,0.0188867,-0.00407498,0.00169,0.000964528,-3.28437e-05,0,0,0.559395,-0.026286,-0.106114,0.0359103,0.011729,0.000490793,0.000322575,0,0,1.80249e-12,-2,-0.00537654,-0.0137708,-0.00380166,-0.000113923,6.46492e-06,0,0,0.0317992,0.743082,0.0347508,0.0759012,-0.0199948,-0.0243017,0.0253755,0,0,-3.46945e-12,-0.376697,0.0806352,0.0102059,0.00479318,0.00240288,-7.47035e-05,0,0,-0.106979,-0.0164457,0.588335,-0.00261608,0.00757494,0.00720622,-0.00138468,0,0,0,-2,0.00490593,0.0505509,0.00498557,-0.000782526,-4.44053e-05,0,0,0.0393532,-0.0906105,0.00522254,0.655831,0.00699049,0.0457781,0.0089572,0,0,8.67362e-13,1.0364,0.0361728,0.0140345,-0.0485133,-0.0323987,0.000748056,0,0,0.132562,0.0457539,0.082146,0.126779,0.408095,-0.027561,0.0106724,0,0,-6.93889e-12,-0.370988,0.00645311,-0.0428367,-0.0388723,0.0419358,0.00102688,0,0,0.0324963,-0.0187584,0.0904055,0.549938,-0.0333868,0.42409,-0.00482046,0,0,-8.67362e-13,-0.248272,0.00321047,0.00183447,0.00197374,0.00338195,0.00177884,0,0,-0.0213309,-0.0107259,-0.0285111,0.00302158,0.0147247,-0.00768217,0.0682071,0,0,0,0,0,1.20024e-12,0,0,0,0,0,0,0,0,0,0,0,0,0.905991,-4.4649e-09,0,3.60072e-12,0,-1.20024e-12,0,-2.40048e-12,2.40048e-12,0,0,0,0,0,0,0,0,0,-4.464e-09,0.905991,
-8.67362e-13,-0.59803,0.0189088,-0.00408523,0.00169027,0.000965124,-3.28426e-05,0,0,0.559437,-0.0263234,-0.106194,0.0359793,0.0117276,0.000478504,0.00032745,0,0,-9.1073e-12,-2,-0.00538421,-0.0137811,-0.00380519,-0.000111875,6.48421e-06,0,0,0.031823,0.743104,0.0347835,0.0759454,-0.0200033,-0.0243263,0.0253748,0,0,3.46945e-12,-0.377399,0.0806279,0.0101982,0.00479481,0.00240319,-7.46932e-05,0,0,-0.107062,-0.0164764,0.588525,-0.00257776,0.00759659,0.00719697,-0.00138152,0,0,1.38778e-11,-2,0.00490101,0.0505658,0.00498476,-0.000782406,-4.43522e-05,0,0,0.0394227,-0.0906706,0.00526958,0.655863,0.00697907,0.0457572,0.00896429,0,0,2.60209e-12,1.03669,0.0361371,0.0140525,-0.048519,-0.0324068,0.000747812,0,0,0.132582,0.045767,0.0823843,0.126734,0.40815,-0.027551,0.010661,0,0,-2.08167e-11,-0.368699,0.00646442,-0.0428192,-0.038879,0.0419747,0.00102592,0,0,0.0324266,-0.0186588,0.090349,0.549856,-0.0333758,0.424114,-0.00483163,0,0,9.54098e-12,-0.248367,0.00321253,0.00183208,0.00197234,0.00338087,0.00177909,0,0,-0.0213194,-0.0107301,-0.0285092,0.0030317,0.0147141,-0.00768501,0.0682081,0,0,0,-1.20024e-12,-1.20024e-12,0,0,0,-1.20024e-12,5.76116e-11,0,0,0,0,0,0,0,0,0.905991,-4.60262e-09,0,0,1.20024e-12,0,0,0,0,0,0,0,0,0,0,0,0,0,-4.60262e-09,0.905991,
-3.5131e-07,-0.598878,0.0189321,-0.00409613,0.00168991,0.000966405,-3.28426e-05,0,0,0.559479,-0.0263609,-0.106274,0.0360485,0.0117261,0.000466188,0.000332332,0,0,-9.33097e-08,-2,-0.00539161,-0.0137914,-0.00380894,-0.000109682,6.50127e-06,0,0,0.0318468,0.743125,0.0348161,0.0759896,-0.0200118,-0.024351,0.025374,0,0,-5.57627e-07,-0.378103,0.0806222,0.0101895,0.00479547,0.0024046,-7.46815e-05,0,0,-0.107144,-0.0165072,0.588715,-0.00253934,0.00761822,0.00718768,-0.00137834,0,0,1.91708e-07,-2,0.00489545,0.0505811,0.00498429,-0.000782744,-4.42976e-05,0,0,0.0394922,-0.0907309,0.00531673,0.655896,0.00696764,0.0457363,0.00897138,0,0,-4.29971e-06,1.03697,0.036114,0.0140619,-0.0485331,-0.0324064,0.000747533,0,0,0.132602,0.0457802,0.0826226,0.12669,0.408204,-0.0275411,0.0106496,0,0,7.01952e-07,-0.366408,0.00647364,-0.0428003,-0.0388842,0.0420128,0.00102498,0,0,0.0323567,-0.0185592,0.0902923,0.549773,-0.0333648,0.424139,-0.00484279,0,0,7.22877e-08,-0.248462,0.00321438,0.00182985,0.00197105,0.00337964,0.00177934,0,0,-0.0213079,-0.0107344,-0.0285074,0.00304182,0.0147034,-0.00768784,0.0682092,0,0,0,0,0,0,1.20024e-12,0,0,0,0,0,0,0,0,0,0,0,0.905991,-4.58912e-09,0,0,0,0,-3.60072e-12,0,0,0,0,0,0,0,0,0,0,0,-4.58882e-09,0.905991,
0,-0.599726,0.0189549,-0.00410619,0.00169031,0.000966836,-3.3203e-05,0,0,0.55952,-0.0263984,-0.106354,0.0361178,0.0117246,0.000453846,0.000337221,0,0,-8.8498e-12,-2,-0.00539895,-0.013801,-0.00381288,-0.000107983,6.41225e-06,0,0,0.0318707,0.743146,0.0348487,0.0760338,-0.0200203,-0.0243756,0.0253733,0,0,6.93889e-12,-0.378808,0.080616,0.0101818,0.00479769,0.00240474,-7.5216e-05,0,0,-0.107227,-0.0165381,0.588904,-0.00250081,0.00763985,0.00717835,-0.00137516,0,0,0,-2,0.00489014,0.0505963,0.00498343,-0.000783223,-4.40386e-05,0,0,0.0395619,-0.0907911,0.00536399,0.655929,0.00695621,0.0457154,0.00897848,0,0,4.33681e-12,1.03726,0.0360867,0.0140799,-0.0485427,-0.0324146,0.000742672,0,0,0.132622,0.0457933,0.0828608,0.126646,0.408259,-0.0275312,0.0106381,0,0,-1.38778e-11,-0.364119,0.00648365,-0.0427826,-0.0388902,0.0420532,0.00102494,0,0,0.0322867,-0.0184596,0.0902354,0.549691,-0.0333538,0.424163,-0.00485395,0,0,0,-0.248556,0.00321631,0.00182749,0.0019697,0.00337858,0.00177972,0,0,-0.0212963,-0.0107386,-0.0285055,0.00305192,0.0146928,-0.00769068,0.0682102,0,0,0,-1.20024e-12,-2.40048e-12,0,0,0,0,0,0,0,0,0,0,0,0,0,0.905991,-4.44059e-09,0,1.20024e-12,1.20024e-12,0,0,0,0,0,0,0,0,0,0,0,0,0,-4.44029e-09,0.905991,
-8.67362e-13,-0.600576,0.0189773,-0.00411635,0.00169036,0.000967953,-3.35634e-05,0,0,0.559562,-0.026436,-0.106435,0.0361873,0.0117232,0.000441477,0.000342117,0,0,1.97867e-12,-2,-0.00540625,-0.0138107,-0.00381693,-0.000106107,6.3242e-06,0,0,0.0318945,0.743168,0.0348814,0.0760779,-0.0200289,-0.0244002,0.0253725,0,0,0,-0.379515,0.0806096,0.0101741,0.00479938,0.00240599,-7.57502e-05,0,0,-0.10731,-0.016569,0.589094,-0.00246217,0.00766148,0.00716899,-0.00137197,0,0,0,-2,0.00488486,0.0506113,0.00498275,-0.000784101,-4.37788e-05,0,0,0.0396317,-0.0908514,0.00541135,0.655961,0.00694476,0.0456944,0.00898559,0,0,1.38778e-11,1.03754,0.0360595,0.0140979,-0.0485567,-0.0324143,0.000737794,0,0,0.132642,0.0458064,0.0830989,0.126602,0.408314,-0.0275212,0.0106267,0,0,1.38778e-11,-0.361829,0.00649375,-0.0427648,-0.0388955,0.0420919,0.00102492,0,0,0.0322165,-0.0183599,0.0901782,0.549609,-0.0333428,0.424188,-0.00486512,0,0,-5.20417e-12,-0.248651,0.00321821,0.00182512,0.00196848,0.0033774,0.00178011,0,0,-0.0212848,-0.0107427,-0.0285037,0.00306201,0.0146822,-0.00769352,0.0682112,0,0,0,0,0,0,0,0,2.40048e-12,0,0,0,0,0,0,0,0,0,0.905991,4.19574e-09,0,0,0,0,0,0,0,0,0,0,0,0,0,0,0,0,4.19724e-09,0.905991,
2.60209e-12,-0.601427,0.0189996,-0.00412742,0.00169066,0.000968867,-3.32121e-05,0,0,0.559604,-0.0264736,-0.106515,0.0362568,0.0117216,0.000429083,0.000347021,0,0,2.30393e-13,-2,-0.0054138,-0.013821,-0.0038205,-0.000104006,6.4364e-06,0,0,0.0319183,0.743189,0.034914,0.0761221,-0.0200374,-0.0244248,0.0253717,0,0,6.93889e-12,-0.380224,0.0806027,0.010165,0.00480112,0.00240682,-7.51802e-05,0,0,-0.107393,-0.0166001,0.589283,-0.00242342,0.00768308,0.00715959,-0.00136877,0,0,0,-2,0.00487968,0.0506264,0.0049819,-0.000784246,-4.39153e-05,0,0,0.0397017,-0.0909117,0.00545882,0.655994,0.00693331,0.0456735,0.0089927,0,0,1.99493e-11,1.03782,0.0360279,0.0141073,-0.0485624,-0.0324182,0.000741806,0,0,0.132661,0.0458195,0.0833369,0.126558,0.408368,-0.0275113,0.0106153,0,0,-1.38778e-11,-0.359539,0.00650458,-0.0427454,-0.0389021,0.0421302,0.00102331,0,0,0.0321461,-0.0182603,0.0901207,0.549527,-0.0333318,0.424212,-0.00487628,0,0,-1.56125e-11,-0.248745,0.00322017,0.00182287,0.0019671,0.00337629,0.0017803,0,0,-0.0212732,-0.0107469,-0.0285018,0.0030721,0.0146716,-0.00769636,0.0682122,0,0,0,0,0,0,0,0,0,0,0,0,0,0,0,0,0,0,0.905991,4.09642e-09,0,-1.20024e-12,0,0,0,0,0,0,0,0,0,0,0,0,0,0,4.09702e-09,0.905991,
-6.93889e-12,-0.602278,0.0190226,-0.00413848,0.0016906,0.000969451,-3.32114e-05,0,0,0.559647,-0.0265112,-0.106596,0.0363265,0.0117201,0.000416663,0.000351932,0,0,-1.71439e-11,-2,-0.00542131,-0.0138314,-0.00382414,-0.000101969,6.45451e-06,0,0,0.0319421,0.743211,0.0349467,0.0761662,-0.020046,-0.0244494,0.025371,0,0,-1.38778e-11,-0.380934,0.0805965,0.010156,0.00480224,0.00240712,-7.51689e-05,0,0,-0.107476,-0.0166311,0.589473,-0.00238456,0.00770465,0.00715015,-0.00136556,0,0,1.38778e-11,-2,0.00487422,0.0506416,0.00498125,-0.000784165,-4.38612e-05,0,0,0.0397717,-0.090972,0.0055064,0.656026,0.00692185,0.0456525,0.00899982,0,0,-3.46945e-12,1.03811,0.0360005,0.0141168,-0.048572,-0.0324264,0.000741537,0,0,0.132681,0.0458326,0.0835749,0.126513,0.408423,-0.0275014,0.0106039,0,0,-5.55112e-11,-0.357251,0.00651473,-0.0427261,-0.038908,0.0421696,0.00102237,0,0,0.0320756,-0.0181607,0.090063,0.549445,-0.0333207,0.424237,-0.00488744,0,0,-1.73472e-12,-0.24884,0.00322208,0.00182061,0.00196576,0.0033752,0.00178055,0,0,-0.0212616,-0.0107511,-0.0284999,0.00308217,0.014661,-0.0076992,0.0682132,0,0,0,0,0,1.20024e-12,0,0,0,0,0,0,0,0,0,0,0,0,0.905991,4.10542e-09,0,0,0,-2.40048e-12,0,0,2.40048e-12,0,0,0,0,0,0,0,0,0,4.10602e-09,0.905991,
-3.46945e-12,-0.603131,0.0190454,-0.00414869,0.00169095,0.000969891,-3.32201e-05,0,0,0.559689,-0.0265489,-0.106677,0.0363964,0.0117186,0.000404216,0.000356851,0,0,-2.6834e-12,-2,-0.00542866,-0.0138411,-0.00382806,-0.000100234,6.45893e-06,0,0,0.0319659,0.743233,0.0349794,0.0762103,-0.0200545,-0.024474,0.0253702,0,0,-1.38778e-11,-0.381645,0.0805902,0.0101482,0.00480437,0.00240728,-7.51462e-05,0,0,-0.107559,-0.0166623,0.589662,-0.00234559,0.00772623,0.00714067,-0.00136234,0,0,-1.38778e-11,-2,0.0048688,0.0506567,0.00498037,-0.000784612,-4.37944e-05,0,0,0.0398419,-0.0910324,0.00555408,0.656059,0.00691038,0.0456316,0.00900694,0,0,1.82146e-11,1.0384,0.0359729,0.0141348,-0.0485814,-0.0324345,0.000740986,0,0,0.1327,0.0458456,0.0838129,0.126469,0.408477,-0.0274915,0.0105925,0,0,0,-0.354962,0.00652494,-0.042708,-0.0389139,0.0422101,0.00102161,0,0,0.0320049,-0.0180611,0.090005,0.549363,-0.0333097,0.424261,-0.0048986,0,0,8.67362e-12,-0.248934,0.003224,0.00181824,0.00196442,0.00337413,0.00178085,0,0,-0.02125,-0.0107553,-0.028498,0.00309223,0.0146503,-0.00770204,0.0682142,0,0,0,1.20024e-12,0,-1.20024e-12,0,0,1.20024e-12,-1.15223e-10,0,0,0,0,0,0,0,0,0.905991,4.21525e-09,0,0,0,-1.20024e-12,0,0,1.20024e-12,0,0,0,0,0,0,0,0,0,4.21525e-09,0.905991,
3.50545e-07,-0.603985,0.019069,-0.00415944,0.00169059,0.000971149,-3.35712e-05,0,0,0.559731,-0.0265867,-0.106757,0.0364663,0.011717,0.000391744,0.000361776,0,0,9.33192e-08,-2,-0.00543597,-0.0138513,-0.00383183,-9.80549e-05,6.38245e-06,0,0,0.0319896,0.743255,0.0350121,0.0762544,-0.0200631,-0.0244986,0.0253695,0,0,5.58567e-07,-0.38236,0.0805851,0.0101397,0.00480507,0.00240866,-7.56915e-05,0,0,-0.107642,-0.0166935,0.589851,-0.00230651,0.00774778,0.00713116,-0.00135912,0,0,-1.91486e-07,-2,0.00486292,0.0506717,0.00497987,-0.000784993,-4.35469e-05,0,0,0.0399122,-0.0910928,0.00560187,0.656092,0.0068989,0.0456106,0.00901406,0,0,4.30652e-06,1.03867,0.035954,0.0141486,-0.0485953,-0.0324341,0.000736367,0,0,0.132719,0.0458587,0.0840508,0.126425,0.408531,-0.0274816,0.0105811,0,0,-7.02056e-07,-0.352672,0.00653379,-0.0426891,-0.038919,0.0422482,0.00102141,0,0,0.0319341,-0.0179615,0.0899467,0.54928,-0.0332987,0.424286,-0.00490977,0,0,-7.19824e-08,-0.249028,0.00322576,0.00181591,0.00196316,0.00337293,0.00178118,0,0,-0.0212384,-0.0107595,-0.0284961,0.00310229,0.0146397,-0.00770488,0.0682152,0,0,0,-1.20024e-12,0,0,0,0,0,0,0,0,0,0,0,0,0,0,0.905991,-4.43249e-09,0,-1.20024e-12,1.20024e-12,1.20024e-12,0,1.20024e-12,0,0,0,0,0,0,0,0,0,0,-4.43249e-09,0.905991,
2.60209e-12,-0.60484,0.0190911,-0.00417008,0.00169126,0.000971941,-3.28788e-05,0,0,0.559774,-0.0266245,-0.106838,0.0365364,0.0117154,0.000379245,0.00036671,0,0,7.37257e-12,-2,-0.00544352,-0.013861,-0.00383565,-9.62144e-05,6.57403e-06,0,0,0.0320134,0.743277,0.0350448,0.0762984,-0.0200717,-0.0245231,0.0253687,0,0,3.46945e-12,-0.383075,0.0805776,0.0101312,0.00480772,0.00240938,-7.45516e-05,0,0,-0.107725,-0.0167248,0.590041,-0.00226732,0.00776932,0.00712161,-0.00135588,0,0,-1.38778e-11,-2,0.00485783,0.0506869,0.0049788,-0.00078562,-4.38631e-05,0,0,0.0399826,-0.0911533,0.00564976,0.656124,0.00688742,0.0455896,0.0090212,0,0,6.93889e-12,1.03895,0.0359178,0.0141624,-0.0486004,-0.0324379,0.000744432,0,0,0.132739,0.0458717,0.0842886,0.126382,0.408586,-0.0274717,0.0105697,0,0,2.08167e-11,-0.350383,0.00654551,-0.0426701,-0.0389256,0.042288,0.00101925,0,0,0.0318631,-0.017862,0.0898882,0.549198,-0.0332877,0.424311,-0.00492093,0,0,-4.33681e-12,-0.249122,0.00322781,0.0018136,0.00196176,0.00337179,0.00178134,0,0,-0.0212267,-0.0107636,-0.0284942,0.00311234,0.0146291,-0.00770772,0.0682163,0,0,0,0,0,0,0,0,1.20024e-12,-1.15223e-10,0,0,0,0,0,0,0,0,0.905991,-4.51231e-09,0,0,-1.20024e-12,-1.20024e-12,0,1.20024e-12,0,0,0,0,0,0,0,0,0,0,-4.51201e-09,0.905991,
-3.5029e-07,-0.605695,0.0191144,-0.00418126,0.00169122,0.000972854,-3.35797e-05,0,0,0.559817,-0.0266623,-0.106919,0.0366067,0.0117138,0.000366721,0.00037165,0,0,-9.33336e-08,-2,-0.00545093,-0.0138713,-0.00383932,-9.41078e-05,6.40459e-06,0,0,0.0320372,0.743299,0.0350775,0.0763425,-0.0200803,-0.0245477,0.0253679,0,0,-5.58883e-07,-0.38379,0.0805719,0.0101221,0.00480892,0.0024102,-7.56563e-05,0,0,-0.107809,-0.0167561,0.59023,-0.00222802,0.00779085,0.00711202,-0.00135264,0,0,1.91416e-07,-2,0.00485208,0.050702,0.00497811,-0.000785785,-4.34246e-05,0,0,0.0400532,-0.0912137,0.00569777,0.656157,0.00687593,0.0455686,0.00902833,0,0,-4.30876e-06,1.03924,0.0358945,0.0141719,-0.0486099,-0.0324418,0.000735512,0,0,0.132758,0.0458847,0.0845264,0.126338,0.40864,-0.0274618,0.0105583,0,0,7.02112e-07,-0.348096,0.00655517,-0.0426503,-0.0389314,0.0423268,0.00101974,0,0,0.031792,-0.0177624,0.0898295,0.549116,-0.0332767,0.424335,-0.00493209,0,0,7.18895e-08,-0.249216,0.00322964,0.00181134,0.00196043,0.00337065,0.00178174,0,0,-0.0212151,-0.0107678,-0.0284923,0.00312237,0.0146185,-0.00771056,0.0682173,0,0,1.20024e-12,1.20024e-12,1.20024e-12,-1.20024e-12,1.20024e-12,0,1.20024e-12,0,0,0,0,0,0,0,0,0,0.905991,-4.45169e-09,2.40048e-12,1.20024e-12,1.20024e-12,-2.40048e-12,1.20024e-12,0,1.20024e-12,0,0,0,0,0,0,0,0,0,-4.45169e-09,0.905991,
8.67362e-13,-0.606553,0.0191372,-0.00419161,0.00169152,0.000974002,-3.32377e-05,0,0,0.55986,-0.0267002,-0.107001,0.036677,0.0117122,0.000354171,0.000376598,0,0,-8.5923e-12,-2,-0.0054583,-0.013881,-0.00384321,-9.21546e-05,6.50287e-06,0,0,0.0320609,0.743321,0.0351102,0.0763865,-0.0200889,-0.0245722,0.0253671,0,0,6.93889e-12,-0.384509,0.0805656,0.0101141,0.00481097,0.00241149,-7.5075e-05,0,0,-0.107892,-0.0167876,0.590419,-0.00218861,0.00781236,0.0071024,-0.00134939,0,0,0,-2,0.00484655,0.050717,0.00497723,-0.000786585,-4.35497e-05,0,0,0.0401238,-0.0912742,0.00574588,0.65619,0.00686443,0.0455475,0.00903548,0,0,-1.38778e-11,1.03952,0.0358668,0.01419,-0.0486191,-0.0324412,0.000739279,0,0,0.132777,0.0458976,0.0847641,0.126294,0.408694,-0.0274519,0.010547,0,0,0,-0.345807,0.00656559,-0.0426319,-0.0389372,0.0423659,0.00101827,0,0,0.0317207,-0.0176628,0.0897704,0.549034,-0.0332657,0.42436,-0.00494325,0,0,-9.54098e-12,-0.249309,0.00323154,0.00180895,0.0019591,0.00336944,0.00178197,0,0,-0.0212034,-0.0107719,-0.0284904,0.0031324,0.0146079,-0.0077134,0.0682183,0,0,0,-1.20024e-12,0,0,0,0,-1.20024e-12,0,0,0,0,0,0,0,0,0,0.905991,4.27706e-09,0,-2.40048e-12,0,0,0,0,-2.40048e-12,0,0,0,0,0,0,0,0,0,4.27706e-09,0.905991,
6.07153e-12,-0.607411,0.0191602,-0.00420249,0.00169146,0.000974221,-3.35878e-05,0,0,0.559903,-0.0267381,-0.107082,0.0367475,0.0117106,0.000341594,0.000381554,0,0,-1.16552e-12,-2,-0.00546582,-0.0138912,-0.00384687,-9.02193e-05,6.42671e-06,0,0,0.0320846,0.743343,0.0351429,0.0764305,-0.0200975,-0.0245967,0.0253664,0,0,1.73472e-11,-0.385229,0.0805593,0.0101054,0.00481212,0.0024112,-7.56215e-05,0,0,-0.107976,-0.0168191,0.590607,-0.0021491,0.00783386,0.00709274,-0.00134613,0,0,0,-2,0.00484092,0.0507319,0.00497653,-0.000786353,-4.3303e-05,0,0,0.0401946,-0.0913348,0.0057941,0.656222,0.00685292,0.0455265,0.00904263,0,0,-1.30104e-11,1.0398,0.035839,0.0142039,-0.0486285,-0.0324537,0.000734669,0,0,0.132796,0.0459106,0.0850017,0.12625,0.408749,-0.027442,0.0105356,0,0,-4.85723e-11,-0.343519,0.00657604,-0.0426126,-0.038943,0.0424062,0.00101805,0,0,0.0316492,-0.0175632,0.0897111,0.548952,-0.0332546,0.424385,-0.00495442,0,0,-4.33681e-12,-0.249402,0.00323344,0.00180661,0.00195776,0.00336844,0.0017823,0,0,-0.0211917,-0.0107761,-0.0284884,0.00314241,0.0145973,-0.00771624,0.0682193,0,0,0,-2.40048e-12,0,0,0,0,-2.40048e-12,0,0,0,0,0,0,0,0,0,0.905991,4.23625e-09,0,3.60072e-12,0,-1.20024e-12,0,-1.20024e-12,2.40048e-12,0,0,0,0,0,0,0,0,0,4.23595e-09,0.905991,
8.67362e-13,-0.60827,0.0191835,-0.00421325,0.00169139,0.000975722,-3.32459e-05,0,0,0.559946,-0.0267761,-0.107163,0.0368182,0.011709,0.000328992,0.000386516,0,0,2.84603e-13,-2,-0.00547312,-0.013901,-0.00385085,-8.81598e-05,6.52481e-06,0,0,0.0321084,0.743366,0.0351757,0.0764744,-0.0201061,-0.0246212,0.0253656,0,0,3.46945e-12,-0.385951,0.0805535,0.0100967,0.00481358,0.00241305,-7.50399e-05,0,0,-0.10806,-0.0168507,0.590796,-0.00210946,0.00785534,0.00708304,-0.00134286,0,0,0,-2,0.00483512,0.0507471,0.00497583,-0.000787335,-4.34282e-05,0,0,0.0402655,-0.0913953,0.00584243,0.656255,0.0068414,0.0455054,0.00904978,0,0,-1.38778e-11,1.04008,0.0358155,0.0142177,-0.0486419,-0.0324488,0.000738441,0,0,0.132815,0.0459235,0.0852392,0.126207,0.408803,-0.0274321,0.0105242,0,0,2.77556e-11,-0.341231,0.00658585,-0.0425932,-0.038948,0.0424448,0.00101657,0,0,0.0315776,-0.0174637,0.0896516,0.548869,-0.0332436,0.424409,-0.00496558,0,0,6.07153e-12,-0.249496,0.00323527,0.00180429,0.0019565,0.00336714,0.00178252,0,0,-0.02118,-0.0107802,-0.0284865,0.00315242,0.0145867,-0.00771908,0.0682203,0,0,0,0,0,-1.20024e-12,0,0,-1.20024e-12,0,0,0,0,0,0,0,0,0,0.905991,-4.30887e-09,0,0,1.20024e-12,0,0,0,0,0,0,0,0,0,0,0,0,0,-4.30887e-09,0.905991,
-1.73472e-12,-0.609129,0.0192059,-0.00422419,0.00169132,0.000975942,-3.28963e-05,0,0,0.559989,-0.0268141,-0.107245,0.0368889,0.0117073,0.000316364,0.000391487,0,0,6.39679e-12,-2,-0.00548084,-0.0139112,-0.00385451,-8.62194e-05,6.63498e-06,0,0,0.0321321,0.743388,0.0352084,0.0765184,-0.0201148,-0.0246456,0.0253648,0,0,-1.38778e-11,-0.386674,0.0805461,0.010088,0.00481472,0.00241277,-7.44676e-05,0,0,-0.108143,-0.0168823,0.590985,-0.00206972,0.00787681,0.00707331,-0.00133958,0,0,0,-2,0.00482982,0.050762,0.00497512,-0.000787105,-4.3564e-05,0,0,0.0403365,-0.0914559,0.00589086,0.656288,0.00682988,0.0454844,0.00905694,0,0,1.73472e-12,1.04036,0.035779,0.0142316,-0.0486512,-0.0324612,0.000742454,0,0,0.132833,0.0459364,0.0854767,0.126163,0.408857,-0.0274222,0.0105129,0,0,6.93889e-12,-0.338944,0.00659781,-0.0425737,-0.0389537,0.0424852,0.00101495,0,0,0.0315059,-0.0173642,0.0895918,0.548787,-0.0332326,0.424434,-0.00497674,0,0,-1.04083e-11,-0.249589,0.00323731,0.00180194,0.00195516,0.00336613,0.00178271,0,0,-0.0211682,-0.0107843,-0.0284845,0.00316241,0.0145762,-0.00772192,0.0682213,0,0,0,-3.60072e-12,3.60072e-12,1.20024e-12,1.20024e-12,3.60072e-12,0,0,0,0,0,0,0,0,0,0,0.905991,4.25936e-09,0,-3.60072e-12,3.60072e-12,0,0,3.60072e-12,0,-1.15223e-10,0,0,0,0,0,0,0,0,4.25876e-09,0.905991,
-3.49641e-07,-0.60999,0.0192296,-0.00423477,0.00169159,0.000977226,-3.28962e-05,0,0,0.560032,-0.0268522,-0.107326,0.0369598,0.0117056,0.000303711,0.000396464,0,0,-9.33416e-08,-2,-0.00548831,-0.0139213,-0.00385805,-8.39786e-05,6.65128e-06,0,0,0.0321558,0.743411,0.0352412,0.0765623,-0.0201234,-0.0246701,0.025364,0,0,-5.59653e-07,-0.387398,0.0805405,0.0100798,0.00481638,0.00241417,-7.44551e-05,0,0,-0.108227,-0.016914,0.591173,-0.00202987,0.00789825,0.00706354,-0.00133629,0,0,1.91208e-07,-2,0.00482385,0.0507768,0.00497422,-0.000787423,-4.35094e-05,0,0,0.0404077,-0.0915166,0.00593941,0.65632,0.00681835,0.0454633,0.0090641,0,0,-4.31431e-06,1.04064,0.0357552,0.0142499,-0.0486559,-0.0324606,0.00074217,0,0,0.132852,0.0459493,0.0857142,0.12612,0.408911,-0.0274123,0.0105015,0,0,7.02209e-07,-0.336657,0.00660767,-0.0425549,-0.0389601,0.0425239,0.00101399,0,0,0.031434,-0.0172646,0.0895317,0.548705,-0.0332216,0.424459,-0.0049879,0,0,7.16224e-08,-0.249682,0.00323915,0.00179952,0.00195371,0.00336489,0.00178296,0,0,-0.0211565,-0.0107885,-0.0284826,0.0031724,0.0145656,-0.00772476,0.0682223,0,0,0,0,0,-1.20024e-12,0,1.20024e-12,0,0,0,0,0,0,0,0,0,0,0.905991,-4.32537e-09,0,-1.20024e-12,0,1.20024e-12,0,0,-1.20024e-12,0,0,0,0,0,0,0,0,0,-4.32567e-09,0.905991,
-8.67362e-13,-0.610853,0.0192527,-0.00424591,0.00169191,0.000978018,-3.36043e-05,0,0,0.560076,-0.0268903,-0.107408,0.0370309,0.0117039,0.00029103,0.000401449,0,0,-1.10182e-11,-2,-0.00549574,-0.0139311,-0.00386196,-8.21227e-05,6.46763e-06,0,0,0.0321795,0.743434,0.035274,0.0766062,-0.020132,-0.0246945,0.0253632,0,0,0,-0.388125,0.0805342,0.0100706,0.00481846,0.00241488,-7.55511e-05,0,0,-0.108311,-0.0169458,0.591362,-0.0019899,0.00791968,0.00705373,-0.001333,0,0,0,-2,0.00481812,0.0507922,0.0049733,-0.000788068,-4.306e-05,0,0,0.0404789,-0.0915772,0.00598806,0.656353,0.00680681,0.0454422,0.00907127,0,0,-1.56125e-11,1.04091,0.0357271,0.0142594,-0.0486646,-0.0324643,0.00073298,0,0,0.132871,0.0459622,0.0859516,0.126076,0.408965,-0.0274025,0.0104901,0,0,0,-0.334368,0.00661831,-0.0425346,-0.0389657,0.0425643,0.00101463,0,0,0.0313619,-0.0171651,0.0894714,0.548623,-0.0332106,0.424484,-0.00499906,0,0,-1.04083e-11,-0.249775,0.00324107,0.00179727,0.00195234,0.00336373,0.0017834,0,0,-0.0211447,-0.0107926,-0.0284806,0.00318238,0.014555,-0.0077276,0.0682233,0,0,0,1.20024e-12,-1.20024e-12,-1.20024e-12,0,-1.20024e-12,-1.20024e-12,5.52111e-11,0,0,0,0,0,0,0,0,0.905991,4.26806e-09,0,1.20024e-12,0,-1.20024e-12,1.20024e-12,-1.20024e-12,-1.20024e-12,-1.20024e-12,0,3.0006e-13,-3.0006e-13,0,0,0,-3.0006e-13,3.0006e-13,4.26746e-09,0.905991,
-3.4939e-07,-0.611715,0.0192757,-0.00425714,0.00169222,0.000978795,-3.29146e-05,0,0,0.56012,-0.0269284,-0.10749,0.037102,0.0117022,0.000278324,0.000406442,0,0,-9.33551e-08,-2,-0.00550313,-0.0139408,-0.00386589,-8.02789e-05,6.65802e-06,0,0,0.0322032,0.743456,0.0353067,0.0766501,-0.0201407,-0.024719,0.0253624,0,0,-5.59976e-07,-0.388853,0.0805279,0.0100612,0.00482057,0.00241558,-7.44073e-05,0,0,-0.108396,-0.0169777,0.59155,-0.00194982,0.00794111,0.00704388,-0.0013297,0,0,1.91139e-07,-2,0.00481242,0.0508075,0.00497237,-0.000788731,-4.33743e-05,0,0,0.0405503,-0.0916379,0.00603682,0.656386,0.00679526,0.0454211,0.00907845,0,0,-4.31657e-06,1.04119,0.0356991,0.014269,-0.0486736,-0.032468,0.000741034,0,0,0.132889,0.0459751,0.0861889,0.126033,0.409019,-0.0273926,0.0104788,0,0,7.02265e-07,-0.332082,0.00662904,-0.0425141,-0.0389715,0.0426045,0.00101248,0,0,0.0312897,-0.0170656,0.0894108,0.548541,-0.0331996,0.424508,-0.00501021,0,0,7.15348e-08,-0.249867,0.00324296,0.00179501,0.00195102,0.00336259,0.00178356,0,0,-0.021133,-0.0107967,-0.0284786,0.00319234,0.0145444,-0.00773044,0.0682243,0,0,1.20024e-12,0,-2.40048e-12,0,0,1.20024e-12,0,1.71634e-10,0,0,0,0,0,0,0,0,0.905991,-4.32747e-09,-1.20024e-12,-1.20024e-12,1.20024e-12,-1.20024e-12,-1.20024e-12,0,-1.20024e-12,-1.20024e-12,0,0,0,0,0,0,0,0,-4.32837e-09,0.905991,
1.73472e-12,-0.61258,0.0192991,-0.00426752,0.00169245,0.000980069,-3.32637e-05,0,0,0.560163,-0.0269666,-0.107572,0.0371733,0.0117005,0.000265592,0.000411442,0,0,4.41812e-12,-2,-0.00551058,-0.0139509,-0.00386943,-7.80311e-05,6.58217e-06,0,0,0.0322268,0.743479,0.0353395,0.076694,-0.0201494,-0.0247434,0.0253616,0,0,6.93889e-12,-0.389583,0.0805221,0.0100534,0.0048222,0.00241698,-7.49546e-05,0,0,-0.10848,-0.0170096,0.591738,-0.00190963,0.00796252,0.00703399,-0.00132638,0,0,1.38778e-11,-2,0.00480643,0.0508219,0.00497147,-0.000789045,-4.31282e-05,0,0,0.0406218,-0.0916986,0.00608569,0.656418,0.00678371,0.0454,0.00908563,0,0,-1.9082e-11,1.04147,0.0356753,0.0142916,-0.0486783,-0.0324675,0.000736426,0,0,0.132908,0.0459879,0.0864261,0.125989,0.409073,-0.0273828,0.0104674,0,0,-1.38778e-11,-0.329795,0.0066391,-0.0424956,-0.0389778,0.0426429,0.00101226,0,0,0.0312173,-0.0169661,0.0893499,0.548458,-0.0331886,0.424533,-0.00502137,0,0,1.21431e-11,-0.24996,0.00324477,0.0017925,0.00194961,0.00336138,0.00178388,0,0,-0.0211212,-0.0108008,-0.0284767,0.0032023,0.0145339,-0.00773328,0.0682253,0,0,0,-1.20024e-12,2.40048e-12,-1.20024e-12,0,0,2.40048e-12,0,0,0,0,0,0,0,0,0,0.905991,4.26446e-09,0,1.20024e-12,-1.20024e-12,0,0,0,-1.20024e-12,0,0,0,0,0,0,0,0,0,4.26476e-09,0.905991,
5.20417e-12,-0.613444,0.0193222,-0.00427894,0.00169198,0.000980663,-3.32631e-05,0,0,0.560207,-0.0270049,-0.107654,0.0372448,0.0116987,0.000252834,0.00041645,0,0,1.45283e-11,-2,-0.00551827,-0.0139612,-0.00387314,-7.59478e-05,6.59862e-06,0,0,0.0322505,0.743502,0.0353723,0.0767378,-0.0201581,-0.0247678,0.0253608,0,0,6.93889e-12,-0.390314,0.0805153,0.010044,0.00482265,0.00241728,-7.49427e-05,0,0,-0.108564,-0.0170416,0.591926,-0.00186933,0.0079839,0.00702407,-0.00132306,0,0,-1.38778e-11,-2,0.00480072,0.050837,0.00497094,-0.000788953,-4.30742e-05,0,0,0.0406934,-0.0917594,0.00613467,0.656451,0.00677215,0.0453789,0.00909282,0,0,1.73472e-11,1.04174,0.0356428,0.0143013,-0.0486914,-0.0324755,0.000736151,0,0,0.132926,0.0460007,0.0866633,0.125946,0.409127,-0.0273729,0.0104561,0,0,6.245e-11,-0.327509,0.00665058,-0.042475,-0.0389827,0.0426831,0.00101129,0,0,0.0311447,-0.0168666,0.0892888,0.548376,-0.0331775,0.424558,-0.00503253,0,0,8.67362e-13,-0.250052,0.00324675,0.00179022,0.00194831,0.00336027,0.00178413,0,0,-0.0211093,-0.0108049,-0.0284747,0.00321225,0.0145233,-0.00773611,0.0682263,0,0,0,0,0,0,0,0,0,0,0,0,0,0,0,0,0,0,0.905991,-4.31877e-09,0,-1.20024e-12,0,1.20024e-12,0,-1.20024e-12,0,0,0,0,0,0,0,0,0,0,-4.31997e-09,0.905991,
-3.48991e-07,-0.61431,0.0193455,-0.00428997,0.00169156,0.000981943,-3.29145e-05,0,0,0.560251,-0.0270432,-0.107736,0.0373163,0.0116969,0.000240051,0.000421464,0,0,-9.33668e-08,-2,-0.00552597,-0.0139713,-0.00387688,-7.37094e-05,6.70644e-06,0,0,0.0322741,0.743525,0.0354051,0.0767816,-0.0201668,-0.0247921,0.0253601,0,0,-5.6042e-07,-0.391046,0.0805085,0.0100351,0.00482321,0.00241867,-7.4369e-05,0,0,-0.108649,-0.0170737,0.592114,-0.00182892,0.00800526,0.00701411,-0.00131973,0,0,1.90986e-07,-2,0.00479495,0.050852,0.00497039,-0.000789302,-4.32099e-05,0,0,0.0407652,-0.0918202,0.00618376,0.656484,0.00676058,0.0453578,0.00910001,0,0,-4.31979e-06,1.04203,0.03561,0.0143153,-0.0487043,-0.0324748,0.000740168,0,0,0.132945,0.0460135,0.0869005,0.125903,0.409181,-0.0273631,0.0104448,0,0,7.02327e-07,-0.325225,0.00666208,-0.042455,-0.0389875,0.0427223,0.00100963,0,0,0.031072,-0.0167671,0.0892274,0.548294,-0.0331665,0.424583,-0.00504369,0,0,7.13787e-08,-0.250145,0.00324874,0.00178786,0.00194698,0.003359,0.00178431,0,0,-0.0210975,-0.010809,-0.0284727,0.00322219,0.0145127,-0.00773895,0.0682273,0,0,0,0,0,0,0,0,0,0,0,0,0,0,0,0,0,0,0.905991,4.25185e-09,1.20024e-12,1.20024e-12,-1.20024e-12,-1.20024e-12,0,-1.20024e-12,1.20024e-12,0,0,0,0,0,0,0,0,0,4.25155e-09,0.905991,
2.60209e-12,-0.615177,0.0193692,-0.00430122,0.00169188,0.000982726,-3.3622e-05,0,0,0.560296,-0.0270815,-0.107818,0.037388,0.0116952,0.000227241,0.000426486,0,0,-1.05574e-11,-2,-0.00553333,-0.013981,-0.00388081,-7.18583e-05,6.52125e-06,0,0,0.0322978,0.743548,0.035438,0.0768254,-0.0201755,-0.0248165,0.0253593,0,0,1.38778e-11,-0.391781,0.0805029,0.0100257,0.00482533,0.00241937,-7.54655e-05,0,0,-0.108733,-0.0171058,0.592302,-0.00178839,0.00802662,0.00700411,-0.00131639,0,0,0,-2,0.00478885,0.0508674,0.00496943,-0.000789982,-4.276e-05,0,0,0.0408371,-0.091881,0.00623297,0.656516,0.006749,0.0453366,0.0091072,0,0,-1.73472e-12,1.0423,0.0355859,0.0143249,-0.0487127,-0.0324784,0.000730945,0,0,0.132963,0.0460263,0.0871376,0.12586,0.409235,-0.0273532,0.0104335,0,0,-4.16334e-11,-0.322938,0.00667226,-0.0424342,-0.0389931,0.0427632,0.00101027,0,0,0.0309992,-0.0166676,0.0891657,0.548212,-0.0331555,0.424608,-0.00505485,0,0,-1.04083e-11,-0.250237,0.00325059,0.0017856,0.00194559,0.00335784,0.00178475,0,0,-0.0210856,-0.0108131,-0.0284707,0.00323212,0.0145022,-0.00774179,0.0682283,0,0,0,0,0,-2.40048e-12,0,0,0,0,0,0,0,0,0,0,0,0,0.905991,-4.30226e-09,0,0,0,0,0,0,0,0,0,0,0,0,0,0,0,0,-4.30226e-09,0.905991,
-3.46945e-12,-0.616045,0.0193923,-0.00431222,0.00169289,0.000983147,-3.29341e-05,0,0,0.56034,-0.0271199,-0.1079,0.0374599,0.0116934,0.000214404,0.000431516,0,0,-2.6563e-12,-2,-0.00554075,-0.0139906,-0.00388456,-7.01071e-05,6.71053e-06,0,0,0.0323214,0.743572,0.0354708,0.0768692,-0.0201842,-0.0248408,0.0253584,0,0,-1.73472e-11,-0.392518,0.0804965,0.0100168,0.00482858,0.00241949,-7.43193e-05,0,0,-0.108818,-0.017138,0.59249,-0.00174774,0.00804797,0.00699408,-0.00131304,0,0,-1.38778e-11,-2,0.00478299,0.0508825,0.00496809,-0.00079048,-4.30733e-05,0,0,0.0409091,-0.0919418,0.00628228,0.656549,0.00673741,0.0453155,0.00911441,0,0,8.67362e-12,1.04258,0.0355575,0.0143389,-0.0487126,-0.0324865,0.000738993,0,0,0.132981,0.0460391,0.0873746,0.125817,0.409289,-0.0273434,0.0104221,0,0,3.46945e-11,-0.320653,0.00668323,-0.042414,-0.0390001,0.0428045,0.00100813,0,0,0.0309262,-0.0165681,0.0891038,0.548129,-0.0331445,0.424633,-0.005066,0,0,-6.07153e-12,-0.250329,0.00325248,0.00178325,0.00194411,0.00335677,0.00178491,0,0,-0.0210738,-0.0108172,-0.0284687,0.00324203,0.0144916,-0.00774463,0.0682293,0,0,0,0,1.20024e-12,-1.20024e-12,1.20024e-12,-1.20024e-12,1.20024e-12,0,0,0,0,0,0,0,0,0,0.905991,4.23205e-09,0,2.40048e-12,2.40048e-12,-2.40048e-12,2.40048e-12,-2.40048e-12,2.40048e-12,0,0,0,0,0,0,0,0,0,4.23205e-09,0.905991,
3.486e-07,-0.616914,0.0194152,-0.00432309,0.00169207,0.000984068,-3.36314e-05,0,0,0.560385,-0.0271583,-0.107983,0.0375319,0.0116915,0.000201541,0.000436553,0,0,9.33632e-08,-2,-0.00554842,-0.0140007,-0.00388838,-6.79478e-05,6.54044e-06,0,0,0.032345,0.743595,0.0355036,0.076913,-0.0201929,-0.0248652,0.0253576,0,0,5.60888e-07,-0.393255,0.0804896,0.0100082,0.00482852,0.00242033,-7.54276e-05,0,0,-0.108903,-0.0171703,0.592677,-0.00170698,0.0080693,0.006984,-0.00130969,0,0,-1.90875e-07,-2,0.00477721,0.0508971,0.00496773,-0.000790616,-4.26361e-05,0,0,0.0409812,-0.0920027,0.0063317,0.656582,0.00672581,0.0452943,0.00912162,0,0,4.32317e-06,1.04286,0.0355248,0.0143573,-0.04873,-0.0324902,0.000730045,0,0,0.132999,0.0460518,0.0876115,0.125774,0.409342,-0.0273336,0.0104108,0,0,-7.02299e-07,-0.318369,0.00669495,-0.0423943,-0.0390042,0.0428439,0.00100861,0,0,0.030853,-0.0164687,0.0890417,0.548047,-0.0331335,0.424658,-0.00507716,0,0,-7.12191e-08,-0.25042,0.00325443,0.00178081,0.0019429,0.00335562,0.00178531,0,0,-0.0210619,-0.0108212,-0.0284666,0.00325194,0.0144811,-0.00774747,0.0682303,0,0,-2.40048e-12,0,2.40048e-12,0,-1.20024e-12,-1.20024e-12,2.40048e-12,0,0,0,0,0,0,0,0,0,0.905991,4.27736e-09,1.20024e-12,0,-1.20024e-12,0,0,0,-1.20024e-12,0,0,0,0,0,0,0,0,0,4.27796e-09,0.905991,
4.33681e-12,-0.617784,0.0194395,-0.00433429,0.00169262,0.000985012,-3.29338e-05,0,0,0.560429,-0.0271968,-0.108065,0.037604,0.0116897,0.000188654,0.000441598,0,0,5.3397e-12,-2,-0.00555586,-0.0140109,-0.00389181,-6.57561e-05,6.74305e-06,0,0,0.0323686,0.743619,0.0355365,0.0769567,-0.0202016,-0.0248895,0.0253568,0,0,6.93889e-12,-0.393995,0.0804845,0.00999912,0.00483062,0.00242118,-7.42933e-05,0,0,-0.108988,-0.0172027,0.592865,-0.00166611,0.0080906,0.00697389,-0.00130632,0,0,-1.38778e-11,-2,0.00477076,0.0509119,0.0049666,-0.000790714,-4.29636e-05,0,0,0.0410535,-0.0920636,0.00638123,0.656614,0.00671421,0.0452731,0.00912883,0,0,1.73472e-12,1.04313,0.0355049,0.0143713,-0.0487298,-0.0324938,0.000738412,0,0,0.133017,0.0460646,0.0878484,0.125731,0.409396,-0.0273238,0.0103995,0,0,-2.77556e-11,-0.316083,0.00670457,-0.0423739,-0.0390111,0.0428837,0.00100624,0,0,0.0307797,-0.0163692,0.0889792,0.547965,-0.0331224,0.424683,-0.00508832,0,0,5.20417e-12,-0.250512,0.00325619,0.00177843,0.00194138,0.00335443,0.00178541,0,0,-0.02105,-0.0108253,-0.0284646,0.00326184,0.0144705,-0.0077503,0.0682313,0,0,0,1.20024e-12,0,0,0,0,0,0,0,0,0,0,0,0,0,0,0.905991,-4.43639e-09,0,1.20024e-12,0,0,0,0,0,0,0,0,0,0,0,0,0,0,-4.43639e-09,0.905991,
-3.48339e-07,-0.618655,0.0194623,-0.00434534,0.00169253,0.00098581,-3.29429e-05,0,0,0.560474,-0.0272353,-0.108148,0.0376762,0.0116878,0.000175739,0.00044665,0,0,-9.33788e-08,-2,-0.00556353,-0.0140205,-0.00389579,-6.38598e-05,6.74494e-06,0,0,0.0323922,0.743642,0.0355694,0.0770004,-0.0202104,-0.0249138,0.025356,0,0,-5.61193e-07,-0.394736,0.0804772,0.0099901,0.00483206,0.0024219,-7.42694e-05,0,0,-0.109073,-0.0172351,0.593052,-0.00162513,0.0081119,0.00696374,-0.00130295,0,0,1.90806e-07,-2,0.00476511,0.050927,0.00496583,-0.000791345,-4.28966e-05,0,0,0.0411258,-0.0921245,0.00643087,0.656647,0.0067026,0.0452519,0.00913605,0,0,-4.32532e-06,1.04341,0.0354676,0.0143854,-0.0487423,-0.0324973,0.00073785,0,0,0.133035,0.0460773,0.0880852,0.125688,0.40945,-0.0273139,0.0103882,0,0,7.02341e-07,-0.313799,0.00671707,-0.0423534,-0.0390159,0.0429247,0.00100545,0,0,0.0307062,-0.0162698,0.0889165,0.547883,-0.0331114,0.424708,-0.00509947,0,0,7.11141e-08,-0.250604,0.00325824,0.00177608,0.00194006,0.00335324,0.00178571,0,0,-0.0210381,-0.0108294,-0.0284626,0.00327173,0.01446,-0.00775314,0.0682324,0,0,-1.20024e-12,1.20024e-12,0,0,0,0,1.20024e-12,0,0,0,0,0,0,0,0,0,0.905991,-4.4574e-09,1.20024e-12,-1.20024e-12,0,0,0,0,-1.20024e-12,1.20024e-12,0,0,0,0,0,0,0,0,-4.4562e-09,0.905991,
2.60209e-12,-0.619527,0.0194865,-0.00435694,0.00169209,0.000986727,-3.36401e-05,0,0,0.560519,-0.0272738,-0.10823,0.0377486,0.011686,0.000162799,0.00045171,0,0,-1.58565e-12,-2,-0.00557095,-0.0140307,-0.00389954,-6.1711e-05,6.57288e-06,0,0,0.0324158,0.743666,0.0356022,0.0770441,-0.0202191,-0.0249381,0.0253552,0,0,1.04083e-11,-0.395479,0.080472,0.00998038,0.00483261,0.00242271,-7.53777e-05,0,0,-0.109158,-0.0172677,0.59324,-0.00158403,0.00813318,0.00695355,-0.00129956,0,0,0,-2,0.00475862,0.0509421,0.00496525,-0.000791519,-4.24589e-05,0,0,0.0411983,-0.0921855,0.00648063,0.65668,0.00669098,0.0452307,0.00914327,0,0,3.46945e-12,1.04368,0.0354476,0.0143952,-0.048755,-0.032501,0.000728876,0,0,0.133052,0.0460899,0.088322,0.125645,0.409503,-0.0273041,0.0103769,0,0,-1.38778e-11,-0.311515,0.00672681,-0.042332,-0.0390206,0.0429646,0.00100592,0,0,0.0306326,-0.0161704,0.0888536,0.5478,-0.0331004,0.424733,-0.00511062,0,0,-9.54098e-12,-0.250695,0.00326,0.00177378,0.00193876,0.00335207,0.00178611,0,0,-0.0210261,-0.0108334,-0.0284605,0.00328161,0.0144495,-0.00775598,0.0682334,0,0,0,1.20024e-12,0,0,-1.20024e-12,-1.20024e-12,1.20024e-12,0,0,0,0,0,0,0,0,0,0.905991,-4.34847e-09,0,1.20024e-12,0,0,-1.20024e-12,-1.20024e-12,1.20024e-12,0,0,0,0,0,0,0,0,0,-4.34847e-09,0.905991,
3.48079e-07,-0.6204,0.01951,-0.00436772,0.00169267,0.000987527,-3.29526e-05,0,0,0.560564,-0.0273124,-0.108313,0.0378211,0.0116841,0.000149832,0.000456777,0,0,9.3377e-08,-2,-0.00557844,-0.0140403,-0.00390333,-5.98019e-05,6.76206e-06,0,0,0.0324394,0.74369,0.0356351,0.0770878,-0.0202279,-0.0249623,0.0253544,0,0,5.61509e-07,-0.396225,0.0804657,0.00997182,0.00483512,0.00242343,-7.42313e-05,0,0,-0.109243,-0.0173002,0.593427,-0.00154281,0.00815444,0.00694333,-0.00129617,0,0,-1.90709e-07,-2,0.00475254,0.0509569,0.00496409,-0.000792135,-4.27736e-05,0,0,0.0412709,-0.0922465,0.00653049,0.656712,0.00667935,0.0452095,0.0091505,0,0,4.32751e-06,1.04395,0.0354189,0.0144135,-0.0487589,-0.0325045,0.000736971,0,0,0.13307,0.0461026,0.0885586,0.125602,0.409557,-0.0272943,0.0103656,0,0,-7.02403e-07,-0.30923,0.00673801,-0.042312,-0.0390268,0.0430056,0.00100373,0,0,0.0305588,-0.016071,0.0887903,0.547718,-0.0330894,0.424758,-0.00512178,0,0,-7.10092e-08,-0.250786,0.0032619,0.00177135,0.00193731,0.0033509,0.00178626,0,0,-0.0210142,-0.0108375,-0.0284585,0.00329147,0.0144389,-0.00775882,0.0682344,0,0,0,0,0,-1.20024e-12,1.20024e-12,1.20024e-12,0,0,0,0,0,0,0,0,0,0,0.905991,4.14263e-09,-2.40048e-12,0,-2.40048e-12,-2.40048e-12,0,0,-2.40048e-12,0,0,0,0,0,0,0,0,0,4.14233e-09,0.905991,
-8.67362e-13,-0.621274,0.0195332,-0.00437905,0.00169289,0.000988449,-3.33011e-05,0,0,0.560609,-0.0273511,-0.108396,0.0378938,0.0116822,0.00013684,0.000461851,0,0,1.07607e-11,-2,-0.00558615,-0.0140504,-0.00390688,-5.76368e-05,6.68359e-06,0,0,0.0324629,0.743714,0.035668,0.0771314,-0.0202366,-0.0249866,0.0253536,0,0,-6.93889e-12,-0.396971,0.0804589,0.00996257,0.00483675,0.00242426,-7.47788e-05,0,0,-0.109328,-0.0173329,0.593614,-0.00150148,0.00817569,0.00693306,-0.00129277,0,0,0,-2,0.00474656,0.0509717,0.00496312,-0.00079229,-4.25271e-05,0,0,0.0413437,-0.0923075,0.00658047,0.656745,0.00666771,0.0451882,0.00915774,0,0,1.04083e-11,1.04422,0.0353858,0.0144277,-0.0487628,-0.0325081,0.000732328,0,0,0.133088,0.0461152,0.0887953,0.125559,0.409611,-0.0272845,0.0103543,0,0,4.16334e-11,-0.306947,0.00674996,-0.0422912,-0.0390329,0.0430455,0.0010035,0,0,0.0304849,-0.0159716,0.0887268,0.547636,-0.0330784,0.424783,-0.00513293,0,0,-5.20417e-12,-0.250877,0.00326386,0.00176897,0.00193587,0.00334972,0.00178658,0,0,-0.0210022,-0.0108415,-0.0284564,0.00330133,0.0144284,-0.00776166,0.0682354,0,0,0,0,0,0,0,0,0,0,0,0,0,0,0,0,0,0,0.905991,4.06822e-09,0,0,0,0,0,0,0,0,0,0,0,0,0,0,0,0,4.06852e-09,0.905991,
-3.47816e-07,-0.622149,0.0195574,-0.00439036,0.0016924,0.000989388,-3.36489e-05,0,0,0.560654,-0.0273898,-0.108479,0.0379666,0.0116802,0.000123823,0.000466934,0,0,-9.33868e-08,-2,-0.00559372,-0.0140605,-0.00391059,-5.54466e-05,6.60469e-06,0,0,0.0324865,0.743738,0.0357009,0.0771751,-0.0202454,-0.0250108,0.0253528,0,0,-5.61825e-07,-0.397718,0.0804533,0.00995334,0.00483718,0.0024251,-7.53273e-05,0,0,-0.109414,-0.0173656,0.593801,-0.00146003,0.00819691,0.00692276,-0.00128936,0,0,1.90625e-07,-2,0.00474012,0.0509866,0.00496254,-0.000792414,-4.22816e-05,0,0,0.0414165,-0.0923686,0.00663056,0.656778,0.00665607,0.045167,0.00916498,0,0,-4.32961e-06,1.0445,0.0353612,0.0144419,-0.0487752,-0.0325117,0.000727702,0,0,0.133105,0.0461279,0.0890318,0.125517,0.409664,-0.0272747,0.010343,0,0,7.02362e-07,-0.304665,0.00676053,-0.0422703,-0.0390375,0.0430858,0.00100323,0,0,0.0304108,-0.0158722,0.0886631,0.547553,-0.0330673,0.424808,-0.00514408,0,0,7.0912e-08,-0.250968,0.00326569,0.00176658,0.00193453,0.00334852,0.0017869,0,0,-0.0209902,-0.0108455,-0.0284543,0.00331118,0.0144179,-0.00776449,0.0682363,0,0,0,1.20024e-12,0,0,1.20024e-12,-1.20024e-12,1.20024e-12,-5.76116e-11,0,0,0,0,0,0,0,0,0.905991,4.09762e-09,0,2.40048e-12,-1.20024e-12,0,-1.20024e-12,-1.20024e-12,0,0,0,0,0,0,0,0,0,0,4.09792e-09,0.905991,
-3.46945e-12,-0.623025,0.0195804,-0.00440154,0.00169231,0.000990531,-3.33103e-05,0,0,0.5607,-0.0274285,-0.108562,0.0380395,0.0116783,0.000110778,0.000472023,0,0,-9.29703e-12,-2,-0.00560143,-0.0140701,-0.00391458,-5.34474e-05,6.69907e-06,0,0,0.03251,0.743762,0.0357339,0.0772187,-0.0202542,-0.025035,0.0253519,0,0,-6.93889e-12,-0.398468,0.0804459,0.00994415,0.00483861,0.00242637,-7.47412e-05,0,0,-0.109499,-0.0173984,0.593988,-0.00141847,0.00821813,0.00691242,-0.00128594,0,0,0,-2,0.00473428,0.0510017,0.00496174,-0.000793246,-4.2405e-05,0,0,0.0414895,-0.0924297,0.00668076,0.65681,0.00664442,0.0451457,0.00917223,0,0,-2.08167e-11,1.04477,0.0353236,0.014456,-0.0487874,-0.0325108,0.000731459,0,0,0.133123,0.0461405,0.0892683,0.125474,0.409718,-0.0272649,0.0103317,0,0,-3.46945e-11,-0.302382,0.00677328,-0.0422493,-0.0390422,0.0431265,0.00100174,0,0,0.0303365,-0.0157728,0.0885991,0.547471,-0.0330563,0.424833,-0.00515523,0,0,5.20417e-12,-0.251059,0.00326774,0.00176422,0.0019332,0.00334726,0.00178712,0,0,-0.0209782,-0.0108496,-0.0284522,0.00332102,0.0144074,-0.00776733,0.0682373,0,0,0,-3.60072e-12,0,0,-3.60072e-12,0,3.60072e-12,0,0,0,0,0,0,0,0,0,0.905991,4.22575e-09,0,0,0,0,-1.20024e-12,0,1.20024e-12,0,0,0,0,0,0,0,0,0,4.22635e-09,0.905991,
-6.93889e-12,-0.623902,0.0196045,-0.00441246,0.0016929,0.000990965,-3.29723e-05,0,0,0.560746,-0.0274673,-0.108646,0.0381126,0.0116763,9.77071e-05,0.00047712,0,0,-1.02728e-11,-2,-0.00560872,-0.0140796,-0.0039184,-5.16461e-05,6.79414e-06,0,0,0.0325335,0.743786,0.0357668,0.0772623,-0.020263,-0.0250592,0.0253511,0,0,-2.08167e-11,-0.399219,0.0804407,0.0099354,0.00484118,0.00242651,-7.41542e-05,0,0,-0.109585,-0.0174313,0.594175,-0.00137679,0.00823934,0.00690204,-0.00128251,0,0,1.38778e-11,-2,0.00472772,0.0510165,0.00496055,-0.000793714,-4.25274e-05,0,0,0.0415626,-0.0924908,0.00673108,0.656843,0.00663275,0.0451245,0.00917948,0,0,1.04083e-11,1.04504,0.0353033,0.0144744,-0.048791,-0.0325187,0.000735202,0,0,0.13314,0.046153,0.0895047,0.125432,0.409771,-0.0272552,0.0103204,0,0,-2.77556e-11,-0.3001,0.0067833,-0.0422289,-0.0390483,0.0431683,0.00100028,0,0,0.0302621,-0.0156735,0.0885348,0.547389,-0.0330453,0.424858,-0.00516638,0,0,-6.93889e-12,-0.251149,0.00326949,0.00176178,0.00193177,0.00334617,0.00178735,0,0,-0.0209662,-0.0108536,-0.0284501,0.00333085,0.0143968,-0.00777017,0.0682383,0,0,0,-2.40048e-12,-2.40048e-12,0,0,0,-2.40048e-12,-5.76116e-11,0,0,0,0,0,0,0,0,0.905991,-4.4652e-09,0,-2.40048e-12,-2.40048e-12,0,0,0,-2.40048e-12,0,0,0,0,0,0,0,0,0,-4.4649e-09,0.905991,
5.20417e-12,-0.624779,0.0196278,-0.00442463,0.00169306,0.000991897,-3.3667e-05,0,0,0.560791,-0.0275061,-0.108729,0.0381858,0.0116744,8.4611e-05,0.000482225,0,0,9.48677e-13,-2,-0.00561646,-0.0140899,-0.00392192,-4.94443e-05,6.62319e-06,0,0,0.032557,0.74381,0.0357997,0.0773058,-0.0202718,-0.0250834,0.0253503,0,0,1.73472e-11,-0.399972,0.0804338,0.00992483,0.00484269,0.00242735,-7.52653e-05,0,0,-0.109671,-0.0174643,0.594361,-0.00133499,0.00826052,0.00689163,-0.00127907,0,0,0,-2,0.00472162,0.0510315,0.00495959,-0.000793824,-4.20914e-05,0,0,0.0416359,-0.0925519,0.0067815,0.656876,0.00662108,0.0451032,0.00918674,0,0,-1.56125e-11,1.04531,0.0352701,0.01448,-0.0487948,-0.0325223,0.00072624,0,0,0.133157,0.0461656,0.089741,0.125389,0.409825,-0.0272454,0.0103092,0,0,-6.93889e-12,-0.297819,0.00679548,-0.0422062,-0.0390544,0.0432083,0.00100073,0,0,0.0301876,-0.0155741,0.0884702,0.547307,-0.0330343,0.424883,-0.00517752,0,0,1.12757e-11,-0.25124,0.00327143,0.00175952,0.00193033,0.003345,0.00178774,0,0,-0.0209541,-0.0108576,-0.028448,0.00334066,0.0143863,-0.00777301,0.0682393,0,0,0,0,0,1.20024e-12,0,0,0,0,0,0,0,0,0,0,0,0,0.905991,-4.56302e-09,0,0,0,0,0,1.20024e-12,0,0,0,0,0,0,0,0,0,0,-4.56302e-09,0.905991,
-2.60209e-12,-0.625659,0.0196514,-0.00443609,0.00169252,0.000992848,-3.3319e-05,0,0,0.560837,-0.027545,-0.108812,0.0382591,0.0116724,7.14894e-05,0.000487338,0,0,1.81604e-12,-2,-0.00562424,-0.0141,-0.0039256,-4.72188e-05,6.73135e-06,0,0,0.0325805,0.743834,0.0358327,0.0773493,-0.0202807,-0.0251076,0.0253495,0,0,-6.93889e-12,-0.400727,0.0804271,0.00991543,0.00484302,0.00242821,-7.46903e-05,0,0,-0.109756,-0.0174973,0.594548,-0.00129308,0.00828168,0.00688117,-0.00127563,0,0,0,-2,0.00471542,0.0510463,0.004959,-0.000793909,-4.22278e-05,0,0,0.0417092,-0.0926131,0.00683204,0.656909,0.00660941,0.0450819,0.009194,0,0,1.73472e-12,1.04558,0.0352366,0.0144942,-0.048807,-0.0325258,0.000730291,0,0,0.133174,0.0461781,0.0899773,0.125347,0.409878,-0.0272356,0.0102979,0,0,3.46945e-11,-0.295537,0.00680766,-0.0421849,-0.039059,0.0432486,0.000999047,0,0,0.0301129,-0.0154748,0.0884054,0.547224,-0.0330232,0.424908,-0.00518867,0,0,-9.54098e-12,-0.25133,0.0032734,0.00175712,0.00192899,0.00334379,0.00178791,0,0,-0.020942,-0.0108616,-0.0284459,0.00335047,0.0143758,-0.00777585,0.0682403,0,0,0,2.40048e-12,0,0,3.60072e-12,2.40048e-12,0,5.64113e-11,0,0,0,0,0,0,0,0,0.905991,-4.51681e-09,0,1.20024e-12,0,0,1.20024e-12,0,0,0,0,0,0,0,0,0,0,0,-4.51651e-09,0.905991,
5.20417e-12,-0.626538,0.0196755,-0.00444751,0.00169203,0.000993788,-3.29724e-05,0,0,0.560883,-0.0275839,-0.108896,0.0383326,0.0116703,5.8342e-05,0.000492458,0,0,9.75782e-12,-2,-0.00563195,-0.0141101,-0.00392932,-4.50234e-05,6.83749e-06,0,0,0.032604,0.743859,0.0358656,0.0773929,-0.0202895,-0.0251317,0.0253486,0,0,1.38778e-11,-0.401483,0.0804209,0.00990607,0.00484347,0.00242904,-7.41137e-05,0,0,-0.109842,-0.0175304,0.594734,-0.00125105,0.00830282,0.00687068,-0.00127217,0,0,0,-2,0.00470897,0.0510612,0.00495838,-0.000794052,-4.2363e-05,0,0,0.0417827,-0.0926743,0.00688269,0.656941,0.00659772,0.0450606,0.00920127,0,0,-1.73472e-12,1.04585,0.0352073,0.0145085,-0.0488189,-0.0325292,0.000734318,0,0,0.133192,0.0461907,0.0902135,0.125304,0.409931,-0.0272258,0.0102866,0,0,-6.93889e-12,-0.293257,0.00681917,-0.0421635,-0.0390635,0.0432894,0.000997367,0,0,0.030038,-0.0153755,0.0883403,0.547142,-0.0330122,0.424933,-0.00519982,0,0,-1.47451e-11,-0.25142,0.00327532,0.00175473,0.00192762,0.00334257,0.00178808,0,0,-0.02093,-0.0108656,-0.0284438,0.00336027,0.0143653,-0.00777868,0.0682413,0,0,0,0,-1.20024e-12,0,1.20024e-12,0,0,-5.76116e-11,0,0,0,0,0,0,0,0,0.905991,-4.34607e-09,0,2.40048e-12,2.40048e-12,-2.40048e-12,0,0,0,-1.14023e-10,0,0,0,0,0,0,0,0,-4.34607e-09,0.905991,
-3.47024e-07,-0.627419,0.0196998,-0.00445846,0.00169298,0.000994229,-3.36765e-05,0,0,0.560929,-0.0276229,-0.108979,0.0384062,0.0116683,4.51676e-05,0.000497585,0,0,-9.33957e-08,-2,-0.00563941,-0.0141195,-0.00393304,-4.32163e-05,6.65009e-06,0,0,0.0326275,0.743884,0.0358986,0.0774364,-0.0202983,-0.0251559,0.0253478,0,0,-5.62758e-07,-0.402241,0.0804153,0.0098973,0.00484662,0.00242917,-7.52137e-05,0,0,-0.109928,-0.0175636,0.59492,-0.0012089,0.00832395,0.00686015,-0.0012687,0,0,1.90348e-07,-2,0.00470238,0.0510761,0.00495697,-0.000794539,-4.19142e-05,0,0,0.0418563,-0.0927355,0.00693346,0.656974,0.00658603,0.0450393,0.00920854,0,0,-4.33612e-06,1.04612,0.0351823,0.014527,-0.0488176,-0.032537,0.000725052,0,0,0.133209,0.0462032,0.0904497,0.125262,0.409984,-0.0272161,0.0102754,0,0,7.02521e-07,-0.290977,0.00683006,-0.0421428,-0.0390701,0.043332,0.000997989,0,0,0.029963,-0.0152762,0.088275,0.54706,-0.0330012,0.424959,-0.00521097,0,0,7.0572e-08,-0.25151,0.00327716,0.00175229,0.00192606,0.00334144,0.00178852,0,0,-0.0209179,-0.0108696,-0.0284417,0.00337006,0.0143548,-0.00778152,0.0682423,0,0,0,0,0,0,-1.20024e-12,1.20024e-12,-1.20024e-12,-1.16423e-10,0,0,0,0,0,0,0,0,0.905991,4.09372e-09,0,0,0,0,1.20024e-12,-1.20024e-12,1.20024e-12,1.15223e-10,0,0,0,0,0,0,0,0,4.09432e-09,0.905991,
2.60209e-12,-0.628301,0.0197237,-0.00447031,0.00169218,0.000995833,-3.33308e-05,0,0,0.560976,-0.0276619,-0.109063,0.0384799,0.0116663,3.19672e-05,0.00050272,0,0,3.52366e-13,-2,-0.00564708,-0.0141296,-0.00393689,-4.0871e-05,6.75628e-06,0,0,0.032651,0.743908,0.0359316,0.0774798,-0.0203072,-0.02518,0.025347,0,0,1.04083e-11,-0.403001,0.0804091,0.00988723,0.00484659,0.0024311,-7.46355e-05,0,0,-0.110015,-0.0175968,0.595107,-0.00116664,0.00834507,0.00684958,-0.00126523,0,0,0,-2,0.00469592,0.0510911,0.00495652,-0.000795123,-4.20475e-05,0,0,0.0419301,-0.0927968,0.00698434,0.657007,0.00657433,0.045018,0.00921582,0,0,1.73472e-12,1.04639,0.035153,0.014537,-0.048834,-0.0325319,0.000729044,0,0,0.133225,0.0462156,0.0906858,0.12522,0.410038,-0.0272063,0.0102641,0,0,-1.38778e-11,-0.288696,0.00684171,-0.0421205,-0.039074,0.0433713,0.000996355,0,0,0.0298879,-0.015177,0.0882094,0.546977,-0.0329902,0.424984,-0.00522211,0,0,1.12757e-11,-0.2516,0.00327905,0.00174996,0.00192479,0.00334012,0.00178871,0,0,-0.0209058,-0.0108736,-0.0284396,0.00337984,0.0143443,-0.00778435,0.0682433,0,0,0,2.40048e-12,-2.40048e-12,0,0,-2.40048e-12,1.20024e-12,0,0,0,0,0,0,0,0,0,0.905991,3.9806e-09,0,0,0,0,0,0,-2.40048e-12,0,0,0,0,0,0,0,0,0,3.9809e-09,0.905991,
3.46754e-07,-0.629184,0.0197472,-0.00448138,0.00169273,0.000996279,-3.29934e-05,0,0,0.561022,-0.0277009,-0.109147,0.0385538,0.0116642,1.87402e-05,0.000507862,0,0,9.3383e-08,-2,-0.00565473,-0.014139,-0.00394068,-3.90368e-05,6.85038e-06,0,0,0.0326744,0.743933,0.0359646,0.0775233,-0.0203161,-0.0252041,0.0253461,0,0,5.63043e-07,-0.403763,0.0804022,0.00987831,0.00484909,0.00243125,-7.40478e-05,0,0,-0.110101,-0.0176302,0.595293,-0.00112425,0.00836617,0.00683897,-0.00126175,0,0,-1.90278e-07,-2,0.00468968,0.0511058,0.00495531,-0.000795569,-4.21704e-05,0,0,0.042004,-0.0928581,0.00703533,0.657039,0.00656261,0.0449966,0.00922311,0,0,4.33829e-06,1.04666,0.0351193,0.0145556,-0.0488371,-0.0325397,0.000732803,0,0,0.133242,0.0462281,0.0909218,0.125178,0.410091,-0.0271966,0.0102529,0,0,-7.02507e-07,-0.286417,0.00685414,-0.0420995,-0.0390799,0.0434137,0.000994866,0,0,0.0298125,-0.0150777,0.0881435,0.546895,-0.0329791,0.425009,-0.00523326,0,0,-7.04948e-08,-0.251689,0.00328102,0.0017475,0.00192332,0.003339,0.00178893,0,0,-0.0208936,-0.0108776,-0.0284374,0.0033896,0.0143338,-0.00778719,0.0682443,0,0,2.40048e-12,0,0,0,0,-2.40048e-12,2.40048e-12,0,0,0,0,0,0,0,0,0,0.905991,3.9698e-09,0,0,0,0,1.20024e-12,0,-1.20024e-12,0,0,0,0,0,0,0,0,0,3.9701e-09,0.905991,
-1.73472e-12,-0.630068,0.0197711,-0.00449333,0.00169257,0.000997547,-3.29943e-05,0,0,0.561069,-0.02774,-0.109231,0.0386279,0.0116621,5.48772e-06,0.000513012,0,0,-4.36391e-12,-2,-0.00566241,-0.0141492,-0.00394432,-3.6755e-05,6.86387e-06,0,0,0.0326979,0.743958,0.0359976,0.0775667,-0.0203249,-0.0252282,0.0253453,0,0,-6.93889e-12,-0.404526,0.080396,0.00986812,0.0048501,0.00243263,-7.40328e-05,0,0,-0.110187,-0.0176636,0.595479,-0.00108175,0.00838726,0.00682832,-0.00125825,0,0,-1.38778e-11,-2,0.00468316,0.0511207,0.00495448,-0.000795922,-4.2114e-05,0,0,0.0420779,-0.0929194,0.00708644,0.657072,0.00655089,0.0449753,0.0092304,0,0,6.93889e-12,1.04693,0.0350899,0.0145655,-0.0488447,-0.0325389,0.000732475,0,0,0.133259,0.0462405,0.0911578,0.125136,0.410144,-0.0271868,0.0102416,0,0,3.46945e-11,-0.284137,0.00686591,-0.0420769,-0.0390852,0.0434536,0.000993922,0,0,0.0297371,-0.0149785,0.0880774,0.546813,-0.0329681,0.425034,-0.0052444,0,0,4.33681e-12,-0.251779,0.0032829,0.00174516,0.00192192,0.00333774,0.00178918,0,0,-0.0208815,-0.0108815,-0.0284353,0.00339936,0.0143234,-0.00779003,0.0682453,0,0,0,1.20024e-12,-1.20024e-12,1.20024e-12,0,1.20024e-12,1.20024e-12,0,0,0,0,0,0,0,0,0,0.905991,4.04991e-09,0,1.20024e-12,0,0,1.20024e-12,0,1.20024e-12,0,0,0,0,0,0,0,0,0,4.05051e-09,0.905991,
-8.67362e-13,-0.630952,0.0197959,-0.00450459,0.00169239,0.000998142,-3.36877e-05,0,0,0.561116,-0.0277791,-0.109315,0.038702,0.01166,-7.79039e-06,0.00051817,0,0,1.06658e-11,-2,-0.00566994,-0.0141591,-0.00394792,-3.46299e-05,6.69016e-06,0,0,0.0327213,0.743983,0.0360306,0.0776101,-0.0203338,-0.0252523,0.0253445,0,0,-1.04083e-11,-0.405291,0.0803909,0.00985908,0.00485103,0.00243291,-7.51453e-05,0,0,-0.110274,-0.017697,0.595664,-0.00103913,0.00840832,0.00681763,-0.00125475,0,0,1.38778e-11,-2,0.00467617,0.0511353,0.00495366,-0.000795856,-4.16786e-05,0,0,0.0421521,-0.0929807,0.00713767,0.657105,0.00653917,0.0449539,0.00923769,0,0,-1.04083e-11,1.04719,0.0350691,0.0145842,-0.0488521,-0.0325467,0.000723488,0,0,0.133276,0.0462529,0.0913937,0.125094,0.410197,-0.0271771,0.0102304,0,0,2.77556e-11,-0.281858,0.0068763,-0.0420558,-0.0390903,0.0434952,0.000994349,0,0,0.0296614,-0.0148792,0.088011,0.546731,-0.0329571,0.42506,-0.00525554,0,0,1.04083e-11,-0.251868,0.00328466,0.00174268,0.00192049,0.00333659,0.00178956,0,0,-0.0208693,-0.0108855,-0.0284331,0.00340911,0.0143129,-0.00779286,0.0682463,0,0,0,0,1.20024e-12,0,0,0,0,0,0,0,0,0,0,0,0,0,0.905991,4.22605e-09,0,0,0,1.20024e-12,0,0,-2.40048e-12,0,0,0,0,0,0,0,0,0,4.22635e-09,0.905991,
-3.46349e-07,-0.631838,0.0198196,-0.00451571,0.00169259,0.00099894,-3.33507e-05,0,0,0.561162,-0.0278183,-0.109399,0.0387763,0.0116579,-2.10953e-05,0.000523335,0,0,-9.34051e-08,-2,-0.00567762,-0.0141685,-0.00395181,-3.26908e-05,6.78289e-06,0,0,0.0327447,0.744008,0.0360636,0.0776535,-0.0203427,-0.0252763,0.0253436,0,0,-5.6349e-07,-0.406057,0.0803841,0.00985008,0.00485296,0.00243362,-7.4557e-05,0,0,-0.11036,-0.0177306,0.59585,-0.000996392,0.00842937,0.00680691,-0.00125124,0,0,1.90126e-07,-2,0.00466979,0.0511501,0.00495262,-0.000796499,-4.18012e-05,0,0,0.0422263,-0.0930421,0.007189,0.657138,0.00652743,0.0449325,0.009245,0,0,-4.34149e-06,1.04747,0.0350351,0.0146029,-0.0488592,-0.03255,0.000727245,0,0,0.133292,0.0462653,0.0916295,0.125052,0.41025,-0.0271674,0.0102192,0,0,7.02521e-07,-0.279581,0.00688887,-0.0420345,-0.0390954,0.0435372,0.000992847,0,0,0.0295856,-0.01478,0.0879443,0.546648,-0.032946,0.425085,-0.00526668,0,0,7.03153e-08,-0.251957,0.00328663,0.00174022,0.00191907,0.00333538,0.00178978,0,0,-0.0208571,-0.0108894,-0.0284309,0.00341885,0.0143024,-0.0077957,0.0682473,0,0,0,0,1.20024e-12,0,1.20024e-12,-1.20024e-12,0,0,0,0,0,0,0,0,0,0,0.905991,-4.51561e-09,0,0,1.20024e-12,0,1.20024e-12,-1.20024e-12,0,0,0,0,0,0,0,0,0,0,-4.51591e-09,0.905991,
8.67362e-13,-0.632725,0.019843,-0.00452795,0.00169279,0.000999377,-3.33605e-05,0,0,0.56121,-0.0278575,-0.109483,0.0388508,0.0116558,-3.44266e-05,0.000528507,0,0,6.87113e-12,-2,-0.00568526,-0.0141782,-0.00395571,-3.08548e-05,6.78294e-06,0,0,0.0327681,0.744033,0.0360967,0.0776968,-0.0203516,-0.0253003,0.0253428,0,0,-3.46945e-12,-0.406826,0.0803773,0.00983926,0.0048549,0.00243375,-7.45315e-05,0,0,-0.110447,-0.0177642,0.596036,-0.000953532,0.00845042,0.00679614,-0.00124772,0,0,-1.38778e-11,-2,0.00466345,0.0511653,0.00495157,-0.000796966,-4.1733e-05,0,0,0.0423007,-0.0931035,0.00724045,0.65717,0.00651568,0.0449111,0.0092523,0,0,5.20417e-12,1.04773,0.0350013,0.0146085,-0.0488665,-0.0325578,0.000726646,0,0,0.133309,0.0462777,0.0918652,0.12501,0.410303,-0.0271576,0.0102079,0,0,2.77556e-11,-0.277302,0.00690152,-0.0420109,-0.0391007,0.0435796,0.000992075,0,0,0.0295097,-0.0146808,0.0878774,0.546566,-0.032935,0.42511,-0.00527782,0,0,-5.20417e-12,-0.252046,0.00328858,0.00173796,0.00191769,0.00333427,0.00179008,0,0,-0.0208449,-0.0108934,-0.0284288,0.00342857,0.0142919,-0.00779854,0.0682483,0,0,0,-2.40048e-12,0,2.40048e-12,0,3.60072e-12,-2.40048e-12,0,0,0,0,0,0,0,0,0,0.905991,-4.66504e-09,0,0,0,0,1.20024e-12,1.20024e-12,0,0,0,0,0,0,0,0,0,0,-4.66444e-09,0.905991,
-5.20417e-12,-0.633613,0.0198674,-0.00453937,0.0016929,0.00100032,-3.33604e-05,0,0,0.561257,-0.0278968,-0.109568,0.0389254,0.0116536,-4.77829e-05,0.000533688,0,0,3.44234e-12,-2,-0.00569287,-0.0141882,-0.00395921,-2.86194e-05,6.79742e-06,0,0,0.0327915,0.744059,0.0361297,0.0777402,-0.0203605,-0.0253244,0.0253419,0,0,-1.38778e-11,-0.407596,0.0803715,0.00982999,0.00485633,0.0024346,-7.45176e-05,0,0,-0.110534,-0.0177979,0.596221,-0.000910554,0.00847144,0.00678534,-0.00124419,0,0,1.38778e-11,-2,0.00465661,0.0511797,0.00495056,-0.000797068,-4.16779e-05,0,0,0.0423752,-0.0931649,0.00729202,0.657203,0.00650393,0.0448897,0.00925962,0,0,-1.38778e-11,1.04799,0.0349761,0.0146272,-0.0488696,-0.0325613,0.000726342,0,0,0.133325,0.04629,0.0921008,0.124968,0.410356,-0.0271479,0.0101967,0,0,2.08167e-11,-0.275026,0.00691282,-0.0419894,-0.0391065,0.0436202,0.00099111,0,0,0.0294336,-0.0145817,0.0878102,0.546484,-0.032924,0.425136,-0.00528895,0,0,5.20417e-12,-0.252135,0.00329037,0.00173547,0.00191623,0.00333307,0.00179033,0,0,-0.0208327,-0.0108973,-0.0284266,0.00343828,0.0142815,-0.00780137,0.0682493,0,0,0,-1.20024e-12,1.20024e-12,0,-1.20024e-12,0,0,2.40048e-12,0,0,0,0,0,0,0,0,0.905991,-4.65514e-09,0,0,0,0,1.20024e-12,0,0,0,0,0,0,0,0,0,0,0,-4.65574e-09,0.905991,
3.45945e-07,-0.634502,0.019892,-0.00455112,0.00169231,0.00100196,-3.3014e-05,0,0,0.561304,-0.0279361,-0.109652,0.0390001,0.0116514,-6.11646e-05,0.000538876,0,0,9.34042e-08,-2,-0.00570053,-0.0141983,-0.00396288,-2.61722e-05,6.90431e-06,0,0,0.0328149,0.744084,0.0361628,0.0777835,-0.0203694,-0.0253484,0.0253411,0,0,5.63941e-07,-0.408368,0.0803659,0.00982022,0.00485657,0.00243658,-7.39405e-05,0,0,-0.110621,-0.0178317,0.596406,-0.000867459,0.00849243,0.0067745,-0.00124065,0,0,-1.89987e-07,-2,0.00464967,0.0511944,0.00494993,-0.000797522,-4.18138e-05,0,0,0.0424498,-0.0932263,0.0073437,0.657236,0.00649217,0.0448683,0.00926694,0,0,4.34467e-06,1.04826,0.0349507,0.0146416,-0.0488811,-0.0325559,0.000730401,0,0,0.133341,0.0463024,0.0923364,0.124926,0.410409,-0.0271382,0.0101855,0,0,-7.02556e-07,-0.272748,0.00692413,-0.0419671,-0.0391109,0.0436598,0.000989406,0,0,0.0293574,-0.0144825,0.0877427,0.546402,-0.032913,0.425161,-0.00530009,0,0,-7.01661e-08,-0.252224,0.0032922,0.00173304,0.00191487,0.0033317,0.00179049,0,0,-0.0208204,-0.0109013,-0.0284244,0.00344799,0.014271,-0.00780421,0.0682503,0,0,2.40048e-12,0,-1.20024e-12,0,0,0,1.20024e-12,0,0,0,0,0,0,0,0,0,0.905991,-4.50541e-09,-1.20024e-12,0,0,0,-1.20024e-12,0,0,-1.12823e-10,0,0,0,0,0,0,0,0,-4.5048e-09,0.905991,
-3.45805e-07,-0.635391,0.0199165,-0.00456283,0.00169247,0.00100222,-3.33608e-05,0,0,0.561352,-0.0279755,-0.109737,0.0390749,0.0116492,-7.4572e-05,0.000544072,0,0,-9.34028e-08,-2,-0.0057083,-0.0142082,-0.00396639,-2.41329e-05,6.82214e-06,0,0,0.0328382,0.74411,0.0361958,0.0778267,-0.0203784,-0.0253723,0.0253403,0,0,-5.64087e-07,-0.409141,0.0803598,0.00981049,0.00485808,0.00243629,-7.44898e-05,0,0,-0.110708,-0.0178656,0.596591,-0.000824243,0.00851341,0.00676361,-0.0012371,0,0,1.89904e-07,-2,0.00464285,0.0512092,0.00494888,-0.000797283,-4.15684e-05,0,0,0.0425245,-0.0932878,0.0073955,0.657268,0.0064804,0.0448469,0.00927426,0,0,-4.34569e-06,1.04852,0.0349207,0.0146561,-0.0488837,-0.0325679,0.000725738,0,0,0.133358,0.0463147,0.092572,0.124885,0.410462,-0.0271285,0.0101743,0,0,7.02612e-07,-0.270473,0.00693617,-0.0419447,-0.0391166,0.0437027,0.000989119,0,0,0.029281,-0.0143834,0.087675,0.546319,-0.0329019,0.425186,-0.00531122,0,0,7.0108e-08,-0.252312,0.0032941,0.00173062,0.00191333,0.0033306,0.00179081,0,0,-0.0208082,-0.0109052,-0.0284222,0.00345769,0.0142606,-0.00780704,0.0682512,0,0,0,0,0,1.20024e-12,1.20024e-12,1.20024e-12,1.20024e-12,0,0,0,0,0,0,0,0,0,0.905991,4.25455e-09,0,0,0,0,0,1.20024e-12,0,0,0,0,0,0,0,0,0,0,4.25515e-09,0.905991,
-3.45672e-07,-0.636282,0.0199411,-0.00457454,0.00169198,0.00100314,-3.37081e-05,0,0,0.561399,-0.0280149,-0.109821,0.03915,0.011647,-8.80057e-05,0.000549275,0,0,-9.34038e-08,-2,-0.00571608,-0.0142181,-0.00397012,-2.19369e-05,6.73871e-06,0,0,0.0328616,0.744135,0.0362289,0.07787,-0.0203873,-0.0253963,0.0253394,0,0,-5.64233e-07,-0.409917,0.0803537,0.00980076,0.00485855,0.00243711,-7.50383e-05,0,0,-0.110795,-0.0178995,0.596777,-0.000780906,0.00853436,0.00675269,-0.00123354,0,0,1.8989e-07,-2,0.00463599,0.0512241,0.00494819,-0.000797478,-4.1322e-05,0,0,0.0425994,-0.0933493,0.00744741,0.657301,0.00646862,0.0448255,0.00928159,0,0,-4.34672e-06,1.04878,0.0348907,0.0146705,-0.0488948,-0.0325713,0.000721047,0,0,0.133374,0.046327,0.0928075,0.124843,0.410515,-0.0271188,0.0101631,0,0,7.02535e-07,-0.268196,0.00694825,-0.0419223,-0.0391209,0.0437444,0.000988849,0,0,0.0292045,-0.0142843,0.087607,0.546237,-0.0328909,0.425212,-0.00532236,0,0,7.00646e-08,-0.2524,0.00329602,0.0017282,0.00191193,0.00332937,0.00179112,0,0,-0.0207959,-0.0109091,-0.02842,0.00346738,0.0142501,-0.00780987,0.0682522,0,0,1.20024e-12,1.20024e-12,1.20024e-12,-1.20024e-12,0,0,-1.20024e-12,0,0,0,0,0,0,0,0,0,0.905991,4.15343e-09,1.20024e-12,2.40048e-12,1.20024e-12,-2.40048e-12,0,-1.20024e-12,-2.40048e-12,0,0,0,0,0,0,0,0,0,4.15433e-09,0.905991,
-5.20417e-12,-0.637173,0.019965,-0.00458579,0.00169222,0.00100462,-3.30275e-05,0,0,0.561447,-0.0280543,-0.109906,0.0392251,0.0116448,-0.000101467,0.000554485,0,0,5.84114e-12,-2,-0.00572379,-0.0142274,-0.00397404,-1.98305e-05,6.92267e-06,0,0,0.0328849,0.744161,0.036262,0.0779132,-0.0203963,-0.0254203,0.0253385,0,0,-1.73472e-11,-0.410693,0.080347,0.00979159,0.00486056,0.00243892,-7.3883e-05,0,0,-0.110882,-0.0179335,0.596961,-0.000737445,0.00855531,0.00674173,-0.00122997,0,0,-1.38778e-11,-2,0.00462938,0.0512389,0.0049471,-0.000798564,-4.16328e-05,0,0,0.0426744,-0.0934109,0.00749944,0.657334,0.00645683,0.044804,0.00928893,0,0,1.21431e-11,1.04905,0.0348563,0.0146893,-0.0489014,-0.0325659,0.000729123,0,0,0.13339,0.0463393,0.0930429,0.124801,0.410568,-0.0271091,0.0101519,0,0,4.85723e-11,-0.265921,0.00696113,-0.0419005,-0.0391259,0.0437857,0.000986659,0,0,0.0291278,-0.0141852,0.0875387,0.546155,-0.0328799,0.425237,-0.0053335,0,0,-5.20417e-12,-0.252489,0.00329799,0.00172573,0.00191048,0.00332801,0.00179128,0,0,-0.0207836,-0.0109131,-0.0284178,0.00347705,0.0142396,-0.00781271,0.0682532,0,0,0,-1.20024e-12,0,0,0,0,1.20024e-12,0,0,0,0,0,0,0,0,0,0.905991,4.16634e-09,0,0,0,0,0,0,0,0,0,0,0,0,0,0,0,0,4.16604e-09,0.905991,
2.60209e-12,-0.638066,0.0199894,-0.00459784,0.00169277,0.0010047,-3.30382e-05,0,0,0.561495,-0.0280938,-0.109991,0.0393004,0.0116425,-0.000114954,0.000559704,0,0,2.58853e-12,-2,-0.00573128,-0.0142369,-0.00397786,-1.80961e-05,6.92116e-06,0,0,0.0329083,0.744187,0.0362951,0.0779565,-0.0204053,-0.0254442,0.0253377,0,0,1.38778e-11,-0.411472,0.0803413,0.00978112,0.0048631,0.00243847,-7.38561e-05,0,0,-0.110969,-0.0179676,0.597146,-0.000693861,0.00857626,0.00673074,-0.00122639,0,0,1.38778e-11,-2,0.00462244,0.0512539,0.00494582,-0.000798884,-4.15634e-05,0,0,0.0427495,-0.0934724,0.00755159,0.657367,0.00644503,0.0447826,0.00929627,0,0,-3.46945e-12,1.04932,0.0348308,0.0146994,-0.0489039,-0.0325781,0.000728499,0,0,0.133406,0.0463515,0.0932782,0.12476,0.410621,-0.0270994,0.0101407,0,0,-6.93889e-12,-0.263646,0.0069727,-0.041877,-0.0391317,0.0438293,0.000985898,0,0,0.0290509,-0.0140861,0.0874702,0.546072,-0.0328688,0.425262,-0.00534463,0,0,-4.33681e-12,-0.252577,0.0032998,0.00172339,0.001909,0.00332697,0.00179158,0,0,-0.0207713,-0.010917,-0.0284155,0.00348672,0.0142292,-0.00781554,0.0682542,0,0,0,0,0,1.20024e-12,0,0,1.20024e-12,0,0,0,0,0,0,0,0,0,0.905991,4.28336e-09,0,0,0,1.20024e-12,0,0,1.20024e-12,0,0,0,0,0,0,0,0,0,4.28336e-09,0.905991,
3.45274e-07,-0.63896,0.0200132,-0.00460977,0.00169218,0.00100597,-3.33841e-05,0,0,0.561543,-0.0281333,-0.110076,0.0393758,0.0116403,-0.000128467,0.00056493,0,0,9.34068e-08,-2,-0.00573911,-0.0142469,-0.00398156,-1.57678e-05,6.84105e-06,0,0,0.0329316,0.744213,0.0363282,0.0779996,-0.0204142,-0.0254681,0.0253368,0,0,5.64708e-07,-0.412253,0.0803344,0.00977106,0.00486342,0.00243986,-7.44058e-05,0,0,-0.111057,-0.0180017,0.597331,-0.000650159,0.00859718,0.0067197,-0.00122281,0,0,-1.89751e-07,-2,0.00461577,0.0512684,0.00494515,-0.000799201,-4.13178e-05,0,0,0.0428248,-0.093534,0.00760385,0.657399,0.00643323,0.0447611,0.00930362,0,0,4.34998e-06,1.04958,0.0347966,0.0147138,-0.0489153,-0.0325771,0.000723827,0,0,0.133422,0.0463637,0.0935135,0.124718,0.410673,-0.0270897,0.0101295,0,0,-7.02577e-07,-0.261372,0.00698573,-0.0418541,-0.0391361,0.0438697,0.000985643,0,0,0.0289739,-0.013987,0.0874014,0.54599,-0.0328578,0.425288,-0.00535576,0,0,-6.99215e-08,-0.252665,0.00330173,0.00172095,0.00190767,0.0033257,0.0017919,0,0,-0.020759,-0.0109209,-0.0284133,0.00349637,0.0142188,-0.00781838,0.0682552,0,0,0,-1.20024e-12,1.20024e-12,0,-2.40048e-12,-1.20024e-12,0,-1.20024e-12,0,0,0,0,0,0,0,0,0.905991,-4.51411e-09,0,-1.20024e-12,0,0,-1.20024e-12,0,-1.20024e-12,1.16423e-10,0,0,0,0,0,0,0,0,-4.51471e-09,0.905991,
3.45136e-07,-0.639854,0.0200377,-0.00462169,0.00169192,0.00100658,-3.33841e-05,0,0,0.561591,-0.0281729,-0.110161,0.0394514,0.011638,-0.000142005,0.000570163,0,0,9.34092e-08,-2,-0.00574689,-0.0142569,-0.00398514,-1.35933e-05,6.85351e-06,0,0,0.0329549,0.744239,0.0363614,0.0780428,-0.0204232,-0.025492,0.025336,0,0,5.64861e-07,-0.413035,0.0803282,0.00976104,0.00486422,0.00244015,-7.43919e-05,0,0,-0.111144,-0.018036,0.597516,-0.000606337,0.00861807,0.00670862,-0.00121921,0,0,-1.89682e-07,-2,0.00460881,0.0512831,0.00494429,-0.000799099,-4.12632e-05,0,0,0.0429001,-0.0935956,0.00765623,0.657432,0.00642142,0.0447396,0.00931097,0,0,4.35098e-06,1.04984,0.0347665,0.0147284,-0.0489221,-0.0325848,0.000723527,0,0,0.133437,0.0463759,0.0937487,0.124677,0.410726,-0.02708,0.0101183,0,0,-7.02563e-07,-0.259098,0.00699807,-0.0418312,-0.039141,0.0439117,0.000984643,0,0,0.0288968,-0.013888,0.0873323,0.545908,-0.0328468,0.425313,-0.00536689,0,0,-6.98296e-08,-0.252752,0.00330361,0.00171851,0.00190623,0.00332453,0.00179213,0,0,-0.0207466,-0.0109248,-0.0284111,0.00350602,0.0142083,-0.00782121,0.0682562,0,0,0,0,0,0,1.20024e-12,0,-1.20024e-12,0,0,0,0,0,0,0,0,0,0.905991,-4.60112e-09,0,0,1.20024e-12,0,0,0,0,0,0,0,0,0,0,0,0,0,-4.60142e-09,0.905991,
-3.44998e-07,-0.64075,0.020062,-0.00463324,0.00169136,0.00100752,-3.304e-05,0,0,0.561639,-0.0282125,-0.110246,0.0395271,0.0116357,-0.000155569,0.000575404,0,0,-9.34049e-08,-2,-0.00575479,-0.0142668,-0.00398883,-1.13492e-05,6.95733e-06,0,0,0.0329781,0.744265,0.0363945,0.078086,-0.0204322,-0.0255159,0.0253351,0,0,-5.65003e-07,-0.41382,0.0803216,0.00975163,0.00486455,0.00244099,-7.38118e-05,0,0,-0.111232,-0.0180703,0.5977,-0.000562394,0.00863895,0.0066975,-0.00121561,0,0,1.8964e-07,-2,0.00460196,0.0512976,0.0049436,-0.000799238,-4.13973e-05,0,0,0.0429757,-0.0936573,0.00770873,0.657465,0.00640959,0.0447181,0.00931833,0,0,-4.35197e-06,1.0501,0.0347318,0.0147473,-0.048933,-0.032588,0.000727555,0,0,0.133453,0.0463881,0.0939838,0.124636,0.410779,-0.0270703,0.0101071,0,0,7.02619e-07,-0.256824,0.00701114,-0.041809,-0.0391452,0.0439535,0.000982946,0,0,0.0288194,-0.013789,0.087263,0.545825,-0.0328357,0.425339,-0.00537802,0,0,6.97819e-08,-0.25284,0.00330558,0.001716,0.00190483,0.00332328,0.0017923,0,0,-0.0207343,-0.0109286,-0.0284088,0.00351565,0.0141979,-0.00782404,0.0682572,0,0,0,0,1.20024e-12,1.20024e-12,0,-1.20024e-12,0,0,0,0,0,0,0,0,0,0,0.905991,-4.53901e-09,0,0,0,0,0,0,0,0,0,0,0,0,0,0,0,0,-4.53931e-09,0.905991,
-8.67362e-13,-0.641646,0.0200868,-0.00464569,0.00169154,0.00100866,-3.33952e-05,0,0,0.561688,-0.0282522,-0.110331,0.0396029,0.0116334,-0.00016916,0.000580653,0,0,6.58653e-12,-2,-0.00576235,-0.0142764,-0.00399271,-9.29354e-06,6.86091e-06,0,0,0.0330014,0.744291,0.0364277,0.0781291,-0.0204412,-0.0255398,0.0253343,0,0,-6.93889e-12,-0.414605,0.080316,0.00974055,0.00486644,0.00244225,-7.43507e-05,0,0,-0.11132,-0.0181047,0.597884,-0.000518324,0.00865981,0.00668635,-0.00121199,0,0,-1.38778e-11,-2,0.00459478,0.0513129,0.00494249,-0.000800093,-4.11395e-05,0,0,0.0430513,-0.0937189,0.00776135,0.657498,0.00639776,0.0446966,0.00932569,0,0,1.9082e-11,1.05037,0.0347059,0.0147531,-0.0489393,-0.0325869,0.000722597,0,0,0.133469,0.0464002,0.0942189,0.124594,0.410831,-0.0270606,0.010096,0,0,4.85723e-11,-0.254552,0.00702289,-0.0417845,-0.0391501,0.0439957,0.000982842,0,0,0.028742,-0.01369,0.0871934,0.545743,-0.0328247,0.425364,-0.00538914,0,0,4.33681e-12,-0.252927,0.00330741,0.00171372,0.00190337,0.00332198,0.00179266,0,0,-0.0207219,-0.0109325,-0.0284065,0.00352528,0.0141875,-0.00782688,0.0682581,0,0,0,0,0,0,0,0,0,0,0,0,0,0,0,0,0,0,0.905991,-4.35477e-09,0,-1.20024e-12,0,0,0,0,-1.20024e-12,0,0,0,0,0,0,0,0,0,-4.35598e-09,0.905991,
-3.46945e-12,-0.642543,0.0201107,-0.00465755,0.0016917,0.00100944,-3.34055e-05,0,0,0.561737,-0.0282919,-0.110417,0.0396789,0.011631,-0.000182778,0.00058591,0,0,-7.34547e-12,-2,-0.00577006,-0.0142858,-0.00399661,-7.33773e-06,6.859e-06,0,0,0.0330247,0.744318,0.0364608,0.0781722,-0.0204502,-0.0255636,0.0253334,0,0,-6.93889e-12,-0.415392,0.0803092,0.00973045,0.00486834,0.00244295,-7.43243e-05,0,0,-0.111408,-0.0181392,0.598068,-0.000474132,0.00868067,0.00667515,-0.00120836,0,0,1.38778e-11,-2,0.00458802,0.0513277,0.00494139,-0.000800765,-4.10707e-05,0,0,0.0431271,-0.0937806,0.00781408,0.65753,0.00638592,0.0446751,0.00933306,0,0,1.73472e-11,1.05063,0.0346713,0.0147676,-0.0489458,-0.0325903,0.000721981,0,0,0.133484,0.0464124,0.0944538,0.124553,0.410884,-0.027051,0.0100848,0,0,-2.08167e-11,-0.252281,0.00703614,-0.0417613,-0.0391551,0.0440382,0.000982062,0,0,0.0286644,-0.013591,0.0871235,0.545661,-0.0328136,0.42539,-0.00540026,0,0,-1.21431e-11,-0.253014,0.00330935,0.0017113,0.00190196,0.00332077,0.00179296,0,0,-0.0207095,-0.0109364,-0.0284043,0.00353489,0.014177,-0.00782972,0.0682591,0,0,0,0,0,0,0,0,0,-1.20024e-12,0,0,0,0,0,0,0,0,0.905991,4.09222e-09,0,-1.20024e-12,0,0,0,-1.20024e-12,1.20024e-12,0,0,0,0,0,0,0,0,0,4.09192e-09,0.905991,
-8.67362e-13,-0.643442,0.0201354,-0.00466929,0.00169177,0.00101038,-3.34058e-05,0,0,0.561785,-0.0283316,-0.110502,0.039755,0.0116287,-0.00019642,0.000591174,0,0,-6.77626e-12,-2,-0.00577775,-0.0142956,-0.0040001,-5.07556e-06,6.87185e-06,0,0,0.0330479,0.744344,0.036494,0.0782153,-0.0204593,-0.0255874,0.0253325,0,0,6.93889e-12,-0.416181,0.0803035,0.00972077,0.00486971,0.00244379,-7.43095e-05,0,0,-0.111495,-0.0181737,0.598253,-0.000429819,0.00870151,0.00666391,-0.00120473,0,0,1.38778e-11,-2,0.00458078,0.051342,0.00494033,-0.00080087,-4.10153e-05,0,0,0.0432029,-0.0938423,0.00786693,0.657563,0.00637407,0.0446536,0.00934044,0,0,-2.25514e-11,1.05089,0.0346454,0.0147865,-0.0489481,-0.0325936,0.000721665,0,0,0.1335,0.0464245,0.0946887,0.124512,0.410936,-0.0270413,0.0100736,0,0,-4.85723e-11,-0.250009,0.00704803,-0.0417386,-0.0391608,0.0440796,0.000981087,0,0,0.0285866,-0.0134921,0.0870534,0.545579,-0.0328026,0.425415,-0.00541139,0,0,5.20417e-12,-0.253101,0.00331114,0.00170877,0.00190047,0.00331956,0.0017932,0,0,-0.0206971,-0.0109403,-0.028402,0.00354449,0.0141666,-0.00783255,0.0682601,0,0,0,-1.20024e-12,-1.20024e-12,0,2.40048e-12,-2.40048e-12,2.40048e-12,0,0,0,0,0,0,0,0,0,0.905991,3.9707e-09,0,-2.40048e-12,0,0,1.20024e-12,-1.20024e-12,1.20024e-12,0,0,0,0,0,0,0,0,0,3.9704e-09,0.905991,
-1.73472e-12,-0.644342,0.02016,-0.00468102,0.00169147,0.00101169,-3.37501e-05,0,0,0.561834,-0.0283714,-0.110588,0.0398313,0.0116263,-0.000210088,0.000596446,0,0,4.16063e-12,-2,-0.00578557,-0.0143055,-0.00400366,-2.69042e-06,6.79044e-06,0,0,0.0330711,0.744371,0.0365272,0.0782583,-0.0204683,-0.0256113,0.0253317,0,0,-1.38778e-11,-0.416973,0.0802973,0.00971114,0.00487044,0.00244521,-7.48612e-05,0,0,-0.111583,-0.0182083,0.598436,-0.000385385,0.00872231,0.00665264,-0.00120108,0,0,-2.77556e-11,-2,0.00457362,0.0513563,0.00493945,-0.00080113,-4.07716e-05,0,0,0.043279,-0.0939041,0.00791989,0.657596,0.00636222,0.0446321,0.00934782,0,0,1.73472e-11,1.05114,0.034615,0.0148055,-0.0489545,-0.0325925,0.000717013,0,0,0.133515,0.0464366,0.0949235,0.124471,0.410989,-0.0270317,0.0100625,0,0,3.46945e-11,-0.247737,0.00706064,-0.0417159,-0.0391656,0.0441206,0.000980776,0,0,0.0285087,-0.0133932,0.086983,0.545496,-0.0327916,0.425441,-0.0054225,0,0,-1.12757e-11,-0.253188,0.00331302,0.00170624,0.00189901,0.00331824,0.00179351,0,0,-0.0206846,-0.0109441,-0.0283997,0.00355408,0.0141562,-0.00783538,0.0682611,0,0,0,0,1.20024e-12,0,0,0,1.20024e-12,0,0,0,0,0,0,0,0,0,0.905991,3.95239e-09,0,-1.20024e-12,0,0,0,0,1.20024e-12,0,0,0,0,0,0,0,0,0,3.95239e-09,0.905991,
2.60209e-12,-0.645242,0.0201849,-0.00469374,0.00169123,0.00101195,-3.34065e-05,0,0,0.561883,-0.0284112,-0.110674,0.0399077,0.0116239,-0.000223782,0.000601726,0,0,-3.86247e-12,-2,-0.00579342,-0.0143156,-0.00400725,-6.11008e-07,6.89379e-06,0,0,0.0330944,0.744397,0.0365604,0.0783013,-0.0204774,-0.025635,0.0253308,0,0,6.93889e-12,-0.417765,0.0802912,0.00969985,0.00487128,0.00244492,-7.42805e-05,0,0,-0.111672,-0.018243,0.59862,-0.000340827,0.0087431,0.00664133,-0.00119743,0,0,-1.38778e-11,-2,0.00456638,0.0513714,0.00493855,-0.000800876,-4.09058e-05,0,0,0.0433551,-0.0939658,0.00797298,0.657628,0.00635035,0.0446105,0.00935521,0,0,2.94903e-11,1.05141,0.0345844,0.0148115,-0.0489607,-0.0326044,0.000721048,0,0,0.13353,0.0464486,0.0951583,0.12443,0.411041,-0.027022,0.0100513,0,0,-6.93889e-12,-0.245468,0.00707328,-0.041691,-0.0391704,0.0441642,0.000979066,0,0,0.0284307,-0.0132943,0.0869123,0.545414,-0.0327805,0.425467,-0.00543363,0,0,0,-0.253275,0.00331492,0.00170393,0.00189752,0.00331712,0.00179367,0,0,-0.0206722,-0.010948,-0.0283974,0.00356366,0.0141458,-0.00783821,0.0682621,0,0,0,0,0,0,0,0,-2.40048e-12,0,0,0,0,0,0,0,0,0,0.905991,4.02441e-09,0,0,0,0,0,0,-2.40048e-12,0,0,0,0,0,0,0,0,0,4.02441e-09,0.905991,
-1.73472e-12,-0.646143,0.02021,-0.00470531,0.00169138,0.00101309,-3.30727e-05,0,0,0.561933,-0.0284511,-0.110759,0.0399843,0.0116215,-0.000237502,0.000607013,0,0,3.71339e-12,-2,-0.00580102,-0.0143249,-0.00401113,1.46189e-06,6.98339e-06,0,0,0.0331176,0.744424,0.0365936,0.0783443,-0.0204864,-0.0256588,0.0253299,0,0,0,-0.41856,0.0802857,0.00969029,0.00487314,0.00244619,-7.36883e-05,0,0,-0.11176,-0.0182778,0.598804,-0.000296142,0.00876388,0.00662997,-0.00119377,0,0,1.38778e-11,-2,0.00455901,0.0513861,0.00493742,-0.000801729,-4.1027e-05,0,0,0.0434314,-0.0940276,0.00802619,0.657661,0.00633848,0.0445889,0.0093626,0,0,2.60209e-11,1.05166,0.0345581,0.0148304,-0.0489666,-0.0326032,0.000724798,0,0,0.133546,0.0464607,0.095393,0.124389,0.411094,-0.0270124,0.0100402,0,0,-2.77556e-11,-0.243198,0.00708529,-0.0416682,-0.0391752,0.0442067,0.000977549,0,0,0.0283525,-0.0131954,0.0868414,0.545332,-0.0327695,0.425492,-0.00544474,0,0,-8.67362e-13,-0.253361,0.00331675,0.00170143,0.00189605,0.0033158,0.00179389,0,0,-0.0206597,-0.0109518,-0.0283951,0.00357323,0.0141354,-0.00784104,0.0682631,0,0,0,-1.20024e-12,0,1.20024e-12,-1.20024e-12,0,0,0,0,0,0,0,0,0,0,0,0.905991,4.18914e-09,0,0,0,0,0,-1.20024e-12,0,0,0,0,0,0,0,0,0,0,4.18914e-09,0.905991,
-1.73472e-12,-0.647045,0.0202343,-0.00471709,0.00169082,0.00101435,-3.37627e-05,0,0,0.561982,-0.028491,-0.110845,0.0400609,0.0116191,-0.000251249,0.000612308,0,0,-3.11708e-13,-2,-0.00580892,-0.0143346,-0.00401485,3.78183e-06,6.8064e-06,0,0,0.0331408,0.744451,0.0366268,0.0783873,-0.0204955,-0.0256826,0.0253291,0,0,-1.04083e-11,-0.419356,0.0802789,0.00968055,0.00487351,0.00244756,-7.48036e-05,0,0,-0.111848,-0.0183127,0.598987,-0.000251334,0.00878463,0.00661858,-0.00119009,0,0,-1.38778e-11,-2,0.00455196,0.0514005,0.00493669,-0.000802107,-4.05912e-05,0,0,0.0435078,-0.0940894,0.00807951,0.657694,0.00632659,0.0445674,0.00937,0,0,3.46945e-12,1.05193,0.0345232,0.0148495,-0.0489772,-0.0326022,0.000715721,0,0,0.133561,0.0464727,0.0956276,0.124348,0.411146,-0.0270027,0.010029,0,0,4.16334e-11,-0.24093,0.00709878,-0.0416452,-0.0391794,0.0442481,0.000977993,0,0,0.0282741,-0.0130966,0.0867701,0.54525,-0.0327585,0.425518,-0.00545586,0,0,0,-0.253448,0.00331869,0.0016989,0.00189466,0.00331451,0.00179428,0,0,-0.0206472,-0.0109556,-0.0283928,0.00358279,0.014125,-0.00784388,0.068264,0,0,0,0,-1.20024e-12,0,0,0,0,0,0,0,0,0,0,0,0,0,0.905991,-4.4646e-09,0,1.20024e-12,-1.20024e-12,0,-1.20024e-12,0,0,0,0,0,0,0,0,0,0,0,-4.4649e-09,0.905991,
1.73472e-12,-0.647948,0.0202596,-0.00472958,0.00169091,0.00101461,-3.37635e-05,0,0,0.562032,-0.028531,-0.110931,0.0401378,0.0116166,-0.000265021,0.00061761,0,0,6.85758e-12,-2,-0.00581668,-0.0143446,-0.00401835,5.85852e-06,6.81645e-06,0,0,0.0331639,0.744478,0.03666,0.0784303,-0.0205046,-0.0257063,0.0253282,0,0,0,-0.420154,0.0802734,0.00966968,0.00487491,0.00244726,-7.47883e-05,0,0,-0.111937,-0.0183476,0.599171,-0.000206402,0.00880537,0.00660714,-0.00118641,0,0,-1.38778e-11,-2,0.00454444,0.0514153,0.00493558,-0.000801863,-4.05356e-05,0,0,0.0435843,-0.0941513,0.00813296,0.657727,0.0063147,0.0445458,0.0093774,0,0,-8.67362e-12,1.05218,0.0344968,0.0148598,-0.0489788,-0.0326142,0.00071539,0,0,0.133576,0.0464847,0.0958622,0.124307,0.411198,-0.0269931,0.0100179,0,0,-1.38778e-11,-0.238661,0.0071109,-0.0416207,-0.0391848,0.0442917,0.000976998,0,0,0.0281956,-0.0129978,0.0866987,0.545167,-0.0327474,0.425543,-0.00546697,0,0,-2.60209e-11,-0.253534,0.00332051,0.00169651,0.00189311,0.0033134,0.00179452,0,0,-0.0206347,-0.0109595,-0.0283905,0.00359235,0.0141146,-0.00784671,0.068265,0,0,0,0,0,0,0,0,0,0,0,0,0,0,0,0,0,0,0.905991,-4.60382e-09,0,0,1.20024e-12,0,0,0,0,1.20024e-12,0,0,0,0,0,0,0,0,-4.60292e-09,0.905991,
-3.43769e-07,-0.648852,0.0202843,-0.00474159,0.00169103,0.00101575,-3.3086e-05,0,0,0.562081,-0.028571,-0.111017,0.0402148,0.0116142,-0.00027882,0.000622921,0,0,-9.34118e-08,-2,-0.00582439,-0.0143539,-0.00402221,7.95042e-06,6.99963e-06,0,0,0.0331871,0.744505,0.0366932,0.0784732,-0.0205137,-0.0257301,0.0253273,0,0,-5.66356e-07,-0.420954,0.0802673,0.0096594,0.00487671,0.00244853,-7.36295e-05,0,0,-0.112025,-0.0183826,0.599354,-0.000161343,0.0088261,0.00659567,-0.00118272,0,0,1.8921e-07,-2,0.00453716,0.0514301,0.00493445,-0.000802697,-4.08462e-05,0,0,0.043661,-0.0942131,0.00818652,0.657759,0.0063028,0.0445242,0.00938481,0,0,-4.36138e-06,1.05244,0.034466,0.0148745,-0.0489846,-0.032613,0.000723508,0,0,0.133591,0.0464967,0.0960967,0.124267,0.41125,-0.0269834,0.0100068,0,0,7.02591e-07,-0.236393,0.0071238,-0.0415968,-0.0391896,0.0443343,0.000974772,0,0,0.0281169,-0.012899,0.0866269,0.545085,-0.0327364,0.425569,-0.00547809,0,0,6.931e-08,-0.25362,0.0033224,0.00169407,0.00189164,0.00331209,0.00179467,0,0,-0.0206222,-0.0109633,-0.0283881,0.00360189,0.0141042,-0.00784954,0.068266,0,0,0,-1.20024e-12,0,0,0,0,-1.20024e-12,0,0,0,0,0,0,0,0,0,0.905991,-4.58972e-09,0,1.20024e-12,2.40048e-12,0,0,0,3.60072e-12,0,0,0,0,0,0,0,0,0,-4.58882e-09,0.905991,
-8.67362e-13,-0.649758,0.0203084,-0.0047537,0.00169079,0.00101688,-3.344e-05,0,0,0.562131,-0.028611,-0.111103,0.0402919,0.0116117,-0.000292645,0.000628239,0,0,-1.2902e-11,-2,-0.00583215,-0.0143633,-0.00402618,1.00365e-05,6.90342e-06,0,0,0.0332102,0.744533,0.0367265,0.0785161,-0.0205228,-0.0257538,0.0253264,0,0,0,-0.421756,0.0802605,0.00964898,0.00487795,0.0024498,-7.41694e-05,0,0,-0.112114,-0.0184177,0.599537,-0.000116158,0.00884682,0.00658415,-0.00117901,0,0,-1.38778e-11,-2,0.0045301,0.0514448,0.0049335,-0.000803538,-4.05885e-05,0,0,0.0437378,-0.094275,0.0082402,0.657792,0.00629089,0.0445026,0.00939223,0,0,3.46945e-12,1.0527,0.034431,0.0148891,-0.0489949,-0.0326119,0.000718532,0,0,0.133605,0.0465086,0.096331,0.124226,0.411303,-0.0269738,0.00999565,0,0,6.93889e-12,-0.234126,0.00713749,-0.0415727,-0.0391938,0.0443766,0.000974678,0,0,0.0280381,-0.0128002,0.0865549,0.545003,-0.0327253,0.425595,-0.00548919,0,0,1.04083e-11,-0.253706,0.00332433,0.00169162,0.00189028,0.00331079,0.00179503,0,0,-0.0206097,-0.0109671,-0.0283858,0.00361141,0.0140938,-0.00785237,0.068267,0,0,0,1.20024e-12,1.20024e-12,-1.20024e-12,-2.40048e-12,-3.60072e-12,0,0,0,0,0,0,0,0,0,0,0.905991,-4.44089e-09,0,-1.20024e-12,-1.20024e-12,-1.20024e-12,-1.20024e-12,-1.20024e-12,0,0,0,0,0,0,0,0,0,0,-4.43999e-09,0.905991,
-3.435e-07,-0.650663,0.0203331,-0.00476569,0.00169047,0.00101749,-3.34402e-05,0,0,0.562181,-0.0286511,-0.11119,0.0403692,0.0116092,-0.000306495,0.000633565,0,0,-9.34098e-08,-2,-0.00583998,-0.0143731,-0.00402975,1.22372e-05,6.9154e-06,0,0,0.0332334,0.74456,0.0367597,0.078559,-0.0205319,-0.0257774,0.0253256,0,0,-5.66679e-07,-0.422559,0.0802543,0.00963898,0.00487866,0.00245008,-7.41545e-05,0,0,-0.112203,-0.0184529,0.59972,-7.08502e-05,0.00886751,0.0065726,-0.0011753,0,0,1.89071e-07,-2,0.00452273,0.051459,0.0049326,-0.000803436,-4.05334e-05,0,0,0.0438147,-0.0943369,0.008294,0.657825,0.00627897,0.044481,0.00939965,0,0,-4.36344e-06,1.05296,0.0344003,0.0149082,-0.0490011,-0.0326195,0.000718217,0,0,0.13362,0.0465206,0.0965653,0.124185,0.411355,-0.0269642,0.00998453,0,0,7.02688e-07,-0.231861,0.00715053,-0.0415492,-0.0391985,0.0444192,0.000973687,0,0,0.0279592,-0.0127015,0.0864826,0.544921,-0.0327143,0.425621,-0.0055003,0,0,6.92068e-08,-0.253791,0.00332618,0.00168908,0.00188884,0.00330963,0.00179527,0,0,-0.0205971,-0.0109709,-0.0283835,0.00362092,0.0140834,-0.0078552,0.0682679,0,0,-2.40048e-12,0,0,0,0,2.40048e-12,-1.20024e-12,0,0,0,0,0,0,0,0,0,0.905991,4.19664e-09,0,0,0,0,0,0,0,0,0,0,0,0,0,0,0,0,4.19724e-09,0.905991,
-3.43362e-07,-0.651571,0.020358,-0.00477869,0.00169081,0.0010188,-3.34401e-05,0,0,0.562231,-0.0286912,-0.111276,0.0404466,0.0116067,-0.000320371,0.000638898,0,0,-9.34023e-08,-2,-0.00584786,-0.0143832,-0.0040331,1.46532e-05,6.92646e-06,0,0,0.0332565,0.744587,0.036793,0.0786018,-0.020541,-0.0258011,0.0253247,0,0,-5.66817e-07,-0.423364,0.0802481,0.00962734,0.00488045,0.00245151,-7.41403e-05,0,0,-0.112292,-0.0184881,0.599903,-2.54187e-05,0.00888817,0.006561,-0.00117158,0,0,1.89057e-07,-2,0.00451526,0.0514738,0.00493131,-0.000803679,-4.04794e-05,0,0,0.0438917,-0.0943989,0.00834793,0.657857,0.00626704,0.0444593,0.00940708,0,0,-4.36447e-06,1.05321,0.0343693,0.0149143,-0.0489982,-0.0326183,0.000717921,0,0,0.133635,0.0465325,0.0967995,0.124145,0.411407,-0.0269546,0.00997342,0,0,7.02632e-07,-0.229595,0.00716358,-0.0415236,-0.0392046,0.0444607,0.000972658,0,0,0.02788,-0.0126028,0.0864101,0.544839,-0.0327033,0.425646,-0.0055114,0,0,6.91478e-08,-0.253877,0.00332806,0.00168674,0.00188723,0.0033083,0.0017955,0,0,-0.0205845,-0.0109747,-0.0283811,0.00363043,0.0140731,-0.00785803,0.0682689,0,0,0,1.20024e-12,0,0,0,0,0,0,0,0,0,0,0,0,0,0,0.905991,4.09642e-09,0,0,-1.20024e-12,1.20024e-12,0,0,0,0,0,0,0,0,0,0,0,0,4.09672e-09,0.905991,
3.46945e-12,-0.652479,0.0203829,-0.00479097,0.00169019,0.00101975,-3.34411e-05,0,0,0.562282,-0.0287314,-0.111363,0.0405241,0.0116042,-0.000334272,0.00064424,0,0,-7.91468e-12,-2,-0.00585585,-0.014393,-0.00403676,1.69446e-05,6.93521e-06,0,0,0.0332796,0.744615,0.0368263,0.0786447,-0.0205502,-0.0258248,0.0253238,0,0,1.73472e-11,-0.424172,0.0802415,0.00961688,0.00488066,0.00245235,-7.41248e-05,0,0,-0.112381,-0.0185234,0.600086,2.01389e-05,0.00890881,0.00654937,-0.00116785,0,0,0,-2,0.0045079,0.0514884,0.00493056,-0.000803798,-4.04241e-05,0,0,0.0439689,-0.0944608,0.00840197,0.65789,0.00625511,0.0444377,0.00941451,0,0,-1.73472e-12,1.05346,0.0343339,0.0149291,-0.0490081,-0.0326214,0.000717595,0,0,0.133649,0.0465444,0.0970337,0.124104,0.411459,-0.026945,0.00996232,0,0,-1.38778e-11,-0.227329,0.00717737,-0.0414993,-0.0392086,0.0445034,0.000971639,0,0,0.0278008,-0.0125041,0.0863372,0.544756,-0.0326922,0.425672,-0.00552251,0,0,8.67362e-13,-0.253962,0.00333002,0.00168426,0.00188579,0.00330702,0.00179574,0,0,-0.0205719,-0.0109785,-0.0283787,0.00363992,0.0140627,-0.00786086,0.0682699,0,0,0,1.20024e-12,1.20024e-12,1.20024e-12,1.20024e-12,-1.20024e-12,-1.20024e-12,0,0,0,0,0,0,0,0,0,0.905991,4.10632e-09,0,-1.20024e-12,-1.20024e-12,-1.20024e-12,0,0,1.20024e-12,0,0,0,0,0,0,0,0,0,4.10512e-09,0.905991,
5.20417e-12,-0.653387,0.0204085,-0.00480289,0.00169029,0.00102,-3.3443e-05,0,0,0.562332,-0.0287716,-0.111449,0.0406018,0.0116016,-0.000348199,0.000649589,0,0,8.94467e-13,-2,-0.00586367,-0.0144027,-0.00404027,1.90208e-05,6.94266e-06,0,0,0.0333027,0.744643,0.0368596,0.0786875,-0.0205593,-0.0258484,0.0253229,0,0,1.38778e-11,-0.42498,0.0802361,0.00960699,0.0048821,0.00245204,-7.41083e-05,0,0,-0.11247,-0.0185588,0.600269,6.58237e-05,0.00892943,0.0065377,-0.0011641,0,0,0,-2,0.00450011,0.0515029,0.00492941,-0.000803592,-4.03676e-05,0,0,0.0440462,-0.0945228,0.00845613,0.657923,0.00624316,0.0444161,0.00942195,0,0,-2.60209e-11,1.05372,0.034307,0.0149483,-0.0490092,-0.0326333,0.000717243,0,0,0.133664,0.0465562,0.0972678,0.124064,0.411511,-0.0269354,0.00995122,0,0,-4.16334e-11,-0.225065,0.0071898,-0.0414757,-0.0392139,0.0445478,0.000970636,0,0,0.0277214,-0.0124054,0.0862641,0.544674,-0.0326812,0.425698,-0.00553361,0,0,-1.47451e-11,-0.254047,0.00333185,0.00168172,0.00188419,0.00330588,0.00179598,0,0,-0.0205593,-0.0109823,-0.0283764,0.00364941,0.0140523,-0.00786369,0.0682709,0,0,0,-1.20024e-12,0,1.20024e-12,1.20024e-12,-1.20024e-12,1.20024e-12,-2.40048e-12,0,0,0,0,0,0,0,0,0.905991,4.21435e-09,0,1.20024e-12,0,-1.20024e-12,-1.20024e-12,1.20024e-12,-1.20024e-12,-1.15223e-10,0,0,0,0,0,0,0,0,4.21495e-09,0.905991,
-3.4295e-07,-0.654297,0.0204332,-0.00481539,0.00168974,0.00102114,-3.3454e-05,0,0,0.562383,-0.0288119,-0.111536,0.0406796,0.011599,-0.000362154,0.000654945,0,0,-9.34171e-08,-2,-0.00587152,-0.014412,-0.00404434,2.11076e-05,6.93698e-06,0,0,0.0333257,0.74467,0.0368929,0.0787302,-0.0205685,-0.025872,0.0253221,0,0,-5.67275e-07,-0.425791,0.0802295,0.00959596,0.00488281,0.0024533,-7.40809e-05,0,0,-0.112559,-0.0185943,0.600451,0.000111639,0.00895005,0.00652598,-0.00116035,0,0,1.88891e-07,-2,0.00449276,0.0515179,0.00492861,-0.000804468,-4.02988e-05,0,0,0.0441237,-0.0945848,0.00851042,0.657955,0.00623121,0.0443944,0.0094294,0,0,-4.3675e-06,1.05397,0.0342714,0.0149587,-0.0490232,-0.0326321,0.000716614,0,0,0.133678,0.0465681,0.0975019,0.124024,0.411563,-0.0269258,0.00994012,0,0,7.02632e-07,-0.222801,0.00720373,-0.0414505,-0.0392172,0.044591,0.000969819,0,0,0.0276418,-0.0123068,0.0861908,0.544592,-0.0326701,0.425723,-0.00554472,0,0,6.89943e-08,-0.254132,0.00333381,0.00167934,0.00188283,0.00330456,0.00179626,0,0,-0.0205467,-0.0109861,-0.028374,0.00365889,0.014042,-0.00786652,0.0682719,0,0,0,0,0,0,1.20024e-12,0,0,0,0,0,0,0,0,0,0,0,0.905991,-4.43129e-09,0,-2.40048e-12,0,-2.40048e-12,2.40048e-12,0,0,0,0,0,0,0,0,0,0,0,-4.43219e-09,0.905991,
-6.07153e-12,-0.655208,0.0204583,-0.00482698,0.00169018,0.00102192,-3.34649e-05,0,0,0.562434,-0.0288522,-0.111623,0.0407576,0.0115964,-0.000376135,0.00066031,0,0,1.16145e-11,-2,-0.00587913,-0.0144211,-0.00404814,2.3101e-05,6.93268e-06,0,0,0.0333488,0.744698,0.0369262,0.078773,-0.0205777,-0.0258956,0.0253212,0,0,-2.08167e-11,-0.426603,0.0802238,0.00958646,0.00488519,0.00245399,-7.40535e-05,0,0,-0.112648,-0.0186299,0.600633,0.000157582,0.00897066,0.00651422,-0.00115659,0,0,1.38778e-11,-2,0.00448508,0.0515322,0.00492725,-0.000805149,-4.02297e-05,0,0,0.0442012,-0.0946469,0.00856483,0.657988,0.00621924,0.0443727,0.00943685,0,0,2.25514e-11,1.05423,0.0342447,0.0149822,-0.0490243,-0.0326353,0.000715981,0,0,0.133693,0.0465799,0.0977358,0.123983,0.411615,-0.0269162,0.00992902,0,0,1.38778e-11,-0.220539,0.00721635,-0.0414272,-0.0392226,0.0446346,0.000969027,0,0,0.0275621,-0.0122082,0.0861171,0.54451,-0.0326591,0.425749,-0.00555581,0,0,1.99493e-11,-0.254217,0.0033356,0.00167674,0.00188131,0.00330333,0.00179656,0,0,-0.020534,-0.0109898,-0.0283716,0.00366835,0.0140316,-0.00786935,0.0682728,0,0,0,-1.20024e-12,0,0,1.20024e-12,0,1.20024e-12,5.76116e-11,0,0,0,0,0,0,0,0,0.905991,-4.51231e-09,0,-1.20024e-12,0,0,1.20024e-12,0,1.20024e-12,0,0,0,0,0,0,0,0,0,-4.51321e-09,0.905991,
2.60209e-12,-0.656119,0.0204832,-0.00483948,0.00169019,0.00102252,-3.38082e-05,0,0,0.562484,-0.0288925,-0.111709,0.0408358,0.0115938,-0.000390141,0.000665682,0,0,1.33628e-11,-2,-0.00588699,-0.014431,-0.00405161,2.53071e-05,6.85013e-06,0,0,0.0333718,0.744726,0.0369596,0.0788157,-0.0205868,-0.0259192,0.0253203,0,0,-3.46945e-12,-0.427417,0.0802176,0.00957567,0.00488646,0.00245426,-7.46055e-05,0,0,-0.112738,-0.0186655,0.600816,0.00020365,0.00899124,0.00650243,-0.00115282,0,0,-1.38778e-11,-2,0.00447749,0.0515465,0.00492613,-0.000805062,-3.99852e-05,0,0,0.0442789,-0.0947089,0.00861936,0.658021,0.00620727,0.044351,0.00944431,0,0,1.73472e-11,1.05448,0.0342137,0.0149971,-0.0490256,-0.0326429,0.000711282,0,0,0.133707,0.0465917,0.0979696,0.123943,0.411667,-0.0269066,0.00991793,0,0,1.38778e-11,-0.218277,0.00722973,-0.0414024,-0.039228,0.0446775,0.000968739,0,0,0.0274822,-0.0121096,0.0860432,0.544428,-0.032648,0.425775,-0.00556691,0,0,-6.07153e-12,-0.254302,0.00333744,0.00167424,0.00187979,0.00330216,0.00179687,0,0,-0.0205214,-0.0109936,-0.0283692,0.0036778,0.0140212,-0.00787218,0.0682738,0,0,0,0,-1.20024e-12,0,1.20024e-12,1.20024e-12,1.20024e-12,-5.88118e-11,0,0,0,0,0,0,0,0,0.905991,-4.45199e-09,0,0,1.20024e-12,0,0,-2.40048e-12,1.20024e-12,-1.20024e-12,0,0,0,0,0,0,0,0,-4.45199e-09,0.905991,
-2.60209e-12,-0.657032,0.0205083,-0.00485266,0.00168948,0.00102383,-3.34657e-05,0,0,0.562536,-0.0289329,-0.111796,0.040914,0.0115912,-0.000404172,0.000671062,0,0,1.02186e-11,-2,-0.00589491,-0.014441,-0.00405524,2.77339e-05,6.95359e-06,0,0,0.0333949,0.744754,0.0369929,0.0788584,-0.020596,-0.0259428,0.0253194,0,0,-1.04083e-11,-0.428234,0.0802115,0.00956378,0.00488652,0.00245569,-7.40232e-05,0,0,-0.112827,-0.0187012,0.600998,0.000249844,0.0090118,0.00649059,-0.00114903,0,0,1.38778e-11,-2,0.00446978,0.0515613,0.00492538,-0.000805312,-4.01197e-05,0,0,0.0443568,-0.094771,0.00867401,0.658054,0.00619529,0.0443293,0.00945177,0,0,8.67362e-12,1.05473,0.0341824,0.0150032,-0.0490354,-0.0326416,0.000715346,0,0,0.133721,0.0466034,0.0982034,0.123903,0.411718,-0.026897,0.00990686,0,0,3.46945e-11,-0.216015,0.00724313,-0.0413761,-0.0392319,0.0447195,0.000967005,0,0,0.0274022,-0.0120111,0.085969,0.544345,-0.032637,0.425801,-0.005578,0,0,0,-0.254386,0.00333931,0.00167189,0.00187837,0.00330082,0.00179703,0,0,-0.0205087,-0.0109974,-0.0283668,0.00368724,0.0140109,-0.00787501,0.0682748,0,0,0,0,0,0,0,0,0,5.76116e-11,0,0,0,0,0,0,0,0,0.905991,4.27676e-09,0,-2.40048e-12,0,0,0,0,0,0,0,0,0,0,0,0,0,0,4.27736e-09,0.905991,
0,-0.657945,0.0205337,-0.00486444,0.00168952,0.00102512,-3.38094e-05,0,0,0.562587,-0.0289733,-0.111883,0.0409924,0.0115886,-0.000418229,0.00067645,0,0,4.47233e-12,-2,-0.00590284,-0.0144506,-0.00405872,3.01336e-05,6.86797e-06,0,0,0.0334179,0.744783,0.0370263,0.0789011,-0.0206052,-0.0259663,0.0253185,0,0,-1.04083e-11,-0.429051,0.0802055,0.00955421,0.00488783,0.0024571,-7.45752e-05,0,0,-0.112917,-0.018737,0.60118,0.000296165,0.00903233,0.00647872,-0.00114524,0,0,-2.77556e-11,-2,0.004462,0.0515755,0.00492422,-0.000805621,-3.98755e-05,0,0,0.0444347,-0.0948331,0.00872878,0.658086,0.0061833,0.0443076,0.00945924,0,0,1.21431e-11,1.05499,0.0341509,0.0150269,-0.0490362,-0.0326403,0.00071064,0,0,0.133735,0.0466152,0.0984371,0.123863,0.41177,-0.0268875,0.00989578,0,0,6.93889e-11,-0.213755,0.00725656,-0.0413527,-0.0392371,0.0447618,0.000966684,0,0,0.0273221,-0.0119126,0.0858946,0.544263,-0.0326259,0.425827,-0.00558909,0,0,5.20417e-12,-0.25447,0.00334119,0.00166926,0.00187678,0.00329946,0.00179733,0,0,-0.020496,-0.0110011,-0.0283644,0.00369667,0.0140005,-0.00787784,0.0682757,0,0,0,0,1.20024e-12,-3.60072e-12,-2.40048e-12,-1.20024e-12,3.60072e-12,0,0,0,0,0,0,0,0,0,0.905991,4.23595e-09,0,0,0,3.60072e-12,1.20024e-12,0,-1.20024e-12,0,0,0,0,0,0,0,0,0,4.23655e-09,0.905991,
5.20417e-12,-0.65886,0.0205589,-0.00487723,0.00168891,0.00102572,-3.31269e-05,0,0,0.562638,-0.0290138,-0.111971,0.041071,0.0115859,-0.000432312,0.000681845,0,0,5.40746e-12,-2,-0.00591088,-0.0144604,-0.0040624,3.23206e-05,7.06126e-06,0,0,0.0334409,0.744811,0.0370596,0.0789438,-0.0206145,-0.0259898,0.0253176,0,0,1.04083e-11,-0.429871,0.080199,0.00954294,0.00488809,0.00245735,-7.34223e-05,0,0,-0.113006,-0.0187729,0.601361,0.000342616,0.00905285,0.0064668,-0.00114144,0,0,-1.38778e-11,-2,0.00445435,0.0515902,0.00492342,-0.000805604,-4.01962e-05,0,0,0.0445128,-0.0948952,0.00878367,0.658119,0.0061713,0.0442859,0.00946671,0,0,-1.73472e-12,1.05524,0.034115,0.0150375,-0.0490456,-0.0326478,0.000719025,0,0,0.133749,0.0466269,0.0986708,0.123823,0.411822,-0.0268779,0.00988471,0,0,2.77556e-11,-0.211494,0.00727075,-0.041327,-0.0392409,0.0448059,0.000964269,0,0,0.0272418,-0.0118141,0.0858199,0.544181,-0.0326149,0.425853,-0.00560019,0,0,1.21431e-11,-0.254554,0.00334315,0.00166684,0.00187532,0.00329824,0.00179744,0,0,-0.0204833,-0.0110048,-0.0283619,0.00370609,0.0139902,-0.00788066,0.0682767,0,0,0,0,0,0,0,1.20024e-12,0,0,0,0,0,0,0,0,0,0,0.905991,-4.30857e-09,0,0,0,0,0,0,0,0,0,0,0,0,0,0,0,0,-4.30947e-09,0.905991,
5.20417e-12,-0.659776,0.0205848,-0.00488958,0.00168935,0.00102617,-3.34804e-05,0,0,0.56269,-0.0290543,-0.112058,0.0411497,0.0115832,-0.000446422,0.000687248,0,0,9.58164e-12,-2,-0.00591848,-0.0144696,-0.00406619,3.42412e-05,6.96114e-06,0,0,0.0334639,0.744839,0.037093,0.0789864,-0.0206237,-0.0260133,0.0253168,0,0,1.38778e-11,-0.430693,0.0801941,0.00953223,0.00489046,0.00245748,-7.39627e-05,0,0,-0.113096,-0.0188089,0.601543,0.000389198,0.00907335,0.00645484,-0.00113763,0,0,0,-2,0.0044462,0.051605,0.00492203,-0.0008061,-3.99387e-05,0,0,0.044591,-0.0949574,0.00883869,0.658152,0.00615929,0.0442642,0.00947419,0,0,-8.67362e-12,1.05549,0.0340921,0.0150524,-0.049046,-0.0326552,0.000714018,0,0,0.133763,0.0466386,0.0989044,0.123783,0.411874,-0.0268683,0.00987365,0,0,1.38778e-11,-0.209235,0.00728291,-0.0413019,-0.0392462,0.0448509,0.000964147,0,0,0.0271613,-0.0117156,0.0857449,0.544099,-0.0326038,0.425879,-0.00561128,0,0,-3.46945e-12,-0.254638,0.0033449,0.00166437,0.00187374,0.00329704,0.00179779,0,0,-0.0204705,-0.0110086,-0.0283595,0.00371551,0.0139799,-0.00788349,0.0682777,0,0,0,1.20024e-12,0,-1.20024e-12,0,-1.20024e-12,1.20024e-12,0,0,0,0,0,0,0,0,0,0.905991,4.25876e-09,0,0,0,-2.40048e-12,0,0,0,0,0,0,0,0,0,0,0,0,4.25906e-09,0.905991,
-2.60209e-12,-0.660692,0.0206091,-0.00490238,0.00168908,0.00102695,-3.34914e-05,0,0,0.562741,-0.0290949,-0.112145,0.0412286,0.0115805,-0.000460559,0.000692659,0,0,-6.64074e-13,-2,-0.00592641,-0.0144789,-0.00407016,3.62554e-05,6.95582e-06,0,0,0.0334868,0.744868,0.0371264,0.079029,-0.0206329,-0.0260368,0.0253159,0,0,-1.04083e-11,-0.431516,0.0801868,0.00952079,0.00489166,0.00245817,-7.3935e-05,0,0,-0.113186,-0.0188449,0.601724,0.000435911,0.00909385,0.00644284,-0.0011338,0,0,0,-2,0.00443885,0.0516198,0.00492102,-0.000806778,-3.98695e-05,0,0,0.0446694,-0.0950196,0.00889383,0.658184,0.00614727,0.0442424,0.00948168,0,0,0,1.05574,0.0340519,0.0150629,-0.0490555,-0.0326584,0.000713379,0,0,0.133777,0.0466503,0.0991379,0.123743,0.411925,-0.0268588,0.00986258,0,0,-1.38778e-11,-0.206976,0.00729799,-0.0412759,-0.0392501,0.0448948,0.000963347,0,0,0.0270807,-0.0116172,0.0856696,0.544017,-0.0325928,0.425904,-0.00562236,0,0,1.47451e-11,-0.254722,0.00334689,0.00166196,0.00187234,0.0032958,0.00179808,0,0,-0.0204578,-0.0110123,-0.0283571,0.0037249,0.0139695,-0.00788632,0.0682787,0,0,0,0,0,0,0,0,0,0,0,0,0,0,0,0,0,0,0.905991,-4.32477e-09,0,0,0,0,0,0,0,0,0,0,0,0,0,0,0,0,-4.32477e-09,0.905991,
-6.07153e-12,-0.661609,0.0206345,-0.00491439,0.00168871,0.00102824,-3.34922e-05,0,0,0.562793,-0.0291355,-0.112233,0.0413076,0.0115778,-0.00047472,0.000698078,0,0,2.83248e-12,-2,-0.00593422,-0.0144885,-0.00407372,3.86673e-05,6.9658e-06,0,0,0.0335098,0.744897,0.0371598,0.0790716,-0.0206422,-0.0260603,0.025315,0,0,-1.73472e-11,-0.432341,0.0801812,0.00951089,0.00489232,0.00245958,-7.39191e-05,0,0,-0.113276,-0.018881,0.601906,0.00048275,0.00911433,0.0064308,-0.00112997,0,0,1.38778e-11,-2,0.00443083,0.0516336,0.00492005,-0.000807063,-3.98139e-05,0,0,0.0447479,-0.0950817,0.0089491,0.658217,0.00613524,0.0442207,0.00948917,0,0,2.94903e-11,1.05599,0.0340249,0.0150866,-0.0490608,-0.0326572,0.000713046,0,0,0.133791,0.0466619,0.0993712,0.123703,0.411977,-0.0268492,0.00985153,0,0,-1.38778e-11,-0.204719,0.00731101,-0.0412519,-0.0392547,0.0449368,0.000962348,0,0,0.027,-0.0115188,0.0855941,0.543935,-0.0325817,0.42593,-0.00563344,0,0,-6.93889e-12,-0.254806,0.00334866,0.00165931,0.00187088,0.00329448,0.00179832,0,0,-0.020445,-0.011016,-0.0283546,0.00373429,0.0139592,-0.00788915,0.0682796,0,0,0,0,-1.20024e-12,0,0,-1.20024e-12,0,5.76116e-11,0,0,0,0,0,0,0,0,0.905991,4.26806e-09,0,0,0,1.20024e-12,1.20024e-12,-1.20024e-12,0,0,0,0,0,0,0,0,0,0,4.26746e-09,0.905991,
1.73472e-12,-0.662527,0.0206602,-0.00492775,0.00168832,0.00102921,-3.34926e-05,0,0,0.562845,-0.0291761,-0.11232,0.0413867,0.0115751,-0.000488907,0.000703505,0,0,4.49944e-12,-2,-0.00594208,-0.0144985,-0.00407724,4.10205e-05,6.975e-06,0,0,0.0335327,0.744925,0.0371932,0.0791142,-0.0206514,-0.0260837,0.0253141,0,0,6.93889e-12,-0.433168,0.0801757,0.00949876,0.00489289,0.00246045,-7.39041e-05,0,0,-0.113366,-0.0189172,0.602087,0.000529717,0.00913477,0.00641872,-0.00112613,0,0,1.38778e-11,-2,0.00442269,0.0516484,0.00491909,-0.000807117,-3.97596e-05,0,0,0.0448265,-0.095144,0.00900448,0.65825,0.00612321,0.0441989,0.00949667,0,0,2.25514e-11,1.05624,0.0339976,0.0150929,-0.0490657,-0.0326603,0.000712737,0,0,0.133804,0.0466736,0.0996046,0.123664,0.412028,-0.0268397,0.00984048,0,0,4.16334e-11,-0.202462,0.00732406,-0.041225,-0.0392592,0.0449798,0.000961307,0,0,0.0269191,-0.0114204,0.0855183,0.543853,-0.0325707,0.425956,-0.00564452,0,0,-4.33681e-12,-0.254889,0.00335045,0.00165693,0.00186937,0.0032932,0.00179855,0,0,-0.0204322,-0.0110197,-0.0283521,0.00374366,0.0139489,-0.00789197,0.0682806,0,0,0,-1.20024e-12,0,0,-2.40048e-12,1.20024e-12,-1.20024e-12,1.15223e-10,0,0,0,0,0,0,0,0,0.905991,-4.32777e-09,0,0,1.20024e-12,0,2.40048e-12,-1.20024e-12,1.20024e-12,-1.20024e-12,0,0,0,0,0,0,0,0,-4.32777e-09,0.905991,
3.41559e-07,-0.663447,0.0206851,-0.00494005,0.00168763,0.00102983,-3.38356e-05,0,0,0.562897,-0.0292168,-0.112408,0.041466,0.0115723,-0.00050312,0.000708939,0,0,9.34083e-08,-2,-0.00595023,-0.0145081,-0.00408089,4.32538e-05,6.88851e-06,0,0,0.0335556,0.744954,0.0372266,0.0791567,-0.0206607,-0.0261072,0.0253132,0,0,5.68767e-07,-0.433997,0.0801685,0.00948838,0.00489301,0.00246073,-7.44568e-05,0,0,-0.113456,-0.0189535,0.602268,0.000576814,0.00915519,0.0064066,-0.00112228,0,0,-1.88377e-07,-2,0.00441504,0.0516626,0.00491829,-0.000807042,-3.95157e-05,0,0,0.0449052,-0.0952062,0.00905999,0.658282,0.00611117,0.0441772,0.00950417,0,0,4.37764e-06,1.05648,0.033957,0.0151123,-0.0490749,-0.0326676,0.000708022,0,0,0.133818,0.0466852,0.0998379,0.123624,0.41208,-0.0268301,0.00982944,0,0,-7.02591e-07,-0.200206,0.00733924,-0.0412002,-0.0392629,0.0450239,0.000960976,0,0,0.026838,-0.0113221,0.0854422,0.54377,-0.0325596,0.425982,-0.0056556,0,0,-6.84296e-08,-0.254972,0.00335246,0.00165436,0.00186791,0.00329196,0.00179885,0,0,-0.0204194,-0.0110234,-0.0283497,0.00375303,0.0139386,-0.0078948,0.0682816,0,0,-1.20024e-12,3.60072e-12,3.60072e-12,0,1.20024e-12,-1.20024e-12,3.60072e-12,0,0,0,0,0,0,0,0,0,0.905991,4.26446e-09,0,-3.60072e-12,-2.40048e-12,0,-1.20024e-12,1.20024e-12,-3.60072e-12,0,0,0,0,0,0,0,0,0,4.26476e-09,0.905991,
-8.67362e-13,-0.664366,0.0207112,-0.00495269,0.00168768,0.00103145,-3.38377e-05,0,0,0.56295,-0.0292575,-0.112496,0.0415454,0.0115695,-0.000517358,0.000714381,0,0,8.45678e-12,-2,-0.00595812,-0.0145177,-0.00408438,4.5742e-05,6.89412e-06,0,0,0.0335785,0.744983,0.0372601,0.0791992,-0.02067,-0.0261306,0.0253123,0,0,-6.93889e-12,-0.434827,0.0801632,0.00947744,0.00489435,0.00246269,-7.44397e-05,0,0,-0.113547,-0.0189899,0.602449,0.000624041,0.0091756,0.00639444,-0.00111841,0,0,0,-2,0.00440677,0.0516772,0.00491708,-0.000807582,-3.94593e-05,0,0,0.0449841,-0.0952685,0.00911563,0.658315,0.00609911,0.0441554,0.00951168,0,0,-3.46945e-12,1.05674,0.0339295,0.0151274,-0.0490751,-0.0326619,0.000707659,0,0,0.133831,0.0466967,0.100071,0.123584,0.412131,-0.0268206,0.00981841,0,0,0,-0.197951,0.00735237,-0.0411746,-0.039268,0.0450663,0.000959956,0,0,0.0267568,-0.0112238,0.0853659,0.543688,-0.0325486,0.426008,-0.00566668,0,0,0,-0.255055,0.00335428,0.00165185,0.00186629,0.00329053,0.00179909,0,0,-0.0204066,-0.0110271,-0.0283472,0.00376239,0.0139283,-0.00789762,0.0682825,0,0,0,-1.20024e-12,-1.20024e-12,0,1.20024e-12,-1.20024e-12,0,0,0,0,0,0,0,0,0,0,0.905991,-4.31937e-09,0,0,0,0,0,0,0,0,0,0,0,0,0,0,0,0,-4.31967e-09,0.905991,
3.46945e-12,-0.665288,0.0207367,-0.00496522,0.00168774,0.00103157,-3.35076e-05,0,0,0.563002,-0.0292983,-0.112584,0.041625,0.0115667,-0.000531623,0.000719831,0,0,-1.6507e-11,-2,-0.00596596,-0.0145269,-0.00408824,4.75919e-05,6.97985e-06,0,0,0.0336014,0.745012,0.0372935,0.0792417,-0.0206793,-0.026154,0.0253114,0,0,2.08167e-11,-0.435661,0.0801571,0.00946649,0.0048961,0.00246225,-7.38429e-05,0,0,-0.113637,-0.0190263,0.60263,0.000671403,0.00919599,0.00638223,-0.00111454,0,0,0,-2,0.00439875,0.0516918,0.00491585,-0.000807884,-3.95788e-05,0,0,0.0450631,-0.0953308,0.00917139,0.658348,0.00608705,0.0441336,0.00951919,0,0,6.93889e-12,1.05698,0.0338975,0.0151424,-0.0490795,-0.0326737,0.0007114,0,0,0.133845,0.0467083,0.100304,0.123545,0.412183,-0.026811,0.00980737,0,0,-2.77556e-11,-0.195696,0.00736629,-0.0411488,-0.0392724,0.0451124,0.00095842,0,0,0.0266755,-0.0111255,0.0852893,0.543606,-0.0325375,0.426034,-0.00567776,0,0,8.67362e-13,-0.255138,0.00335616,0.00164937,0.00186476,0.00328938,0.00179931,0,0,-0.0203937,-0.0110308,-0.0283447,0.00377173,0.0139179,-0.00790045,0.0682835,0,0,0,1.20024e-12,0,-1.20024e-12,-1.20024e-12,-1.20024e-12,1.20024e-12,0,0,0,0,0,0,0,0,0,0.905991,4.25245e-09,0,1.20024e-12,0,-1.20024e-12,-1.20024e-12,-1.20024e-12,1.20024e-12,0,0,0,0,0,0,0,0,0,4.25245e-09,0.905991,
-1.73472e-12,-0.66621,0.0207622,-0.00497821,0.00168744,0.00103269,-3.35188e-05,0,0,0.563055,-0.0293391,-0.112672,0.0417047,0.0115639,-0.000545915,0.000725289,0,0,-7.02021e-12,-2,-0.00597365,-0.0145361,-0.00409221,4.97218e-05,6.97357e-06,0,0,0.0336243,0.745041,0.037327,0.0792841,-0.0206886,-0.0261774,0.0253105,0,0,0,-0.436495,0.0801516,0.00945481,0.00489726,0.00246351,-7.3815e-05,0,0,-0.113728,-0.0190629,0.602811,0.000718897,0.00921638,0.00636999,-0.00111065,0,0,1.38778e-11,-2,0.00439059,0.0517065,0.00491482,-0.000808744,-3.95096e-05,0,0,0.0451423,-0.095393,0.00922727,0.65838,0.00607497,0.0441118,0.00952672,0,0,2.42861e-11,1.05722,0.0338701,0.0151531,-0.0490885,-0.0326724,0.000710757,0,0,0.133858,0.0467198,0.100537,0.123505,0.412234,-0.0268015,0.00979634,0,0,-4.85723e-11,-0.193441,0.00737961,-0.0411222,-0.0392763,0.045156,0.000957609,0,0,0.026594,-0.0110273,0.0852124,0.543524,-0.0325264,0.42606,-0.00568883,0,0,-1.21431e-11,-0.255221,0.00335793,0.00164694,0.00186335,0.00328806,0.0017996,0,0,-0.0203808,-0.0110345,-0.0283422,0.00378106,0.0139076,-0.00790327,0.0682845,0,0,0,0,0,0,0,-2.40048e-12,0,0,0,0,0,0,0,0,0,0,0.905991,-4.30256e-09,0,1.20024e-12,0,-1.20024e-12,1.20024e-12,0,-1.20024e-12,0,0,0,0,0,0,0,0,0,-4.30286e-09,0.905991,
-1.73472e-12,-0.667132,0.0207868,-0.00499109,0.00168738,0.00103364,-3.35197e-05,0,0,0.563108,-0.0293799,-0.11276,0.0417846,0.0115611,-0.000560232,0.000730754,0,0,-4.60786e-13,-2,-0.00598177,-0.0145459,-0.00409566,5.20604e-05,6.98272e-06,0,0,0.0336472,0.745071,0.0373604,0.0793266,-0.0206979,-0.0262007,0.0253096,0,0,-3.46945e-12,-0.437331,0.0801443,0.00944353,0.00489842,0.00246436,-7.37989e-05,0,0,-0.113818,-0.0190995,0.602991,0.000766518,0.00923674,0.0063577,-0.00110676,0,0,0,-2,0.00438289,0.0517208,0.00491364,-0.000808831,-3.94541e-05,0,0,0.0452215,-0.0954554,0.00928328,0.658413,0.00606289,0.04409,0.00953424,0,0,2.08167e-11,1.05748,0.0338295,0.0151682,-0.049089,-0.0326756,0.000710422,0,0,0.133871,0.0467313,0.10077,0.123466,0.412286,-0.026792,0.00978532,0,0,2.08167e-11,-0.19119,0.00739509,-0.0410962,-0.0392815,0.0451991,0.0009566,0,0,0.0265124,-0.0109291,0.0851352,0.543442,-0.0325154,0.426086,-0.00569989,0,0,-2.60209e-11,-0.255303,0.0033599,0.00164441,0.00186181,0.0032868,0.00179984,0,0,-0.020368,-0.0110381,-0.0283397,0.00379038,0.0138973,-0.0079061,0.0682854,0,0,0,-1.20024e-12,1.20024e-12,0,1.20024e-12,-1.20024e-12,-1.20024e-12,0,0,0,0,0,0,0,0,0,0.905991,4.23235e-09,0,-1.20024e-12,0,0,0,0,-1.20024e-12,0,0,0,0,0,0,0,0,0,4.23265e-09,0.905991,
3.46945e-12,-0.668056,0.0208131,-0.00500361,0.00168729,0.00103461,-3.31793e-05,0,0,0.563161,-0.0294208,-0.112848,0.0418646,0.0115583,-0.000574574,0.000736228,0,0,1.11673e-11,-2,-0.00598958,-0.0145555,-0.00409908,5.44339e-05,7.08453e-06,0,0,0.03367,0.7451,0.0373939,0.079369,-0.0207072,-0.026224,0.0253087,0,0,3.46945e-12,-0.43817,0.0801394,0.00943287,0.00489951,0.00246523,-7.32143e-05,0,0,-0.113909,-0.0191361,0.603171,0.00081427,0.00925707,0.00634538,-0.00110286,0,0,0,-2,0.00437431,0.0517349,0.00491246,-0.000808876,-3.95879e-05,0,0,0.045301,-0.0955177,0.00933942,0.658446,0.0060508,0.0440681,0.00954178,0,0,-3.46945e-12,1.05771,0.0338063,0.0151877,-0.0490891,-0.0326785,0.000714494,0,0,0.133884,0.0467428,0.101003,0.123427,0.412337,-0.0267825,0.00977431,0,0,-1.38778e-11,-0.188937,0.00740779,-0.0410708,-0.0392865,0.0452425,0.000954846,0,0,0.0264306,-0.0108309,0.0850578,0.54336,-0.0325043,0.426112,-0.00571096,0,0,-4.33681e-12,-0.255385,0.00336162,0.00164181,0.00186022,0.0032855,0.0018,0,0,-0.0203551,-0.0110418,-0.0283372,0.00379969,0.0138871,-0.00790892,0.0682864,0,0,0,1.20024e-12,1.20024e-12,0,1.20024e-12,-1.20024e-12,0,0,0,0,0,0,0,0,0,0,0.905991,4.27856e-09,0,-1.20024e-12,-1.20024e-12,0,-2.40048e-12,1.20024e-12,0,0,0,0,0,0,0,0,0,0,4.27736e-09,0.905991,
0,-0.66898,0.0208386,-0.00501611,0.00168658,0.00103524,-3.3181e-05,0,0,0.563214,-0.0294617,-0.112936,0.0419448,0.0115554,-0.000588941,0.000741709,0,0,2.03288e-13,-2,-0.00599768,-0.0145651,-0.00410271,5.6688e-05,7.09065e-06,0,0,0.0336928,0.74513,0.0374274,0.0794113,-0.0207166,-0.0262474,0.0253078,0,0,0,-0.439009,0.0801329,0.00942225,0.00489957,0.00246551,-7.31978e-05,0,0,-0.114,-0.0191729,0.603352,0.000862154,0.00927738,0.00633301,-0.00109894,0,0,-1.38778e-11,-2,0.00436622,0.0517491,0.00491163,-0.000808792,-3.95325e-05,0,0,0.0453805,-0.0955801,0.00939568,0.658478,0.0060387,0.0440463,0.00954932,0,0,-2.94903e-11,1.05797,0.0337697,0.0152073,-0.0490978,-0.0326859,0.000714156,0,0,0.133897,0.0467543,0.101236,0.123387,0.412388,-0.026773,0.0097633,0,0,2.77556e-11,-0.186687,0.00742263,-0.0410453,-0.0392901,0.045287,0.000953802,0,0,0.0263487,-0.0107328,0.0849801,0.543278,-0.0324933,0.426138,-0.00572202,0,0,-1.47451e-11,-0.255468,0.00336356,0.00163922,0.00185874,0.00328425,0.00180023,0,0,-0.0203421,-0.0110454,-0.0283347,0.00380899,0.0138768,-0.00791175,0.0682874,0,0,0,-2.40048e-12,2.40048e-12,0,-2.40048e-12,0,-2.40048e-12,0,0,0,0,0,0,0,0,0,0.905991,-4.43669e-09,0,0,0,0,-1.20024e-12,0,-1.20024e-12,0,0,0,0,0,0,0,0,0,-4.43699e-09,0.905991,
3.40582e-07,-0.669906,0.0208642,-0.00502928,0.00168625,0.00103653,-3.3524e-05,0,0,0.563267,-0.0295027,-0.113025,0.0420251,0.0115525,-0.000603334,0.000747198,0,0,9.33977e-08,-2,-0.0060058,-0.0145748,-0.00410628,5.9104e-05,7.00201e-06,0,0,0.0337156,0.745159,0.0374609,0.0794537,-0.0207259,-0.0262707,0.0253069,0,0,5.69829e-07,-0.43985,0.0801264,0.00941049,0.00490029,0.00246692,-7.37501e-05,0,0,-0.114091,-0.0192098,0.603532,0.00091017,0.00929767,0.0063206,-0.00109502,0,0,-1.88002e-07,-2,0.00435807,0.0517637,0.00491059,-0.000809134,-3.9288e-05,0,0,0.0454602,-0.0956425,0.00945206,0.658511,0.00602659,0.0440245,0.00955686,0,0,4.38464e-06,1.05821,0.033733,0.0152181,-0.0491019,-0.0326845,0.000709409,0,0,0.13391,0.0467657,0.101469,0.123348,0.412439,-0.0267635,0.0097523,0,0,-7.02584e-07,-0.184437,0.00743752,-0.0410184,-0.0392944,0.0453305,0.000953474,0,0,0.0262666,-0.0106347,0.0849021,0.543196,-0.0324822,0.426164,-0.00573309,0,0,-6.80662e-08,-0.25555,0.0033655,0.00163676,0.00185718,0.00328287,0.00180053,0,0,-0.0203292,-0.0110491,-0.0283321,0.00381828,0.0138665,-0.00791457,0.0682883,0,0,1.20024e-12,-1.20024e-12,0,0,0,0,0,0,0,0,0,0,0,0,0,0,0.905991,-4.4571e-09,-1.20024e-12,1.20024e-12,0,0,0,0,0,0,0,0,0,0,0,0,0,0,-4.4568e-09,0.905991,
-8.67362e-13,-0.670833,0.0208902,-0.00504234,0.00168628,0.00103698,-3.35356e-05,0,0,0.56332,-0.0295437,-0.113113,0.0421056,0.0115496,-0.000617755,0.000752695,0,0,1.8838e-12,-2,-0.00601358,-0.0145839,-0.00411014,6.10702e-05,6.99336e-06,0,0,0.0337384,0.745189,0.0374945,0.079496,-0.0207353,-0.0262939,0.025306,0,0,-3.46945e-12,-0.440695,0.080121,0.00939873,0.00490198,0.00246705,-7.3722e-05,0,0,-0.114182,-0.0192467,0.603712,0.000958323,0.00931795,0.00630815,-0.00109108,0,0,0,-2,0.00434961,0.0517785,0.00490934,-0.000809618,-3.92193e-05,0,0,0.04554,-0.0957049,0.00950857,0.658543,0.00601447,0.0440026,0.00956441,0,0,1.56125e-11,1.05845,0.033705,0.0152288,-0.0491059,-0.0326918,0.000708768,0,0,0.133923,0.0467771,0.101701,0.123309,0.41249,-0.026754,0.0097413,0,0,0,-0.182186,0.00745108,-0.0409913,-0.0392988,0.0453763,0.000952629,0,0,0.0261844,-0.0105366,0.0848239,0.543114,-0.0324712,0.42619,-0.00574415,0,0,0,-0.255631,0.00336731,0.00163433,0.00185563,0.00328164,0.00180081,0,0,-0.0203162,-0.0110527,-0.0283296,0.00382755,0.0138562,-0.00791739,0.0682893,0,0,0,-2.40048e-12,-2.40048e-12,1.20024e-12,0,1.20024e-12,-1.20024e-12,0,0,0,0,0,0,0,0,0,0.905991,-4.34817e-09,0,0,0,0,-1.20024e-12,0,0,0,0,0,0,0,0,0,0,0,-4.34847e-09,0.905991,
-2.60209e-12,-0.67176,0.020916,-0.00505483,0.00168628,0.00103845,-3.35469e-05,0,0,0.563374,-0.0295848,-0.113202,0.0421862,0.0115467,-0.000632202,0.0007582,0,0,-2.75116e-12,-2,-0.00602131,-0.014593,-0.004114,6.33159e-05,6.98612e-06,0,0,0.0337612,0.745219,0.037528,0.0795383,-0.0207446,-0.0263172,0.0253051,0,0,-6.93889e-12,-0.441541,0.0801155,0.00938795,0.00490365,0.00246889,-7.3694e-05,0,0,-0.114273,-0.0192837,0.603891,0.00100661,0.00933822,0.00629566,-0.00108713,0,0,0,-2,0.0043412,0.0517928,0.00490809,-0.000810658,-3.91502e-05,0,0,0.0456199,-0.0957673,0.00956521,0.658576,0.00600234,0.0439807,0.00957197,0,0,3.46945e-11,1.05869,0.0336772,0.0152484,-0.0491101,-0.0326861,0.000708123,0,0,0.133936,0.0467885,0.101934,0.12327,0.412541,-0.0267445,0.0097303,0,0,2.77556e-11,-0.179937,0.00746476,-0.0409655,-0.0393032,0.0454196,0.000951808,0,0,0.026102,-0.0104386,0.0847453,0.543032,-0.0324601,0.426217,-0.0057552,0,0,-6.07153e-12,-0.255713,0.00336908,0.00163175,0.00185414,0.00328024,0.0018011,0,0,-0.0203033,-0.0110564,-0.028327,0.00383682,0.0138459,-0.00792022,0.0682902,0,0,0,0,0,0,0,0,0,0,0,0,0,0,0,0,0,0,0.905991,4.14263e-09,0,0,0,1.20024e-12,0,0,-2.40048e-12,0,0,0,0,0,0,0,0,0,4.14293e-09,0.905991,
-1.73472e-12,-0.672689,0.0209412,-0.00506824,0.00168619,0.00103906,-3.35479e-05,0,0,0.563428,-0.0296258,-0.11329,0.0422669,0.0115437,-0.000646673,0.000763712,0,0,-1.9597e-11,-2,-0.00602938,-0.0146027,-0.00411743,6.55812e-05,6.99448e-06,0,0,0.033784,0.745249,0.0375615,0.0795806,-0.020754,-0.0263404,0.0253042,0,0,0,-0.442388,0.0801088,0.00937586,0.00490476,0.00246917,-7.36777e-05,0,0,-0.114364,-0.0193208,0.604071,0.00105503,0.00935847,0.00628312,-0.00108318,0,0,0,-2,0.00433306,0.0518071,0.00490689,-0.000810548,-3.90948e-05,0,0,0.0457,-0.0958297,0.00962197,0.658609,0.0059902,0.0439588,0.00957953,0,0,-5.20417e-12,1.05893,0.0336407,0.0152592,-0.0491101,-0.0326936,0.000707786,0,0,0.133949,0.0467998,0.102166,0.123231,0.412593,-0.026735,0.00971932,0,0,-3.46945e-11,-0.17769,0.0074799,-0.0409381,-0.0393083,0.0454638,0.000950788,0,0,0.0260195,-0.0103407,0.0846665,0.54295,-0.032449,0.426243,-0.00576625,0,0,-6.07153e-12,-0.255794,0.00337097,0.00162927,0.00185258,0.00327903,0.00180134,0,0,-0.0202903,-0.01106,-0.0283245,0.00384607,0.0138357,-0.00792304,0.0682912,0,0,0,0,1.20024e-12,0,-1.20024e-12,-1.20024e-12,-1.20024e-12,0,0,0,0,0,0,0,0,0,0.905991,4.06822e-09,0,0,1.20024e-12,0,-1.20024e-12,-1.20024e-12,0,0,0,0,0,0,0,0,0,0,4.06912e-09,0.905991,
2.60209e-12,-0.673617,0.0209673,-0.00508061,0.00168539,0.0010397,-3.35484e-05,0,0,0.563482,-0.029667,-0.113379,0.0423478,0.0115408,-0.00066117,0.000769233,0,0,5.96311e-13,-2,-0.00603732,-0.0146123,-0.00412102,6.78816e-05,7.00208e-06,0,0,0.0338067,0.745279,0.0375951,0.0796229,-0.0207634,-0.0263637,0.0253033,0,0,1.04083e-11,-0.443237,0.0801034,0.00936552,0.00490465,0.00246947,-7.36624e-05,0,0,-0.114456,-0.019358,0.604251,0.00110358,0.00937868,0.00627055,-0.00107921,0,0,0,-2,0.00432442,0.0518209,0.00490607,-0.000810395,-3.90407e-05,0,0,0.0457802,-0.0958922,0.00967887,0.658641,0.00597805,0.043937,0.0095871,0,0,1.73472e-12,1.05918,0.0336127,0.0152833,-0.0491186,-0.0327009,0.000707474,0,0,0.133961,0.0468112,0.102399,0.123192,0.412644,-0.0267255,0.00970834,0,0,6.93889e-12,-0.175445,0.00749365,-0.0409128,-0.0393119,0.0455083,0.000949726,0,0,0.0259369,-0.0102427,0.0845875,0.542868,-0.032438,0.426269,-0.0057773,0,0,8.67362e-13,-0.255875,0.00337275,0.00162659,0.00185111,0.00327779,0.00180156,0,0,-0.0202773,-0.0110636,-0.0283219,0.00385531,0.0138254,-0.00792586,0.0682922,0,0,0,-2.40048e-12,-2.40048e-12,1.20024e-12,0,0,-2.40048e-12,-5.76116e-11,0,0,0,0,0,0,0,0,0.905991,4.09822e-09,0,2.40048e-12,2.40048e-12,-1.20024e-12,0,0,1.20024e-12,0,0,0,0,0,0,0,0,0,4.09762e-09,0.905991,
3.46945e-12,-0.674547,0.0209931,-0.00509364,0.00168464,0.00104067,-3.35501e-05,0,0,0.563536,-0.0297081,-0.113468,0.0424289,0.0115378,-0.000675692,0.000774762,0,0,-9.92045e-12,-2,-0.00604547,-0.0146219,-0.00412464,7.025e-05,7.00738e-06,0,0,0.0338294,0.745309,0.0376287,0.0796651,-0.0207728,-0.0263869,0.0253024,0,0,1.73472e-11,-0.444088,0.0800969,0.00935409,0.00490465,0.00247033,-7.36458e-05,0,0,-0.114547,-0.0193952,0.60443,0.00115226,0.00939888,0.00625793,-0.00107523,0,0,0,-2,0.00431607,0.0518353,0.00490521,-0.00081049,-3.89854e-05,0,0,0.0458605,-0.0959547,0.00973588,0.658674,0.00596589,0.0439151,0.00959468,0,0,-1.21431e-11,1.05942,0.0335757,0.0152986,-0.0491269,-0.0327039,0.000707134,0,0,0.133974,0.0468225,0.102631,0.123153,0.412694,-0.026716,0.00969737,0,0,-3.46945e-11,-0.173199,0.00750885,-0.040886,-0.0393154,0.0455525,0.000948671,0,0,0.0258541,-0.0101448,0.0845081,0.542786,-0.0324269,0.426295,-0.00578835,0,0,8.67362e-13,-0.255956,0.00337468,0.00162405,0.00184962,0.00327646,0.00180179,0,0,-0.0202642,-0.0110672,-0.0283193,0.00386454,0.0138151,-0.00792868,0.0682931,0,0,0,-2.40048e-12,0,1.20024e-12,1.20024e-12,1.20024e-12,-1.20024e-12,-1.15223e-10,0,0,0,0,0,0,0,0,0.905991,4.22545e-09,0,0,0,0,0,0,0,0,0,0,0,0,0,0,0,0,4.22605e-09,0.905991,
-4.33681e-12,-0.675478,0.0210192,-0.00510665,0.00168462,0.00104162,-3.35527e-05,0,0,0.56359,-0.0297494,-0.113557,0.0425101,0.0115348,-0.00069024,0.000780298,0,0,1.30104e-12,-2,-0.00605353,-0.0146314,-0.00412811,7.25886e-05,7.01111e-06,0,0,0.0338521,0.74534,0.0376622,0.0797073,-0.0207822,-0.0264101,0.0253015,0,0,-1.38778e-11,-0.44494,0.0800911,0.00934266,0.0049059,0.00247116,-7.36281e-05,0,0,-0.114639,-0.0194326,0.604609,0.00120108,0.00941905,0.00624527,-0.00107124,0,0,1.38778e-11,-2,0.00430748,0.0518496,0.00490396,-0.000810643,-3.89289e-05,0,0,0.045941,-0.0960172,0.00979303,0.658706,0.00595373,0.0438932,0.00960226,0,0,-2.60209e-11,1.05967,0.033543,0.0153139,-0.0491262,-0.0327068,0.000706765,0,0,0.133986,0.0468338,0.102863,0.123114,0.412745,-0.0267066,0.0096864,0,0,-4.16334e-11,-0.170955,0.0075234,-0.0408591,-0.0393203,0.0455971,0.000947634,0,0,0.0257711,-0.010047,0.0844285,0.542704,-0.0324159,0.426321,-0.0057994,0,0,9.54098e-12,-0.256037,0.00337655,0.00162151,0.00184797,0.00327514,0.00180203,0,0,-0.0202512,-0.0110708,-0.0283168,0.00387376,0.0138049,-0.0079315,0.0682941,0,0,0,0,0,0,0,0,0,0,0,0,0,0,0,0,0,0,0.905991,-4.4646e-09,0,0,0,0,0,0,0,0,0,0,0,0,0,0,0,0,-4.4643e-09,0.905991,
3.39587e-07,-0.67641,0.0210455,-0.00511968,0.00168463,0.00104324,-3.35558e-05,0,0,0.563644,-0.0297906,-0.113646,0.0425915,0.0115318,-0.000704814,0.000785842,0,0,9.33997e-08,-2,-0.00606159,-0.0146409,-0.0041316,7.5097e-05,7.01413e-06,0,0,0.0338748,0.74537,0.0376958,0.0797494,-0.0207917,-0.0264332,0.0253006,0,0,5.70856e-07,-0.445796,0.0800852,0.0093312,0.00490721,0.00247312,-7.36097e-05,0,0,-0.11473,-0.01947,0.604788,0.00125003,0.0094392,0.00623257,-0.00106725,0,0,-1.87586e-07,-2,0.00429885,0.051864,0.00490269,-0.000811204,-3.88717e-05,0,0,0.0460216,-0.0960797,0.0098503,0.658739,0.00594155,0.0438712,0.00960985,0,0,4.39153e-06,1.0599,0.0335103,0.0153293,-0.0491254,-0.032701,0.000706378,0,0,0.133999,0.046845,0.103095,0.123076,0.412796,-0.0266971,0.00967544,0,0,-7.02507e-07,-0.16871,0.007538,-0.0408322,-0.0393252,0.0456404,0.000946609,0,0,0.025688,-0.00994909,0.0843486,0.542622,-0.0324048,0.426347,-0.00581044,0,0,-6.76594e-08,-0.256118,0.00337842,0.00161897,0.00184632,0.00327368,0.00180227,0,0,-0.0202381,-0.0110744,-0.0283142,0.00388297,0.0137946,-0.00793431,0.068295,0,0,0,-1.20024e-12,-1.20024e-12,0,1.20024e-12,-1.20024e-12,0,0,0,0,0,0,0,0,0,0,0.905991,-4.56272e-09,0,-1.20024e-12,-1.20024e-12,0,0,0,0,0,0,0,0,0,0,0,0,0,-4.56362e-09,0.905991,
1.73472e-12,-0.677343,0.0210714,-0.0051333,0.00168396,0.00104369,-3.35679e-05,0,0,0.563699,-0.0298319,-0.113735,0.042673,0.0115288,-0.000719415,0.000791393,0,0,-8.11796e-12,-2,-0.00606951,-0.01465,-0.00413565,7.70729e-05,7.00395e-06,0,0,0.0338975,0.745401,0.0377294,0.0797916,-0.0208011,-0.0264564,0.0252997,0,0,6.93889e-12,-0.446653,0.0800793,0.00931859,0.00490775,0.00247325,-7.35809e-05,0,0,-0.114822,-0.0195075,0.604967,0.00129912,0.00945935,0.00621983,-0.00106324,0,0,1.38778e-11,-2,0.00429029,0.051879,0.00490177,-0.000811707,-3.88024e-05,0,0,0.0461023,-0.0961423,0.0099077,0.658772,0.00592937,0.0438493,0.00961744,0,0,-2.94903e-11,1.06014,0.0334775,0.0153358,-0.0491376,-0.0327083,0.00070572,0,0,0.134011,0.0468563,0.103328,0.123037,0.412847,-0.0266876,0.00966447,0,0,-8.32667e-11,-0.166466,0.0075527,-0.0408037,-0.039328,0.0456868,0.000945765,0,0,0.0256048,-0.00985127,0.0842685,0.54254,-0.0323937,0.426374,-0.00582149,0,0,-8.67362e-13,-0.256198,0.00338028,0.00161659,0.0018449,0.00327245,0.00180255,0,0,-0.0202251,-0.011078,-0.0283116,0.00389217,0.0137844,-0.00793713,0.068296,0,0,0,1.20024e-12,-1.20024e-12,0,0,0,0,0,0,0,0,0,0,0,0,0,0.905991,-4.51681e-09,0,0,0,0,0,1.20024e-12,0,0,0,0,0,0,0,0,0,0,-4.51651e-09,0.905991,
8.67362e-13,-0.678277,0.021097,-0.00514567,0.00168461,0.00104414,-3.39191e-05,0,0,0.563753,-0.0298732,-0.113824,0.0427546,0.0115257,-0.000734042,0.000796953,0,0,-4.11997e-12,-2,-0.00607737,-0.0146589,-0.00413932,7.90508e-05,6.90189e-06,0,0,0.0339202,0.745431,0.0377631,0.0798337,-0.0208106,-0.0264795,0.0252988,0,0,1.04083e-11,-0.447511,0.0800732,0.00930808,0.00491054,0.00247338,-7.41234e-05,0,0,-0.114914,-0.0195451,0.605146,0.00134835,0.00947948,0.00620704,-0.00105922,0,0,1.38778e-11,-2,0.00428178,0.051893,0.00490011,-0.000812197,-3.85453e-05,0,0,0.0461832,-0.0962048,0.00996523,0.658804,0.00591717,0.0438273,0.00962504,0,0,-8.67362e-12,1.06038,0.0334449,0.0153598,-0.0491326,-0.0327157,0.000700666,0,0,0.134023,0.0468675,0.10356,0.122998,0.412898,-0.0266782,0.00965352,0,0,-5.55112e-11,-0.164224,0.0075675,-0.0407778,-0.0393338,0.0457327,0.000945645,0,0,0.0255214,-0.00975351,0.084188,0.542458,-0.0323827,0.4264,-0.00583252,0,0,-5.20417e-12,-0.256279,0.00338211,0.00161392,0.00184325,0.00327124,0.00180291,0,0,-0.020212,-0.0110815,-0.0283089,0.00390136,0.0137742,-0.00793996,0.068297,0,0,0,-1.20024e-12,0,0,1.20024e-12,0,0,0,0,0,0,0,0,0,0,0,0.905991,-4.34607e-09,0,2.40048e-12,0,0,-2.40048e-12,1.20024e-12,0,0,0,0,0,0,0,0,0,0,-4.34637e-09,0.905991,
7.80626e-12,-0.679211,0.0211231,-0.00515965,0.00168381,0.00104577,-3.35811e-05,0,0,0.563808,-0.0299146,-0.113914,0.0428364,0.0115226,-0.000748695,0.000802521,0,0,1.42437e-11,-2,-0.00608529,-0.0146687,-0.00414294,8.16113e-05,7.0025e-06,0,0,0.0339428,0.745462,0.0377967,0.0798758,-0.02082,-0.0265026,0.0252979,0,0,1.38778e-11,-0.448372,0.0800678,0.00929512,0.00491047,0.00247537,-7.35354e-05,0,0,-0.115006,-0.0195828,0.605324,0.00139771,0.00949959,0.00619422,-0.00105519,0,0,-1.38778e-11,-2,0.00427297,0.0519074,0.00489925,-0.000812653,-3.86771e-05,0,0,0.0462642,-0.0962674,0.0100229,0.658837,0.00590496,0.0438054,0.00963264,0,0,0,1.06062,0.0334168,0.0153664,-0.0491409,-0.03271,0.000704713,0,0,0.134035,0.0468787,0.103791,0.12296,0.412948,-0.0266687,0.00964257,0,0,5.55112e-11,-0.161983,0.00758167,-0.040749,-0.0393373,0.0457751,0.000943918,0,0,0.0254379,-0.0096558,0.0841073,0.542376,-0.0323716,0.426426,-0.00584355,0,0,1.73472e-12,-0.256359,0.00338386,0.00161149,0.00184182,0.00326982,0.00180308,0,0,-0.0201988,-0.0110851,-0.0283063,0.00391053,0.0137639,-0.00794278,0.0682979,0,0,0,0,0,0,1.20024e-12,0,-1.20024e-12,-1.20024e-12,0,0,0,0,0,0,0,0,0.905991,4.09342e-09,0,0,1.20024e-12,0,0,0,1.20024e-12,0,0,0,0,0,0,0,0,0,4.09402e-09,0.905991,
0,-0.680147,0.0211488,-0.00517226,0.00168332,0.00104607,-3.3921e-05,0,0,0.563863,-0.029956,-0.114003,0.0429184,0.0115195,-0.000763372,0.000808096,0,0,6.57298e-12,-2,-0.00609345,-0.0146781,-0.00414643,8.38364e-05,6.91555e-06,0,0,0.0339654,0.745493,0.0378303,0.0799179,-0.0208295,-0.0265257,0.025297,0,0,-3.46945e-12,-0.449235,0.0800612,0.00928448,0.00491087,0.00247511,-7.40911e-05,0,0,-0.115098,-0.0196205,0.605503,0.00144721,0.00951967,0.00618135,-0.00105114,0,0,-1.38778e-11,-2,0.00426441,0.0519211,0.00489821,-0.000812311,-3.84355e-05,0,0,0.0463454,-0.09633,0.0100807,0.658869,0.00589275,0.0437834,0.00964026,0,0,-8.67362e-12,1.06086,0.0333796,0.0153906,-0.0491445,-0.0327217,0.000699997,0,0,0.134047,0.0468898,0.104023,0.122921,0.412999,-0.0266593,0.00963163,0,0,4.16334e-11,-0.159743,0.00759726,-0.0407229,-0.0393415,0.0458208,0.000943552,0,0,0.0253542,-0.00955813,0.0840263,0.542294,-0.0323605,0.426452,-0.00585458,0,0,1.56125e-11,-0.256439,0.00338576,0.00160879,0.00184027,0.00326863,0.00180337,0,0,-0.0201857,-0.0110887,-0.0283037,0.00391969,0.0137537,-0.0079456,0.0682989,0,0,0,0,-3.60072e-12,3.60072e-12,-1.20024e-12,2.40048e-12,-2.40048e-12,0,0,0,0,0,0,0,0,0,0.905991,3.9809e-09,0,0,1.20024e-12,0,1.20024e-12,0,0,0,0,0,0,0,0,0,0,0,3.9809e-09,0.905991,
-3.46945e-12,-0.681083,0.0211748,-0.00518619,0.00168254,0.00104771,-3.35839e-05,0,0,0.563919,-0.0299975,-0.114093,0.0430005,0.0115164,-0.000778074,0.00081368,0,0,-9.1344e-12,-2,-0.00610164,-0.0146878,-0.00415004,8.64123e-05,7.01312e-06,0,0,0.033988,0.745524,0.037864,0.0799599,-0.020839,-0.0265488,0.0252961,0,0,-6.93889e-12,-0.450099,0.0800548,0.00927161,0.00491082,0.00247711,-7.35028e-05,0,0,-0.11519,-0.0196584,0.605681,0.00149684,0.00953973,0.00616844,-0.00104709,0,0,0,-2,0.00425576,0.0519357,0.00489733,-0.000812775,-3.85675e-05,0,0,0.0464266,-0.0963926,0.0101386,0.658902,0.00588052,0.0437615,0.00964787,0,0,-1.56125e-11,1.0611,0.0333422,0.0153973,-0.0491523,-0.0327158,0.000704045,0,0,0.134059,0.0469009,0.104255,0.122883,0.41305,-0.0266498,0.00962069,0,0,-1.38778e-11,-0.157504,0.00761289,-0.0406939,-0.0393449,0.045864,0.000941786,0,0,0.0252704,-0.00946049,0.0839451,0.542213,-0.0323495,0.426479,-0.00586561,0,0,1.04083e-11,-0.256518,0.00338768,0.00160636,0.00183876,0.00326715,0.00180353,0,0,-0.0201725,-0.0110922,-0.028301,0.00392884,0.0137435,-0.00794841,0.0682998,0,0,0,1.20024e-12,1.20024e-12,1.20024e-12,-2.40048e-12,-1.20024e-12,-2.40048e-12,0,0,0,0,0,0,0,0,0,0.905991,3.9692e-09,0,0,0,0,0,0,0,0,0,0,0,0,0,0,0,0,3.9698e-09,0.905991,
4.33681e-12,-0.68202,0.0212015,-0.00519943,0.00168247,0.00104833,-3.35866e-05,0,0,0.563974,-0.030039,-0.114182,0.0430827,0.0115133,-0.000792802,0.000819271,0,0,2.9409e-12,-2,-0.00610965,-0.0146973,-0.00415348,8.86847e-05,7.01589e-06,0,0,0.0340106,0.745555,0.0378977,0.0800019,-0.0208485,-0.0265718,0.0252952,0,0,0,-0.450965,0.0800495,0.00925988,0.004912,0.00247738,-7.34849e-05,0,0,-0.115282,-0.0196963,0.605859,0.00154661,0.00955976,0.00615549,-0.00104303,0,0,-2.77556e-11,-2,0.00424668,0.05195,0.00489605,-0.000812726,-3.85112e-05,0,0,0.046508,-0.0964553,0.0101966,0.658935,0.00586829,0.0437395,0.0096555,0,0,-6.93889e-12,1.06133,0.0333135,0.0154128,-0.0491511,-0.032723,0.000703675,0,0,0.134071,0.0469121,0.104487,0.122845,0.4131,-0.0266404,0.00960977,0,0,0,-0.155266,0.00762717,-0.0406663,-0.0393496,0.0459097,0.000940735,0,0,0.0251864,-0.00936288,0.0838635,0.542131,-0.0323384,0.426505,-0.00587664,0,0,5.20417e-12,-0.256598,0.00338947,0.0016038,0.0018371,0.00326588,0.00180376,0,0,-0.0201594,-0.0110957,-0.0282984,0.00393799,0.0137332,-0.00795123,0.0683008,0,0,0,0,0,-1.20024e-12,0,0,0,0,0,0,0,0,0,0,0,0,0.905991,4.05051e-09,0,0,0,1.20024e-12,0,0,0,0,0,0,0,0,0,0,0,0,4.04991e-09,0.905991,
-1.73472e-12,-0.682958,0.0212281,-0.00521189,0.0016821,0.00104913,-3.35987e-05,0,0,0.564029,-0.0300805,-0.114272,0.0431651,0.0115102,-0.000807557,0.00082487,0,0,3.94379e-12,-2,-0.00611751,-0.014706,-0.00415742,9.07866e-05,7.00476e-06,0,0,0.0340332,0.745586,0.0379313,0.0800439,-0.020858,-0.0265948,0.0252943,0,0,-3.46945e-12,-0.451833,0.0800442,0.0092493,0.00491303,0.00247809,-7.34563e-05,0,0,-0.115375,-0.0197343,0.606037,0.00159651,0.00957979,0.00614249,-0.00103896,0,0,1.38778e-11,-2,0.00423766,0.0519641,0.00489492,-0.000813394,-3.84423e-05,0,0,0.0465896,-0.0965179,0.0102548,0.658967,0.00585605,0.0437175,0.00966312,0,0,3.46945e-12,1.06157,0.0332848,0.015437,-0.0491585,-0.0327259,0.00070302,0,0,0.134083,0.0469231,0.104718,0.122806,0.413151,-0.026631,0.00959884,0,0,6.93889e-12,-0.153029,0.00764153,-0.04064,-0.0393531,0.0459558,0.000939873,0,0,0.0251023,-0.00926532,0.0837817,0.542049,-0.0323273,0.426531,-0.00588766,0,0,5.20417e-12,-0.256677,0.00339125,0.00160113,0.0018356,0.00326456,0.00180404,0,0,-0.0201462,-0.0110993,-0.0282957,0.00394711,0.013723,-0.00795404,0.0683017,0,0,0,1.20024e-12,0,-1.20024e-12,0,-1.20024e-12,0,0,0,0,0,0,0,0,0,0,0.905991,4.22545e-09,0,0,0,0,0,0,0,0,0,0,0,0,0,0,0,0,4.22635e-09,0.905991,
-4.33681e-12,-0.683897,0.0212539,-0.00522595,0.00168169,0.00104973,-3.36017e-05,0,0,0.564085,-0.0301221,-0.114362,0.0432476,0.011507,-0.000822338,0.000830477,0,0,-8.26704e-13,-2,-0.00612566,-0.0147157,-0.00416099,9.30378e-05,7.00839e-06,0,0,0.0340558,0.745618,0.037965,0.0800859,-0.0208675,-0.0266179,0.0252934,0,0,-1.38778e-11,-0.452703,0.0800377,0.00923623,0.00491366,0.00247835,-7.34377e-05,0,0,-0.115467,-0.0197724,0.606215,0.00164656,0.00959979,0.00612946,-0.00103487,0,0,-1.38778e-11,-2,0.00422897,0.0519786,0.00489382,-0.000813373,-3.83849e-05,0,0,0.0466713,-0.0965806,0.0103131,0.659,0.00584379,0.0436955,0.00967076,0,0,1.38778e-11,1.06181,0.0332473,0.0154437,-0.0491618,-0.0327333,0.000702629,0,0,0.134094,0.0469342,0.10495,0.122768,0.413201,-0.0266215,0.00958792,0,0,2.77556e-11,-0.150793,0.00765738,-0.0406107,-0.0393573,0.0460012,0.000938859,0,0,0.0250181,-0.0091678,0.0836996,0.541967,-0.0323162,0.426557,-0.00589868,0,0,3.46945e-12,-0.256756,0.00339315,0.00159869,0.00183405,0.00326332,0.00180428,0,0,-0.020133,-0.0111028,-0.0282931,0.00395623,0.0137128,-0.00795686,0.0683027,0,0,0,0,-1.20024e-12,0,-1.20024e-12,-1.20024e-12,1.20024e-12,0,0,0,0,0,0,0,0,0,0.905991,-4.51591e-09,0,0,0,0,-1.20024e-12,-1.20024e-12,1.20024e-12,0,0,0,0,0,0,0,0,0,-4.51501e-09,0.905991,
-3.38308e-07,-0.684836,0.0212799,-0.00523934,0.00168157,0.00105103,-3.36038e-05,0,0,0.564141,-0.0301637,-0.114452,0.0433303,0.0115038,-0.000837144,0.000836092,0,0,-9.34044e-08,-2,-0.00613386,-0.0147251,-0.00416441,9.55198e-05,7.01255e-06,0,0,0.0340783,0.745649,0.0379987,0.0801278,-0.0208771,-0.0266408,0.0252925,0,0,-5.72192e-07,-0.453576,0.0800313,0.00922429,0.00491474,0.00247977,-7.34204e-05,0,0,-0.115559,-0.0198106,0.606393,0.00169674,0.00961977,0.00611638,-0.00103078,0,0,1.87059e-07,-2,0.00422018,0.0519928,0.00489254,-0.000813657,-3.83291e-05,0,0,0.0467531,-0.0966433,0.0103716,0.659032,0.00583153,0.0436735,0.0096784,0,0,-4.40034e-06,1.06204,0.0332098,0.0154592,-0.0491606,-0.0327318,0.000702273,0,0,0.134106,0.0469452,0.105181,0.12273,0.413252,-0.0266121,0.009577,0,0,7.0239e-07,-0.148557,0.00767327,-0.0405827,-0.039362,0.0460453,0.000937806,0,0,0.0249337,-0.00907031,0.0836173,0.541885,-0.0323052,0.426584,-0.0059097,0,0,6.71806e-08,-0.256835,0.00339505,0.00159612,0.00183241,0.00326192,0.00180451,0,0,-0.0201197,-0.0111063,-0.0282904,0.00396534,0.0137026,-0.00795968,0.0683036,0,0,0,0,0,0,0,0,0,1.14023e-10,0,0,0,0,0,0,0,0,0.905991,-4.66534e-09,-1.20024e-12,0,0,1.20024e-12,0,0,0,0,0,0,0,0,0,0,0,0,-4.66504e-09,0.905991,
5.20417e-12,-0.685778,0.0213064,-0.00525228,0.00168114,0.00105218,-3.39535e-05,0,0,0.564197,-0.0302053,-0.114542,0.0434132,0.0115006,-0.000851976,0.000841715,0,0,5.00088e-12,-2,-0.00614173,-0.014734,-0.00416832,9.77487e-05,6.90863e-06,0,0,0.0341008,0.745681,0.0380325,0.0801697,-0.0208866,-0.0266638,0.0252916,0,0,6.93889e-12,-0.45445,0.080026,0.00921296,0.00491565,0.00248108,-7.39649e-05,0,0,-0.115652,-0.0198488,0.60657,0.00174706,0.00963974,0.00610326,-0.00102667,0,0,-2.77556e-11,-2,0.00421105,0.052007,0.00489142,-0.000814465,-3.80742e-05,0,0,0.046835,-0.096706,0.0104301,0.659065,0.00581926,0.0436514,0.00968605,0,0,2.60209e-11,1.06227,0.0331809,0.0154791,-0.0491679,-0.0327302,0.000697234,0,0,0.134117,0.0469562,0.105413,0.122692,0.413302,-0.0266027,0.00956609,0,0,2.08167e-11,-0.146323,0.00768783,-0.0405554,-0.0393655,0.0460906,0.00093763,0,0,0.0248491,-0.00897288,0.0835347,0.541803,-0.0322941,0.42661,-0.00592071,0,0,0,-0.256914,0.00339682,0.0015935,0.00183091,0.00326053,0.00180486,0,0,-0.0201065,-0.0111098,-0.0282877,0.00397443,0.0136924,-0.00796249,0.0683046,0,0,0,-1.20024e-12,1.20024e-12,0,1.20024e-12,0,0,1.20024e-12,0,0,0,0,0,0,0,0,0.905991,-4.65604e-09,0,1.20024e-12,-1.20024e-12,0,-1.20024e-12,-1.20024e-12,2.40048e-12,0,0,0,0,0,0,0,0,0,-4.65574e-09,0.905991,
0,-0.686719,0.0213326,-0.00526577,0.00168103,0.00105279,-3.3618e-05,0,0,0.564253,-0.030247,-0.114632,0.0434962,0.0114974,-0.000866833,0.000847346,0,0,-1.0842e-13,-2,-0.00614981,-0.0147435,-0.00417176,0.000100029,7.00585e-06,0,0,0.0341233,0.745713,0.0380662,0.0802116,-0.0208962,-0.0266868,0.0252907,0,0,-3.46945e-12,-0.455325,0.08002,0.00920089,0.00491677,0.00248135,-7.33744e-05,0,0,-0.115745,-0.0198872,0.606747,0.00179752,0.00965969,0.00609009,-0.00102255,0,0,0,-2,0.00420203,0.052021,0.00489013,-0.000814407,-3.82045e-05,0,0,0.0469171,-0.0967687,0.0104888,0.659097,0.00580697,0.0436294,0.0096937,0,0,-3.1225e-11,1.06251,0.0331478,0.0154947,-0.0491666,-0.0327376,0.000701258,0,0,0.134129,0.0469672,0.105644,0.122654,0.413352,-0.0265933,0.00955519,0,0,-7.63278e-11,-0.14409,0.00770316,-0.0405271,-0.0393703,0.0461361,0.000935897,0,0,0.0247645,-0.00887549,0.0834517,0.541722,-0.032283,0.426637,-0.00593172,0,0,-1.56125e-11,-0.256992,0.00339864,0.00159092,0.00182929,0.00325928,0.00180503,0,0,-0.0200932,-0.0111133,-0.028285,0.00398352,0.0136822,-0.00796531,0.0683055,0,0,0,0,0,-1.20024e-12,0,2.40048e-12,0,1.20024e-12,0,0,0,0,0,0,0,0,0.905991,-4.50541e-09,0,0,0,0,1.20024e-12,0,-1.20024e-12,-1.16423e-10,0,0,0,0,0,0,0,0,-4.5042e-09,0.905991,
1.73472e-12,-0.687661,0.0213587,-0.00527928,0.00168054,0.00105409,-3.32821e-05,0,0,0.56431,-0.0302887,-0.114722,0.0435793,0.0114941,-0.000881716,0.000852984,0,0,4.60786e-12,-2,-0.00615803,-0.0147529,-0.00417527,0.000102529,7.10305e-06,0,0,0.0341458,0.745744,0.0380999,0.0802534,-0.0209057,-0.0267097,0.0252897,0,0,-3.46945e-12,-0.456203,0.0800136,0.00918882,0.00491722,0.00248278,-7.27846e-05,0,0,-0.115838,-0.0199256,0.606925,0.00184812,0.0096796,0.00607689,-0.00101842,0,0,-2.77556e-11,-2,0.00419311,0.0520351,0.00488903,-0.000814673,-3.8336e-05,0,0,0.0469994,-0.0968315,0.0105476,0.65913,0.00579468,0.0436073,0.00970136,0,0,-1.21431e-11,1.06274,0.03311,0.0155103,-0.0491696,-0.0327361,0.00070531,0,0,0.13414,0.0469781,0.105875,0.122616,0.413403,-0.0265839,0.0095443,0,0,1.38778e-11,-0.141858,0.00771924,-0.0404988,-0.0393743,0.0461804,0.00093413,0,0,0.0246797,-0.00877814,0.0833686,0.54164,-0.0322719,0.426663,-0.00594273,0,0,0,-0.257071,0.00340054,0.00158833,0.00182772,0.00325787,0.00180519,0,0,-0.02008,-0.0111168,-0.0282823,0.00399259,0.013672,-0.00796812,0.0683065,0,0,0,0,-1.20024e-12,0,1.20024e-12,1.20024e-12,1.20024e-12,0,0,0,0,0,0,0,0,0,0.905991,4.25395e-09,0,-1.20024e-12,-1.20024e-12,0,1.20024e-12,1.20024e-12,-1.20024e-12,0,0,0,0,0,0,0,0,0,4.25485e-09,0.905991,
-3.46945e-12,-0.688604,0.0213856,-0.00529311,0.00167975,0.00105505,-3.3285e-05,0,0,0.564366,-0.0303305,-0.114813,0.0436626,0.0114909,-0.000896624,0.000858631,0,0,-8.99888e-12,-2,-0.00616607,-0.0147624,-0.00417888,0.00010492,7.10524e-06,0,0,0.0341683,0.745776,0.0381337,0.0802953,-0.0209153,-0.0267326,0.0252888,0,0,-3.46945e-12,-0.457083,0.0800084,0.00917619,0.00491717,0.00248364,-7.27665e-05,0,0,-0.115931,-0.0199641,0.607102,0.00189886,0.0096995,0.00606364,-0.00101429,0,0,0,-2,0.00418374,0.0520495,0.0048881,-0.000814793,-3.82797e-05,0,0,0.0470817,-0.0968942,0.0106066,0.659162,0.00578238,0.0435853,0.00970903,0,0,-1.73472e-11,1.06298,0.0330809,0.0155215,-0.0491767,-0.0327389,0.00070494,0,0,0.134151,0.0469891,0.106106,0.122578,0.413453,-0.0265745,0.00953341,0,0,-1.38778e-11,-0.139627,0.00773397,-0.0404697,-0.0393776,0.0462257,0.00093307,0,0,0.0245947,-0.00868083,0.0832851,0.541558,-0.0322609,0.426689,-0.00595374,0,0,4.33681e-12,-0.257149,0.00340232,0.00158582,0.00182619,0.00325652,0.00180542,0,0,-0.0200667,-0.0111203,-0.0282796,0.00400165,0.0136618,-0.00797093,0.0683074,0,0,0,-1.20024e-12,-1.20024e-12,0,1.20024e-12,0,0,0,0,0,0,0,0,0,0,0,0.905991,4.15433e-09,0,1.20024e-12,1.20024e-12,0,-1.20024e-12,0,0,0,0,0,0,0,0,0,0,0,4.15313e-09,0.905991,
3.37585e-07,-0.689548,0.0214123,-0.00530593,0.00168,0.00105567,-3.39636e-05,0,0,0.564423,-0.0303723,-0.114903,0.0437461,0.0114876,-0.000911558,0.000864285,0,0,9.33876e-08,-2,-0.00617422,-0.0147716,-0.00418224,0.000107203,6.9196e-06,0,0,0.0341907,0.745808,0.0381675,0.0803371,-0.0209249,-0.0267555,0.0252879,0,0,5.72924e-07,-0.457965,0.0800026,0.00916526,0.0049189,0.00248391,-7.38936e-05,0,0,-0.116024,-0.0200027,0.607279,0.00194973,0.00971938,0.00605035,-0.00101014,0,0,-1.86767e-07,-2,0.0041745,0.0520633,0.00488659,-0.000814759,-3.78493e-05,0,0,0.0471642,-0.096957,0.0106657,0.659195,0.00577007,0.0435632,0.0097167,0,0,4.40514e-06,1.06321,0.0330474,0.015546,-0.0491705,-0.0327462,0.000695743,0,0,0.134163,0.047,0.106337,0.12254,0.413503,-0.0265651,0.00952252,0,0,-7.02299e-07,-0.137397,0.00774945,-0.0404427,-0.0393829,0.0462719,0.000933422,0,0,0.0245096,-0.00858355,0.0832014,0.541476,-0.0322498,0.426716,-0.00596474,0,0,-6.68918e-08,-0.257227,0.00340416,0.0015831,0.00182444,0.00325523,0.00180579,0,0,-0.0200533,-0.0111238,-0.0282769,0.0040107,0.0136516,-0.00797375,0.0683084,0,0,0,1.20024e-12,0,0,0,0,0,0,0,0,0,0,0,0,0,0,0.905991,4.16664e-09,-1.20024e-12,-1.20024e-12,0,-1.20024e-12,0,-1.20024e-12,0,0,0,0,0,0,0,0,0,0,4.16604e-09,0.905991,
-2.60209e-12,-0.690493,0.0214391,-0.00531967,0.00167992,0.00105647,-3.36385e-05,0,0,0.56448,-0.0304142,-0.114994,0.0438297,0.0114843,-0.000926518,0.000869947,0,0,-6.87113e-12,-2,-0.00618213,-0.0147806,-0.00418607,0.000109329,7.00047e-06,0,0,0.0342132,0.745841,0.0382013,0.0803788,-0.0209345,-0.0267784,0.025287,0,0,-3.46945e-12,-0.458848,0.0799973,0.00915262,0.00492044,0.00248462,-7.32917e-05,0,0,-0.116117,-0.0200414,0.607455,0.00200075,0.00973924,0.00603701,-0.00100598,0,0,1.38778e-11,-2,0.00416513,0.0520779,0.00488524,-0.000815426,-3.79671e-05,0,0,0.0472468,-0.0970198,0.0107249,0.659227,0.00575774,0.0435411,0.00972438,0,0,-2.94903e-11,1.06344,0.0330182,0.0155572,-0.049173,-0.032749,0.000699484,0,0,0.134174,0.0470108,0.106568,0.122503,0.413553,-0.0265557,0.00951164,0,0,-5.55112e-11,-0.135168,0.00776432,-0.0404134,-0.039387,0.0463185,0.000931849,0,0,0.0244243,-0.00848631,0.0831174,0.541395,-0.0322387,0.426742,-0.00597574,0,0,-5.20417e-12,-0.257305,0.00340594,0.00158061,0.00182286,0.0032539,0.001806,0,0,-0.02004,-0.0111272,-0.0282741,0.00401974,0.0136415,-0.00797656,0.0683093,0,0,0,0,0,0,1.20024e-12,0,-1.20024e-12,0,0,0,0,0,0,0,0,0,0.905991,4.28366e-09,0,0,0,0,0,0,0,0,0,0,0,0,0,0,0,0,4.28336e-09,0.905991,
0,-0.69144,0.0214649,-0.00533319,0.00167947,0.0010576,-3.33134e-05,0,0,0.564537,-0.030456,-0.115084,0.0439135,0.011481,-0.000941505,0.000875618,0,0,-8.44322e-12,-2,-0.00619018,-0.0147895,-0.00418999,0.000111551,7.08288e-06,0,0,0.0342356,0.745873,0.038235,0.0804206,-0.0209441,-0.0268012,0.0252861,0,0,6.93889e-12,-0.459734,0.0799908,0.00914037,0.00492137,0.00248591,-7.26896e-05,0,0,-0.11621,-0.0200802,0.607632,0.00205191,0.0097591,0.00602364,-0.0010018,0,0,0,-2,0.00415619,0.0520921,0.00488409,-0.000816265,-3.80845e-05,0,0,0.0473296,-0.0970826,0.0107843,0.65926,0.00574541,0.0435191,0.00973206,0,0,1.73472e-11,1.06367,0.0329803,0.0155728,-0.0491801,-0.0327475,0.000703227,0,0,0.134185,0.0470217,0.106799,0.122465,0.413603,-0.0265463,0.00950076,0,0,6.93889e-12,-0.132939,0.00778069,-0.0403846,-0.0393904,0.0463639,0.000930296,0,0,0.0243389,-0.00838914,0.0830331,0.541313,-0.0322276,0.426769,-0.00598673,0,0,5.20417e-12,-0.257382,0.00340781,0.00157804,0.00182138,0.00325252,0.00180622,0,0,-0.0200266,-0.0111307,-0.0282714,0.00402876,0.0136313,-0.00797938,0.0683103,0,0,0,0,0,1.20024e-12,0,0,-1.20024e-12,-1.20024e-12,0,0,0,0,0,0,0,0,0.905991,-4.51471e-09,0,1.20024e-12,2.40048e-12,-2.40048e-12,0,0,2.40048e-12,-1.20024e-12,0,0,0,0,0,0,0,0,-4.51411e-09,0.905991,
-4.33681e-12,-0.692386,0.0214915,-0.00534661,0.00167926,0.00105822,-3.39895e-05,0,0,0.564594,-0.030498,-0.115175,0.0439974,0.0114777,-0.000956516,0.000881296,0,0,9.82558e-12,-2,-0.00619819,-0.0147988,-0.00419339,0.00011388,6.9013e-06,0,0,0.034258,0.745905,0.0382688,0.0804623,-0.0209537,-0.026824,0.0252852,0,0,-1.73472e-11,-0.460621,0.0799854,0.00912853,0.0049223,0.00248621,-7.38191e-05,0,0,-0.116303,-0.020119,0.607808,0.00210321,0.00977892,0.00601022,-0.00099762,0,0,0,-2,0.00414676,0.0521058,0.0048828,-0.000816132,-3.7656e-05,0,0,0.0474125,-0.0971454,0.0108438,0.659292,0.00573307,0.043497,0.00973975,0,0,-1.04083e-11,1.0639,0.0329513,0.0155928,-0.0491786,-0.0327548,0.000694062,0,0,0.134196,0.0470325,0.10703,0.122427,0.413653,-0.0265369,0.00948989,0,0,2.08167e-11,-0.130715,0.00779573,-0.0403564,-0.0393951,0.0464093,0.00093065,0,0,0.0242534,-0.00829204,0.0829485,0.541231,-0.0322165,0.426795,-0.00599772,0,0,-1.04083e-11,-0.25746,0.00340954,0.00157536,0.00181978,0.00325127,0.00180658,0,0,-0.0200133,-0.0111341,-0.0282686,0.00403777,0.0136211,-0.00798219,0.0683112,0,0,0,0,0,1.20024e-12,0,0,0,0,0,0,0,0,0,0,0,0,0.905991,-4.60022e-09,0,0,0,-1.20024e-12,0,0,0,0,0,0,0,0,0,0,0,0,-4.60112e-09,0.905991,
3.37016e-07,-0.693334,0.0215178,-0.00536035,0.00167869,0.00105921,-3.33164e-05,0,0,0.564651,-0.0305399,-0.115266,0.0440814,0.0114743,-0.000971552,0.000886983,0,0,9.34042e-08,-2,-0.00620644,-0.0148083,-0.00419684,0.00011634,7.09255e-06,0,0,0.0342803,0.745938,0.0383027,0.080504,-0.0209634,-0.0268468,0.0252843,0,0,5.73524e-07,-0.461511,0.079979,0.00911616,0.00492256,0.0024871,-7.26561e-05,0,0,-0.116397,-0.020158,0.607984,0.00215465,0.00979872,0.00599675,-0.000993426,0,0,-1.86531e-07,-2,0.00413757,0.0521197,0.00488171,-0.000816137,-3.79752e-05,0,0,0.0474955,-0.0972082,0.0109034,0.659325,0.00572071,0.0434749,0.00974745,0,0,4.40898e-06,1.06412,0.0329132,0.0156086,-0.0491811,-0.0327576,0.000702557,0,0,0.134206,0.0470433,0.107261,0.12239,0.413703,-0.0265276,0.00947903,0,0,-7.02299e-07,-0.128488,0.00781219,-0.0403274,-0.039399,0.0464545,0.000928149,0,0,0.0241677,-0.00819498,0.0828637,0.54115,-0.0322055,0.426822,-0.0060087,0,0,-6.6662e-08,-0.257537,0.00341142,0.00157276,0.0018182,0.00324991,0.00180667,0,0,-0.0199999,-0.0111375,-0.0282659,0.00404677,0.013611,-0.007985,0.0683122,0,0,1.20024e-12,0,0,0,1.20024e-12,0,1.20024e-12,0,0,0,0,0,0,0,0,0,0.905991,-4.53871e-09,-1.20024e-12,0,0,0,-1.20024e-12,0,-1.20024e-12,0,0,0,0,0,0,0,0,0,-4.53901e-09,0.905991,
1.73472e-12,-0.694282,0.0215446,-0.0053744,0.00167783,0.00106019,-3.33187e-05,0,0,0.564709,-0.0305819,-0.115357,0.0441656,0.0114709,-0.000986613,0.000892678,0,0,-3.91668e-12,-2,-0.00621463,-0.0148178,-0.00420042,0.000118778,7.09475e-06,0,0,0.0343027,0.745971,0.0383365,0.0805457,-0.020973,-0.0268696,0.0252834,0,0,3.46945e-12,-0.462402,0.0799733,0.00910326,0.00492236,0.00248798,-7.26388e-05,0,0,-0.11649,-0.020197,0.608161,0.00220623,0.00981849,0.00598325,-0.000989221,0,0,-1.38778e-11,-2,0.0041281,0.052134,0.00488077,-0.0008162,-3.79202e-05,0,0,0.0475787,-0.0972711,0.0109631,0.659357,0.00570835,0.0434527,0.00975516,0,0,1.73472e-11,1.06436,0.0328794,0.0156199,-0.0491879,-0.0327604,0.000702208,0,0,0.134217,0.047054,0.107491,0.122353,0.413753,-0.0265182,0.00946818,0,0,4.16334e-11,-0.126265,0.007828,-0.0402977,-0.0394022,0.0465001,0.000927059,0,0,0.0240819,-0.00809797,0.0827786,0.541068,-0.0321944,0.426848,-0.00601968,0,0,0,-0.257614,0.00341325,0.00157022,0.00181666,0.00324854,0.00180689,0,0,-0.0199865,-0.011141,-0.0282631,0.00405576,0.0136008,-0.00798781,0.0683131,0,0,0,2.40048e-12,1.20024e-12,0,-1.20024e-12,0,-2.40048e-12,0,0,0,0,0,0,0,0,0,0.905991,-4.35507e-09,0,0,-1.20024e-12,-1.20024e-12,-1.20024e-12,1.20024e-12,-1.20024e-12,0,0,0,0,0,0,0,0,0,-4.35477e-09,0.905991,
3.36726e-07,-0.695231,0.0215712,-0.0053881,0.00167701,0.00106116,-3.39954e-05,0,0,0.564766,-0.030624,-0.115448,0.04425,0.0114675,-0.0010017,0.00089838,0,0,9.3387e-08,-2,-0.00622292,-0.0148271,-0.00420402,0.000121188,6.90859e-06,0,0,0.034325,0.746003,0.0383703,0.0805873,-0.0209827,-0.0268924,0.0252825,0,0,5.73822e-07,-0.463295,0.079967,0.00909094,0.00492227,0.00248883,-7.3768e-05,0,0,-0.116584,-0.0202361,0.608336,0.00225795,0.00983824,0.0059697,-0.000985005,0,0,-1.8642e-07,-2,0.00411876,0.0521481,0.00487981,-0.000816321,-3.74911e-05,0,0,0.047662,-0.097334,0.011023,0.659389,0.00569598,0.0434306,0.00976286,0,0,4.4109e-06,1.06459,0.032841,0.0156357,-0.0491944,-0.0327632,0.00069301,0,0,0.134228,0.0470648,0.107722,0.122315,0.413803,-0.0265088,0.00945733,0,0,-7.02195e-07,-0.124042,0.00784456,-0.0402685,-0.0394054,0.046546,0.00092739,0,0,0.023996,-0.00800099,0.0826932,0.540987,-0.0321833,0.426875,-0.00603067,0,0,-6.65605e-08,-0.25769,0.00341515,0.00156762,0.0018151,0.00324717,0.00180725,0,0,-0.019973,-0.0111444,-0.0282603,0.00406473,0.0135907,-0.00799062,0.0683141,0,0,0,2.40048e-12,2.40048e-12,2.40048e-12,2.40048e-12,2.40048e-12,1.20024e-12,0,0,0,0,0,0,0,0,0,0.905991,4.09222e-09,0,1.20024e-12,1.20024e-12,0,0,0,0,0,0,0,0,0,0,0,0,0,4.09222e-09,0.905991,
-5.20417e-12,-0.696181,0.0215982,-0.00540182,0.0016769,0.00106211,-3.3326e-05,0,0,0.564824,-0.030666,-0.115539,0.0443345,0.0114641,-0.00101681,0.00090409,0,0,-7.16929e-12,-2,-0.00623112,-0.0148363,-0.00420747,0.000123577,7.09504e-06,0,0,0.0343473,0.746036,0.0384042,0.0806289,-0.0209924,-0.0269152,0.0252816,0,0,-1.04083e-11,-0.464191,0.0799613,0.0090786,0.0049234,0.00248967,-7.2601e-05,0,0,-0.116678,-0.0202753,0.608512,0.00230981,0.00985797,0.00595611,-0.000980778,0,0,1.38778e-11,-2,0.0041092,0.0521622,0.00487845,-0.000816482,-3.78067e-05,0,0,0.0477455,-0.0973969,0.011083,0.659422,0.0056836,0.0434085,0.00977058,0,0,-3.81639e-11,1.06481,0.032807,0.0156516,-0.0491921,-0.032766,0.000701434,0,0,0.134238,0.0470755,0.107952,0.122278,0.413853,-0.0264995,0.00944649,0,0,-2.08167e-11,-0.121819,0.00786048,-0.0402393,-0.03941,0.0465922,0.000924927,0,0,0.0239099,-0.00790404,0.0826075,0.540905,-0.0321722,0.426901,-0.00604164,0,0,5.20417e-12,-0.257767,0.00341699,0.00156502,0.0018134,0.00324581,0.00180736,0,0,-0.0199596,-0.0111478,-0.0282576,0.0040737,0.0135805,-0.00799342,0.068315,0,0,0,-1.20024e-12,-1.20024e-12,0,-2.40048e-12,-1.20024e-12,-2.40048e-12,0,0,0,0,0,0,0,0,0,0.905991,3.9701e-09,0,-1.20024e-12,1.20024e-12,0,-2.40048e-12,-1.20024e-12,-1.20024e-12,0,0,0,0,0,0,0,0,0,3.9701e-09,0.905991,
-4.33681e-12,-0.697132,0.0216255,-0.00541557,0.00167646,0.00106305,-3.40031e-05,0,0,0.564882,-0.0307082,-0.11563,0.0444192,0.0114607,-0.00103195,0.000909808,0,0,-7.72494e-13,-2,-0.00623922,-0.0148456,-0.00421102,0.000125957,6.90754e-06,0,0,0.0343696,0.746069,0.0384381,0.0806705,-0.021002,-0.0269379,0.0252806,0,0,-1.38778e-11,-0.465088,0.0799562,0.00906621,0.00492398,0.00249051,-7.37295e-05,0,0,-0.116772,-0.0203146,0.608688,0.00236182,0.00987768,0.00594248,-0.00097654,0,0,0,-2,0.0040994,0.0521764,0.00487728,-0.000816662,-3.73766e-05,0,0,0.0478291,-0.0974598,0.0111432,0.659454,0.00567121,0.0433863,0.0097783,0,0,-1.04083e-11,1.06504,0.0327773,0.0156674,-0.049194,-0.0327689,0.0006922,0,0,0.134249,0.0470862,0.108183,0.122241,0.413903,-0.0264901,0.00943565,0,0,-2.08167e-11,-0.119598,0.00787577,-0.04021,-0.0394138,0.0466384,0.000925281,0,0,0.0238236,-0.00780713,0.0825216,0.540823,-0.0321611,0.426928,-0.00605262,0,0,-1.64799e-11,-0.257843,0.00341876,0.00156242,0.00181176,0.00324445,0.00180773,0,0,-0.0199461,-0.0111512,-0.0282548,0.00408266,0.0135704,-0.00799623,0.068316,0,0,0,0,1.20024e-12,1.20024e-12,0,1.20024e-12,0,0,0,0,0,0,0,0,0,0,0.905991,3.95209e-09,0,-1.20024e-12,0,0,0,1.20024e-12,1.20024e-12,0,0,0,0,0,0,0,0,0,3.95269e-09,0.905991,
0,-0.698083,0.0216523,-0.00542956,0.00167636,0.00106385,-3.36798e-05,0,0,0.56494,-0.0307503,-0.115721,0.044504,0.0114572,-0.00104711,0.000915534,0,0,-4.3097e-12,-2,-0.00624728,-0.0148544,-0.00421486,0.000128098,6.98674e-06,0,0,0.0343919,0.746102,0.038472,0.080712,-0.0210117,-0.0269606,0.0252797,0,0,0,-0.465987,0.0799504,0.00905323,0.00492549,0.00249122,-7.31258e-05,0,0,-0.116866,-0.020354,0.608863,0.00241397,0.00989738,0.0059288,-0.00097229,0,0,-1.38778e-11,-2,0.00408986,0.0521908,0.00487589,-0.000817342,-3.74935e-05,0,0,0.0479128,-0.0975227,0.0112035,0.659487,0.00565881,0.0433642,0.00978603,0,0,1.73472e-11,1.06527,0.0327432,0.0156788,-0.0491959,-0.0327717,0.000695933,0,0,0.134259,0.0470968,0.108413,0.122203,0.413953,-0.0264808,0.00942481,0,0,2.08167e-11,-0.117379,0.00789185,-0.0401799,-0.0394178,0.0466855,0.000923705,0,0,0.0237373,-0.00771026,0.0824353,0.540742,-0.03215,0.426954,-0.00606359,0,0,-2.08167e-11,-0.25792,0.00342059,0.0015599,0.00181015,0.0032431,0.00180794,0,0,-0.0199327,-0.0111546,-0.028252,0.00409161,0.0135602,-0.00799904,0.0683169,0,0,0,-3.60072e-12,-1.20024e-12,1.20024e-12,3.60072e-12,3.60072e-12,0,0,0,0,0,0,0,0,0,0,0.905991,4.02441e-09,0,-3.60072e-12,-2.40048e-12,2.40048e-12,3.60072e-12,3.60072e-12,0,0,0,0,0,0,0,0,0,0,4.02411e-09,0.905991,
3.3615e-07,-0.699037,0.0216791,-0.00544267,0.00167621,0.00106464,-3.36925e-05,0,0,0.564999,-0.0307925,-0.115813,0.044589,0.0114538,-0.00106231,0.000921268,0,0,9.33855e-08,-2,-0.00625518,-0.014863,-0.00421868,0.000130244,6.97421e-06,0,0,0.0344142,0.746136,0.0385059,0.0807536,-0.0210215,-0.0269833,0.0252788,0,0,5.74422e-07,-0.466889,0.0799451,0.00904179,0.00492695,0.00249193,-7.30964e-05,0,0,-0.11696,-0.0203934,0.609038,0.00246627,0.00991707,0.00591508,-0.000968028,0,0,-1.86171e-07,-2,0.00408019,0.0522046,0.00487451,-0.000818,-3.7424e-05,0,0,0.0479967,-0.0975856,0.0112639,0.659519,0.00564639,0.043342,0.00979376,0,0,4.41476e-06,1.06549,0.0327137,0.0157034,-0.049198,-0.0327746,0.000695257,0,0,0.13427,0.0471075,0.108643,0.122166,0.414002,-0.0264714,0.00941398,0,0,-7.02154e-07,-0.115159,0.00790733,-0.0401516,-0.0394218,0.0467321,0.000922848,0,0,0.0236507,-0.00761347,0.0823488,0.54066,-0.0321389,0.426981,-0.00607456,0,0,-6.63367e-08,-0.257995,0.00342232,0.00155718,0.0018086,0.00324178,0.00180823,0,0,-0.0199192,-0.011158,-0.0282491,0.00410053,0.0135501,-0.00800185,0.0683178,0,0,1.20024e-12,1.20024e-12,1.20024e-12,0,1.20024e-12,-1.20024e-12,0,-5.76116e-11,0,0,0,0,0,0,0,0,0.905991,4.18824e-09,0,1.20024e-12,1.20024e-12,1.20024e-12,1.20024e-12,-1.20024e-12,1.20024e-12,0,0,0,0,0,0,0,0,0,4.18914e-09,0.905991,
3.36003e-07,-0.69999,0.0217053,-0.00545703,0.00167562,0.0010656,-3.36944e-05,0,0,0.565057,-0.0308347,-0.115904,0.0446741,0.0114503,-0.00107752,0.00092701,0,0,9.33835e-08,-2,-0.00626342,-0.0148725,-0.00422216,0.000132685,6.97808e-06,0,0,0.0344364,0.746169,0.0385398,0.0807951,-0.0210312,-0.0270059,0.0252779,0,0,5.74575e-07,-0.467792,0.0799387,0.00902844,0.00492725,0.00249281,-7.3079e-05,0,0,-0.117054,-0.020433,0.609213,0.00251871,0.00993672,0.00590131,-0.000963756,0,0,-1.86087e-07,-2,0.00407078,0.0522185,0.00487338,-0.000818051,-3.73685e-05,0,0,0.0480807,-0.0976485,0.0113245,0.659551,0.00563397,0.0433198,0.0098015,0,0,4.41572e-06,1.06571,0.0326754,0.0157148,-0.0492003,-0.0327775,0.000694899,0,0,0.13428,0.047118,0.108873,0.122129,0.414052,-0.0264621,0.00940316,0,0,-7.02161e-07,-0.112942,0.00792429,-0.0401211,-0.0394257,0.0467774,0.000921789,0,0,0.0235641,-0.00751674,0.0822621,0.540579,-0.0321278,0.427007,-0.00608552,0,0,-6.62907e-08,-0.258071,0.00342417,0.00155462,0.00180705,0.00324045,0.00180846,0,0,-0.0199056,-0.0111614,-0.0282463,0.00410945,0.01354,-0.00800466,0.0683188,0,0,0,1.20024e-12,0,-1.20024e-12,0,1.20024e-12,0,0,0,0,0,0,0,0,0,0,0.905991,-4.4646e-09,0,1.20024e-12,0,-1.20024e-12,0,-2.40048e-12,0,0,0,0,0,0,0,0,0,0,-4.4646e-09,0.905991,
-3.35853e-07,-0.700944,0.0217318,-0.00547104,0.00167467,0.00106693,-3.36958e-05,0,0,0.565116,-0.030877,-0.115996,0.0447594,0.0114468,-0.00109276,0.000932761,0,0,-9.33896e-08,-2,-0.00627172,-0.0148818,-0.00422569,0.00013526,6.98128e-06,0,0,0.0344586,0.746202,0.0385737,0.0808365,-0.0210409,-0.0270286,0.025277,0,0,-5.74703e-07,-0.468697,0.0799323,0.00901572,0.00492687,0.00249428,-7.30626e-05,0,0,-0.117148,-0.0204726,0.609388,0.00257129,0.00995635,0.0058875,-0.000959472,0,0,1.86032e-07,-2,0.00406122,0.0522324,0.00487244,-0.000818236,-3.73146e-05,0,0,0.0481648,-0.0977115,0.0113852,0.659584,0.00562154,0.0432976,0.00980925,0,0,-4.41659e-06,1.06594,0.0326369,0.0157307,-0.0492067,-0.0327759,0.000694569,0,0,0.13429,0.0471286,0.109103,0.122092,0.414101,-0.0264528,0.00939235,0,0,7.02119e-07,-0.110726,0.00794127,-0.0400913,-0.0394288,0.0468224,0.000920683,0,0,0.0234773,-0.00742006,0.082175,0.540497,-0.0321168,0.427034,-0.00609647,0,0,6.62083e-08,-0.258147,0.00342603,0.00155199,0.00180552,0.00323901,0.00180868,0,0,-0.0198921,-0.0111647,-0.0282435,0.00411835,0.0135299,-0.00800746,0.0683197,0,0,0,1.20024e-12,1.20024e-12,0,-1.20024e-12,-1.20024e-12,2.40048e-12,0,0,0,0,0,0,0,0,0,0.905991,-4.60262e-09,0,-1.20024e-12,1.20024e-12,0,1.20024e-12,2.40048e-12,-1.20024e-12,0,0,0,0,0,0,0,0,0,-4.60262e-09,0.905991,
-6.93889e-12,-0.7019,0.0217592,-0.00548503,0.00167444,0.00106791,-3.4034e-05,0,0,0.565175,-0.0309193,-0.116087,0.0448449,0.0114433,-0.00110803,0.000938519,0,0,-5.42101e-12,-2,-0.00627986,-0.0148911,-0.00422906,0.000137722,6.88882e-06,0,0,0.0344808,0.746236,0.0386076,0.080878,-0.0210507,-0.0270512,0.0252761,0,0,-1.73472e-11,-0.469604,0.0799272,0.00900304,0.00492775,0.00249517,-7.36199e-05,0,0,-0.117242,-0.0205123,0.609563,0.00262401,0.00997596,0.00587365,-0.000955177,0,0,1.38778e-11,-2,0.0040512,0.0522463,0.00487109,-0.00081829,-3.70737e-05,0,0,0.0482491,-0.0977745,0.011446,0.659616,0.0056091,0.0432755,0.009817,0,0,-1.21431e-11,1.06616,0.032607,0.0157467,-0.049204,-0.0327786,0.000689797,0,0,0.1343,0.0471392,0.109333,0.122056,0.414151,-0.0264435,0.00938154,0,0,-4.16334e-11,-0.108512,0.00795689,-0.0400614,-0.0394333,0.0468685,0.000920284,0,0,0.0233904,-0.00732344,0.0820877,0.540416,-0.0321057,0.42706,-0.00610743,0,0,-1.73472e-12,-0.258222,0.00342778,0.00154936,0.00180382,0.00323762,0.00180896,0,0,-0.0198785,-0.0111681,-0.0282406,0.00412724,0.0135198,-0.00801027,0.0683207,0,0,0,-1.20024e-12,0,1.20024e-12,-1.20024e-12,0,1.20024e-12,0,0,0,0,0,0,0,0,0,0.905991,-4.58972e-09,0,3.60072e-12,0,-2.40048e-12,2.40048e-12,0,-2.40048e-12,0,0,0,0,0,0,0,0,0,-4.58852e-09,0.905991,
-5.20417e-12,-0.702855,0.0217864,-0.00549867,0.00167425,0.00106888,-3.37017e-05,0,0,0.565234,-0.0309616,-0.116179,0.0449305,0.0114397,-0.00112332,0.000944285,0,0,-1.15196e-12,-2,-0.0062881,-0.0149003,-0.00423247,0.000140157,6.98151e-06,0,0,0.034503,0.74627,0.0386416,0.0809194,-0.0210604,-0.0270738,0.0252752,0,0,-1.38778e-11,-0.470513,0.0799215,0.00899094,0.00492873,0.00249604,-7.30265e-05,0,0,-0.117337,-0.0205521,0.609738,0.00267688,0.00999554,0.00585976,-0.00095087,0,0,0,-2,0.00404131,0.0522602,0.00486973,-0.0008184,-3.72036e-05,0,0,0.0483335,-0.0978374,0.011507,0.659649,0.00559665,0.0432533,0.00982476,0,0,3.1225e-11,1.06638,0.0325725,0.0157671,-0.0492012,-0.0327813,0.000693831,0,0,0.13431,0.0471497,0.109563,0.122019,0.4142,-0.0264341,0.00937074,0,0,2.08167e-11,-0.106298,0.00797327,-0.0400321,-0.0394377,0.0469149,0.000918495,0,0,0.0233033,-0.00722685,0.0820001,0.540334,-0.0320946,0.427087,-0.00611838,0,0,-1.73472e-12,-0.258297,0.0034296,0.00154667,0.00180212,0.00323623,0.00180913,0,0,-0.019865,-0.0111714,-0.0282378,0.00413613,0.0135097,-0.00801307,0.0683216,0,0,0,1.20024e-12,2.40048e-12,0,-1.20024e-12,0,-1.20024e-12,0,0,0,0,0,0,0,0,0,0.905991,-4.44029e-09,0,-1.20024e-12,0,0,1.20024e-12,0,1.20024e-12,0,0,0,0,0,0,0,0,0,-4.43969e-09,0.905991,
-8.67362e-13,-0.703812,0.0218137,-0.00551333,0.00167341,0.0010695,-3.37057e-05,0,0,0.565293,-0.031004,-0.116271,0.0450162,0.0114361,-0.00113863,0.000950059,0,0,1.87025e-12,-2,-0.00629635,-0.0149096,-0.00423608,0.000142483,6.98006e-06,0,0,0.0345252,0.746303,0.0386756,0.0809608,-0.0210702,-0.0270964,0.0252743,0,0,-3.46945e-12,-0.471424,0.0799159,0.0089771,0.00492862,0.00249631,-7.30073e-05,0,0,-0.117431,-0.020592,0.609912,0.00272989,0.0100151,0.00584582,-0.000946553,0,0,1.38778e-11,-2,0.00403136,0.0522746,0.00486872,-0.000818356,-3.71468e-05,0,0,0.0484181,-0.0979004,0.0115681,0.659681,0.00558419,0.043231,0.00983252,0,0,8.67362e-12,1.06661,0.032538,0.0157742,-0.049207,-0.0327885,0.000693433,0,0,0.13432,0.0471602,0.109793,0.121982,0.41425,-0.0264248,0.00935994,0,0,0,-0.104086,0.00798972,-0.0400006,-0.0394408,0.0469623,0.00091742,0,0,0.0232161,-0.0071303,0.0819122,0.540253,-0.0320835,0.427114,-0.00612933,0,0,-1.04083e-11,-0.258372,0.00343143,0.00154418,0.00180053,0.00323491,0.00180936,0,0,-0.0198514,-0.0111748,-0.0282349,0.004145,0.0134995,-0.00801588,0.0683225,0,0,0,0,0,0,0,0,0,0,0,0,0,0,0,0,0,0,0.905991,4.19634e-09,0,0,0,0,0,0,0,0,0,0,0,0,0,0,0,0,4.19604e-09,0.905991,
-3.35266e-07,-0.704769,0.0218411,-0.00552689,0.00167293,0.00107064,-3.37189e-05,0,0,0.565353,-0.0310464,-0.116363,0.0451021,0.0114326,-0.00115397,0.000955841,0,0,-9.33554e-08,-2,-0.00630436,-0.0149182,-0.00423999,0.000144747,6.96469e-06,0,0,0.0345473,0.746337,0.0387095,0.0810021,-0.02108,-0.0271189,0.0252734,0,0,-5.75293e-07,-0.472337,0.0799108,0.00896497,0.00492948,0.00249761,-7.29777e-05,0,0,-0.117526,-0.020632,0.610086,0.00278305,0.0100346,0.00583184,-0.000942223,0,0,1.85782e-07,-2,0.0040213,0.0522886,0.00486749,-0.000819204,-3.70777e-05,0,0,0.0485028,-0.0979635,0.0116293,0.659713,0.00557171,0.0432088,0.0098403,0,0,-4.42034e-06,1.06683,0.0325079,0.0157946,-0.0492128,-0.0327869,0.000692754,0,0,0.13433,0.0471706,0.110022,0.121945,0.414299,-0.0264155,0.00934915,0,0,7.02063e-07,-0.101875,0.00800554,-0.0399711,-0.0394439,0.0470092,0.000916529,0,0,0.0231287,-0.0070338,0.081824,0.540172,-0.0320724,0.42714,-0.00614027,0,0,6.59993e-08,-0.258447,0.00343318,0.00154151,0.00179897,0.00323348,0.00180964,0,0,-0.0198378,-0.0111781,-0.0282321,0.00415386,0.0134894,-0.00801868,0.0683235,0,0,0,0,0,0,0,0,1.20024e-12,0,0,0,0,0,0,0,0,0,0.905991,4.09672e-09,0,-1.20024e-12,-1.20024e-12,0,0,0,-1.20024e-12,0,0,0,0,0,0,0,0,0,4.09642e-09,0.905991,
-8.67362e-13,-0.705728,0.0218674,-0.00554103,0.0016724,0.00107125,-3.37228e-05,0,0,0.565412,-0.0310889,-0.116455,0.0451882,0.011429,-0.00116934,0.000961631,0,0,3.78116e-12,-2,-0.00631274,-0.0149274,-0.00424351,0.000147064,6.96463e-06,0,0,0.0345694,0.746372,0.0387435,0.0810435,-0.0210898,-0.0271415,0.0252725,0,0,-6.93889e-12,-0.473253,0.0799039,0.00895205,0.00492992,0.00249788,-7.29582e-05,0,0,-0.11762,-0.020672,0.610261,0.00283636,0.0100542,0.00581781,-0.000937882,0,0,-2.77556e-11,-2,0.00401175,0.0523024,0.00486629,-0.000819163,-3.70203e-05,0,0,0.0485876,-0.0980265,0.0116907,0.659746,0.00555923,0.0431866,0.00984807,0,0,2.08167e-11,1.06705,0.0324646,0.0158106,-0.0492144,-0.0327942,0.000692346,0,0,0.134339,0.0471811,0.110252,0.121909,0.414349,-0.0264062,0.00933836,0,0,2.77556e-11,-0.0996645,0.00802357,-0.0399407,-0.0394478,0.0470561,0.000915483,0,0,0.0230412,-0.00693737,0.0817356,0.54009,-0.0320613,0.427167,-0.00615121,0,0,9.54098e-12,-0.258521,0.00343511,0.00153888,0.00179737,0.0032322,0.00180987,0,0,-0.0198241,-0.0111814,-0.0282292,0.0041627,0.0134793,-0.00802148,0.0683244,0,0,0,0,0,0,-1.20024e-12,0,-1.20024e-12,0,0,0,0,0,0,0,0,0,0.905991,4.10572e-09,0,0,0,0,0,0,0,0,0,0,0,0,0,0,0,0,4.10602e-09,0.905991,
1.73472e-12,-0.706687,0.0218945,-0.0055552,0.00167182,0.00107255,-3.40608e-05,0,0,0.565472,-0.0311314,-0.116547,0.0452744,0.0114253,-0.00118473,0.000967429,0,0,3.25261e-13,-2,-0.00632098,-0.0149366,-0.00424699,0.000149609,6.87162e-06,0,0,0.0345915,0.746406,0.0387775,0.0810848,-0.0210996,-0.027164,0.0252716,0,0,6.93889e-12,-0.474169,0.0798982,0.00893911,0.00493024,0.00249933,-7.35156e-05,0,0,-0.117715,-0.0207122,0.610434,0.00288981,0.0100737,0.00580374,-0.00093353,0,0,0,-2,0.00400172,0.0523163,0.00486511,-0.000819427,-3.67789e-05,0,0,0.0486726,-0.0980895,0.0117522,0.659778,0.00554674,0.0431643,0.00985586,0,0,1.04083e-11,1.06727,0.0324301,0.0158267,-0.0492158,-0.0327926,0.000687549,0,0,0.134349,0.0471915,0.110482,0.121872,0.414398,-0.0263969,0.00932758,0,0,-1.38778e-11,-0.0974565,0.00804024,-0.0399102,-0.0394515,0.0471018,0.0009151,0,0,0.0229536,-0.00684098,0.0816468,0.540009,-0.0320502,0.427194,-0.00616215,0,0,1.04083e-11,-0.258596,0.0034369,0.00153624,0.00179575,0.00323076,0.00181017,0,0,-0.0198105,-0.0111848,-0.0282263,0.00417154,0.0134693,-0.00802429,0.0683254,0,0,0,-1.20024e-12,-1.20024e-12,0,0,0,-1.20024e-12,5.76116e-11,0,0,0,0,0,0,0,0,0.905991,4.21555e-09,0,0,0,0,-1.20024e-12,0,1.20024e-12,0,0,0,0,0,0,0,0,0,4.21525e-09,0.905991,
3.34823e-07,-0.707646,0.0219225,-0.0055697,0.0016716,0.00107319,-3.33945e-05,0,0,0.565532,-0.0311739,-0.116639,0.0453608,0.0114217,-0.00120015,0.000973235,0,0,9.33723e-08,-2,-0.00632906,-0.0149459,-0.00425038,0.000151966,7.05735e-06,0,0,0.0346136,0.74644,0.0388115,0.081126,-0.0211094,-0.0271865,0.0252706,0,0,5.7573e-07,-0.475088,0.0798938,0.0089256,0.00493116,0.00249963,-7.23457e-05,0,0,-0.11781,-0.0207524,0.610608,0.00294341,0.0100931,0.00578963,-0.000929166,0,0,-1.8556e-07,-2,0.00399124,0.0523304,0.00486373,-0.000819339,-3.70941e-05,0,0,0.0487577,-0.0981526,0.0118138,0.65981,0.00553423,0.0431421,0.00986365,0,0,4.42312e-06,1.0675,0.0324043,0.0158383,-0.0492127,-0.0327998,0.00069601,0,0,0.134359,0.0472018,0.110711,0.121836,0.414447,-0.0263876,0.00931681,0,0,-7.02001e-07,-0.0952496,0.00805555,-0.039879,-0.0394559,0.0471491,0.000912606,0,0,0.0228658,-0.00674463,0.0815578,0.539928,-0.0320391,0.42722,-0.00617308,0,0,-6.58232e-08,-0.25867,0.00343858,0.00153366,0.00179404,0.00322944,0.00181026,0,0,-0.0197968,-0.0111881,-0.0282234,0.00418036,0.0134592,-0.00802709,0.0683263,0,0,0,-1.20024e-12,0,0,0,0,0,0,0,0,0,0,0,0,0,0,0.905991,-4.43249e-09,0,2.40048e-12,1.20024e-12,-1.20024e-12,-1.20024e-12,-1.20024e-12,-1.20024e-12,0,0,0,0,0,0,0,0,0,-4.43219e-09,0.905991,
-4.33681e-12,-0.708608,0.0219493,-0.00558342,0.00167139,0.001074,-3.4077e-05,0,0,0.565592,-0.0312165,-0.116732,0.0454473,0.011418,-0.0012156,0.000979049,0,0,9.56808e-12,-2,-0.00633727,-0.0149544,-0.00425417,0.000154167,6.85503e-06,0,0,0.0346357,0.746474,0.0388456,0.0811673,-0.0211192,-0.027209,0.0252697,0,0,-1.73472e-11,-0.476009,0.0798875,0.00891326,0.0049325,0.00250037,-7.34682e-05,0,0,-0.117905,-0.0207927,0.610782,0.00299716,0.0101126,0.00577547,-0.000924791,0,0,0,-2,0.00398137,0.0523443,0.00486231,-0.000819968,-3.66546e-05,0,0,0.0488429,-0.0982156,0.0118756,0.659842,0.00552172,0.0431198,0.00987144,0,0,-1.73472e-11,1.06771,0.0323651,0.0158588,-0.0492138,-0.0328025,0.000686494,0,0,0.134368,0.0472122,0.11094,0.121799,0.414496,-0.0263783,0.00930604,0,0,-2.08167e-11,-0.0930427,0.00807306,-0.039849,-0.0394597,0.0471969,0.000913103,0,0,0.0227779,-0.00664835,0.0814686,0.539846,-0.032028,0.427247,-0.00618401,0,0,-6.93889e-12,-0.258744,0.00344045,0.00153098,0.00179241,0.00322806,0.00181067,0,0,-0.0197831,-0.0111914,-0.0282205,0.00418917,0.0134491,-0.00802989,0.0683272,0,0,0,0,0,0,1.20024e-12,-1.20024e-12,0,0,0,0,0,0,0,0,0,0,0.905991,-4.51201e-09,0,0,0,0,2.40048e-12,-2.40048e-12,0,0,0,0,0,0,0,0,0,0,-4.51231e-09,0.905991,
-3.34535e-07,-0.709569,0.0219764,-0.00559804,0.00167082,0.00107529,-3.40806e-05,0,0,0.565652,-0.031259,-0.116824,0.045534,0.0114144,-0.00123107,0.000984872,0,0,-9.3356e-08,-2,-0.00634549,-0.0149637,-0.00425768,0.000156694,6.85459e-06,0,0,0.0346577,0.746509,0.0388796,0.0812085,-0.0211291,-0.0272314,0.0252688,0,0,-5.76036e-07,-0.476932,0.0798818,0.00889958,0.00493287,0.00250181,-7.3449e-05,0,0,-0.118,-0.0208332,0.610955,0.00305106,0.0101321,0.00576127,-0.000920404,0,0,1.85463e-07,-2,0.00397125,0.0523583,0.0048611,-0.000820274,-3.65977e-05,0,0,0.0489283,-0.0982787,0.0119375,0.659875,0.00550919,0.0430976,0.00987925,0,0,-4.42502e-06,1.06794,0.0323305,0.0158705,-0.0492151,-0.0328009,0.000686091,0,0,0.134377,0.0472225,0.11117,0.121763,0.414545,-0.0263691,0.00929527,0,0,7.01932e-07,-0.0908387,0.00808994,-0.0398175,-0.0394635,0.0472426,0.000912043,0,0,0.0226899,-0.00655213,0.081379,0.539765,-0.0320169,0.427274,-0.00619493,0,0,6.57261e-08,-0.258818,0.00344223,0.0015284,0.00179081,0.00322663,0.00181091,0,0,-0.0197694,-0.0111946,-0.0282176,0.00419797,0.013439,-0.00803269,0.0683282,0,0,1.20024e-12,0,-2.40048e-12,1.20024e-12,-1.20024e-12,1.20024e-12,0,0,0,0,0,0,0,0,0,0,0.905991,-4.45229e-09,1.20024e-12,-1.20024e-12,0,1.20024e-12,-1.20024e-12,1.20024e-12,-1.20024e-12,0,0,0,0,0,0,0,0,0,-4.45169e-09,0.905991,
5.20417e-12,-0.710532,0.022004,-0.00561202,0.00167022,0.00107593,-3.34147e-05,0,0,0.565713,-0.0313017,-0.116917,0.0456208,0.0114107,-0.00124656,0.000990702,0,0,1.07065e-12,-2,-0.00635366,-0.0149727,-0.00426114,0.000159073,7.04112e-06,0,0,0.0346798,0.746544,0.0389137,0.0812497,-0.0211389,-0.0272539,0.0252679,0,0,1.38778e-11,-0.477858,0.0798767,0.00888704,0.00493312,0.00250212,-7.22788e-05,0,0,-0.118095,-0.0208737,0.611128,0.0031051,0.0101515,0.00574702,-0.000916005,0,0,0,-2,0.00396085,0.0523719,0.00485991,-0.000820148,-3.69131e-05,0,0,0.0490138,-0.0983418,0.0119996,0.659907,0.00549666,0.0430753,0.00988705,0,0,-8.67362e-12,1.06815,0.0323001,0.0158911,-0.0492162,-0.0328081,0.000694572,0,0,0.134387,0.0472328,0.111399,0.121727,0.414595,-0.0263598,0.00928452,0,0,6.93889e-12,-0.0886339,0.00810618,-0.0397872,-0.0394672,0.0472899,0.000909541,0,0,0.0226017,-0.00645596,0.0812892,0.539684,-0.0320058,0.427301,-0.00620585,0,0,-1.38778e-11,-0.258891,0.00344395,0.00152568,0.00178918,0.00322531,0.001811,0,0,-0.0197557,-0.0111979,-0.0282146,0.00420675,0.013429,-0.00803549,0.0683291,0,0,0,-1.20024e-12,0,0,0,0,0,0,0,0,0,0,0,0,0,0,0.905991,4.27676e-09,0,-1.20024e-12,0,0,0,2.40048e-12,3.60072e-12,-2.40048e-12,0,0,0,0,0,0,0,0,4.27676e-09,0.905991,
-8.67362e-13,-0.711495,0.0220308,-0.00562632,0.00166963,0.0010769,-3.34183e-05,0,0,0.565773,-0.0313444,-0.117009,0.0457078,0.0114069,-0.00126208,0.00099654,0,0,-8.45678e-12,-2,-0.00636214,-0.0149819,-0.00426461,0.00016154,7.03962e-06,0,0,0.0347018,0.746578,0.0389478,0.0812908,-0.0211488,-0.0272763,0.025267,0,0,3.46945e-12,-0.478785,0.07987,0.00887392,0.00493342,0.002503,-7.22601e-05,0,0,-0.118191,-0.0209143,0.611301,0.00315929,0.0101709,0.00573273,-0.000911595,0,0,1.38778e-11,-2,0.00395091,0.0523857,0.0048587,-0.000820231,-3.68573e-05,0,0,0.0490995,-0.0984049,0.0120618,0.659939,0.00548411,0.043053,0.00989487,0,0,-5.20417e-12,1.06836,0.0322564,0.0159073,-0.0492172,-0.0328109,0.000694191,0,0,0.134396,0.0472431,0.111628,0.121691,0.414644,-0.0263505,0.00927377,0,0,-4.85723e-11,-0.0864316,0.00812456,-0.0397562,-0.0394708,0.0473368,0.00090844,0,0,0.0225133,-0.00635984,0.081199,0.539602,-0.0319947,0.427327,-0.00621677,0,0,1.04083e-11,-0.258964,0.00344589,0.00152302,0.00178752,0.0032239,0.00181122,0,0,-0.019742,-0.0112012,-0.0282117,0.00421553,0.0134189,-0.00803829,0.06833,0,0,0,0,0,0,0,0,0,0,0,0,0,0,0,0,0,0,0.905991,4.23655e-09,0,0,0,0,0,0,0,0,0,0,0,0,0,0,0,0,4.23625e-09,0.905991,
-3.34095e-07,-0.712459,0.0220581,-0.00564018,0.0016694,0.00107772,-3.37656e-05,0,0,0.565834,-0.0313871,-0.117102,0.045795,0.0114032,-0.00127762,0.00100239,0,0,-9.33447e-08,-2,-0.00637029,-0.0149904,-0.00426839,0.000163759,6.93003e-06,0,0,0.0347237,0.746613,0.0389818,0.081332,-0.0211587,-0.0272987,0.0252661,0,0,-5.76483e-07,-0.479714,0.0798644,0.00886141,0.00493471,0.00250375,-7.28073e-05,0,0,-0.118286,-0.0209549,0.611474,0.00321363,0.0101902,0.0057184,-0.000907173,0,0,1.85255e-07,-2,0.00394066,0.0523996,0.00485726,-0.000820849,-3.66037e-05,0,0,0.0491853,-0.098468,0.0121242,0.659971,0.00547156,0.0430307,0.00990269,0,0,-4.42784e-06,1.06858,0.0322214,0.0159278,-0.049218,-0.0328135,0.000689096,0,0,0.134405,0.0472533,0.111857,0.121655,0.414693,-0.0263412,0.00926302,0,0,7.01918e-07,-0.0842316,0.00814163,-0.0397259,-0.0394745,0.0473848,0.000908225,0,0,0.0224249,-0.00626378,0.0811087,0.539521,-0.0319836,0.427354,-0.00622768,0,0,6.55569e-08,-0.259037,0.00344769,0.00152033,0.00178589,0.00322251,0.00181156,0,0,-0.0197282,-0.0112044,-0.0282088,0.00422429,0.0134088,-0.00804109,0.068331,0,0,0,-1.20024e-12,0,0,0,0,0,0,0,0,0,0,0,0,0,0,0.905991,-4.30887e-09,0,0,0,0,0,0,0,0,0,0,0,0,0,0,0,0,-4.30917e-09,0.905991,
-3.33952e-07,-0.713424,0.0220861,-0.00565461,0.00166847,0.00107867,-3.34355e-05,0,0,0.565895,-0.0314298,-0.117195,0.0458823,0.0113994,-0.00129319,0.00100824,0,0,-9.33491e-08,-2,-0.00637835,-0.0149995,-0.00427197,0.000166207,7.02236e-06,0,0,0.0347457,0.746648,0.0390159,0.0813731,-0.0211686,-0.027321,0.0252652,0,0,-5.76639e-07,-0.480645,0.0798599,0.00884813,0.00493446,0.00250461,-7.22115e-05,0,0,-0.118382,-0.0209957,0.611647,0.00326811,0.0102096,0.00570402,-0.000902739,0,0,1.85199e-07,-2,0.00392997,0.0524133,0.00485623,-0.000820959,-3.67322e-05,0,0,0.0492713,-0.0985311,0.0121866,0.660004,0.00545899,0.0430084,0.00991052,0,0,-4.42877e-06,1.0688,0.0321953,0.0159441,-0.0492234,-0.0328164,0.000693123,0,0,0.134414,0.0472635,0.112086,0.121618,0.414742,-0.026332,0.00925228,0,0,7.01848e-07,-0.0820323,0.00815738,-0.0396946,-0.0394775,0.0474315,0.000906453,0,0,0.0223363,-0.00616779,0.081018,0.53944,-0.0319725,0.427381,-0.00623858,0,0,6.54936e-08,-0.25911,0.00344933,0.00151767,0.00178434,0.00322114,0.00181173,0,0,-0.0197144,-0.0112077,-0.0282058,0.00423303,0.0133988,-0.00804388,0.0683319,0,0,0,0,3.60072e-12,-3.60072e-12,0,0,-3.60072e-12,0,0,0,0,0,0,0,0,0,0.905991,4.25936e-09,0,0,3.60072e-12,-3.60072e-12,0,0,-3.60072e-12,0,0,0,0,0,0,0,0,0,4.25906e-09,0.905991,
3.33795e-07,-0.714389,0.0221129,-0.00566906,0.00166817,0.00107932,-3.34387e-05,0,0,0.565956,-0.0314726,-0.117288,0.0459697,0.0113957,-0.00130879,0.0010141,0,0,9.33445e-08,-2,-0.00638683,-0.0150086,-0.00427533,0.0001686,7.02163e-06,0,0,0.0347676,0.746684,0.03905,0.0814141,-0.0211785,-0.0273434,0.0252643,0,0,5.76764e-07,-0.481577,0.0798531,0.00883484,0.00493524,0.00250493,-7.21932e-05,0,0,-0.118477,-0.0210366,0.611819,0.00332275,0.0102289,0.0056896,-0.000898293,0,0,-1.85116e-07,-2,0.00391992,0.0524271,0.00485484,-0.000820823,-3.66769e-05,0,0,0.0493573,-0.0985942,0.0122493,0.660036,0.00544641,0.0429861,0.00991835,0,0,4.42968e-06,1.06902,0.0321515,0.0159603,-0.0492198,-0.0328236,0.000692754,0,0,0.134423,0.0472737,0.112314,0.121583,0.41479,-0.0263227,0.00924155,0,0,-7.01827e-07,-0.0798351,0.00817598,-0.0396632,-0.0394819,0.047479,0.000905346,0,0,0.0222476,-0.00607185,0.080927,0.539359,-0.0319614,0.427408,-0.00624949,0,0,-6.5439e-08,-0.259183,0.00345124,0.00151501,0.00178263,0.00321981,0.00181196,0,0,-0.0197006,-0.0112109,-0.0282028,0.00424177,0.0133887,-0.00804668,0.0683328,0,0,0,0,0,1.20024e-12,0,0,0,-5.64113e-11,0,0,0,0,0,0,0,0,0.905991,-4.32447e-09,1.20024e-12,0,1.20024e-12,1.20024e-12,0,0,0,0,0,0,0,0,0,0,0,0,-4.32507e-09,0.905991,
0,-0.715355,0.0221408,-0.00568417,0.00166723,0.00108063,-3.41099e-05,0,0,0.566018,-0.0315154,-0.117381,0.0460573,0.0113919,-0.00132441,0.00101997,-1.73472e-12,0,-6.451e-12,-2,-0.00639505,-0.0150179,-0.00427889,0.00017117,6.83265e-06,0,0,0.0347896,0.746719,0.0390842,0.0814552,-0.0211884,-0.0273657,0.0252634,-1.07472e-11,0,6.93889e-12,-0.482512,0.0798481,0.0088204,0.00493493,0.00250639,-7.33282e-05,0,0,-0.118573,-0.0210775,0.611992,0.00337753,0.0102482,0.00567514,-0.000893836,0,0,1.38778e-11,-2,0.00390924,0.0524412,0.0048538,-0.00082109,-3.62509e-05,0,0,0.0494436,-0.0986574,0.012312,0.660068,0.00543383,0.0429637,0.00992619,-1.38778e-11,0,2.42861e-11,1.06923,0.0321207,0.0159677,-0.0492249,-0.0328219,0.000683508,0,0,0.134432,0.0472838,0.112543,0.121547,0.414839,-0.0263135,0.00923083,1.73472e-12,0,-2.08167e-11,-0.0776384,0.00819253,-0.0396304,-0.0394848,0.0475255,0.000905644,0,0,0.0221587,-0.00597596,0.0808358,0.539278,-0.0319503,0.427434,-0.00626039,0,0,-1.12757e-11,-0.259255,0.00345297,0.00151247,0.00178103,0.00321833,0.00181231,0,0,-0.0196868,-0.0112142,-0.0281999,0.00425049,0.0133787,-0.00804948,0.0683338,-8.67362e-13,0,0,0,-1.20024e-12,-1.20024e-12,0,-1.20024e-12,0,-5.88118e-11,0,0,0,0,0,0,0,0,0.905991,4.26776e-09,0,0,0,-1.20024e-12,0,0,0,0,0,0,0,0,0,0,0,0,4.26776e-09,0.905991,
1.73472e-12,-0.716322,0.0221682,-0.00569828,0.00166697,0.0010816,-3.3447e-05,0,0,0.566079,-0.0315582,-0.117474,0.0461451,0.0113881,-0.00134005,0.00102585,0,0,2.72406e-12,-2,-0.00640347,-0.0150268,-0.00428228,0.000173635,7.01602e-06,0,0,0.0348115,0.746754,0.0391183,0.0814962,-0.0211983,-0.027388,0.0252625,0,0,1.04083e-11,-0.48345,0.0798421,0.00880768,0.00493582,0.00250726,-7.21549e-05,0,0,-0.118669,-0.0211185,0.612164,0.00343247,0.0102675,0.00566063,-0.000889367,0,0,0,-2,0.00389885,0.0524549,0.00485237,-0.000821202,-3.65645e-05,0,0,0.0495299,-0.0987205,0.0123749,0.6601,0.00542123,0.0429414,0.00993404,0,0,-6.93889e-12,1.06944,0.032081,0.0159885,-0.049221,-0.0328246,0.000691969,0,0,0.134441,0.0472939,0.112772,0.121511,0.414888,-0.0263042,0.00922011,0,0,2.08167e-11,-0.0754421,0.00821055,-0.0395995,-0.0394891,0.0475729,0.000903141,0,0,0.0220697,-0.00588012,0.0807443,0.539197,-0.0319392,0.427461,-0.00627128,0,0,1.12757e-11,-0.259327,0.00345483,0.00150974,0.00177929,0.00321692,0.00181241,0,0,-0.019673,-0.0112174,-0.0281969,0.00425921,0.0133687,-0.00805227,0.0683347,0,0,0,1.20024e-12,1.20024e-12,-1.20024e-12,0,0,0,5.88118e-11,0,0,0,0,0,0,0,0,0.905991,-4.32777e-09,0,0,0,0,0,0,-1.20024e-12,0,0,0,0,0,0,0,0,0,-4.32837e-09,0.905991,
-5.20417e-12,-0.71729,0.0221964,-0.00571297,0.00166673,0.00108241,-3.34609e-05,0,0,0.566141,-0.0316011,-0.117567,0.046233,0.0113842,-0.00135572,0.00103174,0,0,-1.76047e-11,-2,-0.00641146,-0.0150354,-0.00428606,0.000175856,6.99836e-06,0,0,0.0348333,0.74679,0.0391525,0.0815372,-0.0212083,-0.0274103,0.0252616,0,0,-3.46945e-12,-0.484389,0.0798377,0.0087938,0.00493713,0.00250801,-7.21251e-05,0,0,-0.118764,-0.0211597,0.612336,0.00348756,0.0102868,0.00564607,-0.000884886,0,0,0,-2,0.00388799,0.0524691,0.00485091,-0.00082184,-3.64958e-05,0,0,0.0496164,-0.0987837,0.012438,0.660132,0.00540862,0.0429191,0.00994189,0,0,1.04083e-11,1.06966,0.0320546,0.0160003,-0.0492213,-0.0328273,0.000691286,0,0,0.13445,0.047304,0.113,0.121475,0.414937,-0.026295,0.00920939,0,0,-2.77556e-11,-0.0732489,0.00822654,-0.0395672,-0.0394927,0.0476214,0.000902225,0,0,0.0219806,-0.00578434,0.0806525,0.539116,-0.0319281,0.427488,-0.00628217,0,0,-6.07153e-12,-0.2594,0.0034565,0.00150717,0.00177764,0.00321553,0.00181269,0,0,-0.0196591,-0.0112206,-0.0281939,0.0042679,0.0133586,-0.00805507,0.0683356,0,0,0,0,0,1.20024e-12,-1.20024e-12,-1.20024e-12,-1.20024e-12,0,0,0,0,0,0,0,0,0,0.905991,4.26446e-09,0,0,0,-2.40048e-12,2.40048e-12,0,1.20024e-12,0,0,0,0,0,0,0,0,0,4.26446e-09,0.905991,
8.67362e-13,-0.718259,0.0222235,-0.0057269,0.00166613,0.00108303,-3.37985e-05,0,0,0.566203,-0.0316441,-0.11766,0.0463211,0.0113804,-0.00137142,0.00103763,0,0,-8.14507e-12,-2,-0.00641983,-0.0150443,-0.00428956,0.000178215,6.90288e-06,0,0,0.0348552,0.746825,0.0391866,0.0815782,-0.0212182,-0.0274326,0.0252607,0,0,6.93889e-12,-0.485331,0.0798315,0.00878145,0.00493743,0.00250829,-7.26827e-05,0,0,-0.11886,-0.0212009,0.612508,0.0035428,0.010306,0.00563147,-0.000880393,0,0,0,-2,0.00387762,0.0524824,0.00484967,-0.000821775,-3.62538e-05,0,0,0.0497031,-0.0988468,0.0125011,0.660165,0.005396,0.0428967,0.00994975,0,0,-1.04083e-11,1.06986,0.032015,0.0160255,-0.049222,-0.0328346,0.000686441,0,0,0.134458,0.0473141,0.113229,0.121439,0.414985,-0.0262858,0.00919868,0,0,-1.38778e-11,-0.071055,0.00824474,-0.0395368,-0.0394964,0.0476691,0.000901856,0,0,0.0218913,-0.00568863,0.0805604,0.539035,-0.031917,0.427515,-0.00629306,0,0,0,-0.259471,0.00345833,0.00150436,0.00177601,0.00321421,0.00181299,0,0,-0.0196453,-0.0112238,-0.0281909,0.00427659,0.0133486,-0.00805786,0.0683366,0,0,0,0,-3.60072e-12,3.60072e-12,-3.60072e-12,3.60072e-12,-3.60072e-12,0,0,0,0,0,0,0,0,0,0.905991,-4.31997e-09,0,0,0,0,0,0,1.20024e-12,0,0,0,0,0,0,0,0,0,-4.31847e-09,0.905991,
0,-0.719229,0.0222511,-0.00574152,0.0016658,0.00108434,-3.38019e-05,0,0,0.566265,-0.031687,-0.117754,0.0464094,0.0113765,-0.00138714,0.00104354,0,0,-1.35525e-14,-2,-0.00642815,-0.0150533,-0.00429291,0.000180804,6.90119e-06,0,0,0.034877,0.746861,0.0392208,0.0816191,-0.0212282,-0.0274548,0.0252598,0,0,0,-0.486275,0.0798259,0.00876793,0.00493819,0.00250977,-7.26643e-05,0,0,-0.118956,-0.0212422,0.612679,0.00359818,0.0103252,0.00561683,-0.000875889,0,0,-1.38778e-11,-2,0.00386696,0.0524961,0.00484826,-0.000822013,-3.61984e-05,0,0,0.0497899,-0.09891,0.0125645,0.660197,0.00538337,0.0428743,0.00995762,0,0,1.04083e-11,1.07007,0.0319796,0.0160419,-0.049218,-0.0328329,0.000686064,0,0,0.134467,0.0473241,0.113457,0.121404,0.415034,-0.0262765,0.00918798,0,0,2.08167e-11,-0.068864,0.00826228,-0.0395049,-0.0395007,0.0477156,0.000900746,0,0,0.0218019,-0.00559298,0.0804681,0.538954,-0.0319058,0.427542,-0.00630394,0,0,5.20417e-12,-0.259543,0.0034601,0.00150169,0.0017743,0.00321274,0.00181321,0,0,-0.0196314,-0.011227,-0.0281879,0.00428526,0.0133386,-0.00806065,0.0683375,0,0,0,-1.20024e-12,0,0,0,-1.20024e-12,0,1.15223e-10,0,0,0,0,0,0,0,0,0.905991,4.25155e-09,0,1.20024e-12,-1.20024e-12,0,0,0,0,0,0,0,0,0,0,0,0,0,4.25215e-09,0.905991,
-3.32906e-07,-0.720199,0.0222792,-0.00575647,0.00166517,0.00108498,-3.3473e-05,0,0,0.566327,-0.03173,-0.117847,0.0464978,0.0113726,-0.00140288,0.00104945,0,0,-9.33295e-08,-2,-0.0064364,-0.0150624,-0.00429637,0.000183197,6.99137e-06,0,0,0.0348989,0.746897,0.039255,0.08166,-0.0212382,-0.027477,0.0252589,0,0,-5.77649e-07,-0.487219,0.079821,0.00875384,0.00493842,0.00251008,-7.20677e-05,0,0,-0.119053,-0.0212836,0.612851,0.00365372,0.0103444,0.00560214,-0.000871372,0,0,1.84713e-07,-2,0.00385603,0.05251,0.00484701,-0.00082191,-3.63272e-05,0,0,0.0498768,-0.0989732,0.0126279,0.660229,0.00537073,0.042852,0.00996549,0,0,-4.43517e-06,1.07029,0.0319486,0.0160538,-0.0492183,-0.0328401,0.000690106,0,0,0.134475,0.0473341,0.113685,0.121368,0.415083,-0.0262673,0.00917728,0,0,7.01737e-07,-0.0666749,0.00827917,-0.0394722,-0.0395042,0.0477638,0.000898935,0,0,0.0217123,-0.00549738,0.0803754,0.538873,-0.0318947,0.427569,-0.00631482,0,0,6.50868e-08,-0.259614,0.00346182,0.00149907,0.00177263,0.00321139,0.00181337,0,0,-0.0196175,-0.0112302,-0.0281849,0.00429392,0.0133286,-0.00806345,0.0683384,0,0,0,0,1.20024e-12,0,0,0,0,0,0,0,0,0,0,0,0,0,0.905991,-4.30226e-09,0,0,-1.20024e-12,0,0,0,0,0,0,0,0,0,0,0,0,0,-4.30226e-09,0.905991,
3.32755e-07,-0.72117,0.0223064,-0.00577143,0.00166423,0.00108661,-3.38105e-05,0,0,0.566389,-0.031773,-0.117941,0.0465864,0.0113687,-0.00141865,0.00105536,0,0,9.33352e-08,-2,-0.00644494,-0.0150715,-0.00429994,0.000185861,6.89389e-06,0,0,0.0349206,0.746933,0.0392892,0.0817009,-0.0212482,-0.0274992,0.025258,0,0,5.77791e-07,-0.488167,0.0798144,0.00873973,0.00493812,0.00251211,-7.26258e-05,0,0,-0.119149,-0.0213251,0.613022,0.00370941,0.0103636,0.0055874,-0.000866844,0,0,-1.84644e-07,-2,0.00384559,0.0525239,0.00484593,-0.000822389,-3.6086e-05,0,0,0.0499639,-0.0990364,0.0126915,0.660261,0.00535808,0.0428296,0.00997337,0,0,4.43609e-06,1.0705,0.0319042,0.0160658,-0.0492229,-0.0328339,0.000685265,0,0,0.134484,0.0473441,0.113914,0.121333,0.415131,-0.0262581,0.0091666,0,0,-7.01682e-07,-0.0644864,0.00829823,-0.0394394,-0.0395071,0.0478101,0.000898532,0,0,0.0216226,-0.00540183,0.0802825,0.538792,-0.0318836,0.427595,-0.00632569,0,0,-6.502e-08,-0.259685,0.00346373,0.00149646,0.00177101,0.00320984,0.00181367,0,0,-0.0196035,-0.0112334,-0.0281818,0.00430258,0.0133185,-0.00806624,0.0683393,0,0,0,1.20024e-12,0,0,0,0,0,0,0,0,0,0,0,0,0,0,0.905991,4.23265e-09,-1.20024e-12,0,0,1.20024e-12,0,0,0,0,0,0,0,0,0,0,0,0,4.23265e-09,0.905991,
-3.32603e-07,-0.722142,0.0223344,-0.0057853,0.00166363,0.00108676,-3.41571e-05,0,0,0.566452,-0.0318161,-0.118034,0.0466751,0.0113648,-0.00143445,0.00106129,0,0,-9.33161e-08,-2,-0.00645305,-0.0150798,-0.00430381,0.000187909,6.78183e-06,0,0,0.0349424,0.746969,0.0393234,0.0817417,-0.0212582,-0.0275214,0.0252571,0,0,-5.77937e-07,-0.489116,0.0798095,0.00872735,0.00493881,0.00251171,-7.31739e-05,0,0,-0.119245,-0.0213666,0.613193,0.00376526,0.0103827,0.00557263,-0.000862303,0,0,1.84575e-07,-2,0.00383466,0.0525375,0.00484463,-0.000822656,-3.58327e-05,0,0,0.0500511,-0.0990996,0.0127553,0.660293,0.00534542,0.0428072,0.00998126,0,0,-4.43704e-06,1.07071,0.031873,0.0160911,-0.0492273,-0.0328455,0.000680137,0,0,0.134492,0.047354,0.114142,0.121297,0.41518,-0.0262489,0.00915591,0,0,7.01599e-07,-0.0622995,0.00831527,-0.0394086,-0.03951,0.0478603,0.000898311,0,0,0.0215328,-0.00530635,0.0801893,0.538711,-0.0318725,0.427622,-0.00633656,0,0,6.49732e-08,-0.259756,0.00346545,0.00149367,0.00176941,0.00320856,0.00181401,0,0,-0.0195896,-0.0112365,-0.0281788,0.00431121,0.0133085,-0.00806903,0.0683403,0,0,-1.20024e-12,0,0,0,-2.40048e-12,0,1.20024e-12,0,0,0,0,0,0,0,0,0,0.905991,4.27886e-09,0,-1.20024e-12,1.20024e-12,-1.20024e-12,-1.20024e-12,-1.20024e-12,1.20024e-12,0,0,0,0,0,0,0,0,0,4.27796e-09,0.905991,
-4.33681e-12,-0.723114,0.022362,-0.00580041,0.00166332,0.00108804,-3.3829e-05,0,0,0.566514,-0.0318592,-0.118128,0.046764,0.0113608,-0.00145027,0.00106723,0,0,-3.15774e-12,-2,-0.00646135,-0.0150888,-0.0043072,0.00019047,6.87214e-06,0,0,0.0349642,0.747006,0.0393577,0.0817825,-0.0212682,-0.0275436,0.0252562,0,0,-1.38778e-11,-0.490068,0.0798039,0.00871303,0.00493964,0.00251316,-7.25762e-05,0,0,-0.119342,-0.0214083,0.613364,0.00382126,0.0104018,0.0055578,-0.000857751,0,0,-1.38778e-11,-2,0.00382387,0.0525513,0.00484319,-0.000822954,-3.59602e-05,0,0,0.0501385,-0.0991628,0.0128192,0.660325,0.00533275,0.0427848,0.00998915,0,0,2.42861e-11,1.07092,0.0318376,0.0161031,-0.0492231,-0.0328439,0.000684159,0,0,0.1345,0.0473639,0.11437,0.121262,0.415228,-0.0262397,0.00914523,0,0,2.77556e-11,-0.0601142,0.00833311,-0.0393755,-0.0395143,0.047907,0.000896531,0,0,0.0214429,-0.00521093,0.0800959,0.53863,-0.0318614,0.427649,-0.00634742,0,0,-2.1684e-11,-0.259827,0.0034672,0.00149105,0.00176771,0.00320711,0.00181418,0,0,-0.0195756,-0.0112397,-0.0281757,0.00431983,0.0132985,-0.00807182,0.0683412,0,0,0,-3.60072e-12,-3.60072e-12,1.20024e-12,0,3.60072e-12,-3.60072e-12,0,0,0,0,0,0,0,0,0,0.905991,-4.43669e-09,0,-1.20024e-12,-1.20024e-12,0,0,1.20024e-12,-1.20024e-12,0,0,0,0,0,0,0,0,0,-4.43669e-09,0.905991,
-8.67362e-13,-0.724087,0.0223898,-0.00581554,0.0016623,0.00108869,-3.38326e-05,0,0,0.566577,-0.0319023,-0.118222,0.046853,0.0113568,-0.00146612,0.00107317,0,0,-8.38901e-12,-2,-0.00646969,-0.0150979,-0.00431073,0.000192887,6.8696e-06,0,0,0.0349859,0.747042,0.0393919,0.0818233,-0.0212782,-0.0275657,0.0252553,0,0,0,-0.491021,0.0797984,0.0086987,0.00493919,0.00251348,-7.25577e-05,0,0,-0.119438,-0.02145,0.613535,0.00387741,0.0104209,0.00554293,-0.000853186,0,0,0,-2,0.00381296,0.0525651,0.00484212,-0.000822814,-3.59049e-05,0,0,0.050226,-0.0992261,0.0128832,0.660357,0.00532006,0.0427624,0.00999705,0,0,-1.04083e-11,1.07113,0.0318019,0.0161152,-0.0492276,-0.0328511,0.000683778,0,0,0.134508,0.0473738,0.114598,0.121227,0.415276,-0.0262304,0.00913456,0,0,6.93889e-12,-0.0579304,0.00835099,-0.0393423,-0.0395171,0.0479552,0.000895413,0,0,0.0213528,-0.00511558,0.0800021,0.538549,-0.0318503,0.427676,-0.00635828,0,0,-3.03577e-11,-0.259897,0.00346897,0.00148842,0.00176611,0.00320576,0.0018144,0,0,-0.0195616,-0.0112428,-0.0281727,0.00432845,0.0132885,-0.00807461,0.0683421,0,0,0,-1.20024e-12,-1.20024e-12,0,-2.40048e-12,0,0,0,0,0,0,0,0,0,0,0,0.905991,-4.4574e-09,0,0,0,0,0,0,0,0,0,0,0,0,0,0,0,0,-4.4574e-09,0.905991,
1.73472e-12,-0.725061,0.0224178,-0.00583001,0.00166197,0.00109033,-3.38369e-05,0,0,0.566641,-0.0319455,-0.118316,0.0469422,0.0113528,-0.00148199,0.00107912,0,0,2.43945e-13,-2,-0.00647806,-0.0151067,-0.00431408,0.000195577,6.86555e-06,0,0,0.0350076,0.747079,0.0394262,0.0818641,-0.0212882,-0.0275878,0.0252544,0,0,3.46945e-12,-0.491976,0.0797929,0.00868553,0.00493995,0.00251554,-7.25387e-05,0,0,-0.119535,-0.0214919,0.613706,0.00393371,0.01044,0.00552802,-0.000848609,0,0,0,-2,0.00380197,0.0525786,0.00484068,-0.000823255,-3.58491e-05,0,0,0.0503136,-0.0992893,0.0129474,0.660389,0.00530737,0.04274,0.0100049,0,0,0,1.07134,0.0317662,0.0161361,-0.0492231,-0.0328449,0.000683383,0,0,0.134516,0.0473836,0.114826,0.121192,0.415325,-0.0262213,0.00912389,0,0,1.38778e-11,-0.0557486,0.00836893,-0.0393105,-0.0395213,0.0480016,0.000894293,0,0,0.0212626,-0.00502029,0.0799081,0.538468,-0.0318392,0.427703,-0.00636914,0,0,0,-0.259968,0.00347074,0.00148567,0.00176437,0.0032042,0.00181463,0,0,-0.0195476,-0.011246,-0.0281696,0.00433704,0.0132786,-0.0080774,0.068343,0,0,0,1.20024e-12,1.20024e-12,0,0,1.20024e-12,1.20024e-12,0,0,0,0,0,0,0,0,0,0.905991,-4.34787e-09,0,0,0,0,0,0,0,0,0,0,0,0,0,0,0,0,-4.34847e-09,0.905991,
-3.46945e-12,-0.726036,0.0224458,-0.00584481,0.00166133,0.00109097,-3.38416e-05,0,0,0.566704,-0.0319887,-0.11841,0.0470316,0.0113488,-0.00149788,0.00108508,0,0,1.19262e-12,-2,-0.00648644,-0.0151156,-0.00431754,0.000197978,6.86051e-06,0,0,0.0350293,0.747115,0.0394605,0.0819048,-0.0212983,-0.0276099,0.0252535,0,0,-1.04083e-11,-0.492935,0.0797875,0.00867176,0.00494018,0.00251584,-7.25191e-05,0,0,-0.119631,-0.0215338,0.613876,0.00399017,0.0104591,0.00551306,-0.000844021,0,0,0,-2,0.00379091,0.0525923,0.0048394,-0.00082317,-3.57928e-05,0,0,0.0504014,-0.0993525,0.0130117,0.660421,0.00529467,0.0427176,0.0100129,0,0,3.1225e-11,1.07154,0.0317303,0.0161527,-0.0492229,-0.032852,0.000682975,0,0,0.134524,0.0473935,0.115053,0.121156,0.415373,-0.0262121,0.00911323,0,0,-5.55112e-11,-0.0535661,0.00838694,-0.0392778,-0.0395248,0.0480504,0.000893178,0,0,0.0211722,-0.00492505,0.0798138,0.538387,-0.031828,0.42773,-0.00637999,0,0,3.46945e-12,-0.260038,0.00347251,0.00148297,0.00176268,0.00320283,0.00181485,0,0,-0.0195336,-0.0112491,-0.0281665,0.00434563,0.0132686,-0.00808018,0.068344,0,0,0,0,-1.20024e-12,0,0,0,0,0,0,0,0,0,0,0,0,0,0.905991,4.14263e-09,0,2.40048e-12,-2.40048e-12,0,-2.40048e-12,0,0,0,0,0,0,0,0,0,0,0,4.14263e-09,0.905991,
-3.31869e-07,-0.727012,0.0224737,-0.00585952,0.00166069,0.00109212,-3.41877e-05,0,0,0.566767,-0.0320319,-0.118504,0.0471211,0.0113448,-0.0015138,0.00109105,0,0,-9.33144e-08,-2,-0.00649468,-0.015124,-0.00432141,0.000200325,6.74755e-06,0,0,0.035051,0.747152,0.0394948,0.0819455,-0.0213084,-0.0276319,0.0252526,0,0,-5.7869e-07,-0.493894,0.0797821,0.008658,0.00494081,0.00251718,-7.3068e-05,0,0,-0.119728,-0.0215758,0.614046,0.00404678,0.0104781,0.00549806,-0.00083942,0,0,1.84269e-07,-2,0.00377991,0.0526061,0.00483808,-0.000823981,-3.554e-05,0,0,0.0504893,-0.0994158,0.0130762,0.660453,0.00528195,0.0426951,0.0100208,0,0,-4.44157e-06,1.07175,0.0316944,0.0161692,-0.0492269,-0.0328502,0.000677842,0,0,0.134532,0.0474033,0.115281,0.121121,0.415421,-0.0262029,0.00910257,0,0,7.01481e-07,-0.0513874,0.00840502,-0.0392451,-0.0395276,0.0480987,0.000892947,0,0,0.0210817,-0.00482987,0.0797192,0.538307,-0.0318169,0.427757,-0.00639083,0,0,6.46818e-08,-0.260108,0.00347429,0.0014803,0.00176107,0.00320135,0.00181519,0,0,-0.0195196,-0.0112522,-0.0281635,0.00435421,0.0132586,-0.00808297,0.0683449,0,0,0,1.20024e-12,0,0,-1.20024e-12,0,1.20024e-12,0,0,0,0,0,0,0,0,0,0.905991,4.06822e-09,0,-1.20024e-12,0,0,0,0,-1.20024e-12,0,0,0,0,0,0,0,0,0,4.06852e-09,0.905991,
-2.60209e-12,-0.727988,0.0225018,-0.00587414,0.00166036,0.00109274,-3.38605e-05,0,0,0.566831,-0.0320752,-0.118598,0.0472108,0.0113408,-0.00152975,0.00109702,0,0,7.68428e-12,-2,-0.00650292,-0.0151328,-0.00432478,0.000202714,6.83702e-06,0,0,0.0350726,0.747189,0.0395291,0.0819861,-0.0213184,-0.027654,0.0252517,0,0,-1.04083e-11,-0.494856,0.0797771,0.00864461,0.0049416,0.00251749,-7.24695e-05,0,0,-0.119825,-0.021618,0.614216,0.00410355,0.0104971,0.00548301,-0.000834806,0,0,0,-2,0.00376867,0.0526195,0.00483661,-0.0008239,-3.56673e-05,0,0,0.0505774,-0.099479,0.0131408,0.660485,0.00526922,0.0426727,0.0100287,0,0,2.42861e-11,1.07195,0.0316631,0.0161902,-0.0492224,-0.0328575,0.000681866,0,0,0.13454,0.047413,0.115508,0.121086,0.415469,-0.0261937,0.00909192,0,0,2.77556e-11,-0.0492096,0.0084225,-0.0392128,-0.0395319,0.0481472,0.000891158,0,0,0.0209911,-0.00473478,0.0796243,0.538226,-0.0318058,0.427784,-0.00640167,0,0,-6.07153e-12,-0.260177,0.00347596,0.00147754,0.00175935,0.00320001,0.00181536,0,0,-0.0195055,-0.0112553,-0.0281604,0.00436276,0.0132486,-0.00808576,0.0683458,0,0,0,1.20024e-12,2.40048e-12,-1.20024e-12,1.20024e-12,-1.20024e-12,-1.20024e-12,0,0,0,0,0,0,0,0,0,0.905991,4.09852e-09,0,-1.20024e-12,-2.40048e-12,-1.20024e-12,-1.20024e-12,0,2.40048e-12,0,0,0,0,0,0,0,0,0,4.09762e-09,0.905991,
-8.67362e-13,-0.728965,0.0225294,-0.00588945,0.00165931,0.00109373,-3.41958e-05,0,0,0.566895,-0.0321185,-0.118692,0.0473006,0.0113367,-0.00154572,0.001103,0,0,-2.35814e-12,-2,-0.00651139,-0.0151418,-0.0043283,0.00020524,6.74041e-06,0,0,0.0350942,0.747226,0.0395634,0.0820268,-0.0213285,-0.027676,0.0252508,0,0,-1.04083e-11,-0.49582,0.0797711,0.00863004,0.0049411,0.0025184,-7.30299e-05,0,0,-0.119922,-0.0216602,0.614386,0.00416047,0.0105161,0.00546792,-0.000830181,0,0,0,-2,0.0037577,0.0526332,0.00483553,-0.000823935,-3.5428e-05,0,0,0.0506656,-0.0995423,0.0132055,0.660517,0.00525649,0.0426502,0.0100366,0,0,-2.94903e-11,1.07216,0.0316227,0.0162024,-0.0492265,-0.0328602,0.000677041,0,0,0.134548,0.0474227,0.115736,0.121052,0.415517,-0.0261845,0.00908128,0,0,1.38778e-11,-0.0470341,0.00844143,-0.0391791,-0.0395347,0.048195,0.000890732,0,0,0.0209004,-0.00463974,0.0795291,0.538145,-0.0317947,0.427811,-0.00641251,0,0,0,-0.260247,0.00347778,0.00147489,0.00175775,0.00319858,0.00181565,0,0,-0.0194915,-0.0112584,-0.0281573,0.00437131,0.0132387,-0.00808855,0.0683467,0,0,0,2.40048e-12,1.20024e-12,-1.20024e-12,-1.20024e-12,0,0,-1.12823e-10,0,0,0,0,0,0,0,0,0.905991,4.22605e-09,0,0,0,0,0,0,0,0,0,0,0,0,0,0,0,0,4.22695e-09,0.905991,
-2.60209e-12,-0.729943,0.0225573,-0.00590443,0.00165895,0.00109438,-3.42001e-05,0,0,0.566959,-0.0321618,-0.118787,0.0473906,0.0113326,-0.00156171,0.001109,0,0,3.998e-12,-2,-0.00651988,-0.0151507,-0.00433164,0.000207666,6.73555e-06,0,0,0.0351158,0.747263,0.0395977,0.0820674,-0.0213386,-0.027698,0.0252499,0,0,-6.93889e-12,-0.496787,0.0797651,0.00861606,0.0049418,0.00251872,-7.3011e-05,0,0,-0.120019,-0.0217025,0.614556,0.00421755,0.0105351,0.00545278,-0.000825543,0,0,2.77556e-11,-2,0.00374663,0.0526468,0.00483407,-0.000823813,-3.53725e-05,0,0,0.0507539,-0.0996056,0.0132704,0.660549,0.00524374,0.0426278,0.0100446,0,0,-3.1225e-11,1.07236,0.0315822,0.0162191,-0.0492216,-0.0328674,0.000676644,0,0,0.134555,0.0474324,0.115963,0.121017,0.415565,-0.0261753,0.00907065,0,0,-4.85723e-11,-0.0448579,0.00846042,-0.039146,-0.0395388,0.0482438,0.000889602,0,0,0.0208095,-0.00454477,0.0794337,0.538064,-0.0317836,0.427838,-0.00642334,0,0,0,-0.260316,0.00347961,0.00147218,0.00175599,0.00319721,0.00181587,0,0,-0.0194774,-0.0112615,-0.0281541,0.00437985,0.0132287,-0.00809133,0.0683476,0,0,0,-2.40048e-12,0,0,0,2.40048e-12,0,-5.76116e-11,0,0,0,0,0,0,0,0,0.905991,-4.4643e-09,0,-3.60072e-12,0,0,-1.20024e-12,2.40048e-12,0,0,0,0,0,0,0,0,0,0,-4.4649e-09,0.905991,
8.67362e-13,-0.730921,0.0225858,-0.00591941,0.00165827,0.00109535,-3.38735e-05,0,0,0.567023,-0.0322052,-0.118881,0.0474807,0.0113285,-0.00157773,0.001115,0,0,-4.06576e-14,-2,-0.0065282,-0.0151595,-0.00433509,0.000210176,6.82301e-06,0,0,0.0351374,0.7473,0.0396321,0.082108,-0.0213488,-0.02772,0.025249,0,0,3.46945e-12,-0.497754,0.0797604,0.00860206,0.00494197,0.00251962,-7.24123e-05,0,0,-0.120116,-0.0217449,0.614725,0.00427478,0.010554,0.0054376,-0.000820894,0,0,1.38778e-11,-2,0.00373513,0.0526604,0.00483277,-0.000823902,-3.55004e-05,0,0,0.0508424,-0.0996689,0.0133355,0.660581,0.00523098,0.0426053,0.0100525,0,0,0,1.07256,0.0315505,0.0162357,-0.0492209,-0.0328701,0.000680679,0,0,0.134563,0.0474421,0.116191,0.120982,0.415613,-0.0261662,0.00906002,0,0,-8.32667e-11,-0.0426852,0.00847807,-0.0391128,-0.0395422,0.0482922,0.000887776,0,0,0.0207185,-0.00444985,0.079338,0.537984,-0.0317724,0.427865,-0.00643416,0,0,-1.64799e-11,-0.260385,0.00348131,0.00146948,0.00175429,0.00319577,0.00181603,0,0,-0.0194633,-0.0112646,-0.028151,0.00438837,0.0132187,-0.00809411,0.0683486,0,0,0,1.20024e-12,1.20024e-12,0,0,1.20024e-12,0,0,0,0,0,0,0,0,0,0,0.905991,-4.56362e-09,0,-1.20024e-12,-1.20024e-12,0,0,0,0,0,0,0,0,0,0,0,0,0,-4.56332e-09,0.905991,
-3.31107e-07,-0.7319,0.0226139,-0.00593462,0.00165794,0.0010965,-3.3888e-05,0,0,0.567087,-0.0322486,-0.118976,0.0475711,0.0113244,-0.00159378,0.001121,0,0,-9.3284e-08,-2,-0.00653647,-0.015168,-0.00433884,0.000212541,6.80251e-06,0,0,0.0351589,0.747338,0.0396664,0.0821485,-0.0213589,-0.0277419,0.0252481,0,0,-5.79401e-07,-0.498724,0.079755,0.0085875,0.00494313,0.00252097,-7.23825e-05,0,0,-0.120214,-0.0217873,0.614894,0.00433217,0.0105729,0.00542237,-0.000816231,0,0,1.83908e-07,-2,0.00372387,0.0526744,0.00483125,-0.000824703,-3.5432e-05,0,0,0.050931,-0.0997321,0.0134006,0.660613,0.00521821,0.0425828,0.0100605,0,0,-4.44607e-06,1.07277,0.0315143,0.016248,-0.0492202,-0.0328683,0.000679986,0,0,0.13457,0.0474517,0.116418,0.120947,0.415661,-0.026157,0.0090494,0,0,7.01356e-07,-0.0405144,0.00849651,-0.0390787,-0.0395457,0.048341,0.000886834,0,0,0.0206273,-0.00435501,0.079242,0.537903,-0.0317613,0.427892,-0.00644498,0,0,6.43973e-08,-0.260453,0.00348307,0.00146686,0.0017526,0.00319427,0.00181631,0,0,-0.0194491,-0.0112676,-0.0281479,0.00439688,0.0132088,-0.0080969,0.0683495,0,0,0,0,2.40048e-12,0,0,-2.40048e-12,2.40048e-12,0,0,0,0,0,0,0,0,0,0.905991,-4.51561e-09,0,0,1.20024e-12,0,0,-1.20024e-12,1.20024e-12,0,0,0,0,0,0,0,0,0,-4.51651e-09,0.905991,
-3.30957e-07,-0.732881,0.0226419,-0.00594943,0.00165724,0.00109779,-3.42238e-05,0,0,0.567152,-0.032292,-0.11907,0.0476615,0.0113202,-0.00160985,0.00112702,0,0,-9.32892e-08,-2,-0.00654483,-0.0151767,-0.0043423,0.000215133,6.70459e-06,0,0,0.0351805,0.747375,0.0397008,0.082189,-0.021369,-0.0277639,0.0252472,0,0,-5.79547e-07,-0.499697,0.0797495,0.00857387,0.00494329,0.00252243,-7.29422e-05,0,0,-0.120311,-0.0218299,0.615063,0.00438972,0.0105918,0.00540709,-0.000811557,0,0,1.83839e-07,-2,0.00371256,0.0526877,0.00482996,-0.000824981,-3.51914e-05,0,0,0.0510198,-0.0997954,0.013466,0.660645,0.00520543,0.0425603,0.0100684,0,0,-4.44697e-06,1.07296,0.0314783,0.0162691,-0.0492197,-0.0328667,0.00067512,0,0,0.134578,0.0474613,0.116645,0.120913,0.415709,-0.0261478,0.00903878,0,0,7.01314e-07,-0.0383431,0.00851503,-0.0390459,-0.0395492,0.0483883,0.000886438,0,0,0.0205361,-0.00426024,0.0791457,0.537823,-0.0317502,0.427919,-0.0064558,0,0,6.434e-08,-0.260522,0.0034848,0.00146407,0.00175094,0.00319279,0.00181661,0,0,-0.019435,-0.0112707,-0.0281447,0.00440537,0.0131988,-0.00809968,0.0683504,0,0,0,0,0,0,0,0,-1.20024e-12,0,0,0,0,0,0,0,0,0,0.905991,-4.34607e-09,0,0,-2.40048e-12,2.40048e-12,2.40048e-12,2.40048e-12,0,0,0,0,0,0,0,0,0,0,-4.34607e-09,0.905991,
-6.93889e-12,-0.733861,0.02267,-0.00596458,0.00165649,0.00109811,-3.38968e-05,0,0,0.567217,-0.0323355,-0.119165,0.0477522,0.0113161,-0.00162594,0.00113304,0,0,-5.21772e-12,-2,-0.00655324,-0.0151855,-0.00434571,0.000217487,6.79378e-06,0,0,0.035202,0.747413,0.0397352,0.0822295,-0.0213792,-0.0277858,0.0252463,0,0,-1.38778e-11,-0.500671,0.0797442,0.00855965,0.00494331,0.00252219,-7.23441e-05,0,0,-0.120408,-0.0218726,0.615232,0.00444742,0.0106107,0.00539177,-0.00080687,0,0,2.77556e-11,-2,0.00370114,0.0527011,0.00482868,-0.000824638,-3.53202e-05,0,0,0.0511087,-0.0998587,0.0135315,0.660677,0.00519264,0.0425378,0.0100764,0,0,-2.08167e-11,1.07316,0.031442,0.0162859,-0.049219,-0.0328783,0.000679185,0,0,0.134585,0.0474709,0.116872,0.120878,0.415757,-0.0261387,0.00902817,0,0,-7.63278e-11,-0.0361749,0.00853361,-0.0390123,-0.0395526,0.0484379,0.000884599,0,0,0.0204447,-0.00416554,0.0790491,0.537742,-0.0317391,0.427946,-0.00646661,0,0,-1.21431e-11,-0.26059,0.00348654,0.00146135,0.00174926,0.00319148,0.00181676,0,0,-0.0194208,-0.0112738,-0.0281416,0.00441385,0.0131889,-0.00810246,0.0683513,0,0,0,0,0,-1.20024e-12,-1.20024e-12,2.40048e-12,-3.60072e-12,-1.20024e-12,0,0,0,0,0,0,0,0,0.905991,4.09432e-09,0,0,0,1.20024e-12,1.20024e-12,-1.20024e-12,2.40048e-12,1.20024e-12,0,0,0,0,0,0,0,0,4.09372e-09,0.905991,
3.30658e-07,-0.734842,0.0226987,-0.00597941,0.00165577,0.00109976,-3.4232e-05,0,0,0.567282,-0.032379,-0.11926,0.047843,0.0113119,-0.00164206,0.00113908,0,0,9.32809e-08,-2,-0.00656158,-0.0151943,-0.00434913,0.000220208,6.69485e-06,0,0,0.0352234,0.747451,0.0397696,0.08227,-0.0213894,-0.0278077,0.0252454,0,0,5.79849e-07,-0.501647,0.0797394,0.00854602,0.00494338,0.00252427,-7.29048e-05,0,0,-0.120506,-0.0219153,0.615401,0.00450528,0.0106295,0.00537641,-0.00080217,0,0,-1.837e-07,-2,0.00368945,0.0527145,0.00482738,-0.000825057,-3.50811e-05,0,0,0.0511978,-0.099922,0.0135971,0.660709,0.00517984,0.0425153,0.0100843,0,0,4.44874e-06,1.07337,0.0314101,0.0163071,-0.0492181,-0.0328721,0.000674339,0,0,0.134592,0.0474805,0.117099,0.120844,0.415805,-0.0261295,0.00901757,0,0,-7.01321e-07,-0.0340089,0.00855155,-0.0389794,-0.039556,0.048485,0.000884161,0,0,0.0203531,-0.00407091,0.0789523,0.537662,-0.0317279,0.427973,-0.00647741,0,0,-6.42307e-08,-0.260658,0.00348823,0.00145857,0.00174755,0.0031899,0.00181705,0,0,-0.0194066,-0.0112768,-0.0281384,0.00442232,0.013179,-0.00810524,0.0683522,0,0,0,0,0,-2.40048e-12,2.40048e-12,0,2.40048e-12,0,0,0,0,0,0,0,0,0,0.905991,3.9803e-09,0,0,0,0,0,0,0,0,0,0,0,0,0,0,0,0,3.9803e-09,0.905991,
-3.30506e-07,-0.735825,0.0227268,-0.0059949,0.0016554,0.0011004,-3.39065e-05,0,0,0.567347,-0.0324225,-0.119355,0.0479339,0.0113077,-0.0016582,0.00114512,0,0,-9.32731e-08,-2,-0.00657011,-0.0152031,-0.00435248,0.000222636,6.78131e-06,0,0,0.0352449,0.747488,0.039804,0.0823104,-0.0213996,-0.0278295,0.0252445,0,0,-5.79991e-07,-0.502626,0.0797336,0.00853121,0.0049441,0.00252459,-7.23052e-05,0,0,-0.120604,-0.0219582,0.61557,0.00456329,0.0106484,0.00536099,-0.000797459,0,0,1.83645e-07,-2,0.00367805,0.0527282,0.00482588,-0.000824961,-3.52086e-05,0,0,0.051287,-0.0999853,0.0136628,0.660741,0.00516702,0.0424928,0.0100923,0,0,-4.44967e-06,1.07356,0.0313692,0.0163195,-0.0492126,-0.0328792,0.000678372,0,0,0.134599,0.04749,0.117326,0.120809,0.415852,-0.0261204,0.00900697,0,0,7.01203e-07,-0.0318429,0.00857096,-0.0389449,-0.0395601,0.0485344,0.00088233,0,0,0.0202615,-0.00397633,0.0788552,0.537581,-0.0317168,0.428,-0.00648821,0,0,6.41527e-08,-0.260726,0.00349005,0.00145591,0.00174577,0.00318852,0.00181721,0,0,-0.0193924,-0.0112798,-0.0281352,0.00443078,0.0131691,-0.00810802,0.0683532,0,0,-3.60072e-12,0,3.60072e-12,0,0,3.60072e-12,0,0,0,0,0,0,0,0,0,0,0.905991,3.9704e-09,1.20024e-12,1.20024e-12,0,0,0,-1.20024e-12,0,0,0,0,0,0,0,0,0,0,3.9707e-09,0.905991,
-4.33681e-12,-0.736807,0.0227553,-0.00601009,0.00165438,0.00110137,-3.39121e-05,0,0,0.567412,-0.0324661,-0.11945,0.048025,0.0113034,-0.00167437,0.00115116,0,0,-3.06287e-12,-2,-0.00657856,-0.0152118,-0.00435602,0.00022515,6.77391e-06,0,0,0.0352663,0.747527,0.0398385,0.0823508,-0.0214098,-0.0278514,0.0252436,0,0,-1.38778e-11,-0.503607,0.0797283,0.00851695,0.00494368,0.00252548,-7.2285e-05,0,0,-0.120701,-0.0220011,0.615738,0.00462147,0.0106672,0.00534554,-0.000792734,0,0,0,-2,0.00366642,0.0527418,0.00482474,-0.000825066,-3.5152e-05,0,0,0.0513764,-0.100049,0.0137288,0.660773,0.0051542,0.0424703,0.0101003,0,0,-2.08167e-11,1.07377,0.0313327,0.0163363,-0.0492159,-0.0328819,0.000677948,0,0,0.134606,0.0474994,0.117552,0.120775,0.4159,-0.0261113,0.00899638,0,0,-1.04083e-11,-0.0296798,0.00858973,-0.038911,-0.0395627,0.0485833,0.000881204,0,0,0.0201697,-0.00388181,0.0787578,0.537501,-0.0317057,0.428027,-0.00649901,0,0,-6.07153e-12,-0.260793,0.0034918,0.00145318,0.00174412,0.00318706,0.00181744,0,0,-0.0193782,-0.0112828,-0.0281321,0.00443923,0.0131591,-0.0081108,0.0683541,0,0,0,-1.20024e-12,1.20024e-12,-1.20024e-12,0,0,-1.20024e-12,0,0,0,0,0,0,0,0,0,0.905991,4.05081e-09,0,0,0,0,0,0,0,0,0,0,0,0,0,0,0,0,4.05021e-09,0.905991,
-3.30206e-07,-0.737791,0.0227839,-0.00602552,0.00165435,0.00110186,-3.39271e-05,0,0,0.567477,-0.0325097,-0.119545,0.0481163,0.0112992,-0.00169056,0.00115722,0,0,-9.32659e-08,-2,-0.00658677,-0.0152202,-0.00435969,0.000227338,6.75202e-06,0,0,0.0352878,0.747565,0.0398729,0.0823912,-0.02142,-0.0278732,0.0252427,0,0,-5.80296e-07,-0.50459,0.0797236,0.0085021,0.00494539,0.00252567,-7.22549e-05,0,0,-0.120799,-0.0220441,0.615906,0.00467981,0.0106859,0.00533003,-0.000787998,0,0,1.83478e-07,-2,0.00365467,0.0527557,0.004823,-0.000825507,-3.50834e-05,0,0,0.0514659,-0.100112,0.0137948,0.660805,0.00514136,0.0424478,0.0101083,0,0,-4.45146e-06,1.07396,0.0313006,0.0163487,-0.0492102,-0.0328891,0.000677243,0,0,0.134613,0.0475089,0.117779,0.120741,0.415948,-0.0261021,0.00898579,0,0,7.01172e-07,-0.0275171,0.00860788,-0.0388763,-0.0395669,0.0486338,0.000880258,0,0,0.0200777,-0.00378737,0.0786601,0.53742,-0.0316946,0.428054,-0.0065098,0,0,6.40581e-08,-0.260861,0.00349349,0.00145055,0.00174235,0.00318569,0.00181772,0,0,-0.019364,-0.0112859,-0.0281289,0.00444766,0.0131492,-0.00811358,0.068355,0,0,0,0,0,0,0,0,0,0,0,0,0,0,0,0,0,0,0.905991,4.22635e-09,0,0,0,1.20024e-12,0,-1.20024e-12,1.20024e-12,0,0,0,0,0,0,0,0,0,4.22545e-09,0.905991,
-1.73472e-12,-0.738775,0.0228117,-0.00604054,0.00165362,0.00110281,-3.39323e-05,0,0,0.567543,-0.0325533,-0.11964,0.0482078,0.0112949,-0.00170678,0.00116328,0,0,-8.44322e-12,-2,-0.00659525,-0.0152288,-0.00436314,0.000229848,6.74623e-06,0,0,0.0353091,0.747603,0.0399074,0.0824315,-0.0214302,-0.027895,0.0252419,0,0,0,-0.505574,0.0797176,0.00848819,0.00494551,0.00252657,-7.22348e-05,0,0,-0.120897,-0.0220873,0.616074,0.00473831,0.0107047,0.00531448,-0.000783248,0,0,0,-2,0.00364324,0.0527689,0.00482169,-0.000825602,-3.50265e-05,0,0,0.0515555,-0.100175,0.013861,0.660836,0.00512852,0.0424253,0.0101163,0,0,-6.93889e-12,1.07416,0.0312597,0.01637,-0.0492093,-0.0328919,0.000676817,0,0,0.13462,0.0475183,0.118005,0.120707,0.415995,-0.026093,0.00897521,0,0,1.38778e-11,-0.0253577,0.00862754,-0.0388428,-0.0395703,0.0486823,0.000879155,0,0,0.0199857,-0.00369301,0.0785621,0.53734,-0.0316834,0.428081,-0.00652059,0,0,0,-0.260928,0.00349527,0.00144775,0.00174068,0.00318427,0.00181795,0,0,-0.0193497,-0.0112889,-0.0281257,0.00445607,0.0131393,-0.00811635,0.0683559,0,0,0,-1.20024e-12,1.20024e-12,0,1.20024e-12,1.20024e-12,1.20024e-12,0,0,0,0,0,0,0,0,0,0.905991,-4.51561e-09,0,-1.20024e-12,1.20024e-12,0,1.20024e-12,1.20024e-12,1.20024e-12,0,0,0,0,0,0,0,0,0,-4.51621e-09,0.905991,
3.29905e-07,-0.73976,0.0228404,-0.00605591,0.00165251,0.0011038,-3.36067e-05,0,0,0.567609,-0.032597,-0.119735,0.0482994,0.0112906,-0.00172302,0.00116936,0,0,9.32562e-08,-2,-0.0066036,-0.0152375,-0.00436663,0.000232402,6.83429e-06,0,0,0.0353305,0.747641,0.0399418,0.0824718,-0.0214404,-0.0279167,0.025241,0,0,5.80588e-07,-0.506561,0.0797129,0.00847368,0.0049449,0.00252749,-7.16355e-05,0,0,-0.120995,-0.0221305,0.616242,0.00479696,0.0107234,0.00529889,-0.000778486,0,0,-1.83353e-07,-2,0.00363133,0.0527823,0.00482057,-0.000825622,-3.51548e-05,0,0,0.0516453,-0.100239,0.0139274,0.660868,0.00511566,0.0424027,0.0101243,0,0,4.45321e-06,1.07436,0.0312276,0.0163869,-0.0492126,-0.0328946,0.000680881,0,0,0.134627,0.0475277,0.118232,0.120672,0.416043,-0.0260839,0.00896464,0,0,-7.01085e-07,-0.0231992,0.00864585,-0.0388085,-0.039573,0.0487308,0.00087731,0,0,0.0198935,-0.00359872,0.0784638,0.53726,-0.0316723,0.428108,-0.00653137,0,0,-6.39523e-08,-0.260995,0.00349694,0.00144501,0.00173905,0.00318282,0.00181811,0,0,-0.0193354,-0.0112918,-0.0281224,0.00446448,0.0131294,-0.00811913,0.0683568,0,0,2.40048e-12,2.40048e-12,0,-2.40048e-12,-2.40048e-12,0,2.40048e-12,0,0,0,0,0,0,0,0,0,0.905991,-4.66594e-09,2.40048e-12,1.20024e-12,0,-1.20024e-12,-1.20024e-12,0,1.20024e-12,0,0,0,0,0,0,0,0,0,-4.66504e-09,0.905991,
8.67362e-13,-0.740746,0.0228686,-0.00607129,0.00165175,0.00110479,-3.36117e-05,0,0,0.567675,-0.0326407,-0.119831,0.0483911,0.0112863,-0.00173929,0.00117544,0,0,2.1684e-13,-2,-0.00661215,-0.0152463,-0.00437004,0.000234952,6.82754e-06,0,0,0.0353519,0.74768,0.0399763,0.0825121,-0.0214507,-0.0279385,0.0252401,0,0,3.46945e-12,-0.50755,0.079707,0.00845918,0.00494492,0.00252842,-7.16161e-05,0,0,-0.121093,-0.0221738,0.616409,0.00485577,0.0107421,0.00528325,-0.000773712,0,0,0,-2,0.00361969,0.0527957,0.00481925,-0.000825668,-3.50993e-05,0,0,0.0517352,-0.100302,0.0139939,0.6609,0.00510279,0.0423802,0.0101323,0,0,-5.20417e-12,1.07456,0.0311864,0.0164038,-0.0492112,-0.0328973,0.00068048,0,0,0.134633,0.047537,0.118458,0.120638,0.41609,-0.0260748,0.00895407,0,0,-3.46945e-12,-0.0210423,0.00866562,-0.0387742,-0.0395763,0.0487797,0.000876162,0,0,0.0198012,-0.0035045,0.0783653,0.537179,-0.0316612,0.428135,-0.00654214,0,0,-4.33681e-12,-0.261061,0.00349874,0.00144227,0.00173733,0.00318135,0.00181833,0,0,-0.0193211,-0.0112948,-0.0281192,0.00447287,0.0131195,-0.0081219,0.0683577,0,0,0,-1.20024e-12,0,0,0,-1.20024e-12,-1.20024e-12,0,0,0,0,0,0,0,0,0,0.905991,-4.65574e-09,0,-1.20024e-12,0,0,0,0,0,0,0,0,0,0,0,0,0,0,-4.65544e-09,0.905991,
4.33681e-12,-0.741732,0.0228972,-0.00608667,0.00165101,0.00110577,-3.36173e-05,0,0,0.567741,-0.0326844,-0.119926,0.0484831,0.011282,-0.00175558,0.00118153,0,0,-9.58164e-12,-2,-0.00662063,-0.0152549,-0.00437346,0.000237494,6.81982e-06,0,0,0.0353732,0.747719,0.0400108,0.0825523,-0.0214609,-0.0279602,0.0252392,0,0,1.73472e-11,-0.508542,0.0797018,0.00844466,0.00494498,0.00252933,-7.15962e-05,0,0,-0.121191,-0.0222172,0.616577,0.00491475,0.0107608,0.00526756,-0.000768925,0,0,-1.38778e-11,-2,0.00360779,0.0528092,0.00481791,-0.000825738,-3.50433e-05,0,0,0.0518253,-0.100365,0.0140606,0.660932,0.00508991,0.0423576,0.0101403,0,0,1.04083e-11,1.07475,0.0311496,0.0164208,-0.0492098,-0.0329,0.000680066,0,0,0.13464,0.0475464,0.118685,0.120605,0.416138,-0.0260657,0.00894352,0,0,-1.38778e-11,-0.0188863,0.00868475,-0.0387397,-0.0395796,0.0488288,0.000875018,0,0,0.0197087,-0.00341034,0.0782664,0.537099,-0.03165,0.428162,-0.00655291,0,0,-4.33681e-12,-0.261128,0.00350047,0.00143953,0.00173561,0.00317989,0.00181856,0,0,-0.0193068,-0.0112978,-0.028116,0.00448125,0.0131096,-0.00812468,0.0683586,0,0,0,0,1.20024e-12,1.20024e-12,1.20024e-12,1.20024e-12,0,-1.20024e-12,0,0,0,0,0,0,0,0,0.905991,-4.5048e-09,0,0,0,0,0,-1.20024e-12,0,-1.12823e-10,0,0,0,0,0,0,0,0,-4.5051e-09,0.905991,
-3.2945e-07,-0.742719,0.0229253,-0.00610196,0.00165061,0.00110725,-3.42913e-05,0,0,0.567808,-0.0327282,-0.120022,0.0485751,0.0112777,-0.0017719,0.00118762,0,0,-9.32565e-08,-2,-0.00662906,-0.0152631,-0.0043772,0.000239988,6.6107e-06,0,0,0.0353945,0.747757,0.0400454,0.0825926,-0.0214712,-0.0279819,0.0252383,0,0,-5.81025e-07,-0.509534,0.079696,0.00843015,0.00494603,0.00253128,-7.27283e-05,0,0,-0.12129,-0.0222607,0.616744,0.00497388,0.0107795,0.00525182,-0.000764125,0,0,1.83131e-07,-2,0.00359614,0.0528228,0.00481635,-0.000826704,-3.46089e-05,0,0,0.0519155,-0.100429,0.0141274,0.660963,0.00507702,0.042335,0.0101483,0,0,-4.45588e-06,1.07494,0.0311083,0.0164377,-0.0492081,-0.0328937,0.000670456,0,0,0.134647,0.0475556,0.118911,0.120571,0.416185,-0.0260566,0.00893296,0,0,7.00974e-07,-0.0167336,0.00870466,-0.0387052,-0.039583,0.0488776,0.000875458,0,0,0.0196161,-0.00331626,0.0781673,0.537019,-0.0316389,0.428189,-0.00656367,0,0,6.37745e-08,-0.261194,0.00350228,0.00143681,0.0017339,0.0031783,0.00181896,0,0,-0.0192925,-0.0113007,-0.0281127,0.00448961,0.0130997,-0.00812745,0.0683596,0,0,-1.20024e-12,1.20024e-12,0,0,0,0,0,0,0,0,0,0,0,0,0,0,0.905991,4.25455e-09,-1.20024e-12,0,1.20024e-12,1.20024e-12,0,0,1.20024e-12,0,0,0,0,0,0,0,0,0,4.25545e-09,0.905991,
3.29303e-07,-0.743707,0.022954,-0.0061175,0.00164984,0.00110788,-3.39671e-05,0,0,0.567874,-0.0327719,-0.120117,0.0486674,0.0112733,-0.00178824,0.00119373,0,0,9.32506e-08,-2,-0.00663739,-0.0152718,-0.00438063,0.000242425,6.69753e-06,0,0,0.0354157,0.747796,0.0400799,0.0826327,-0.0214815,-0.0280036,0.0252374,0,0,5.81181e-07,-0.51053,0.0796913,0.00841542,0.00494607,0.0025316,-7.21274e-05,0,0,-0.121388,-0.0223043,0.616911,0.00503318,0.0107981,0.00523604,-0.000759312,0,0,-1.83076e-07,-2,0.00358407,0.0528361,0.00481502,-0.000826594,-3.47356e-05,0,0,0.0520059,-0.100492,0.0141943,0.660995,0.00506412,0.0423125,0.0101564,0,0,4.45681e-06,1.07514,0.031076,0.0164547,-0.0492068,-0.032901,0.000674489,0,0,0.134653,0.0475649,0.119137,0.120537,0.416232,-0.0260475,0.00892241,0,0,-7.00957e-07,-0.0145822,0.00872327,-0.0386704,-0.0395864,0.0489271,0.00087364,0,0,0.0195234,-0.00322226,0.0780679,0.536939,-0.0316278,0.428216,-0.00657443,0,0,-6.37077e-08,-0.26126,0.00350392,0.00143406,0.00173221,0.00317693,0.00181913,0,0,-0.0192781,-0.0113037,-0.0281095,0.00449796,0.0130898,-0.00813023,0.0683605,0,0,0,1.20024e-12,0,0,1.20024e-12,0,0,0,0,0,0,0,0,0,0,0,0.905991,4.15373e-09,0,1.20024e-12,-1.20024e-12,0,1.20024e-12,1.20024e-12,1.20024e-12,0,0,0,0,0,0,0,0,0,4.15373e-09,0.905991,
1.73472e-12,-0.744695,0.0229826,-0.00613306,0.00164903,0.00110888,-3.43006e-05,0,0,0.567941,-0.0328158,-0.120213,0.0487598,0.0112689,-0.0018046,0.00119984,0,0,-1.89735e-12,-2,-0.00664586,-0.0152805,-0.00438401,0.000244998,6.59836e-06,0,0,0.035437,0.747835,0.0401144,0.0826729,-0.0214918,-0.0280252,0.0252366,0,0,0,-0.511527,0.079686,0.00840068,0.00494598,0.00253254,-7.26901e-05,0,0,-0.121487,-0.022348,0.617078,0.00509264,0.0108167,0.00522022,-0.000754487,0,0,-1.38778e-11,-2,0.00357206,0.0528494,0.0048137,-0.000826597,-3.44979e-05,0,0,0.0520964,-0.100555,0.0142614,0.661027,0.0050512,0.0422899,0.0101644,0,0,-1.38778e-11,1.07534,0.0310392,0.0164718,-0.0492052,-0.0329037,0.000669645,0,0,0.134659,0.0475741,0.119363,0.120503,0.41628,-0.0260384,0.00891187,0,0,6.93889e-12,-0.0124332,0.00874264,-0.0386356,-0.0395897,0.0489759,0.000873182,0,0,0.0194306,-0.00312834,0.0779683,0.536859,-0.0316166,0.428244,-0.00658518,0,0,8.67362e-13,-0.261326,0.00350564,0.00143131,0.00173051,0.00317547,0.00181941,0,0,-0.0192637,-0.0113066,-0.0281062,0.00450629,0.01308,-0.008133,0.0683614,0,0,0,1.20024e-12,0,0,-1.20024e-12,-1.20024e-12,0,0,0,0,0,0,0,0,0,0,0.905991,4.16664e-09,0,0,0,0,0,-1.20024e-12,0,0,0,0,0,0,0,0,0,0,4.16664e-09,0.905991,
6.93889e-12,-0.745684,0.0230113,-0.00614862,0.00164823,0.00110987,-3.36475e-05,0,0,0.568008,-0.0328596,-0.120309,0.0488524,0.0112645,-0.00182099,0.00120596,0,0,-5.06865e-12,-2,-0.00665436,-0.0152891,-0.0043874,0.000247566,6.77738e-06,0,0,0.0354582,0.747874,0.040149,0.082713,-0.0215021,-0.0280469,0.0252357,0,0,1.73472e-11,-0.512527,0.0796808,0.00838594,0.00494593,0.00253347,-7.15082e-05,0,0,-0.121585,-0.0223917,0.617244,0.00515225,0.0108353,0.00520435,-0.000749649,0,0,-2.77556e-11,-2,0.00355996,0.0528628,0.00481237,-0.000826627,-3.48087e-05,0,0,0.052187,-0.100619,0.0143287,0.661058,0.00503828,0.0422673,0.0101724,0,0,1.21431e-11,1.07552,0.0310021,0.0164888,-0.0492035,-0.0329064,0.000678161,0,0,0.134666,0.0475833,0.119588,0.120469,0.416327,-0.0260293,0.00890134,0,0,4.51028e-11,-0.0102845,0.00876206,-0.0386006,-0.039593,0.0490252,0.00087062,0,0,0.0193376,-0.00303449,0.0778683,0.536778,-0.0316055,0.428271,-0.00659593,0,0,6.93889e-12,-0.261391,0.00350736,0.00142855,0.00172878,0.00317399,0.00181951,0,0,-0.0192493,-0.0113096,-0.028103,0.00451462,0.0130701,-0.00813577,0.0683623,0,0,0,0,0,0,0,0,0,0,0,0,0,0,0,0,0,0,0.905991,4.28366e-09,0,0,0,0,0,0,0,0,0,0,0,0,0,0,0,0,4.28336e-09,0.905991,
8.67362e-13,-0.746674,0.0230402,-0.00616418,0.00164779,0.00111052,-3.39821e-05,0,0,0.568075,-0.0329035,-0.120405,0.0489451,0.0112601,-0.0018374,0.00121209,0,0,-1.4569e-11,-2,-0.00666286,-0.0152977,-0.00439072,0.000250027,6.67543e-06,0,0,0.0354794,0.747914,0.0401836,0.0827531,-0.0215124,-0.0280685,0.0252348,0,0,6.93889e-12,-0.513529,0.0796757,0.00837119,0.00494653,0.00253381,-7.20698e-05,0,0,-0.121684,-0.0224356,0.617411,0.00521204,0.0108538,0.00518843,-0.000744798,0,0,-1.38778e-11,-2,0.0035478,0.0528762,0.00481083,-0.000826509,-3.45699e-05,0,0,0.0522778,-0.100682,0.0143961,0.66109,0.00502534,0.0422447,0.0101805,0,0,2.60209e-11,1.07571,0.030965,0.016506,-0.0491971,-0.0329136,0.000673285,0,0,0.134672,0.0475925,0.119814,0.120436,0.416374,-0.0260202,0.00889082,0,0,3.46945e-12,-0.00813742,0.00878155,-0.0385656,-0.039597,0.0490753,0.000870169,0,0,0.0192446,-0.00294071,0.0777681,0.536698,-0.0315944,0.428298,-0.00660667,0,0,-8.67362e-13,-0.261456,0.00350909,0.0014258,0.00172697,0.00317258,0.00181979,0,0,-0.0192349,-0.0113125,-0.0280997,0.00452293,0.0130602,-0.00813854,0.0683632,0,0,0,2.40048e-12,2.40048e-12,0,1.20024e-12,-1.20024e-12,0,1.20024e-12,0,0,0,0,0,0,0,0,0.905991,-4.51381e-09,0,-2.40048e-12,-2.40048e-12,0,-1.20024e-12,1.20024e-12,1.20024e-12,1.14023e-10,0,0,0,0,0,0,0,0,-4.51381e-09,0.905991,
0,-0.747664,0.0230687,-0.00617978,0.00164704,0.00111182,-3.36596e-05,0,0,0.568143,-0.0329474,-0.120501,0.049038,0.0112556,-0.00185384,0.00121823,0,0,5.84114e-12,-2,-0.00667147,-0.0153063,-0.00439415,0.000252663,6.75919e-06,0,0,0.0355006,0.747953,0.0402182,0.0827932,-0.0215228,-0.0280901,0.025234,0,0,-6.93889e-12,-0.514533,0.07967,0.0083564,0.00494659,0.00253531,-7.14678e-05,0,0,-0.121782,-0.0224796,0.617577,0.00527198,0.0108724,0.00517246,-0.000739934,0,0,-1.38778e-11,-2,0.00353576,0.0528896,0.00480947,-0.000826784,-3.46963e-05,0,0,0.0523688,-0.100745,0.0144636,0.661122,0.0050124,0.0422221,0.0101885,0,0,2.42861e-11,1.0759,0.0309234,0.0165231,-0.0491951,-0.0329119,0.000677313,0,0,0.134678,0.0476016,0.12004,0.120402,0.416421,-0.0260111,0.0088803,0,0,-6.93889e-12,-0.00599262,0.00880182,-0.0385305,-0.0396002,0.0491242,0.000868325,0,0,0.0191513,-0.00284699,0.0776675,0.536618,-0.0315832,0.428325,-0.0066174,0,0,9.54098e-12,-0.261521,0.00351088,0.00142304,0.00172523,0.00317104,0.00181996,0,0,-0.0192205,-0.0113154,-0.0280964,0.00453123,0.0130504,-0.0081413,0.0683641,0,0,0,0,0,0,0,0,1.20024e-12,0,0,0,0,0,0,0,0,0,0.905991,-4.60142e-09,0,0,0,0,0,0,0,0,0,0,0,0,0,0,0,0,-4.60142e-09,0.905991,
-3.2853e-07,-0.748655,0.0230976,-0.0061954,0.00164563,0.00111246,-3.39946e-05,0,0,0.56821,-0.0329914,-0.120597,0.0491311,0.0112512,-0.0018703,0.00122438,0,0,-9.32394e-08,-2,-0.00667998,-0.0153148,-0.00439777,0.000255111,6.65618e-06,0,0,0.0355217,0.747993,0.0402528,0.0828332,-0.0215331,-0.0281116,0.0252331,0,0,-5.81885e-07,-0.515538,0.0796649,0.00834157,0.0049455,0.00253564,-7.2029e-05,0,0,-0.121881,-0.0225236,0.617743,0.00533209,0.0108909,0.00515645,-0.000735058,0,0,1.82701e-07,-2,0.00352349,0.052903,0.00480846,-0.0008267,-3.44569e-05,0,0,0.0524599,-0.100809,0.0145314,0.661153,0.00499944,0.0421995,0.0101966,0,0,-4.46119e-06,1.0761,0.0308861,0.0165402,-0.049202,-0.0329191,0.000672415,0,0,0.134684,0.0476107,0.120266,0.120369,0.416468,-0.0260021,0.00886979,0,0,7.00783e-07,-0.00385079,0.00882145,-0.0384952,-0.0396021,0.0491746,0.000867884,0,0,0.019058,-0.00275333,0.0775667,0.536538,-0.0315721,0.428352,-0.00662814,0,0,6.34111e-08,-0.261586,0.00351261,0.00142028,0.00172361,0.00316963,0.00182025,0,0,-0.019206,-0.0113183,-0.0280931,0.00453951,0.0130405,-0.00814407,0.068365,0,0,0,-1.20024e-12,0,1.20024e-12,0,0,-1.20024e-12,0,0,0,0,0,0,0,0,0,0.905991,-4.53931e-09,0,1.20024e-12,0,0,0,0,0,0,0,0,0,0,0,0,0,0,-4.53901e-09,0.905991,
1.73472e-12,-0.749647,0.023127,-0.00621061,0.00164586,0.00111393,-3.43387e-05,0,0,0.568278,-0.0330353,-0.120693,0.0492243,0.0112467,-0.00188679,0.00123053,0,0,1.28207e-11,-2,-0.00668817,-0.0153228,-0.00440133,0.000257613,6.53857e-06,0,0,0.0355429,0.748032,0.0402874,0.0828732,-0.0215435,-0.0281332,0.0252322,0,0,6.93889e-12,-0.516548,0.0796609,0.00832731,0.00494769,0.00253759,-7.25808e-05,0,0,-0.12198,-0.0225678,0.617909,0.00539236,0.0109094,0.00514039,-0.000730168,0,0,0,-2,0.00351092,0.0529164,0.0048065,-0.000827681,-3.42058e-05,0,0,0.0525511,-0.100872,0.0145992,0.661185,0.00498647,0.0421769,0.0102047,0,0,5.20417e-12,1.07628,0.0308578,0.0165618,-0.0491909,-0.0329128,0.000667237,0,0,0.13469,0.0476198,0.120491,0.120336,0.416515,-0.025993,0.00885927,0,0,-2.08167e-11,-0.00170819,0.00883978,-0.0384606,-0.0396068,0.0492239,0.000867622,0,0,0.0189645,-0.00265976,0.0774656,0.536458,-0.0315609,0.428379,-0.00663886,0,0,-9.54098e-12,-0.261651,0.00351421,0.00141748,0.00172176,0.00316803,0.00182059,0,0,-0.0191916,-0.0113212,-0.0280898,0.00454778,0.0130307,-0.00814684,0.0683659,0,0,0,1.20024e-12,1.20024e-12,0,0,-1.20024e-12,1.20024e-12,0,0,0,0,0,0,0,0,0,0.905991,-4.35507e-09,0,0,0,0,0,0,2.40048e-12,0,0,0,0,0,0,0,0,0,-4.35537e-09,0.905991,
-3.46945e-12,-0.750639,0.0231552,-0.00622673,0.00164506,0.00111489,-3.3688e-05,0,0,0.568346,-0.0330793,-0.120789,0.0493177,0.0112422,-0.0019033,0.00123669,0,0,5.19062e-12,-2,-0.00669672,-0.0153314,-0.00440475,0.000260153,6.71712e-06,0,0,0.035564,0.748072,0.040322,0.0829132,-0.0215539,-0.0281547,0.0252313,0,0,-2.08167e-11,-0.517558,0.0796551,0.00831165,0.00494769,0.0025385,-7.13963e-05,0,0,-0.122079,-0.022612,0.618074,0.0054528,0.0109278,0.00512428,-0.000725266,0,0,-1.38778e-11,-2,0.00349885,0.0529297,0.00480514,-0.000827759,-3.45143e-05,0,0,0.0526425,-0.100935,0.0146672,0.661217,0.00497348,0.0421542,0.0102127,0,0,-1.73472e-12,1.07647,0.0308162,0.0165746,-0.049189,-0.0329157,0.000675728,0,0,0.134696,0.0476288,0.120716,0.120302,0.416562,-0.0259839,0.00884877,0,0,3.46945e-12,0.000430321,0.0088603,-0.0384243,-0.0396102,0.0492732,0.000865099,0,0,0.0188709,-0.00256628,0.0773643,0.536379,-0.0315498,0.428406,-0.00664958,0,0,-1.12757e-11,-0.261715,0.00351596,0.00141478,0.00172006,0.00316659,0.0018207,0,0,-0.0191771,-0.0113241,-0.0280865,0.00455604,0.0130208,-0.0081496,0.0683668,0,0,0,1.20024e-12,-2.40048e-12,-2.40048e-12,-2.40048e-12,0,0,0,0,0,0,0,0,0,0,0,0.905991,4.09192e-09,0,0,-1.20024e-12,-1.20024e-12,-1.20024e-12,-1.20024e-12,0,1.20024e-12,0,0,0,0,0,0,0,0,4.09252e-09,0.905991,
-5.20417e-12,-0.751633,0.023184,-0.00624288,0.00164388,0.00111523,-3.3693e-05,0,0,0.568414,-0.0331234,-0.120886,0.0494113,0.0112377,-0.00191984,0.00124286,0,0,1.20617e-12,-2,-0.00670522,-0.0153401,-0.00440822,0.000262553,6.70979e-06,0,0,0.035585,0.748112,0.0403567,0.0829531,-0.0215643,-0.0281762,0.0252305,0,0,-1.38778e-11,-0.518571,0.07965,0.00829598,0.00494696,0.00253829,-7.13773e-05,0,0,-0.122178,-0.0226564,0.61824,0.0055134,0.0109463,0.00510813,-0.000720351,0,0,0,-2,0.00348648,0.0529431,0.00480398,-0.000827395,-3.44594e-05,0,0,0.052734,-0.100999,0.0147354,0.661248,0.00496049,0.0421316,0.0102208,0,0,5.20417e-12,1.07665,0.0307789,0.0165873,-0.0491914,-0.0329273,0.000675333,0,0,0.134702,0.0476378,0.120942,0.120269,0.416609,-0.0259749,0.00883828,0,0,5.89806e-11,0.00256836,0.00888018,-0.038388,-0.0396128,0.0493239,0.000863933,0,0,0.0187772,-0.00247288,0.0772626,0.536299,-0.0315387,0.428434,-0.00666029,0,0,1.04083e-11,-0.261779,0.00351766,0.00141206,0.0017184,0.00316524,0.00182092,0,0,-0.0191626,-0.0113269,-0.0280831,0.00456428,0.013011,-0.00815237,0.0683677,0,0,0,0,0,0,0,0,0,5.76116e-11,0,0,0,0,0,0,0,0,0.905991,3.9704e-09,0,0,0,0,-1.20024e-12,0,-1.20024e-12,0,0,0,0,0,0,0,0,0,3.9698e-09,0.905991,
-2.60209e-12,-0.752626,0.0232126,-0.00625805,0.00164304,0.00111655,-3.40265e-05,0,0,0.568482,-0.0331674,-0.120982,0.049505,0.0112331,-0.00193639,0.00124904,0,0,-2.75116e-12,-2,-0.00671384,-0.0153484,-0.0044116,0.00026523,6.60772e-06,0,0,0.0356061,0.748152,0.0403913,0.082993,-0.0215747,-0.0281976,0.0252296,0,0,-1.04083e-11,-0.519585,0.0796443,0.00828205,0.00494686,0.00253981,-7.19403e-05,0,0,-0.122277,-0.0227008,0.618405,0.00557417,0.0109647,0.00509193,-0.000715422,0,0,-1.38778e-11,-2,0.00347419,0.052956,0.00480262,-0.000827601,-3.42218e-05,0,0,0.0528257,-0.101062,0.0148037,0.66128,0.00494749,0.042109,0.0102289,0,0,-6.93889e-12,1.07685,0.030737,0.0166135,-0.0491891,-0.0329256,0.000670462,0,0,0.134707,0.0476467,0.121167,0.120236,0.416655,-0.0259658,0.00882779,0,0,-4.16334e-11,0.00470323,0.00890082,-0.0383536,-0.039616,0.0493729,0.000863465,0,0,0.0186834,-0.00237955,0.0771607,0.536219,-0.0315275,0.428461,-0.006671,0,0,-1.12757e-11,-0.261843,0.00351943,0.00140916,0.00171667,0.00316369,0.00182121,0,0,-0.0191481,-0.0113298,-0.0280798,0.00457251,0.0130012,-0.00815513,0.0683686,0,0,0,0,-1.20024e-12,-1.20024e-12,1.20024e-12,-1.20024e-12,0,0,0,0,0,0,0,0,0,0,0.905991,3.95239e-09,0,0,0,0,0,0,0,0,0,0,0,0,0,0,0,0,3.95209e-09,0.905991,
4.33681e-12,-0.753621,0.023242,-0.00627388,0.00164223,0.00111786,-3.40326e-05,0,0,0.568551,-0.0332115,-0.121079,0.0495989,0.0112286,-0.00195298,0.00125523,0,0,6.6814e-12,-2,-0.00672229,-0.0153569,-0.004415,0.000267895,6.59766e-06,0,0,0.0356271,0.748193,0.040426,0.0830329,-0.0215851,-0.0282191,0.0252287,0,0,6.93889e-12,-0.520602,0.0796398,0.00826695,0.00494681,0.00254133,-7.19204e-05,0,0,-0.122377,-0.0227453,0.61857,0.0056351,0.0109831,0.00507569,-0.000710481,0,0,-1.38778e-11,-2,0.00346146,0.0529693,0.00480125,-0.00082784,-3.41661e-05,0,0,0.0529175,-0.101126,0.0148722,0.661311,0.00493447,0.0420863,0.010237,0,0,3.81639e-11,1.07703,0.030704,0.0166308,-0.0491867,-0.0329238,0.000670038,0,0,0.134713,0.0476557,0.121392,0.120203,0.416702,-0.0259568,0.00881731,0,0,6.93889e-12,0.00683778,0.00892012,-0.0383178,-0.0396192,0.0494221,0.000862302,0,0,0.0185894,-0.00228629,0.0770584,0.536139,-0.0315164,0.428488,-0.0066817,0,0,5.20417e-12,-0.261906,0.00352107,0.00140639,0.00171491,0.00316213,0.00182143,0,0,-0.0191335,-0.0113326,-0.0280764,0.00458073,0.0129913,-0.00815789,0.0683695,0,0,0,0,0,0,0,-1.20024e-12,1.20024e-12,0,0,0,0,0,0,0,0,0,0.905991,4.02441e-09,0,1.20024e-12,0,0,-1.20024e-12,-1.20024e-12,1.20024e-12,0,0,0,0,0,0,0,0,0,4.02411e-09,0.905991,
0,-0.754616,0.0232711,-0.00629007,0.00164111,0.00111818,-3.40392e-05,0,0,0.56862,-0.0332556,-0.121175,0.0496929,0.011224,-0.00196958,0.00126143,0,0,-2.24972e-12,-2,-0.00673083,-0.0153655,-0.0044185,0.000270271,6.58688e-06,0,0,0.0356481,0.748233,0.0404607,0.0830728,-0.0215955,-0.0282405,0.0252279,0,0,0,-0.521621,0.0796348,0.00825123,0.00494622,0.00254109,-7.19e-05,0,0,-0.122476,-0.02279,0.618735,0.00569619,0.0110014,0.0050594,-0.000705526,0,0,0,-2,0.00344886,0.0529827,0.00480004,-0.000827556,-3.41098e-05,0,0,0.0530094,-0.101189,0.0149408,0.661343,0.00492145,0.0420637,0.0102451,0,0,1.56125e-11,1.07721,0.0306664,0.0166437,-0.0491886,-0.0329355,0.000669601,0,0,0.134719,0.0476646,0.121617,0.12017,0.416749,-0.0259477,0.00880683,0,0,-3.46945e-12,0.00896994,0.0089402,-0.0382811,-0.0396217,0.0494735,0.000861147,0,0,0.0184953,-0.0021931,0.0769559,0.536059,-0.0315052,0.428515,-0.0066924,0,0,-1.64799e-11,-0.26197,0.00352278,0.00140367,0.00171322,0.00316076,0.00182166,0,0,-0.0191189,-0.0113355,-0.0280731,0.00458893,0.0129815,-0.00816065,0.0683704,0,0,0,1.20024e-12,0,-1.20024e-12,1.20024e-12,1.20024e-12,1.20024e-12,0,0,0,0,0,0,0,0,0,0.905991,4.18884e-09,0,0,-1.20024e-12,0,1.20024e-12,1.20024e-12,1.20024e-12,0,0,0,0,0,0,0,0,0,4.18854e-09,0.905991,
3.27465e-07,-0.755611,0.0233003,-0.00630595,0.00164064,0.00111915,-3.43733e-05,0,0,0.568688,-0.0332998,-0.121272,0.0497871,0.0112194,-0.00198622,0.00126763,0,0,9.32028e-08,-2,-0.00673938,-0.0153739,-0.00442183,0.000272831,6.4826e-06,0,0,0.0356691,0.748273,0.0404954,0.0831126,-0.021606,-0.0282619,0.025227,0,0,5.8294e-07,-0.522642,0.0796298,0.00823605,0.0049468,0.00254202,-7.24624e-05,0,0,-0.122576,-0.0228347,0.6189,0.00575745,0.0110197,0.00504306,-0.000700559,0,0,-1.82188e-07,-2,0.00343621,0.052996,0.00479846,-0.000827644,-3.38711e-05,0,0,0.0531015,-0.101252,0.0150095,0.661374,0.00490841,0.042041,0.0102532,0,0,4.46731e-06,1.0774,0.0306287,0.016661,-0.0491815,-0.0329382,0.000664692,0,0,0.134724,0.0476734,0.121842,0.120137,0.416795,-0.0259387,0.00879636,0,0,-7.00471e-07,0.0111004,0.00896036,-0.0382451,-0.0396256,0.0495237,0.000860695,0,0,0.0184011,-0.00209999,0.0768531,0.53598,-0.0314941,0.428542,-0.00670309,0,0,-6.3019e-08,-0.262033,0.00352449,0.00140089,0.0017114,0.00315927,0.00182195,0,0,-0.0191044,-0.0113383,-0.0280697,0.00459712,0.0129717,-0.00816341,0.0683714,0,0,1.20024e-12,0,0,0,-1.20024e-12,0,0,0,0,0,0,0,0,0,0,0,0.905991,-4.4643e-09,0,0,0,0,0,0,1.20024e-12,0,0,0,0,0,0,0,0,0,-4.4646e-09,0.905991,
3.46945e-12,-0.756607,0.0233289,-0.00632209,0.00164049,0.00112029,-3.37347e-05,0,0,0.568758,-0.033344,-0.121369,0.0498815,0.0112148,-0.00200287,0.00127384,0,0,-9.58164e-12,-2,-0.00674789,-0.0153819,-0.00442546,0.000275262,6.6432e-06,0,0,0.0356901,0.748314,0.0405302,0.0831524,-0.0216164,-0.0282833,0.0252262,0,0,1.04083e-11,-0.523665,0.0796241,0.00822028,0.00494834,0.0025434,-7.12661e-05,0,0,-0.122675,-0.0228795,0.619064,0.00581889,0.0110381,0.00502667,-0.000695578,0,0,0,-2,0.0034238,0.0530097,0.00479666,-0.000828431,-3.41671e-05,0,0,0.0531938,-0.101316,0.0150785,0.661406,0.00489535,0.0420183,0.0102613,0,0,-2.42861e-11,1.07758,0.0305866,0.0166739,-0.0491743,-0.0329364,0.000672907,0,0,0.134729,0.0476822,0.122067,0.120104,0.416842,-0.0259297,0.0087859,0,0,-6.93889e-12,0.0132281,0.0089813,-0.0382082,-0.0396296,0.0495741,0.000858318,0,0,0.0183067,-0.00200696,0.07675,0.5359,-0.0314829,0.42857,-0.00671377,0,0,-9.54098e-12,-0.262096,0.00352626,0.0013982,0.0017096,0.00315773,0.0018221,0,0,-0.0190898,-0.0113411,-0.0280663,0.0046053,0.0129619,-0.00816617,0.0683723,0,0,0,0,0,0,0,-1.20024e-12,1.20024e-12,5.76116e-11,0,0,0,0,0,0,0,0,0.905991,-4.60202e-09,0,0,0,0,0,0,-1.20024e-12,0,0,0,0,0,0,0,0,0,-4.60352e-09,0.905991,
-2.60209e-12,-0.757604,0.0233581,-0.00633782,0.00163932,0.00112093,-3.40682e-05,0,0,0.568827,-0.0333882,-0.121466,0.0499761,0.0112101,-0.00201955,0.00128006,0,0,-4.74338e-13,-2,-0.00675629,-0.0153903,-0.00442896,0.000277728,6.54087e-06,0,0,0.035711,0.748355,0.0405649,0.0831921,-0.0216269,-0.0283046,0.0252253,0,0,-3.46945e-12,-0.52469,0.0796196,0.00820544,0.00494768,0.00254375,-7.18289e-05,0,0,-0.122775,-0.0229244,0.619228,0.00588048,0.0110564,0.00501023,-0.000690584,0,0,0,-2,0.00341098,0.0530226,0.00479546,-0.000828314,-3.39285e-05,0,0,0.0532862,-0.101379,0.0151476,0.661437,0.00488229,0.0419956,0.0102695,0,0,1.73472e-12,1.07777,0.0305535,0.0166957,-0.0491764,-0.0329438,0.000668001,0,0,0.134735,0.047691,0.122291,0.120071,0.416888,-0.0259206,0.00877544,0,0,-6.93889e-12,0.0153536,0.00900093,-0.0381726,-0.0396322,0.0496245,0.000857884,0,0,0.0182123,-0.00191402,0.0766466,0.53582,-0.0314718,0.428597,-0.00672445,0,0,-8.67362e-13,-0.262158,0.00352787,0.00139535,0.00170795,0.00315633,0.0018224,0,0,-0.0190751,-0.0113439,-0.0280629,0.00461346,0.0129521,-0.00816893,0.0683732,0,0,0,-1.20024e-12,-1.20024e-12,0,0,1.20024e-12,-1.20024e-12,0,0,0,0,0,0,0,0,0,0.905991,-4.58882e-09,0,3.60072e-12,3.60072e-12,1.20024e-12,0,-2.40048e-12,3.60072e-12,0,0,0,0,0,0,0,0,0,-4.58972e-09,0.905991,
2.60209e-12,-0.758602,0.0233868,-0.00635358,0.00163842,0.00112225,-3.44004e-05,0,0,0.568896,-0.0334324,-0.121563,0.0500708,0.0112055,-0.00203626,0.00128629,0,0,8.66006e-12,-2,-0.00676492,-0.0153987,-0.00443231,0.000280427,6.43912e-06,0,0,0.0357319,0.748396,0.0405997,0.0832318,-0.0216374,-0.028326,0.0252244,0,0,3.46945e-12,-0.525719,0.0796139,0.00819059,0.00494746,0.00254529,-7.23935e-05,0,0,-0.122874,-0.0229694,0.619392,0.00594225,0.0110746,0.00499375,-0.000685577,0,0,0,-2,0.0033984,0.0530355,0.0047941,-0.000828482,-3.3692e-05,0,0,0.0533787,-0.101442,0.0152168,0.661468,0.00486922,0.0419729,0.0102776,0,0,3.46945e-12,1.07795,0.0305114,0.0167176,-0.0491737,-0.032942,0.000663133,0,0,0.13474,0.0476998,0.122516,0.120039,0.416935,-0.0259116,0.00876499,0,0,0,0.0174793,0.00902203,-0.0381368,-0.0396354,0.0496736,0.000857406,0,0,0.0181177,-0.00182117,0.076543,0.535741,-0.0314606,0.428624,-0.00673512,0,0,5.20417e-12,-0.262221,0.00352961,0.00139249,0.00170621,0.00315478,0.00182268,0,0,-0.0190605,-0.0113467,-0.0280595,0.0046216,0.0129423,-0.00817169,0.0683741,0,0,0,-1.20024e-12,0,0,0,0,0,0,0,0,0,0,0,0,0,0,0.905991,-4.44029e-09,0,-2.40048e-12,-1.20024e-12,1.20024e-12,0,0,1.20024e-12,0,0,0,0,0,0,0,0,0,-4.43969e-09,0.905991,
1.73472e-12,-0.7596,0.0234159,-0.00636967,0.00163754,0.00112325,-3.37523e-05,0,0,0.568966,-0.0334767,-0.12166,0.0501657,0.0112008,-0.00205299,0.00129252,0,0,1.20346e-11,-2,-0.00677349,-0.0154071,-0.00443567,0.00028303,6.61545e-06,0,0,0.0357528,0.748437,0.0406344,0.0832715,-0.0216479,-0.0283473,0.0252236,0,0,-3.46945e-12,-0.526748,0.0796089,0.00817515,0.00494728,0.00254625,-7.12073e-05,0,0,-0.122974,-0.0230145,0.619556,0.00600418,0.0110928,0.00497722,-0.000680557,0,0,-1.38778e-11,-2,0.00338554,0.0530486,0.00479271,-0.000828492,-3.40009e-05,0,0,0.0534714,-0.101506,0.0152862,0.6615,0.00485613,0.0419503,0.0102857,0,0,4.16334e-11,1.07813,0.0304735,0.0167351,-0.0491709,-0.0329447,0.000671664,0,0,0.134745,0.0477085,0.122741,0.120006,0.416981,-0.0259026,0.00875455,0,0,-3.46945e-12,0.0196009,0.00904249,-0.0381003,-0.0396386,0.0497237,0.000854822,0,0,0.0180229,-0.00172839,0.0764391,0.535661,-0.0314495,0.428651,-0.00674579,0,0,8.67362e-12,-0.262283,0.00353129,0.00138969,0.00170446,0.00315327,0.00182278,0,0,-0.0190458,-0.0113495,-0.0280561,0.00462974,0.0129325,-0.00817445,0.068375,0,0,0,-1.20024e-12,0,0,0,0,-1.20024e-12,0,0,0,0,0,0,0,0,0,0.905991,4.19664e-09,0,1.20024e-12,0,0,0,0,1.20024e-12,0,0,0,0,0,0,0,0,0,4.19634e-09,0.905991,
-3.26694e-07,-0.760598,0.0234459,-0.0063861,0.00163669,0.00112391,-3.40855e-05,0,0,0.569036,-0.033521,-0.121757,0.0502607,0.0111961,-0.00206974,0.00129877,0,0,-9.31842e-08,-2,-0.00678188,-0.0154156,-0.00443905,0.000285529,6.51096e-06,0,0,0.0357736,0.748478,0.0406692,0.0833112,-0.0216584,-0.0283685,0.0252227,0,0,-5.83669e-07,-0.52778,0.0796052,0.00815912,0.00494715,0.00254661,-7.17709e-05,0,0,-0.123074,-0.0230597,0.61972,0.00606628,0.011111,0.00496065,-0.000675523,0,0,1.81813e-07,-2,0.00337224,0.053062,0.00479131,-0.000828352,-3.37635e-05,0,0,0.0535643,-0.101569,0.0153557,0.661531,0.00484304,0.0419276,0.0102939,0,0,-4.47164e-06,1.07832,0.0304445,0.0167481,-0.0491679,-0.0329519,0.000666767,0,0,0.13475,0.0477172,0.122965,0.119974,0.417028,-0.0258936,0.00874411,0,0,7.00311e-07,0.0217208,0.00906161,-0.0380629,-0.0396417,0.0497747,0.000854346,0,0,0.0179281,-0.0016357,0.0763348,0.535582,-0.0314383,0.428679,-0.00675645,0,0,6.27423e-08,-0.262345,0.00353286,0.00138696,0.00170269,0.00315182,0.00182306,0,0,-0.0190312,-0.0113522,-0.0280527,0.00463786,0.0129228,-0.0081772,0.0683759,0,0,0,0,0,0,0,0,0,0,0,0,0,0,0,0,0,0,0.905991,4.09672e-09,0,1.20024e-12,-1.20024e-12,0,-1.20024e-12,-1.20024e-12,0,0,0,0,0,0,0,0,0,0,4.09612e-09,0.905991,
3.26544e-07,-0.761598,0.0234753,-0.00640189,0.00163617,0.00112521,-3.37659e-05,0,0,0.569106,-0.0335653,-0.121854,0.0503559,0.0111913,-0.00208651,0.00130502,0,0,9.31993e-08,-2,-0.00679046,-0.0154238,-0.00444236,0.000288205,6.59209e-06,0,0,0.0357944,0.748519,0.040704,0.0833508,-0.0216689,-0.0283898,0.0252219,0,0,5.83825e-07,-0.528814,0.0796002,0.00814422,0.00494765,0.00254814,-7.11668e-05,0,0,-0.123174,-0.023105,0.619883,0.00612855,0.0111292,0.00494403,-0.000670476,0,0,-1.81716e-07,-2,0.00335924,0.053075,0.00478972,-0.0008286,-3.38892e-05,0,0,0.0536573,-0.101632,0.0154254,0.661562,0.00482993,0.0419048,0.010302,0,0,4.47246e-06,1.07849,0.0304065,0.0167701,-0.0491604,-0.0329502,0.0006708,0,0,0.134755,0.0477259,0.123189,0.119941,0.417074,-0.0258846,0.00873369,0,0,-7.00252e-07,0.0238403,0.00908221,-0.0380269,-0.0396456,0.0498245,0.000852477,0,0,0.0178331,-0.00154308,0.0762303,0.535502,-0.0314272,0.428706,-0.0067671,0,0,-6.26808e-08,-0.262406,0.00353455,0.0013841,0.00170086,0.00315025,0.00182323,0,0,-0.0190165,-0.011355,-0.0280493,0.00464596,0.012913,-0.00817996,0.0683768,0,0,0,-1.20024e-12,0,0,0,0,0,0,0,0,0,0,0,0,0,0,0.905991,4.10572e-09,0,-1.20024e-12,0,1.20024e-12,1.20024e-12,1.20024e-12,-1.20024e-12,0,0,0,0,0,0,0,0,0,4.10572e-09,0.905991,
5.20417e-12,-0.762598,0.023504,-0.0064187,0.00163501,0.00112619,-3.37731e-05,0,0,0.569176,-0.0336097,-0.121951,0.0504513,0.0111866,-0.00210331,0.00131128,0,0,3.33392e-12,-2,-0.00679924,-0.0154323,-0.00444585,0.000290786,6.57979e-06,0,0,0.0358152,0.74856,0.0407388,0.0833904,-0.0216795,-0.028411,0.025221,0,0,1.73472e-11,-0.529851,0.0795942,0.00812753,0.00494699,0.00254908,-7.11461e-05,0,0,-0.123274,-0.0231504,0.620046,0.00619098,0.0111474,0.00492736,-0.000665416,0,0,0,-2,0.00334655,0.0530885,0.00478848,-0.000828672,-3.38329e-05,0,0,0.0537504,-0.101696,0.0154953,0.661594,0.00481681,0.0418821,0.0103102,0,0,-1.73472e-12,1.07867,0.0303595,0.0167787,-0.0491617,-0.0329529,0.000670357,0,0,0.13476,0.0477345,0.123414,0.119909,0.41712,-0.0258756,0.00872326,0,0,2.77556e-11,0.0259572,0.00910429,-0.0379886,-0.039648,0.0498752,0.00085131,0,0,0.0177381,-0.00145053,0.0761255,0.535423,-0.031416,0.428733,-0.00677775,0,0,1.73472e-12,-0.262468,0.00353637,0.00138142,0.00169915,0.00314874,0.00182346,0,0,-0.0190018,-0.0113578,-0.0280458,0.00465406,0.0129032,-0.00818271,0.0683777,0,0,0,0,0,0,0,0,0,0,0,0,0,0,0,0,0,0,0.905991,4.21465e-09,0,0,-1.20024e-12,2.40048e-12,0,1.20024e-12,1.20024e-12,-1.15223e-10,0,0,0,0,0,0,0,0,4.21525e-09,0.905991,
-3.46945e-12,-0.763598,0.0235335,-0.00643444,0.00163481,0.00112701,-3.44422e-05,0,0,0.569247,-0.0336541,-0.122049,0.0505468,0.0111818,-0.00212014,0.00131755,0,0,1.53144e-12,-2,-0.0068076,-0.0154401,-0.00444946,0.000293146,6.36623e-06,0,0,0.035836,0.748602,0.0407737,0.08343,-0.02169,-0.0284322,0.0252202,0,0,-1.04083e-11,-0.530889,0.0795898,0.00811257,0.00494846,0.0025499,-7.2284e-05,0,0,-0.123374,-0.0231959,0.620209,0.00625359,0.0111655,0.00491064,-0.000660342,0,0,1.38778e-11,-2,0.00333339,0.0531017,0.00478666,-0.000829264,-3.34016e-05,0,0,0.0538437,-0.101759,0.0155653,0.661625,0.00480367,0.0418594,0.0103183,0,0,-2.94903e-11,1.07885,0.0303259,0.0168007,-0.0491539,-0.0329556,0.000660686,0,0,0.134765,0.0477431,0.123638,0.119876,0.417166,-0.0258666,0.00871284,0,0,-5.89806e-11,0.0280719,0.00912435,-0.0379523,-0.039652,0.0499268,0.00085172,0,0,0.0176428,-0.00135807,0.0760204,0.535344,-0.0314049,0.42876,-0.00678839,0,0,1.99493e-11,-0.262529,0.00353799,0.00137858,0.00169733,0.00314725,0.00182386,0,0,-0.018987,-0.0113605,-0.0280424,0.00466214,0.0128934,-0.00818546,0.0683786,0,0,0,0,0,1.20024e-12,0,-2.40048e-12,1.20024e-12,0,0,0,0,0,0,0,0,0,0.905991,-4.43129e-09,0,0,0,-2.40048e-12,0,2.40048e-12,0,0,0,0,0,0,0,0,0,0,-4.43279e-09,0.905991,
-1.73472e-12,-0.764599,0.0235623,-0.00645077,0.00163327,0.00112797,-3.37964e-05,0,0,0.569317,-0.0336985,-0.122146,0.0506425,0.011177,-0.00213698,0.00132382,0,0,-6.30193e-12,-2,-0.00681623,-0.0154484,-0.00445304,0.000295725,6.54225e-06,0,0,0.0358568,0.748643,0.0408085,0.0834695,-0.0217006,-0.0284534,0.0252193,0,0,6.93889e-12,-0.53193,0.0795842,0.0080968,0.00494713,0.00255084,-7.10955e-05,0,0,-0.123474,-0.0232415,0.620372,0.00631637,0.0111836,0.00489387,-0.000655255,0,0,1.38778e-11,-2,0.00332053,0.0531146,0.00478562,-0.000829313,-3.37085e-05,0,0,0.0539371,-0.101823,0.0156354,0.661656,0.00479053,0.0418367,0.0103265,0,0,4.16334e-11,1.07902,0.0302835,0.0168183,-0.0491599,-0.0329585,0.000669197,0,0,0.13477,0.0477516,0.123862,0.119844,0.417212,-0.0258576,0.00870243,0,0,1.73472e-11,0.0301844,0.00914591,-0.0379152,-0.0396538,0.0499769,0.000849171,0,0,0.0175475,-0.00126571,0.0759151,0.535264,-0.0313937,0.428788,-0.00679902,0,0,0,-0.26259,0.00353971,0.00137577,0.00169573,0.00314577,0.00182396,0,0,-0.0189723,-0.0113632,-0.0280389,0.0046702,0.0128837,-0.00818821,0.0683795,0,0,0,2.40048e-12,0,-1.20024e-12,1.20024e-12,-1.20024e-12,2.40048e-12,0,0,0,0,0,0,0,0,0,0.905991,-4.51231e-09,0,1.20024e-12,0,0,1.20024e-12,-1.20024e-12,1.20024e-12,0,0,0,0,0,0,0,0,0,-4.51201e-09,0.905991,
5.20417e-12,-0.765602,0.0235922,-0.00646712,0.00163298,0.00112897,-3.41279e-05,0,0,0.569388,-0.0337429,-0.122244,0.0507384,0.0111722,-0.00215386,0.00133011,0,0,1.07065e-12,-2,-0.00682462,-0.0154567,-0.00445619,0.00029835,6.43937e-06,0,0,0.0358775,0.748685,0.0408434,0.083509,-0.0217112,-0.0284746,0.0252185,0,0,1.38778e-11,-0.532974,0.0795804,0.00808102,0.004948,0.00255181,-7.16609e-05,0,0,-0.123575,-0.0232871,0.620535,0.00637932,0.0112017,0.00487706,-0.000650154,0,0,0,-2,0.003307,0.0531276,0.00478387,-0.000829284,-3.34727e-05,0,0,0.0540307,-0.101886,0.0157058,0.661688,0.00477737,0.0418139,0.0103347,0,0,-5.20417e-12,1.0792,0.0302543,0.0168359,-0.0491477,-0.0329613,0.000664322,0,0,0.134774,0.0477601,0.124086,0.119812,0.417258,-0.0258486,0.00869203,0,0,-3.46945e-12,0.0322955,0.00916543,-0.0378779,-0.0396584,0.0500272,0.000848679,0,0,0.0174521,-0.00117345,0.0758094,0.535185,-0.0313826,0.428815,-0.00680965,0,0,-1.38778e-11,-0.26265,0.00354124,0.00137295,0.00169385,0.00314426,0.00182425,0,0,-0.0189575,-0.0113659,-0.0280355,0.00467824,0.0128739,-0.00819096,0.0683803,0,0,0,1.20024e-12,1.20024e-12,0,0,0,0,-1.20024e-12,0,0,0,0,0,0,0,0,0.905991,-4.45169e-09,0,0,1.20024e-12,0,-1.20024e-12,0,-1.20024e-12,-1.20024e-12,0,0,0,0,0,0,0,0,-4.45229e-09,0.905991,
3.25765e-07,-0.766604,0.0236214,-0.00648315,0.00163173,0.00112997,-3.44598e-05,0,0,0.569459,-0.0337874,-0.122341,0.0508344,0.0111674,-0.00217075,0.0013364,0,0,9.31694e-08,-2,-0.00683332,-0.015465,-0.00445962,0.000300974,6.33494e-06,0,0,0.0358982,0.748727,0.0408783,0.0835485,-0.0217218,-0.0284957,0.0252177,0,0,5.84539e-07,-0.534019,0.0795749,0.00806582,0.00494716,0.00255279,-7.22263e-05,0,0,-0.123675,-0.0233329,0.620697,0.00644244,0.0112198,0.0048602,-0.00064504,0,0,-1.81355e-07,-2,0.00329392,0.0531405,0.00478265,-0.000829277,-3.32367e-05,0,0,0.0541244,-0.101949,0.0157763,0.661719,0.00476421,0.0417912,0.0103428,0,0,4.47685e-06,1.07937,0.0302116,0.016858,-0.0491488,-0.032964,0.000659434,0,0,0.134779,0.0477686,0.124309,0.11978,0.417304,-0.0258396,0.00868164,0,0,-7.00058e-07,0.034404,0.00918711,-0.0378412,-0.0396608,0.0500778,0.000848182,0,0,0.0173565,-0.00108126,0.0757035,0.535106,-0.0313714,0.428842,-0.00682027,0,0,-6.23945e-08,-0.262711,0.00354297,0.00137007,0.00169215,0.00314274,0.00182453,0,0,-0.0189427,-0.0113686,-0.028032,0.00468628,0.0128642,-0.00819371,0.0683812,0,0,0,0,0,0,0,0,0,0,0,0,0,0,0,0,0,0,0.905991,4.27646e-09,0,2.40048e-12,0,2.40048e-12,2.40048e-12,-2.40048e-12,2.40048e-12,1.20024e-12,0,0,0,0,0,0,0,0,4.27646e-09,0.905991,
-3.25611e-07,-0.767606,0.0236512,-0.00649984,0.00163115,0.00113096,-3.38151e-05,0,0,0.56953,-0.0338319,-0.122439,0.0509306,0.0111626,-0.00218767,0.0013427,0,0,-9.31536e-08,-2,-0.00684185,-0.0154733,-0.00446289,0.000303586,6.50878e-06,0,0,0.0359188,0.748769,0.0409131,0.0835879,-0.0217324,-0.0285168,0.0252168,0,0,-5.84699e-07,-0.535066,0.0795707,0.00804944,0.00494754,0.00255375,-7.10372e-05,0,0,-0.123776,-0.0233788,0.620859,0.00650573,0.0112378,0.00484329,-0.000639913,0,0,1.81272e-07,-2,0.0032804,0.0531537,0.00478105,-0.000829303,-3.35441e-05,0,0,0.0542183,-0.102013,0.0158469,0.66175,0.00475103,0.0417684,0.010351,0,0,-4.47766e-06,1.07955,0.0301777,0.0168712,-0.0491408,-0.0329668,0.000667961,0,0,0.134783,0.0477771,0.124533,0.119748,0.41735,-0.0258307,0.00867125,0,0,7.00027e-07,0.0365097,0.00920746,-0.0378031,-0.0396646,0.0501286,0.000845591,0,0,0.0172608,-0.00098916,0.0755973,0.535027,-0.0313603,0.42887,-0.00683088,0,0,6.23147e-08,-0.262771,0.00354459,0.00136732,0.0016903,0.00314121,0.00182463,0,0,-0.0189279,-0.0113713,-0.0280285,0.0046943,0.0128545,-0.00819646,0.0683821,0,0,0,0,0,0,0,0,0,0,0,0,0,0,0,0,0,0,0.905991,4.23595e-09,0,-2.40048e-12,2.40048e-12,0,-2.40048e-12,2.40048e-12,0,0,0,0,0,0,0,0,0,0,4.23595e-09,0.905991,
-1.73472e-12,-0.76861,0.0236802,-0.00651623,0.00163026,0.00113227,-3.41479e-05,0,0,0.569602,-0.0338764,-0.122537,0.051027,0.0111577,-0.00220461,0.00134901,0,0,-3.97089e-12,-2,-0.00685066,-0.0154816,-0.00446627,0.000306282,6.40236e-06,0,0,0.0359395,0.748811,0.0409481,0.0836273,-0.021743,-0.0285379,0.025216,0,0,-3.46945e-12,-0.536116,0.0795647,0.0080336,0.00494738,0.00255529,-7.16016e-05,0,0,-0.123876,-0.0234247,0.621021,0.00656919,0.0112558,0.00482633,-0.000634772,0,0,1.38778e-11,-2,0.00326736,0.0531668,0.00477962,-0.000829534,-3.33071e-05,0,0,0.0543123,-0.102076,0.0159177,0.661781,0.00473784,0.0417457,0.0103592,0,0,-2.94903e-11,1.07972,0.0301303,0.016889,-0.0491371,-0.0329651,0.000663043,0,0,0.134788,0.0477855,0.124757,0.119716,0.417396,-0.0258217,0.00866087,0,0,-4.51028e-11,0.038615,0.00922999,-0.0377655,-0.0396677,0.0501789,0.000845108,0,0,0.017165,-0.000897137,0.0754908,0.534948,-0.0313491,0.428897,-0.00684149,0,0,5.20417e-12,-0.262831,0.00354638,0.0013645,0.00168851,0.00313963,0.00182492,0,0,-0.0189131,-0.011374,-0.028025,0.00470231,0.0128447,-0.0081992,0.068383,0,0,0,-1.20024e-12,-1.20024e-12,-1.20024e-12,0,0,-1.20024e-12,0,0,0,0,0,0,0,0,0,0.905991,-4.30887e-09,0,0,0,0,0,0,0,0,0,0,0,0,0,0,0,0,-4.30917e-09,0.905991,
3.25299e-07,-0.769614,0.0237099,-0.00653266,0.00162873,0.00113292,-3.38301e-05,0,0,0.569673,-0.0339209,-0.122635,0.0511235,0.0111528,-0.00222158,0.00135533,0,0,9.31504e-08,-2,-0.00685929,-0.0154898,-0.00446984,0.000308785,6.48174e-06,0,0,0.0359601,0.748854,0.040983,0.0836667,-0.0217537,-0.028559,0.0252152,0,0,5.84983e-07,-0.537167,0.0795599,0.00801773,0.00494606,0.00255566,-7.09961e-05,0,0,-0.123977,-0.0234708,0.621183,0.00663282,0.0112738,0.00480933,-0.000629617,0,0,-1.81119e-07,-2,0.00325391,0.0531799,0.00477854,-0.000829419,-3.34321e-05,0,0,0.0544065,-0.102139,0.0159886,0.661812,0.00472464,0.0417229,0.0103674,0,0,4.47939e-06,1.0799,0.0300919,0.0169067,-0.0491424,-0.0329723,0.000667073,0,0,0.134792,0.0477939,0.12498,0.119684,0.417442,-0.0258127,0.00865049,0,0,-6.99919e-07,0.040717,0.00925119,-0.0377278,-0.0396694,0.0502307,0.00084323,0,0,0.0170691,-0.000805193,0.075384,0.534869,-0.0313379,0.428924,-0.0068521,0,0,-6.21994e-08,-0.26289,0.00354806,0.00136168,0.00168685,0.00313817,0.00182509,0,0,-0.0188982,-0.0113767,-0.0280215,0.0047103,0.012835,-0.00820195,0.0683839,0,0,0,2.40048e-12,-1.20024e-12,0,1.20024e-12,0,0,0,0,0,0,0,0,0,0,0,0.905991,4.25906e-09,-1.20024e-12,1.20024e-12,1.20024e-12,-1.20024e-12,-1.20024e-12,-1.20024e-12,1.20024e-12,0,0,0,0,0,0,0,0,0,4.25876e-09,0.905991,
-1.73472e-12,-0.770618,0.0237399,-0.00654912,0.0016285,0.0011339,-3.44883e-05,0,0,0.569745,-0.0339655,-0.122733,0.0512203,0.0111479,-0.00223857,0.00136166,0,0,-2.48011e-12,-2,-0.00686783,-0.0154979,-0.00447304,0.000311378,6.28131e-06,0,0,0.0359807,0.748896,0.0410179,0.0837061,-0.0217643,-0.02858,0.0252143,0,0,-3.46945e-12,-0.538221,0.0795557,0.0080018,0.0049471,0.00255661,-7.21455e-05,0,0,-0.124078,-0.023517,0.621344,0.00669663,0.0112917,0.00479227,-0.000624449,0,0,-1.38778e-11,-2,0.00324023,0.0531929,0.00477673,-0.000829494,-3.30136e-05,0,0,0.0545008,-0.102203,0.0160598,0.661843,0.00471142,0.0417002,0.0103756,0,0,8.67362e-12,1.08007,0.0300578,0.0169245,-0.0491296,-0.0329751,0.000657657,0,0,0.134796,0.0478022,0.125204,0.119652,0.417488,-0.0258038,0.00864013,0,0,6.245e-11,0.0428171,0.00927177,-0.03769,-0.039674,0.0502819,0.000843455,0,0,0.016973,-0.000713328,0.0752769,0.53479,-0.0313268,0.428951,-0.00686269,0,0,-1.04083e-11,-0.26295,0.00354966,0.00135886,0.00168493,0.00313665,0.00182544,0,0,-0.0188834,-0.0113794,-0.028018,0.00471828,0.0128253,-0.00820469,0.0683848,0,0,0,1.20024e-12,0,0,0,0,0,0,0,0,0,0,0,0,0,0,0.905991,-4.32447e-09,0,0,0,0,0,0,0,0,0,0,0,0,0,0,0,0,-4.32537e-09,0.905991,
3.24987e-07,-0.771623,0.0237699,-0.00656594,0.00162729,0.00113519,-3.41709e-05,0,0,0.569817,-0.0340101,-0.122831,0.0513171,0.011143,-0.00225558,0.00136799,0,0,9.31538e-08,-2,-0.00687637,-0.0155062,-0.00447652,0.000314067,6.36024e-06,0,0,0.0360013,0.748939,0.0410529,0.0837454,-0.021775,-0.028601,0.0252135,0,0,5.85268e-07,-0.539277,0.0795515,0.00798522,0.00494637,0.00255815,-7.15396e-05,0,0,-0.124178,-0.0235632,0.621506,0.00676061,0.0113096,0.00477517,-0.000619267,0,0,-1.8098e-07,-2,0.00322649,0.0532061,0.00477546,-0.000829747,-3.31383e-05,0,0,0.0545953,-0.102266,0.016131,0.661874,0.00469819,0.0416774,0.0103839,0,0,4.48107e-06,1.08025,0.0300237,0.0169378,-0.0491302,-0.0329734,0.000661681,0,0,0.1348,0.0478105,0.125427,0.119621,0.417534,-0.0257948,0.00862976,0,0,-6.9985e-07,0.0449159,0.00929243,-0.0376514,-0.0396764,0.0503324,0.000841579,0,0,0.0168768,-0.000621542,0.0751695,0.534711,-0.0313156,0.428979,-0.00687329,0,0,-6.2104e-08,-0.263009,0.00355126,0.00135609,0.0016832,0.00313506,0.00182561,0,0,-0.0188685,-0.011382,-0.0280144,0.00472625,0.0128156,-0.00820743,0.0683857,0,0,0,-1.20024e-12,0,-1.20024e-12,0,0,-1.20024e-12,5.64113e-11,0,0,0,0,0,0,0,0,0.905991,4.26776e-09,2.40048e-12,-2.40048e-12,-2.40048e-12,-1.20024e-12,-1.20024e-12,1.20024e-12,-1.20024e-12,0,0,0,0,0,0,0,0,0,4.26836e-09,0.905991,
3.24837e-07,-0.772629,0.0237987,-0.00658171,0.00162703,0.00113569,-3.4513e-05,0,0,0.56989,-0.0340547,-0.122929,0.0514142,0.011138,-0.00227262,0.00137433,0,0,9.31329e-08,-2,-0.00688505,-0.0155137,-0.00448013,0.000316356,6.23787e-06,0,0,0.0360218,0.748982,0.0410878,0.0837847,-0.0217857,-0.028622,0.0252127,0,0,5.85441e-07,-0.540335,0.0795455,0.00797039,0.00494776,0.0025584,-7.20948e-05,0,0,-0.124279,-0.0236096,0.621667,0.00682476,0.0113275,0.00475802,-0.000614071,0,0,-1.80883e-07,-2,0.00321335,0.053219,0.00477361,-0.000830152,-3.28894e-05,0,0,0.0546899,-0.102329,0.0162025,0.661905,0.00468495,0.0416546,0.0103921,0,0,4.48197e-06,1.08042,0.0299761,0.0169645,-0.0491217,-0.0329807,0.000656465,0,0,0.134804,0.0478188,0.12565,0.119589,0.417579,-0.0257859,0.0086194,0,0,-6.99867e-07,0.0470124,0.00931528,-0.0376148,-0.0396803,0.0503853,0.000841277,0,0,0.0167805,-0.000529856,0.0750619,0.534632,-0.0313045,0.429006,-0.00688387,0,0,-6.20155e-08,-0.263068,0.00355305,0.00135316,0.00168137,0.0031336,0.00182595,0,0,-0.0188536,-0.0113847,-0.0280109,0.0047342,0.0128058,-0.00821018,0.0683866,0,0,1.20024e-12,-2.40048e-12,-1.20024e-12,-1.20024e-12,0,0,-3.60072e-12,-1.14023e-10,0,0,0,0,0,0,0,0,0.905991,-4.32807e-09,-2.40048e-12,1.20024e-12,-1.20024e-12,2.40048e-12,0,0,3.60072e-12,0,0,0,0,0,0,0,0,0,-4.32807e-09,0.905991,
8.67362e-12,-0.773636,0.0238281,-0.00659839,0.00162576,0.00113633,-3.38706e-05,0,0,0.569962,-0.0340994,-0.123027,0.0515114,0.0111331,-0.00228968,0.00138068,0,0,5.25838e-12,-2,-0.00689362,-0.0155218,-0.00448359,0.000318861,6.41207e-06,0,0,0.0360423,0.749024,0.0411228,0.0838239,-0.0217964,-0.0286429,0.0252118,0,0,1.38778e-11,-0.541397,0.0795406,0.00795415,0.00494694,0.00255877,-7.09035e-05,0,0,-0.12438,-0.023656,0.621828,0.00688909,0.0113454,0.00474083,-0.000608862,0,0,-1.38778e-11,-2,0.00319981,0.0532318,0.00477235,-0.00083001,-3.3195e-05,0,0,0.0547847,-0.102393,0.016274,0.661937,0.0046717,0.0416318,0.0104003,0,0,-1.9082e-11,1.08058,0.0299376,0.0169824,-0.0491225,-0.0329881,0.000664984,0,0,0.134808,0.047827,0.125873,0.119557,0.417625,-0.0257769,0.00860905,0,0,0,0.0491073,0.00933682,-0.0375766,-0.0396828,0.0504367,0.000838716,0,0,0.0166841,-0.000438272,0.0749539,0.534553,-0.0312933,0.429033,-0.00689444,0,0,6.93889e-12,-0.263126,0.00355467,0.00135032,0.00167969,0.00313217,0.00182606,0,0,-0.0188386,-0.0113873,-0.0280073,0.00474214,0.0127961,-0.00821292,0.0683875,0,0,0,0,0,1.20024e-12,0,3.60072e-12,-1.20024e-12,0,0,0,0,0,0,0,0,0,0.905991,4.26446e-09,0,0,1.20024e-12,-1.20024e-12,0,-2.40048e-12,-1.20024e-12,0,0,0,0,0,0,0,0,0,4.26476e-09,0.905991,
2.60209e-12,-0.774643,0.023858,-0.00661575,0.00162477,0.00113733,-3.38767e-05,0,0,0.570035,-0.034144,-0.123125,0.0516088,0.0111281,-0.00230676,0.00138704,0,0,2.87314e-12,-2,-0.00690215,-0.0155302,-0.0044869,0.000321507,6.40068e-06,0,0,0.0360628,0.749067,0.0411578,0.0838631,-0.0218071,-0.0286639,0.025211,0,0,1.04083e-11,-0.542459,0.0795364,0.00793673,0.00494654,0.00255976,-7.08846e-05,0,0,-0.124482,-0.0237026,0.621988,0.00695359,0.0113633,0.00472358,-0.000603638,0,0,1.38778e-11,-2,0.00318595,0.053245,0.00477094,-0.000829966,-3.31409e-05,0,0,0.0548796,-0.102456,0.0163458,0.661968,0.00465844,0.041609,0.0104085,0,0,-1.9082e-11,1.08075,0.0299035,0.0169913,-0.0491186,-0.0329909,0.000664579,0,0,0.134812,0.0478352,0.126096,0.119526,0.41767,-0.025768,0.00859871,0,0,-3.46945e-11,0.0511992,0.00935773,-0.0375368,-0.0396859,0.0504875,0.000837509,0,0,0.0165876,-0.000346784,0.0748457,0.534474,-0.0312821,0.429061,-0.00690501,0,0,-1.47451e-11,-0.263185,0.00355624,0.0013476,0.00167793,0.00313064,0.00182628,0,0,-0.0188237,-0.0113899,-0.0280038,0.00475006,0.0127865,-0.00821566,0.0683884,0,0,0,-1.20024e-12,-1.20024e-12,1.20024e-12,-1.20024e-12,1.20024e-12,-1.20024e-12,1.20024e-12,0,0,0,0,0,0,0,0,0.905991,-4.31907e-09,0,-1.20024e-12,0,1.20024e-12,0,0,0,1.20024e-12,0,0,0,0,0,0,0,0,-4.31937e-09,0.905991,
-3.24366e-07,-0.77565,0.0238877,-0.00663213,0.00162378,0.00113898,-3.42078e-05,0,0,0.570107,-0.0341887,-0.123224,0.0517063,0.0111231,-0.00232387,0.00139341,0,0,-9.31311e-08,-2,-0.0069108,-0.0155383,-0.00449022,0.00032434,6.29462e-06,0,0,0.0360832,0.74911,0.0411928,0.0839023,-0.0218178,-0.0286848,0.0252102,0,0,-5.85875e-07,-0.543525,0.0795316,0.00792106,0.00494619,0.00256193,-7.14511e-05,0,0,-0.124583,-0.0237492,0.622149,0.00701827,0.0113811,0.00470629,-0.000598401,0,0,1.80647e-07,-2,0.00317216,0.0532577,0.00476951,-0.000830304,-3.29058e-05,0,0,0.0549747,-0.102519,0.0164177,0.661998,0.00464516,0.0415862,0.0104168,0,0,-4.48455e-06,1.08092,0.0298648,0.0170137,-0.0491145,-0.0329847,0.00065968,0,0,0.134816,0.0478434,0.126319,0.119494,0.417716,-0.0257591,0.00858838,0,0,6.9968e-07,0.053289,0.00937941,-0.0374991,-0.0396889,0.0505373,0.000836996,0,0,0.016491,-0.000255387,0.0747372,0.534395,-0.031271,0.429088,-0.00691557,0,0,6.18524e-08,-0.263243,0.00355789,0.0013447,0.00167614,0.00312898,0.00182656,0,0,-0.0188087,-0.0113925,-0.0280002,0.00475796,0.0127768,-0.0082184,0.0683893,0,0,-1.20024e-12,0,0,0,0,0,0,0,0,0,0,0,0,0,0,0,0.905991,4.25275e-09,0,-1.20024e-12,0,1.20024e-12,0,1.20024e-12,-1.20024e-12,0,0,0,0,0,0,0,0,0,4.25335e-09,0.905991,
3.24212e-07,-0.776658,0.0239176,-0.00664917,0.00162282,0.00113965,-3.45392e-05,0,0,0.57018,-0.0342335,-0.123322,0.051804,0.0111181,-0.002341,0.00139978,0,0,9.31218e-08,-2,-0.00691947,-0.0155465,-0.00449356,0.000326883,6.18733e-06,0,0,0.0361037,0.749154,0.0412279,0.0839415,-0.0218285,-0.0287057,0.0252094,0,0,5.86028e-07,-0.544592,0.0795269,0.00790421,0.00494589,0.00256233,-7.20174e-05,0,0,-0.124684,-0.023796,0.622309,0.00708312,0.0113989,0.00468895,-0.000593151,0,0,-1.80578e-07,-2,0.00315829,0.0532708,0.00476806,-0.000830132,-3.26702e-05,0,0,0.0550699,-0.102583,0.0164898,0.662029,0.00463188,0.0415634,0.010425,0,0,4.48537e-06,1.08109,0.0298259,0.0170272,-0.0491103,-0.0329919,0.000654762,0,0,0.13482,0.0478515,0.126542,0.119463,0.417761,-0.0257501,0.00857805,0,0,-6.99624e-07,0.0553767,0.00940115,-0.0374599,-0.039692,0.0505894,0.000836488,0,0,0.0163942,-0.000164078,0.0746284,0.534317,-0.0312598,0.429115,-0.00692613,0,0,-6.1803e-08,-0.2633,0.00355953,0.00134191,0.00167434,0.00312749,0.00182685,0,0,-0.0187938,-0.0113951,-0.0279966,0.00476585,0.0127671,-0.00822114,0.0683902,0,0,1.20024e-12,1.20024e-12,1.20024e-12,-1.20024e-12,1.20024e-12,0,0,0,0,0,0,0,0,0,0,0,0.905991,-4.30286e-09,0,0,0,0,0,1.20024e-12,0,0,0,0,0,0,0,0,0,0,-4.30256e-09,0.905991,
3.24059e-07,-0.777667,0.0239475,-0.00666559,0.0016222,0.00114063,-3.38987e-05,0,0,0.570254,-0.0342782,-0.123421,0.0519019,0.011113,-0.00235815,0.00140616,0,0,9.3119e-08,-2,-0.00692814,-0.0155545,-0.00449682,0.000329509,6.35866e-06,0,0,0.0361241,0.749197,0.0412629,0.0839806,-0.0218393,-0.0287265,0.0252086,0,0,5.86184e-07,-0.545661,0.0795222,0.0078885,0.00494621,0.00256331,-7.0825e-05,0,0,-0.124785,-0.0238428,0.622469,0.00714815,0.0114166,0.00467155,-0.000587886,0,0,-1.80508e-07,-2,0.00314437,0.0532835,0.00476642,-0.000830164,-3.29758e-05,0,0,0.0551653,-0.102646,0.016562,0.66206,0.00461858,0.0415406,0.0104333,0,0,4.48616e-06,1.08126,0.0297869,0.0170496,-0.0491014,-0.0329947,0.000663289,0,0,0.134824,0.0478596,0.126765,0.119432,0.417807,-0.0257412,0.00856773,0,0,-6.99569e-07,0.0574616,0.00942297,-0.037422,-0.0396958,0.0506409,0.000833888,0,0,0.0162973,-7.28543e-05,0.0745193,0.534238,-0.0312486,0.429143,-0.00693668,0,0,-6.17327e-08,-0.263358,0.00356118,0.001339,0.00167247,0.00312595,0.00182695,0,0,-0.0187788,-0.0113977,-0.027993,0.00477373,0.0127574,-0.00822387,0.068391,0,0,0,0,0,-1.20024e-12,0,0,1.20024e-12,0,0,0,0,0,0,0,0,0,0.905991,4.23205e-09,0,2.40048e-12,-1.20024e-12,0,-1.20024e-12,0,1.20024e-12,0,0,0,0,0,0,0,0,0,4.23265e-09,0.905991,
-2.60209e-12,-0.778676,0.0239775,-0.00668237,0.00162094,0.00114129,-3.42307e-05,0,0,0.570327,-0.034323,-0.12352,0.052,0.011108,-0.00237533,0.00141256,0,0,-1.08556e-11,-2,-0.00693681,-0.0155626,-0.00450028,0.000332036,6.25008e-06,0,0,0.0361444,0.749241,0.041298,0.0840197,-0.02185,-0.0287474,0.0252078,0,0,-3.46945e-12,-0.546734,0.0795176,0.00787216,0.00494539,0.00256369,-7.13907e-05,0,0,-0.124887,-0.0238898,0.622629,0.00721335,0.0114344,0.00465412,-0.000582607,0,0,0,-2,0.00313038,0.0532965,0.00476513,-0.000830032,-3.27395e-05,0,0,0.0552608,-0.102709,0.0166344,0.662091,0.00460527,0.0415178,0.0104416,0,0,8.67362e-12,1.08141,0.0297479,0.0170677,-0.0491014,-0.033002,0.000658349,0,0,0.134827,0.0478677,0.126988,0.119401,0.417852,-0.0257323,0.00855742,0,0,-3.46945e-12,0.0595466,0.00944486,-0.0373833,-0.0396981,0.0506933,0.000833393,0,0,0.0162003,1.82835e-05,0.0744099,0.534159,-0.0312375,0.42917,-0.00694722,0,0,-1.12757e-11,-0.263415,0.00356283,0.00133616,0.00167073,0.00312447,0.00182724,0,0,-0.0187637,-0.0114003,-0.0279894,0.0047816,0.0127477,-0.0082266,0.0683919,0,0,0,0,0,0,0,0,0,0,0,0,0,0,0,0,0,0,0.905991,4.27766e-09,0,0,0,0,2.40048e-12,0,0,0,0,0,0,0,0,0,0,0,4.27826e-09,0.905991,
-1.73472e-12,-0.779686,0.0240072,-0.0066995,0.00161967,0.00114259,-3.45627e-05,0,0,0.570401,-0.0343678,-0.123618,0.0520982,0.0111029,-0.00239253,0.00141896,0,0,-5.81403e-12,-2,-0.00694558,-0.0155707,-0.00450374,0.000334746,6.14115e-06,0,0,0.0361648,0.749284,0.0413331,0.0840587,-0.0218608,-0.0287682,0.0252069,0,0,0,-0.547808,0.0795124,0.00785518,0.00494457,0.00256525,-7.19565e-05,0,0,-0.124988,-0.0239368,0.622789,0.00727873,0.0114521,0.00463663,-0.000577315,0,0,1.38778e-11,-2,0.00311653,0.0533096,0.00476384,-0.000830269,-3.25031e-05,0,0,0.0553564,-0.102773,0.016707,0.662122,0.00459194,0.0414949,0.0104498,0,0,-3.1225e-11,1.08158,0.0297044,0.0170812,-0.0491014,-0.0330004,0.000653402,0,0,0.134831,0.0478757,0.12721,0.11937,0.417897,-0.0257234,0.00854711,0,0,-1.73472e-11,0.0616281,0.00946754,-0.0373437,-0.0397005,0.0507444,0.0008329,0,0,0.0161032,0.000109335,0.0743003,0.534081,-0.0312263,0.429198,-0.00695775,0,0,2.1684e-11,-0.263472,0.00356453,0.00133337,0.00166898,0.00312286,0.00182753,0,0,-0.0187487,-0.0114028,-0.0279858,0.00478945,0.0127381,-0.00822934,0.0683928,0,0,0,1.20024e-12,-1.20024e-12,0,-1.20024e-12,1.20024e-12,1.20024e-12,5.64113e-11,0,0,0,0,0,0,0,0,0.905991,-4.43639e-09,0,1.20024e-12,-1.20024e-12,0,0,1.20024e-12,1.20024e-12,0,0,0,0,0,0,0,0,0,-4.43669e-09,0.905991,
8.67362e-13,-0.780695,0.0240375,-0.00671571,0.00161905,0.00114389,-3.39238e-05,0,0,0.570475,-0.0344126,-0.123717,0.0521966,0.0110978,-0.00240975,0.00142536,0,0,-1.01237e-11,-2,-0.00695417,-0.0155785,-0.00450701,0.000337455,6.31125e-06,0,0,0.0361851,0.749328,0.0413682,0.0840977,-0.0218716,-0.028789,0.0252061,0,0,3.46945e-12,-0.548883,0.0795083,0.0078399,0.00494493,0.00256681,-7.07627e-05,0,0,-0.12509,-0.023984,0.622948,0.00734429,0.0114698,0.00461909,-0.000572008,0,0,0,-2,0.00310226,0.0533221,0.00476218,-0.000830511,-3.28075e-05,0,0,0.0554522,-0.102836,0.0167797,0.662153,0.00457861,0.0414721,0.0104581,0,0,-6.93889e-12,1.08175,0.0296697,0.0171083,-0.0490923,-0.0329987,0.000661915,0,0,0.134834,0.0478837,0.127432,0.119339,0.417942,-0.0257145,0.00853681,0,0,1.04083e-11,0.0637062,0.00948889,-0.0373062,-0.0397043,0.0507955,0.000830311,0,0,0.016006,0.000200301,0.0741903,0.534002,-0.0312151,0.429225,-0.00696828,0,0,0,-0.263529,0.00356611,0.00133039,0.00166711,0.00312126,0.00182764,0,0,-0.0187336,-0.0114054,-0.0279822,0.00479729,0.0127284,-0.00823207,0.0683937,0,0,0,-3.60072e-12,-1.20024e-12,1.20024e-12,0,0,1.20024e-12,0,0,0,0,0,0,0,0,0,0.905991,-4.4568e-09,0,0,0,0,0,0,0,0,0,0,0,0,0,0,0,0,-4.4568e-09,0.905991,
-8.67362e-13,-0.781706,0.0240675,-0.00673293,0.0016181,0.00114422,-3.45791e-05,0,0,0.570549,-0.0344575,-0.123816,0.0522951,0.0110926,-0.002427,0.00143178,0,0,-2.38524e-12,-2,-0.00696285,-0.0155865,-0.00451038,0.000339888,6.10889e-06,0,0,0.0362054,0.749372,0.0414033,0.0841367,-0.0218824,-0.0288097,0.0252053,0,0,-3.46945e-12,-0.549962,0.0795037,0.00782281,0.00494468,0.00256661,-7.19153e-05,0,0,-0.125191,-0.0240312,0.623107,0.00741002,0.0114874,0.00460151,-0.000566688,0,0,-1.38778e-11,-2,0.0030881,0.0533351,0.0047607,-0.000830205,-3.23911e-05,0,0,0.0555482,-0.102899,0.0168526,0.662184,0.00456526,0.0414493,0.0104664,0,0,1.04083e-11,1.08191,0.0296306,0.0171219,-0.0490876,-0.0330106,0.000652475,0,0,0.134837,0.0478916,0.127655,0.119308,0.417987,-0.0257056,0.00852651,0,0,5.89806e-11,0.0657837,0.00951102,-0.0372664,-0.0397074,0.0508487,0.000830516,0,0,0.0159086,0.000291181,0.0740801,0.533924,-0.031204,0.429252,-0.00697881,0,0,0,-0.263586,0.00356774,0.0013276,0.0016653,0.00311983,0.001828,0,0,-0.0187186,-0.0114079,-0.0279786,0.00480511,0.0127188,-0.0082348,0.0683946,0,0,0,2.40048e-12,0,-2.40048e-12,-1.20024e-12,-2.40048e-12,2.40048e-12,0,0,0,0,0,0,0,0,0,0.905991,-4.34877e-09,0,0,0,0,0,0,0,0,0,0,0,0,0,0,0,0,-4.34877e-09,0.905991,
8.67362e-13,-0.782718,0.0240977,-0.00674974,0.00161713,0.00114568,-3.42736e-05,0,0,0.570623,-0.0345024,-0.123915,0.0523939,0.0110875,-0.00244427,0.0014382,0,0,-1.89735e-12,-2,-0.00697131,-0.0155941,-0.00451415,0.000342486,6.17054e-06,0,0,0.0362256,0.749416,0.0414384,0.0841757,-0.0218932,-0.0288305,0.0252045,0,0,0,-0.551043,0.0794997,0.00780628,0.00494479,0.00256864,-7.12985e-05,0,0,-0.125293,-0.0240785,0.623266,0.00747594,0.0115051,0.00458387,-0.000561353,0,0,0,-2,0.00307384,0.0533482,0.00475917,-0.000831136,-3.25035e-05,0,0,0.0556443,-0.102962,0.0169256,0.662215,0.0045519,0.0414264,0.0104747,0,0,-2.77556e-11,1.08207,0.0295959,0.0171399,-0.0490874,-0.0330044,0.000656223,0,0,0.134841,0.0478995,0.127877,0.119277,0.418032,-0.0256967,0.00851622,0,0,-1.73472e-11,0.0678593,0.00953254,-0.0372272,-0.0397098,0.0509002,0.000828796,0,0,0.0158111,0.000381954,0.0739695,0.533845,-0.0311928,0.42928,-0.00698932,0,0,2.1684e-11,-0.263642,0.00356931,0.00132476,0.00166357,0.00311817,0.00182821,0,0,-0.0187035,-0.0114104,-0.0279749,0.00481292,0.0127091,-0.00823753,0.0683955,0,0,0,0,0,-2.40048e-12,0,-2.40048e-12,0,0,0,0,0,0,0,0,0,0,0.905991,4.14293e-09,0,1.20024e-12,1.20024e-12,0,1.20024e-12,-1.20024e-12,2.40048e-12,0,0,0,0,0,0,0,0,0,4.14263e-09,0.905991,
-5.20417e-12,-0.783729,0.0241268,-0.00676649,0.00161644,0.00114633,-3.42813e-05,0,0,0.570697,-0.0345473,-0.124014,0.0524928,0.0110823,-0.00246157,0.00144463,0,0,3.17129e-12,-2,-0.00698011,-0.015602,-0.0045174,0.000345016,6.1566e-06,0,0,0.0362459,0.74946,0.0414736,0.0842146,-0.0219041,-0.0288512,0.0252037,0,0,-1.04083e-11,-0.552126,0.0794937,0.00779011,0.00494503,0.00256904,-7.12784e-05,0,0,-0.125395,-0.024126,0.623425,0.00754203,0.0115227,0.00456619,-0.000556004,0,0,1.38778e-11,-2,0.00306006,0.0533607,0.00475753,-0.000830974,-3.24478e-05,0,0,0.0557406,-0.103026,0.0169988,0.662245,0.00453852,0.0414036,0.010483,0,0,5.20417e-11,1.08224,0.0295478,0.0171626,-0.0490783,-0.0330118,0.000655773,0,0,0.134844,0.0479074,0.128099,0.119246,0.418077,-0.0256878,0.00850594,0,0,1.04083e-11,0.0699309,0.00955626,-0.0371885,-0.0397137,0.0509523,0.000827615,0,0,0.0157136,0.000472617,0.0738587,0.533767,-0.0311816,0.429307,-0.00699983,0,0,3.46945e-12,-0.263698,0.00357103,0.00132183,0.00166175,0.00311671,0.00182844,0,0,-0.0186884,-0.011413,-0.0279713,0.00482071,0.0126995,-0.00824026,0.0683964,0,0,0,0,0,0,0,0,0,0,0,0,0,0,0,0,0,0,0.905991,4.06882e-09,0,-1.20024e-12,0,0,0,0,0,0,0,0,0,0,0,0,0,0,4.06852e-09,0.905991,
3.22961e-07,-0.784742,0.0241567,-0.0067836,0.00161538,0.00114733,-3.42878e-05,0,0,0.570772,-0.0345922,-0.124113,0.0525918,0.0110771,-0.00247888,0.00145107,0,0,9.30921e-08,-2,-0.00698879,-0.01561,-0.00452068,0.000347688,6.14341e-06,0,0,0.0362661,0.749505,0.0415087,0.0842535,-0.0219149,-0.0288719,0.0252029,0,0,5.87207e-07,-0.553212,0.079489,0.00777333,0.00494452,0.00257005,-7.12597e-05,0,0,-0.125497,-0.0241735,0.623583,0.0076083,0.0115403,0.00454846,-0.000550641,0,0,-1.79967e-07,-2,0.00304578,0.0533733,0.00475609,-0.000830908,-3.23941e-05,0,0,0.055837,-0.103089,0.0170722,0.662276,0.00452514,0.0413807,0.0104913,0,0,4.49216e-06,1.08239,0.0295087,0.0171807,-0.0490737,-0.0330147,0.000655364,0,0,0.134847,0.0479152,0.128321,0.119215,0.418122,-0.0256789,0.00849566,0,0,-6.99218e-07,0.0720023,0.00957865,-0.0371489,-0.0397167,0.0510037,0.000826389,0,0,0.0156159,0.000563177,0.0737476,0.533689,-0.0311705,0.429334,-0.00701032,0,0,-6.13433e-08,-0.263754,0.00357263,0.00131896,0.00165996,0.00311516,0.00182867,0,0,-0.0186732,-0.0114155,-0.0279676,0.00482848,0.0126898,-0.00824299,0.0683972,0,0,2.40048e-12,0,0,1.20024e-12,-1.20024e-12,-1.20024e-12,0,0,0,0,0,0,0,0,0,0,0.905991,4.09852e-09,-2.40048e-12,-1.20024e-12,0,0,0,1.20024e-12,0,0,0,0,0,0,0,0,0,0,4.09792e-09,0.905991,
8.67362e-13,-0.785754,0.0241871,-0.00680135,0.00161433,0.00114834,-3.46177e-05,0,0,0.570847,-0.0346371,-0.124212,0.0526911,0.0110719,-0.00249622,0.00145752,0,0,1.03541e-11,-2,-0.0069974,-0.0156182,-0.00452398,0.00035036,6.03558e-06,0,0,0.0362862,0.749549,0.0415439,0.0842924,-0.0219258,-0.0288925,0.0252021,0,0,0,-0.554299,0.079485,0.00775538,0.00494405,0.00257107,-7.1828e-05,0,0,-0.125599,-0.0242211,0.623742,0.00767475,0.0115578,0.00453068,-0.000545264,0,0,0,-2,0.00303121,0.0533864,0.00475463,-0.000830862,-3.21603e-05,0,0,0.0559336,-0.103152,0.0171457,0.662307,0.00451174,0.0413578,0.0104996,0,0,3.81639e-11,1.08255,0.0294738,0.01719,-0.0490687,-0.0330175,0.000650453,0,0,0.13485,0.047923,0.128543,0.119185,0.418167,-0.02567,0.0084854,0,0,2.42861e-11,0.0740693,0.0096004,-0.037108,-0.0397198,0.0510555,0.000825855,0,0,0.0155181,0.000653639,0.0736363,0.533611,-0.0311593,0.429362,-0.00702081,0,0,0,-0.263809,0.00357418,0.00131621,0.00165816,0.0031136,0.00182895,0,0,-0.0186581,-0.011418,-0.0279639,0.00483624,0.0126802,-0.00824571,0.0683981,0,0,0,-1.20024e-12,0,1.20024e-12,0,-1.20024e-12,-1.20024e-12,1.15223e-10,0,0,0,0,0,0,0,0,0.905991,4.22665e-09,0,0,0,-1.20024e-12,0,1.20024e-12,0,0,0,0,0,0,0,0,0,0,4.22575e-09,0.905991,
1.73472e-12,-0.786767,0.0242176,-0.00681782,0.0016133,0.00114901,-3.398e-05,0,0,0.570922,-0.0346821,-0.124312,0.0527905,0.0110667,-0.00251358,0.00146398,0,0,1.05574e-11,-2,-0.00700602,-0.0156259,-0.00452729,0.00035293,6.20573e-06,0,0,0.0363064,0.749594,0.0415791,0.0843312,-0.0219366,-0.0289132,0.0252013,0,0,0,-0.555388,0.0794811,0.00773977,0.00494363,0.00257149,-7.06336e-05,0,0,-0.125701,-0.0242689,0.6239,0.00774138,0.0115753,0.00451285,-0.000539873,0,0,0,-2,0.00301656,0.0533988,0.00475315,-0.000830668,-3.24654e-05,0,0,0.0560303,-0.103215,0.0172194,0.662337,0.00449833,0.041335,0.0105079,0,0,3.46945e-12,1.08272,0.0294388,0.0172172,-0.0490637,-0.0330248,0.000659005,0,0,0.134853,0.0479308,0.128765,0.119154,0.418212,-0.0256611,0.00847514,0,0,3.81639e-11,0.076134,0.00962222,-0.0370697,-0.0397228,0.0511083,0.000823229,0,0,0.0154202,0.000744005,0.0735246,0.533532,-0.0311481,0.429389,-0.0070313,0,0,-9.54098e-12,-0.263864,0.00357573,0.00131321,0.00165634,0.00311209,0.00182905,0,0,-0.0186429,-0.0114204,-0.0279603,0.00484398,0.0126706,-0.00824844,0.068399,0,0,0,0,0,0,0,-1.20024e-12,1.20024e-12,1.15223e-10,0,0,0,0,0,0,0,0,0.905991,-4.4646e-09,0,0,0,0,0,2.40048e-12,-2.40048e-12,0,0,0,0,0,0,0,0,0,-4.4649e-09,0.905991,
3.22482e-07,-0.787781,0.0242479,-0.0068356,0.00161229,0.00115033,-3.39884e-05,0,0,0.570997,-0.0347271,-0.124411,0.05289,0.0110614,-0.00253097,0.00147045,0,0,9.30747e-08,-2,-0.00701475,-0.015634,-0.00453061,0.000355676,6.18897e-06,0,0,0.0363265,0.749639,0.0416143,0.08437,-0.0219475,-0.0289338,0.0252005,0,0,5.87638e-07,-0.556481,0.0794766,0.00772178,0.00494325,0.00257308,-7.06134e-05,0,0,-0.125803,-0.0243167,0.624058,0.00780819,0.0115928,0.00449497,-0.000534467,0,0,-1.79717e-07,-2,0.00300203,0.0534119,0.00475167,-0.000830856,-3.24103e-05,0,0,0.0561271,-0.103279,0.0172933,0.662368,0.00448491,0.0413121,0.0105162,0,0,4.49465e-06,1.08287,0.0293993,0.0172265,-0.0490585,-0.0330231,0.000658558,0,0,0.134856,0.0479385,0.128986,0.119123,0.418257,-0.0256523,0.00846489,0,0,-6.99087e-07,0.0781979,0.00964482,-0.0370285,-0.0397258,0.0511598,0.000822007,0,0,0.0153221,0.000834279,0.0734126,0.533454,-0.0311369,0.429417,-0.00704177,0,0,-6.11585e-08,-0.263919,0.00357735,0.00131045,0.00165451,0.00311046,0.00182928,0,0,-0.0186277,-0.0114229,-0.0279566,0.00485172,0.012661,-0.00825116,0.0683999,0,0,1.20024e-12,0,1.20024e-12,1.20024e-12,-1.20024e-12,1.20024e-12,0,0,0,0,0,0,0,0,0,0,0.905991,-4.56362e-09,0,1.20024e-12,1.20024e-12,0,0,0,1.20024e-12,0,0,0,0,0,0,0,0,0,-4.56332e-09,0.905991,
3.22322e-07,-0.788795,0.0242779,-0.00685245,0.0016116,0.00115131,-3.43194e-05,0,0,0.571073,-0.0347721,-0.12451,0.0529898,0.0110562,-0.00254838,0.00147692,0,0,9.30599e-08,-2,-0.00702357,-0.0156418,-0.00453385,0.000358324,6.07863e-06,0,0,0.0363466,0.749684,0.0416495,0.0844087,-0.0219584,-0.0289544,0.0251997,0,0,5.87783e-07,-0.557575,0.0794715,0.0077055,0.00494348,0.00257408,-7.11808e-05,0,0,-0.125905,-0.0243646,0.624215,0.00787518,0.0116103,0.00447704,-0.000529048,0,0,-1.79634e-07,-2,0.00298761,0.0534245,0.00474999,-0.00083088,-3.21752e-05,0,0,0.0562242,-0.103342,0.0173673,0.662399,0.00447148,0.0412892,0.0105246,0,0,4.49544e-06,1.08303,0.0293552,0.0172493,-0.0490487,-0.033026,0.000653608,0,0,0.134859,0.0479462,0.129208,0.119093,0.418301,-0.0256434,0.00845465,0,0,-6.99048e-07,0.0802589,0.0096682,-0.0369892,-0.0397295,0.0512122,0.00082149,0,0,0.015224,0.000924459,0.0733004,0.533376,-0.0311258,0.429444,-0.00705224,0,0,-6.111e-08,-0.263974,0.00357903,0.00130751,0.00165262,0.00310889,0.00182957,0,0,-0.0186125,-0.0114254,-0.0279529,0.00485943,0.0126514,-0.00825388,0.0684008,0,0,1.20024e-12,1.20024e-12,1.20024e-12,1.20024e-12,0,0,2.40048e-12,0,0,0,0,0,0,0,0,0,0.905991,-4.51591e-09,0,0,0,0,0,0,-1.20024e-12,0,0,0,0,0,0,0,0,0,-4.51651e-09,0.905991,
-4.33681e-12,-0.78981,0.0243085,-0.00686998,0.00161027,0.00115229,-3.43281e-05,0,0,0.571148,-0.0348171,-0.12461,0.0530897,0.0110509,-0.00256581,0.0014834,0,0,1.07065e-12,-2,-0.00703221,-0.0156497,-0.00453728,0.000360968,6.061e-06,0,0,0.0363666,0.749729,0.0416847,0.0844475,-0.0219694,-0.0289749,0.025199,0,0,-1.04083e-11,-0.558673,0.0794677,0.007688,0.00494255,0.00257508,-7.11604e-05,0,0,-0.126008,-0.0244127,0.624373,0.00794235,0.0116277,0.00445907,-0.000523614,0,0,0,-2,0.00297278,0.0534374,0.00474867,-0.000830912,-3.21196e-05,0,0,0.0563213,-0.103405,0.0174415,0.662429,0.00445803,0.0412663,0.0105329,0,0,5.55112e-11,1.08318,0.02932,0.0172632,-0.0490479,-0.0330289,0.000653147,0,0,0.134861,0.0479538,0.129429,0.119063,0.418346,-0.0256346,0.00844442,0,0,1.73472e-11,0.0823184,0.00969026,-0.0369485,-0.0397319,0.0512646,0.000820277,0,0,0.0151257,0.00101455,0.0731878,0.533298,-0.0311146,0.429471,-0.00706271,0,0,3.46945e-12,-0.264028,0.00358058,0.0013047,0.00165085,0.00310732,0.0018298,0,0,-0.0185973,-0.0114278,-0.0279492,0.00486713,0.0126418,-0.0082566,0.0684016,0,0,0,0,-1.20024e-12,1.20024e-12,1.20024e-12,0,-1.20024e-12,1.15223e-10,0,0,0,0,0,0,0,0,0.905991,-4.34547e-09,0,0,1.20024e-12,1.20024e-12,2.40048e-12,0,1.20024e-12,0,0,0,0,0,0,0,0,0,-4.34607e-09,0.905991,
3.22002e-07,-0.790825,0.0243386,-0.00688659,0.00160926,0.00115295,-3.4659e-05,0,0,0.571224,-0.0348622,-0.12471,0.0531898,0.0110456,-0.00258326,0.00148989,0,0,9.30626e-08,-2,-0.00704104,-0.0156574,-0.00454063,0.000363518,5.94999e-06,0,0,0.0363867,0.749774,0.04172,0.0844862,-0.0219803,-0.0289955,0.0251982,0,0,5.88068e-07,-0.559771,0.0794626,0.0076722,0.0049422,0.00257548,-7.17279e-05,0,0,-0.12611,-0.0244608,0.62453,0.0080097,0.0116451,0.00444104,-0.000518165,0,0,-1.79454e-07,-2,0.00295826,0.0534498,0.00474716,-0.00083077,-3.18845e-05,0,0,0.0564187,-0.103468,0.0175158,0.66246,0.00444457,0.0412434,0.0105413,0,0,4.4971e-06,1.08334,0.0292758,0.0172905,-0.0490425,-0.0330363,0.000648185,0,0,0.134864,0.0479615,0.129651,0.119032,0.418391,-0.0256257,0.00843419,0,0,-6.98965e-07,0.0843743,0.00971379,-0.0369098,-0.0397349,0.0513178,0.000819764,0,0,0.0150274,0.00110454,0.073075,0.53322,-0.0311034,0.429499,-0.00707316,0,0,-6.09686e-08,-0.264083,0.00358225,0.00130169,0.00164902,0.00310582,0.00183009,0,0,-0.018582,-0.0114302,-0.0279454,0.00487482,0.0126322,-0.00825932,0.0684025,0,0,-1.20024e-12,2.40048e-12,-2.40048e-12,0,-1.20024e-12,0,-2.40048e-12,1.14023e-10,0,0,0,0,0,0,0,0,0.905991,4.09372e-09,1.20024e-12,-2.40048e-12,1.20024e-12,0,1.20024e-12,0,1.20024e-12,1.20024e-12,0,0,0,0,0,0,0,0,4.09462e-09,0.905991,
-3.21846e-07,-0.791841,0.0243693,-0.00690388,0.00160857,0.00115457,-3.43461e-05,0,0,0.5713,-0.0349073,-0.124809,0.0532901,0.0110402,-0.00260074,0.00149639,0,0,-9.30455e-08,-2,-0.00704968,-0.0156652,-0.00454387,0.000366346,6.02484e-06,0,0,0.0364067,0.749819,0.0417553,0.0845248,-0.0219912,-0.029016,0.0251974,0,0,-5.88234e-07,-0.560873,0.0794588,0.00765516,0.00494244,0.00257766,-7.11193e-05,0,0,-0.126213,-0.024509,0.624687,0.00807724,0.0116625,0.00442296,-0.000512703,0,0,1.79357e-07,-2,0.00294332,0.0534625,0.00474547,-0.000831169,-3.20082e-05,0,0,0.0565161,-0.103531,0.0175904,0.66249,0.0044311,0.0412205,0.0105496,0,0,-4.49798e-06,1.08349,0.0292406,0.017309,-0.0490325,-0.0330303,0.000652213,0,0,0.134866,0.047969,0.129872,0.119002,0.418435,-0.0256169,0.00842396,0,0,6.98937e-07,0.0864293,0.00973601,-0.0368695,-0.0397386,0.0513689,0.000817854,0,0,0.0149289,0.00119444,0.0729619,0.533142,-0.0310923,0.429526,-0.00708361,0,0,6.09261e-08,-0.264136,0.00358379,0.00129881,0.00164713,0.00310413,0.00183026,0,0,-0.0185667,-0.0114327,-0.0279417,0.0048825,0.0126226,-0.00826204,0.0684034,0,0,-2.40048e-12,2.40048e-12,1.20024e-12,0,-2.40048e-12,-2.40048e-12,0,0,0,0,0,0,0,0,0,0,0.905991,3.9806e-09,0,0,0,0,0,0,0,0,0,0,0,0,0,0,0,0,3.9803e-09,0.905991,
-5.20417e-12,-0.792856,0.0243994,-0.00692122,0.00160723,0.00115555,-3.4677e-05,0,0,0.571377,-0.0349524,-0.124909,0.0533905,0.0110349,-0.00261824,0.00150289,0,0,9.62229e-13,-2,-0.0070585,-0.015673,-0.00454731,0.000368989,5.91333e-06,0,0,0.0364267,0.749864,0.0417906,0.0845634,-0.0220022,-0.0290364,0.0251966,0,0,-1.38778e-11,-0.561976,0.0794538,0.00763807,0.00494149,0.00257866,-7.1687e-05,0,0,-0.126315,-0.0245574,0.624844,0.00814495,0.0116799,0.00440484,-0.000507225,0,0,0,-2,0.00292868,0.0534752,0.00474414,-0.00083121,-3.17731e-05,0,0,0.0566137,-0.103595,0.017665,0.662521,0.00441761,0.0411976,0.010558,0,0,1.38778e-11,1.08364,0.0291963,0.0173274,-0.0490314,-0.0330332,0.000647244,0,0,0.134869,0.0479766,0.130093,0.118972,0.41848,-0.025608,0.00841374,0,0,3.1225e-11,0.0884807,0.00975971,-0.0368291,-0.039741,0.0514215,0.000817341,0,0,0.0148303,0.00128425,0.0728485,0.533064,-0.0310811,0.429554,-0.00709405,0,0,1.47451e-11,-0.26419,0.00358545,0.00129592,0.00164536,0.00310256,0.00183055,0,0,-0.0185515,-0.0114351,-0.0279379,0.00489016,0.012613,-0.00826475,0.0684043,0,0,0,1.20024e-12,0,2.40048e-12,1.20024e-12,1.20024e-12,1.20024e-12,0,0,0,0,0,0,0,0,0,0.905991,3.9701e-09,0,0,0,0,0,0,0,0,0,0,0,0,0,0,0,0,3.9707e-09,0.905991,
3.21531e-07,-0.793873,0.0244295,-0.00693859,0.00160588,0.0011562,-3.46861e-05,0,0,0.571453,-0.0349975,-0.125009,0.0534911,0.0110295,-0.00263576,0.00150941,0,0,9.30455e-08,-2,-0.00706733,-0.0156807,-0.00455074,0.000371541,5.89458e-06,0,0,0.0364466,0.74991,0.0418259,0.084602,-0.0220132,-0.0290569,0.0251958,0,0,5.88526e-07,-0.563082,0.0794488,0.00762092,0.00494054,0.00257907,-7.16665e-05,0,0,-0.126418,-0.0246058,0.625,0.00821286,0.0116972,0.00438666,-0.000501734,0,0,-1.7919e-07,-2,0.00291398,0.0534879,0.0047428,-0.000831072,-3.17173e-05,0,0,0.0567115,-0.103658,0.0177399,0.662551,0.00440412,0.0411747,0.0105663,0,0,4.4996e-06,1.08379,0.0291519,0.0173459,-0.0490303,-0.0330406,0.00064677,0,0,0.134871,0.0479841,0.130315,0.118942,0.418524,-0.0255992,0.00840353,0,0,-6.98823e-07,0.0905313,0.00978349,-0.0367886,-0.0397433,0.0514748,0.00081613,0,0,0.0147316,0.00137396,0.0727348,0.532987,-0.0310699,0.429581,-0.00710449,0,0,-6.08133e-08,-0.264243,0.00358711,0.00129302,0.00164358,0.00310105,0.00183079,0,0,-0.0185362,-0.0114375,-0.0279342,0.0048978,0.0126034,-0.00826747,0.0684052,0,0,0,1.20024e-12,1.20024e-12,0,0,-1.20024e-12,1.20024e-12,0,0,0,0,0,0,0,0,0,0.905991,4.05051e-09,0,0,0,0,0,0,1.20024e-12,0,0,0,0,0,0,0,0,0,4.05021e-09,0.905991,
-3.2137e-07,-0.79489,0.0244603,-0.00695601,0.00160549,0.0011575,-3.40525e-05,0,0,0.57153,-0.0350426,-0.125109,0.0535919,0.0110241,-0.0026533,0.00151593,0,0,-9.303e-08,-2,-0.00707598,-0.0156884,-0.0045539,0.00037428,6.06172e-06,0,0,0.0364665,0.749956,0.0418612,0.0846406,-0.0220242,-0.0290773,0.0251951,0,0,-5.88668e-07,-0.56419,0.079445,0.00760371,0.00494135,0.00258066,-7.04686e-05,0,0,-0.126521,-0.0246543,0.625156,0.00828094,0.0117145,0.00436844,-0.000496228,0,0,1.79134e-07,-2,0.00289887,0.0535005,0.00474092,-0.000831292,-3.20197e-05,0,0,0.0568095,-0.103721,0.0178149,0.662581,0.00439061,0.0411518,0.0105747,0,0,-4.50046e-06,1.08395,0.0291165,0.0173643,-0.0490156,-0.0330391,0.000655295,0,0,0.134874,0.0479915,0.130536,0.118912,0.418568,-0.0255903,0.00839333,0,0,6.98747e-07,0.0925782,0.00980596,-0.036748,-0.0397477,0.0515268,0.000813519,0,0,0.0146327,0.00146358,0.0726208,0.532909,-0.0310587,0.429608,-0.00711492,0,0,6.07717e-08,-0.264296,0.00358864,0.00129013,0.00164163,0.00309941,0.0018309,0,0,-0.0185208,-0.0114399,-0.0279304,0.00490543,0.0125939,-0.00827018,0.068406,0,0,0,0,0,0,0,0,-1.20024e-12,0,0,0,0,0,0,0,0,0,0.905991,4.22545e-09,1.20024e-12,0,0,0,0,0,1.20024e-12,0,0,0,0,0,0,0,0,0,4.22575e-09,0.905991,
-4.33681e-12,-0.795907,0.0244907,-0.00697347,0.00160412,0.00115783,-3.43832e-05,0,0,0.571607,-0.0350878,-0.125209,0.0536928,0.0110187,-0.00267087,0.00152246,0,0,-1.84314e-12,-2,-0.00708473,-0.0156962,-0.00455732,0.000376746,5.94972e-06,0,0,0.0364864,0.750002,0.0418965,0.0846791,-0.0220352,-0.0290977,0.0251943,0,0,0,-0.565299,0.0794406,0.00758644,0.00494036,0.00258049,-7.10367e-05,0,0,-0.126624,-0.024703,0.625312,0.00834921,0.0117318,0.00435016,-0.000490707,0,0,2.77556e-11,-2,0.00288386,0.0535131,0.00473957,-0.000830964,-3.1785e-05,0,0,0.0569075,-0.103784,0.0178901,0.662612,0.00437708,0.0411289,0.0105831,0,0,-1.38778e-11,1.0841,0.0290766,0.0173829,-0.0490143,-0.033051,0.000650324,0,0,0.134876,0.047999,0.130756,0.118882,0.418613,-0.0255815,0.00838313,0,0,-3.46945e-11,0.0946227,0.0098292,-0.0367072,-0.0397501,0.0515809,0.000813,0,0,0.0145338,0.00155309,0.0725066,0.532831,-0.0310475,0.429636,-0.00712534,0,0,0,-0.264349,0.00359023,0.00128723,0.00163986,0.00309795,0.00183119,0,0,-0.0185055,-0.0114422,-0.0279266,0.00491305,0.0125843,-0.00827289,0.0684069,0,0,0,0,0,0,0,0,0,0,0,0,0,0,0,0,0,0,0.905991,-4.51561e-09,0,1.20024e-12,0,1.20024e-12,1.20024e-12,-1.20024e-12,0,0,0,0,0,0,0,0,0,0,-4.51531e-09,0.905991,
-3.21064e-07,-0.796925,0.024521,-0.0069915,0.00160338,0.00115929,-3.4081e-05,0,0,0.571684,-0.035133,-0.125309,0.0537939,0.0110133,-0.00268846,0.001529,0,0,-9.30167e-08,-2,-0.00709334,-0.0157036,-0.00456096,0.000379382,6.00827e-06,0,0,0.0365063,0.750048,0.0419319,0.0847176,-0.0220462,-0.0291181,0.0251935,0,0,-5.88994e-07,-0.566413,0.0794362,0.00756799,0.00494091,0.00258257,-7.0418e-05,0,0,-0.126726,-0.0247517,0.625468,0.00841767,0.011749,0.00433184,-0.000485172,0,0,1.78968e-07,-2,0.00286892,0.0535263,0.00473782,-0.000831868,-3.18967e-05,0,0,0.0570058,-0.103847,0.0179655,0.662642,0.00436355,0.041106,0.0105915,0,0,-4.50212e-06,1.08425,0.0290366,0.0173924,-0.0490084,-0.0330448,0.000654076,0,0,0.134878,0.0480063,0.130977,0.118852,0.418657,-0.0255727,0.00837293,0,0,6.98646e-07,0.0966659,0.00985253,-0.036665,-0.0397532,0.0516333,0.000811255,0,0,0.0144347,0.0016425,0.072392,0.532754,-0.0310363,0.429663,-0.00713575,0,0,6.06373e-08,-0.264402,0.00359181,0.00128447,0.00163804,0.00309626,0.00183141,0,0,-0.0184901,-0.0114446,-0.0279229,0.00492065,0.0125747,-0.00827561,0.0684078,0,0,-1.20024e-12,0,-1.20024e-12,0,0,0,-1.20024e-12,0,0,0,0,0,0,0,0,0,0.905991,-4.66474e-09,-1.20024e-12,0,-1.20024e-12,0,0,0,-1.20024e-12,0,0,0,0,0,0,0,0,0,-4.66504e-09,0.905991,
1.73472e-12,-0.797943,0.0245512,-0.0070085,0.00160195,0.00116026,-3.44106e-05,0,0,0.571761,-0.0351782,-0.125409,0.0538952,0.0110078,-0.00270608,0.00153554,0,0,8.25349e-12,-2,-0.00710202,-0.0157112,-0.00456437,0.000382038,5.89863e-06,0,0,0.0365261,0.750094,0.0419673,0.0847561,-0.0220572,-0.0291385,0.0251928,0,0,-3.46945e-12,-0.567527,0.0794316,0.00755165,0.00493981,0.00258358,-7.09871e-05,0,0,-0.126829,-0.0248005,0.625624,0.00848631,0.0117662,0.00431346,-0.000479622,0,0,0,-2,0.00285392,0.0535384,0.0047365,-0.000831858,-3.16625e-05,0,0,0.0571041,-0.10391,0.018041,0.662672,0.00435,0.041083,0.0105999,0,0,-1.38778e-11,1.0844,0.0289967,0.0174199,-0.0490072,-0.0330479,0.000649117,0,0,0.13488,0.0480137,0.131198,0.118823,0.418701,-0.0255639,0.00836275,0,0,-1.04083e-11,0.098705,0.00987596,-0.0366253,-0.0397556,0.0516856,0.000810747,0,0,0.0143356,0.00173178,0.0722772,0.532676,-0.0310252,0.429691,-0.00714615,0,0,-1.04083e-11,-0.264454,0.00359336,0.00128144,0.00163632,0.00309471,0.0018317,0,0,-0.0184747,-0.011447,-0.0279191,0.00492822,0.0125652,-0.00827832,0.0684087,0,0,0,0,0,0,0,0,0,0,0,0,0,0,0,0,0,0,0.905991,-4.65574e-09,0,0,-1.20024e-12,1.20024e-12,0,-2.40048e-12,0,0,0,0,0,0,0,0,0,0,-4.65604e-09,0.905991,
-3.46945e-12,-0.798963,0.0245812,-0.00702617,0.00160079,0.00116095,-3.40972e-05,0,0,0.571839,-0.0352234,-0.125509,0.0539967,0.0110023,-0.00272371,0.0015421,0,0,-6.35614e-12,-2,-0.00711086,-0.0157189,-0.00456761,0.000384649,5.97584e-06,0,0,0.0365459,0.75014,0.0420027,0.0847945,-0.0220683,-0.0291588,0.025192,0,0,-3.46945e-12,-0.568645,0.0794266,0.00753412,0.00493914,0.00258405,-7.03794e-05,0,0,-0.126932,-0.0248495,0.625779,0.00855513,0.0117834,0.00429504,-0.000474057,0,0,0,-2,0.00283896,0.0535508,0.00473502,-0.000831583,-3.17881e-05,0,0,0.0572027,-0.103973,0.0181167,0.662703,0.00433644,0.0410601,0.0106083,0,0,0,1.08454,0.0289522,0.0174385,-0.0490014,-0.0330553,0.000653207,0,0,0.134882,0.048021,0.131418,0.118793,0.418745,-0.0255551,0.00835257,0,0,-3.46945e-12,0.100744,0.00990016,-0.0365841,-0.0397586,0.0517386,0.000808794,0,0,0.0142364,0.00182094,0.072162,0.532599,-0.031014,0.429718,-0.00715654,0,0,-8.67362e-13,-0.264506,0.00359498,0.00127852,0.00163451,0.00309318,0.00183186,0,0,-0.0184593,-0.0114493,-0.0279152,0.00493579,0.0125557,-0.00828103,0.0684095,0,0,0,1.20024e-12,0,0,-1.20024e-12,1.20024e-12,0,5.52111e-11,0,0,0,0,0,0,0,0,0.905991,-4.50541e-09,0,0,-1.20024e-12,0,0,1.20024e-12,-1.20024e-12,-1.20024e-12,0,0,0,0,0,0,0,0,-4.50541e-09,0.905991,
8.67362e-13,-0.799982,0.0246121,-0.00704416,0.00159997,0.00116196,-3.44258e-05,0,0,0.571916,-0.0352687,-0.12561,0.0540983,0.0109968,-0.00274137,0.00154866,0,0,-2.99511e-12,-2,-0.00711953,-0.0157268,-0.00457077,0.000387355,5.86544e-06,0,0,0.0365656,0.750187,0.0420381,0.0848329,-0.0220793,-0.0291791,0.0251912,0,0,1.04083e-11,-0.569765,0.0794228,0.00751601,0.0049391,0.0025851,-7.09499e-05,0,0,-0.127036,-0.0248985,0.625934,0.00862413,0.0118006,0.00427657,-0.000468478,0,0,1.38778e-11,-2,0.00282352,0.0535634,0.00473334,-0.000831505,-3.15559e-05,0,0,0.0573014,-0.104037,0.0181926,0.662733,0.00432286,0.0410371,0.0106167,0,0,-2.42861e-11,1.08469,0.0289166,0.0174527,-0.0489909,-0.0330582,0.000648279,0,0,0.134884,0.0480282,0.131639,0.118763,0.418789,-0.0255463,0.00834241,0,0,6.93889e-12,0.102778,0.00992302,-0.0365421,-0.0397623,0.0517913,0.000808232,0,0,0.014137,0.00191,0.0720466,0.532521,-0.0310028,0.429746,-0.00716693,0,0,-3.46945e-12,-0.264557,0.00359648,0.00127567,0.00163261,0.00309158,0.00183215,0,0,-0.0184439,-0.0114516,-0.0279114,0.00494334,0.0125461,-0.00828374,0.0684104,0,0,0,-1.20024e-12,-1.20024e-12,1.20024e-12,0,-1.20024e-12,-1.20024e-12,0,0,0,0,0,0,0,0,0,0.905991,4.25455e-09,0,0,0,0,0,0,1.20024e-12,0,0,0,0,0,0,0,0,0,4.25485e-09,0.905991,
-2.60209e-12,-0.801001,0.0246431,-0.00706217,0.00159917,0.00116296,-3.44344e-05,0,0,0.571994,-0.035314,-0.12571,0.0542001,0.0109913,-0.00275905,0.00155523,0,0,-6.04443e-12,-2,-0.00712823,-0.0157346,-0.00457395,0.000390052,5.84682e-06,0,0,0.0365854,0.750233,0.0420735,0.0848713,-0.0220904,-0.0291994,0.0251905,0,0,0,-0.570886,0.0794192,0.00749788,0.00493911,0.00258615,-7.09306e-05,0,0,-0.127139,-0.0249476,0.626089,0.00869333,0.0118177,0.00425805,-0.000462884,0,0,0,-2,0.00280799,0.0535761,0.00473165,-0.000831459,-3.1502e-05,0,0,0.0574002,-0.1041,0.0182686,0.662763,0.00430928,0.0410142,0.0106251,0,0,-6.93889e-12,1.08484,0.0288808,0.0174669,-0.0489802,-0.0330611,0.00064784,0,0,0.134886,0.0480355,0.131859,0.118734,0.418833,-0.0255375,0.00833225,0,0,6.93889e-12,0.10481,0.00994597,-0.0365001,-0.039766,0.0518443,0.000806976,0,0,0.0140375,0.00199896,0.0719309,0.532444,-0.0309916,0.429773,-0.0071773,0,0,-5.20417e-12,-0.264609,0.00359799,0.00127281,0.00163071,0.00308998,0.00183237,0,0,-0.0184285,-0.0114539,-0.0279076,0.00495087,0.0125366,-0.00828644,0.0684113,0,0,0,-1.20024e-12,0,0,-1.20024e-12,0,0,5.64113e-11,0,0,0,0,0,0,0,0,0.905991,4.15373e-09,0,0,-1.20024e-12,-1.20024e-12,0,-1.20024e-12,-1.20024e-12,0,0,0,0,0,0,0,0,0,4.15373e-09,0.905991,
-1.73472e-12,-0.802021,0.0246735,-0.00707923,0.00159774,0.00116364,-3.44434e-05,0,0,0.572073,-0.0353593,-0.125811,0.0543021,0.0109858,-0.00277675,0.00156181,0,0,5.16351e-12,-2,-0.00713712,-0.015742,-0.00457733,0.000392648,5.82739e-06,0,0,0.0366051,0.75028,0.0421089,0.0849096,-0.0221015,-0.0292196,0.0251897,0,0,-1.04083e-11,-0.57201,0.0794143,0.00748149,0.00493798,0.0025866,-7.09109e-05,0,0,-0.127242,-0.0249969,0.626244,0.00876271,0.0118348,0.00423947,-0.000457275,0,0,0,-2,0.00279275,0.0535883,0.00473031,-0.000831256,-3.14476e-05,0,0,0.0574992,-0.104163,0.0183448,0.662793,0.00429568,0.0409913,0.0106335,0,0,1.73472e-11,1.08498,0.028836,0.0174946,-0.0489784,-0.0330686,0.00064739,0,0,0.134887,0.0480426,0.132079,0.118705,0.418877,-0.0255287,0.0083221,0,0,2.42861e-11,0.106839,0.00997038,-0.03646,-0.0397683,0.0518981,0.000805725,0,0,0.013938,0.00208781,0.0718149,0.532367,-0.0309805,0.4298,-0.00718767,0,0,4.33681e-12,-0.26466,0.00359962,0.00126977,0.00162891,0.00308844,0.0018326,0,0,-0.018413,-0.0114562,-0.0279038,0.00495839,0.0125271,-0.00828915,0.0684121,0,0,0,1.20024e-12,2.40048e-12,0,1.20024e-12,0,1.20024e-12,0,0,0,0,0,0,0,0,0,0.905991,4.16634e-09,0,0,2.40048e-12,0,0,0,1.20024e-12,0,0,0,0,0,0,0,0,0,4.16634e-09,0.905991,
3.20109e-07,-0.803041,0.0247043,-0.00709729,0.00159696,0.00116527,-3.41326e-05,0,0,0.572151,-0.0354046,-0.125911,0.0544042,0.0109802,-0.00279447,0.0015684,0,0,9.30023e-08,-2,-0.00714592,-0.0157497,-0.00458053,0.000395517,5.9005e-06,0,0,0.0366248,0.750327,0.0421444,0.0849479,-0.0221126,-0.0292398,0.025189,0,0,5.89886e-07,-0.573137,0.0794101,0.00746329,0.00493805,0.00258881,-7.03012e-05,0,0,-0.127345,-0.0250462,0.626398,0.00883227,0.0118519,0.00422085,-0.000451652,0,0,-1.78482e-07,-2,0.00277727,0.053601,0.0047286,-0.000831603,-3.15713e-05,0,0,0.0575983,-0.104226,0.0184212,0.662824,0.00428207,0.0409683,0.010642,0,0,4.50711e-06,1.08513,0.0287956,0.0175089,-0.0489674,-0.0330626,0.000651438,0,0,0.134889,0.0480498,0.132299,0.118675,0.418921,-0.0255199,0.00831196,0,0,-6.98313e-07,0.108866,0.00999418,-0.0364177,-0.039772,0.05195,0.000803781,0,0,0.0138383,0.00217655,0.0716986,0.532289,-0.0309693,0.429828,-0.00719803,0,0,-6.03033e-08,-0.264711,0.00360119,0.00126691,0.00162699,0.00308672,0.00183277,0,0,-0.0183975,-0.0114585,-0.0278999,0.00496589,0.0125176,-0.00829185,0.068413,0,0,0,-1.20024e-12,1.20024e-12,0,0,0,0,0,0,0,0,0,0,0,0,0,0.905991,4.28336e-09,0,0,0,1.20024e-12,-1.20024e-12,1.20024e-12,-2.40048e-12,0,0,0,0,0,0,0,0,0,4.28336e-09,0.905991,
1.73472e-12,-0.804062,0.0247352,-0.00711539,0.00159521,0.00116593,-3.44623e-05,0,0,0.57223,-0.0354499,-0.126012,0.0545066,0.0109746,-0.00281222,0.001575,0,0,1.76183e-13,-2,-0.00715473,-0.0157574,-0.00458401,0.000398104,5.7872e-06,0,0,0.0366444,0.750374,0.0421798,0.0849862,-0.0221237,-0.02926,0.0251883,0,0,3.46945e-12,-0.574265,0.0794059,0.00744502,0.00493635,0.00258925,-7.0871e-05,0,0,-0.127449,-0.0250957,0.626553,0.00890203,0.0118689,0.00420218,-0.000446013,0,0,0,-2,0.00276173,0.0536137,0.00472742,-0.000831423,-3.1338e-05,0,0,0.0576976,-0.104289,0.0184977,0.662854,0.00426845,0.0409453,0.0106504,0,0,3.46945e-12,1.08527,0.0287551,0.0175231,-0.0489699,-0.0330701,0.000646466,0,0,0.134891,0.0480569,0.132519,0.118646,0.418965,-0.0255111,0.00830183,0,0,0,0.110891,0.0100181,-0.0363753,-0.0397736,0.052004,0.000803236,0,0,0.0137385,0.0022652,0.0715821,0.532212,-0.0309581,0.429855,-0.00720839,0,0,-5.20417e-12,-0.264761,0.00360276,0.00126404,0.00162525,0.00308518,0.00183306,0,0,-0.018382,-0.0114608,-0.0278961,0.00497338,0.0125081,-0.00829455,0.0684139,0,0,0,0,-1.20024e-12,0,0,1.20024e-12,0,-1.14023e-10,0,0,0,0,0,0,0,0,0.905991,-4.51411e-09,0,0,1.20024e-12,0,0,-2.40048e-12,0,1.15223e-10,0,0,0,0,0,0,0,0,-4.51471e-09,0.905991,
3.19782e-07,-0.805084,0.024766,-0.00713289,0.00159474,0.00116692,-3.47918e-05,0,0,0.572308,-0.0354952,-0.126113,0.0546091,0.010969,-0.00282998,0.0015816,0,0,9.2985e-08,-2,-0.00716353,-0.0157649,-0.00458713,0.000400782,5.6736e-06,0,0,0.036664,0.750421,0.0422153,0.0850244,-0.0221349,-0.0292802,0.0251875,0,0,5.90167e-07,-0.575397,0.0794017,0.00742789,0.00493702,0.00259029,-7.14411e-05,0,0,-0.127552,-0.0251452,0.626707,0.00897197,0.011886,0.00418345,-0.00044036,0,0,-1.78288e-07,-2,0.00274614,0.053626,0.00472552,-0.000831427,-3.11046e-05,0,0,0.0577971,-0.104352,0.0185745,0.662884,0.00425481,0.0409224,0.0106588,0,0,4.50875e-06,1.08541,0.0287146,0.0175465,-0.0489543,-0.0330731,0.000641489,0,0,0.134892,0.048064,0.132739,0.118617,0.419008,-0.0255023,0.0082917,0,0,-6.98223e-07,0.112914,0.010042,-0.0363342,-0.039778,0.0520575,0.000802693,0,0,0.0136386,0.00235374,0.0714652,0.532135,-0.0309469,0.429883,-0.00721873,0,0,-6.0188e-08,-0.264812,0.00360432,0.00126106,0.00162327,0.00308358,0.00183335,0,0,-0.0183665,-0.0114631,-0.0278922,0.00498085,0.0124986,-0.00829725,0.0684148,0,0,0,0,0,0,0,0,0,0,0,0,0,0,0,0,0,0,0.905991,-4.60082e-09,0,0,0,0,0,0,1.20024e-12,0,0,0,0,0,0,0,0,0,-4.60112e-09,0.905991,
0,-0.806105,0.0247972,-0.00715075,0.00159331,0.00116758,-3.48015e-05,0,0,0.572387,-0.0355406,-0.126213,0.0547117,0.0109634,-0.00284777,0.00158821,0,0,0,-2,-0.00717225,-0.0157724,-0.00459053,0.000403366,5.65273e-06,0,0,0.0366836,0.750468,0.0422508,0.0850626,-0.022146,-0.0293003,0.0251868,0,0,0,-0.576531,0.0793981,0.0074101,0.00493591,0.00259073,-7.1421e-05,0,0,-0.127656,-0.0251949,0.62686,0.00904211,0.0119029,0.00416468,-0.000434692,0,0,0,-2,0.0027303,0.0536385,0.00472415,-0.000831255,-3.10496e-05,0,0,0.0578967,-0.104415,0.0186513,0.662914,0.00424116,0.0408994,0.0106673,0,0,-6.93889e-12,1.08555,0.0286785,0.0175653,-0.0489522,-0.0330806,0.000641017,0,0,0.134893,0.048071,0.132959,0.118588,0.419052,-0.0254935,0.00828158,0,0,2.42861e-11,0.114934,0.0100654,-0.0362923,-0.0397803,0.0521116,0.000801451,0,0,0.0135386,0.00244217,0.0713481,0.532058,-0.0309357,0.42991,-0.00722907,0,0,-1.47451e-11,-0.264862,0.00360582,0.00125813,0.00162147,0.00308203,0.00183358,0,0,-0.018351,-0.0114653,-0.0278883,0.00498831,0.0124891,-0.00829994,0.0684156,0,0,0,-1.20024e-12,0,0,1.20024e-12,1.20024e-12,-1.20024e-12,-5.88118e-11,0,0,0,0,0,0,0,0,0.905991,-4.53901e-09,0,0,0,0,-1.20024e-12,0,0,0,0,0,0,0,0,0,0,0,-4.53931e-09,0.905991,
2.60209e-12,-0.807127,0.0248281,-0.00716866,0.0015922,0.0011692,-3.44919e-05,0,0,0.572467,-0.035586,-0.126314,0.0548146,0.0109578,-0.00286559,0.00159483,0,0,6.24772e-12,-2,-0.00718105,-0.0157799,-0.00459383,0.00040623,5.72458e-06,0,0,0.0367031,0.750515,0.0422863,0.0851007,-0.0221572,-0.0293205,0.025186,0,0,0,-0.577666,0.079394,0.00739225,0.00493539,0.00259295,-7.08105e-05,0,0,-0.12776,-0.0252446,0.627014,0.00911243,0.0119199,0.00414585,-0.000429009,0,0,-1.38778e-11,-2,0.00271459,0.053651,0.0047226,-0.000831618,-3.11727e-05,0,0,0.0579964,-0.104478,0.0187284,0.662944,0.0042275,0.0408764,0.0106757,0,0,-2.77556e-11,1.0857,0.0286379,0.0175842,-0.0489455,-0.0330747,0.000645053,0,0,0.134895,0.048078,0.133179,0.118559,0.419096,-0.0254848,0.00827146,0,0,6.93889e-12,0.116951,0.0100895,-0.0362502,-0.0397833,0.0521638,0.000799512,0,0,0.0134384,0.00253051,0.0712306,0.531981,-0.0309245,0.429938,-0.0072394,0,0,-1.56125e-11,-0.264911,0.00360738,0.0012552,0.00161961,0.00308031,0.00183376,0,0,-0.0183354,-0.0114676,-0.0278844,0.00499575,0.0124796,-0.00830264,0.0684165,0,0,0,0,0,-1.20024e-12,0,-1.20024e-12,0,0,0,0,0,0,0,0,0,0,0.905991,-4.35537e-09,0,0,0,0,0,-1.20024e-12,0,0,0,0,0,0,0,0,0,0,-4.35537e-09,0.905991,
-8.67362e-13,-0.808149,0.0248587,-0.00718692,0.00159075,0.00116986,-3.41826e-05,0,0,0.572546,-0.0356314,-0.126415,0.0549176,0.0109521,-0.00288342,0.00160146,0,0,-2.57498e-13,-2,-0.00718996,-0.0157875,-0.00459722,0.000408817,5.79616e-06,0,0,0.0367227,0.750563,0.0423219,0.0851389,-0.0221684,-0.0293406,0.0251853,0,0,-3.46945e-12,-0.578804,0.0793893,0.00737375,0.00493426,0.0025934,-7.01997e-05,0,0,-0.127863,-0.0252945,0.627167,0.00918294,0.0119368,0.00412698,-0.000423311,0,0,0,-2,0.00269899,0.0536636,0.00472123,-0.000831446,-3.12956e-05,0,0,0.0580963,-0.104541,0.0188056,0.662974,0.00421382,0.0408535,0.0106842,0,0,3.1225e-11,1.08583,0.0285927,0.0175986,-0.0489432,-0.0330822,0.000649088,0,0,0.134896,0.0480849,0.133398,0.11853,0.419139,-0.025476,0.00826135,0,0,-3.81639e-11,0.118966,0.0101144,-0.0362073,-0.0397856,0.052218,0.000797572,0,0,0.0133382,0.00261873,0.0711129,0.531904,-0.0309134,0.429965,-0.00724972,0,0,-1.73472e-12,-0.264961,0.00360899,0.00125233,0.00161781,0.00307876,0.00183393,0,0,-0.0183198,-0.0114698,-0.0278805,0.00500318,0.0124701,-0.00830534,0.0684174,0,0,0,0,0,1.20024e-12,1.20024e-12,0,0,0,0,0,0,0,0,0,0,0,0.905991,4.09222e-09,0,0,0,0,0,0,-1.20024e-12,0,0,0,0,0,0,0,0,0,4.09192e-09,0.905991,
1.04083e-11,-0.809172,0.0248894,-0.00720459,0.00158962,0.00117052,-3.45121e-05,0,0,0.572626,-0.0356768,-0.126516,0.0550208,0.0109464,-0.00290128,0.0016081,0,0,1.65612e-11,-2,-0.00719886,-0.0157949,-0.00460052,0.000411405,5.68159e-06,0,0,0.0367422,0.750611,0.0423574,0.085177,-0.0221796,-0.0293606,0.0251846,0,0,1.04083e-11,-0.579945,0.0793845,0.00735637,0.00493372,0.00259385,-7.077e-05,0,0,-0.127967,-0.0253444,0.62732,0.00925365,0.0119537,0.00410805,-0.000417598,0,0,-4.16334e-11,-2,0.00268333,0.0536758,0.00471967,-0.000831274,-3.10624e-05,0,0,0.0581964,-0.104604,0.018883,0.663004,0.00420013,0.0408305,0.0106927,0,0,2.77556e-11,1.08597,0.0285474,0.0176221,-0.0489363,-0.0330898,0.0006441,0,0,0.134897,0.0480918,0.133618,0.118501,0.419183,-0.0254672,0.00825125,0,0,7.63278e-11,0.120979,0.0101394,-0.0361657,-0.0397887,0.0522723,0.000797026,0,0,0.0132379,0.00270685,0.0709948,0.531827,-0.0309022,0.429992,-0.00726004,0,0,1.64799e-11,-0.26501,0.00361059,0.00124933,0.00161594,0.00307722,0.00183422,0,0,-0.0183042,-0.011472,-0.0278766,0.00501059,0.0124606,-0.00830803,0.0684182,0,0,0,3.60072e-12,0,3.60072e-12,0,0,0,1.14023e-10,0,0,0,0,0,0,0,0,0.905991,3.971e-09,0,2.40048e-12,0,3.60072e-12,0,0,-1.20024e-12,0,0,0,0,0,0,0,0,0,3.9701e-09,0.905991,
3.46945e-12,-0.810195,0.0249203,-0.00722263,0.0015888,0.00117214,-3.45224e-05,0,0,0.572706,-0.0357223,-0.126617,0.0551241,0.0109407,-0.00291916,0.00161474,0,0,-3.75405e-12,-2,-0.00720767,-0.0158023,-0.00460372,0.000414273,5.65975e-06,0,0,0.0367616,0.750659,0.042393,0.085215,-0.0221908,-0.0293807,0.0251838,0,0,6.93889e-12,-0.581087,0.0793804,0.00733834,0.00493376,0.00259608,-7.07498e-05,0,0,-0.128071,-0.0253945,0.627473,0.00932454,0.0119706,0.00408908,-0.000411869,0,0,-1.38778e-11,-2,0.00266743,0.0536882,0.00471793,-0.000831635,-3.10073e-05,0,0,0.0582966,-0.104667,0.0189606,0.663033,0.00418643,0.0408075,0.0107012,0,0,2.42861e-11,1.08611,0.0285066,0.017641,-0.0489248,-0.0330838,0.000643622,0,0,0.134898,0.0480987,0.133837,0.118472,0.419226,-0.0254585,0.00824116,0,0,2.08167e-11,0.122988,0.0101638,-0.0361233,-0.0397924,0.0523246,0.000795782,0,0,0.0131375,0.00279487,0.0708765,0.531751,-0.030891,0.43002,-0.00727034,0,0,5.20417e-12,-0.265059,0.00361213,0.00124639,0.00161402,0.00307549,0.00183446,0,0,-0.0182886,-0.0114742,-0.0278727,0.00501799,0.0124512,-0.00831072,0.0684191,0,0,0,-1.20024e-12,1.20024e-12,-1.20024e-12,1.20024e-12,0,-1.20024e-12,0,0,0,0,0,0,0,0,0,0.905991,3.95209e-09,0,1.20024e-12,-1.20024e-12,1.20024e-12,-1.20024e-12,0,1.20024e-12,0,0,0,0,0,0,0,0,0,3.95209e-09,0.905991,
-1.73472e-12,-0.811218,0.0249516,-0.00724039,0.00158766,0.0011728,-3.45327e-05,0,0,0.572786,-0.0357677,-0.126719,0.0552277,0.010935,-0.00293706,0.0016214,0,0,4.14707e-12,-2,-0.0072164,-0.0158097,-0.00460702,0.000416865,5.63769e-06,0,0,0.036781,0.750706,0.0424286,0.085253,-0.022202,-0.0294007,0.0251831,0,0,-3.46945e-12,-0.582231,0.0793769,0.00732085,0.0049332,0.00259654,-7.07296e-05,0,0,-0.128175,-0.0254446,0.627626,0.00939562,0.0119874,0.00407005,-0.000406126,0,0,1.38778e-11,-2,0.00265129,0.0537004,0.00471637,-0.000831461,-3.09522e-05,0,0,0.058397,-0.10473,0.0190384,0.663063,0.00417272,0.0407845,0.0107096,0,0,-3.46945e-12,1.08625,0.0284703,0.0176646,-0.0489178,-0.0330914,0.000643143,0,0,0.134899,0.0481055,0.134057,0.118443,0.41927,-0.0254497,0.00823107,0,0,0,0.124994,0.0101875,-0.0360814,-0.0397954,0.0523791,0.000794536,0,0,0.0130369,0.00288277,0.0707579,0.531674,-0.0308798,0.430047,-0.00728064,0,0,5.20417e-12,-0.265107,0.00361361,0.00124338,0.00161216,0.00307393,0.00183469,0,0,-0.018273,-0.0114764,-0.0278687,0.00502537,0.0124417,-0.00831341,0.06842,0,0,0,0,0,0,0,0,-2.40048e-12,0,0,0,0,0,0,0,0,0,0.905991,4.02441e-09,0,0,0,0,0,0,-3.60072e-12,0,0,0,0,0,0,0,0,0,4.02411e-09,0.905991,
8.67362e-13,-0.812242,0.0249826,-0.00725883,0.00158651,0.00117377,-3.45431e-05,0,0,0.572866,-0.0358132,-0.12682,0.0553314,0.0109293,-0.00295498,0.00162806,0,0,2.48011e-12,-2,-0.00722522,-0.0158172,-0.00461031,0.000419551,5.61542e-06,0,0,0.0368004,0.750755,0.0424642,0.085291,-0.0222133,-0.0294206,0.0251824,0,0,3.46945e-12,-0.583379,0.0793728,0.00730211,0.00493262,0.00259759,-7.07094e-05,0,0,-0.128279,-0.0254949,0.627778,0.0094669,0.0120042,0.00405097,-0.000400368,0,0,0,-2,0.00263526,0.0537129,0.0047148,-0.000831462,-3.08971e-05,0,0,0.0584975,-0.104793,0.0191163,0.663093,0.00415899,0.0407615,0.0107181,0,0,-1.38778e-11,1.08639,0.0284294,0.0176791,-0.0489107,-0.0330945,0.000642663,0,0,0.1349,0.0481123,0.134276,0.118415,0.419313,-0.025441,0.00822099,0,0,-1.38778e-11,0.126999,0.0102121,-0.036038,-0.0397984,0.0524329,0.000793288,0,0,0.0129363,0.00297057,0.070639,0.531597,-0.0308686,0.430075,-0.00729093,0,0,1.64799e-11,-0.265156,0.00361514,0.0012405,0.00161029,0.00307232,0.00183493,0,0,-0.0182573,-0.0114786,-0.0278648,0.00503274,0.0124322,-0.0083161,0.0684208,0,0,0,0,1.20024e-12,1.20024e-12,-1.20024e-12,0,2.40048e-12,0,0,0,0,0,0,0,0,0,0.905991,4.18884e-09,0,1.20024e-12,1.20024e-12,0,0,-1.20024e-12,1.20024e-12,0,0,0,0,0,0,0,0,0,4.18944e-09,0.905991,
6.07153e-12,-0.813267,0.0250137,-0.00727667,0.00158535,0.00117475,-3.42351e-05,0,0,0.572947,-0.0358587,-0.126921,0.0554353,0.0109235,-0.00297292,0.00163473,0,0,6.55942e-12,-2,-0.00723404,-0.0158245,-0.0046136,0.00042224,5.68586e-06,0,0,0.0368198,0.750803,0.0424998,0.085329,-0.0222245,-0.0294406,0.0251817,0,0,1.04083e-11,-0.58453,0.0793688,0.00728451,0.00493204,0.00259864,-7.00979e-05,0,0,-0.128383,-0.0255452,0.62793,0.00953837,0.012021,0.00403184,-0.000394594,0,0,-1.38778e-11,-2,0.00261916,0.0537251,0.00471323,-0.000831462,-3.10197e-05,0,0,0.0585982,-0.104856,0.0191944,0.663123,0.00414525,0.0407385,0.0107266,0,0,4.51028e-11,1.08652,0.0283885,0.0177027,-0.0489035,-0.0330975,0.000646698,0,0,0.134901,0.0481191,0.134495,0.118386,0.419356,-0.0254323,0.00821092,0,0,3.1225e-11,0.129003,0.0102367,-0.0359959,-0.0398014,0.0524867,0.000791341,0,0,0.0128355,0.00305825,0.0705199,0.531521,-0.0308574,0.430102,-0.00730121,0,0,6.07153e-12,-0.265204,0.00361667,0.00123749,0.00160842,0.0030707,0.0018351,0,0,-0.0182417,-0.0114808,-0.0278608,0.00504009,0.0124228,-0.00831879,0.0684217,0,0,0,-1.20024e-12,0,0,-1.20024e-12,-1.20024e-12,-1.20024e-12,0,0,0,0,0,0,0,0,0,0.905991,-4.4649e-09,0,0,0,0,0,0,0,0,0,0,0,0,0,0,0,0,-4.4646e-09,0.905991,
0,-0.814291,0.0250448,-0.00729519,0.00158418,0.00117541,-3.42459e-05,0,0,0.573027,-0.0359042,-0.127023,0.0555393,0.0109177,-0.00299089,0.0016414,0,0,-1.21973e-13,-2,-0.00724287,-0.0158319,-0.00461689,0.000424838,5.66316e-06,0,0,0.0368391,0.750851,0.0425355,0.0853669,-0.0222358,-0.0294605,0.025181,0,0,3.46945e-12,-0.585681,0.0793647,0.00726566,0.00493145,0.00259911,-7.00776e-05,0,0,-0.128488,-0.0255957,0.628082,0.00961003,0.0120378,0.00401266,-0.000388806,0,0,-1.38778e-11,-2,0.00260301,0.0537376,0.00471166,-0.000831282,-3.09645e-05,0,0,0.058699,-0.104919,0.0192727,0.663153,0.00413149,0.0407155,0.0107351,0,0,3.81639e-11,1.08665,0.0283475,0.0177172,-0.0488962,-0.0331051,0.000646217,0,0,0.134902,0.0481258,0.134714,0.118358,0.419399,-0.0254235,0.00820085,0,0,4.16334e-11,0.131002,0.0102614,-0.0359523,-0.0398044,0.0525413,0.000790089,0,0,0.0127347,0.00314583,0.0704004,0.531444,-0.0308462,0.43013,-0.00731149,0,0,1.47451e-11,-0.265251,0.0036182,0.00123459,0.00160656,0.00306914,0.00183534,0,0,-0.018226,-0.0114829,-0.0278569,0.00504742,0.0124134,-0.00832147,0.0684225,0,0,0,0,1.20024e-12,0,0,-1.20024e-12,0,0,0,0,0,0,0,0,0,0,0.905991,-4.60352e-09,0,0,-1.20024e-12,0,-1.20024e-12,0,0,0,0,0,0,0,0,0,0,0,-4.60352e-09,0.905991,
-3.18172e-07,-0.815316,0.0250759,-0.00731312,0.00158301,0.00117671,-3.45749e-05,0,0,0.573108,-0.0359497,-0.127124,0.0556436,0.0109119,-0.00300888,0.00164809,0,0,-9.29471e-08,-2,-0.0072517,-0.0158392,-0.00462017,0.000427624,5.54733e-06,0,0,0.0368584,0.7509,0.0425711,0.0854048,-0.0222471,-0.0294804,0.0251803,0,0,-5.91638e-07,-0.586836,0.0793607,0.00724794,0.00493084,0.00260076,-7.0649e-05,0,0,-0.128592,-0.0256463,0.628234,0.00968188,0.0120545,0.00399343,-0.000383002,0,0,1.77428e-07,-2,0.00258678,0.0537497,0.00471009,-0.000831455,-3.0732e-05,0,0,0.0588,-0.104981,0.0193511,0.663182,0.00411772,0.0406925,0.0107437,0,0,-4.51694e-06,1.08678,0.0283065,0.0177409,-0.0488889,-0.0331037,0.000641219,0,0,0.134903,0.0481325,0.134933,0.118329,0.419442,-0.0254148,0.00819079,0,0,6.9765e-07,0.132999,0.0102862,-0.03591,-0.0398074,0.0525946,0.000789534,0,0,0.0126337,0.0032333,0.0702806,0.531367,-0.030835,0.430157,-0.00732175,0,0,5.95678e-08,-0.265299,0.00361972,0.00123158,0.00160469,0.00306746,0.00183563,0,0,-0.0182103,-0.0114851,-0.0278529,0.00505474,0.0124039,-0.00832416,0.0684234,0,0,-1.20024e-12,0,1.20024e-12,0,1.20024e-12,-1.20024e-12,0,0,0,0,0,0,0,0,0,0,0.905991,-4.58882e-09,2.40048e-12,0,-2.40048e-12,0,-2.40048e-12,3.60072e-12,0,0,0,0,0,0,0,0,0,0,-4.58912e-09,0.905991,
-3.46945e-12,-0.816341,0.0251073,-0.00733173,0.00158183,0.00117801,-3.49036e-05,0,0,0.57319,-0.0359953,-0.127226,0.055748,0.0109061,-0.00302688,0.00165478,0,0,-8.67362e-13,-2,-0.00726044,-0.0158466,-0.00462345,0.000430412,5.43127e-06,0,0,0.0368777,0.750949,0.0426068,0.0854427,-0.0222584,-0.0295003,0.0251795,0,0,-1.04083e-11,-0.587992,0.0793573,0.00722898,0.00493022,0.00260241,-7.12207e-05,0,0,-0.128696,-0.0256969,0.628385,0.00975393,0.0120712,0.00397415,-0.000377182,0,0,1.38778e-11,-2,0.00257031,0.0537621,0.00470851,-0.000831625,-3.04997e-05,0,0,0.0589011,-0.105044,0.0194297,0.663212,0.00410394,0.0406695,0.0107522,0,0,-3.46945e-12,1.08692,0.0282699,0.0177555,-0.0488815,-0.0331023,0.000636219,0,0,0.134903,0.0481391,0.135151,0.118301,0.419485,-0.0254061,0.00818074,0,0,-3.46945e-11,0.134993,0.0103104,-0.0358661,-0.0398105,0.0526479,0.000788976,0,0,0.0125326,0.00332065,0.0701606,0.531291,-0.0308238,0.430184,-0.00733201,0,0,-1.73472e-12,-0.265346,0.00362118,0.00122868,0.00160281,0.00306577,0.00183592,0,0,-0.0181945,-0.0114872,-0.0278489,0.00506205,0.0123945,-0.00832684,0.0684243,0,0,0,1.20024e-12,-2.40048e-12,0,-1.20024e-12,0,0,0,0,0,0,0,0,0,0,0,0.905991,-4.44059e-09,0,0,0,0,1.20024e-12,0,-1.20024e-12,0,0,0,0,0,0,0,0,0,-4.43999e-09,0.905991,
-6.07153e-12,-0.817366,0.0251382,-0.00734975,0.00158096,0.00117898,-3.49142e-05,0,0,0.573271,-0.0360408,-0.127327,0.0558526,0.0109003,-0.00304492,0.00166148,0,0,-7.14218e-12,-2,-0.00726938,-0.0158538,-0.00462663,0.000433109,5.40797e-06,0,0,0.0368969,0.750997,0.0426425,0.0854805,-0.0222697,-0.0295202,0.0251788,0,0,-1.04083e-11,-0.589151,0.0793527,0.00721114,0.00493018,0.00260348,-7.12008e-05,0,0,-0.128801,-0.0257477,0.628536,0.00982617,0.0120879,0.00395482,-0.000371348,0,0,1.38778e-11,-2,0.00255413,0.0537742,0.00470676,-0.000831616,-3.04449e-05,0,0,0.0590024,-0.105107,0.0195085,0.663242,0.00409015,0.0406464,0.0107607,0,0,4.16334e-11,1.08706,0.0282242,0.0177793,-0.0488694,-0.0331054,0.000635736,0,0,0.134904,0.0481457,0.13537,0.118273,0.419528,-0.0253974,0.00817069,0,0,-2.77556e-11,0.136984,0.010336,-0.0358235,-0.0398142,0.052702,0.000787718,0,0,0.0124315,0.00340789,0.0700402,0.531215,-0.0308126,0.430212,-0.00734226,0,0,7.80626e-12,-0.265393,0.00362275,0.00122565,0.00160088,0.00306414,0.00183616,0,0,-0.0181788,-0.0114893,-0.0278449,0.00506933,0.0123851,-0.00832952,0.0684251,0,0,0,1.20024e-12,0,0,-1.20024e-12,1.20024e-12,1.20024e-12,0,0,0,0,0,0,0,0,0,0.905991,4.19694e-09,0,0,0,0,0,0,0,0,0,0,0,0,0,0,0,0,4.19724e-09,0.905991,
1.73472e-12,-0.818393,0.025169,-0.00736844,0.00157977,0.00117965,-3.46072e-05,0,0,0.573353,-0.0360864,-0.127429,0.0559573,0.0108944,-0.00306297,0.00166819,0,0,5.14996e-13,-2,-0.00727832,-0.0158612,-0.00462991,0.000435716,5.47739e-06,0,0,0.0369162,0.751046,0.0426782,0.0855183,-0.022281,-0.02954,0.0251781,0,0,3.46945e-12,-0.590313,0.0793481,0.00719207,0.00492954,0.00260396,-7.05888e-05,0,0,-0.128905,-0.0257986,0.628687,0.0098986,0.0121045,0.00393544,-0.000365498,0,0,0,-2,0.00253788,0.0537866,0.00470517,-0.000831427,-3.05673e-05,0,0,0.0591039,-0.10517,0.0195875,0.663271,0.00407634,0.0406234,0.0107692,0,0,-1.38778e-11,1.08718,0.0281784,0.017794,-0.0488618,-0.0331131,0.000639772,0,0,0.134904,0.0481522,0.135589,0.118245,0.419571,-0.0253886,0.00816066,0,0,1.04083e-11,0.138974,0.0103618,-0.0357794,-0.0398172,0.0527569,0.000785761,0,0,0.0123302,0.00349501,0.0699196,0.531138,-0.0308014,0.430239,-0.0073525,0,0,1.12757e-11,-0.265439,0.00362432,0.00122275,0.00159901,0.00306257,0.00183634,0,0,-0.018163,-0.0114914,-0.0278409,0.0050766,0.0123757,-0.0083322,0.068426,0,0,0,0,2.40048e-12,-2.40048e-12,0,0,2.40048e-12,0,0,0,0,0,0,0,0,0,0.905991,4.09642e-09,0,-1.20024e-12,-1.20024e-12,1.20024e-12,0,1.20024e-12,-2.40048e-12,0,0,0,0,0,0,0,0,0,4.09672e-09,0.905991,
-8.67362e-12,-0.819419,0.0252006,-0.00738686,0.00157857,0.00118062,-3.49356e-05,0,0,0.573434,-0.036132,-0.127531,0.0560623,0.0108885,-0.00308104,0.00167491,0,0,-1.81604e-12,-2,-0.00728707,-0.0158685,-0.00463318,0.000438418,5.36074e-06,0,0,0.0369353,0.751095,0.0427139,0.085556,-0.0222924,-0.0295598,0.0251774,0,0,-2.42861e-11,-0.591477,0.0793448,0.00717353,0.00492888,0.00260503,-7.11611e-05,0,0,-0.12901,-0.0258496,0.628838,0.00997123,0.0121211,0.003916,-0.000359633,0,0,0,-2,0.00252121,0.0537988,0.00470359,-0.000831412,-3.03354e-05,0,0,0.0592055,-0.105233,0.0196667,0.663301,0.00406252,0.0406004,0.0107778,0,0,6.93889e-12,1.08731,0.0281417,0.0178132,-0.0488542,-0.0331162,0.000634769,0,0,0.134905,0.0481587,0.135807,0.118216,0.419614,-0.0253799,0.00815062,0,0,-2.08167e-11,0.14096,0.0103862,-0.0357359,-0.0398202,0.0528111,0.000785196,0,0,0.0122288,0.00358203,0.0697987,0.531062,-0.0307903,0.430267,-0.00736273,0,0,-1.73472e-12,-0.265486,0.00362577,0.00121978,0.00159713,0.00306094,0.00183663,0,0,-0.0181472,-0.0114935,-0.0278369,0.00508386,0.0123662,-0.00833488,0.0684268,0,0,0,0,0,1.20024e-12,1.20024e-12,0,0,0,0,0,0,0,0,0,0,0,0.905991,4.10512e-09,0,0,0,-1.20024e-12,-1.20024e-12,0,0,0,0,0,0,0,0,0,0,0,4.10632e-09,0.905991,
-4.33681e-12,-0.820445,0.0252319,-0.00740531,0.00157736,0.00118161,-3.43115e-05,0,0,0.573516,-0.0361776,-0.127633,0.0561674,0.0108826,-0.00309914,0.00168164,0,0,1.3417e-12,-2,-0.00729594,-0.0158758,-0.00463644,0.000441127,5.52289e-06,0,0,0.0369545,0.751145,0.0427497,0.0855938,-0.0223037,-0.0295796,0.0251767,0,0,-1.04083e-11,-0.592642,0.0793409,0.00715493,0.0049282,0.00260611,-6.99567e-05,0,0,-0.129114,-0.0259007,0.628988,0.0100441,0.0121377,0.00389652,-0.000353752,0,0,0,-2,0.00250464,0.053811,0.00470201,-0.000831386,-3.0635e-05,0,0,0.0593073,-0.105296,0.019746,0.66333,0.00404868,0.0405773,0.0107863,0,0,1.04083e-11,1.08744,0.0281003,0.0178325,-0.0488464,-0.0331194,0.000643332,0,0,0.134905,0.0481652,0.136025,0.118188,0.419657,-0.0253712,0.0081406,0,0,-3.46945e-12,0.142943,0.0104114,-0.0356923,-0.0398232,0.0528654,0.000782533,0,0,0.0121274,0.00366892,0.0696775,0.530986,-0.0307791,0.430294,-0.00737295,0,0,-6.07153e-12,-0.265532,0.00362727,0.00121681,0.00159525,0.0030593,0.00183674,0,0,-0.0181314,-0.0114956,-0.0278328,0.0050911,0.0123568,-0.00833756,0.0684277,0,0,0,0,1.20024e-12,0,1.20024e-12,-1.20024e-12,1.20024e-12,-5.64113e-11,0,0,0,0,0,0,0,0,0.905991,4.21555e-09,0,0,0,0,0,1.20024e-12,-1.20024e-12,0,0,0,0,0,0,0,0,0,4.21435e-09,0.905991,
3.46945e-12,-0.821472,0.025263,-0.00742369,0.00157612,0.00118243,-3.49668e-05,0,0,0.573599,-0.0362232,-0.127734,0.0562727,0.0108767,-0.00311725,0.00168837,0,0,6.26127e-12,-2,-0.00730467,-0.0158826,-0.00464012,0.000443641,5.29728e-06,0,0,0.0369736,0.751194,0.0427855,0.0856314,-0.0223151,-0.0295993,0.0251761,0,0,6.93889e-12,-0.593811,0.0793369,0.00713633,0.00492787,0.00260707,-7.11129e-05,0,0,-0.129219,-0.0259519,0.629139,0.0101171,0.0121543,0.00387698,-0.000347855,0,0,-1.38778e-11,-2,0.00248812,0.0538234,0.00470037,-0.00083188,-3.02151e-05,0,0,0.0594092,-0.105358,0.0198255,0.66336,0.00403483,0.0405543,0.0107949,0,0,6.93889e-12,1.08757,0.028059,0.0178518,-0.0488431,-0.0331224,0.000633528,0,0,0.134905,0.0481716,0.136244,0.11816,0.4197,-0.0253625,0.00813058,0,0,4.16334e-11,0.144924,0.0104367,-0.0356485,-0.0398257,0.0529207,0.00078283,0,0,0.0120258,0.00375568,0.069556,0.53091,-0.0307679,0.430322,-0.00738316,0,0,-1.47451e-11,-0.265577,0.00362877,0.00121385,0.00159344,0.00305767,0.00183714,0,0,-0.0181156,-0.0114976,-0.0278288,0.00509832,0.0123474,-0.00834024,0.0684286,0,0,0,1.20024e-12,0,-1.20024e-12,1.20024e-12,0,-1.20024e-12,0,0,0,0,0,0,0,0,0,0.905991,-4.43279e-09,0,-3.60072e-12,0,2.40048e-12,-2.40048e-12,-1.20024e-12,2.40048e-12,0,0,-3.0006e-13,0,-3.0006e-13,0,0,0,0,-4.43189e-09,0.905991,
8.67362e-12,-0.822499,0.0252939,-0.00744233,0.00157484,0.00118372,-3.46595e-05,0,0,0.573681,-0.0362688,-0.127836,0.0563781,0.0108707,-0.00313539,0.00169511,0,0,9.71716e-12,-2,-0.00731346,-0.0158898,-0.00464337,0.000446444,5.369e-06,0,0,0.0369927,0.751244,0.0428212,0.0856691,-0.0223265,-0.029619,0.0251754,0,0,1.73472e-11,-0.594982,0.0793329,0.00711748,0.00492707,0.00260875,-7.05013e-05,0,0,-0.129324,-0.0260031,0.629289,0.0101903,0.0121708,0.00385739,-0.000341943,0,0,0,-2,0.00247156,0.0538354,0.00469881,-0.000831987,-3.03379e-05,0,0,0.0595112,-0.105421,0.0199052,0.663389,0.00402097,0.0405313,0.0108034,0,0,-3.46945e-12,1.08769,0.0280177,0.0178712,-0.0488354,-0.0331212,0.000637588,0,0,0.134906,0.0481779,0.136462,0.118133,0.419742,-0.0253538,0.00812057,0,0,3.1225e-11,0.146901,0.0104621,-0.0356046,-0.0398288,0.0529738,0.000780875,0,0,0.0119242,0.00384231,0.0694342,0.530834,-0.0307567,0.430349,-0.00739336,0,0,-2.60209e-12,-0.265623,0.00363024,0.00121087,0.00159161,0.003056,0.00183732,0,0,-0.0180997,-0.0114997,-0.0278247,0.00510552,0.0123381,-0.00834291,0.0684294,0,0,0,1.20024e-12,0,0,0,0,0,0,0,0,0,0,0,0,0,0,0.905991,-4.51171e-09,0,1.20024e-12,0,0,0,0,0,0,0,0,0,0,0,0,0,0,-4.51231e-09,0.905991,
0,-0.823526,0.0253251,-0.007461,0.00157383,0.00118474,-3.49851e-05,0,0,0.573764,-0.0363145,-0.127939,0.0564838,0.0108648,-0.00315355,0.00170186,0,0,-9.48677e-13,-2,-0.00732232,-0.0158971,-0.00464645,0.000449201,5.25578e-06,0,0,0.0370117,0.751293,0.042857,0.0857067,-0.0223379,-0.0296387,0.0251747,0,0,6.93889e-12,-0.596155,0.0793289,0.00709861,0.0049267,0.00260987,-7.10765e-05,0,0,-0.129429,-0.0260545,0.629438,0.0102637,0.0121873,0.00383775,-0.000336015,0,0,1.38778e-11,-2,0.00245483,0.0538474,0.0046971,-0.00083183,-3.01092e-05,0,0,0.0596134,-0.105484,0.019985,0.663419,0.0040071,0.0405082,0.010812,0,0,-1.04083e-11,1.08782,0.0279764,0.0178906,-0.0488231,-0.0331243,0.000632646,0,0,0.134906,0.0481843,0.13668,0.118105,0.419785,-0.0253452,0.00811058,0,0,0,0.148875,0.0104875,-0.0355605,-0.0398325,0.0530277,0.000780267,0,0,0.0118224,0.0039288,0.0693121,0.530758,-0.0307455,0.430377,-0.00740355,0,0,-1.47451e-11,-0.265668,0.00363171,0.00120788,0.00158969,0.00305436,0.0018376,0,0,-0.0180839,-0.0115017,-0.0278207,0.0051127,0.0123287,-0.00834559,0.0684303,0,0,0,-1.20024e-12,0,0,0,0,0,0,0,0,0,0,0,0,0,0,0.905991,-4.45199e-09,0,0,1.20024e-12,1.20024e-12,-1.20024e-12,0,1.20024e-12,0,0,0,0,0,0,0,0,0,-4.45169e-09,0.905991,
3.16732e-07,-0.824554,0.0253565,-0.00747967,0.00157252,0.00118543,-3.46776e-05,0,0,0.573847,-0.0363601,-0.128041,0.0565896,0.0108588,-0.00317173,0.00170862,0,0,9.2904e-08,-2,-0.0073312,-0.0159044,-0.00464963,0.000451869,5.32678e-06,0,0,0.0370307,0.751343,0.0428928,0.0857443,-0.0223493,-0.0296584,0.025174,0,0,5.93005e-07,-0.597331,0.079325,0.00707976,0.00492577,0.0026104,-7.04657e-05,0,0,-0.129534,-0.026106,0.629588,0.0103373,0.0122038,0.00381806,-0.000330072,0,0,-1.76706e-07,-2,0.00243798,0.0538595,0.00469555,-0.000831515,-3.02338e-05,0,0,0.0597158,-0.105547,0.0200651,0.663448,0.00399321,0.0404852,0.0108206,0,0,4.52429e-06,1.08794,0.0279348,0.01791,-0.048815,-0.033132,0.000636742,0,0,0.134906,0.0481906,0.136897,0.118077,0.419828,-0.0253365,0.00810059,0,0,-6.97109e-07,0.150846,0.0105131,-0.0355163,-0.0398355,0.0530827,0.000778257,0,0,0.0117206,0.00401516,0.0691897,0.530682,-0.0307343,0.430404,-0.00741373,0,0,-5.90691e-08,-0.265712,0.00363319,0.00120489,0.00158781,0.00305276,0.00183777,0,0,-0.018068,-0.0115037,-0.0278166,0.00511987,0.0123193,-0.00834826,0.0684311,0,0,0,0,0,0,-1.20024e-12,0,1.20024e-12,0,0,0,0,0,0,0,0,0,0.905991,4.27586e-09,0,0,0,0,-1.20024e-12,0,1.20024e-12,0,0,0,0,0,0,0,0,0,4.27646e-09,0.905991,
0,-0.825582,0.025388,-0.00749804,0.00157092,0.00118644,-3.46876e-05,0,0,0.57393,-0.0364058,-0.128143,0.0566956,0.0108527,-0.00318993,0.00171539,0,0,-2.43945e-12,-2,-0.00734011,-0.0159115,-0.00465292,0.000454621,5.30356e-06,0,0,0.0370497,0.751393,0.0429286,0.0857818,-0.0223608,-0.029678,0.0251734,0,0,-3.46945e-12,-0.598509,0.0793212,0.00706148,0.00492431,0.00261151,-7.04473e-05,0,0,-0.129639,-0.0261576,0.629737,0.0104111,0.0122202,0.00379832,-0.000324112,0,0,-1.38778e-11,-2,0.00242103,0.0538714,0.00469415,-0.000831407,-3.01811e-05,0,0,0.0598183,-0.105609,0.0201453,0.663477,0.00397931,0.0404621,0.0108292,0,0,1.38778e-11,1.08806,0.0278932,0.017934,-0.0488113,-0.0331352,0.000636299,0,0,0.134906,0.0481968,0.137115,0.11805,0.41987,-0.0253278,0.00809062,0,0,-2.42861e-11,0.152815,0.0105387,-0.0354728,-0.0398377,0.0531373,0.000776948,0,0,0.0116187,0.0041014,0.0690671,0.530607,-0.0307231,0.430431,-0.0074239,0,0,1.99493e-11,-0.265757,0.00363468,0.00120183,0.00158597,0.0030511,0.001838,0,0,-0.0180521,-0.0115058,-0.0278125,0.00512702,0.01231,-0.00835093,0.068432,0,0,0,-1.20024e-12,0,-1.20024e-12,0,0,0,0,0,0,0,0,0,0,0,0,0.905991,4.23685e-09,0,-1.20024e-12,0,2.40048e-12,0,0,0,0,0,0,0,0,0,0,0,0,4.23655e-09,0.905991,
-2.60209e-12,-0.82661,0.0254195,-0.00751707,0.00156933,0.00118744,-3.50148e-05,0,0,0.574013,-0.0364515,-0.128245,0.0568017,0.0108467,-0.00320815,0.00172217,0,0,9.48677e-12,-2,-0.00734902,-0.0159188,-0.00465624,0.000457359,5.18631e-06,0,0,0.0370686,0.751443,0.0429645,0.0858193,-0.0223722,-0.0296976,0.0251727,0,0,-1.04083e-11,-0.599689,0.0793175,0.00704198,0.0049229,0.00261262,-7.10217e-05,0,0,-0.129744,-0.0262093,0.629886,0.0104851,0.0122366,0.00377853,-0.000318138,0,0,1.38778e-11,-2,0.00240402,0.0538837,0.00469275,-0.000831336,-2.99512e-05,0,0,0.059921,-0.105672,0.0202257,0.663506,0.0039654,0.0404391,0.0108378,0,0,0,1.08819,0.0278514,0.017949,-0.0488076,-0.0331384,0.00063131,0,0,0.134905,0.048203,0.137333,0.118022,0.419912,-0.0253191,0.00808065,0,0,0,0.15478,0.0105644,-0.0354277,-0.0398401,0.053192,0.000776348,0,0,0.0115166,0.00418752,0.0689442,0.530531,-0.0307119,0.430459,-0.00743406,0,0,-5.20417e-12,-0.265801,0.00363616,0.0011989,0.00158413,0.00304944,0.00183829,0,0,-0.0180361,-0.0115078,-0.0278084,0.00513415,0.0123006,-0.00835359,0.0684328,0,0,0,1.20024e-12,-1.20024e-12,1.20024e-12,-1.20024e-12,0,-1.20024e-12,0,0,0,0,0,0,0,0,0,0.905991,-4.30977e-09,0,0,-1.20024e-12,0,-1.20024e-12,1.20024e-12,0,0,0,0,0,0,0,0,0,0,-4.30917e-09,0.905991,
-3.16244e-07,-0.827639,0.0254518,-0.00753601,0.00156793,0.00118868,-3.46927e-05,0,0,0.574097,-0.0364972,-0.128348,0.0569081,0.0108407,-0.00322639,0.00172895,0,0,-9.28762e-08,-2,-0.00735807,-0.0159266,-0.00465888,0.000460381,5.2837e-06,0,0,0.0370875,0.751494,0.0430004,0.0858568,-0.0223837,-0.0297172,0.025172,0,0,-5.93466e-07,-0.600873,0.0793144,0.00702299,0.00492117,0.00261385,-7.04227e-05,0,0,-0.129849,-0.0262612,0.630035,0.0105593,0.0122529,0.00375868,-0.000312148,0,0,1.76414e-07,-2,0.00238656,0.0538955,0.00469138,-0.000830446,-3.00921e-05,0,0,0.0600239,-0.105735,0.0203063,0.663536,0.00395147,0.040416,0.0108464,0,0,-4.52664e-06,1.0883,0.0278141,0.0179687,-0.0487946,-0.0331422,0.000635828,0,0,0.134905,0.0482092,0.13755,0.117995,0.419955,-0.0253105,0.00807069,0,0,6.96946e-07,0.156744,0.0105895,-0.0353832,-0.0398437,0.0532452,0.000774118,0,0,0.0114145,0.00427355,0.0688209,0.530456,-0.0307007,0.430486,-0.00744421,0,0,5.88861e-08,-0.265845,0.00363758,0.00119587,0.00158213,0.00304785,0.0018384,0,0,-0.0180202,-0.0115097,-0.0278043,0.00514127,0.0122913,-0.00835625,0.0684337,0,0,3.60072e-12,0,-2.40048e-12,0,-3.60072e-12,2.40048e-12,0,0,0,0,0,0,0,0,0,0,0.905991,4.25906e-09,2.40048e-12,-1.20024e-12,0,0,-3.60072e-12,3.60072e-12,0,0,0,0,0,0,0,0,0,0,4.25906e-09,0.905991,
-2.60209e-12,-0.828667,0.0254837,-0.00755464,0.00156673,0.00118967,-3.43893e-05,0,0,0.574181,-0.0365429,-0.12845,0.0570146,0.0108346,-0.00324465,0.00173574,0,0,-5.99022e-12,-2,-0.0073672,-0.0159336,-0.00466214,0.000463115,5.34709e-06,0,0,0.0371064,0.751544,0.0430362,0.0858943,-0.0223952,-0.0297367,0.0251714,0,0,3.46945e-12,-0.602057,0.0793104,0.0070042,0.0049205,0.00261496,-6.98093e-05,0,0,-0.129954,-0.0263131,0.630183,0.0106337,0.0122692,0.00373879,-0.000306142,0,0,0,-2,0.00236937,0.0539079,0.00468975,-0.000830445,-3.02142e-05,0,0,0.0601269,-0.105797,0.020387,0.663565,0.00393753,0.040393,0.010855,0,0,2.08167e-11,1.08843,0.0277674,0.0179883,-0.0487856,-0.0331452,0.00063986,0,0,0.134905,0.0482153,0.137768,0.117967,0.419997,-0.0253018,0.00806074,0,0,1.73472e-11,0.158705,0.010616,-0.0353387,-0.0398466,0.0533012,0.000772102,0,0,0.0113123,0.00435949,0.0686974,0.53038,-0.0306896,0.430514,-0.00745436,0,0,0,-0.265889,0.00363917,0.00119289,0.00158014,0.00304614,0.00183858,0,0,-0.0180042,-0.0115117,-0.0278002,0.00514839,0.0122819,-0.00835891,0.0684345,0,0,0,0,1.20024e-12,0,0,-1.20024e-12,0,0,0,0,0,0,0,0,0,0,0.905991,-4.32477e-09,0,0,1.20024e-12,-1.20024e-12,0,0,1.20024e-12,0,0,0,0,0,0,0,0,0,-4.32567e-09,0.905991,
3.15916e-07,-0.829696,0.0255161,-0.00757332,0.00156559,0.00119093,-3.47205e-05,0,0,0.574265,-0.0365887,-0.128552,0.0571213,0.0108285,-0.00326293,0.00174254,0,0,9.2874e-08,-2,-0.00737606,-0.0159405,-0.00466549,0.00046588,5.2216e-06,0,0,0.0371253,0.751595,0.0430722,0.0859317,-0.0224067,-0.0297563,0.0251707,0,0,5.93761e-07,-0.603245,0.0793075,0.00698528,0.00492007,0.00261662,-7.03809e-05,0,0,-0.130059,-0.0263651,0.630332,0.0107083,0.0122855,0.00371884,-0.000300121,0,0,-1.76248e-07,-2,0.0023519,0.0539202,0.00468806,-0.000830756,-2.99805e-05,0,0,0.06023,-0.10586,0.020468,0.663594,0.00392358,0.0403699,0.0108636,0,0,4.52826e-06,1.08855,0.0277297,0.0180079,-0.0487767,-0.0331439,0.000634762,0,0,0.134905,0.0482214,0.137985,0.11794,0.420039,-0.0252932,0.00805079,0,0,-6.96773e-07,0.160664,0.0106412,-0.0352941,-0.0398496,0.0533564,0.000771543,0,0,0.0112099,0.00444534,0.0685736,0.530305,-0.0306783,0.430541,-0.00746451,0,0,-5.8775e-08,-0.265932,0.00364063,0.0011899,0.00157819,0.0030444,0.00183888,0,0,-0.0179882,-0.0115137,-0.0277961,0.00515548,0.0122726,-0.00836157,0.0684354,0,0,0,0,0,0,0,0,0,5.76116e-11,0,0,0,0,0,0,0,0,0.905991,4.26776e-09,0,-1.20024e-12,0,0,0,1.20024e-12,-1.20024e-12,-1.20024e-12,0,0,0,0,0,0,0,0,4.26686e-09,0.905991,
3.15758e-07,-0.830725,0.025547,-0.00759199,0.00156471,0.00119171,-3.4429e-05,0,0,0.574349,-0.0366344,-0.128655,0.0572282,0.0108224,-0.00328124,0.00174935,0,0,9.28568e-08,-2,-0.00738502,-0.015947,-0.00466916,0.000468357,5.26767e-06,0,0,0.0371441,0.751645,0.0431081,0.085969,-0.0224182,-0.0297757,0.02517,0,0,5.93928e-07,-0.604435,0.0793026,0.00696624,0.00492052,0.00261757,-6.97564e-05,0,0,-0.130165,-0.0264172,0.63048,0.0107831,0.0123018,0.00369883,-0.000294083,0,0,-1.76151e-07,-2,0.00233511,0.0539326,0.00468616,-0.000831386,-3.00881e-05,0,0,0.0603334,-0.105922,0.0205491,0.663623,0.00390961,0.0403468,0.0108722,0,0,4.52913e-06,1.08867,0.0276786,0.0180276,-0.0487679,-0.0331471,0.000638449,0,0,0.134904,0.0482274,0.138202,0.117913,0.420081,-0.0252845,0.00804084,0,0,-6.96734e-07,0.162619,0.0106687,-0.0352493,-0.0398528,0.053413,0.000769772,0,0,0.0111074,0.00453106,0.0684494,0.530229,-0.0306671,0.430568,-0.00747464,0,0,-5.87169e-08,-0.265975,0.00364223,0.00118694,0.00157628,0.00304274,0.00183912,0,0,-0.0179722,-0.0115156,-0.0277919,0.00516256,0.0122633,-0.00836423,0.0684362,0,0,0,2.40048e-12,0,-2.40048e-12,-2.40048e-12,0,2.40048e-12,1.14023e-10,0,0,0,0,0,0,0,0,0.905991,-4.32747e-09,0,-1.20024e-12,0,1.20024e-12,1.20024e-12,0,-1.20024e-12,0,0,0,0,0,0,0,0,0,-4.32777e-09,0.905991,
3.15593e-07,-0.831755,0.0255783,-0.00761066,0.00156344,0.00119265,-3.44419e-05,0,0,0.574433,-0.0366801,-0.128758,0.0573352,0.0108162,-0.00329957,0.00175616,0,0,9.28419e-08,-2,-0.00739383,-0.0159539,-0.00467245,0.000471036,5.24126e-06,0,0,0.0371629,0.751696,0.043144,0.0860064,-0.0224297,-0.0297952,0.0251694,0,0,5.9408e-07,-0.605627,0.0792988,0.00694748,0.00491982,0.00261866,-6.97358e-05,0,0,-0.13027,-0.0264695,0.630627,0.0108582,0.0123181,0.00367878,-0.000288029,0,0,-1.76067e-07,-2,0.00231797,0.0539443,0.00468453,-0.000831412,-3.0032e-05,0,0,0.0604368,-0.105985,0.0206304,0.663652,0.00389562,0.0403238,0.0108809,0,0,4.52996e-06,1.08878,0.0276368,0.0180517,-0.0487595,-0.0331505,0.000637925,0,0,0.134904,0.0482334,0.13842,0.117886,0.420123,-0.0252759,0.00803089,0,0,-6.96672e-07,0.164572,0.0106948,-0.035205,-0.039856,0.0534676,0.000768534,0,0,0.0110049,0.00461664,0.068325,0.530154,-0.0306559,0.430596,-0.00748476,0,0,-5.86493e-08,-0.266018,0.00364367,0.00118387,0.00157443,0.00304111,0.00183937,0,0,-0.0179562,-0.0115176,-0.0277878,0.00516962,0.0122539,-0.00836689,0.0684371,0,0,-2.40048e-12,-1.20024e-12,-1.20024e-12,2.40048e-12,-1.20024e-12,0,-1.20024e-12,0,0,0,0,0,0,0,0,0,0.905991,4.26416e-09,2.40048e-12,1.20024e-12,1.20024e-12,-2.40048e-12,0,0,2.40048e-12,0,0,0,0,0,0,0,0,0,4.26476e-09,0.905991,
2.60209e-12,-0.832784,0.0256103,-0.00762971,0.00156241,0.00119301,-3.47683e-05,0,0,0.574518,-0.0367259,-0.12886,0.0574424,0.0108101,-0.00331791,0.00176298,0,0,4.60786e-13,-2,-0.00740249,-0.0159609,-0.00467556,0.000473588,5.12404e-06,0,0,0.0371816,0.751747,0.04318,0.0860437,-0.0224412,-0.0298147,0.0251687,0,0,6.93889e-12,-0.606821,0.0792962,0.00692806,0.00491949,0.0026186,-7.03113e-05,0,0,-0.130376,-0.0265218,0.630775,0.0109334,0.0123343,0.00365868,-0.00028196,0,0,0,-2,0.00230033,0.0539562,0.00468277,-0.000830962,-2.98026e-05,0,0,0.0605404,-0.106047,0.0207119,0.663681,0.00388163,0.0403007,0.0108895,0,0,3.46945e-11,1.0889,0.0276041,0.0180714,-0.0487464,-0.0331628,0.00063293,0,0,0.134903,0.0482394,0.138637,0.117859,0.420165,-0.0252672,0.00802096,0,0,-2.42861e-11,0.166521,0.0107197,-0.0351598,-0.0398598,0.0535235,0.000767938,0,0,0.0109023,0.00470209,0.0682004,0.530078,-0.0306447,0.430623,-0.00749487,0,0,4.33681e-12,-0.26606,0.00364499,0.00118086,0.0015725,0.00303957,0.00183966,0,0,-0.0179402,-0.0115195,-0.0277836,0.00517666,0.0122446,-0.00836955,0.0684379,0,0,0,0,0,0,0,0,-1.20024e-12,0,0,0,0,0,0,0,0,0,0.905991,-4.31937e-09,0,0,0,0,0,0,0,0,0,0,0,0,0,0,0,0,-4.31907e-09,0.905991,
-8.67362e-13,-0.833815,0.0256415,-0.00764909,0.00156106,0.00119432,-3.47793e-05,0,0,0.574603,-0.0367717,-0.128963,0.0575498,0.0108039,-0.00333628,0.00176982,0,0,-5.6514e-12,-2,-0.00741147,-0.015968,-0.00467875,0.000476432,5.09878e-06,0,0,0.0372003,0.751798,0.043216,0.086081,-0.0224528,-0.0298341,0.0251681,0,0,3.46945e-12,-0.608019,0.0792918,0.00690804,0.00491855,0.00262033,-7.02929e-05,0,0,-0.130481,-0.0265742,0.630922,0.0110088,0.0123505,0.00363852,-0.000275874,0,0,0,-2,0.0022831,0.0539682,0.00468117,-0.000831034,-2.97496e-05,0,0,0.0606442,-0.10611,0.0207935,0.66371,0.00386762,0.0402776,0.0108981,0,0,3.1225e-11,1.08902,0.0275576,0.0180866,-0.0487377,-0.0331615,0.000632467,0,0,0.134902,0.0482453,0.138853,0.117832,0.420207,-0.0252586,0.00801104,0,0,0,0.168468,0.0107467,-0.0351139,-0.0398628,0.0535776,0.00076663,0,0,0.0107996,0.0047874,0.0680754,0.530003,-0.0306336,0.430651,-0.00750498,0,0,-5.20417e-12,-0.266102,0.00364648,0.0011779,0.00157062,0.00303784,0.00183989,0,0,-0.0179241,-0.0115214,-0.0277794,0.00518369,0.0122353,-0.00837221,0.0684388,0,0,0,0,0,-2.40048e-12,0,1.20024e-12,0,0,0,0,0,0,0,0,0,0,0.905991,4.25275e-09,0,0,0,0,0,1.20024e-12,0,0,0,0,0,0,0,0,0,0,4.25245e-09,0.905991,
3.15099e-07,-0.834845,0.0256732,-0.00766817,0.00155972,0.00119531,-3.47907e-05,0,0,0.574688,-0.0368175,-0.129066,0.0576574,0.0107977,-0.00335467,0.00177666,0,0,9.2823e-08,-2,-0.00742037,-0.015975,-0.00468195,0.000479184,5.07265e-06,0,0,0.037219,0.75185,0.0432519,0.0861182,-0.0224644,-0.0298535,0.0251674,0,0,5.94517e-07,-0.609219,0.0792882,0.00688859,0.00491763,0.00262147,-7.02742e-05,0,0,-0.130587,-0.0266268,0.631069,0.0110844,0.0123666,0.00361831,-0.000269773,0,0,-1.75776e-07,-2,0.00226558,0.0539801,0.00467956,-0.000830944,-2.96964e-05,0,0,0.0607482,-0.106172,0.0208754,0.663739,0.00385359,0.0402545,0.0109068,0,0,4.53233e-06,1.08913,0.0275155,0.0181064,-0.0487288,-0.0331648,0.000631997,0,0,0.134902,0.0482511,0.13907,0.117805,0.420249,-0.02525,0.00800112,0,0,-6.96526e-07,0.170412,0.0107731,-0.0350685,-0.0398658,0.0536326,0.000765321,0,0,0.0106968,0.00487259,0.0679501,0.529928,-0.0306224,0.430678,-0.00751507,0,0,-5.84905e-08,-0.266144,0.00364792,0.00117488,0.00156872,0.00303615,0.00184012,0,0,-0.017908,-0.0115233,-0.0277752,0.00519069,0.012226,-0.00837486,0.0684396,0,0,0,0,-1.20024e-12,0,0,0,-1.20024e-12,0,0,0,0,0,0,0,0,0,0.905991,-4.30226e-09,0,0,-1.20024e-12,0,0,0,-1.20024e-12,0,0,0,0,0,0,0,0,0,-4.30196e-09,0.905991,
-8.67362e-13,-0.835876,0.0257046,-0.00768728,0.00155839,0.0011963,-3.48024e-05,0,0,0.574773,-0.0368633,-0.129169,0.0577652,0.0107915,-0.00337308,0.0017835,0,0,7.48099e-12,-2,-0.00742939,-0.015982,-0.00468515,0.000481932,5.04595e-06,0,0,0.0372376,0.751901,0.043288,0.0861554,-0.022476,-0.0298728,0.0251668,0,0,-6.93889e-12,-0.610421,0.079284,0.00686911,0.00491673,0.0026226,-7.02553e-05,0,0,-0.130693,-0.0266794,0.631216,0.0111602,0.0123828,0.00359805,-0.000263655,0,0,0,-2,0.00224815,0.053992,0.00467795,-0.000830865,-2.9643e-05,0,0,0.0608522,-0.106235,0.0209574,0.663768,0.00383955,0.0402314,0.0109154,0,0,0,1.08924,0.0274688,0.0181262,-0.0487198,-0.033168,0.00063152,0,0,0.134901,0.0482569,0.139287,0.117778,0.420291,-0.0252414,0.00799122,0,0,-3.46945e-12,0.172353,0.0108002,-0.035023,-0.0398689,0.0536878,0.000764014,0,0,0.0105938,0.00495765,0.0678246,0.529853,-0.0306112,0.430706,-0.00752515,0,0,-1.04083e-11,-0.266185,0.00364942,0.00117186,0.00156682,0.00303447,0.00184036,0,0,-0.0178919,-0.0115252,-0.027771,0.00519768,0.0122167,-0.00837751,0.0684405,0,0,0,1.20024e-12,0,0,0,0,0,0,0,0,0,0,0,0,0,0,0.905991,4.23205e-09,0,2.40048e-12,0,0,0,0,0,0,0,0,0,0,0,0,0,0,4.23205e-09,0.905991,
3.14774e-07,-0.836906,0.0257367,-0.00770643,0.00155674,0.00119697,-3.44995e-05,0,0,0.574859,-0.0369091,-0.129272,0.0578731,0.0107852,-0.0033915,0.00179036,0,0,9.2821e-08,-2,-0.00743822,-0.0159889,-0.00468846,0.000484586,5.11172e-06,0,0,0.0372562,0.751953,0.043324,0.0861926,-0.0224876,-0.0298921,0.0251662,0,0,5.94826e-07,-0.611625,0.079281,0.00684959,0.00491525,0.00262314,-6.96415e-05,0,0,-0.130799,-0.0267322,0.631362,0.0112362,0.0123988,0.00357774,-0.000257522,0,0,-1.75623e-07,-2,0.0022303,0.0540039,0.00467651,-0.000830618,-2.9765e-05,0,0,0.0609565,-0.106297,0.0210396,0.663797,0.0038255,0.0402084,0.0109241,0,0,4.53393e-06,1.08936,0.0274311,0.018146,-0.0487152,-0.0331759,0.000635573,0,0,0.1349,0.0482627,0.139503,0.117751,0.420333,-0.0252327,0.00798132,0,0,-6.96391e-07,0.174289,0.0108261,-0.0349774,-0.0398712,0.0537438,0.000762011,0,0,0.0104909,0.00504258,0.0676987,0.529778,-0.0306,0.430733,-0.00753522,0,0,-5.8363e-08,-0.266226,0.00365081,0.00116884,0.00156497,0.00303285,0.00184053,0,0,-0.0178758,-0.011527,-0.0277668,0.00520466,0.0122074,-0.00838016,0.0684413,0,0,0,-2.40048e-12,-3.60072e-12,0,-1.20024e-12,0,-1.20024e-12,0,0,0,0,0,0,0,0,0,0.905991,4.27826e-09,0,0,2.40048e-12,0,0,0,0,0,0,0,0,0,0,0,0,0,4.27856e-09,0.905991,
-1.73472e-12,-0.837937,0.0257688,-0.0077253,0.00155509,0.00119858,-3.48263e-05,0,0,0.574945,-0.0369549,-0.129375,0.0579812,0.010779,-0.00340995,0.00179722,0,0,4.07931e-12,-2,-0.00744707,-0.0159957,-0.00469176,0.000487517,4.99164e-06,0,0,0.0372748,0.752004,0.04336,0.0862297,-0.0224992,-0.0299114,0.0251656,0,0,0,-0.612831,0.079278,0.00683061,0.00491375,0.00262547,-7.02173e-05,0,0,-0.130904,-0.0267851,0.631509,0.0113124,0.0124149,0.00355738,-0.000251372,0,0,1.38778e-11,-2,0.00221237,0.0540156,0.00467506,-0.000830899,-2.95358e-05,0,0,0.0610609,-0.10636,0.021122,0.663826,0.00381144,0.0401853,0.0109328,0,0,4.51028e-11,1.08947,0.0273933,0.0181705,-0.0487106,-0.0331701,0.000630557,0,0,0.134899,0.0482684,0.13972,0.117725,0.420375,-0.0252241,0.00797143,0,0,-3.46945e-12,0.176224,0.010852,-0.0349324,-0.0398736,0.0537978,0.0007614,0,0,0.0103878,0.00512737,0.0675726,0.529703,-0.0305888,0.43076,-0.00754528,0,0,-8.67362e-13,-0.266267,0.00365219,0.00116575,0.00156311,0.00303105,0.00184083,0,0,-0.0178597,-0.0115289,-0.0277626,0.00521161,0.0121982,-0.00838281,0.0684422,0,0,0,1.20024e-12,0,0,-1.20024e-12,0,-1.20024e-12,5.76116e-11,0,0,0,0,0,0,0,0,0.905991,-4.43639e-09,0,1.20024e-12,0,0,-1.20024e-12,0,0,0,0,0,0,0,0,0,0,0,-4.43639e-09,0.905991,
-7.80626e-12,-0.838968,0.0258001,-0.00774484,0.00155438,0.00119894,-3.51529e-05,0,0,0.575031,-0.0370007,-0.129478,0.0580895,0.0107727,-0.00342842,0.0018041,0,0,-1.50433e-12,-2,-0.00745619,-0.0160027,-0.00469479,0.000490077,4.87138e-06,0,0,0.0372934,0.752056,0.0433961,0.0862668,-0.0225108,-0.0299307,0.0251649,0,0,-2.42861e-11,-0.61404,0.0792733,0.00681039,0.00491404,0.00262541,-7.07935e-05,0,0,-0.13101,-0.026838,0.631655,0.0113889,0.0124309,0.00353696,-0.000245206,0,0,0,-2,0.00219489,0.0540277,0.00467309,-0.000830479,-2.93068e-05,0,0,0.0611654,-0.106422,0.0212046,0.663854,0.00379736,0.0401622,0.0109415,0,0,-3.1225e-11,1.08958,0.0273418,0.0181859,-0.0486922,-0.0331826,0.000625538,0,0,0.134898,0.0482741,0.139936,0.117698,0.420416,-0.0252155,0.00796155,0,0,-2.42861e-11,0.178155,0.0108802,-0.0348858,-0.039878,0.0538547,0.000760789,0,0,0.0102846,0.00521204,0.0674462,0.529629,-0.0305776,0.430788,-0.00755533,0,0,3.46945e-12,-0.266308,0.00365374,0.00116278,0.00156108,0.00302948,0.00184113,0,0,-0.0178435,-0.0115307,-0.0277584,0.00521855,0.0121889,-0.00838546,0.068443,0,0,0,0,0,0,0,0,0,0,0,0,0,0,0,0,0,0,0.905991,-4.4562e-09,0,0,0,0,0,0,0,0,0,0,0,0,0,0,0,0,-4.4568e-09,0.905991,
3.14286e-07,-0.839999,0.0258323,-0.0077638,0.00155272,0.00120024,-3.45363e-05,0,0,0.575117,-0.0370466,-0.129581,0.058198,0.0107664,-0.00344691,0.00181098,0,0,9.28006e-08,-2,-0.00746505,-0.0160094,-0.00469809,0.000492917,5.02937e-06,0,0,0.0373119,0.752108,0.0434322,0.0863038,-0.0225225,-0.02995,0.0251643,0,0,5.95288e-07,-0.615251,0.0792704,0.00679129,0.00491253,0.00262714,-6.95841e-05,0,0,-0.131116,-0.0268911,0.6318,0.0114655,0.0124469,0.00351649,-0.000239024,0,0,-1.75346e-07,-2,0.00217682,0.0540394,0.00467164,-0.000830583,-2.96041e-05,0,0,0.0612702,-0.106485,0.0212873,0.663883,0.00378326,0.0401391,0.0109501,0,0,4.53635e-06,1.08969,0.0273039,0.0182104,-0.0486874,-0.0331814,0.000634126,0,0,0.134897,0.0482798,0.140152,0.117671,0.420458,-0.0252069,0.00795168,0,0,-6.96169e-07,0.180083,0.0109063,-0.0348406,-0.0398804,0.0539095,0.000758087,0,0,0.0101813,0.00529658,0.0673195,0.529554,-0.0305664,0.430815,-0.00756537,0,0,-5.82026e-08,-0.266348,0.00365511,0.00115969,0.00155922,0.00302774,0.00184125,0,0,-0.0178273,-0.0115326,-0.0277542,0.00522547,0.0121796,-0.0083881,0.0684439,0,0,0,2.40048e-12,2.40048e-12,0,0,1.20024e-12,0,0,0,0,0,0,0,0,0,0,0.905991,-4.34817e-09,0,-1.20024e-12,-1.20024e-12,0,0,0,0,0,0,0,0,0,0,0,0,0,-4.34787e-09,0.905991,
5.20417e-12,-0.841031,0.0258642,-0.00778342,0.00155168,0.00120122,-3.48629e-05,0,0,0.575204,-0.0370924,-0.129685,0.0583066,0.0107601,-0.00346542,0.00181786,0,0,6.49166e-12,-2,-0.007474,-0.0160163,-0.0047012,0.000495665,4.90875e-06,0,0,0.0373303,0.75216,0.0434683,0.0863409,-0.0225342,-0.0299692,0.0251637,0,0,6.93889e-12,-0.616466,0.0792669,0.00677095,0.00491219,0.00262828,-7.01605e-05,0,0,-0.131222,-0.0269443,0.631946,0.0115423,0.0124629,0.00349597,-0.000232825,0,0,-1.38778e-11,-2,0.00215885,0.0540514,0.00466984,-0.000830511,-2.93752e-05,0,0,0.061375,-0.106547,0.0213703,0.663912,0.00376916,0.040116,0.0109588,0,0,0,1.08979,0.0272614,0.0182258,-0.0486734,-0.0331848,0.000629105,0,0,0.134895,0.0482854,0.140368,0.117645,0.420499,-0.0251983,0.00794181,0,0,3.46945e-12,0.182009,0.0109332,-0.0347938,-0.0398842,0.0539651,0.000757473,0,0,0.010078,0.00538099,0.0671925,0.529479,-0.0305552,0.430842,-0.00757541,0,0,-4.33681e-12,-0.266388,0.00365654,0.00115672,0.00155724,0.00302605,0.00184154,0,0,-0.0178111,-0.0115344,-0.0277499,0.00523237,0.0121704,-0.00839075,0.0684447,0,0,0,0,-1.20024e-12,0,0,1.20024e-12,0,0,0,0,0,0,0,0,0,0,0.905991,4.14173e-09,0,0,1.20024e-12,0,0,-1.20024e-12,1.20024e-12,0,0,0,0,0,0,0,0,0,4.14323e-09,0.905991,
6.93889e-12,-0.842062,0.0258965,-0.00780278,0.00155001,0.00120252,-3.45613e-05,0,0,0.57529,-0.0371383,-0.129788,0.0584154,0.0107537,-0.00348395,0.00182476,0,0,9.31059e-12,-2,-0.00748286,-0.0160232,-0.0047045,0.000498507,4.97356e-06,0,0,0.0373488,0.752213,0.0435044,0.0863779,-0.0225459,-0.0299884,0.0251631,0,0,1.38778e-11,-0.617682,0.0792641,0.00675115,0.00491066,0.00263002,-6.95461e-05,0,0,-0.131329,-0.0269976,0.632091,0.0116194,0.0124788,0.00347539,-0.00022661,0,0,1.38778e-11,-2,0.00214064,0.0540633,0.00466839,-0.000830611,-2.94969e-05,0,0,0.0614801,-0.106609,0.0214534,0.66394,0.00375504,0.0400929,0.0109675,0,0,-2.77556e-11,1.0899,0.0272234,0.0182459,-0.0486683,-0.0331837,0.000633159,0,0,0.134894,0.0482909,0.140584,0.117619,0.420541,-0.0251897,0.00793196,0,0,-2.77556e-11,0.183931,0.0109595,-0.0347476,-0.0398866,0.0540201,0.000755464,0,0,0.00997452,0.00546527,0.0670652,0.529405,-0.030544,0.43087,-0.00758543,0,0,1.73472e-12,-0.266427,0.0036579,0.00115368,0.00155537,0.00302431,0.00184173,0,0,-0.0177949,-0.0115362,-0.0277456,0.00523926,0.0121611,-0.00839339,0.0684455,0,0,0,0,1.20024e-12,0,1.20024e-12,0,1.20024e-12,0,0,0,0,0,0,0,0,0,0.905991,4.06882e-09,0,1.20024e-12,0,0,0,0,1.20024e-12,0,0,0,0,0,0,0,0,0,4.06882e-09,0.905991,
-2.60209e-12,-0.843093,0.0259282,-0.00782218,0.00154833,0.00120318,-3.48876e-05,0,0,0.575377,-0.0371842,-0.129891,0.0585244,0.0107474,-0.00350249,0.00183166,0,0,-3.59142e-12,-2,-0.00749191,-0.0160299,-0.0047078,0.000501165,4.85255e-06,0,0,0.0373672,0.752265,0.0435405,0.0864148,-0.0225576,-0.0300075,0.0251625,0,0,-3.46945e-12,-0.6189,0.07926,0.00673129,0.00490911,0.00263057,-7.01229e-05,0,0,-0.131435,-0.027051,0.632236,0.0116966,0.0124947,0.00345476,-0.000220379,0,0,1.38778e-11,-2,0.00212271,0.0540751,0.00466694,-0.000830358,-2.92684e-05,0,0,0.0615853,-0.106672,0.0215367,0.663969,0.0037409,0.0400698,0.0109762,0,0,-6.93889e-12,1.09001,0.0271762,0.0182659,-0.0486632,-0.0331917,0.000628136,0,0,0.134893,0.0482964,0.1408,0.117593,0.420582,-0.0251812,0.00792211,0,0,0,0.185849,0.0109872,-0.0347012,-0.039889,0.0540766,0.000754846,0,0,0.00987099,0.00554941,0.0669376,0.529331,-0.0305328,0.430897,-0.00759544,0,0,0,-0.266467,0.00365938,0.00115064,0.00155351,0.00302268,0.00184202,0,0,-0.0177787,-0.011538,-0.0277414,0.00524613,0.0121519,-0.00839603,0.0684464,0,0,0,-1.20024e-12,0,-2.40048e-12,0,-2.40048e-12,-1.20024e-12,-5.64113e-11,0,0,0,0,0,0,0,0,0.905991,4.09732e-09,0,1.20024e-12,1.20024e-12,2.40048e-12,0,2.40048e-12,1.20024e-12,0,0,0,0,0,0,0,0,0,4.09852e-09,0.905991,
6.93889e-12,-0.844126,0.0259603,-0.00784162,0.00154726,0.00120385,-3.49001e-05,0,0,0.575464,-0.03723,-0.129995,0.0586336,0.010741,-0.00352106,0.00183858,0,0,-1.04761e-11,-2,-0.00750088,-0.0160367,-0.0047109,0.000503825,4.82417e-06,0,0,0.0373855,0.752318,0.0435767,0.0864517,-0.0225693,-0.0300266,0.0251619,0,0,2.08167e-11,-0.620122,0.0792566,0.00671136,0.00490874,0.00263112,-7.01041e-05,0,0,-0.131541,-0.0271044,0.632381,0.0117741,0.0125106,0.00343408,-0.000214131,0,0,-1.38778e-11,-2,0.00210452,0.0540869,0.00466514,-0.000830104,-2.92151e-05,0,0,0.0616906,-0.106734,0.0216202,0.663997,0.00372676,0.0400467,0.010985,0,0,-3.81639e-11,1.09011,0.0271335,0.018286,-0.048649,-0.0331997,0.000627651,0,0,0.134891,0.0483019,0.141016,0.117566,0.420623,-0.0251726,0.00791227,0,0,-4.51028e-11,0.187766,0.0110144,-0.0346548,-0.0398928,0.0541331,0.000753529,0,0,0.00976736,0.00563342,0.0668097,0.529256,-0.0305216,0.430924,-0.00760544,0,0,6.07153e-12,-0.266506,0.0036608,0.0011476,0.00155152,0.00302104,0.00184226,0,0,-0.0177624,-0.0115397,-0.0277371,0.00525298,0.0121427,-0.00839866,0.0684472,0,0,0,0,-3.60072e-12,1.20024e-12,0,2.40048e-12,-1.20024e-12,0,0,0,0,0,0,0,0,0,0.905991,4.22665e-09,0,0,-1.20024e-12,1.20024e-12,0,0,0,0,0,0,0,0,0,0,0,0,4.22605e-09,0.905991,
3.13467e-07,-0.845158,0.0259924,-0.00786111,0.0015462,0.00120483,-3.45995e-05,0,0,0.575552,-0.0372759,-0.130098,0.058743,0.0107346,-0.00353965,0.0018455,0,0,9.27739e-08,-2,-0.00750984,-0.0160434,-0.00471402,0.000506573,4.88799e-06,0,0,0.0374039,0.752371,0.0436128,0.0864886,-0.022581,-0.0300457,0.0251613,0,0,5.96061e-07,-0.621345,0.0792532,0.00669138,0.00490838,0.00263227,-6.94892e-05,0,0,-0.131647,-0.0271581,0.632525,0.0118517,0.0125264,0.00341335,-0.000207867,0,0,-1.7486e-07,-2,0.00208628,0.0540987,0.00466332,-0.000830036,-2.93364e-05,0,0,0.0617961,-0.106796,0.0217039,0.664026,0.00371259,0.0400236,0.0109937,0,0,4.54031e-06,1.09022,0.0270908,0.0183062,-0.0486346,-0.0332032,0.000631698,0,0,0.13489,0.0483073,0.141231,0.11754,0.420664,-0.025164,0.00790244,0,0,-6.95857e-07,0.189678,0.0110416,-0.0346082,-0.0398966,0.054189,0.00075152,0,0,0.00966365,0.0057173,0.0666815,0.529182,-0.0305104,0.430952,-0.00761543,0,0,-5.79042e-08,-0.266544,0.00366221,0.00114455,0.00154954,0.00301935,0.00184245,0,0,-0.0177461,-0.0115415,-0.0277328,0.00525981,0.0121334,-0.0084013,0.0684481,0,0,2.40048e-12,0,-1.20024e-12,3.60072e-12,0,1.20024e-12,-1.20024e-12,0,0,0,0,0,0,0,0,0,0.905991,-4.4646e-09,2.40048e-12,0,1.20024e-12,1.20024e-12,0,-1.20024e-12,1.20024e-12,0,0,0,0,0,0,0,0,0,-4.4649e-09,0.905991,
-8.67362e-13,-0.84619,0.026025,-0.00788116,0.00154438,0.00120637,-3.49088e-05,0,0,0.575639,-0.0373218,-0.130202,0.0588525,0.0107281,-0.00355826,0.00185243,0,0,-5.40746e-12,-2,-0.00751893,-0.0160509,-0.00471671,0.000509696,4.7961e-06,0,0,0.0374222,0.752424,0.043649,0.0865255,-0.0225928,-0.0300648,0.0251607,0,0,3.46945e-12,-0.622571,0.0792505,0.00667071,0.00490588,0.00263415,-7.00795e-05,0,0,-0.131754,-0.0272118,0.632669,0.0119296,0.0125422,0.00339256,-0.000201587,0,0,1.38778e-11,-2,0.00206759,0.0541102,0.00466209,-0.000829304,-2.9126e-05,0,0,0.0619018,-0.106858,0.0217878,0.664054,0.00369842,0.0400005,0.0110024,0,0,-2.42861e-11,1.09032,0.0270526,0.0183219,-0.0486248,-0.0332027,0.00062713,0,0,0.134888,0.0483127,0.141447,0.117514,0.420706,-0.0251554,0.00789262,0,0,-4.51028e-11,0.191589,0.0110683,-0.0345608,-0.0398996,0.0542426,0.000750661,0,0,0.00955983,0.00580107,0.066553,0.529108,-0.0304993,0.430979,-0.00762542,0,0,-1.56125e-11,-0.266583,0.00366355,0.00114153,0.00154757,0.00301767,0.00184269,0,0,-0.0177298,-0.0115432,-0.0277285,0.00526664,0.0121242,-0.00840393,0.0684489,0,0,0,0,0,1.20024e-12,0,0,0,0,0,0,0,0,0,0,0,0,0.905991,-4.56392e-09,0,0,0,1.20024e-12,0,0,0,0,0,0,0,0,0,0,0,0,-4.56392e-09,0.905991,
-5.20417e-12,-0.847222,0.0260572,-0.00790026,0.00154274,0.00120736,-3.52363e-05,0,0,0.575727,-0.0373677,-0.130306,0.0589622,0.0107217,-0.00357689,0.00185936,0,0,-2.03288e-12,-2,-0.00752821,-0.0160574,-0.00472003,0.000512457,4.66979e-06,0,0,0.0374404,0.752477,0.0436852,0.0865623,-0.0226045,-0.0300839,0.0251601,0,0,-3.46945e-12,-0.6238,0.0792463,0.00665143,0.00490443,0.0026353,-7.06567e-05,0,0,-0.13186,-0.0272656,0.632813,0.0120077,0.012558,0.00337172,-0.00019529,0,0,1.38778e-11,-2,0.00204931,0.0541221,0.00466058,-0.000829277,-2.88975e-05,0,0,0.0620076,-0.10692,0.0218719,0.664083,0.00368423,0.0399774,0.0110111,0,0,3.1225e-11,1.09042,0.0270003,0.0183467,-0.0486189,-0.033206,0.000622075,0,0,0.134886,0.048318,0.141663,0.117488,0.420747,-0.0251469,0.00788281,0,0,2.08167e-11,0.193497,0.011097,-0.0345148,-0.0399019,0.0542996,0.000750011,0,0,0.00945592,0.00588473,0.0664242,0.529034,-0.030488,0.431007,-0.0076354,0,0,-8.67362e-13,-0.266621,0.00366512,0.00113843,0.00154562,0.00301592,0.00184298,0,0,-0.0177135,-0.011545,-0.0277242,0.00527344,0.012115,-0.00840655,0.0684497,0,0,0,-1.20024e-12,0,2.40048e-12,1.20024e-12,1.20024e-12,-2.40048e-12,1.14023e-10,0,0,0,0,0,0,0,0,0.905991,-4.51681e-09,0,0,0,1.20024e-12,1.20024e-12,1.20024e-12,-1.20024e-12,1.20024e-12,0,0,0,0,0,0,0,0,-4.51561e-09,0.905991,
8.67362e-13,-0.848255,0.02609,-0.00791974,0.00154147,0.00120829,-3.52528e-05,0,0,0.575815,-0.0374136,-0.130409,0.0590721,0.0107152,-0.00359553,0.00186631,0,0,5.42101e-12,-2,-0.00753713,-0.0160639,-0.00472333,0.000515159,4.63304e-06,0,0,0.0374586,0.75253,0.0437215,0.0865991,-0.0226163,-0.0301029,0.0251595,0,0,-3.46945e-12,-0.625031,0.0792437,0.00663142,0.00490379,0.00263643,-7.06355e-05,0,0,-0.131967,-0.0273195,0.632957,0.012086,0.0125737,0.00335083,-0.000188978,0,0,0,-2,0.00203057,0.0541341,0.00465886,-0.00082938,-2.88409e-05,0,0,0.0621136,-0.106983,0.0219561,0.664111,0.00367003,0.0399543,0.0110199,0,0,-6.93889e-12,1.09052,0.0269616,0.018367,-0.0486085,-0.0332095,0.00062149,0,0,0.134885,0.0483233,0.141878,0.117462,0.420788,-0.0251383,0.00787299,0,0,6.93889e-12,0.195402,0.0111238,-0.034468,-0.039905,0.0543566,0.000748723,0,0,0.0093519,0.00596829,0.0662952,0.528959,-0.0304768,0.431034,-0.00764537,0,0,-1.04083e-11,-0.266658,0.00366649,0.00113539,0.00154364,0.00301419,0.00184324,0,0,-0.0176972,-0.0115467,-0.0277198,0.00528024,0.0121058,-0.00840918,0.0684506,0,0,0,1.20024e-12,0,0,0,0,0,0,0,0,0,0,0,0,0,0,0.905991,-4.34547e-09,0,-1.20024e-12,0,0,0,0,0,0,0,0,0,0,0,0,0,0,-4.34577e-09,0.905991,
-2.60209e-12,-0.849287,0.0261222,-0.0079389,0.00154014,0.00120906,-3.4653e-05,0,0,0.575904,-0.0374596,-0.130513,0.0591822,0.0107087,-0.0036142,0.00187326,0,0,6.31548e-12,-2,-0.00754598,-0.0160699,-0.00472706,0.000517674,4.76734e-06,0,0,0.0374768,0.752583,0.0437577,0.0866358,-0.0226281,-0.0301219,0.0251589,0,0,-3.46945e-12,-0.626265,0.0792405,0.0066119,0.00490344,0.00263744,-6.94128e-05,0,0,-0.132073,-0.0273735,0.6331,0.0121645,0.0125894,0.00332988,-0.000182648,0,0,1.38778e-11,-2,0.00201216,0.054146,0.00465709,-0.000829978,-2.91223e-05,0,0,0.0622197,-0.107045,0.0220406,0.664139,0.00365581,0.0399311,0.0110286,0,0,1.04083e-11,1.09062,0.0269186,0.0183917,-0.0486027,-0.0332129,0.000629721,0,0,0.134883,0.0483285,0.142093,0.117437,0.420829,-0.0251298,0.00786318,0,0,-2.08167e-11,0.197304,0.0111514,-0.0344217,-0.0399076,0.0544143,0.000746223,0,0,0.00924781,0.00605171,0.0661658,0.528885,-0.0304656,0.431061,-0.00765532,0,0,-8.67362e-13,-0.266696,0.00366791,0.00113231,0.00154177,0.00301249,0.00184342,0,0,-0.0176808,-0.0115484,-0.0277155,0.00528701,0.0120966,-0.00841181,0.0684514,0,0,0,0,1.20024e-12,1.20024e-12,-1.20024e-12,1.20024e-12,-1.20024e-12,-1.20024e-12,0,0,0,0,0,0,0,0,0.905991,4.09402e-09,0,1.20024e-12,-1.20024e-12,0,0,0,1.20024e-12,0,0,0,0,0,0,0,0,0,4.09372e-09,0.905991,
-6.07153e-12,-0.85032,0.0261543,-0.00795899,0.00153905,0.00120969,-3.49799e-05,0,0,0.575992,-0.0375055,-0.130617,0.0592925,0.0107022,-0.00363289,0.00188022,0,0,-1.19533e-11,-2,-0.00755475,-0.0160766,-0.00473021,0.00052029,4.64433e-06,0,0,0.037495,0.752637,0.043794,0.0866725,-0.0226399,-0.0301409,0.0251583,0,0,-6.93889e-12,-0.6275,0.0792376,0.00659086,0.00490312,0.00263799,-6.99898e-05,0,0,-0.13218,-0.0274277,0.633244,0.0122432,0.0126051,0.00330888,-0.000176301,0,0,1.38778e-11,-2,0.00199358,0.0541577,0.00465525,-0.000829789,-2.88926e-05,0,0,0.062326,-0.107107,0.0221252,0.664167,0.00364157,0.039908,0.0110374,0,0,-2.77556e-11,1.09072,0.0268804,0.0184075,-0.0485883,-0.0332211,0.000624644,0,0,0.134881,0.0483337,0.142308,0.117411,0.42087,-0.0251212,0.00785338,0,0,1.73472e-11,0.199202,0.0111784,-0.0343737,-0.0399116,0.0544707,0.000745646,0,0,0.00914364,0.00613498,0.0660362,0.528812,-0.0304544,0.431089,-0.00766527,0,0,1.12757e-11,-0.266733,0.00366921,0.00112931,0.00153982,0.00301087,0.00184373,0,0,-0.0176644,-0.0115501,-0.0277111,0.00529376,0.0120874,-0.00841444,0.0684523,0,0,0,-1.20024e-12,-2.40048e-12,-1.20024e-12,-2.40048e-12,2.40048e-12,0,0,0,0,0,0,0,0,0,0,0.905991,3.98e-09,0,1.20024e-12,0,-1.20024e-12,0,0,0,0,0,0,0,0,0,0,0,0,3.9806e-09,0.905991,
-2.60209e-12,-0.851352,0.0261855,-0.00797883,0.00153789,0.0012113,-3.46796e-05,0,0,0.576081,-0.0375514,-0.130721,0.0594029,0.0106957,-0.0036516,0.00188718,0,0,-6.36969e-13,-2,-0.00756385,-0.0160832,-0.00473327,0.000523243,4.70901e-06,0,0,0.0375131,0.752691,0.0438303,0.0867092,-0.0226517,-0.0301598,0.0251578,0,0,-6.93889e-12,-0.628737,0.079233,0.00657036,0.00490256,0.00264037,-6.93752e-05,0,0,-0.132287,-0.0274819,0.633387,0.0123221,0.0126208,0.00328783,-0.000169938,0,0,0,-2,0.00197538,0.0541691,0.00465345,-0.000829997,-2.90146e-05,0,0,0.0624324,-0.107169,0.02221,0.664196,0.00362732,0.0398849,0.0110462,0,0,3.46945e-12,1.09082,0.0268285,0.0184278,-0.0485737,-0.0332155,0.000628717,0,0,0.134879,0.0483389,0.142523,0.117385,0.420911,-0.0251127,0.00784359,0,0,0,0.201096,0.0112076,-0.0343263,-0.0399155,0.054525,0.000743621,0,0,0.00903939,0.0062181,0.0659063,0.528738,-0.0304432,0.431116,-0.0076752,0,0,-1.56125e-11,-0.26677,0.00367068,0.00112624,0.00153787,0.00300906,0.00184391,0,0,-0.017648,-0.0115518,-0.0277068,0.0053005,0.0120782,-0.00841707,0.0684531,0,0,0,-2.40048e-12,0,0,-1.20024e-12,-1.20024e-12,-1.20024e-12,0,0,0,0,0,0,0,0,0,0.905991,3.9701e-09,0,0,0,0,0,0,0,0,0,0,0,0,0,0,0,0,3.9704e-09,0.905991,
-4.33681e-12,-0.852385,0.0262179,-0.007999,0.00153641,0.00121198,-3.50044e-05,0,0,0.57617,-0.0375973,-0.130825,0.0595135,0.0106891,-0.00367033,0.00189416,0,0,-9.35124e-13,-2,-0.00757271,-0.0160899,-0.00473641,0.000525933,4.58733e-06,0,0,0.0375312,0.752744,0.0438666,0.0867458,-0.0226636,-0.0301787,0.0251572,0,0,-1.04083e-11,-0.629978,0.0792303,0.00654925,0.00490139,0.00264097,-6.99546e-05,0,0,-0.132394,-0.0275363,0.633529,0.0124012,0.0126364,0.00326673,-0.000163558,0,0,0,-2,0.0019565,0.0541808,0.00465181,-0.000829674,-2.87882e-05,0,0,0.062539,-0.107231,0.022295,0.664224,0.00361306,0.0398618,0.0110549,0,0,1.38778e-11,1.09092,0.02679,0.0184436,-0.0485635,-0.0332235,0.000623704,0,0,0.134877,0.048344,0.142738,0.11736,0.420951,-0.0251041,0.00783381,0,0,3.46945e-12,0.202988,0.0112348,-0.0342781,-0.0399186,0.0545815,0.000742971,0,0,0.00893506,0.00630107,0.0657761,0.528664,-0.030432,0.431143,-0.00768512,0,0,2.51535e-11,-0.266806,0.00367198,0.00112322,0.00153596,0.00300739,0.00184421,0,0,-0.0176316,-0.0115534,-0.0277024,0.00530721,0.012069,-0.00841969,0.0684539,0,0,0,0,0,0,0,0,0,0,0,0,0,0,0,0,0,0,0.905991,4.05021e-09,0,1.20024e-12,0,0,0,0,1.20024e-12,0,0,0,0,0,0,0,0,0,4.05081e-09,0.905991,
2.60209e-12,-0.853418,0.0262501,-0.00801856,0.00153493,0.00121266,-3.50171e-05,0,0,0.576259,-0.0376433,-0.130929,0.0596243,0.0106825,-0.00368908,0.00190114,0,0,2.11013e-11,-2,-0.00758168,-0.0160964,-0.00473955,0.000528624,4.55751e-06,0,0,0.0375492,0.752798,0.0439029,0.0867824,-0.0226754,-0.0301976,0.0251566,0,0,-6.93889e-12,-0.631221,0.079227,0.00652933,0.00490025,0.00264158,-6.99369e-05,0,0,-0.132501,-0.0275907,0.633672,0.0124806,0.012652,0.00324557,-0.000157161,0,0,-1.38778e-11,-2,0.00193769,0.0541922,0.00465017,-0.000829362,-2.8736e-05,0,0,0.0626458,-0.107293,0.0223802,0.664252,0.00359878,0.0398386,0.0110637,0,0,6.93889e-12,1.09101,0.026747,0.0184686,-0.0485531,-0.0332316,0.000623229,0,0,0.134875,0.048349,0.142953,0.117334,0.420992,-0.0250956,0.00782403,0,0,2.77556e-11,0.204876,0.0112627,-0.0342312,-0.0399217,0.0546384,0.000741623,0,0,0.00883064,0.00638389,0.0656456,0.52859,-0.0304208,0.431171,-0.00769504,0,0,-5.20417e-12,-0.266842,0.00367335,0.00112009,0.00153403,0.00300572,0.00184444,0,0,-0.0176152,-0.0115551,-0.027698,0.00531391,0.0120599,-0.00842231,0.0684548,0,0,0,0,0,0,0,0,0,0,0,0,0,0,0,0,0,0,0.905991,4.22515e-09,0,-2.40048e-12,-1.20024e-12,0,0,3.60072e-12,-1.20024e-12,0,0,0,0,0,0,0,0,0,4.22575e-09,0.905991,
2.60209e-12,-0.854452,0.0262824,-0.00803878,0.00153316,0.00121427,-3.53421e-05,0,0,0.576349,-0.0376892,-0.131033,0.0597353,0.0106759,-0.00370784,0.00190814,0,0,-9.37835e-12,-2,-0.00759067,-0.0161031,-0.00474279,0.00053159,4.43442e-06,0,0,0.0375672,0.752852,0.0439392,0.086819,-0.0226873,-0.0302164,0.0251561,0,0,1.04083e-11,-0.632468,0.0792238,0.00650817,0.00489851,0.00264397,-7.05164e-05,0,0,-0.132608,-0.0276453,0.633814,0.0125601,0.0126675,0.00322436,-0.000150747,0,0,0,-2,0.00191878,0.0542039,0.0046487,-0.000829584,-2.85096e-05,0,0,0.0627527,-0.107355,0.0224656,0.66428,0.00358449,0.0398155,0.0110725,0,0,6.93889e-12,1.0911,0.0267038,0.0184845,-0.0485471,-0.033226,0.000618201,0,0,0.134873,0.048354,0.143168,0.117309,0.421033,-0.0250871,0.00781427,0,0,2.08167e-11,0.206762,0.0112907,-0.0341828,-0.0399241,0.0546933,0.00074097,0,0,0.00872615,0.00646657,0.0655148,0.528517,-0.0304097,0.431198,-0.00770494,0,0,6.07153e-12,-0.266878,0.00367471,0.00111707,0.00153215,0.00300388,0.00184474,0,0,-0.0175987,-0.0115567,-0.0276936,0.00532059,0.0120507,-0.00842493,0.0684556,0,0,0,0,0,-2.40048e-12,1.20024e-12,2.40048e-12,-2.40048e-12,0,0,0,0,0,0,0,0,0,0.905991,-4.51531e-09,0,0,0,1.20024e-12,-3.60072e-12,0,1.20024e-12,0,0,0,0,0,0,0,0,0,-4.51621e-09,0.905991,
-5.20417e-12,-0.855485,0.0263147,-0.00805809,0.001532,0.00121463,-3.47315e-05,0,0,0.576438,-0.0377352,-0.131138,0.0598464,0.0106693,-0.00372662,0.00191514,0,0,6.22061e-12,-2,-0.00759967,-0.0161094,-0.00474585,0.000534184,4.58917e-06,0,0,0.0375852,0.752907,0.0439756,0.0868555,-0.0226992,-0.0302352,0.0251555,0,0,-1.38778e-11,-0.633715,0.0792206,0.00648876,0.00489798,0.00264397,-6.93035e-05,0,0,-0.132714,-0.0277,0.633956,0.0126399,0.012683,0.00320309,-0.000144317,0,0,-1.38778e-11,-2,0.00189978,0.0542152,0.00464688,-0.000829115,-2.88052e-05,0,0,0.0628598,-0.107417,0.0225512,0.664308,0.00357019,0.0397924,0.0110813,0,0,5.20417e-11,1.0912,0.0266605,0.0185141,-0.0485319,-0.0332387,0.000626813,0,0,0.13487,0.048359,0.143382,0.117284,0.421073,-0.0250786,0.00780452,0,0,3.1225e-11,0.208643,0.0113189,-0.0341364,-0.0399279,0.0547511,0.000738233,0,0,0.00862158,0.00654911,0.0653837,0.528443,-0.0303985,0.431225,-0.00771482,0,0,-1.21431e-11,-0.266913,0.00367608,0.00111387,0.00153015,0.00300227,0.00184486,0,0,-0.0175823,-0.0115583,-0.0276892,0.00532725,0.0120416,-0.00842755,0.0684564,0,0,0,0,-1.20024e-12,0,0,0,0,5.64113e-11,0,0,0,0,0,0,0,0,0.905991,-4.66534e-09,0,-1.20024e-12,1.20024e-12,0,-1.20024e-12,0,-1.20024e-12,0,0,0,0,0,0,0,0,0,-4.66444e-09,0.905991,
5.20417e-12,-0.856518,0.0263471,-0.00807838,0.00153053,0.00121592,-3.50567e-05,0,0,0.576528,-0.0377812,-0.131242,0.0599577,0.0106627,-0.00374543,0.00192215,0,0,-3.59142e-12,-2,-0.00760868,-0.016116,-0.00474901,0.000537056,4.46555e-06,0,0,0.0376031,0.752961,0.044012,0.086892,-0.0227111,-0.030254,0.025155,0,0,1.04083e-11,-0.634965,0.0792175,0.00646751,0.00489685,0.00264576,-6.98831e-05,0,0,-0.132822,-0.0277548,0.634097,0.0127199,0.0126985,0.00318178,-0.000137869,0,0,-1.38778e-11,-2,0.00188071,0.0542269,0.00464522,-0.00082917,-2.85787e-05,0,0,0.062967,-0.107479,0.0226369,0.664336,0.00355587,0.0397693,0.0110901,0,0,3.46945e-11,1.09129,0.0266171,0.0185301,-0.0485212,-0.0332377,0.00062178,0,0,0.134868,0.0483639,0.143596,0.117259,0.421114,-0.02507,0.00779478,0,0,1.73472e-11,0.210521,0.0113471,-0.0340878,-0.0399311,0.054807,0.00073758,0,0,0.00851692,0.00663151,0.0652523,0.52837,-0.0303873,0.431252,-0.0077247,0,0,1.56125e-11,-0.266948,0.00367744,0.00111085,0.00152821,0.00300048,0.00184516,0,0,-0.0175658,-0.0115599,-0.0276848,0.00533389,0.0120324,-0.00843016,0.0684573,0,0,0,0,0,0,0,0,0,1.15223e-10,0,0,0,0,0,0,0,0,0.905991,-4.65574e-09,0,1.20024e-12,0,0,-1.20024e-12,0,-1.20024e-12,0,0,0,0,0,0,0,0,0,-4.65664e-09,0.905991,
-1.73472e-12,-0.857551,0.0263799,-0.0080984,0.00152875,0.00121659,-3.50703e-05,0,0,0.576618,-0.0378271,-0.131346,0.0600693,0.010656,-0.00376425,0.00192916,0,0,-5.0822e-12,-2,-0.0076176,-0.0161224,-0.00475226,0.00053974,4.43393e-06,0,0,0.037621,0.753016,0.0440483,0.0869285,-0.022723,-0.0302728,0.0251544,0,0,-6.93889e-12,-0.636218,0.079215,0.0064468,0.00489512,0.00264636,-6.98651e-05,0,0,-0.132929,-0.0278096,0.634238,0.0128001,0.012714,0.0031604,-0.000131405,0,0,-1.38778e-11,-2,0.0018614,0.0542385,0.00464374,-0.000828884,-2.85262e-05,0,0,0.0630744,-0.107541,0.0227229,0.664363,0.00354153,0.0397461,0.0110989,0,0,1.38778e-11,1.09138,0.0265783,0.0185507,-0.0485149,-0.0332459,0.00062129,0,0,0.134865,0.0483688,0.143811,0.117233,0.421154,-0.0250615,0.00778504,0,0,-1.73472e-11,0.212395,0.0113747,-0.0340397,-0.0399336,0.0548643,0.000736232,0,0,0.00841218,0.00671376,0.0651206,0.528297,-0.0303761,0.43128,-0.00773457,0,0,-6.93889e-12,-0.266983,0.00367874,0.00110776,0.00152631,0.0029988,0.0018454,0,0,-0.0175492,-0.0115615,-0.0276804,0.00534052,0.0120233,-0.00843278,0.0684581,0,0,0,-2.40048e-12,-2.40048e-12,2.40048e-12,2.40048e-12,0,0,0,0,0,0,0,0,0,0,0,0.905991,-4.50541e-09,0,0,0,0,0,0,0,-1.15223e-10,0,0,0,0,0,0,0,0,-4.5048e-09,0.905991,
-8.67362e-13,-0.858585,0.0264117,-0.00811846,0.00152697,0.00121819,-3.53955e-05,0,0,0.576709,-0.0378731,-0.131451,0.0601809,0.0106494,-0.00378309,0.00193619,0,0,-2.27682e-12,-2,-0.0076268,-0.0161289,-0.00475552,0.000542698,4.30926e-06,0,0,0.0376389,0.75307,0.0440847,0.0869649,-0.022735,-0.0302915,0.0251539,0,0,0,-0.637473,0.0792107,0.00642603,0.00489341,0.00264875,-7.0445e-05,0,0,-0.133036,-0.0278646,0.63438,0.0128805,0.0127294,0.00313898,-0.000124923,0,0,0,-2,0.00184254,0.05425,0.00464225,-0.000829132,-2.82996e-05,0,0,0.063182,-0.107602,0.022809,0.664391,0.00352719,0.039723,0.0111077,0,0,-3.46945e-11,1.09147,0.0265257,0.0185713,-0.0485086,-0.0332405,0.000616241,0,0,0.134863,0.0483736,0.144025,0.117208,0.421194,-0.025053,0.00777532,0,0,-4.51028e-11,0.214267,0.0114044,-0.0339915,-0.0399361,0.0549197,0.000735583,0,0,0.00830737,0.00679586,0.0649887,0.528224,-0.0303649,0.431307,-0.00774442,0,0,0,-0.267018,0.00368021,0.00110468,0.00152442,0.00299696,0.0018457,0,0,-0.0175327,-0.0115631,-0.0276759,0.00534712,0.0120142,-0.00843539,0.0684589,0,0,0,-1.20024e-12,0,1.20024e-12,0,1.20024e-12,-2.40048e-12,0,0,0,0,0,0,0,0,0,0.905991,4.25515e-09,0,1.20024e-12,0,-1.20024e-12,0,-1.20024e-12,0,0,0,0,0,0,0,0,0,0,4.25515e-09,0.905991,
-3.1115e-07,-0.859618,0.0264448,-0.00813877,0.00152536,0.00121911,-3.47695e-05,0,0,0.576799,-0.0379191,-0.131555,0.0602928,0.0106426,-0.00380195,0.00194322,0,0,-9.2687e-08,-2,-0.00763594,-0.016136,-0.00475808,0.000545652,4.49361e-06,0,0,0.0376567,0.753125,0.0441212,0.0870013,-0.0227469,-0.0303102,0.0251534,0,0,-5.98195e-07,-0.63873,0.0792083,0.00640516,0.00489132,0.00264948,-6.92438e-05,0,0,-0.133143,-0.0279197,0.63452,0.0129611,0.0127448,0.0031175,-0.000118425,0,0,1.73583e-07,-2,0.00182288,0.0542611,0.00464083,-0.000828005,-2.86123e-05,0,0,0.0632897,-0.107664,0.0228954,0.664419,0.00351283,0.0396999,0.0111166,0,0,-4.55144e-06,1.09156,0.0264867,0.018592,-0.048493,-0.0332493,0.000625319,0,0,0.13486,0.0483784,0.144239,0.117183,0.421235,-0.0250446,0.0077656,0,0,6.94868e-07,0.216134,0.0114322,-0.0339432,-0.0399399,0.0549755,0.000732608,0,0,0.00820246,0.00687785,0.0648564,0.528151,-0.0303537,0.431334,-0.00775427,0,0,5.70802e-08,-0.267052,0.0036815,0.00110155,0.00152238,0.00299537,0.00184578,0,0,-0.0175162,-0.0115646,-0.0276715,0.00535371,0.0120051,-0.00843799,0.0684597,0,0,0,-1.20024e-12,0,0,0,0,0,0,0,0,0,0,0,0,0,0,0.905991,4.15373e-09,0,1.20024e-12,0,0,0,0,0,0,0,0,0,0,0,0,0,0,4.15373e-09,0.905991,
3.46945e-12,-0.860651,0.026478,-0.00815876,0.00152364,0.0012204,-3.54075e-05,0,0,0.57689,-0.037965,-0.13166,0.0604049,0.0106359,-0.00382082,0.00195026,0,0,1.05981e-11,-2,-0.00764509,-0.0161423,-0.00476135,0.000548528,4.27092e-06,0,0,0.0376745,0.75318,0.0441576,0.0870376,-0.0227589,-0.0303289,0.0251528,0,0,1.04083e-11,-0.639991,0.0792056,0.00638449,0.00488972,0.00265129,-7.04218e-05,0,0,-0.13325,-0.0279749,0.634661,0.0130419,0.0127601,0.00309597,-0.00011191,0,0,0,-2,0.00180327,0.0542729,0.00463929,-0.000828131,-2.8212e-05,0,0,0.0633976,-0.107726,0.0229819,0.664447,0.00349846,0.0396767,0.0111254,0,0,2.77556e-11,1.09165,0.0264428,0.0186127,-0.048486,-0.0332482,0.000615692,0,0,0.134858,0.0483831,0.144453,0.117159,0.421275,-0.0250361,0.0077559,0,0,6.93889e-12,0.218001,0.0114607,-0.0338949,-0.0399422,0.0550327,0.000732621,0,0,0.00809745,0.00695972,0.0647239,0.528078,-0.0303425,0.431361,-0.00776411,0,0,-5.20417e-12,-0.267085,0.00368289,0.00109847,0.0015204,0.00299351,0.00184613,0,0,-0.0174996,-0.0115662,-0.027667,0.00536029,0.011996,-0.00844059,0.0684606,0,0,0,0,0,0,0,0,0,0,0,0,0,0,0,0,0,0,0.905991,4.16604e-09,0,0,0,0,0,-1.20024e-12,0,0,0,0,0,0,0,0,0,0,4.16544e-09,0.905991,
-2.60209e-12,-0.861685,0.026511,-0.00817881,0.00152259,0.00122102,-3.48038e-05,0,0,0.576981,-0.038011,-0.131764,0.0605171,0.0106292,-0.00383972,0.00195731,0,0,-3.04932e-12,-2,-0.00765415,-0.0161485,-0.00476454,0.000551157,4.41605e-06,0,0,0.0376923,0.753236,0.0441941,0.0870739,-0.0227709,-0.0303475,0.0251523,0,0,-1.04083e-11,-0.641254,0.0792028,0.00636368,0.00488953,0.00265186,-6.92043e-05,0,0,-0.133358,-0.0280303,0.634801,0.013123,0.0127754,0.00307438,-0.000105378,0,0,0,-2,0.00178374,0.0542847,0.00463735,-0.00082804,-2.85029e-05,0,0,0.0635056,-0.107788,0.0230687,0.664474,0.00348407,0.0396536,0.0111342,0,0,6.93889e-12,1.09174,0.0263989,0.0186335,-0.0484699,-0.0332564,0.000624201,0,0,0.134855,0.0483878,0.144667,0.117134,0.421315,-0.0250276,0.00774619,0,0,-1.73472e-11,0.219864,0.0114894,-0.0338464,-0.0399462,0.0550913,0.000729917,0,0,0.00799236,0.00704148,0.064591,0.528005,-0.0303313,0.431389,-0.00777395,0,0,-6.93889e-12,-0.267119,0.00368427,0.00109539,0.00151833,0.00299181,0.00184627,0,0,-0.017483,-0.0115677,-0.0276625,0.00536685,0.0119868,-0.00844319,0.0684614,0,0,0,-1.20024e-12,0,0,0,0,0,0,0,0,0,0,0,0,0,0,0.905991,4.28366e-09,0,-1.20024e-12,0,1.20024e-12,0,1.20024e-12,-1.20024e-12,0,0,0,0,0,0,0,0,0,4.28276e-09,0.905991,
1.73472e-12,-0.862719,0.0265434,-0.00819929,0.00152118,0.00122195,-3.48212e-05,0,0,0.577073,-0.038057,-0.131869,0.0606295,0.0106224,-0.00385864,0.00196436,0,0,4.74338e-13,-2,-0.00766326,-0.0161547,-0.0047678,0.000553878,4.37805e-06,0,0,0.03771,0.753291,0.0442306,0.0871102,-0.0227829,-0.0303661,0.0251518,0,0,3.46945e-12,-0.642519,0.0791993,0.00634212,0.00488866,0.00265304,-6.9184e-05,0,0,-0.133465,-0.0280857,0.634941,0.0132042,0.0127907,0.00305274,-9.88287e-05,0,0,0,-2,0.00176442,0.0542965,0.00463562,-0.000828088,-2.84471e-05,0,0,0.0636138,-0.107849,0.0231556,0.664502,0.00346966,0.0396305,0.0111431,0,0,-3.46945e-11,1.09182,0.0263505,0.0186497,-0.0484586,-0.0332601,0.000623622,0,0,0.134852,0.0483924,0.144881,0.117109,0.421355,-0.0250191,0.00773649,0,0,-2.77556e-11,0.221724,0.0115188,-0.0337971,-0.0399494,0.0551488,0.000728611,0,0,0.00788718,0.00712309,0.0644579,0.527932,-0.0303201,0.431416,-0.00778377,0,0,-1.56125e-11,-0.267152,0.00368568,0.00109236,0.00151636,0.00299006,0.00184653,0,0,-0.0174664,-0.0115692,-0.0276581,0.0053734,0.0119777,-0.0084458,0.0684622,0,0,0,0,0,0,0,0,0,-5.64113e-11,0,0,0,0,0,0,0,0,0.905991,-4.51441e-09,0,1.20024e-12,1.20024e-12,1.20024e-12,0,-1.20024e-12,0,-2.40048e-12,0,0,0,0,0,0,0,0,-4.51501e-09,0.905991,
1.73472e-12,-0.863752,0.0265766,-0.00821924,0.00151974,0.00122258,-3.54586e-05,0,0,0.577164,-0.038103,-0.131973,0.0607421,0.0106156,-0.00387757,0.00197142,0,0,-9.45966e-12,-2,-0.00767206,-0.0161609,-0.00477103,0.000556518,4.15662e-06,0,0,0.0377277,0.753346,0.0442671,0.0871465,-0.0227949,-0.0303847,0.0251513,0,0,1.04083e-11,-0.643786,0.0791975,0.00632162,0.00488767,0.00265362,-7.03621e-05,0,0,-0.133573,-0.0281412,0.635081,0.0132857,0.012806,0.00303104,-9.22622e-05,0,0,-1.38778e-11,-2,0.00174455,0.0543078,0.0046339,-0.000827909,-2.80457e-05,0,0,0.0637222,-0.107911,0.0232427,0.66453,0.00345524,0.0396073,0.0111519,0,0,-1.04083e-11,1.09191,0.0263159,0.0186751,-0.0484472,-0.0332685,0.000613958,0,0,0.134849,0.048397,0.145094,0.117084,0.421395,-0.0250106,0.0077268,0,0,1.38778e-11,0.223579,0.0115462,-0.033749,-0.0399527,0.0552066,0.000728686,0,0,0.00778192,0.00720457,0.0643244,0.527859,-0.0303089,0.431443,-0.00779358,0,0,6.07153e-12,-0.267185,0.0036869,0.00108921,0.0015144,0.00298839,0.0018469,0,0,-0.0174497,-0.0115708,-0.0276536,0.00537992,0.0119686,-0.0084484,0.0684631,0,0,0,0,-1.20024e-12,0,0,1.20024e-12,0,0,0,0,0,0,0,0,0,0,0.905991,-4.60112e-09,0,2.40048e-12,2.40048e-12,0,0,-1.20024e-12,0,0,0,0,0,0,0,0,0,0,-4.60082e-09,0.905991,
2.60209e-12,-0.864786,0.0266085,-0.00823957,0.00151825,0.00122353,-3.5474e-05,0,0,0.577256,-0.038149,-0.132078,0.0608549,0.0106088,-0.00389653,0.0019785,0,0,-1.89735e-12,-2,-0.00768123,-0.0161671,-0.00477423,0.000559266,4.12162e-06,0,0,0.0377453,0.753402,0.0443037,0.0871827,-0.022807,-0.0304033,0.0251507,0,0,6.93889e-12,-0.645056,0.0791933,0.00630043,0.0048866,0.00265483,-7.03434e-05,0,0,-0.13368,-0.0281969,0.63522,0.0133674,0.0128212,0.00300929,-8.56785e-05,0,0,-1.38778e-11,-2,0.00172531,0.0543192,0.0046322,-0.000827862,-2.79918e-05,0,0,0.0638307,-0.107973,0.02333,0.664557,0.0034408,0.0395842,0.0111608,0,0,3.46945e-11,1.09199,0.0262631,0.0186959,-0.0484359,-0.0332722,0.00061342,0,0,0.134846,0.0484015,0.145308,0.11706,0.421435,-0.0250021,0.00771711,0,0,3.81639e-11,0.225433,0.0115765,-0.0337001,-0.039956,0.0552637,0.00072736,0,0,0.00767659,0.0072859,0.0641907,0.527786,-0.0302977,0.43147,-0.00780338,0,0,2.60209e-11,-0.267217,0.00368834,0.00108611,0.00151246,0.00298665,0.00184716,0,0,-0.0174331,-0.0115722,-0.0276491,0.00538643,0.0119596,-0.008451,0.0684639,0,0,0,-2.40048e-12,0,0,0,2.40048e-12,-2.40048e-12,0,0,0,0,0,0,0,0,0,0.905991,-4.53871e-09,0,1.20024e-12,0,0,0,-1.20024e-12,1.20024e-12,0,0,0,0,0,0,0,0,0,-4.53901e-09,0.905991,
-5.20417e-12,-0.865819,0.0266413,-0.00826027,0.00151674,0.00122479,-3.51789e-05,0,0,0.577348,-0.038195,-0.132183,0.0609678,0.010602,-0.0039155,0.00198557,0,0,-1.21973e-12,-2,-0.00769013,-0.0161734,-0.00477741,0.000562119,4.17984e-06,0,0,0.0377629,0.753458,0.0443402,0.0872189,-0.022819,-0.0304218,0.0251502,0,0,-1.38778e-11,-0.646329,0.0791909,0.00627856,0.00488546,0.00265664,-6.97261e-05,0,0,-0.133788,-0.0282526,0.63536,0.0134494,0.0128364,0.00298749,-7.90776e-05,0,0,0,-2,0.00170547,0.0543307,0.0046305,-0.000827959,-2.81115e-05,0,0,0.0639393,-0.108034,0.0234175,0.664585,0.00342635,0.039561,0.0111697,0,0,-3.46945e-12,1.09207,0.0262239,0.0187122,-0.0484245,-0.0332715,0.000617451,0,0,0.134843,0.048406,0.145521,0.117035,0.421475,-0.0249937,0.00770743,0,0,3.46945e-12,0.227282,0.0116048,-0.0336503,-0.0399593,0.05532,0.000725328,0,0,0.00757117,0.00736708,0.0640567,0.527714,-0.0302865,0.431498,-0.00781316,0,0,-1.64799e-11,-0.26725,0.00368959,0.00108306,0.00151051,0.00298485,0.00184735,0,0,-0.0174164,-0.0115737,-0.0276445,0.00539292,0.0119505,-0.00845359,0.0684647,0,0,0,-2.40048e-12,0,0,0,0,1.20024e-12,0,0,0,0,0,0,0,0,0,0.905991,-4.35477e-09,0,0,-1.20024e-12,0,1.20024e-12,0,0,0,0,0,0,0,0,0,0,0,-4.35477e-09,0.905991,
6.93889e-12,-0.866853,0.0266741,-0.00828041,0.00151522,0.00122544,-3.48838e-05,0,0,0.57744,-0.0382409,-0.132288,0.061081,0.0105952,-0.0039345,0.00199266,0,0,2.26327e-12,-2,-0.00769904,-0.0161795,-0.00478057,0.000564796,4.23832e-06,0,0,0.0377805,0.753514,0.0443768,0.087255,-0.0228311,-0.0304403,0.0251497,0,0,1.04083e-11,-0.647604,0.0791886,0.00625783,0.00488427,0.00265726,-6.91087e-05,0,0,-0.133896,-0.0283085,0.635499,0.0135315,0.0128515,0.00296563,-7.24592e-05,0,0,-2.77556e-11,-2,0.00168555,0.0543418,0.00462882,-0.000827688,-2.82314e-05,0,0,0.0640482,-0.108096,0.0235052,0.664612,0.00341188,0.0395379,0.0111785,0,0,-1.73472e-11,1.09215,0.0261846,0.0187376,-0.048413,-0.0332798,0.000621492,0,0,0.13484,0.0484105,0.145735,0.117011,0.421515,-0.0249852,0.00769776,0,0,3.46945e-11,0.229129,0.0116333,-0.0336018,-0.0399626,0.0553778,0.000723288,0,0,0.00746569,0.00744811,0.0639224,0.527641,-0.0302753,0.431525,-0.00782294,0,0,-9.54098e-12,-0.267281,0.00369084,0.0010799,0.00150856,0.00298316,0.00184754,0,0,-0.0173997,-0.0115752,-0.02764,0.00539939,0.0119414,-0.00845619,0.0684655,0,0,0,1.20024e-12,0,0,0,1.20024e-12,1.20024e-12,0,0,0,0,0,0,0,0,0,0.905991,4.09192e-09,0,1.20024e-12,1.20024e-12,0,0,0,1.20024e-12,0,0,0,0,0,0,0,0,0,4.09192e-09,0.905991,
3.09829e-07,-0.867886,0.0267064,-0.00830121,0.00151337,0.00122672,-3.55184e-05,0,0,0.577533,-0.0382869,-0.132393,0.0611943,0.0105883,-0.00395351,0.00199975,0,0,9.26437e-08,-2,-0.00770814,-0.0161858,-0.00478381,0.000567665,4.019e-06,0,0,0.037798,0.75357,0.0444134,0.0872911,-0.0228432,-0.0304588,0.0251492,0,0,5.99451e-07,-0.648881,0.079185,0.00623584,0.00488245,0.00265908,-7.02897e-05,0,0,-0.134003,-0.0283645,0.635637,0.0136139,0.0128667,0.00294372,-6.58234e-05,0,0,-1.72862e-07,-2,0.00166587,0.0543533,0.0046273,-0.000827749,-2.7833e-05,0,0,0.0641571,-0.108157,0.0235931,0.664639,0.0033974,0.0395147,0.0111874,0,0,4.5578e-06,1.09223,0.0261362,0.018754,-0.048406,-0.033279,0.000611868,0,0,0.134837,0.0484149,0.145948,0.116987,0.421555,-0.0249767,0.0076881,0,0,-6.94333e-07,0.230971,0.0116631,-0.0335518,-0.0399651,0.0554342,0.000723323,0,0,0.00736013,0.00752898,0.0637878,0.527569,-0.0302641,0.431552,-0.0078327,0,0,-5.66214e-08,-0.267313,0.0036922,0.00107684,0.00150667,0.00298136,0.0018479,0,0,-0.017383,-0.0115766,-0.0276355,0.00540584,0.0119323,-0.00845878,0.0684664,0,0,0,-1.20024e-12,0,0,0,-2.40048e-12,-1.20024e-12,0,0,0,0,0,0,0,0,0,0.905991,3.9698e-09,0,0,0,0,0,0,-1.20024e-12,0,0,0,0,0,0,0,0,0,3.9701e-09,0.905991,
-3.0966e-07,-0.86892,0.0267394,-0.00832143,0.00151181,0.00122737,-3.5533e-05,0,0,0.577626,-0.0383329,-0.132498,0.0613078,0.0105814,-0.00397253,0.00200686,0,0,-9.26449e-08,-2,-0.00771707,-0.0161919,-0.00478694,0.000570355,3.98499e-06,0,0,0.0378155,0.753626,0.04445,0.0873272,-0.0228553,-0.0304772,0.0251487,0,0,-5.996e-07,-0.650161,0.0791827,0.006215,0.00488121,0.00265972,-7.02722e-05,0,0,-0.134111,-0.0284205,0.635776,0.0136964,0.0128817,0.00292175,-5.91702e-05,0,0,1.72751e-07,-2,0.00164577,0.0543644,0.00462562,-0.000827452,-2.77807e-05,0,0,0.0642663,-0.108219,0.0236812,0.664667,0.00338291,0.0394916,0.0111963,0,0,-4.55861e-06,1.09232,0.0260968,0.0187795,-0.0483943,-0.0332874,0.000611363,0,0,0.134834,0.0484192,0.146161,0.116962,0.421594,-0.0249683,0.00767845,0,0,6.94229e-07,0.232809,0.0116917,-0.0335031,-0.0399684,0.055492,0.000721964,0,0,0.0072545,0.0076097,0.0636529,0.527497,-0.030253,0.431579,-0.00784245,0,0,5.65572e-08,-0.267344,0.00369345,0.00107366,0.00150471,0.00297966,0.00184815,0,0,-0.0173663,-0.0115781,-0.0276309,0.00541227,0.0119233,-0.00846137,0.0684672,0,0,2.40048e-12,2.40048e-12,-2.40048e-12,2.40048e-12,-2.40048e-12,2.40048e-12,2.40048e-12,0,0,0,0,0,0,0,0,0,0.905991,3.95269e-09,1.20024e-12,1.20024e-12,-1.20024e-12,1.20024e-12,-1.20024e-12,1.20024e-12,1.20024e-12,0,0,0,0,0,0,0,0,0,3.95269e-09,0.905991,
-1.73472e-12,-0.869954,0.0267714,-0.00834201,0.00151056,0.00122834,-3.49285e-05,0,0,0.577719,-0.0383789,-0.132603,0.0614215,0.0105745,-0.00399158,0.00201397,0,0,-2.45301e-12,-2,-0.00772629,-0.016198,-0.00478998,0.000573142,4.13621e-06,0,0,0.0378329,0.753683,0.0444866,0.0873632,-0.0228674,-0.0304956,0.0251482,0,0,-6.93889e-12,-0.651443,0.0791787,0.00619351,0.00488053,0.00266096,-6.90554e-05,0,0,-0.134219,-0.0284767,0.635914,0.0137792,0.0128968,0.00289973,-5.24995e-05,0,0,-1.38778e-11,-2,0.00162609,0.0543757,0.00462377,-0.000827319,-2.80739e-05,0,0,0.0643756,-0.10828,0.0237695,0.664694,0.0033684,0.0394684,0.0112052,0,0,-3.46945e-11,1.09239,0.0260436,0.0188005,-0.048378,-0.0332912,0.000619981,0,0,0.134831,0.0484235,0.146374,0.116938,0.421634,-0.0249598,0.00766881,0,0,-3.46945e-12,0.234645,0.0117225,-0.0334535,-0.0399724,0.0555493,0.000719211,0,0,0.00714879,0.00769027,0.0635177,0.527424,-0.0302418,0.431607,-0.00785219,0,0,0,-0.267375,0.00369485,0.00107054,0.0015027,0.0029779,0.00184829,0,0,-0.0173495,-0.0115795,-0.0276263,0.00541868,0.0119142,-0.00846396,0.068468,0,0,0,0,-1.20024e-12,0,-1.20024e-12,-1.20024e-12,0,0,0,0,0,0,0,0,0,0,0.905991,4.02441e-09,0,1.20024e-12,0,2.40048e-12,0,0,0,0,0,0,0,0,0,0,0,0,4.02381e-09,0.905991,
3.09318e-07,-0.870987,0.0268042,-0.00836294,0.00150899,0.00122993,-3.5562e-05,0,0,0.577812,-0.0384249,-0.132708,0.0615353,0.0105676,-0.00401064,0.00202109,0,0,9.26168e-08,-2,-0.00773533,-0.0162043,-0.00479311,0.000576118,3.91683e-06,0,0,0.0378503,0.753739,0.0445232,0.0873992,-0.0228795,-0.030514,0.0251478,0,0,5.99912e-07,-0.652728,0.0791759,0.00617136,0.00487924,0.0026634,-7.02378e-05,0,0,-0.134327,-0.028533,0.636052,0.0138623,0.0129118,0.00287766,-4.58112e-05,0,0,-1.72529e-07,-2,0.00160598,0.0543871,0.00462209,-0.000827524,-2.76767e-05,0,0,0.064485,-0.108342,0.023858,0.664721,0.00335388,0.0394453,0.0112141,0,0,4.5602e-06,1.09247,0.0259996,0.018817,-0.0483661,-0.033286,0.000610363,0,0,0.134827,0.0484277,0.146587,0.116914,0.421674,-0.0249514,0.00765918,0,0,-6.94111e-07,0.236476,0.0117519,-0.0334031,-0.0399757,0.0556053,0.00071923,0,0,0.00704302,0.00777067,0.0633822,0.527352,-0.0302306,0.431634,-0.00786192,0,0,-5.6447e-08,-0.267405,0.00369615,0.00106747,0.00150073,0.00297603,0.00184865,0,0,-0.0173328,-0.0115809,-0.0276217,0.00542507,0.0119052,-0.00846655,0.0684688,0,0,2.40048e-12,0,-1.20024e-12,-1.20024e-12,-1.20024e-12,0,-1.20024e-12,0,0,0,0,0,0,0,0,0,0.905991,4.18944e-09,-1.20024e-12,0,1.20024e-12,-1.20024e-12,1.20024e-12,-1.20024e-12,-1.20024e-12,0,0,0,0,0,0,0,0,0,4.18944e-09,0.905991,
3.09157e-07,-0.872021,0.026837,-0.00838329,0.00150742,0.00123091,-3.55765e-05,0,0,0.577905,-0.0384709,-0.132813,0.0616494,0.0105606,-0.00402972,0.00202821,0,0,9.26261e-08,-2,-0.00774438,-0.0162103,-0.00479623,0.000578911,3.88264e-06,0,0,0.0378677,0.753796,0.0445599,0.0874351,-0.0228917,-0.0305324,0.0251473,0,0,6.00069e-07,-0.654016,0.0791731,0.00615036,0.00487793,0.00266464,-7.02208e-05,0,0,-0.134435,-0.0285894,0.636189,0.0139455,0.0129268,0.00285553,-3.91053e-05,0,0,-1.72473e-07,-2,0.00158579,0.0543982,0.00462041,-0.000827376,-2.7625e-05,0,0,0.0645947,-0.108403,0.0239467,0.664748,0.00333934,0.0394221,0.011223,0,0,4.56096e-06,1.09254,0.0259554,0.0188427,-0.0483541,-0.0332899,0.000609867,0,0,0.134824,0.0484319,0.146799,0.11689,0.421713,-0.024943,0.00764956,0,0,-6.93969e-07,0.238304,0.0117815,-0.033354,-0.039979,0.0556627,0.000717856,0,0,0.00693717,0.00785092,0.0632465,0.52728,-0.0302194,0.431661,-0.00787163,0,0,-5.63568e-08,-0.267435,0.00369744,0.00106429,0.00149876,0.00297427,0.00184889,0,0,-0.017316,-0.0115823,-0.0276172,0.00543144,0.0118962,-0.00846913,0.0684696,0,0,0,1.20024e-12,-1.20024e-12,0,0,0,1.20024e-12,0,0,0,0,0,0,0,0,0,0.905991,-4.4646e-09,0,2.40048e-12,0,1.20024e-12,1.20024e-12,-1.20024e-12,2.40048e-12,0,0,0,0,0,0,0,0,0,-4.4643e-09,0.905991,
1.73472e-12,-0.873054,0.0268705,-0.008404,0.00150614,0.00123188,-3.52821e-05,0,0,0.577999,-0.0385169,-0.132919,0.0617636,0.0105536,-0.00404882,0.00203535,0,0,3.38813e-13,-2,-0.00775325,-0.0162164,-0.00479925,0.000581707,3.94091e-06,0,0,0.037885,0.753853,0.0445966,0.0874711,-0.0229039,-0.0305507,0.0251468,0,0,6.93889e-12,-0.655305,0.0791715,0.0061287,0.0048772,0.00266589,-6.96038e-05,0,0,-0.134543,-0.0286459,0.636326,0.014029,0.0129418,0.00283334,-3.23817e-05,0,0,0,-2,0.00156516,0.0544095,0.00461856,-0.000827223,-2.77458e-05,0,0,0.0647044,-0.108465,0.0240356,0.664775,0.00332479,0.039399,0.0112319,0,0,1.38778e-11,1.09262,0.0259203,0.0188638,-0.0483374,-0.0332938,0.000613935,0,0,0.13482,0.0484361,0.147012,0.116866,0.421752,-0.0249345,0.00763995,0,0,0,0.240128,0.0118097,-0.0333041,-0.039983,0.0557203,0.000715784,0,0,0.00683125,0.00793102,0.0631104,0.527208,-0.0302082,0.431688,-0.00788133,0,0,-5.20417e-12,-0.267465,0.00369862,0.00106116,0.00149674,0.0029725,0.00184908,0,0,-0.0172992,-0.0115836,-0.0276126,0.00543779,0.0118872,-0.00847172,0.0684705,0,0,0,0,-1.20024e-12,0,1.20024e-12,-1.20024e-12,2.40048e-12,-1.20024e-12,0,0,0,0,0,0,0,0,0.905991,-4.60292e-09,0,0,1.20024e-12,0,-1.20024e-12,1.20024e-12,-1.20024e-12,1.15223e-10,0,0,0,0,0,0,0,0,-4.60322e-09,0.905991,
-8.67362e-13,-0.874087,0.0269028,-0.00842443,0.00150424,0.00123255,-3.56056e-05,0,0,0.578093,-0.0385629,-0.133024,0.061878,0.0105467,-0.00406794,0.00204249,0,0,-9.94755e-12,-2,-0.0077625,-0.0162224,-0.00480246,0.000584413,3.81381e-06,0,0,0.0379023,0.75391,0.0446333,0.0875069,-0.0229161,-0.030569,0.0251464,0,0,-3.46945e-12,-0.656597,0.0791676,0.00610758,0.00487525,0.00266654,-7.01873e-05,0,0,-0.134651,-0.0287026,0.636463,0.0141126,0.0129567,0.0028111,-2.56405e-05,0,0,0,-2,0.00154514,0.0544205,0.00461705,-0.000826893,-2.7522e-05,0,0,0.0648144,-0.108526,0.0241246,0.664802,0.00331022,0.0393759,0.0112409,0,0,-3.81639e-11,1.09269,0.0258669,0.0188896,-0.0483298,-0.0333023,0.000608881,0,0,0.134817,0.0484402,0.147224,0.116843,0.421792,-0.0249261,0.00763035,0,0,-1.04083e-11,0.241948,0.0118408,-0.0332547,-0.0399856,0.0557786,0.000715096,0,0,0.00672525,0.00801095,0.062974,0.527137,-0.030197,0.431715,-0.00789102,0,0,2.60209e-11,-0.267495,0.00370001,0.00105797,0.00149481,0.00297079,0.00184939,0,0,-0.0172823,-0.011585,-0.0276079,0.00544412,0.0118782,-0.0084743,0.0684713,0,0,0,0,-1.20024e-12,0,0,0,0,0,0,0,0,0,0,0,0,0,0.905991,-4.58852e-09,0,0,3.60072e-12,0,1.20024e-12,0,-1.20024e-12,0,0,0,0,0,0,0,0,0,-4.58972e-09,0.905991,
8.67362e-12,-0.875121,0.026936,-0.00844585,0.00150233,0.00123321,-3.50032e-05,0,0,0.578187,-0.0386089,-0.133129,0.0619926,0.0105396,-0.00408707,0.00204964,0,0,-5.01444e-12,-2,-0.00777147,-0.0162286,-0.00480567,0.000587115,3.964e-06,0,0,0.0379196,0.753967,0.04467,0.0875428,-0.0229283,-0.0305872,0.0251459,0,0,1.73472e-11,-0.657892,0.0791656,0.00608461,0.00487331,0.0026672,-6.89694e-05,0,0,-0.134759,-0.0287593,0.6366,0.0141966,0.0129716,0.00278881,-1.88815e-05,0,0,-1.38778e-11,-2,0.00152454,0.0544321,0.00461554,-0.000826574,-2.78147e-05,0,0,0.0649245,-0.108587,0.0242139,0.664829,0.00329564,0.0393527,0.0112498,0,0,-4.16334e-11,1.09277,0.0258271,0.0189017,-0.0483221,-0.0333108,0.000617508,0,0,0.134813,0.0484442,0.147436,0.116819,0.421831,-0.0249177,0.00762076,0,0,-3.46945e-12,0.243765,0.0118699,-0.0332031,-0.0399882,0.055837,0.000712331,0,0,0.00661919,0.00809073,0.0628374,0.527065,-0.0301859,0.431742,-0.0079007,0,0,1.73472e-11,-0.267524,0.00370124,0.00105495,0.00149289,0.00296908,0.00184953,0,0,-0.0172655,-0.0115863,-0.0276033,0.00545043,0.0118692,-0.00847687,0.0684721,0,0,0,1.20024e-12,0,0,0,-2.40048e-12,-1.20024e-12,0,0,0,0,0,0,0,0,0,0.905991,-4.43909e-09,0,1.20024e-12,0,0,0,0,2.40048e-12,0,0,0,0,0,0,0,0,0,-4.44089e-09,0.905991,
-3.08495e-07,-0.876154,0.0269695,-0.00846688,0.0015003,0.00123475,-3.50009e-05,0,0,0.578281,-0.0386549,-0.133235,0.0621074,0.0105326,-0.00410622,0.0020568,0,0,-9.26014e-08,-2,-0.00778066,-0.0162353,-0.00480825,0.000590269,3.96031e-06,0,0,0.0379368,0.754024,0.0447067,0.0875786,-0.0229405,-0.0306054,0.0251454,0,0,-6.0071e-07,-0.65919,0.0791635,0.00606273,0.00487039,0.00266919,-6.8965e-05,0,0,-0.134867,-0.0288161,0.636737,0.0142807,0.0129864,0.00276646,-1.21052e-05,0,0,1.72098e-07,-2,0.00150364,0.0544429,0.00461427,-0.000825745,-2.77808e-05,0,0,0.0650347,-0.108648,0.0243034,0.664856,0.00328105,0.0393296,0.0112587,0,0,-4.56407e-06,1.09283,0.0257872,0.018923,-0.0483098,-0.0333109,0.000617486,0,0,0.134809,0.0484482,0.147649,0.116795,0.42187,-0.0249093,0.00761118,0,0,6.93678e-07,0.24558,0.0118991,-0.0331528,-0.0399915,0.0558923,0.000710709,0,0,0.00651305,0.00817037,0.0627004,0.526993,-0.0301747,0.431769,-0.00791037,0,0,5.61443e-08,-0.267552,0.00370245,0.00105177,0.00149088,0.00296734,0.00184972,0,0,-0.0172486,-0.0115877,-0.0275987,0.00545672,0.0118602,-0.00847944,0.0684729,0,0,0,0,0,-1.20024e-12,0,0,0,0,0,0,0,0,0,0,0,0,0.905991,4.19724e-09,0,0,0,0,0,0,0,0,0,0,0,0,0,0,0,0,4.19724e-09,0.905991,
-3.46945e-12,-0.877187,0.0270029,-0.00848698,0.00149938,0.00123572,-3.50181e-05,0,0,0.578376,-0.0387009,-0.13334,0.0622223,0.0105255,-0.00412539,0.00206397,0,0,-6.77626e-13,-2,-0.00778997,-0.016241,-0.0048112,0.000593078,3.91971e-06,0,0,0.037954,0.754082,0.0447435,0.0876144,-0.0229527,-0.0306237,0.025145,0,0,-1.04083e-11,-0.66049,0.0791606,0.00604226,0.00487038,0.00267045,-6.89475e-05,0,0,-0.134976,-0.0288731,0.636873,0.014365,0.0130012,0.00274405,-5.31138e-06,0,0,1.38778e-11,-2,0.00148296,0.0544541,0.00461219,-0.000825649,-2.77288e-05,0,0,0.0651452,-0.10871,0.0243931,0.664883,0.00326644,0.0393064,0.0112677,0,0,-1.04083e-11,1.0929,0.0257378,0.0189535,-0.0482876,-0.0333147,0.000616961,0,0,0.134805,0.0484522,0.147861,0.116772,0.421909,-0.0249009,0.00760161,0,0,-2.42861e-11,0.247391,0.0119298,-0.0331039,-0.0399961,0.0559512,0.000709296,0,0,0.00640682,0.00824989,0.0625632,0.526922,-0.0301635,0.431797,-0.00792003,0,0,1.47451e-11,-0.267581,0.00370383,0.00104853,0.00148871,0.0029655,0.00184996,0,0,-0.0172317,-0.011589,-0.027594,0.00546301,0.0118512,-0.00848201,0.0684737,0,0,0,-2.40048e-12,-2.40048e-12,-2.40048e-12,-2.40048e-12,0,0,0,0,0,0,0,0,0,0,0,0.905991,4.09672e-09,0,0,0,0,0,0,0,0,0,0,0,0,0,0,0,0,4.09672e-09,0.905991,
-1.73472e-12,-0.87822,0.0270364,-0.00850776,0.00149728,0.00123665,-3.53458e-05,0,0,0.578471,-0.0387469,-0.133446,0.0623375,0.0105185,-0.00414458,0.00207114,0,0,-3.93023e-13,-2,-0.0077991,-0.0162468,-0.00481462,0.000595826,3.7835e-06,0,0,0.0379711,0.754139,0.0447802,0.0876501,-0.022965,-0.0306418,0.0251445,0,0,-6.93889e-12,-0.661791,0.0791583,0.00602046,0.00486817,0.00267169,-6.9529e-05,0,0,-0.135084,-0.0289301,0.637009,0.0144496,0.0130159,0.00272159,1.50026e-06,0,0,0,-2,0.00146217,0.0544655,0.00461076,-0.000825686,-2.75018e-05,0,0,0.0652558,-0.108771,0.024483,0.664909,0.00325181,0.0392833,0.0112767,0,0,-3.1225e-11,1.09297,0.025693,0.0189749,-0.0482839,-0.0333186,0.000611798,0,0,0.134801,0.0484561,0.148073,0.116748,0.421948,-0.0248925,0.00759204,0,0,3.46945e-12,0.249197,0.0119598,-0.0330534,-0.0399981,0.0560102,0.000708638,0,0,0.00630051,0.00832928,0.0624256,0.526851,-0.0301523,0.431824,-0.00792968,0,0,0,-0.267609,0.00370513,0.0010454,0.00148678,0.00296369,0.00185028,0,0,-0.0172148,-0.0115903,-0.0275894,0.00546927,0.0118422,-0.00848458,0.0684745,0,0,0,0,0,0,0,-1.20024e-12,1.20024e-12,0,0,0,0,0,0,0,0,0,0.905991,4.10512e-09,0,0,0,-2.40048e-12,-2.40048e-12,1.20024e-12,0,0,0,0,0,0,0,0,0,0,4.10602e-09,0.905991,
1.73472e-12,-0.879253,0.0270696,-0.00852896,0.00149606,0.00123788,-3.53643e-05,0,0,0.578566,-0.0387929,-0.133551,0.0624528,0.0105114,-0.00416379,0.00207832,0,0,-4.45878e-12,-2,-0.00780817,-0.0162527,-0.00481774,0.000598664,3.74206e-06,0,0,0.0379882,0.754197,0.044817,0.0876858,-0.0229773,-0.03066,0.0251441,0,0,0,-0.663096,0.0791558,0.00599788,0.00486768,0.00267352,-6.95101e-05,0,0,-0.135192,-0.0289873,0.637144,0.0145344,0.0130307,0.00269908,8.32977e-06,0,0,-2.77556e-11,-2,0.00144142,0.054477,0.00460882,-0.00082586,-2.74473e-05,0,0,0.0653665,-0.108832,0.024573,0.664936,0.00323717,0.0392601,0.0112856,0,0,-6.93889e-12,1.09304,0.0256483,0.0189917,-0.0482665,-0.0333181,0.000611217,0,0,0.134798,0.0484599,0.148285,0.116725,0.421987,-0.0248841,0.00758248,0,0,5.55112e-11,0.251002,0.01199,-0.0330021,-0.0400022,0.056068,0.000707294,0,0,0.00619413,0.00840852,0.0622878,0.526779,-0.0301411,0.431851,-0.00793931,0,0,6.07153e-12,-0.267636,0.00370641,0.00104232,0.00148472,0.00296186,0.00185055,0,0,-0.0171979,-0.0115915,-0.0275847,0.00547552,0.0118332,-0.00848715,0.0684753,0,0,0,0,-1.20024e-12,-2.40048e-12,-1.20024e-12,0,3.60072e-12,0,0,0,0,0,0,0,0,0,0.905991,4.21525e-09,0,0,0,0,0,0,-1.20024e-12,0,0,0,0,0,0,0,0,0,4.21435e-09,0.905991,
-5.20417e-12,-0.880286,0.0271023,-0.00854995,0.00149449,0.0012382,-3.53819e-05,0,0,0.578661,-0.0388388,-0.133657,0.0625683,0.0105042,-0.00418301,0.00208551,0,0,-1.09369e-11,-2,-0.00781731,-0.0162585,-0.00482092,0.000601237,3.70253e-06,0,0,0.0380053,0.754255,0.0448539,0.0877215,-0.0229895,-0.0306781,0.0251437,0,0,-1.04083e-11,-0.664404,0.0791526,0.00597578,0.00486647,0.00267357,-6.9492e-05,0,0,-0.135301,-0.0290446,0.63728,0.0146195,0.0130454,0.00267651,1.51772e-05,0,0,0,-2,0.00142082,0.0544881,0.00460709,-0.000825465,-2.73936e-05,0,0,0.0654774,-0.108893,0.0246633,0.664963,0.00322251,0.039237,0.0112946,0,0,-6.93889e-12,1.0931,0.025599,0.0190131,-0.0482538,-0.0333313,0.000610659,0,0,0.134793,0.0484637,0.148497,0.116702,0.422026,-0.0248757,0.00757292,0,0,-2.08167e-11,0.252803,0.0120209,-0.0329513,-0.0400057,0.0561276,0.000705941,0,0,0.00608767,0.0084876,0.0621497,0.526708,-0.0301299,0.431878,-0.00794894,0,0,4.33681e-12,-0.267664,0.00370773,0.00103918,0.00148273,0.00296019,0.00185081,0,0,-0.0171809,-0.0115928,-0.02758,0.00548174,0.0118243,-0.00848971,0.0684762,0,0,0,0,0,0,0,0,0,0,0,0,0,0,0,0,0,0,0.905991,-4.43249e-09,0,1.20024e-12,1.20024e-12,0,1.20024e-12,0,0,0,0,0,0,0,0,0,0,0,-4.43309e-09,0.905991,
-3.07658e-07,-0.881319,0.0271357,-0.00857132,0.00149289,0.00123945,-3.53987e-05,0,0,0.578757,-0.0388848,-0.133763,0.062684,0.0104971,-0.00420225,0.00209271,0,0,-9.25594e-08,-2,-0.00782626,-0.0162644,-0.00482407,0.0006041,3.66413e-06,0,0,0.0380223,0.754313,0.0448907,0.0877571,-0.0230018,-0.0306962,0.0251432,0,0,-6.01512e-07,-0.665713,0.0791507,0.00595298,0.00486518,0.00267543,-6.94745e-05,0,0,-0.135409,-0.029102,0.637415,0.0147047,0.0130601,0.00265388,2.20426e-05,0,0,1.71613e-07,-2,0.0013998,0.0544994,0.00460536,-0.000825544,-2.73408e-05,0,0,0.0655885,-0.108954,0.0247538,0.664989,0.00320784,0.0392138,0.0113036,0,0,-4.5681e-06,1.09317,0.025559,0.01903,-0.0482411,-0.0333308,0.00061012,0,0,0.134789,0.0484675,0.148708,0.116678,0.422065,-0.0248673,0.00756337,0,0,6.93286e-07,0.254599,0.0120506,-0.0328997,-0.0400091,0.056185,0.000704577,0,0,0.00598115,0.00856652,0.0620113,0.526637,-0.0301188,0.431905,-0.00795855,0,0,5.5872e-08,-0.267691,0.00370892,0.00103608,0.00148076,0.00295836,0.00185107,0,0,-0.017164,-0.0115941,-0.0275753,0.00548795,0.0118153,-0.00849228,0.068477,0,0,0,0,-1.20024e-12,2.40048e-12,-2.40048e-12,2.40048e-12,-2.40048e-12,0,0,0,0,0,0,0,0,0,0.905991,-4.51231e-09,0,0,-2.40048e-12,1.20024e-12,-2.40048e-12,1.20024e-12,-1.20024e-12,0,0,0,0,0,0,0,0,0,-4.51291e-09,0.905991,
-2.60209e-12,-0.882351,0.0271687,-0.00859182,0.00149156,0.0012407,-3.57227e-05,0,0,0.578853,-0.0389308,-0.133869,0.0627998,0.0104899,-0.00422151,0.00209991,0,0,9.43256e-12,-2,-0.00783531,-0.0162701,-0.00482711,0.000606975,3.53373e-06,0,0,0.0380393,0.754372,0.0449276,0.0877927,-0.0230142,-0.0307142,0.0251428,0,0,-1.04083e-11,-0.667025,0.0791481,0.0059319,0.00486442,0.0026773,-7.00591e-05,0,0,-0.135518,-0.0291595,0.63755,0.0147902,0.0130747,0.0026312,2.8926e-05,0,0,0,-2,0.00137888,0.0545101,0.00460348,-0.000825593,-2.7117e-05,0,0,0.0656997,-0.109015,0.0248445,0.665016,0.00319315,0.0391907,0.0113126,0,0,-1.04083e-11,1.09323,0.0255143,0.0190606,-0.0482237,-0.0333304,0.000605025,0,0,0.134785,0.0484712,0.14892,0.116655,0.422104,-0.024859,0.00755383,0,0,0,0.256392,0.012081,-0.03285,-0.0400133,0.0562423,0.000703895,0,0,0.00587457,0.00864529,0.0618726,0.526566,-0.0301076,0.431932,-0.00796815,0,0,-1.04083e-11,-0.267717,0.00371016,0.00103282,0.00147872,0.00295652,0.00185138,0,0,-0.017147,-0.0115953,-0.0275706,0.00549413,0.0118064,-0.00849484,0.0684778,0,0,0,-2.40048e-12,-2.40048e-12,1.20024e-12,-1.20024e-12,1.20024e-12,0,-1.20024e-12,0,0,0,0,0,0,0,0,0.905991,-4.45229e-09,0,0,1.20024e-12,1.20024e-12,-1.20024e-12,1.20024e-12,0,0,0,0,0,0,0,0,0,0,-4.45229e-09,0.905991,
1.73472e-12,-0.883384,0.0272014,-0.008613,0.00148991,0.00124104,-3.57387e-05,0,0,0.578949,-0.0389768,-0.133975,0.0629159,0.0104828,-0.00424078,0.00210712,0,0,2.87314e-12,-2,-0.00784446,-0.0162759,-0.00483022,0.000609581,3.49619e-06,0,0,0.0380562,0.75443,0.0449644,0.0878283,-0.0230265,-0.0307322,0.0251424,0,0,6.93889e-12,-0.66834,0.079145,0.00590955,0.00486301,0.00267738,-7.00424e-05,0,0,-0.135626,-0.0292171,0.637684,0.0148759,0.0130893,0.00260847,3.58275e-05,0,0,1.38778e-11,-2,0.00135803,0.0545211,0.00460177,-0.000825107,-2.70653e-05,0,0,0.0658111,-0.109076,0.0249354,0.665042,0.00317845,0.0391675,0.0113215,0,0,-3.1225e-11,1.0933,0.025465,0.0190821,-0.0482108,-0.0333436,0.000604508,0,0,0.134781,0.0484748,0.149131,0.116632,0.422142,-0.0248506,0.00754431,0,0,-1.04083e-11,0.258181,0.0121123,-0.0327988,-0.0400167,0.0563018,0.000702511,0,0,0.00576792,0.00872388,0.0617336,0.526495,-0.0300964,0.431959,-0.00797774,0,0,8.67362e-13,-0.267744,0.00371144,0.00102966,0.00147675,0.00295484,0.00185164,0,0,-0.01713,-0.0115965,-0.0275659,0.0055003,0.0117974,-0.0084974,0.0684786,0,0,0,0,0,0,0,0,0,0,0,0,0,0,0,0,0,0,0.905991,4.27706e-09,0,-2.40048e-12,0,0,0,2.40048e-12,-2.40048e-12,0,0,0,0,0,0,0,0,0,4.27676e-09,0.905991,
3.07143e-07,-0.884416,0.0272351,-0.00863453,0.00148825,0.00124231,-3.57547e-05,0,0,0.579045,-0.0390227,-0.13408,0.0630321,0.0104756,-0.00426007,0.00211434,0,0,9.25526e-08,-2,-0.00785334,-0.0162818,-0.00483331,0.000612472,3.45875e-06,0,0,0.0380731,0.754489,0.0450013,0.0878638,-0.0230389,-0.0307502,0.025142,0,0,6.01956e-07,-0.669657,0.0791437,0.00588655,0.00486157,0.00267927,-7.00261e-05,0,0,-0.135735,-0.0292748,0.637819,0.0149619,0.0131039,0.00258568,4.27471e-05,0,0,-1.71307e-07,-2,0.00133658,0.0545323,0.00460006,-0.00082512,-2.70139e-05,0,0,0.0659226,-0.109137,0.0250265,0.665069,0.00316373,0.0391444,0.0113305,0,0,4.57045e-06,1.09336,0.0254294,0.0190991,-0.0481978,-0.0333431,0.000603997,0,0,0.134777,0.0484784,0.149343,0.116609,0.422181,-0.0248422,0.00753479,0,0,-6.93102e-07,0.259967,0.0121415,-0.0327468,-0.0400201,0.0563592,0.00070112,0,0,0.00566121,0.00880232,0.0615943,0.526424,-0.0300852,0.431986,-0.00798732,0,0,-5.56959e-08,-0.26777,0.00371256,0.00102655,0.00147477,0.002953,0.00185189,0,0,-0.017113,-0.0115977,-0.0275612,0.00550644,0.0117885,-0.00849996,0.0684794,0,0,0,0,0,0,0,0,2.40048e-12,0,0,0,0,0,0,0,0,0,0.905991,4.23685e-09,-1.20024e-12,0,-1.20024e-12,0,0,1.20024e-12,-2.40048e-12,0,0,0,0,0,0,0,0,0,4.23625e-09,0.905991,
-3.06984e-07,-0.885448,0.0272676,-0.00865548,0.00148657,0.00124327,-3.54635e-05,0,0,0.579142,-0.0390687,-0.134186,0.0631485,0.0104683,-0.00427938,0.00212157,0,0,-9.25387e-08,-2,-0.0078626,-0.0162874,-0.0048364,0.000615275,3.51389e-06,0,0,0.03809,0.754547,0.0450382,0.0878993,-0.0230512,-0.0307682,0.0251415,0,0,-6.02136e-07,-0.670977,0.07914,0.00586469,0.0048601,0.00268057,-6.94078e-05,0,0,-0.135844,-0.0293326,0.637952,0.015048,0.0131184,0.00256283,4.96849e-05,0,0,1.71238e-07,-2,0.00131572,0.0545431,0.00459836,-0.00082495,-2.7134e-05,0,0,0.0660343,-0.109198,0.0251177,0.665095,0.003149,0.0391212,0.0113396,0,0,-4.57127e-06,1.09342,0.0253754,0.0191253,-0.0481848,-0.0333473,0.000608061,0,0,0.134772,0.048482,0.149554,0.116586,0.42222,-0.0248339,0.00752528,0,0,6.9298e-07,0.261748,0.0121736,-0.0326961,-0.0400236,0.0564174,0.000699029,0,0,0.00555443,0.00888058,0.0614547,0.526353,-0.0300741,0.432013,-0.00799688,0,0,5.56256e-08,-0.267795,0.0037139,0.00102333,0.00147278,0.0029512,0.00185209,0,0,-0.0170959,-0.0115989,-0.0275564,0.00551257,0.0117796,-0.00850252,0.0684802,0,0,-1.20024e-12,-1.20024e-12,-2.40048e-12,-1.20024e-12,2.40048e-12,1.20024e-12,-2.40048e-12,0,0,0,0,0,0,0,0,0,0.905991,-4.30857e-09,-1.20024e-12,-1.20024e-12,0,1.20024e-12,0,-1.20024e-12,0,0,0,0,0,0,0,0,0,0,-4.30827e-09,0.905991,
2.60209e-12,-0.88648,0.0273011,-0.00867679,0.00148427,0.00124454,-3.54795e-05,0,0,0.579239,-0.0391147,-0.134292,0.0632651,0.0104611,-0.00429871,0.00212881,0,0,2.84603e-12,-2,-0.00787159,-0.0162932,-0.00483967,0.000618175,3.47646e-06,0,0,0.0381068,0.754606,0.0450752,0.0879347,-0.0230636,-0.0307861,0.0251411,0,0,6.93889e-12,-0.672299,0.0791382,0.00584217,0.0048574,0.00268247,-6.93916e-05,0,0,-0.135953,-0.0293905,0.638086,0.0151344,0.0131329,0.00253993,5.6641e-05,0,0,0,-2,0.00129425,0.0545541,0.004597,-0.000824941,-2.7083e-05,0,0,0.0661462,-0.109259,0.0252092,0.665121,0.00313425,0.0390981,0.0113486,0,0,1.73472e-11,1.09348,0.025335,0.019147,-0.0481807,-0.0333469,0.000607559,0,0,0.134768,0.0484854,0.149765,0.116564,0.422258,-0.0248255,0.00751578,0,0,0,0.263525,0.0122037,-0.0326445,-0.0400257,0.056475,0.000697626,0,0,0.00544759,0.00895868,0.0613148,0.526283,-0.0300629,0.43204,-0.00800642,0,0,1.12757e-11,-0.267821,0.00371506,0.00102015,0.0014709,0.00294935,0.00185234,0,0,-0.0170788,-0.0116001,-0.0275517,0.00551867,0.0117707,-0.00850507,0.068481,0,0,0,0,1.20024e-12,0,0,0,0,0,0,0,0,0,0,0,0,0,0.905991,4.25936e-09,0,2.40048e-12,1.20024e-12,-1.20024e-12,0,0,0,0,0,0,0,0,0,0,0,0,4.25906e-09,0.905991,
3.06644e-07,-0.887513,0.0273343,-0.00869876,0.00148319,0.00124519,-3.58021e-05,0,0,0.579336,-0.0391606,-0.134398,0.0633819,0.0104538,-0.00431805,0.00213605,0,0,9.25284e-08,-2,-0.00788069,-0.0162991,-0.00484256,0.000620893,3.3464e-06,0,0,0.0381236,0.754665,0.0451121,0.0879701,-0.023076,-0.030804,0.0251407,0,0,6.02452e-07,-0.673624,0.0791358,0.0058184,0.00485709,0.00268317,-6.99781e-05,0,0,-0.136061,-0.0294486,0.63822,0.015221,0.0131474,0.00251698,6.36153e-05,0,0,-1.71016e-07,-2,0.00127287,0.0545654,0.00459496,-0.000824584,-2.68611e-05,0,0,0.0662582,-0.109319,0.0253009,0.665148,0.00311949,0.039075,0.0113576,0,0,4.57279e-06,1.09354,0.02529,0.0191595,-0.0481583,-0.0333557,0.000602488,0,0,0.134763,0.0484889,0.149976,0.116541,0.422296,-0.0248172,0.00750629,0,0,-6.92866e-07,0.265299,0.0122346,-0.0325914,-0.0400305,0.0565341,0.000696911,0,0,0.00534069,0.00903661,0.0611747,0.526212,-0.0300517,0.432067,-0.00801596,0,0,-5.55216e-08,-0.267845,0.00371628,0.00101709,0.0014688,0.0029476,0.00185265,0,0,-0.0170618,-0.0116012,-0.0275469,0.00552475,0.0117618,-0.00850762,0.0684818,0,0,-1.20024e-12,0,0,-1.20024e-12,0,0,0,0,0,0,0,0,0,0,0,0,0.905991,-4.32537e-09,-1.20024e-12,0,1.20024e-12,0,0,0,-1.20024e-12,0,0,0,0,0,0,0,0,0,-4.32477e-09,0.905991,
3.06483e-07,-0.888545,0.0273676,-0.00872016,0.00148089,0.00124615,-3.58182e-05,0,0,0.579433,-0.0392066,-0.134505,0.0634988,0.0104466,-0.0043374,0.0021433,0,0,9.25149e-08,-2,-0.00788978,-0.0163048,-0.00484582,0.000623701,3.3084e-06,0,0,0.0381403,0.754724,0.0451491,0.0880055,-0.0230885,-0.0308219,0.0251404,0,0,6.02633e-07,-0.674952,0.0791334,0.00579576,0.00485437,0.00268447,-6.99622e-05,0,0,-0.13617,-0.0295067,0.638353,0.0153079,0.0131618,0.00249397,7.0608e-05,0,0,-1.70933e-07,-2,0.0012514,0.0545763,0.0045936,-0.000824406,-2.68102e-05,0,0,0.0663704,-0.10938,0.0253928,0.665174,0.00310471,0.0390518,0.0113666,0,0,4.57365e-06,1.09359,0.0252449,0.0191812,-0.0481541,-0.0333599,0.000601982,0,0,0.134759,0.0484923,0.150186,0.116518,0.422335,-0.0248088,0.00749682,0,0,-6.92765e-07,0.26707,0.0122656,-0.0325396,-0.0400326,0.0565926,0.000695506,0,0,0.00523373,0.00911436,0.0610342,0.526142,-0.0300406,0.432094,-0.00802548,0,0,-5.54687e-08,-0.26787,0.00371749,0.00101392,0.00146691,0.0029458,0.00185291,0,0,-0.0170446,-0.0116024,-0.0275421,0.00553081,0.0117529,-0.00851017,0.0684826,0,0,-1.20024e-12,-1.20024e-12,0,0,-1.20024e-12,1.20024e-12,0,5.88118e-11,0,0,0,0,0,0,0,0,0.905991,4.26746e-09,1.20024e-12,1.20024e-12,0,0,-1.20024e-12,-1.20024e-12,0,1.20024e-12,0,0,0,0,0,0,0,0,4.26776e-09,0.905991,
-1.73472e-12,-0.889576,0.0274008,-0.00874149,0.00147938,0.00124707,-3.55102e-05,0,0,0.57953,-0.0392525,-0.134611,0.063616,0.0104392,-0.00435677,0.00215056,0,0,9.51387e-12,-2,-0.00789918,-0.0163111,-0.00484818,0.000626675,3.39467e-06,0,0,0.038157,0.754784,0.0451861,0.0880409,-0.0231009,-0.0308397,0.02514,0,0,-6.93889e-12,-0.676281,0.0791305,0.00577363,0.00485249,0.00268531,-6.9356e-05,0,0,-0.136279,-0.029565,0.638486,0.015395,0.0131762,0.0024709,7.76185e-05,0,0,0,-2,0.00122981,0.0545867,0.00459197,-0.0008232,-2.69481e-05,0,0,0.0664827,-0.109441,0.0254849,0.6652,0.00308992,0.0390287,0.0113757,0,0,-3.46945e-12,1.09364,0.0251953,0.0192076,-0.0481315,-0.0333693,0.000606529,0,0,0.134754,0.0484956,0.150397,0.116496,0.422373,-0.0248005,0.00748736,0,0,-1.38778e-11,0.268836,0.0122974,-0.0324883,-0.0400374,0.05665,0.000693164,0,0,0.00512669,0.00919198,0.0608934,0.526072,-0.0300294,0.432121,-0.00803499,0,0,-6.07153e-12,-0.267894,0.00371875,0.00101064,0.00146477,0.00294413,0.00185305,0,0,-0.0170275,-0.0116035,-0.0275373,0.00553686,0.011744,-0.00851271,0.0684834,0,0,0,1.20024e-12,0,0,-2.40048e-12,0,-2.40048e-12,2.40048e-12,0,0,0,0,0,0,0,0,0.905991,-4.32777e-09,0,0,-2.40048e-12,0,2.40048e-12,2.40048e-12,0,-2.40048e-12,0,0,0,0,0,0,0,0,-4.32807e-09,0.905991,
-3.06147e-07,-0.890607,0.0274351,-0.00876281,0.00147743,0.00124835,-3.55285e-05,0,0,0.579628,-0.0392984,-0.134717,0.0637333,0.0104319,-0.00437616,0.00215783,0,0,-9.25264e-08,-2,-0.00790834,-0.0163167,-0.00485136,0.000629592,3.35115e-06,0,0,0.0381737,0.754843,0.0452231,0.0880762,-0.0231134,-0.0308575,0.0251396,0,0,-6.02948e-07,-0.677613,0.0791292,0.00575111,0.00485049,0.00268723,-6.93397e-05,0,0,-0.136388,-0.0296234,0.638618,0.0154823,0.0131905,0.00244777,8.46472e-05,0,0,1.70738e-07,-2,0.00120773,0.0545979,0.00459039,-0.00082324,-2.68969e-05,0,0,0.0665952,-0.109502,0.0255773,0.665226,0.00307512,0.0390055,0.0113847,0,0,-4.57515e-06,1.0937,0.0251542,0.0192295,-0.0481219,-0.0333688,0.000605999,0,0,0.134749,0.0484989,0.150608,0.116473,0.422411,-0.0247922,0.0074779,0,0,6.92574e-07,0.270599,0.0123278,-0.0324364,-0.0400401,0.056709,0.000691721,0,0,0.00501958,0.00926946,0.0607524,0.526002,-0.0300182,0.432148,-0.0080445,0,0,5.53559e-08,-0.267918,0.00371995,0.00100747,0.00146275,0.0029422,0.0018533,0,0,-0.0170104,-0.0116046,-0.0275325,0.00554289,0.0117351,-0.00851525,0.0684842,0,0,0,0,3.60072e-12,0,3.60072e-12,-3.60072e-12,0,0,0,0,0,0,0,0,0,0,0.905991,4.26416e-09,0,0,-3.60072e-12,0,-2.40048e-12,3.60072e-12,0,0,0,0,0,0,0,0,0,0,4.26476e-09,0.905991,
-3.05964e-07,-0.891638,0.0274686,-0.0087842,0.00147585,0.00124926,-3.5549e-05,0,0,0.579726,-0.0393444,-0.134823,0.0638508,0.0104246,-0.00439557,0.0021651,0,0,-9.24949e-08,-2,-0.0079176,-0.0163221,-0.00485456,0.000632358,3.30448e-06,0,0,0.0381903,0.754903,0.0452601,0.0881114,-0.0231258,-0.0308753,0.0251392,0,0,-6.03087e-07,-0.678948,0.0791265,0.00572846,0.00484931,0.00268852,-6.93215e-05,0,0,-0.136497,-0.0296819,0.63875,0.0155698,0.0132048,0.00242459,9.16942e-05,0,0,1.70627e-07,-2,0.00118606,0.0546091,0.0045886,-0.000823243,-2.68429e-05,0,0,0.0667079,-0.109562,0.0256698,0.665252,0.0030603,0.0389824,0.0113938,0,0,-4.57598e-06,1.09375,0.0251041,0.0192514,-0.0481079,-0.033373,0.000605397,0,0,0.134744,0.0485021,0.150818,0.116451,0.422449,-0.0247838,0.00746845,0,0,6.92491e-07,0.272359,0.0123598,-0.0323843,-0.0400436,0.0567688,0.00069034,0,0,0.0049124,0.0093468,0.060611,0.525931,-0.030007,0.432175,-0.00805399,0,0,5.52917e-08,-0.267941,0.00372124,0.0010043,0.00146069,0.00294036,0.00185357,0,0,-0.0169932,-0.0116057,-0.0275277,0.00554891,0.0117263,-0.00851779,0.0684851,0,0,0,-1.20024e-12,0,0,0,0,0,0,0,0,0,0,0,0,0,0,0.905991,-4.31907e-09,0,1.20024e-12,-1.20024e-12,1.20024e-12,1.20024e-12,-1.20024e-12,-1.20024e-12,0,0,0,0,0,0,0,0,0,-4.31967e-09,0.905991,
3.05791e-07,-0.892669,0.0275022,-0.00880539,0.00147422,0.00125048,-3.55688e-05,0,0,0.579825,-0.0393903,-0.13493,0.0639685,0.0104172,-0.00441499,0.00217238,0,0,9.25036e-08,-2,-0.00792671,-0.0163275,-0.00485774,0.000635212,3.26004e-06,0,0,0.0382069,0.754963,0.0452972,0.0881466,-0.0231383,-0.030893,0.0251388,0,0,6.03233e-07,-0.680286,0.0791244,0.00570624,0.00484804,0.00269041,-6.93037e-05,0,0,-0.136606,-0.0297405,0.638882,0.0156576,0.0132191,0.00240136,9.87597e-05,0,0,-1.7053e-07,-2,0.00116426,0.0546199,0.00458682,-0.000823381,-2.67892e-05,0,0,0.0668207,-0.109623,0.0257625,0.665278,0.00304546,0.0389593,0.0114028,0,0,4.57676e-06,1.0938,0.0250587,0.0192779,-0.048094,-0.0333728,0.000604811,0,0,0.134739,0.0485053,0.151029,0.116429,0.422487,-0.0247755,0.007459,0,0,-6.92429e-07,0.274115,0.0123911,-0.0323328,-0.0400472,0.0568274,0.000688966,0,0,0.00480515,0.00942398,0.0604694,0.525861,-0.0299959,0.432202,-0.00806347,0,0,-5.52345e-08,-0.267964,0.00372246,0.00100107,0.00145866,0.00293849,0.00185384,0,0,-0.016976,-0.0116068,-0.0275229,0.0055549,0.0117174,-0.00852032,0.0684859,0,0,0,0,0,0,0,0,0,0,0,0,0,0,0,0,0,0,0.905991,4.25185e-09,0,1.20024e-12,0,0,1.20024e-12,-1.20024e-12,0,0,0,0,0,0,0,0,0,0,4.25185e-09,0.905991,
-8.67362e-13,-0.8937,0.027536,-0.00882698,0.00147285,0.00125141,-3.55875e-05,0,0,0.579923,-0.0394362,-0.135036,0.0640864,0.0104098,-0.00443443,0.00217967,0,0,-2.60209e-12,-2,-0.00793571,-0.016333,-0.00486078,0.000637984,3.21758e-06,0,0,0.0382234,0.755023,0.0453342,0.0881818,-0.0231508,-0.0309108,0.0251385,0,0,-6.93889e-12,-0.681625,0.0791228,0.00568329,0.00484726,0.00269171,-6.92867e-05,0,0,-0.136715,-0.0297992,0.639014,0.0157457,0.0132334,0.00237807,0.000105844,0,0,0,-2,0.00114226,0.0546308,0.0045849,-0.000823295,-2.67365e-05,0,0,0.0669337,-0.109683,0.0258554,0.665303,0.0030306,0.0389361,0.0114119,0,0,-2.08167e-11,1.09386,0.0250179,0.0192998,-0.0480756,-0.0333771,0.000604251,0,0,0.134734,0.0485085,0.151239,0.116406,0.422525,-0.0247672,0.00744956,0,0,-2.77556e-11,0.275867,0.0124219,-0.0322803,-0.0400516,0.0568864,0.000687583,0,0,0.00469784,0.00950099,0.0603275,0.525792,-0.0299847,0.432229,-0.00807293,0,0,-6.07153e-12,-0.267987,0.0037236,0.000997886,0.0014566,0.00293668,0.0018541,0,0,-0.0169588,-0.0116079,-0.0275181,0.00556087,0.0117085,-0.00852286,0.0684867,0,0,0,0,0,0,0,0,0,0,0,0,0,0,0,0,0,0,0.905991,-4.30136e-09,0,0,0,0,0,0,0,0,0,0,0,0,0,0,0,0,-4.30226e-09,0.905991,
-1.73472e-12,-0.894731,0.0275696,-0.00884865,0.00147083,0.00125203,-3.53e-05,0,0,0.580022,-0.0394821,-0.135142,0.0642044,0.0104024,-0.00445389,0.00218697,0,0,-7.63007e-12,-2,-0.0079447,-0.0163384,-0.00486399,0.000640677,3.26871e-06,0,0,0.0382399,0.755083,0.0453713,0.088217,-0.0231634,-0.0309284,0.0251381,0,0,0,-0.682968,0.0791212,0.00566023,0.00484518,0.00269242,-6.86667e-05,0,0,-0.136825,-0.029858,0.639146,0.0158339,0.0132476,0.00235472,0.000112946,0,0,0,-2,0.00112019,0.0546417,0.00458333,-0.000822995,-2.6855e-05,0,0,0.0670469,-0.109744,0.0259486,0.665329,0.00301573,0.038913,0.011421,0,0,-4.85723e-11,1.0939,0.0249771,0.0193218,-0.0480663,-0.0333861,0.000608287,0,0,0.134729,0.0485115,0.151449,0.116384,0.422563,-0.0247589,0.00744013,0,0,-2.42861e-11,0.277615,0.0124527,-0.0322278,-0.0400545,0.056946,0.000685496,0,0,0.00459048,0.00957783,0.0601853,0.525722,-0.0299735,0.432256,-0.00808238,0,0,-9.54098e-12,-0.268009,0.00372472,0.000994697,0.00145465,0.00293492,0.00185431,0,0,-0.0169416,-0.0116089,-0.0275132,0.00556682,0.0116997,-0.00852539,0.0684875,0,0,0,-1.20024e-12,0,-1.20024e-12,0,0,0,0,0,0,0,0,0,0,0,0,0.905991,4.23145e-09,0,-1.20024e-12,1.20024e-12,-1.20024e-12,-1.20024e-12,1.20024e-12,0,0,0,0,0,0,0,0,0,0,4.23145e-09,0.905991,
-1.73472e-12,-0.89576,0.0276027,-0.00887068,0.0014694,0.00125297,-3.56231e-05,0,0,0.580121,-0.039528,-0.135249,0.0643227,0.010395,-0.00447336,0.00219427,0,0,4.64852e-12,-2,-0.00795387,-0.016344,-0.00486698,0.000643473,3.13552e-06,0,0,0.0382564,0.755143,0.0454085,0.0882521,-0.0231759,-0.0309461,0.0251378,0,0,-1.38778e-11,-0.684311,0.0791184,0.00563649,0.00484424,0.00269374,-6.92543e-05,0,0,-0.136934,-0.0299169,0.639277,0.0159224,0.0132618,0.00233132,0.000120068,0,0,-1.38778e-11,-2,0.00109837,0.0546526,0.00458143,-0.000822837,-2.66333e-05,0,0,0.0671602,-0.109804,0.0260419,0.665355,0.00300084,0.0388898,0.0114301,0,0,-6.93889e-12,1.09396,0.0249272,0.0193392,-0.0480478,-0.0333905,0.000603181,0,0,0.134724,0.0485146,0.151659,0.116362,0.422601,-0.0247506,0.00743071,0,0,3.1225e-11,0.279358,0.012485,-0.0321744,-0.0400588,0.0570049,0.000684783,0,0,0.00448305,0.00965451,0.0600428,0.525652,-0.0299624,0.432283,-0.00809182,0,0,0,-0.268032,0.00372595,0.000991556,0.0014526,0.0029331,0.00185463,0,0,-0.0169243,-0.0116099,-0.0275084,0.00557275,0.0116909,-0.00852793,0.0684883,0,0,0,-1.20024e-12,-1.20024e-12,0,0,0,-1.20024e-12,0,0,0,0,0,0,0,0,0,0.905991,4.27796e-09,0,0,-1.20024e-12,-1.20024e-12,1.20024e-12,0,0,0,0,0,0,0,0,0,0,0,4.27796e-09,0.905991,
1.04083e-11,-0.896791,0.0276364,-0.00889277,0.00146735,0.00125361,-3.56404e-05,0,0,0.58022,-0.0395739,-0.135356,0.0644411,0.0103875,-0.00449285,0.00220159,0,0,5.1093e-12,-2,-0.00796287,-0.0163495,-0.00487014,0.000646185,3.0951e-06,0,0,0.0382728,0.755204,0.0454456,0.0882872,-0.0231885,-0.0309637,0.0251374,0,0,2.08167e-11,-0.68566,0.0791168,0.00561269,0.00484204,0.00269447,-6.92387e-05,0,0,-0.137043,-0.029976,0.639407,0.0160111,0.0132759,0.00230786,0.000127207,0,0,-1.38778e-11,-2,0.00107612,0.0546635,0.00457988,-0.000822486,-2.65824e-05,0,0,0.0672736,-0.109865,0.0261355,0.665381,0.00298594,0.0388667,0.0114391,0,0,-1.38778e-11,1.094,0.0248863,0.0193567,-0.0480383,-0.0333994,0.000602662,0,0,0.134719,0.0485175,0.151869,0.11634,0.422639,-0.0247423,0.0074213,0,0,-2.08167e-11,0.2811,0.0125161,-0.0321209,-0.0400617,0.0570644,0.000683368,0,0,0.00437558,0.009731,0.0599,0.525583,-0.0299512,0.432309,-0.00810125,0,0,6.93889e-12,-0.268053,0.00372706,0.000988411,0.00145066,0.00293133,0.00185489,0,0,-0.0169071,-0.011611,-0.0275035,0.00557866,0.011682,-0.00853045,0.0684891,0,0,0,-2.40048e-12,-2.40048e-12,0,2.40048e-12,-2.40048e-12,0,5.76116e-11,0,0,0,0,0,0,0,0,0.905991,-4.43729e-09,0,-1.20024e-12,-1.20024e-12,0,0,0,0,0,0,0,0,0,0,0,0,0,-4.43639e-09,0.905991,
3.46945e-12,-0.897821,0.0276699,-0.00891429,0.00146589,0.00125517,-3.56576e-05,0,0,0.58032,-0.0396198,-0.135462,0.0645597,0.01038,-0.00451235,0.00220891,0,0,8.3348e-12,-2,-0.00797198,-0.0163549,-0.0048731,0.000649182,3.0548e-06,0,0,0.0382892,0.755264,0.0454827,0.0883222,-0.0232011,-0.0309813,0.0251371,0,0,6.93889e-12,-0.68701,0.0791147,0.00559003,0.00484102,0.00269702,-6.92233e-05,0,0,-0.137152,-0.0300351,0.639538,0.0161001,0.01329,0.00228434,0.000134366,0,0,0,-2,0.00105394,0.0546741,0.00457799,-0.00082263,-2.65319e-05,0,0,0.0673873,-0.109925,0.0262292,0.665406,0.00297103,0.0388436,0.0114482,0,0,-2.08167e-11,1.09404,0.0248408,0.0193834,-0.0480196,-0.0333947,0.00060215,0,0,0.134714,0.0485204,0.152078,0.116319,0.422676,-0.024734,0.0074119,0,0,-3.46945e-12,0.282836,0.0125479,-0.0320686,-0.040066,0.057122,0.000681945,0,0,0.00426804,0.00980732,0.0597569,0.525513,-0.0299401,0.432336,-0.00811066,0,0,6.07153e-12,-0.268074,0.00372822,0.000985152,0.0014486,0.0029294,0.00185515,0,0,-0.0168898,-0.011612,-0.0274986,0.00558455,0.0116732,-0.00853298,0.0684899,0,0,0,1.20024e-12,1.20024e-12,0,-1.20024e-12,0,2.40048e-12,5.76116e-11,0,0,0,0,0,0,0,0,0.905991,-4.4571e-09,0,0,0,0,0,0,0,0,0,0,0,0,0,0,0,0,-4.4565e-09,0.905991,
2.60209e-12,-0.89885,0.0277033,-0.00893616,0.00146381,0.00125612,-3.5675e-05,0,0,0.580419,-0.0396656,-0.135569,0.0646785,0.0103725,-0.00453187,0.00221623,0,0,-3.84892e-12,-2,-0.00798108,-0.0163603,-0.00487625,0.000651993,3.01417e-06,0,0,0.0383055,0.755325,0.0455199,0.0883573,-0.0232137,-0.0309989,0.0251367,0,0,6.93889e-12,-0.688362,0.0791126,0.00556671,0.00483879,0.00269836,-6.92079e-05,0,0,-0.137262,-0.0300944,0.639668,0.0161892,0.0133041,0.00226077,0.000141544,0,0,-1.38778e-11,-2,0.00103168,0.0546848,0.00457644,-0.000822438,-2.64813e-05,0,0,0.0675011,-0.109985,0.0263232,0.665432,0.00295609,0.0388204,0.0114574,0,0,-6.245e-11,1.09409,0.0247952,0.0194055,-0.04801,-0.0333991,0.000601635,0,0,0.134709,0.0485233,0.152288,0.116297,0.422714,-0.0247257,0.00740251,0,0,-2.42861e-11,0.284568,0.0125798,-0.0320155,-0.040069,0.057181,0.000680523,0,0,0.00416046,0.00988346,0.0596135,0.525444,-0.0299289,0.432363,-0.00812005,0,0,-4.33681e-12,-0.268095,0.00372938,0.000981945,0.00144665,0.00292757,0.00185541,0,0,-0.0168725,-0.0116129,-0.0274937,0.00559042,0.0116644,-0.00853551,0.0684907,0,0,0,-1.20024e-12,0,0,0,1.20024e-12,-1.20024e-12,0,0,0,0,0,0,0,0,0,0.905991,-4.34847e-09,0,0,0,0,0,0,0,0,0,0,0,0,0,0,0,0,-4.34817e-09,0.905991,
0,-0.899879,0.0277365,-0.00895797,0.00146162,0.00125703,-3.56745e-05,0,0,0.580519,-0.0397115,-0.135675,0.0647975,0.010365,-0.00455141,0.00222357,0,0,-2.22261e-12,-2,-0.00799058,-0.0163663,-0.00487876,0.000654965,3.00571e-06,0,0,0.0383218,0.755386,0.0455571,0.0883922,-0.0232263,-0.0310164,0.0251364,0,0,0,-0.689716,0.0791093,0.00554389,0.00483558,0.00269924,-6.92048e-05,0,0,-0.137371,-0.0301537,0.639798,0.0162787,0.0133181,0.00223715,0.000148739,0,0,-1.38778e-11,-2,0.00100945,0.054695,0.00457514,-0.000821214,-2.64486e-05,0,0,0.067615,-0.110045,0.0264174,0.665457,0.00294115,0.0387973,0.0114665,0,0,-5.20417e-11,1.09414,0.0247404,0.0194323,-0.0479957,-0.0334088,0.0006016,0,0,0.134703,0.0485261,0.152498,0.116275,0.422752,-0.0247174,0.00739314,0,0,4.16334e-11,0.286296,0.0126132,-0.0319629,-0.0400725,0.057239,0.000678856,0,0,0.0040528,0.00995945,0.0594698,0.525375,-0.0299178,0.43239,-0.00812944,0,0,1.21431e-11,-0.268116,0.00373063,0.000978642,0.00144461,0.00292587,0.00185561,0,0,-0.0168551,-0.0116139,-0.0274888,0.00559627,0.0116556,-0.00853802,0.0684915,0,0,0,0,0,0,0,0,0,0,0,0,0,0,0,0,0,0,0.905991,4.14263e-09,0,1.20024e-12,-1.20024e-12,0,-1.20024e-12,0,-2.40048e-12,0,0,0,0,0,0,0,0,0,4.14323e-09,0.905991,
-1.73472e-12,-0.900908,0.027771,-0.00897977,0.0014596,0.00125799,-3.56938e-05,0,0,0.58062,-0.0397574,-0.135782,0.0649167,0.0103575,-0.00457095,0.00223091,0,0,-3.93023e-13,-2,-0.00799976,-0.0163716,-0.00488192,0.000657798,2.95973e-06,0,0,0.038338,0.755447,0.0455943,0.0884272,-0.0232389,-0.0310339,0.0251361,0,0,0,-0.691074,0.0791082,0.00552069,0.00483344,0.0027006,-6.91893e-05,0,0,-0.137481,-0.0302132,0.639928,0.0163683,0.0133321,0.00221346,0.000155954,0,0,0,-2,0.000986543,0.054706,0.00457354,-0.000821062,-2.6398e-05,0,0,0.0677291,-0.110106,0.0265118,0.665482,0.00292619,0.0387742,0.0114756,0,0,2.42861e-11,1.09418,0.0246989,0.0194546,-0.0479854,-0.0334131,0.000601064,0,0,0.134698,0.0485289,0.152707,0.116253,0.422789,-0.0247092,0.00738377,0,0,3.46945e-12,0.288021,0.0126446,-0.0319097,-0.0400753,0.0572992,0.000677394,0,0,0.00394508,0.0100353,0.0593258,0.525306,-0.0299066,0.432417,-0.00813882,0,0,4.33681e-12,-0.268136,0.00373178,0.000975436,0.00144257,0.00292397,0.00185587,0,0,-0.0168378,-0.0116149,-0.0274839,0.0056021,0.0116468,-0.00854054,0.0684922,0,0,0,0,0,0,0,0,0,0,0,0,0,0,0,0,0,0,0.905991,4.06822e-09,0,1.20024e-12,0,0,0,0,1.20024e-12,0,0,0,0,0,0,0,0,0,4.06822e-09,0.905991,
-2.60209e-12,-0.901937,0.0278051,-0.00900194,0.00145793,0.00125889,-3.54111e-05,0,0,0.58072,-0.0398032,-0.135889,0.065036,0.0103499,-0.00459052,0.00223826,0,0,-3.02221e-12,-2,-0.00800895,-0.0163769,-0.00488509,0.000660572,3.00303e-06,0,0,0.0383542,0.755509,0.0456316,0.0884621,-0.0232516,-0.0310514,0.0251358,0,0,0,-0.692434,0.0791065,0.00549675,0.00483213,0.00270192,-6.85672e-05,0,0,-0.13759,-0.0302728,0.640057,0.0164582,0.0133461,0.00218972,0.000163187,0,0,2.77556e-11,-2,0.00096388,0.0547171,0.00457173,-0.000821041,-2.65142e-05,0,0,0.0678434,-0.110166,0.0266064,0.665508,0.00291121,0.0387511,0.0114847,0,0,-1.73472e-11,1.09422,0.0246528,0.0194723,-0.0479705,-0.0334175,0.00060504,0,0,0.134692,0.0485316,0.152916,0.116232,0.422826,-0.0247009,0.00737441,0,0,-2.77556e-11,0.289742,0.0126767,-0.0318557,-0.040079,0.0573595,0.0006753,0,0,0.00383729,0.010111,0.0591816,0.525237,-0.0298954,0.432444,-0.00814818,0,0,1.04083e-11,-0.268156,0.00373296,0.000972289,0.0014405,0.0029221,0.00185608,0,0,-0.0168204,-0.0116158,-0.0274789,0.00560791,0.011638,-0.00854305,0.068493,0,0,0,1.20024e-12,-1.20024e-12,0,1.20024e-12,0,0,0,0,0,0,0,0,0,0,0,0.905991,4.09852e-09,0,0,-1.20024e-12,1.20024e-12,0,0,1.20024e-12,0,0,0,0,0,0,0,0,0,4.09852e-09,0.905991,
-3.041e-07,-0.902965,0.0278389,-0.00902392,0.00145683,0.0012601,-3.60402e-05,0,0,0.580821,-0.039849,-0.135996,0.0651555,0.0103423,-0.0046101,0.00224562,0,0,-9.24354e-08,-2,-0.00801808,-0.0163821,-0.00488805,0.000663435,2.77129e-06,0,0,0.0383704,0.75557,0.0456688,0.0884969,-0.0232642,-0.0310688,0.0251354,0,0,-6.04863e-07,-0.693796,0.0791046,0.00547325,0.00483194,0.00270386,-6.97599e-05,0,0,-0.1377,-0.0303325,0.640186,0.0165484,0.01336,0.00216593,0.000170439,0,0,1.69517e-07,-2,0.000941247,0.0547279,0.0045696,-0.000821153,-2.6122e-05,0,0,0.0679578,-0.110226,0.0267012,0.665533,0.00289622,0.0387279,0.0114938,0,0,-4.58462e-06,1.09426,0.0246068,0.0194946,-0.0479466,-0.0334175,0.000595281,0,0,0.134687,0.0485343,0.153126,0.11621,0.422864,-0.0246926,0.00736505,0,0,6.91634e-07,0.291459,0.012709,-0.0318022,-0.0400841,0.0574187,0.000675288,0,0,0.00372945,0.0101865,0.059037,0.525168,-0.0298843,0.43247,-0.00815753,0,0,5.46438e-08,-0.268175,0.00373412,0.000969082,0.00143836,0.0029202,0.00185647,0,0,-0.016803,-0.0116167,-0.027474,0.00561371,0.0116293,-0.00854557,0.0684938,0,0,-1.20024e-12,1.20024e-12,1.20024e-12,0,2.40048e-12,0,-1.20024e-12,-5.76116e-11,0,0,0,0,0,0,0,0,0.905991,4.22575e-09,1.20024e-12,0,-1.20024e-12,0,-1.20024e-12,0,0,0,0,0,0,0,0,0,0,0,4.22605e-09,0.905991,
0,-0.903993,0.0278726,-0.00904568,0.00145477,0.00126101,-3.60597e-05,0,0,0.580922,-0.0398948,-0.136103,0.0652752,0.0103347,-0.0046297,0.00225298,0,0,-9.69006e-12,-2,-0.00802719,-0.0163872,-0.00489126,0.000666215,2.72645e-06,0,0,0.0383865,0.755632,0.0457061,0.0885317,-0.0232769,-0.0310862,0.0251351,0,0,6.93889e-12,-0.695161,0.0791027,0.00545023,0.00482981,0.0027052,-6.9744e-05,0,0,-0.137809,-0.0303923,0.640315,0.0166387,0.0133739,0.00214207,0.00017771,0,0,0,-2,0.000918583,0.0547384,0.00456801,-0.000821041,-2.60701e-05,0,0,0.0680724,-0.110286,0.0267962,0.665558,0.0028812,0.0387048,0.011503,0,0,-6.93889e-12,1.0943,0.0245609,0.0195216,-0.0479365,-0.0334221,0.000594716,0,0,0.134681,0.0485369,0.153335,0.116189,0.422901,-0.0246844,0.0073557,0,0,-1.73472e-11,0.293173,0.0127414,-0.0317492,-0.0400872,0.0574783,0.000673882,0,0,0.00362155,0.0102619,0.0588922,0.525099,-0.0298731,0.432497,-0.00816687,0,0,1.04083e-11,-0.268194,0.00373526,0.000965813,0.00143639,0.00291836,0.00185674,0,0,-0.0167856,-0.0116176,-0.027469,0.00561948,0.0116205,-0.00854808,0.0684946,0,0,0,0,2.40048e-12,-1.20024e-12,0,0,0,0,0,0,0,0,0,0,0,0,0.905991,-4.4637e-09,0,-1.20024e-12,2.40048e-12,0,0,0,-1.20024e-12,0,0,0,0,0,0,0,0,0,-4.4646e-09,0.905991,
3.03766e-07,-0.905021,0.0279062,-0.00906812,0.00145298,0.00126163,-3.60785e-05,0,0,0.581023,-0.0399406,-0.13621,0.0653951,0.0103271,-0.00464931,0.00226035,0,0,9.24094e-08,-2,-0.00803629,-0.0163925,-0.00489434,0.000668916,2.68282e-06,0,0,0.0384026,0.755693,0.0457434,0.0885665,-0.0232896,-0.0311036,0.0251348,0,0,6.0521e-07,-0.696529,0.0791007,0.00542589,0.00482819,0.00270595,-6.97287e-05,0,0,-0.137919,-0.0304523,0.640444,0.0167293,0.0133877,0.00211817,0.000185,0,0,-1.69351e-07,-2,0.000895848,0.0547492,0.00456626,-0.000820716,-2.6019e-05,0,0,0.0681872,-0.110346,0.0268914,0.665583,0.00286618,0.0386817,0.0115121,0,0,4.58623e-06,1.09433,0.024515,0.0195394,-0.0479217,-0.0334313,0.00059417,0,0,0.134675,0.0485394,0.153543,0.116168,0.422938,-0.0246761,0.00734636,0,0,-6.91461e-07,0.294882,0.0127738,-0.0316947,-0.040091,0.0575385,0.000672465,0,0,0.00351361,0.010337,0.058747,0.52503,-0.029862,0.432524,-0.00817619,0,0,-5.45241e-08,-0.268213,0.00373639,0.000962647,0.00143437,0.00291658,0.00185701,0,0,-0.0167682,-0.0116185,-0.0274641,0.00562523,0.0116117,-0.00855059,0.0684954,0,0,0,0,0,0,0,0,0,0,0,0,0,0,0,0,0,0,0.905991,-4.56362e-09,0,0,0,0,0,0,0,0,0,0,0,0,0,0,0,0,-4.56332e-09,0.905991,
-3.03605e-07,-0.906048,0.0279398,-0.00909002,0.00145117,0.00126226,-3.54897e-05,0,0,0.581125,-0.0399864,-0.136317,0.0655152,0.0103195,-0.00466894,0.00226773,0,0,-9.24078e-08,-2,-0.0080454,-0.0163976,-0.00489739,0.000671627,2.82463e-06,0,0,0.0384186,0.755755,0.0457807,0.0886013,-0.0233023,-0.0311209,0.0251345,0,0,-6.05391e-07,-0.697898,0.0790988,0.00540268,0.0048265,0.00270671,-6.85031e-05,0,0,-0.138029,-0.0305123,0.640572,0.0168202,0.0134015,0.0020942,0.00019231,0,0,1.6924e-07,-2,0.000873021,0.0547596,0.00456452,-0.000820361,-2.6307e-05,0,0,0.0683021,-0.110406,0.0269869,0.665608,0.00285113,0.0386585,0.0115213,0,0,-4.58701e-06,1.09437,0.0244691,0.0195664,-0.0479069,-0.0334405,0.000602813,0,0,0.134669,0.0485419,0.153752,0.116147,0.422975,-0.0246679,0.00733704,0,0,6.91381e-07,0.296586,0.0128064,-0.0316414,-0.0400947,0.0575986,0.000669653,0,0,0.00340561,0.010412,0.0586016,0.524962,-0.0298508,0.432551,-0.0081855,0,0,5.44747e-08,-0.268231,0.00373751,0.000959366,0.00143236,0.00291479,0.00185717,0,0,-0.0167508,-0.0116194,-0.0274591,0.00563096,0.011603,-0.00855309,0.0684962,0,0,-1.20024e-12,0,-1.20024e-12,0,1.20024e-12,-1.20024e-12,0,0,0,0,0,0,0,0,0,0,0.905991,-4.51681e-09,1.20024e-12,0,0,0,-1.20024e-12,1.20024e-12,0,0,0,0,0,0,0,0,0,0,-4.51681e-09,0.905991,
3.46945e-12,-0.907076,0.0279738,-0.00911258,0.00144934,0.0012635,-3.58115e-05,0,0,0.581226,-0.0400322,-0.136424,0.0656355,0.0103118,-0.00468858,0.00227512,0,0,-1.74828e-12,-2,-0.00805442,-0.0164028,-0.00490043,0.000674532,2.68956e-06,0,0,0.0384346,0.755817,0.045818,0.088636,-0.0233151,-0.0311382,0.0251342,0,0,1.38778e-11,-0.699271,0.0790975,0.0053782,0.00482477,0.00270869,-6.90938e-05,0,0,-0.138139,-0.0305725,0.6407,0.0169113,0.0134153,0.00207018,0.000199638,0,0,2.77556e-11,-2,0.000849927,0.0547703,0.00456279,-0.000820321,-2.60877e-05,0,0,0.0684172,-0.110466,0.0270825,0.665633,0.00283608,0.0386354,0.0115305,0,0,-1.38778e-11,1.09441,0.0244277,0.0195842,-0.0478921,-0.0334405,0.000597705,0,0,0.134664,0.0485443,0.153961,0.116126,0.423012,-0.0246597,0.00732772,0,0,3.46945e-12,0.298287,0.0128383,-0.0315866,-0.0400985,0.0576574,0.000668906,0,0,0.00329756,0.0104868,0.0584559,0.524893,-0.0298397,0.432577,-0.00819479,0,0,-3.46945e-12,-0.268249,0.00373856,0.000956189,0.00143035,0.00291288,0.00185749,0,0,-0.0167333,-0.0116202,-0.0274541,0.00563667,0.0115942,-0.0085556,0.068497,0,0,0,-1.20024e-12,0,1.20024e-12,1.20024e-12,1.20024e-12,-1.20024e-12,0,0,0,0,0,0,0,0,0,0.905991,-4.34667e-09,0,-1.20024e-12,0,1.20024e-12,0,0,-1.20024e-12,1.20024e-12,0,0,0,0,0,0,0,0,-4.34607e-09,0.905991,
1.73472e-12,-0.908103,0.0280072,-0.00913488,0.00144779,0.00126475,-3.55264e-05,0,0,0.581328,-0.040078,-0.136531,0.0657559,0.0103041,-0.00470823,0.00228252,0,0,1.0056e-11,-2,-0.00806364,-0.016408,-0.00490336,0.000677444,2.73942e-06,0,0,0.0384505,0.755879,0.0458554,0.0886707,-0.0233278,-0.0311555,0.025134,0,0,0,-0.700647,0.079095,0.00535427,0.0048236,0.00271068,-6.84737e-05,0,0,-0.138248,-0.0306327,0.640828,0.0170026,0.0134291,0.0020461,0.000206986,0,0,0,-2,0.000827069,0.0547809,0.00456089,-0.000820265,-2.62069e-05,0,0,0.0685325,-0.110526,0.0271784,0.665658,0.002821,0.0386123,0.0115396,0,0,2.08167e-11,1.09443,0.024377,0.0196067,-0.0478725,-0.0334406,0.00060178,0,0,0.134658,0.0485467,0.154169,0.116105,0.423049,-0.0246514,0.00731841,0,0,1.04083e-11,0.299985,0.0128718,-0.0315324,-0.040103,0.0577162,0.000666768,0,0,0.00318947,0.0105615,0.0583099,0.524825,-0.0298285,0.432604,-0.00820407,0,0,-9.54098e-12,-0.268267,0.00373973,0.000952954,0.00142827,0.00291097,0.0018577,0,0,-0.0167158,-0.0116211,-0.0274491,0.00564235,0.0115855,-0.0085581,0.0684978,0,0,0,1.20024e-12,0,1.20024e-12,0,0,-2.40048e-12,1.20024e-12,0,0,0,0,0,0,0,0,0.905991,4.09372e-09,0,0,1.20024e-12,-1.20024e-12,0,1.20024e-12,0,0,0,0,0,0,0,0,0,0,4.09462e-09,0.905991,
-3.03076e-07,-0.909129,0.0280409,-0.00915723,0.00144564,0.00126508,-3.5848e-05,0,0,0.581431,-0.0401237,-0.136638,0.0658766,0.0102964,-0.0047279,0.00228992,0,0,-9.23804e-08,-2,-0.00807277,-0.0164131,-0.00490648,0.000680078,2.60416e-06,0,0,0.0384664,0.755942,0.0458928,0.0887053,-0.0233406,-0.0311728,0.0251337,0,0,-6.05856e-07,-0.702024,0.0790932,0.00533027,0.00482122,0.00271086,-6.9065e-05,0,0,-0.138358,-0.0306931,0.640955,0.0170942,0.0134428,0.00202196,0.000214353,0,0,1.68907e-07,-2,0.000803954,0.0547914,0.00455933,-0.000819705,-2.59881e-05,0,0,0.0686479,-0.110585,0.0272745,0.665683,0.00280591,0.0385892,0.0115488,0,0,-4.58938e-06,1.09447,0.0243309,0.0196293,-0.047862,-0.0334545,0.000596675,0,0,0.134652,0.048549,0.154378,0.116084,0.423086,-0.0246432,0.00730912,0,0,6.91128e-07,0.301676,0.0129046,-0.0314781,-0.0401061,0.0577772,0.000666013,0,0,0.00308133,0.0106359,0.0581636,0.524757,-0.0298174,0.432631,-0.00821334,0,0,5.43055e-08,-0.268284,0.00374083,0.000949716,0.00142631,0.00290923,0.00185802,0,0,-0.0166983,-0.0116219,-0.0274441,0.00564801,0.0115768,-0.0085606,0.0684986,0,0,0,-1.20024e-12,0,0,0,-1.20024e-12,-1.20024e-12,0,0,0,0,0,0,0,0,0,0.905991,3.9803e-09,-1.20024e-12,1.20024e-12,1.20024e-12,0,-1.20024e-12,0,1.20024e-12,0,0,0,0,0,0,0,0,0,3.9806e-09,0.905991,
1.73472e-12,-0.910155,0.0280752,-0.00918012,0.00144368,0.00126689,-3.58481e-05,0,0,0.581533,-0.0401695,-0.136745,0.0659974,0.0102887,-0.00474758,0.00229733,0,0,-2.00577e-12,-2,-0.00808202,-0.016419,-0.00490885,0.000683329,2.59383e-06,0,0,0.0384823,0.756004,0.0459302,0.0887399,-0.0233534,-0.03119,0.0251334,0,0,0,-0.703404,0.0790921,0.00530556,0.00481847,0.00271359,-6.90627e-05,0,0,-0.138468,-0.0307536,0.641082,0.017186,0.0134564,0.00199777,0.000221738,0,0,-1.38778e-11,-2,0.000780364,0.0548017,0.00455786,-0.000818957,-2.5956e-05,0,0,0.0687634,-0.110645,0.0273708,0.665708,0.00279081,0.0385661,0.011558,0,0,-3.46945e-12,1.0945,0.0242893,0.0196474,-0.0478422,-0.0334506,0.000596641,0,0,0.134645,0.0485513,0.154586,0.116063,0.423123,-0.024635,0.00729984,0,0,2.42861e-11,0.303365,0.0129368,-0.0314228,-0.0401105,0.0578338,0.000664322,0,0,0.00297313,0.0107102,0.058017,0.524689,-0.0298063,0.432657,-0.00822259,0,0,-9.54098e-12,-0.268301,0.00374186,0.000946491,0.0014242,0.00290734,0.00185822,0,0,-0.0166808,-0.0116227,-0.027439,0.00565366,0.0115681,-0.00856309,0.0684994,0,0,0,0,0,-1.20024e-12,1.20024e-12,0,0,0,0,0,0,0,0,0,0,0,0.905991,3.9701e-09,0,0,0,0,0,0,0,0,0,0,0,0,0,0,0,0,3.9701e-09,0.905991,
3.0274e-07,-0.911181,0.0281095,-0.00920179,0.00144158,0.00126754,-3.58683e-05,0,0,0.581636,-0.0402152,-0.136853,0.0661184,0.0102809,-0.00476728,0.00230475,0,0,9.23782e-08,-2,-0.00809141,-0.0164239,-0.00491198,0.000686079,2.54562e-06,0,0,0.0384981,0.756067,0.0459676,0.0887745,-0.0233662,-0.0312072,0.0251332,0,0,6.06196e-07,-0.704787,0.0790901,0.00528289,0.00481619,0.00271439,-6.90482e-05,0,0,-0.138578,-0.0308142,0.641209,0.0172781,0.01347,0.00197352,0.000229143,0,0,-1.68726e-07,-2,0.00075693,0.0548121,0.00455626,-0.000818606,-2.59063e-05,0,0,0.0688792,-0.110705,0.0274673,0.665732,0.00277569,0.038543,0.0115672,0,0,4.59089e-06,1.09453,0.024238,0.0196792,-0.047831,-0.0334598,0.000596104,0,0,0.134639,0.0485535,0.154794,0.116042,0.423159,-0.0246268,0.00729057,0,0,-6.90979e-07,0.30505,0.0129705,-0.0313697,-0.0401134,0.0578953,0.000662834,0,0,0.00286487,0.0107843,0.0578701,0.524621,-0.0297951,0.432684,-0.00823183,0,0,-5.4185e-08,-0.268317,0.00374306,0.000943144,0.00142214,0.00290547,0.00185848,0,0,-0.0166632,-0.0116235,-0.027434,0.00565929,0.0115594,-0.00856558,0.0685002,0,0,1.20024e-12,-1.20024e-12,0,0,0,-1.20024e-12,0,0,0,0,0,0,0,0,0,0,0.905991,4.05051e-09,0,0,0,0,0,0,0,0,0,0,0,0,0,0,0,0,4.05081e-09,0.905991,
3.46945e-12,-0.912206,0.0281435,-0.00922473,0.00143983,0.00126844,-3.58909e-05,0,0,0.581739,-0.0402609,-0.13696,0.0662396,0.0102732,-0.004787,0.00231217,0,0,-1.12757e-11,-2,-0.00810072,-0.016429,-0.00491511,0.000688863,2.49419e-06,0,0,0.0385139,0.75613,0.046005,0.088809,-0.023379,-0.0312243,0.0251329,0,0,1.38778e-11,-0.706172,0.079088,0.00525767,0.00481473,0.00271576,-6.90319e-05,0,0,-0.138688,-0.0308749,0.641335,0.0173704,0.0134836,0.00194922,0.000236567,0,0,-1.38778e-11,-2,0.00073357,0.0548232,0.00455444,-0.000818555,-2.58537e-05,0,0,0.0689951,-0.110764,0.027564,0.665757,0.00276056,0.0385199,0.0115764,0,0,-3.81639e-11,1.09456,0.0241868,0.0196928,-0.0478153,-0.0334644,0.000595496,0,0,0.134633,0.0485557,0.155002,0.116021,0.423196,-0.0246186,0.0072813,0,0,1.73472e-11,0.306731,0.0130043,-0.0313138,-0.0401173,0.0579562,0.000661407,0,0,0.00275656,0.0108583,0.0577229,0.524553,-0.029784,0.432711,-0.00824106,0,0,8.67362e-13,-0.268333,0.00374425,0.00094002,0.00142006,0.00290357,0.00185876,0,0,-0.0166457,-0.0116243,-0.0274289,0.00566489,0.0115507,-0.00856807,0.068501,0,0,0,1.20024e-12,1.20024e-12,1.20024e-12,0,0,0,5.64113e-11,0,0,0,0,0,0,0,0,0.905991,4.22545e-09,0,1.20024e-12,0,0,0,-1.20024e-12,2.40048e-12,0,0,0,0,0,0,0,0,0,4.22575e-09,0.905991,
-4.33681e-12,-0.913231,0.0281776,-0.00924688,0.00143804,0.00126963,-3.56101e-05,0,0,0.581842,-0.0403066,-0.137067,0.0663609,0.0102654,-0.00480672,0.00231961,0,0,-3.17129e-12,-2,-0.00810988,-0.0164338,-0.00491823,0.000691733,2.53738e-06,0,0,0.0385296,0.756193,0.0460425,0.0888435,-0.0233919,-0.0312414,0.0251326,0,0,-1.38778e-11,-0.707561,0.0790864,0.00523409,0.00481318,0.00271774,-6.84096e-05,0,0,-0.138798,-0.0309357,0.641461,0.0174629,0.0134972,0.00192485,0.000244011,0,0,0,-2,0.000710073,0.0548337,0.00455264,-0.000818636,-2.59701e-05,0,0,0.0691111,-0.110824,0.0276609,0.665781,0.0027454,0.0384968,0.0115856,0,0,-5.55112e-11,1.09458,0.0241403,0.0197201,-0.0477996,-0.0334646,0.000599497,0,0,0.134627,0.0485578,0.15521,0.116001,0.423233,-0.0246104,0.00727204,0,0,1.38778e-11,0.308408,0.0130375,-0.0312597,-0.0401212,0.0580161,0.000659296,0,0,0.00264819,0.0109321,0.0575754,0.524485,-0.0297729,0.432737,-0.00825028,0,0,6.07153e-12,-0.268349,0.00374535,0.000936728,0.001418,0.00290164,0.00185899,0,0,-0.0166281,-0.011625,-0.0274239,0.00567048,0.011542,-0.00857056,0.0685017,0,0,0,0,2.40048e-12,-2.40048e-12,0,-1.20024e-12,1.20024e-12,0,0,0,0,0,0,0,0,0,0.905991,-4.51561e-09,0,0,1.20024e-12,-1.20024e-12,0,-1.20024e-12,0,0,0,0,0,0,0,0,0,0,-4.51531e-09,0.905991,
3.02225e-07,-0.914256,0.0282118,-0.00926942,0.0014359,0.00126993,-3.59331e-05,0,0,0.581946,-0.0403523,-0.137175,0.0664825,0.0102576,-0.00482647,0.00232705,0,0,9.2344e-08,-2,-0.00811892,-0.0164387,-0.00492141,0.000694337,2.39792e-06,0,0,0.0385453,0.756256,0.04608,0.088878,-0.0234047,-0.0312585,0.0251324,0,0,6.06688e-07,-0.708951,0.0790854,0.00520978,0.0048109,0.00271791,-6.90011e-05,0,0,-0.138908,-0.0309966,0.641587,0.0175557,0.0135107,0.00190043,0.000251474,0,0,-1.68421e-07,-2,0.000686376,0.0548441,0.00455104,-0.000818157,-2.57504e-05,0,0,0.0692273,-0.110884,0.0277581,0.665806,0.00273023,0.0384737,0.0115948,0,0,4.59329e-06,1.09461,0.0240984,0.0197429,-0.0477886,-0.0334787,0.00059434,0,0,0.13462,0.0485598,0.155418,0.11598,0.423269,-0.0246022,0.00726279,0,0,-6.90704e-07,0.310081,0.0130701,-0.0312047,-0.0401245,0.0580777,0.000658556,0,0,0.00253978,0.0110057,0.0574276,0.524418,-0.0297617,0.432764,-0.00825948,0,0,-5.40306e-08,-0.268364,0.00374639,0.000933483,0.00141601,0.00289988,0.00185932,0,0,-0.0166105,-0.0116258,-0.0274188,0.00567605,0.0115333,-0.00857304,0.0685025,0,0,0,0,-2.40048e-12,0,2.40048e-12,2.40048e-12,2.40048e-12,0,0,0,0,0,0,0,0,0,0.905991,-4.66474e-09,0,0,-1.20024e-12,0,1.20024e-12,1.20024e-12,0,0,0,0,0,0,0,0,0,0,-4.66504e-09,0.905991,
3.46945e-12,-0.915279,0.0282454,-0.00929174,0.00143433,0.00127115,-3.5953e-05,0,0,0.58205,-0.0403979,-0.137282,0.0666042,0.0102498,-0.00484622,0.00233449,0,0,8.03665e-12,-2,-0.00812814,-0.0164435,-0.00492436,0.000697229,2.35205e-06,0,0,0.038561,0.75632,0.0461175,0.0889124,-0.0234176,-0.0312756,0.0251322,0,0,0,-0.710343,0.0790832,0.00518597,0.00480974,0.00271991,-6.89867e-05,0,0,-0.139018,-0.0310577,0.641713,0.0176488,0.0135242,0.00187596,0.000258957,0,0,-1.38778e-11,-2,0.000662942,0.0548544,0.00454912,-0.000818139,-2.57e-05,0,0,0.0693437,-0.110943,0.0278555,0.66583,0.00271505,0.0384506,0.0116041,0,0,2.08167e-11,1.09464,0.0240473,0.0197703,-0.0477684,-0.033479,0.000593795,0,0,0.134614,0.0485618,0.155626,0.11596,0.423305,-0.024594,0.00725354,0,0,3.46945e-11,0.311748,0.0131042,-0.0311503,-0.0401291,0.0581371,0.000657113,0,0,0.00243132,0.0110791,0.0572796,0.52435,-0.0297506,0.43279,-0.00826866,0,0,8.67362e-13,-0.268379,0.00374751,0.000930177,0.00141393,0.00289796,0.00185959,0,0,-0.0165929,-0.0116265,-0.0274137,0.00568159,0.0115246,-0.00857552,0.0685033,0,0,0,1.20024e-12,0,0,0,1.20024e-12,1.20024e-12,0,0,0,0,0,0,0,0,0,0.905991,-4.65514e-09,0,-1.20024e-12,1.20024e-12,0,0,-2.40048e-12,0,0,0,0,0,0,0,0,0,0,-4.65574e-09,0.905991,
3.01894e-07,-0.916303,0.0282794,-0.00931502,0.00143244,0.00127237,-3.59724e-05,0,0,0.582154,-0.0404436,-0.13739,0.0667262,0.0102419,-0.00486599,0.00234195,0,0,9.23339e-08,-2,-0.00813727,-0.0164486,-0.00492739,0.000700132,2.30682e-06,0,0,0.0385766,0.756383,0.046155,0.0889468,-0.0234305,-0.0312926,0.0251319,0,0,6.07035e-07,-0.711739,0.0790816,0.00516026,0.0048079,0.00272193,-6.89728e-05,0,0,-0.139129,-0.0311188,0.641838,0.017742,0.0135376,0.00185142,0.000266459,0,0,-1.6824e-07,-2,0.000639247,0.0548651,0.00454737,-0.00081809,-2.56503e-05,0,0,0.0694602,-0.111002,0.0279531,0.665854,0.00269984,0.0384275,0.0116133,0,0,4.59492e-06,1.09466,0.0240008,0.019784,-0.0477527,-0.0334793,0.000593265,0,0,0.134608,0.0485638,0.155833,0.115939,0.423342,-0.0245858,0.00724431,0,0,-6.90531e-07,0.313413,0.0131377,-0.0310937,-0.0401331,0.0581964,0.000655659,0,0,0.00232283,0.0111523,0.0571312,0.524283,-0.0297395,0.432817,-0.00827783,0,0,-5.39369e-08,-0.268394,0.00374858,0.000927028,0.0014119,0.00289603,0.00185987,0,0,-0.0165752,-0.0116272,-0.0274086,0.00568711,0.011516,-0.00857801,0.0685041,0,0,0,1.20024e-12,-1.20024e-12,0,0,1.20024e-12,2.40048e-12,1.20024e-12,0,0,0,0,0,0,0,0,0.905991,-4.50541e-09,0,0,0,0,0,0,-1.20024e-12,-1.15223e-10,0,0,0,0,0,0,0,0,-4.5051e-09,0.905991,
3.0173e-07,-0.917327,0.0283136,-0.00933745,0.00143053,0.00127299,-3.59919e-05,0,0,0.582258,-0.0404892,-0.137497,0.0668483,0.010234,-0.00488578,0.00234941,0,0,9.23281e-08,-2,-0.00814631,-0.0164534,-0.0049304,0.000702853,2.26155e-06,0,0,0.0385921,0.756447,0.0461926,0.0889811,-0.0234434,-0.0313096,0.0251317,0,0,6.0723e-07,-0.713137,0.0790806,0.0051363,0.00480605,0.00272274,-6.8959e-05,0,0,-0.139239,-0.0311801,0.641963,0.0178356,0.013551,0.00182683,0.000273981,0,0,-1.68129e-07,-2,0.000615295,0.0548753,0.00454563,-0.000817698,-2.56007e-05,0,0,0.0695769,-0.111062,0.0280509,0.665879,0.00268463,0.0384044,0.0116225,0,0,4.59574e-06,1.09468,0.0239589,0.0198115,-0.0477369,-0.0334888,0.000592736,0,0,0.134601,0.0485656,0.156041,0.115919,0.423378,-0.0245776,0.00723509,0,0,-6.90448e-07,0.315072,0.0131706,-0.031039,-0.040137,0.0582572,0.000654202,0,0,0.00221429,0.0112253,0.0569826,0.524215,-0.0297284,0.432844,-0.00828699,0,0,-5.38519e-08,-0.268408,0.00374958,0.000923712,0.00140987,0.00289421,0.00186014,0,0,-0.0165576,-0.0116279,-0.0274035,0.0056926,0.0115073,-0.00858048,0.0685049,0,0,0,1.20024e-12,0,0,0,0,-1.20024e-12,0,0,0,0,0,0,0,0,0,0.905991,4.25485e-09,0,-1.20024e-12,0,0,0,0,0,0,0,0,0,0,0,0,0,0,4.25515e-09,0.905991,
5.20417e-12,-0.91835,0.0283477,-0.00936043,0.00142821,0.00127419,-3.5993e-05,0,0,0.582362,-0.0405348,-0.137605,0.0669706,0.0102261,-0.00490557,0.00235688,0,0,6.15285e-12,-2,-0.00815565,-0.016459,-0.00493285,0.000705911,2.24924e-06,0,0,0.0386076,0.756511,0.0462301,0.0890154,-0.0234564,-0.0313266,0.0251315,0,0,6.93889e-12,-0.714538,0.079079,0.00511162,0.0048026,0.00272429,-6.89571e-05,0,0,-0.139349,-0.0312415,0.642088,0.0179293,0.0135643,0.00180218,0.000281521,0,0,0,-2,0.0005912,0.0548852,0.00454432,-0.000816603,-2.55689e-05,0,0,0.0696938,-0.111121,0.0281489,0.665903,0.0026694,0.0383813,0.0116318,0,0,6.93889e-12,1.0947,0.0239123,0.0198344,-0.0477211,-0.0334943,0.000592693,0,0,0.134594,0.0485675,0.156248,0.115899,0.423414,-0.0245695,0.00722589,0,0,1.38778e-11,0.316729,0.0132043,-0.0309835,-0.0401409,0.0583155,0.000652499,0,0,0.0021057,0.0112982,0.0568337,0.524148,-0.0297172,0.43287,-0.00829613,0,0,1.64799e-11,-0.268421,0.00375062,0.000920409,0.00140781,0.00289241,0.00186035,0,0,-0.0165399,-0.0116285,-0.0273984,0.00569808,0.0114987,-0.00858295,0.0685057,0,0,0,0,0,0,0,0,0,0,0,0,0,0,0,0,0,0,0.905991,4.15403e-09,0,0,0,0,0,0,0,0,0,0,0,0,0,0,0,0,4.15313e-09,0.905991,
-3.01371e-07,-0.919372,0.0283824,-0.00938339,0.00142635,0.00127543,-3.63155e-05,0,0,0.582467,-0.0405804,-0.137712,0.067093,0.0102182,-0.00492538,0.00236436,0,0,-9.23125e-08,-2,-0.00816495,-0.0164639,-0.00493586,0.000708845,2.10661e-06,0,0,0.0386231,0.756575,0.0462677,0.0890497,-0.0234693,-0.0313435,0.0251313,0,0,-6.07521e-07,-0.715941,0.0790778,0.00508657,0.00480082,0.00272634,-6.95509e-05,0,0,-0.139459,-0.0313029,0.642212,0.0180233,0.0135777,0.00177747,0.000289082,0,0,1.67907e-07,-2,0.000566912,0.054896,0.00454254,-0.000816574,-2.53516e-05,0,0,0.0698108,-0.11118,0.0282471,0.665927,0.00265415,0.0383582,0.011641,0,0,-4.59725e-06,1.09471,0.0238652,0.0198529,-0.0477046,-0.0334945,0.000587552,0,0,0.134588,0.0485692,0.156455,0.115879,0.42345,-0.0245613,0.00721669,0,0,6.90278e-07,0.318381,0.013238,-0.0309273,-0.0401447,0.0583761,0.000651687,0,0,0.00199705,0.0113709,0.0566844,0.524081,-0.0297061,0.432897,-0.00830526,0,0,5.37417e-08,-0.268435,0.00375171,0.0009172,0.00140569,0.00289041,0.00186067,0,0,-0.0165222,-0.0116292,-0.0273932,0.00570354,0.0114901,-0.00858542,0.0685064,0,0,1.20024e-12,2.40048e-12,1.20024e-12,-1.20024e-12,0,-1.20024e-12,1.20024e-12,0,0,0,0,0,0,0,0,0,0.905991,4.16634e-09,0,1.20024e-12,0,-1.20024e-12,0,0,0,0,0,0,0,0,0,0,0,0,4.16574e-09,0.905991,
-1.73472e-12,-0.920394,0.0284166,-0.00940582,0.00142454,0.00127631,-3.60376e-05,0,0,0.582572,-0.040626,-0.13782,0.0672157,0.0102103,-0.00494521,0.00237184,0,0,-5.42101e-13,-2,-0.00817427,-0.0164684,-0.00493898,0.000711631,2.14539e-06,0,0,0.0386385,0.756639,0.0463053,0.0890839,-0.0234823,-0.0313604,0.0251311,0,0,-6.93889e-12,-0.717346,0.079076,0.00506259,0.00479925,0.00272774,-6.89278e-05,0,0,-0.13957,-0.0313646,0.642336,0.0181176,0.0135909,0.00175271,0.000296662,0,0,0,-2,0.000542862,0.0549064,0.00454071,-0.000816507,-2.54674e-05,0,0,0.069928,-0.11124,0.0283456,0.665951,0.00263888,0.0383351,0.0116503,0,0,3.46945e-12,1.09474,0.0238135,0.0198805,-0.0476882,-0.0334994,0.000591534,0,0,0.134581,0.0485709,0.156663,0.115859,0.423486,-0.0245531,0.0072075,0,0,3.46945e-12,0.320028,0.0132726,-0.0308724,-0.0401487,0.0584375,0.000649554,0,0,0.00188835,0.0114435,0.0565349,0.524014,-0.029695,0.432923,-0.00831438,0,0,0,-0.268448,0.00375285,0.000913888,0.0014036,0.00288849,0.0018609,0,0,-0.0165044,-0.0116298,-0.0273881,0.00570898,0.0114814,-0.00858789,0.0685072,0,0,0,0,0,0,0,1.20024e-12,0,0,0,0,0,0,0,0,0,0,0.905991,4.28336e-09,0,-1.20024e-12,-1.20024e-12,0,0,0,-1.20024e-12,0,0,0,0,0,0,0,0,0,4.28246e-09,0.905991,
-3.01031e-07,-0.921415,0.0284515,-0.00942866,0.00142298,0.00127689,-3.60601e-05,0,0,0.582678,-0.0406716,-0.137928,0.0673386,0.0102023,-0.00496505,0.00237933,0,0,-9.23016e-08,-2,-0.00818325,-0.0164731,-0.00494198,0.000714319,2.09417e-06,0,0,0.0386539,0.756703,0.046343,0.0891181,-0.0234953,-0.0313773,0.0251309,0,0,-6.07868e-07,-0.718754,0.0790759,0.00503784,0.0047982,0.00272854,-6.89129e-05,0,0,-0.13968,-0.0314263,0.64246,0.0182121,0.0136042,0.00172789,0.000304262,0,0,1.67699e-07,-2,0.000518338,0.0549168,0.00453874,-0.000816234,-2.54158e-05,0,0,0.0700454,-0.111299,0.0284443,0.665975,0.0026236,0.0383121,0.0116596,0,0,-4.59883e-06,1.09475,0.0237758,0.0199036,-0.0476673,-0.033509,0.000590939,0,0,0.134574,0.0485726,0.15687,0.115839,0.423522,-0.024545,0.00719832,0,0,6.90122e-07,0.321671,0.0133052,-0.0308166,-0.0401535,0.0584991,0.000648116,0,0,0.00177961,0.0115158,0.0563851,0.523948,-0.0296839,0.43295,-0.00832348,0,0,5.3616e-08,-0.26846,0.0037538,0.000910625,0.00140148,0.00288665,0.00186118,0,0,-0.0164867,-0.0116305,-0.0273829,0.0057144,0.0114728,-0.00859035,0.068508,0,0,1.20024e-12,0,0,0,0,1.20024e-12,0,0,0,0,0,0,0,0,0,0,0.905991,-4.51411e-09,-2.40048e-12,0,0,0,0,-1.20024e-12,-1.20024e-12,0,0,0,0,0,0,0,0,0,-4.51441e-09,0.905991,
0,-0.922436,0.028485,-0.00945159,0.00142048,0.00127779,-3.60816e-05,0,0,0.582783,-0.0407171,-0.138036,0.0674616,0.0101944,-0.0049849,0.00238683,0,0,2.38524e-12,-2,-0.00819258,-0.0164778,-0.00494523,0.000717109,2.0451e-06,0,0,0.0386692,0.756768,0.0463806,0.0891523,-0.0235083,-0.0313941,0.0251307,0,0,0,-0.720166,0.0790732,0.00501296,0.0047952,0.00272996,-6.88987e-05,0,0,-0.13979,-0.0314881,0.642583,0.0183069,0.0136174,0.00170301,0.000311882,0,0,0,-2,0.000494448,0.0549271,0.00453729,-0.000816072,-2.53652e-05,0,0,0.0701629,-0.111358,0.0285432,0.665999,0.0026083,0.038289,0.0116689,0,0,0,1.09476,0.0237197,0.0199268,-0.0476602,-0.0335141,0.00059037,0,0,0.134567,0.0485742,0.157076,0.115819,0.423558,-0.0245368,0.00718914,0,0,-6.93889e-12,0.323311,0.0133406,-0.0307606,-0.0401562,0.0585598,0.000646669,0,0,0.00167083,0.011588,0.056235,0.523881,-0.0296728,0.432976,-0.00833257,0,0,1.64799e-11,-0.268473,0.00375495,0.000907355,0.00139953,0.00288476,0.00186147,0,0,-0.0164689,-0.0116311,-0.0273777,0.00571979,0.0114642,-0.00859282,0.0685088,0,0,0,1.20024e-12,0,1.20024e-12,-1.20024e-12,-1.20024e-12,0,0,0,0,0,0,0,0,0,0,0.905991,-4.60172e-09,0,-1.20024e-12,0,-1.20024e-12,1.20024e-12,1.20024e-12,0,0,0,0,0,0,0,0,0,0,-4.60112e-09,0.905991,
-1.73472e-12,-0.923456,0.0285197,-0.0094746,0.00141854,0.00127899,-3.61022e-05,0,0,0.582889,-0.0407626,-0.138143,0.0675848,0.0101864,-0.00500477,0.00239433,0,0,9.28348e-12,-2,-0.00820154,-0.0164824,-0.00494825,0.000720003,1.99728e-06,0,0,0.0386845,0.756832,0.0464183,0.0891864,-0.0235213,-0.0314109,0.0251305,0,0,-6.93889e-12,-0.721578,0.0790731,0.00498798,0.00479331,0.00273201,-6.88852e-05,0,0,-0.139901,-0.03155,0.642706,0.0184019,0.0136306,0.00167807,0.000319522,0,0,0,-2,0.000469812,0.0549374,0.00453553,-0.000816033,-2.53155e-05,0,0,0.0702806,-0.111417,0.0286423,0.666022,0.00259298,0.0382659,0.0116781,0,0,3.46945e-12,1.09479,0.023682,0.0199499,-0.0476439,-0.0335146,0.000589822,0,0,0.13456,0.0485757,0.157283,0.1158,0.423594,-0.0245287,0.00717998,0,0,2.77556e-11,0.324945,0.0133733,-0.0307045,-0.0401603,0.0586197,0.000645208,0,0,0.00156201,0.01166,0.0560846,0.523814,-0.0296617,0.433002,-0.00834164,0,0,5.20417e-12,-0.268484,0.00375587,0.000904079,0.00139749,0.00288282,0.00186175,0,0,-0.0164511,-0.0116317,-0.0273725,0.00572516,0.0114556,-0.00859528,0.0685096,0,0,0,0,1.20024e-12,0,-1.20024e-12,0,0,0,0,0,0,0,0,0,0,0,0.905991,-4.53901e-09,0,0,-1.20024e-12,0,0,0,0,0,0,0,0,0,0,0,0,0,-4.53871e-09,0.905991,
3.00514e-07,-0.924477,0.0285534,-0.00949767,0.00141659,0.00127929,-3.58222e-05,0,0,0.582995,-0.0408081,-0.138251,0.0677082,0.0101784,-0.00502464,0.00240185,0,0,9.2291e-08,-2,-0.00821076,-0.0164871,-0.00495126,0.000722626,2.04208e-06,0,0,0.0386998,0.756897,0.046456,0.0892205,-0.0235343,-0.0314277,0.0251303,0,0,6.08361e-07,-0.722994,0.0790711,0.00496291,0.00479139,0.00273223,-6.82635e-05,0,0,-0.140011,-0.0316121,0.642829,0.0184972,0.0136437,0.00165308,0.000327181,0,0,-1.67394e-07,-2,0.000445594,0.0549476,0.00453378,-0.000815474,-2.54334e-05,0,0,0.0703984,-0.111476,0.0287416,0.666046,0.00257765,0.0382428,0.0116874,0,0,4.60123e-06,1.09479,0.0236305,0.0199731,-0.0476275,-0.0335289,0.000593883,0,0,0.134553,0.0485772,0.15749,0.11578,0.42363,-0.0245205,0.00717083,0,0,-6.89795e-07,0.326576,0.0134083,-0.0306483,-0.0401644,0.0586816,0.000643052,0,0,0.00145316,0.0117317,0.055934,0.523748,-0.0296505,0.433029,-0.0083507,0,0,-5.34512e-08,-0.268496,0.00375694,0.000900797,0.00139545,0.00288103,0.00186197,0,0,-0.0164333,-0.0116322,-0.0273673,0.00573051,0.011447,-0.00859774,0.0685103,0,0,0,-1.20024e-12,-1.20024e-12,1.20024e-12,0,0,0,0,0,0,0,0,0,0,0,0,0.905991,-4.35537e-09,0,2.40048e-12,2.40048e-12,-2.40048e-12,0,0,0,0,0,0,0,0,0,0,0,0,-4.35537e-09,0.905991,
-3.00343e-07,-0.925496,0.0285875,-0.00952098,0.00141452,0.00128108,-3.6425e-05,0,0,0.583101,-0.0408536,-0.138359,0.0678318,0.0101703,-0.00504453,0.00240937,0,0,-9.228e-08,-2,-0.00822019,-0.0164924,-0.0049536,0.000725861,1.84341e-06,0,0,0.038715,0.756962,0.0464937,0.0892545,-0.0235474,-0.0314444,0.0251301,0,0,-6.08534e-07,-0.724412,0.0790691,0.00493772,0.00478847,0.00273503,-6.9479e-05,0,0,-0.140122,-0.0316742,0.642952,0.0185927,0.0136568,0.00162803,0.000334861,0,0,1.67283e-07,-2,0.000421064,0.0549573,0.00453229,-0.000814707,-2.5067e-05,0,0,0.0705164,-0.111535,0.0288412,0.66607,0.0025623,0.0382198,0.0116967,0,0,-4.60204e-06,1.09481,0.0235789,0.0199964,-0.0476064,-0.0335254,0.000584629,0,0,0.134546,0.0485787,0.157696,0.11576,0.423665,-0.0245124,0.00716169,0,0,6.89757e-07,0.328201,0.0134433,-0.0305918,-0.0401691,0.0587389,0.000642717,0,0,0.00134426,0.0118034,0.055783,0.523682,-0.0296394,0.433055,-0.00835975,0,0,5.34165e-08,-0.268507,0.00375799,0.000897472,0.00139333,0.00287911,0.0018623,0,0,-0.0164155,-0.0116328,-0.0273621,0.00573584,0.0114385,-0.00860019,0.0685111,0,0,0,0,0,0,-1.20024e-12,0,0,0,0,0,0,0,0,0,0,0,0.905991,4.09252e-09,0,1.20024e-12,0,0,0,0,-1.20024e-12,0,0,0,0,0,0,0,0,0,4.09192e-09,0.905991,
-2.60209e-12,-0.926515,0.0286229,-0.00954429,0.00141231,0.0012817,-3.64469e-05,0,0,0.583208,-0.0408991,-0.138467,0.0679556,0.0101623,-0.00506444,0.00241689,0,0,-1.28071e-11,-2,-0.00822931,-0.0164971,-0.00495669,0.000728609,1.79123e-06,0,0,0.0387301,0.757027,0.0465314,0.0892885,-0.0235605,-0.0314611,0.02513,0,0,0,-0.725834,0.0790693,0.00491216,0.00478599,0.00273589,-6.94661e-05,0,0,-0.140233,-0.0317365,0.643074,0.0186885,0.0136698,0.00160292,0.00034256,0,0,-1.38778e-11,-2,0.000395827,0.0549679,0.00453067,-0.000814332,-2.50182e-05,0,0,0.0706346,-0.111593,0.028941,0.666093,0.00254694,0.0381967,0.0117061,0,0,1.38778e-11,1.09482,0.0235407,0.0200151,-0.047594,-0.033535,0.000584077,0,0,0.134539,0.04858,0.157903,0.115741,0.423701,-0.0245043,0.00715256,0,0,1.04083e-11,0.329824,0.0134763,-0.0305347,-0.0401724,0.0588012,0.000641203,0,0,0.00123531,0.0118748,0.0556317,0.523616,-0.0296283,0.433082,-0.00836878,0,0,-1.12757e-11,-0.268517,0.00375893,0.000894241,0.00139126,0.00287719,0.00186257,0,0,-0.0163977,-0.0116333,-0.0273569,0.00574116,0.0114299,-0.00860264,0.0685119,0,0,0,-1.20024e-12,1.20024e-12,0,0,0,1.20024e-12,0,0,0,0,0,0,0,0,0,0.905991,3.971e-09,0,-1.20024e-12,1.20024e-12,0,0,0,1.20024e-12,0,0,0,0,0,0,0,0,0,3.9698e-09,0.905991,
-2.99994e-07,-0.927533,0.0286575,-0.00956706,0.00141104,0.00128257,-3.6171e-05,0,0,0.583315,-0.0409445,-0.138575,0.0680795,0.0101542,-0.00508435,0.00242443,0,0,-9.22739e-08,-2,-0.00823854,-0.0165015,-0.0049596,0.000731395,1.82806e-06,0,0,0.0387452,0.757093,0.0465692,0.0893225,-0.0235736,-0.0314778,0.0251298,0,0,-6.0886e-07,-0.727256,0.0790683,0.00488768,0.00478555,0.00273733,-6.88426e-05,0,0,-0.140343,-0.0317989,0.643196,0.0187845,0.0136828,0.00157775,0.000350279,0,0,1.67075e-07,-2,0.000370993,0.0549782,0.0045285,-0.00081425,-2.51337e-05,0,0,0.0707529,-0.111652,0.029041,0.666117,0.00253156,0.0381737,0.0117154,0,0,-4.60359e-06,1.09483,0.0234933,0.0200431,-0.0475678,-0.0335401,0.00058806,0,0,0.134532,0.0485813,0.158109,0.115722,0.423736,-0.0244962,0.00714343,0,0,6.89605e-07,0.331442,0.0135109,-0.0304789,-0.0401779,0.058863,0.000639056,0,0,0.00112632,0.0119461,0.0554802,0.52355,-0.0296172,0.433108,-0.0083778,0,0,5.32924e-08,-0.268528,0.00375997,0.000890908,0.00138906,0.00287525,0.0018628,0,0,-0.0163798,-0.0116338,-0.0273517,0.00574645,0.0114213,-0.00860509,0.0685126,0,0,0,-1.20024e-12,-1.20024e-12,0,-1.20024e-12,0,-1.20024e-12,0,0,0,0,0,0,0,0,0,0.905991,3.95179e-09,1.20024e-12,-1.20024e-12,-1.20024e-12,0,-1.20024e-12,1.20024e-12,-1.20024e-12,0,0,0,0,0,0,0,0,0,3.95269e-09,0.905991,
-5.20417e-12,-0.928551,0.0286916,-0.00959025,0.00140912,0.00128345,-3.64942e-05,0,0,0.583422,-0.0409899,-0.138683,0.0682037,0.0101461,-0.00510428,0.00243197,0,0,1.21973e-12,-2,-0.00824781,-0.0165059,-0.00496268,0.000734176,1.68282e-06,0,0,0.0387603,0.757158,0.046607,0.0893565,-0.0235867,-0.0314945,0.0251296,0,0,-1.38778e-11,-0.728682,0.0790665,0.00486243,0.00478379,0.00273876,-6.94374e-05,0,0,-0.140454,-0.0318614,0.643318,0.0188808,0.0136958,0.00155253,0.000358018,0,0,1.38778e-11,-2,0.000346354,0.0549885,0.00452669,-0.000814129,-2.49156e-05,0,0,0.0708714,-0.111711,0.0291412,0.66614,0.00251616,0.0381506,0.0117247,0,0,-2.08167e-11,1.09484,0.0234413,0.0200665,-0.0475508,-0.0335453,0.000582855,0,0,0.134525,0.0485826,0.158315,0.115702,0.423772,-0.0244881,0.00713432,0,0,6.93889e-12,0.333056,0.0135462,-0.0304222,-0.0401821,0.0589243,0.000638294,0,0,0.00101728,0.0120171,0.0553283,0.523484,-0.0296061,0.433134,-0.0083868,0,0,-1.04083e-11,-0.268537,0.00376104,0.000887624,0.00138698,0.00287334,0.00186314,0,0,-0.0163619,-0.0116343,-0.0273464,0.00575171,0.0114128,-0.00860753,0.0685134,0,0,0,-1.20024e-12,1.20024e-12,-1.20024e-12,1.20024e-12,-2.40048e-12,-1.20024e-12,0,0,0,0,0,0,0,0,0,0.905991,4.02471e-09,0,-3.60072e-12,0,0,3.60072e-12,-3.60072e-12,-3.60072e-12,0,0,0,0,0,0,0,0,0,4.02441e-09,0.905991,
-2.99657e-07,-0.929569,0.0287262,-0.00961352,0.00140687,0.00128433,-3.59169e-05,0,0,0.583529,-0.0410353,-0.138791,0.068328,0.010138,-0.00512423,0.00243952,0,0,-9.22513e-08,-2,-0.00825687,-0.0165104,-0.00496581,0.000736967,1.81649e-06,0,0,0.0387753,0.757224,0.0466448,0.0893904,-0.0235998,-0.0315111,0.0251295,0,0,-6.09214e-07,-0.730112,0.079066,0.00483704,0.00478129,0.00274022,-6.82058e-05,0,0,-0.140565,-0.031924,0.643439,0.0189773,0.0137088,0.00152725,0.000365777,0,0,1.6688e-07,-2,0.000321341,0.0549986,0.00452507,-0.00081395,-2.51994e-05,0,0,0.07099,-0.11177,0.0292416,0.666163,0.00250075,0.0381275,0.011734,0,0,-4.60521e-06,1.09484,0.0233987,0.0200899,-0.0475386,-0.0335506,0.000591493,0,0,0.134517,0.0485838,0.158521,0.115683,0.423807,-0.02448,0.00712521,0,0,6.89431e-07,0.334665,0.0135802,-0.0303654,-0.0401857,0.0589854,0.000635452,0,0,0.000908215,0.012088,0.0551762,0.523418,-0.029595,0.433161,-0.00839579,0,0,5.31745e-08,-0.268547,0.00376198,0.000884332,0.00138498,0.00287143,0.00186332,0,0,-0.016344,-0.0116348,-0.0273412,0.00575696,0.0114042,-0.00860998,0.0685142,0,0,0,0,0,0,0,0,2.40048e-12,0,0,0,0,0,0,0,0,0,0.905991,4.18884e-09,0,-1.20024e-12,0,0,0,0,0,0,0,0,0,0,0,0,0,0,4.18884e-09,0.905991,
2.60209e-12,-0.930586,0.0287604,-0.00963687,0.00140517,0.00128492,-3.6238e-05,0,0,0.583637,-0.0410807,-0.138899,0.0684525,0.0101298,-0.00514418,0.00244707,0,0,5.6514e-12,-2,-0.00826601,-0.0165148,-0.00496873,0.000739677,1.67473e-06,0,0,0.0387903,0.75729,0.0466826,0.0894242,-0.023613,-0.0315277,0.0251293,0,0,6.93889e-12,-0.731543,0.0790648,0.00481155,0.00477992,0.00274107,-6.88022e-05,0,0,-0.140675,-0.0319867,0.64356,0.0190741,0.0137217,0.00150191,0.000373557,0,0,0,-2,0.000296415,0.0550087,0.00452314,-0.000813558,-2.49833e-05,0,0,0.0711088,-0.111828,0.0293423,0.666187,0.00248532,0.0381045,0.0117434,0,0,-1.73472e-11,1.09484,0.0233514,0.0201134,-0.047517,-0.0335605,0.000586338,0,0,0.13451,0.0485849,0.158727,0.115664,0.423842,-0.0244719,0.00711612,0,0,6.93889e-12,0.33627,0.013615,-0.0303084,-0.0401906,0.059047,0.000634664,0,0,0.000799117,0.0121587,0.0550238,0.523352,-0.0295839,0.433187,-0.00840476,0,0,-5.20417e-12,-0.268556,0.00376297,0.000881033,0.00138287,0.00286957,0.00186366,0,0,-0.0163261,-0.0116353,-0.0273359,0.00576218,0.0113957,-0.00861242,0.068515,0,0,0,1.20024e-12,1.20024e-12,0,0,0,0,0,0,0,0,0,0,0,0,0,0.905991,-4.4643e-09,0,2.40048e-12,0,0,0,0,0,0,0,0,0,0,0,0,0,0,-4.4643e-09,0.905991,
8.67362e-12,-0.931602,0.0287941,-0.00966058,0.00140256,0.00128582,-3.62589e-05,0,0,0.583745,-0.041126,-0.139007,0.0685772,0.0101217,-0.00516415,0.00245464,0,0,4.51299e-12,-2,-0.00827535,-0.0165194,-0.00497189,0.00074249,1.62595e-06,0,0,0.0388052,0.757356,0.0467205,0.089458,-0.0236262,-0.0315442,0.0251292,0,0,2.08167e-11,-0.732976,0.0790624,0.00478538,0.00477665,0.00274255,-6.879e-05,0,0,-0.140786,-0.0320496,0.643681,0.0191711,0.0137345,0.00147651,0.000381357,0,0,1.38778e-11,-2,0.000271722,0.0550189,0.00452172,-0.0008133,-2.49347e-05,0,0,0.0712278,-0.111887,0.0294432,0.66621,0.00246987,0.0380815,0.0117527,0,0,1.73472e-11,1.09485,0.0232949,0.0201323,-0.0475093,-0.0335658,0.000585803,0,0,0.134502,0.048586,0.158933,0.115645,0.423878,-0.0244638,0.00710703,0,0,-1.38778e-11,0.337869,0.0136513,-0.0302505,-0.0401935,0.0591079,0.000633175,0,0,0.000689989,0.0122292,0.0548711,0.523287,-0.0295728,0.433213,-0.00841372,0,0,6.93889e-12,-0.268565,0.00376405,0.000877782,0.00138093,0.00286766,0.00186394,0,0,-0.0163082,-0.0116357,-0.0273306,0.00576737,0.0113872,-0.00861486,0.0685157,0,0,0,0,0,0,0,0,0,5.76116e-11,0,0,0,0,0,0,0,0,0.905991,-4.60352e-09,0,0,0,0,0,0,0,0,0,0,0,0,0,0,0,0,-4.60292e-09,0.905991,
-2.99131e-07,-0.932618,0.0288286,-0.00968345,0.00140083,0.00128702,-3.59807e-05,0,0,0.583853,-0.0411713,-0.139116,0.0687021,0.0101135,-0.00518413,0.00246221,0,0,-9.22198e-08,-2,-0.00828441,-0.0165236,-0.00497476,0.000745399,1.66939e-06,0,0,0.0388201,0.757422,0.0467583,0.0894918,-0.0236393,-0.0315607,0.0251291,0,0,-6.09714e-07,-0.734413,0.0790618,0.00476096,0.00477518,0.00274464,-6.81681e-05,0,0,-0.140897,-0.0321125,0.643801,0.0192684,0.0137474,0.00145105,0.000389178,0,0,1.66547e-07,-2,0.000246432,0.0550286,0.00451981,-0.000813199,-2.50528e-05,0,0,0.0713469,-0.111945,0.0295443,0.666233,0.0024544,0.0380584,0.0117621,0,0,-4.60764e-06,1.09485,0.0232521,0.020165,-0.0474876,-0.0335665,0.000589879,0,0,0.134495,0.048587,0.159138,0.115626,0.423913,-0.0244557,0.00709796,0,0,6.8914e-07,0.339465,0.0136856,-0.0301946,-0.0401985,0.0591681,0.000630993,0,0,0.000580833,0.0122995,0.0547181,0.523221,-0.0295618,0.433239,-0.00842265,0,0,5.30123e-08,-0.268573,0.00376496,0.000874368,0.00137883,0.00286569,0.00186417,0,0,-0.0162902,-0.0116361,-0.0273253,0.00577255,0.0113787,-0.00861729,0.0685165,0,0,0,0,0,-1.20024e-12,-1.20024e-12,0,-1.20024e-12,0,0,0,0,0,0,0,0,0,0.905991,-4.58912e-09,0,0,0,2.40048e-12,2.40048e-12,0,2.40048e-12,0,0,0,0,0,0,0,0,0,-4.58942e-09,0.905991,
2.60209e-12,-0.933633,0.0288631,-0.00970745,0.00139809,0.0012882,-3.65811e-05,0,0,0.583961,-0.0412166,-0.139224,0.0688272,0.0101053,-0.00520412,0.00246978,0,0,-1.82959e-12,-2,-0.00829376,-0.0165288,-0.00497724,0.000748451,1.46967e-06,0,0,0.0388349,0.757488,0.0467962,0.0895256,-0.0236526,-0.0315772,0.025129,0,0,1.38778e-11,-0.735852,0.0790607,0.0047346,0.00477089,0.00274627,-6.93872e-05,0,0,-0.141008,-0.0321756,0.643921,0.0193659,0.0137601,0.00142554,0.000397018,0,0,1.38778e-11,-2,0.000220992,0.0550384,0.00451866,-0.000812059,-2.46891e-05,0,0,0.0714662,-0.112004,0.0296457,0.666256,0.00243893,0.0380354,0.0117714,0,0,2.77556e-11,1.09485,0.0232047,0.0201841,-0.047475,-0.0335725,0.00058062,0,0,0.134487,0.048588,0.159344,0.115607,0.423948,-0.0244476,0.00708891,0,0,-6.93889e-12,0.341056,0.0137207,-0.0301365,-0.0402019,0.0592273,0.000630632,0,0,0.000471636,0.0123696,0.0545648,0.523156,-0.0295507,0.433266,-0.00843158,0,0,-1.99493e-11,-0.268581,0.00376591,0.00087107,0.0013768,0.00286385,0.0018645,0,0,-0.0162722,-0.0116366,-0.02732,0.0057777,0.0113702,-0.00861972,0.0685173,0,0,0,1.20024e-12,-1.20024e-12,0,0,0,-1.20024e-12,0,0,0,0,0,0,0,0,0,0.905991,-4.43969e-09,0,1.20024e-12,-1.20024e-12,0,0,0,0,0,0,0,0,0,0,0,0,0,-4.44029e-09,0.905991,
2.98785e-07,-0.934647,0.0288982,-0.00973085,0.00139641,0.00128942,-3.66036e-05,0,0,0.58407,-0.0412619,-0.139332,0.0689524,0.010097,-0.00522412,0.00247737,0,0,9.22216e-08,-2,-0.00830309,-0.0165332,-0.00498012,0.000751391,1.41591e-06,0,0,0.0388497,0.757554,0.0468341,0.0895593,-0.0236658,-0.0315936,0.0251288,0,0,6.10054e-07,-0.737293,0.07906,0.00470908,0.0047695,0.00274838,-6.93754e-05,0,0,-0.141119,-0.0322387,0.644041,0.0194637,0.0137729,0.00139996,0.000404878,0,0,-1.66339e-07,-2,0.000195336,0.0550487,0.00451671,-0.000811983,-2.46412e-05,0,0,0.0715857,-0.112062,0.0297472,0.666279,0.00242343,0.0380124,0.0117808,0,0,4.60917e-06,1.09484,0.0231568,0.0202078,-0.0474526,-0.0335731,0.000580073,0,0,0.134479,0.0485889,0.159549,0.115588,0.423983,-0.0244395,0.00707986,0,0,-6.88966e-07,0.342643,0.0137558,-0.0300791,-0.0402067,0.0592887,0.000629093,0,0,0.000362395,0.0124395,0.0544112,0.523091,-0.0295396,0.433292,-0.00844049,0,0,-5.29082e-08,-0.268588,0.00376691,0.000867761,0.00137461,0.0028618,0.00186477,0,0,-0.0162542,-0.011637,-0.0273146,0.00578283,0.0113617,-0.00862215,0.068518,0,0,1.20024e-12,0,-1.20024e-12,1.20024e-12,0,-1.20024e-12,0,0,0,0,0,0,0,0,0,0,0.905991,4.19664e-09,-1.20024e-12,0,-2.40048e-12,-1.20024e-12,0,1.20024e-12,0,0,0,0,0,0,0,0,0,0,4.19664e-09,0.905991,
8.67362e-13,-0.935661,0.0289327,-0.00975431,0.00139447,0.00128969,-3.63298e-05,0,0,0.584179,-0.0413072,-0.13944,0.0690779,0.0100888,-0.00524413,0.00248496,0,0,-9.37835e-12,-2,-0.00831244,-0.0165374,-0.00498319,0.000753998,1.45101e-06,0,0,0.0388644,0.757621,0.0468721,0.089593,-0.023679,-0.0316101,0.0251287,0,0,6.93889e-12,-0.738737,0.0790586,0.00468343,0.0047677,0.00274863,-6.87517e-05,0,0,-0.14123,-0.032302,0.64416,0.0195618,0.0137856,0.00137433,0.000412759,0,0,-1.38778e-11,-2,0.000169918,0.0550589,0.00451487,-0.000811537,-2.47567e-05,0,0,0.0717053,-0.11212,0.029849,0.666301,0.00240792,0.0379893,0.0117902,0,0,-4.16334e-11,1.09484,0.0231043,0.0202315,-0.0474349,-0.0335877,0.000584066,0,0,0.134472,0.0485897,0.159755,0.11557,0.424017,-0.0244315,0.00707082,0,0,-3.46945e-12,0.344226,0.0137918,-0.0300216,-0.0402111,0.0593524,0.000626923,0,0,0.000253116,0.0125092,0.0542573,0.523026,-0.0295285,0.433318,-0.00844939,0,0,6.07153e-12,-0.268595,0.00376796,0.000864456,0.00137249,0.00285994,0.00186501,0,0,-0.0162362,-0.0116373,-0.0273093,0.00578795,0.0113532,-0.00862457,0.0685188,0,0,0,-1.20024e-12,0,-1.20024e-12,-1.20024e-12,0,0,0,0,0,0,0,0,0,0,0,0.905991,4.09642e-09,0,0,0,1.20024e-12,0,0,0,0,0,0,0,0,0,0,0,0,4.09612e-09,0.905991,
0,-0.936674,0.028968,-0.00977758,0.00139219,0.00129085,-3.63538e-05,0,0,0.584288,-0.0413524,-0.139549,0.0692035,0.0100805,-0.00526416,0.00249256,0,0,-9.75782e-12,-2,-0.00832145,-0.0165415,-0.00498633,0.000756875,1.39625e-06,0,0,0.0388791,0.757688,0.04691,0.0896266,-0.0236923,-0.0316264,0.0251286,0,0,0,-0.740183,0.079059,0.00465822,0.0047652,0.00275072,-6.87386e-05,0,0,-0.141341,-0.0323654,0.644279,0.0196601,0.0137982,0.00134864,0.000420661,0,0,-1.38778e-11,-2,0.000144031,0.0550689,0.00451323,-0.000811553,-2.47065e-05,0,0,0.0718251,-0.112179,0.0299511,0.666324,0.00239239,0.0379663,0.0117996,0,0,0,1.09484,0.0230658,0.0202599,-0.0474218,-0.0335885,0.000583469,0,0,0.134464,0.0485905,0.15996,0.115551,0.424052,-0.0244234,0.00706178,0,0,1.04083e-11,0.345804,0.0138258,-0.0299645,-0.0402148,0.0594135,0.000625448,0,0,0.000143805,0.0125788,0.0541031,0.522961,-0.0295174,0.433344,-0.00845827,0,0,-6.07153e-12,-0.268602,0.00376883,0.000861094,0.00137045,0.00285795,0.00186531,0,0,-0.0162181,-0.0116377,-0.027304,0.00579303,0.0113447,-0.00862699,0.0685196,0,0,0,1.20024e-12,0,1.20024e-12,-1.20024e-12,-1.20024e-12,0,0,0,0,0,0,0,0,0,0,0.905991,4.10542e-09,0,1.20024e-12,1.20024e-12,0,0,0,0,0,0,0,0,0,0,0,0,0,4.10542e-09,0.905991,
2.98273e-07,-0.937687,0.0290022,-0.00980154,0.00139046,0.00129202,-3.60785e-05,0,0,0.584397,-0.0413976,-0.139657,0.0693293,0.0100723,-0.0052842,0.00250016,0,0,9.21859e-08,-2,-0.00833072,-0.0165458,-0.00498925,0.000759761,1.43588e-06,0,0,0.0388938,0.757755,0.046948,0.0896602,-0.0237056,-0.0316428,0.0251285,0,0,6.10595e-07,-0.741633,0.0790575,0.00463166,0.00476379,0.00275282,-6.81158e-05,0,0,-0.141452,-0.0324289,0.644398,0.0197587,0.0138108,0.0013229,0.000428583,0,0,-1.6602e-07,-2,0.000118604,0.055079,0.00451129,-0.000811511,-2.48233e-05,0,0,0.071945,-0.112237,0.0300533,0.666347,0.00237684,0.0379433,0.0118089,0,0,4.61161e-06,1.09483,0.0230134,0.0202791,-0.0473996,-0.0335895,0.000587512,0,0,0.134456,0.0485912,0.160165,0.115532,0.424087,-0.0244154,0.00705276,0,0,-6.88685e-07,0.347378,0.0138619,-0.029906,-0.0402199,0.0594744,0.000623274,0,0,3.44667e-05,0.0126481,0.0539487,0.522896,-0.0295064,0.43337,-0.00846714,0,0,-5.27243e-08,-0.268608,0.00376983,0.000857831,0.00136833,0.00285597,0.00186555,0,0,-0.0162001,-0.011638,-0.0272986,0.0057981,0.0113363,-0.00862942,0.0685203,0,0,0,-2.40048e-12,2.40048e-12,0,-2.40048e-12,0,0,0,0,0,0,0,0,0,0,0,0.905991,4.21465e-09,0,2.40048e-12,-2.40048e-12,0,0,0,0,0,0,0,0,0,0,0,0,0,4.21465e-09,0.905991,
-2.98098e-07,-0.938699,0.0290366,-0.00982499,0.00138811,0.0012926,-3.63992e-05,0,0,0.584507,-0.0414428,-0.139766,0.0694553,0.0100639,-0.00530425,0.00250778,0,0,-9.21879e-08,-2,-0.00833987,-0.0165499,-0.00499233,0.000762468,1.29202e-06,0,0,0.0389084,0.757822,0.046986,0.0896938,-0.0237189,-0.0316591,0.0251285,0,0,-6.10761e-07,-0.743083,0.0790565,0.00460621,0.0047611,0.00275371,-6.87145e-05,0,0,-0.141563,-0.0324926,0.644517,0.0198575,0.0138234,0.00129709,0.000436526,0,0,1.65937e-07,-2,9.29448e-05,0.0550888,0.00450968,-0.000811107,-2.46085e-05,0,0,0.0720652,-0.112295,0.0301558,0.666369,0.00236127,0.0379203,0.0118183,0,0,-4.61242e-06,1.09483,0.0229657,0.0203075,-0.0473866,-0.0335996,0.000582344,0,0,0.134448,0.0485919,0.16037,0.115514,0.424121,-0.0244073,0.00704375,0,0,6.88536e-07,0.348946,0.0138975,-0.0298487,-0.0402237,0.0595365,0.00062247,0,0,-7.48965e-05,0.0127172,0.0537939,0.522832,-0.0294953,0.433396,-0.00847599,0,0,5.26679e-08,-0.268614,0.00377077,0.000854456,0.00136632,0.00285409,0.00186589,0,0,-0.016182,-0.0116384,-0.0272932,0.00580314,0.0113278,-0.00863183,0.0685211,0,0,1.20024e-12,0,0,-1.20024e-12,-1.20024e-12,0,2.40048e-12,0,0,0,0,0,0,0,0,0,0.905991,-4.43159e-09,-2.40048e-12,0,-2.40048e-12,2.40048e-12,2.40048e-12,2.40048e-12,-2.40048e-12,0,0,0,0,0,0,0,0,0,-4.43189e-09,0.905991,
-1.73472e-12,-0.93971,0.0290712,-0.00984928,0.00138565,0.00129376,-3.61047e-05,0,0,0.584617,-0.0414879,-0.139874,0.0695815,0.0100556,-0.00532431,0.0025154,0,0,-7.61652e-12,-2,-0.00834921,-0.0165549,-0.00499472,0.000765503,1.36676e-06,0,0,0.0389229,0.757889,0.047024,0.0897273,-0.0237322,-0.0316754,0.0251284,0,0,0,-0.744538,0.0790556,0.0045794,0.00475738,0.00275535,-6.81032e-05,0,0,-0.141674,-0.0325563,0.644635,0.0199566,0.013836,0.00127122,0.000444489,0,0,1.38778e-11,-2,6.69784e-05,0.0550984,0.00450836,-0.000809982,-2.47433e-05,0,0,0.0721854,-0.112353,0.0302585,0.666392,0.0023457,0.0378973,0.0118278,0,0,1.04083e-11,1.09482,0.022918,0.0203268,-0.0473689,-0.0336058,0.000586897,0,0,0.13444,0.0485925,0.160574,0.115496,0.424156,-0.0243993,0.00703475,0,0,3.46945e-12,0.35051,0.0139332,-0.0297897,-0.040228,0.059596,0.00062004,0,0,-0.000184297,0.0127862,0.0536389,0.522767,-0.0294842,0.433422,-0.00848482,0,0,-8.67362e-13,-0.268619,0.00377168,0.000851142,0.00136423,0.00285224,0.00186607,0,0,-0.0161639,-0.0116387,-0.0272878,0.00580816,0.0113194,-0.00863424,0.0685219,0,0,0,0,1.20024e-12,0,1.20024e-12,-1.20024e-12,1.20024e-12,1.20024e-12,0,0,0,0,0,0,0,0,0.905991,-4.51201e-09,0,-1.20024e-12,-1.20024e-12,0,-2.40048e-12,0,0,0,0,0,0,0,0,0,0,0,-4.51231e-09,0.905991,
-6.07153e-12,-0.940721,0.0291064,-0.00987267,0.00138392,0.00129466,-3.64263e-05,0,0,0.584727,-0.041533,-0.139982,0.0697079,0.0100473,-0.00534438,0.00252302,0,0,7.99599e-12,-2,-0.00835854,-0.016559,-0.00499759,0.000768341,1.21878e-06,0,0,0.0389374,0.757957,0.0470621,0.0897608,-0.0237455,-0.0316917,0.0251283,0,0,-1.38778e-11,-0.745995,0.0790551,0.00455404,0.00475594,0.00275688,-6.87027e-05,0,0,-0.141785,-0.0326201,0.644753,0.020056,0.0138485,0.0012453,0.000452473,0,0,2.77556e-11,-2,4.07911e-05,0.0551084,0.00450639,-0.000809742,-2.45296e-05,0,0,0.0723059,-0.112411,0.0303614,0.666414,0.0023301,0.0378743,0.0118372,0,0,5.20417e-11,1.09481,0.0228698,0.0203554,-0.047346,-0.0336112,0.000581726,0,0,0.134432,0.048593,0.160779,0.115477,0.42419,-0.0243912,0.00702577,0,0,1.38778e-11,0.352071,0.0139689,-0.0297323,-0.040233,0.0596585,0.000619183,0,0,-0.000293736,0.012855,0.0534835,0.522703,-0.0294732,0.433449,-0.00849365,0,0,0,-0.268624,0.00377264,0.000847762,0.00136203,0.00285023,0.0018664,0,0,-0.0161457,-0.011639,-0.0272824,0.00581316,0.0113109,-0.00863665,0.0685226,0,0,0,-1.20024e-12,0,1.20024e-12,0,-2.40048e-12,0,0,0,0,0,0,0,0,0,0,0.905991,-4.45169e-09,0,1.20024e-12,0,0,0,1.20024e-12,0,0,0,0,0,0,0,0,0,0,-4.45229e-09,0.905991,
4.33681e-12,-0.94173,0.0291413,-0.00989703,0.00138163,0.00129551,-3.64521e-05,0,0,0.584838,-0.0415781,-0.140091,0.0698344,0.0100389,-0.00536446,0.00253066,0,0,1.30104e-11,-2,-0.00836779,-0.0165632,-0.00500075,0.000771127,1.15977e-06,0,0,0.0389519,0.758024,0.0471001,0.0897943,-0.0237589,-0.0317079,0.0251282,0,0,0,-0.747454,0.0790545,0.00452672,0.00475346,0.00275838,-6.86897e-05,0,0,-0.141896,-0.0326841,0.64487,0.0201556,0.0138609,0.00121932,0.000460477,0,0,-1.38778e-11,-2,1.46732e-05,0.0551189,0.00450472,-0.000809626,-2.4479e-05,0,0,0.0724265,-0.112469,0.0304646,0.666436,0.00231449,0.0378513,0.0118466,0,0,2.77556e-11,1.0948,0.0228216,0.0203702,-0.0473323,-0.0336167,0.0005811,0,0,0.134424,0.0485935,0.160984,0.115459,0.424225,-0.0243832,0.00701678,0,0,2.08167e-11,0.353626,0.0140048,-0.0296726,-0.0402368,0.0597211,0.000617694,0,0,-0.000403208,0.0129236,0.0533279,0.522639,-0.0294621,0.433475,-0.00850245,0,0,1.64799e-11,-0.268628,0.0037736,0.000844545,0.00135996,0.00284825,0.0018667,0,0,-0.0161276,-0.0116392,-0.027277,0.00581814,0.0113025,-0.00863906,0.0685234,0,0,0,0,0,0,0,0,0,0,0,0,0,0,0,0,0,0,0.905991,4.27646e-09,0,0,-2.40048e-12,2.40048e-12,0,2.40048e-12,-2.40048e-12,0,0,0,0,0,0,0,0,0,4.27736e-09,0.905991,
3.46945e-12,-0.94274,0.0291764,-0.0099203,0.00137961,0.00129635,-3.67744e-05,0,0,0.584948,-0.0416232,-0.1402,0.0699611,0.0100305,-0.00538455,0.0025383,0,0,3.13063e-12,-2,-0.00837689,-0.016567,-0.00500379,0.000773907,1.0111e-06,0,0,0.0389663,0.758092,0.0471382,0.0898277,-0.0237723,-0.0317241,0.0251282,0,0,6.93889e-12,-0.748917,0.0790544,0.00450166,0.00475149,0.00275988,-6.92887e-05,0,0,-0.142007,-0.0327482,0.644988,0.0202554,0.0138733,0.00119328,0.000468502,0,0,0,-2,-1.1584e-05,0.0551285,0.0045029,-0.000809468,-2.42636e-05,0,0,0.0725472,-0.112527,0.0305679,0.666459,0.00229885,0.0378283,0.011856,0,0,2.08167e-11,1.09478,0.0227781,0.0204034,-0.0473142,-0.0336224,0.000575881,0,0,0.134416,0.0485939,0.161188,0.115441,0.424259,-0.0243752,0.00700781,0,0,1.38778e-11,0.355179,0.01404,-0.0296155,-0.0402413,0.0597832,0.000616897,0,0,-0.000512707,0.0129919,0.053172,0.522575,-0.029451,0.433501,-0.00851124,0,0,-1.47451e-11,-0.268632,0.00377447,0.000841112,0.00135787,0.0028463,0.00186705,0,0,-0.0161094,-0.0116395,-0.0272716,0.00582309,0.0112941,-0.00864146,0.0685241,0,0,0,1.20024e-12,1.20024e-12,0,0,0,0,0,0,0,0,0,0,0,0,0,0.905991,4.23595e-09,0,-1.20024e-12,-1.20024e-12,-1.20024e-12,0,0,0,0,0,0,0,0,0,0,0,0,4.23655e-09,0.905991,
-2.97241e-07,-0.943748,0.0292107,-0.00994456,0.00137783,0.00129692,-3.67979e-05,0,0,0.585059,-0.0416682,-0.140308,0.0700881,0.0100221,-0.00540466,0.00254594,0,0,-9.21538e-08,-2,-0.00838615,-0.0165711,-0.00500669,0.000776604,9.56855e-07,0,0,0.0389807,0.75816,0.0471763,0.089861,-0.0237857,-0.0317402,0.0251281,0,0,-6.1165e-07,-0.75038,0.0790531,0.00447464,0.00475001,0.00276079,-6.92772e-05,0,0,-0.142118,-0.0328124,0.645105,0.0203556,0.0138857,0.00116718,0.000476548,0,0,1.65409e-07,-2,-3.7552e-05,0.0551385,0.00450095,-0.000809085,-2.42148e-05,0,0,0.0726681,-0.112584,0.0306716,0.666481,0.0022832,0.0378053,0.0118655,0,0,-4.6164e-06,1.09478,0.0227255,0.0204229,-0.0472914,-0.0336327,0.000575305,0,0,0.134407,0.0485943,0.161392,0.115423,0.424293,-0.0243672,0.00699885,0,0,6.88134e-07,0.356724,0.0140768,-0.0295562,-0.0402466,0.0598458,0.000615401,0,0,-0.000622228,0.0130601,0.0530158,0.522511,-0.02944,0.433527,-0.00852002,0,0,5.23774e-08,-0.268636,0.00377544,0.00083783,0.00135574,0.0028444,0.00186735,0,0,-0.0160913,-0.0116397,-0.0272661,0.00582802,0.0112857,-0.00864387,0.0685249,0,0,0,0,-1.20024e-12,0,0,1.20024e-12,-1.20024e-12,0,0,0,0,0,0,0,0,0,0.905991,-4.30857e-09,-1.20024e-12,0,0,0,-1.20024e-12,0,1.20024e-12,0,0,0,0,0,0,0,0,0,-4.30977e-09,0.905991,
-2.97052e-07,-0.944756,0.0292449,-0.0099686,0.00137602,0.00129808,-3.65235e-05,0,0,0.585171,-0.0417133,-0.140417,0.0702152,0.0100137,-0.00542478,0.0025536,0,0,-9.21361e-08,-2,-0.0083954,-0.0165751,-0.00500956,0.000779497,9.96157e-07,0,0,0.038995,0.758228,0.0472145,0.0898944,-0.0237991,-0.0317563,0.0251281,0,0,-6.11788e-07,-0.751847,0.0790517,0.00444813,0.00474842,0.00276293,-6.86547e-05,0,0,-0.14223,-0.0328767,0.645221,0.020456,0.0138981,0.00114102,0.000484615,0,0,1.65298e-07,-2,-6.36052e-05,0.0551483,0.00449902,-0.000808985,-2.43322e-05,0,0,0.0727892,-0.112642,0.0307754,0.666503,0.00226754,0.0377823,0.0118749,0,0,-4.61723e-06,1.09476,0.0226728,0.020447,-0.0472687,-0.0336339,0.000579369,0,0,0.134399,0.0485946,0.161596,0.115405,0.424328,-0.0243592,0.0069899,0,0,6.88054e-07,0.358266,0.0141136,-0.0294974,-0.0402519,0.0599068,0.000613202,0,0,-0.000731769,0.0131281,0.0528593,0.522447,-0.0294289,0.433553,-0.00852878,0,0,5.23297e-08,-0.26864,0.00377639,0.000834489,0.00135362,0.0028424,0.00186759,0,0,-0.016073,-0.0116399,-0.0272607,0.00583292,0.0112773,-0.00864626,0.0685257,0,0,0,0,3.60072e-12,-3.60072e-12,0,0,0,0,0,0,0,0,0,0,0,0,0.905991,4.25906e-09,0,-1.20024e-12,3.60072e-12,-2.40048e-12,0,0,1.20024e-12,-1.15223e-10,0,0,0,0,0,0,0,0,4.25876e-09,0.905991,
1.04083e-11,-0.945764,0.0292798,-0.009993,0.00137359,0.00129866,-3.62493e-05,0,0,0.585282,-0.0417582,-0.140526,0.0703425,0.0100052,-0.0054449,0.00256126,0,0,-7.10152e-12,-2,-0.00840447,-0.0165792,-0.0050126,0.000782211,1.03581e-06,0,0,0.0390093,0.758297,0.0472526,0.0899277,-0.0238125,-0.0317724,0.025128,0,0,2.08167e-11,-0.753318,0.0790516,0.00442092,0.00474556,0.00276386,-6.8032e-05,0,0,-0.142341,-0.0329411,0.645338,0.0205566,0.0139104,0.0011148,0.000492703,0,0,-1.38778e-11,-2,-9.00822e-05,0.0551582,0.00449743,-0.000808535,-2.44497e-05,0,0,0.0729105,-0.1127,0.0308795,0.666525,0.00225185,0.0377594,0.0118844,0,0,-3.46945e-12,1.09474,0.0226294,0.0204665,-0.0472551,-0.0336443,0.000583442,0,0,0.134391,0.0485948,0.1618,0.115387,0.424362,-0.0243512,0.00698096,0,0,-1.38778e-11,0.359803,0.0141491,-0.0294378,-0.0402558,0.0599692,0.000610997,0,0,-0.000841327,0.0131959,0.0527025,0.522383,-0.0294179,0.433579,-0.00853751,0,0,1.21431e-11,-0.268642,0.00377722,0.000831194,0.0013516,0.0028405,0.00186783,0,0,-0.0160548,-0.0116401,-0.0272552,0.0058378,0.0112689,-0.00864866,0.0685264,0,0,0,-1.20024e-12,0,0,0,0,-1.20024e-12,0,0,0,0,0,0,0,0,0,0.905991,-4.32537e-09,0,-1.20024e-12,0,0,1.20024e-12,1.20024e-12,0,0,0,0,0,0,0,0,0,0,-4.32507e-09,0.905991,
-2.96704e-07,-0.94677,0.0293145,-0.0100168,0.00137106,0.00129982,-3.65499e-05,0,0,0.585394,-0.0418032,-0.140634,0.07047,0.00999676,-0.00546504,0.00256893,0,0,-9.21328e-08,-2,-0.00841381,-0.0165837,-0.00501494,0.000785246,9.25354e-07,0,0,0.0390235,0.758365,0.0472908,0.089961,-0.023826,-0.0317885,0.025128,0,0,-6.12142e-07,-0.754789,0.0790509,0.00439542,0.00474171,0.00276554,-6.86446e-05,0,0,-0.142452,-0.0330056,0.645454,0.0206576,0.0139226,0.00108853,0.000500812,0,0,1.65076e-07,-2,-0.000116714,0.0551672,0.00449611,-0.00080737,-2.42544e-05,0,0,0.0730319,-0.112757,0.0309838,0.666547,0.00223616,0.0377364,0.0118938,0,0,-4.61886e-06,1.09472,0.0225813,0.0205,-0.0472367,-0.0336507,0.000578773,0,0,0.134382,0.048595,0.162004,0.11537,0.424396,-0.0243432,0.00697204,0,0,6.87877e-07,0.361335,0.0141855,-0.02938,-0.0402602,0.060029,0.00060992,0,0,-0.000950916,0.0132634,0.0525455,0.52232,-0.0294069,0.433604,-0.00854624,0,0,5.22178e-08,-0.268645,0.00377809,0.0008277,0.00134951,0.00283862,0.00186811,0,0,-0.0160366,-0.0116403,-0.0272497,0.00584266,0.0112605,-0.00865105,0.0685272,0,0,0,0,0,-1.20024e-12,0,1.20024e-12,-1.20024e-12,5.64113e-11,0,0,0,0,0,0,0,0,0.905991,4.26776e-09,0,0,0,-1.20024e-12,0,1.20024e-12,-1.20024e-12,-1.20024e-12,0,0,0,0,0,0,0,0,4.26806e-09,0.905991,
0,-0.947776,0.0293501,-0.0100408,0.00136927,0.0013013,-3.6574e-05,0,0,0.585506,-0.0418481,-0.140743,0.0705976,0.00998826,-0.00548518,0.0025766,0,0,6.966e-12,-2,-0.00842306,-0.0165877,-0.00501778,0.000788273,8.6827e-07,0,0,0.0390377,0.758434,0.047329,0.0899942,-0.0238394,-0.0318045,0.025128,0,0,0,-0.756264,0.0790512,0.00436895,0.00474013,0.00276833,-6.86342e-05,0,0,-0.142563,-0.0330702,0.645569,0.0207587,0.0139348,0.00106219,0.000508941,0,0,-1.38778e-11,-2,-0.000143745,0.0551772,0.00449415,-0.000807427,-2.42074e-05,0,0,0.0731535,-0.112815,0.0310883,0.666568,0.00222044,0.0377134,0.0119033,0,0,4.51028e-11,1.09471,0.0225373,0.0205243,-0.0472132,-0.0336471,0.000578221,0,0,0.134374,0.0485951,0.162208,0.115352,0.424429,-0.0243352,0.00696313,0,0,2.42861e-11,0.362862,0.0142212,-0.0293209,-0.0402654,0.0600905,0.000608352,0,0,-0.00106054,0.0133308,0.0523881,0.522256,-0.0293958,0.43363,-0.00855495,0,0,4.33681e-12,-0.268647,0.00377896,0.00082435,0.0013473,0.00283649,0.0018684,0,0,-0.0160183,-0.0116405,-0.0272443,0.0058475,0.0112522,-0.00865344,0.0685279,0,0,0,0,2.40048e-12,-2.40048e-12,0,2.40048e-12,-3.60072e-12,-1.14023e-10,0,0,0,0,0,0,0,0,0.905991,-4.32717e-09,0,0,-1.20024e-12,2.40048e-12,-1.20024e-12,-2.40048e-12,2.40048e-12,-1.20024e-12,0,0,0,0,0,0,0,0,-4.32837e-09,0.905991,
-4.33681e-12,-0.948781,0.0293852,-0.0100652,0.00136692,0.00130155,-3.66005e-05,0,0,0.585618,-0.041893,-0.140852,0.0707255,0.00997975,-0.00550534,0.00258428,0,0,-5.78693e-12,-2,-0.00843233,-0.0165916,-0.00502091,0.000790878,8.07778e-07,0,0,0.0390518,0.758503,0.0473672,0.0900274,-0.0238529,-0.0318205,0.025128,0,0,-6.93889e-12,-0.757741,0.0790508,0.00434172,0.00473754,0.00276864,-6.86222e-05,0,0,-0.142675,-0.033135,0.645685,0.0208602,0.013947,0.0010358,0.000517092,0,0,1.38778e-11,-2,-0.000170542,0.0551873,0.00449248,-0.000806952,-2.41576e-05,0,0,0.0732752,-0.112872,0.0311931,0.66659,0.00220471,0.0376905,0.0119128,0,0,1.38778e-11,1.09469,0.0224887,0.020544,-0.0471989,-0.0336621,0.000577599,0,0,0.134365,0.0485951,0.162412,0.115335,0.424463,-0.0243272,0.00695422,0,0,-3.46945e-12,0.364386,0.0142577,-0.0292611,-0.0402694,0.0601549,0.000606842,0,0,-0.00117019,0.013398,0.0522305,0.522193,-0.0293848,0.433656,-0.00856365,0,0,-8.67362e-13,-0.268649,0.00377986,0.000821058,0.00134522,0.00283459,0.0018687,0,0,-0.016,-0.0116406,-0.0272388,0.00585232,0.0112438,-0.00865582,0.0685287,0,0,0,1.20024e-12,1.20024e-12,0,1.20024e-12,2.40048e-12,-2.40048e-12,0,0,0,0,0,0,0,0,0,0.905991,4.26446e-09,0,-1.20024e-12,-1.20024e-12,0,-1.20024e-12,-1.20024e-12,1.20024e-12,0,0,0,0,0,0,0,0,0,4.26506e-09,0.905991,
2.96181e-07,-0.949785,0.0294195,-0.0100894,0.00136513,0.00130268,-3.63298e-05,0,0,0.585731,-0.0419378,-0.140961,0.0708535,0.00997122,-0.00552551,0.00259197,0,0,9.21222e-08,-2,-0.00844172,-0.0165953,-0.00502383,0.000793752,8.41857e-07,0,0,0.0390659,0.758572,0.0474055,0.0900605,-0.0238664,-0.0318364,0.025128,0,0,6.1267e-07,-0.759222,0.0790492,0.00431493,0.00473606,0.00277079,-6.79981e-05,0,0,-0.142786,-0.0331998,0.6458,0.0209619,0.0139591,0.00100935,0.000525264,0,0,-1.64715e-07,-2,-0.000196982,0.0551971,0.00449051,-0.000806931,-2.42733e-05,0,0,0.0733971,-0.112929,0.0312981,0.666612,0.00218896,0.0376675,0.0119222,0,0,4.62124e-06,1.09465,0.022431,0.0205684,-0.0471755,-0.0336633,0.000581619,0,0,0.134357,0.0485951,0.162615,0.115317,0.424497,-0.0243192,0.00694532,0,0,-6.87596e-07,0.365906,0.0142957,-0.0292017,-0.0402748,0.0602167,0.000604649,0,0,-0.00127986,0.013465,0.0520725,0.52213,-0.0293738,0.433682,-0.00857233,0,0,-5.20747e-08,-0.26865,0.00378086,0.000817708,0.00134306,0.00283257,0.00186895,0,0,-0.0159817,-0.0116407,-0.0272332,0.00585711,0.0112355,-0.0086582,0.0685294,0,0,-1.20024e-12,1.20024e-12,0,-1.20024e-12,-1.20024e-12,0,-1.20024e-12,0,0,0,0,0,0,0,0,0,0.905991,-4.31937e-09,0,0,0,0,0,0,0,0,0,0,0,0,0,0,0,0,-4.31937e-09,0.905991,
0,-0.950789,0.0294549,-0.0101137,0.001363,0.00130353,-3.66506e-05,0,0,0.585844,-0.0419827,-0.141069,0.0709817,0.00996267,-0.00554569,0.00259967,0,0,4.5401e-12,-2,-0.00845071,-0.0165991,-0.00502682,0.000796537,6.93566e-07,0,0,0.0390799,0.758641,0.0474437,0.0900937,-0.02388,-0.0318523,0.025128,0,0,-6.93889e-12,-0.760704,0.0790499,0.00428801,0.00473387,0.00277234,-6.86e-05,0,0,-0.142898,-0.0332648,0.645914,0.0210639,0.0139712,0.000982837,0.000533457,0,0,-1.38778e-11,-2,-0.000224109,0.0552069,0.00448872,-0.000806703,-2.406e-05,0,0,0.0735191,-0.112987,0.0314033,0.666633,0.00217319,0.0376446,0.0119317,0,0,4.51028e-11,1.09463,0.0223918,0.0205928,-0.0471568,-0.0336693,0.000576417,0,0,0.134348,0.0485951,0.162819,0.1153,0.424531,-0.0243112,0.00693644,0,0,2.08167e-11,0.367419,0.014331,-0.0291422,-0.0402796,0.060279,0.000603826,0,0,-0.00138954,0.0135317,0.0519143,0.522067,-0.0293627,0.433708,-0.00858099,0,0,-1.64799e-11,-0.268651,0.00378162,0.000814352,0.00134098,0.0028306,0.00186931,0,0,-0.0159634,-0.0116408,-0.0272277,0.00586187,0.0112271,-0.00866058,0.0685302,0,0,0,1.20024e-12,0,0,0,0,-1.20024e-12,0,0,0,0,0,0,0,0,0,0.905991,4.25185e-09,0,-1.20024e-12,1.20024e-12,0,1.20024e-12,0,0,0,0,0,0,0,0,0,0,0,4.25215e-09,0.905991,
2.95832e-07,-0.951791,0.0294892,-0.0101383,0.00136017,0.00130496,-3.63599e-05,0,0,0.585957,-0.0420275,-0.141178,0.0711101,0.00995409,-0.00556587,0.00260737,0,0,9.20914e-08,-2,-0.00846023,-0.0166036,-0.00502928,0.000799642,7.6467e-07,0,0,0.0390939,0.75871,0.047482,0.0901267,-0.0238935,-0.0318682,0.025128,0,0,6.13017e-07,-0.762188,0.0790481,0.00426092,0.00472942,0.00277464,-6.79876e-05,0,0,-0.143009,-0.0333299,0.646029,0.0211661,0.0139833,0.000956266,0.000541671,0,0,-1.64535e-07,-2,-0.000250867,0.0552161,0.00448755,-0.000805738,-2.41939e-05,0,0,0.0736414,-0.113044,0.0315088,0.666655,0.0021574,0.0376216,0.0119412,0,0,4.62283e-06,1.09462,0.0223342,0.0206172,-0.0471426,-0.0336713,0.000580963,0,0,0.134339,0.0485949,0.163022,0.115282,0.424564,-0.0243033,0.00692757,0,0,-6.87398e-07,0.368927,0.0143692,-0.0290824,-0.0402835,0.0603386,0.000601377,0,0,-0.00149926,0.0135983,0.0517558,0.522004,-0.0293517,0.433734,-0.00858964,0,0,-5.19593e-08,-0.268651,0.00378256,0.000810951,0.00133892,0.00282866,0.0018695,0,0,-0.015945,-0.0116409,-0.0272222,0.00586662,0.0112188,-0.00866296,0.0685309,0,0,1.20024e-12,0,1.20024e-12,1.20024e-12,-1.20024e-12,-1.20024e-12,0,0,0,0,0,0,0,0,0,0,0.905991,-4.30196e-09,0,0,0,0,0,-1.20024e-12,0,0,0,0,0,0,0,0,0,0,-4.30286e-09,0.905991,
8.67362e-13,-0.952793,0.0295246,-0.0101626,0.00135805,0.00130583,-3.6681e-05,0,0,0.58607,-0.0420722,-0.141287,0.0712387,0.0099455,-0.00558607,0.00261508,0,0,9.77137e-12,-2,-0.00846956,-0.0166073,-0.00503222,0.00080247,6.13301e-07,0,0,0.0391078,0.75878,0.0475203,0.0901598,-0.0239071,-0.0318841,0.025128,0,0,0,-0.763676,0.079048,0.00423405,0.00472721,0.00277622,-6.85906e-05,0,0,-0.143121,-0.0333951,0.646143,0.0212687,0.0139953,0.000929636,0.000549906,0,0,0,-2,-0.000278184,0.055226,0.00448574,-0.000805482,-2.39822e-05,0,0,0.0737638,-0.113101,0.0316145,0.666676,0.0021416,0.0375987,0.0119507,0,0,-3.46945e-12,1.09458,0.0222854,0.0206418,-0.0471233,-0.0336771,0.00057577,0,0,0.13433,0.0485947,0.163225,0.115265,0.424598,-0.0242953,0.00691871,0,0,2.77556e-11,0.370433,0.0144061,-0.0290227,-0.0402881,0.0604018,0.000600498,0,0,-0.001609,0.0136647,0.051597,0.521941,-0.0293407,0.433759,-0.00859827,0,0,8.67362e-13,-0.268651,0.00378345,0.000807588,0.00133677,0.00282662,0.00186984,0,0,-0.0159267,-0.011641,-0.0272166,0.00587134,0.0112105,-0.00866533,0.0685317,0,0,0,-1.20024e-12,1.20024e-12,0,1.20024e-12,0,0,0,0,0,0,0,0,0,0,0,0.905991,4.23235e-09,0,-1.20024e-12,2.40048e-12,0,0,0,0,0,0,0,0,0,0,0,0,0,4.23205e-09,0.905991,
-2.95495e-07,-0.953794,0.0295601,-0.0101872,0.00135596,0.00130635,-3.67085e-05,0,0,0.586184,-0.0421169,-0.141396,0.0713675,0.00993689,-0.00560628,0.00262279,0,0,-9.20829e-08,-2,-0.00847872,-0.0166111,-0.00503525,0.000805156,5.50938e-07,0,0,0.0391217,0.758849,0.0475587,0.0901928,-0.0239207,-0.0318999,0.025128,0,0,-6.13391e-07,-0.765167,0.0790484,0.00420643,0.00472518,0.00277716,-6.85791e-05,0,0,-0.143232,-0.0334604,0.646257,0.0213714,0.0140073,0.000902947,0.000558162,0,0,1.64341e-07,-2,-0.000305595,0.055236,0.0044839,-0.000805179,-2.39324e-05,0,0,0.0738863,-0.113158,0.0317204,0.666697,0.00212578,0.0375758,0.0119603,0,0,-4.62445e-06,1.09455,0.0222412,0.0206617,-0.047104,-0.0336877,0.000575135,0,0,0.134321,0.0485945,0.163428,0.115248,0.424631,-0.0242874,0.00690985,0,0,6.87162e-07,0.371934,0.0144424,-0.0289622,-0.0402929,0.0604657,0.000598984,0,0,-0.00171876,0.0137309,0.0514379,0.521879,-0.0293297,0.433785,-0.00860689,0,0,5.1837e-08,-0.26865,0.00378427,0.000804281,0.00133463,0.00282466,0.00187015,0,0,-0.0159083,-0.011641,-0.027211,0.00587605,0.0112022,-0.0086677,0.0685324,0,0,0,-1.20024e-12,0,-1.20024e-12,-1.20024e-12,2.40048e-12,-1.20024e-12,0,0,0,0,0,0,0,0,0,0.905991,4.27796e-09,0,-1.20024e-12,0,-1.20024e-12,-1.20024e-12,0,1.20024e-12,0,0,0,0,0,0,0,0,0,4.27856e-09,0.905991,
-2.60209e-12,-0.954794,0.029595,-0.0102114,0.00135413,0.00130688,-3.64394e-05,0,0,0.586298,-0.0421616,-0.141505,0.0714964,0.00992825,-0.00562649,0.00263051,0,0,-5.96311e-13,-2,-0.00848792,-0.0166146,-0.00503817,0.000807837,5.83284e-07,0,0,0.0391355,0.758919,0.047597,0.0902258,-0.0239343,-0.0319157,0.025128,0,0,-6.93889e-12,-0.766658,0.0790481,0.00417986,0.00472365,0.00277811,-6.79546e-05,0,0,-0.143344,-0.0335258,0.64637,0.0214745,0.0140192,0.000876198,0.00056644,0,0,0,-2,-0.000332817,0.0552455,0.00448192,-0.000804831,-2.40476e-05,0,0,0.074009,-0.113215,0.0318266,0.666718,0.00210994,0.0375529,0.0119698,0,0,-4.16334e-11,1.09453,0.0221924,0.0206909,-0.0470802,-0.0336984,0.000579149,0,0,0.134312,0.0485942,0.163631,0.115231,0.424664,-0.0242794,0.006901,0,0,1.04083e-11,0.373428,0.0144795,-0.0289029,-0.0402985,0.0605292,0.000596786,0,0,-0.00182854,0.0137969,0.0512785,0.521816,-0.0293186,0.433811,-0.00861549,0,0,-5.20417e-12,-0.26865,0.00378512,0.000800866,0.00133247,0.00282272,0.00187041,0,0,-0.0158899,-0.0116411,-0.0272055,0.00588072,0.0111939,-0.00867006,0.0685332,0,0,0,0,2.40048e-12,2.40048e-12,2.40048e-12,-1.20024e-12,0,0,0,0,0,0,0,0,0,0,0.905991,-4.43669e-09,0,0,1.20024e-12,-1.20024e-12,-1.20024e-12,-1.20024e-12,0,0,0,0,0,0,0,0,0,0,-4.43609e-09,0.905991,
-2.95142e-07,-0.955793,0.0296302,-0.0102363,0.00135136,0.0013083,-3.64647e-05,0,0,0.586412,-0.0422063,-0.141614,0.0716256,0.0099196,-0.00564672,0.00263824,0,0,-9.20674e-08,-2,-0.00849699,-0.0166183,-0.00504132,0.000810803,5.25908e-07,0,0,0.0391493,0.758989,0.0476354,0.0902587,-0.0239479,-0.0319315,0.0251281,0,0,-6.13752e-07,-0.768153,0.0790483,0.00415193,0.00472015,0.00278091,-6.79445e-05,0,0,-0.143455,-0.0335914,0.646483,0.0215778,0.0140311,0.000849391,0.000574739,0,0,1.64091e-07,-2,-0.000360248,0.0552553,0.00448046,-0.000804912,-2.39996e-05,0,0,0.0741319,-0.113272,0.031933,0.666739,0.00209409,0.0375299,0.0119793,0,0,-4.62608e-06,1.0945,0.0221484,0.0207109,-0.0470703,-0.0336952,0.00057857,0,0,0.134303,0.0485938,0.163834,0.115214,0.424698,-0.0242715,0.00689217,0,0,6.86999e-07,0.374918,0.014516,-0.028842,-0.040302,0.0605903,0.000595262,0,0,-0.00193834,0.0138627,0.0511188,0.521754,-0.0293076,0.433837,-0.00862407,0,0,5.17208e-08,-0.268648,0.0037859,0.000797546,0.00133049,0.00282064,0.00187071,0,0,-0.0158715,-0.0116411,-0.0271999,0.00588537,0.0111856,-0.00867243,0.0685339,0,0,-2.40048e-12,-2.40048e-12,0,-2.40048e-12,2.40048e-12,2.40048e-12,1.20024e-12,0,0,0,0,0,0,0,0,0,0.905991,-4.4568e-09,1.20024e-12,1.20024e-12,0,1.20024e-12,-1.20024e-12,-1.20024e-12,-2.40048e-12,0,0,0,0,0,0,0,0,0,-4.4568e-09,0.905991,
-5.20417e-12,-0.956792,0.0296647,-0.0102606,0.00134945,0.00130914,-3.70793e-05,0,0,0.586527,-0.0422509,-0.141723,0.0717549,0.00991093,-0.00566696,0.00264598,0,0,-8.38901e-12,-2,-0.00850624,-0.0166218,-0.00504417,0.000813591,2.85505e-07,0,0,0.0391631,0.759059,0.0476738,0.0902916,-0.0239615,-0.0319472,0.0251281,0,0,-6.93889e-12,-0.769652,0.0790474,0.00412512,0.00471841,0.0027825,-6.91626e-05,0,0,-0.143567,-0.033657,0.646596,0.0216814,0.0140429,0.000822524,0.00058306,0,0,0,-2,-0.000387428,0.0552646,0.00447852,-0.00080463,-2.36242e-05,0,0,0.0742549,-0.113329,0.0320396,0.66676,0.00207821,0.037507,0.0119888,0,0,-2.08167e-11,1.09446,0.0220951,0.0207402,-0.0470464,-0.0337014,0.000568753,0,0,0.134294,0.0485933,0.164037,0.115197,0.424731,-0.0242636,0.00688335,0,0,-1.73472e-11,0.376404,0.014554,-0.0287824,-0.0403076,0.0606527,0.000595103,0,0,-0.00204814,0.0139282,0.0509589,0.521692,-0.0292966,0.433862,-0.00863263,0,0,1.47451e-11,-0.268646,0.00378677,0.000794117,0.00132835,0.00281865,0.00187112,0,0,-0.015853,-0.0116411,-0.0271943,0.00589,0.0111773,-0.00867479,0.0685347,0,0,0,2.40048e-12,2.40048e-12,-2.40048e-12,2.40048e-12,-2.40048e-12,2.40048e-12,0,0,0,0,0,0,0,0,0,0.905991,-4.34727e-09,0,0,0,0,0,0,0,0,0,0,0,0,0,0,0,0,-4.34847e-09,0.905991,
2.94793e-07,-0.95779,0.0296996,-0.0102855,0.00134656,0.00130998,-3.70843e-05,0,0,0.586641,-0.0422955,-0.141832,0.0718844,0.00990223,-0.0056872,0.00265372,0,0,9.206e-08,-2,-0.00851557,-0.0166261,-0.00504658,0.000816513,2.64182e-07,0,0,0.0391768,0.759129,0.0477122,0.0903244,-0.0239752,-0.0319629,0.0251282,0,0,6.14106e-07,-0.771153,0.079047,0.00409756,0.00471381,0.00278361,-6.91643e-05,0,0,-0.143678,-0.0337228,0.646708,0.0217853,0.0140547,0.000795598,0.000591402,0,0,-1.63883e-07,-2,-0.000415089,0.0552737,0.00447736,-0.000803292,-2.35945e-05,0,0,0.0743781,-0.113386,0.0321465,0.666781,0.00206233,0.0374841,0.0119984,0,0,4.62765e-06,1.09442,0.0220465,0.0207649,-0.0470318,-0.0337128,0.000568688,0,0,0.134285,0.0485928,0.164239,0.115181,0.424764,-0.0242556,0.00687454,0,0,-6.86829e-07,0.377885,0.0145914,-0.0287219,-0.0403117,0.0607138,0.000593321,0,0,-0.00215796,0.0139936,0.0507986,0.52163,-0.0292856,0.433888,-0.00864119,0,0,-5.16141e-08,-0.268644,0.00378756,0.000790694,0.0013263,0.0028168,0.00187136,0,0,-0.0158346,-0.0116411,-0.0271886,0.0058946,0.0111691,-0.00867714,0.0685354,0,0,1.20024e-12,0,0,0,0,0,0,0,0,0,0,0,0,0,0,0,0.905991,4.14263e-09,0,0,2.40048e-12,-2.40048e-12,0,0,2.40048e-12,0,0,0,0,0,0,0,0,0,4.14263e-09,0.905991,
-2.94607e-07,-0.958786,0.0297354,-0.0103104,0.00134467,0.00131084,-3.65205e-05,0,0,0.586756,-0.0423401,-0.141942,0.0720141,0.00989352,-0.00570745,0.00266147,0,0,-9.20504e-08,-2,-0.00852482,-0.0166298,-0.0050494,0.000819345,3.88075e-07,0,0,0.0391904,0.7592,0.0477507,0.0903573,-0.0239889,-0.0319785,0.0251282,0,0,-6.14273e-07,-0.772654,0.0790477,0.00406962,0.00471209,0.00278522,-6.79269e-05,0,0,-0.14379,-0.0337887,0.646821,0.0218894,0.0140665,0.000768612,0.000599765,0,0,1.63758e-07,-2,-0.000443164,0.0552836,0.0044754,-0.000803001,-2.38758e-05,0,0,0.0745015,-0.113442,0.0322536,0.666802,0.00204642,0.0374612,0.0120079,0,0,-4.62853e-06,1.0944,0.0220019,0.0207851,-0.0470073,-0.0337188,0.000577381,0,0,0.134276,0.0485922,0.164442,0.115164,0.424797,-0.0242477,0.00686574,0,0,6.86735e-07,0.37936,0.0146282,-0.0286607,-0.0403172,0.0607772,0.000590359,0,0,-0.00226781,0.0140587,0.0506381,0.521568,-0.0292746,0.433914,-0.00864972,0,0,5.15404e-08,-0.268642,0.00378836,0.000787362,0.00132408,0.00281474,0.00187155,0,0,-0.0158161,-0.011641,-0.027183,0.00589918,0.0111608,-0.0086795,0.0685362,0,0,0,0,0,0,0,-2.40048e-12,0,0,0,0,0,0,0,0,0,0,0.905991,4.06852e-09,0,0,0,0,0,0,1.20024e-12,0,0,0,0,0,0,0,0,0,4.06822e-09,0.905991,
-8.67362e-13,-0.959783,0.0297701,-0.0103348,0.00134224,0.00131165,-3.6843e-05,0,0,0.586872,-0.0423846,-0.142051,0.072144,0.00988478,-0.00572771,0.00266922,0,0,-2.53432e-12,-2,-0.00853426,-0.0166331,-0.0050525,0.000822125,2.32495e-07,0,0,0.039204,0.759271,0.0477892,0.09039,-0.0240026,-0.0319941,0.0251283,0,0,0,-0.77416,0.0790464,0.00404277,0.00470933,0.00278681,-6.85306e-05,0,0,-0.143902,-0.0338547,0.646932,0.0219938,0.0140782,0.000741566,0.00060815,0,0,-1.38778e-11,-2,-0.000470681,0.0552931,0.00447372,-0.000802833,-2.36632e-05,0,0,0.074625,-0.113499,0.032361,0.666823,0.0020305,0.0374384,0.0120175,0,0,-2.08167e-11,1.09436,0.0219435,0.0208146,-0.0469921,-0.033725,0.000572123,0,0,0.134267,0.0485916,0.164644,0.115147,0.42483,-0.0242398,0.00685695,0,0,6.93889e-12,0.380832,0.0146671,-0.0286008,-0.0403214,0.0608408,0.000589513,0,0,-0.00237767,0.0141237,0.0504772,0.521507,-0.0292636,0.433939,-0.00865824,0,0,1.64799e-11,-0.268639,0.00378929,0.000783932,0.00132199,0.00281271,0.00187192,0,0,-0.0157976,-0.011641,-0.0271774,0.00590374,0.0111526,-0.00868185,0.0685369,0,0,0,-1.20024e-12,0,1.20024e-12,0,0,1.20024e-12,0,0,0,0,0,0,0,0,0,0.905991,4.09882e-09,0,1.20024e-12,0,0,0,-2.40048e-12,0,0,0,0,0,0,0,0,0,0,4.09822e-09,0.905991,
-2.94265e-07,-0.960778,0.0298055,-0.0103592,0.00134035,0.00131217,-3.68698e-05,0,0,0.586987,-0.0424291,-0.14216,0.0722741,0.00987603,-0.00574798,0.00267698,0,0,-9.20286e-08,-2,-0.00854338,-0.0166364,-0.00505539,0.000824806,1.71506e-07,0,0,0.0392175,0.759342,0.0478277,0.0904228,-0.0240163,-0.0320097,0.0251283,0,0,-6.14647e-07,-0.775668,0.079047,0.00401576,0.00470769,0.00278779,-6.85208e-05,0,0,-0.144013,-0.0339208,0.647044,0.0220985,0.0140899,0.000714462,0.000616557,0,0,1.63536e-07,-2,-0.000498665,0.0553026,0.00447175,-0.000802459,-2.36149e-05,0,0,0.0747487,-0.113556,0.0324686,0.666843,0.00201455,0.0374155,0.0120271,0,0,-4.63012e-06,1.09432,0.0218991,0.0208441,-0.0469677,-0.0337359,0.000571515,0,0,0.134258,0.0485909,0.164846,0.115131,0.424863,-0.0242319,0.00684817,0,0,6.86565e-07,0.382298,0.0147041,-0.0285407,-0.0403272,0.0609046,0.000587983,0,0,-0.00248754,0.0141884,0.0503161,0.521445,-0.0292526,0.433965,-0.00866674,0,0,5.14398e-08,-0.268635,0.00379005,0.000780498,0.00131982,0.00281075,0.00187223,0,0,-0.015779,-0.0116409,-0.0271717,0.00590827,0.0111443,-0.00868419,0.0685376,0,0,2.40048e-12,1.20024e-12,0,2.40048e-12,0,0,-1.20024e-12,-1.15223e-10,0,0,0,0,0,0,0,0,0.905991,4.22605e-09,0,0,0,0,0,-1.20024e-12,0,0,0,0,0,0,0,0,0,0,4.22635e-09,0.905991,
2.94081e-07,-0.961772,0.0298405,-0.0103847,0.00133782,0.00131299,-3.66013e-05,0,0,0.587103,-0.0424735,-0.142269,0.0724044,0.00986725,-0.00576826,0.00268475,0,0,9.20148e-08,-2,-0.00855255,-0.01664,-0.00505842,0.000827587,2.04859e-07,0,0,0.039231,0.759413,0.0478662,0.0904555,-0.02403,-0.0320253,0.0251284,0,0,6.14807e-07,-0.77718,0.0790468,0.00398676,0.0047047,0.00278939,-6.78969e-05,0,0,-0.144125,-0.033987,0.647155,0.0222034,0.0141015,0.000687297,0.000624985,0,0,-1.63439e-07,-2,-0.000526532,0.0553123,0.00447013,-0.000802188,-2.37311e-05,0,0,0.0748725,-0.113612,0.0325764,0.666864,0.00199859,0.0373926,0.0120366,0,0,4.63094e-06,1.09427,0.0218501,0.0208598,-0.0469527,-0.0337422,0.000575569,0,0,0.134248,0.0485901,0.165048,0.115114,0.424895,-0.024224,0.00683941,0,0,-6.86465e-07,0.38376,0.0147418,-0.0284784,-0.0403315,0.0609674,0.000585754,0,0,-0.00259742,0.0142529,0.0501547,0.521384,-0.0292416,0.43399,-0.00867522,0,0,-5.13808e-08,-0.268631,0.00379085,0.000777211,0.00131777,0.00280875,0.00187249,0,0,-0.0157605,-0.0116408,-0.027166,0.00591278,0.0111361,-0.00868654,0.0685384,0,0,2.40048e-12,0,2.40048e-12,-2.40048e-12,-2.40048e-12,0,0,-5.64113e-11,0,0,0,0,0,0,0,0,0.905991,-4.4649e-09,1.20024e-12,0,2.40048e-12,-1.20024e-12,-1.20024e-12,-1.20024e-12,0,0,0,0,0,0,0,0,0,0,-4.4652e-09,0.905991,
-1.73472e-12,-0.962766,0.0298754,-0.0104093,0.00133586,0.00131412,-3.72143e-05,0,0,0.587219,-0.0425179,-0.142378,0.0725348,0.00985846,-0.00578855,0.00269253,0,0,-5.00088e-12,-2,-0.00856172,-0.0166433,-0.00506125,0.000830467,-3.67575e-08,0,0,0.0392445,0.759484,0.0479047,0.0904882,-0.0240438,-0.0320408,0.0251285,0,0,0,-0.778693,0.0790467,0.0039595,0.00470285,0.00279162,-6.91181e-05,0,0,-0.144237,-0.0340533,0.647266,0.0223087,0.0141131,0.000660074,0.000633436,0,0,1.38778e-11,-2,-0.000554476,0.0553216,0.0044682,-0.000802046,-2.33576e-05,0,0,0.0749965,-0.113669,0.0326845,0.666884,0.00198261,0.0373697,0.0120462,0,0,-1.38778e-11,1.09423,0.0218011,0.0208893,-0.0469283,-0.033744,0.000565744,0,0,0.134239,0.0485893,0.16525,0.115098,0.424928,-0.0242161,0.00683065,0,0,0,0.385216,0.0147797,-0.028418,-0.0403373,0.0610295,0.000585577,0,0,-0.00270731,0.0143172,0.049993,0.521322,-0.0292307,0.434016,-0.00868368,0,0,5.20417e-12,-0.268627,0.00379163,0.000773763,0.00131563,0.0028067,0.0018729,0,0,-0.0157419,-0.0116406,-0.0271603,0.00591726,0.0111279,-0.00868888,0.0685391,0,0,0,1.20024e-12,1.20024e-12,0,1.20024e-12,1.20024e-12,1.20024e-12,0,0,0,0,0,0,0,0,0,0.905991,-4.56332e-09,0,2.40048e-12,2.40048e-12,0,2.40048e-12,2.40048e-12,2.40048e-12,0,0,0,0,0,0,0,0,0,-4.56422e-09,0.905991,
-2.93736e-07,-0.963758,0.0299105,-0.0104345,0.00133321,0.00131524,-3.72199e-05,0,0,0.587335,-0.0425623,-0.142488,0.0726654,0.00984964,-0.00580884,0.00270031,0,0,-9.20129e-08,-2,-0.00857106,-0.0166474,-0.00506355,0.000833474,-5.92158e-08,0,0,0.0392578,0.759555,0.0479433,0.0905208,-0.0240576,-0.0320563,0.0251286,0,0,-6.15188e-07,-0.780208,0.0790465,0.00393148,0.00469877,0.00279338,-6.91206e-05,0,0,-0.144349,-0.0341197,0.647376,0.0224141,0.0141247,0.000632789,0.000641908,0,0,1.63217e-07,-2,-0.000582737,0.0553305,0.00446688,-0.00080085,-2.33286e-05,0,0,0.0751207,-0.113725,0.0327928,0.666904,0.00196662,0.0373469,0.0120558,0,0,-4.63258e-06,1.09419,0.0217521,0.0209144,-0.0469085,-0.033751,0.000565682,0,0,0.134229,0.0485884,0.165452,0.115082,0.424961,-0.0242082,0.00682191,0,0,6.86257e-07,0.386666,0.0148177,-0.0283567,-0.0403422,0.0610902,0.000583777,0,0,-0.0028172,0.0143813,0.0498311,0.521261,-0.0292197,0.434041,-0.00869213,0,0,5.12845e-08,-0.268622,0.00379238,0.000770322,0.00131351,0.00280477,0.00187315,0,0,-0.0157234,-0.0116405,-0.0271546,0.00592171,0.0111197,-0.00869121,0.0685399,0,0,-1.20024e-12,0,0,0,0,-1.20024e-12,-1.20024e-12,0,0,0,0,0,0,0,0,0,0.905991,-4.51651e-09,1.20024e-12,1.20024e-12,1.20024e-12,0,0,1.20024e-12,1.20024e-12,0,0,0,0,0,0,0,0,0,-4.51591e-09,0.905991,
5.20417e-12,-0.964749,0.0299458,-0.0104591,0.00133098,0.00131609,-3.69523e-05,0,0,0.587452,-0.0426066,-0.142597,0.0727962,0.0098408,-0.00582915,0.00270809,0,0,5.73272e-12,-2,-0.0085805,-0.0166507,-0.00506643,0.000836304,-2.87665e-08,0,0,0.0392712,0.759627,0.0479819,0.0905534,-0.0240714,-0.0320717,0.0251287,0,0,6.93889e-12,-0.781726,0.0790462,0.00390433,0.00469633,0.00279502,-6.84974e-05,0,0,-0.14446,-0.0341863,0.647487,0.0225199,0.0141362,0.000605445,0.000650402,0,0,-1.38778e-11,-2,-0.000611092,0.0553399,0.00446509,-0.000800537,-2.34462e-05,0,0,0.075245,-0.113781,0.0329013,0.666925,0.00195061,0.037324,0.0120654,0,0,1.38778e-11,1.09415,0.0216979,0.0209441,-0.0468881,-0.0337573,0.000569754,0,0,0.13422,0.0485874,0.165654,0.115066,0.424993,-0.0242004,0.00681318,0,0,1.38778e-11,0.388112,0.0148564,-0.0282962,-0.0403472,0.061154,0.000581486,0,0,-0.00292712,0.0144452,0.0496688,0.5212,-0.0292087,0.434067,-0.00870056,0,0,0,-0.268617,0.00379324,0.000766869,0.00131134,0.0028027,0.0018734,0,0,-0.0157047,-0.0116404,-0.0271489,0.00592615,0.0111115,-0.00869354,0.0685406,0,0,0,0,0,0,0,-1.20024e-12,1.20024e-12,0,0,0,0,0,0,0,0,0,0.905991,-4.34577e-09,0,0,0,0,0,2.40048e-12,-2.40048e-12,0,0,0,0,0,0,0,0,0,-4.34577e-09,0.905991,
-6.93889e-12,-0.96574,0.0299813,-0.0104847,0.00132879,0.0013166,-3.66874e-05,0,0,0.587569,-0.0426509,-0.142706,0.0729272,0.00983195,-0.00584946,0.00271589,0,0,5.69206e-13,-2,-0.00858977,-0.0166541,-0.00506942,0.00083899,-1.71556e-09,0,0,0.0392845,0.759698,0.0480205,0.090586,-0.0240852,-0.0320871,0.0251288,0,0,-1.38778e-11,-0.783247,0.0790464,0.00387518,0.00469408,0.00279602,-6.78723e-05,0,0,-0.144572,-0.0342529,0.647596,0.022626,0.0141477,0.000578042,0.000658917,0,0,0,-2,-0.000639542,0.0553499,0.00446325,-0.000800185,-2.3561e-05,0,0,0.0753695,-0.113837,0.0330101,0.666945,0.00193458,0.0373012,0.012075,0,0,3.46945e-11,1.0941,0.0216484,0.02096,-0.0468677,-0.0337683,0.00057376,0,0,0.13421,0.0485864,0.165855,0.11505,0.425026,-0.0241925,0.00680446,0,0,1.04083e-11,0.389555,0.0148946,-0.0282334,-0.0403523,0.0612186,0.000579249,0,0,-0.00303705,0.0145088,0.0495062,0.521139,-0.0291978,0.434092,-0.00870898,0,0,1.38778e-11,-0.268611,0.00379403,0.000763575,0.00130918,0.0028007,0.00187366,0,0,-0.0156861,-0.0116402,-0.0271432,0.00593056,0.0111033,-0.00869587,0.0685413,0,0,0,0,0,-2.40048e-12,0,-1.20024e-12,1.20024e-12,-1.15223e-10,0,0,0,0,0,0,0,0,0.905991,4.09402e-09,0,0,0,2.40048e-12,0,1.20024e-12,-1.20024e-12,0,0,0,0,0,0,0,0,0,4.09402e-09,0.905991,
-6.93889e-12,-0.966729,0.0300168,-0.0105094,0.00132626,0.00131769,-3.70082e-05,0,0,0.587686,-0.0426951,-0.142816,0.0730584,0.00982307,-0.00586978,0.00272369,0,0,-1.54499e-12,-2,-0.00859889,-0.0166573,-0.00507248,0.000841852,-1.5611e-07,0,0,0.0392977,0.75977,0.0480591,0.0906185,-0.024099,-0.0321025,0.0251289,0,0,-1.38778e-11,-0.78477,0.0790471,0.00384771,0.00469112,0.00279826,-6.84789e-05,0,0,-0.144684,-0.0343197,0.647706,0.0227323,0.0141591,0.000550578,0.000667455,0,0,0,-2,-0.000668128,0.0553592,0.00446161,-0.000800117,-2.33503e-05,0,0,0.0754942,-0.113893,0.0331191,0.666965,0.00191853,0.0372783,0.0120846,0,0,-1.73472e-11,1.09406,0.0216037,0.0209898,-0.046852,-0.0337701,0.000568519,0,0,0.1342,0.0485853,0.166057,0.115034,0.425058,-0.0241846,0.00679575,0,0,0,0.390991,0.0149321,-0.0281726,-0.0403569,0.0612814,0.000578389,0,0,-0.00314698,0.0145723,0.0493434,0.521079,-0.0291868,0.434117,-0.00871738,0,0,2.94903e-11,-0.268605,0.00379475,0.000760122,0.00130711,0.00279862,0.00187403,0,0,-0.0156675,-0.01164,-0.0271375,0.00593494,0.0110952,-0.0086982,0.0685421,0,0,0,-1.20024e-12,0,0,0,0,-1.20024e-12,0,0,0,0,0,0,0,0,0,0.905991,3.9809e-09,0,0,-1.20024e-12,0,0,0,1.20024e-12,0,0,0,0,0,0,0,0,0,3.9806e-09,0.905991,
1.73472e-12,-0.967718,0.0300522,-0.0105349,0.00132399,0.0013182,-3.73277e-05,0,0,0.587804,-0.0427393,-0.142925,0.0731898,0.00981418,-0.0058901,0.0027315,0,0,4.89246e-12,-2,-0.00860797,-0.0166606,-0.00507541,0.000844533,-3.08558e-07,0,0,0.0393109,0.759842,0.0480978,0.090651,-0.0241129,-0.0321179,0.0251291,0,0,0,-0.786297,0.0790478,0.00381887,0.00468866,0.00279928,-6.90866e-05,0,0,-0.144796,-0.0343866,0.647815,0.0228389,0.0141705,0.000523055,0.000676015,0,0,0,-2,-0.000696747,0.0553687,0.00445983,-0.000799678,-2.31406e-05,0,0,0.075619,-0.113949,0.0332284,0.666985,0.00190247,0.0372555,0.0120942,0,0,1.73472e-11,1.094,0.021559,0.0210104,-0.0468318,-0.0337814,0.000563299,0,0,0.134191,0.0485841,0.166258,0.115018,0.42509,-0.0241768,0.00678705,0,0,2.08167e-11,0.392423,0.0149697,-0.0281102,-0.0403622,0.0613453,0.000577522,0,0,-0.00325692,0.0146355,0.0491803,0.521018,-0.0291758,0.434143,-0.00872575,0,0,1.04083e-11,-0.268598,0.00379545,0.000756766,0.001305,0.00279665,0.0018744,0,0,-0.0156488,-0.0116398,-0.0271317,0.0059393,0.011087,-0.00870052,0.0685428,0,0,0,-2.40048e-12,0,-2.40048e-12,0,-2.40048e-12,0,0,0,0,0,0,0,0,0,0,0.905991,3.9692e-09,0,0,0,0,0,0,0,0,0,0,0,0,0,0,0,0,3.9698e-09,0.905991,
0,-0.968706,0.0300871,-0.01056,0.00132161,0.0013196,-3.70415e-05,0,0,0.587921,-0.0427835,-0.143034,0.0733213,0.00980526,-0.00591044,0.00273931,0,0,-9.48677e-14,-2,-0.00861739,-0.0166643,-0.00507762,0.000847615,-2.41136e-07,0,0,0.039324,0.759914,0.0481365,0.0906834,-0.0241268,-0.0321332,0.0251292,0,0,0,-0.787825,0.0790472,0.00379108,0.00468517,0.00280167,-6.84733e-05,0,0,-0.144908,-0.0344536,0.647924,0.0229458,0.0141818,0.000495471,0.000684597,0,0,0,-2,-0.000725335,0.0553773,0.00445834,-0.00079866,-2.32742e-05,0,0,0.075744,-0.114005,0.0333379,0.667004,0.00188639,0.0372327,0.0121039,0,0,-3.1225e-11,1.09395,0.0215051,0.0210403,-0.0468069,-0.033784,0.000567858,0,0,0.134181,0.0485829,0.166459,0.115002,0.425122,-0.0241689,0.00677837,0,0,1.04083e-11,0.39385,0.0150089,-0.028049,-0.0403679,0.0614058,0.000575034,0,0,-0.00336686,0.0146985,0.0490168,0.520958,-0.0291649,0.434168,-0.00873412,0,0,-4.33681e-12,-0.268591,0.00379622,0.000753261,0.00130282,0.00279467,0.0018746,0,0,-0.0156301,-0.0116395,-0.0271259,0.00594364,0.0110788,-0.00870284,0.0685435,0,0,0,-1.20024e-12,1.20024e-12,-1.20024e-12,0,-1.20024e-12,-1.20024e-12,0,0,0,0,0,0,0,0,0,0.905991,4.05021e-09,0,0,2.40048e-12,-2.40048e-12,0,-2.40048e-12,-2.40048e-12,0,0,0,0,0,0,0,0,0,4.05021e-09,0.905991,
5.20417e-12,-0.969692,0.0301228,-0.0105852,0.00131964,0.00132043,-3.70686e-05,0,0,0.588039,-0.0428276,-0.143144,0.0734531,0.00979632,-0.00593078,0.00274713,0,0,1.05845e-11,-2,-0.00862674,-0.0166675,-0.00508042,0.000850433,-3.04534e-07,0,0,0.0393371,0.759987,0.0481752,0.0907158,-0.0241407,-0.0321485,0.0251293,0,0,1.38778e-11,-0.789357,0.0790477,0.00376292,0.0046833,0.00280333,-6.84658e-05,0,0,-0.14502,-0.0345207,0.648032,0.0230529,0.0141931,0.000467827,0.0006932,0,0,0,-2,-0.00075434,0.0553868,0.00445638,-0.000798352,-2.32286e-05,0,0,0.0758691,-0.114061,0.0334477,0.667024,0.00187029,0.0372099,0.0121135,0,0,3.46945e-11,1.0939,0.0214553,0.0210656,-0.0467814,-0.0337904,0.000567286,0,0,0.134171,0.0485816,0.16666,0.114986,0.425154,-0.0241611,0.0067697,0,0,1.73472e-11,0.395272,0.0150474,-0.0279871,-0.0403738,0.0614699,0.000573423,0,0,-0.00347682,0.0147614,0.0488531,0.520898,-0.0291539,0.434193,-0.00874247,0,0,-1.56125e-11,-0.268584,0.003797,0.000749846,0.00130059,0.00279258,0.00187491,0,0,-0.0156114,-0.0116393,-0.0271202,0.00594795,0.0110707,-0.00870515,0.0685443,0,0,0,1.20024e-12,0,0,0,0,0,0,0,0,0,0,0,0,0,0,0.905991,4.22575e-09,0,0,-1.20024e-12,1.20024e-12,0,1.20024e-12,0,0,0,0,0,0,0,0,0,0,4.22545e-09,0.905991,
2.92491e-07,-0.970678,0.0301584,-0.0106104,0.00131711,0.00132151,-3.68054e-05,0,0,0.588157,-0.0428717,-0.143253,0.073585,0.00978736,-0.00595113,0.00275496,0,0,9.19618e-08,-2,-0.008636,-0.0166706,-0.00508349,0.000853293,-2.79203e-07,0,0,0.0393502,0.760059,0.0482139,0.0907482,-0.0241546,-0.0321637,0.0251295,0,0,6.16431e-07,-0.79089,0.0790481,0.00373461,0.00468038,0.00280559,-6.78405e-05,0,0,-0.145132,-0.034588,0.648141,0.0231603,0.0142043,0.000440124,0.000701826,0,0,-1.62453e-07,-2,-0.000783275,0.0553963,0.0044547,-0.000798324,-2.3343e-05,0,0,0.0759944,-0.114117,0.0335576,0.667044,0.00185417,0.0371871,0.0121231,0,0,4.63832e-06,1.09385,0.0214055,0.021091,-0.0467652,-0.0337923,0.000571288,0,0,0.134161,0.0485803,0.166861,0.114971,0.425186,-0.0241533,0.00676103,0,0,-6.85587e-07,0.396689,0.0150861,-0.0279251,-0.0403784,0.0615333,0.000571179,0,0,-0.00358679,0.014824,0.0486891,0.520838,-0.029143,0.434219,-0.0087508,0,0,-5.08951e-08,-0.268576,0.00379776,0.000746435,0.00129848,0.00279046,0.00187518,0,0,-0.0155927,-0.011639,-0.0271144,0.00595224,0.0110626,-0.00870747,0.068545,0,0,0,1.20024e-12,0,0,0,0,-1.20024e-12,0,0,0,0,0,0,0,0,0,0.905991,-4.51591e-09,3.60072e-12,0,0,3.60072e-12,0,0,0,0,0,0,0,0,0,0,0,0,-4.51591e-09,0.905991,
2.60209e-12,-0.971662,0.0301937,-0.0106357,0.00131483,0.001322,-3.68337e-05,0,0,0.588276,-0.0429158,-0.143363,0.0737171,0.00977839,-0.00597148,0.00276279,0,0,-3.82181e-12,-2,-0.0086452,-0.0166736,-0.00508645,0.000855963,-3.43154e-07,0,0,0.0393632,0.760132,0.0482526,0.0907805,-0.0241685,-0.0321789,0.0251297,0,0,6.93889e-12,-0.792425,0.0790484,0.00370612,0.00467796,0.00280661,-6.78321e-05,0,0,-0.145243,-0.0346553,0.648248,0.0232681,0.0142156,0.00041236,0.000710474,0,0,1.38778e-11,-2,-0.000812184,0.0554057,0.00445289,-0.000797925,-2.32957e-05,0,0,0.0761199,-0.114173,0.0336679,0.667063,0.00183803,0.0371643,0.0121328,0,0,-4.16334e-11,1.0938,0.0213559,0.0211165,-0.0467445,-0.0338037,0.000570677,0,0,0.134151,0.0485789,0.167062,0.114955,0.425218,-0.0241454,0.00675237,0,0,-6.93889e-12,0.398099,0.0151248,-0.0278629,-0.0403838,0.0615977,0.000569624,0,0,-0.00369676,0.0148863,0.0485249,0.520778,-0.029132,0.434244,-0.00875911,0,0,8.67362e-13,-0.268568,0.0037985,0.000743019,0.00129635,0.00278847,0.0018755,0,0,-0.015574,-0.0116387,-0.0271086,0.0059565,0.0110545,-0.00870978,0.0685457,0,0,0,-1.20024e-12,0,0,0,0,0,5.76116e-11,0,0,0,0,0,0,0,0,0.905991,-4.66414e-09,0,1.20024e-12,0,0,0,0,0,0,0,0,0,0,0,0,0,0,-4.66504e-09,0.905991,
-6.07153e-12,-0.972646,0.0302286,-0.0106614,0.00131252,0.00132308,-3.71532e-05,0,0,0.588395,-0.0429598,-0.143472,0.0738494,0.00976939,-0.00599185,0.00277063,0,0,-1.58565e-12,-2,-0.00865447,-0.0166767,-0.00508937,0.000858819,-4.96998e-07,0,0,0.0393761,0.760205,0.0482914,0.0908128,-0.0241825,-0.0321941,0.0251298,0,0,-1.38778e-11,-0.793964,0.079048,0.00367687,0.00467543,0.00280889,-6.84412e-05,0,0,-0.145355,-0.0347228,0.648356,0.023376,0.0142267,0.000384536,0.000719145,0,0,0,-2,-0.000840966,0.055415,0.00445111,-0.000797802,-2.30868e-05,0,0,0.0762455,-0.114228,0.0337784,0.667083,0.00182187,0.0371415,0.0121424,0,0,3.1225e-11,1.09374,0.0213016,0.0211373,-0.0467238,-0.0338058,0.000565449,0,0,0.134141,0.0485774,0.167263,0.11494,0.42525,-0.0241376,0.00674373,0,0,1.04083e-11,0.399506,0.0151643,-0.0277999,-0.0403892,0.0616605,0.000568748,0,0,-0.00380672,0.0149485,0.0483603,0.520718,-0.0291211,0.434269,-0.0087674,0,0,-6.93889e-12,-0.268559,0.00379926,0.000739647,0.00129424,0.00278639,0.00187588,0,0,-0.0155552,-0.0116384,-0.0271028,0.00596073,0.0110464,-0.00871208,0.0685465,0,0,0,0,1.20024e-12,0,-2.40048e-12,0,0,-2.40048e-12,0,0,0,0,0,0,0,0,0.905991,-4.65454e-09,0,0,1.20024e-12,0,-1.20024e-12,-1.20024e-12,0,-1.15223e-10,0,0,0,0,0,0,0,0,-4.65574e-09,0.905991,
6.93889e-12,-0.973628,0.0302641,-0.0106865,0.00130981,0.00132388,-3.71605e-05,0,0,0.588514,-0.0430037,-0.143582,0.0739818,0.00976037,-0.00601222,0.00277847,0,0,8.74138e-12,-2,-0.00866369,-0.0166803,-0.00509166,0.000861707,-5.22769e-07,0,0,0.039389,0.760278,0.0483302,0.0908451,-0.0241965,-0.0322092,0.02513,0,0,1.38778e-11,-0.795505,0.0790488,0.0036493,0.00467125,0.00281007,-6.84444e-05,0,0,-0.145467,-0.0347903,0.648463,0.0234843,0.0142378,0.000356651,0.000727837,0,0,-1.38778e-11,-2,-0.00087037,0.0554234,0.00444979,-0.000796449,-2.30578e-05,0,0,0.0763713,-0.114284,0.0338891,0.667102,0.0018057,0.0371187,0.0121521,0,0,1.38778e-11,1.09369,0.0212568,0.0211721,-0.0467031,-0.0338179,0.00056537,0,0,0.134131,0.0485758,0.167463,0.114925,0.425282,-0.0241298,0.0067351,0,0,3.1225e-11,0.400907,0.0152025,-0.0277387,-0.0403945,0.0617226,0.000566935,0,0,-0.00391669,0.0150104,0.0481954,0.520658,-0.0291102,0.434294,-0.00877568,0,0,-9.54098e-12,-0.26855,0.00379989,0.000736077,0.00129211,0.00278449,0.00187614,0,0,-0.0155364,-0.0116381,-0.0270969,0.00596494,0.0110383,-0.00871438,0.0685472,0,0,0,0,-2.40048e-12,0,0,2.40048e-12,-2.40048e-12,0,0,0,0,0,0,0,0,0,0.905991,-4.50571e-09,0,0,1.20024e-12,0,0,-2.40048e-12,1.20024e-12,1.20024e-12,0,0,0,0,0,0,0,0,-4.5051e-09,0.905991,
8.67362e-13,-0.97461,0.0303002,-0.0107125,0.0013075,0.00132441,-3.748e-05,0,0,0.588633,-0.0430476,-0.143691,0.0741145,0.00975133,-0.00603259,0.00278632,0,0,-2.29038e-12,-2,-0.00867294,-0.0166834,-0.00509453,0.000864427,-6.79436e-07,0,0,0.0394018,0.760351,0.048369,0.0908773,-0.0242105,-0.0322243,0.0251302,0,0,0,-0.79705,0.07905,0.00361951,0.00466868,0.00281114,-6.90548e-05,0,0,-0.145579,-0.034858,0.64857,0.0235929,0.0142489,0.000328707,0.000736552,0,0,-1.38778e-11,-2,-0.000900038,0.0554331,0.00444799,-0.000795967,-2.28507e-05,0,0,0.0764973,-0.114339,0.0340001,0.667121,0.00178951,0.0370959,0.0121618,0,0,0,1.09362,0.0212114,0.0211884,-0.0466818,-0.0338292,0.000560154,0,0,0.134121,0.0485742,0.167664,0.114909,0.425314,-0.024122,0.00672649,0,0,1.04083e-11,0.402304,0.0152409,-0.0276748,-0.0403997,0.0617876,0.000565998,0,0,-0.00402668,0.0150722,0.0480303,0.520599,-0.0290993,0.434319,-0.00878394,0,0,2.08167e-11,-0.26854,0.00380058,0.000732747,0.00128993,0.00278244,0.0018765,0,0,-0.0155176,-0.0116377,-0.0270911,0.00596913,0.0110302,-0.00871668,0.0685479,0,0,0,0,0,0,-1.20024e-12,-1.20024e-12,0,0,0,0,0,0,0,0,0,0,0.905991,4.25485e-09,0,0,0,0,0,1.20024e-12,0,0,0,0,0,0,0,0,0,0,4.25575e-09,0.905991,
-4.33681e-12,-0.97559,0.0303356,-0.0107377,0.00130551,0.00132517,-3.72181e-05,0,0,0.588753,-0.0430915,-0.143801,0.0742474,0.00974228,-0.00605297,0.00279418,0,0,-1.04626e-11,-2,-0.00868229,-0.0166862,-0.00509741,0.000867189,-6.55467e-07,0,0,0.0394146,0.760425,0.0484079,0.0909095,-0.0242245,-0.0322394,0.0251304,0,0,-6.93889e-12,-0.798596,0.07905,0.00359141,0.00466692,0.00281281,-6.84296e-05,0,0,-0.145691,-0.0349258,0.648677,0.0237017,0.01426,0.000300702,0.000745289,0,0,-1.38778e-11,-2,-0.000929313,0.0554423,0.00444599,-0.000795763,-2.29651e-05,0,0,0.0766234,-0.114395,0.0341113,0.66714,0.00177331,0.0370731,0.0121715,0,0,-6.93889e-12,1.09356,0.0211567,0.0212187,-0.0466559,-0.0338359,0.000564157,0,0,0.134111,0.0485725,0.167864,0.114894,0.425345,-0.0241142,0.00671788,0,0,3.46945e-12,0.403696,0.0152807,-0.0276129,-0.0404059,0.061852,0.000563744,0,0,-0.00413666,0.0151337,0.0478649,0.52054,-0.0290883,0.434344,-0.00879218,0,0,4.33681e-12,-0.26853,0.00380135,0.00072927,0.00128772,0.00278036,0.00187677,0,0,-0.0154988,-0.0116373,-0.0270852,0.0059733,0.0110221,-0.00871897,0.0685486,0,0,0,0,0,0,0,1.20024e-12,1.20024e-12,0,0,0,0,0,0,0,0,0,0.905991,4.15433e-09,0,0,0,0,0,-1.20024e-12,-1.20024e-12,0,0,0,0,0,0,0,0,0,4.15343e-09,0.905991,
2.91443e-07,-0.976569,0.0303707,-0.0107633,0.0013029,0.00132624,-3.72469e-05,0,0,0.588873,-0.0431353,-0.143911,0.0743804,0.0097332,-0.00607337,0.00280204,0,0,9.19025e-08,-2,-0.00869158,-0.0166891,-0.00510045,0.000870037,-7.20708e-07,0,0,0.0394273,0.760498,0.0484468,0.0909417,-0.0242385,-0.0322545,0.0251306,0,0,6.17568e-07,-0.800145,0.0790498,0.00356253,0.0046638,0.00281509,-6.84222e-05,0,0,-0.145804,-0.0349937,0.648783,0.0238108,0.014271,0.000272637,0.000754049,0,0,-1.61787e-07,-2,-0.000958564,0.0554516,0.00444435,-0.000795675,-2.29183e-05,0,0,0.0767497,-0.11445,0.0342227,0.667159,0.00175708,0.0370504,0.0121811,0,0,4.64326e-06,1.0935,0.0211021,0.0212443,-0.0466394,-0.0338382,0.000563544,0,0,0.1341,0.0485708,0.168064,0.114879,0.425377,-0.0241064,0.00670928,0,0,-6.85011e-07,0.405082,0.0153205,-0.0275501,-0.0404108,0.0619153,0.000562176,0,0,-0.00424664,0.015195,0.0476992,0.52048,-0.0290774,0.43437,-0.0088004,0,0,-5.05611e-08,-0.268519,0.0038021,0.000725839,0.00128563,0.00277825,0.0018771,0,0,-0.0154799,-0.0116369,-0.0270793,0.00597743,0.011014,-0.00872126,0.0685494,0,0,-1.20024e-12,-1.20024e-12,0,-1.20024e-12,0,0,0,0,0,0,0,0,0,0,0,0,0.905991,4.16634e-09,1.20024e-12,0,1.20024e-12,1.20024e-12,0,0,0,0,0,0,0,0,0,0,0,0,4.16634e-09,0.905991,
-3.46945e-12,-0.977548,0.0304059,-0.0107892,0.00130025,0.00132701,-3.75659e-05,0,0,0.588993,-0.0431791,-0.14402,0.0745136,0.00972411,-0.00609376,0.00280991,0,0,3.75405e-12,-2,-0.00870075,-0.016692,-0.00510345,0.000872795,-8.75795e-07,0,0,0.03944,0.760572,0.0484857,0.0909738,-0.0242526,-0.0322695,0.0251308,0,0,-1.38778e-11,-0.801697,0.0790502,0.00353288,0.00466057,0.00281677,-6.90332e-05,0,0,-0.145916,-0.0350617,0.648889,0.0239202,0.0142819,0.000244511,0.000762831,0,0,-1.38778e-11,-2,-0.000988014,0.0554608,0.00444273,-0.000795376,-2.27105e-05,0,0,0.0768761,-0.114505,0.0343344,0.667178,0.00174083,0.0370276,0.0121908,0,0,-2.08167e-11,1.09343,0.0210523,0.0212654,-0.046623,-0.0338452,0.000558309,0,0,0.13409,0.048569,0.168264,0.114864,0.425408,-0.0240986,0.00670069,0,0,-3.46945e-12,0.406464,0.0153598,-0.0274864,-0.0404157,0.061979,0.000561287,0,0,-0.00435661,0.0152561,0.0475332,0.520422,-0.0290665,0.434395,-0.0088086,0,0,1.04083e-11,-0.268508,0.00380278,0.000722452,0.00128356,0.0027762,0.00187748,0,0,-0.0154611,-0.0116365,-0.0270735,0.00598154,0.011006,-0.00872355,0.0685501,0,0,0,1.20024e-12,0,0,0,1.20024e-12,1.20024e-12,0,0,0,0,0,0,0,0,0,0.905991,4.28336e-09,0,0,1.20024e-12,1.20024e-12,0,0,0,0,0,0,0,0,0,0,0,0,4.28306e-09,0.905991,
4.33681e-12,-0.978525,0.0304418,-0.0108152,0.00129808,0.00132809,-3.75735e-05,0,0,0.589113,-0.0432228,-0.14413,0.074647,0.00971499,-0.00611416,0.00281779,0,0,1.07065e-12,-2,-0.00870987,-0.0166955,-0.00510553,0.000875765,-9.02638e-07,0,0,0.0394526,0.760646,0.0485246,0.0910058,-0.0242667,-0.0322844,0.025131,0,0,1.38778e-11,-0.803251,0.0790518,0.00350368,0.00465754,0.0028186,-6.90372e-05,0,0,-0.146028,-0.0351298,0.648994,0.0240299,0.0142928,0.000216325,0.000771636,0,0,0,-2,-0.00101809,0.0554694,0.00444109,-0.000794171,-2.26821e-05,0,0,0.0770027,-0.11456,0.0344464,0.667197,0.00172457,0.0370049,0.0122005,0,0,1.04083e-11,1.09337,0.0210118,0.0212911,-0.0465925,-0.0338528,0.000558229,0,0,0.13408,0.0485671,0.168464,0.114849,0.425439,-0.0240908,0.00669213,0,0,-1.38778e-11,0.407839,0.0153979,-0.0274232,-0.0404225,0.0620406,0.000559461,0,0,-0.00446658,0.0153169,0.0473669,0.520363,-0.0290556,0.43442,-0.00881679,0,0,-2.51535e-11,-0.268497,0.00380333,0.000718968,0.00128133,0.00277424,0.00187775,0,0,-0.0154422,-0.0116361,-0.0270676,0.00598563,0.0109979,-0.00872583,0.0685508,0,0,0,0,0,-1.20024e-12,-1.20024e-12,0,-1.20024e-12,0,0,0,0,0,0,0,0,0,0.905991,-4.51501e-09,0,-2.40048e-12,2.40048e-12,0,3.60072e-12,0,3.60072e-12,-2.28046e-10,0,0,0,0,0,0,0,0,-4.51441e-09,0.905991,
2.60209e-12,-0.979501,0.0304774,-0.0108402,0.00129544,0.00132861,-3.73107e-05,0,0,0.589234,-0.0432665,-0.14424,0.0747806,0.00970585,-0.00613457,0.00282567,0,0,-2.05998e-12,-2,-0.00871931,-0.0166982,-0.00510848,0.00087848,-8.76703e-07,0,0,0.0394652,0.76072,0.0485635,0.0910379,-0.0242808,-0.0322994,0.0251312,0,0,6.93889e-12,-0.804807,0.079052,0.00347596,0.00465428,0.00281969,-6.84133e-05,0,0,-0.14614,-0.0351981,0.649099,0.0241399,0.0143037,0.000188078,0.000780463,0,0,0,-2,-0.00104795,0.0554784,0.00443946,-0.000793673,-2.2799e-05,0,0,0.0771295,-0.114615,0.0345586,0.667216,0.00170829,0.0369822,0.0122103,0,0,1.73472e-11,1.0933,0.0209568,0.0213263,-0.0465754,-0.0338643,0.000562299,0,0,0.134069,0.0485651,0.168664,0.114834,0.425471,-0.0240831,0.00668357,0,0,-1.04083e-11,0.40921,0.0154381,-0.0273614,-0.0404272,0.0621059,0.000557142,0,0,-0.00457655,0.0153775,0.0472003,0.520304,-0.0290447,0.434445,-0.00882496,0,0,0,-0.268485,0.00380408,0.00071542,0.00127919,0.00277217,0.00187801,0,0,-0.0154233,-0.0116357,-0.0270617,0.00598969,0.0109899,-0.00872811,0.0685515,0,0,0,0,-2.40048e-12,-2.40048e-12,0,2.40048e-12,0,0,0,0,0,0,0,0,0,0,0.905991,-4.60142e-09,0,0,1.20024e-12,1.20024e-12,0,-1.20024e-12,0,0,0,0,0,0,0,0,0,0,-4.60022e-09,0.905991,
3.46945e-12,-0.980476,0.0305131,-0.0108659,0.00129312,0.00132994,-3.70505e-05,0,0,0.589355,-0.0433101,-0.144349,0.0749143,0.0096967,-0.00615498,0.00283356,0,0,7.86047e-12,-2,-0.00872856,-0.0167009,-0.00511143,0.000881421,-8.5405e-07,0,0,0.0394777,0.760794,0.0486025,0.0910699,-0.0242949,-0.0323143,0.0251314,0,0,0,-0.806367,0.0790527,0.00344685,0.00465181,0.00282262,-6.77878e-05,0,0,-0.146252,-0.0352664,0.649204,0.0242501,0.0143145,0.000159771,0.000789313,0,0,0,-2,-0.0010779,0.0554876,0.00443762,-0.000793777,-2.29134e-05,0,0,0.0772564,-0.11467,0.034671,0.667234,0.00169199,0.0369594,0.01222,0,0,-3.46945e-11,1.09323,0.0209066,0.0213522,-0.0465538,-0.033862,0.000566307,0,0,0.134059,0.0485631,0.168864,0.11482,0.425502,-0.0240753,0.00667502,0,0,2.77556e-11,0.410577,0.0154777,-0.0272981,-0.0404329,0.0621691,0.000554875,0,0,-0.00468653,0.0154379,0.0470334,0.520245,-0.0290338,0.43447,-0.00883311,0,0,6.93889e-12,-0.268472,0.00380477,0.000711978,0.00127702,0.00276997,0.00187829,0,0,-0.0154043,-0.0116352,-0.0270557,0.00599372,0.0109819,-0.00873039,0.0685523,0,0,0,2.40048e-12,0,0,2.40048e-12,0,2.40048e-12,-1.14023e-10,0,0,0,0,0,0,0,0,0.905991,-4.53871e-09,0,-1.20024e-12,0,0,-1.20024e-12,0,-1.20024e-12,0,0,0,0,0,0,0,0,0,-4.53901e-09,0.905991,
-6.93889e-12,-0.981449,0.0305483,-0.0108921,0.00129075,0.0013307,-3.73705e-05,0,0,0.589476,-0.0433537,-0.144459,0.0750483,0.00968752,-0.0061754,0.00284145,0,0,3.29326e-12,-2,-0.00873785,-0.0167036,-0.00511436,0.000884171,-1.01244e-06,0,0,0.0394902,0.760869,0.0486415,0.0911019,-0.024309,-0.0323291,0.0251317,0,0,-1.38778e-11,-0.807928,0.0790527,0.00341695,0.00464923,0.00282431,-6.83996e-05,0,0,-0.146364,-0.0353349,0.649309,0.0243607,0.0143253,0.000131404,0.000798186,0,0,1.38778e-11,-2,-0.00110767,0.0554969,0.00443582,-0.000793511,-2.27057e-05,0,0,0.0773835,-0.114725,0.0347837,0.667253,0.00167567,0.0369367,0.0122297,0,0,-2.42861e-11,1.09316,0.0208517,0.0213734,-0.0465322,-0.0338691,0.000561046,0,0,0.134048,0.048561,0.169063,0.114805,0.425533,-0.0240675,0.00666648,0,0,6.93889e-12,0.411937,0.015518,-0.027234,-0.0404386,0.0622334,0.000553979,0,0,-0.00479649,0.0154981,0.0468663,0.520187,-0.0290229,0.434494,-0.00884125,0,0,5.20417e-12,-0.268459,0.00380548,0.000708582,0.00127488,0.0027679,0.00187867,0,0,-0.0153854,-0.0116347,-0.0270498,0.00599773,0.0109739,-0.00873266,0.068553,0,0,0,1.20024e-12,0,0,0,0,2.40048e-12,0,0,0,0,0,0,0,0,0,0.905991,-4.35537e-09,0,0,0,0,0,0,0,0,0,0,0,0,0,0,0,0,-4.35507e-09,0.905991,
2.90387e-07,-0.982422,0.0305842,-0.010918,0.00128806,0.00133117,-3.71084e-05,0,0,0.589598,-0.0433973,-0.144569,0.0751824,0.00967833,-0.00619583,0.00284935,0,0,9.18856e-08,-2,-0.00874683,-0.0167063,-0.00511735,0.000886831,-9.84993e-07,0,0,0.0395026,0.760943,0.0486805,0.0911338,-0.0243232,-0.032344,0.0251319,0,0,6.18693e-07,-0.809493,0.0790546,0.00338752,0.00464592,0.0028254,-6.7775e-05,0,0,-0.146476,-0.0354035,0.649413,0.0244715,0.014336,0.000102975,0.000807082,0,0,-1.61121e-07,-2,-0.00113796,0.0555059,0.00443421,-0.000793035,-2.28213e-05,0,0,0.0775107,-0.11478,0.0348967,0.667271,0.00165934,0.036914,0.0122394,0,0,4.64831e-06,1.09308,0.0208109,0.0213994,-0.0465153,-0.0338809,0.000565105,0,0,0.134038,0.0485588,0.169263,0.114791,0.425564,-0.0240598,0.00665795,0,0,-6.84404e-07,0.413292,0.0155564,-0.0271704,-0.0404437,0.062298,0.000551707,0,0,-0.00490644,0.0155581,0.0466989,0.520129,-0.0290121,0.434519,-0.00884936,0,0,-5.02627e-08,-0.268446,0.00380603,0.000705129,0.00127281,0.00276589,0.00187895,0,0,-0.0153664,-0.0116342,-0.0270438,0.00600171,0.0109659,-0.00873493,0.0685537,0,0,1.20024e-12,0,0,1.20024e-12,0,1.20024e-12,0,0,0,0,0,0,0,0,0,0,0.905991,4.09222e-09,1.20024e-12,0,0,1.20024e-12,1.20024e-12,0,1.20024e-12,0,0,0,0,0,0,0,0,0,4.09222e-09,0.905991,
-2.90205e-07,-0.983394,0.0306191,-0.0109439,0.00128556,0.00133224,-3.74071e-05,0,0,0.58972,-0.0434407,-0.144679,0.0753167,0.00966911,-0.00621626,0.00285726,0,0,-9.18598e-08,-2,-0.00875632,-0.0167096,-0.00511951,0.000889791,-1.10477e-06,0,0,0.039515,0.761018,0.0487195,0.0911657,-0.0243373,-0.0323587,0.0251322,0,0,-6.18887e-07,-0.811059,0.0790539,0.00335854,0.00464219,0.00282725,-6.83982e-05,0,0,-0.146588,-0.0354721,0.649517,0.0245826,0.0143467,7.44858e-05,0.000816,0,0,1.6101e-07,-2,-0.0011679,0.0555142,0.00443273,-0.000791814,-2.26321e-05,0,0,0.0776381,-0.114835,0.0350099,0.667289,0.00164298,0.0368913,0.0122492,0,0,-4.6491e-06,1.09302,0.0207515,0.0214301,-0.046489,-0.0338888,0.000560377,0,0,0.134027,0.0485566,0.169462,0.114776,0.425595,-0.024052,0.00664944,0,0,6.84321e-07,0.414642,0.0155977,-0.0271072,-0.04045,0.0623599,0.000550553,0,0,-0.00501639,0.0156178,0.0465312,0.520071,-0.0290012,0.434544,-0.00885746,0,0,5.01777e-08,-0.268432,0.00380674,0.00070158,0.00127062,0.00276391,0.00187927,0,0,-0.0153474,-0.0116336,-0.0270379,0.00600567,0.0109579,-0.00873719,0.0685544,0,0,1.20024e-12,0,1.20024e-12,0,2.40048e-12,0,0,0,0,0,0,0,0,0,0,0,0.905991,3.9707e-09,0,1.20024e-12,0,0,0,0,-1.20024e-12,0,0,0,0,0,0,0,0,0,3.9698e-09,0.905991,
1.73472e-12,-0.984364,0.0306553,-0.0109704,0.00128345,0.00133303,-3.71459e-05,0,0,0.589842,-0.0434842,-0.144788,0.0754512,0.00965987,-0.00623669,0.00286517,0,0,-4.71628e-12,-2,-0.00876557,-0.0167124,-0.00512225,0.000892592,-1.08009e-06,0,0,0.0395273,0.761093,0.0487586,0.0911975,-0.0243515,-0.0323735,0.0251324,0,0,0,-0.812629,0.0790555,0.00332794,0.00464008,0.00282899,-6.77741e-05,0,0,-0.1467,-0.0355409,0.64962,0.024694,0.0143573,4.59359e-05,0.000824941,0,0,-1.38778e-11,-2,-0.00119861,0.0555237,0.00443079,-0.000791462,-2.27489e-05,0,0,0.0777657,-0.114889,0.0351233,0.667307,0.00162661,0.0368686,0.0122589,0,0,1.04083e-11,1.09294,0.0207056,0.0214469,-0.0464622,-0.0338958,0.000564452,0,0,0.134016,0.0485543,0.169661,0.114762,0.425625,-0.0240443,0.00664094,0,0,-6.93889e-12,0.415987,0.015637,-0.0270421,-0.0404563,0.0624247,0.000548221,0,0,-0.00512634,0.0156773,0.0463632,0.520013,-0.0289903,0.434569,-0.00886554,0,0,-6.07153e-12,-0.268418,0.00380735,0.000698218,0.00126837,0.00276177,0.00187954,0,0,-0.0153284,-0.0116331,-0.0270319,0.0060096,0.0109499,-0.00873945,0.0685551,0,0,0,0,0,0,0,1.20024e-12,0,0,0,0,0,0,0,0,0,0,0.905991,3.95239e-09,0,0,-2.40048e-12,0,0,1.20024e-12,0,0,0,0,0,0,0,0,0,0,3.95209e-09,0.905991,
-3.46945e-12,-0.985333,0.0306911,-0.0109961,0.00128051,0.00133377,-3.7467e-05,0,0,0.589964,-0.0435276,-0.144898,0.0755859,0.00965062,-0.00625713,0.00287309,0,0,-8.07731e-12,-2,-0.00877483,-0.0167148,-0.00512537,0.000895343,-1.24243e-06,0,0,0.0395395,0.761168,0.0487977,0.0912293,-0.0243658,-0.0323882,0.0251327,0,0,0,-0.814201,0.0790564,0.00329906,0.00463629,0.00283071,-6.83868e-05,0,0,-0.146813,-0.0356098,0.649723,0.0248057,0.0143679,1.73254e-05,0.000833905,0,0,0,-2,-0.00122909,0.0555327,0.00442928,-0.000791227,-2.25416e-05,0,0,0.0778934,-0.114944,0.035237,0.667325,0.00161022,0.036846,0.0122687,0,0,4.16334e-11,1.09286,0.020655,0.0214777,-0.0464494,-0.033903,0.000559164,0,0,0.134006,0.048552,0.16986,0.114748,0.425656,-0.0240366,0.00663245,0,0,1.38778e-11,0.417326,0.0156771,-0.0269789,-0.0404607,0.0624896,0.000547309,0,0,-0.00523628,0.0157366,0.0461949,0.519955,-0.0289794,0.434594,-0.0088736,0,0,0,-0.268403,0.003808,0.000694711,0.0012663,0.00275966,0.00187993,0,0,-0.0153094,-0.0116325,-0.0270259,0.0060135,0.0109419,-0.00874171,0.0685558,0,0,0,0,-1.20024e-12,1.20024e-12,2.40048e-12,0,-1.20024e-12,0,0,0,0,0,0,0,0,0,0.905991,4.02471e-09,0,0,1.20024e-12,2.40048e-12,1.20024e-12,0,-2.40048e-12,0,0,0,0,0,0,0,0,0,4.02471e-09,0.905991,
-6.07153e-12,-0.9863,0.0307267,-0.0110219,0.00127868,0.0013348,-3.74971e-05,0,0,0.590087,-0.0435709,-0.145008,0.0757208,0.00964135,-0.00627758,0.00288101,0,0,-4.25549e-12,-2,-0.00878402,-0.0167172,-0.00512812,0.000898174,-1.31062e-06,0,0,0.0395517,0.761244,0.0488368,0.0912611,-0.02438,-0.0324029,0.025133,0,0,-1.38778e-11,-0.815774,0.0790572,0.00326999,0.00463488,0.00283304,-6.8381e-05,0,0,-0.146925,-0.0356789,0.649826,0.0249176,0.0143785,-1.13459e-05,0.000842892,0,0,0,-2,-0.00125953,0.0555415,0.00442716,-0.000791121,-2.24955e-05,0,0,0.0780213,-0.114998,0.035351,0.667343,0.00159381,0.0368233,0.0122784,0,0,2.42861e-11,1.09279,0.0206046,0.0215085,-0.0464181,-0.0339057,0.000558542,0,0,0.133995,0.0485495,0.170059,0.114733,0.425687,-0.0240289,0.00662397,0,0,3.81639e-11,0.41866,0.0157173,-0.0269155,-0.040468,0.0625535,0.000545721,0,0,-0.0053462,0.0157956,0.0460263,0.519898,-0.0289686,0.434619,-0.00888164,0,0,-8.67362e-13,-0.268388,0.00380863,0.0006912,0.00126405,0.00275753,0.00188027,0,0,-0.0152904,-0.0116319,-0.0270199,0.00601738,0.010934,-0.00874397,0.0685566,0,0,0,-1.20024e-12,1.20024e-12,0,-1.20024e-12,0,2.40048e-12,0,0,0,0,0,0,0,0,0,0.905991,4.18944e-09,0,1.20024e-12,1.20024e-12,0,1.20024e-12,0,0,0,0,0,0,0,0,0,0,0,4.18884e-09,0.905991,
-6.93889e-12,-0.987267,0.0307623,-0.0110485,0.0012756,0.00133555,-3.75069e-05,0,0,0.59021,-0.0436142,-0.145118,0.0758558,0.00963205,-0.00629803,0.00288894,0,0,-1.76183e-12,-2,-0.00879333,-0.0167205,-0.00513048,0.000901023,-1.34125e-06,0,0,0.0395639,0.761319,0.0488759,0.0912929,-0.0243943,-0.0324176,0.0251333,0,0,-2.08167e-11,-0.817352,0.079058,0.00323947,0.00462994,0.00283429,-6.83856e-05,0,0,-0.147037,-0.035748,0.649928,0.0250299,0.014389,-4.00789e-05,0.000851902,0,0,0,-2,-0.00129023,0.0555501,0.00442599,-0.000789775,-2.24669e-05,0,0,0.0781494,-0.115053,0.0354652,0.667361,0.00157739,0.0368006,0.0122882,0,0,-1.38778e-11,1.0927,0.0205543,0.0215301,-0.0464007,-0.0339184,0.000558438,0,0,0.133984,0.048547,0.170258,0.114719,0.425717,-0.0240212,0.00661551,0,0,0,0.41999,0.0157575,-0.0268504,-0.0404731,0.0626164,0.000543885,0,0,-0.00545612,0.0158544,0.0458575,0.51984,-0.0289577,0.434643,-0.00888966,0,0,-2.25514e-11,-0.268372,0.00380922,0.000687743,0.00126195,0.00275558,0.00188055,0,0,-0.0152713,-0.0116313,-0.0270139,0.00602124,0.010926,-0.00874621,0.0685573,0,0,0,1.20024e-12,1.20024e-12,-1.20024e-12,0,1.20024e-12,-1.20024e-12,0,0,0,0,0,0,0,0,0,0.905991,-4.4646e-09,0,1.20024e-12,-1.20024e-12,1.20024e-12,0,-1.20024e-12,1.20024e-12,0,0,0,0,0,0,0,0,0,-4.4643e-09,0.905991,
2.89313e-07,-0.988233,0.0307986,-0.0110749,0.00127318,0.00133632,-3.72475e-05,0,0,0.590333,-0.0436574,-0.145228,0.0759911,0.00962274,-0.00631848,0.00289688,0,0,9.18185e-08,-2,-0.00880257,-0.016723,-0.00513333,0.000903807,-1.31873e-06,0,0,0.039576,0.761395,0.0489151,0.0913246,-0.0244085,-0.0324322,0.0251336,0,0,6.19824e-07,-0.818932,0.0790597,0.00320917,0.0046272,0.00283604,-6.77611e-05,0,0,-0.147149,-0.0358172,0.650031,0.0251425,0.0143994,-6.88724e-05,0.000860934,0,0,-1.60441e-07,-2,-0.00132134,0.0555594,0.00442419,-0.000789444,-2.25831e-05,0,0,0.0782776,-0.115107,0.0355796,0.667379,0.00156094,0.036778,0.012298,0,0,4.6533e-06,1.09262,0.0205081,0.0215517,-0.0463782,-0.0339256,0.000562499,0,0,0.133973,0.0485444,0.170457,0.114705,0.425748,-0.0240135,0.00660705,0,0,-6.83811e-07,0.421314,0.0157972,-0.0267855,-0.0404789,0.0626816,0.000541553,0,0,-0.00556604,0.015913,0.0456883,0.519783,-0.0289469,0.434668,-0.00889767,0,0,-4.99418e-08,-0.268356,0.0038098,0.000684321,0.00125974,0.00275344,0.00188082,0,0,-0.0152522,-0.0116307,-0.0270078,0.00602506,0.0109181,-0.00874846,0.068558,0,0,0,0,0,1.20024e-12,0,0,0,1.20024e-12,0,0,0,0,0,0,0,0,0.905991,-4.60262e-09,0,0,0,-1.20024e-12,0,0,0,1.20024e-12,0,0,0,0,0,0,0,0,-4.60292e-09,0.905991,
8.67362e-13,-0.989197,0.0308342,-0.0111008,0.00127079,0.00133704,-3.78579e-05,0,0,0.590456,-0.0437006,-0.145338,0.0761265,0.0096134,-0.00633894,0.00290482,0,0,2.88669e-12,-2,-0.0088119,-0.0167253,-0.00513628,0.000906545,-1.57459e-06,0,0,0.039588,0.761471,0.0489543,0.0913562,-0.0244228,-0.0324468,0.0251339,0,0,0,-0.820514,0.0790602,0.00317995,0.00462462,0.00283777,-6.89952e-05,0,0,-0.147261,-0.0358866,0.650132,0.0252553,0.0144098,-9.77266e-05,0.00086999,0,0,1.38778e-11,-2,-0.00135206,0.0555683,0.00442236,-0.000789218,-2.22159e-05,0,0,0.078406,-0.115161,0.0356943,0.667397,0.00154448,0.0367553,0.0123078,0,0,-1.73472e-11,1.09254,0.0204527,0.0215827,-0.0463557,-0.033933,0.000552541,0,0,0.133962,0.0485418,0.170655,0.114691,0.425778,-0.0240058,0.00659861,0,0,1.73472e-11,0.422633,0.0158384,-0.0267217,-0.0404848,0.0627467,0.000541323,0,0,-0.00567595,0.0159714,0.0455189,0.519726,-0.028936,0.434693,-0.00890565,0,0,-1.38778e-11,-0.26834,0.00381047,0.000680804,0.00125757,0.00275132,0.00188127,0,0,-0.0152331,-0.01163,-0.0270018,0.00602887,0.0109102,-0.0087507,0.0685587,0,0,0,0,0,0,0,-1.20024e-12,0,0,0,0,0,0,0,0,0,0,0.905991,-4.58882e-09,0,0,0,1.20024e-12,0,3.60072e-12,-2.40048e-12,0,0,0,0,0,0,0,0,0,-4.58822e-09,0.905991,
8.67362e-13,-0.99016,0.0308695,-0.0111274,0.00126835,0.00133776,-3.73104e-05,0,0,0.59058,-0.0437438,-0.145447,0.0762621,0.00960405,-0.0063594,0.00291276,0,0,4.64852e-12,-2,-0.00882118,-0.0167277,-0.00513919,0.000909276,-1.46021e-06,0,0,0.0396,0.761547,0.0489935,0.0913879,-0.0244372,-0.0324613,0.0251342,0,0,-6.93889e-12,-0.822098,0.0790605,0.00314931,0.00462191,0.00283951,-6.77498e-05,0,0,-0.147374,-0.0359561,0.650234,0.0253684,0.0144202,-0.000126642,0.000879069,0,0,0,-2,-0.00138275,0.0555773,0.00442056,-0.000788939,-2.24908e-05,0,0,0.0785345,-0.115215,0.0358093,0.667414,0.001528,0.0367327,0.0123176,0,0,0,1.09246,0.0203974,0.0216045,-0.0463333,-0.0339405,0.000561228,0,0,0.133951,0.0485391,0.170854,0.114678,0.425809,-0.0239981,0.00659017,0,0,2.42861e-11,0.423945,0.0158796,-0.0266565,-0.0404909,0.0628114,0.000538357,0,0,-0.00578583,0.0160296,0.0453492,0.519669,-0.0289252,0.434717,-0.00891362,0,0,-1.04083e-11,-0.268323,0.00381112,0.000677381,0.00125542,0.00274922,0.00188151,0,0,-0.015214,-0.0116294,-0.0269957,0.00603264,0.0109023,-0.00875294,0.0685594,0,0,0,-1.20024e-12,0,1.20024e-12,0,0,1.20024e-12,0,0,0,0,0,0,0,0,0,0.905991,-4.44029e-09,0,2.40048e-12,0,-2.40048e-12,-1.20024e-12,0,2.40048e-12,0,0,0,0,0,0,0,0,0,-4.43999e-09,0.905991,
2.60209e-12,-0.991122,0.030905,-0.0111535,0.00126558,0.00133879,-3.76289e-05,0,0,0.590704,-0.0437868,-0.145557,0.0763979,0.00959468,-0.00637987,0.00292072,0,0,5.16351e-12,-2,-0.00883033,-0.01673,-0.00514216,0.000912102,-1.61903e-06,0,0,0.039612,0.761623,0.0490327,0.0914195,-0.0244515,-0.0324759,0.0251345,0,0,0,-0.823686,0.0790614,0.00311977,0.00461846,0.00284188,-6.83657e-05,0,0,-0.147486,-0.0360257,0.650335,0.0254819,0.0144306,-0.000155618,0.000888172,0,0,-1.38778e-11,-2,-0.00141365,0.055586,0.00441895,-0.000788768,-2.22858e-05,0,0,0.0786632,-0.115269,0.0359245,0.667431,0.00151149,0.0367101,0.0123274,0,0,-2.42861e-11,1.09237,0.0203468,0.0216355,-0.0463157,-0.0339434,0.000555977,0,0,0.13394,0.0485363,0.171052,0.114664,0.425839,-0.0239904,0.00658175,0,0,1.73472e-11,0.425253,0.0159202,-0.0265924,-0.0404963,0.0628751,0.000537434,0,0,-0.0058957,0.0160875,0.0451792,0.519612,-0.0289144,0.434742,-0.00892157,0,0,2.1684e-11,-0.268305,0.0038117,0.000673852,0.00125333,0.00274708,0.0018819,0,0,-0.0151949,-0.0116287,-0.0269897,0.00603639,0.0108944,-0.00875518,0.0685601,0,0,0,0,0,-1.20024e-12,1.20024e-12,1.20024e-12,-1.20024e-12,0,0,0,0,0,0,0,0,0,0.905991,4.19664e-09,0,0,0,0,0,0,0,0,0,0,0,0,0,0,0,0,4.19724e-09,0.905991,
8.67362e-13,-0.992082,0.0309408,-0.0111804,0.00126301,0.00133924,-3.79268e-05,0,0,0.590828,-0.0438299,-0.145667,0.0765338,0.00958529,-0.00640034,0.00292868,0,0,5.19062e-12,-2,-0.00883952,-0.0167331,-0.00514428,0.000914855,-1.74088e-06,0,0,0.0396238,0.761699,0.049072,0.091451,-0.0244659,-0.0324903,0.0251348,0,0,6.93889e-12,-0.825275,0.0790629,0.0030888,0.00461458,0.00284253,-6.8992e-05,0,0,-0.147598,-0.0360953,0.650436,0.0255956,0.0144408,-0.000184655,0.000897298,0,0,1.38778e-11,-2,-0.001445,0.0555944,0.00441749,-0.000787205,-2.20984e-05,0,0,0.0787921,-0.115323,0.0360399,0.667449,0.00149497,0.0366875,0.0123372,0,0,2.08167e-11,1.09228,0.0203009,0.0216573,-0.0462886,-0.033961,0.000551237,0,0,0.133929,0.0485335,0.17125,0.11465,0.425869,-0.0239827,0.00657335,0,0,-1.73472e-11,0.426556,0.0159603,-0.0265267,-0.0405029,0.0629387,0.000536259,0,0,-0.00600555,0.0161451,0.0450089,0.519556,-0.0289035,0.434766,-0.0089295,0,0,5.20417e-12,-0.268287,0.00381219,0.000670376,0.00125114,0.00274517,0.00188223,0,0,-0.0151757,-0.0116279,-0.0269836,0.00604011,0.0108865,-0.00875741,0.0685608,0,0,0,0,1.20024e-12,0,0,-2.40048e-12,1.20024e-12,0,0,0,0,0,0,0,0,0,0.905991,4.09702e-09,0,0,2.40048e-12,0,0,0,-2.40048e-12,0,0,0,0,0,0,0,0,0,4.09552e-09,0.905991,
2.88434e-07,-0.993041,0.0309769,-0.0112068,0.00126082,0.00134059,-3.79565e-05,0,0,0.590953,-0.0438728,-0.145777,0.07667,0.00957588,-0.00642082,0.00293664,0,0,9.18039e-08,-2,-0.00884884,-0.0167354,-0.005147,0.000917823,-1.81042e-06,0,0,0.0396357,0.761776,0.0491112,0.0914826,-0.0244802,-0.0325048,0.0251352,0,0,6.20802e-07,-0.826868,0.0790642,0.0030587,0.00461233,0.00284556,-6.89887e-05,0,0,-0.147711,-0.0361652,0.650536,0.0257096,0.0144511,-0.000213754,0.000906447,0,0,-1.59872e-07,-2,-0.0014765,0.0556033,0.00441555,-0.000787149,-2.20553e-05,0,0,0.0789211,-0.115377,0.0361556,0.667466,0.00147844,0.0366649,0.012347,0,0,4.65751e-06,1.09219,0.0202499,0.0216839,-0.046261,-0.0339591,0.000550659,0,0,0.133917,0.0485305,0.171448,0.114637,0.425899,-0.023975,0.00656496,0,0,-6.83311e-07,0.427854,0.0160012,-0.0264618,-0.0405096,0.0630026,0.00053459,0,0,-0.0061154,0.0162026,0.0448384,0.519499,-0.0288927,0.434791,-0.00893741,0,0,-4.96513e-08,-0.268269,0.00381278,0.000666886,0.00124888,0.00274291,0.00188256,0,0,-0.0151565,-0.0116272,-0.0269775,0.0060438,0.0108786,-0.00875963,0.0685615,0,0,0,-1.20024e-12,0,0,0,0,-1.20024e-12,0,0,0,0,0,0,0,0,0,0.905991,4.10602e-09,0,0,0,0,0,0,0,0,0,0,0,0,0,0,0,0,4.10572e-09,0.905991,
-8.67362e-13,-0.993999,0.0310128,-0.011233,0.00125838,0.00134072,-3.77002e-05,0,0,0.591078,-0.0439158,-0.145887,0.0768063,0.00956645,-0.0064413,0.00294461,0,0,-1.64392e-11,-2,-0.00885809,-0.0167375,-0.00514992,0.000920376,-1.79152e-06,0,0,0.0396475,0.761853,0.0491506,0.091514,-0.0244946,-0.0325192,0.0251355,0,0,6.93889e-12,-0.828463,0.0790654,0.00302908,0.00460963,0.00284608,-6.83632e-05,0,0,-0.147823,-0.0362351,0.650636,0.0258239,0.0144613,-0.000242913,0.000915619,0,0,0,-2,-0.00150792,0.0556121,0.00441373,-0.000786569,-2.21696e-05,0,0,0.0790503,-0.115431,0.0362716,0.667483,0.00146188,0.0366423,0.0123568,0,0,-2.42861e-11,1.09209,0.0201988,0.0217152,-0.0462381,-0.033976,0.000554675,0,0,0.133906,0.0485275,0.171646,0.114623,0.425929,-0.0239674,0.00655658,0,0,-1.73472e-11,0.429145,0.0160421,-0.0263974,-0.0405157,0.0630693,0.000532288,0,0,-0.00622522,0.0162598,0.0446675,0.519443,-0.0288819,0.434815,-0.0089453,0,0,2.08167e-11,-0.26825,0.00381336,0.000663352,0.0012467,0.00274087,0.00188285,0,0,-0.0151373,-0.0116265,-0.0269714,0.00604747,0.0108707,-0.00876186,0.0685622,0,0,0,-1.20024e-12,-1.20024e-12,0,0,0,0,-5.76116e-11,0,0,0,0,0,0,0,0,0.905991,4.21495e-09,0,0,1.20024e-12,0,0,-1.20024e-12,0,-1.20024e-12,0,0,0,0,0,0,0,0,4.21525e-09,0.905991,
2.88072e-07,-0.994955,0.0310488,-0.0112595,0.00125589,0.00134201,-3.77315e-05,0,0,0.591203,-0.0439586,-0.145997,0.0769428,0.009557,-0.00646178,0.00295258,0,0,9.17734e-08,-2,-0.00886718,-0.0167396,-0.00515282,0.000923284,-1.86205e-06,0,0,0.0396592,0.76193,0.0491899,0.0915455,-0.0245091,-0.0325336,0.0251359,0,0,6.21191e-07,-0.83006,0.0790672,0.00299865,0.00460683,0.00284909,-6.8359e-05,0,0,-0.147935,-0.0363051,0.650736,0.0259385,0.0144714,-0.000272134,0.000924815,0,0,-1.5965e-07,-2,-0.00153947,0.0556209,0.00441194,-0.000786596,-2.21244e-05,0,0,0.0791796,-0.115484,0.0363878,0.6675,0.0014453,0.0366197,0.0123666,0,0,4.65928e-06,1.09201,0.0201526,0.0217418,-0.0462153,-0.0339744,0.000554051,0,0,0.133895,0.0485245,0.171844,0.11461,0.425959,-0.0239597,0.00654821,0,0,-6.83106e-07,0.430431,0.0160825,-0.0263322,-0.040522,0.0631329,0.000530677,0,0,-0.00633503,0.0163168,0.0444964,0.519387,-0.0288711,0.43484,-0.00895317,0,0,-4.95428e-08,-0.26823,0.00381387,0.000659864,0.00124455,0.00273866,0.0018832,0,0,-0.0151181,-0.0116257,-0.0269652,0.00605111,0.0108629,-0.00876408,0.0685629,0,0,0,0,0,0,0,-1.20024e-12,1.20024e-12,0,0,0,0,0,0,0,0,0,0.905991,-4.43219e-09,0,-1.20024e-12,1.20024e-12,1.20024e-12,0,1.20024e-12,-1.20024e-12,0,0,0,0,0,0,0,0,0,-4.43219e-09,0.905991,
2.60209e-12,-0.995911,0.0310842,-0.0112863,0.00125302,0.00134244,-3.77421e-05,0,0,0.591328,-0.0440014,-0.146107,0.0770795,0.00954753,-0.00648226,0.00296057,0,0,-1.13299e-11,-2,-0.00887656,-0.0167424,-0.00515506,0.000926019,-1.89469e-06,0,0,0.0396708,0.762007,0.0492292,0.0915769,-0.0245235,-0.0325479,0.0251362,0,0,6.93889e-12,-0.83166,0.0790676,0.00296801,0.00460236,0.00284975,-6.83649e-05,0,0,-0.148047,-0.0363752,0.650835,0.0260534,0.0144815,-0.000301417,0.000934034,0,0,-1.38778e-11,-2,-0.00157096,0.0556291,0.00441062,-0.000785066,-2.20967e-05,0,0,0.0793091,-0.115538,0.0365043,0.667517,0.00142871,0.0365971,0.0123765,0,0,3.46945e-12,1.09191,0.0200971,0.0217685,-0.0461925,-0.0339921,0.000553947,0,0,0.133883,0.0485213,0.172042,0.114597,0.425988,-0.0239521,0.00653985,0,0,-2.42861e-11,0.431712,0.0161243,-0.0262667,-0.0405281,0.063197,0.000528819,0,0,-0.00644482,0.0163735,0.044325,0.519331,-0.0288603,0.434864,-0.00896102,0,0,-8.67362e-13,-0.26821,0.00381444,0.000656329,0.00124239,0.00273673,0.00188349,0,0,-0.0150988,-0.0116249,-0.0269591,0.00605473,0.010855,-0.00876629,0.0685636,0,0,0,0,0,0,0,0,0,0,0,0,0,0,0,0,0,0,0.905991,-4.51261e-09,0,0,-1.20024e-12,1.20024e-12,0,1.20024e-12,0,0,0,0,0,0,0,0,0,0,-4.51291e-09,0.905991,
-2.87718e-07,-0.996865,0.0311207,-0.0113132,0.00125053,0.00134347,-3.74853e-05,0,0,0.591454,-0.0440442,-0.146217,0.0772164,0.00953804,-0.00650275,0.00296855,0,0,-9.17555e-08,-2,-0.00888579,-0.0167447,-0.00515788,0.000928881,-1.87452e-06,0,0,0.0396825,0.762084,0.0492686,0.0916083,-0.024538,-0.0325622,0.0251366,0,0,-6.21586e-07,-0.833263,0.0790697,0.00293697,0.00459946,0.00285218,-6.77403e-05,0,0,-0.14816,-0.0364455,0.650934,0.0261686,0.0144915,-0.00033076,0.000943277,0,0,1.59414e-07,-2,-0.00160304,0.0556382,0.00440884,-0.000784866,-2.22128e-05,0,0,0.0794388,-0.115591,0.036621,0.667533,0.0014121,0.0365746,0.0123863,0,0,-4.66096e-06,1.09181,0.0200505,0.0217906,-0.0461692,-0.0339951,0.000558015,0,0,0.133872,0.0485181,0.172239,0.114584,0.426018,-0.0239444,0.00653151,0,0,6.82877e-07,0.432988,0.0161649,-0.0262006,-0.0405342,0.0632619,0.000526464,0,0,-0.00655459,0.01643,0.0441533,0.519275,-0.0288495,0.434888,-0.00896886,0,0,4.94457e-08,-0.26819,0.00381496,0.000652879,0.00124017,0.00273451,0.00188378,0,0,-0.0150796,-0.0116241,-0.0269529,0.00605831,0.0108472,-0.0087685,0.0685643,0,0,0,-1.20024e-12,-1.20024e-12,0,0,1.20024e-12,1.20024e-12,-5.88118e-11,0,0,0,0,0,0,0,0,0.905991,-4.45199e-09,0,0,-1.20024e-12,0,0,1.20024e-12,1.20024e-12,-1.20024e-12,0,0,0,0,0,0,0,0,-4.45169e-09,0.905991,
5.20417e-12,-0.997817,0.0311567,-0.0113395,0.00124777,0.00134388,-3.7806e-05,0,0,0.59158,-0.0440869,-0.146327,0.0773535,0.00952853,-0.00652324,0.00297654,0,0,-6.12574e-12,-2,-0.00889503,-0.0167466,-0.00516089,0.000931512,-2.0408e-06,0,0,0.039694,0.762161,0.049308,0.0916396,-0.0245525,-0.0325765,0.025137,0,0,6.93889e-12,-0.834866,0.0790711,0.00290702,0.00459611,0.00285334,-6.83578e-05,0,0,-0.148272,-0.0365158,0.651033,0.0262841,0.0145016,-0.000360165,0.000952543,0,0,-2.77556e-11,-2,-0.00163488,0.0556469,0.00440718,-0.000784453,-2.2008e-05,0,0,0.0795686,-0.115644,0.036738,0.66755,0.00139547,0.036552,0.0123962,0,0,1.04083e-11,1.09172,0.0199992,0.0218221,-0.0461506,-0.0340075,0.000552704,0,0,0.133861,0.0485149,0.172437,0.11457,0.426048,-0.0239368,0.00652317,0,0,3.46945e-12,0.434257,0.0162062,-0.0261357,-0.0405398,0.0633281,0.000525525,0,0,-0.00666435,0.0164863,0.0439813,0.51922,-0.0288387,0.434913,-0.00897668,0,0,1.56125e-11,-0.268169,0.00381551,0.000649335,0.00123804,0.00273241,0.00188418,0,0,-0.0150603,-0.0116232,-0.0269468,0.00606188,0.0108394,-0.00877071,0.068565,0,0,0,0,0,0,0,1.20024e-12,-1.20024e-12,0,0,0,0,0,0,0,0,0,0.905991,4.27706e-09,0,0,1.20024e-12,0,0,-2.40048e-12,1.20024e-12,0,0,0,0,0,0,0,0,0,4.27616e-09,0.905991,
-2.60209e-12,-0.998768,0.0311921,-0.0113663,0.00124525,0.00134514,-3.75506e-05,0,0,0.591706,-0.0441295,-0.146437,0.0774907,0.00951901,-0.00654374,0.00298454,0,0,6.28837e-12,-2,-0.00890429,-0.0167486,-0.00516379,0.000934407,-2.02103e-06,0,0,0.0397055,0.762239,0.0493475,0.0916709,-0.024567,-0.0325907,0.0251374,0,0,-6.93889e-12,-0.836474,0.0790718,0.00287625,0.00459327,0.00285636,-6.77322e-05,0,0,-0.148384,-0.0365863,0.651131,0.0263999,0.0145115,-0.000389631,0.000961833,0,0,0,-2,-0.00166653,0.0556556,0.00440538,-0.00078448,-2.21222e-05,0,0,0.0796986,-0.115698,0.0368553,0.667567,0.00137881,0.0365295,0.012406,0,0,-3.46945e-11,1.09162,0.0199434,0.021849,-0.0461274,-0.0340061,0.000556735,0,0,0.133849,0.0485115,0.172634,0.114557,0.426077,-0.0239292,0.00651485,0,0,3.46945e-11,0.435521,0.0162483,-0.02607,-0.0405463,0.0633919,0.000523226,0,0,-0.00677408,0.0165423,0.0438091,0.519164,-0.028828,0.434937,-0.00898447,0,0,5.20417e-12,-0.268148,0.00381609,0.000645836,0.00123588,0.00273019,0.00188448,0,0,-0.015041,-0.0116224,-0.0269406,0.00606541,0.0108316,-0.00877291,0.0685657,0,0,0,-1.20024e-12,0,0,0,0,-2.40048e-12,0,0,0,0,0,0,0,0,0,0.905991,4.23625e-09,0,3.60072e-12,0,0,0,0,0,0,0,0,0,0,0,0,0,0,4.23685e-09,0.905991,
-2.87185e-07,-0.999717,0.0312278,-0.0113933,0.00124264,0.00134614,-3.78492e-05,0,0,0.591833,-0.0441721,-0.146547,0.0776282,0.00950946,-0.00656423,0.00299254,0,0,-9.17432e-08,-2,-0.00891356,-0.0167512,-0.00516593,0.000937312,-2.14658e-06,0,0,0.039717,0.762317,0.0493869,0.0917022,-0.0245815,-0.0326049,0.0251378,0,0,-6.22176e-07,-0.838084,0.079073,0.00284527,0.00458936,0.00285829,-6.83607e-05,0,0,-0.148497,-0.0366569,0.651229,0.026516,0.0145214,-0.000419159,0.000971146,0,0,1.59081e-07,-2,-0.00169859,0.0556637,0.00440391,-0.000783266,-2.19355e-05,0,0,0.0798288,-0.115751,0.0369728,0.667583,0.00136215,0.036507,0.0124159,0,0,-4.66351e-06,1.09152,0.0198924,0.0218759,-0.0460996,-0.0340147,0.000551963,0,0,0.133837,0.0485081,0.172831,0.114545,0.426106,-0.0239216,0.00650655,0,0,6.82569e-07,0.436781,0.0162898,-0.026004,-0.0405532,0.0634548,0.000522044,0,0,-0.00688379,0.0165982,0.0436365,0.519109,-0.0288172,0.434961,-0.00899225,0,0,4.9287e-08,-0.268126,0.00381657,0.00064229,0.00123367,0.00272815,0.00188482,0,0,-0.0150217,-0.0116215,-0.0269344,0.00606892,0.0108238,-0.00877511,0.0685664,0,0,0,-1.20024e-12,0,0,0,0,0,0,0,0,0,0,0,0,0,0,0.905991,-4.30887e-09,0,0,-1.20024e-12,0,1.20024e-12,-1.20024e-12,0,0,0,0,0,0,0,0,0,0,-4.30887e-09,0.905991,
-6.93889e-12,-1.00067,0.0312638,-0.0114204,0.00123982,0.00134658,-3.75937e-05,0,0,0.59196,-0.0442146,-0.146658,0.0777658,0.00949989,-0.00658473,0.00300055,0,0,-3.72694e-12,-2,-0.00892297,-0.0167533,-0.00516884,0.000939979,-2.12763e-06,0,0,0.0397284,0.762395,0.0494264,0.0917334,-0.024596,-0.0326191,0.0251382,0,0,-6.93889e-12,-0.839697,0.079074,0.00281389,0.00458578,0.00285949,-6.7736e-05,0,0,-0.148609,-0.0367276,0.651327,0.0266323,0.0145313,-0.000448748,0.000980483,0,0,1.38778e-11,-2,-0.00173078,0.0556726,0.00440229,-0.00078274,-2.20514e-05,0,0,0.0799591,-0.115804,0.0370906,0.667599,0.00134546,0.0364844,0.0124258,0,0,5.20417e-11,1.09141,0.0198363,0.0218982,-0.0460806,-0.0340272,0.000556031,0,0,0.133826,0.0485046,0.173028,0.114532,0.426136,-0.0239139,0.00649825,0,0,-3.46945e-12,0.438035,0.0163322,-0.0259373,-0.0405588,0.0635212,0.000519682,0,0,-0.00699348,0.0166537,0.0434637,0.519054,-0.0288064,0.434986,-0.00900001,0,0,3.46945e-12,-0.268104,0.00381716,0.000638828,0.0012315,0.00272602,0.00188511,0,0,-0.0150023,-0.0116206,-0.0269282,0.0060724,0.010816,-0.00877731,0.0685671,0,0,0,-2.40048e-12,-2.40048e-12,-1.20024e-12,-1.20024e-12,1.20024e-12,-1.20024e-12,1.20024e-12,0,0,0,0,0,0,0,0,0.905991,4.25906e-09,0,-2.40048e-12,-3.60072e-12,0,0,1.20024e-12,-2.40048e-12,1.15223e-10,0,0,0,0,0,0,0,0,4.25936e-09,0.905991,
2.60209e-12,-1.00161,0.0313001,-0.0114467,0.00123731,0.00134726,-3.79143e-05,0,0,0.592087,-0.044257,-0.146768,0.0779036,0.00949031,-0.00660523,0.00300857,0,0,7.63007e-12,-2,-0.0089321,-0.016755,-0.00517174,0.000942693,-2.29506e-06,0,0,0.0397397,0.762473,0.0494659,0.0917646,-0.0246106,-0.0326332,0.0251386,0,0,0,-0.841312,0.0790762,0.00278422,0.00458298,0.00286129,-6.8355e-05,0,0,-0.148722,-0.0367984,0.651424,0.026749,0.0145411,-0.000478399,0.000989844,0,0,0,-2,-0.00176321,0.0556811,0.00440047,-0.000782479,-2.18474e-05,0,0,0.0800896,-0.115857,0.0372086,0.667615,0.00132875,0.0364619,0.0124357,0,0,-2.42861e-11,1.09131,0.0197895,0.0219345,-0.046057,-0.0340351,0.000550713,0,0,0.133814,0.048501,0.173225,0.114519,0.426165,-0.0239063,0.00648997,0,0,3.81639e-11,0.439283,0.0163732,-0.0258726,-0.0405653,0.0635869,0.000518734,0,0,-0.00710315,0.0167091,0.0432906,0.518999,-0.0287956,0.43501,-0.00900774,0,0,2.77556e-11,-0.268081,0.00381763,0.000635224,0.00122931,0.00272386,0.00188552,0,0,-0.0149829,-0.0116196,-0.0269219,0.00607585,0.0108082,-0.0087795,0.0685678,0,0,0,0,0,-1.20024e-12,0,1.20024e-12,1.20024e-12,0,0,0,0,0,0,0,0,0,0.905991,-4.32537e-09,0,0,1.20024e-12,0,0,0,1.20024e-12,0,0,0,0,0,0,0,0,0,-4.32507e-09,0.905991,
-1.04083e-11,-1.00256,0.0313359,-0.0114742,0.00123505,0.00134793,-3.79468e-05,0,0,0.592214,-0.0442994,-0.146878,0.0780415,0.00948071,-0.00662574,0.00301659,0,0,-1.96512e-12,-2,-0.00894126,-0.016757,-0.00517454,0.000945395,-2.36817e-06,0,0,0.039751,0.762551,0.0495055,0.0917958,-0.0246252,-0.0326473,0.025139,0,0,-1.38778e-11,-0.842929,0.0790776,0.00275187,0.0045807,0.00286309,-6.83522e-05,0,0,-0.148834,-0.0368693,0.651521,0.026866,0.0145509,-0.00050811,0.00099923,0,0,2.77556e-11,-2,-0.00179544,0.05569,0.00439852,-0.000782178,-2.18028e-05,0,0,0.0802202,-0.11591,0.0373269,0.667631,0.00131202,0.0364394,0.0124456,0,0,3.1225e-11,1.0912,0.0197381,0.0219523,-0.0460289,-0.0340433,0.00055008,0,0,0.133802,0.0484974,0.173422,0.114506,0.426194,-0.0238987,0.00648169,0,0,-1.04083e-11,0.440525,0.016415,-0.025805,-0.0405726,0.0636522,0.000517109,0,0,-0.00721279,0.0167642,0.0431172,0.518944,-0.0287849,0.435034,-0.00901546,0,0,3.46945e-11,-0.268058,0.00381812,0.000631811,0.0012271,0.00272172,0.00188588,0,0,-0.0149636,-0.0116187,-0.0269157,0.00607927,0.0108005,-0.00878169,0.0685685,0,0,0,0,0,1.20024e-12,0,1.20024e-12,0,5.76116e-11,0,0,0,0,0,0,0,0,0.905991,4.26746e-09,0,0,0,1.20024e-12,0,1.20024e-12,-1.20024e-12,1.20024e-12,0,0,0,0,0,0,0,0,4.26806e-09,0.905991,
1.21431e-11,-1.0035,0.0313713,-0.0115014,0.00123212,0.00134892,-3.79584e-05,0,0,0.592342,-0.0443418,-0.146988,0.0781797,0.00947108,-0.00664624,0.00302461,0,0,5.09575e-12,-2,-0.00895061,-0.0167595,-0.00517676,0.000948288,-2.40291e-06,0,0,0.0397622,0.76263,0.049545,0.0918269,-0.0246398,-0.0326614,0.0251394,0,0,2.08167e-11,-0.84455,0.0790783,0.00272055,0.0045761,0.00286504,-6.83592e-05,0,0,-0.148946,-0.0369403,0.651617,0.0269833,0.0145606,-0.000537884,0.00100864,0,0,-1.38778e-11,-2,-0.00182777,0.055698,0.00439721,-0.000780953,-2.17756e-05,0,0,0.080351,-0.115963,0.0374454,0.667647,0.00129528,0.0364169,0.0124555,0,0,2.08167e-11,1.09109,0.0196823,0.0219794,-0.0460054,-0.0340521,0.00054997,0,0,0.133791,0.0484937,0.173619,0.114494,0.426223,-0.0238912,0.00647344,0,0,3.46945e-12,0.441763,0.0164576,-0.0257385,-0.040579,0.0637153,0.000515235,0,0,-0.0073224,0.016819,0.0429435,0.51889,-0.0287741,0.435058,-0.00902316,0,0,2.77556e-11,-0.268034,0.00381863,0.000628253,0.00122494,0.00271967,0.00188618,0,0,-0.0149442,-0.0116177,-0.0269095,0.00608267,0.0107927,-0.00878387,0.0685692,0,0,0,0,1.20024e-12,0,-2.40048e-12,0,2.40048e-12,1.15223e-10,0,0,0,0,0,0,0,0,0.905991,-4.32777e-09,0,0,0,0,0,0,-1.20024e-12,-1.20024e-12,0,0,0,0,0,0,0,0,-4.32837e-09,0.905991,
-4.33681e-12,-1.00445,0.0314079,-0.0115284,0.00122927,0.00134963,-3.79904e-05,0,0,0.59247,-0.044384,-0.147098,0.078318,0.00946144,-0.00666675,0.00303264,0,0,8.32125e-12,-2,-0.00895983,-0.0167613,-0.00517965,0.000951039,-2.47675e-06,0,0,0.0397734,0.762709,0.0495846,0.091858,-0.0246545,-0.0326754,0.0251399,0,0,-1.38778e-11,-0.846173,0.0790807,0.00268945,0.00457245,0.00286688,-6.83576e-05,0,0,-0.149059,-0.0370115,0.651713,0.0271009,0.0145703,-0.00056772,0.00101807,0,0,1.38778e-11,-2,-0.00186071,0.0557067,0.00439559,-0.000780575,-2.1733e-05,0,0,0.0804819,-0.116015,0.0375642,0.667663,0.00127852,0.0363945,0.0124654,0,0,1.04083e-11,1.09098,0.0196352,0.0220066,-0.0459861,-0.03406,0.000549372,0,0,0.133779,0.0484899,0.173815,0.114481,0.426252,-0.0238836,0.00646519,0,0,-2.42861e-11,0.442996,0.0164989,-0.0256721,-0.0405847,0.0637812,0.000513546,0,0,-0.00743199,0.0168737,0.0427696,0.518835,-0.0287634,0.435082,-0.00903084,0,0,4.33681e-12,-0.26801,0.00381908,0.000624729,0.00122277,0.00271747,0.00188652,0,0,-0.0149247,-0.0116167,-0.0269032,0.00608605,0.010785,-0.00878605,0.0685699,0,0,0,1.20024e-12,0,0,0,0,2.40048e-12,0,0,0,0,0,0,0,0,0,0.905991,4.26386e-09,0,-1.20024e-12,-1.20024e-12,-1.20024e-12,0,0,-2.40048e-12,0,0,0,0,0,0,0,0,0,4.26476e-09,0.905991,
-1.73472e-12,-1.00539,0.0314442,-0.0115552,0.00122643,0.00135,-3.80245e-05,0,0,0.592598,-0.0444262,-0.147208,0.0784565,0.00945178,-0.00668726,0.00304067,0,0,6.34258e-12,-2,-0.00896895,-0.016763,-0.00518264,0.000953652,-2.55352e-06,0,0,0.0397845,0.762787,0.0496242,0.091889,-0.0246691,-0.0326894,0.0251403,0,0,-6.93889e-12,-0.847798,0.079083,0.00265882,0.00456896,0.00286808,-6.83551e-05,0,0,-0.149171,-0.0370827,0.651809,0.0272188,0.01458,-0.000597616,0.00102753,0,0,0,-2,-0.00189357,0.0557152,0.00439394,-0.000780144,-2.16884e-05,0,0,0.080613,-0.116068,0.0376833,0.667679,0.00126173,0.036372,0.0124753,0,0,3.46945e-12,1.09087,0.0195883,0.0220385,-0.0459668,-0.0340729,0.000548718,0,0,0.133767,0.0484861,0.174012,0.114469,0.426281,-0.023876,0.00645695,0,0,6.93889e-12,0.444222,0.0165403,-0.0256062,-0.0405907,0.0638478,0.000511905,0,0,-0.00754156,0.0169281,0.0425953,0.518781,-0.0287527,0.435106,-0.0090385,0,0,0,-0.267985,0.00381952,0.000621162,0.00122062,0.00271535,0.00188688,0,0,-0.0149053,-0.0116157,-0.0268969,0.00608939,0.0107772,-0.00878822,0.0685706,0,0,0,0,0,0,0,0,0,0,0,0,0,0,0,0,0,0,0.905991,-4.31967e-09,0,0,0,0,0,0,0,0,0,0,0,0,0,0,0,0,-4.31997e-09,0.905991,
-2.85928e-07,-1.00633,0.0314798,-0.0115824,0.00122413,0.00135095,-3.80572e-05,0,0,0.592727,-0.0444684,-0.147318,0.0785953,0.00944211,-0.00670777,0.00304872,0,0,-9.16947e-08,-2,-0.0089782,-0.0167646,-0.00518541,0.000956442,-2.62728e-06,0,0,0.0397956,0.762866,0.0496638,0.09192,-0.0246838,-0.0327033,0.0251408,0,0,-6.23557e-07,-0.849425,0.079084,0.00262738,0.00456658,0.00287053,-6.83532e-05,0,0,-0.149283,-0.0371541,0.651905,0.0273369,0.0145896,-0.000627574,0.00103701,0,0,1.58248e-07,-2,-0.0019261,0.0557237,0.004392,-0.000779974,-2.16446e-05,0,0,0.0807443,-0.11612,0.0378026,0.667694,0.00124493,0.0363496,0.0124852,0,0,-4.6696e-06,1.09076,0.019532,0.0220657,-0.0459383,-0.0340765,0.000548093,0,0,0.133755,0.0484821,0.174208,0.114457,0.42631,-0.0238684,0.00644873,0,0,6.81882e-07,0.445441,0.0165832,-0.0255394,-0.0405981,0.0639126,0.000510263,0,0,-0.00765108,0.0169822,0.0424208,0.518727,-0.0287419,0.43513,-0.00904614,0,0,4.89313e-08,-0.26796,0.00382003,0.000617638,0.00121841,0.00271315,0.00188724,0,0,-0.0148858,-0.0116147,-0.0268906,0.0060927,0.0107695,-0.0087904,0.0685713,0,0,0,1.20024e-12,0,0,-1.20024e-12,0,1.20024e-12,0,0,0,0,0,0,0,0,0,0.905991,4.25275e-09,-1.20024e-12,0,0,0,0,1.20024e-12,0,0,0,0,0,0,0,0,0,0,4.25245e-09,0.905991,
-2.85749e-07,-1.00726,0.0315155,-0.0116094,0.00122178,0.00135134,-3.80887e-05,0,0,0.592855,-0.0445105,-0.147429,0.0787341,0.00943241,-0.00672828,0.00305676,0,0,-9.16896e-08,-2,-0.00898732,-0.0167662,-0.00518814,0.00095905,-2.69866e-06,0,0,0.0398066,0.762946,0.0497035,0.091951,-0.0246985,-0.0327172,0.0251412,0,0,-6.23765e-07,-0.851054,0.0790855,0.00259642,0.00456408,0.00287174,-6.8352e-05,0,0,-0.149396,-0.0372256,0.652,0.0274554,0.0145991,-0.000657594,0.00104651,0,0,1.58124e-07,-2,-0.00195883,0.055732,0.0043901,-0.000779433,-2.16016e-05,0,0,0.0808757,-0.116173,0.0379222,0.66771,0.0012281,0.0363271,0.0124951,0,0,-4.67052e-06,1.09065,0.0194805,0.0220977,-0.0459098,-0.0340895,0.000547495,0,0,0.133743,0.0484781,0.174404,0.114445,0.426338,-0.0238609,0.00644052,0,0,6.81788e-07,0.446655,0.0166255,-0.0254732,-0.0406056,0.0639785,0.000508613,0,0,-0.00776057,0.0170361,0.042246,0.518673,-0.0287312,0.435154,-0.00905375,0,0,4.88689e-08,-0.267934,0.00382047,0.000614059,0.00121621,0.00271106,0.0018876,0,0,-0.0148664,-0.0116137,-0.0268843,0.00609598,0.0107618,-0.00879257,0.068572,0,0,0,0,1.20024e-12,0,0,0,0,0,0,0,0,0,0,0,0,0,0.905991,-4.30226e-09,0,0,0,0,0,0,0,0,0,0,0,0,0,0,0,0,-4.30196e-09,0.905991,
-5.20417e-12,-1.0082,0.0315512,-0.0116372,0.00121822,0.00135232,-3.80999e-05,0,0,0.592984,-0.0445525,-0.147539,0.0788732,0.00942269,-0.0067488,0.00306481,0,0,-6.43745e-12,-2,-0.00899656,-0.0167687,-0.0051905,0.000961937,-2.73281e-06,0,0,0.0398176,0.763025,0.0497432,0.0919819,-0.0247132,-0.0327311,0.0251417,0,0,-2.08167e-11,-0.852687,0.079087,0.00256402,0.00455808,0.00287372,-6.83602e-05,0,0,-0.149508,-0.0372971,0.652095,0.0275742,0.0146086,-0.000687676,0.00105604,0,0,-1.38778e-11,-2,-0.00199185,0.05574,0.00438913,-0.000778154,-2.15755e-05,0,0,0.0810073,-0.116225,0.0380421,0.667725,0.00121126,0.0363047,0.0125051,0,0,-1.04083e-11,1.09053,0.0194291,0.0221204,-0.0458953,-0.0340986,0.000547405,0,0,0.133731,0.0484741,0.1746,0.114433,0.426367,-0.0238533,0.00643233,0,0,1.38778e-11,0.447864,0.0166679,-0.0254054,-0.0406108,0.0640415,0.000506717,0,0,-0.00787003,0.0170897,0.042071,0.51862,-0.0287205,0.435178,-0.00906135,0,0,9.54098e-12,-0.267908,0.00382088,0.000610531,0.00121415,0.002709,0.0018879,0,0,-0.0148469,-0.0116126,-0.026878,0.00609924,0.0107541,-0.00879473,0.0685727,0,0,0,0,-1.20024e-12,-1.20024e-12,0,1.20024e-12,1.20024e-12,0,0,0,0,0,0,0,0,0,0.905991,4.23235e-09,0,0,0,-1.20024e-12,0,-1.20024e-12,1.20024e-12,0,0,0,0,0,0,0,0,0,4.23205e-09,0.905991,
2.60209e-12,-1.00914,0.0315876,-0.0116646,0.00121555,0.00135389,-3.81129e-05,0,0,0.593114,-0.0445944,-0.147649,0.0790124,0.00941295,-0.00676931,0.00307287,0,0,-1.04354e-11,-2,-0.00900599,-0.016771,-0.00519256,0.000965047,-2.77185e-06,0,0,0.0398284,0.763105,0.0497829,0.0920128,-0.0247279,-0.0327449,0.0251422,0,0,1.38778e-11,-0.854322,0.0790889,0.00253243,0.00455403,0.00287697,-6.83686e-05,0,0,-0.149621,-0.0373688,0.652189,0.0276933,0.014618,-0.000717821,0.0010656,0,0,1.38778e-11,-2,-0.00202539,0.0557481,0.00438765,-0.000777211,-2.15497e-05,0,0,0.0811391,-0.116277,0.0381622,0.66774,0.00119441,0.0362823,0.012515,0,0,-3.46945e-12,1.09041,0.0193773,0.0221479,-0.0458661,-0.0340981,0.0005473,0,0,0.133719,0.0484699,0.174796,0.114421,0.426396,-0.0238458,0.00642416,0,0,1.04083e-11,0.449068,0.0167104,-0.0253382,-0.0406179,0.0641043,0.000504775,0,0,-0.00797947,0.0171431,0.0418956,0.518566,-0.0287098,0.435202,-0.00906893,0,0,-3.46945e-12,-0.267881,0.00382132,0.000606951,0.00121186,0.00270676,0.00188819,0,0,-0.0148273,-0.0116115,-0.0268716,0.00610247,0.0107465,-0.00879688,0.0685734,0,0,0,0,-1.20024e-12,0,0,0,0,-5.64113e-11,0,0,0,0,0,0,0,0,0.905991,4.27826e-09,0,1.20024e-12,-1.20024e-12,-1.20024e-12,0,0,0,0,0,0,0,0,0,0,0,0,4.27796e-09,0.905991,
-4.33681e-12,-1.01007,0.0316247,-0.0116918,0.00121302,0.00135397,-3.81493e-05,0,0,0.593243,-0.0446363,-0.147759,0.0791519,0.00940319,-0.00678982,0.00308093,0,0,1.08285e-11,-2,-0.0090153,-0.0167725,-0.00519545,0.000967596,-2.85476e-06,0,0,0.0398393,0.763184,0.0498226,0.0920437,-0.0247427,-0.0327587,0.0251427,0,0,-6.93889e-12,-0.855961,0.0790918,0.00250101,0.0045512,0.00287759,-6.83667e-05,0,0,-0.149733,-0.0374406,0.652283,0.0278127,0.0146274,-0.000748027,0.00107517,0,0,2.77556e-11,-2,-0.00205922,0.0557569,0.00438581,-0.000776645,-2.15056e-05,0,0,0.081271,-0.116329,0.0382826,0.667755,0.00117753,0.0362599,0.0125249,0,0,-1.04083e-11,1.09029,0.0193296,0.0221755,-0.0458413,-0.0341156,0.000546623,0,0,0.133707,0.0484657,0.174992,0.114409,0.426424,-0.0238383,0.00641599,0,0,4.16334e-11,0.450267,0.0167523,-0.025271,-0.0406246,0.0641729,0.000503086,0,0,-0.0080889,0.0171963,0.0417199,0.518513,-0.0286991,0.435226,-0.0090765,0,0,6.07153e-12,-0.267854,0.00382176,0.000603418,0.00120959,0.0027046,0.00188855,0,0,-0.0148078,-0.0116104,-0.0268653,0.00610568,0.0107388,-0.00879903,0.068574,0,0,0,3.60072e-12,3.60072e-12,0,0,-2.40048e-12,2.40048e-12,0,0,0,0,0,0,0,0,0,0.905991,-4.43699e-09,0,2.40048e-12,2.40048e-12,0,0,0,0,0,0,0,0,0,0,0,0,0,-4.43669e-09,0.905991,
-2.85016e-07,-1.011,0.0316609,-0.0117188,0.00121049,0.00135486,-3.84721e-05,0,0,0.593373,-0.0446782,-0.147869,0.0792915,0.00939342,-0.00681034,0.00308899,0,0,-9.16586e-08,-2,-0.00902464,-0.0167738,-0.00519844,0.000970356,-3.03042e-06,0,0,0.0398501,0.763264,0.0498624,0.0920745,-0.0247575,-0.0327725,0.0251432,0,0,-6.24542e-07,-0.857601,0.0790932,0.00246997,0.00454849,0.00288004,-6.89887e-05,0,0,-0.149845,-0.0375125,0.652377,0.0279324,0.0146368,-0.000778295,0.00108477,0,0,1.57652e-07,-2,-0.0020925,0.0557655,0.00438394,-0.000776647,-2.13017e-05,0,0,0.081403,-0.116381,0.0384032,0.66777,0.00116063,0.0362375,0.0125349,0,0,-4.67389e-06,1.09017,0.0192727,0.0222078,-0.0458166,-0.0341193,0.000541222,0,0,0.133694,0.0484614,0.175188,0.114397,0.426452,-0.0238308,0.00640782,0,0,6.81358e-07,0.45146,0.0167957,-0.0252045,-0.0406316,0.064239,0.000502142,0,0,-0.00819829,0.0172493,0.041544,0.518459,-0.0286884,0.43525,-0.00908404,0,0,4.86495e-08,-0.267826,0.00382227,0.000599843,0.00120736,0.00270235,0.00188898,0,0,-0.0147882,-0.0116092,-0.0268589,0.00610887,0.0107311,-0.00880118,0.0685747,0,0,-2.40048e-12,0,1.20024e-12,-2.40048e-12,0,1.20024e-12,-1.20024e-12,-1.14023e-10,0,0,0,0,0,0,0,0,0.905991,-4.4565e-09,0,0,0,0,0,0,0,0,0,0,0,0,0,0,0,0,-4.4571e-09,0.905991,
0,-1.01193,0.0316972,-0.0117465,0.00120789,0.00135576,-3.79378e-05,0,0,0.593504,-0.0447199,-0.14798,0.0794313,0.00938363,-0.00683086,0.00309706,0,0,9.16151e-12,-2,-0.00903369,-0.0167752,-0.00520137,0.000973104,-2.92602e-06,0,0,0.0398608,0.763344,0.0499022,0.0921053,-0.0247723,-0.0327863,0.0251437,0,0,0,-0.859242,0.0790958,0.00243742,0.00454556,0.0028825,-6.77379e-05,0,0,-0.149958,-0.0375846,0.65247,0.0280524,0.0146461,-0.000808624,0.0010944,0,0,0,-2,-0.00212598,0.0557741,0.00438213,-0.000776557,-2.1572e-05,0,0,0.0815353,-0.116433,0.0385242,0.667785,0.00114371,0.0362151,0.0125449,0,0,6.93889e-12,1.09005,0.0192255,0.0222307,-0.0457922,-0.0341233,0.000549894,0,0,0.133682,0.048457,0.175383,0.114385,0.426481,-0.0238232,0.00639967,0,0,5.20417e-11,0.452647,0.0168378,-0.0251363,-0.0406387,0.0643044,0.000499152,0,0,-0.00830765,0.017302,0.0413678,0.518406,-0.0286777,0.435273,-0.00909156,0,0,-4.33681e-12,-0.267798,0.00382265,0.000596358,0.00120518,0.00270014,0.00188926,0,0,-0.0147686,-0.0116081,-0.0268525,0.00611202,0.0107235,-0.00880333,0.0685754,0,0,0,0,3.60072e-12,-1.20024e-12,-1.20024e-12,1.20024e-12,-1.20024e-12,0,0,0,0,0,0,0,0,0,0.905991,-4.34847e-09,0,0,0,0,0,0,0,0,0,0,0,0,0,0,0,0,-4.34817e-09,0.905991,
3.46945e-12,-1.01286,0.0317327,-0.0117741,0.00120551,0.00135639,-3.82559e-05,0,0,0.593634,-0.0447616,-0.14809,0.0795712,0.00937382,-0.00685137,0.00310514,0,0,-4.14707e-12,-2,-0.00904288,-0.0167766,-0.00520413,0.00097577,-3.09246e-06,0,0,0.0398715,0.763425,0.049942,0.092136,-0.0247871,-0.0327999,0.0251442,0,0,6.93889e-12,-0.860887,0.0790969,0.00240531,0.00454305,0.00288436,-6.83623e-05,0,0,-0.15007,-0.0376567,0.652563,0.0281728,0.0146554,-0.000839015,0.00110405,0,0,-2.77556e-11,-2,-0.00215918,0.0557824,0.00438021,-0.000776209,-2.13713e-05,0,0,0.0816677,-0.116485,0.0386453,0.6678,0.00112677,0.0361927,0.0125548,0,0,-4.16334e-11,1.08992,0.019169,0.0222583,-0.0457632,-0.034132,0.000544593,0,0,0.13367,0.0484526,0.175579,0.114373,0.426509,-0.0238157,0.00639153,0,0,1.73472e-11,0.453828,0.0168813,-0.0250687,-0.0406465,0.06437,0.000498185,0,0,-0.00841696,0.0173544,0.0411913,0.518353,-0.028667,0.435297,-0.00909906,0,0,1.12757e-11,-0.26777,0.0038231,0.000592815,0.00120297,0.00269798,0.00188968,0,0,-0.014749,-0.0116069,-0.0268462,0.00611514,0.0107158,-0.00880547,0.0685761,0,0,0,0,0,0,0,0,0,0,0,0,0,0,0,0,0,0,0.905991,4.14323e-09,0,0,0,0,0,0,-2.40048e-12,0,0,0,0,0,0,0,0,0,4.14353e-09,0.905991,
-5.20417e-12,-1.01379,0.0317686,-0.0118017,0.00120252,0.00135675,-3.82877e-05,0,0,0.593765,-0.0448032,-0.1482,0.0797114,0.00936399,-0.00687189,0.00311322,0,0,-8.03665e-12,-2,-0.00905187,-0.016778,-0.005207,0.000978359,-3.16465e-06,0,0,0.0398821,0.763505,0.0499819,0.0921668,-0.0248019,-0.0328136,0.0251447,0,0,-6.93889e-12,-0.862536,0.0790993,0.00237308,0.00453913,0.00288561,-6.83627e-05,0,0,-0.150183,-0.0377289,0.652656,0.0282934,0.0146646,-0.000869468,0.00111372,0,0,0,-2,-0.00219279,0.0557905,0.00437865,-0.000775626,-2.13296e-05,0,0,0.0818002,-0.116536,0.0387668,0.667814,0.00110981,0.0361704,0.0125648,0,0,-2.77556e-11,1.08979,0.0191219,0.022286,-0.0457435,-0.0341453,0.000544006,0,0,0.133657,0.0484481,0.175774,0.114362,0.426537,-0.0238082,0.00638341,0,0,1.04083e-11,0.455005,0.0169236,-0.0250009,-0.0406528,0.0644359,0.000496514,0,0,-0.00852622,0.0174066,0.0410146,0.518301,-0.0286564,0.435321,-0.00910653,0,0,1.04083e-11,-0.26774,0.00382342,0.000589263,0.00120087,0.00269587,0.00189005,0,0,-0.0147294,-0.0116057,-0.0268397,0.00611822,0.0107082,-0.00880761,0.0685768,0,0,0,1.20024e-12,0,0,0,0,0,0,0,0,0,0,0,0,0,0,0.905991,4.06822e-09,0,0,0,0,0,0,-1.20024e-12,0,0,0,0,0,0,0,0,0,4.06882e-09,0.905991,
-5.20417e-12,-1.01471,0.031804,-0.0118294,0.0011995,0.00135712,-3.80345e-05,0,0,0.593896,-0.0448448,-0.14831,0.0798517,0.00935415,-0.00689241,0.00312131,0,0,1.21431e-11,-2,-0.00906103,-0.0167794,-0.00520984,0.000980957,-3.14411e-06,0,0,0.0398927,0.763586,0.0500217,0.0921974,-0.0248168,-0.0328272,0.0251453,0,0,-2.08167e-11,-0.864186,0.0791004,0.00234076,0.00453512,0.00288688,-6.77382e-05,0,0,-0.150295,-0.0378013,0.652748,0.0284143,0.0146738,-0.000899982,0.00112342,0,0,0,-2,-0.00222621,0.0557987,0.00437709,-0.000775004,-2.14457e-05,0,0,0.0819329,-0.116588,0.0388885,0.667829,0.00109283,0.036148,0.0125748,0,0,3.46945e-12,1.08966,0.0190654,0.0223137,-0.0457238,-0.0341588,0.000548115,0,0,0.133645,0.0484435,0.175969,0.11435,0.426565,-0.0238007,0.0063753,0,0,6.93889e-12,0.456173,0.0169673,-0.0249329,-0.0406592,0.0645018,0.000494149,0,0,-0.00863543,0.0174585,0.0408376,0.518248,-0.0286457,0.435344,-0.00911398,0,0,3.46945e-12,-0.267711,0.00382384,0.000585705,0.00119878,0.00269375,0.00189037,0,0,-0.0147098,-0.0116045,-0.0268333,0.00612128,0.0107006,-0.00880975,0.0685775,0,0,0,0,0,0,0,0,1.20024e-12,0,0,0,0,0,0,0,0,0,0.905991,4.09762e-09,0,0,0,0,0,0,0,0,0,0,0,0,0,0,0,0,4.09852e-09,0.905991,
-5.20417e-12,-1.01564,0.0318397,-0.0118571,0.0011967,0.00135865,-3.86141e-05,0,0,0.594027,-0.0448863,-0.14842,0.0799922,0.00934428,-0.00691292,0.0031294,0,0,-6.36969e-12,-2,-0.00907025,-0.0167814,-0.00521185,0.000984012,-3.36172e-06,0,0,0.0399032,0.763667,0.0500616,0.0922281,-0.0248317,-0.0328408,0.0251458,0,0,-1.38778e-11,-0.865838,0.0791021,0.00230891,0.00453077,0.00289016,-6.89991e-05,0,0,-0.150407,-0.0378737,0.65284,0.0285356,0.0146829,-0.00093056,0.00113315,0,0,-2.77556e-11,-2,-0.00226013,0.0558061,0.00437569,-0.000773974,-2.11068e-05,0,0,0.0820658,-0.116639,0.0390105,0.667843,0.00107584,0.0361257,0.0125848,0,0,-6.93889e-12,1.08953,0.0190136,0.0223462,-0.0456946,-0.0341588,0.000538691,0,0,0.133633,0.0484388,0.176164,0.114339,0.426593,-0.0237932,0.00636721,0,0,3.46945e-12,0.457336,0.0170104,-0.0248654,-0.0406668,0.0645636,0.000493583,0,0,-0.00874459,0.0175102,0.0406602,0.518196,-0.0286351,0.435368,-0.00912142,0,0,-8.67362e-13,-0.26768,0.00382417,0.000582052,0.00119657,0.00269157,0.00189077,0,0,-0.0146901,-0.0116032,-0.0268269,0.0061243,0.010693,-0.00881188,0.0685781,0,0,0,0,-2.40048e-12,0,2.40048e-12,2.40048e-12,1.20024e-12,0,0,0,0,0,0,0,0,0,0.905991,4.22635e-09,0,0,0,0,0,0,1.20024e-12,0,0,0,0,0,0,0,0,0,4.22665e-09,0.905991,
2.60209e-12,-1.01656,0.0318762,-0.0118849,0.00119396,0.00135934,-3.80592e-05,0,0,0.594159,-0.0449277,-0.148531,0.0801329,0.00933439,-0.00693343,0.00313749,0,0,3.04932e-12,-2,-0.00907966,-0.0167834,-0.00521386,0.000986832,-3.21829e-06,0,0,0.0399136,0.763748,0.0501015,0.0922587,-0.0248466,-0.0328544,0.0251464,0,0,6.93889e-12,-0.867494,0.0791043,0.00227663,0.00452653,0.00289159,-6.77576e-05,0,0,-0.15052,-0.0379463,0.652932,0.0286571,0.014692,-0.000961199,0.0011429,0,0,0,-2,-0.00229459,0.055814,0.00437424,-0.000772504,-2.13964e-05,0,0,0.0821988,-0.116691,0.0391327,0.667857,0.00105883,0.0361034,0.0125948,0,0,2.77556e-11,1.0894,0.0189613,0.0223741,-0.0456647,-0.0341727,0.000547959,0,0,0.13362,0.0484341,0.176359,0.114328,0.42662,-0.0237858,0.00635914,0,0,0,0.458494,0.0170537,-0.0247972,-0.0406742,0.0646287,0.000490249,0,0,-0.00885374,0.0175616,0.0404826,0.518144,-0.0286244,0.435391,-0.00912883,0,0,-5.20417e-12,-0.26765,0.00382454,0.000578445,0.00119428,0.00268945,0.00189096,0,0,-0.0146704,-0.0116019,-0.0268204,0.00612731,0.0106854,-0.008814,0.0685788,0,0,0,0,0,0,0,0,0,0,0,0,0,0,0,0,0,0,0.905991,-4.4649e-09,0,-1.20024e-12,0,0,0,0,0,0,0,0,0,0,0,0,0,0,-4.4649e-09,0.905991,
2.8376e-07,-1.01748,0.0319128,-0.0119125,0.00119106,0.00136026,-3.83802e-05,0,0,0.594291,-0.044969,-0.148641,0.0802738,0.00932448,-0.00695395,0.00314559,0,0,9.15873e-08,-2,-0.00908915,-0.0167846,-0.0052168,0.000989646,-3.39431e-06,0,0,0.039924,0.763829,0.0501415,0.0922893,-0.0248615,-0.0328679,0.0251469,0,0,6.25985e-07,-0.869151,0.0791063,0.00224454,0.0045229,0.00289412,-6.83835e-05,0,0,-0.150632,-0.038019,0.653023,0.028779,0.014701,-0.000991901,0.00115267,0,0,-1.56847e-07,-2,-0.00232904,0.0558226,0.00437257,-0.000772365,-2.11966e-05,0,0,0.082332,-0.116742,0.0392552,0.667871,0.0010418,0.0360811,0.0126048,0,0,4.68005e-06,1.08927,0.0189039,0.0224021,-0.0456439,-0.0341766,0.000542613,0,0,0.133608,0.0484292,0.176554,0.114317,0.426648,-0.0237783,0.00635108,0,0,-6.80678e-07,0.459646,0.0170978,-0.024729,-0.0406806,0.0646956,0.000489211,0,0,-0.00896286,0.0176128,0.0403048,0.518092,-0.0286138,0.435415,-0.00913623,0,0,-4.82687e-08,-0.267619,0.00382501,0.000574885,0.00119204,0.00268711,0.00189138,0,0,-0.0146507,-0.0116006,-0.026814,0.00613029,0.0106778,-0.00881612,0.0685795,0,0,0,0,0,0,0,0,0,0,0,0,0,0,0,0,0,0,0.905991,-4.56422e-09,-2.40048e-12,0,0,0,2.40048e-12,0,-2.40048e-12,0,0,0,0,0,0,0,0,0,-4.56422e-09,0.905991,
3.46945e-12,-1.0184,0.0319494,-0.0119408,0.00118818,0.00136055,-3.81352e-05,0,0,0.594423,-0.0450103,-0.148751,0.0804148,0.00931456,-0.00697446,0.0031537,0,0,-1.78893e-12,-2,-0.0090984,-0.0167859,-0.00521985,0.000992209,-3.38847e-06,0,0,0.0399343,0.76391,0.0501815,0.0923198,-0.0248765,-0.0328814,0.0251475,0,0,6.93889e-12,-0.870811,0.0791087,0.00221094,0.0045194,0.00289537,-6.77565e-05,0,0,-0.150744,-0.0380918,0.653114,0.0289012,0.01471,-0.00102266,0.00116247,0,0,0,-2,-0.00236342,0.0558315,0.00437088,-0.000772014,-2.13083e-05,0,0,0.0824653,-0.116793,0.039378,0.667885,0.00102474,0.0360588,0.0126148,0,0,1.73472e-11,1.08913,0.0188512,0.0224208,-0.0456232,-0.0341901,0.000546574,0,0,0.133595,0.0484244,0.176749,0.114306,0.426676,-0.0237708,0.00634302,0,0,3.46945e-12,0.460793,0.0171413,-0.0246594,-0.0406872,0.0647635,0.000486877,0,0,-0.00907194,0.0176638,0.0401266,0.51804,-0.0286032,0.435438,-0.00914361,0,0,-3.64292e-11,-0.267587,0.00382541,0.000571431,0.00118985,0.00268493,0.00189172,0,0,-0.014631,-0.0115993,-0.0268075,0.00613324,0.0106703,-0.00881823,0.0685802,0,0,0,2.40048e-12,0,0,2.40048e-12,2.40048e-12,1.20024e-12,1.16423e-10,0,0,0,0,0,0,0,0,0.905991,-4.51711e-09,0,0,0,0,0,0,1.20024e-12,-1.20024e-12,0,0,0,0,0,0,0,0,-4.51651e-09,0.905991,
2.83407e-07,-1.01932,0.0319858,-0.0119684,0.00118578,0.00136085,-3.81716e-05,0,0,0.594556,-0.0450515,-0.148861,0.0805561,0.00930462,-0.00699498,0.00316181,0,0,9.15748e-08,-2,-0.00910745,-0.0167869,-0.00522265,0.00099476,-3.4692e-06,0,0,0.0399446,0.763992,0.0502215,0.0923503,-0.0248914,-0.0328948,0.0251481,0,0,6.26429e-07,-0.872473,0.0791116,0.00217897,0.00451694,0.00289663,-6.77567e-05,0,0,-0.150857,-0.0381647,0.653204,0.0290237,0.0147189,-0.00105349,0.00117229,0,0,-1.56625e-07,-2,-0.00239783,0.0558396,0.00436894,-0.000771575,-2.12645e-05,0,0,0.0825988,-0.116844,0.039501,0.667899,0.00100767,0.0360365,0.0126248,0,0,4.68192e-06,1.089,0.0188035,0.0224535,-0.0455934,-0.0342038,0.000545904,0,0,0.133582,0.0484194,0.176943,0.114295,0.426703,-0.0237634,0.00633498,0,0,-6.80445e-07,0.461934,0.0171841,-0.0245916,-0.0406953,0.0648307,0.000485223,0,0,-0.00918097,0.0177145,0.0399482,0.517989,-0.0285925,0.435462,-0.00915096,0,0,-4.81958e-08,-0.267555,0.00382572,0.000567825,0.00118761,0.00268279,0.00189211,0,0,-0.0146113,-0.011598,-0.026801,0.00613616,0.0106627,-0.00882035,0.0685808,0,0,0,1.20024e-12,1.20024e-12,0,1.20024e-12,-1.20024e-12,0,0,0,0,0,0,0,0,0,0,0.905991,-4.34667e-09,0,-1.20024e-12,-1.20024e-12,0,-1.20024e-12,1.20024e-12,0,0,0,0,0,0,0,0,0,0,-4.34637e-09,0.905991,
-5.20417e-12,-1.02023,0.0320218,-0.0119963,0.00118305,0.00136202,-3.87723e-05,0,0,0.594688,-0.0450927,-0.148972,0.0806975,0.00929466,-0.00701549,0.00316992,0,0,5.09575e-12,-2,-0.00911654,-0.0167879,-0.00522547,0.000997591,-3.72901e-06,0,0,0.0399548,0.764074,0.0502615,0.0923808,-0.0249064,-0.0329082,0.0251487,0,0,-1.38778e-11,-0.874139,0.0791137,0.00214619,0.00451364,0.00289978,-6.90111e-05,0,0,-0.150969,-0.0382377,0.653294,0.0291465,0.0147278,-0.00108438,0.00118214,0,0,0,-2,-0.00243212,0.0558478,0.0043672,-0.000771508,-2.09094e-05,0,0,0.0827324,-0.116895,0.0396244,0.667912,0.000990574,0.0360142,0.0126349,0,0,1.73472e-11,1.08885,0.0187512,0.0224816,-0.0455683,-0.0342036,0.000535919,0,0,0.13357,0.0484143,0.177138,0.114284,0.426731,-0.0237559,0.00632695,0,0,-3.46945e-12,0.46307,0.0172277,-0.024523,-0.0407028,0.0648953,0.00048491,0,0,-0.00928994,0.0177649,0.0397695,0.517937,-0.0285819,0.435485,-0.00915829,0,0,-6.93889e-12,-0.267522,0.00382606,0.000564258,0.00118544,0.00268051,0.00189259,0,0,-0.0145915,-0.0115966,-0.0267945,0.00613904,0.0106552,-0.00882246,0.0685815,0,0,0,0,0,-1.20024e-12,0,0,1.20024e-12,1.16423e-10,0,0,0,0,0,0,0,0,0.905991,4.09402e-09,0,0,0,0,0,0,-1.20024e-12,-1.20024e-12,0,0,0,0,0,0,0,0,4.09372e-09,0.905991,
3.46945e-12,-1.02115,0.0320579,-0.0120241,0.00118055,0.00136236,-3.88051e-05,0,0,0.594821,-0.0451337,-0.149082,0.080839,0.00928469,-0.007036,0.00317804,0,0,5.00088e-12,-2,-0.00912551,-0.0167889,-0.00522815,0.00100016,-3.80351e-06,0,0,0.039965,0.764156,0.0503015,0.0924112,-0.0249215,-0.0329216,0.0251493,0,0,0,-0.875805,0.0791164,0.00211391,0.00451085,0.00290107,-6.90134e-05,0,0,-0.151082,-0.0383108,0.653384,0.0292696,0.0147366,-0.00111533,0.00119201,0,0,0,-2,-0.00246664,0.0558556,0.00436533,-0.000770911,-2.08685e-05,0,0,0.0828663,-0.116946,0.0397479,0.667926,0.000973459,0.035992,0.0126449,0,0,-1.04083e-11,1.08872,0.0187037,0.0225144,-0.0455385,-0.0342174,0.000535326,0,0,0.133557,0.0484092,0.177332,0.114273,0.426758,-0.0237485,0.00631893,0,0,-3.46945e-12,0.464197,0.0172707,-0.0244548,-0.0407109,0.0649617,0.00048322,0,0,-0.00939886,0.0178151,0.0395905,0.517886,-0.0285713,0.435509,-0.00916559,0,0,-5.20417e-12,-0.267489,0.00382632,0.000560636,0.00118323,0.00267837,0.00189297,0,0,-0.0145718,-0.0115953,-0.026788,0.0061419,0.0106477,-0.00882456,0.0685822,0,0,0,0,-2.40048e-12,0,0,2.40048e-12,-1.20024e-12,0,0,0,0,0,0,0,0,0,0.905991,3.9806e-09,0,0,-1.20024e-12,0,0,-1.20024e-12,0,0,0,0,0,0,0,0,0,0,3.9806e-09,0.905991,
2.82861e-07,-1.02206,0.0320931,-0.0120524,0.00117714,0.00136328,-3.85342e-05,0,0,0.594955,-0.0451747,-0.149192,0.0809808,0.00927469,-0.00705651,0.00318617,0,0,9.15621e-08,-2,-0.00913488,-0.0167907,-0.00523033,0.001003,-3.74848e-06,0,0,0.0399751,0.764238,0.0503416,0.0924416,-0.0249365,-0.0329349,0.0251499,0,0,6.27033e-07,-0.877476,0.0791171,0.00208082,0.00450515,0.00290313,-6.83976e-05,0,0,-0.151194,-0.038384,0.653473,0.029393,0.0147454,-0.00114634,0.00120191,0,0,-1.56236e-07,-2,-0.00250103,0.0558631,0.00436425,-0.00076956,-2.10008e-05,0,0,0.0830002,-0.116997,0.0398718,0.667939,0.000956329,0.0359697,0.012655,0,0,4.6846e-06,1.08857,0.0186421,0.0225426,-0.045518,-0.0342272,0.000539936,0,0,0.133544,0.048404,0.177526,0.114262,0.426785,-0.0237411,0.00631094,0,0,-6.80126e-07,0.46532,0.0173159,-0.0243858,-0.0407175,0.0650252,0.000480598,0,0,-0.00950773,0.017865,0.0394112,0.517835,-0.0285607,0.435532,-0.00917288,0,0,-4.80328e-08,-0.267455,0.0038267,0.000557013,0.00118111,0.00267626,0.00189323,0,0,-0.014552,-0.0115939,-0.0267814,0.00614472,0.0106402,-0.00882666,0.0685828,0,0,0,1.20024e-12,1.20024e-12,-1.20024e-12,-1.20024e-12,-1.20024e-12,1.20024e-12,0,0,0,0,0,0,0,0,0,0.905991,3.9701e-09,0,-1.20024e-12,0,0,0,1.20024e-12,-1.20024e-12,0,0,0,0,0,0,0,0,0,3.9689e-09,0.905991,
-5.20417e-12,-1.02297,0.0321299,-0.0120807,0.00117437,0.00136393,-3.88503e-05,0,0,0.595088,-0.0452156,-0.149303,0.0811228,0.00926467,-0.00707701,0.0031943,0,0,3.80826e-12,-2,-0.00914406,-0.0167918,-0.00523303,0.00100571,-3.91736e-06,0,0,0.0399851,0.76432,0.0503817,0.0924719,-0.0249516,-0.0329482,0.0251505,0,0,-1.38778e-11,-0.879149,0.0791203,0.00204738,0.00450168,0.00290509,-6.90278e-05,0,0,-0.151306,-0.0384573,0.653562,0.0295168,0.0147542,-0.00117742,0.00121183,0,0,2.77556e-11,-2,-0.00253625,0.0558714,0.00436253,-0.000769074,-2.08052e-05,0,0,0.0831344,-0.117047,0.0399959,0.667953,0.000939178,0.0359475,0.012665,0,0,-6.93889e-12,1.08842,0.0185941,0.0225662,-0.0454923,-0.0342362,0.000534677,0,0,0.133531,0.0483987,0.17772,0.114252,0.426812,-0.0237337,0.00630296,0,0,-1.73472e-11,0.466437,0.0173592,-0.0243161,-0.0407248,0.0650919,0.000479521,0,0,-0.00961655,0.0179147,0.0392317,0.517784,-0.0285502,0.435555,-0.00918015,0,0,9.54098e-12,-0.267421,0.00382698,0.000553474,0.00117888,0.002674,0.00189364,0,0,-0.0145321,-0.0115924,-0.0267749,0.00614752,0.0106327,-0.00882875,0.0685835,0,0,0,-2.40048e-12,-1.20024e-12,0,-1.20024e-12,-1.20024e-12,0,0,0,0,0,0,0,0,0,0,0.905991,4.05051e-09,0,-1.20024e-12,-1.20024e-12,0,-1.20024e-12,0,0,0,0,0,0,0,0,0,0,0,4.04991e-09,0.905991,
-2.82499e-07,-1.02388,0.0321665,-0.0121088,0.00117164,0.00136452,-3.88862e-05,0,0,0.595222,-0.0452565,-0.149413,0.0812649,0.00925464,-0.00709752,0.00320243,0,0,-9.15531e-08,-2,-0.00915316,-0.0167928,-0.00523586,0.00100837,-3.99876e-06,0,0,0.0399951,0.764402,0.0504218,0.0925023,-0.0249666,-0.0329615,0.0251511,0,0,-6.27456e-07,-0.880824,0.0791234,0.00201441,0.00449843,0.00290702,-6.90298e-05,0,0,-0.151419,-0.0385308,0.653651,0.0296408,0.0147628,-0.00120855,0.00122178,0,0,1.56014e-07,-2,-0.0025714,0.0558796,0.00436076,-0.000768723,-2.07633e-05,0,0,0.0832686,-0.117098,0.0401203,0.667966,0.000922006,0.0359253,0.0126751,0,0,-4.68643e-06,1.08828,0.018546,0.0225945,-0.0454666,-0.0342454,0.000534029,0,0,0.133518,0.0483933,0.177914,0.114241,0.426839,-0.0237263,0.00629499,0,0,6.79876e-07,0.467547,0.0174025,-0.024247,-0.0407323,0.0651587,0.00047782,0,0,-0.00972532,0.0179641,0.0390519,0.517734,-0.0285396,0.435578,-0.00918739,0,0,4.79417e-08,-0.267386,0.00382726,0.000549894,0.00117666,0.00267176,0.00189403,0,0,-0.0145123,-0.011591,-0.0267683,0.00615028,0.0106252,-0.00883084,0.0685842,0,0,0,0,-1.20024e-12,-1.20024e-12,0,1.20024e-12,0,0,0,0,0,0,0,0,0,0,0.905991,4.22575e-09,0,0,1.20024e-12,0,0,0,1.20024e-12,0,0,0,0,0,0,0,0,0,4.22545e-09,0.905991,
2.82316e-07,-1.02479,0.0322027,-0.0121375,0.00116883,0.00136541,-3.89012e-05,0,0,0.595357,-0.0452972,-0.149523,0.0814072,0.00924459,-0.00711802,0.00321057,0,0,9.15412e-08,-2,-0.0091624,-0.0167944,-0.00523793,0.0010112,-4.04107e-06,0,0,0.040005,0.764485,0.050462,0.0925326,-0.0249817,-0.0329747,0.0251518,0,0,6.27665e-07,-0.8825,0.0791257,0.00198056,0.00449415,0.00290909,-6.90406e-05,0,0,-0.151531,-0.0386043,0.653739,0.0297652,0.0147715,-0.00123975,0.00123175,0,0,-1.55875e-07,-2,-0.00260656,0.0558874,0.00435932,-0.000767473,-2.07379e-05,0,0,0.0834031,-0.117148,0.040245,0.667979,0.000904818,0.0359031,0.0126851,0,0,4.6873e-06,1.08813,0.0184935,0.0226182,-0.0454363,-0.0342553,0.000533896,0,0,0.133505,0.0483879,0.178108,0.114231,0.426866,-0.0237189,0.00628704,0,0,-6.79831e-07,0.468651,0.0174466,-0.0241769,-0.0407404,0.0652231,0.000475888,0,0,-0.00983405,0.0180132,0.0388718,0.517683,-0.028529,0.435602,-0.00919461,0,0,-4.78862e-08,-0.267351,0.00382753,0.000546319,0.00117441,0.00266962,0.00189435,0,0,-0.0144924,-0.0115895,-0.0267617,0.00615302,0.0106177,-0.00883292,0.0685848,0,0,0,1.20024e-12,1.20024e-12,-1.20024e-12,0,0,1.20024e-12,0,0,0,0,0,0,0,0,0,0.905991,-4.51561e-09,0,3.60072e-12,3.60072e-12,-3.60072e-12,0,0,3.60072e-12,0,0,0,0,0,0,0,0,0,-4.51531e-09,0.905991,
-6.93889e-12,-1.02569,0.0322388,-0.0121651,0.0011658,0.0013663,-3.86544e-05,0,0,0.595491,-0.0453379,-0.149633,0.0815497,0.00923452,-0.00713852,0.00321871,0,0,3.25261e-13,-2,-0.00917187,-0.0167951,-0.00524079,0.00101398,-4.03081e-06,0,0,0.0400149,0.764568,0.0505022,0.0925628,-0.0249969,-0.0329879,0.0251524,0,0,-1.38778e-11,-0.884181,0.0791272,0.00194878,0.00449015,0.00291167,-6.84159e-05,0,0,-0.151643,-0.038678,0.653827,0.0298899,0.01478,-0.00127101,0.00124175,0,0,0,-2,-0.00264169,0.0558953,0.00435773,-0.000767214,-2.08534e-05,0,0,0.0835377,-0.117199,0.04037,0.667992,0.000887608,0.0358809,0.0126952,0,0,2.77556e-11,1.08798,0.0184311,0.0226561,-0.0454148,-0.0342598,0.000537969,0,0,0.133492,0.0483824,0.178302,0.11422,0.426893,-0.0237115,0.00627909,0,0,1.73472e-11,0.469751,0.0174922,-0.024109,-0.0407472,0.0652897,0.000473463,0,0,-0.00994273,0.0180621,0.0386914,0.517633,-0.0285185,0.435625,-0.00920181,0,0,-3.72966e-11,-0.267315,0.00382795,0.000542634,0.0011722,0.0026673,0.00189468,0,0,-0.0144726,-0.011588,-0.0267552,0.00615573,0.0106103,-0.008835,0.0685855,0,0,0,-2.40048e-12,-1.20024e-12,-1.20024e-12,-1.20024e-12,0,-1.20024e-12,0,0,0,0,0,0,0,0,0,0.905991,-4.66504e-09,0,-2.40048e-12,-2.40048e-12,-2.40048e-12,-2.40048e-12,1.20024e-12,-2.40048e-12,0,0,0,0,0,0,0,0,0,-4.66504e-09,0.905991,
-2.60209e-12,-1.0266,0.0322755,-0.0121936,0.00116277,0.00136658,-3.89737e-05,0,0,0.595626,-0.0453785,-0.149744,0.0816923,0.00922443,-0.00715901,0.00322686,0,0,-7.18284e-13,-2,-0.00918097,-0.016796,-0.00524373,0.00101653,-4.20608e-06,0,0,0.0400247,0.764651,0.0505424,0.092593,-0.025012,-0.033001,0.0251531,0,0,-6.93889e-12,-0.885864,0.0791305,0.00191494,0.00448628,0.00291298,-6.90462e-05,0,0,-0.151756,-0.0387517,0.653915,0.0300149,0.0147886,-0.00130234,0.00125177,0,0,0,-2,-0.00267718,0.0559036,0.0043561,-0.000766737,-2.06555e-05,0,0,0.0836725,-0.117249,0.0404952,0.668004,0.000870377,0.0358588,0.0127053,0,0,-6.93889e-12,1.08782,0.0183828,0.0226799,-0.0453935,-0.0342739,0.000532614,0,0,0.133479,0.0483768,0.178495,0.11421,0.42692,-0.0237041,0.00627116,0,0,0,0.470845,0.0175358,-0.0240388,-0.0407542,0.0653574,0.000472445,0,0,-0.0100514,0.0181108,0.0385108,0.517583,-0.0285079,0.435648,-0.00920899,0,0,9.54098e-12,-0.267278,0.00382821,0.000539097,0.00117003,0.0026651,0.00189512,0,0,-0.0144527,-0.0115865,-0.0267485,0.00615841,0.0106028,-0.00883708,0.0685862,0,0,0,1.20024e-12,0,0,0,0,0,0,0,0,0,0,0,0,0,0,0.905991,-4.65514e-09,0,1.20024e-12,0,0,0,0,0,1.12823e-10,0,0,0,0,0,0,0,0,-4.65574e-09,0.905991,
3.46945e-12,-1.0275,0.0323117,-0.0122222,0.00115998,0.00136686,-3.8446e-05,0,0,0.595761,-0.0454191,-0.149854,0.0818351,0.00921433,-0.00717951,0.00323501,0,0,7.54876e-12,-2,-0.00919007,-0.0167968,-0.00524655,0.00101906,-4.10375e-06,0,0,0.0400344,0.764734,0.0505826,0.0926232,-0.0250272,-0.0330141,0.0251538,0,0,0,-0.887548,0.0791331,0.00188089,0.00448292,0.0029143,-6.77927e-05,0,0,-0.151868,-0.0388256,0.654002,0.0301402,0.0147971,-0.00133373,0.00126182,0,0,0,-2,-0.00271247,0.0559118,0.00435436,-0.000766212,-2.09251e-05,0,0,0.0838074,-0.117299,0.0406207,0.668017,0.000853125,0.0358366,0.0127154,0,0,-1.04083e-11,1.08767,0.01833,0.0227038,-0.0453677,-0.0342881,0.000541353,0,0,0.133466,0.0483711,0.178688,0.1142,0.426946,-0.0236967,0.00626325,0,0,1.73472e-11,0.471931,0.0175802,-0.0239685,-0.0407621,0.0654247,0.000469392,0,0,-0.0101599,0.0181591,0.0383298,0.517533,-0.0284974,0.435671,-0.00921615,0,0,-1.47451e-11,-0.267242,0.00382849,0.000535556,0.00116783,0.00266292,0.00189542,0,0,-0.0144327,-0.011585,-0.0267419,0.00616105,0.0105954,-0.00883915,0.0685868,0,0,0,0,1.20024e-12,0,0,0,2.40048e-12,0,0,0,0,0,0,0,0,0,0.905991,-4.5042e-09,0,0,0,-1.20024e-12,0,1.20024e-12,0,0,0,0,0,0,0,0,0,0,-4.5048e-09,0.905991,
-2.81589e-07,-1.0284,0.0323478,-0.0122503,0.00115712,0.0013683,-3.90239e-05,0,0,0.595896,-0.0454595,-0.149964,0.0819782,0.0092042,-0.0072,0.00324317,0,0,-9.15191e-08,-2,-0.00919926,-0.016798,-0.00524859,0.00102205,-4.32786e-06,0,0,0.0400441,0.764817,0.0506229,0.0926533,-0.0250424,-0.0330272,0.0251544,0,0,-6.28504e-07,-0.889235,0.0791355,0.00184849,0.00447848,0.00291764,-6.90613e-05,0,0,-0.15198,-0.0388996,0.654089,0.0302659,0.0148055,-0.00136518,0.00127189,0,0,1.55431e-07,-2,-0.00274801,0.0559189,0.00435295,-0.000765225,-2.05896e-05,0,0,0.0839424,-0.117349,0.0407464,0.66803,0.000835857,0.0358145,0.0127255,0,0,-4.69091e-06,1.08752,0.0182773,0.0227418,-0.0453371,-0.0342889,0.000531861,0,0,0.133453,0.0483654,0.178882,0.11419,0.426973,-0.0236894,0.00625535,0,0,6.79373e-07,0.473013,0.0176247,-0.0238999,-0.0407704,0.0654876,0.000468807,0,0,-0.0102684,0.0182073,0.0381486,0.517483,-0.0284869,0.435694,-0.00922328,0,0,4.76832e-08,-0.267204,0.00382872,0.000531824,0.00116559,0.0026607,0.00189585,0,0,-0.0144128,-0.0115834,-0.0267353,0.00616367,0.010588,-0.00884122,0.0685875,0,0,0,0,1.20024e-12,1.20024e-12,2.40048e-12,-2.40048e-12,0,0,0,0,0,0,0,0,0,0,0.905991,4.25515e-09,0,1.20024e-12,0,-1.20024e-12,-1.20024e-12,0,0,0,0,0,0,0,0,0,0,0,4.25485e-09,0.905991,
2.81413e-07,-1.0293,0.0323846,-0.0122786,0.00115403,0.00136834,-3.87779e-05,0,0,0.596032,-0.0454999,-0.150075,0.0821213,0.00919406,-0.00722048,0.00325133,0,0,9.14933e-08,-2,-0.00920841,-0.0167988,-0.00525142,0.00102454,-4.31767e-06,0,0,0.0400538,0.764901,0.0506632,0.0926834,-0.0250576,-0.0330402,0.0251551,0,0,6.2874e-07,-0.890925,0.0791389,0.00181507,0.00447438,0.00291837,-6.84367e-05,0,0,-0.152093,-0.0389737,0.654175,0.0303918,0.0148139,-0.00139669,0.00128199,0,0,-1.55292e-07,-2,-0.00278401,0.055927,0.00435138,-0.000764471,-2.07053e-05,0,0,0.0840777,-0.117399,0.0408725,0.668042,0.000818568,0.0357923,0.0127356,0,0,4.69184e-06,1.08736,0.0182288,0.0227705,-0.0453154,-0.0343077,0.000535945,0,0,0.13344,0.0483596,0.179075,0.11418,0.426999,-0.023682,0.00624746,0,0,-6.79221e-07,0.474088,0.0176686,-0.0238301,-0.0407774,0.0655561,0.000466373,0,0,-0.0103769,0.0182551,0.0379672,0.517434,-0.0284764,0.435717,-0.0092304,0,0,-4.76364e-08,-0.267166,0.00382895,0.000528222,0.0011634,0.00265851,0.00189618,0,0,-0.0143928,-0.0115818,-0.0267286,0.00616626,0.0105806,-0.00884328,0.0685882,0,0,0,0,0,1.20024e-12,0,-1.20024e-12,1.20024e-12,0,0,0,0,0,0,0,0,0,0.905991,4.15373e-09,-1.20024e-12,-1.20024e-12,0,0,-1.20024e-12,0,-1.20024e-12,0,0,0,0,0,0,0,0,0,4.15373e-09,0.905991,
2.60209e-12,-1.03019,0.0324205,-0.0123073,0.00115122,0.00136918,-3.87958e-05,0,0,0.596168,-0.0455402,-0.150185,0.0822647,0.0091839,-0.00724097,0.00325949,0,0,4.78404e-12,-2,-0.00921786,-0.0168,-0.00525353,0.00102734,-4.36573e-06,0,0,0.0400633,0.764985,0.0507035,0.0927135,-0.0250728,-0.0330533,0.0251558,0,0,0,-0.892617,0.0791404,0.0017814,0.00447015,0.00292046,-6.84478e-05,0,0,-0.152205,-0.0390479,0.654261,0.0305181,0.0148222,-0.00142826,0.00129212,0,0,0,-2,-0.00281967,0.0559345,0.0043499,-0.000763283,-2.06792e-05,0,0,0.0842131,-0.117448,0.0409988,0.668054,0.00080126,0.0357702,0.0127457,0,0,-1.38778e-11,1.0872,0.0181665,0.0227992,-0.0452844,-0.0343179,0.000535768,0,0,0.133427,0.0483537,0.179268,0.11417,0.427026,-0.0236747,0.0062396,0,0,2.08167e-11,0.475157,0.0177147,-0.02376,-0.0407858,0.0656213,0.000464433,0,0,-0.0104853,0.0183028,0.0377854,0.517385,-0.0284658,0.43574,-0.00923749,0,0,-2.08167e-11,-0.267128,0.00382928,0.000524584,0.00116111,0.00265633,0.00189652,0,0,-0.0143729,-0.0115802,-0.026722,0.00616882,0.0105732,-0.00884533,0.0685888,0,0,0,0,0,-1.20024e-12,1.20024e-12,0,-1.20024e-12,0,0,0,0,0,0,0,0,0,0.905991,4.16634e-09,0,0,0,-1.20024e-12,1.20024e-12,0,0,0,0,0,0,0,0,0,0,0,4.16574e-09,0.905991,
8.67362e-13,-1.03109,0.0324576,-0.0123357,0.00114817,0.00137002,-3.9115e-05,0,0,0.596304,-0.0455804,-0.150295,0.0824083,0.00917372,-0.00726145,0.00326766,0,0,-3.78116e-12,-2,-0.00922705,-0.0168006,-0.00525643,0.00103008,-4.54368e-06,0,0,0.0400728,0.765069,0.0507438,0.0927435,-0.0250881,-0.0330662,0.0251565,0,0,1.38778e-11,-0.894311,0.0791441,0.00174787,0.0044662,0.00292306,-6.90806e-05,0,0,-0.152317,-0.0391222,0.654347,0.0306447,0.0148305,-0.0014599,0.00130227,0,0,0,-2,-0.00285599,0.0559427,0.00434829,-0.000763088,-2.04831e-05,0,0,0.0843486,-0.117498,0.0411254,0.668066,0.000783931,0.0357481,0.0127558,0,0,1.38778e-11,1.08704,0.0181177,0.022828,-0.0452624,-0.0343227,0.000530414,0,0,0.133414,0.0483477,0.179461,0.11416,0.427052,-0.0236673,0.00623173,0,0,-1.73472e-11,0.476222,0.0177588,-0.0236899,-0.0407929,0.0656884,0.000463371,0,0,-0.0105937,0.0183501,0.0376034,0.517335,-0.0284553,0.435762,-0.00924457,0,0,-1.04083e-11,-0.267089,0.00382952,0.000520983,0.00115889,0.00265398,0.00189695,0,0,-0.0143529,-0.0115786,-0.0267153,0.00617135,0.0105658,-0.00884739,0.0685895,0,0,0,0,0,-1.20024e-12,-1.20024e-12,0,-1.20024e-12,0,0,0,0,0,0,0,0,0,0.905991,4.28306e-09,0,1.20024e-12,0,-1.20024e-12,-1.20024e-12,-1.20024e-12,0,0,0,0,0,0,0,0,0,0,4.28336e-09,0.905991,
2.80866e-07,-1.03198,0.0324942,-0.0123642,0.00114539,0.00137081,-3.88734e-05,0,0,0.596441,-0.0456206,-0.150406,0.082552,0.00916352,-0.00728193,0.00327583,0,0,9.14824e-08,-2,-0.00923621,-0.0168011,-0.00525931,0.00103278,-4.53998e-06,0,0,0.0400823,0.765153,0.0507842,0.0927735,-0.0251034,-0.0330792,0.0251572,0,0,6.29365e-07,-0.896008,0.079147,0.00171412,0.00446296,0.00292565,-6.84545e-05,0,0,-0.15243,-0.0391966,0.654432,0.0307716,0.0148388,-0.0014916,0.00131244,0,0,-1.54932e-07,-2,-0.002892,0.0559508,0.00434649,-0.000762966,-2.05956e-05,0,0,0.0844843,-0.117547,0.0412523,0.668078,0.00076658,0.035726,0.0127659,0,0,4.69463e-06,1.08688,0.0180644,0.0228569,-0.0452359,-0.0343277,0.000534407,0,0,0.1334,0.0483416,0.179654,0.114151,0.427078,-0.02366,0.00622388,0,0,-6.78922e-07,0.477279,0.0178036,-0.0236197,-0.040801,0.0657552,0.000460998,0,0,-0.010702,0.0183973,0.0374211,0.517286,-0.0284448,0.435785,-0.00925162,0,0,-4.74933e-08,-0.26705,0.00382977,0.000517386,0.00115666,0.00265167,0.00189731,0,0,-0.0143329,-0.0115769,-0.0267086,0.00617385,0.0105584,-0.00884943,0.0685901,0,0,-1.20024e-12,0,-1.20024e-12,0,0,0,0,0,0,0,0,0,0,0,0,0,0.905991,-4.51471e-09,0,1.20024e-12,1.20024e-12,2.40048e-12,0,-2.40048e-12,0,-2.30446e-10,0,0,0,0,0,0,0,0,-4.51441e-09,0.905991,
2.80692e-07,-1.03287,0.0325304,-0.0123929,0.00114312,0.00137134,-3.89108e-05,0,0,0.596577,-0.0456606,-0.150516,0.0826959,0.00915331,-0.0073024,0.00328401,0,0,9.14759e-08,-2,-0.00924529,-0.0168015,-0.00526196,0.00103538,-4.62342e-06,0,0,0.0400917,0.765237,0.0508246,0.0928035,-0.0251187,-0.033092,0.0251579,0,0,6.29601e-07,-0.897707,0.0791498,0.00168015,0.00446079,0.00292762,-6.84585e-05,0,0,-0.152542,-0.0392711,0.654517,0.0308989,0.014847,-0.00152336,0.00132264,0,0,-1.54821e-07,-2,-0.00292796,0.0559587,0.00434444,-0.000762607,-2.05543e-05,0,0,0.0846202,-0.117597,0.0413794,0.66809,0.000749207,0.035704,0.0127761,0,0,4.69549e-06,1.08672,0.0180113,0.0228858,-0.0452001,-0.0343375,0.000533751,0,0,0.133387,0.0483355,0.179847,0.114141,0.427104,-0.0236527,0.00621604,0,0,-6.78839e-07,0.47833,0.0178486,-0.0235494,-0.0408105,0.0658221,0.000459298,0,0,-0.0108102,0.0184441,0.0372385,0.517238,-0.0284343,0.435808,-0.00925865,0,0,-4.74464e-08,-0.26701,0.00383,0.000513782,0.00115437,0.00264942,0.00189772,0,0,-0.0143128,-0.0115752,-0.0267019,0.00617632,0.010551,-0.00885148,0.0685908,0,0,0,0,0,0,0,0,0,0,0,0,0,0,0,0,0,0,0.905991,-4.60112e-09,0,-1.20024e-12,2.40048e-12,2.40048e-12,2.40048e-12,-2.40048e-12,2.40048e-12,0,0,0,0,0,0,0,0,0,-4.60112e-09,0.905991,
-1.21431e-11,-1.03376,0.0325663,-0.0124216,0.00114024,0.00137159,-3.9227e-05,0,0,0.596715,-0.0457006,-0.150626,0.08284,0.00914308,-0.00732287,0.00329219,0,0,-1.13841e-11,-2,-0.00925431,-0.016802,-0.00526473,0.00103789,-4.79515e-06,0,0,0.040101,0.765321,0.050865,0.0928334,-0.025134,-0.0331049,0.0251587,0,0,-1.38778e-11,-0.899408,0.0791524,0.00164602,0.0044572,0.00292897,-6.90931e-05,0,0,-0.152654,-0.0393457,0.654602,0.0310265,0.0148551,-0.00155519,0.00133287,0,0,0,-2,-0.00296395,0.0559664,0.00434274,-0.000762021,-2.03594e-05,0,0,0.0847562,-0.117646,0.0415068,0.668102,0.000731815,0.0356819,0.0127862,0,0,-6.93889e-12,1.08655,0.0179583,0.0229147,-0.0451738,-0.0343521,0.000528436,0,0,0.133374,0.0483293,0.180039,0.114131,0.42713,-0.0236453,0.00620822,0,0,-1.04083e-11,0.479375,0.0178936,-0.0234788,-0.0408187,0.0658892,0.000458263,0,0,-0.0109184,0.0184907,0.0370556,0.517189,-0.0284239,0.435831,-0.00926565,0,0,4.33681e-12,-0.266969,0.0038302,0.000510171,0.00115219,0.00264724,0.00189817,0,0,-0.0142928,-0.0115735,-0.0266952,0.00617875,0.0105437,-0.00885352,0.0685914,0,0,0,1.20024e-12,2.40048e-12,0,0,1.20024e-12,2.40048e-12,-5.76116e-11,0,0,0,0,0,0,0,0,0.905991,-4.53931e-09,0,-1.20024e-12,-2.40048e-12,0,0,-1.20024e-12,-2.40048e-12,0,0,0,0,0,0,0,0,0,-4.53931e-09,0.905991,
-2.80324e-07,-1.03465,0.032602,-0.0124509,0.00113701,0.00137216,-3.89609e-05,0,0,0.596852,-0.0457405,-0.150736,0.0829842,0.00913283,-0.00734334,0.00330038,0,0,-9.14625e-08,-2,-0.00926353,-0.0168032,-0.0052668,0.00104057,-4.74472e-06,0,0,0.0401103,0.765406,0.0509055,0.0928633,-0.0251494,-0.0331177,0.0251594,0,0,-6.30031e-07,-0.901113,0.0791544,0.00161106,0.00445194,0.00293047,-6.84766e-05,0,0,-0.152766,-0.0394205,0.654686,0.0311544,0.0148632,-0.00158707,0.00134312,0,0,1.54571e-07,-2,-0.0030001,0.0559737,0.00434152,-0.000760512,-2.04908e-05,0,0,0.0848924,-0.117695,0.0416346,0.668113,0.000714406,0.0356599,0.0127964,0,0,-4.69736e-06,1.08638,0.0179007,0.022939,-0.0451474,-0.0343674,0.00053304,0,0,0.13336,0.048323,0.180231,0.114122,0.427156,-0.023638,0.00620042,0,0,6.78627e-07,0.480415,0.0179394,-0.0234073,-0.0408266,0.0659541,0.000455617,0,0,-0.0110265,0.018537,0.0368725,0.517141,-0.0284134,0.435853,-0.00927263,0,0,4.73475e-08,-0.266928,0.0038304,0.000506558,0.00115001,0.00264514,0.00189845,0,0,-0.0142727,-0.0115718,-0.0266884,0.00618116,0.0105364,-0.00885556,0.0685921,0,0,0,0,0,1.20024e-12,-1.20024e-12,1.20024e-12,0,0,0,0,0,0,0,0,0,0,0.905991,-4.35477e-09,0,0,0,0,0,0,0,0,0,0,0,0,0,0,0,0,-4.35537e-09,0.905991,
0,-1.03553,0.0326388,-0.0124797,0.00113413,0.00137301,-3.92769e-05,0,0,0.59699,-0.0457803,-0.150847,0.0831286,0.00912257,-0.0073638,0.00330857,0,0,4.32326e-12,-2,-0.00927265,-0.0168037,-0.00526949,0.00104332,-4.91836e-06,0,0,0.0401195,0.765491,0.050946,0.0928932,-0.0251647,-0.0331305,0.0251602,0,0,-6.93889e-12,-0.902821,0.0791581,0.00157698,0.00444828,0.00293312,-6.91125e-05,0,0,-0.152879,-0.0394953,0.65477,0.0312826,0.0148713,-0.00161902,0.0013534,0,0,-2.77556e-11,-2,-0.00303692,0.0559816,0.00433981,-0.000760176,-2.02978e-05,0,0,0.0850287,-0.117744,0.0417625,0.668125,0.000696976,0.0356378,0.0128065,0,0,-5.55112e-11,1.08621,0.0178519,0.0229681,-0.0451205,-0.0343725,0.000527746,0,0,0.133347,0.0483166,0.180424,0.114113,0.427182,-0.0236307,0.00619263,0,0,-6.93889e-12,0.481449,0.017984,-0.0233366,-0.0408346,0.0660207,0.000454516,0,0,-0.0111346,0.018583,0.0366891,0.517093,-0.028403,0.435876,-0.00927959,0,0,-9.54098e-12,-0.266886,0.00383056,0.000502932,0.00114777,0.00264278,0.00189889,0,0,-0.0142526,-0.0115701,-0.0266817,0.00618353,0.010529,-0.00885759,0.0685927,0,0,0,1.20024e-12,0,1.20024e-12,0,-1.20024e-12,0,5.76116e-11,0,0,0,0,0,0,0,0,0.905991,4.09282e-09,0,-1.20024e-12,0,0,1.20024e-12,0,0,0,0,0,0,0,0,0,0,0,4.09282e-09,0.905991,
-2.79951e-07,-1.03641,0.0326756,-0.0125089,0.00113068,0.00137383,-3.9015e-05,0,0,0.597128,-0.0458201,-0.150957,0.0832732,0.00911228,-0.00738425,0.00331676,0,0,-9.14405e-08,-2,-0.0092818,-0.0168047,-0.00527174,0.00104609,-4.87599e-06,0,0,0.0401287,0.765576,0.0509865,0.092923,-0.0251801,-0.0331432,0.0251609,0,0,-6.30447e-07,-0.904529,0.0791616,0.00154204,0.00444264,0.00293525,-6.84948e-05,0,0,-0.152991,-0.0395702,0.654853,0.0314111,0.0148792,-0.00165104,0.0013637,0,0,1.54321e-07,-2,-0.00307387,0.0559891,0.00433867,-0.00075895,-2.04272e-05,0,0,0.0851652,-0.117793,0.0418908,0.668136,0.000679528,0.0356158,0.0128167,0,0,-4.69921e-06,1.08604,0.0178032,0.0229925,-0.0450983,-0.034383,0.000532276,0,0,0.133333,0.0483101,0.180616,0.114104,0.427208,-0.0236235,0.00618486,0,0,6.78419e-07,0.482475,0.0180287,-0.0232649,-0.0408419,0.066086,0.000451875,0,0,-0.0112426,0.0186288,0.0365054,0.517045,-0.0283925,0.435899,-0.00928653,0,0,4.72443e-08,-0.266844,0.00383069,0.000499319,0.00114558,0.00264058,0.00189918,0,0,-0.0142325,-0.0115683,-0.0266749,0.00618588,0.0105217,-0.00885961,0.0685934,0,0,0,0,0,0,0,0,0,0,0,0,0,0,0,0,0,0,0.905991,3.9707e-09,1.20024e-12,0,0,1.20024e-12,-1.20024e-12,1.20024e-12,0,0,0,0,0,0,0,0,0,0,3.9704e-09,0.905991,
-2.79767e-07,-1.03729,0.0327122,-0.0125377,0.00112784,0.00137436,-3.93336e-05,0,0,0.597266,-0.0458597,-0.151067,0.083418,0.00910198,-0.0074047,0.00332496,0,0,-9.1421e-08,-2,-0.00929115,-0.016805,-0.00527452,0.00104873,-5.05539e-06,0,0,0.0401378,0.765661,0.051027,0.0929528,-0.0251955,-0.0331559,0.0251617,0,0,-6.30669e-07,-0.906241,0.0791644,0.00150789,0.00443916,0.00293727,-6.91308e-05,0,0,-0.153103,-0.0396453,0.654936,0.03154,0.0148872,-0.00168311,0.00137403,0,0,1.5421e-07,-2,-0.00311073,0.0559971,0.00433692,-0.000758567,-2.0233e-05,0,0,0.0853018,-0.117842,0.0420193,0.668147,0.000662057,0.0355938,0.0128269,0,0,-4.70012e-06,1.08587,0.0177448,0.0230217,-0.045071,-0.0343929,0.000526921,0,0,0.13332,0.0483036,0.180808,0.114094,0.427233,-0.0236162,0.0061771,0,0,6.78294e-07,0.483497,0.0180748,-0.023194,-0.0408501,0.066154,0.000450789,0,0,-0.0113505,0.0186744,0.0363215,0.516997,-0.0283821,0.435921,-0.00929345,0,0,4.71984e-08,-0.266802,0.00383095,0.000495695,0.00114331,0.00263825,0.00189963,0,0,-0.0142124,-0.0115665,-0.0266681,0.0061882,0.0105144,-0.00886163,0.068594,0,0,0,0,0,0,0,0,0,0,0,0,0,0,0,0,0,0,0.905991,3.95209e-09,1.20024e-12,0,1.20024e-12,0,1.20024e-12,-1.20024e-12,1.20024e-12,0,0,0,0,0,0,0,0,0,3.95269e-09,0.905991,
2.79583e-07,-1.03817,0.0327488,-0.0125661,0.001125,0.00137484,-3.9094e-05,0,0,0.597404,-0.0458993,-0.151178,0.083563,0.00909166,-0.00742515,0.00333316,0,0,9.14215e-08,-2,-0.00930029,-0.016805,-0.00527738,0.00105132,-5.05338e-06,0,0,0.0401468,0.765746,0.0510676,0.0929825,-0.025211,-0.0331686,0.0251625,0,0,6.30884e-07,-0.907954,0.0791676,0.00147478,0.00443578,0.00293927,-6.8505e-05,0,0,-0.153215,-0.0397205,0.655019,0.0316692,0.0148951,-0.00171525,0.00138439,0,0,-1.54071e-07,-2,-0.00314759,0.0560048,0.00433515,-0.000758261,-2.03457e-05,0,0,0.0854386,-0.117891,0.0421482,0.668158,0.000644565,0.0355719,0.012837,0,0,4.70109e-06,1.08569,0.0176911,0.0230604,-0.0450439,-0.034403,0.000530924,0,0,0.133306,0.048297,0.181,0.114085,0.427259,-0.0236089,0.00616934,0,0,-6.78197e-07,0.484511,0.0181204,-0.0231243,-0.0408585,0.0662218,0.000448394,0,0,-0.0114584,0.0187197,0.0361373,0.516949,-0.0283716,0.435944,-0.00930034,0,0,-4.71342e-08,-0.266759,0.00383114,0.000491982,0.00114107,0.00263596,0.0019,0,0,-0.0141922,-0.0115647,-0.0266613,0.00619048,0.0105072,-0.00886364,0.0685947,0,0,1.20024e-12,0,2.40048e-12,1.20024e-12,0,-2.40048e-12,2.40048e-12,0,0,0,0,0,0,0,0,0,0.905991,4.02471e-09,2.40048e-12,0,2.40048e-12,2.40048e-12,0,-2.40048e-12,2.40048e-12,0,0,0,0,0,0,0,0,0,4.02441e-09,0.905991,
-1.73472e-12,-1.03905,0.0327847,-0.0125951,0.0011221,0.00137561,-3.94115e-05,0,0,0.597543,-0.0459388,-0.151288,0.0837081,0.00908133,-0.00744559,0.00334136,0,0,8.68717e-12,-2,-0.00930944,-0.0168052,-0.00528018,0.00105399,-5.22992e-06,0,0,0.0401558,0.765832,0.0511082,0.0930123,-0.0252264,-0.0331812,0.0251633,0,0,0,-0.909671,0.07917,0.00144018,0.00443222,0.00294191,-6.91418e-05,0,0,-0.153328,-0.0397957,0.655101,0.0317987,0.0149029,-0.00174745,0.00139477,0,0,0,-2,-0.00318424,0.0560125,0.00433342,-0.000758029,-2.01514e-05,0,0,0.0855756,-0.117939,0.0422773,0.668169,0.000627051,0.0355499,0.0128472,0,0,3.46945e-11,1.08551,0.0176329,0.0230897,-0.0450169,-0.0344085,0.000525569,0,0,0.133292,0.0482903,0.181192,0.114076,0.427284,-0.0236016,0.0061616,0,0,0,0.485521,0.0181666,-0.023053,-0.040867,0.0662883,0.000447351,0,0,-0.0115662,0.0187647,0.0359528,0.516902,-0.0283612,0.435966,-0.00930721,0,0,-2.08167e-11,-0.266715,0.00383136,0.000488358,0.00113887,0.00263364,0.00190046,0,0,-0.014172,-0.0115629,-0.0266545,0.00619273,0.0104999,-0.00886566,0.0685953,0,0,0,1.20024e-12,-1.20024e-12,0,-1.20024e-12,0,-1.20024e-12,0,0,0,0,0,0,0,0,0,0.905991,4.18884e-09,0,-1.20024e-12,1.20024e-12,0,1.20024e-12,0,1.20024e-12,0,0,0,0,0,0,0,0,0,4.18914e-09,0.905991,
-2.79226e-07,-1.03993,0.0328208,-0.0126245,0.00111888,0.00137611,-3.94478e-05,0,0,0.597682,-0.0459782,-0.151398,0.0838534,0.00907098,-0.00746603,0.00334957,0,0,-9.14089e-08,-2,-0.00931845,-0.0168054,-0.00528302,0.00105657,-5.31188e-06,0,0,0.0401647,0.765918,0.0511488,0.0930419,-0.0252419,-0.0331938,0.0251641,0,0,-6.31335e-07,-0.91139,0.079173,0.00140479,0.00442786,0.00294393,-6.91485e-05,0,0,-0.15344,-0.0398711,0.655183,0.0319285,0.0149107,-0.00177972,0.00140518,0,0,1.53821e-07,-2,-0.00322108,0.0560202,0.0043319,-0.000757571,-2.01123e-05,0,0,0.0857127,-0.117988,0.0424067,0.668179,0.000609517,0.0355279,0.0128574,0,0,-4.70302e-06,1.08533,0.0175794,0.0231143,-0.0449947,-0.0344188,0.000524952,0,0,0.133279,0.0482835,0.181383,0.114068,0.427309,-0.0235944,0.00615388,0,0,6.77999e-07,0.486523,0.0182123,-0.0229809,-0.0408749,0.066355,0.000445615,0,0,-0.0116739,0.0188094,0.035768,0.516855,-0.0283508,0.435988,-0.00931405,0,0,4.70518e-08,-0.266671,0.00383149,0.000484773,0.00113673,0.00263139,0.00190087,0,0,-0.0141518,-0.011561,-0.0266477,0.00619495,0.0104926,-0.00886766,0.068596,0,0,1.20024e-12,0,0,0,0,0,1.20024e-12,0,0,0,0,0,0,0,0,0,0.905991,-4.4649e-09,1.20024e-12,1.20024e-12,-1.20024e-12,0,-1.20024e-12,-2.40048e-12,-1.20024e-12,0,0,0,0,0,0,0,0,0,-4.4643e-09,0.905991,
6.93889e-12,-1.0408,0.0328568,-0.0126536,0.00111615,0.00137636,-3.91839e-05,0,0,0.597822,-0.0460175,-0.151508,0.0839989,0.00906061,-0.00748646,0.00335779,0,0,5.6514e-12,-2,-0.00932755,-0.0168061,-0.00528489,0.00105913,-5.2634e-06,0,0,0.0401736,0.766004,0.0511894,0.0930716,-0.0252574,-0.0332064,0.0251649,0,0,1.38778e-11,-0.91311,0.0791758,0.00137047,0.00442375,0.00294483,-6.85317e-05,0,0,-0.153552,-0.0399466,0.655265,0.0320587,0.0149185,-0.00181204,0.00141561,0,0,0,-2,-0.00325821,0.056027,0.00433038,-0.0007559,-2.02433e-05,0,0,0.0858499,-0.118036,0.0425363,0.66819,0.000591966,0.035506,0.0128676,0,0,-1.38778e-11,1.08516,0.0175262,0.0231484,-0.0449582,-0.0344393,0.000529557,0,0,0.133265,0.0482766,0.181575,0.114059,0.427335,-0.0235871,0.00614618,0,0,4.16334e-11,0.487518,0.0182581,-0.0229099,-0.0408846,0.0664209,0.000442956,0,0,-0.0117815,0.0188538,0.035583,0.516808,-0.0283404,0.436011,-0.00932088,0,0,-8.67362e-12,-0.266626,0.00383159,0.000481046,0.00113445,0.00262931,0.00190117,0,0,-0.0141316,-0.0115591,-0.0266409,0.00619713,0.0104854,-0.00886966,0.0685966,0,0,0,0,0,-1.20024e-12,0,0,0,0,0,0,0,0,0,0,0,0,0.905991,-4.60232e-09,0,0,-1.20024e-12,0,0,0,-1.20024e-12,0,0,0,0,0,0,0,0,0,-4.60262e-09,0.905991,
-3.46945e-12,-1.04167,0.0328938,-0.0126831,0.00111263,0.0013772,-3.92007e-05,0,0,0.597962,-0.0460567,-0.151619,0.0841445,0.00905021,-0.00750688,0.003366,0,0,-1.02457e-11,-2,-0.00933675,-0.016807,-0.00528701,0.00106192,-5.31086e-06,0,0,0.0401824,0.76609,0.0512301,0.0931012,-0.0252729,-0.0332189,0.0251657,0,0,-6.93889e-12,-0.914834,0.0791798,0.00133505,0.00441781,0.00294702,-6.85466e-05,0,0,-0.153664,-0.0400221,0.655346,0.0321892,0.0149261,-0.00184443,0.00142607,0,0,0,-2,-0.00329608,0.0560344,0.0043293,-0.000754543,-2.02212e-05,0,0,0.0859874,-0.118084,0.0426663,0.6682,0.000574398,0.0354841,0.0128778,0,0,-2.77556e-11,1.08497,0.0174771,0.0231732,-0.0449354,-0.03445,0.000529449,0,0,0.133251,0.0482697,0.181766,0.11405,0.42736,-0.0235799,0.0061385,0,0,6.93889e-12,0.488508,0.0183034,-0.0228375,-0.040892,0.0664864,0.000440924,0,0,-0.0118891,0.018898,0.0353977,0.516761,-0.02833,0.436033,-0.00932768,0,0,2.08167e-11,-0.266581,0.00383166,0.000477406,0.00113223,0.00262706,0.00190151,0,0,-0.0141114,-0.0115572,-0.026634,0.00619929,0.0104782,-0.00887166,0.0685972,0,0,0,1.20024e-12,0,0,0,-1.20024e-12,-1.20024e-12,0,0,0,0,0,0,0,0,0,0.905991,-4.58882e-09,0,-3.60072e-12,0,0,0,0,3.60072e-12,0,0,0,0,0,0,0,0,0,-4.58912e-09,0.905991,
-1.73472e-12,-1.04254,0.0329309,-0.0127122,0.00110949,0.00137769,-3.92417e-05,0,0,0.598102,-0.0460958,-0.151729,0.0842904,0.00903981,-0.00752729,0.00337422,0,0,1.0842e-12,-2,-0.00934606,-0.0168071,-0.00528989,0.00106454,-5.40354e-06,0,0,0.0401911,0.766176,0.0512708,0.0931308,-0.0252885,-0.0332314,0.0251665,0,0,-6.93889e-12,-0.91656,0.0791835,0.00130046,0.00441369,0.00294908,-6.8553e-05,0,0,-0.153776,-0.0400978,0.655427,0.03232,0.0149338,-0.00187689,0.00143656,0,0,0,-2,-0.00333397,0.0560424,0.00432769,-0.000754185,-2.01813e-05,0,0,0.0861249,-0.118132,0.0427965,0.668211,0.000556806,0.0354622,0.012888,0,0,2.08167e-11,1.08479,0.0174229,0.0232028,-0.0449121,-0.0344602,0.000528768,0,0,0.133237,0.0482627,0.181958,0.114042,0.427385,-0.0235727,0.00613082,0,0,-1.38778e-11,0.489493,0.0183494,-0.0227659,-0.0408998,0.0665551,0.00043914,0,0,-0.0119966,0.018942,0.0352121,0.516714,-0.0283197,0.436055,-0.00933446,0,0,-1.12757e-11,-0.266535,0.00383184,0.000473765,0.00112998,0.00262468,0.00190191,0,0,-0.0140912,-0.0115553,-0.0266271,0.00620143,0.010471,-0.00887364,0.0685979,0,0,0,0,-1.20024e-12,-1.20024e-12,0,0,-1.20024e-12,0,0,0,0,0,0,0,0,0,0.905991,-4.44059e-09,0,0,0,0,0,0,-1.20024e-12,0,0,0,0,0,0,0,0,0,-4.44029e-09,0.905991,
-2.60209e-12,-1.0434,0.032968,-0.0127414,0.0011069,0.0013784,-3.92841e-05,0,0,0.598242,-0.0461349,-0.151839,0.0844364,0.00902938,-0.00754771,0.00338245,0,0,-5.82759e-12,-2,-0.00935513,-0.016807,-0.00529269,0.00106719,-5.4975e-06,0,0,0.0401998,0.766263,0.0513115,0.0931603,-0.0253041,-0.0332438,0.0251673,0,0,-1.38778e-11,-0.918288,0.0791877,0.00126559,0.00441095,0.00295173,-6.85588e-05,0,0,-0.153888,-0.0401736,0.655507,0.0324512,0.0149414,-0.0019094,0.00144707,0,0,0,-2,-0.00337177,0.0560503,0.00432574,-0.000754074,-2.01396e-05,0,0,0.0862627,-0.11818,0.042927,0.668221,0.000539191,0.0354403,0.0128982,0,0,-3.46945e-11,1.0846,0.0173735,0.0232324,-0.0448797,-0.0344659,0.000528038,0,0,0.133223,0.0482556,0.182149,0.114033,0.42741,-0.0235655,0.00612316,0,0,-6.93889e-12,0.490471,0.0183948,-0.0226941,-0.0409092,0.0666228,0.000437417,0,0,-0.0121041,0.0189856,0.0350263,0.516668,-0.0283093,0.436077,-0.00934122,0,0,-8.67362e-13,-0.266488,0.00383194,0.000470133,0.00112767,0.00262231,0.00190234,0,0,-0.0140709,-0.0115533,-0.0266202,0.00620352,0.0104637,-0.00887563,0.0685985,0,0,0,-1.20024e-12,-1.20024e-12,0,0,0,0,0,0,0,0,0,0,0,0,0,0.905991,4.19754e-09,0,-1.20024e-12,-1.20024e-12,0,0,0,0,0,0,0,0,0,0,0,0,0,4.19634e-09,0.905991,
6.93889e-12,-1.04427,0.0330041,-0.0127704,0.00110425,0.00137885,-3.90457e-05,0,0,0.598382,-0.0461738,-0.151949,0.0845825,0.00901895,-0.00756811,0.00339067,0,0,1.91091e-12,-2,-0.00936426,-0.0168067,-0.00529543,0.00106974,-5.49485e-06,0,0,0.0402084,0.766349,0.0513523,0.0931898,-0.0253196,-0.0332562,0.0251682,0,0,1.38778e-11,-0.920019,0.0791904,0.00123111,0.00440799,0.00295376,-6.79332e-05,0,0,-0.154,-0.0402495,0.655588,0.0325827,0.0149489,-0.00194198,0.00145761,0,0,0,-2,-0.00340915,0.0560578,0.00432386,-0.000753718,-2.02524e-05,0,0,0.0864005,-0.118228,0.0430578,0.668231,0.000521555,0.0354184,0.0129085,0,0,-3.1225e-11,1.08441,0.0173149,0.0232668,-0.0448474,-0.0344765,0.000532068,0,0,0.13321,0.0482484,0.18234,0.114025,0.427435,-0.0235583,0.0061155,0,0,1.04083e-11,0.491444,0.0184417,-0.0226228,-0.0409188,0.0666904,0.000435014,0,0,-0.0122114,0.0190291,0.0348401,0.516621,-0.0282989,0.4361,-0.00934795,0,0,1.73472e-12,-0.266441,0.00383211,0.000466448,0.00112541,0.00262002,0.00190272,0,0,-0.0140506,-0.0115513,-0.0266133,0.00620559,0.0104566,-0.00887762,0.0685991,0,0,0,0,0,0,1.20024e-12,-1.20024e-12,1.20024e-12,0,0,0,0,0,0,0,0,0,0.905991,4.09642e-09,0,0,0,0,1.20024e-12,-1.20024e-12,1.20024e-12,0,0,0,0,0,0,0,0,0,4.09582e-09,0.905991,
-5.20417e-12,-1.04513,0.0330399,-0.0128001,0.00110098,0.00137903,-3.90838e-05,0,0,0.598523,-0.0462127,-0.15206,0.0847289,0.00900849,-0.00758851,0.0033989,0,0,-1.05303e-11,-2,-0.00937334,-0.0168067,-0.00529828,0.00107219,-5.5796e-06,0,0,0.040217,0.766436,0.0513931,0.0932193,-0.0253353,-0.0332686,0.025169,0,0,-1.38778e-11,-0.921752,0.079193,0.00119517,0.00440358,0.00295517,-6.79407e-05,0,0,-0.154112,-0.0403255,0.655667,0.0327145,0.0149564,-0.00197462,0.00146817,0,0,0,-2,-0.00344655,0.0560654,0.00432234,-0.000753122,-2.02133e-05,0,0,0.0865386,-0.118276,0.0431889,0.66824,0.000503898,0.0353966,0.0129187,0,0,-2.42861e-11,1.08422,0.0172564,0.0232918,-0.0448247,-0.0344919,0.000531435,0,0,0.133196,0.0482411,0.182531,0.114016,0.427459,-0.0235511,0.00610787,0,0,-1.04083e-11,0.492409,0.0184886,-0.0225499,-0.040927,0.0667581,0.000433274,0,0,-0.0123187,0.0190722,0.0346537,0.516575,-0.0282886,0.436122,-0.00935466,0,0,9.54098e-12,-0.266394,0.00383224,0.000462848,0.00112326,0.0026178,0.00190314,0,0,-0.0140303,-0.0115493,-0.0266064,0.00620762,0.0104494,-0.0088796,0.0685998,0,0,0,0,0,-1.20024e-12,-1.20024e-12,0,-1.20024e-12,0,0,0,0,0,0,0,0,0,0.905991,4.10542e-09,0,0,0,2.40048e-12,2.40048e-12,0,2.40048e-12,0,0,0,0,0,0,0,0,0,4.10542e-09,0.905991,
-4.33681e-12,-1.04599,0.0330766,-0.0128298,0.00109793,0.00138009,-3.9378e-05,0,0,0.598665,-0.0462515,-0.15217,0.0848754,0.00899802,-0.0076089,0.00340714,0,0,-8.97177e-12,-2,-0.00938222,-0.0168072,-0.00530022,0.001075,-5.7156e-06,0,0,0.0402255,0.766523,0.0514339,0.0932487,-0.0253509,-0.0332809,0.0251699,0,0,6.93889e-12,-0.923489,0.0791974,0.00115966,0.00439873,0.00295799,-6.85891e-05,0,0,-0.154224,-0.0404016,0.655747,0.0328467,0.0149638,-0.00200732,0.00147876,0,0,2.77556e-11,-2,-0.00348471,0.0560723,0.00432099,-0.000751901,-2.00381e-05,0,0,0.0866768,-0.118324,0.0433203,0.66825,0.000486224,0.0353747,0.0129289,0,0,1.73472e-11,1.08402,0.0172122,0.0233215,-0.0447924,-0.0344986,0.000526626,0,0,0.133182,0.0482338,0.182722,0.114008,0.427484,-0.0235439,0.00610025,0,0,-2.42861e-11,0.493369,0.0185336,-0.0224775,-0.0409363,0.0668222,0.000431956,0,0,-0.0124259,0.019115,0.0344671,0.51653,-0.0282783,0.436144,-0.00936134,0,0,9.54098e-12,-0.266346,0.00383219,0.000459153,0.00112102,0.00261556,0.00190355,0,0,-0.01401,-0.0115473,-0.0265995,0.00620961,0.0104422,-0.00888157,0.0686004,0,0,0,0,2.40048e-12,0,-2.40048e-12,2.40048e-12,0,0,0,0,0,0,0,0,0,0,0.905991,4.21525e-09,0,0,0,-2.40048e-12,2.40048e-12,-2.40048e-12,0,0,0,0,0,0,0,0,0,0,4.21465e-09,0.905991,
-1.73472e-12,-1.04685,0.0331129,-0.0128592,0.00109465,0.00138058,-3.96934e-05,0,0,0.598806,-0.0462901,-0.15228,0.0850221,0.00898753,-0.00762929,0.00341538,0,0,-9.44611e-12,-2,-0.00939147,-0.0168071,-0.00530298,0.0010776,-5.89287e-06,0,0,0.0402339,0.76661,0.0514747,0.0932781,-0.0253666,-0.0332932,0.0251708,0,0,0,-0.925226,0.0792004,0.00112439,0.00439422,0.00296008,-6.9231e-05,0,0,-0.154336,-0.0404778,0.655826,0.0329792,0.0149712,-0.00204009,0.00148938,0,0,0,-2,-0.00352278,0.0560798,0.00431948,-0.000751382,-1.98482e-05,0,0,0.0868151,-0.118371,0.0434519,0.66826,0.000468528,0.0353529,0.0129392,0,0,2.08167e-11,1.08383,0.0171533,0.0233513,-0.0447691,-0.0345091,0.000521315,0,0,0.133168,0.0482263,0.182912,0.114,0.427508,-0.0235367,0.00609265,0,0,-3.81639e-11,0.494321,0.0185807,-0.0224052,-0.0409444,0.0668899,0.000430823,0,0,-0.012533,0.0191576,0.0342802,0.516484,-0.028268,0.436166,-0.00936801,0,0,-1.12757e-11,-0.266297,0.00383232,0.00045549,0.00111882,0.00261321,0.001904,0,0,-0.0139896,-0.0115452,-0.0265926,0.00621158,0.0104351,-0.00888353,0.068601,0,0,0,0,0,0,0,0,0,0,0,0,0,0,0,0,0,0,0.905991,-4.43219e-09,0,0,-1.20024e-12,0,0,-1.20024e-12,0,0,0,0,0,0,0,0,0,0,-4.43249e-09,0.905991,
-6.07153e-12,-1.04771,0.0331497,-0.0128889,0.00109138,0.00138161,-3.94354e-05,0,0,0.598948,-0.0463287,-0.15239,0.085169,0.00897702,-0.00764966,0.00342362,0,0,7.46744e-12,-2,-0.00940056,-0.0168075,-0.0053051,0.0010804,-5.85384e-06,0,0,0.0402423,0.766698,0.0515156,0.0933075,-0.0253823,-0.0333055,0.0251717,0,0,-1.38778e-11,-0.926966,0.0792045,0.00108889,0.00438897,0.00296292,-6.86131e-05,0,0,-0.154448,-0.0405541,0.655904,0.033112,0.0149785,-0.00207292,0.00150003,0,0,0,-2,-0.0035613,0.0560869,0.00431822,-0.000750277,-1.99773e-05,0,0,0.0869536,-0.118418,0.0435839,0.668269,0.000450814,0.0353311,0.0129494,0,0,3.81639e-11,1.08363,0.017104,0.0233812,-0.0447411,-0.0345157,0.000525856,0,0,0.133154,0.0482188,0.183103,0.113992,0.427533,-0.0235295,0.00608506,0,0,1.73472e-11,0.495267,0.0186266,-0.0223326,-0.0409531,0.066955,0.00042815,0,0,-0.0126401,0.0191999,0.0340929,0.516439,-0.0282576,0.436188,-0.00937465,0,0,9.54098e-12,-0.266248,0.00383233,0.000451793,0.00111657,0.00261091,0.00190432,0,0,-0.0139692,-0.0115432,-0.0265856,0.00621351,0.0104279,-0.00888549,0.0686017,0,0,0,0,0,0,0,-1.20024e-12,0,-5.64113e-11,0,0,0,0,0,0,0,0,0.905991,-4.51231e-09,0,0,0,0,0,-1.20024e-12,0,0,0,0,0,0,0,0,0,0,-4.51261e-09,0.905991,
0,-1.04856,0.0331864,-0.0129186,0.00108842,0.00138207,-3.94759e-05,0,0,0.59909,-0.0463672,-0.1525,0.085316,0.00896649,-0.00767003,0.00343186,0,0,-9.26993e-12,-2,-0.00940986,-0.0168073,-0.00530784,0.00108299,-5.94539e-06,0,0,0.0402506,0.766785,0.0515565,0.0933368,-0.025398,-0.0333177,0.0251726,0,0,0,-0.92871,0.0792078,0.00105291,0.00438525,0.002965,-6.86216e-05,0,0,-0.15456,-0.0406306,0.655982,0.0332451,0.0149858,-0.00210581,0.0015107,0,0,0,-2,-0.00359974,0.0560947,0.0043165,-0.000749856,-1.99389e-05,0,0,0.0870923,-0.118466,0.0437161,0.668278,0.000433077,0.0353093,0.0129597,0,0,-6.93889e-12,1.08343,0.0170448,0.0234065,-0.0447127,-0.0345264,0.000525199,0,0,0.133139,0.0482112,0.183294,0.113984,0.427557,-0.0235224,0.00607749,0,0,1.38778e-11,0.496209,0.018674,-0.0222593,-0.040962,0.0670235,0.000426352,0,0,-0.0127471,0.0192419,0.0339055,0.516393,-0.0282473,0.43621,-0.00938126,0,0,-1.04083e-11,-0.266198,0.00383247,0.000448178,0.00111429,0.00260854,0.00190473,0,0,-0.0139489,-0.0115411,-0.0265786,0.00621542,0.0104208,-0.00888745,0.0686023,0,0,0,0,1.20024e-12,1.20024e-12,1.20024e-12,1.20024e-12,0,0,0,0,0,0,0,0,0,0,0.905991,-4.45199e-09,0,0,1.20024e-12,-1.20024e-12,-1.20024e-12,-1.20024e-12,0,0,0,0,0,0,0,0,0,0,-4.45289e-09,0.905991,
-5.20417e-12,-1.04941,0.033223,-0.0129476,0.00108573,0.0013822,-3.92404e-05,0,0,0.599232,-0.0464056,-0.152611,0.0854632,0.00895595,-0.00769039,0.00344011,0,0,1.24683e-12,-2,-0.00941896,-0.0168067,-0.00531058,0.00108544,-5.94711e-06,0,0,0.0402588,0.766873,0.0515974,0.0933661,-0.0254137,-0.0333299,0.0251735,0,0,-6.93889e-12,-0.930454,0.0792115,0.00101861,0.00438226,0.00296644,-6.79959e-05,0,0,-0.154672,-0.0407071,0.65606,0.0333786,0.014993,-0.00213877,0.00152139,0,0,2.77556e-11,-2,-0.00363818,0.0561021,0.00431461,-0.000749359,-2.00515e-05,0,0,0.0872311,-0.118513,0.0438486,0.668287,0.000415318,0.0352875,0.01297,0,0,1.04083e-11,1.08323,0.0169905,0.023446,-0.0446798,-0.034542,0.000529215,0,0,0.133125,0.0482035,0.183484,0.113976,0.427581,-0.0235152,0.00606993,0,0,3.46945e-12,0.497143,0.0187207,-0.022188,-0.0409718,0.0670925,0.000423923,0,0,-0.012854,0.0192837,0.0337177,0.516348,-0.028237,0.436231,-0.00938786,0,0,9.54098e-12,-0.266148,0.00383255,0.000444429,0.001112,0.00260625,0.00190512,0,0,-0.0139285,-0.0115389,-0.0265716,0.00621729,0.0104137,-0.0088894,0.0686029,0,0,0,0,0,-1.20024e-12,-1.20024e-12,1.20024e-12,0,0,0,0,0,0,0,0,0,0,0.905991,4.27616e-09,0,-2.40048e-12,-2.40048e-12,0,-2.40048e-12,0,-2.40048e-12,0,0,0,0,0,0,0,0,0,4.27616e-09,0.905991,
2.77021e-07,-1.05026,0.0332591,-0.0129773,0.00108272,0.00138289,-3.95576e-05,0,0,0.599375,-0.0464439,-0.152721,0.0856106,0.00894539,-0.00771075,0.00344836,0,0,9.13115e-08,-2,-0.00942805,-0.0168063,-0.00531336,0.00108805,-6.12755e-06,0,0,0.040267,0.766961,0.0516384,0.0933954,-0.0254294,-0.033342,0.0251744,0,0,6.34021e-07,-0.9322,0.0792145,0.000982818,0.00437847,0.00296914,-6.86385e-05,0,0,-0.154784,-0.0407837,0.656138,0.0335124,0.0150002,-0.00217179,0.00153212,0,0,-1.5235e-07,-2,-0.0036764,0.0561095,0.00431292,-0.000749102,-1.98601e-05,0,0,0.08737,-0.11856,0.0439814,0.668296,0.000397537,0.0352658,0.0129803,0,0,4.7144e-06,1.08304,0.0169315,0.023476,-0.0446517,-0.0345483,0.00052384,0,0,0.133111,0.0481958,0.183674,0.113969,0.427606,-0.0235081,0.00606238,0,0,-6.76677e-07,0.498069,0.0187682,-0.0221151,-0.040981,0.0671595,0.000422849,0,0,-0.0129608,0.0193252,0.0335297,0.516304,-0.0282268,0.436253,-0.00939442,0,0,-4.64663e-08,-0.266097,0.00383264,0.000440768,0.00110979,0.0026039,0.0019056,0,0,-0.013908,-0.0115368,-0.0265646,0.00621913,0.0104066,-0.00889135,0.0686036,0,0,0,-1.20024e-12,-2.40048e-12,-2.40048e-12,0,1.20024e-12,-2.40048e-12,0,0,0,0,0,0,0,0,0,0.905991,4.23595e-09,0,1.20024e-12,0,0,0,-1.20024e-12,2.40048e-12,0,0,0,0,0,0,0,0,0,4.23625e-09,0.905991,
8.67362e-13,-1.05111,0.0332953,-0.0130075,0.00107881,0.00138307,-3.92986e-05,0,0,0.599518,-0.0464821,-0.152831,0.0857582,0.00893482,-0.00773109,0.00345662,0,0,1.0842e-11,-2,-0.0094371,-0.0168067,-0.00531559,0.00109054,-6.08417e-06,0,0,0.0402752,0.767049,0.0516794,0.0934246,-0.0254452,-0.0333541,0.0251753,0,0,-6.93889e-12,-0.933951,0.0792179,0.000946146,0.0043717,0.00297009,-6.8021e-05,0,0,-0.154896,-0.0408605,0.656215,0.0336466,0.0150073,-0.00220487,0.00154287,0,0,-2.77556e-11,-2,-0.00371501,0.0561164,0.00431203,-0.000747449,-1.99901e-05,0,0,0.0875091,-0.118607,0.0441145,0.668305,0.000379739,0.035244,0.0129905,0,0,-1.73472e-11,1.08283,0.0168775,0.0235014,-0.0446331,-0.0345695,0.000528432,0,0,0.133097,0.0481879,0.183864,0.113961,0.42763,-0.0235009,0.00605485,0,0,2.08167e-11,0.498991,0.0188151,-0.0220413,-0.0409887,0.067226,0.000420171,0,0,-0.0130675,0.0193664,0.0333415,0.516259,-0.0282165,0.436275,-0.00940097,0,0,2.08167e-11,-0.266046,0.00383263,0.000437105,0.00110767,0.00260178,0.00190593,0,0,-0.0138876,-0.0115346,-0.0265576,0.00622093,0.0103995,-0.00889329,0.0686042,0,0,0,0,-1.20024e-12,0,-1.20024e-12,0,0,0,0,0,0,0,0,0,0,0,0.905991,-4.31007e-09,0,0,2.40048e-12,0,0,0,2.40048e-12,0,0,0,0,0,0,0,0,0,-4.30947e-09,0.905991,
-2.60209e-12,-1.05196,0.0333326,-0.0130375,0.00107604,0.00138381,-3.93374e-05,0,0,0.599661,-0.0465203,-0.152941,0.0859059,0.00892423,-0.00775142,0.00346487,0,0,-7.38613e-12,-2,-0.00944607,-0.0168064,-0.00531816,0.00109321,-6.17242e-06,0,0,0.0402832,0.767138,0.0517204,0.0934538,-0.025461,-0.0333662,0.0251763,0,0,-6.93889e-12,-0.935703,0.0792231,0.000909706,0.00436836,0.00297284,-6.80311e-05,0,0,-0.155008,-0.0409373,0.656291,0.0337811,0.0150144,-0.00223802,0.00155364,0,0,0,-2,-0.0037543,0.056124,0.00431022,-0.000747078,-1.99536e-05,0,0,0.0876484,-0.118653,0.0442479,0.668314,0.000361919,0.0352223,0.0130008,0,0,3.46945e-12,1.08262,0.0168324,0.0235269,-0.0445998,-0.0345757,0.000527826,0,0,0.133083,0.04818,0.184054,0.113953,0.427654,-0.0234938,0.00604734,0,0,1.73472e-11,0.499906,0.0188607,-0.0219676,-0.0409985,0.0672934,0.000418346,0,0,-0.0131741,0.0194073,0.0331529,0.516215,-0.0282063,0.436297,-0.00940749,0,0,1.04083e-11,-0.265994,0.00383258,0.000433473,0.00110536,0.00259936,0.00190634,0,0,-0.0138671,-0.0115324,-0.0265506,0.0062227,0.0103925,-0.00889523,0.0686048,0,0,0,-2.40048e-12,2.40048e-12,0,-2.40048e-12,-2.40048e-12,2.40048e-12,0,0,0,0,0,0,0,0,0,0.905991,4.25966e-09,0,-2.40048e-12,3.60072e-12,0,-2.40048e-12,-2.40048e-12,3.60072e-12,0,0,0,0,0,0,0,0,0,4.25906e-09,0.905991,
2.76481e-07,-1.0528,0.0333691,-0.0130671,0.00107301,0.00138421,-3.99315e-05,0,0,0.599804,-0.0465583,-0.153051,0.0860538,0.00891362,-0.00777175,0.00347314,0,0,9.12912e-08,-2,-0.00945512,-0.0168057,-0.00532093,0.00109574,-6.44672e-06,0,0,0.0402912,0.767226,0.0517614,0.093483,-0.0254768,-0.0333782,0.0251772,0,0,6.34728e-07,-0.937456,0.0792269,0.000874358,0.00436455,0.00297494,-6.93097e-05,0,0,-0.15512,-0.0410142,0.656368,0.0339159,0.0150214,-0.00227122,0.00156445,0,0,-1.5199e-07,-2,-0.00379321,0.0561313,0.00430852,-0.000746667,-1.96109e-05,0,0,0.0877878,-0.1187,0.0443816,0.668322,0.000344077,0.0352006,0.0130111,0,0,4.71728e-06,1.08242,0.016778,0.0235619,-0.0445713,-0.0345868,0.000517723,0,0,0.133068,0.048172,0.184244,0.113946,0.427677,-0.0234867,0.00603984,0,0,-6.76376e-07,0.500813,0.0189078,-0.021895,-0.0410078,0.0673615,0.000417924,0,0,-0.0132807,0.019448,0.0329641,0.51617,-0.028196,0.436318,-0.00941398,0,0,-4.62894e-08,-0.265942,0.0038326,0.000429755,0.00110313,0.00259701,0.00190687,0,0,-0.0138466,-0.0115302,-0.0265435,0.00622444,0.0103854,-0.00889716,0.0686054,0,0,0,0,-1.20024e-12,0,0,0,0,0,0,0,0,0,0,0,0,0,0.905991,-4.32507e-09,0,1.20024e-12,-1.20024e-12,1.20024e-12,1.20024e-12,1.20024e-12,-1.20024e-12,0,0,0,0,0,0,0,0,0,-4.32537e-09,0.905991,
-8.67362e-13,-1.05364,0.0334055,-0.0130971,0.00106965,0.00138464,-3.96742e-05,0,0,0.599948,-0.0465962,-0.153161,0.0862019,0.00890299,-0.00779207,0.0034814,0,0,3.67273e-12,-2,-0.0094642,-0.0168058,-0.005323,0.00109831,-6.40633e-06,0,0,0.0402992,0.767315,0.0518025,0.0935121,-0.0254927,-0.0333902,0.0251782,0,0,-6.93889e-12,-0.939214,0.0792306,0.000838104,0.00435907,0.00297653,-6.86921e-05,0,0,-0.155232,-0.0410913,0.656443,0.0340511,0.0150284,-0.0023045,0.00157528,0,0,0,-2,-0.00383228,0.0561381,0.00430732,-0.000745197,-1.97405e-05,0,0,0.0879274,-0.118746,0.0445155,0.668331,0.000326217,0.0351789,0.0130214,0,0,2.77556e-11,1.0822,0.0167237,0.0235921,-0.0445428,-0.0346034,0.000522296,0,0,0.133054,0.0481639,0.184433,0.113939,0.427701,-0.0234796,0.00603236,0,0,1.38778e-11,0.501716,0.018955,-0.0218215,-0.041017,0.0674277,0.00041524,0,0,-0.0133872,0.0194884,0.032775,0.516126,-0.0281858,0.43634,-0.00942045,0,0,-1.12757e-11,-0.265889,0.00383258,0.000426038,0.0011009,0.00259482,0.0019072,0,0,-0.0138261,-0.0115279,-0.0265365,0.00622614,0.0103784,-0.00889909,0.068606,0,0,0,-1.20024e-12,0,0,0,0,1.20024e-12,-5.76116e-11,0,0,0,0,0,0,0,0,0.905991,4.26716e-09,0,-1.20024e-12,0,0,0,0,1.20024e-12,-1.20024e-12,0,0,0,0,0,0,0,0,4.26746e-09,0.905991,
0,-1.05448,0.033442,-0.013127,0.0010666,0.00138535,-3.97144e-05,0,0,0.600092,-0.046634,-0.153271,0.0863501,0.00889235,-0.00781238,0.00348967,0,0,-8.06375e-12,-2,-0.00947344,-0.0168053,-0.0053257,0.00110096,-6.49732e-06,0,0,0.040307,0.767404,0.0518436,0.0935412,-0.0255086,-0.0334022,0.0251791,0,0,-6.93889e-12,-0.940973,0.079234,0.000802048,0.00435513,0.0029793,-6.87027e-05,0,0,-0.155344,-0.0411684,0.656519,0.0341866,0.0150353,-0.00233783,0.00158614,0,0,-2.77556e-11,-2,-0.00387152,0.0561456,0.00430565,-0.000744864,-1.97037e-05,0,0,0.0880671,-0.118793,0.0446498,0.668339,0.000308334,0.0351573,0.0130318,0,0,6.93889e-12,1.08199,0.0166642,0.0236226,-0.044514,-0.0346098,0.000521663,0,0,0.13304,0.0481557,0.184623,0.113931,0.427725,-0.0234725,0.00602489,0,0,2.77556e-11,0.502611,0.019003,-0.0217481,-0.0410263,0.0674955,0.000413418,0,0,-0.0134935,0.0195285,0.0325857,0.516083,-0.0281756,0.436361,-0.0094269,0,0,0,-0.265835,0.00383264,0.000422354,0.00109863,0.00259239,0.00190763,0,0,-0.0138056,-0.0115257,-0.0265294,0.00622782,0.0103714,-0.00890101,0.0686067,0,0,0,0,1.20024e-12,-2.40048e-12,2.40048e-12,2.40048e-12,3.60072e-12,-1.16423e-10,0,0,0,0,0,0,0,0,0.905991,-4.32807e-09,0,1.20024e-12,-1.20024e-12,1.20024e-12,-1.20024e-12,-2.40048e-12,-2.40048e-12,0,0,0,0,0,0,0,0,0,-4.32807e-09,0.905991,
3.46945e-12,-1.05531,0.0334786,-0.0131574,0.00106355,0.00138603,-4.0012e-05,0,0,0.600237,-0.0466718,-0.153382,0.0864985,0.00888169,-0.00783268,0.00349794,0,0,1.02999e-12,-2,-0.00948258,-0.0168053,-0.00532773,0.00110362,-6.64472e-06,0,0,0.0403149,0.767493,0.0518847,0.0935702,-0.0255245,-0.0334141,0.0251801,0,0,6.93889e-12,-0.942734,0.079238,0.000765081,0.00435042,0.00298153,-6.93551e-05,0,0,-0.155456,-0.0412456,0.656594,0.0343225,0.0150422,-0.00237123,0.00159702,0,0,0,-2,-0.00391099,0.0561526,0.00430425,-0.000743623,-1.95287e-05,0,0,0.088207,-0.118839,0.0447843,0.668347,0.000290433,0.0351356,0.0130421,0,0,-2.77556e-11,1.08178,0.0166097,0.0236483,-0.0444804,-0.0346217,0.000516752,0,0,0.133025,0.0481474,0.184813,0.113924,0.427748,-0.0234654,0.00601744,0,0,6.93889e-12,0.503501,0.0190504,-0.0216737,-0.0410362,0.0675617,0.000412087,0,0,-0.0135998,0.0195683,0.032396,0.516039,-0.0281654,0.436383,-0.00943333,0,0,-1.9082e-11,-0.265781,0.00383262,0.000418681,0.00109633,0.00259011,0.00190806,0,0,-0.0137851,-0.0115234,-0.0265223,0.00622946,0.0103644,-0.00890292,0.0686073,0,0,0,0,0,0,0,0,0,0,0,0,0,0,0,0,0,0,0.905991,4.26566e-09,0,-1.20024e-12,1.20024e-12,0,0,0,0,0,0,0,0,0,0,0,0,0,4.26416e-09,0.905991,
0,-1.05615,0.0335157,-0.0131873,0.00106024,0.0013867,-4.0054e-05,0,0,0.600381,-0.0467094,-0.153492,0.0866471,0.00887102,-0.00785297,0.00350621,0,0,1.29562e-11,-2,-0.00949175,-0.0168046,-0.00533057,0.00110625,-6.7397e-06,0,0,0.0403226,0.767582,0.0519259,0.0935992,-0.0255404,-0.033426,0.0251811,0,0,-6.93889e-12,-0.944499,0.0792422,0.000728895,0.00434594,0.0029843,-6.9366e-05,0,0,-0.155567,-0.041323,0.656669,0.0344587,0.015049,-0.00240469,0.00160793,0,0,0,-2,-0.00395069,0.0561601,0.0043027,-0.000743354,-1.94912e-05,0,0,0.088347,-0.118885,0.0449192,0.668355,0.000272508,0.035114,0.0130524,0,0,1.04083e-11,1.08156,0.0165547,0.0236788,-0.044456,-0.0346283,0.00051608,0,0,0.133011,0.048139,0.185002,0.113917,0.427772,-0.0234583,0.00601,0,0,-2.08167e-11,0.504385,0.0190979,-0.0216001,-0.041045,0.0676299,0.000410274,0,0,-0.013706,0.0196079,0.0322062,0.515996,-0.0281552,0.436404,-0.00943973,0,0,-1.73472e-12,-0.265726,0.00383263,0.000414996,0.00109409,0.00258767,0.00190849,0,0,-0.0137645,-0.0115211,-0.0265152,0.00623107,0.0103574,-0.00890483,0.0686079,0,0,0,-1.20024e-12,0,0,-1.20024e-12,0,1.20024e-12,0,0,0,0,0,0,0,0,0,0.905991,-4.31907e-09,0,0,0,0,0,0,0,0,0,0,0,0,0,0,0,0,-4.31937e-09,0.905991,
4.33681e-12,-1.05698,0.0335521,-0.0132171,0.00105747,0.00138705,-3.98215e-05,0,0,0.600526,-0.0467469,-0.153602,0.0867959,0.00886033,-0.00787325,0.00351449,0,0,-8.06375e-12,-2,-0.00950089,-0.0168037,-0.0053333,0.00110874,-6.74457e-06,0,0,0.0403303,0.767671,0.0519671,0.0936282,-0.0255563,-0.0334378,0.0251821,0,0,1.38778e-11,-0.946263,0.0792458,0.00069311,0.0043428,0.00298641,-6.87408e-05,0,0,-0.155679,-0.0414004,0.656743,0.0345952,0.0150557,-0.00243821,0.00161887,0,0,0,-2,-0.00399008,0.0561674,0.00430083,-0.000743,-1.96037e-05,0,0,0.0884872,-0.118931,0.0450543,0.668362,0.000254561,0.0350923,0.0130627,0,0,1.04083e-11,1.08135,0.0164951,0.0237141,-0.0444223,-0.0346397,0.000520094,0,0,0.132996,0.0481306,0.185191,0.11391,0.427795,-0.0234513,0.00600258,0,0,-1.73472e-11,0.505261,0.0191462,-0.021527,-0.0410554,0.0676985,0.000407828,0,0,-0.0138122,0.0196472,0.032016,0.515952,-0.028145,0.436426,-0.00944611,0,0,9.54098e-12,-0.265671,0.00383267,0.000411271,0.00109179,0.0025853,0.0019089,0,0,-0.0137439,-0.0115187,-0.026508,0.00623265,0.0103504,-0.00890674,0.0686085,0,0,0,0,0,0,0,0,-1.20024e-12,0,0,0,0,0,0,0,0,0,0.905991,4.25215e-09,0,0,0,-1.20024e-12,-1.20024e-12,-1.20024e-12,1.20024e-12,0,0,0,0,0,0,0,0,0,4.25275e-09,0.905991,
-2.75373e-07,-1.05781,0.0335887,-0.0132472,0.0010541,0.00138712,-3.95875e-05,0,0,0.600672,-0.0467844,-0.153712,0.0869448,0.00884963,-0.00789352,0.00352276,0,0,-9.12453e-08,-2,-0.00950975,-0.0168028,-0.00533616,0.00111112,-6.74531e-06,0,0,0.0403379,0.767761,0.0520083,0.0936572,-0.0255723,-0.0334496,0.0251831,0,0,-6.36116e-07,-0.948032,0.0792504,0.000656459,0.00433822,0.00298789,-6.81158e-05,0,0,-0.155791,-0.041478,0.656817,0.0347321,0.0150625,-0.0024718,0.00162984,0,0,1.5124e-07,-2,-0.0040297,0.0561746,0.00429932,-0.000742425,-1.9717e-05,0,0,0.0886275,-0.118977,0.0451897,0.66837,0.000236591,0.0350707,0.0130731,0,0,-4.72319e-06,1.08112,0.0164452,0.0237447,-0.0443982,-0.034656,0.000524149,0,0,0.132982,0.0481221,0.18538,0.113903,0.427818,-0.0234442,0.00599516,0,0,6.75744e-07,0.506131,0.0191931,-0.021453,-0.0410645,0.0677672,0.000405382,0,0,-0.0139182,0.0196862,0.0318256,0.515909,-0.0281348,0.436447,-0.00945246,0,0,4.60153e-08,-0.265615,0.00383258,0.000407586,0.00108962,0.00258301,0.0019093,0,0,-0.0137233,-0.0115164,-0.0265009,0.00623418,0.0103434,-0.00890864,0.0686091,0,0,0,0,0,0,0,0,0,1.20024e-12,0,0,0,0,0,0,0,0,0.905991,-4.30226e-09,0,0,0,0,0,0,0,0,0,0,0,0,0,0,0,0,-4.30256e-09,0.905991,
2.60209e-12,-1.05863,0.0336249,-0.0132774,0.00105039,0.00138753,-4.01569e-05,0,0,0.600817,-0.0468217,-0.153822,0.0870939,0.0088389,-0.00791378,0.00353105,0,0,-3.27971e-12,-2,-0.00951875,-0.0168026,-0.00533828,0.00111366,-6.97809e-06,0,0,0.0403455,0.767851,0.0520495,0.0936861,-0.0255883,-0.0334614,0.0251841,0,0,6.93889e-12,-0.949802,0.0792542,0.000620199,0.00433192,0.00298951,-6.9407e-05,0,0,-0.155903,-0.0415557,0.656891,0.0348693,0.0150691,-0.00250545,0.00164083,0,0,0,-2,-0.00406941,0.056181,0.0042983,-0.000740908,-1.93933e-05,0,0,0.088768,-0.119023,0.0453254,0.668377,0.000218604,0.0350492,0.0130834,0,0,6.93889e-12,1.08091,0.0163907,0.0237801,-0.0443741,-0.0346731,0.000514576,0,0,0.132967,0.0481135,0.185569,0.113896,0.427841,-0.0234372,0.00598777,0,0,6.93889e-12,0.506994,0.0192408,-0.0213794,-0.0410733,0.0678332,0.000404711,0,0,-0.0140241,0.0197249,0.0316349,0.515867,-0.0281246,0.436468,-0.00945879,0,0,8.67362e-13,-0.265559,0.00383249,0.000403805,0.00108745,0.00258081,0.00190978,0,0,-0.0137027,-0.011514,-0.0264938,0.00623569,0.0103364,-0.00891053,0.0686097,0,0,0,0,0,0,0,0,0,0,0,0,0,0,0,0,0,0,0.905991,4.23205e-09,0,0,0,0,1.20024e-12,2.40048e-12,-1.20024e-12,0,0,0,0,0,0,0,0,0,4.23175e-09,0.905991,
-8.67362e-13,-1.05946,0.0336616,-0.0133079,0.00104754,0.00138793,-3.99215e-05,0,0,0.600963,-0.0468589,-0.153932,0.0872431,0.00882816,-0.00793403,0.00353933,0,0,2.15485e-12,-2,-0.00952784,-0.0168019,-0.00534082,0.00111619,-6.97764e-06,0,0,0.040353,0.767941,0.0520908,0.093715,-0.0256043,-0.0334731,0.0251851,0,0,0,-0.951576,0.0792584,0.0005829,0.00432841,0.00299168,-6.87832e-05,0,0,-0.156014,-0.0416334,0.656964,0.0350068,0.0150757,-0.00253916,0.00165185,0,0,0,-2,-0.00410951,0.0561884,0.00429652,-0.000740362,-1.95092e-05,0,0,0.0889086,-0.119068,0.0454614,0.668384,0.000200595,0.0350276,0.0130938,0,0,3.46945e-11,1.08067,0.0163357,0.0238061,-0.04434,-0.0346846,0.00051869,0,0,0.132953,0.0481048,0.185758,0.11389,0.427865,-0.0234301,0.00598039,0,0,2.77556e-11,0.507853,0.0192887,-0.0213045,-0.0410836,0.0679016,0.000402188,0,0,-0.0141299,0.0197634,0.031444,0.515824,-0.0281145,0.43649,-0.00946509,0,0,2.08167e-11,-0.265502,0.00383244,0.000400148,0.00108514,0.00257841,0.00191016,0,0,-0.0136821,-0.0115115,-0.0264866,0.00623716,0.0103295,-0.00891242,0.0686103,0,0,0,0,-1.20024e-12,0,1.20024e-12,0,-1.20024e-12,0,0,0,0,0,0,0,0,0,0.905991,4.27766e-09,0,0,1.20024e-12,0,0,0,1.20024e-12,0,0,0,0,0,0,0,0,0,4.27766e-09,0.905991,
1.73472e-12,-1.06028,0.0336984,-0.0133381,0.00104442,0.00138828,-3.96888e-05,0,0,0.601109,-0.046896,-0.154042,0.0873926,0.00881741,-0.00795427,0.00354762,0,0,-1.84314e-12,-2,-0.00953676,-0.0168009,-0.00534357,0.00111867,-6.98067e-06,0,0,0.0403604,0.768031,0.0521321,0.0937438,-0.0256203,-0.0334848,0.0251861,0,0,0,-0.95335,0.0792633,0.000546061,0.00432443,0.00299382,-6.81582e-05,0,0,-0.156126,-0.0417113,0.657037,0.0351447,0.0150823,-0.00257294,0.0016629,0,0,0,-2,-0.00414969,0.0561956,0.00429485,-0.000739928,-1.96227e-05,0,0,0.0890494,-0.119114,0.0455977,0.668392,0.000182563,0.035006,0.0131041,0,0,-3.46945e-11,1.08046,0.0162855,0.0238369,-0.0443108,-0.0346963,0.000522745,0,0,0.132938,0.048096,0.185947,0.113883,0.427887,-0.0234231,0.00597303,0,0,-6.93889e-11,0.508702,0.0193359,-0.0212302,-0.0410935,0.06797,0.000399716,0,0,-0.0142356,0.0198015,0.0312528,0.515782,-0.0281044,0.436511,-0.00947136,0,0,-1.12757e-11,-0.265444,0.00383233,0.000396451,0.0010829,0.00257603,0.00191057,0,0,-0.0136614,-0.0115091,-0.0264794,0.0062386,0.0103226,-0.00891431,0.068611,0,0,0,-1.20024e-12,0,0,-1.20024e-12,0,0,0,0,0,0,0,0,0,0,0,0.905991,-4.43669e-09,0,0,-1.20024e-12,0,0,1.20024e-12,0,0,0,0,0,0,0,0,0,0,-4.43669e-09,0.905991,
