0.00178284,1.69122e-05,0.000429386,-3.76907e-05,-0.000146918,0.00152463,-0.000209141,-6.77819e-05,0.000621903,0.000312945,-4.15286e-05,0.00108788,0.000337537,-0.000218402,0.000170007,5.10556e-06,0.00441556,9.81196e-06,-0.0023205,-0.000168161,7.07833e-05,0.000333344,7.32316e-05,-0.000987337,0.000130861,0.000187829,-0.000861585,0.000746044,5.89664e-05,0.00118083,-0.00278416,5.95865e-05,0.0267014,-0.000136377,0.000544919,0.00145664,0.000103693,-0.000637179,7.07256e-05,0.000357453,0.0246926,0.000325697,-3.09827e-07,1.7026e-05,3.27512e-05,-2.37328e-06,0.000201807,-6.18872e-05,0.0465944,
0.00178959,1.13914e-05,0.000456126,-3.7425e-05,-0.000169421,0.00151374,-0.000209479,-7.05934e-05,0.000620041,0.000297291,-4.11572e-05,0.00109799,0.00033869,-0.000218077,0.000198758,-7.5757e-06,0.00441013,9.96579e-06,-0.00232669,-0.000196678,7.18062e-05,0.000327286,7.55995e-05,-0.000979717,0.000129791,0.000190199,-0.000847352,0.000746363,3.31319e-05,0.00119243,-0.00278346,5.85768e-05,0.0267178,-0.000100419,0.000546452,0.00144528,0.000110615,-0.00065807,6.97438e-05,0.000384207,0.0246971,0.000323539,-1.79916e-07,1.72316e-05,3.21966e-05,-2.34468e-06,0.000206171,-6.2215e-05,0.0465944,
0.00179877,5.07125e-06,0.000485461,-3.7136e-05,-0.00019397,0.00150242,-0.000210131,-7.40973e-05,0.000618087,0.000280032,-4.07612e-05,0.00110891,0.000339618,-0.000218054,0.000230266,-2.16923e-05,0.00440306,1.01404e-05,-0.00233252,-0.000228321,7.29351e-05,0.000321094,7.81908e-05,-0.000971701,0.000128643,0.000192468,-0.000830992,0.000747544,5.15321e-06,0.00120485,-0.00278214,5.75167e-05,0.026736,-6.08902e-05,0.000547659,0.00143399,0.000118068,-0.000681698,6.86944e-05,0.000413426,0.0247041,0.000321619,-1.14853e-07,1.74014e-05,3.1503e-05,-2.31598e-06,0.000209964,-6.26028e-05,0.0465943,
0.00181045,-2.00934e-06,0.000516754,-3.68301e-05,-0.00022009,0.0014906,-0.000211041,-7.83301e-05,0.000616136,0.000261408,-4.035e-05,0.00112051,0.000340316,-0.000218287,0.00026391,-3.70148e-05,0.00439417,1.03336e-05,-0.00233768,-0.000262614,7.41599e-05,0.000314948,8.09499e-05,-0.000963298,0.000127446,0.00019443,-0.000812721,0.000749445,-2.44424e-05,0.00121791,-0.00278,5.64332e-05,0.0267551,-1.84486e-05,0.000548562,0.00142279,0.000125942,-0.000707672,6.76e-05,0.000444556,0.0247134,0.000319896,-1.15105e-07,1.75389e-05,3.06841e-05,-2.28765e-06,0.000213216,-6.30386e-05,0.0465942,
0.00182461,-9.80808e-06,0.000549384,-3.65127e-05,-0.000247335,0.00147825,-0.00021216,-8.33175e-05,0.000614269,0.000241643,-3.99324e-05,0.00113272,0.000340808,-0.000218735,0.000299093,-5.33164e-05,0.00438332,1.05435e-05,-0.00234195,-0.000299106,7.54702e-05,0.000309001,8.38192e-05,-0.000954484,0.000126224,0.000195862,-0.000792781,0.000751936,-5.51844e-05,0.00123144,-0.00277684,5.53485e-05,0.0267744,2.62896e-05,0.000549169,0.00141167,0.000134151,-0.000735606,6.64817e-05,0.000477076,0.024725,0.000318333,-1.82145e-07,1.76472e-05,2.9752e-05,-2.26011e-06,0.000215944,-6.35116e-05,0.0465941,
0.00184121,-1.82768e-05,0.000582767,-3.61896e-05,-0.000275291,0.00146533,-0.00021344,-8.90739e-05,0.000612559,0.000220956,-3.95169e-05,0.00114546,0.000341135,-0.000219358,0.000335257,-7.03759e-05,0.00437043,1.07681e-05,-0.00234513,-0.000337371,7.68556e-05,0.000303393,8.67417e-05,-0.000945217,0.000125005,0.000196554,-0.000771428,0.00075489,-8.6644e-05,0.00124526,-0.00277251,5.42819e-05,0.0267934,7.27501e-05,0.000549485,0.00140063,0.000142622,-0.000765129,6.53595e-05,0.000510501,0.0247385,0.0003169,-3.17147e-07,1.77298e-05,2.87189e-05,-2.23371e-06,0.000218172,-6.4012e-05,0.046594,
0.00186013,-2.73604e-05,0.00061636,-3.58651e-05,-0.000303574,0.00145184,-0.000214834,-9.56004e-05,0.000611068,0.000199556,-3.91099e-05,0.00115866,0.000341342,-0.000220115,0.000371883,-8.79795e-05,0.00435546,1.10056e-05,-0.0023471,-0.000377006,7.83062e-05,0.000298244,8.96607e-05,-0.000935459,0.000123807,0.00019632,-0.00074893,0.000758182,-0.000118431,0.00125924,-0.00276688,5.32482e-05,0.0268117,0.000120397,0.000549518,0.00138966,0.000151289,-0.000795888,6.42496e-05,0.000544385,0.0247538,0.000315566,-5.20422e-07,1.77908e-05,2.75978e-05,-2.20872e-06,0.000219929,-6.45309e-05,0.0465938,
0.00188122,-3.69965e-05,0.000649672,-3.55432e-05,-0.000331833,0.00143775,-0.000216301,-0.000102885,0.000609843,0.000177647,-3.87169e-05,0.00117224,0.000341478,-0.000220969,0.000408498,-0.000105924,0.00433843,1.12543e-05,-0.00234778,-0.000417633,7.98123e-05,0.000293661,9.25242e-05,-0.000925183,0.000122646,0.000195015,-0.000725555,0.000761698,-0.000150189,0.00127323,-0.00275989,5.22591e-05,0.0268289,0.000168735,0.000549282,0.00137873,0.000160087,-0.000827546,6.31658e-05,0.000578329,0.0247706,0.000314305,-7.91232e-07,1.78342e-05,2.64022e-05,-2.18532e-06,0.00022125,-6.50597e-05,0.0465936,
0.00190429,-4.71154e-05,0.00068227,-3.52278e-05,-0.000359761,0.0014231,-0.000217802,-0.000110903,0.00060892,0.000155429,-3.83428e-05,0.00118613,0.000341587,-0.000221887,0.00044468,-0.000124016,0.00431941,1.15128e-05,-0.00234715,-0.000458893,8.13646e-05,0.000289734,9.52833e-05,-0.00091439,0.000121538,0.000192542,-0.000701565,0.000765334,-0.000181601,0.00128711,-0.00275153,5.13242e-05,0.0268446,0.000217309,0.000548791,0.00136784,0.000168958,-0.000859797,6.21204e-05,0.000611983,0.0247887,0.000313095,-1.1277e-06,1.78643e-05,2.51466e-05,-2.1637e-06,0.000222172,-6.55908e-05,0.0465935,
0.00192912,-5.76415e-05,0.000713786,-3.49212e-05,-0.00038709,0.00140792,-0.000219303,-0.000119613,0.000608323,0.000133099,-3.79907e-05,0.00120022,0.000341709,-0.000222838,0.000480055,-0.000142079,0.00429851,1.17792e-05,-0.00234524,-0.000500453,8.2954e-05,0.000286535,9.78955e-05,-0.000903113,0.000120492,0.000188866,-0.000677216,0.000769003,-0.000212383,0.00130075,-0.00274182,5.04486e-05,0.0268588,0.000265701,0.000548068,0.001357,0.000177843,-0.000892364,6.11209e-05,0.000645049,0.0248078,0.000311919,-1.52686e-06,1.78849e-05,2.38458e-05,-2.14392e-06,0.000222734,-6.61174e-05,0.0465933,
0.00195549,-6.84939e-05,0.000743914,-3.46261e-05,-0.000413599,0.00139225,-0.000220776,-0.000128962,0.00060806,0.000110849,-3.76636e-05,0.00121442,0.000341876,-0.000223798,0.000514304,-0.000159951,0.00427591,1.20524e-05,-0.0023421,-0.000542002,8.45717e-05,0.000284116,0.000100326,-0.00089142,0.000119516,0.000184005,-0.000652745,0.000772629,-0.00024229,0.00131407,-0.00273088,4.96374e-05,0.0268712,0.00031354,0.000547133,0.00134618,0.000186687,-0.000924999,6.01751e-05,0.000677283,0.0248276,0.000310765,-1.98463e-06,1.78992e-05,2.2515e-05,-2.12607e-06,0.000222972,-6.66335e-05,0.0465931,
0.00198313,-7.95887e-05,0.000772415,-3.43438e-05,-0.000439113,0.00137615,-0.000222198,-0.000138885,0.000608132,8.88629e-05,-3.73627e-05,0.00122862,0.000342112,-0.000224746,0.000547158,-0.000177483,0.0042518,1.23306e-05,-0.00233782,-0.000583257,8.62094e-05,0.000282507,0.000102546,-0.000879413,0.000118615,0.000178035,-0.000628371,0.000776153,-0.000271117,0.00132697,-0.00271882,4.88921e-05,0.0268819,0.000360493,0.000546014,0.00133542,0.000195436,-0.000957487,5.92869e-05,0.000708488,0.0248479,0.000309628,-2.496e-06,1.79101e-05,2.11691e-05,-2.11015e-06,0.000222923,-6.71345e-05,0.0465929,
0.0020118,-9.084e-05,0.000799107,-3.40758e-05,-0.000463499,0.00135972,-0.000223552,-0.000149303,0.000608526,6.73155e-05,-3.70889e-05,0.00124272,0.000342428,-0.00022567,0.000578398,-0.000194549,0.0042264,1.26126e-05,-0.00233254,-0.000623955,8.78593e-05,0.000281721,0.000104539,-0.000867217,0.000117792,0.000171082,-0.000604287,0.000779538,-0.000298697,0.00133937,-0.00270581,4.82133e-05,0.026891,0.000406271,0.000544735,0.00132472,0.00020404,-0.000989643,5.84593e-05,0.000738516,0.0248685,0.000308507,-3.05511e-06,1.79199e-05,1.98228e-05,-2.09617e-06,0.00022262,-6.76163e-05,0.0465927,
0.00204124,-0.000102163,0.000823871,-3.38226e-05,-0.000486666,0.00134302,-0.000224826,-0.000160129,0.000609222,4.6369e-05,-3.68424e-05,0.00125659,0.00034283,-0.000226559,0.000607856,-0.000211036,0.00419997,1.28969e-05,-0.00232637,-0.000663862,8.95138e-05,0.000281744,0.000106297,-0.000854982,0.000117048,0.000163302,-0.000580664,0.000782751,-0.0003249,0.00135122,-0.00269206,4.76e-05,0.0268984,0.000450624,0.000543324,0.00131411,0.000212452,-0.00102131,5.76933e-05,0.000767256,0.0248891,0.000307406,-3.65539e-06,1.79302e-05,1.84899e-05,-2.08407e-06,0.000222093,-6.80764e-05,0.0465925,
0.0020712,-0.000113472,0.000846633,-3.35843e-05,-0.000508556,0.00132617,-0.000226011,-0.000171272,0.000610193,2.61677e-05,-3.66225e-05,0.00127013,0.000343312,-0.000227407,0.000635409,-0.000226852,0.00417276,1.31819e-05,-0.00231948,-0.00070277,9.11663e-05,0.000282549,0.000107817,-0.000842858,0.00011638,0.000154879,-0.000557643,0.00078578,-0.000349632,0.00136245,-0.00267778,4.70504e-05,0.0269044,0.000493343,0.000541807,0.00130361,0.000220628,-0.00105234,5.69889e-05,0.00079463,0.0249095,0.000306332,-4.28978e-06,1.79421e-05,1.71831e-05,-2.07378e-06,0.00022137,-6.85127e-05,0.0465923,
0.00210146,-0.000124689,0.00086737,-3.33612e-05,-0.000529142,0.00130926,-0.000227106,-0.000182633,0.000611406,6.83818e-06,-3.64286e-05,0.00128323,0.00034386,-0.000228212,0.000660977,-0.000241921,0.00414504,1.34663e-05,-0.00231201,-0.000740495,9.28106e-05,0.00028409,0.000109106,-0.000831,0.000115786,0.00014601,-0.000535341,0.000788621,-0.00037283,0.00137304,-0.00266317,4.65619e-05,0.026909,0.000534257,0.000540211,0.00129326,0.000228526,-0.00108262,5.63454e-05,0.00082059,0.0249296,0.000305295,-4.95091e-06,1.79562e-05,1.59139e-05,-2.06524e-06,0.000220475,-6.89244e-05,0.0465921,
0.00213178,-0.000135736,0.000886091,-3.31529e-05,-0.000548424,0.00129239,-0.00022811,-0.000194113,0.000612824,-1.15143e-05,-3.62591e-05,0.00129581,0.000344454,-0.000228975,0.000684519,-0.000256182,0.00411707,1.37488e-05,-0.00230412,-0.000776879,9.44412e-05,0.000286312,0.000110175,-0.000819552,0.000115264,0.000136888,-0.000513849,0.000791277,-0.000394463,0.00138296,-0.00264846,4.61313e-05,0.0269125,0.000573229,0.000538562,0.0012831,0.000236109,-0.00111206,5.5761e-05,0.000845104,0.0249493,0.000304306,-5.63129e-06,1.79727e-05,1.4692e-05,-2.05833e-06,0.000219431,-6.93114e-05,0.046592,
0.00216196,-0.000146541,0.000902843,-3.29588e-05,-0.000566419,0.00127566,-0.000229025,-0.000205614,0.000614406,-2.88063e-05,-3.61124e-05,0.00130778,0.000345069,-0.000229698,0.000706029,-0.000269595,0.00408912,1.40279e-05,-0.00229597,-0.00081179,9.6053e-05,0.000289148,0.000111042,-0.000808642,0.000114807,0.000127699,-0.000493237,0.00079376,-0.000414524,0.0013922,-0.00263385,4.57547e-05,0.026915,0.000610153,0.000536882,0.00127317,0.000243344,-0.00114055,5.5233e-05,0.00086816,0.0249682,0.000303378,-6.32352e-06,1.79913e-05,1.35259e-05,-2.05294e-06,0.000218258,-6.96741e-05,0.0465918,
0.00219181,-0.000157041,0.000917694,-3.27782e-05,-0.00058316,0.00125918,-0.000229855,-0.000217043,0.000616114,-4.49752e-05,-3.59865e-05,0.00131907,0.000345678,-0.000230385,0.00072553,-0.000282129,0.00406143,1.43023e-05,-0.00228771,-0.00084512,9.76414e-05,0.000292527,0.000111726,-0.00079838,0.000114411,0.000118613,-0.000473559,0.000796084,-0.000433027,0.00140074,-0.00261954,4.54281e-05,0.0269167,0.000644955,0.000535193,0.00126351,0.0002502,-0.00116804,5.47585e-05,0.000889756,0.0249865,0.000302521,-7.02041e-06,1.80116e-05,1.24223e-05,-2.04894e-06,0.000216975,-7.00135e-05,0.0465916,
0.00222115,-0.000167178,0.000930733,-3.26105e-05,-0.000598691,0.00124303,-0.000230608,-0.00022831,0.000617908,-5.99803e-05,-3.58798e-05,0.00132963,0.000346251,-0.000231042,0.000743072,-0.000293769,0.00403423,1.45708e-05,-0.00227946,-0.000876782,9.92024e-05,0.000296375,0.000112248,-0.000788855,0.000114071,0.000109782,-0.000454845,0.000798268,-0.000450005,0.00140859,-0.00260571,4.51479e-05,0.0269178,0.000677585,0.000533514,0.00125417,0.00025665,-0.00119444,5.4335e-05,0.0009099,0.0250039,0.000301747,-7.71519e-06,1.8033e-05,1.13861e-05,-2.04621e-06,0.000215599,-7.03312e-05,0.0465915,
0.00224983,-0.000176899,0.000942068,-3.24549e-05,-0.000613066,0.00122732,-0.00023129,-0.000239333,0.000619749,-7.37985e-05,-3.57901e-05,0.00133943,0.000346757,-0.000231671,0.000758727,-0.000304513,0.00400775,1.48321e-05,-0.00227137,-0.000906712,0.000100732,0.000300617,0.000112631,-0.000780134,0.000113779,0.000101332,-0.000437119,0.00080033,-0.000465505,0.00141576,-0.0025925,4.49096e-05,0.0269184,0.000708018,0.000531863,0.0012452,0.000262672,-0.0012197,5.39588e-05,0.000928608,0.0250203,0.000301065,-8.40155e-06,1.80548e-05,1.0421e-05,-2.04462e-06,0.000214145,-7.06288e-05,0.0465913,
0.00227771,-0.000186162,0.000951812,-3.23107e-05,-0.000626341,0.00121212,-0.000231907,-0.000250038,0.000621602,-8.64249e-05,-3.57155e-05,0.00134844,0.000347169,-0.000232279,0.00077258,-0.000314367,0.00398216,1.50852e-05,-0.00226354,-0.000934864,0.000102227,0.000305182,0.000112896,-0.000772263,0.000113532,9.33715e-05,-0.000420387,0.000802288,-0.000479586,0.00142227,-0.00258007,4.47095e-05,0.0269186,0.000736247,0.000530254,0.00123664,0.000268248,-0.00124378,5.36267e-05,0.000945901,0.0250358,0.000300483,-9.07378e-06,1.80763e-05,9.52924e-06,-2.04404e-06,0.000212628,-7.09082e-05,0.0465911,
0.00230469,-0.00019493,0.00096009,-3.2177e-05,-0.000638577,0.00119752,-0.000232468,-0.000260359,0.000623435,-9.78691e-05,-3.56539e-05,0.00135664,0.00034746,-0.000232871,0.000784731,-0.000323347,0.00395763,1.53291e-05,-0.00225608,-0.000961213,0.000103684,0.000309998,0.000113064,-0.000765272,0.000113323,8.59817e-05,-0.00040465,0.00080416,-0.000492313,0.00142813,-0.00256851,4.45435e-05,0.0269186,0.000762285,0.0005287,0.00122852,0.000273362,-0.00126665,5.33353e-05,0.000961806,0.0250501,0.000300006,-9.72678e-06,1.80967e-05,8.71174e-06,-2.04433e-06,0.00021106,-7.11714e-05,0.046591,
0.00233065,-0.000203174,0.000967026,-3.2053e-05,-0.000649833,0.00118357,-0.00023298,-0.000270239,0.000625218,-0.000108153,-3.56036e-05,0.00136403,0.000347607,-0.000233448,0.00079529,-0.000331475,0.00393432,1.55627e-05,-0.00224906,-0.000985747,0.0001051,0.000315001,0.000113156,-0.000759171,0.000113147,7.92275e-05,-0.000389899,0.000805962,-0.000503757,0.00143337,-0.00255792,4.44081e-05,0.0269185,0.000786158,0.000527211,0.00122089,0.000278005,-0.00128827,5.30816e-05,0.000976355,0.0250634,0.000299639,-1.03562e-05,1.81154e-05,7.96843e-06,-2.04537e-06,0.000209454,-7.14204e-05,0.0465908,
0.0023677,-0.000199729,0.000960808,-6.2651e-05,-0.000671925,0.0011517,-0.000224846,-0.00026607,0.000639334,-0.000130604,-6.9761e-05,0.00135753,0.000326845,-0.000224437,0.00079835,-0.000344289,0.00391823,3.09651e-05,-0.00223676,-0.000999262,0.00010222,0.00027704,7.37629e-05,-0.000711717,0.000221663,0.000114739,-0.000310205,0.00077727,-0.000530885,0.00142256,-0.0025318,8.69e-05,0.0269347,0.000833748,0.000513863,0.00119363,0.000263726,-0.00128888,0.000103696,0.00100904,0.0251064,0.000285144,-1.01776e-05,1.88459e-05,6.53311e-06,-4.01555e-06,0.000207067,-7.28512e-05,0.0465912,
0.00272563,9.83125e-05,0.000637815,-0.000903252,-0.00100417,0.000634079,1.0777e-05,9.83125e-05,0.00098145,-0.000504091,-0.00100812,0.00100269,-0.000237608,3.84994e-05,0.000637815,-0.000504091,0.00406259,0.000453838,-0.00206865,-0.000765888,-1.51502e-05,-0.000903252,-0.00100812,0.000453838,0.00320275,0.0012547,0.00149473,-5.81516e-05,-0.00100417,0.00100269,-0.00206865,0.0012547,0.0273834,0.00155515,0.000184526,0.000634079,-0.000237608,-0.000765888,0.00149473,0.00155515,0.0259536,-0.000105624,1.0777e-05,3.84993e-05,-1.51502e-05,-5.81515e-05,0.000184526,-0.000105624,0.0466063,
0.00274638,9.34692e-05,0.000637585,-0.000901792,-0.00100909,0.000631992,1.04079e-05,9.34692e-05,0.000981752,-0.00050903,-0.00100715,0.00100262,-0.000237887,3.8467e-05,0.000637585,-0.00050903,0.00405319,0.000458361,-0.00206568,-0.000778496,-1.57747e-05,-0.000901792,-0.00100715,0.000458361,0.00320009,0.00125618,0.00149394,-5.83774e-05,-0.00100909,0.00100262,-0.00206568,0.00125618,0.0273892,0.00156102,0.000180353,0.000631992,-0.000237887,-0.000778496,0.00149394,0.00156102,0.0259556,-0.000105898,1.04079e-05,3.8467e-05,-1.57747e-05,-5.83775e-05,0.000180353,-0.000105898,0.0466062,
0.00276525,8.95066e-05,0.000636524,-0.000900288,-0.00101356,0.000630169,1.01103e-05,8.95066e-05,0.000981925,-0.000512774,-0.00100628,0.00100215,-0.000238624,3.84395e-05,0.000636524,-0.000512774,0.00404579,0.000462249,-0.00206373,-0.000788667,-1.62726e-05,-0.000900288,-0.00100628,0.000462248,0.00319749,0.00125763,0.00149366,-5.8572e-05,-0.00101356,0.00100215,-0.00206373,0.00125763,0.0273946,0.00156535,0.000176785,0.000630169,-0.000238624,-0.000788667,0.00149366,0.00156535,0.0259566,-0.000106165,1.01103e-05,3.84395e-05,-1.62726e-05,-5.8572e-05,0.000176785,-0.000106165,0.0466061,
0.00278251,8.6042e-05,0.000635248,-0.00089873,-0.00101799,0.000628146,9.87256e-06,8.6042e-05,0.000982101,-0.000515852,-0.00100557,0.0010018,-0.000239238,3.84247e-05,0.000635248,-0.000515852,0.00403937,0.000465724,-0.00206211,-0.000797294,-1.66617e-05,-0.00089873,-0.00100557,0.000465724,0.00319512,0.0012588,0.00149344,-5.87245e-05,-0.00101799,0.0010018,-0.00206211,0.0012588,0.0273991,0.0015689,0.000174018,0.000628146,-0.000239238,-0.000797294,0.00149344,0.0015689,0.0259566,-0.000106384,9.87258e-06,3.84246e-05,-1.66617e-05,-5.87245e-05,0.000174018,-0.000106384,0.046606,
0.00279832,8.29551e-05,0.000633899,-0.000897166,-0.00102231,0.000625958,9.68278e-06,8.29551e-05,0.000982283,-0.000518459,-0.00100497,0.00100158,-0.0002397,3.84204e-05,0.000633899,-0.000518459,0.00403367,0.000468864,-0.00206072,-0.000804753,-1.69672e-05,-0.000897166,-0.00100497,0.000468864,0.00319297,0.00125974,0.00149319,-5.88431e-05,-0.00102231,0.00100158,-0.00206072,0.00125974,0.0274028,0.0015719,0.000171895,0.000625958,-0.0002397,-0.000804753,0.00149319,0.0015719,0.0259559,-0.000106562,9.6828e-06,3.84204e-05,-1.69672e-05,-5.88431e-05,0.000171895,-0.000106562,0.0466059,
0.0028128,8.01784e-05,0.000632535,-0.000895634,-0.00102644,0.000623687,9.52968e-06,8.01784e-05,0.000982466,-0.000520708,-0.00100445,0.00100145,-0.000240042,3.84244e-05,0.000632535,-0.000520708,0.00402856,0.000471715,-0.0020595,-0.000811284,-1.72102e-05,-0.000895634,-0.00100445,0.000471715,0.00319103,0.00126051,0.00149289,-5.89361e-05,-0.00102644,0.00100145,-0.0020595,0.00126051,0.0274057,0.00157447,0.000170249,0.000623687,-0.000240042,-0.000811284,0.00149289,0.00157447,0.0259548,-0.000106709,9.52968e-06,3.84244e-05,-1.72102e-05,-5.89361e-05,0.000170249,-0.000106709,0.0466058,
0.00282606,7.76635e-05,0.000631192,-0.000894159,-0.00103033,0.000621399,9.4039e-06,7.76636e-05,0.000982646,-0.000522677,-0.001004,0.00100138,-0.000240297,3.84344e-05,0.000631192,-0.000522677,0.00402393,0.000474313,-0.00205842,-0.000817063,-1.74071e-05,-0.000894159,-0.001004,0.000474313,0.00318926,0.00126116,0.00149256,-5.90102e-05,-0.00103033,0.00100138,-0.00205842,0.00126116,0.0274081,0.0015767,0.000168948,0.000621399,-0.000240297,-0.000817063,0.00149256,0.0015767,0.0259533,-0.000106836,9.40389e-06,3.84344e-05,-1.74071e-05,-5.90102e-05,0.000168948,-0.000106836,0.0466058,
0.00283822,7.53732e-05,0.000629889,-0.000892754,-0.00103396,0.000619141,9.29816e-06,7.53732e-05,0.00098282,-0.000524423,-0.00100361,0.00100136,-0.000240485,3.8449e-05,0.000629889,-0.000524423,0.00401973,0.000476687,-0.00205747,-0.000822221,-1.75698e-05,-0.000892754,-0.00100361,0.000476687,0.00318766,0.00126172,0.00149219,-5.907e-05,-0.00103396,0.00100136,-0.00205747,0.00126172,0.0274101,0.00157866,0.000167892,0.000619141,-0.000240485,-0.000822221,0.00149219,0.00157866,0.0259517,-0.000106949,9.29816e-06,3.8449e-05,-1.75698e-05,-5.907e-05,0.000167892,-0.000106949,0.0466057,
0.00284937,7.32776e-05,0.00062864,-0.000891427,-0.00103734,0.000616944,9.20703e-06,7.32777e-05,0.000982985,-0.000525987,-0.00100325,0.00100136,-0.000240625,3.84671e-05,0.00062864,-0.000525987,0.0040159,0.000478861,-0.00205662,-0.000826861,-1.77072e-05,-0.000891427,-0.00100325,0.000478861,0.00318619,0.00126221,0.0014918,-5.9119e-05,-0.00103734,0.00100136,-0.00205662,0.00126221,0.0274118,0.0015804,0.000167011,0.000616944,-0.000240625,-0.000826861,0.0014918,0.0015804,0.0259499,-0.000107056,9.20703e-06,3.84671e-05,-1.77072e-05,-5.9119e-05,0.000167011,-0.000107056,0.0466056,
0.0028596,7.1353e-05,0.000627452,-0.000890181,-0.00104046,0.000614826,9.12653e-06,7.1353e-05,0.000983141,-0.000527401,-0.00100293,0.00100139,-0.000240727,3.8488e-05,0.000627452,-0.000527401,0.00401239,0.000480856,-0.00205586,-0.000831061,-1.78254e-05,-0.000890181,-0.00100293,0.000480856,0.00318485,0.00126264,0.00149139,-5.91597e-05,-0.00104046,0.00100139,-0.00205586,0.00126264,0.0274131,0.00158196,0.000166254,0.000614826,-0.000240727,-0.000831061,0.00149139,0.00158196,0.0259482,-0.000107158,9.12653e-06,3.8488e-05,-1.78254e-05,-5.91597e-05,0.000166254,-0.000107158,0.0466055,
0.00286901,6.95792e-05,0.000626327,-0.000889016,-0.00104333,0.000612798,9.05376e-06,6.95792e-05,0.000983288,-0.000528689,-0.00100263,0.00100143,-0.000240801,3.85111e-05,0.000626327,-0.000528689,0.00400916,0.000482692,-0.00205517,-0.000834882,-1.79292e-05,-0.000889016,-0.00100263,0.000482692,0.00318361,0.00126303,0.00149097,-5.91939e-05,-0.00104333,0.00100143,-0.00205517,0.00126303,0.0274143,0.00158336,0.000165585,0.000612798,-0.000240801,-0.000834882,0.00149097,0.00158336,0.0259465,-0.000107258,9.05376e-06,3.8511e-05,-1.79292e-05,-5.91939e-05,0.000165585,-0.000107258,0.0466054,
0.00287766,6.79396e-05,0.000625268,-0.000887929,-0.00104598,0.000610865,8.98666e-06,6.79396e-05,0.000983426,-0.00052987,-0.00100236,0.00100147,-0.000240852,3.85359e-05,0.000625268,-0.00052987,0.00400618,0.000484384,-0.00205454,-0.000838376,-1.80218e-05,-0.000887929,-0.00100236,0.000484384,0.00318248,0.00126339,0.00149054,-5.92231e-05,-0.00104598,0.00100147,-0.00205454,0.00126339,0.0274153,0.00158464,0.000164979,0.000610865,-0.000240852,-0.000838376,0.00149054,0.00158464,0.0259448,-0.000107358,8.98666e-06,3.85359e-05,-1.80218e-05,-5.92231e-05,0.000164979,-0.000107358,0.0466054,
0.00288563,6.64199e-05,0.000624272,-0.000886917,-0.00104842,0.000609026,8.92372e-06,6.642e-05,0.000983555,-0.000530958,-0.0010021,0.00100152,-0.000240886,3.85623e-05,0.000624272,-0.000530958,0.00400342,0.000485947,-0.00205397,-0.000841583,-1.81057e-05,-0.000886917,-0.0010021,0.000485947,0.00318144,0.00126372,0.00149011,-5.92481e-05,-0.00104842,0.00100152,-0.00205397,0.00126372,0.0274162,0.0015858,0.000164418,0.000609026,-0.000240886,-0.000841583,0.00149011,0.0015858,0.0259432,-0.000107459,8.92372e-06,3.85623e-05,-1.81057e-05,-5.92481e-05,0.000164418,-0.000107459,0.0466053,
0.00289299,6.50077e-05,0.000623337,-0.000885976,-0.00105066,0.000607279,8.86389e-06,6.50077e-05,0.000983676,-0.000531967,-0.00100186,0.00100158,-0.000240906,3.859e-05,0.000623337,-0.000531967,0.00400087,0.000487395,-0.00205345,-0.000844537,-1.81826e-05,-0.000885976,-0.00100186,0.000487395,0.00318048,0.00126402,0.00148968,-5.92697e-05,-0.00105066,0.00100158,-0.00205345,0.00126402,0.0274169,0.00158687,0.000163888,0.000607279,-0.000240906,-0.000844537,0.00148968,0.00158687,0.0259417,-0.000107562,8.86389e-06,3.859e-05,-1.81826e-05,-5.92697e-05,0.000163888,-0.000107562,0.0466052,
0.00289979,6.36921e-05,0.000622461,-0.000885102,-0.00105272,0.000605622,8.80638e-06,6.36921e-05,0.000983789,-0.000532905,-0.00100164,0.00100163,-0.000240914,3.86189e-05,0.000622461,-0.000532905,0.00399849,0.000488737,-0.00205297,-0.000847268,-1.82538e-05,-0.000885102,-0.00100164,0.000488737,0.0031796,0.00126431,0.00148925,-5.92885e-05,-0.00105272,0.00100163,-0.00205297,0.00126431,0.0274176,0.00158785,0.000163382,0.000605622,-0.000240914,-0.000847268,0.00148925,0.00158785,0.0259402,-0.000107667,8.80638e-06,3.86189e-05,-1.82538e-05,-5.92885e-05,0.000163382,-0.000107667,0.046605,
0.00290608,6.24634e-05,0.000621641,-0.00088429,-0.00105462,0.000604048,8.75063e-06,6.24634e-05,0.000983895,-0.000533782,-0.00100143,0.00100169,-0.000240913,3.86487e-05,0.000621641,-0.000533782,0.00399628,0.000489985,-0.00205253,-0.0008498,-1.83204e-05,-0.00088429,-0.00100143,0.000489985,0.00317878,0.00126458,0.00148881,-5.9305e-05,-0.00105462,0.00100169,-0.00205253,0.00126458,0.0274181,0.00158875,0.000162892,0.000604048,-0.000240913,-0.0008498,0.00148881,0.00158875,0.0259388,-0.000107775,8.75063e-06,3.86487e-05,-1.83204e-05,-5.9305e-05,0.000162892,-0.000107775,0.0466049,
0.00291192,6.13132e-05,0.000620872,-0.000883536,-0.00105637,0.000602553,8.69623e-06,6.13132e-05,0.000983994,-0.000534604,-0.00100123,0.00100174,-0.000240904,3.86795e-05,0.000620872,-0.000534604,0.00399421,0.000491148,-0.00205212,-0.000852155,-1.83832e-05,-0.000883536,-0.00100123,0.000491148,0.00317801,0.00126483,0.00148838,-5.93195e-05,-0.00105637,0.00100174,-0.00205212,0.00126483,0.0274186,0.00158959,0.000162413,0.000602553,-0.000240904,-0.000852155,0.00148838,0.00158959,0.0259375,-0.000107884,8.69623e-06,3.86795e-05,-1.83832e-05,-5.93195e-05,0.000162413,-0.000107884,0.0466048,
0.00291735,6.02337e-05,0.000620152,-0.000882834,-0.00105798,0.000601131,8.64287e-06,6.02337e-05,0.000984087,-0.000535379,-0.00100103,0.0010018,-0.000240889,3.87111e-05,0.000620152,-0.000535379,0.00399227,0.000492234,-0.00205175,-0.000854351,-1.84427e-05,-0.000882834,-0.00100103,0.000492234,0.00317731,0.00126507,0.00148795,-5.93322e-05,-0.00105798,0.0010018,-0.00205175,0.00126507,0.0274191,0.00159037,0.000161943,0.000601131,-0.000240889,-0.000854351,0.00148795,0.00159037,0.0259362,-0.000107997,8.64287e-06,3.87111e-05,-1.84427e-05,-5.93322e-05,0.000161943,-0.000107997,0.0466047,
0.0029224,5.9218e-05,0.000619476,-0.000882181,-0.00105947,0.000599777,8.59031e-06,5.9218e-05,0.000984174,-0.000536109,-0.00100085,0.00100185,-0.000240868,3.87435e-05,0.000619476,-0.000536109,0.00399045,0.000493251,-0.0020514,-0.000856405,-1.84995e-05,-0.000882181,-0.00100085,0.000493251,0.00317664,0.0012653,0.00148752,-5.93434e-05,-0.00105947,0.00100185,-0.0020514,0.0012653,0.0274194,0.00159109,0.00016148,0.000599777,-0.000240868,-0.000856405,0.00148752,0.00159109,0.025935,-0.000108111,8.59031e-06,3.87435e-05,-1.84995e-05,-5.93434e-05,0.00016148,-0.000108111,0.0466046,
0.00292712,5.826e-05,0.000618842,-0.000881573,-0.00106084,0.000598485,8.53838e-06,5.826e-05,0.000984256,-0.000536802,-0.00100068,0.0010019,-0.000240842,3.87766e-05,0.000618842,-0.000536802,0.00398873,0.000494206,-0.00205108,-0.000858332,-1.85539e-05,-0.000881573,-0.00100068,0.000494206,0.00317603,0.00126552,0.00148709,-5.93533e-05,-0.00106084,0.0010019,-0.00205108,0.00126552,0.0274197,0.00159177,0.00016102,0.000598485,-0.000240842,-0.000858332,0.00148709,0.00159177,0.0259338,-0.000108229,8.53838e-06,3.87766e-05,-1.85539e-05,-5.93533e-05,0.00016102,-0.000108229,0.0466045,
0.00293154,5.7354e-05,0.000618246,-0.000881006,-0.00106212,0.00059725,8.48694e-06,5.73541e-05,0.000984333,-0.00053746,-0.00100051,0.00100195,-0.000240812,3.88103e-05,0.000618246,-0.00053746,0.00398711,0.000495105,-0.00205078,-0.000860144,-1.86062e-05,-0.000881006,-0.00100051,0.000495105,0.00317545,0.00126574,0.00148666,-5.9362e-05,-0.00106212,0.00100195,-0.00205078,0.00126574,0.02742,0.0015924,0.000160563,0.00059725,-0.000240812,-0.000860144,0.00148666,0.0015924,0.0259328,-0.000108348,8.48694e-06,3.88103e-05,-1.86062e-05,-5.9362e-05,0.000160563,-0.000108348,0.0466043,
0.00293569,5.64951e-05,0.000617684,-0.000880475,-0.0010633,0.000596068,8.43588e-06,5.64951e-05,0.000984406,-0.000538088,-0.00100034,0.001002,-0.000240779,3.88446e-05,0.000617684,-0.000538088,0.00398557,0.000495953,-0.0020505,-0.000861854,-1.86568e-05,-0.000880475,-0.00100034,0.000495953,0.0031749,0.00126594,0.00148624,-5.93697e-05,-0.0010633,0.001002,-0.0020505,0.00126594,0.0274202,0.00159299,0.000160107,0.000596068,-0.000240779,-0.000861854,0.00148624,0.00159299,0.0259317,-0.00010847,8.43588e-06,3.88446e-05,-1.86568e-05,-5.93697e-05,0.000160107,-0.00010847,0.0466042,
0.00293959,5.56785e-05,0.000617155,-0.000879979,-0.0010644,0.000594933,8.38511e-06,5.56785e-05,0.000984475,-0.000538688,-0.00100019,0.00100205,-0.000240742,3.88795e-05,0.000617155,-0.000538688,0.00398411,0.000496755,-0.00205024,-0.000863471,-1.87059e-05,-0.000879979,-0.00100019,0.000496755,0.00317439,0.00126614,0.00148581,-5.93765e-05,-0.0010644,0.00100205,-0.00205024,0.00126614,0.0274204,0.00159355,0.000159653,0.000594933,-0.000240742,-0.000863471,0.00148581,0.00159355,0.0259307,-0.000108593,8.38511e-06,3.88795e-05,-1.87059e-05,-5.93765e-05,0.000159653,-0.000108593,0.046604,
0.00294326,5.49002e-05,0.000616655,-0.000879513,-0.00106543,0.000593842,8.33456e-06,5.49002e-05,0.00098454,-0.000539263,-0.00100003,0.0010021,-0.000240703,3.89149e-05,0.000616655,-0.000539263,0.00398272,0.000497516,-0.00204999,-0.000865004,-1.87536e-05,-0.000879513,-0.00100003,0.000497516,0.00317391,0.00126634,0.00148539,-5.93825e-05,-0.00106543,0.0010021,-0.00204999,0.00126634,0.0274206,0.00159408,0.000159199,0.000593842,-0.000240703,-0.000865004,0.00148539,0.00159408,0.0259297,-0.000108719,8.33456e-06,3.89149e-05,-1.87536e-05,-5.93824e-05,0.000159199,-0.000108719,0.0466039,
0.00294674,5.41564e-05,0.000616181,-0.000879075,-0.00106638,0.00059279,8.28418e-06,5.41564e-05,0.000984602,-0.000539816,-0.000999886,0.00100215,-0.000240661,3.89508e-05,0.000616181,-0.000539816,0.0039814,0.00049824,-0.00204977,-0.000866463,-1.88001e-05,-0.000879075,-0.000999886,0.00049824,0.00317345,0.00126653,0.00148496,-5.93877e-05,-0.00106638,0.00100215,-0.00204977,0.00126653,0.0274207,0.00159457,0.000158744,0.00059279,-0.000240661,-0.000866463,0.00148496,0.00159457,0.0259288,-0.000108847,8.28418e-06,3.89508e-05,-1.88001e-05,-5.93877e-05,0.000158744,-0.000108847,0.0466038,
0.00295004,5.34437e-05,0.000615731,-0.000878663,-0.00106728,0.000591774,8.23391e-06,5.34437e-05,0.000984662,-0.000540349,-0.000999741,0.00100219,-0.000240617,3.89871e-05,0.000615731,-0.000540349,0.00398013,0.000498931,-0.00204955,-0.000867855,-1.88456e-05,-0.000878663,-0.000999741,0.000498931,0.00317301,0.00126672,0.00148454,-5.93923e-05,-0.00106728,0.00100219,-0.00204955,0.00126672,0.0274208,0.00159505,0.00015829,0.000591774,-0.000240617,-0.000867855,0.00148454,0.00159505,0.0259279,-0.000108976,8.23391e-06,3.89871e-05,-1.88456e-05,-5.93923e-05,0.00015829,-0.000108976,0.0466036,
0.00295317,5.2759e-05,0.000615303,-0.000878273,-0.00106812,0.00059079,8.18372e-06,5.2759e-05,0.000984718,-0.000540864,-0.000999599,0.00100224,-0.000240571,3.90239e-05,0.000615303,-0.000540864,0.00397891,0.000499591,-0.00204935,-0.000869186,-1.88902e-05,-0.000878273,-0.000999599,0.000499591,0.0031726,0.0012669,0.00148412,-5.93963e-05,-0.00106812,0.00100224,-0.00204935,0.0012669,0.0274209,0.00159549,0.000157834,0.00059079,-0.000240571,-0.000869186,0.00148412,0.00159549,0.0259271,-0.000109107,8.18372e-06,3.90239e-05,-1.88902e-05,-5.93963e-05,0.000157834,-0.000109107,0.0466035,
0.00295616,5.20995e-05,0.000614895,-0.000877905,-0.00106892,0.000589836,8.13358e-06,5.20995e-05,0.000984772,-0.000541364,-0.00099946,0.00100228,-0.000240523,3.9061e-05,0.000614895,-0.000541364,0.00397773,0.000500225,-0.00204916,-0.000870462,-1.8934e-05,-0.000877905,-0.00099946,0.000500225,0.0031722,0.00126708,0.0014837,-5.93999e-05,-0.00106892,0.00100228,-0.00204916,0.00126708,0.027421,0.00159592,0.000157378,0.000589836,-0.000240523,-0.000870462,0.0014837,0.00159592,0.0259262,-0.00010924,8.13358e-06,3.9061e-05,-1.8934e-05,-5.93999e-05,0.000157378,-0.00010924,0.0466033,
0.00295902,5.14628e-05,0.000614504,-0.000877555,-0.00106967,0.000588908,8.08346e-06,5.14628e-05,0.000984824,-0.000541848,-0.000999324,0.00100232,-0.000240474,3.90986e-05,0.000614504,-0.000541848,0.0039766,0.000500834,-0.00204898,-0.000871689,-1.89771e-05,-0.000877555,-0.000999324,0.000500834,0.00317182,0.00126725,0.00148328,-5.94029e-05,-0.00106967,0.00100232,-0.00204898,0.00126725,0.0274211,0.00159633,0.00015692,0.000588908,-0.000240474,-0.000871689,0.00148328,0.00159633,0.0259254,-0.000109374,8.08346e-06,3.90986e-05,-1.89771e-05,-5.94029e-05,0.00015692,-0.000109374,0.0466032,
0.00296175,5.08464e-05,0.00061413,-0.000877222,-0.00107037,0.000588003,8.03334e-06,5.08464e-05,0.000984874,-0.00054232,-0.000999191,0.00100236,-0.000240423,3.91364e-05,0.00061413,-0.00054232,0.0039755,0.000501421,-0.00204881,-0.000872873,-1.90195e-05,-0.000877222,-0.000999191,0.000501421,0.00317146,0.00126743,0.00148286,-5.94056e-05,-0.00107037,0.00100236,-0.00204881,0.00126743,0.0274211,0.00159672,0.000156462,0.000588003,-0.000240423,-0.000872873,0.00148286,0.00159672,0.0259246,-0.000109509,8.03334e-06,3.91364e-05,-1.90195e-05,-5.94056e-05,0.000156462,-0.000109509,0.046603,
0.00296439,5.02483e-05,0.00061377,-0.000876904,-0.00107105,0.000587121,7.9832e-06,5.02483e-05,0.000984922,-0.000542781,-0.000999059,0.0010024,-0.000240371,3.91746e-05,0.00061377,-0.000542781,0.00397444,0.000501989,-0.00204864,-0.000874016,-1.90614e-05,-0.000876904,-0.000999059,0.000501989,0.00317111,0.0012676,0.00148244,-5.94079e-05,-0.00107105,0.0010024,-0.00204864,0.0012676,0.0274211,0.0015971,0.000156002,0.000587121,-0.000240371,-0.000874016,0.00148244,0.0015971,0.0259238,-0.000109645,7.9832e-06,3.91746e-05,-1.90614e-05,-5.94079e-05,0.000156002,-0.000109645,0.0466029,
0.00296692,4.96668e-05,0.000613423,-0.0008766,-0.00107169,0.000586257,7.93303e-06,4.96668e-05,0.000984969,-0.000543231,-0.00099893,0.00100244,-0.000240318,3.92131e-05,0.000613423,-0.000543231,0.00397341,0.000502538,-0.00204849,-0.000875124,-1.91029e-05,-0.0008766,-0.00099893,0.000502538,0.00317077,0.00126777,0.00148202,-5.94098e-05,-0.00107169,0.00100244,-0.00204849,0.00126777,0.0274211,0.00159747,0.00015554,0.000586257,-0.000240318,-0.000875124,0.00148202,0.00159747,0.0259231,-0.000109783,7.93303e-06,3.92131e-05,-1.91029e-05,-5.94098e-05,0.00015554,-0.000109783,0.0466027,
0.00296937,4.90999e-05,0.000613088,-0.000876308,-0.0010723,0.000585411,7.88281e-06,4.90999e-05,0.000985015,-0.000543672,-0.000998802,0.00100248,-0.000240264,3.92519e-05,0.000613088,-0.000543672,0.0039724,0.000503072,-0.00204834,-0.0008762,-1.91439e-05,-0.000876308,-0.000998802,0.000503072,0.00317044,0.00126794,0.0014816,-5.94115e-05,-0.0010723,0.00100248,-0.00204834,0.00126794,0.0274211,0.00159782,0.000155078,0.000585411,-0.000240264,-0.0008762,0.0014816,0.00159782,0.0259224,-0.000109922,7.88281e-06,3.92519e-05,-1.91439e-05,-5.94115e-05,0.000155078,-0.000109922,0.0466025,
0.00297175,4.85463e-05,0.000612764,-0.000876027,-0.00107288,0.00058458,7.83254e-06,4.85463e-05,0.000985059,-0.000544104,-0.000998676,0.00100252,-0.000240208,3.9291e-05,0.000612764,-0.000544104,0.00397142,0.000503592,-0.00204819,-0.000877247,-1.91845e-05,-0.000876027,-0.000998676,0.000503592,0.00317013,0.0012681,0.00148118,-5.94128e-05,-0.00107288,0.00100252,-0.00204819,0.0012681,0.0274211,0.00159816,0.000154614,0.00058458,-0.000240208,-0.000877247,0.00148118,0.00159816,0.0259216,-0.000110062,7.83254e-06,3.9291e-05,-1.91845e-05,-5.94128e-05,0.000154614,-0.000110062,0.0466024,
0.00297405,4.80046e-05,0.000612449,-0.000875756,-0.00107344,0.000583764,7.7822e-06,4.80046e-05,0.000985102,-0.000544529,-0.000998551,0.00100256,-0.000240152,3.93303e-05,0.000612449,-0.000544529,0.00397046,0.000504099,-0.00204806,-0.000878269,-1.92248e-05,-0.000875756,-0.000998551,0.000504099,0.00316982,0.00126827,0.00148076,-5.9414e-05,-0.00107344,0.00100256,-0.00204806,0.00126827,0.0274211,0.00159849,0.000154148,0.000583764,-0.000240152,-0.000878269,0.00148076,0.00159849,0.0259209,-0.000110203,7.7822e-06,3.93303e-05,-1.92248e-05,-5.9414e-05,0.000154148,-0.000110203,0.0466022,
0.00297629,4.74734e-05,0.000612142,-0.000875494,-0.00107398,0.000582959,7.7318e-06,4.74734e-05,0.000985144,-0.000544947,-0.000998427,0.0010026,-0.000240095,3.93698e-05,0.000612142,-0.000544947,0.00396952,0.000504595,-0.00204792,-0.000879267,-1.92649e-05,-0.000875494,-0.000998427,0.000504595,0.00316952,0.00126843,0.00148034,-5.9415e-05,-0.00107398,0.0010026,-0.00204792,0.00126843,0.0274211,0.00159881,0.000153682,0.000582959,-0.000240095,-0.000879267,0.00148034,0.00159881,0.0259202,-0.000110345,7.7318e-06,3.93698e-05,-1.92649e-05,-5.94149e-05,0.000153682,-0.000110345,0.046602,
0.00297848,4.69516e-05,0.000611842,-0.00087524,-0.0010745,0.000582166,7.68132e-06,4.69517e-05,0.000985185,-0.000545359,-0.000998305,0.00100264,-0.000240037,3.94096e-05,0.000611842,-0.000545359,0.00396859,0.00050508,-0.00204779,-0.000880245,-1.93046e-05,-0.00087524,-0.000998305,0.00050508,0.00316922,0.00126859,0.00147992,-5.94157e-05,-0.0010745,0.00100264,-0.00204779,0.00126859,0.027421,0.00159912,0.000153213,0.000582166,-0.000240037,-0.000880245,0.00147992,0.00159912,0.0259195,-0.000110488,7.68132e-06,3.94096e-05,-1.93047e-05,-5.94157e-05,0.000153213,-0.000110488,0.0466019,
0.00298061,4.64383e-05,0.000611549,-0.000874993,-0.00107501,0.000581383,7.63077e-06,4.64383e-05,0.000985226,-0.000545766,-0.000998183,0.00100268,-0.000239978,3.94495e-05,0.000611549,-0.000545766,0.00396768,0.000505556,-0.00204767,-0.000881204,-1.93442e-05,-0.000874993,-0.000998183,0.000505556,0.00316894,0.00126875,0.0014795,-5.94163e-05,-0.00107501,0.00100268,-0.00204767,0.00126875,0.027421,0.00159943,0.000152744,0.000581383,-0.000239978,-0.000881204,0.0014795,0.00159943,0.0259189,-0.000110631,7.63077e-06,3.94495e-05,-1.93442e-05,-5.94163e-05,0.000152744,-0.000110631,0.0466017,
0.0029827,4.59325e-05,0.000611262,-0.000874752,-0.00107549,0.000580608,7.58015e-06,4.59325e-05,0.000985266,-0.000546168,-0.000998062,0.00100271,-0.000239918,3.94897e-05,0.000611262,-0.000546168,0.00396679,0.000506024,-0.00204755,-0.000882146,-1.93836e-05,-0.000874752,-0.000998062,0.000506024,0.00316865,0.00126891,0.00147908,-5.94167e-05,-0.00107549,0.00100271,-0.00204755,0.00126891,0.0274209,0.00159973,0.000152273,0.000580608,-0.000239918,-0.000882146,0.00147908,0.00159973,0.0259182,-0.000110775,7.58015e-06,3.94897e-05,-1.93836e-05,-5.94167e-05,0.000152273,-0.000110775,0.0466015,
0.00298475,4.54332e-05,0.000610979,-0.000874517,-0.00107597,0.00057984,7.52944e-06,4.54332e-05,0.000985305,-0.000546565,-0.000997942,0.00100275,-0.000239858,3.953e-05,0.000610979,-0.000546565,0.0039659,0.000506485,-0.00204743,-0.000883074,-1.94227e-05,-0.000874517,-0.000997942,0.000506485,0.00316838,0.00126907,0.00147866,-5.9417e-05,-0.00107597,0.00100275,-0.00204743,0.00126907,0.0274209,0.00160003,0.000151801,0.00057984,-0.000239858,-0.000883074,0.00147866,0.00160003,0.0259175,-0.00011092,7.52944e-06,3.953e-05,-1.94227e-05,-5.9417e-05,0.000151801,-0.00011092,0.0466014,
0.00298677,4.49399e-05,0.000610701,-0.000874287,-0.00107643,0.00057908,7.47866e-06,4.49399e-05,0.000985344,-0.000546959,-0.000997823,0.00100279,-0.000239797,3.95706e-05,0.000610701,-0.000546959,0.00396503,0.000506939,-0.00204731,-0.000883988,-1.94618e-05,-0.000874287,-0.000997823,0.000506939,0.0031681,0.00126923,0.00147824,-5.94172e-05,-0.00107643,0.00100279,-0.00204731,0.00126923,0.0274208,0.00160032,0.000151328,0.00057908,-0.000239797,-0.000883988,0.00147824,0.00160032,0.0259169,-0.000111066,7.47866e-06,3.95706e-05,-1.94618e-05,-5.94172e-05,0.000151328,-0.000111066,0.0466012,
0.00298875,4.44517e-05,0.000610427,-0.000874061,-0.00107688,0.000578325,7.42779e-06,4.44517e-05,0.000985382,-0.000547349,-0.000997705,0.00100282,-0.000239735,3.96112e-05,0.000610427,-0.000547349,0.00396417,0.000507387,-0.0020472,-0.00088489,-1.95007e-05,-0.000874061,-0.000997705,0.000507387,0.00316784,0.00126939,0.00147782,-5.94173e-05,-0.00107688,0.00100282,-0.0020472,0.00126939,0.0274208,0.0016006,0.000150853,0.000578325,-0.000239735,-0.00088489,0.00147782,0.0016006,0.0259162,-0.000111212,7.42779e-06,3.96112e-05,-1.95007e-05,-5.94173e-05,0.000150853,-0.000111212,0.046601,
0.00299071,4.39681e-05,0.000610156,-0.000873838,-0.00107733,0.000577576,7.37685e-06,4.39681e-05,0.00098542,-0.000547736,-0.000997587,0.00100286,-0.000239673,3.96521e-05,0.000610156,-0.000547736,0.00396331,0.00050783,-0.00204709,-0.000885782,-1.95395e-05,-0.000873838,-0.000997587,0.00050783,0.00316757,0.00126954,0.0014774,-5.94173e-05,-0.00107733,0.00100286,-0.00204709,0.00126954,0.0274207,0.00160088,0.000150377,0.000577576,-0.000239673,-0.000885782,0.0014774,0.00160088,0.0259156,-0.000111358,7.37685e-06,3.96521e-05,-1.95395e-05,-5.94173e-05,0.000150377,-0.000111358,0.0466008,
