0.00197693,0.000124507,0.00119557,-7.35093e-05,-0.00128008,-0.00136017,-0.000628047,-6.30107e-05,0.000641175,0.000502444,-1.14815e-05,0.000563813,0.00102211,-0.000176901,-0.000217435,0.000271832,0.00455453,3.88599e-06,-0.00146987,0.000234644,-4.66227e-05,0.00175388,-6.21052e-05,-0.00262493,0.000131734,7.76934e-06,-0.000260606,0.000924703,-0.00113924,0.000559656,-0.0016744,1.0253e-05,0.0335291,0.00187953,-0.000787445,-0.0030781,0.00105508,0.00259581,-0.000118111,0.00189285,0.0265415,-0.000899342,-0.000198419,-9.32484e-05,5.53603e-05,-6.48706e-06,-0.000859798,-5.74315e-05,0.0466008,
0.00197116,0.000143522,0.0012105,-7.29197e-05,-0.00130247,-0.00138398,-0.000625393,-5.39082e-05,0.000645301,0.000539615,-1.1803e-05,0.000535447,0.00101069,-0.000180718,-0.000217813,0.000298013,0.00455418,3.84493e-06,-0.00147867,0.000203428,-4.49652e-05,0.00175838,-6.86731e-05,-0.00264861,0.000130486,2.41833e-05,-0.000250929,0.000921415,-0.00115689,0.000532477,-0.00167831,9.80029e-06,0.0335769,0.00189265,-0.000801846,-0.00309792,0.00104946,0.00258127,-0.000116782,0.00188985,0.0265495,-0.000894639,-0.000196927,-9.39958e-05,5.81023e-05,-6.4153e-06,-0.000872238,-5.76575e-05,0.0466014,
0.00196468,0.000164657,0.00122683,-7.2281e-05,-0.00132627,-0.00140943,-0.000622676,-4.38601e-05,0.0006507,0.000580603,-1.21461e-05,0.000505015,0.000997465,-0.00018484,-0.000218281,0.000326726,0.00455224,3.82719e-06,-0.00148823,0.000169527,-4.26661e-05,0.00176299,-7.63367e-05,-0.00267555,0.000129156,4.42411e-05,-0.000240546,0.000918404,-0.00117277,0.000503601,-0.00168491,9.4313e-06,0.0336203,0.0019077,-0.000814292,-0.003118,0.00104299,0.00256531,-0.000115306,0.00188577,0.0265583,-0.000889664,-0.000195382,-9.47174e-05,6.16714e-05,-6.35034e-06,-0.000883532,-5.79149e-05,0.0466017,
0.0019576,0.000187452,0.00124406,-7.16099e-05,-0.00135099,-0.001436,-0.000619882,-3.31219e-05,0.000657447,0.000624474,-1.25013e-05,0.000473139,0.000982591,-0.000189138,-0.000218907,0.000357259,0.00454844,3.83618e-06,-0.00149815,0.000133821,-3.97456e-05,0.00176749,-8.50355e-05,-0.00270523,0.000127782,6.79092e-05,-0.000229412,0.000915625,-0.00118633,0.000473692,-0.00169396,9.15309e-06,0.0336585,0.00192438,-0.000824507,-0.00313766,0.00103583,0.0025484,-0.000113728,0.00188037,0.0265677,-0.000884452,-0.000193824,-9.53708e-05,6.6023e-05,-6.2944e-06,-0.000893439,-5.82337e-05,0.0466018,
0.00195005,0.000211454,0.00126171,-7.09215e-05,-0.00137627,-0.00146326,-0.000616958,-2.19394e-05,0.000665553,0.00067032,-1.28605e-05,0.000440361,0.000966261,-0.000193492,-0.000219752,0.000388934,0.00454262,3.87317e-06,-0.00150807,9.71204e-05,-3.62555e-05,0.00177169,-9.46896e-05,-0.00273704,0.000126398,9.49911e-05,-0.000217443,0.00091296,-0.00119733,0.000443311,-0.00170508,8.96345e-06,0.0336909,0.00194236,-0.000832446,-0.00315638,0.00102811,0.00253096,-0.000112088,0.00187354,0.0265773,-0.000878994,-0.000192281,-9.59209e-05,7.10738e-05,-6.24844e-06,-0.000901884,-5.86426e-05,0.0466016,
0.00194216,0.000236227,0.00127928,-7.02298e-05,-0.00140174,-0.00149083,-0.000613843,-1.05379e-05,0.000674967,0.000717282,-1.32169e-05,0.000407159,0.000948689,-0.00019779,-0.000220857,0.000421126,0.00453472,3.9377e-06,-0.0015177,6.01435e-05,-3.22685e-05,0.00177545,-0.000105191,-0.0027703,0.000125032,0.000125114,-0.000204559,0.000910266,-0.00120571,0.000412935,-0.00171785,8.85538e-06,0.0337176,0.00196129,-0.0008382,-0.00317378,0.00101997,0.00251328,-0.000110427,0.00186528,0.0265867,-0.000873265,-0.000190773,-9.63407e-05,7.67159e-05,-6.21266e-06,-0.000908886,-5.91651e-05,0.0466013,
0.00193404,0.000261362,0.00129634,-6.95457e-05,-0.00142703,-0.00151839,-0.000610489,8.83897e-07,0.000685581,0.000764567,-1.35649e-05,0.000373965,0.000930106,-0.000201934,-0.000222245,0.000453282,0.0045248,4.02797e-06,-0.00152682,2.35081e-05,-2.78691e-05,0.00177866,-0.000116409,-0.00280425,0.000123707,0.000157743,-0.000190723,0.00090741,-0.00121154,0.000382963,-0.00173188,8.81945e-06,0.0337388,0.00198083,-0.000841937,-0.0031896,0.00101155,0.00249551,-0.000108776,0.00185572,0.0265958,-0.000867244,-0.000189313,-9.66124e-05,8.28267e-05,-6.18663e-06,-0.000914518,-5.98163e-05,0.0466009,
0.00192581,0.000286484,0.00131245,-6.88795e-05,-0.00145179,-0.00154566,-0.00060687,1.21561e-05,0.000697244,0.000811462,-1.39002e-05,0.000341166,0.00091076,-0.000205847,-0.000223915,0.000484924,0.004513,4.14128e-06,-0.00153526,-1.22717e-05,-2.31482e-05,0.00178125,-0.000128184,-0.00283814,0.000122441,0.000192209,-0.000175953,0.000904296,-0.00121497,0.000353727,-0.0017468,8.84573e-06,0.0337548,0.00200067,-0.000843862,-0.00320365,0.00100298,0.00247771,-0.000107164,0.00184515,0.0266042,-0.000860936,-0.00018791,-9.67273e-05,8.92768e-05,-6.16964e-06,-0.000918879,-6.06025e-05,0.0466003,
0.00191758,0.000311254,0.00132726,-6.82375e-05,-0.00147566,-0.00157239,-0.000602991,2.31386e-05,0.000709767,0.00085734,-1.42193e-05,0.000309114,0.000890906,-0.00020947,-0.000225851,0.000515656,0.00449954,4.27422e-06,-0.00154293,-4.67834e-05,-1.81977e-05,0.00178317,-0.000140339,-0.00287122,0.000121242,0.000227765,-0.000160345,0.000900874,-0.00121621,0.000325497,-0.0017623,8.92426e-06,0.0337661,0.00202052,-0.000844194,-0.00321586,0.000994342,0.00245983,-0.000105607,0.00183393,0.0266118,-0.000854369,-0.000186569,-9.6685e-05,9.59369e-05,-6.16061e-06,-0.000922077,-6.15208e-05,0.0465996,
0.00190942,0.000335374,0.0013405,-6.76266e-05,-0.00149831,-0.00159834,-0.000598883,3.37187e-05,0.00072294,0.000901671,-1.45202e-05,0.000278116,0.000870798,-0.000212766,-0.000228018,0.000545161,0.0044847,4.42315e-06,-0.00154981,-7.97095e-05,-1.31064e-05,0.00178443,-0.000152682,-0.00290283,0.000120123,0.000263643,-0.000144049,0.000897148,-0.00121551,0.000298487,-0.00177812,9.04619e-06,0.033773,0.00204013,-0.000843148,-0.0032262,0.000985733,0.00244181,-0.000104124,0.00182245,0.0266185,-0.000847606,-0.000185294,-9.64927e-05,0.000102683,-6.15857e-06,-0.000924226,-6.25602e-05,0.0465989,
0.00190142,0.000358592,0.00135198,-6.70506e-05,-0.00151948,-0.00162329,-0.000594606,4.38104e-05,0.000736544,0.000944025,-1.48015e-05,0.000248438,0.000850686,-0.000215716,-0.000230376,0.000573197,0.00446877,4.58427e-06,-0.00155589,-0.000110819,-7.95704e-06,0.00178503,-0.000165022,-0.00293239,0.000119086,0.000299114,-0.00012727,0.000893161,-0.00121311,0.000272862,-0.00179403,9.20343e-06,0.0337762,0.00205931,-0.000840929,-0.00323473,0.000977216,0.00242357,-0.000102724,0.00181113,0.0266242,-0.000840733,-0.000184087,-9.6163e-05,0.000109403,-6.16236e-06,-0.000925435,-6.37036e-05,0.0465982,
0.00189364,0.000380703,0.00136159,-6.65125e-05,-0.00153892,-0.00164708,-0.000590233,5.33506e-05,0.000750357,0.00098407,-1.50624e-05,0.000220295,0.000830804,-0.000218318,-0.000232875,0.000599594,0.00445209,4.75382e-06,-0.00156123,-0.000139959,-2.82412e-06,0.00178502,-0.000177176,-0.0029595,0.000118133,0.000333534,-0.000110242,0.000888992,-0.00120926,0.000248741,-0.00180986,9.38895e-06,0.0337761,0.00207788,-0.000837729,-0.00324151,0.000968846,0.00240508,-0.000101412,0.00180032,0.0266291,-0.000833849,-0.000182947,-9.57132e-05,0.000115998,-6.17094e-06,-0.000925808,-6.4929e-05,0.0465974,
0.00188612,0.000401549,0.00136932,-6.60143e-05,-0.00155652,-0.00166954,-0.000585846,6.22968e-05,0.000764172,0.00102157,-1.53027e-05,0.000193857,0.000811367,-0.000220583,-0.000235466,0.000624239,0.00443495,4.92834e-06,-0.00156588,-0.000167039,2.22717e-06,0.00178446,-0.000188978,-0.00298389,0.000117264,0.000366377,-9.32123e-05,0.000884736,-0.00120423,0.000226203,-0.00182548,9.59676e-06,0.033773,0.00209571,-0.000833721,-0.00324668,0.000960669,0.00238636,-0.000100193,0.0017903,0.0266331,-0.000827059,-0.000181875,-9.5163e-05,0.000122384,-6.18333e-06,-0.000925445,-6.62119e-05,0.0465966,
0.0018789,0.000421018,0.00137526,-6.55561e-05,-0.00157219,-0.00169057,-0.000581525,7.06236e-05,0.000777795,0.00105638,-1.55226e-05,0.000169242,0.000792567,-0.000222533,-0.000238098,0.000647074,0.00441767,5.10457e-06,-0.00156995,-0.000192026,7.14163e-06,0.00178339,-0.000200288,-0.00300542,0.000116478,0.00039725,-7.64182e-05,0.000880495,-0.00119823,0.000205294,-0.00184078,9.82158e-06,0.0337675,0.00211268,-0.000829059,-0.00325036,0.000952729,0.00236745,-9.90649e-05,0.00178126,0.0266364,-0.00082046,-0.00018087,-9.45332e-05,0.000128493,-6.19857e-06,-0.000924444,-6.75271e-05,0.0465959,
0.00187202,0.000439041,0.00137954,-6.51381e-05,-0.00158593,-0.00171008,-0.000577346,7.83206e-05,0.000791057,0.00108841,-1.57228e-05,0.000146523,0.000774565,-0.000224194,-0.000240723,0.000668082,0.00440053,5.27967e-06,-0.00157349,-0.000214928,1.18739e-05,0.0017819,-0.000210996,-0.0030241,0.000115769,0.000425887,-6.00788e-05,0.000876363,-0.00119148,0.000186031,-0.00185567,1.0059e-05,0.0337599,0.00212874,-0.000823884,-0.00325271,0.000945067,0.00234848,-9.80279e-05,0.00177334,0.026639,-0.000814138,-0.00017993,-9.38444e-05,0.000134277,-6.21586e-06,-0.000922896,-6.88499e-05,0.0465952,
0.0018655,0.000455587,0.00138233,-6.47593e-05,-0.00159781,-0.00172803,-0.000573372,8.53888e-05,0.000803811,0.00111767,-1.5904e-05,0.00012573,0.000757495,-0.000225595,-0.000243298,0.000687283,0.00438378,5.45116e-06,-0.00157661,-0.000235789,1.63879e-05,0.00178005,-0.000221019,-0.00304002,0.000115135,0.000452143,-4.43821e-05,0.000872426,-0.00118417,0.000168404,-0.00187012,1.03052e-05,0.0337505,0.00214382,-0.000818319,-0.00325387,0.000937721,0.00232957,-9.70786e-05,0.00176656,0.026641,-0.000808164,-0.000179053,-9.31165e-05,0.000139697,-6.23447e-06,-0.000920888,-7.01573e-05,0.0465945,
0.00185935,0.000470657,0.00138384,-6.44184e-05,-0.00160792,-0.00174441,-0.000569655,9.18387e-05,0.00081594,0.00114421,-1.6067e-05,0.000106857,0.00074146,-0.00022677,-0.000245784,0.00070472,0.00436761,5.61694e-06,-0.00157939,-0.000254678,2.06564e-05,0.0017779,-0.000230303,-0.00305336,0.000114571,0.000475968,-2.94813e-05,0.00086875,-0.00117648,0.000152385,-0.00188407,1.05568e-05,0.0337398,0.0021579,-0.000812474,-0.00325401,0.000930726,0.00231089,-9.62126e-05,0.00176091,0.0266426,-0.000802587,-0.000178237,-9.23675e-05,0.000144731,-6.25375e-06,-0.000918503,-7.14292e-05,0.0465938,
0.00185357,0.000484276,0.00138429,-6.41136e-05,-0.0016164,-0.00175923,-0.000566231,9.76883e-05,0.000827351,0.00116809,-1.6213e-05,8.98674e-05,0.000726534,-0.000227746,-0.000248151,0.000720461,0.0043522,5.77533e-06,-0.00158188,-0.000271683,2.46595e-05,0.00177552,-0.000238819,-0.00306434,0.00011407,0.000497388,-1.54956e-05,0.000865385,-0.00116856,0.000137928,-0.00189749,1.08111e-05,0.033728,0.00217097,-0.000806446,-0.00325325,0.000924117,0.00229259,-9.54254e-05,0.00175634,0.0266438,-0.000797442,-0.000177479,-9.16135e-05,0.000149366,-6.27316e-06,-0.000915817,-7.26482e-05,0.0465932,
0.00184818,0.000496494,0.00138389,-6.38427e-05,-0.00162339,-0.00177253,-0.000563126,0.000102961,0.000837976,0.00118945,-1.63428e-05,7.47003e-05,0.000712768,-0.000228554,-0.000250372,0.000734584,0.00433769,5.92497e-06,-0.00158416,-0.000286904,2.83844e-05,0.00177297,-0.000246559,-0.0030732,0.000113627,0.000516488,-2.50822e-06,0.000862364,-0.00116054,0.000124975,-0.00191037,1.10655e-05,0.0337154,0.00218303,-0.000800321,-0.00325175,0.000917921,0.00227483,-9.47117e-05,0.00175276,0.0266447,-0.000792745,-0.000176778,-9.08683e-05,0.000153599,-6.29223e-06,-0.000912902,-7.38003e-05,0.0465927,
0.00184316,0.000507372,0.00138284,-6.36036e-05,-0.00162906,-0.00178436,-0.000560351,0.000107684,0.000847769,0.00120842,-1.64576e-05,6.12772e-05,0.000700183,-0.000229218,-0.000252427,0.000747179,0.00432418,6.06487e-06,-0.00158628,-0.000300448,3.1824e-05,0.00177029,-0.000253532,-0.0030802,0.000113239,0.000533386,9.42846e-06,0.000859705,-0.00115253,0.000113458,-0.0019227,1.13178e-05,0.0337023,0.00219409,-0.000794174,-0.00324963,0.00091216,0.00225775,-9.40666e-05,0.00175007,0.0266453,-0.000788501,-0.00017613,-9.01435e-05,0.000157434,-6.3106e-06,-0.000909823,-7.48747e-05,0.0465921,
0.00183851,0.000516984,0.00138132,-6.33941e-05,-0.00163355,-0.00179481,-0.000557911,0.000111886,0.000856705,0.00122514,-1.65584e-05,4.95061e-05,0.000688783,-0.000229762,-0.000254303,0.00075834,0.00431174,6.19434e-06,-0.00158827,-0.000312426,3.49764e-05,0.00176753,-0.00025976,-0.00308557,0.000112898,0.000548227,2.02887e-05,0.000857411,-0.00114463,0.000103301,-0.00193446,1.15663e-05,0.0336888,0.00220418,-0.00078807,-0.00324701,0.000906851,0.00224146,-9.34848e-05,0.00174815,0.0266458,-0.000784702,-0.000175531,-8.94483e-05,0.00016088,-6.32795e-06,-0.00090664,-7.58635e-05,0.0465917,
0.00183422,0.000525407,0.00137948,-6.32117e-05,-0.00163701,-0.00180395,-0.000555801,0.0001156,0.000864778,0.00123978,-1.66464e-05,3.92865e-05,0.000678553,-0.000230205,-0.000255991,0.000768164,0.0043004,6.31295e-06,-0.00159016,-0.000322951,3.78436e-05,0.00176473,-0.000265274,-0.00308956,0.000112601,0.000561166,3.00702e-05,0.000855478,-0.0011369,9.44249e-05,-0.00194565,1.18094e-05,0.0336752,0.00221334,-0.000782067,-0.00324399,0.000902003,0.00222604,-9.29611e-05,0.0017469,0.0266461,-0.000781333,-0.00017498,-8.879e-05,0.00016395,-6.34405e-06,-0.000903404,-7.67616e-05,0.0465913,
0.00183028,0.000532727,0.00137747,-6.30544e-05,-0.00163959,-0.00181186,-0.000554008,0.000118858,0.000871994,0.00125249,-1.67224e-05,3.05126e-05,0.000669462,-0.000230565,-0.000257488,0.00077675,0.00429018,6.42052e-06,-0.00159199,-0.000332131,4.04311e-05,0.00176192,-0.000270113,-0.00309238,0.000112343,0.000572359,3.87893e-05,0.000853891,-0.00112943,8.67466e-05,-0.00195627,1.20456e-05,0.0336617,0.0022216,-0.000776211,-0.00324066,0.000897618,0.00221158,-9.2491e-05,0.00174622,0.0266463,-0.000778373,-0.000174473,-8.8174e-05,0.000166662,-6.35872e-06,-0.000900164,-7.75664e-05,0.0465909,
0.00182668,0.000539024,0.00137538,-6.29198e-05,-0.00164141,-0.00181864,-0.000552519,0.000121691,0.000878374,0.00126343,-1.67874e-05,2.30763e-05,0.000661468,-0.000230856,-0.000258793,0.000784192,0.00428107,6.51709e-06,-0.00159376,-0.000340076,4.27475e-05,0.00175912,-0.00027432,-0.0030942,0.000112119,0.000581963,4.64769e-05,0.000852632,-0.00112224,8.01819e-05,-0.00196632,1.2274e-05,0.0336483,0.002229,-0.000770545,-0.0032371,0.000893691,0.0021981,-9.20697e-05,0.00174602,0.0266464,-0.000775796,-0.000174007,-8.76039e-05,0.000169034,-6.37185e-06,-0.000896958,-7.82776e-05,0.0465906,
0.00347831,0.000567925,-0.000433893,-0.00119288,-0.00144459,-0.000817304,-5.37903e-06,0.000567925,0.000890262,0.000788111,-0.000319891,6.99634e-05,0.000924582,-8.46892e-05,-0.000433893,0.000788111,0.00446304,0.000125409,-0.0016163,-0.000452763,-1.25913e-05,-0.00119288,-0.000319891,0.000125409,0.00212585,0.000237289,-0.00174154,-0.00012124,-0.00144459,6.99634e-05,-0.0016163,0.000237289,0.0335958,0.00203526,-0.000873698,-0.000817304,0.000924582,-0.000452763,-0.00174154,0.00203526,0.0281168,2.3459e-05,-5.37901e-06,-8.46892e-05,-1.25913e-05,-0.00012124,-0.000873698,2.3459e-05,0.0466458,
0.00347377,0.000570515,-0.000436189,-0.00119369,-0.00144391,-0.000819842,-4.64198e-06,0.000570515,0.000893835,0.000792375,-0.000321042,6.73335e-05,0.000920837,-8.4285e-05,-0.000436189,0.000792375,0.00445952,0.000126888,-0.00161926,-0.00045835,-1.15182e-05,-0.00119369,-0.000321042,0.000126888,0.00212686,0.000243374,-0.0017381,-0.0001217,-0.00144391,6.73335e-05,-0.00161926,0.000243374,0.0335763,0.00203574,-0.000868603,-0.000819842,0.000920837,-0.00045835,-0.0017381,0.00203574,0.0281134,2.3463e-05,-4.64201e-06,-8.4285e-05,-1.15182e-05,-0.0001217,-0.000868603,2.3463e-05,0.0466456,
0.00347001,0.000572372,-0.000437862,-0.00119447,-0.00144329,-0.000821608,-4.05881e-06,0.000572372,0.000896548,0.000795567,-0.000321848,6.57379e-05,0.000918098,-8.3931e-05,-0.000437862,0.000795567,0.0044568,0.000128123,-0.00162197,-0.000462599,-1.06564e-05,-0.00119447,-0.000321848,0.000128123,0.00212772,0.000249076,-0.00173482,-0.000122095,-0.00144329,6.57378e-05,-0.00162197,0.000249076,0.0335583,0.00203577,-0.000863954,-0.000821608,0.000918098,-0.000462599,-0.00173482,0.00203577,0.0281098,2.34746e-05,-4.0588e-06,-8.3931e-05,-1.06564e-05,-0.000122095,-0.000863954,2.34746e-05,0.0466455,
0.00346692,0.00057377,-0.000439145,-0.00119517,-0.00144276,-0.000822932,-3.60349e-06,0.00057377,0.000898665,0.000798035,-0.000322467,6.46233e-05,0.000916004,-8.36345e-05,-0.000439145,0.000798035,0.00445468,0.000129118,-0.00162424,-0.000465923,-9.98691e-06,-0.00119517,-0.000322467,0.000129118,0.00212845,0.000253899,-0.001732,-0.000122395,-0.00144276,6.46233e-05,-0.00162424,0.000253899,0.033543,0.00203567,-0.000860189,-0.000822932,0.000916004,-0.000465923,-0.001732,0.00203567,0.0281068,2.34679e-05,-3.60349e-06,-8.36345e-05,-9.98691e-06,-0.000122395,-0.000860189,2.34679e-05,0.0466454,
0.00346434,0.000574844,-0.000440154,-0.00119579,-0.00144229,-0.00082397,-3.24853e-06,0.000574844,0.000900338,0.000799976,-0.00032297,6.37756e-05,0.000914349,-8.33899e-05,-0.000440154,0.000799976,0.00445299,0.000129911,-0.00162609,-0.000468553,-9.47404e-06,-0.00119579,-0.00032297,0.000129911,0.00212909,0.000257838,-0.00172967,-0.000122606,-0.00144229,6.37756e-05,-0.00162609,0.000257838,0.0335306,0.00203555,-0.000857283,-0.00082397,0.000914349,-0.000468553,-0.00172967,0.00203555,0.0281044,2.34407e-05,-3.24854e-06,-8.33899e-05,-9.47405e-06,-0.000122606,-0.000857283,2.34407e-05,0.0466454,
0.00346215,0.000575678,-0.00044096,-0.00119635,-0.00144188,-0.000824811,-2.97052e-06,0.000575678,0.000901677,0.000801527,-0.000323395,6.30975e-05,0.00091301,-8.31878e-05,-0.00044096,0.000801527,0.00445163,0.000130545,-0.00162758,-0.000470658,-9.08326e-06,-0.00119635,-0.000323395,0.000130545,0.00212967,0.000261033,-0.00172778,-0.000122744,-0.00144188,6.30975e-05,-0.00162758,0.000261033,0.0335205,0.00203544,-0.000855091,-0.000824811,0.00091301,-0.000470658,-0.00172778,0.00203544,0.0281025,2.33963e-05,-2.97052e-06,-8.31878e-05,-9.08326e-06,-0.000122744,-0.000855091,2.33963e-05,0.0466455,
0.00346024,0.000576332,-0.000441615,-0.00119687,-0.00144152,-0.000825511,-2.75088e-06,0.000576332,0.000902762,0.000802787,-0.000323766,6.25367e-05,0.000911903,-8.30194e-05,-0.000441615,0.000802787,0.00445053,0.000131057,-0.00162879,-0.000472366,-8.78578e-06,-0.00119687,-0.000323766,0.000131057,0.0021302,0.00026364,-0.00172623,-0.000122825,-0.00144152,6.25367e-05,-0.00162879,0.00026364,0.0335122,0.00203535,-0.000853461,-0.000825511,0.000911903,-0.000472366,-0.00172623,0.00203535,0.028101,2.33387e-05,-2.75088e-06,-8.30194e-05,-8.78578e-06,-0.000122825,-0.000853461,2.33387e-05,0.0466456,
0.00345854,0.000576849,-0.000442154,-0.00119737,-0.00144118,-0.00082611,-2.57529e-06,0.000576849,0.000903655,0.000803828,-0.000324098,6.20611e-05,0.000910972,-8.28771e-05,-0.000442154,0.000803828,0.00444961,0.000131475,-0.00162979,-0.000473775,-8.55893e-06,-0.00119737,-0.000324098,0.000131475,0.00213072,0.000265793,-0.00172495,-0.000122863,-0.00144118,6.20611e-05,-0.00162979,0.000265793,0.0335054,0.00203528,-0.000852264,-0.00082611,0.000910972,-0.000473775,-0.00172495,0.00203528,0.0280999,2.32715e-05,-2.57529e-06,-8.28771e-05,-8.55893e-06,-0.000122863,-0.000852264,2.32715e-05,0.0466457,
0.00345699,0.000577262,-0.000442605,-0.00119785,-0.00144086,-0.000826635,-2.43282e-06,0.000577262,0.000904403,0.000804704,-0.000324402,6.16483e-05,0.000910172,-8.27551e-05,-0.000442605,0.000804704,0.00444884,0.000131823,-0.00163062,-0.000474959,-8.38526e-06,-0.00119785,-0.000324402,0.000131823,0.00213122,0.000267601,-0.00172387,-0.000122868,-0.00144086,6.16483e-05,-0.00163062,0.000267601,0.0334997,0.00203522,-0.000851395,-0.000826635,0.000910172,-0.000474959,-0.00172387,0.00203522,0.0280991,2.31975e-05,-2.43283e-06,-8.27551e-05,-8.38526e-06,-0.000122868,-0.000851395,2.31975e-05,0.0466458,
0.00345554,0.000577594,-0.00044299,-0.00119833,-0.00144056,-0.000827106,-2.31521e-06,0.000577594,0.000905041,0.000805457,-0.000324688,6.12825e-05,0.00090947,-8.26486e-05,-0.00044299,0.000805457,0.00444817,0.000132117,-0.00163133,-0.000475972,-8.2515e-06,-0.00119833,-0.000324688,0.000132117,0.00213171,0.000269146,-0.00172295,-0.00012285,-0.00144056,6.12825e-05,-0.00163133,0.000269146,0.0334948,0.00203518,-0.000850773,-0.000827106,0.00090947,-0.000475972,-0.00172295,0.00203518,0.0280984,2.31187e-05,-2.31521e-06,-8.26486e-05,-8.2515e-06,-0.00012285,-0.000850773,2.31187e-05,0.0466459,
0.00345415,0.000577865,-0.000443324,-0.00119881,-0.00144027,-0.000827538,-2.2162e-06,0.000577865,0.000905595,0.000806117,-0.00032496,6.0952e-05,0.000908843,-8.2554e-05,-0.000443324,0.000806117,0.00444759,0.000132371,-0.00163194,-0.000476856,-8.1476e-06,-0.00119881,-0.00032496,0.000132371,0.0021322,0.000270492,-0.00172214,-0.000122815,-0.00144027,6.0952e-05,-0.00163194,0.000270492,0.0334906,0.00203515,-0.000850338,-0.000827538,0.000908843,-0.000476856,-0.00172214,0.00203515,0.0280979,2.30368e-05,-2.2162e-06,-8.2554e-05,-8.1476e-06,-0.000122815,-0.000850338,2.30368e-05,0.0466461,
0.00345282,0.000578088,-0.000443618,-0.00119929,-0.00143997,-0.000827942,-2.13109e-06,0.000578088,0.000906086,0.000806706,-0.000325223,6.06478e-05,0.000908271,-8.24686e-05,-0.000443618,0.000806706,0.00444707,0.000132595,-0.00163247,-0.000477642,-8.06598e-06,-0.00119929,-0.000325223,0.000132595,0.00213269,0.000271688,-0.00172142,-0.000122767,-0.00143997,6.06478e-05,-0.00163247,0.000271688,0.0334869,0.00203514,-0.000850043,-0.000827942,0.000908271,-0.000477642,-0.00172142,0.00203514,0.0280976,2.29529e-05,-2.13109e-06,-8.24686e-05,-8.06598e-06,-0.000122767,-0.000850043,2.29529e-05,0.0466463,
0.00345151,0.000578273,-0.000443883,-0.00119977,-0.00143968,-0.000828325,-2.05632e-06,0.000578273,0.000906528,0.000807243,-0.00032548,6.03633e-05,0.000907741,-8.23904e-05,-0.000443883,0.000807243,0.0044466,0.000132796,-0.00163295,-0.000478355,-8.00092e-06,-0.00119977,-0.00032548,0.000132796,0.0021332,0.000272769,-0.00172077,-0.000122709,-0.00143968,6.03633e-05,-0.00163295,0.000272769,0.0334836,0.00203513,-0.000849852,-0.000828325,0.000907741,-0.000478355,-0.00172077,0.00203513,0.0280973,2.2868e-05,-2.05632e-06,-8.23904e-05,-8.00092e-06,-0.000122709,-0.000849852,2.2868e-05,0.0466464,
0.00345022,0.000578429,-0.000444125,-0.00120027,-0.00143939,-0.000828693,-1.98924e-06,0.000578429,0.000906934,0.00080774,-0.000325734,6.00936e-05,0.000907242,-8.23177e-05,-0.000444125,0.00080774,0.00444616,0.00013298,-0.00163338,-0.000479012,-7.94812e-06,-0.00120027,-0.000325734,0.00013298,0.0021337,0.000273764,-0.00172017,-0.000122645,-0.00143939,6.00936e-05,-0.00163338,0.000273764,0.0334806,0.00203513,-0.000849738,-0.000828693,0.000907242,-0.000479012,-0.00172017,0.00203513,0.0280971,2.27826e-05,-1.98924e-06,-8.23177e-05,-7.94812e-06,-0.000122645,-0.000849738,2.27825e-05,0.0466466,
0.00344894,0.000578562,-0.000444348,-0.00120077,-0.00143909,-0.000829051,-1.92784e-06,0.000578562,0.000907312,0.000808207,-0.000325986,5.98349e-05,0.000906766,-8.22493e-05,-0.000444348,0.000808207,0.00444575,0.000133151,-0.00163378,-0.000479626,-7.90434e-06,-0.00120077,-0.000325986,0.000133151,0.00213422,0.000274694,-0.0017196,-0.000122577,-0.00143909,5.98349e-05,-0.00163378,0.000274694,0.0334778,0.00203514,-0.000849682,-0.000829051,0.000906766,-0.000479626,-0.0017196,0.00203514,0.0280969,2.26971e-05,-1.92784e-06,-8.22493e-05,-7.90434e-06,-0.000122577,-0.000849682,2.26971e-05,0.0466467,
0.00344766,0.000578676,-0.000444587,-0.00120129,-0.00143876,-0.000829201,-1.8699e-06,0.000578676,0.000907668,0.00080865,-0.000326237,5.95851e-05,0.000906312,-8.21842e-05,-0.000444564,0.00080865,0.00444539,0.00013333,-0.0016342,-0.000480477,-7.86812e-06,-0.00120128,-0.000326238,0.000133353,0.00213476,0.000275527,-0.00171935,-0.000122506,-0.00143874,5.95903e-05,-0.00163451,0.000275406,0.0334756,0.00203758,-0.00084966,-0.000830301,0.000906202,-0.000474029,-0.00171608,0.00202794,0.0280538,2.24576e-05,-1.87234e-06,-8.21845e-05,-7.85534e-06,-0.000122499,-0.000849682,2.25297e-05,0.0466469,
0.00344637,0.000578775,-0.000444787,-0.00120181,-0.00143846,-0.000829547,-1.80992e-06,0.000578775,0.000908008,0.000809078,-0.000326489,5.93436e-05,0.000905868,-8.2125e-05,-0.000444764,0.000809078,0.00444502,0.000133485,-0.00163456,-0.000481036,-7.82009e-06,-0.0012018,-0.000326489,0.000133507,0.0021353,0.00027637,-0.00171884,-0.000122456,-0.00143844,5.93487e-05,-0.00163486,0.000276249,0.0334731,0.00203761,-0.000849563,-0.000830648,0.00090576,-0.000474583,-0.00171557,0.00202796,0.0280536,2.23934e-05,-1.81235e-06,-8.21252e-05,-7.80733e-06,-0.000122449,-0.000849585,2.24626e-05,0.046647,
0.00344508,0.000578863,-0.00044499,-0.00120234,-0.00143813,-0.000829809,-1.74807e-06,0.000578862,0.000908337,0.000809493,-0.000326741,5.91076e-05,0.000905437,-8.20701e-05,-0.000444957,0.000809493,0.00444467,0.000133641,-0.00163491,-0.000481686,-7.7655e-06,-0.00120233,-0.000326742,0.000133672,0.00213585,0.000277162,-0.00171847,-0.00012242,-0.00143811,5.91147e-05,-0.00163534,0.000276992,0.033471,0.00203864,-0.000849411,-0.000831357,0.000905287,-0.0004726,-0.00171386,0.00202506,0.0280359,2.22801e-05,-1.75147e-06,-8.20704e-05,-7.74756e-06,-0.000122411,-0.000849442,2.23745e-05,0.0466471,
0.00344378,0.00057894,-0.000445175,-0.00120287,-0.00143782,-0.000830153,-1.68292e-06,0.00057894,0.000908655,0.000809899,-0.000326995,5.8876e-05,0.000905012,-8.202e-05,-0.000445142,0.000809899,0.00444431,0.000133786,-0.00163523,-0.000482214,-7.69883e-06,-0.00120286,-0.000326996,0.000133817,0.0021364,0.000277948,-0.001718,-0.000122405,-0.00143779,5.88831e-05,-0.00163565,0.000277778,0.0334689,0.00203871,-0.000849176,-0.000831701,0.000904865,-0.000473119,-0.00171339,0.00202511,0.0280357,2.22453e-05,-1.68631e-06,-8.20203e-05,-7.6809e-06,-0.000122396,-0.000849207,2.23366e-05,0.0466472,
0.00344248,0.00057901,-0.000445355,-0.00120341,-0.00143749,-0.000830498,-1.61502e-06,0.000579009,0.000908967,0.000810299,-0.000327251,5.86473e-05,0.000904595,-8.19736e-05,-0.000445321,0.000810298,0.00444396,0.000133927,-0.00163553,-0.000482732,-7.62312e-06,-0.0012034,-0.000327252,0.000133959,0.00213695,0.000278713,-0.00171754,-0.000122406,-0.00143747,5.86543e-05,-0.00163595,0.000278543,0.0334669,0.00203878,-0.000848876,-0.000832045,0.00090445,-0.000473628,-0.00171293,0.00202518,0.0280355,2.2223e-05,-1.6184e-06,-8.19739e-05,-7.6052e-06,-0.000122397,-0.000848907,2.23117e-05,0.0466472,
0.00344116,0.000579073,-0.00044553,-0.00120396,-0.00143717,-0.000830843,-1.54499e-06,0.000579072,0.000909273,0.000810693,-0.000327509,5.84204e-05,0.000904183,-8.19302e-05,-0.000445496,0.000810692,0.00444362,0.000134067,-0.00163582,-0.000483242,-7.54038e-06,-0.00120395,-0.000327509,0.000134098,0.00213752,0.000279461,-0.0017171,-0.00012242,-0.00143714,5.84274e-05,-0.00163625,0.000279291,0.033465,0.00203887,-0.000848526,-0.000832391,0.00090404,-0.00047413,-0.00171248,0.00202525,0.0280352,2.22106e-05,-1.54835e-06,-8.19305e-05,-7.52247e-06,-0.000122411,-0.000848557,2.22971e-05,0.0466472,
0.00343983,0.000579129,-0.000445703,-0.00120451,-0.00143683,-0.000831189,-1.47329e-06,0.000579129,0.000909575,0.000811083,-0.000327768,5.81948e-05,0.000903774,-8.18892e-05,-0.000445669,0.000811083,0.00444328,0.000134204,-0.0016361,-0.000483746,-7.45217e-06,-0.0012045,-0.000327769,0.000134235,0.00213809,0.000280195,-0.00171666,-0.000122444,-0.00143681,5.82018e-05,-0.00163653,0.000280026,0.0334632,0.00203897,-0.000848137,-0.000832737,0.000903634,-0.000474626,-0.00171204,0.00202534,0.028035,2.22058e-05,-1.47664e-06,-8.18894e-05,-7.43426e-06,-0.000122434,-0.000848168,2.22903e-05,0.0466472,
0.00343849,0.000579182,-0.00044589,-0.00120508,-0.00143647,-0.000831414,-1.39989e-06,0.000579181,0.000909873,0.00081147,-0.00032803,5.79702e-05,0.000903369,-8.18499e-05,-0.000445841,0.000811469,0.00444297,0.000134351,-0.0016364,-0.000484404,-7.36023e-06,-0.00120506,-0.00032803,0.000134395,0.00213868,0.000280892,-0.0017164,-0.000122475,-0.00143644,5.79801e-05,-0.00163701,0.000280651,0.0334616,0.00204049,-0.000847714,-0.000833606,0.000903175,-0.000471476,-0.00170986,0.00202118,0.0280094,2.21237e-05,-1.40464e-06,-8.18503e-05,-7.33488e-06,-0.000122462,-0.000847757,2.22416e-05,0.0466472,
0.00343714,0.000579229,-0.00044604,-0.00120564,-0.00143615,-0.000831884,-1.32625e-06,0.000579229,0.000910169,0.000811855,-0.000328292,5.77458e-05,0.000902964,-8.18121e-05,-0.000446005,0.000811855,0.00444261,0.000134475,-0.00163664,-0.000484742,-7.26383e-06,-0.00120563,-0.000328293,0.000134506,0.00213925,0.000281636,-0.0017158,-0.000122511,-0.00143613,5.77527e-05,-0.00163707,0.000281466,0.0334597,0.00203918,-0.000847276,-0.000833432,0.000902829,-0.000475607,-0.00171119,0.00202553,0.0280344,2.22128e-05,-1.3296e-06,-8.18123e-05,-7.24593e-06,-0.000122502,-0.000847307,2.22941e-05,0.0466472,
0.00343578,0.000579273,-0.000446206,-0.00120621,-0.00143581,-0.000832233,-1.25148e-06,0.000579273,0.000910462,0.000812238,-0.000328557,5.75219e-05,0.000902561,-8.17753e-05,-0.000446171,0.000812238,0.00444227,0.000134609,-0.00163691,-0.000485235,-7.16552e-06,-0.0012062,-0.000328558,0.00013464,0.00213984,0.000282346,-0.00171538,-0.000122553,-0.00143579,5.75287e-05,-0.00163733,0.000282176,0.033458,0.0020393,-0.000846817,-0.000833781,0.000902428,-0.000476094,-0.00171076,0.00202564,0.0280341,2.22221e-05,-1.25482e-06,-8.17756e-05,-7.14763e-06,-0.000122543,-0.000846848,2.23019e-05,0.0466472,
0.00343441,0.000579314,-0.00044637,-0.00120679,-0.00143546,-0.000832583,-1.17618e-06,0.000579313,0.000910754,0.000812621,-0.000328823,5.72981e-05,0.000902159,-8.17393e-05,-0.000446335,0.00081262,0.00444194,0.000134743,-0.00163717,-0.000485726,-7.06542e-06,-0.00120677,-0.000328824,0.000134774,0.00214044,0.000283051,-0.00171496,-0.000122597,-0.00143544,5.73049e-05,-0.00163759,0.000282881,0.0334563,0.00203941,-0.000846346,-0.00083413,0.000902028,-0.00047658,-0.00171034,0.00202575,0.0280339,2.22339e-05,-1.17951e-06,-8.17396e-05,-7.04754e-06,-0.000122588,-0.000846377,2.23124e-05,0.0466471,
0.00343303,0.000579352,-0.000446534,-0.00120737,-0.0014351,-0.000832932,-1.1005e-06,0.000579351,0.000911045,0.000813002,-0.00032909,5.70745e-05,0.000901757,-8.1704e-05,-0.000446498,0.000813001,0.00444161,0.000134877,-0.00163742,-0.000486216,-6.96404e-06,-0.00120735,-0.000329091,0.000134907,0.00214104,0.000283752,-0.00171455,-0.000122644,-0.00143508,5.70812e-05,-0.00163785,0.000283583,0.0334547,0.00203953,-0.000845867,-0.000834479,0.000901629,-0.000477065,-0.00170993,0.00202586,0.0280336,2.22476e-05,-1.10382e-06,-8.17042e-05,-6.94616e-06,-0.000122635,-0.000845897,2.23248e-05,0.0466471,
0.00343164,0.000579387,-0.000446696,-0.00120795,-0.00143474,-0.000833283,-1.02458e-06,0.000579386,0.000911334,0.000813383,-0.000329359,5.68508e-05,0.000901355,-8.1669e-05,-0.00044666,0.000813382,0.00444128,0.00013501,-0.00163768,-0.000486704,-6.86179e-06,-0.00120794,-0.00032936,0.00013504,0.00214165,0.000284451,-0.00171413,-0.000122693,-0.00143473,5.68575e-05,-0.00163811,0.000284281,0.0334531,0.00203965,-0.000845382,-0.000834829,0.000901229,-0.000477549,-0.00170951,0.00202598,0.0280333,2.22625e-05,-1.0279e-06,-8.16693e-05,-6.84391e-06,-0.000122683,-0.000845413,2.23385e-05,0.0466471,
0.00343025,0.000579419,-0.000446858,-0.00120854,-0.00143438,-0.000833633,-9.48526e-07,0.000579419,0.000911623,0.000813763,-0.000329629,5.6627e-05,0.000900953,-8.16344e-05,-0.000446822,0.000813762,0.00444094,0.000135143,-0.00163793,-0.000487191,-6.75901e-06,-0.00120852,-0.00032963,0.000135173,0.00214226,0.000285148,-0.00171372,-0.000122742,-0.00143437,5.66337e-05,-0.00163836,0.000284978,0.0334515,0.00203978,-0.000844895,-0.000835179,0.00090083,-0.000478032,-0.0017091,0.0020261,0.0280331,2.22783e-05,-9.51836e-07,-8.16346e-05,-6.74114e-06,-0.000122733,-0.000844925,2.23531e-05,0.046647,
0.00342884,0.00057945,-0.000447018,-0.00120913,-0.00143402,-0.000833984,-8.72425e-07,0.000579449,0.000911911,0.000814143,-0.0003299,5.64031e-05,0.000900551,-8.16e-05,-0.000446982,0.000814142,0.00444061,0.000135276,-0.00163818,-0.000487678,-6.65595e-06,-0.00120912,-0.000329901,0.000135306,0.00214288,0.000285843,-0.0017133,-0.000122792,-0.001434,5.64097e-05,-0.00163861,0.000285673,0.0334499,0.0020399,-0.000844406,-0.000835529,0.00090043,-0.000478515,-0.00170868,0.00202622,0.0280328,2.22946e-05,-8.75729e-07,-8.16002e-05,-6.63809e-06,-0.000122783,-0.000844436,2.23681e-05,0.046647,
0.00342743,0.000579479,-0.000447179,-0.00120972,-0.00143365,-0.000834335,-7.96345e-07,0.000579478,0.000912199,0.000814523,-0.000330173,5.61791e-05,0.000900148,-8.15657e-05,-0.000447142,0.000814522,0.00444028,0.000135408,-0.00163843,-0.000488164,-6.55284e-06,-0.00120971,-0.000330173,0.000135439,0.0021435,0.000286536,-0.00171289,-0.000122842,-0.00143364,5.61857e-05,-0.00163886,0.000286367,0.0334483,0.00204003,-0.000843917,-0.000835879,0.00090003,-0.000478997,-0.00170827,0.00202634,0.0280326,2.2311e-05,-7.99642e-07,-8.15659e-05,-6.53499e-06,-0.000122833,-0.000843947,2.23834e-05,0.0466469,
0.00342601,0.000579505,-0.000447339,-0.00121032,-0.00143328,-0.000834686,-7.20339e-07,0.000579505,0.000912487,0.000814902,-0.000330446,5.59549e-05,0.000899745,-8.15314e-05,-0.000447302,0.000814901,0.00443995,0.000135541,-0.00163868,-0.000488649,-6.44984e-06,-0.00121031,-0.000330447,0.000135571,0.00214412,0.000287229,-0.00171247,-0.000122892,-0.00143327,5.59614e-05,-0.00163911,0.00028706,0.0334467,0.00204015,-0.00084343,-0.00083623,0.000899629,-0.00047948,-0.00170786,0.00202646,0.0280323,2.23274e-05,-7.23629e-07,-8.15316e-05,-6.43199e-06,-0.000122882,-0.00084346,2.23986e-05,0.0466469,
0.00342459,0.00057953,-0.000447498,-0.00121092,-0.00143291,-0.000835037,-6.44449e-07,0.00057953,0.000912774,0.000815282,-0.00033072,5.57306e-05,0.000899342,-8.14971e-05,-0.000447461,0.000815281,0.00443962,0.000135674,-0.00163894,-0.000489134,-6.34706e-06,-0.00121091,-0.000330721,0.000135704,0.00214475,0.000287922,-0.00171206,-0.000122941,-0.0014329,5.5737e-05,-0.00163936,0.000287752,0.0334451,0.00204028,-0.000842945,-0.00083658,0.000899227,-0.000479961,-0.00170745,0.00202658,0.0280321,2.23436e-05,-6.47733e-07,-8.14973e-05,-6.32922e-06,-0.000122932,-0.000842974,2.24135e-05,0.0466468,
0.00342316,0.000579554,-0.000447657,-0.00121152,-0.00143254,-0.000835387,-5.68705e-07,0.000579553,0.000913061,0.000815661,-0.000330995,5.5506e-05,0.000898937,-8.14628e-05,-0.00044762,0.000815661,0.00443928,0.000135807,-0.00163918,-0.000489619,-6.24461e-06,-0.00121151,-0.000330996,0.000135837,0.00214538,0.000288614,-0.00171165,-0.00012299,-0.00143252,5.55124e-05,-0.00163961,0.000288444,0.0334435,0.0020404,-0.000842462,-0.00083693,0.000898825,-0.000480443,-0.00170703,0.0020267,0.0280318,2.23594e-05,-5.71982e-07,-8.1463e-05,-6.22677e-06,-0.000122981,-0.000842492,2.24281e-05,0.0466468,
0.00342172,0.000579576,-0.000447816,-0.00121213,-0.00143216,-0.000835738,-4.93131e-07,0.000579575,0.000913347,0.000816041,-0.000331271,5.52813e-05,0.000898532,-8.14284e-05,-0.000447779,0.00081604,0.00443895,0.00013594,-0.00163943,-0.000490104,-6.14255e-06,-0.00121211,-0.000331272,0.00013597,0.00214602,0.000289306,-0.00171123,-0.000123039,-0.00143215,5.52877e-05,-0.00163986,0.000289136,0.033442,0.00204053,-0.000841984,-0.00083728,0.000898423,-0.000480924,-0.00170662,0.00202682,0.0280316,2.23748e-05,-4.96401e-07,-8.14286e-05,-6.12472e-06,-0.00012303,-0.000842013,2.24423e-05,0.0466468,
0.00342028,0.000579596,-0.000447975,-0.00121273,-0.00143179,-0.000836088,-4.1774e-07,0.000579596,0.000913634,0.000816421,-0.000331548,5.50564e-05,0.000898127,-8.13939e-05,-0.000447937,0.00081642,0.00443862,0.000136073,-0.00163968,-0.000490588,-6.04093e-06,-0.00121272,-0.000331549,0.000136103,0.00214666,0.000289998,-0.00171082,-0.000123087,-0.00143177,5.50627e-05,-0.00164011,0.000289828,0.0334404,0.00204066,-0.000841508,-0.000837629,0.000898019,-0.000481405,-0.00170621,0.00202695,0.0280313,2.23897e-05,-4.21003e-07,-8.13941e-05,-6.02311e-06,-0.000123077,-0.000841538,2.24559e-05,0.0466467,
0.00341883,0.000579616,-0.000448133,-0.00121334,-0.00143141,-0.000836438,-3.42542e-07,0.000579615,0.000913921,0.000816801,-0.000331826,5.48314e-05,0.00089772,-8.13593e-05,-0.000448095,0.0008168,0.00443828,0.000136206,-0.00163993,-0.000491073,-5.93977e-06,-0.00121333,-0.000331826,0.000136236,0.0021473,0.00029069,-0.00171041,-0.000123134,-0.00143139,5.48376e-05,-0.00164036,0.00029052,0.0334388,0.00204078,-0.000841037,-0.000837979,0.000897615,-0.000481886,-0.0017058,0.00202707,0.0280311,2.2404e-05,-3.45798e-07,-8.13595e-05,-5.92196e-06,-0.000123124,-0.000841067,2.2469e-05,0.0466467,
0.00341738,0.000579634,-0.000448291,-0.00121395,-0.00143102,-0.000836788,-2.67542e-07,0.000579633,0.000914207,0.000817181,-0.000332104,5.46061e-05,0.000897313,-8.13245e-05,-0.000448253,0.00081718,0.00443795,0.000136339,-0.00164018,-0.000491557,-5.8391e-06,-0.00121393,-0.000332105,0.000136369,0.00214794,0.000291382,-0.00170999,-0.00012318,-0.00143101,5.46123e-05,-0.00164061,0.000291212,0.0334372,0.00204091,-0.00084057,-0.000838327,0.000897211,-0.000482367,-0.00170538,0.00202719,0.0280308,2.24178e-05,-2.7079e-07,-8.13247e-05,-5.82129e-06,-0.000123171,-0.000840599,2.24814e-05,0.0466466,
0.00341592,0.000579651,-0.00044845,-0.00121456,-0.00143064,-0.000837137,-1.92739e-07,0.00057965,0.000914494,0.000817561,-0.000332383,5.43807e-05,0.000896906,-8.12896e-05,-0.000448411,0.00081756,0.00443761,0.000136472,-0.00164043,-0.000492041,-5.7389e-06,-0.00121455,-0.000332384,0.000136502,0.00214859,0.000292074,-0.00170958,-0.000123225,-0.00143063,5.43868e-05,-0.00164086,0.000291904,0.0334357,0.00204103,-0.000840106,-0.000838676,0.000896805,-0.000482848,-0.00170497,0.00202731,0.0280306,2.2431e-05,-1.9598e-07,-8.12898e-05,-5.7211e-06,-0.000123216,-0.000840135,2.24933e-05,0.0466466,
0.00341446,0.000579666,-0.000448608,-0.00121517,-0.00143025,-0.000837485,-1.18131e-07,0.000579666,0.000914781,0.000817941,-0.000332662,5.41552e-05,0.000896497,-8.12546e-05,-0.000448569,0.00081794,0.00443728,0.000136605,-0.00164068,-0.000492526,-5.63918e-06,-0.00121516,-0.000332663,0.000136635,0.00214924,0.000292766,-0.00170916,-0.00012327,-0.00143024,5.41612e-05,-0.00164111,0.000292597,0.0334341,0.00204115,-0.000839646,-0.000839024,0.000896399,-0.000483329,-0.00170455,0.00202743,0.0280304,2.24436e-05,-1.21364e-07,-8.12548e-05,-5.62139e-06,-0.000123261,-0.000839676,2.25045e-05,0.0466465,
0.00341299,0.000579681,-0.000448766,-0.00121579,-0.00142987,-0.000837834,-4.37137e-08,0.00057968,0.000915068,0.000818321,-0.000332942,5.39295e-05,0.000896088,-8.12195e-05,-0.000448727,0.00081832,0.00443694,0.000136739,-0.00164093,-0.00049301,-5.53992e-06,-0.00121577,-0.000332943,0.000136769,0.00214989,0.000293459,-0.00170875,-0.000123314,-0.00142985,5.39355e-05,-0.00164136,0.000293289,0.0334325,0.00204128,-0.00083919,-0.000839372,0.000895993,-0.00048381,-0.00170414,0.00202755,0.0280301,2.24556e-05,-4.69389e-08,-8.12197e-05,-5.52213e-06,-0.000123304,-0.000839219,2.25152e-05,0.0466465,
0.00341152,0.000579695,-0.000448924,-0.0012164,-0.00142948,-0.000838181,3.05207e-08,0.000579694,0.000915354,0.000818702,-0.000333223,5.37036e-05,0.000895679,-8.11842e-05,-0.000448885,0.000818701,0.00443661,0.000136872,-0.00164118,-0.000493494,-5.4411e-06,-0.00121639,-0.000333224,0.000136902,0.00215054,0.000294151,-0.00170833,-0.000123357,-0.00142946,5.37096e-05,-0.00164161,0.000293982,0.0334309,0.0020414,-0.000838737,-0.000839719,0.000895585,-0.00048429,-0.00170372,0.00202766,0.0280299,2.2467e-05,2.73034e-08,-8.11844e-05,-5.42332e-06,-0.000123347,-0.000838767,2.25252e-05,0.0466465,
0.00341004,0.000579707,-0.000449082,-0.00121702,-0.00142909,-0.000838529,1.0458e-07,0.000579707,0.000915641,0.000819082,-0.000333505,5.34776e-05,0.000895268,-8.11488e-05,-0.000449042,0.000819081,0.00443627,0.000137006,-0.00164143,-0.000493979,-5.3427e-06,-0.001217,-0.000333505,0.000137036,0.0021512,0.000294844,-0.00170792,-0.000123399,-0.00142907,5.34835e-05,-0.00164186,0.000294675,0.0334293,0.00204152,-0.000838288,-0.000840066,0.000895177,-0.000484771,-0.00170331,0.00202778,0.0280297,2.24779e-05,1.01371e-07,-8.11489e-05,-5.32493e-06,-0.00012339,-0.000838317,2.25347e-05,0.0466464,
