0.00424135,0.000461863,-0.000541588,-0.000183902,-0.00105702,0.000647458,-6.34172e-05,0.000461863,0.0012006,0.00053719,0.00117098,-0.00101024,-0.000613361,-1.33322e-05,-0.000541588,0.00053719,0.00290453,0.000687283,0.000803154,0.000527057,-2.05338e-05,-0.000183902,0.00117098,0.000687283,0.0030131,-0.00103129,0.00135686,3.11395e-05,-0.00105702,-0.00101024,0.000803154,-0.00103129,0.0249629,0.000382592,0.00016771,0.000647458,-0.000613361,0.000527057,0.00135686,0.000382592,0.0278893,0.000334732,-6.34172e-05,-1.33322e-05,-2.05338e-05,3.11395e-05,0.00016771,0.000334732,0.0466113,
0.00424129,0.000461944,-0.000541659,-0.000183933,-0.00105698,0.000647524,-6.34224e-05,0.000461944,0.00120063,0.000537247,0.00117094,-0.00101026,-0.000613269,-1.33546e-05,-0.000541659,0.000537247,0.00290453,0.000687307,0.000803187,0.000527025,-2.04864e-05,-0.000183933,0.00117094,0.000687307,0.00301302,-0.0010315,0.00135661,3.11162e-05,-0.00105698,-0.00101026,0.000803187,-0.0010315,0.0249623,0.000382347,0.00016747,0.000647524,-0.000613269,0.000527025,0.00135661,0.000382347,0.0278887,0.00033541,-6.34224e-05,-1.33546e-05,-2.04864e-05,3.11162e-05,0.00016747,0.00033541,0.0466111,
0.00424125,0.000461993,-0.000541701,-0.000183951,-0.00105697,0.000647583,-6.34425e-05,0.000461993,0.00120064,0.000537284,0.00117092,-0.00101026,-0.000613222,-1.33752e-05,-0.000541701,0.000537284,0.00290453,0.000687323,0.000803179,0.000527045,-2.04573e-05,-0.000183951,0.00117092,0.000687323,0.00301297,-0.00103163,0.00135647,3.10928e-05,-0.00105697,-0.00101026,0.000803179,-0.00103163,0.0249621,0.000382187,0.000167087,0.000647583,-0.000613222,0.000527045,0.00135647,0.000382187,0.0278885,0.000336074,-6.34425e-05,-1.33752e-05,-2.04573e-05,3.10928e-05,0.000167087,0.000336074,0.0466109,
0.00424123,0.000462021,-0.000541727,-0.000183962,-0.00105696,0.000647629,-6.34686e-05,0.000462021,0.00120065,0.000537305,0.0011709,-0.00101025,-0.000613195,-1.3395e-05,-0.000541727,0.000537305,0.00290453,0.000687333,0.000803161,0.000527073,-2.04361e-05,-0.000183962,0.0011709,0.000687333,0.00301294,-0.00103172,0.00135637,3.10689e-05,-0.00105696,-0.00101025,0.000803161,-0.00103172,0.0249621,0.000382075,0.000166649,0.000647629,-0.000613195,0.000527073,0.00135637,0.000382075,0.0278885,0.00033673,-6.34686e-05,-1.3395e-05,-2.04361e-05,3.10689e-05,0.000166649,0.00033673,0.0466107,
0.00424122,0.000462039,-0.000541745,-0.000183969,-0.00105697,0.000647663,-6.34971e-05,0.000462039,0.00120065,0.000537319,0.00117089,-0.00101024,-0.000613177,-1.34145e-05,-0.000541745,0.000537319,0.00290453,0.000687338,0.000803141,0.000527098,-2.04186e-05,-0.000183969,0.00117089,0.000687338,0.00301293,-0.00103177,0.00135631,3.10447e-05,-0.00105697,-0.00101024,0.000803141,-0.00103177,0.0249621,0.000381991,0.000166193,0.000647663,-0.000613177,0.000527098,0.00135631,0.000381991,0.0278886,0.000337377,-6.34971e-05,-1.34145e-05,-2.04186e-05,3.10447e-05,0.000166193,0.000337377,0.0466106,
0.00424121,0.000462049,-0.000541757,-0.000183974,-0.00105697,0.000647688,-6.35265e-05,0.000462049,0.00120066,0.000537327,0.00117089,-0.00101022,-0.000613163,-1.34336e-05,-0.000541757,0.000537327,0.00290452,0.00068734,0.000803119,0.000527117,-2.04028e-05,-0.000183974,0.00117089,0.00068734,0.00301292,-0.00103181,0.00135625,3.10203e-05,-0.00105697,-0.00101022,0.000803119,-0.00103181,0.0249622,0.000381923,0.000165733,0.000647688,-0.000613163,0.000527117,0.00135625,0.000381923,0.0278887,0.000338017,-6.35265e-05,-1.34336e-05,-2.04028e-05,3.10203e-05,0.000165733,0.000338017,0.0466104,
0.0042412,0.000462056,-0.000541767,-0.000183977,-0.00105699,0.000647706,-6.3556e-05,0.000462056,0.00120066,0.000537332,0.00117089,-0.0010102,-0.00061315,-1.34526e-05,-0.000541767,0.000537332,0.00290452,0.00068734,0.000803096,0.000527132,-2.03878e-05,-0.000183977,0.00117089,0.00068734,0.00301291,-0.00103183,0.00135621,3.09959e-05,-0.00105699,-0.0010102,0.000803096,-0.00103183,0.0249622,0.000381864,0.000165275,0.000647706,-0.00061315,0.000527132,0.00135621,0.000381864,0.0278888,0.000338651,-6.3556e-05,-1.34526e-05,-2.03878e-05,3.09959e-05,0.000165275,0.000338651,0.0466102,
0.00424119,0.000462061,-0.000541775,-0.000183979,-0.001057,0.000647721,-6.35854e-05,0.000462061,0.00120066,0.000537336,0.00117088,-0.00101019,-0.000613139,-1.34714e-05,-0.000541775,0.000537336,0.00290451,0.000687339,0.000803072,0.000527142,-2.03734e-05,-0.000183979,0.00117088,0.000687339,0.00301291,-0.00103185,0.00135617,3.09715e-05,-0.001057,-0.00101019,0.000803072,-0.00103185,0.0249623,0.000381811,0.00016482,0.000647721,-0.000613139,0.000527142,0.00135617,0.000381811,0.0278889,0.000339277,-6.35854e-05,-1.34714e-05,-2.03734e-05,3.09715e-05,0.00016482,0.000339277,0.04661,
0.00424119,0.000462065,-0.000541781,-0.00018398,-0.00105701,0.000647732,-6.36146e-05,0.000462065,0.00120066,0.000537338,0.00117088,-0.00101017,-0.000613127,-1.349e-05,-0.000541781,0.000537338,0.00290451,0.000687337,0.000803049,0.00052715,-2.03593e-05,-0.00018398,0.00117088,0.000687337,0.00301291,-0.00103187,0.00135614,3.09473e-05,-0.00105701,-0.00101017,0.000803049,-0.00103187,0.0249624,0.000381761,0.000164369,0.000647732,-0.000613127,0.00052715,0.00135614,0.000381761,0.027889,0.000339898,-6.36146e-05,-1.349e-05,-2.03593e-05,3.09473e-05,0.000164369,0.000339898,0.0466099,
0.00424119,0.000462067,-0.000541787,-0.000183981,-0.00105703,0.000647742,-6.36435e-05,0.000462067,0.00120066,0.00053734,0.00117088,-0.00101015,-0.000613116,-1.35084e-05,-0.000541787,0.00053734,0.00290451,0.000687335,0.000803025,0.000527156,-2.03454e-05,-0.000183981,0.00117088,0.000687335,0.00301291,-0.00103189,0.0013561,3.09231e-05,-0.00105703,-0.00101015,0.000803025,-0.00103189,0.0249624,0.000381714,0.000163922,0.000647742,-0.000613116,0.000527156,0.0013561,0.000381714,0.0278891,0.000340513,-6.36435e-05,-1.35084e-05,-2.03454e-05,3.09231e-05,0.000163922,0.000340513,0.0466097,
0.00424118,0.00046207,-0.000541793,-0.000183982,-0.00105704,0.00064775,-6.36723e-05,0.00046207,0.00120066,0.000537342,0.00117088,-0.00101014,-0.000613105,-1.35267e-05,-0.000541793,0.000537342,0.0029045,0.000687333,0.000803001,0.000527161,-2.03317e-05,-0.000183982,0.00117088,0.000687333,0.00301292,-0.0010319,0.00135607,3.08992e-05,-0.00105704,-0.00101014,0.000803001,-0.0010319,0.0249625,0.000381668,0.00016348,0.00064775,-0.000613105,0.000527161,0.00135607,0.000381668,0.0278892,0.000341123,-6.36723e-05,-1.35267e-05,-2.03317e-05,3.08992e-05,0.00016348,0.000341123,0.0466095,
0.00424118,0.000462071,-0.000541798,-0.000183983,-0.00105705,0.000647758,-6.37008e-05,0.000462071,0.00120066,0.000537343,0.00117088,-0.00101012,-0.000613095,-1.35449e-05,-0.000541798,0.000537343,0.0029045,0.000687331,0.000802977,0.000527165,-2.03181e-05,-0.000183983,0.00117088,0.000687331,0.00301292,-0.00103191,0.00135604,3.08753e-05,-0.00105705,-0.00101012,0.000802977,-0.00103191,0.0249625,0.000381623,0.000163041,0.000647758,-0.000613095,0.000527165,0.00135604,0.000381623,0.0278893,0.000341728,-6.37008e-05,-1.35449e-05,-2.03181e-05,3.08753e-05,0.000163041,0.000341728,0.0466094,
0.00424117,0.000462073,-0.000541803,-0.000183984,-0.00105707,0.000647765,-6.3729e-05,0.000462073,0.00120066,0.000537345,0.00117088,-0.00101011,-0.000613084,-1.3563e-05,-0.000541803,0.000537345,0.0029045,0.000687329,0.000802954,0.000527169,-2.03047e-05,-0.000183984,0.00117088,0.000687329,0.00301292,-0.00103192,0.00135601,3.08517e-05,-0.00105707,-0.00101011,0.000802954,-0.00103192,0.0249626,0.000381579,0.000162606,0.000647765,-0.000613084,0.000527169,0.00135601,0.000381579,0.0278894,0.000342328,-6.3729e-05,-1.3563e-05,-2.03047e-05,3.08517e-05,0.000162606,0.000342328,0.0466092,
0.00424117,0.000462075,-0.000541808,-0.000183985,-0.00105709,0.000647772,-6.37571e-05,0.000462075,0.00120066,0.000537346,0.00117088,-0.00101009,-0.000613073,-1.35809e-05,-0.000541808,0.000537346,0.00290449,0.000687326,0.00080293,0.000527172,-2.02913e-05,-0.000183985,0.00117088,0.000687326,0.00301292,-0.00103193,0.00135598,3.08282e-05,-0.00105709,-0.00101009,0.00080293,-0.00103193,0.0249626,0.000381535,0.000162174,0.000647772,-0.000613073,0.000527172,0.00135598,0.000381535,0.0278895,0.000342924,-6.37571e-05,-1.35809e-05,-2.02913e-05,3.08282e-05,0.000162174,0.000342924,0.046609,
0.00424117,0.000462076,-0.000541812,-0.000183986,-0.0010571,0.000647779,-6.3785e-05,0.000462076,0.00120066,0.000537347,0.00117088,-0.00101008,-0.000613063,-1.35987e-05,-0.000541812,0.000537347,0.00290449,0.000687324,0.000802906,0.000527176,-2.02781e-05,-0.000183986,0.00117088,0.000687324,0.00301292,-0.00103194,0.00135595,3.08049e-05,-0.0010571,-0.00101008,0.000802906,-0.00103194,0.0249627,0.000381491,0.000161745,0.000647779,-0.000613063,0.000527176,0.00135595,0.000381491,0.0278896,0.000343516,-6.3785e-05,-1.35987e-05,-2.02781e-05,3.08049e-05,0.000161745,0.000343516,0.0466089,
0.00424116,0.000462078,-0.000541817,-0.000183988,-0.00105712,0.000647786,-6.38128e-05,0.000462078,0.00120066,0.000537348,0.00117089,-0.00101006,-0.000613052,-1.36164e-05,-0.000541817,0.000537348,0.00290449,0.000687322,0.000802883,0.000527178,-2.02649e-05,-0.000183988,0.00117089,0.000687322,0.00301292,-0.00103195,0.00135592,3.07817e-05,-0.00105712,-0.00101006,0.000802883,-0.00103195,0.0249627,0.000381448,0.000161319,0.000647786,-0.000613052,0.000527178,0.00135592,0.000381448,0.0278897,0.000344105,-6.38128e-05,-1.36164e-05,-2.02649e-05,3.07817e-05,0.000161319,0.000344105,0.0466087,
0.00424116,0.000462079,-0.000541821,-0.000183989,-0.00105713,0.000647792,-6.38404e-05,0.000462079,0.00120066,0.00053735,0.00117089,-0.00101005,-0.000613041,-1.3634e-05,-0.000541821,0.00053735,0.00290449,0.00068732,0.000802859,0.000527181,-2.02518e-05,-0.000183989,0.00117089,0.00068732,0.00301293,-0.00103196,0.00135589,3.07587e-05,-0.00105713,-0.00101005,0.000802859,-0.00103196,0.0249628,0.000381405,0.000160896,0.000647792,-0.000613041,0.000527181,0.00135589,0.000381405,0.0278898,0.00034469,-6.38404e-05,-1.3634e-05,-2.02518e-05,3.07587e-05,0.000160896,0.00034469,0.0466085,
0.00424116,0.000462081,-0.000541825,-0.00018399,-0.00105715,0.000647799,-6.38678e-05,0.000462081,0.00120066,0.000537351,0.00117089,-0.00101003,-0.000613031,-1.36515e-05,-0.000541825,0.000537351,0.00290448,0.000687317,0.000802836,0.000527184,-2.02388e-05,-0.00018399,0.00117089,0.000687317,0.00301293,-0.00103197,0.00135586,3.07358e-05,-0.00105715,-0.00101003,0.000802836,-0.00103197,0.0249628,0.000381362,0.000160474,0.000647799,-0.000613031,0.000527184,0.00135586,0.000381362,0.0278899,0.000345272,-6.38678e-05,-1.36515e-05,-2.02388e-05,3.07358e-05,0.000160474,0.000345272,0.0466084,
0.00424115,0.000462082,-0.000541829,-0.000183991,-0.00105716,0.000647805,-6.38951e-05,0.000462082,0.00120066,0.000537352,0.00117089,-0.00101002,-0.000613021,-1.36689e-05,-0.000541829,0.000537352,0.00290448,0.000687315,0.000802813,0.000527187,-2.02258e-05,-0.000183991,0.00117089,0.000687315,0.00301293,-0.00103198,0.00135583,3.0713e-05,-0.00105716,-0.00101002,0.000802813,-0.00103198,0.0249629,0.000381319,0.000160055,0.000647805,-0.000613021,0.000527187,0.00135583,0.000381319,0.02789,0.00034585,-6.38951e-05,-1.36689e-05,-2.02258e-05,3.0713e-05,0.000160055,0.00034585,0.0466082,
0.00424115,0.000462083,-0.000541833,-0.000183992,-0.00105718,0.000647811,-6.39223e-05,0.000462083,0.00120066,0.000537353,0.00117089,-0.00101,-0.00061301,-1.36862e-05,-0.000541833,0.000537353,0.00290448,0.000687313,0.00080279,0.00052719,-2.0213e-05,-0.000183992,0.00117089,0.000687313,0.00301293,-0.00103199,0.00135581,3.06903e-05,-0.00105718,-0.00101,0.00080279,-0.00103199,0.024963,0.000381277,0.000159638,0.000647811,-0.00061301,0.00052719,0.00135581,0.000381277,0.0278901,0.000346427,-6.39223e-05,-1.36862e-05,-2.0213e-05,3.06903e-05,0.000159638,0.000346427,0.0466081,
0.00424115,0.000462085,-0.000541836,-0.000183994,-0.00105719,0.000647817,-6.39494e-05,0.000462085,0.00120065,0.000537355,0.00117089,-0.00100999,-0.000613,-1.37034e-05,-0.000541836,0.000537355,0.00290448,0.000687311,0.000802767,0.000527193,-2.02002e-05,-0.000183994,0.00117089,0.000687311,0.00301293,-0.001032,0.00135578,3.06677e-05,-0.00105719,-0.00100999,0.000802767,-0.001032,0.024963,0.000381234,0.000159223,0.000647817,-0.000613,0.000527193,0.00135578,0.000381234,0.0278902,0.000347,-6.39494e-05,-1.37034e-05,-2.02002e-05,3.06677e-05,0.000159223,0.000347,0.0466079,
0.00424114,0.000462086,-0.00054184,-0.000183995,-0.00105721,0.000647824,-6.39763e-05,0.000462086,0.00120065,0.000537356,0.00117089,-0.00100997,-0.000612989,-1.37206e-05,-0.00054184,0.000537356,0.00290447,0.000687308,0.000802743,0.000527195,-2.01874e-05,-0.000183995,0.00117089,0.000687308,0.00301294,-0.00103201,0.00135575,3.06452e-05,-0.00105721,-0.00100997,0.000802743,-0.00103201,0.0249631,0.000381191,0.00015881,0.000647824,-0.000612989,0.000527195,0.00135575,0.000381191,0.0278903,0.000347571,-6.39763e-05,-1.37206e-05,-2.01874e-05,3.06452e-05,0.00015881,0.000347571,0.0466077,
0.00424114,0.000462087,-0.000541843,-0.000183996,-0.00105723,0.00064783,-6.40032e-05,0.000462087,0.00120065,0.000537357,0.00117089,-0.00100996,-0.000612979,-1.37377e-05,-0.000541843,0.000537357,0.00290447,0.000687306,0.00080272,0.000527198,-2.01747e-05,-0.000183996,0.00117089,0.000687306,0.00301294,-0.00103202,0.00135572,3.06228e-05,-0.00105723,-0.00100996,0.00080272,-0.00103202,0.0249631,0.000381149,0.000158398,0.00064783,-0.000612979,0.000527198,0.00135572,0.000381149,0.0278904,0.00034814,-6.40032e-05,-1.37377e-05,-2.01747e-05,3.06228e-05,0.000158398,0.00034814,0.0466076,
0.00424114,0.000462089,-0.000541847,-0.000183998,-0.00105724,0.000647836,-6.403e-05,0.000462089,0.00120065,0.000537358,0.00117089,-0.00100995,-0.000612969,-1.37548e-05,-0.000541847,0.000537358,0.00290447,0.000687304,0.000802698,0.000527201,-2.0162e-05,-0.000183998,0.00117089,0.000687304,0.00301294,-0.00103203,0.00135569,3.06005e-05,-0.00105724,-0.00100995,0.000802698,-0.00103203,0.0249632,0.000381107,0.000157988,0.000647836,-0.000612969,0.000527201,0.00135569,0.000381107,0.0278905,0.000348708,-6.403e-05,-1.37548e-05,-2.0162e-05,3.06005e-05,0.000157988,0.000348708,0.0466074,
0.00424113,0.00046209,-0.00054185,-0.000183999,-0.00105726,0.000647842,-6.40567e-05,0.00046209,0.00120065,0.00053736,0.00117089,-0.00100993,-0.000612959,-1.37718e-05,-0.00054185,0.00053736,0.00290447,0.000687302,0.000802675,0.000527204,-2.01494e-05,-0.000183999,0.00117089,0.000687302,0.00301294,-0.00103204,0.00135566,3.05783e-05,-0.00105726,-0.00100993,0.000802675,-0.00103204,0.0249632,0.000381064,0.000157579,0.000647842,-0.000612959,0.000527204,0.00135566,0.000381064,0.0278906,0.000349273,-6.40567e-05,-1.37718e-05,-2.01494e-05,3.05783e-05,0.000157579,0.000349273,0.0466073,
0.00424113,0.000462091,-0.000541853,-0.000184001,-0.00105727,0.000647848,-6.40833e-05,0.000462091,0.00120065,0.000537361,0.00117089,-0.00100992,-0.000612949,-1.37888e-05,-0.000541853,0.000537361,0.00290446,0.0006873,0.000802652,0.000527206,-2.01369e-05,-0.000184001,0.00117089,0.0006873,0.00301294,-0.00103205,0.00135563,3.05562e-05,-0.00105727,-0.00100992,0.000802652,-0.00103205,0.0249633,0.000381022,0.000157172,0.000647848,-0.000612949,0.000527206,0.00135563,0.000381022,0.0278907,0.000349836,-6.40833e-05,-1.37888e-05,-2.01369e-05,3.05562e-05,0.000157172,0.000349836,0.0466071,
0.00424113,0.000462093,-0.000541856,-0.000184002,-0.00105729,0.000647854,-6.41099e-05,0.000462093,0.00120065,0.000537362,0.00117089,-0.0010099,-0.000612938,-1.38057e-05,-0.000541856,0.000537362,0.00290446,0.000687297,0.000802629,0.000527209,-2.01243e-05,-0.000184002,0.00117089,0.000687297,0.00301295,-0.00103206,0.00135561,3.05341e-05,-0.00105729,-0.0010099,0.000802629,-0.00103206,0.0249633,0.00038098,0.000156765,0.000647854,-0.000612938,0.000527209,0.00135561,0.00038098,0.0278908,0.000350398,-6.41099e-05,-1.38057e-05,-2.01243e-05,3.05341e-05,0.000156765,0.000350398,0.0466069,
0.00424112,0.000462094,-0.00054186,-0.000184003,-0.00105731,0.00064786,-6.41364e-05,0.000462094,0.00120065,0.000537364,0.00117089,-0.00100989,-0.000612928,-1.38225e-05,-0.00054186,0.000537364,0.00290446,0.000687295,0.000802606,0.000527212,-2.01119e-05,-0.000184003,0.00117089,0.000687295,0.00301295,-0.00103207,0.00135558,3.05121e-05,-0.00105731,-0.00100989,0.000802606,-0.00103207,0.0249634,0.000380937,0.00015636,0.00064786,-0.000612928,0.000527212,0.00135558,0.000380937,0.0278909,0.000350958,-6.41364e-05,-1.38225e-05,-2.01119e-05,3.05121e-05,0.00015636,0.000350958,0.0466068,
0.00424112,0.000462095,-0.000541863,-0.000184005,-0.00105732,0.000647866,-6.41628e-05,0.000462095,0.00120065,0.000537365,0.00117089,-0.00100988,-0.000612918,-1.38393e-05,-0.000541863,0.000537365,0.00290446,0.000687293,0.000802583,0.000527214,-2.00994e-05,-0.000184005,0.00117089,0.000687293,0.00301295,-0.00103208,0.00135555,3.04901e-05,-0.00105732,-0.00100988,0.000802583,-0.00103208,0.0249634,0.000380895,0.000155956,0.000647866,-0.000612918,0.000527214,0.00135555,0.000380895,0.027891,0.000351517,-6.41628e-05,-1.38393e-05,-2.00994e-05,3.04901e-05,0.000155956,0.000351517,0.0466066,
0.00424112,0.000462096,-0.000541866,-0.000184006,-0.00105734,0.000647872,-6.41892e-05,0.000462096,0.00120065,0.000537366,0.00117089,-0.00100986,-0.000612908,-1.38561e-05,-0.000541866,0.000537366,0.00290445,0.000687291,0.000802561,0.000527217,-2.0087e-05,-0.000184006,0.00117089,0.000687291,0.00301295,-0.00103209,0.00135552,3.04682e-05,-0.00105734,-0.00100986,0.000802561,-0.00103209,0.0249635,0.000380853,0.000155553,0.000647872,-0.000612908,0.000527217,0.00135552,0.000380853,0.0278911,0.000352075,-6.41892e-05,-1.38561e-05,-2.0087e-05,3.04682e-05,0.000155553,0.000352075,0.0466064,
0.00424112,0.000462098,-0.000541869,-0.000184008,-0.00105736,0.000647878,-6.42155e-05,0.000462098,0.00120065,0.000537367,0.00117089,-0.00100985,-0.000612898,-1.38729e-05,-0.000541869,0.000537367,0.00290445,0.000687289,0.000802538,0.00052722,-2.00746e-05,-0.000184008,0.00117089,0.000687289,0.00301295,-0.0010321,0.00135549,3.04464e-05,-0.00105736,-0.00100985,0.000802538,-0.0010321,0.0249635,0.000380811,0.000155151,0.000647878,-0.000612898,0.00052722,0.00135549,0.000380811,0.0278912,0.000352632,-6.42155e-05,-1.38729e-05,-2.00746e-05,3.04464e-05,0.000155151,0.000352632,0.0466063,
0.00424111,0.000462099,-0.000541872,-0.00018401,-0.00105737,0.000647884,-6.42418e-05,0.000462099,0.00120065,0.000537369,0.00117089,-0.00100983,-0.000612888,-1.38896e-05,-0.000541872,0.000537369,0.00290445,0.000687287,0.000802516,0.000527222,-2.00622e-05,-0.00018401,0.00117089,0.000687287,0.00301296,-0.0010321,0.00135547,3.04246e-05,-0.00105737,-0.00100983,0.000802516,-0.0010321,0.0249636,0.000380769,0.00015475,0.000647884,-0.000612888,0.000527222,0.00135547,0.000380769,0.0278913,0.000353187,-6.42418e-05,-1.38896e-05,-2.00622e-05,3.04246e-05,0.00015475,0.000353187,0.0466061,
0.00424111,0.0004621,-0.000541875,-0.000184011,-0.00105739,0.00064789,-6.4268e-05,0.0004621,0.00120065,0.00053737,0.00117089,-0.00100982,-0.000612878,-1.39063e-05,-0.000541875,0.00053737,0.00290445,0.000687285,0.000802493,0.000527225,-2.00499e-05,-0.000184011,0.00117089,0.000687285,0.00301296,-0.00103211,0.00135544,3.04028e-05,-0.00105739,-0.00100982,0.000802493,-0.00103211,0.0249636,0.000380726,0.000154349,0.00064789,-0.000612878,0.000527225,0.00135544,0.000380726,0.0278914,0.000353742,-6.4268e-05,-1.39063e-05,-2.00499e-05,3.04028e-05,0.000154349,0.000353742,0.046606,
0.00424111,0.000462101,-0.000541878,-0.000184013,-0.0010574,0.000647896,-6.42942e-05,0.000462101,0.00120065,0.000537371,0.00117089,-0.00100981,-0.000612868,-1.39229e-05,-0.000541878,0.000537371,0.00290445,0.000687282,0.00080247,0.000527228,-2.00376e-05,-0.000184013,0.00117089,0.000687282,0.00301296,-0.00103212,0.00135541,3.03811e-05,-0.0010574,-0.00100981,0.00080247,-0.00103212,0.0249637,0.000380684,0.000153949,0.000647896,-0.000612868,0.000527228,0.00135541,0.000380684,0.0278915,0.000354295,-6.42942e-05,-1.39229e-05,-2.00376e-05,3.03811e-05,0.000153949,0.000354295,0.0466058,
0.0042411,0.000462103,-0.000541881,-0.000184014,-0.00105742,0.000647902,-6.43204e-05,0.000462103,0.00120065,0.000537373,0.00117089,-0.00100979,-0.000612858,-1.39396e-05,-0.000541881,0.000537373,0.00290444,0.00068728,0.000802448,0.00052723,-2.00253e-05,-0.000184014,0.00117089,0.00068728,0.00301296,-0.00103213,0.00135538,3.03594e-05,-0.00105742,-0.00100979,0.000802448,-0.00103213,0.0249637,0.000380642,0.00015355,0.000647902,-0.000612858,0.00052723,0.00135538,0.000380642,0.0278916,0.000354848,-6.43204e-05,-1.39396e-05,-2.00253e-05,3.03594e-05,0.00015355,0.000354848,0.0466056,
0.0042411,0.000462104,-0.000541884,-0.000184016,-0.00105744,0.000647908,-6.43465e-05,0.000462104,0.00120065,0.000537374,0.00117089,-0.00100978,-0.000612848,-1.39562e-05,-0.000541884,0.000537374,0.00290444,0.000687278,0.000802425,0.000527233,-2.0013e-05,-0.000184016,0.00117089,0.000687278,0.00301296,-0.00103214,0.00135536,3.03378e-05,-0.00105744,-0.00100978,0.000802425,-0.00103214,0.0249638,0.0003806,0.000153152,0.000647908,-0.000612848,0.000527233,0.00135536,0.0003806,0.0278917,0.000355399,-6.43465e-05,-1.39562e-05,-2.0013e-05,3.03378e-05,0.000153152,0.000355399,0.0466055,
0.0042411,0.000462105,-0.000541886,-0.000184017,-0.00105745,0.000647914,-6.43726e-05,0.000462105,0.00120065,0.000537375,0.00117089,-0.00100976,-0.000612838,-1.39727e-05,-0.000541886,0.000537375,0.00290444,0.000687276,0.000802403,0.000527236,-2.00008e-05,-0.000184017,0.00117089,0.000687276,0.00301297,-0.00103215,0.00135533,3.03162e-05,-0.00105745,-0.00100976,0.000802403,-0.00103215,0.0249638,0.000380557,0.000152754,0.000647914,-0.000612838,0.000527236,0.00135533,0.000380557,0.0278918,0.00035595,-6.43726e-05,-1.39727e-05,-2.00008e-05,3.03162e-05,0.000152754,0.00035595,0.0466053,
0.00424109,0.000462107,-0.000541889,-0.000184019,-0.00105747,0.00064792,-6.43987e-05,0.000462107,0.00120065,0.000537377,0.00117089,-0.00100975,-0.000612828,-1.39893e-05,-0.000541889,0.000537377,0.00290444,0.000687274,0.00080238,0.000527239,-1.99886e-05,-0.000184019,0.00117089,0.000687274,0.00301297,-0.00103216,0.0013553,3.02946e-05,-0.00105747,-0.00100975,0.00080238,-0.00103216,0.0249639,0.000380515,0.000152356,0.00064792,-0.000612828,0.000527239,0.0013553,0.000380515,0.0278919,0.000356501,-6.43987e-05,-1.39893e-05,-1.99886e-05,3.02946e-05,0.000152356,0.000356501,0.0466052,
0.00424109,0.000462108,-0.000541892,-0.000184021,-0.00105748,0.000647926,-6.44247e-05,0.000462108,0.00120065,0.000537378,0.00117089,-0.00100974,-0.000612818,-1.40058e-05,-0.000541892,0.000537378,0.00290443,0.000687272,0.000802358,0.000527241,-1.99764e-05,-0.000184021,0.00117089,0.000687272,0.00301297,-0.00103217,0.00135527,3.02731e-05,-0.00105748,-0.00100974,0.000802358,-0.00103217,0.0249639,0.000380473,0.00015196,0.000647926,-0.000612818,0.000527241,0.00135527,0.000380473,0.027892,0.00035705,-6.44247e-05,-1.40058e-05,-1.99764e-05,3.02731e-05,0.00015196,0.00035705,0.046605,
0.00424109,0.000462109,-0.000541895,-0.000184022,-0.0010575,0.000647932,-6.44507e-05,0.000462109,0.00120065,0.000537379,0.00117089,-0.00100972,-0.000612808,-1.40224e-05,-0.000541895,0.000537379,0.00290443,0.00068727,0.000802335,0.000527244,-1.99642e-05,-0.000184022,0.00117089,0.00068727,0.00301297,-0.00103218,0.00135524,3.02516e-05,-0.0010575,-0.00100972,0.000802335,-0.00103218,0.0249639,0.00038043,0.000151563,0.000647932,-0.000612808,0.000527244,0.00135524,0.00038043,0.0278921,0.000357599,-6.44507e-05,-1.40224e-05,-1.99642e-05,3.02516e-05,0.000151563,0.000357599,0.0466048,
0.00424108,0.00046211,-0.000541898,-0.000184024,-0.00105752,0.000647938,-6.44767e-05,0.00046211,0.00120065,0.00053738,0.00117089,-0.00100971,-0.000612798,-1.40389e-05,-0.000541898,0.00053738,0.00290443,0.000687268,0.000802313,0.000527247,-1.9952e-05,-0.000184024,0.00117089,0.000687268,0.00301297,-0.00103219,0.00135522,3.02301e-05,-0.00105752,-0.00100971,0.000802313,-0.00103219,0.024964,0.000380388,0.000151167,0.000647938,-0.000612798,0.000527247,0.00135522,0.000380388,0.0278921,0.000358148,-6.44767e-05,-1.40389e-05,-1.9952e-05,3.02301e-05,0.000151167,0.000358148,0.0466047,
0.00424108,0.000462112,-0.000541901,-0.000184025,-0.00105753,0.000647944,-6.45027e-05,0.000462112,0.00120064,0.000537382,0.00117089,-0.0010097,-0.000612788,-1.40554e-05,-0.000541901,0.000537382,0.00290443,0.000687266,0.000802291,0.000527249,-1.99399e-05,-0.000184025,0.00117089,0.000687266,0.00301298,-0.0010322,0.00135519,3.02087e-05,-0.00105753,-0.0010097,0.000802291,-0.0010322,0.024964,0.000380345,0.000150772,0.000647944,-0.000612788,0.000527249,0.00135519,0.000380345,0.0278922,0.000358696,-6.45027e-05,-1.40554e-05,-1.99399e-05,3.02087e-05,0.000150772,0.000358696,0.0466045,
0.00424108,0.000462113,-0.000541903,-0.000184027,-0.00105755,0.000647949,-6.45287e-05,0.000462113,0.00120064,0.000537383,0.00117089,-0.00100968,-0.000612778,-1.40719e-05,-0.000541903,0.000537383,0.00290442,0.000687263,0.000802268,0.000527252,-1.99277e-05,-0.000184027,0.00117089,0.000687263,0.00301298,-0.00103221,0.00135516,3.01872e-05,-0.00105755,-0.00100968,0.000802268,-0.00103221,0.0249641,0.000380303,0.000150377,0.000647949,-0.000612778,0.000527252,0.00135516,0.000380303,0.0278923,0.000359243,-6.45287e-05,-1.40719e-05,-1.99277e-05,3.01872e-05,0.000150377,0.000359243,0.0466044,
0.00424108,0.000462114,-0.000541906,-0.000184029,-0.00105757,0.000647955,-6.45546e-05,0.000462114,0.00120064,0.000537384,0.00117089,-0.00100967,-0.000612768,-1.40883e-05,-0.000541906,0.000537384,0.00290442,0.000687261,0.000802246,0.000527255,-1.99156e-05,-0.000184029,0.00117089,0.000687261,0.00301298,-0.00103222,0.00135513,3.01658e-05,-0.00105757,-0.00100967,0.000802246,-0.00103222,0.0249641,0.00038026,0.000149982,0.000647955,-0.000612768,0.000527255,0.00135513,0.00038026,0.0278924,0.00035979,-6.45546e-05,-1.40883e-05,-1.99156e-05,3.01658e-05,0.000149982,0.00035979,0.0466042,
0.00424107,0.000462115,-0.000541909,-0.00018403,-0.00105758,0.000647961,-6.45806e-05,0.000462115,0.00120064,0.000537386,0.00117089,-0.00100965,-0.000612758,-1.41048e-05,-0.000541909,0.000537386,0.00290442,0.000687259,0.000802223,0.000527257,-1.99035e-05,-0.00018403,0.00117089,0.000687259,0.00301298,-0.00103223,0.00135511,3.01444e-05,-0.00105758,-0.00100965,0.000802223,-0.00103223,0.0249642,0.000380217,0.000149588,0.000647961,-0.000612758,0.000527257,0.00135511,0.000380217,0.0278925,0.000360337,-6.45806e-05,-1.41048e-05,-1.99035e-05,3.01444e-05,0.000149588,0.000360337,0.046604,
0.00424107,0.000462117,-0.000541912,-0.000184032,-0.0010576,0.000647967,-6.46065e-05,0.000462117,0.00120064,0.000537387,0.00117089,-0.00100964,-0.000612748,-1.41212e-05,-0.000541912,0.000537387,0.00290442,0.000687257,0.000802201,0.00052726,-1.98914e-05,-0.000184032,0.00117089,0.000687257,0.00301298,-0.00103223,0.00135508,3.01231e-05,-0.0010576,-0.00100964,0.000802201,-0.00103223,0.0249642,0.000380175,0.000149194,0.000647967,-0.000612748,0.00052726,0.00135508,0.000380175,0.0278926,0.000360883,-6.46065e-05,-1.41212e-05,-1.98914e-05,3.01231e-05,0.000149194,0.000360883,0.0466039,
0.00424107,0.000462118,-0.000541915,-0.000184033,-0.00105761,0.000647973,-6.46324e-05,0.000462118,0.00120064,0.000537388,0.00117089,-0.00100963,-0.000612738,-1.41377e-05,-0.000541915,0.000537388,0.00290441,0.000687255,0.000802179,0.000527263,-1.98793e-05,-0.000184033,0.00117089,0.000687255,0.00301298,-0.00103224,0.00135505,3.01017e-05,-0.00105761,-0.00100963,0.000802179,-0.00103224,0.0249643,0.000380132,0.0001488,0.000647973,-0.000612738,0.000527263,0.00135505,0.000380132,0.0278927,0.000361429,-6.46324e-05,-1.41377e-05,-1.98793e-05,3.01017e-05,0.0001488,0.000361429,0.0466037,
0.00424106,0.000462119,-0.000541917,-0.000184035,-0.00105763,0.000647979,-6.46583e-05,0.000462119,0.00120064,0.00053739,0.00117089,-0.00100961,-0.000612728,-1.41541e-05,-0.000541917,0.00053739,0.00290441,0.000687253,0.000802156,0.000527265,-1.98672e-05,-0.000184035,0.00117089,0.000687253,0.00301299,-0.00103225,0.00135502,3.00804e-05,-0.00105763,-0.00100961,0.000802156,-0.00103225,0.0249643,0.000380089,0.000148406,0.000647979,-0.000612728,0.000527265,0.00135502,0.000380089,0.0278928,0.000361975,-6.46583e-05,-1.41541e-05,-1.98672e-05,3.00804e-05,0.000148406,0.000361975,0.0466035,
0.00424106,0.00046212,-0.00054192,-0.000184037,-0.00105765,0.000647985,-6.46842e-05,0.00046212,0.00120064,0.000537391,0.00117089,-0.0010096,-0.000612718,-1.41705e-05,-0.00054192,0.000537391,0.00290441,0.000687251,0.000802134,0.000527268,-1.98551e-05,-0.000184037,0.00117089,0.000687251,0.00301299,-0.00103226,0.001355,3.00591e-05,-0.00105765,-0.0010096,0.000802134,-0.00103226,0.0249644,0.000380046,0.000148013,0.000647985,-0.000612718,0.000527268,0.001355,0.000380046,0.0278929,0.00036252,-6.46842e-05,-1.41705e-05,-1.98551e-05,3.00591e-05,0.000148013,0.00036252,0.0466034,
0.00424106,0.000462122,-0.000541923,-0.000184038,-0.00105766,0.00064799,-6.47101e-05,0.000462122,0.00120064,0.000537392,0.00117089,-0.00100959,-0.000612708,-1.41869e-05,-0.000541923,0.000537392,0.00290441,0.000687249,0.000802112,0.00052727,-1.98431e-05,-0.000184038,0.00117089,0.000687249,0.00301299,-0.00103227,0.00135497,3.00378e-05,-0.00105766,-0.00100959,0.000802112,-0.00103227,0.0249644,0.000380004,0.00014762,0.00064799,-0.000612708,0.00052727,0.00135497,0.000380004,0.027893,0.000363065,-6.47101e-05,-1.41869e-05,-1.98431e-05,3.00378e-05,0.00014762,0.000363065,0.0466032,
0.00424105,0.000462123,-0.000541926,-0.00018404,-0.00105768,0.000647996,-6.47359e-05,0.000462123,0.00120064,0.000537394,0.00117089,-0.00100957,-0.000612698,-1.42033e-05,-0.000541926,0.000537394,0.00290441,0.000687247,0.000802089,0.000527273,-1.9831e-05,-0.00018404,0.00117089,0.000687247,0.00301299,-0.00103228,0.00135494,3.00165e-05,-0.00105768,-0.00100957,0.000802089,-0.00103228,0.0249645,0.000379961,0.000147228,0.000647996,-0.000612698,0.000527273,0.00135494,0.000379961,0.0278931,0.00036361,-6.47359e-05,-1.42033e-05,-1.9831e-05,3.00165e-05,0.000147228,0.00036361,0.0466031,
0.00424105,0.000462124,-0.000541928,-0.000184042,-0.0010577,0.000648002,-6.47618e-05,0.000462124,0.00120064,0.000537395,0.00117089,-0.00100956,-0.000612688,-1.42197e-05,-0.000541928,0.000537395,0.0029044,0.000687245,0.000802067,0.000527276,-1.9819e-05,-0.000184042,0.00117089,0.000687245,0.00301299,-0.00103229,0.00135491,2.99952e-05,-0.0010577,-0.00100956,0.000802067,-0.00103229,0.0249645,0.000379918,0.000146835,0.000648002,-0.000612688,0.000527276,0.00135491,0.000379918,0.0278932,0.000364154,-6.47618e-05,-1.42197e-05,-1.9819e-05,2.99952e-05,0.000146835,0.000364154,0.0466029,
0.00424105,0.000462125,-0.000541931,-0.000184043,-0.00105771,0.000648008,-6.47877e-05,0.000462125,0.00120064,0.000537396,0.00117089,-0.00100955,-0.000612678,-1.42361e-05,-0.000541931,0.000537396,0.0029044,0.000687242,0.000802045,0.000527278,-1.98069e-05,-0.000184043,0.00117089,0.000687242,0.003013,-0.0010323,0.00135489,2.9974e-05,-0.00105771,-0.00100955,0.000802045,-0.0010323,0.0249646,0.000379875,0.000146443,0.000648008,-0.000612678,0.000527278,0.00135489,0.000379875,0.0278932,0.000364699,-6.47877e-05,-1.42361e-05,-1.98069e-05,2.9974e-05,0.000146443,0.000364699,0.0466027,
0.00424104,0.000462127,-0.000541934,-0.000184045,-0.00105773,0.000648014,-6.48135e-05,0.000462127,0.00120064,0.000537397,0.00117089,-0.00100953,-0.000612668,-1.42525e-05,-0.000541934,0.000537397,0.0029044,0.00068724,0.000802022,0.000527281,-1.97949e-05,-0.000184045,0.00117089,0.00068724,0.003013,-0.00103231,0.00135486,2.99527e-05,-0.00105773,-0.00100953,0.000802022,-0.00103231,0.0249646,0.000379831,0.000146051,0.000648014,-0.000612668,0.000527281,0.00135486,0.000379831,0.0278933,0.000365243,-6.48135e-05,-1.42525e-05,-1.97949e-05,2.99527e-05,0.000146051,0.000365243,0.0466026,
0.00424104,0.000462128,-0.000541936,-0.000184047,-0.00105774,0.000648019,-6.48394e-05,0.000462128,0.00120064,0.000537399,0.00117089,-0.00100952,-0.000612658,-1.42688e-05,-0.000541936,0.000537399,0.0029044,0.000687238,0.000802,0.000527284,-1.97829e-05,-0.000184047,0.00117089,0.000687238,0.003013,-0.00103232,0.00135483,2.99315e-05,-0.00105774,-0.00100952,0.000802,-0.00103232,0.0249647,0.000379788,0.000145659,0.000648019,-0.000612658,0.000527284,0.00135483,0.000379788,0.0278934,0.000365787,-6.48394e-05,-1.42688e-05,-1.97829e-05,2.99315e-05,0.000145659,0.000365787,0.0466024,
0.00424104,0.000462129,-0.000541939,-0.000184048,-0.00105776,0.000648025,-6.48652e-05,0.000462129,0.00120064,0.0005374,0.00117089,-0.0010095,-0.000612649,-1.42852e-05,-0.000541939,0.0005374,0.00290439,0.000687236,0.000801978,0.000527286,-1.97709e-05,-0.000184048,0.00117089,0.000687236,0.003013,-0.00103233,0.0013548,2.99103e-05,-0.00105776,-0.0010095,0.000801978,-0.00103233,0.0249647,0.000379745,0.000145267,0.000648025,-0.000612649,0.000527286,0.0013548,0.000379745,0.0278935,0.00036633,-6.48652e-05,-1.42852e-05,-1.97709e-05,2.99103e-05,0.000145267,0.00036633,0.0466022,
0.00424104,0.00046213,-0.000541942,-0.00018405,-0.00105778,0.000648031,-6.48911e-05,0.00046213,0.00120064,0.000537401,0.00117089,-0.00100949,-0.000612639,-1.43016e-05,-0.000541942,0.000537401,0.00290439,0.000687234,0.000801955,0.000527289,-1.97589e-05,-0.00018405,0.00117089,0.000687234,0.003013,-0.00103234,0.00135478,2.98891e-05,-0.00105778,-0.00100949,0.000801955,-0.00103234,0.0249648,0.000379702,0.000144876,0.000648031,-0.000612639,0.000527289,0.00135478,0.000379702,0.0278936,0.000366874,-6.48911e-05,-1.43016e-05,-1.97589e-05,2.98891e-05,0.000144876,0.000366874,0.0466021,
0.00424103,0.000462132,-0.000541945,-0.000184052,-0.00105779,0.000648037,-6.49169e-05,0.000462132,0.00120064,0.000537403,0.00117089,-0.00100948,-0.000612629,-1.43179e-05,-0.000541945,0.000537403,0.00290439,0.000687232,0.000801933,0.000527292,-1.97469e-05,-0.000184052,0.00117089,0.000687232,0.00301301,-0.00103235,0.00135475,2.98679e-05,-0.00105779,-0.00100948,0.000801933,-0.00103235,0.0249648,0.000379658,0.000144484,0.000648037,-0.000612629,0.000527292,0.00135475,0.000379658,0.0278937,0.000367417,-6.49169e-05,-1.43179e-05,-1.97469e-05,2.98679e-05,0.000144484,0.000367417,0.0466019,
0.00424103,0.000462133,-0.000541947,-0.000184053,-0.00105781,0.000648043,-6.49427e-05,0.000462133,0.00120064,0.000537404,0.00117089,-0.00100946,-0.000612619,-1.43343e-05,-0.000541947,0.000537404,0.00290439,0.00068723,0.000801911,0.000527294,-1.97349e-05,-0.000184053,0.00117089,0.00068723,0.00301301,-0.00103235,0.00135472,2.98467e-05,-0.00105781,-0.00100946,0.000801911,-0.00103235,0.0249648,0.000379615,0.000144093,0.000648043,-0.000612619,0.000527294,0.00135472,0.000379615,0.0278938,0.00036796,-6.49427e-05,-1.43343e-05,-1.97349e-05,2.98467e-05,0.000144093,0.00036796,0.0466017,
0.00424103,0.000462134,-0.00054195,-0.000184055,-0.00105783,0.000648048,-6.49686e-05,0.000462134,0.00120064,0.000537405,0.00117089,-0.00100945,-0.000612609,-1.43507e-05,-0.00054195,0.000537405,0.00290438,0.000687228,0.000801889,0.000527297,-1.97229e-05,-0.000184055,0.00117089,0.000687228,0.00301301,-0.00103236,0.00135469,2.98255e-05,-0.00105783,-0.00100945,0.000801889,-0.00103236,0.0249649,0.000379571,0.000143702,0.000648048,-0.000612609,0.000527297,0.00135469,0.000379571,0.0278939,0.000368503,-6.49686e-05,-1.43507e-05,-1.97229e-05,2.98255e-05,0.000143702,0.000368503,0.0466016,
0.00424102,0.000462135,-0.000541953,-0.000184057,-0.00105784,0.000648054,-6.49944e-05,0.000462135,0.00120064,0.000537407,0.00117089,-0.00100944,-0.000612599,-1.4367e-05,-0.000541953,0.000537407,0.00290438,0.000687226,0.000801866,0.0005273,-1.97109e-05,-0.000184057,0.00117089,0.000687226,0.00301301,-0.00103237,0.00135467,2.98044e-05,-0.00105784,-0.00100944,0.000801866,-0.00103237,0.0249649,0.000379528,0.000143311,0.000648054,-0.000612599,0.0005273,0.00135467,0.000379528,0.027894,0.000369046,-6.49944e-05,-1.4367e-05,-1.97109e-05,2.98044e-05,0.000143311,0.000369046,0.0466014,
0.00424102,0.000462137,-0.000541955,-0.000184058,-0.00105786,0.00064806,-6.50203e-05,0.000462137,0.00120064,0.000537408,0.00117089,-0.00100942,-0.000612589,-1.43834e-05,-0.000541955,0.000537408,0.00290438,0.000687224,0.000801844,0.000527302,-1.9699e-05,-0.000184058,0.00117089,0.000687224,0.00301301,-0.00103238,0.00135464,2.97832e-05,-0.00105786,-0.00100942,0.000801844,-0.00103238,0.024965,0.000379484,0.00014292,0.00064806,-0.000612589,0.000527302,0.00135464,0.000379484,0.0278941,0.000369589,-6.50203e-05,-1.43834e-05,-1.9699e-05,2.97832e-05,0.00014292,0.000369589,0.0466012,
0.00424102,0.000462138,-0.000541958,-0.00018406,-0.00105787,0.000648066,-6.50461e-05,0.000462138,0.00120063,0.000537409,0.00117089,-0.00100941,-0.000612579,-1.43997e-05,-0.000541958,0.000537409,0.00290438,0.000687222,0.000801822,0.000527305,-1.9687e-05,-0.00018406,0.00117089,0.000687222,0.00301302,-0.00103239,0.00135461,2.97621e-05,-0.00105787,-0.00100941,0.000801822,-0.00103239,0.024965,0.00037944,0.000142529,0.000648066,-0.000612579,0.000527305,0.00135461,0.00037944,0.0278942,0.000370132,-6.50461e-05,-1.43997e-05,-1.9687e-05,2.97621e-05,0.000142529,0.000370132,0.0466011,
0.00424101,0.000462139,-0.000541961,-0.000184061,-0.00105789,0.000648071,-6.50719e-05,0.000462139,0.00120063,0.000537411,0.00117089,-0.0010094,-0.000612569,-1.4416e-05,-0.000541961,0.000537411,0.00290438,0.00068722,0.000801799,0.000527308,-1.96751e-05,-0.000184061,0.00117089,0.00068722,0.00301302,-0.0010324,0.00135458,2.97409e-05,-0.00105789,-0.0010094,0.000801799,-0.0010324,0.0249651,0.000379397,0.000142139,0.000648071,-0.000612569,0.000527308,0.00135458,0.000379397,0.0278942,0.000370675,-6.50719e-05,-1.4416e-05,-1.96751e-05,2.97409e-05,0.000142139,0.000370675,0.0466009,
0.00424101,0.00046214,-0.000541963,-0.000184063,-0.00105791,0.000648077,-6.50978e-05,0.00046214,0.00120063,0.000537412,0.0011709,-0.00100938,-0.000612559,-1.44324e-05,-0.000541963,0.000537412,0.00290437,0.000687217,0.000801777,0.00052731,-1.96631e-05,-0.000184063,0.0011709,0.000687217,0.00301302,-0.00103241,0.00135456,2.97198e-05,-0.00105791,-0.00100938,0.000801777,-0.00103241,0.0249651,0.000379353,0.000141748,0.000648077,-0.000612559,0.00052731,0.00135456,0.000379353,0.0278943,0.000371217,-6.50978e-05,-1.44324e-05,-1.96631e-05,2.97198e-05,0.000141748,0.000371217,0.0466007,
0.00424101,0.000462142,-0.000541966,-0.000184065,-0.00105792,0.000648083,-6.51236e-05,0.000462142,0.00120063,0.000537413,0.0011709,-0.00100937,-0.000612549,-1.44487e-05,-0.000541966,0.000537413,0.00290437,0.000687215,0.000801755,0.000527313,-1.96512e-05,-0.000184065,0.0011709,0.000687215,0.00301302,-0.00103242,0.00135453,2.96987e-05,-0.00105792,-0.00100937,0.000801755,-0.00103242,0.0249652,0.000379309,0.000141358,0.000648083,-0.000612549,0.000527313,0.00135453,0.000379309,0.0278944,0.00037176,-6.51236e-05,-1.44487e-05,-1.96512e-05,2.96987e-05,0.000141358,0.00037176,0.0466006,
0.004241,0.000462143,-0.000541969,-0.000184066,-0.00105794,0.000648089,-6.51494e-05,0.000462143,0.00120063,0.000537415,0.0011709,-0.00100935,-0.000612539,-1.44651e-05,-0.000541969,0.000537415,0.00290437,0.000687213,0.000801732,0.000527316,-1.96392e-05,-0.000184066,0.0011709,0.000687213,0.00301302,-0.00103243,0.0013545,2.96776e-05,-0.00105794,-0.00100935,0.000801732,-0.00103243,0.0249652,0.000379265,0.000140968,0.000648089,-0.000612539,0.000527316,0.0013545,0.000379265,0.0278945,0.000372302,-6.51494e-05,-1.44651e-05,-1.96392e-05,2.96776e-05,0.000140968,0.000372302,0.0466004,
0.004241,0.000462144,-0.000541972,-0.000184068,-0.00105796,0.000648094,-6.51753e-05,0.000462144,0.00120063,0.000537416,0.0011709,-0.00100934,-0.000612529,-1.44814e-05,-0.000541972,0.000537416,0.00290437,0.000687211,0.00080171,0.000527319,-1.96273e-05,-0.000184068,0.0011709,0.000687211,0.00301302,-0.00103244,0.00135447,2.96565e-05,-0.00105796,-0.00100934,0.00080171,-0.00103244,0.0249653,0.000379221,0.000140577,0.000648094,-0.000612529,0.000527319,0.00135447,0.000379221,0.0278946,0.000372844,-6.51753e-05,-1.44814e-05,-1.96273e-05,2.96565e-05,0.000140577,0.000372844,0.0466002,
