0.00350709,0.000572556,-0.00159269,-4.60992e-05,-0.000594142,-0.00141239,1.16917e-05,0.000572556,0.00133421,0.000415105,-0.00109636,-0.000577103,-0.000581686,-2.95543e-05,-0.00159269,0.000415105,0.00268878,-0.00044369,-0.00058062,-0.00175788,5.79408e-05,-4.60992e-05,-0.00109636,-0.00044369,0.00267312,-0.000907606,-0.00146539,-2.5582e-05,-0.000594142,-0.000577103,-0.00058062,-0.000907606,0.0348062,0.00245508,-0.00191152,-0.00141239,-0.000581686,-0.00175788,-0.00146539,0.00245508,0.0290282,-3.92595e-05,1.16917e-05,-2.95543e-05,5.79408e-05,-2.5582e-05,-0.00191152,-3.92595e-05,0.0467237,
0.00350641,0.000572412,-0.00159329,-4.63383e-05,-0.000594278,-0.00141282,1.17541e-05,0.000572412,0.00133427,0.000415015,-0.00109632,-0.000576826,-0.000581637,-2.95458e-05,-0.00159329,0.000415015,0.00268922,-0.00044345,-0.000580763,-0.00175762,5.79242e-05,-4.63383e-05,-0.00109632,-0.00044345,0.00267279,-0.000907153,-0.00146493,-2.56389e-05,-0.000594278,-0.000576826,-0.000580763,-0.000907153,0.0348062,0.00245503,-0.00191119,-0.00141282,-0.000581637,-0.00175762,-0.00146493,0.00245503,0.0290291,-3.93194e-05,1.17541e-05,-2.95458e-05,5.79242e-05,-2.56389e-05,-0.00191119,-3.93194e-05,0.0467237,
0.0035058,0.000572269,-0.00159384,-4.65821e-05,-0.000594414,-0.00141317,1.18092e-05,0.000572269,0.00133431,0.000414944,-0.00109629,-0.000576595,-0.000581556,-2.95355e-05,-0.00159384,0.000414944,0.00268967,-0.000443237,-0.000580894,-0.00175734,5.79065e-05,-4.65821e-05,-0.00109629,-0.000443237,0.00267253,-0.000906688,-0.00146463,-2.56812e-05,-0.000594414,-0.000576595,-0.000580894,-0.000906688,0.0348063,0.00245498,-0.00191089,-0.00141317,-0.000581556,-0.00175734,-0.00146463,0.00245498,0.0290299,-3.93714e-05,1.18092e-05,-2.95355e-05,5.79065e-05,-2.56812e-05,-0.00191089,-3.93714e-05,0.0467237,
0.00350526,0.000572132,-0.00159432,-4.68097e-05,-0.000594527,-0.00141345,1.18536e-05,0.000572132,0.00133433,0.000414879,-0.00109628,-0.000576403,-0.000581479,-2.95245e-05,-0.00159432,0.000414879,0.00269007,-0.000443045,-0.000580996,-0.00175707,5.78871e-05,-4.68096e-05,-0.00109628,-0.000443045,0.00267234,-0.000906272,-0.0014644,-2.57062e-05,-0.000594527,-0.000576403,-0.000580996,-0.000906272,0.0348064,0.00245494,-0.00191063,-0.00141345,-0.000581479,-0.00175707,-0.0014644,0.00245494,0.0290307,-3.94182e-05,1.18536e-05,-2.95245e-05,5.78871e-05,-2.57062e-05,-0.00191063,-3.94182e-05,0.0467237,
0.00350479,0.000572002,-0.00159475,-4.70168e-05,-0.000594616,-0.00141369,1.18872e-05,0.000572002,0.00133434,0.000414819,-0.00109628,-0.000576242,-0.000581414,-2.95135e-05,-0.00159475,0.000414819,0.00269043,-0.000442874,-0.000581069,-0.00175682,5.78659e-05,-4.70168e-05,-0.00109628,-0.000442874,0.00267218,-0.000905917,-0.00146421,-2.5715e-05,-0.000594616,-0.000576242,-0.000581069,-0.000905917,0.0348064,0.0024549,-0.00191044,-0.00141369,-0.000581414,-0.00175682,-0.00146421,0.0024549,0.0290313,-3.9461e-05,1.18872e-05,-2.95135e-05,5.78659e-05,-2.5715e-05,-0.00191044,-3.9461e-05,0.0467238,
0.00350438,0.000571881,-0.00159513,-4.72039e-05,-0.000594685,-0.00141389,1.19111e-05,0.000571881,0.00133434,0.000414763,-0.00109628,-0.000576106,-0.000581362,-2.95027e-05,-0.00159513,0.000414763,0.00269074,-0.00044272,-0.000581121,-0.00175659,5.78431e-05,-4.72039e-05,-0.00109628,-0.00044272,0.00267206,-0.000905618,-0.00146404,-2.57099e-05,-0.000594685,-0.000576106,-0.000581121,-0.000905618,0.0348064,0.00245487,-0.0019103,-0.00141389,-0.000581362,-0.00175659,-0.00146404,0.00245487,0.0290319,-3.95008e-05,1.19111e-05,-2.95027e-05,5.78431e-05,-2.57099e-05,-0.0019103,-3.95008e-05,0.0467238,
0.00350401,0.000571767,-0.00159546,-4.73728e-05,-0.000594737,-0.00141406,1.19265e-05,0.000571767,0.00133434,0.000414709,-0.00109628,-0.000575992,-0.000581321,-2.94921e-05,-0.00159546,0.000414709,0.00269102,-0.000442582,-0.000581154,-0.00175638,5.78188e-05,-4.73728e-05,-0.00109628,-0.000442582,0.00267197,-0.000905366,-0.00146389,-2.56931e-05,-0.000594737,-0.000575992,-0.000581154,-0.000905366,0.0348064,0.00245483,-0.0019102,-0.00141406,-0.000581321,-0.00175638,-0.00146389,0.00245483,0.0290324,-3.95379e-05,1.19265e-05,-2.94921e-05,5.78188e-05,-2.56931e-05,-0.0019102,-3.95379e-05,0.0467239,
0.00350369,0.000571662,-0.00159576,-4.75252e-05,-0.000594777,-0.00141421,1.19346e-05,0.000571662,0.00133433,0.00041466,-0.00109629,-0.000575895,-0.000581289,-2.94818e-05,-0.00159576,0.00041466,0.00269126,-0.000442457,-0.000581175,-0.00175619,5.77932e-05,-4.75252e-05,-0.00109629,-0.000442457,0.00267189,-0.000905153,-0.00146376,-2.56664e-05,-0.000594777,-0.000575895,-0.000581175,-0.000905153,0.0348063,0.0024548,-0.00191014,-0.00141421,-0.000581289,-0.00175619,-0.00146376,0.0024548,0.0290329,-3.95729e-05,1.19346e-05,-2.94818e-05,5.77932e-05,-2.56664e-05,-0.00191014,-3.95729e-05,0.046724,
0.00350341,0.000571564,-0.00159603,-4.76627e-05,-0.000594808,-0.00141434,1.19367e-05,0.000571564,0.00133432,0.000414613,-0.0010963,-0.000575813,-0.000581263,-2.94718e-05,-0.00159603,0.000414613,0.00269147,-0.000442346,-0.000581187,-0.00175601,5.77667e-05,-4.76627e-05,-0.0010963,-0.000442346,0.00267183,-0.000904972,-0.00146363,-2.56315e-05,-0.000594808,-0.000575813,-0.000581187,-0.000904972,0.0348062,0.00245477,-0.00191011,-0.00141434,-0.000581263,-0.00175601,-0.00146363,0.00245477,0.0290333,-3.96061e-05,1.19367e-05,-2.94718e-05,5.77667e-05,-2.56315e-05,-0.00191011,-3.96061e-05,0.046724,
0.00350315,0.000571475,-0.00159627,-4.77868e-05,-0.000594832,-0.00141444,1.19334e-05,0.000571475,0.00133431,0.00041457,-0.00109631,-0.000575742,-0.000581243,-2.94621e-05,-0.00159627,0.00041457,0.00269166,-0.000442245,-0.000581191,-0.00175585,5.77393e-05,-4.77868e-05,-0.00109631,-0.000442245,0.00267178,-0.000904816,-0.00146352,-2.55899e-05,-0.000594832,-0.000575742,-0.000581191,-0.000904816,0.0348061,0.00245474,-0.0019101,-0.00141444,-0.000581243,-0.00175585,-0.00146352,0.00245474,0.0290337,-3.96378e-05,1.19334e-05,-2.94621e-05,5.77393e-05,-2.55899e-05,-0.0019101,-3.96378e-05,0.0467241,
0.00350293,0.000571392,-0.00159648,-4.78989e-05,-0.000594851,-0.00141454,1.19257e-05,0.000571392,0.0013343,0.00041453,-0.00109632,-0.000575682,-0.000581227,-2.94527e-05,-0.00159648,0.00041453,0.00269183,-0.000442155,-0.000581191,-0.00175571,5.77112e-05,-4.78989e-05,-0.00109632,-0.000442155,0.00267175,-0.000904681,-0.00146342,-2.55425e-05,-0.000594851,-0.000575682,-0.000581191,-0.000904681,0.034806,0.00245471,-0.00191011,-0.00141454,-0.000581227,-0.00175571,-0.00146342,0.00245471,0.0290341,-3.96682e-05,1.19257e-05,-2.94527e-05,5.77112e-05,-2.55425e-05,-0.00191011,-3.96682e-05,0.0467242,
0.00350273,0.000571316,-0.00159667,-4.80002e-05,-0.000594866,-0.00141462,1.19141e-05,0.000571316,0.00133428,0.000414494,-0.00109633,-0.000575629,-0.000581213,-2.94435e-05,-0.00159667,0.000414494,0.00269198,-0.000442074,-0.000581188,-0.00175558,5.76825e-05,-4.80002e-05,-0.00109633,-0.000442074,0.00267172,-0.000904562,-0.00146333,-2.54903e-05,-0.000594866,-0.000575629,-0.000581188,-0.000904562,0.0348059,0.00245468,-0.00191014,-0.00141462,-0.000581213,-0.00175558,-0.00146333,0.00245468,0.0290345,-3.96975e-05,1.19141e-05,-2.94435e-05,5.76825e-05,-2.54903e-05,-0.00191014,-3.96975e-05,0.0467243,
0.00350255,0.000571247,-0.00159685,-4.80918e-05,-0.000594878,-0.00141469,1.18992e-05,0.000571247,0.00133427,0.00041446,-0.00109634,-0.000575584,-0.000581202,-2.94345e-05,-0.00159685,0.00041446,0.00269211,-0.000442,-0.000581183,-0.00175546,5.76533e-05,-4.80918e-05,-0.00109634,-0.000442,0.0026717,-0.000904456,-0.00146324,-2.5434e-05,-0.000594878,-0.000575584,-0.000581183,-0.000904456,0.0348058,0.00245464,-0.00191018,-0.00141469,-0.000581202,-0.00175546,-0.00146324,0.00245464,0.0290348,-3.97258e-05,1.18992e-05,-2.94345e-05,5.76533e-05,-2.5434e-05,-0.00191018,-3.97258e-05,0.0467244,
0.00350239,0.000571183,-0.001597,-4.81747e-05,-0.00059489,-0.00141475,1.18815e-05,0.000571183,0.00133425,0.000414428,-0.00109635,-0.000575544,-0.000581192,-2.94257e-05,-0.001597,0.000414428,0.00269223,-0.000441934,-0.000581177,-0.00175534,5.76237e-05,-4.81747e-05,-0.00109635,-0.000441934,0.00267168,-0.000904361,-0.00146317,-2.53743e-05,-0.00059489,-0.000575544,-0.000581177,-0.000904361,0.0348057,0.00245461,-0.00191023,-0.00141475,-0.000581192,-0.00175534,-0.00146317,0.00245461,0.0290351,-3.97534e-05,1.18815e-05,-2.94257e-05,5.76237e-05,-2.53743e-05,-0.00191023,-3.97534e-05,0.0467245,
0.00350224,0.000571124,-0.00159714,-4.82498e-05,-0.0005949,-0.0014148,1.18612e-05,0.000571124,0.00133424,0.000414399,-0.00109636,-0.000575509,-0.000581182,-2.94171e-05,-0.00159714,0.000414399,0.00269234,-0.000441874,-0.00058117,-0.00175524,5.75937e-05,-4.82498e-05,-0.00109636,-0.000441874,0.00267166,-0.000904274,-0.00146309,-2.53117e-05,-0.0005949,-0.000575509,-0.00058117,-0.000904274,0.0348055,0.00245458,-0.00191029,-0.0014148,-0.000581182,-0.00175524,-0.00146309,0.00245458,0.0290354,-3.97803e-05,1.18612e-05,-2.94171e-05,5.75937e-05,-2.53117e-05,-0.00191029,-3.97803e-05,0.0467246,
0.00350211,0.000571071,-0.00159726,-4.83177e-05,-0.00059491,-0.00141485,1.18388e-05,0.000571071,0.00133423,0.000414373,-0.00109637,-0.000575478,-0.000581174,-2.94087e-05,-0.00159726,0.000414373,0.00269243,-0.00044182,-0.000581164,-0.00175515,5.75634e-05,-4.83177e-05,-0.00109637,-0.00044182,0.00267165,-0.000904193,-0.00146303,-2.52465e-05,-0.00059491,-0.000575478,-0.000581164,-0.000904193,0.0348054,0.00245455,-0.00191036,-0.00141485,-0.000581174,-0.00175515,-0.00146303,0.00245455,0.0290357,-3.98067e-05,1.18388e-05,-2.94087e-05,5.75634e-05,-2.52465e-05,-0.00191036,-3.98067e-05,0.0467247,
0.003502,0.000571022,-0.00159738,-4.83794e-05,-0.00059492,-0.00141489,1.18145e-05,0.000571022,0.00133422,0.000414349,-0.00109637,-0.000575451,-0.000581166,-2.94004e-05,-0.00159738,0.000414349,0.00269252,-0.000441771,-0.000581158,-0.00175506,5.75329e-05,-4.83794e-05,-0.00109637,-0.000441771,0.00267164,-0.000904117,-0.00146297,-2.51792e-05,-0.00059492,-0.000575451,-0.000581158,-0.000904117,0.0348052,0.00245451,-0.00191043,-0.00141489,-0.000581166,-0.00175506,-0.00146297,0.00245451,0.029036,-3.98325e-05,1.18145e-05,-2.94004e-05,5.75329e-05,-2.51792e-05,-0.00191043,-3.98325e-05,0.0467248,
0.00350189,0.000570977,-0.00159748,-4.84353e-05,-0.000594931,-0.00141493,1.17885e-05,0.000570977,0.00133421,0.000414326,-0.00109638,-0.000575427,-0.000581158,-2.93923e-05,-0.00159748,0.000414326,0.0026926,-0.000441726,-0.000581154,-0.00175498,5.75021e-05,-4.84353e-05,-0.00109638,-0.000441726,0.00267163,-0.000904046,-0.00146292,-2.51099e-05,-0.000594931,-0.000575427,-0.000581154,-0.000904046,0.0348051,0.00245448,-0.0019105,-0.00141493,-0.000581158,-0.00175498,-0.00146292,0.00245448,0.0290363,-3.9858e-05,1.17885e-05,-2.93923e-05,5.75021e-05,-2.51099e-05,-0.0019105,-3.9858e-05,0.0467249,
0.0035018,0.000570936,-0.00159757,-4.84861e-05,-0.000594941,-0.00141496,1.1761e-05,0.000570936,0.00133419,0.000414306,-0.00109639,-0.000575405,-0.00058115,-2.93843e-05,-0.00159757,0.000414306,0.00269267,-0.000441686,-0.00058115,-0.00175491,5.7471e-05,-4.84861e-05,-0.00109639,-0.000441686,0.00267163,-0.000903978,-0.00146287,-2.50391e-05,-0.000594941,-0.000575405,-0.00058115,-0.000903978,0.0348049,0.00245445,-0.00191058,-0.00141496,-0.00058115,-0.00175491,-0.00146287,0.00245445,0.0290365,-3.98831e-05,1.1761e-05,-2.93843e-05,5.7471e-05,-2.50391e-05,-0.00191058,-3.98831e-05,0.046725,
0.00350171,0.000570898,-0.00159766,-4.85323e-05,-0.000594953,-0.00141498,1.17322e-05,0.000570898,0.00133418,0.000414287,-0.0010964,-0.000575385,-0.000581141,-2.93764e-05,-0.00159766,0.000414287,0.00269273,-0.000441649,-0.000581147,-0.00175484,5.74399e-05,-4.85323e-05,-0.0010964,-0.000441649,0.00267162,-0.000903913,-0.00146283,-2.49667e-05,-0.000594953,-0.000575385,-0.000581147,-0.000903913,0.0348048,0.00245441,-0.00191067,-0.00141498,-0.000581141,-0.00175484,-0.00146283,0.00245441,0.0290368,-3.99079e-05,1.17322e-05,-2.93764e-05,5.74399e-05,-2.49667e-05,-0.00191067,-3.99079e-05,0.0467251,
0.00350158,0.000570929,-0.0015976,-4.86135e-05,-0.000595149,-0.0014164,1.1813e-05,0.0005709,0.00133413,0.000414174,-0.00109637,-0.000575236,-0.000580146,-2.9447e-05,-0.00159777,0.000414312,0.00269288,-0.000441641,-0.000581266,-0.00175569,5.74809e-05,-4.86603e-05,-0.00109629,-0.000441389,0.00267155,-0.000904161,-0.00146513,-2.47061e-05,-0.000594903,-0.000575446,-0.000581308,-0.000903802,0.0348049,0.00245607,-0.00191089,-0.00141629,-0.000579504,-0.0017514,-0.00146377,0.00244974,0.0290021,-3.71507e-05,1.16973e-05,-2.93621e-05,5.74218e-05,-2.4897e-05,-0.00191077,-4.00704e-05,0.0467252,
0.00350151,0.000570897,-0.00159767,-4.86516e-05,-0.000595159,-0.00141642,1.17895e-05,0.000570868,0.00133412,0.000414158,-0.00109638,-0.000575219,-0.000580139,-2.94405e-05,-0.00159784,0.000414296,0.00269293,-0.000441611,-0.000581264,-0.00175563,5.74553e-05,-4.86984e-05,-0.0010963,-0.000441358,0.00267155,-0.000904105,-0.0014651,-2.46467e-05,-0.000594913,-0.000575429,-0.000581306,-0.000903746,0.0348047,0.00245604,-0.00191096,-0.00141631,-0.000579496,-0.00175134,-0.00146373,0.00244971,0.0290023,-3.71705e-05,1.16737e-05,-2.93555e-05,5.73962e-05,-2.48376e-05,-0.00191084,-4.00908e-05,0.0467253,
0.00350144,0.000570868,-0.00159773,-4.86863e-05,-0.000595167,-0.00141644,1.17701e-05,0.00057084,0.00133411,0.000414144,-0.00109638,-0.000575204,-0.000580133,-2.94348e-05,-0.0015979,0.000414282,0.00269298,-0.000441583,-0.000581261,-0.00175558,5.74336e-05,-4.87331e-05,-0.0010963,-0.00044133,0.00267155,-0.000904056,-0.00146507,-2.45967e-05,-0.000594921,-0.000575414,-0.000581304,-0.000903697,0.0348046,0.00245602,-0.00191101,-0.00141633,-0.00057949,-0.00175129,-0.0014637,0.00244969,0.0290025,-3.71874e-05,1.16543e-05,-2.93498e-05,5.73745e-05,-2.47876e-05,-0.0019109,-4.01084e-05,0.0467254,
0.00350136,0.000570868,-0.00159774,-4.87342e-05,-0.000595248,-0.00141702,1.17983e-05,0.000570828,0.00133409,0.000414092,-0.00109638,-0.000575137,-0.000579726,-2.94617e-05,-0.00159797,0.000414286,0.00269305,-0.000441568,-0.000581307,-0.0017559,5.7444e-05,-4.88e-05,-0.00109626,-0.000441212,0.00267152,-0.00090414,-0.001466,-2.44769e-05,-0.000594902,-0.000575432,-0.000581367,-0.000903634,0.0348046,0.00245668,-0.00191112,-0.00141687,-0.000578821,-0.00174987,-0.00146408,0.00244778,0.0289885,-3.6071e-05,1.16355e-05,-2.93422e-05,5.73608e-05,-2.47455e-05,-0.00191095,-4.018e-05,0.0467255,
0.00350131,0.000570844,-0.00159779,-4.87633e-05,-0.000595252,-0.00141704,1.1787e-05,0.000570804,0.00133408,0.00041408,-0.00109638,-0.000575125,-0.000579722,-2.94577e-05,-0.00159803,0.000414273,0.00269309,-0.000441544,-0.000581303,-0.00175586,5.74298e-05,-4.88291e-05,-0.00109627,-0.000441188,0.00267151,-0.000904105,-0.00146597,-2.4445e-05,-0.000594906,-0.00057542,-0.000581363,-0.000903599,0.0348045,0.00245667,-0.00191115,-0.00141688,-0.000578817,-0.00174983,-0.00146405,0.00244776,0.0289886,-3.6082e-05,1.16241e-05,-2.93381e-05,5.73465e-05,-2.47137e-05,-0.00191099,-4.01921e-05,0.0467255,
0.00350126,0.000570822,-0.00159784,-4.87901e-05,-0.000595254,-0.00141706,1.17799e-05,0.000570782,0.00133407,0.000414069,-0.00109639,-0.000575114,-0.000579719,-2.94545e-05,-0.00159808,0.000414262,0.00269313,-0.000441522,-0.000581298,-0.00175582,5.74193e-05,-4.88559e-05,-0.00109627,-0.000441167,0.00267151,-0.000904076,-0.00146595,-2.44224e-05,-0.000594907,-0.000575409,-0.000581357,-0.00090357,0.0348045,0.00245666,-0.00191118,-0.0014169,-0.000578814,-0.00174979,-0.00146403,0.00244775,0.0289887,-3.60902e-05,1.1617e-05,-2.9335e-05,5.73361e-05,-2.46912e-05,-0.00191101,-4.02015e-05,0.0467256,
0.00350121,0.000570802,-0.00159789,-4.88149e-05,-0.000595253,-0.00141707,1.1776e-05,0.000570762,0.00133407,0.000414059,-0.00109639,-0.000575104,-0.000579718,-2.94521e-05,-0.00159812,0.000414252,0.00269316,-0.000441502,-0.000581291,-0.00175579,5.74119e-05,-4.88807e-05,-0.00109628,-0.000441147,0.00267151,-0.000904054,-0.00146593,-2.44073e-05,-0.000594907,-0.000575399,-0.000581351,-0.000903548,0.0348045,0.00245665,-0.00191119,-0.00141691,-0.000578813,-0.00174975,-0.00146401,0.00244774,0.0289887,-3.60963e-05,1.16131e-05,-2.93325e-05,5.73286e-05,-2.46762e-05,-0.00191103,-4.02086e-05,0.0467256,
0.00350117,0.000570784,-0.00159793,-4.88377e-05,-0.000595251,-0.00141709,1.17747e-05,0.000570743,0.00133406,0.000414049,-0.00109639,-0.000575095,-0.000579718,-2.94502e-05,-0.00159816,0.000414243,0.0026932,-0.000441484,-0.000581285,-0.00175576,5.74069e-05,-4.89036e-05,-0.00109628,-0.000441128,0.00267151,-0.000904036,-0.00146592,-2.4398e-05,-0.000594905,-0.00057539,-0.000581345,-0.00090353,0.0348044,0.00245665,-0.0019112,-0.00141693,-0.000578812,-0.00174972,-0.00146399,0.00244773,0.0289888,-3.61007e-05,1.16118e-05,-2.93306e-05,5.73236e-05,-2.46669e-05,-0.00191103,-4.0214e-05,0.0467256,
0.00350113,0.000570766,-0.00159796,-4.88589e-05,-0.000595248,-0.0014171,1.17755e-05,0.000570726,0.00133406,0.000414041,-0.0010964,-0.000575087,-0.000579718,-2.94488e-05,-0.0015982,0.000414235,0.00269322,-0.000441467,-0.000581277,-0.00175573,5.74038e-05,-4.89247e-05,-0.00109628,-0.000441111,0.00267151,-0.000904023,-0.0014659,-2.43933e-05,-0.000594901,-0.000575382,-0.000581337,-0.000903517,0.0348044,0.00245664,-0.0019112,-0.00141694,-0.000578812,-0.00174969,-0.00146398,0.00244773,0.0289888,-3.61038e-05,1.16125e-05,-2.93292e-05,5.73205e-05,-2.46623e-05,-0.00191104,-4.02179e-05,0.0467256,
0.00350109,0.000570751,-0.001598,-4.88786e-05,-0.000595244,-0.00141711,1.17777e-05,0.00057071,0.00133405,0.000414033,-0.0010964,-0.000575079,-0.000579719,-2.94478e-05,-0.00159824,0.000414227,0.00269325,-0.000441451,-0.00058127,-0.00175571,5.74022e-05,-4.89444e-05,-0.00109629,-0.000441095,0.00267151,-0.000904013,-0.00146589,-2.43923e-05,-0.000594897,-0.000575375,-0.00058133,-0.000903507,0.0348044,0.00245664,-0.0019112,-0.00141696,-0.000578813,-0.00174967,-0.00146396,0.00244773,0.0289889,-3.6106e-05,1.16147e-05,-2.93281e-05,5.73189e-05,-2.46614e-05,-0.00191104,-4.02206e-05,0.0467256,
0.00350106,0.000570736,-0.00159803,-4.88968e-05,-0.000595239,-0.00141713,1.17811e-05,0.000570695,0.00133405,0.000414026,-0.0010964,-0.000575073,-0.000579721,-2.9447e-05,-0.00159827,0.00041422,0.00269328,-0.000441436,-0.000581262,-0.00175568,5.74018e-05,-4.89627e-05,-0.00109629,-0.00044108,0.00267151,-0.000904006,-0.00146587,-2.43941e-05,-0.000594892,-0.000575368,-0.000581322,-0.000903499,0.0348044,0.00245664,-0.00191119,-0.00141697,-0.000578815,-0.00174964,-0.00146395,0.00244773,0.0289889,-3.61074e-05,1.16181e-05,-2.93273e-05,5.73185e-05,-2.46632e-05,-0.00191103,-4.02224e-05,0.0467256,
0.00350103,0.000570722,-0.00159806,-4.89139e-05,-0.000595234,-0.00141714,1.17854e-05,0.000570682,0.00133405,0.000414019,-0.00109641,-0.000575067,-0.000579723,-2.94465e-05,-0.0015983,0.000414213,0.0026933,-0.000441423,-0.000581254,-0.00175566,5.74023e-05,-4.89797e-05,-0.00109629,-0.000441067,0.00267151,-0.000904,-0.00146586,-2.4398e-05,-0.000594887,-0.000575362,-0.000581314,-0.000903494,0.0348044,0.00245665,-0.00191119,-0.00141698,-0.000578817,-0.00174962,-0.00146394,0.00244773,0.0289889,-3.61082e-05,1.16223e-05,-2.93268e-05,5.73189e-05,-2.46671e-05,-0.00191102,-4.02235e-05,0.0467256,
0.003501,0.00057071,-0.00159809,-4.89298e-05,-0.000595229,-0.00141715,1.17902e-05,0.000570669,0.00133404,0.000414013,-0.00109641,-0.000575062,-0.000579725,-2.94461e-05,-0.00159833,0.000414207,0.00269332,-0.00044141,-0.000581247,-0.00175564,5.74035e-05,-4.89956e-05,-0.00109629,-0.000441054,0.0026715,-0.000903997,-0.00146585,-2.44035e-05,-0.000594882,-0.000575357,-0.000581307,-0.00090349,0.0348044,0.00245665,-0.00191118,-0.00141699,-0.000578819,-0.0017496,-0.00146393,0.00244773,0.0289889,-3.61086e-05,1.16272e-05,-2.93264e-05,5.73201e-05,-2.46726e-05,-0.00191102,-4.0224e-05,0.0467256,
0.00350097,0.000570698,-0.00159812,-4.89447e-05,-0.000595223,-0.00141716,1.17955e-05,0.000570657,0.00133404,0.000414008,-0.00109641,-0.000575057,-0.000579728,-2.94459e-05,-0.00159836,0.000414202,0.00269334,-0.000441398,-0.000581239,-0.00175562,5.74052e-05,-4.90105e-05,-0.00109629,-0.000441042,0.0026715,-0.000903994,-0.00146584,-2.44102e-05,-0.000594876,-0.000575352,-0.000581299,-0.000903488,0.0348044,0.00245665,-0.00191117,-0.001417,-0.000578822,-0.00174959,-0.00146392,0.00244773,0.0289889,-3.61087e-05,1.16325e-05,-2.93262e-05,5.73218e-05,-2.46793e-05,-0.00191101,-4.0224e-05,0.0467256,
0.00350094,0.000570687,-0.00159814,-4.89587e-05,-0.000595217,-0.00141717,1.1801e-05,0.000570646,0.00133404,0.000414002,-0.00109641,-0.000575052,-0.00057973,-2.94458e-05,-0.00159838,0.000414196,0.00269336,-0.000441387,-0.000581232,-0.00175561,5.74072e-05,-4.90245e-05,-0.0010963,-0.000441031,0.0026715,-0.000903993,-0.00146583,-2.44176e-05,-0.00059487,-0.000575348,-0.000581292,-0.000903487,0.0348045,0.00245665,-0.00191116,-0.00141701,-0.000578825,-0.00174957,-0.00146391,0.00244774,0.0289889,-3.61086e-05,1.1638e-05,-2.93261e-05,5.73239e-05,-2.46867e-05,-0.00191099,-4.02238e-05,0.0467256,
0.00350092,0.000570676,-0.00159817,-4.89719e-05,-0.000595211,-0.00141718,1.18067e-05,0.000570636,0.00133403,0.000413997,-0.00109641,-0.000575048,-0.000579733,-2.94458e-05,-0.0015984,0.000414191,0.00269338,-0.000441376,-0.000581224,-0.00175559,5.74095e-05,-4.90377e-05,-0.0010963,-0.00044102,0.0026715,-0.000903992,-0.00146582,-2.44256e-05,-0.000594864,-0.000575344,-0.000581284,-0.000903486,0.0348045,0.00245666,-0.00191115,-0.00141702,-0.000578827,-0.00174955,-0.0014639,0.00244774,0.0289889,-3.61083e-05,1.16437e-05,-2.93261e-05,5.73262e-05,-2.46946e-05,-0.00191098,-4.02233e-05,0.0467256,
0.0035009,0.000570666,-0.00159819,-4.89843e-05,-0.000595205,-0.00141718,1.18123e-05,0.000570626,0.00133403,0.000413993,-0.00109642,-0.000575044,-0.000579736,-2.94458e-05,-0.00159843,0.000414187,0.00269339,-0.000441366,-0.000581217,-0.00175558,5.7412e-05,-4.90501e-05,-0.0010963,-0.00044101,0.0026715,-0.000903992,-0.00146581,-2.44338e-05,-0.000594858,-0.00057534,-0.000581277,-0.000903486,0.0348045,0.00245666,-0.00191114,-0.00141703,-0.00057883,-0.00174954,-0.00146389,0.00244774,0.0289889,-3.61079e-05,1.16493e-05,-2.93261e-05,5.73287e-05,-2.47028e-05,-0.00191097,-4.02226e-05,0.0467256,
0.00350088,0.000570657,-0.00159821,-4.8996e-05,-0.000595199,-0.00141719,1.1818e-05,0.000570617,0.00133403,0.000413988,-0.00109642,-0.000575041,-0.000579739,-2.94458e-05,-0.00159845,0.000414182,0.00269341,-0.000441357,-0.00058121,-0.00175556,5.74145e-05,-4.90618e-05,-0.0010963,-0.000441001,0.0026715,-0.000903993,-0.00146581,-2.4442e-05,-0.000594853,-0.000575336,-0.00058127,-0.000903486,0.0348045,0.00245666,-0.00191112,-0.00141703,-0.000578833,-0.00174952,-0.00146388,0.00244775,0.0289889,-3.61074e-05,1.1655e-05,-2.93262e-05,5.73312e-05,-2.4711e-05,-0.00191096,-4.02218e-05,0.0467256,
0.00350086,0.000570648,-0.00159823,-4.90072e-05,-0.000595194,-0.0014172,1.18235e-05,0.000570608,0.00133403,0.000413984,-0.00109642,-0.000575037,-0.000579741,-2.94459e-05,-0.00159847,0.000414178,0.00269342,-0.000441348,-0.000581203,-0.00175555,5.7417e-05,-4.9073e-05,-0.0010963,-0.000440992,0.0026715,-0.000903993,-0.0014658,-2.44502e-05,-0.000594847,-0.000575333,-0.000581263,-0.000903487,0.0348045,0.00245667,-0.00191111,-0.00141704,-0.000578836,-0.00174951,-0.00146388,0.00244775,0.0289889,-3.61069e-05,1.16605e-05,-2.93262e-05,5.73337e-05,-2.47192e-05,-0.00191095,-4.0221e-05,0.0467255,
0.00350084,0.00057064,-0.00159825,-4.90178e-05,-0.000595188,-0.00141721,1.18288e-05,0.0005706,0.00133402,0.00041398,-0.00109642,-0.000575034,-0.000579744,-2.9446e-05,-0.00159849,0.000414174,0.00269344,-0.000441339,-0.000581197,-0.00175554,5.74195e-05,-4.90836e-05,-0.00109631,-0.000440984,0.0026715,-0.000903994,-0.00146579,-2.44582e-05,-0.000594842,-0.00057533,-0.000581257,-0.000903488,0.0348045,0.00245667,-0.0019111,-0.00141705,-0.000578838,-0.0017495,-0.00146387,0.00244776,0.0289889,-3.61064e-05,1.16659e-05,-2.93264e-05,5.73362e-05,-2.47272e-05,-0.00191094,-4.02201e-05,0.0467255,
0.00350082,0.000570632,-0.00159827,-4.90279e-05,-0.000595183,-0.00141721,1.18339e-05,0.000570592,0.00133402,0.000413976,-0.00109642,-0.000575031,-0.000579746,-2.94461e-05,-0.0015985,0.00041417,0.00269345,-0.000441331,-0.000581191,-0.00175552,5.74219e-05,-4.90937e-05,-0.00109631,-0.000440976,0.0026715,-0.000903995,-0.00146579,-2.4466e-05,-0.000594836,-0.000575327,-0.000581251,-0.000903488,0.0348045,0.00245667,-0.00191109,-0.00141705,-0.000578841,-0.00174949,-0.00146387,0.00244776,0.0289889,-3.61059e-05,1.1671e-05,-2.93265e-05,5.73387e-05,-2.47349e-05,-0.00191093,-4.02193e-05,0.0467255,
0.0035008,0.000570625,-0.00159828,-4.90376e-05,-0.000595178,-0.00141722,1.18389e-05,0.000570584,0.00133402,0.000413973,-0.00109642,-0.000575029,-0.000579749,-2.94462e-05,-0.00159852,0.000414167,0.00269347,-0.000441324,-0.000581185,-0.00175551,5.74243e-05,-4.91034e-05,-0.00109631,-0.000440968,0.0026715,-0.000903995,-0.00146578,-2.44734e-05,-0.000594831,-0.000575324,-0.000581245,-0.000903489,0.0348045,0.00245668,-0.00191108,-0.00141706,-0.000578843,-0.00174948,-0.00146386,0.00244776,0.0289889,-3.61054e-05,1.1676e-05,-2.93266e-05,5.7341e-05,-2.47423e-05,-0.00191092,-4.02185e-05,0.0467255,
0.00350078,0.000570617,-0.0015983,-4.90469e-05,-0.000595173,-0.00141723,1.18436e-05,0.000570577,0.00133402,0.000413969,-0.00109642,-0.000575026,-0.000579751,-2.94463e-05,-0.00159854,0.000414163,0.00269348,-0.000441316,-0.000581179,-0.0017555,5.74265e-05,-4.91127e-05,-0.00109631,-0.000440961,0.0026715,-0.000903996,-0.00146578,-2.44804e-05,-0.000594827,-0.000575321,-0.000581239,-0.00090349,0.0348046,0.00245668,-0.00191107,-0.00141707,-0.000578846,-0.00174946,-0.00146386,0.00244777,0.0289889,-3.6105e-05,1.16807e-05,-2.93266e-05,5.73432e-05,-2.47493e-05,-0.00191091,-4.02177e-05,0.0467255,
0.00350077,0.00057061,-0.00159832,-4.90559e-05,-0.000595169,-0.00141723,1.1848e-05,0.00057057,0.00133402,0.000413966,-0.00109643,-0.000575023,-0.000579753,-2.94464e-05,-0.00159855,0.00041416,0.00269349,-0.000441309,-0.000581173,-0.00175549,5.74285e-05,-4.91216e-05,-0.00109631,-0.000440953,0.0026715,-0.000903996,-0.00146577,-2.4487e-05,-0.000594822,-0.000575318,-0.000581233,-0.00090349,0.0348046,0.00245668,-0.00191106,-0.00141707,-0.000578848,-0.00174945,-0.00146385,0.00244777,0.0289889,-3.61046e-05,1.16852e-05,-2.93267e-05,5.73453e-05,-2.47559e-05,-0.0019109,-4.02171e-05,0.0467255,
0.00350075,0.000570604,-0.00159833,-4.90645e-05,-0.000595164,-0.00141724,1.18523e-05,0.000570563,0.00133401,0.000413963,-0.00109643,-0.000575021,-0.000579755,-2.94464e-05,-0.00159857,0.000414157,0.0026935,-0.000441302,-0.000581168,-0.00175548,5.74304e-05,-4.91302e-05,-0.00109631,-0.000440947,0.0026715,-0.000903996,-0.00146577,-2.44933e-05,-0.000594818,-0.000575316,-0.000581228,-0.00090349,0.0348046,0.00245668,-0.00191105,-0.00141708,-0.00057885,-0.00174944,-0.00146385,0.00244777,0.0289889,-3.61043e-05,1.16894e-05,-2.93268e-05,5.73472e-05,-2.47621e-05,-0.00191089,-4.02164e-05,0.0467255,
0.00350074,0.000570597,-0.00159835,-4.90728e-05,-0.00059516,-0.00141724,1.18563e-05,0.000570557,0.00133401,0.00041396,-0.00109643,-0.000575018,-0.000579757,-2.94464e-05,-0.00159858,0.000414154,0.00269351,-0.000441296,-0.000581163,-0.00175547,5.74322e-05,-4.91386e-05,-0.00109631,-0.00044094,0.0026715,-0.000903997,-0.00146576,-2.44991e-05,-0.000594813,-0.000575313,-0.000581223,-0.00090349,0.0348046,0.00245669,-0.00191105,-0.00141708,-0.000578852,-0.00174943,-0.00146384,0.00244778,0.0289889,-3.6104e-05,1.16934e-05,-2.93268e-05,5.7349e-05,-2.47679e-05,-0.00191088,-4.02159e-05,0.0467255,
0.00350072,0.000570591,-0.00159836,-4.90809e-05,-0.000595156,-0.00141725,1.186e-05,0.00057055,0.00133401,0.000413957,-0.00109643,-0.000575016,-0.000579759,-2.94464e-05,-0.0015986,0.000414151,0.00269352,-0.000441289,-0.000581158,-0.00175546,5.74339e-05,-4.91466e-05,-0.00109631,-0.000440934,0.0026715,-0.000903996,-0.00146576,-2.45045e-05,-0.000594809,-0.000575311,-0.000581218,-0.00090349,0.0348046,0.00245669,-0.00191104,-0.00141709,-0.000578854,-0.00174942,-0.00146384,0.00244778,0.0289889,-3.61038e-05,1.16972e-05,-2.93268e-05,5.73506e-05,-2.47733e-05,-0.00191087,-4.02154e-05,0.0467255,
0.00350071,0.000570585,-0.00159838,-4.90887e-05,-0.000595152,-0.00141725,1.18636e-05,0.000570544,0.00133401,0.000413954,-0.00109643,-0.000575014,-0.000579761,-2.94464e-05,-0.00159861,0.000414148,0.00269354,-0.000441283,-0.000581153,-0.00175545,5.74353e-05,-4.91545e-05,-0.00109632,-0.000440927,0.0026715,-0.000903996,-0.00146576,-2.45094e-05,-0.000594806,-0.000575309,-0.000581213,-0.00090349,0.0348046,0.00245669,-0.00191103,-0.00141709,-0.000578856,-0.00174941,-0.00146383,0.00244778,0.0289889,-3.61036e-05,1.17007e-05,-2.93268e-05,5.73521e-05,-2.47782e-05,-0.00191087,-4.02151e-05,0.0467255,
0.00350069,0.000570579,-0.00159839,-4.90963e-05,-0.000595149,-0.00141725,1.18669e-05,0.000570538,0.00133401,0.000413952,-0.00109643,-0.000575011,-0.000579762,-2.94464e-05,-0.00159863,0.000414145,0.00269355,-0.000441277,-0.000581149,-0.00175544,5.74367e-05,-4.91621e-05,-0.00109632,-0.000440921,0.0026715,-0.000903995,-0.00146575,-2.4514e-05,-0.000594802,-0.000575306,-0.000581209,-0.000903489,0.0348046,0.00245669,-0.00191102,-0.0014171,-0.000578857,-0.0017494,-0.00146383,0.00244778,0.0289889,-3.61035e-05,1.1704e-05,-2.93268e-05,5.73535e-05,-2.47828e-05,-0.00191086,-4.02148e-05,0.0467255,
0.00350068,0.000570573,-0.0015984,-4.91038e-05,-0.000595145,-0.00141726,1.187e-05,0.000570533,0.00133401,0.000413949,-0.00109643,-0.000575009,-0.000579764,-2.94463e-05,-0.00159864,0.000414143,0.00269356,-0.000441271,-0.000581144,-0.00175543,5.74379e-05,-4.91695e-05,-0.00109632,-0.000440915,0.0026715,-0.000903995,-0.00146575,-2.45182e-05,-0.000594799,-0.000575304,-0.000581204,-0.000903489,0.0348046,0.00245669,-0.00191102,-0.0014171,-0.000578859,-0.00174939,-0.00146383,0.00244778,0.0289889,-3.61035e-05,1.17072e-05,-2.93267e-05,5.73547e-05,-2.4787e-05,-0.00191085,-4.02146e-05,0.0467254,
0.00350067,0.000570567,-0.00159842,-4.91111e-05,-0.000595142,-0.00141726,1.18729e-05,0.000570527,0.00133401,0.000413946,-0.00109643,-0.000575007,-0.000579765,-2.94462e-05,-0.00159865,0.00041414,0.00269357,-0.000441265,-0.00058114,-0.00175542,5.7439e-05,-4.91768e-05,-0.00109632,-0.00044091,0.0026715,-0.000903994,-0.00146574,-2.45221e-05,-0.000594795,-0.000575302,-0.0005812,-0.000903488,0.0348046,0.0024567,-0.00191101,-0.00141711,-0.00057886,-0.00174939,-0.00146382,0.00244779,0.0289889,-3.61035e-05,1.17101e-05,-2.93266e-05,5.73558e-05,-2.47908e-05,-0.00191085,-4.02144e-05,0.0467254,
0.00350065,0.000570562,-0.00159843,-4.91182e-05,-0.000595139,-0.00141727,1.18757e-05,0.000570521,0.001334,0.000413944,-0.00109643,-0.000575005,-0.000579767,-2.94461e-05,-0.00159866,0.000414137,0.00269358,-0.00044126,-0.000581136,-0.00175541,5.744e-05,-4.91839e-05,-0.00109632,-0.000440904,0.0026715,-0.000903992,-0.00146574,-2.45256e-05,-0.000594792,-0.0005753,-0.000581196,-0.000903487,0.0348046,0.0024567,-0.00191101,-0.00141711,-0.000578862,-0.00174938,-0.00146382,0.00244779,0.0289889,-3.61035e-05,1.17128e-05,-2.93265e-05,5.73568e-05,-2.47944e-05,-0.00191084,-4.02144e-05,0.0467254,
0.00350064,0.000570556,-0.00159844,-4.91252e-05,-0.000595136,-0.00141727,1.18782e-05,0.000570516,0.001334,0.000413941,-0.00109643,-0.000575002,-0.000579768,-2.9446e-05,-0.00159868,0.000414135,0.00269359,-0.000441254,-0.000581132,-0.0017554,5.74408e-05,-4.91909e-05,-0.00109632,-0.000440898,0.0026715,-0.000903991,-0.00146574,-2.45288e-05,-0.000594789,-0.000575298,-0.000581192,-0.000903485,0.0348046,0.0024567,-0.001911,-0.00141711,-0.000578863,-0.00174937,-0.00146382,0.00244779,0.0289889,-3.61037e-05,1.17154e-05,-2.93264e-05,5.73576e-05,-2.47975e-05,-0.00191084,-4.02144e-05,0.0467254,
0.00350063,0.000570551,-0.00159845,-4.9132e-05,-0.000595133,-0.00141728,1.18807e-05,0.000570511,0.001334,0.000413939,-0.00109644,-0.000575,-0.000579769,-2.94459e-05,-0.00159869,0.000414132,0.00269359,-0.000441248,-0.000581128,-0.00175539,5.74416e-05,-4.91978e-05,-0.00109632,-0.000440893,0.0026715,-0.00090399,-0.00146574,-2.45317e-05,-0.000594786,-0.000575296,-0.000581188,-0.000903484,0.0348046,0.0024567,-0.001911,-0.00141712,-0.000578864,-0.00174936,-0.00146381,0.00244779,0.0289889,-3.61039e-05,1.17179e-05,-2.93263e-05,5.73584e-05,-2.48004e-05,-0.00191083,-4.02144e-05,0.0467254,
0.00350061,0.000570546,-0.00159847,-4.91388e-05,-0.00059513,-0.00141728,1.18829e-05,0.000570506,0.001334,0.000413936,-0.00109644,-0.000574998,-0.00057977,-2.94457e-05,-0.0015987,0.00041413,0.0026936,-0.000441243,-0.000581124,-0.00175538,5.74422e-05,-4.92045e-05,-0.00109632,-0.000440888,0.0026715,-0.000903988,-0.00146573,-2.45343e-05,-0.000594784,-0.000575293,-0.000581184,-0.000903482,0.0348046,0.0024567,-0.00191099,-0.00141712,-0.000578865,-0.00174935,-0.00146381,0.00244779,0.0289889,-3.61041e-05,1.17202e-05,-2.93261e-05,5.7359e-05,-2.48031e-05,-0.00191083,-4.02146e-05,0.0467254,
0.0035006,0.000570541,-0.00159848,-4.91455e-05,-0.000595127,-0.00141728,1.18851e-05,0.0005705,0.001334,0.000413934,-0.00109644,-0.000574996,-0.000579771,-2.94456e-05,-0.00159871,0.000414128,0.00269361,-0.000441238,-0.000581121,-0.00175537,5.74428e-05,-4.92112e-05,-0.00109632,-0.000440882,0.0026715,-0.000903986,-0.00146573,-2.45367e-05,-0.000594781,-0.000575291,-0.000581181,-0.00090348,0.0348046,0.0024567,-0.00191099,-0.00141712,-0.000578866,-0.00174934,-0.00146381,0.00244779,0.028989,-3.61043e-05,1.17223e-05,-2.9326e-05,5.73596e-05,-2.48055e-05,-0.00191083,-4.02148e-05,0.0467254,
0.00350059,0.000570536,-0.00159849,-4.91521e-05,-0.000595125,-0.00141729,1.18871e-05,0.000570495,0.001334,0.000413931,-0.00109644,-0.000574994,-0.000579772,-2.94454e-05,-0.00159873,0.000414125,0.00269362,-0.000441233,-0.000581117,-0.00175536,5.74432e-05,-4.92178e-05,-0.00109632,-0.000440877,0.0026715,-0.000903984,-0.00146573,-2.45389e-05,-0.000594778,-0.000575289,-0.000581177,-0.000903478,0.0348046,0.0024567,-0.00191099,-0.00141713,-0.000578867,-0.00174933,-0.00146381,0.00244779,0.028989,-3.61047e-05,1.17244e-05,-2.93258e-05,5.73601e-05,-2.48077e-05,-0.00191082,-4.0215e-05,0.0467254,
0.00350058,0.000570531,-0.0015985,-4.91586e-05,-0.000595122,-0.00141729,1.18891e-05,0.00057049,0.001334,0.000413929,-0.00109644,-0.000574992,-0.000579773,-2.94452e-05,-0.00159874,0.000414123,0.00269363,-0.000441227,-0.000581114,-0.00175536,5.74436e-05,-4.92243e-05,-0.00109632,-0.000440872,0.0026715,-0.000903982,-0.00146572,-2.45409e-05,-0.000594776,-0.000575287,-0.000581174,-0.000903476,0.0348047,0.0024567,-0.00191098,-0.00141713,-0.000578868,-0.00174932,-0.0014638,0.00244779,0.028989,-3.6105e-05,1.17263e-05,-2.93256e-05,5.73605e-05,-2.48096e-05,-0.00191082,-4.02153e-05,0.0467254,
0.00350057,0.000570526,-0.00159851,-4.9165e-05,-0.00059512,-0.00141729,1.18909e-05,0.000570485,0.001334,0.000413927,-0.00109644,-0.00057499,-0.000579774,-2.9445e-05,-0.00159875,0.000414121,0.00269364,-0.000441222,-0.00058111,-0.00175535,5.7444e-05,-4.92308e-05,-0.00109632,-0.000440867,0.0026715,-0.00090398,-0.00146572,-2.45427e-05,-0.000594774,-0.000575285,-0.00058117,-0.000903474,0.0348047,0.0024567,-0.00191098,-0.00141714,-0.000578869,-0.00174931,-0.0014638,0.00244779,0.028989,-3.61054e-05,1.17281e-05,-2.93254e-05,5.73608e-05,-2.48114e-05,-0.00191081,-4.02156e-05,0.0467254,
0.00350055,0.000570521,-0.00159853,-4.91714e-05,-0.000595118,-0.0014173,1.18927e-05,0.00057048,0.00133399,0.000413924,-0.00109644,-0.000574988,-0.000579775,-2.94448e-05,-0.00159876,0.000414118,0.00269365,-0.000441217,-0.000581107,-0.00175534,5.74442e-05,-4.92371e-05,-0.00109633,-0.000440862,0.0026715,-0.000903977,-0.00146572,-2.45443e-05,-0.000594771,-0.000575283,-0.000581167,-0.000903471,0.0348047,0.0024567,-0.00191098,-0.00141714,-0.00057887,-0.0017493,-0.0014638,0.00244779,0.028989,-3.61058e-05,1.17299e-05,-2.93252e-05,5.73611e-05,-2.4813e-05,-0.00191081,-4.0216e-05,0.0467254,
0.00350054,0.000570516,-0.00159854,-4.91777e-05,-0.000595116,-0.0014173,1.18943e-05,0.000570475,0.00133399,0.000413922,-0.00109644,-0.000574986,-0.000579776,-2.94445e-05,-0.00159877,0.000414116,0.00269366,-0.000441212,-0.000581104,-0.00175533,5.74445e-05,-4.92435e-05,-0.00109633,-0.000440857,0.0026715,-0.000903975,-0.00146572,-2.45458e-05,-0.000594769,-0.000575281,-0.000581164,-0.000903469,0.0348047,0.0024567,-0.00191097,-0.00141714,-0.000578871,-0.0017493,-0.0014638,0.00244779,0.028989,-3.61062e-05,1.17316e-05,-2.9325e-05,5.73613e-05,-2.48145e-05,-0.00191081,-4.02164e-05,0.0467254,
0.00350053,0.000570511,-0.00159855,-4.9184e-05,-0.000595113,-0.0014173,1.18959e-05,0.000570471,0.00133399,0.00041392,-0.00109644,-0.000574984,-0.000579776,-2.94443e-05,-0.00159878,0.000414114,0.00269367,-0.000441207,-0.000581101,-0.00175532,5.74446e-05,-4.92498e-05,-0.00109633,-0.000440852,0.0026715,-0.000903972,-0.00146571,-2.45471e-05,-0.000594767,-0.000575279,-0.000581161,-0.000903466,0.0348047,0.0024567,-0.00191097,-0.00141715,-0.000578872,-0.00174929,-0.00146379,0.00244779,0.028989,-3.61067e-05,1.17332e-05,-2.93247e-05,5.73614e-05,-2.48158e-05,-0.00191081,-4.02168e-05,0.0467254,
0.00350052,0.000570506,-0.00159856,-4.91903e-05,-0.000595111,-0.00141731,1.18975e-05,0.000570466,0.00133399,0.000413918,-0.00109644,-0.000574982,-0.000579777,-2.94441e-05,-0.0015988,0.000414112,0.00269368,-0.000441202,-0.000581098,-0.00175531,5.74448e-05,-4.9256e-05,-0.00109633,-0.000440847,0.0026715,-0.000903969,-0.00146571,-2.45483e-05,-0.000594765,-0.000575277,-0.000581157,-0.000903464,0.0348047,0.0024567,-0.00191097,-0.00141715,-0.000578872,-0.00174928,-0.00146379,0.00244779,0.028989,-3.61072e-05,1.17347e-05,-2.93245e-05,5.73616e-05,-2.4817e-05,-0.0019108,-4.02173e-05,0.0467254,
0.00350051,0.000570501,-0.00159857,-4.91965e-05,-0.000595109,-0.00141731,1.18989e-05,0.000570461,0.00133399,0.000413915,-0.00109644,-0.00057498,-0.000579778,-2.94438e-05,-0.00159881,0.000414109,0.00269368,-0.000441197,-0.000581094,-0.0017553,5.74448e-05,-4.92622e-05,-0.00109633,-0.000440842,0.0026715,-0.000903967,-0.00146571,-2.45494e-05,-0.000594763,-0.000575275,-0.000581154,-0.000903461,0.0348047,0.0024567,-0.00191096,-0.00141715,-0.000578873,-0.00174927,-0.00146379,0.0024478,0.028989,-3.61077e-05,1.17362e-05,-2.93242e-05,5.73617e-05,-2.48181e-05,-0.0019108,-4.02177e-05,0.0467254,
0.00350049,0.000570497,-0.00159858,-4.92027e-05,-0.000595107,-0.00141731,1.19004e-05,0.000570456,0.00133399,0.000413913,-0.00109644,-0.000574978,-0.000579778,-2.94436e-05,-0.00159882,0.000414107,0.00269369,-0.000441192,-0.000581091,-0.00175529,5.74449e-05,-4.92684e-05,-0.00109633,-0.000440837,0.0026715,-0.000903964,-0.00146571,-2.45504e-05,-0.000594761,-0.000575273,-0.000581151,-0.000903458,0.0348047,0.0024567,-0.00191096,-0.00141716,-0.000578874,-0.00174926,-0.00146379,0.0024478,0.028989,-3.61082e-05,1.17376e-05,-2.9324e-05,5.73617e-05,-2.48192e-05,-0.0019108,-4.02182e-05,0.0467254,
0.00350048,0.000570492,-0.00159859,-4.92088e-05,-0.000595105,-0.00141732,1.19018e-05,0.000570451,0.00133399,0.000413911,-0.00109645,-0.000574975,-0.000579779,-2.94433e-05,-0.00159883,0.000414105,0.0026937,-0.000441187,-0.000581088,-0.00175529,5.74449e-05,-4.92746e-05,-0.00109633,-0.000440832,0.0026715,-0.000903961,-0.0014657,-2.45514e-05,-0.000594759,-0.000575271,-0.000581148,-0.000903455,0.0348047,0.0024567,-0.00191096,-0.00141716,-0.000578874,-0.00174925,-0.00146378,0.0024478,0.028989,-3.61087e-05,1.1739e-05,-2.93237e-05,5.73617e-05,-2.48201e-05,-0.0019108,-4.02188e-05,0.0467254,
0.00350047,0.000570487,-0.0015986,-4.9215e-05,-0.000595103,-0.00141732,1.19031e-05,0.000570447,0.00133399,0.000413909,-0.00109645,-0.000574973,-0.00057978,-2.9443e-05,-0.00159884,0.000414103,0.00269371,-0.000441182,-0.000581085,-0.00175528,5.74449e-05,-4.92807e-05,-0.00109633,-0.000440827,0.0026715,-0.000903958,-0.0014657,-2.45522e-05,-0.000594757,-0.000575269,-0.000581145,-0.000903452,0.0348047,0.0024567,-0.00191096,-0.00141716,-0.000578875,-0.00174924,-0.00146378,0.0024478,0.028989,-3.61093e-05,1.17404e-05,-2.93234e-05,5.73617e-05,-2.4821e-05,-0.00191079,-4.02193e-05,0.0467254,
