0.00367294,-0.00101503,-0.00109159,0.000295593,-0.00039621,0.00134373,-6.15373e-05,-0.00101503,0.00160562,-0.00108926,-6.48202e-05,0.00149627,8.03248e-05,5.18426e-05,-0.00109159,-0.00108926,0.00385284,-8.36103e-05,-0.000478853,0.00158323,-7.58767e-05,0.000295593,-6.48202e-05,-8.36103e-05,0.00166718,-0.000984453,0.00120279,4.32053e-05,-0.00039621,0.00149627,-0.000478853,-0.000984453,0.0296679,0.000517072,-0.000664523,0.00134373,8.03248e-05,0.00158323,0.00120279,0.000517072,0.0286392,0.000145929,-6.15373e-05,5.18426e-05,-7.58767e-05,4.32053e-05,-0.000664523,0.000145929,0.0466281,
0.00367253,-0.00101502,-0.00109195,0.000295766,-0.000395789,0.00134386,-6.15279e-05,-0.00101502,0.001606,-0.00108928,-6.49198e-05,0.00149608,7.99023e-05,5.18625e-05,-0.00109195,-0.00108928,0.00385245,-8.36555e-05,-0.000478448,0.00158352,-7.58772e-05,0.000295766,-6.49198e-05,-8.36555e-05,0.00166718,-0.000984532,0.00120254,4.31787e-05,-0.000395789,0.00149608,-0.000478448,-0.000984532,0.0296683,0.000517371,-0.000664892,0.00134386,7.99023e-05,0.00158352,0.00120254,0.000517371,0.0286398,0.000146019,-6.15279e-05,5.18625e-05,-7.58772e-05,4.31787e-05,-0.000664892,0.000146019,0.046628,
0.00367223,-0.00101501,-0.0010922,0.000295904,-0.000395496,0.00134398,-6.1529e-05,-0.00101501,0.00160626,-0.0010893,-6.50026e-05,0.00149593,7.96304e-05,5.18834e-05,-0.0010922,-0.0010893,0.00385218,-8.36745e-05,-0.000478164,0.00158375,-7.58873e-05,0.000295904,-6.50026e-05,-8.36745e-05,0.00166717,-0.000984528,0.00120235,4.31465e-05,-0.000395496,0.00149593,-0.000478164,-0.000984528,0.029669,0.000517673,-0.000665335,0.00134398,7.96304e-05,0.00158375,0.00120235,0.000517673,0.0286403,0.000146116,-6.1529e-05,5.18834e-05,-7.58873e-05,4.31465e-05,-0.000665335,0.000146116,0.046628,
0.00367203,-0.001015,-0.00109237,0.00029602,-0.000395291,0.00134408,-6.15345e-05,-0.001015,0.00160645,-0.00108931,-6.50729e-05,0.0014958,7.94521e-05,5.19039e-05,-0.00109237,-0.00108931,0.00385199,-8.36824e-05,-0.000477966,0.00158392,-7.59013e-05,0.00029602,-6.50729e-05,-8.36824e-05,0.00166716,-0.000984501,0.00120221,4.31111e-05,-0.000395291,0.0014958,-0.000477966,-0.000984501,0.0296697,0.000517933,-0.000665782,0.00134408,7.94522e-05,0.00158392,0.00120221,0.000517933,0.0286408,0.000146229,-6.15345e-05,5.19039e-05,-7.59013e-05,4.31111e-05,-0.000665782,0.000146229,0.046628,
0.00367187,-0.001015,-0.00109249,0.000296121,-0.000395146,0.00134414,-6.15421e-05,-0.001015,0.00160657,-0.00108931,-6.51333e-05,0.00149571,7.93344e-05,5.19241e-05,-0.00109249,-0.00108931,0.00385185,-8.36864e-05,-0.000477829,0.00158405,-7.59171e-05,0.000296121,-6.51333e-05,-8.36864e-05,0.00166715,-0.000984472,0.00120212,4.30733e-05,-0.000395146,0.00149571,-0.000477829,-0.000984472,0.0296702,0.000518146,-0.000666212,0.00134414,7.93344e-05,0.00158405,0.00120212,0.000518146,0.0286413,0.000146355,-6.15421e-05,5.19241e-05,-7.59171e-05,4.30733e-05,-0.000666212,0.000146355,0.0466279,
0.00367176,-0.00101499,-0.00109258,0.000296212,-0.000395044,0.00134417,-6.15507e-05,-0.00101499,0.00160666,-0.00108932,-6.51856e-05,0.00149565,7.92564e-05,5.19441e-05,-0.00109258,-0.00108932,0.00385176,-8.36896e-05,-0.000477737,0.00158414,-7.59336e-05,0.000296212,-6.51856e-05,-8.36896e-05,0.00166715,-0.000984447,0.00120205,4.30337e-05,-0.000395044,0.00149565,-0.000477737,-0.000984447,0.0296707,0.000518316,-0.000666625,0.00134417,7.92564e-05,0.00158414,0.00120205,0.000518316,0.0286416,0.000146495,-6.15507e-05,5.19441e-05,-7.59336e-05,4.30337e-05,-0.000666625,0.000146495,0.0466279,
0.00367167,-0.00101498,-0.00109264,0.000296295,-0.000394973,0.00134419,-6.15599e-05,-0.00101498,0.00160673,-0.00108932,-6.52314e-05,0.00149559,7.9205e-05,5.19641e-05,-0.00109264,-0.00108932,0.00385169,-8.3693e-05,-0.000477676,0.0015842,-7.59508e-05,0.000296295,-6.52314e-05,-8.3693e-05,0.00166715,-0.000984426,0.00120201,4.29924e-05,-0.000394973,0.00149559,-0.000477676,-0.000984426,0.029671,0.000518452,-0.000667023,0.00134419,7.9205e-05,0.0015842,0.00120201,0.000518452,0.0286419,0.000146648,-6.15599e-05,5.19641e-05,-7.59508e-05,4.29924e-05,-0.000667023,0.000146648,0.0466278,
0.0036716,-0.00101497,-0.00109268,0.000296371,-0.000394922,0.00134419,-6.15695e-05,-0.00101497,0.00160677,-0.00108932,-6.52717e-05,0.00149556,7.91714e-05,5.19842e-05,-0.00109268,-0.00108932,0.00385164,-8.36968e-05,-0.000477636,0.00158424,-7.59683e-05,0.000296371,-6.52717e-05,-8.36968e-05,0.00166716,-0.00098441,0.00120198,4.29496e-05,-0.000394922,0.00149556,-0.000477636,-0.00098441,0.0296712,0.000518563,-0.000667413,0.00134419,7.91714e-05,0.00158424,0.00120198,0.000518563,0.0286421,0.00014681,-6.15695e-05,5.19842e-05,-7.59683e-05,4.29496e-05,-0.000667413,0.00014681,0.0466277,
0.00367155,-0.00101497,-0.00109271,0.00029644,-0.000394887,0.00134418,-6.15795e-05,-0.00101497,0.0016068,-0.00108933,-6.53075e-05,0.00149553,7.91497e-05,5.20047e-05,-0.00109271,-0.00108933,0.00385161,-8.3701e-05,-0.000477613,0.00158428,-7.59862e-05,0.00029644,-6.53075e-05,-8.3701e-05,0.00166716,-0.000984397,0.00120196,4.29054e-05,-0.000394887,0.00149553,-0.000477613,-0.000984397,0.0296713,0.000518654,-0.000667799,0.00134418,7.91497e-05,0.00158428,0.00120196,0.000518654,0.0286423,0.000146982,-6.15795e-05,5.20047e-05,-7.59862e-05,4.29054e-05,-0.000667799,0.000146982,0.0466277,
0.00367151,-0.00101496,-0.00109273,0.000296504,-0.000394864,0.00134417,-6.15899e-05,-0.00101496,0.00160682,-0.00108933,-6.53394e-05,0.00149551,7.91358e-05,5.20255e-05,-0.00109273,-0.00108933,0.00385158,-8.37054e-05,-0.000477601,0.0015843,-7.60044e-05,0.000296504,-6.53394e-05,-8.37054e-05,0.00166717,-0.000984387,0.00120196,4.28598e-05,-0.000394864,0.00149551,-0.000477601,-0.000984387,0.0296714,0.000518731,-0.000668184,0.00134417,7.91358e-05,0.0015843,0.00120196,0.000518731,0.0286424,0.000147162,-6.15899e-05,5.20255e-05,-7.60044e-05,4.28598e-05,-0.000668184,0.000147162,0.0466276,
0.00367147,-0.00101496,-0.00109275,0.000296562,-0.000394849,0.00134415,-6.16007e-05,-0.00101496,0.00160684,-0.00108933,-6.5368e-05,0.00149549,7.91271e-05,5.20468e-05,-0.00109275,-0.00108933,0.00385156,-8.37099e-05,-0.000477597,0.00158431,-7.6023e-05,0.000296562,-6.5368e-05,-8.37099e-05,0.00166718,-0.000984379,0.00120195,4.2813e-05,-0.000394849,0.00149549,-0.000477597,-0.000984379,0.0296714,0.000518797,-0.00066857,0.00134415,7.91271e-05,0.00158431,0.00120195,0.000518797,0.0286426,0.000147349,-6.16007e-05,5.20468e-05,-7.6023e-05,4.2813e-05,-0.00066857,0.000147349,0.0466275,
0.00367144,-0.00101495,-0.00109276,0.000296616,-0.00039484,0.00134412,-6.16118e-05,-0.00101495,0.00160685,-0.00108933,-6.53938e-05,0.00149548,7.91217e-05,5.20685e-05,-0.00109276,-0.00108933,0.00385155,-8.37145e-05,-0.000477599,0.00158432,-7.60418e-05,0.000296616,-6.53938e-05,-8.37145e-05,0.00166718,-0.000984372,0.00120195,4.27651e-05,-0.00039484,0.00149548,-0.000477599,-0.000984372,0.0296714,0.000518855,-0.000668959,0.00134412,7.91217e-05,0.00158432,0.00120195,0.000518855,0.0286427,0.000147542,-6.16118e-05,5.20685e-05,-7.60418e-05,4.27651e-05,-0.000668959,0.000147542,0.0466274,
0.00367142,-0.00101495,-0.00109276,0.000296665,-0.000394836,0.0013441,-6.16232e-05,-0.00101495,0.00160685,-0.00108933,-6.54171e-05,0.00149547,7.91183e-05,5.20907e-05,-0.00109276,-0.00108933,0.00385154,-8.37189e-05,-0.000477605,0.00158432,-7.6061e-05,0.000296665,-6.54171e-05,-8.37189e-05,0.00166719,-0.000984366,0.00120195,4.2716e-05,-0.000394836,0.00149547,-0.000477605,-0.000984366,0.0296714,0.000518906,-0.000669353,0.0013441,7.91183e-05,0.00158432,0.00120195,0.000518906,0.0286428,0.000147742,-6.16232e-05,5.20907e-05,-7.6061e-05,4.2716e-05,-0.000669353,0.000147742,0.0466274,
0.0036714,-0.00101494,-0.00109277,0.000296709,-0.000394836,0.00134408,-6.1635e-05,-0.00101494,0.00160686,-0.00108933,-6.54382e-05,0.00149546,7.9116e-05,5.21134e-05,-0.00109277,-0.00108933,0.00385153,-8.37233e-05,-0.000477614,0.00158432,-7.60805e-05,0.000296709,-6.54382e-05,-8.37233e-05,0.0016672,-0.000984362,0.00120195,4.2666e-05,-0.000394836,0.00149546,-0.000477614,-0.000984362,0.0296714,0.000518953,-0.000669751,0.00134408,7.9116e-05,0.00158432,0.00120195,0.000518953,0.0286429,0.000147947,-6.1635e-05,5.21134e-05,-7.60805e-05,4.2666e-05,-0.000669751,0.000147947,0.0466273,
0.00367138,-0.00101494,-0.00109277,0.00029675,-0.000394839,0.00134405,-6.1647e-05,-0.00101494,0.00160686,-0.00108933,-6.54574e-05,0.00149546,7.91143e-05,5.21365e-05,-0.00109277,-0.00108933,0.00385152,-8.37274e-05,-0.000477627,0.00158432,-7.61003e-05,0.00029675,-6.54574e-05,-8.37274e-05,0.00166721,-0.000984357,0.00120195,4.2615e-05,-0.000394839,0.00149546,-0.000477627,-0.000984357,0.0296713,0.000518997,-0.000670155,0.00134405,7.91143e-05,0.00158432,0.00120195,0.000518997,0.028643,0.000148156,-6.1647e-05,5.21365e-05,-7.61003e-05,4.2615e-05,-0.000670155,0.000148156,0.0466272,
0.00367136,-0.00101494,-0.00109278,0.000296787,-0.000394844,0.00134403,-6.16593e-05,-0.00101494,0.00160686,-0.00108933,-6.54748e-05,0.00149546,7.91127e-05,5.216e-05,-0.00109278,-0.00108933,0.00385152,-8.37314e-05,-0.000477641,0.00158432,-7.61203e-05,0.000296787,-6.54748e-05,-8.37314e-05,0.00166722,-0.000984353,0.00120195,4.25631e-05,-0.000394844,0.00149546,-0.000477641,-0.000984353,0.0296713,0.000519038,-0.000670564,0.00134403,7.91127e-05,0.00158432,0.00120195,0.000519038,0.0286431,0.000148371,-6.16593e-05,5.216e-05,-7.61203e-05,4.25631e-05,-0.000670564,0.000148371,0.0466271,
0.00367135,-0.00101493,-0.00109278,0.000296821,-0.000394851,0.001344,-6.16719e-05,-0.00101493,0.00160686,-0.00108934,-6.54908e-05,0.00149545,7.9111e-05,5.21839e-05,-0.00109278,-0.00108934,0.00385151,-8.37353e-05,-0.000477656,0.00158431,-7.61406e-05,0.000296821,-6.54908e-05,-8.37353e-05,0.00166722,-0.00098435,0.00120194,4.25104e-05,-0.000394851,0.00149545,-0.000477656,-0.00098435,0.0296712,0.000519076,-0.000670978,0.001344,7.9111e-05,0.00158431,0.00120194,0.000519076,0.0286432,0.000148589,-6.16719e-05,5.21839e-05,-7.61406e-05,4.25104e-05,-0.000670978,0.000148589,0.046627,
0.00367134,-0.00101493,-0.00109278,0.000296852,-0.00039486,0.00134398,-6.16847e-05,-0.00101493,0.00160687,-0.00108934,-6.55053e-05,0.00149545,7.9109e-05,5.22082e-05,-0.00109278,-0.00108934,0.00385151,-8.37389e-05,-0.000477673,0.00158431,-7.61612e-05,0.000296852,-6.55053e-05,-8.37389e-05,0.00166723,-0.000984347,0.00120194,4.24569e-05,-0.00039486,0.00149545,-0.000477673,-0.000984347,0.0296711,0.000519113,-0.000671398,0.00134398,7.9109e-05,0.00158431,0.00120194,0.000519113,0.0286433,0.000148811,-6.16847e-05,5.22082e-05,-7.61612e-05,4.24569e-05,-0.000671398,0.000148811,0.0466269,
0.00367132,-0.00101493,-0.00109278,0.000296881,-0.00039487,0.00134395,-6.16978e-05,-0.00101493,0.00160687,-0.00108934,-6.55187e-05,0.00149545,7.91067e-05,5.22328e-05,-0.00109278,-0.00108934,0.0038515,-8.37424e-05,-0.00047769,0.0015843,-7.61819e-05,0.000296881,-6.55187e-05,-8.37424e-05,0.00166724,-0.000984344,0.00120194,4.24028e-05,-0.00039487,0.00149545,-0.00047769,-0.000984344,0.029671,0.000519148,-0.000671823,0.00134395,7.91067e-05,0.0015843,0.00120194,0.000519148,0.0286434,0.000149036,-6.16978e-05,5.22328e-05,-7.61819e-05,4.24028e-05,-0.000671823,0.000149036,0.0466268,
0.00367131,-0.00101492,-0.00109278,0.000296907,-0.000394881,0.00134393,-6.1711e-05,-0.00101492,0.00160687,-0.00108934,-6.55309e-05,0.00149545,7.9104e-05,5.22578e-05,-0.00109278,-0.00108934,0.0038515,-8.37457e-05,-0.000477709,0.00158429,-7.62029e-05,0.000296907,-6.55309e-05,-8.37457e-05,0.00166725,-0.000984341,0.00120193,4.23479e-05,-0.000394881,0.00149545,-0.000477709,-0.000984341,0.0296709,0.000519182,-0.000672252,0.00134393,7.9104e-05,0.00158429,0.00120193,0.000519182,0.0286435,0.000149265,-6.1711e-05,5.22578e-05,-7.62029e-05,4.23479e-05,-0.000672252,0.000149265,0.0466267,
0.0036713,-0.00101492,-0.00109279,0.00029693,-0.000394894,0.00134391,-6.17245e-05,-0.00101492,0.00160687,-0.00108934,-6.55422e-05,0.00149545,7.91009e-05,5.22831e-05,-0.00109279,-0.00108934,0.0038515,-8.37488e-05,-0.000477728,0.00158429,-7.62241e-05,0.00029693,-6.55422e-05,-8.37488e-05,0.00166725,-0.000984338,0.00120192,4.22925e-05,-0.000394894,0.00149545,-0.000477728,-0.000984338,0.0296708,0.000519215,-0.000672687,0.00134391,7.91009e-05,0.00158429,0.00120192,0.000519215,0.0286436,0.000149497,-6.17245e-05,5.22831e-05,-7.62241e-05,4.22925e-05,-0.000672687,0.000149497,0.0466266,
0.00367129,-0.00101492,-0.00109279,0.000296952,-0.000394907,0.00134389,-6.17381e-05,-0.00101492,0.00160687,-0.00108934,-6.55525e-05,0.00149545,7.90973e-05,5.23087e-05,-0.00109279,-0.00108934,0.00385149,-8.37519e-05,-0.000477747,0.00158428,-7.62455e-05,0.000296952,-6.55525e-05,-8.37519e-05,0.00166726,-0.000984336,0.00120191,4.22364e-05,-0.000394907,0.00149545,-0.000477747,-0.000984336,0.0296707,0.000519248,-0.000673125,0.00134389,7.90973e-05,0.00158428,0.00120191,0.000519248,0.0286437,0.000149732,-6.17381e-05,5.23087e-05,-7.62455e-05,4.22364e-05,-0.000673125,0.000149732,0.0466266,
0.00367128,-0.00101492,-0.00109279,0.000296972,-0.000394921,0.00134387,-6.17519e-05,-0.00101492,0.00160687,-0.00108934,-6.55621e-05,0.00149545,7.90933e-05,5.23346e-05,-0.00109279,-0.00108934,0.00385149,-8.37547e-05,-0.000477767,0.00158427,-7.6267e-05,0.000296972,-6.55621e-05,-8.37547e-05,0.00166727,-0.000984333,0.00120191,4.21799e-05,-0.000394921,0.00149545,-0.000477767,-0.000984333,0.0296706,0.000519279,-0.000673568,0.00134387,7.90933e-05,0.00158427,0.00120191,0.000519279,0.0286438,0.000149969,-6.17519e-05,5.23346e-05,-7.6267e-05,4.21799e-05,-0.000673568,0.000149969,0.0466265,
0.00367128,-0.00101491,-0.00109279,0.00029699,-0.000394935,0.00134385,-6.17659e-05,-0.00101491,0.00160687,-0.00108934,-6.55709e-05,0.00149545,7.90889e-05,5.23607e-05,-0.00109279,-0.00108934,0.00385149,-8.37575e-05,-0.000477787,0.00158426,-7.62887e-05,0.00029699,-6.55709e-05,-8.37575e-05,0.00166727,-0.000984331,0.0012019,4.21228e-05,-0.000394935,0.00149545,-0.000477787,-0.000984331,0.0296705,0.00051931,-0.000674014,0.00134385,7.90889e-05,0.00158426,0.0012019,0.00051931,0.0286439,0.000150208,-6.17659e-05,5.23607e-05,-7.62887e-05,4.21228e-05,-0.000674014,0.000150208,0.0466264,
0.00367127,-0.00101491,-0.00109279,0.000297007,-0.00039495,0.00134383,-6.178e-05,-0.00101491,0.00160687,-0.00108934,-6.5579e-05,0.00149545,7.90841e-05,5.23871e-05,-0.00109279,-0.00108934,0.00385148,-8.37602e-05,-0.000477808,0.00158425,-7.63106e-05,0.000297007,-6.5579e-05,-8.37602e-05,0.00166728,-0.000984329,0.00120188,4.20653e-05,-0.00039495,0.00149545,-0.000477808,-0.000984329,0.0296704,0.00051934,-0.000674464,0.00134383,7.90841e-05,0.00158425,0.00120188,0.00051934,0.028644,0.00015045,-6.178e-05,5.23871e-05,-7.63106e-05,4.20653e-05,-0.000674464,0.00015045,0.0466263,
0.00367126,-0.00101491,-0.0010928,0.000297022,-0.000394966,0.00134381,-6.17943e-05,-0.00101491,0.00160687,-0.00108934,-6.55866e-05,0.00149545,7.90789e-05,5.24137e-05,-0.0010928,-0.00108934,0.00385148,-8.37627e-05,-0.000477829,0.00158424,-7.63326e-05,0.000297022,-6.55866e-05,-8.37627e-05,0.00166728,-0.000984326,0.00120187,4.20073e-05,-0.000394966,0.00149545,-0.000477829,-0.000984326,0.0296703,0.00051937,-0.000674917,0.00134381,7.90789e-05,0.00158424,0.00120187,0.00051937,0.0286442,0.000150694,-6.17943e-05,5.24137e-05,-7.63326e-05,4.20073e-05,-0.000674917,0.000150694,0.0466262,
0.00367125,-0.00101491,-0.0010928,0.000297036,-0.000394982,0.00134379,-6.18087e-05,-0.00101491,0.00160687,-0.00108934,-6.55936e-05,0.00149545,7.90734e-05,5.24405e-05,-0.0010928,-0.00108934,0.00385148,-8.37652e-05,-0.000477851,0.00158423,-7.63548e-05,0.000297036,-6.55936e-05,-8.37652e-05,0.00166729,-0.000984324,0.00120186,4.1949e-05,-0.000394982,0.00149545,-0.000477851,-0.000984324,0.0296701,0.0005194,-0.000675374,0.00134379,7.90734e-05,0.00158423,0.00120186,0.0005194,0.0286443,0.000150939,-6.18087e-05,5.24405e-05,-7.63548e-05,4.1949e-05,-0.000675374,0.000150939,0.0466261,
0.00367125,-0.00101491,-0.0010928,0.000297049,-0.000394999,0.00134377,-6.18232e-05,-0.00101491,0.00160687,-0.00108934,-6.56001e-05,0.00149545,7.90676e-05,5.24675e-05,-0.0010928,-0.00108934,0.00385147,-8.37675e-05,-0.000477872,0.00158422,-7.63771e-05,0.000297049,-6.56001e-05,-8.37675e-05,0.0016673,-0.000984322,0.00120185,4.18902e-05,-0.000394999,0.00149545,-0.000477872,-0.000984322,0.02967,0.000519429,-0.000675833,0.00134377,7.90676e-05,0.00158422,0.00120185,0.000519429,0.0286444,0.000151187,-6.18232e-05,5.24675e-05,-7.63771e-05,4.18902e-05,-0.000675833,0.000151187,0.046626,
0.00367124,-0.00101491,-0.0010928,0.000297061,-0.000395016,0.00134376,-6.18378e-05,-0.00101491,0.00160687,-0.00108934,-6.56062e-05,0.00149545,7.90615e-05,5.24947e-05,-0.0010928,-0.00108934,0.00385147,-8.37698e-05,-0.000477894,0.00158421,-7.63995e-05,0.000297061,-6.56062e-05,-8.37698e-05,0.0016673,-0.00098432,0.00120183,4.18312e-05,-0.000395016,0.00149545,-0.000477894,-0.00098432,0.0296699,0.000519457,-0.000676295,0.00134376,7.90615e-05,0.00158421,0.00120183,0.000519457,0.0286445,0.000151436,-6.18378e-05,5.24947e-05,-7.63995e-05,4.18312e-05,-0.000676295,0.000151436,0.0466259,
0.00367123,-0.00101491,-0.0010928,0.000297072,-0.000395033,0.00134374,-6.18526e-05,-0.00101491,0.00160687,-0.00108934,-6.56119e-05,0.00149545,7.90551e-05,5.2522e-05,-0.0010928,-0.00108934,0.00385147,-8.37721e-05,-0.000477916,0.0015842,-7.6422e-05,0.000297072,-6.56119e-05,-8.37721e-05,0.00166731,-0.000984318,0.00120182,4.17718e-05,-0.000395033,0.00149545,-0.000477916,-0.000984318,0.0296698,0.000519485,-0.00067676,0.00134374,7.90551e-05,0.0015842,0.00120182,0.000519485,0.0286446,0.000151687,-6.18526e-05,5.2522e-05,-7.6422e-05,4.17718e-05,-0.00067676,0.000151687,0.0466257,
0.00367123,-0.0010149,-0.00109281,0.000297082,-0.000395051,0.00134372,-6.18674e-05,-0.0010149,0.00160687,-0.00108934,-6.56172e-05,0.00149545,7.90485e-05,5.25495e-05,-0.00109281,-0.00108934,0.00385146,-8.37742e-05,-0.000477939,0.00158419,-7.64447e-05,0.000297082,-6.56172e-05,-8.37742e-05,0.00166731,-0.000984316,0.0012018,4.17121e-05,-0.000395051,0.00149545,-0.000477939,-0.000984316,0.0296697,0.000519513,-0.000677226,0.00134372,7.90485e-05,0.00158419,0.0012018,0.000519513,0.0286447,0.000151939,-6.18674e-05,5.25495e-05,-7.64447e-05,4.17121e-05,-0.000677226,0.000151939,0.0466256,
0.00367122,-0.0010149,-0.00109281,0.000297092,-0.000395069,0.00134371,-6.18823e-05,-0.0010149,0.00160687,-0.00108934,-6.56222e-05,0.00149546,7.90417e-05,5.25771e-05,-0.00109281,-0.00108934,0.00385146,-8.37763e-05,-0.000477961,0.00158418,-7.64674e-05,0.000297092,-6.56222e-05,-8.37763e-05,0.00166732,-0.000984314,0.00120179,4.16522e-05,-0.000395069,0.00149546,-0.000477961,-0.000984314,0.0296695,0.000519541,-0.000677696,0.00134371,7.90417e-05,0.00158418,0.00120179,0.000519541,0.0286448,0.000152192,-6.18823e-05,5.25771e-05,-7.64674e-05,4.16522e-05,-0.000677696,0.000152192,0.0466255,
0.00367122,-0.0010149,-0.00109281,0.0002971,-0.000395087,0.00134369,-6.18973e-05,-0.0010149,0.00160687,-0.00108934,-6.56269e-05,0.00149546,7.90346e-05,5.26049e-05,-0.00109281,-0.00108934,0.00385146,-8.37784e-05,-0.000477984,0.00158417,-7.64902e-05,0.0002971,-6.56269e-05,-8.37784e-05,0.00166732,-0.000984313,0.00120177,4.1592e-05,-0.000395087,0.00149546,-0.000477984,-0.000984313,0.0296694,0.000519568,-0.000678167,0.00134369,7.90346e-05,0.00158417,0.00120177,0.000519568,0.0286449,0.000152447,-6.18973e-05,5.26049e-05,-7.64902e-05,4.1592e-05,-0.000678167,0.000152447,0.0466254,
0.00367121,-0.0010149,-0.00109281,0.000297108,-0.000395106,0.00134367,-6.19124e-05,-0.0010149,0.00160687,-0.00108934,-6.56313e-05,0.00149546,7.90274e-05,5.26328e-05,-0.00109281,-0.00108934,0.00385145,-8.37804e-05,-0.000478006,0.00158416,-7.65131e-05,0.000297108,-6.56313e-05,-8.37804e-05,0.00166733,-0.000984311,0.00120176,4.15315e-05,-0.000395106,0.00149546,-0.000478006,-0.000984311,0.0296693,0.000519596,-0.00067864,0.00134367,7.90274e-05,0.00158416,0.00120176,0.000519596,0.028645,0.000152702,-6.19124e-05,5.26328e-05,-7.65131e-05,4.15315e-05,-0.00067864,0.000152702,0.0466253,
0.00367121,-0.0010149,-0.00109282,0.000297116,-0.000395124,0.00134366,-6.19275e-05,-0.0010149,0.00160687,-0.00108934,-6.56354e-05,0.00149546,7.902e-05,5.26608e-05,-0.00109282,-0.00108934,0.00385145,-8.37824e-05,-0.000478029,0.00158414,-7.65361e-05,0.000297116,-6.56354e-05,-8.37824e-05,0.00166733,-0.000984309,0.00120174,4.14708e-05,-0.000395124,0.00149546,-0.000478029,-0.000984309,0.0296691,0.000519623,-0.000679115,0.00134366,7.902e-05,0.00158414,0.00120174,0.000519623,0.0286451,0.000152959,-6.19275e-05,5.26608e-05,-7.65361e-05,4.14708e-05,-0.000679115,0.000152959,0.0466252,
0.0036712,-0.0010149,-0.00109282,0.000297123,-0.000395143,0.00134364,-6.19427e-05,-0.0010149,0.00160686,-0.00108934,-6.56394e-05,0.00149546,7.90124e-05,5.26889e-05,-0.00109282,-0.00108934,0.00385145,-8.37843e-05,-0.000478052,0.00158413,-7.65592e-05,0.000297123,-6.56394e-05,-8.37843e-05,0.00166734,-0.000984307,0.00120172,4.141e-05,-0.000395143,0.00149546,-0.000478052,-0.000984307,0.029669,0.000519649,-0.000679591,0.00134364,7.90124e-05,0.00158413,0.00120172,0.000519649,0.0286452,0.000153217,-6.19427e-05,5.26889e-05,-7.65592e-05,4.141e-05,-0.000679591,0.000153217,0.0466251,
0.0036712,-0.0010149,-0.00109282,0.000297129,-0.000395163,0.00134362,-6.1958e-05,-0.0010149,0.00160686,-0.00108934,-6.56431e-05,0.00149547,7.90047e-05,5.27171e-05,-0.00109282,-0.00108934,0.00385144,-8.37862e-05,-0.000478076,0.00158412,-7.65823e-05,0.000297129,-6.56431e-05,-8.37862e-05,0.00166734,-0.000984306,0.00120171,4.13489e-05,-0.000395163,0.00149547,-0.000478076,-0.000984306,0.0296689,0.000519676,-0.000680069,0.00134362,7.90047e-05,0.00158412,0.00120171,0.000519676,0.0286453,0.000153475,-6.1958e-05,5.27171e-05,-7.65823e-05,4.13489e-05,-0.000680069,0.000153475,0.046625,
0.00367119,-0.0010149,-0.00109282,0.000297136,-0.000395182,0.00134361,-6.19733e-05,-0.0010149,0.00160686,-0.00108934,-6.56467e-05,0.00149547,7.89969e-05,5.27454e-05,-0.00109282,-0.00108934,0.00385144,-8.37881e-05,-0.000478099,0.00158411,-7.66055e-05,0.000297136,-6.56467e-05,-8.37881e-05,0.00166735,-0.000984304,0.00120169,4.12877e-05,-0.000395182,0.00149547,-0.000478099,-0.000984304,0.0296687,0.000519702,-0.000680549,0.00134361,7.89969e-05,0.00158411,0.00120169,0.000519702,0.0286454,0.000153735,-6.19733e-05,5.27454e-05,-7.66055e-05,4.12877e-05,-0.000680549,0.000153735,0.0466249,
0.00367119,-0.0010149,-0.00109282,0.000297141,-0.000395202,0.00134359,-6.19887e-05,-0.0010149,0.00160686,-0.00108934,-6.56501e-05,0.00149547,7.89889e-05,5.27738e-05,-0.00109282,-0.00108934,0.00385144,-8.379e-05,-0.000478122,0.0015841,-7.66288e-05,0.000297141,-6.56501e-05,-8.379e-05,0.00166735,-0.000984302,0.00120167,4.12263e-05,-0.000395202,0.00149547,-0.000478122,-0.000984302,0.0296686,0.000519729,-0.00068103,0.00134359,7.89889e-05,0.0015841,0.00120167,0.000519729,0.0286455,0.000153995,-6.19887e-05,5.27738e-05,-7.66288e-05,4.12263e-05,-0.00068103,0.000153995,0.0466248,
0.00367118,-0.0010149,-0.00109283,0.000297147,-0.000395221,0.00134358,-6.20041e-05,-0.0010149,0.00160686,-0.00108934,-6.56533e-05,0.00149547,7.89809e-05,5.28023e-05,-0.00109283,-0.00108934,0.00385143,-8.37918e-05,-0.000478146,0.00158409,-7.66521e-05,0.000297147,-6.56533e-05,-8.37918e-05,0.00166736,-0.000984301,0.00120165,4.11648e-05,-0.000395221,0.00149547,-0.000478146,-0.000984301,0.0296685,0.000519755,-0.000681512,0.00134358,7.89809e-05,0.00158409,0.00120165,0.000519755,0.0286456,0.000154256,-6.20041e-05,5.28023e-05,-7.66521e-05,4.11648e-05,-0.000681512,0.000154256,0.0466247,
0.00367118,-0.00101489,-0.00109283,0.000297152,-0.000395241,0.00134356,-6.20196e-05,-0.00101489,0.00160686,-0.00108934,-6.56564e-05,0.00149547,7.89727e-05,5.28309e-05,-0.00109283,-0.00108934,0.00385143,-8.37936e-05,-0.00047817,0.00158408,-7.66755e-05,0.000297152,-6.56564e-05,-8.37936e-05,0.00166736,-0.000984299,0.00120163,4.11031e-05,-0.000395241,0.00149547,-0.00047817,-0.000984299,0.0296683,0.000519781,-0.000681995,0.00134356,7.89727e-05,0.00158408,0.00120163,0.000519781,0.0286457,0.000154518,-6.20196e-05,5.28309e-05,-7.66755e-05,4.11031e-05,-0.000681995,0.000154518,0.0466246,
0.00367117,-0.00101489,-0.00109283,0.000297156,-0.000395261,0.00134355,-6.20351e-05,-0.00101489,0.00160686,-0.00108934,-6.56594e-05,0.00149548,7.89645e-05,5.28595e-05,-0.00109283,-0.00108934,0.00385143,-8.37954e-05,-0.000478193,0.00158406,-7.66989e-05,0.000297156,-6.56594e-05,-8.37954e-05,0.00166737,-0.000984298,0.00120161,4.10413e-05,-0.000395261,0.00149548,-0.000478193,-0.000984298,0.0296682,0.000519807,-0.00068248,0.00134355,7.89645e-05,0.00158406,0.00120161,0.000519807,0.0286458,0.00015478,-6.20351e-05,5.28595e-05,-7.66989e-05,4.10413e-05,-0.00068248,0.00015478,0.0466244,
0.00367117,-0.00101489,-0.00109283,0.000297161,-0.000395281,0.00134353,-6.20507e-05,-0.00101489,0.00160686,-0.00108934,-6.56623e-05,0.00149548,7.89561e-05,5.28882e-05,-0.00109283,-0.00108934,0.00385142,-8.37971e-05,-0.000478217,0.00158405,-7.67224e-05,0.000297161,-6.56623e-05,-8.37971e-05,0.00166737,-0.000984296,0.0012016,4.09794e-05,-0.000395281,0.00149548,-0.000478217,-0.000984296,0.029668,0.000519832,-0.000682965,0.00134353,7.89561e-05,0.00158405,0.0012016,0.000519832,0.028646,0.000155043,-6.20507e-05,5.28882e-05,-7.67224e-05,4.09794e-05,-0.000682965,0.000155043,0.0466243,
0.00367117,-0.00101489,-0.00109284,0.000297165,-0.000395301,0.00134352,-6.20663e-05,-0.00101489,0.00160686,-0.00108934,-6.56651e-05,0.00149548,7.89477e-05,5.29169e-05,-0.00109284,-0.00108934,0.00385142,-8.37989e-05,-0.000478241,0.00158404,-7.67459e-05,0.000297165,-6.56651e-05,-8.37989e-05,0.00166738,-0.000984294,0.00120158,4.09174e-05,-0.000395301,0.00149548,-0.000478241,-0.000984294,0.0296679,0.000519858,-0.000683451,0.00134352,7.89477e-05,0.00158404,0.00120158,0.000519858,0.0286461,0.000155306,-6.20663e-05,5.29169e-05,-7.67459e-05,4.09174e-05,-0.000683451,0.000155306,0.0466242,
0.00367116,-0.00101489,-0.00109284,0.000297169,-0.000395322,0.0013435,-6.20819e-05,-0.00101489,0.00160686,-0.00108934,-6.56677e-05,0.00149548,7.89393e-05,5.29457e-05,-0.00109284,-0.00108934,0.00385142,-8.38006e-05,-0.000478265,0.00158403,-7.67694e-05,0.000297169,-6.56677e-05,-8.38006e-05,0.00166738,-0.000984293,0.00120156,4.08553e-05,-0.000395322,0.00149548,-0.000478265,-0.000984293,0.0296678,0.000519883,-0.000683938,0.0013435,7.89393e-05,0.00158403,0.00120156,0.000519883,0.0286462,0.00015557,-6.20819e-05,5.29457e-05,-7.67694e-05,4.08553e-05,-0.000683938,0.00015557,0.0466241,
0.00367116,-0.00101489,-0.00109284,0.000297173,-0.000395342,0.00134349,-6.20976e-05,-0.00101489,0.00160686,-0.00108934,-6.56703e-05,0.00149549,7.89307e-05,5.29746e-05,-0.00109284,-0.00108934,0.00385141,-8.38023e-05,-0.000478289,0.00158402,-7.6793e-05,0.000297173,-6.56703e-05,-8.38023e-05,0.00166739,-0.000984292,0.00120154,4.07931e-05,-0.000395342,0.00149549,-0.000478289,-0.000984292,0.0296676,0.000519909,-0.000684426,0.00134349,7.89307e-05,0.00158402,0.00120154,0.000519909,0.0286463,0.000155835,-6.20976e-05,5.29746e-05,-7.6793e-05,4.07931e-05,-0.000684426,0.000155835,0.046624,
0.00367115,-0.00101489,-0.00109285,0.000297177,-0.000395363,0.00134347,-6.21133e-05,-0.00101489,0.00160686,-0.00108934,-6.56729e-05,0.00149549,7.89221e-05,5.30035e-05,-0.00109285,-0.00108934,0.00385141,-8.38041e-05,-0.000478313,0.001584,-7.68167e-05,0.000297177,-6.56729e-05,-8.38041e-05,0.00166739,-0.00098429,0.00120152,4.07308e-05,-0.000395363,0.00149549,-0.000478313,-0.00098429,0.0296675,0.000519934,-0.000684915,0.00134347,7.89221e-05,0.001584,0.00120152,0.000519934,0.0286464,0.0001561,-6.21133e-05,5.30035e-05,-7.68167e-05,4.07308e-05,-0.000684915,0.0001561,0.0466239,
0.00367115,-0.00101489,-0.00109285,0.00029718,-0.000395383,0.00134346,-6.2129e-05,-0.00101489,0.00160686,-0.00108934,-6.56753e-05,0.00149549,7.89135e-05,5.30324e-05,-0.00109285,-0.00108934,0.00385141,-8.38058e-05,-0.000478337,0.00158399,-7.68404e-05,0.00029718,-6.56753e-05,-8.38058e-05,0.0016674,-0.000984289,0.0012015,4.06684e-05,-0.000395383,0.00149549,-0.000478337,-0.000984289,0.0296673,0.000519959,-0.000685404,0.00134346,7.89135e-05,0.00158399,0.0012015,0.000519959,0.0286465,0.000156365,-6.2129e-05,5.30324e-05,-7.68404e-05,4.06684e-05,-0.000685404,0.000156365,0.0466238,
0.00367115,-0.00101489,-0.00109285,0.000297184,-0.000395404,0.00134344,-6.21448e-05,-0.00101489,0.00160686,-0.00108934,-6.56777e-05,0.00149549,7.89048e-05,5.30614e-05,-0.00109285,-0.00108934,0.0038514,-8.38075e-05,-0.000478361,0.00158398,-7.68641e-05,0.000297184,-6.56777e-05,-8.38075e-05,0.0016674,-0.000984287,0.00120148,4.06059e-05,-0.000395404,0.00149549,-0.000478361,-0.000984287,0.0296672,0.000519984,-0.000685894,0.00134344,7.89048e-05,0.00158398,0.00120148,0.000519984,0.0286466,0.00015663,-6.21448e-05,5.30614e-05,-7.68641e-05,4.06059e-05,-0.000685894,0.00015663,0.0466236,
0.00367114,-0.00101489,-0.00109285,0.000297187,-0.000395424,0.00134343,-6.21605e-05,-0.00101489,0.00160686,-0.00108934,-6.56801e-05,0.0014955,7.8896e-05,5.30904e-05,-0.00109285,-0.00108934,0.0038514,-8.38091e-05,-0.000478385,0.00158397,-7.68878e-05,0.000297187,-6.56801e-05,-8.38091e-05,0.00166741,-0.000984286,0.00120146,4.05434e-05,-0.000395424,0.0014955,-0.000478385,-0.000984286,0.0296671,0.000520009,-0.000686385,0.00134343,7.8896e-05,0.00158397,0.00120146,0.000520009,0.0286467,0.000156896,-6.21605e-05,5.30904e-05,-7.68878e-05,4.05434e-05,-0.000686385,0.000156896,0.0466235,
0.00367114,-0.00101489,-0.00109286,0.00029719,-0.000395445,0.00134342,-6.21763e-05,-0.00101489,0.00160686,-0.00108934,-6.56823e-05,0.0014955,7.88872e-05,5.31195e-05,-0.00109286,-0.00108934,0.0038514,-8.38108e-05,-0.000478409,0.00158396,-7.69116e-05,0.00029719,-6.56823e-05,-8.38108e-05,0.00166741,-0.000984285,0.00120144,4.04809e-05,-0.000395445,0.0014955,-0.000478409,-0.000984285,0.0296669,0.000520034,-0.000686876,0.00134342,7.88872e-05,0.00158396,0.00120144,0.000520034,0.0286468,0.000157163,-6.21763e-05,5.31195e-05,-7.69116e-05,4.04809e-05,-0.000686876,0.000157163,0.0466234,
0.00367114,-0.00101489,-0.00109286,0.000297193,-0.000395466,0.0013434,-6.21922e-05,-0.00101489,0.00160686,-0.00108934,-6.56846e-05,0.0014955,7.88784e-05,5.31486e-05,-0.00109286,-0.00108934,0.00385139,-8.38125e-05,-0.000478434,0.00158394,-7.69353e-05,0.000297193,-6.56846e-05,-8.38125e-05,0.00166742,-0.000984283,0.00120142,4.04182e-05,-0.000395466,0.0014955,-0.000478434,-0.000984283,0.0296668,0.000520059,-0.000687368,0.0013434,7.88784e-05,0.00158394,0.00120142,0.000520059,0.0286469,0.000157429,-6.21922e-05,5.31486e-05,-7.69353e-05,4.04182e-05,-0.000687368,0.000157429,0.0466233,
0.00367113,-0.00101489,-0.00109286,0.000297196,-0.000395487,0.00134339,-6.2208e-05,-0.00101489,0.00160686,-0.00108934,-6.56868e-05,0.00149551,7.88695e-05,5.31777e-05,-0.00109286,-0.00108934,0.00385139,-8.38142e-05,-0.000478458,0.00158393,-7.69592e-05,0.000297196,-6.56868e-05,-8.38142e-05,0.00166742,-0.000984282,0.0012014,4.03556e-05,-0.000395487,0.00149551,-0.000478458,-0.000984282,0.0296666,0.000520083,-0.00068786,0.00134339,7.88695e-05,0.00158393,0.0012014,0.000520083,0.028647,0.000157696,-6.2208e-05,5.31777e-05,-7.69592e-05,4.03556e-05,-0.00068786,0.000157696,0.0466232,
0.00367113,-0.00101489,-0.00109286,0.000297199,-0.000395508,0.00134337,-6.22239e-05,-0.00101489,0.00160686,-0.00108934,-6.5689e-05,0.00149551,7.88607e-05,5.32068e-05,-0.00109286,-0.00108934,0.00385139,-8.38158e-05,-0.000478482,0.00158392,-7.6983e-05,0.000297199,-6.5689e-05,-8.38158e-05,0.00166743,-0.000984281,0.00120138,4.02928e-05,-0.000395508,0.00149551,-0.000478482,-0.000984281,0.0296665,0.000520108,-0.000688352,0.00134337,7.88607e-05,0.00158392,0.00120138,0.000520108,0.0286471,0.000157963,-6.22239e-05,5.32068e-05,-7.6983e-05,4.02928e-05,-0.000688352,0.000157963,0.0466231,
0.00367112,-0.00101489,-0.00109287,0.000297201,-0.000395529,0.00134336,-6.22397e-05,-0.00101489,0.00160686,-0.00108934,-6.56911e-05,0.00149551,7.88517e-05,5.3236e-05,-0.00109287,-0.00108934,0.00385138,-8.38175e-05,-0.000478507,0.00158391,-7.70069e-05,0.000297201,-6.56911e-05,-8.38175e-05,0.00166743,-0.000984279,0.00120136,4.02301e-05,-0.000395529,0.00149551,-0.000478507,-0.000984279,0.0296663,0.000520132,-0.000688846,0.00134336,7.88517e-05,0.00158391,0.00120136,0.000520132,0.0286472,0.00015823,-6.22397e-05,5.3236e-05,-7.70069e-05,4.02301e-05,-0.000688846,0.00015823,0.0466229,
0.00367112,-0.00101489,-0.00109287,0.000297204,-0.00039555,0.00134334,-6.22556e-05,-0.00101489,0.00160686,-0.00108934,-6.56932e-05,0.00149551,7.88428e-05,5.32652e-05,-0.00109287,-0.00108934,0.00385138,-8.38192e-05,-0.000478531,0.00158389,-7.70308e-05,0.000297204,-6.56932e-05,-8.38192e-05,0.00166744,-0.000984278,0.00120134,4.01673e-05,-0.00039555,0.00149551,-0.000478531,-0.000984278,0.0296662,0.000520157,-0.000689339,0.00134334,7.88428e-05,0.00158389,0.00120134,0.000520157,0.0286473,0.000158498,-6.22556e-05,5.32652e-05,-7.70308e-05,4.01673e-05,-0.000689339,0.000158498,0.0466228,
0.00367112,-0.00101489,-0.00109287,0.000297207,-0.000395571,0.00134333,-6.22715e-05,-0.00101489,0.00160686,-0.00108934,-6.56953e-05,0.00149552,7.88338e-05,5.32945e-05,-0.00109287,-0.00108934,0.00385138,-8.38208e-05,-0.000478556,0.00158388,-7.70547e-05,0.000297207,-6.56953e-05,-8.38208e-05,0.00166744,-0.000984277,0.00120132,4.01044e-05,-0.000395571,0.00149552,-0.000478556,-0.000984277,0.029666,0.000520181,-0.000689833,0.00134333,7.88338e-05,0.00158388,0.00120132,0.000520181,0.0286475,0.000158766,-6.22715e-05,5.32945e-05,-7.70547e-05,4.01044e-05,-0.000689833,0.000158766,0.0466227,
0.00367111,-0.00101488,-0.00109287,0.000297209,-0.000395592,0.00134331,-6.22875e-05,-0.00101488,0.00160687,-0.00108934,-6.56973e-05,0.00149552,7.88249e-05,5.33237e-05,-0.00109287,-0.00108934,0.00385137,-8.38225e-05,-0.00047858,0.00158387,-7.70786e-05,0.000297209,-6.56973e-05,-8.38225e-05,0.00166745,-0.000984276,0.0012013,4.00416e-05,-0.000395592,0.00149552,-0.00047858,-0.000984276,0.0296659,0.000520205,-0.000690327,0.00134331,7.88249e-05,0.00158387,0.0012013,0.000520205,0.0286476,0.000159034,-6.22875e-05,5.33237e-05,-7.70786e-05,4.00416e-05,-0.000690327,0.000159034,0.0466226,
0.00367111,-0.00101488,-0.00109288,0.000297212,-0.000395613,0.0013433,-6.23034e-05,-0.00101488,0.00160687,-0.00108934,-6.56993e-05,0.00149552,7.88158e-05,5.3353e-05,-0.00109288,-0.00108934,0.00385137,-8.38241e-05,-0.000478605,0.00158386,-7.71025e-05,0.000297212,-6.56993e-05,-8.38241e-05,0.00166745,-0.000984275,0.00120128,3.99787e-05,-0.000395613,0.00149552,-0.000478605,-0.000984275,0.0296658,0.000520229,-0.000690821,0.0013433,7.88158e-05,0.00158386,0.00120128,0.000520229,0.0286477,0.000159302,-6.23034e-05,5.3353e-05,-7.71025e-05,3.99787e-05,-0.000690821,0.000159302,0.0466225,
0.00367111,-0.00101488,-0.00109288,0.000297214,-0.000395634,0.00134329,-6.23194e-05,-0.00101488,0.00160687,-0.00108934,-6.57013e-05,0.00149552,7.88068e-05,5.33823e-05,-0.00109288,-0.00108934,0.00385137,-8.38258e-05,-0.000478629,0.00158384,-7.71265e-05,0.000297214,-6.57013e-05,-8.38258e-05,0.00166746,-0.000984273,0.00120126,3.99157e-05,-0.000395634,0.00149552,-0.000478629,-0.000984273,0.0296656,0.000520254,-0.000691316,0.00134329,7.88068e-05,0.00158384,0.00120126,0.000520254,0.0286478,0.00015957,-6.23194e-05,5.33823e-05,-7.71265e-05,3.99157e-05,-0.000691316,0.00015957,0.0466223,
0.0036711,-0.00101488,-0.00109288,0.000297217,-0.000395655,0.00134327,-6.23353e-05,-0.00101488,0.00160687,-0.00108934,-6.57033e-05,0.00149553,7.87978e-05,5.34116e-05,-0.00109288,-0.00108934,0.00385136,-8.38274e-05,-0.000478654,0.00158383,-7.71505e-05,0.000297217,-6.57033e-05,-8.38274e-05,0.00166746,-0.000984272,0.00120123,3.98528e-05,-0.000395655,0.00149553,-0.000478654,-0.000984272,0.0296655,0.000520278,-0.000691811,0.00134327,7.87978e-05,0.00158383,0.00120123,0.000520278,0.0286479,0.000159839,-6.23353e-05,5.34116e-05,-7.71505e-05,3.98528e-05,-0.000691811,0.000159839,0.0466222,
0.0036711,-0.00101488,-0.00109288,0.000297219,-0.000395676,0.00134326,-6.23513e-05,-0.00101488,0.00160687,-0.00108933,-6.57053e-05,0.00149553,7.87887e-05,5.34409e-05,-0.00109288,-0.00108933,0.00385136,-8.38291e-05,-0.000478679,0.00158382,-7.71745e-05,0.000297219,-6.57053e-05,-8.38291e-05,0.00166746,-0.000984271,0.00120121,3.97898e-05,-0.000395676,0.00149553,-0.000478679,-0.000984271,0.0296653,0.000520301,-0.000692306,0.00134326,7.87887e-05,0.00158382,0.00120121,0.000520301,0.028648,0.000160107,-6.23513e-05,5.34409e-05,-7.71745e-05,3.97898e-05,-0.000692306,0.000160107,0.0466221,
0.0036711,-0.00101488,-0.00109289,0.000297221,-0.000395698,0.00134324,-6.23673e-05,-0.00101488,0.00160687,-0.00108933,-6.57072e-05,0.00149553,7.87797e-05,5.34703e-05,-0.00109289,-0.00108933,0.00385136,-8.38308e-05,-0.000478703,0.00158381,-7.71985e-05,0.000297221,-6.57072e-05,-8.38308e-05,0.00166747,-0.00098427,0.00120119,3.97268e-05,-0.000395698,0.00149553,-0.000478703,-0.00098427,0.0296652,0.000520325,-0.000692802,0.00134324,7.87797e-05,0.00158381,0.00120119,0.000520325,0.0286481,0.000160376,-6.23673e-05,5.34703e-05,-7.71985e-05,3.97268e-05,-0.000692802,0.000160376,0.046622,
0.00367109,-0.00101488,-0.00109289,0.000297224,-0.000395719,0.00134323,-6.23833e-05,-0.00101488,0.00160687,-0.00108933,-6.57092e-05,0.00149554,7.87706e-05,5.34997e-05,-0.00109289,-0.00108933,0.00385135,-8.38324e-05,-0.000478728,0.0015838,-7.72225e-05,0.000297224,-6.57092e-05,-8.38324e-05,0.00166747,-0.000984269,0.00120117,3.96638e-05,-0.000395719,0.00149554,-0.000478728,-0.000984269,0.029665,0.000520349,-0.000693298,0.00134323,7.87706e-05,0.0015838,0.00120117,0.000520349,0.0286482,0.000160645,-6.23833e-05,5.34997e-05,-7.72225e-05,3.96638e-05,-0.000693298,0.000160645,0.0466219,
0.00367109,-0.00101488,-0.00109289,0.000297226,-0.00039574,0.00134321,-6.23993e-05,-0.00101488,0.00160687,-0.00108933,-6.57111e-05,0.00149554,7.87615e-05,5.3529e-05,-0.00109289,-0.00108933,0.00385135,-8.38341e-05,-0.000478753,0.00158378,-7.72465e-05,0.000297226,-6.57111e-05,-8.38341e-05,0.00166748,-0.000984268,0.00120115,3.96008e-05,-0.00039574,0.00149554,-0.000478753,-0.000984268,0.0296649,0.000520373,-0.000693794,0.00134321,7.87615e-05,0.00158378,0.00120115,0.000520373,0.0286483,0.000160914,-6.23993e-05,5.3529e-05,-7.72465e-05,3.96008e-05,-0.000693794,0.000160914,0.0466217,
0.00367108,-0.00101488,-0.0010929,0.000297228,-0.000395761,0.0013432,-6.24154e-05,-0.00101488,0.00160687,-0.00108933,-6.5713e-05,0.00149554,7.87524e-05,5.35584e-05,-0.0010929,-0.00108933,0.00385135,-8.38357e-05,-0.000478777,0.00158377,-7.72705e-05,0.000297228,-6.5713e-05,-8.38357e-05,0.00166748,-0.000984267,0.00120113,3.95378e-05,-0.000395761,0.00149554,-0.000478777,-0.000984267,0.0296647,0.000520396,-0.00069429,0.0013432,7.87524e-05,0.00158377,0.00120113,0.000520396,0.0286484,0.000161183,-6.24154e-05,5.35584e-05,-7.72705e-05,3.95378e-05,-0.00069429,0.000161183,0.0466216,
0.00367108,-0.00101488,-0.0010929,0.00029723,-0.000395783,0.00134319,-6.24314e-05,-0.00101488,0.00160687,-0.00108933,-6.57149e-05,0.00149554,7.87432e-05,5.35878e-05,-0.0010929,-0.00108933,0.00385134,-8.38374e-05,-0.000478802,0.00158376,-7.72946e-05,0.00029723,-6.57149e-05,-8.38374e-05,0.00166749,-0.000984266,0.00120111,3.94748e-05,-0.000395783,0.00149554,-0.000478802,-0.000984266,0.0296646,0.00052042,-0.000694786,0.00134319,7.87432e-05,0.00158376,0.00120111,0.00052042,0.0286485,0.000161452,-6.24314e-05,5.35878e-05,-7.72946e-05,3.94748e-05,-0.000694786,0.000161452,0.0466215,
0.00367108,-0.00101488,-0.0010929,0.000297233,-0.000395804,0.00134317,-6.24474e-05,-0.00101488,0.00160687,-0.00108933,-6.57168e-05,0.00149555,7.87341e-05,5.36172e-05,-0.0010929,-0.00108933,0.00385134,-8.3839e-05,-0.000478827,0.00158375,-7.73187e-05,0.000297233,-6.57168e-05,-8.3839e-05,0.00166749,-0.000984265,0.00120109,3.94117e-05,-0.000395804,0.00149555,-0.000478827,-0.000984265,0.0296644,0.000520443,-0.000695283,0.00134317,7.87341e-05,0.00158375,0.00120109,0.000520443,0.0286486,0.000161721,-6.24474e-05,5.36172e-05,-7.73187e-05,3.94117e-05,-0.000695283,0.000161721,0.0466214,
