0.00181452,-7.49788e-06,-0.0011357,9.83963e-05,0.000757909,-0.000205223,-1.04313e-05,-7.49788e-06,0.00116544,-4.8537e-05,0.00135021,-0.000833695,-4.87958e-05,-3.81543e-05,-0.0011357,-4.8537e-05,0.00437729,8.42369e-05,-0.00117005,-0.00021277,7.82108e-05,9.83963e-05,0.00135021,8.42369e-05,0.00353428,0.000750517,0.00117106,-1.61853e-05,0.000757909,-0.000833695,-0.00117005,0.000750517,0.0253695,0.0011159,0.00162494,-0.000205223,-4.87958e-05,-0.00021277,0.00117106,0.0011159,0.0246522,-2.27097e-05,-1.04313e-05,-3.81543e-05,7.82108e-05,-1.61853e-05,0.00162494,-2.27097e-05,0.0467177,
0.00181315,-7.47119e-06,-0.00113572,9.8362e-05,0.000758095,-0.000204891,-1.04529e-05,-7.4712e-06,0.00116545,-4.8544e-05,0.0013502,-0.000833828,-4.87309e-05,-3.81678e-05,-0.00113572,-4.8544e-05,0.00437735,8.42368e-05,-0.00117038,-0.000212811,7.82667e-05,9.8362e-05,0.0013502,8.42368e-05,0.00353436,0.000750695,0.00117045,-1.6161e-05,0.000758095,-0.000833828,-0.00117038,0.000750695,0.0253716,0.00111542,0.00162543,-0.000204891,-4.87309e-05,-0.000212811,0.00117045,0.00111542,0.0246511,-2.27056e-05,-1.04529e-05,-3.81678e-05,7.82667e-05,-1.6161e-05,0.00162543,-2.27055e-05,0.0467178,
0.00181194,-7.4429e-06,-0.00113578,9.83274e-05,0.000758277,-0.000204746,-1.04847e-05,-7.44291e-06,0.00116545,-4.85445e-05,0.0013502,-0.000833923,-4.87954e-05,-3.81737e-05,-0.00113578,-4.85445e-05,0.00437738,8.42358e-05,-0.00117062,-0.000212902,7.82862e-05,9.83274e-05,0.0013502,8.42358e-05,0.00353442,0.000750882,0.00117002,-1.61585e-05,0.000758276,-0.000833923,-0.00117062,0.000750882,0.025373,0.00111529,0.00162559,-0.000204746,-4.87954e-05,-0.000212902,0.00117002,0.00111529,0.0246507,-2.27018e-05,-1.04847e-05,-3.81737e-05,7.82862e-05,-1.61585e-05,0.00162559,-2.27018e-05,0.0467178,
0.00181085,-7.41481e-06,-0.00113585,9.82955e-05,0.00075845,-0.000204693,-1.0519e-05,-7.41482e-06,0.00116546,-4.85416e-05,0.00135021,-0.000833996,-4.89153e-05,-3.81758e-05,-0.00113585,-4.85416e-05,0.00437739,8.42346e-05,-0.00117081,-0.000213009,7.82867e-05,9.82955e-05,0.00135021,8.42346e-05,0.00353447,0.000751063,0.0011697,-1.61666e-05,0.00075845,-0.000833996,-0.00117081,0.000751063,0.0253739,0.00111532,0.00162557,-0.000204693,-4.89153e-05,-0.000213009,0.0011697,0.00111532,0.0246505,-2.26963e-05,-1.0519e-05,-3.81758e-05,7.82867e-05,-1.61666e-05,0.00162557,-2.26963e-05,0.0467178,
0.00180986,-7.38783e-06,-0.00113593,9.82672e-05,0.000758614,-0.000204686,-1.05518e-05,-7.38783e-06,0.00116546,-4.85369e-05,0.00135021,-0.000834055,-4.9055e-05,-3.81763e-05,-0.00113593,-4.85369e-05,0.0043774,8.42334e-05,-0.00117098,-0.000213119,7.8277e-05,9.82672e-05,0.00135021,8.42334e-05,0.0035345,0.00075123,0.00116946,-1.61795e-05,0.000758614,-0.000834055,-0.00117098,0.00075123,0.0253746,0.00111544,0.00162544,-0.000204686,-4.9055e-05,-0.000213119,0.00116946,0.00111544,0.0246505,-2.26881e-05,-1.05518e-05,-3.81763e-05,7.8277e-05,-1.61795e-05,0.00162544,-2.26881e-05,0.0467178,
0.00180898,-7.36237e-06,-0.001136,9.82423e-05,0.000758767,-0.000204701,-1.05816e-05,-7.36237e-06,0.00116547,-4.85313e-05,0.00135022,-0.000834106,-4.91972e-05,-3.81761e-05,-0.001136,-4.85313e-05,0.0043774,8.42322e-05,-0.00117112,-0.000213224,7.82618e-05,9.82423e-05,0.00135022,8.42322e-05,0.00353454,0.000751382,0.00116925,-1.61942e-05,0.000758767,-0.000834106,-0.00117112,0.000751382,0.0253753,0.00111558,0.00162525,-0.000204701,-4.91972e-05,-0.000213224,0.00116925,0.00111558,0.0246506,-2.26769e-05,-1.05816e-05,-3.81761e-05,7.82618e-05,-1.61942e-05,0.00162525,-2.26769e-05,0.0467178,
0.00180818,-7.3386e-06,-0.00113606,9.82207e-05,0.000758909,-0.000204723,-1.06077e-05,-7.3386e-06,0.00116547,-4.85253e-05,0.00135022,-0.000834149,-4.93339e-05,-3.81758e-05,-0.00113606,-4.85253e-05,0.0043774,8.42312e-05,-0.00117124,-0.000213321,7.82432e-05,9.82207e-05,0.00135022,8.42312e-05,0.00353456,0.000751519,0.00116907,-1.62093e-05,0.000758909,-0.000834149,-0.00117124,0.000751519,0.0253758,0.00111572,0.001625,-0.000204723,-4.93339e-05,-0.000213321,0.00116907,0.00111572,0.0246507,-2.26626e-05,-1.06077e-05,-3.81758e-05,7.82432e-05,-1.62093e-05,0.001625,-2.26626e-05,0.0467179,
0.00180745,-7.31655e-06,-0.00113612,9.82018e-05,0.000759039,-0.000204748,-1.06299e-05,-7.31655e-06,0.00116548,-4.85194e-05,0.00135023,-0.000834188,-4.94614e-05,-3.81757e-05,-0.00113612,-4.85194e-05,0.00437741,8.42304e-05,-0.00117135,-0.00021341,7.82227e-05,9.82018e-05,0.00135023,8.42304e-05,0.00353459,0.000751643,0.00116892,-1.62243e-05,0.000759039,-0.000834188,-0.00117135,0.000751643,0.0253763,0.00111586,0.00162472,-0.000204748,-4.94614e-05,-0.00021341,0.00116892,0.00111586,0.0246509,-2.26455e-05,-1.06299e-05,-3.81757e-05,7.82227e-05,-1.62243e-05,0.00162472,-2.26455e-05,0.0467179,
0.0018068,-7.2962e-06,-0.00113618,9.81853e-05,0.000759157,-0.000204772,-1.06484e-05,-7.29621e-06,0.00116548,-4.85135e-05,0.00135023,-0.000834224,-4.95787e-05,-3.8176e-05,-0.00113618,-4.85135e-05,0.00437741,8.42297e-05,-0.00117144,-0.000213491,7.82008e-05,9.81853e-05,0.00135023,8.42297e-05,0.00353461,0.000751754,0.00116878,-1.62388e-05,0.000759157,-0.000834224,-0.00117144,0.000751754,0.0253768,0.00111599,0.00162442,-0.000204772,-4.95787e-05,-0.000213491,0.00116878,0.00111599,0.0246511,-2.26255e-05,-1.06484e-05,-3.8176e-05,7.82008e-05,-1.62388e-05,0.00162442,-2.26255e-05,0.0467179,
0.00180621,-7.27748e-06,-0.00113623,9.81708e-05,0.000759264,-0.000204794,-1.06634e-05,-7.27748e-06,0.00116548,-4.8508e-05,0.00135024,-0.000834256,-4.96855e-05,-3.81765e-05,-0.00113623,-4.8508e-05,0.00437741,8.4229e-05,-0.00117152,-0.000213564,7.8178e-05,9.81708e-05,0.00135024,8.4229e-05,0.00353463,0.000751854,0.00116866,-1.62527e-05,0.000759264,-0.000834256,-0.00117152,0.000751854,0.0253772,0.0011161,0.00162409,-0.000204794,-4.96855e-05,-0.000213564,0.00116866,0.0011161,0.0246513,-2.2603e-05,-1.06634e-05,-3.81765e-05,7.8178e-05,-1.62527e-05,0.00162409,-2.2603e-05,0.0467179,
0.00180567,-7.26029e-06,-0.00113627,9.8158e-05,0.000759362,-0.000204814,-1.06751e-05,-7.26029e-06,0.00116549,-4.85028e-05,0.00135024,-0.000834285,-4.97823e-05,-3.81775e-05,-0.00113627,-4.85028e-05,0.00437741,8.42285e-05,-0.0011716,-0.00021363,7.81543e-05,9.8158e-05,0.00135024,8.42285e-05,0.00353465,0.000751945,0.00116854,-1.62659e-05,0.000759362,-0.000834285,-0.0011716,0.000751945,0.0253777,0.00111621,0.00162374,-0.000204814,-4.97823e-05,-0.00021363,0.00116854,0.00111621,0.0246515,-2.25782e-05,-1.06751e-05,-3.81775e-05,7.81543e-05,-1.62659e-05,0.00162374,-2.25782e-05,0.0467179,
0.00180518,-7.24454e-06,-0.00113632,9.81466e-05,0.00075945,-0.000204831,-1.06838e-05,-7.24454e-06,0.00116549,-4.84979e-05,0.00135024,-0.000834313,-4.98697e-05,-3.81788e-05,-0.00113632,-4.84979e-05,0.00437741,8.42279e-05,-0.00117166,-0.000213689,7.81301e-05,9.81466e-05,0.00135024,8.42279e-05,0.00353466,0.000752027,0.00116844,-1.62786e-05,0.00075945,-0.000834313,-0.00117166,0.000752027,0.0253781,0.0011163,0.00162337,-0.000204831,-4.98697e-05,-0.000213689,0.00116844,0.0011163,0.0246517,-2.25511e-05,-1.06838e-05,-3.81788e-05,7.81301e-05,-1.62786e-05,0.00162337,-2.25511e-05,0.046718,
0.00180474,-7.23012e-06,-0.00113635,9.81364e-05,0.00075953,-0.000204846,-1.06897e-05,-7.23012e-06,0.00116549,-4.84934e-05,0.00135025,-0.000834338,-4.99485e-05,-3.81804e-05,-0.00113635,-4.84934e-05,0.00437741,8.42275e-05,-0.00117172,-0.000213742,7.81052e-05,9.81364e-05,0.00135025,8.42275e-05,0.00353468,0.000752101,0.00116834,-1.62907e-05,0.00075953,-0.000834338,-0.00117172,0.000752101,0.0253785,0.00111638,0.00162298,-0.000204846,-4.99485e-05,-0.000213742,0.00116834,0.00111638,0.0246519,-2.2522e-05,-1.06897e-05,-3.81804e-05,7.81052e-05,-1.62907e-05,0.00162298,-2.2522e-05,0.046718,
0.00180434,-7.21693e-06,-0.00113639,9.81273e-05,0.000759602,-0.000204858,-1.06931e-05,-7.21693e-06,0.00116549,-4.84893e-05,0.00135025,-0.000834361,-5.00195e-05,-3.81823e-05,-0.00113639,-4.84893e-05,0.00437741,8.4227e-05,-0.00117177,-0.00021379,7.80798e-05,9.81273e-05,0.00135025,8.4227e-05,0.00353469,0.000752168,0.00116825,-1.63024e-05,0.000759602,-0.000834361,-0.00117177,0.000752168,0.025379,0.00111645,0.00162257,-0.000204858,-5.00195e-05,-0.00021379,0.00116825,0.00111645,0.0246522,-2.2491e-05,-1.06931e-05,-3.81824e-05,7.80798e-05,-1.63024e-05,0.00162257,-2.2491e-05,0.046718,
0.00180398,-7.20486e-06,-0.00113642,9.8119e-05,0.000759667,-0.000204867,-1.06942e-05,-7.20487e-06,0.0011655,-4.84855e-05,0.00135025,-0.000834383,-5.00832e-05,-3.81846e-05,-0.00113642,-4.84855e-05,0.00437741,8.42266e-05,-0.00117181,-0.000213833,7.8054e-05,9.8119e-05,0.00135025,8.42266e-05,0.0035347,0.000752228,0.00116817,-1.63136e-05,0.000759667,-0.000834383,-0.00117181,0.000752228,0.0253794,0.00111651,0.00162216,-0.000204867,-5.00832e-05,-0.000213833,0.00116817,0.00111651,0.0246524,-2.24583e-05,-1.06942e-05,-3.81846e-05,7.8054e-05,-1.63136e-05,0.00162216,-2.24583e-05,0.0467181,
0.00180364,-7.19384e-06,-0.00113645,9.81115e-05,0.000759727,-0.000204875,-1.06933e-05,-7.19383e-06,0.0011655,-4.8482e-05,0.00135025,-0.000834403,-5.01405e-05,-3.81872e-05,-0.00113645,-4.8482e-05,0.00437741,8.42261e-05,-0.00117184,-0.000213871,7.80277e-05,9.81116e-05,0.00135025,8.42261e-05,0.00353471,0.000752284,0.00116809,-1.63244e-05,0.000759727,-0.000834403,-0.00117184,0.000752284,0.0253798,0.00111656,0.00162172,-0.000204875,-5.01405e-05,-0.000213871,0.00116809,0.00111656,0.0246526,-2.2424e-05,-1.06933e-05,-3.81872e-05,7.80277e-05,-1.63244e-05,0.00162172,-2.2424e-05,0.0467181,
0.00180334,-7.18375e-06,-0.00113647,9.81047e-05,0.00075978,-0.00020488,-1.06904e-05,-7.18375e-06,0.0011655,-4.84788e-05,0.00135026,-0.000834422,-5.01919e-05,-3.819e-05,-0.00113647,-4.84788e-05,0.00437741,8.42257e-05,-0.00117188,-0.000213905,7.8001e-05,9.81047e-05,0.00135026,8.42257e-05,0.00353472,0.000752334,0.00116802,-1.63348e-05,0.00075978,-0.000834422,-0.00117188,0.000752334,0.0253802,0.0011166,0.00162128,-0.00020488,-5.01919e-05,-0.000213905,0.00116802,0.0011166,0.0246528,-2.23882e-05,-1.06904e-05,-3.819e-05,7.8001e-05,-1.63348e-05,0.00162128,-2.23882e-05,0.0467181,
0.00180307,-7.17452e-06,-0.0011365,9.80985e-05,0.000759828,-0.000204884,-1.06858e-05,-7.17452e-06,0.0011655,-4.8476e-05,0.00135026,-0.000834439,-5.0238e-05,-3.8193e-05,-0.0011365,-4.8476e-05,0.00437741,8.42253e-05,-0.0011719,-0.000213936,7.79738e-05,9.80985e-05,0.00135026,8.42253e-05,0.00353473,0.00075238,0.00116795,-1.6345e-05,0.000759828,-0.000834439,-0.0011719,0.00075238,0.0253806,0.00111664,0.00162082,-0.000204884,-5.0238e-05,-0.000213936,0.00116795,0.00111664,0.024653,-2.2351e-05,-1.06858e-05,-3.8193e-05,7.79738e-05,-1.6345e-05,0.00162082,-2.2351e-05,0.0467182,
0.00180282,-7.16607e-06,-0.00113652,9.80927e-05,0.000759872,-0.000204886,-1.06797e-05,-7.16607e-06,0.0011655,-4.84734e-05,0.00135026,-0.000834456,-5.02793e-05,-3.81963e-05,-0.00113652,-4.84734e-05,0.00437741,8.42248e-05,-0.00117192,-0.000213964,7.79463e-05,9.80927e-05,0.00135026,8.42248e-05,0.00353474,0.000752421,0.00116788,-1.63548e-05,0.000759872,-0.000834456,-0.00117192,0.000752421,0.0253811,0.00111666,0.00162036,-0.000204886,-5.02793e-05,-0.000213964,0.00116788,0.00111666,0.0246533,-2.23125e-05,-1.06797e-05,-3.81963e-05,7.79463e-05,-1.63548e-05,0.00162036,-2.23125e-05,0.0467182,
0.00180259,-7.15833e-06,-0.00113654,9.80874e-05,0.000759912,-0.000204886,-1.06721e-05,-7.15833e-06,0.0011655,-4.8471e-05,0.00135026,-0.000834471,-5.03162e-05,-3.81997e-05,-0.00113654,-4.8471e-05,0.00437742,8.42244e-05,-0.00117194,-0.000213988,7.79185e-05,9.80874e-05,0.00135026,8.42244e-05,0.00353475,0.000752459,0.00116782,-1.63644e-05,0.000759912,-0.000834471,-0.00117194,0.000752459,0.0253815,0.00111669,0.00161988,-0.000204886,-5.03162e-05,-0.000213988,0.00116782,0.00111669,0.0246535,-2.22729e-05,-1.06721e-05,-3.81997e-05,7.79185e-05,-1.63644e-05,0.00161988,-2.22729e-05,0.0467182,
0.00180238,-7.15123e-06,-0.00113656,9.80826e-05,0.000759948,-0.000204885,-1.06632e-05,-7.15123e-06,0.0011655,-4.84689e-05,0.00135026,-0.000834486,-5.03492e-05,-3.82034e-05,-0.00113656,-4.84689e-05,0.00437742,8.42239e-05,-0.00117196,-0.00021401,7.78903e-05,9.80826e-05,0.00135026,8.42239e-05,0.00353476,0.000752494,0.00116777,-1.63738e-05,0.000759948,-0.000834486,-0.00117196,0.000752494,0.0253819,0.0011167,0.00161939,-0.000204885,-5.03492e-05,-0.00021401,0.00116777,0.0011167,0.0246537,-2.22322e-05,-1.06632e-05,-3.82034e-05,7.78903e-05,-1.63738e-05,0.00161939,-2.22322e-05,0.0467183,
0.00180219,-7.14471e-06,-0.00113657,9.8078e-05,0.00075998,-0.000204883,-1.06531e-05,-7.14471e-06,0.0011655,-4.84669e-05,0.00135027,-0.000834499,-5.03786e-05,-3.82072e-05,-0.00113657,-4.84669e-05,0.00437742,8.42235e-05,-0.00117197,-0.000214029,7.78618e-05,9.8078e-05,0.00135027,8.42235e-05,0.00353476,0.000752526,0.00116771,-1.6383e-05,0.00075998,-0.000834499,-0.00117197,0.000752526,0.0253823,0.00111672,0.0016189,-0.000204883,-5.03786e-05,-0.000214029,0.00116771,0.00111672,0.024654,-2.21904e-05,-1.06531e-05,-3.82072e-05,7.78618e-05,-1.6383e-05,0.0016189,-2.21904e-05,0.0467183,
0.00180201,-7.13872e-06,-0.00113659,9.80738e-05,0.00076001,-0.00020488,-1.0642e-05,-7.13872e-06,0.0011655,-4.84652e-05,0.00135027,-0.000834512,-5.04048e-05,-3.82112e-05,-0.00113659,-4.84652e-05,0.00437742,8.4223e-05,-0.00117198,-0.000214046,7.7833e-05,9.80738e-05,0.00135027,8.4223e-05,0.00353477,0.000752555,0.00116766,-1.6392e-05,0.00076001,-0.000834512,-0.00117198,0.000752555,0.0253827,0.00111672,0.00161839,-0.00020488,-5.04048e-05,-0.000214046,0.00116766,0.00111672,0.0246542,-2.21478e-05,-1.0642e-05,-3.82112e-05,7.7833e-05,-1.6392e-05,0.00161839,-2.21478e-05,0.0467184,
0.00180185,-7.1332e-06,-0.0011366,9.80699e-05,0.000760037,-0.000204876,-1.06298e-05,-7.1332e-06,0.00116551,-4.84636e-05,0.00135027,-0.000834524,-5.04281e-05,-3.82154e-05,-0.0011366,-4.84636e-05,0.00437742,8.42225e-05,-0.00117198,-0.000214062,7.78039e-05,9.80699e-05,0.00135027,8.42225e-05,0.00353477,0.000752582,0.00116761,-1.64008e-05,0.000760037,-0.000834524,-0.00117198,0.000752582,0.0253832,0.00111673,0.00161788,-0.000204876,-5.04281e-05,-0.000214062,0.00116761,0.00111673,0.0246545,-2.21042e-05,-1.06298e-05,-3.82154e-05,7.78039e-05,-1.64008e-05,0.00161788,-2.21042e-05,0.0467184,
0.0018017,-7.12811e-06,-0.00113661,9.80662e-05,0.000760061,-0.000204871,-1.06168e-05,-7.12811e-06,0.00116551,-4.84622e-05,0.00135027,-0.000834536,-5.04488e-05,-3.82196e-05,-0.00113661,-4.84622e-05,0.00437742,8.4222e-05,-0.00117199,-0.000214075,7.77746e-05,9.80662e-05,0.00135027,8.4222e-05,0.00353478,0.000752607,0.00116756,-1.64095e-05,0.000760061,-0.000834536,-0.00117199,0.000752607,0.0253836,0.00111673,0.00161736,-0.000204871,-5.04488e-05,-0.000214075,0.00116756,0.00111673,0.0246547,-2.20599e-05,-1.06168e-05,-3.82196e-05,7.77746e-05,-1.64095e-05,0.00161736,-2.20599e-05,0.0467185,
0.00180156,-7.12341e-06,-0.00113663,9.80627e-05,0.000760083,-0.000204865,-1.06029e-05,-7.12341e-06,0.00116551,-4.84609e-05,0.00135027,-0.000834547,-5.04671e-05,-3.8224e-05,-0.00113663,-4.84609e-05,0.00437742,8.42215e-05,-0.00117199,-0.000214087,7.7745e-05,9.80627e-05,0.00135027,8.42215e-05,0.00353478,0.000752629,0.00116752,-1.64181e-05,0.000760083,-0.000834547,-0.00117199,0.000752629,0.025384,0.00111672,0.00161684,-0.000204865,-5.04671e-05,-0.000214087,0.00116752,0.00111672,0.0246549,-2.20148e-05,-1.06029e-05,-3.8224e-05,7.7745e-05,-1.64181e-05,0.00161684,-2.20148e-05,0.0467185,
0.00180144,-7.11905e-06,-0.00113664,9.80595e-05,0.000760104,-0.000204858,-1.05883e-05,-7.11905e-06,0.00116551,-4.84597e-05,0.00135027,-0.000834557,-5.04832e-05,-3.82285e-05,-0.00113664,-4.84597e-05,0.00437742,8.4221e-05,-0.00117199,-0.000214097,7.77152e-05,9.80595e-05,0.00135027,8.4221e-05,0.00353479,0.00075265,0.00116747,-1.64266e-05,0.000760104,-0.000834557,-0.00117199,0.00075265,0.0253844,0.00111672,0.00161631,-0.000204858,-5.04832e-05,-0.000214097,0.00116747,0.00111672,0.0246552,-2.19691e-05,-1.05883e-05,-3.82285e-05,7.77152e-05,-1.64266e-05,0.00161631,-2.19691e-05,0.0467186,
0.00180132,-7.11502e-06,-0.00113665,9.80564e-05,0.000760122,-0.00020485,-1.05731e-05,-7.11502e-06,0.00116551,-4.84587e-05,0.00135027,-0.000834567,-5.04975e-05,-3.82332e-05,-0.00113665,-4.84587e-05,0.00437742,8.42205e-05,-0.00117198,-0.000214106,7.76851e-05,9.80564e-05,0.00135027,8.42205e-05,0.00353479,0.00075267,0.00116743,-1.6435e-05,0.000760122,-0.000834567,-0.00117198,0.00075267,0.0253848,0.00111671,0.00161577,-0.00020485,-5.04975e-05,-0.000214106,0.00116743,0.00111671,0.0246554,-2.19227e-05,-1.05731e-05,-3.82332e-05,7.76851e-05,-1.6435e-05,0.00161577,-2.19227e-05,0.0467186,
0.00180121,-7.11127e-06,-0.00113666,9.80535e-05,0.000760139,-0.000204842,-1.05572e-05,-7.11127e-06,0.00116551,-4.84577e-05,0.00135027,-0.000834577,-5.05099e-05,-3.82379e-05,-0.00113666,-4.84577e-05,0.00437742,8.422e-05,-0.00117198,-0.000214114,7.76548e-05,9.80535e-05,0.00135027,8.422e-05,0.0035348,0.000752688,0.00116739,-1.64433e-05,0.000760139,-0.000834577,-0.00117198,0.000752688,0.0253853,0.00111669,0.00161523,-0.000204842,-5.05099e-05,-0.000214114,0.00116739,0.00111669,0.0246557,-2.18757e-05,-1.05572e-05,-3.82379e-05,7.76548e-05,-1.64433e-05,0.00161523,-2.18757e-05,0.0467187,
0.00180111,-7.10778e-06,-0.00113666,9.80507e-05,0.000760154,-0.000204834,-1.05407e-05,-7.10778e-06,0.00116551,-4.84569e-05,0.00135027,-0.000834586,-5.05208e-05,-3.82427e-05,-0.00113666,-4.84569e-05,0.00437743,8.42195e-05,-0.00117197,-0.000214121,7.76244e-05,9.80507e-05,0.00135027,8.42195e-05,0.0035348,0.000752704,0.00116735,-1.64515e-05,0.000760154,-0.000834586,-0.00117197,0.000752704,0.0253857,0.00111668,0.00161468,-0.000204834,-5.05208e-05,-0.000214121,0.00116735,0.00111668,0.0246559,-2.18282e-05,-1.05407e-05,-3.82427e-05,7.76244e-05,-1.64515e-05,0.00161468,-2.18282e-05,0.0467187,
0.00180102,-7.10452e-06,-0.00113667,9.80481e-05,0.000760168,-0.000204824,-1.05237e-05,-7.10452e-06,0.00116551,-4.84561e-05,0.00135027,-0.000834595,-5.05303e-05,-3.82476e-05,-0.00113667,-4.84561e-05,0.00437743,8.4219e-05,-0.00117197,-0.000214126,7.75938e-05,9.80481e-05,0.00135027,8.4219e-05,0.0035348,0.00075272,0.00116731,-1.64597e-05,0.000760168,-0.000834595,-0.00117197,0.00075272,0.0253861,0.00111666,0.00161413,-0.000204824,-5.05303e-05,-0.000214126,0.00116731,0.00111666,0.0246562,-2.17802e-05,-1.05237e-05,-3.82476e-05,7.75938e-05,-1.64597e-05,0.00161413,-2.17802e-05,0.0467188,
0.00180092,-7.07449e-06,-0.00113677,9.82507e-05,0.000760584,-0.000203153,-1.02875e-05,-7.11396e-06,0.00116553,-4.85271e-05,0.00135045,-0.000834268,-4.91507e-05,-3.80698e-05,-0.00113668,-4.84545e-05,0.00437742,8.42251e-05,-0.00117195,-0.000214077,7.75701e-05,9.80501e-05,0.00135027,8.42444e-05,0.00353474,0.000752612,0.00116677,-1.6534e-05,0.000760232,-0.000834696,-0.00117167,0.000752037,0.0253852,0.001111,0.00161283,-0.000204453,-5.11906e-05,-0.000212058,0.00116232,0.00110691,0.0246162,-2.70203e-05,-1.05043e-05,-3.82561e-05,7.75743e-05,-1.64949e-05,0.00161352,-2.19508e-05,0.0467188,
0.00180084,-7.07172e-06,-0.00113677,9.82485e-05,0.000760597,-0.000203143,-1.02733e-05,-7.1112e-06,0.00116553,-4.85264e-05,0.00135045,-0.000834276,-4.91579e-05,-3.8074e-05,-0.00113669,-4.84539e-05,0.00437743,8.42247e-05,-0.00117194,-0.000214081,7.75449e-05,9.80478e-05,0.00135027,8.42439e-05,0.00353475,0.000752625,0.00116674,-1.65406e-05,0.000760245,-0.000834704,-0.00117166,0.00075205,0.0253855,0.00111098,0.00161238,-0.000204443,-5.11978e-05,-0.000212062,0.00116228,0.00110689,0.0246164,-2.69797e-05,-1.04901e-05,-3.82602e-05,7.7549e-05,-1.65015e-05,0.00161307,-2.19108e-05,0.0467188,
0.00180075,-7.05821e-06,-0.00113681,9.83298e-05,0.000760773,-0.000202458,-1.01727e-05,-7.11372e-06,0.00116554,-4.8555e-05,0.00135052,-0.000834146,-4.86002e-05,-3.80033e-05,-0.00113669,-4.8453e-05,0.00437743,8.4227e-05,-0.00117193,-0.000214063,7.75263e-05,9.80476e-05,0.00135026,8.42541e-05,0.00353473,0.000752588,0.0011665,-1.65731e-05,0.000760278,-0.000834748,-0.00117154,0.000751779,0.0253853,0.00110867,0.00161169,-0.000204288,-5.14699e-05,-0.000211222,0.00116023,0.00110292,0.0246003,-2.90927e-05,-1.04775e-05,-3.82652e-05,7.75322e-05,-1.65181e-05,0.00161266,-2.19655e-05,0.0467189,
0.00180068,-7.05588e-06,-0.00113682,9.8328e-05,0.000760786,-0.000202451,-1.01642e-05,-7.1114e-06,0.00116554,-4.85545e-05,0.00135052,-0.000834152,-4.86069e-05,-3.8006e-05,-0.0011367,-4.84524e-05,0.00437743,8.42267e-05,-0.00117193,-0.000214068,7.75102e-05,9.80457e-05,0.00135027,8.42538e-05,0.00353473,0.000752599,0.00116648,-1.65775e-05,0.000760291,-0.000834754,-0.00117154,0.000751789,0.0253855,0.00110866,0.0016114,-0.00020428,-5.14771e-05,-0.000211226,0.00116021,0.00110291,0.0246004,-2.90678e-05,-1.0469e-05,-3.82679e-05,7.7516e-05,-1.65224e-05,0.00161237,-2.19399e-05,0.0467189,
0.00180061,-7.05372e-06,-0.00113682,9.83264e-05,0.000760798,-0.000202445,-1.01585e-05,-7.10925e-06,0.00116554,-4.8554e-05,0.00135052,-0.000834157,-4.86139e-05,-3.80079e-05,-0.0011367,-4.84519e-05,0.00437743,8.42265e-05,-0.00117194,-0.000214073,7.74982e-05,9.8044e-05,0.00135027,8.42536e-05,0.00353473,0.000752609,0.00116645,-1.65808e-05,0.000760303,-0.000834759,-0.00117154,0.0007518,0.0253857,0.00110865,0.00161118,-0.000204275,-5.14848e-05,-0.00021123,0.00116018,0.0011029,0.0246005,-2.905e-05,-1.04634e-05,-3.82698e-05,7.75041e-05,-1.65258e-05,0.00161215,-2.19209e-05,0.0467189,
0.00180055,-7.05172e-06,-0.00113683,9.83248e-05,0.000760811,-0.00020244,-1.0155e-05,-7.10726e-06,0.00116554,-4.85535e-05,0.00135052,-0.000834161,-4.86214e-05,-3.80092e-05,-0.00113671,-4.84514e-05,0.00437743,8.42263e-05,-0.00117194,-0.000214078,7.74895e-05,9.80424e-05,0.00135027,8.42534e-05,0.00353473,0.000752619,0.00116643,-1.65835e-05,0.000760315,-0.000834763,-0.00117155,0.000751809,0.0253859,0.00110865,0.00161102,-0.000204271,-5.14929e-05,-0.000211235,0.00116016,0.00110289,0.0246005,-2.90377e-05,-1.04599e-05,-3.82712e-05,7.74953e-05,-1.65284e-05,0.001612,-2.19073e-05,0.0467189,
0.00180049,-7.04985e-06,-0.00113684,9.83233e-05,0.000760823,-0.000202438,-1.01532e-05,-7.1054e-06,0.00116554,-4.85531e-05,0.00135052,-0.000834165,-4.86294e-05,-3.801e-05,-0.00113671,-4.84509e-05,0.00437743,8.42261e-05,-0.00117194,-0.000214084,7.74833e-05,9.80409e-05,0.00135027,8.42532e-05,0.00353474,0.000752628,0.00116641,-1.65855e-05,0.000760327,-0.000834767,-0.00117155,0.000751818,0.025386,0.00110865,0.00161092,-0.000204269,-5.15015e-05,-0.000211239,0.00116014,0.00110289,0.0246006,-2.90297e-05,-1.04582e-05,-3.8272e-05,7.74891e-05,-1.65304e-05,0.00161189,-2.1898e-05,0.0467189,
0.00180043,-7.0481e-06,-0.00113684,9.83219e-05,0.000760834,-0.000202436,-1.01528e-05,-7.10366e-06,0.00116554,-4.85526e-05,0.00135052,-0.000834168,-4.86378e-05,-3.80105e-05,-0.00113672,-4.84505e-05,0.00437743,8.4226e-05,-0.00117195,-0.00021409,7.74791e-05,9.80394e-05,0.00135027,8.42531e-05,0.00353474,0.000752637,0.0011664,-1.65871e-05,0.000760339,-0.00083477,-0.00117156,0.000751827,0.025386,0.00110865,0.00161084,-0.000204268,-5.15104e-05,-0.000211245,0.00116012,0.0011029,0.0246006,-2.90248e-05,-1.04579e-05,-3.82726e-05,7.74849e-05,-1.6532e-05,0.00161182,-2.1892e-05,0.0467189,
0.00180038,-7.04646e-06,-0.00113684,9.83205e-05,0.000760846,-0.000202436,-1.01535e-05,-7.10202e-06,0.00116554,-4.85522e-05,0.00135052,-0.00083417,-4.86465e-05,-3.80107e-05,-0.00113672,-4.845e-05,0.00437743,8.42258e-05,-0.00117196,-0.000214096,7.74764e-05,9.8038e-05,0.00135027,8.4253e-05,0.00353474,0.000752645,0.00116639,-1.65884e-05,0.00076035,-0.000834773,-0.00117156,0.000751835,0.0253861,0.00110866,0.0016108,-0.000204268,-5.15195e-05,-0.00021125,0.00116011,0.0011029,0.0246006,-2.90225e-05,-1.04586e-05,-3.82728e-05,7.74823e-05,-1.65333e-05,0.00161177,-2.18886e-05,0.0467189,
0.00180032,-7.0449e-06,-0.00113685,9.83192e-05,0.000760857,-0.000202437,-1.0155e-05,-7.10048e-06,0.00116554,-4.85518e-05,0.00135052,-0.000834173,-4.86554e-05,-3.80107e-05,-0.00113673,-4.84496e-05,0.00437743,8.42257e-05,-0.00117196,-0.000214102,7.7475e-05,9.80366e-05,0.00135027,8.42529e-05,0.00353474,0.000752654,0.00116638,-1.65894e-05,0.000760361,-0.000834775,-0.00117157,0.000751844,0.0253861,0.00110867,0.00161078,-0.000204269,-5.15287e-05,-0.000211255,0.0011601,0.00110291,0.0246006,-2.90219e-05,-1.04602e-05,-3.82728e-05,7.74808e-05,-1.65343e-05,0.00161175,-2.18872e-05,0.0467189,
0.00180027,-7.04344e-06,-0.00113685,9.83179e-05,0.000760867,-0.000202438,-1.01572e-05,-7.09901e-06,0.00116554,-4.85514e-05,0.00135052,-0.000834175,-4.86645e-05,-3.80105e-05,-0.00113673,-4.84492e-05,0.00437743,8.42257e-05,-0.00117197,-0.000214108,7.74745e-05,9.80352e-05,0.00135027,8.42528e-05,0.00353474,0.000752662,0.00116637,-1.65901e-05,0.000760371,-0.000834777,-0.00117158,0.000751852,0.0253862,0.00110868,0.00161078,-0.000204271,-5.1538e-05,-0.000211261,0.00116009,0.00110292,0.0246006,-2.90228e-05,-1.04623e-05,-3.82726e-05,7.74804e-05,-1.6535e-05,0.00161175,-2.18874e-05,0.0467189,
0.00180023,-7.04204e-06,-0.00113686,9.83166e-05,0.000760878,-0.00020244,-1.01598e-05,-7.09762e-06,0.00116554,-4.8551e-05,0.00135052,-0.000834176,-4.86736e-05,-3.80102e-05,-0.00113674,-4.84488e-05,0.00437743,8.42256e-05,-0.00117198,-0.000214114,7.74747e-05,9.80339e-05,0.00135027,8.42527e-05,0.00353474,0.000752669,0.00116636,-1.65907e-05,0.000760382,-0.000834779,-0.00117159,0.000751859,0.0253862,0.00110869,0.00161079,-0.000204273,-5.15473e-05,-0.000211267,0.00116008,0.00110293,0.0246006,-2.90246e-05,-1.0465e-05,-3.82723e-05,7.74806e-05,-1.65356e-05,0.00161177,-2.18889e-05,0.0467189,
0.00180018,-7.04072e-06,-0.00113686,9.83153e-05,0.000760888,-0.000202443,-1.01628e-05,-7.09629e-06,0.00116554,-4.85506e-05,0.00135052,-0.000834178,-4.86828e-05,-3.80098e-05,-0.00113674,-4.84484e-05,0.00437743,8.42255e-05,-0.00117199,-0.00021412,7.74755e-05,9.80327e-05,0.00135027,8.42526e-05,0.00353475,0.000752677,0.00116635,-1.65912e-05,0.000760392,-0.000834781,-0.00117159,0.000751867,0.0253862,0.0011087,0.00161082,-0.000204276,-5.15564e-05,-0.000211273,0.00116007,0.00110294,0.0246006,-2.90271e-05,-1.0468e-05,-3.82719e-05,7.74814e-05,-1.65361e-05,0.00161179,-2.18912e-05,0.0467189,
0.00180014,-7.03945e-06,-0.00113687,9.83141e-05,0.000760897,-0.000202446,-1.0166e-05,-7.09502e-06,0.00116554,-4.85502e-05,0.00135052,-0.000834179,-4.86919e-05,-3.80093e-05,-0.00113674,-4.8448e-05,0.00437743,8.42254e-05,-0.00117199,-0.000214126,7.74767e-05,9.80314e-05,0.00135027,8.42526e-05,0.00353475,0.000752684,0.00116634,-1.65916e-05,0.000760402,-0.000834782,-0.0011716,0.000751874,0.0253862,0.00110871,0.00161085,-0.000204278,-5.15655e-05,-0.000211278,0.00116006,0.00110295,0.0246006,-2.90301e-05,-1.04712e-05,-3.82714e-05,7.74825e-05,-1.65365e-05,0.00161182,-2.18941e-05,0.0467189,
0.00180009,-7.03823e-06,-0.00113687,9.83128e-05,0.000760907,-0.000202449,-1.01693e-05,-7.0938e-06,0.00116554,-4.85499e-05,0.00135052,-0.000834181,-4.8701e-05,-3.80088e-05,-0.00113675,-4.84476e-05,0.00437743,8.42253e-05,-0.001172,-0.000214132,7.74781e-05,9.80302e-05,0.00135027,8.42525e-05,0.00353475,0.000752691,0.00116634,-1.65919e-05,0.000760411,-0.000834784,-0.00117161,0.000751881,0.0253861,0.00110873,0.00161088,-0.000204282,-5.15745e-05,-0.000211284,0.00116006,0.00110296,0.0246006,-2.90334e-05,-1.04745e-05,-3.82709e-05,7.7484e-05,-1.65368e-05,0.00161185,-2.18975e-05,0.0467189,
0.00180005,-7.03706e-06,-0.00113687,9.83116e-05,0.000760916,-0.000202452,-1.01728e-05,-7.09262e-06,0.00116554,-4.85495e-05,0.00135052,-0.000834182,-4.871e-05,-3.80082e-05,-0.00113675,-4.84473e-05,0.00437743,8.42253e-05,-0.00117201,-0.000214137,7.74798e-05,9.8029e-05,0.00135027,8.42524e-05,0.00353475,0.000752698,0.00116633,-1.65921e-05,0.00076042,-0.000834785,-0.00117162,0.000751888,0.0253861,0.00110874,0.00161092,-0.000204285,-5.15834e-05,-0.00021129,0.00116005,0.00110298,0.0246006,-2.90369e-05,-1.04779e-05,-3.82703e-05,7.74856e-05,-1.6537e-05,0.00161189,-2.19012e-05,0.0467189,
0.00180001,-7.03593e-06,-0.00113688,9.83104e-05,0.000760925,-0.000202455,-1.01762e-05,-7.09149e-06,0.00116554,-4.85492e-05,0.00135052,-0.000834183,-4.87189e-05,-3.80076e-05,-0.00113676,-4.8447e-05,0.00437743,8.42252e-05,-0.00117202,-0.000214143,7.74815e-05,9.80278e-05,0.00135027,8.42523e-05,0.00353475,0.000752705,0.00116633,-1.65923e-05,0.00076043,-0.000834786,-0.00117162,0.000751895,0.0253861,0.00110875,0.00161096,-0.000204288,-5.15921e-05,-0.000211296,0.00116005,0.00110299,0.0246006,-2.90405e-05,-1.04814e-05,-3.82698e-05,7.74873e-05,-1.65372e-05,0.00161193,-2.19051e-05,0.0467189,
0.00179997,-7.03483e-06,-0.00113688,9.83092e-05,0.000760934,-0.000202459,-1.01797e-05,-7.09039e-06,0.00116554,-4.85489e-05,0.00135052,-0.000834184,-4.87276e-05,-3.80071e-05,-0.00113676,-4.84466e-05,0.00437743,8.42251e-05,-0.00117202,-0.000214149,7.74832e-05,9.80266e-05,0.00135027,8.42523e-05,0.00353475,0.000752711,0.00116632,-1.65925e-05,0.000760438,-0.000834787,-0.00117163,0.000751901,0.0253861,0.00110877,0.001611,-0.000204291,-5.16006e-05,-0.000211301,0.00116004,0.00110301,0.0246005,-2.90441e-05,-1.04848e-05,-3.82692e-05,7.74891e-05,-1.65374e-05,0.00161197,-2.1909e-05,0.0467189,
0.00179993,-7.03377e-06,-0.00113688,9.8308e-05,0.000760943,-0.000202462,-1.01831e-05,-7.08932e-06,0.00116554,-4.85486e-05,0.00135052,-0.000834185,-4.87362e-05,-3.80065e-05,-0.00113676,-4.84463e-05,0.00437743,8.42251e-05,-0.00117203,-0.000214154,7.7485e-05,9.80254e-05,0.00135027,8.42522e-05,0.00353475,0.000752718,0.00116632,-1.65927e-05,0.000760447,-0.000834788,-0.00117164,0.000751908,0.0253861,0.00110878,0.00161104,-0.000204295,-5.1609e-05,-0.000211307,0.00116004,0.00110302,0.0246005,-2.90477e-05,-1.04883e-05,-3.82686e-05,7.74909e-05,-1.65376e-05,0.00161201,-2.19129e-05,0.0467189,
0.00179989,-7.03274e-06,-0.00113689,9.83068e-05,0.000760952,-0.000202465,-1.01864e-05,-7.08828e-06,0.00116554,-4.85483e-05,0.00135052,-0.000834186,-4.87447e-05,-3.8006e-05,-0.00113677,-4.8446e-05,0.00437743,8.4225e-05,-0.00117204,-0.000214159,7.74867e-05,9.80243e-05,0.00135027,8.42521e-05,0.00353475,0.000752724,0.00116631,-1.65929e-05,0.000760456,-0.000834789,-0.00117164,0.000751914,0.0253861,0.00110879,0.00161108,-0.000204298,-5.16173e-05,-0.000211312,0.00116003,0.00110303,0.0246005,-2.90511e-05,-1.04916e-05,-3.8268e-05,7.74926e-05,-1.65378e-05,0.00161205,-2.19167e-05,0.0467189,
0.00179986,-7.03173e-06,-0.00113689,9.83057e-05,0.00076096,-0.000202469,-1.01897e-05,-7.08727e-06,0.00116554,-4.8548e-05,0.00135052,-0.000834187,-4.8753e-05,-3.80054e-05,-0.00113677,-4.84457e-05,0.00437743,8.42249e-05,-0.00117204,-0.000214165,7.74883e-05,9.80231e-05,0.00135027,8.4252e-05,0.00353476,0.00075273,0.00116631,-1.65931e-05,0.000760464,-0.000834789,-0.00117165,0.000751921,0.025386,0.00110881,0.00161111,-0.000204301,-5.16254e-05,-0.000211317,0.00116003,0.00110305,0.0246005,-2.90544e-05,-1.04948e-05,-3.82675e-05,7.74942e-05,-1.6538e-05,0.00161208,-2.19204e-05,0.0467189,
0.00179982,-7.03074e-06,-0.00113689,9.83045e-05,0.000760968,-0.000202472,-1.01929e-05,-7.08628e-06,0.00116554,-4.85477e-05,0.00135052,-0.000834188,-4.87612e-05,-3.80049e-05,-0.00113677,-4.84454e-05,0.00437743,8.42248e-05,-0.00117205,-0.00021417,7.74899e-05,9.8022e-05,0.00135027,8.4252e-05,0.00353476,0.000752736,0.0011663,-1.65933e-05,0.000760472,-0.00083479,-0.00117166,0.000751927,0.025386,0.00110882,0.00161115,-0.000204305,-5.16334e-05,-0.000211323,0.00116003,0.00110306,0.0246005,-2.90576e-05,-1.0498e-05,-3.82669e-05,7.74957e-05,-1.65382e-05,0.00161212,-2.19239e-05,0.0467189,
0.00179978,-7.02977e-06,-0.0011369,9.83034e-05,0.000760976,-0.000202475,-1.01959e-05,-7.0853e-06,0.00116554,-4.85474e-05,0.00135053,-0.000834189,-4.87693e-05,-3.80044e-05,-0.00113678,-4.84452e-05,0.00437743,8.42247e-05,-0.00117206,-0.000214175,7.74913e-05,9.80209e-05,0.00135027,8.42519e-05,0.00353476,0.000752742,0.0011663,-1.65936e-05,0.000760481,-0.000834791,-0.00117166,0.000751933,0.025386,0.00110883,0.00161118,-0.000204308,-5.16413e-05,-0.000211328,0.00116002,0.00110307,0.0246005,-2.90606e-05,-1.0501e-05,-3.82664e-05,7.74972e-05,-1.65385e-05,0.00161215,-2.19272e-05,0.0467189,
0.00179975,-7.02882e-06,-0.0011369,9.83022e-05,0.000760984,-0.000202478,-1.01989e-05,-7.08435e-06,0.00116554,-4.85471e-05,0.00135053,-0.000834189,-4.87772e-05,-3.80039e-05,-0.00113678,-4.84449e-05,0.00437743,8.42247e-05,-0.00117206,-0.00021418,7.74926e-05,9.80197e-05,0.00135027,8.42518e-05,0.00353476,0.000752748,0.00116629,-1.65938e-05,0.000760489,-0.000834792,-0.00117167,0.000751939,0.025386,0.00110884,0.00161121,-0.000204311,-5.1649e-05,-0.000211333,0.00116002,0.00110308,0.0246005,-2.90633e-05,-1.0504e-05,-3.82659e-05,7.74985e-05,-1.65387e-05,0.00161219,-2.19304e-05,0.0467189,
0.00179971,-7.02789e-06,-0.0011369,9.83011e-05,0.000760992,-0.000202482,-1.02017e-05,-7.08341e-06,0.00116554,-4.85469e-05,0.00135053,-0.00083419,-4.8785e-05,-3.80035e-05,-0.00113678,-4.84447e-05,0.00437743,8.42246e-05,-0.00117207,-0.000214185,7.74938e-05,9.80186e-05,0.00135027,8.42517e-05,0.00353476,0.000752754,0.00116629,-1.65941e-05,0.000760497,-0.000834793,-0.00117168,0.000751945,0.025386,0.00110886,0.00161124,-0.000204314,-5.16566e-05,-0.000211338,0.00116001,0.0011031,0.0246005,-2.90659e-05,-1.05068e-05,-3.82655e-05,7.74997e-05,-1.6539e-05,0.00161221,-2.19333e-05,0.0467189,
0.00179968,-7.02697e-06,-0.00113691,9.83e-05,0.000761,-0.000202485,-1.02044e-05,-7.08248e-06,0.00116555,-4.85466e-05,0.00135053,-0.000834191,-4.87927e-05,-3.8003e-05,-0.00113679,-4.84444e-05,0.00437743,8.42245e-05,-0.00117207,-0.000214189,7.74949e-05,9.80175e-05,0.00135027,8.42516e-05,0.00353476,0.00075276,0.00116628,-1.65944e-05,0.000760504,-0.000834793,-0.00117168,0.00075195,0.025386,0.00110887,0.00161127,-0.000204317,-5.16641e-05,-0.000211342,0.00116001,0.00110311,0.0246005,-2.90683e-05,-1.05095e-05,-3.8265e-05,7.75008e-05,-1.65393e-05,0.00161224,-2.1936e-05,0.0467189,
0.00179965,-7.02606e-06,-0.00113691,9.82989e-05,0.000761008,-0.000202487,-1.0207e-05,-7.08157e-06,0.00116555,-4.85464e-05,0.00135053,-0.000834192,-4.88002e-05,-3.80026e-05,-0.00113679,-4.84441e-05,0.00437742,8.42244e-05,-0.00117208,-0.000214194,7.74958e-05,9.80164e-05,0.00135027,8.42516e-05,0.00353476,0.000752766,0.00116628,-1.65947e-05,0.000760512,-0.000834794,-0.00117169,0.000751956,0.025386,0.00110888,0.00161129,-0.00020432,-5.16715e-05,-0.000211347,0.00116,0.00110312,0.0246005,-2.90706e-05,-1.05121e-05,-3.82646e-05,7.75017e-05,-1.65396e-05,0.00161227,-2.19385e-05,0.0467189,
0.00179961,-7.02515e-06,-0.00113691,9.82978e-05,0.000761016,-0.00020249,-1.02095e-05,-7.08066e-06,0.00116555,-4.85461e-05,0.00135053,-0.000834193,-4.88077e-05,-3.80023e-05,-0.00113679,-4.84439e-05,0.00437742,8.42243e-05,-0.00117209,-0.000214199,7.74966e-05,9.80153e-05,0.00135027,8.42515e-05,0.00353476,0.000752771,0.00116627,-1.6595e-05,0.00076052,-0.000834795,-0.00117169,0.000751962,0.025386,0.00110889,0.00161132,-0.000204322,-5.16788e-05,-0.000211352,0.00116,0.00110313,0.0246005,-2.90726e-05,-1.05146e-05,-3.82642e-05,7.75025e-05,-1.65399e-05,0.00161229,-2.19407e-05,0.0467189,
0.00179958,-7.02426e-06,-0.00113692,9.82967e-05,0.000761023,-0.000202493,-1.02119e-05,-7.07977e-06,0.00116555,-4.85459e-05,0.00135053,-0.000834193,-4.8815e-05,-3.80019e-05,-0.00113679,-4.84437e-05,0.00437742,8.42242e-05,-0.00117209,-0.000214203,7.74973e-05,9.80142e-05,0.00135027,8.42514e-05,0.00353476,0.000752777,0.00116627,-1.65954e-05,0.000760528,-0.000834796,-0.0011717,0.000751967,0.0253859,0.0011089,0.00161134,-0.000204325,-5.1686e-05,-0.000211356,0.00116,0.00110314,0.0246005,-2.90744e-05,-1.0517e-05,-3.82638e-05,7.75032e-05,-1.65403e-05,0.00161231,-2.19428e-05,0.0467189,
0.00179955,-7.02338e-06,-0.00113692,9.82955e-05,0.000761031,-0.000202496,-1.02143e-05,-7.07888e-06,0.00116555,-4.85456e-05,0.00135053,-0.000834194,-4.88223e-05,-3.80016e-05,-0.0011368,-4.84434e-05,0.00437742,8.42241e-05,-0.0011721,-0.000214208,7.74979e-05,9.80131e-05,0.00135027,8.42513e-05,0.00353476,0.000752782,0.00116626,-1.65958e-05,0.000760535,-0.000834797,-0.0011717,0.000751973,0.0253859,0.00110891,0.00161135,-0.000204328,-5.16932e-05,-0.000211361,0.00115999,0.00110315,0.0246005,-2.90761e-05,-1.05193e-05,-3.82635e-05,7.75038e-05,-1.65407e-05,0.00161232,-2.19447e-05,0.0467189,
0.00179951,-7.0225e-06,-0.00113692,9.82944e-05,0.000761038,-0.000202498,-1.02165e-05,-7.078e-06,0.00116555,-4.85454e-05,0.00135053,-0.000834195,-4.88294e-05,-3.80012e-05,-0.0011368,-4.84432e-05,0.00437742,8.4224e-05,-0.0011721,-0.000214212,7.74984e-05,9.8012e-05,0.00135027,8.42512e-05,0.00353476,0.000752788,0.00116626,-1.65962e-05,0.000760543,-0.000834797,-0.00117171,0.000751979,0.0253859,0.00110892,0.00161137,-0.00020433,-5.17002e-05,-0.000211365,0.00115999,0.00110316,0.0246005,-2.90776e-05,-1.05215e-05,-3.82632e-05,7.75043e-05,-1.65411e-05,0.00161234,-2.19464e-05,0.0467189,
0.00179948,-7.02163e-06,-0.00113692,9.82933e-05,0.000761046,-0.000202501,-1.02186e-05,-7.07713e-06,0.00116555,-4.85452e-05,0.00135053,-0.000834196,-4.88365e-05,-3.80009e-05,-0.0011368,-4.8443e-05,0.00437742,8.42239e-05,-0.00117211,-0.000214217,7.74988e-05,9.80109e-05,0.00135028,8.42511e-05,0.00353477,0.000752793,0.00116625,-1.65966e-05,0.00076055,-0.000834798,-0.00117172,0.000751984,0.0253859,0.00110893,0.00161138,-0.000204333,-5.17072e-05,-0.00021137,0.00115998,0.00110317,0.0246005,-2.9079e-05,-1.05236e-05,-3.82629e-05,7.75047e-05,-1.65415e-05,0.00161235,-2.19479e-05,0.0467189,
0.00179945,-7.02077e-06,-0.00113693,9.82922e-05,0.000761053,-0.000202503,-1.02206e-05,-7.07626e-06,0.00116555,-4.8545e-05,0.00135053,-0.000834197,-4.88436e-05,-3.80007e-05,-0.00113681,-4.84428e-05,0.00437742,8.42238e-05,-0.00117211,-0.000214221,7.74991e-05,9.80098e-05,0.00135028,8.4251e-05,0.00353477,0.000752799,0.00116625,-1.6597e-05,0.000760557,-0.000834799,-0.00117172,0.000751989,0.0253859,0.00110894,0.0016114,-0.000204335,-5.17142e-05,-0.000211374,0.00115998,0.00110318,0.0246005,-2.90802e-05,-1.05257e-05,-3.82626e-05,7.75049e-05,-1.6542e-05,0.00161237,-2.19493e-05,0.0467189,
0.00179942,-7.01991e-06,-0.00113693,9.82911e-05,0.00076106,-0.000202506,-1.02226e-05,-7.0754e-06,0.00116555,-4.85447e-05,0.00135053,-0.000834198,-4.88505e-05,-3.80004e-05,-0.00113681,-4.84425e-05,0.00437742,8.42237e-05,-0.00117212,-0.000214225,7.74993e-05,9.80087e-05,0.00135028,8.42509e-05,0.00353477,0.000752804,0.00116625,-1.65975e-05,0.000760565,-0.0008348,-0.00117172,0.000751995,0.0253859,0.00110895,0.00161141,-0.000204338,-5.1721e-05,-0.000211378,0.00115997,0.00110319,0.0246005,-2.90813e-05,-1.05276e-05,-3.82623e-05,7.75051e-05,-1.65424e-05,0.00161238,-2.19505e-05,0.0467189,
0.00179938,-7.01905e-06,-0.00113693,9.82901e-05,0.000761068,-0.000202508,-1.02245e-05,-7.07454e-06,0.00116555,-4.85445e-05,0.00135053,-0.000834198,-4.88574e-05,-3.80001e-05,-0.00113681,-4.84423e-05,0.00437742,8.42236e-05,-0.00117212,-0.00021423,7.74994e-05,9.80076e-05,0.00135028,8.42508e-05,0.00353477,0.000752809,0.00116624,-1.6598e-05,0.000760572,-0.000834801,-0.00117173,0.000752,0.0253859,0.00110896,0.00161141,-0.00020434,-5.17279e-05,-0.000211383,0.00115997,0.0011032,0.0246005,-2.90822e-05,-1.05295e-05,-3.8262e-05,7.75053e-05,-1.65429e-05,0.00161239,-2.19516e-05,0.0467189,
0.00179935,-7.0182e-06,-0.00113694,9.8289e-05,0.000761075,-0.00020251,-1.02264e-05,-7.07368e-06,0.00116555,-4.85443e-05,0.00135053,-0.000834199,-4.88643e-05,-3.79999e-05,-0.00113682,-4.84421e-05,0.00437742,8.42235e-05,-0.00117213,-0.000214234,7.74994e-05,9.80065e-05,0.00135028,8.42507e-05,0.00353477,0.000752815,0.00116624,-1.65985e-05,0.000760579,-0.000834801,-0.00117173,0.000752006,0.0253859,0.00110897,0.00161142,-0.000204342,-5.17347e-05,-0.000211387,0.00115996,0.00110321,0.0246005,-2.90831e-05,-1.05314e-05,-3.82618e-05,7.75053e-05,-1.65434e-05,0.00161239,-2.19525e-05,0.0467189,
0.00179932,-7.01735e-06,-0.00113694,9.82879e-05,0.000761082,-0.000202512,-1.02282e-05,-7.07283e-06,0.00116555,-4.85441e-05,0.00135053,-0.0008342,-4.88711e-05,-3.79997e-05,-0.00113682,-4.84419e-05,0.00437742,8.42234e-05,-0.00117213,-0.000214238,7.74994e-05,9.80055e-05,0.00135028,8.42506e-05,0.00353477,0.00075282,0.00116623,-1.6599e-05,0.000760587,-0.000834802,-0.00117174,0.000752011,0.0253859,0.00110898,0.00161143,-0.000204345,-5.17414e-05,-0.000211391,0.00115996,0.00110322,0.0246005,-2.90838e-05,-1.05332e-05,-3.82616e-05,7.75053e-05,-1.65439e-05,0.0016124,-2.19534e-05,0.0467189,
