0.00164949,-8.30249e-05,-0.000861996,-2.02178e-05,-0.000945009,-0.00159297,4.94215e-05,6.51458e-05,0.000606879,-0.000524591,4.64046e-05,0.000668768,0.00169135,0.000134367,-0.00102393,-0.000178447,0.00449046,-3.48272e-06,-0.00141419,-0.000359123,-2.92647e-05,0.000393048,-1.32395e-05,-0.000903735,0.00012129,0.00028454,0.00119421,0.000251955,-0.000912125,0.000560395,-0.00137257,-4.4888e-06,0.0340281,0.00156924,-0.00116746,-0.00163662,0.00124262,0.000233232,-7.48974e-05,0.00143773,0.0267536,-0.000345887,8.77886e-05,3.80926e-05,-1.36803e-05,-1.12061e-06,-0.00116077,-0.000201337,0.0466503,
0.00164902,-8.28713e-05,-0.000867577,-2.01482e-05,-0.000940612,-0.00159083,4.97083e-05,6.64096e-05,0.000607184,-0.000527991,4.63387e-05,0.000672336,0.00169348,0.000133801,-0.00103024,-0.00017977,0.00448709,-3.49291e-06,-0.00141205,-0.000363069,-2.86245e-05,0.000395619,-1.27804e-05,-0.000908919,0.00012108,0.000289118,0.00119716,0.0002508,-0.000907156,0.000562161,-0.00137004,-4.4849e-06,0.0340307,0.00157095,-0.00116942,-0.0016359,0.00124321,0.000232709,-7.47652e-05,0.00143677,0.026754,-0.000345628,8.77755e-05,3.79355e-05,-1.29647e-05,-1.12228e-06,-0.00116281,-0.00020186,0.0466504,
0.00164861,-8.26998e-05,-0.000873681,-2.00734e-05,-0.000935959,-0.00158844,5.00075e-05,6.78217e-05,0.000607519,-0.00053171,4.62678e-05,0.000676076,0.00169577,0.000133214,-0.00103714,-0.000181214,0.00448335,-3.50405e-06,-0.00140977,-0.000367359,-2.79115e-05,0.000398502,-1.22798e-05,-0.000914592,0.000120855,0.000293969,0.00120031,0.000249617,-0.000901902,0.000563989,-0.00136734,-4.4794e-06,0.034033,0.00157273,-0.00117136,-0.00163514,0.00124383,0.000232161,-7.46226e-05,0.00143571,0.0267545,-0.00034538,8.77607e-05,3.77657e-05,-1.21667e-05,-1.12418e-06,-0.00116484,-0.000202418,0.0466505,
0.00164821,-8.25092e-05,-0.000880201,-1.99945e-05,-0.0009311,-0.00158587,5.03122e-05,6.93595e-05,0.000607879,-0.000535694,4.61934e-05,0.000679944,0.00169818,0.000132618,-0.00104453,-0.000182759,0.0044793,-3.51565e-06,-0.00140737,-0.000371912,-2.71391e-05,0.000401636,-1.17424e-05,-0.000920678,0.000120618,0.000299063,0.00120363,0.000248429,-0.000896418,0.000565846,-0.00136451,-4.47252e-06,0.034035,0.00157454,-0.00117328,-0.00163432,0.00124447,0.000231614,-7.44721e-05,0.00143452,0.0267549,-0.000345153,8.77429e-05,3.75863e-05,-1.13005e-05,-1.12638e-06,-0.00116686,-0.000203008,0.0466507,
0.00164778,-8.22987e-05,-0.00088704,-1.99125e-05,-0.000926092,-0.00158313,5.06168e-05,7.10017e-05,0.00060826,-0.000539893,4.61166e-05,0.000683892,0.00170066,0.000132024,-0.00105227,-0.000184381,0.00447499,-3.52728e-06,-0.00140488,-0.00037665,-2.6319e-05,0.000404969,-1.1173e-05,-0.0009271,0.000120373,0.000304364,0.00120707,0.000247259,-0.000890762,0.000567701,-0.00136157,-4.46437e-06,0.0340365,0.00157635,-0.00117515,-0.00163347,0.00124511,0.000231089,-7.43154e-05,0.00143321,0.0267552,-0.000344955,8.77212e-05,3.74003e-05,-1.03788e-05,-1.12893e-06,-0.00116883,-0.000203624,0.0466508,
0.0016473,-8.20682e-05,-0.000894105,-1.98285e-05,-0.000920986,-0.00158027,5.09163e-05,7.27281e-05,0.000608659,-0.000544255,4.60385e-05,0.000687878,0.00170318,0.000131441,-0.00106027,-0.000186062,0.00447046,-3.5386e-06,-0.00140233,-0.000381502,-2.54619e-05,0.00040845,-1.05763e-05,-0.000933782,0.000120124,0.00030983,0.00121062,0.000246126,-0.000884991,0.000569525,-0.00135857,-4.45509e-06,0.0340377,0.00157815,-0.00117693,-0.00163258,0.00124573,0.000230603,-7.41549e-05,0.00143178,0.0267555,-0.000344794,8.76951e-05,3.72101e-05,-9.41309e-06,-1.13185e-06,-0.00117072,-0.000204263,0.0466509,
0.00164674,-8.18176e-05,-0.000901316,-1.97433e-05,-0.000915831,-0.0015773,5.12071e-05,7.45195e-05,0.000609072,-0.000548732,4.59603e-05,0.00069186,0.00170573,0.000130876,-0.00106844,-0.000187783,0.00446578,-3.5493e-06,-0.00139975,-0.000386405,-2.45775e-05,0.000412033,-9.95737e-06,-0.000940652,0.000119873,0.000315423,0.00121423,0.000245044,-0.000879158,0.000571293,-0.00135553,-4.44479e-06,0.0340383,0.00157989,-0.00117862,-0.00163165,0.00124633,0.00023017,-7.39922e-05,0.00143022,0.0267557,-0.000344674,8.76645e-05,3.7018e-05,-8.41431e-06,-1.13516e-06,-0.00117252,-0.000204918,0.046651,
0.0016461,-8.15476e-05,-0.000908596,-1.96576e-05,-0.000910673,-0.00157426,5.14863e-05,7.63575e-05,0.000609495,-0.000553283,4.58825e-05,0.000695802,0.00170826,0.000130335,-0.00107669,-0.000189526,0.00446097,-3.55913e-06,-0.00139717,-0.000391301,-2.36748e-05,0.000415676,-9.32132e-06,-0.000947645,0.000119623,0.000321102,0.00121787,0.000244023,-0.000873312,0.000572986,-0.0013525,-4.43357e-06,0.0340386,0.00158158,-0.00118018,-0.00163067,0.00124689,0.000229801,-7.38286e-05,0.00142854,0.026756,-0.000344596,8.76293e-05,3.68259e-05,-7.39258e-06,-1.13884e-06,-0.00117419,-0.000205585,0.0466511,
0.00164534,-8.12592e-05,-0.000915877,-1.95723e-05,-0.00090555,-0.00157117,5.17512e-05,7.82253e-05,0.000609925,-0.000557864,4.58062e-05,0.000699675,0.00171077,0.000129823,-0.00108494,-0.000191276,0.00445609,-3.56793e-06,-0.00139461,-0.00039614,-2.27625e-05,0.00041934,-8.67217e-06,-0.000954697,0.000119376,0.000326832,0.00122153,0.000243073,-0.000867496,0.000574586,-0.00134948,-4.42158e-06,0.0340383,0.00158318,-0.00118161,-0.00162966,0.0012474,0.000229504,-7.36661e-05,0.00142674,0.0267561,-0.000344562,8.75893e-05,3.66354e-05,-6.35733e-06,-1.1429e-06,-0.00117573,-0.000206259,0.0466512,
0.00164448,-8.09536e-05,-0.000923099,-1.94878e-05,-0.000900499,-0.00156804,5.20001e-05,8.01067e-05,0.000610359,-0.000562442,4.57318e-05,0.00070345,0.00171323,0.000129343,-0.00109311,-0.000193019,0.00445118,-3.57554e-06,-0.0013921,-0.000400879,-2.18481e-05,0.000422991,-8.01492e-06,-0.000961751,0.000119135,0.000332577,0.00122518,0.0002422,-0.000861751,0.000576082,-0.00134652,-4.4089e-06,0.0340376,0.00158468,-0.00118289,-0.00162861,0.00124788,0.000229284,-7.35055e-05,0.00142483,0.0267563,-0.000344571,8.75449e-05,3.6448e-05,-5.31728e-06,-1.14729e-06,-0.00117713,-0.000206934,0.0466513,
0.00164351,-8.06324e-05,-0.000930208,-1.94047e-05,-0.00089555,-0.00156491,5.22315e-05,8.19867e-05,0.000610793,-0.000566981,4.56599e-05,0.000707107,0.00171563,0.000128898,-0.00110116,-0.000194743,0.00444628,-3.58185e-06,-0.00138965,-0.000405482,-2.09387e-05,0.000426597,-7.35345e-06,-0.000968756,0.000118901,0.000338305,0.00122879,0.000241408,-0.00085611,0.000577464,-0.00134364,-4.39565e-06,0.0340364,0.00158609,-0.00118402,-0.00162753,0.00124829,0.000229143,-7.33482e-05,0.00142282,0.0267564,-0.000344621,8.74961e-05,3.6265e-05,-4.28039e-06,-1.152e-06,-0.00117837,-0.000207607,0.0466513,
0.00164241,-8.02976e-05,-0.000937156,-1.93237e-05,-0.000890732,-0.00156179,5.24442e-05,8.38517e-05,0.000611226,-0.000571453,4.55909e-05,0.000710625,0.00171795,0.00012849,-0.00110902,-0.000196437,0.00444141,-3.58683e-06,-0.00138728,-0.000409918,-2.00406e-05,0.000430129,-6.69198e-06,-0.000975666,0.000118676,0.000343985,0.00123234,0.0002407,-0.000850604,0.000578726,-0.00134085,-4.38191e-06,0.0340348,0.00158738,-0.00118499,-0.00162642,0.00124866,0.000229081,-7.31949e-05,0.00142073,0.0267565,-0.000344711,8.74432e-05,3.60875e-05,-3.25384e-06,-1.15699e-06,-0.00117945,-0.000208271,0.0466514,
0.00164121,-7.99511e-05,-0.000943904,-1.92449e-05,-0.000886067,-0.0015587,5.26376e-05,8.56888e-05,0.000611653,-0.000575831,4.5525e-05,0.00071399,0.00172018,0.000128121,-0.00111665,-0.000198092,0.00443663,-3.59043e-06,-0.00138501,-0.000414163,-1.91594e-05,0.000433562,-6.03484e-06,-0.000982439,0.00011846,0.000349589,0.00123582,0.000240079,-0.000845259,0.000579863,-0.00133819,-4.36777e-06,0.0340327,0.00158856,-0.00118581,-0.00162527,0.00124897,0.000229097,-7.30465e-05,0.00141856,0.0267565,-0.000344838,8.73867e-05,3.59163e-05,-2.24409e-06,-1.16222e-06,-0.00118038,-0.000208923,0.0466515,
0.00163989,-7.9595e-05,-0.000950416,-1.91688e-05,-0.000881574,-0.00155565,5.2811e-05,8.74869e-05,0.000612073,-0.000580094,4.54626e-05,0.000717188,0.00172231,0.000127791,-0.00112401,-0.0001997,0.00443194,-3.59266e-06,-0.00138285,-0.000418197,-1.83e-05,0.000436876,-5.3853e-06,-0.000989038,0.000118255,0.00035509,0.00123921,0.000239545,-0.000840098,0.000580874,-0.00133565,-4.35328e-06,0.0340303,0.00158964,-0.00118647,-0.00162411,0.00124922,0.000229187,-7.29035e-05,0.00141634,0.0267565,-0.000345,8.73268e-05,3.57521e-05,-1.25681e-06,-1.16764e-06,-0.00118116,-0.000209558,0.0466515,
0.00163847,-7.92317e-05,-0.000956663,-1.90957e-05,-0.000877271,-0.00155267,5.29643e-05,8.92354e-05,0.000612483,-0.000584221,4.54037e-05,0.000720211,0.00172433,0.000127501,-0.00113106,-0.000201254,0.00442739,-3.59355e-06,-0.00138081,-0.000422006,-1.74668e-05,0.000440051,-4.74693e-06,-0.000995431,0.000118061,0.000360466,0.0012425,0.000239099,-0.000835138,0.000581758,-0.00133326,-4.3385e-06,0.0340275,0.0015906,-0.00118698,-0.00162293,0.00124941,0.000229345,-7.27664e-05,0.00141408,0.0267565,-0.000345193,8.72642e-05,3.55956e-05,-2.97006e-07,-1.17323e-06,-0.00118177,-0.000210173,0.0466516,
0.00163695,-7.88632e-05,-0.000962623,-1.90257e-05,-0.000873168,-0.00154977,5.30973e-05,9.09254e-05,0.000612881,-0.000588197,4.53485e-05,0.000723051,0.00172624,0.000127252,-0.00113779,-0.000202749,0.004423,-3.59313e-06,-0.00137891,-0.00042558,-1.66634e-05,0.000443072,-4.12309e-06,-0.00100159,0.000117877,0.000365693,0.00124567,0.00023874,-0.000830396,0.000582517,-0.00133103,-4.32348e-06,0.0340243,0.00159145,-0.00118734,-0.00162173,0.00124956,0.000229566,-7.26353e-05,0.0014118,0.0267564,-0.000345416,8.71992e-05,3.54472e-05,6.31044e-07,-1.17893e-06,-0.00118224,-0.000210764,0.0466517,
0.00163534,-7.8492e-05,-0.000968277,-1.8959e-05,-0.000869278,-0.00154695,5.32101e-05,9.2549e-05,0.000613265,-0.000592007,4.52971e-05,0.000725704,0.00172802,0.000127043,-0.00114416,-0.000204182,0.00441878,-3.59149e-06,-0.00137715,-0.000428911,-1.58929e-05,0.000445927,-3.51635e-06,-0.0010075,0.000117706,0.000370754,0.00124871,0.000238469,-0.000825882,0.000583154,-0.00132896,-4.30826e-06,0.0340209,0.0015922,-0.00118757,-0.00162052,0.00124964,0.000229842,-7.25108e-05,0.00140951,0.0267563,-0.000345664,8.71324e-05,3.53073e-05,1.5237e-06,-1.1847e-06,-0.00118257,-0.000211328,0.0466517,
0.00163364,-7.81201e-05,-0.00097361,-1.88959e-05,-0.000865606,-0.00154423,5.33032e-05,9.40994e-05,0.000613633,-0.00059564,4.52494e-05,0.000728165,0.00172968,0.000126873,-0.00115017,-0.000205547,0.00441475,-3.58868e-06,-0.00137554,-0.000431997,-1.51579e-05,0.000448604,-2.92982e-06,-0.00101313,0.000117546,0.000375631,0.00125162,0.000238282,-0.000821606,0.000583672,-0.00132707,-4.29286e-06,0.0340172,0.00159286,-0.00118766,-0.00161931,0.00124968,0.000230167,-7.23928e-05,0.00140723,0.0267562,-0.000345936,8.70642e-05,3.5176e-05,2.37792e-06,-1.19051e-06,-0.00118276,-0.000211862,0.0466518,
0.00163187,-7.77497e-05,-0.000978613,-1.88363e-05,-0.000862159,-0.00154162,5.33767e-05,9.5571e-05,0.000613984,-0.000599088,4.52054e-05,0.000730434,0.00173122,0.000126743,-0.0011558,-0.000206843,0.00441094,-3.5848e-06,-0.00137408,-0.000434837,-1.44602e-05,0.000451096,-2.3655e-06,-0.00101847,0.000117398,0.00038031,0.00125437,0.000238179,-0.000817574,0.000584077,-0.00132536,-4.27733e-06,0.0340133,0.00159342,-0.00118763,-0.0016181,0.00124966,0.000230532,-7.22813e-05,0.00140497,0.0267561,-0.000346229,8.69953e-05,3.50536e-05,3.19126e-06,-1.19632e-06,-0.00118282,-0.000212365,0.0466518,
0.00163004,-7.73828e-05,-0.00098328,-1.87802e-05,-0.000858937,-0.00153913,5.34314e-05,9.69591e-05,0.000614316,-0.000602344,4.51649e-05,0.000732511,0.00173263,0.000126651,-0.00116104,-0.000208068,0.00440734,-3.57993e-06,-0.00137277,-0.000437433,-1.38015e-05,0.000453399,-1.82565e-06,-0.0010235,0.00011726,0.000384778,0.00125698,0.000238156,-0.00081379,0.000584374,-0.00132382,-4.26167e-06,0.0340092,0.0015939,-0.00118748,-0.00161689,0.00124961,0.00023093,-7.21763e-05,0.00140274,0.026756,-0.000346538,8.6926e-05,3.49401e-05,3.96178e-06,-1.2021e-06,-0.00118277,-0.000212834,0.0466518,
0.00162815,-7.70214e-05,-0.000987607,-1.87278e-05,-0.000855943,-0.00153676,5.34677e-05,9.82604e-05,0.000614629,-0.000605404,4.5128e-05,0.000734399,0.00173391,0.000126597,-0.0011659,-0.000209221,0.00440397,-3.57418e-06,-0.00137161,-0.000439788,-1.3183e-05,0.000455508,-1.31184e-06,-0.00102823,0.000117135,0.000389025,0.00125942,0.000238212,-0.000810256,0.000584569,-0.00132247,-4.24592e-06,0.034005,0.0015943,-0.00118723,-0.0016157,0.0012495,0.000231354,-7.20778e-05,0.00140057,0.0267559,-0.000346863,8.6857e-05,3.48354e-05,4.68804e-06,-1.2078e-06,-0.0011826,-0.000213267,0.0466519,
0.00162622,-7.66672e-05,-0.000991595,-1.86791e-05,-0.000853175,-0.00153452,5.34866e-05,9.94721e-05,0.000614921,-0.000608264,4.50944e-05,0.0007361,0.00173506,0.000126578,-0.00117037,-0.000210302,0.00440083,-3.56764e-06,-0.0013706,-0.00044191,-1.26052e-05,0.000457422,-8.25506e-07,-0.00103264,0.00011702,0.000393042,0.0012617,0.000238342,-0.000806971,0.000584668,-0.00132129,-4.23011e-06,0.0340006,0.00159464,-0.00118688,-0.00161451,0.00124936,0.000231796,-7.19856e-05,0.00139846,0.0267558,-0.0003472,8.67885e-05,3.47394e-05,5.36904e-06,-1.2134e-06,-0.00118234,-0.000213664,0.0466519,
0.00162425,-7.63217e-05,-0.000995246,-1.86338e-05,-0.00085063,-0.00153241,5.34888e-05,0.000100593,0.000615192,-0.000610925,4.50641e-05,0.000737618,0.00173609,0.000126593,-0.00117446,-0.000211309,0.00439793,-3.56041e-06,-0.00136975,-0.000443803,-1.20685e-05,0.000459142,-3.68039e-07,-0.00103674,0.000116915,0.000396825,0.00126382,0.000238544,-0.000803935,0.000584677,-0.00132029,-4.21425e-06,0.0339962,0.00159491,-0.00118644,-0.00161334,0.00124919,0.00023225,-7.18994e-05,0.00139643,0.0267557,-0.000347546,8.67211e-05,3.46519e-05,6.00418e-06,-1.21887e-06,-0.00118198,-0.000214024,0.0466519,
0.00162226,-7.59865e-05,-0.000998567,-1.85921e-05,-0.000848305,-0.00153043,5.34751e-05,0.000101622,0.000615442,-0.000613385,4.50369e-05,0.000738958,0.001737,0.000126641,-0.00117818,-0.000212245,0.00439527,-3.55259e-06,-0.00136904,-0.000445478,-1.15731e-05,0.00046067,5.9952e-08,-0.00104052,0.00011682,0.000400368,0.00126578,0.000238813,-0.000801142,0.000584605,-0.00131947,-4.19839e-06,0.0339917,0.00159512,-0.00118593,-0.00161219,0.00124898,0.000232709,-7.18193e-05,0.00139447,0.0267556,-0.0003479,8.6655e-05,3.45728e-05,6.59325e-06,-1.22419e-06,-0.00118154,-0.000214346,0.046652,
0.00162025,-7.56629e-05,-0.00100156,-1.85539e-05,-0.000846195,-0.00152858,5.34466e-05,0.000102559,0.00061567,-0.000615648,4.50126e-05,0.000740127,0.0017378,0.00012672,-0.00118152,-0.000213109,0.00439284,-3.54427e-06,-0.00136847,-0.000446942,-1.11185e-05,0.00046201,4.57773e-07,-0.00104398,0.000116736,0.000403671,0.00126757,0.000239145,-0.000798589,0.000584457,-0.00131881,-4.18254e-06,0.0339871,0.00159529,-0.00118535,-0.00161107,0.00124875,0.000233167,-7.1745e-05,0.00139261,0.0267556,-0.000348257,8.65907e-05,3.45017e-05,7.13636e-06,-1.22933e-06,-0.00118103,-0.000214629,0.046652,
0.00177629,-0.000280584,-0.00115433,-0.000532495,-0.000760708,-0.000998231,9.70626e-05,-0.000280584,0.00111448,-0.000253085,0.00129368,0.000538064,0.000454152,2.07598e-05,-0.00115433,-0.000253085,0.004362,-0.000101661,-0.00135207,-0.000347279,-2.36928e-06,-0.000532495,0.00129368,-0.000101661,0.00335445,-0.000119811,-0.00206098,-3.54905e-05,-0.000760708,0.000538064,-0.00135207,-0.000119811,0.0340014,0.00171436,-0.00117489,-0.000998231,0.000454152,-0.000347279,-0.00206098,0.00171436,0.0288016,-0.000179641,9.70626e-05,2.07598e-05,-2.36928e-06,-3.54905e-05,-0.00117489,-0.000179641,0.0466549,
0.00177344,-0.000280202,-0.00115526,-0.00053223,-0.000760415,-0.000997547,9.70869e-05,-0.000280202,0.00111461,-0.000253403,0.00129392,0.000537237,0.000453932,2.0706e-05,-0.00115526,-0.000253403,0.00436131,-0.0001013,-0.00135308,-0.000347609,-2.10156e-06,-0.00053223,0.00129392,-0.0001013,0.00335478,-0.000119042,-0.00206018,-3.56625e-05,-0.000760415,0.000537237,-0.00135308,-0.000119042,0.033994,0.00171325,-0.00117284,-0.000997547,0.000453932,-0.000347609,-0.00206018,0.00171325,0.0288003,-0.000179597,9.70869e-05,2.0706e-05,-2.10156e-06,-3.56625e-05,-0.00117284,-0.000179597,0.0466549,
0.00177066,-0.000279874,-0.00115579,-0.000532024,-0.000760196,-0.000997088,9.70985e-05,-0.000279874,0.00111469,-0.000253631,0.00129412,0.000536464,0.0004537,2.06633e-05,-0.00115579,-0.000253631,0.00436094,-0.000100935,-0.00135406,-0.000347782,-1.91255e-06,-0.000532024,0.00129412,-0.000100935,0.00335506,-0.000118356,-0.0020594,-3.58135e-05,-0.000760196,0.000536464,-0.00135406,-0.000118356,0.0339876,0.0017123,-0.0011711,-0.000997088,0.0004537,-0.000347782,-0.0020594,0.0017123,0.0287992,-0.000179508,9.70985e-05,2.06633e-05,-1.91255e-06,-3.58135e-05,-0.0011711,-0.000179508,0.0466549,
0.00176806,-0.000279572,-0.0011562,-0.000531828,-0.000759888,-0.000996726,9.70983e-05,-0.000279572,0.00111476,-0.000253818,0.0012943,0.000535803,0.000453489,2.06225e-05,-0.0011562,-0.000253818,0.00436065,-0.000100594,-0.00135488,-0.000347922,-1.76926e-06,-0.000531828,0.0012943,-0.000100594,0.00335532,-0.000117775,-0.00205869,-3.59448e-05,-0.000759888,0.000535803,-0.00135488,-0.000117775,0.0339822,0.00171155,-0.00116971,-0.000996726,0.000453489,-0.000347923,-0.00205869,0.00171155,0.0287983,-0.000179395,9.70983e-05,2.06225e-05,-1.76926e-06,-3.59448e-05,-0.00116971,-0.000179395,0.0466549,
0.00176564,-0.000279291,-0.00115656,-0.000531637,-0.000759521,-0.000996411,9.70902e-05,-0.000279291,0.00111483,-0.000253977,0.00129446,0.000535233,0.000453305,2.05823e-05,-0.00115656,-0.000253977,0.00436041,-0.000100277,-0.00135558,-0.000348044,-1.65528e-06,-0.000531637,0.00129446,-0.000100277,0.00335556,-0.000117275,-0.00205804,-3.6059e-05,-0.000759521,0.000535233,-0.00135558,-0.000117275,0.0339776,0.00171093,-0.00116858,-0.000996411,0.000453305,-0.000348044,-0.00205804,0.00171093,0.0287977,-0.000179264,9.70902e-05,2.05823e-05,-1.65528e-06,-3.6059e-05,-0.00116858,-0.000179264,0.0466549,
0.00176341,-0.000279028,-0.00115688,-0.000531451,-0.000759127,-0.000996121,9.70767e-05,-0.000279028,0.0011149,-0.000254115,0.00129461,0.000534733,0.000453147,2.05429e-05,-0.00115688,-0.000254115,0.0043602,-9.99843e-05,-0.00135619,-0.000348148,-1.56193e-06,-0.000531451,0.00129461,-9.99843e-05,0.00335578,-0.000116837,-0.00205746,-3.61585e-05,-0.000759127,0.000534733,-0.00135619,-0.000116837,0.0339734,0.00171042,-0.00116764,-0.000996121,0.000453147,-0.000348148,-0.00205746,0.00171042,0.0287971,-0.000179121,9.70767e-05,2.05429e-05,-1.56193e-06,-3.61585e-05,-0.00116764,-0.000179121,0.046655,
0.00176135,-0.000278782,-0.00115716,-0.00053127,-0.000758728,-0.000995847,9.70593e-05,-0.000278782,0.00111496,-0.000254235,0.00129475,0.000534288,0.000453011,2.05045e-05,-0.00115716,-0.000254235,0.00436002,-9.97137e-05,-0.00135673,-0.000348236,-1.48422e-06,-0.00053127,0.00129475,-9.97137e-05,0.00335599,-0.000116447,-0.00205693,-3.62452e-05,-0.000758728,0.000534288,-0.00135673,-0.000116447,0.0339697,0.00170998,-0.00116684,-0.000995847,0.000453011,-0.000348236,-0.00205693,0.00170998,0.0287967,-0.000178967,9.70593e-05,2.05045e-05,-1.48422e-06,-3.62452e-05,-0.00116684,-0.000178967,0.046655,
0.00175945,-0.000278551,-0.00115743,-0.000531095,-0.000758332,-0.000995586,9.7039e-05,-0.000278551,0.00111502,-0.00025434,0.00129488,0.000533889,0.000452893,2.0467e-05,-0.00115743,-0.00025434,0.00435985,-9.94636e-05,-0.00135721,-0.000348312,-1.41899e-06,-0.000531095,0.00129488,-9.94636e-05,0.00335618,-0.000116097,-0.00205644,-3.63209e-05,-0.000758332,0.000533889,-0.00135721,-0.000116097,0.0339664,0.0017096,-0.00116616,-0.000995586,0.000452893,-0.000348312,-0.00205644,0.0017096,0.0287963,-0.000178804,9.7039e-05,2.0467e-05,-1.41899e-06,-3.63209e-05,-0.00116616,-0.000178804,0.0466551,
0.00175769,-0.000278336,-0.00115767,-0.000530926,-0.000757947,-0.000995338,9.70164e-05,-0.000278336,0.00111507,-0.000254434,0.00129501,0.000533529,0.000452791,2.04306e-05,-0.00115767,-0.000254434,0.00435969,-9.92323e-05,-0.00135765,-0.000348376,-1.36408e-06,-0.000530926,0.00129501,-9.92323e-05,0.00335637,-0.000115781,-0.002056,-3.63871e-05,-0.000757947,0.000533529,-0.00135765,-0.000115781,0.0339633,0.00170927,-0.00116557,-0.000995338,0.000452791,-0.000348376,-0.002056,0.00170927,0.028796,-0.000178634,9.70164e-05,2.04306e-05,-1.36408e-06,-3.63871e-05,-0.00116557,-0.000178634,0.0466552,
0.00175607,-0.000278134,-0.00115789,-0.000530765,-0.000757576,-0.000995102,9.69919e-05,-0.000278134,0.00111512,-0.000254517,0.00129512,0.000533202,0.000452703,2.03953e-05,-0.00115789,-0.000254517,0.00435954,-9.90183e-05,-0.00135804,-0.000348432,-1.31787e-06,-0.000530765,0.00129512,-9.90183e-05,0.00335654,-0.000115494,-0.00205559,-3.64448e-05,-0.000757576,0.000533202,-0.00135804,-0.000115494,0.0339605,0.00170898,-0.00116506,-0.000995102,0.000452703,-0.000348432,-0.00205559,0.00170898,0.0287957,-0.000178459,9.69919e-05,2.03953e-05,-1.31787e-06,-3.64448e-05,-0.00116506,-0.000178459,0.0466553,
0.00175457,-0.000277945,-0.0011581,-0.000530612,-0.000757221,-0.000994877,9.69659e-05,-0.000277945,0.00111517,-0.000254591,0.00129523,0.000532903,0.000452625,2.03611e-05,-0.0011581,-0.000254591,0.00435941,-9.88199e-05,-0.0013584,-0.000348482,-1.2791e-06,-0.000530612,0.00129523,-9.88199e-05,0.0033567,-0.000115231,-0.00205521,-3.64952e-05,-0.000757221,0.000532903,-0.0013584,-0.000115231,0.0339579,0.00170873,-0.00116462,-0.000994877,0.000452625,-0.000348482,-0.00205521,0.00170873,0.0287955,-0.000178278,9.69659e-05,2.03611e-05,-1.2791e-06,-3.64952e-05,-0.00116462,-0.000178278,0.0466553,
0.00175317,-0.000277769,-0.00115829,-0.000530465,-0.000756883,-0.000994664,9.69386e-05,-0.000277769,0.00111521,-0.000254659,0.00129533,0.00053263,0.000452556,2.03279e-05,-0.00115829,-0.000254659,0.00435928,-9.8636e-05,-0.00135873,-0.000348526,-1.24674e-06,-0.000530465,0.00129533,-9.8636e-05,0.00335685,-0.00011499,-0.00205486,-3.65391e-05,-0.000756883,0.00053263,-0.00135873,-0.00011499,0.0339555,0.00170851,-0.00116424,-0.000994664,0.000452556,-0.000348526,-0.00205486,0.00170851,0.0287953,-0.000178094,9.69386e-05,2.03279e-05,-1.24674e-06,-3.65391e-05,-0.00116424,-0.000178094,0.0466554,
0.00175188,-0.000277603,-0.00115847,-0.000530325,-0.000756561,-0.000994463,9.69103e-05,-0.000277603,0.00111525,-0.00025472,0.00129542,0.000532379,0.000452494,2.02958e-05,-0.00115847,-0.00025472,0.00435917,-9.84651e-05,-0.00135903,-0.000348566,-1.21996e-06,-0.000530325,0.00129542,-9.84651e-05,0.00335699,-0.000114767,-0.00205454,-3.65772e-05,-0.000756561,0.000532379,-0.00135903,-0.000114767,0.0339532,0.00170832,-0.00116392,-0.000994463,0.000452494,-0.000348566,-0.00205454,0.00170832,0.0287952,-0.000177905,9.69103e-05,2.02958e-05,-1.21996e-06,-3.65772e-05,-0.00116392,-0.000177905,0.0466555,
0.00175068,-0.000277448,-0.00115865,-0.000530192,-0.000756256,-0.000994272,9.6881e-05,-0.000277448,0.0011153,-0.000254775,0.00129551,0.000532147,0.000452439,2.02646e-05,-0.00115865,-0.000254775,0.00435905,-9.83063e-05,-0.0013593,-0.000348603,-1.19803e-06,-0.000530192,0.00129551,-9.83063e-05,0.00335712,-0.000114561,-0.00205424,-3.66104e-05,-0.000756256,0.000532147,-0.0013593,-0.000114561,0.0339511,0.00170816,-0.00116364,-0.000994272,0.000452439,-0.000348603,-0.00205424,0.00170816,0.028795,-0.000177714,9.6881e-05,2.02646e-05,-1.19803e-06,-3.66104e-05,-0.00116364,-0.000177714,0.0466556,
0.00174957,-0.000277302,-0.00115881,-0.000530066,-0.000755968,-0.000994091,9.68511e-05,-0.000277302,0.00111533,-0.000254827,0.00129559,0.000531932,0.000452389,2.02343e-05,-0.00115881,-0.000254827,0.00435895,-9.81584e-05,-0.00135956,-0.000348638,-1.18035e-06,-0.000530066,0.00129559,-9.81584e-05,0.00335725,-0.000114369,-0.00205396,-3.6639e-05,-0.000755968,0.000531932,-0.00135956,-0.000114369,0.0339492,0.00170801,-0.0011634,-0.000994091,0.000452389,-0.000348638,-0.00205396,0.00170801,0.0287949,-0.00017752,9.68511e-05,2.02343e-05,-1.18035e-06,-3.6639e-05,-0.0011634,-0.00017752,0.0466557,
0.00174853,-0.000277164,-0.00115896,-0.000529945,-0.000755695,-0.00099392,9.68205e-05,-0.000277164,0.00111537,-0.000254874,0.00129567,0.000531733,0.000452343,2.02049e-05,-0.00115896,-0.000254874,0.00435885,-9.80204e-05,-0.0013598,-0.000348671,-1.16641e-06,-0.000529945,0.00129567,-9.80204e-05,0.00335736,-0.00011419,-0.0020537,-3.66637e-05,-0.000755695,0.000531733,-0.0013598,-0.00011419,0.0339474,0.00170789,-0.00116319,-0.00099392,0.000452343,-0.000348671,-0.0020537,0.00170789,0.0287948,-0.000177325,9.68205e-05,2.02049e-05,-1.16641e-06,-3.66637e-05,-0.00116319,-0.000177325,0.0466558,
0.00174758,-0.000276987,-0.00115925,-0.000529503,-0.00075645,-0.000995838,9.73849e-05,-0.000277022,0.00111543,-0.000255003,0.00129595,0.000530927,0.000451028,2.05408e-05,-0.00115909,-0.000254861,0.00435858,-9.75082e-05,-0.0013612,-0.000351136,-4.59318e-07,-0.000529834,0.00129574,-9.78657e-05,0.00335741,-0.000113835,-0.00205307,-3.67947e-05,-0.000755298,0.000531877,-0.00136098,-0.000111769,0.0339387,0.00169348,-0.00115892,-0.000993392,0.000453172,-0.000351242,-0.00204751,0.00168939,0.028757,-0.00016632,9.6784e-05,2.01634e-05,-1.11815e-06,-3.67729e-05,-0.00116275,-0.000176568,0.0466557,
0.00174668,-0.000276865,-0.00115939,-0.000529393,-0.000756207,-0.000995685,9.736e-05,-0.0002769,0.00111546,-0.000255044,0.00129602,0.000530753,0.000450989,2.05157e-05,-0.00115923,-0.000254902,0.00435849,-9.73876e-05,-0.00136141,-0.000351169,-4.43917e-07,-0.000529724,0.00129581,-9.77451e-05,0.00335751,-0.00011368,-0.00205284,-3.68185e-05,-0.000755056,0.000531704,-0.00136118,-0.000111614,0.0339371,0.00169335,-0.00115873,-0.00099324,0.000453133,-0.000351273,-0.00204728,0.00168927,0.0287569,-0.000166166,9.67598e-05,2.01383e-05,-1.10268e-06,-3.67966e-05,-0.00116255,-0.000176412,0.0466558,
0.00174583,-0.00027675,-0.00115953,-0.000529289,-0.000755977,-0.00099554,9.73398e-05,-0.000276785,0.0011155,-0.000255082,0.00129608,0.000530591,0.000450953,2.04932e-05,-0.00115936,-0.00025494,0.0043584,-9.72746e-05,-0.0013616,-0.000351203,-4.25836e-07,-0.00052962,0.00129587,-9.76321e-05,0.00335761,-0.000113537,-0.00205263,-3.68434e-05,-0.000754826,0.000531542,-0.00136137,-0.00011147,0.0339356,0.00169323,-0.00115853,-0.000993097,0.000453097,-0.000351305,-0.00204707,0.00168914,0.0287568,-0.00016604,9.67402e-05,2.01158e-05,-1.08454e-06,-3.68214e-05,-0.00116235,-0.000176284,0.0466558,
0.00174504,-0.000276621,-0.00115971,-0.000529056,-0.00075617,-0.000996247,9.75639e-05,-0.000276671,0.00111554,-0.000255153,0.00129623,0.000530188,0.000450402,2.06208e-05,-0.00115948,-0.000254953,0.00435825,-9.70128e-05,-0.00136226,-0.000352226,-1.23586e-07,-0.000529521,0.00129593,-9.75156e-05,0.00335768,-0.000113328,-0.00205228,-3.69131e-05,-0.000754551,0.000531526,-0.00136194,-0.00011042,0.0339314,0.00168729,-0.00115666,-0.000992812,0.000453418,-0.000352367,-0.00204445,0.00168154,0.0287414,-0.000161541,9.67215e-05,2.009e-05,-1.04992e-06,-3.6882e-05,-0.00116204,-0.000175948,0.0466558,
0.0017443,-0.000276518,-0.00115984,-0.00052896,-0.000755962,-0.000996117,9.75522e-05,-0.000276568,0.00111557,-0.000255186,0.00129629,0.000530046,0.000450371,2.06031e-05,-0.00115961,-0.000254987,0.00435816,-9.6913e-05,-0.00136242,-0.000352261,-1.00157e-07,-0.000529424,0.00129599,-9.74159e-05,0.00335776,-0.000113206,-0.00205209,-3.69403e-05,-0.000754345,0.000531385,-0.0013621,-0.000110297,0.0339301,0.00168715,-0.00115644,-0.000992683,0.000453388,-0.000352401,-0.00204427,0.0016814,0.0287413,-0.000161467,9.67105e-05,2.00723e-05,-1.02646e-06,-3.69091e-05,-0.00116182,-0.000175873,0.0466559,
0.0017436,-0.00027642,-0.00115996,-0.000528867,-0.000755765,-0.000995994,9.7545e-05,-0.00027647,0.00111559,-0.000255218,0.00129634,0.000529914,0.000450342,2.05878e-05,-0.00115973,-0.000255019,0.00435808,-9.68189e-05,-0.00136257,-0.000352298,-7.37036e-08,-0.000529332,0.00129605,-9.73219e-05,0.00335785,-0.000113092,-0.00205192,-3.69691e-05,-0.000754148,0.000531253,-0.00136225,-0.000110183,0.0339289,0.00168702,-0.00115621,-0.000992561,0.00045336,-0.000352435,-0.00204409,0.00168127,0.0287411,-0.000161419,9.67039e-05,2.00569e-05,-1.00003e-06,-3.69378e-05,-0.00116159,-0.000175824,0.0466559,
0.00174293,-0.000276327,-0.00116008,-0.000528778,-0.000755577,-0.000995877,9.75413e-05,-0.000276376,0.00111562,-0.000255249,0.0012964,0.00052979,0.000450315,2.05743e-05,-0.00115985,-0.000255049,0.004358,-9.67301e-05,-0.00136271,-0.000352334,-4.50777e-08,-0.000529243,0.0012961,-9.72332e-05,0.00335792,-0.000112986,-0.00205176,-3.69989e-05,-0.000753959,0.000531129,-0.00136239,-0.000110076,0.0339278,0.00168688,-0.00115597,-0.000992446,0.000453333,-0.00035247,-0.00204393,0.00168112,0.028741,-0.000161393,9.67007e-05,2.00434e-05,-9.71435e-07,-3.69675e-05,-0.00116135,-0.000175797,0.0466559,
0.00174231,-0.000276238,-0.00116019,-0.000528693,-0.000755396,-0.000995766,9.75403e-05,-0.000276287,0.00111564,-0.000255277,0.00129645,0.000529673,0.00045029,2.05623e-05,-0.00115997,-0.000255078,0.00435792,-9.66461e-05,-0.00136284,-0.000352372,-1.49308e-08,-0.000529157,0.00129615,-9.71492e-05,0.003358,-0.000112888,-0.0020516,-3.70293e-05,-0.000753779,0.000531013,-0.00136252,-0.000109977,0.0339268,0.00168673,-0.00115572,-0.000992335,0.000453309,-0.000352505,-0.00204378,0.00168098,0.0287409,-0.000161382,9.67003e-05,2.00314e-05,-9.41322e-07,-3.69977e-05,-0.00116111,-0.000175786,0.0466559,
0.00174171,-0.000276152,-0.00116031,-0.00052861,-0.000755223,-0.00099566,9.75414e-05,-0.000276202,0.00111567,-0.000255305,0.0012965,0.000529563,0.000450267,2.05517e-05,-0.00116008,-0.000255106,0.00435785,-9.65663e-05,-0.00136297,-0.000352409,1.62331e-08,-0.000529074,0.0012962,-9.70695e-05,0.00335807,-0.000112796,-0.00205146,-3.70599e-05,-0.000753607,0.000530903,-0.00136264,-0.000109884,0.0339258,0.00168659,-0.00115548,-0.00099223,0.000453286,-0.000352541,-0.00204363,0.00168084,0.0287408,-0.000161385,9.6702e-05,2.00207e-05,-9.10181e-07,-3.70282e-05,-0.00116086,-0.000175788,0.0466559,
0.00174115,-0.000276071,-0.00116042,-0.00052853,-0.000755057,-0.000995559,9.75442e-05,-0.00027612,0.00111569,-0.000255331,0.00129655,0.000529458,0.000450245,2.05421e-05,-0.00116019,-0.000255132,0.00435777,-9.64905e-05,-0.00136308,-0.000352447,4.80219e-08,-0.000528993,0.00129625,-9.69937e-05,0.00335814,-0.000112709,-0.00205132,-3.70905e-05,-0.000753441,0.000530798,-0.00136276,-0.000109797,0.0339249,0.00168646,-0.00115524,-0.00099213,0.000453265,-0.000352577,-0.00204349,0.00168071,0.0287406,-0.000161399,9.67053e-05,2.0011e-05,-8.78396e-07,-3.70587e-05,-0.00116062,-0.000175801,0.0466559,
0.00174061,-0.000275992,-0.00116052,-0.000528452,-0.000754898,-0.000995462,9.75482e-05,-0.000276042,0.00111571,-0.000255356,0.00129659,0.000529359,0.000450224,2.05333e-05,-0.0011603,-0.000255157,0.0043577,-9.64182e-05,-0.00136319,-0.000352485,8.01316e-08,-0.000528916,0.0012963,-9.69214e-05,0.00335821,-0.000112627,-0.00205119,-3.71209e-05,-0.000753282,0.000530699,-0.00136287,-0.000109715,0.0339241,0.00168632,-0.00115499,-0.000992033,0.000453244,-0.000352613,-0.00204336,0.00168057,0.0287405,-0.000161421,9.67098e-05,2.00023e-05,-8.46271e-07,-3.70891e-05,-0.00116038,-0.000175821,0.0466559,
0.00174009,-0.000275917,-0.00116063,-0.000528377,-0.000754744,-0.000995368,9.75531e-05,-0.000275966,0.00111573,-0.000255381,0.00129664,0.000529264,0.000450204,2.05253e-05,-0.0011604,-0.000255182,0.00435763,-9.63491e-05,-0.00136329,-0.000352523,1.12326e-07,-0.00052884,0.00129634,-9.68524e-05,0.00335827,-0.00011255,-0.00205107,-3.71511e-05,-0.000753128,0.000530605,-0.00136297,-0.000109636,0.0339233,0.00168619,-0.00115476,-0.000991941,0.000453225,-0.00035265,-0.00204324,0.00168044,0.0287404,-0.000161448,9.67153e-05,1.99942e-05,-8.14041e-07,-3.71191e-05,-0.00116014,-0.000175848,0.0466559,
0.0017396,-0.000275844,-0.00116073,-0.000528304,-0.000754595,-0.000995278,9.75588e-05,-0.000275893,0.00111576,-0.000255404,0.00129668,0.000529173,0.000450186,2.05178e-05,-0.0011605,-0.000255205,0.00435756,-9.62829e-05,-0.00136339,-0.000352561,1.44423e-07,-0.000528766,0.00129638,-9.67862e-05,0.00335833,-0.000112475,-0.00205095,-3.71808e-05,-0.00075298,0.000530515,-0.00136307,-0.000109562,0.0339225,0.00168606,-0.00115452,-0.000991852,0.000453206,-0.000352686,-0.00204312,0.00168031,0.0287402,-0.000161481,9.67214e-05,1.99867e-05,-7.81889e-07,-3.71488e-05,-0.0011599,-0.000175879,0.0466558,
0.00173913,-0.000275773,-0.00116083,-0.000528232,-0.000754452,-0.000995191,9.75649e-05,-0.000275822,0.00111578,-0.000255427,0.00129672,0.000529087,0.000450168,2.05107e-05,-0.0011606,-0.000255228,0.00435749,-9.62194e-05,-0.00136348,-0.000352599,1.76285e-07,-0.000528695,0.00129643,-9.67227e-05,0.00335839,-0.000112405,-0.00205083,-3.72101e-05,-0.000752837,0.000530428,-0.00136316,-0.000109491,0.0339217,0.00168593,-0.00115429,-0.000991766,0.000453188,-0.000352723,-0.00204301,0.00168018,0.0287401,-0.000161517,9.6728e-05,1.99797e-05,-7.49957e-07,-3.7178e-05,-0.00115967,-0.000175913,0.0466558,
0.00173868,-0.000275705,-0.00116093,-0.000528163,-0.000754312,-0.000995107,9.75712e-05,-0.000275754,0.0011158,-0.000255449,0.00129676,0.000529003,0.000450151,2.0504e-05,-0.0011607,-0.00025525,0.00435742,-9.61583e-05,-0.00136357,-0.000352637,2.07809e-07,-0.000528625,0.00129647,-9.66616e-05,0.00335845,-0.000112337,-0.00205072,-3.72388e-05,-0.000752698,0.000530345,-0.00136325,-0.000109423,0.033921,0.00168581,-0.00115406,-0.000991683,0.000453171,-0.00035276,-0.0020429,0.00168006,0.02874,-0.000161555,9.67349e-05,1.9973e-05,-7.18351e-07,-3.72066e-05,-0.00115945,-0.000175949,0.0466558,
0.00173824,-0.000275638,-0.00116103,-0.000528094,-0.000754177,-0.000995026,9.75778e-05,-0.000275688,0.00111582,-0.00025547,0.0012968,0.000528923,0.000450134,2.04977e-05,-0.0011608,-0.000255271,0.00435735,-9.60993e-05,-0.00136365,-0.000352676,2.38917e-07,-0.000528556,0.0012965,-9.66026e-05,0.0033585,-0.000112271,-0.00205062,-3.72669e-05,-0.000752563,0.000530264,-0.00136333,-0.000109357,0.0339203,0.00168569,-0.00115384,-0.000991603,0.000453155,-0.000352797,-0.00204279,0.00167994,0.0287399,-0.000161594,9.6742e-05,1.99667e-05,-6.8715e-07,-3.72347e-05,-0.00115923,-0.000175986,0.0466558,
0.00173782,-0.000275574,-0.00116113,-0.000528028,-0.000754046,-0.000994947,9.75844e-05,-0.000275623,0.00111584,-0.000255491,0.00129684,0.000528845,0.000450118,2.04915e-05,-0.0011609,-0.000255292,0.00435729,-9.60423e-05,-0.00136374,-0.000352714,2.69558e-07,-0.00052849,0.00129654,-9.65456e-05,0.00335856,-0.000112208,-0.00205051,-3.72945e-05,-0.000752432,0.000530187,-0.00136341,-0.000109294,0.0339196,0.00168557,-0.00115363,-0.000991524,0.000453139,-0.000352834,-0.00204269,0.00167982,0.0287398,-0.000161634,9.67491e-05,1.99606e-05,-6.56411e-07,-3.72622e-05,-0.00115901,-0.000176024,0.0466558,
0.00173741,-0.000275511,-0.00116122,-0.000527962,-0.000753918,-0.00099487,9.7591e-05,-0.00027556,0.00111586,-0.000255511,0.00129688,0.000528769,0.000450102,2.04856e-05,-0.001161,-0.000255313,0.00435722,-9.59871e-05,-0.00136381,-0.000352752,2.99697e-07,-0.000528424,0.00129658,-9.64903e-05,0.00335861,-0.000112146,-0.00205041,-3.73215e-05,-0.000752305,0.000530111,-0.00136349,-0.000109232,0.033919,0.00168546,-0.00115342,-0.000991448,0.000453123,-0.000352871,-0.00204259,0.00167971,0.0287397,-0.000161675,9.67561e-05,1.99547e-05,-6.26171e-07,-3.72891e-05,-0.0011588,-0.000176061,0.0466557,
0.00173701,-0.000275449,-0.00116132,-0.000527898,-0.000753794,-0.000994795,9.75974e-05,-0.000275498,0.00111587,-0.000255531,0.00129691,0.000528696,0.000450087,2.04798e-05,-0.00116109,-0.000255333,0.00435716,-9.59334e-05,-0.00136389,-0.000352791,3.29311e-07,-0.000528359,0.00129662,-9.64366e-05,0.00335866,-0.000112087,-0.00205032,-3.73479e-05,-0.000752181,0.000530038,-0.00136356,-0.000109173,0.0339184,0.00168535,-0.00115321,-0.000991374,0.000453108,-0.000352908,-0.0020425,0.0016796,0.0287395,-0.000161714,9.67631e-05,1.99489e-05,-5.96452e-07,-3.73155e-05,-0.00115859,-0.000176099,0.0466557,
0.00173663,-0.000275389,-0.00116141,-0.000527835,-0.000753672,-0.000994721,9.76038e-05,-0.000275438,0.00111589,-0.000255551,0.00129695,0.000528624,0.000450072,2.04741e-05,-0.00116118,-0.000255352,0.00435709,-9.58812e-05,-0.00136396,-0.000352829,3.58394e-07,-0.000528296,0.00129665,-9.63844e-05,0.00335871,-0.000112029,-0.00205022,-3.73738e-05,-0.000752059,0.000529966,-0.00136364,-0.000109114,0.0339177,0.00168524,-0.00115301,-0.000991302,0.000453093,-0.000352945,-0.0020424,0.00167949,0.0287394,-0.000161753,9.67699e-05,1.99432e-05,-5.67266e-07,-3.73413e-05,-0.00115839,-0.000176135,0.0466557,
0.00173625,-0.00027533,-0.0011615,-0.000527773,-0.000753553,-0.000994649,9.761e-05,-0.000275379,0.00111591,-0.00025557,0.00129698,0.000528554,0.000450058,2.04684e-05,-0.00116128,-0.000255371,0.00435703,-9.58304e-05,-0.00136404,-0.000352867,3.86945e-07,-0.000528234,0.00129669,-9.63335e-05,0.00335876,-0.000111972,-0.00205013,-3.73991e-05,-0.00075194,0.000529897,-0.00136371,-0.000109058,0.0339171,0.00168513,-0.00115282,-0.000991231,0.000453078,-0.000352982,-0.00204231,0.00167939,0.0287393,-0.000161791,9.67765e-05,1.99376e-05,-5.38613e-07,-3.73665e-05,-0.0011582,-0.000176171,0.0466557,
0.00173589,-0.000275272,-0.0011616,-0.000527711,-0.000753436,-0.000994579,9.76159e-05,-0.000275321,0.00111593,-0.000255589,0.00129702,0.000528486,0.000450044,2.04629e-05,-0.00116137,-0.00025539,0.00435696,-9.57807e-05,-0.00136411,-0.000352906,4.14971e-07,-0.000528172,0.00129672,-9.62838e-05,0.00335881,-0.000111916,-0.00205004,-3.74238e-05,-0.000751824,0.000529828,-0.00136378,-0.000109002,0.0339166,0.00168503,-0.00115262,-0.000991162,0.000453064,-0.000353019,-0.00204222,0.00167929,0.0287392,-0.000161828,9.67829e-05,1.99321e-05,-5.10486e-07,-3.73912e-05,-0.00115801,-0.000176206,0.0466557,
0.00173553,-0.000275215,-0.00116169,-0.000527651,-0.000753321,-0.00099451,9.76217e-05,-0.000275264,0.00111595,-0.000255607,0.00129705,0.000528419,0.00045003,2.04573e-05,-0.00116146,-0.000255409,0.0043569,-9.5732e-05,-0.00136417,-0.000352944,4.42488e-07,-0.000528111,0.00129676,-9.62351e-05,0.00335886,-0.000111861,-0.00204995,-3.7448e-05,-0.00075171,0.000529762,-0.00136385,-0.000108947,0.033916,0.00168493,-0.00115244,-0.000991093,0.00045305,-0.000353056,-0.00204213,0.00167919,0.0287391,-0.000161864,9.67891e-05,1.99266e-05,-4.82873e-07,-3.74153e-05,-0.00115782,-0.000176239,0.0466556,
0.00173518,-0.000275159,-0.00116178,-0.000527591,-0.000753209,-0.000994442,9.76272e-05,-0.000275208,0.00111596,-0.000255626,0.00129709,0.000528353,0.000450016,2.04518e-05,-0.00116155,-0.000255427,0.00435683,-9.56843e-05,-0.00136424,-0.000352982,4.69511e-07,-0.000528051,0.00129679,-9.61874e-05,0.0033589,-0.000111808,-0.00204987,-3.74718e-05,-0.000751597,0.000529696,-0.00136391,-0.000108893,0.0339154,0.00168483,-0.00115225,-0.000991026,0.000453036,-0.000353093,-0.00204205,0.00167909,0.028739,-0.000161898,9.67951e-05,1.99211e-05,-4.55756e-07,-3.7439e-05,-0.00115764,-0.000176271,0.0466556,
0.00173484,-0.000275104,-0.00116187,-0.000527532,-0.000753098,-0.000994375,9.76324e-05,-0.000275153,0.00111598,-0.000255644,0.00129712,0.000528288,0.000450002,2.04463e-05,-0.00116164,-0.000255445,0.00435677,-9.56375e-05,-0.00136431,-0.000353021,4.96063e-07,-0.000527992,0.00129682,-9.61406e-05,0.00335895,-0.000111755,-0.00204978,-3.74951e-05,-0.000751487,0.000529631,-0.00136398,-0.00010884,0.0339148,0.00168474,-0.00115207,-0.00099096,0.000453022,-0.000353131,-0.00204196,0.00167899,0.0287389,-0.000161931,9.68008e-05,1.99156e-05,-4.29114e-07,-3.74623e-05,-0.00115746,-0.000176302,0.0466556,
0.0017345,-0.00027505,-0.00116196,-0.000527473,-0.000752988,-0.000994309,9.76375e-05,-0.000275098,0.001116,-0.000255661,0.00129715,0.000528225,0.000449989,2.04408e-05,-0.00116173,-0.000255463,0.00435671,-9.55915e-05,-0.00136437,-0.000353059,5.22167e-07,-0.000527933,0.00129686,-9.60945e-05,0.00335899,-0.000111703,-0.0020497,-3.75179e-05,-0.000751378,0.000529568,-0.00136404,-0.000108788,0.0339143,0.00168464,-0.0011519,-0.000990895,0.000453009,-0.000353168,-0.00204188,0.0016789,0.0287388,-0.000161962,9.68062e-05,1.99101e-05,-4.02924e-07,-3.7485e-05,-0.00115728,-0.000176331,0.0466556,
