0.0029532,4.64312e-05,-0.000811599,2.23624e-05,-0.00076342,-0.000500914,-9.01268e-05,-0.000395259,0.000635397,0.000263872,5.39767e-05,0.00118629,0.00199348,-8.03362e-05,-0.000929472,0.000129984,0.00445922,7.63884e-06,-0.00121127,-0.00023761,-0.000121772,-0.00112127,-2.43709e-05,0.00033326,0.000135784,0.00149501,0.00134174,-6.70877e-05,-0.000889198,0.000594409,-0.00133071,-1.45095e-05,0.0344,0.0018051,-0.0016666,-0.000258417,0.00146794,-0.000448909,-5.54962e-05,0.00132439,0.0273477,2.78091e-06,-7.02862e-05,-5.34003e-05,-0.000120845,-1.09641e-06,-0.0016861,-4.31903e-05,0.0467056,
0.00295591,4.71434e-05,-0.000840009,2.21876e-05,-0.000745438,-0.000502366,-9.1249e-05,-0.000380387,0.000634488,0.000235806,5.37028e-05,0.00120521,0.00199698,-8.50308e-05,-0.000945474,0.000130916,0.00444253,7.8159e-06,-0.00119864,-0.000249916,-0.000121483,-0.00108564,-2.60802e-05,0.0002598,0.000135008,0.00154278,0.00135429,-7.84156e-05,-0.000880589,0.000594166,-0.00131584,-1.46459e-05,0.0343944,0.00180971,-0.00166792,-0.000274941,0.00146685,-0.000434088,-5.53312e-05,0.00131109,0.0273475,7.8485e-06,-6.98869e-05,-5.35596e-05,-0.000119196,-1.08683e-06,-0.0016891,-4.29556e-05,0.0467058,
0.00295825,4.7858e-05,-0.000870463,2.20002e-05,-0.000726525,-0.000503784,-9.2399e-05,-0.000363933,0.000633525,0.00020627,5.34031e-05,0.00122432,0.00200089,-9.00707e-05,-0.000962712,0.000131884,0.00442393,7.99961e-06,-0.00118483,-0.000262909,-0.00012117,-0.00104608,-2.78939e-05,0.000182605,0.000134161,0.00159124,0.00136818,-9.0588e-05,-0.000871585,0.000593809,-0.00129951,-1.47816e-05,0.0343876,0.00181436,-0.00166918,-0.000293204,0.00146565,-0.00041852,-5.51527e-05,0.00129753,0.0273473,1.33371e-05,-6.94164e-05,-5.37199e-05,-0.000117402,-1.07664e-06,-0.00169219,-4.26962e-05,0.0467061,
0.00296003,4.85486e-05,-0.000902251,2.18041e-05,-0.000707104,-0.000505141,-9.35513e-05,-0.000346263,0.000632536,0.000176184,5.30834e-05,0.00124294,0.00200512,-9.5369e-05,-0.000980848,0.000132864,0.00440374,8.18433e-06,-0.00117009,-0.000276277,-0.000120845,-0.00100343,-2.97564e-05,0.000104073,0.00013326,0.00163862,0.00138316,-0.000103395,-0.000862295,0.000593353,-0.00128203,-1.49139e-05,0.0343797,0.00181893,-0.00167037,-0.000312833,0.00146433,-0.000402779,-5.49649e-05,0.00128424,0.0273471,1.91564e-05,-6.88766e-05,-5.38772e-05,-0.000115502,-1.06599e-06,-0.00169531,-4.24192e-05,0.0467063,
0.00296105,4.91929e-05,-0.000934727,2.16028e-05,-0.000687558,-0.000506421,-9.46774e-05,-0.000327771,0.000631548,0.000146375,5.27496e-05,0.00126051,0.00200958,-0.000100831,-0.00099959,0.000133834,0.00438229,8.36543e-06,-0.00115469,-0.000289755,-0.000120511,-0.000958644,-3.16176e-05,2.63605e-05,0.000132322,0.0016835,0.00139892,-0.000116609,-0.000852818,0.000592806,-0.00126375,-1.50404e-05,0.0343711,0.00182329,-0.00167146,-0.000333421,0.00146292,-0.000387401,-5.47723e-05,0.00127167,0.0273469,2.52077e-05,-6.82688e-05,-5.40278e-05,-0.000113531,-1.05503e-06,-0.00169839,-4.21305e-05,0.0467065,
0.00296117,4.97728e-05,-0.000967326,2.13995e-05,-0.000668214,-0.000507615,-9.57499e-05,-0.000308855,0.000630579,0.000117555,5.24076e-05,0.00127659,0.00201416,-0.000106361,-0.00101869,0.000134777,0.00435993,8.53922e-06,-0.00113888,-0.00030312,-0.00012017,-0.000912665,-3.34344e-05,-4.86982e-05,0.000131363,0.00172475,0.00141516,-0.000129999,-0.000843239,0.000592174,-0.00124499,-1.51592e-05,0.0343617,0.00182736,-0.00167242,-0.000354551,0.00146141,-0.000372852,-5.45792e-05,0.00126013,0.0273467,3.13922e-05,-6.75948e-05,-5.41683e-05,-0.00011152,-1.04392e-06,-0.00170139,-4.18348e-05,0.0467066,
0.0029603,5.02742e-05,-0.000999573,2.1197e-05,-0.000649333,-0.000508723,-9.67448e-05,-0.000289892,0.000629648,9.02898e-05,5.20632e-05,0.00129087,0.00201876,-0.000111872,-0.00103793,0.00013568,0.00433701,8.70295e-06,-0.00112293,-0.000316196,-0.000119819,-0.000866408,-3.51719e-05,-0.000119644,0.000130399,0.00176163,0.00143158,-0.000143355,-0.000833623,0.000591461,-0.00122608,-1.52689e-05,0.0343519,0.00183108,-0.00167327,-0.000375826,0.00145982,-0.000359506,-5.43895e-05,0.00124986,0.0273466,3.76159e-05,-6.6857e-05,-5.4296e-05,-0.000109497,-1.03281e-06,-0.00170426,-4.15359e-05,0.0467068,
0.00295836,5.06867e-05,-0.00103108,2.09978e-05,-0.000631113,-0.000509746,-9.76418e-05,-0.000271225,0.000628767,6.49994e-05,5.17213e-05,0.00130317,0.00202329,-0.000117284,-0.00105713,0.000136534,0.00431387,8.85462e-06,-0.00110705,-0.000328845,-0.000119454,-0.000820694,-3.68021e-05,-0.000185408,0.000129444,0.0017937,0.00144789,-0.000156483,-0.000824021,0.000590672,-0.0012073,-1.53686e-05,0.0343417,0.00183441,-0.00167398,-0.00039688,0.00145814,-0.00034763,-5.42066e-05,0.00124099,0.0273465,4.37929e-05,-6.60589e-05,-5.44087e-05,-0.000107486,-1.02184e-06,-0.00170697,-4.12372e-05,0.0467069,
0.00295532,5.1003e-05,-0.00106155,2.08042e-05,-0.000613695,-0.000510689,-9.84259e-05,-0.000253141,0.000627946,4.19575e-05,5.13865e-05,0.00131344,0.00202766,-0.00012253,-0.00107616,0.000137333,0.0042908,8.99301e-06,-0.00109146,-0.000340964,-0.000119072,-0.000776227,-3.83069e-05,-0.0002453,0.000128509,0.00182079,0.00146386,-0.000169222,-0.000814474,0.000589812,-0.00118892,-1.54579e-05,0.0343313,0.00183733,-0.00167456,-0.000417403,0.0014564,-0.000337387,-5.40335e-05,0.00123355,0.0273464,4.9848e-05,-6.52053e-05,-5.4505e-05,-0.000105506,-1.01112e-06,-0.00170949,-4.09412e-05,0.046707,
0.00295119,5.12185e-05,-0.00109075,2.06178e-05,-0.00059717,-0.000511559,-9.90864e-05,-0.000235872,0.000627189,2.13074e-05,5.10625e-05,0.0013217,0.0020318,-0.000127554,-0.00109487,0.000138077,0.00426808,9.11742e-06,-0.00107633,-0.000352482,-0.000118668,-0.000733568,-3.96749e-05,-0.000298967,0.000127605,0.00184299,0.00147927,-0.000181437,-0.000805019,0.000588885,-0.00117114,-1.55366e-05,0.0343207,0.00183985,-0.00167501,-0.000437139,0.00145461,-0.000328843,-5.38725e-05,0.00122752,0.0273464,5.5717e-05,-6.43017e-05,-5.4584e-05,-0.000103572,-1.00077e-06,-0.0017118,-4.06502e-05,0.046707,
0.00294599,5.13312e-05,-0.00111854,2.04401e-05,-0.000581589,-0.000512362,-9.96174e-05,-0.000219591,0.000626498,3.08305e-06,5.07525e-05,0.00132806,0.00203566,-0.000132313,-0.00111317,0.000138763,0.00424595,9.22768e-06,-0.0010618,-0.000363352,-0.000118239,-0.000693139,-4.09008e-05,-0.000346337,0.00012674,0.00186053,0.00149396,-0.000193022,-0.00079569,0.000587896,-0.00115413,-1.56052e-05,0.0343102,0.00184197,-0.00167533,-0.000455894,0.00145277,-0.000321982,-5.37255e-05,0.00122281,0.0273465,6.13473e-05,-6.33547e-05,-5.46452e-05,-0.000101696,-9.9087e-07,-0.0017139,-4.0366e-05,0.046707,
0.00293979,5.13412e-05,-0.00114482,2.02722e-05,-0.000566971,-0.000513104,-0.000100017,-0.000204414,0.000625875,-1.27685e-05,5.04586e-05,0.00133264,0.00203921,-0.000136772,-0.00113097,0.000139394,0.00422461,9.32396e-06,-0.001048,-0.00037355,-0.000117784,-0.000655229,-4.19855e-05,-0.000387561,0.00012592,0.00187379,0.00150781,-0.000203899,-0.000786519,0.000586851,-0.00113803,-1.56637e-05,0.0342997,0.00184372,-0.00167554,-0.000473533,0.00145091,-0.000316728,-5.35933e-05,0.0012193,0.0273467,6.66974e-05,-6.23711e-05,-5.46886e-05,-9.98876e-05,-9.81489e-07,-0.00171577,-4.00902e-05,0.046707,
0.00293265,5.12505e-05,-0.00116953,2.01148e-05,-0.000553315,-0.000513791,-0.000100285,-0.00019041,0.000625316,-2.63628e-05,5.01826e-05,0.00133563,0.00204242,-0.00014091,-0.00114819,0.000139973,0.00420421,9.40673e-06,-0.001035,-0.000383067,-0.000117299,-0.000620009,-4.29334e-05,-0.000422953,0.00012515,0.00188319,0.00152074,-0.000214011,-0.000777539,0.000585756,-0.00112294,-1.57128e-05,0.0342893,0.00184512,-0.00167564,-0.000489973,0.00144903,-0.000312956,-5.34766e-05,0.00121686,0.0273469,7.17351e-05,-6.13585e-05,-5.47144e-05,-9.81536e-05,-9.72693e-07,-0.00171741,-3.98239e-05,0.046707,
0.00292466,5.11364e-05,-0.00119272,1.99576e-05,-0.000540059,-0.000512037,-0.000100767,-0.000177606,0.000624847,-3.78807e-05,4.99211e-05,0.00133742,0.00204623,-0.000144847,-0.00116477,0.000140557,0.00418483,9.46883e-06,-0.0010225,-0.000390184,-0.000117031,-0.000587549,-4.36575e-05,-0.000453001,0.000124419,0.00188988,0.00153575,-0.000223758,-0.000768783,0.000584667,-0.00110894,-1.57602e-05,0.0342796,0.00184786,-0.00167588,-0.00050515,0.00144885,-0.00031182,-5.36241e-05,0.00122787,0.0274023,6.85701e-05,-6.03244e-05,-5.47293e-05,-9.64938e-05,-9.63637e-07,-0.00171886,-3.97636e-05,0.046707,
0.00291592,5.08567e-05,-0.00121428,1.98226e-05,-0.00052826,-0.000512624,-0.000100789,-0.000165994,0.000624407,-4.74616e-05,4.96832e-05,0.00133778,0.00204876,-0.000148309,-0.00118065,0.000141044,0.00416666,9.52663e-06,-0.00101129,-0.00039834,-0.000116494,-0.000557844,-4.43549e-05,-0.000478047,0.000123754,0.00189295,0.00154675,-0.000232259,-0.000760283,0.000583489,-0.00109601,-1.57917e-05,0.0342697,0.00184868,-0.00167579,-0.000519057,0.00144698,-0.000310608,-5.35355e-05,0.00122717,0.0274027,7.2904e-05,-5.92768e-05,-5.47224e-05,-9.4921e-05,-9.56114e-07,-0.00172005,-3.952e-05,0.0467069,
0.00290653,5.04905e-05,-0.0012343,1.96988e-05,-0.000517344,-0.000513172,-0.000100699,-0.000155545,0.000624017,-5.53198e-05,4.94646e-05,0.0013371,0.00205095,-0.000151429,-0.0011958,0.000141491,0.00414971,9.57318e-06,-0.00100103,-0.000405857,-0.000115931,-0.000530829,-4.49426e-05,-0.000498664,0.000123143,0.00189353,0.00155676,-0.000239944,-0.000752071,0.000582277,-0.00108419,-1.58153e-05,0.03426,0.00184925,-0.00167562,-0.000531747,0.00144514,-0.000310391,-5.34614e-05,0.00122713,0.0274031,7.68825e-05,-5.82241e-05,-5.4701e-05,-9.34334e-05,-9.49226e-07,-0.00172104,-3.92867e-05,0.0467068,
0.00289659,5.00447e-05,-0.00125282,1.95861e-05,-0.000507274,-0.000513686,-0.000100506,-0.00014621,0.000623674,-6.16492e-05,4.9265e-05,0.00133555,0.00205281,-0.000154211,-0.00121017,0.000141903,0.00413402,9.60941e-06,-0.000991727,-0.000412762,-0.000115346,-0.000506398,-4.5432e-05,-0.000515357,0.000122585,0.00189203,0.00156581,-0.000246824,-0.000744176,0.000581038,-0.00107349,-1.58313e-05,0.0342506,0.00184962,-0.00167539,-0.000543267,0.00144333,-0.000311005,-5.34008e-05,0.00122763,0.0274035,8.05038e-05,-5.7174e-05,-5.46668e-05,-9.20327e-05,-9.42965e-07,-0.00172182,-3.90632e-05,0.0467067,
0.0028862,4.95266e-05,-0.00126989,1.94845e-05,-0.000498011,-0.000514171,-0.00010022,-0.000137926,0.000623373,-6.66366e-05,4.90841e-05,0.00133327,0.00205436,-0.000156663,-0.00122375,0.000142284,0.0041196,9.63626e-06,-0.000983366,-0.000419084,-0.000114742,-0.000484413,-4.58331e-05,-0.00052861,0.000122078,0.00188882,0.00157394,-0.000252916,-0.000736623,0.000579778,-0.00106387,-1.58405e-05,0.0342415,0.00184983,-0.0016751,-0.000553674,0.00144156,-0.0003123,-5.33528e-05,0.00122857,0.027404,8.37698e-05,-5.61336e-05,-5.46212e-05,-9.07196e-05,-9.37325e-07,-0.00172242,-3.8849e-05,0.0467066,
0.00287546,4.89439e-05,-0.00128556,1.93932e-05,-0.000489518,-0.000514632,-9.98505e-05,-0.000130626,0.000623107,-7.04574e-05,4.89205e-05,0.00133041,0.00205561,-0.000158797,-0.00123652,0.000142639,0.00410646,9.65452e-06,-0.000975937,-0.000424854,-0.000114125,-0.000464721,-4.61575e-05,-0.000538879,0.000121619,0.00188423,0.00158117,-0.000258244,-0.000729436,0.000578502,-0.00105531,-1.58432e-05,0.0342328,0.00184991,-0.00167476,-0.000563037,0.00143983,-0.000314138,-5.33155e-05,0.00122987,0.0274044,8.66861e-05,-5.51091e-05,-5.45659e-05,-8.9494e-05,-9.32276e-07,-0.00172284,-3.86434e-05,0.0467064,
0.00286445,4.83047e-05,-0.0012999,1.93122e-05,-0.000481758,-0.000515074,-9.9407e-05,-0.000124238,0.000622872,-7.32719e-05,4.8774e-05,0.00132708,0.0020566,-0.000160623,-0.00124847,0.000142969,0.00409457,9.66515e-06,-0.000969415,-0.000430104,-0.000113498,-0.000447161,-4.6414e-05,-0.000546577,0.000121208,0.00187855,0.00158756,-0.000262836,-0.000722632,0.000577217,-0.00104778,-1.58398e-05,0.0342243,0.00184988,-0.00167439,-0.000571429,0.00143817,-0.000316397,-5.32883e-05,0.00123145,0.0274049,8.92606e-05,-5.41062e-05,-5.45024e-05,-8.83552e-05,-9.27808e-07,-0.00172311,-3.84458e-05,0.0467062,
0.00285326,4.76168e-05,-0.00131297,1.92408e-05,-0.000474694,-0.000515503,-9.88984e-05,-0.000118687,0.000622665,-7.52252e-05,4.86432e-05,0.00132339,0.00205733,-0.000162156,-0.00125959,0.00014328,0.00408392,9.66895e-06,-0.000963769,-0.000434865,-0.000112865,-0.00043157,-4.66125e-05,-0.000552078,0.00012084,0.00187202,0.00159316,-0.000266722,-0.000716227,0.000575926,-0.00104123,-1.58309e-05,0.0342162,0.00184978,-0.00167398,-0.000578925,0.00143657,-0.00031897,-5.32696e-05,0.00123326,0.0274053,9.15037e-05,-5.31299e-05,-5.44322e-05,-8.73019e-05,-9.23898e-07,-0.00172324,-3.82556e-05,0.0467061,
0.00284197,4.68882e-05,-0.00132482,1.91785e-05,-0.000468292,-0.000515924,-9.83335e-05,-0.000113902,0.000622481,-7.64465e-05,4.85271e-05,0.00131942,0.00205784,-0.00016341,-0.0012699,0.000143573,0.00407445,9.66668e-06,-0.00095896,-0.000439169,-0.00011223,-0.000417788,-4.67607e-05,-0.000555714,0.000120513,0.00186484,0.00159801,-0.000269937,-0.000710231,0.000574637,-0.00103561,-1.58168e-05,0.0342085,0.00184963,-0.00167356,-0.000585599,0.00143503,-0.000321764,-5.3258e-05,0.00123524,0.0274058,9.34271e-05,-5.21844e-05,-5.43567e-05,-8.63326e-05,-9.20518e-07,-0.00172323,-3.80719e-05,0.0467059,
0.00283066,4.61267e-05,-0.00133553,1.91248e-05,-0.000462518,-0.000516342,-9.77206e-05,-0.000109814,0.000622316,-7.70495e-05,4.84246e-05,0.00131526,0.00205814,-0.000164401,-0.00127939,0.000143851,0.00406613,9.65907e-06,-0.000954949,-0.000443046,-0.000111597,-0.000405663,-4.68664e-05,-0.000557777,0.000120223,0.00185721,0.00160217,-0.000272516,-0.000704651,0.000573353,-0.00103087,-1.57979e-05,0.0342011,0.00184946,-0.00167312,-0.000591524,0.00143356,-0.000324703,-5.32524e-05,0.00123735,0.0274063,9.50445e-05,-5.12732e-05,-5.42773e-05,-8.54453e-05,-9.17643e-07,-0.00172311,-3.78941e-05,0.0467056,
0.00281938,4.53398e-05,-0.00134515,1.90792e-05,-0.00045734,-0.000516762,-9.70673e-05,-0.000106358,0.000622168,-7.71332e-05,4.83348e-05,0.00131096,0.00205825,-0.000165146,-0.00128809,0.000144116,0.0040589,9.64682e-06,-0.00095169,-0.000446522,-0.000110971,-0.000395049,-4.69358e-05,-0.00055852,0.000119969,0.00184925,0.00160568,-0.000274497,-0.000699489,0.000572081,-0.00102695,-1.57747e-05,0.034194,0.00184928,-0.00167268,-0.000596767,0.00143217,-0.000327723,-5.32516e-05,0.00123957,0.0274068,9.63706e-05,-5.03992e-05,-5.41952e-05,-8.46377e-05,-9.15245e-07,-0.00172288,-3.77217e-05,0.0467054,
0.0028082,4.45344e-05,-0.00135373,1.90411e-05,-0.000452726,-0.000517189,-9.63809e-05,-0.000103472,0.000622034,-7.67839e-05,4.82565e-05,0.00130658,0.0020582,-0.00016566,-0.00129601,0.000144368,0.0040527,9.63053e-06,-0.000949138,-0.000449627,-0.000110354,-0.000385811,-4.69749e-05,-0.000558161,0.000119748,0.0018411,0.0016086,-0.000275917,-0.000694744,0.000570825,-0.0010238,-1.57474e-05,0.0341873,0.00184911,-0.00167224,-0.000601393,0.00143085,-0.000330769,-5.32545e-05,0.00124187,0.0274072,9.7421e-05,-4.95647e-05,-5.41116e-05,-8.39072e-05,-9.13296e-07,-0.00172257,-3.75541e-05,0.0467052,
0.00293925,0.000259074,-0.00123134,0.00051576,-0.000807881,-0.00100354,-5.55864e-05,0.000259074,0.00116782,0.000253486,0.00130741,0.000391543,0.00082625,-6.43564e-05,-0.00123134,0.000253486,0.00411321,0.000260749,-0.00112886,-0.000698046,-8.94868e-05,0.00051576,0.00130741,0.000260749,0.00324365,-0.000426404,-0.001445,-2.47369e-05,-0.000807881,0.000391543,-0.00112886,-0.000426405,0.0344779,0.00225069,-0.00170494,-0.00100354,0.00082625,-0.000698046,-0.001445,0.00225069,0.0287691,-1.40851e-05,-5.55864e-05,-6.43564e-05,-8.94868e-05,-2.47369e-05,-0.00170494,-1.4085e-05,0.046703,
0.00292611,0.000258492,-0.00123549,0.000516891,-0.000805379,-0.00100533,-5.47887e-05,0.000258492,0.00116797,0.000253429,0.00130801,0.000390606,0.000824698,-6.42713e-05,-0.00123549,0.000253429,0.00411256,0.000259911,-0.0011297,-0.000698334,-8.9047e-05,0.000516891,0.00130801,0.000259911,0.0032449,-0.000424653,-0.00144637,-2.48901e-05,-0.000805379,0.000390606,-0.0011297,-0.000424653,0.034469,0.00224925,-0.00170339,-0.00100533,0.000824698,-0.000698334,-0.00144637,0.00224925,0.028771,-1.37938e-05,-5.47887e-05,-6.42713e-05,-8.90469e-05,-2.48901e-05,-0.00170339,-1.37938e-05,0.0467027,
0.00291364,0.000257905,-0.00123871,0.00051795,-0.000802958,-0.00100681,-5.41082e-05,0.000257905,0.00116807,0.000253269,0.00130853,0.000389922,0.000823454,-6.41962e-05,-0.00123871,0.000253269,0.00411279,0.000258893,-0.00113067,-0.000697918,-8.87315e-05,0.00051795,0.00130853,0.000258893,0.00324604,-0.000423095,-0.00144768,-2.50016e-05,-0.000802958,0.000389922,-0.00113067,-0.000423095,0.0344612,0.00224789,-0.00170212,-0.00100681,0.000823454,-0.000697918,-0.00144768,0.00224789,0.0287727,-1.35629e-05,-5.41082e-05,-6.41962e-05,-8.87315e-05,-2.50016e-05,-0.00170212,-1.35629e-05,0.0467023,
0.00290212,0.000257314,-0.00124149,0.000518852,-0.000800644,-0.00100817,-5.3512e-05,0.000257314,0.00116816,0.000253064,0.00130901,0.000389368,0.000822336,-6.41308e-05,-0.00124149,0.000253064,0.00411321,0.000257866,-0.00113157,-0.000697399,-8.84803e-05,0.000518852,0.00130901,0.000257866,0.00324713,-0.000421713,-0.00144889,-2.50819e-05,-0.000800644,0.000389368,-0.00113157,-0.000421713,0.0344543,0.00224671,-0.00170112,-0.00100817,0.000822336,-0.000697399,-0.00144889,0.00224671,0.0287742,-1.33633e-05,-5.3512e-05,-6.41307e-05,-8.84803e-05,-2.50819e-05,-0.00170112,-1.33633e-05,0.046702,
0.00289152,0.00025673,-0.00124397,0.000519618,-0.000798535,-0.00100946,-5.29793e-05,0.00025673,0.00116824,0.000252839,0.00130946,0.000388887,0.000821297,-6.40729e-05,-0.00124397,0.000252839,0.00411367,0.000256881,-0.00113241,-0.000696925,-8.82678e-05,0.000519618,0.00130946,0.000256881,0.00324815,-0.000420423,-0.00144996,-2.51435e-05,-0.000798535,0.000388887,-0.00113241,-0.000420423,0.0344481,0.00224564,-0.00170029,-0.00100946,0.000821297,-0.000696925,-0.00144996,0.00224564,0.0287756,-1.3177e-05,-5.29793e-05,-6.40729e-05,-8.82678e-05,-2.51435e-05,-0.00170029,-1.3177e-05,0.0467018,
0.00288178,0.000256165,-0.00124622,0.000520276,-0.000796646,-0.0010107,-5.24995e-05,0.000256165,0.00116831,0.000252609,0.00130989,0.000388451,0.000820325,-6.40215e-05,-0.00124622,0.000252609,0.00411412,0.000255954,-0.00113323,-0.00069652,-8.80833e-05,0.000520276,0.00130989,0.000255954,0.00324911,-0.000419195,-0.00145089,-2.51922e-05,-0.000796646,0.000388451,-0.00113323,-0.000419195,0.0344423,0.00224466,-0.00169957,-0.0010107,0.000820325,-0.00069652,-0.00145089,0.00224466,0.0287767,-1.29986e-05,-5.24995e-05,-6.40215e-05,-8.80833e-05,-2.51922e-05,-0.00169957,-1.29986e-05,0.0467015,
0.00287283,0.000255626,-0.00124826,0.000520847,-0.000794956,-0.00101186,-5.20664e-05,0.000255626,0.00116838,0.000252384,0.00131028,0.00038805,0.000819416,-6.39757e-05,-0.00124826,0.000252384,0.00411453,0.00025509,-0.00113402,-0.000696178,-8.79217e-05,0.000520847,0.00131028,0.00025509,0.00325,-0.000418025,-0.00145171,-2.52302e-05,-0.000794956,0.00038805,-0.00113402,-0.000418025,0.0344369,0.00224375,-0.00169895,-0.00101186,0.000819416,-0.000696178,-0.00145171,0.00224375,0.0287777,-1.28271e-05,-5.20664e-05,-6.39758e-05,-8.79217e-05,-2.52302e-05,-0.00169895,-1.28271e-05,0.0467012,
0.00286459,0.000255115,-0.00125013,0.000521347,-0.000793438,-0.00101296,-5.16753e-05,0.000255115,0.00116844,0.000252167,0.00131066,0.000387676,0.000818565,-6.39352e-05,-0.00125013,0.000252167,0.00411492,0.000254288,-0.00113478,-0.000695888,-8.778e-05,0.000521347,0.00131066,0.000254288,0.00325082,-0.000416914,-0.00145244,-2.52587e-05,-0.000793438,0.000387676,-0.00113478,-0.000416914,0.0344318,0.00224289,-0.00169842,-0.00101296,0.000818565,-0.000695888,-0.00145244,0.00224289,0.0287786,-1.26629e-05,-5.16753e-05,-6.39352e-05,-8.778e-05,-2.52587e-05,-0.00169842,-1.26629e-05,0.046701,
0.002857,0.000254634,-0.00125185,0.000521789,-0.000792066,-0.00101397,-5.13222e-05,0.000254634,0.00116849,0.000251963,0.001311,0.000387326,0.000817769,-6.38993e-05,-0.00125185,0.000251963,0.00411527,0.000253544,-0.0011355,-0.000695639,-8.76561e-05,0.000521789,0.001311,0.000253544,0.00325159,-0.000415866,-0.00145309,-2.52786e-05,-0.000792066,0.000387326,-0.0011355,-0.000415866,0.0344271,0.00224209,-0.00169797,-0.00101397,0.000817769,-0.000695639,-0.00145309,0.00224209,0.0287794,-1.2506e-05,-5.13222e-05,-6.38993e-05,-8.76561e-05,-2.52786e-05,-0.00169797,-1.2506e-05,0.0467007,
0.00284999,0.000254182,-0.00125344,0.000522182,-0.000790821,-0.00101491,-5.10036e-05,0.000254182,0.00116854,0.000251772,0.00131133,0.000386997,0.000817025,-6.38677e-05,-0.00125344,0.000251772,0.00411558,0.000252856,-0.00113618,-0.000695425,-8.75482e-05,0.000522182,0.00131133,0.000252856,0.0032523,-0.000414878,-0.00145368,-2.52907e-05,-0.000790821,0.000386997,-0.00113618,-0.000414878,0.0344226,0.00224135,-0.00169759,-0.00101491,0.000817025,-0.000695425,-0.00145368,0.00224135,0.0287801,-1.23565e-05,-5.10036e-05,-6.38677e-05,-8.75482e-05,-2.52907e-05,-0.00169759,-1.23565e-05,0.0467005,
0.0028435,0.000253759,-0.00125491,0.000522534,-0.000789684,-0.00101578,-5.07162e-05,0.000253759,0.00116859,0.000251593,0.00131163,0.000386687,0.000816328,-6.38401e-05,-0.00125491,0.000251593,0.00411586,0.000252219,-0.00113683,-0.000695241,-8.74547e-05,0.000522534,0.00131163,0.000252219,0.00325296,-0.00041395,-0.00145422,-2.52957e-05,-0.000789684,0.000386687,-0.00113683,-0.00041395,0.0344184,0.00224065,-0.00169727,-0.00101578,0.000816328,-0.000695241,-0.00145422,0.00224065,0.0287808,-1.22142e-05,-5.07162e-05,-6.38401e-05,-8.74547e-05,-2.52957e-05,-0.00169727,-1.22142e-05,0.0467002,
0.00283749,0.000253363,-0.00125627,0.000522851,-0.000788642,-0.00101659,-5.04571e-05,0.000253363,0.00116863,0.000251428,0.00131191,0.000386394,0.000815675,-6.38162e-05,-0.00125627,0.000251428,0.00411612,0.000251629,-0.00113743,-0.000695081,-8.73743e-05,0.000522851,0.00131191,0.000251629,0.00325357,-0.000413079,-0.00145471,-2.52943e-05,-0.000788642,0.000386394,-0.00113743,-0.000413079,0.0344145,0.00224,-0.00169702,-0.00101659,0.000815675,-0.000695081,-0.00145471,0.00224,0.0287814,-1.20787e-05,-5.04571e-05,-6.38162e-05,-8.73743e-05,-2.52943e-05,-0.00169702,-1.20787e-05,0.0467,
0.00283192,0.000252992,-0.00125753,0.000523137,-0.000787685,-0.00101733,-5.02234e-05,0.000252992,0.00116867,0.000251274,0.00131217,0.000386117,0.000815063,-6.37955e-05,-0.00125753,0.000251274,0.00411634,0.000251082,-0.001138,-0.000694944,-8.73054e-05,0.000523137,0.00131217,0.000251082,0.00325414,-0.000412262,-0.00145516,-2.52871e-05,-0.000787685,0.000386117,-0.001138,-0.000412262,0.0344107,0.00223939,-0.00169682,-0.00101733,0.000815063,-0.000694944,-0.00145516,0.00223939,0.028782,-1.19496e-05,-5.02234e-05,-6.37955e-05,-8.73054e-05,-2.52871e-05,-0.00169682,-1.19496e-05,0.0466998,
0.00282673,0.000252645,-0.00125871,0.000523397,-0.000786801,-0.00101802,-5.00127e-05,0.000252645,0.00116871,0.000251131,0.00131241,0.000385854,0.000814487,-6.37778e-05,-0.00125871,0.000251131,0.00411654,0.000250575,-0.00113853,-0.000694825,-8.72471e-05,0.000523397,0.00131241,0.000250575,0.00325468,-0.000411494,-0.00145558,-2.52749e-05,-0.000786801,0.000385854,-0.00113853,-0.000411494,0.0344072,0.00223881,-0.00169668,-0.00101802,0.000814487,-0.000694825,-0.00145558,0.00223881,0.0287825,-1.18265e-05,-5.00127e-05,-6.37778e-05,-8.72471e-05,-2.52749e-05,-0.00169668,-1.18265e-05,0.0466996,
0.00282191,0.000252319,-0.00125982,0.000523633,-0.000785983,-0.00101865,-4.98228e-05,0.000252319,0.00116874,0.000250999,0.00131264,0.000385603,0.000813946,-6.37629e-05,-0.00125982,0.000250999,0.00411672,0.000250103,-0.00113904,-0.000694723,-8.71981e-05,0.000523633,0.00131264,0.000250103,0.00325517,-0.000410773,-0.00145596,-2.52582e-05,-0.000785983,0.000385603,-0.00113904,-0.000410773,0.0344038,0.00223828,-0.00169658,-0.00101865,0.000813945,-0.000694723,-0.00145596,0.00223828,0.028783,-1.17089e-05,-4.98228e-05,-6.37629e-05,-8.71981e-05,-2.52582e-05,-0.00169658,-1.17089e-05,0.0466994,
0.0028174,0.000252014,-0.00126085,0.000523849,-0.000785225,-0.00101925,-4.96514e-05,0.000252014,0.00116878,0.000250877,0.00131285,0.000385365,0.000813434,-6.37503e-05,-0.00126085,0.000250877,0.00411687,0.000249665,-0.00113951,-0.000694637,-8.71574e-05,0.000523849,0.00131285,0.000249665,0.00325564,-0.000410094,-0.00145632,-2.52375e-05,-0.000785225,0.000385365,-0.00113951,-0.000410094,0.0344006,0.00223777,-0.00169652,-0.00101925,0.000813434,-0.000694637,-0.00145632,0.00223777,0.0287835,-1.15964e-05,-4.96514e-05,-6.37503e-05,-8.71574e-05,-2.52375e-05,-0.00169652,-1.15964e-05,0.0466991,
0.00281318,0.000251727,-0.00126182,0.000524047,-0.00078452,-0.0010198,-4.94969e-05,0.000251727,0.00116881,0.000250763,0.00131305,0.000385138,0.000812951,-6.374e-05,-0.00126182,0.000250763,0.00411701,0.000249256,-0.00113995,-0.000694564,-8.71242e-05,0.000524047,0.00131305,0.000249256,0.00325607,-0.000409454,-0.00145665,-2.52133e-05,-0.00078452,0.000385138,-0.00113995,-0.000409454,0.0343976,0.0022373,-0.0016965,-0.0010198,0.000812951,-0.000694564,-0.00145665,0.0022373,0.028784,-1.14886e-05,-4.94969e-05,-6.374e-05,-8.71242e-05,-2.52133e-05,-0.0016965,-1.14886e-05,0.0466989,
0.00280924,0.000251456,-0.00126274,0.000524229,-0.000783862,-0.00102031,-4.93574e-05,0.000251456,0.00116883,0.000250658,0.00131324,0.00038492,0.000812494,-6.37316e-05,-0.00126274,0.000250658,0.00411713,0.000248874,-0.00114037,-0.000694503,-8.70977e-05,0.000524229,0.00131324,0.000248874,0.00325648,-0.00040885,-0.00145696,-2.5186e-05,-0.000783862,0.00038492,-0.00114037,-0.00040885,0.0343947,0.00223685,-0.00169651,-0.00102031,0.000812494,-0.000694503,-0.00145696,0.00223685,0.0287845,-1.13851e-05,-4.93574e-05,-6.37316e-05,-8.70977e-05,-2.5186e-05,-0.00169651,-1.13851e-05,0.0466987,
0.00280553,0.000251202,-0.0012636,0.000524396,-0.000783248,-0.00102079,-4.92315e-05,0.000251202,0.00116886,0.000250559,0.00131342,0.000384712,0.00081206,-6.3725e-05,-0.0012636,0.000250559,0.00411723,0.000248517,-0.00114077,-0.000694454,-8.7077e-05,0.000524396,0.00131342,0.000248517,0.00325687,-0.000408279,-0.00145725,-2.51561e-05,-0.000783248,0.000384712,-0.00114077,-0.000408279,0.034392,0.00223643,-0.00169655,-0.00102079,0.00081206,-0.000694454,-0.00145725,0.00223643,0.0287849,-1.12855e-05,-4.92315e-05,-6.3725e-05,-8.7077e-05,-2.51561e-05,-0.00169655,-1.12855e-05,0.0466985,
0.00280204,0.000250961,-0.00126442,0.000524551,-0.000782673,-0.00102124,-4.91178e-05,0.000250961,0.00116889,0.000250467,0.00131359,0.000384512,0.000811647,-6.372e-05,-0.00126442,0.000250467,0.00411732,0.000248182,-0.00114114,-0.000694414,-8.70617e-05,0.000524551,0.00131359,0.000248182,0.00325723,-0.000407738,-0.00145752,-2.51238e-05,-0.000782673,0.000384512,-0.00114114,-0.000407738,0.0343894,0.00223604,-0.00169661,-0.00102124,0.000811647,-0.000694414,-0.00145752,0.00223604,0.0287853,-1.11895e-05,-4.91178e-05,-6.372e-05,-8.70617e-05,-2.51238e-05,-0.00169661,-1.11895e-05,0.0466983,
0.00279874,0.000250733,-0.0012652,0.000524694,-0.000782132,-0.00102167,-4.9015e-05,0.000250733,0.00116891,0.000250382,0.00131375,0.00038432,0.000811253,-6.37164e-05,-0.0012652,0.000250382,0.0041174,0.000247868,-0.0011415,-0.000694384,-8.7051e-05,0.000524694,0.00131375,0.000247868,0.00325757,-0.000407225,-0.00145777,-2.50895e-05,-0.000782132,0.00038432,-0.0011415,-0.000407225,0.0343868,0.00223566,-0.0016967,-0.00102167,0.000811253,-0.000694384,-0.00145777,0.00223566,0.0287857,-1.10969e-05,-4.9015e-05,-6.37164e-05,-8.7051e-05,-2.50895e-05,-0.0016967,-1.10969e-05,0.0466982,
0.00279563,0.000250516,-0.00126595,0.000524827,-0.000781624,-0.00102207,-4.8922e-05,0.000250516,0.00116893,0.000250301,0.0013139,0.000384134,0.000810877,-6.37141e-05,-0.00126595,0.000250301,0.00411746,0.000247572,-0.00114183,-0.000694361,-8.70444e-05,0.000524827,0.0013139,0.000247572,0.0032579,-0.000406736,-0.00145801,-2.50534e-05,-0.000781624,0.000384134,-0.00114183,-0.000406736,0.0343844,0.0022353,-0.00169681,-0.00102207,0.000810877,-0.000694361,-0.00145801,0.0022353,0.0287861,-1.10073e-05,-4.8922e-05,-6.37141e-05,-8.70444e-05,-2.50534e-05,-0.00169681,-1.10073e-05,0.046698,
0.00279268,0.00025031,-0.00126665,0.000524951,-0.000781144,-0.00102244,-4.88379e-05,0.00025031,0.00116895,0.000250226,0.00131404,0.000383955,0.000810517,-6.37129e-05,-0.00126665,0.000250226,0.00411751,0.000247294,-0.00114215,-0.000694346,-8.70416e-05,0.000524951,0.00131404,0.000247294,0.00325821,-0.00040627,-0.00145823,-2.50157e-05,-0.000781144,0.000383955,-0.00114215,-0.00040627,0.0343821,0.00223496,-0.00169694,-0.00102244,0.000810517,-0.000694346,-0.00145823,0.00223496,0.0287865,-1.09205e-05,-4.88379e-05,-6.3713e-05,-8.70416e-05,-2.50157e-05,-0.00169694,-1.09205e-05,0.0466978,
0.00278988,0.000250114,-0.00126733,0.000525067,-0.00078069,-0.0010228,-4.87616e-05,0.000250114,0.00116897,0.000250155,0.00131418,0.000383782,0.000810172,-6.37128e-05,-0.00126733,0.000250155,0.00411755,0.00024703,-0.00114246,-0.000694338,-8.7042e-05,0.000525067,0.00131418,0.00024703,0.0032585,-0.000405824,-0.00145844,-2.49768e-05,-0.00078069,0.000383782,-0.00114246,-0.000405824,0.0343799,0.00223464,-0.00169708,-0.0010228,0.000810172,-0.000694338,-0.00145844,0.00223464,0.0287868,-1.08362e-05,-4.87616e-05,-6.37128e-05,-8.7042e-05,-2.49768e-05,-0.00169708,-1.08362e-05,0.0466976,
0.00278721,0.000249927,-0.00126798,0.000525175,-0.00078026,-0.00102314,-4.86925e-05,0.000249927,0.00116899,0.000250089,0.00131431,0.000383614,0.000809839,-6.37136e-05,-0.00126798,0.000250089,0.00411759,0.00024678,-0.00114275,-0.000694336,-8.70452e-05,0.000525175,0.00131431,0.00024678,0.00325878,-0.000405398,-0.00145864,-2.49368e-05,-0.00078026,0.000383614,-0.00114275,-0.000405398,0.0343777,0.00223432,-0.00169724,-0.00102314,0.000809839,-0.000694336,-0.00145864,0.00223432,0.0287872,-1.07543e-05,-4.86925e-05,-6.37136e-05,-8.70452e-05,-2.49368e-05,-0.00169724,-1.07543e-05,0.0466974,
0.00278466,0.000249748,-0.00126861,0.000525277,-0.00077985,-0.00102346,-4.86297e-05,0.000249748,0.00116901,0.000250026,0.00131443,0.000383451,0.000809519,-6.37151e-05,-0.00126861,0.000250026,0.00411761,0.000246543,-0.00114303,-0.000694339,-8.70511e-05,0.000525277,0.00131443,0.000246543,0.00325905,-0.000404989,-0.00145883,-2.48957e-05,-0.00077985,0.000383451,-0.00114303,-0.000404989,0.0343756,0.00223403,-0.00169741,-0.00102346,0.000809519,-0.000694339,-0.00145883,0.00223403,0.0287875,-1.06745e-05,-4.86297e-05,-6.37151e-05,-8.70511e-05,-2.48957e-05,-0.00169741,-1.06745e-05,0.0466973,
0.00278223,0.000249576,-0.00126921,0.000525372,-0.00077946,-0.00102377,-4.85726e-05,0.000249576,0.00116903,0.000249966,0.00131456,0.000383292,0.000809209,-6.37174e-05,-0.00126921,0.000249966,0.00411763,0.000246317,-0.0011433,-0.000694347,-8.70591e-05,0.000525372,0.00131456,0.000246317,0.0032593,-0.000404595,-0.00145901,-2.48539e-05,-0.00077946,0.000383292,-0.0011433,-0.000404595,0.0343736,0.00223374,-0.00169759,-0.00102377,0.000809209,-0.000694347,-0.00145901,0.00223374,0.0287879,-1.05966e-05,-4.85726e-05,-6.37174e-05,-8.70591e-05,-2.48539e-05,-0.00169759,-1.05966e-05,0.0466971,
0.00277989,0.000249411,-0.00126979,0.000525463,-0.000779088,-0.00102407,-4.85206e-05,0.000249411,0.00116905,0.00024991,0.00131467,0.000383137,0.00080891,-6.37204e-05,-0.00126979,0.00024991,0.00411764,0.000246102,-0.00114355,-0.00069436,-8.70692e-05,0.000525463,0.00131467,0.000246102,0.00325955,-0.000404215,-0.00145919,-2.48114e-05,-0.000779088,0.000383137,-0.00114355,-0.000404215,0.0343716,0.00223347,-0.00169779,-0.00102407,0.00080891,-0.00069436,-0.00145919,0.00223347,0.0287882,-1.05206e-05,-4.85206e-05,-6.37204e-05,-8.70692e-05,-2.48114e-05,-0.00169779,-1.05206e-05,0.0466969,
0.00277765,0.000249251,-0.00127036,0.000525548,-0.000778731,-0.00102435,-4.84731e-05,0.000249251,0.00116906,0.000249856,0.00131478,0.000382986,0.000808619,-6.37238e-05,-0.00127036,0.000249856,0.00411765,0.000245896,-0.0011438,-0.000694377,-8.7081e-05,0.000525548,0.00131478,0.000245896,0.00325979,-0.000403849,-0.00145935,-2.47684e-05,-0.000778731,0.000382986,-0.0011438,-0.000403849,0.0343697,0.0022332,-0.00169799,-0.00102435,0.000808619,-0.000694377,-0.00145935,0.0022332,0.0287885,-1.04462e-05,-4.84731e-05,-6.37238e-05,-8.7081e-05,-2.47684e-05,-0.00169799,-1.04462e-05,0.0466967,
0.00277549,0.000249098,-0.0012709,0.00052563,-0.000778388,-0.00102462,-4.84297e-05,0.000249098,0.00116908,0.000249805,0.00131489,0.000382838,0.000808337,-6.37278e-05,-0.0012709,0.000249805,0.00411765,0.000245698,-0.00114404,-0.000694397,-8.70943e-05,0.00052563,0.00131489,0.000245698,0.00326002,-0.000403494,-0.00145951,-2.47248e-05,-0.000778388,0.000382838,-0.00114404,-0.000403494,0.0343678,0.00223295,-0.00169819,-0.00102462,0.000808337,-0.000694397,-0.00145951,0.00223295,0.0287888,-1.03733e-05,-4.84297e-05,-6.37278e-05,-8.70943e-05,-2.47248e-05,-0.00169819,-1.03733e-05,0.0466966,
0.0027734,0.000248949,-0.00127143,0.000525707,-0.000778059,-0.00102488,-4.839e-05,0.000248949,0.0011691,0.000249756,0.001315,0.000382693,0.000808062,-6.37323e-05,-0.00127143,0.000249756,0.00411764,0.000245509,-0.00114427,-0.000694421,-8.71089e-05,0.000525707,0.001315,0.000245509,0.00326024,-0.00040315,-0.00145966,-2.46809e-05,-0.000778059,0.000382693,-0.00114427,-0.00040315,0.034366,0.0022327,-0.00169841,-0.00102488,0.000808062,-0.000694421,-0.00145966,0.0022327,0.0287891,-1.03018e-05,-4.839e-05,-6.37323e-05,-8.71089e-05,-2.46809e-05,-0.00169841,-1.03018e-05,0.0466964,
0.00277138,0.000248804,-0.00127195,0.00052578,-0.00077774,-0.00102514,-4.83535e-05,0.000248804,0.00116911,0.000249709,0.0013151,0.000382551,0.000807794,-6.37371e-05,-0.00127195,0.000249709,0.00411763,0.000245326,-0.0011445,-0.000694448,-8.71247e-05,0.00052578,0.0013151,0.000245326,0.00326045,-0.000402815,-0.00145981,-2.46367e-05,-0.00077774,0.000382551,-0.0011445,-0.000402815,0.0343642,0.00223246,-0.00169863,-0.00102514,0.000807794,-0.000694448,-0.00145981,0.00223246,0.0287894,-1.02316e-05,-4.83535e-05,-6.37371e-05,-8.71247e-05,-2.46367e-05,-0.00169863,-1.02316e-05,0.0466962,
0.00276942,0.000248664,-0.00127246,0.000525851,-0.000777433,-0.00102538,-4.83199e-05,0.000248664,0.00116913,0.000249664,0.0013152,0.000382412,0.000807531,-6.37423e-05,-0.00127246,0.000249664,0.00411761,0.000245149,-0.00114471,-0.000694478,-8.71415e-05,0.000525851,0.0013152,0.000245149,0.00326066,-0.00040249,-0.00145995,-2.45922e-05,-0.000777433,0.000382412,-0.00114471,-0.00040249,0.0343625,0.00223223,-0.00169885,-0.00102538,0.000807531,-0.000694478,-0.00145995,0.00223223,0.0287897,-1.01625e-05,-4.83199e-05,-6.37423e-05,-8.71415e-05,-2.45922e-05,-0.00169885,-1.01625e-05,0.0466961,
0.00276752,0.000248527,-0.00127295,0.000525918,-0.000777134,-0.00102562,-4.82888e-05,0.000248527,0.00116914,0.00024962,0.00131529,0.000382274,0.000807275,-6.37478e-05,-0.00127295,0.00024962,0.0041176,0.000244979,-0.00114492,-0.00069451,-8.71591e-05,0.000525918,0.00131529,0.000244979,0.00326087,-0.000402172,-0.00146009,-2.45476e-05,-0.000777134,0.000382274,-0.00114492,-0.000402172,0.0343608,0.002232,-0.00169908,-0.00102562,0.000807275,-0.00069451,-0.00146009,0.002232,0.02879,-1.00945e-05,-4.82888e-05,-6.37478e-05,-8.71591e-05,-2.45476e-05,-0.00169908,-1.00945e-05,0.0466959,
0.00276567,0.000248394,-0.00127344,0.000525983,-0.000776845,-0.00102585,-4.82601e-05,0.000248394,0.00116916,0.000249579,0.00131539,0.000382139,0.000807023,-6.37536e-05,-0.00127344,0.000249579,0.00411758,0.000244813,-0.00114513,-0.000694545,-8.71776e-05,0.000525983,0.00131539,0.000244813,0.00326106,-0.000401861,-0.00146023,-2.45028e-05,-0.000776845,0.000382139,-0.00114513,-0.000401861,0.0343591,0.00223178,-0.00169931,-0.00102585,0.000807023,-0.000694545,-0.00146023,0.00223178,0.0287903,-1.00275e-05,-4.82601e-05,-6.37536e-05,-8.71776e-05,-2.45028e-05,-0.00169931,-1.00275e-05,0.0466958,
0.00276386,0.000248264,-0.00127391,0.000526045,-0.000776563,-0.00102608,-4.82334e-05,0.000248264,0.00116917,0.000249538,0.00131548,0.000382006,0.000806776,-6.37595e-05,-0.00127391,0.000249538,0.00411755,0.000244653,-0.00114533,-0.000694582,-8.71966e-05,0.000526045,0.00131548,0.000244653,0.00326126,-0.000401558,-0.00146036,-2.4458e-05,-0.000776563,0.000382006,-0.00114533,-0.000401558,0.0343574,0.00223156,-0.00169955,-0.00102608,0.000806776,-0.000694582,-0.00146036,0.00223156,0.0287906,-9.96135e-06,-4.82334e-05,-6.37595e-05,-8.71966e-05,-2.4458e-05,-0.00169955,-9.96135e-06,0.0466956,
0.0027621,0.000248136,-0.00127438,0.000526105,-0.000776288,-0.0010263,-4.82085e-05,0.000248136,0.00116918,0.000249499,0.00131557,0.000381874,0.000806532,-6.37657e-05,-0.00127438,0.000249499,0.00411752,0.000244496,-0.00114553,-0.00069462,-8.72162e-05,0.000526105,0.00131557,0.000244496,0.00326145,-0.00040126,-0.00146048,-2.44131e-05,-0.000776288,0.000381874,-0.00114553,-0.00040126,0.0343558,0.00223135,-0.00169979,-0.0010263,0.000806532,-0.00069462,-0.00146048,0.00223135,0.0287908,-9.89603e-06,-4.82085e-05,-6.37657e-05,-8.72162e-05,-2.44131e-05,-0.00169979,-9.89603e-06,0.0466954,
0.00276037,0.000248011,-0.00127484,0.000526163,-0.000776019,-0.00102651,-4.81851e-05,0.000248011,0.0011692,0.000249461,0.00131566,0.000381744,0.000806293,-6.37721e-05,-0.00127484,0.000249461,0.00411749,0.000244344,-0.00114572,-0.00069466,-8.72363e-05,0.000526163,0.00131566,0.000244344,0.00326163,-0.000400967,-0.00146061,-2.43682e-05,-0.000776019,0.000381744,-0.00114572,-0.000400967,0.0343542,0.00223114,-0.00170003,-0.00102651,0.000806293,-0.00069466,-0.00146061,0.00223114,0.0287911,-9.83144e-06,-4.81851e-05,-6.37721e-05,-8.72363e-05,-2.43682e-05,-0.00170003,-9.83145e-06,0.0466953,
0.00275867,0.000247888,-0.00127529,0.000526219,-0.000775756,-0.00102672,-4.81632e-05,0.000247888,0.00116921,0.000249424,0.00131575,0.000381615,0.000806057,-6.37786e-05,-0.00127529,0.000249424,0.00411746,0.000244195,-0.00114591,-0.000694702,-8.72568e-05,0.000526219,0.00131575,0.000244195,0.00326181,-0.00040068,-0.00146073,-2.43233e-05,-0.000775756,0.000381615,-0.00114591,-0.00040068,0.0343526,0.00223094,-0.00170027,-0.00102672,0.000806057,-0.000694702,-0.00146073,0.00223094,0.0287914,-9.76755e-06,-4.81632e-05,-6.37786e-05,-8.72568e-05,-2.43233e-05,-0.00170027,-9.76755e-06,0.0466951,
0.00275701,0.000247768,-0.00127573,0.000526274,-0.000775498,-0.00102693,-4.81425e-05,0.000247768,0.00116922,0.000249388,0.00131583,0.000381488,0.000805824,-6.37853e-05,-0.00127573,0.000249388,0.00411743,0.000244048,-0.0011461,-0.000694745,-8.72776e-05,0.000526274,0.00131583,0.000244048,0.00326199,-0.000400397,-0.00146085,-2.42784e-05,-0.000775498,0.000381488,-0.0011461,-0.000400397,0.0343511,0.00223074,-0.00170051,-0.00102693,0.000805824,-0.000694745,-0.00146085,0.00223074,0.0287917,-9.70427e-06,-4.81425e-05,-6.37853e-05,-8.72776e-05,-2.42784e-05,-0.00170051,-9.70427e-06,0.046695,
0.00275538,0.000247648,-0.00127617,0.000526327,-0.000775244,-0.00102713,-4.81229e-05,0.000247648,0.00116924,0.000249353,0.00131592,0.000381361,0.000805593,-6.3792e-05,-0.00127617,0.000249353,0.00411739,0.000243905,-0.00114628,-0.000694789,-8.72987e-05,0.000526327,0.00131592,0.000243905,0.00326217,-0.000400118,-0.00146097,-2.42336e-05,-0.000775244,0.000381361,-0.00114628,-0.000400118,0.0343495,0.00223054,-0.00170076,-0.00102713,0.000805593,-0.000694789,-0.00146097,0.00223054,0.0287919,-9.64156e-06,-4.81229e-05,-6.3792e-05,-8.72987e-05,-2.42336e-05,-0.00170076,-9.64156e-06,0.0466948,
0.00275376,0.000247531,-0.00127661,0.000526378,-0.000774995,-0.00102733,-4.81042e-05,0.000247531,0.00116925,0.000249319,0.001316,0.000381236,0.000805365,-6.37989e-05,-0.00127661,0.000249319,0.00411735,0.000243765,-0.00114646,-0.000694834,-8.73199e-05,0.000526378,0.001316,0.000243765,0.00326234,-0.000399842,-0.00146108,-2.41889e-05,-0.000774995,0.000381236,-0.00114646,-0.000399842,0.034348,0.00223034,-0.00170101,-0.00102733,0.000805365,-0.000694834,-0.00146108,0.00223034,0.0287922,-9.57937e-06,-4.81042e-05,-6.37989e-05,-8.73199e-05,-2.41889e-05,-0.00170101,-9.57937e-06,0.0466947,
0.00275218,0.000247415,-0.00127704,0.000526428,-0.000774749,-0.00102752,-4.80864e-05,0.000247415,0.00116926,0.000249285,0.00131608,0.000381112,0.00080514,-6.38058e-05,-0.00127704,0.000249285,0.00411731,0.000243626,-0.00114664,-0.00069488,-8.73414e-05,0.000526428,0.00131608,0.000243626,0.00326251,-0.00039957,-0.0014612,-2.41442e-05,-0.000774749,0.000381112,-0.00114664,-0.00039957,0.0343465,0.00223015,-0.00170125,-0.00102752,0.00080514,-0.00069488,-0.0014612,0.00223015,0.0287924,-9.51765e-06,-4.80864e-05,-6.38058e-05,-8.73414e-05,-2.41442e-05,-0.00170125,-9.51765e-06,0.0466945,
