0.00283248,0.000173168,0.000387023,0.0013088,-0.000462364,4.96825e-05,-0.000193426,0.000173168,0.000968051,0.00084421,-0.000598753,0.000600184,0.000936165,-0.000136771,0.000387023,0.00084421,0.00409634,-0.00049454,-0.00201932,-0.000618326,-0.000121695,0.0013088,-0.000598753,-0.00049454,0.00281062,-0.000804034,0.00108611,5.00394e-05,-0.000462364,0.000600184,-0.00201932,-0.000804034,0.0344596,0.00146052,-0.0020033,4.96825e-05,0.000936165,-0.000618326,0.00108611,0.00146052,0.0274304,-4.27951e-05,-0.000193426,-0.000136771,-0.000121695,5.00394e-05,-0.0020033,-4.27951e-05,0.0467524,
0.00283101,0.000172937,0.000387249,0.0013091,-0.000461812,4.96991e-05,-0.000193391,0.000172937,0.000968011,0.000844263,-0.000598707,0.000600333,0.000935988,-0.000136797,0.000387249,0.000844263,0.00409647,-0.000494257,-0.00201942,-0.000618102,-0.000121692,0.0013091,-0.000598707,-0.000494257,0.00281111,-0.000803933,0.00108645,5.00395e-05,-0.000461812,0.000600333,-0.00201942,-0.000803933,0.0344589,0.00146045,-0.00200338,4.96991e-05,0.000935988,-0.000618102,0.00108645,0.00146045,0.0274301,-4.27802e-05,-0.000193391,-0.000136797,-0.000121692,5.00395e-05,-0.00200338,-4.27802e-05,0.0467523,
0.00282974,0.000172707,0.000387443,0.00130937,-0.000461391,4.97123e-05,-0.000193361,0.000172707,0.000967958,0.000844289,-0.000598651,0.000600436,0.000935932,-0.000136813,0.000387443,0.000844289,0.00409663,-0.00049399,-0.00201933,-0.00061787,-0.000121707,0.00130937,-0.000598651,-0.00049399,0.00281152,-0.000803634,0.00108681,5.00178e-05,-0.000461391,0.000600436,-0.00201933,-0.000803634,0.0344589,0.00146054,-0.00200346,4.97123e-05,0.000935932,-0.00061787,0.00108681,0.00146054,0.0274304,-4.27747e-05,-0.000193361,-0.000136813,-0.000121707,5.00178e-05,-0.00200346,-4.27747e-05,0.0467523,
0.00282861,0.000172483,0.000387614,0.00130961,-0.000461033,4.97361e-05,-0.000193336,0.000172483,0.000967899,0.000844294,-0.0005986,0.000600517,0.000935942,-0.000136824,0.000387614,0.000844294,0.00409682,-0.000493742,-0.00201916,-0.000617645,-0.000121728,0.00130961,-0.0005986,-0.000493742,0.00281187,-0.000803283,0.00108714,4.99921e-05,-0.000461033,0.000600517,-0.00201916,-0.000803283,0.0344591,0.00146068,-0.00200354,4.97361e-05,0.000935942,-0.000617645,0.00108714,0.00146068,0.0274309,-4.27708e-05,-0.000193336,-0.000136824,-0.000121728,4.99921e-05,-0.00200354,-4.27708e-05,0.0467522,
0.00282762,0.000172269,0.000387765,0.00130983,-0.000460714,4.97706e-05,-0.000193318,0.000172269,0.000967839,0.000844283,-0.000598556,0.000600587,0.000935984,-0.000136834,0.000387765,0.000844283,0.00409701,-0.000493512,-0.00201896,-0.000617435,-0.00012175,0.00130983,-0.000598556,-0.000493512,0.00281217,-0.000802932,0.00108743,4.99695e-05,-0.000460714,0.000600587,-0.00201896,-0.000802932,0.0344593,0.00146084,-0.00200362,4.97706e-05,0.000935984,-0.000617435,0.00108743,0.00146084,0.0274314,-4.27655e-05,-0.000193318,-0.000136834,-0.00012175,4.99695e-05,-0.00200362,-4.27655e-05,0.0467522,
0.00282672,0.000172068,0.000387902,0.00131003,-0.000460424,4.98126e-05,-0.000193305,0.000172068,0.00096778,0.000844263,-0.000598519,0.000600651,0.000936043,-0.000136843,0.000387902,0.000844263,0.0040972,-0.000493301,-0.00201876,-0.000617239,-0.00012177,0.00131003,-0.000598519,-0.000493301,0.00281244,-0.000802603,0.00108767,4.99522e-05,-0.000460424,0.000600651,-0.00201876,-0.000802603,0.0344596,0.001461,-0.0020037,4.98126e-05,0.000936043,-0.000617239,0.00108767,0.001461,0.0274319,-4.27575e-05,-0.000193305,-0.000136843,-0.00012177,4.99522e-05,-0.0020037,-4.27575e-05,0.0467521,
0.00282592,0.000171879,0.000388025,0.00131021,-0.000460159,4.98588e-05,-0.000193297,0.000171879,0.000967723,0.000844237,-0.000598489,0.000600709,0.000936109,-0.000136852,0.000388025,0.000844237,0.00409738,-0.000493108,-0.00201857,-0.000617059,-0.000121787,0.00131021,-0.000598489,-0.000493108,0.00281269,-0.000802299,0.00108789,4.99408e-05,-0.000460159,0.000600709,-0.00201857,-0.000802299,0.0344599,0.00146114,-0.00200378,4.98588e-05,0.000936109,-0.000617059,0.00108789,0.00146114,0.0274324,-4.27467e-05,-0.000193297,-0.000136852,-0.000121787,4.99408e-05,-0.00200378,-4.27467e-05,0.046752,
0.0028252,0.000171705,0.000388135,0.00131037,-0.000459916,4.99067e-05,-0.000193293,0.000171705,0.00096767,0.000844208,-0.000598463,0.000600763,0.000936178,-0.000136862,0.000388135,0.000844208,0.00409755,-0.000492931,-0.00201839,-0.000616892,-0.000121801,0.00131037,-0.000598463,-0.000492931,0.0028129,-0.000802022,0.00108807,4.99353e-05,-0.000459916,0.000600763,-0.00201839,-0.000802022,0.0344602,0.00146128,-0.00200385,4.99067e-05,0.000936178,-0.000616892,0.00108807,0.00146128,0.0274329,-4.2733e-05,-0.000193293,-0.000136862,-0.000121801,4.99353e-05,-0.00200385,-4.2733e-05,0.046752,
0.00282455,0.000171544,0.000388235,0.00131051,-0.000459695,4.99544e-05,-0.000193292,0.000171544,0.000967619,0.000844178,-0.000598442,0.000600811,0.000936245,-0.000136872,0.000388235,0.000844178,0.00409771,-0.000492769,-0.00201822,-0.000616739,-0.000121812,0.00131051,-0.000598442,-0.000492769,0.0028131,-0.000801769,0.00108823,4.99352e-05,-0.000459695,0.000600811,-0.00201822,-0.000801769,0.0344604,0.0014614,-0.00200393,4.99545e-05,0.000936245,-0.000616739,0.00108823,0.0014614,0.0274334,-4.27166e-05,-0.000193292,-0.000136872,-0.000121812,4.99352e-05,-0.00200393,-4.27166e-05,0.0467519,
0.00282396,0.000171396,0.000388326,0.00131064,-0.000459493,5.00009e-05,-0.000193293,0.000171396,0.000967572,0.000844147,-0.000598423,0.000600855,0.00093631,-0.000136884,0.000388326,0.000844147,0.00409786,-0.000492622,-0.00201807,-0.000616598,-0.00012182,0.00131064,-0.000598423,-0.000492622,0.00281327,-0.000801538,0.00108838,4.99399e-05,-0.000459493,0.000600855,-0.00201807,-0.000801538,0.0344606,0.00146152,-0.002004,5.00009e-05,0.00093631,-0.000616598,0.00108838,0.00146152,0.0274339,-4.26977e-05,-0.000193293,-0.000136884,-0.00012182,4.99399e-05,-0.002004,-4.26977e-05,0.0467518,
0.00282343,0.00017126,0.000388408,0.00131076,-0.000459309,5.00452e-05,-0.000193298,0.00017126,0.000967528,0.000844117,-0.000598408,0.000600894,0.000936372,-0.000136896,0.000388408,0.000844117,0.00409799,-0.000492487,-0.00201792,-0.000616469,-0.000121825,0.00131076,-0.000598408,-0.000492487,0.00281343,-0.000801326,0.0010885,4.99491e-05,-0.000459309,0.000600894,-0.00201792,-0.000801326,0.0344608,0.00146162,-0.00200407,5.00452e-05,0.000936372,-0.000616469,0.0010885,0.00146162,0.0274343,-4.26765e-05,-0.000193298,-0.000136896,-0.000121825,4.99491e-05,-0.00200407,-4.26765e-05,0.0467518,
0.00282295,0.000171135,0.000388482,0.00131086,-0.000459143,5.00871e-05,-0.000193304,0.000171135,0.000967488,0.000844089,-0.000598394,0.000600929,0.00093643,-0.000136909,0.000388482,0.000844089,0.00409812,-0.000492364,-0.00201779,-0.000616351,-0.000121827,0.00131086,-0.000598394,-0.000492364,0.00281358,-0.000801131,0.00108861,4.99622e-05,-0.000459143,0.000600929,-0.00201779,-0.000801131,0.034461,0.00146172,-0.00200414,5.00871e-05,0.00093643,-0.000616351,0.00108861,0.00146172,0.0274347,-4.26534e-05,-0.000193304,-0.000136909,-0.000121827,4.99622e-05,-0.00200414,-4.26534e-05,0.0467517,
0.00282251,0.000171021,0.00038855,0.00131096,-0.000458992,5.01263e-05,-0.000193312,0.000171021,0.00096745,0.000844062,-0.000598382,0.00060096,0.000936484,-0.000136923,0.00038855,0.000844062,0.00409824,-0.000492251,-0.00201766,-0.000616242,-0.000121827,0.00131096,-0.000598382,-0.000492251,0.00281371,-0.000800952,0.00108872,4.99788e-05,-0.000458992,0.00060096,-0.00201766,-0.000800952,0.0344611,0.00146181,-0.00200421,5.01263e-05,0.000936484,-0.000616242,0.00108872,0.00146181,0.0274351,-4.26285e-05,-0.000193312,-0.000136923,-0.000121827,4.99788e-05,-0.00200421,-4.26285e-05,0.0467516,
0.00282211,0.000170917,0.000388612,0.00131105,-0.000458856,5.01627e-05,-0.000193321,0.000170917,0.000967416,0.000844036,-0.000598371,0.000600987,0.000936534,-0.000136938,0.000388612,0.000844036,0.00409835,-0.000492149,-0.00201755,-0.000616143,-0.000121824,0.00131105,-0.000598371,-0.000492149,0.00281383,-0.000800787,0.00108881,4.99985e-05,-0.000458856,0.000600987,-0.00201755,-0.000800787,0.0344613,0.0014619,-0.00200428,5.01627e-05,0.000936534,-0.000616143,0.00108881,0.0014619,0.0274354,-4.26019e-05,-0.000193321,-0.000136938,-0.000121824,4.99985e-05,-0.00200428,-4.26019e-05,0.0467516,
0.00282175,0.000170821,0.000388668,0.00131113,-0.000458733,5.01965e-05,-0.000193332,0.000170821,0.000967384,0.000844013,-0.000598361,0.000601011,0.00093658,-0.000136954,0.000388668,0.000844013,0.00409845,-0.000492055,-0.00201744,-0.000616051,-0.000121819,0.00131113,-0.000598361,-0.000492055,0.00281394,-0.000800633,0.00108889,5.00211e-05,-0.000458733,0.000601011,-0.00201744,-0.000800633,0.0344614,0.00146198,-0.00200435,5.01965e-05,0.00093658,-0.000616051,0.00108889,0.00146198,0.0274357,-4.2574e-05,-0.000193332,-0.000136954,-0.000121819,5.00211e-05,-0.00200435,-4.2574e-05,0.0467515,
0.00282142,0.000170734,0.000388719,0.0013112,-0.000458622,5.02277e-05,-0.000193344,0.000170734,0.000967355,0.000843991,-0.000598352,0.000601031,0.000936623,-0.00013697,0.000388719,0.000843991,0.00409854,-0.000491969,-0.00201734,-0.000615968,-0.000121812,0.0013112,-0.000598352,-0.000491969,0.00281404,-0.000800491,0.00108896,5.00461e-05,-0.000458622,0.000601031,-0.00201734,-0.000800491,0.0344615,0.00146205,-0.00200442,5.02277e-05,0.000936623,-0.000615968,0.00108896,0.00146205,0.0274361,-4.25447e-05,-0.000193344,-0.00013697,-0.000121812,5.00461e-05,-0.00200442,-4.25447e-05,0.0467514,
0.00282112,0.000170653,0.000388766,0.00131127,-0.000458522,5.02565e-05,-0.000193357,0.000170653,0.000967329,0.000843971,-0.000598344,0.000601048,0.000936662,-0.000136987,0.000388766,0.000843971,0.00409862,-0.000491891,-0.00201725,-0.000615891,-0.000121804,0.00131127,-0.000598344,-0.000491891,0.00281413,-0.000800359,0.00108903,5.00734e-05,-0.000458522,0.000601048,-0.00201725,-0.000800359,0.0344616,0.00146212,-0.00200449,5.02565e-05,0.000936662,-0.000615891,0.00108903,0.00146212,0.0274364,-4.25144e-05,-0.000193357,-0.000136987,-0.000121804,5.00734e-05,-0.00200449,-4.25144e-05,0.0467513,
0.00282084,0.00017058,0.000388808,0.00131133,-0.000458431,5.0283e-05,-0.000193371,0.00017058,0.000967304,0.000843953,-0.000598337,0.000601062,0.000936699,-0.000137004,0.000388808,0.000843953,0.0040987,-0.000491819,-0.00201717,-0.00061582,-0.000121794,0.00131133,-0.000598337,-0.000491819,0.00281421,-0.000800236,0.00108909,5.01026e-05,-0.000458431,0.000601062,-0.00201717,-0.000800236,0.0344616,0.00146219,-0.00200456,5.0283e-05,0.000936699,-0.00061582,0.00108909,0.00146219,0.0274367,-4.2483e-05,-0.000193371,-0.000137004,-0.000121794,5.01026e-05,-0.00200456,-4.2483e-05,0.0467513,
0.00282059,0.000170513,0.000388847,0.00131138,-0.00045835,5.03074e-05,-0.000193386,0.000170513,0.000967282,0.000843936,-0.00059833,0.000601074,0.000936732,-0.000137022,0.000388847,0.000843936,0.00409877,-0.000491753,-0.00201709,-0.000615755,-0.000121783,0.00131138,-0.00059833,-0.000491753,0.00281429,-0.00080012,0.00108915,5.01336e-05,-0.00045835,0.000601074,-0.00201709,-0.00080012,0.0344617,0.00146225,-0.00200463,5.03074e-05,0.000936732,-0.000615755,0.00108915,0.00146225,0.027437,-4.24508e-05,-0.000193386,-0.000137022,-0.000121783,5.01336e-05,-0.00200463,-4.24508e-05,0.0467512,
0.00282036,0.000170451,0.000388883,0.00131143,-0.000458277,5.03298e-05,-0.000193402,0.000170451,0.000967261,0.00084392,-0.000598324,0.000601083,0.000936763,-0.00013704,0.000388883,0.00084392,0.00409883,-0.000491692,-0.00201702,-0.000615695,-0.00012177,0.00131143,-0.000598324,-0.000491692,0.00281435,-0.000800012,0.0010892,5.01662e-05,-0.000458277,0.000601083,-0.00201702,-0.000800012,0.0344618,0.00146231,-0.00200469,5.03298e-05,0.000936763,-0.000615695,0.0010892,0.00146231,0.0274372,-4.24178e-05,-0.000193402,-0.00013704,-0.00012177,5.01662e-05,-0.00200469,-4.24178e-05,0.0467511,
0.00282015,0.000170394,0.000388916,0.00131148,-0.000458211,5.03504e-05,-0.000193418,0.000170394,0.000967242,0.000843906,-0.000598318,0.00060109,0.000936791,-0.000137058,0.000388916,0.000843906,0.00409889,-0.000491636,-0.00201695,-0.00061564,-0.000121756,0.00131148,-0.000598318,-0.000491636,0.00281442,-0.000799911,0.00108924,5.02002e-05,-0.000458211,0.00060109,-0.00201695,-0.000799911,0.0344618,0.00146237,-0.00200476,5.03504e-05,0.000936791,-0.00061564,0.00108924,0.00146237,0.0274375,-4.23841e-05,-0.000193418,-0.000137058,-0.000121756,5.02002e-05,-0.00200476,-4.23841e-05,0.046751,
0.00281996,0.000170342,0.000388946,0.00131152,-0.000458152,5.03694e-05,-0.000193435,0.000170342,0.000967224,0.000843893,-0.000598312,0.000601096,0.000936818,-0.000137077,0.000388946,0.000843893,0.00409894,-0.000491585,-0.00201688,-0.000615589,-0.000121741,0.00131152,-0.000598312,-0.000491585,0.00281448,-0.000799815,0.00108929,5.02354e-05,-0.000458152,0.000601096,-0.00201688,-0.000799815,0.0344618,0.00146243,-0.00200483,5.03694e-05,0.000936818,-0.000615589,0.00108929,0.00146243,0.0274377,-4.23498e-05,-0.000193435,-0.000137077,-0.000121741,5.02354e-05,-0.00200483,-4.23498e-05,0.046751,
0.00281978,0.000170294,0.000388974,0.00131156,-0.000458099,5.03869e-05,-0.000193452,0.000170294,0.000967208,0.00084388,-0.000598307,0.0006011,0.000936842,-0.000137097,0.000388974,0.00084388,0.004099,-0.000491537,-0.00201682,-0.000615541,-0.000121726,0.00131156,-0.000598307,-0.000491537,0.00281453,-0.000799725,0.00108932,5.02718e-05,-0.000458099,0.0006011,-0.00201682,-0.000799725,0.0344619,0.00146248,-0.00200489,5.03869e-05,0.000936842,-0.000615541,0.00108932,0.00146248,0.027438,-4.2315e-05,-0.000193452,-0.000137097,-0.000121726,5.02718e-05,-0.00200489,-4.2315e-05,0.0467509,
0.00281961,0.00017025,0.000388999,0.0013116,-0.000458051,5.04031e-05,-0.00019347,0.00017025,0.000967193,0.000843869,-0.000598302,0.000601102,0.000936864,-0.000137116,0.000388999,0.000843869,0.00409904,-0.000491494,-0.00201677,-0.000615498,-0.000121709,0.0013116,-0.000598302,-0.000491494,0.00281458,-0.000799639,0.00108936,5.03091e-05,-0.000458051,0.000601102,-0.00201677,-0.000799639,0.0344619,0.00146253,-0.00200496,5.04031e-05,0.000936864,-0.000615498,0.00108936,0.00146253,0.0274382,-4.22797e-05,-0.00019347,-0.000137116,-0.000121709,5.03091e-05,-0.00200496,-4.22797e-05,0.0467508,
0.00281946,0.000170209,0.000389023,0.00131163,-0.000458009,5.0418e-05,-0.000193488,0.000170209,0.000967179,0.000843859,-0.000598298,0.000601102,0.000936885,-0.000137136,0.000389023,0.000843859,0.00409908,-0.000491453,-0.00201671,-0.000615457,-0.000121692,0.00131163,-0.000598298,-0.000491453,0.00281462,-0.000799558,0.00108939,5.03473e-05,-0.000458009,0.000601102,-0.00201671,-0.000799558,0.0344619,0.00146258,-0.00200502,5.0418e-05,0.000936885,-0.000615457,0.00108939,0.00146258,0.0274384,-4.22439e-05,-0.000193488,-0.000137136,-0.000121692,5.03473e-05,-0.00200502,-4.22439e-05,0.0467507,
0.00281932,0.000170171,0.000389045,0.00131167,-0.00045797,5.04318e-05,-0.000193507,0.000170171,0.000967166,0.00084385,-0.000598294,0.000601102,0.000936904,-0.000137156,0.000389045,0.00084385,0.00409912,-0.000491416,-0.00201666,-0.000615419,-0.000121674,0.00131167,-0.000598294,-0.000491416,0.00281467,-0.000799481,0.00108942,5.03863e-05,-0.00045797,0.000601102,-0.00201666,-0.000799481,0.0344619,0.00146263,-0.00200509,5.04318e-05,0.000936904,-0.000615419,0.00108942,0.00146263,0.0274387,-4.22079e-05,-0.000193507,-0.000137156,-0.000121674,5.03863e-05,-0.00200509,-4.22079e-05,0.0467507,
0.00281919,0.000170136,0.000389065,0.0013117,-0.000457936,5.04446e-05,-0.000193526,0.000170136,0.000967154,0.000843841,-0.00059829,0.0006011,0.000936922,-0.000137176,0.000389065,0.000843841,0.00409916,-0.000491381,-0.00201662,-0.000615384,-0.000121656,0.0013117,-0.00059829,-0.000491381,0.00281471,-0.000799407,0.00108945,5.0426e-05,-0.000457936,0.0006011,-0.00201662,-0.000799407,0.0344619,0.00146267,-0.00200515,5.04446e-05,0.000936922,-0.000615384,0.00108945,0.00146267,0.0274389,-4.21715e-05,-0.000193526,-0.000137176,-0.000121656,5.0426e-05,-0.00200515,-4.21715e-05,0.0467506,
0.00281907,0.000170103,0.000389084,0.00131172,-0.000457905,5.04565e-05,-0.000193545,0.000170103,0.000967142,0.000843833,-0.000598286,0.000601098,0.000936939,-0.000137196,0.000389084,0.000843833,0.0040992,-0.000491348,-0.00201657,-0.000615351,-0.000121637,0.00131172,-0.000598286,-0.000491348,0.00281474,-0.000799337,0.00108948,5.04663e-05,-0.000457905,0.000601098,-0.00201657,-0.000799337,0.0344619,0.00146272,-0.00200521,5.04565e-05,0.000936939,-0.000615351,0.00108948,0.00146272,0.0274391,-4.21348e-05,-0.000193545,-0.000137196,-0.000121637,5.04663e-05,-0.00200521,-4.21348e-05,0.0467505,
0.00281896,0.000170073,0.000389101,0.00131175,-0.000457878,5.04675e-05,-0.000193564,0.000170073,0.000967132,0.000843826,-0.000598282,0.000601094,0.000936954,-0.000137216,0.000389101,0.000843826,0.00409923,-0.000491318,-0.00201653,-0.00061532,-0.000121617,0.00131175,-0.000598282,-0.000491318,0.00281478,-0.000799269,0.0010895,5.05071e-05,-0.000457878,0.000601094,-0.00201653,-0.000799269,0.0344619,0.00146276,-0.00200528,5.04675e-05,0.000936954,-0.00061532,0.0010895,0.00146276,0.0274393,-4.20979e-05,-0.000193564,-0.000137216,-0.000121617,5.05071e-05,-0.00200528,-4.20979e-05,0.0467504,
0.00281886,0.000170044,0.000389118,0.00131177,-0.000457854,5.04778e-05,-0.000193584,0.000170044,0.000967122,0.000843819,-0.000598279,0.00060109,0.000936969,-0.000137237,0.000389118,0.000843819,0.00409926,-0.000491289,-0.00201649,-0.000615291,-0.000121597,0.00131177,-0.000598279,-0.000491289,0.00281481,-0.000799204,0.00108953,5.05484e-05,-0.000457854,0.00060109,-0.00201649,-0.000799204,0.0344619,0.0014628,-0.00200534,5.04778e-05,0.000936969,-0.000615291,0.00108953,0.0014628,0.0274395,-4.20608e-05,-0.000193584,-0.000137237,-0.000121597,5.05484e-05,-0.00200534,-4.20608e-05,0.0467503,
0.00281876,0.000170018,0.000389133,0.00131179,-0.000457832,5.04874e-05,-0.000193603,0.000170018,0.000967113,0.000843813,-0.000598276,0.000601084,0.000936983,-0.000137257,0.000389133,0.000843813,0.00409928,-0.000491263,-0.00201645,-0.000615264,-0.000121577,0.00131179,-0.000598276,-0.000491263,0.00281484,-0.000799142,0.00108955,5.05902e-05,-0.000457832,0.000601084,-0.00201645,-0.000799142,0.0344619,0.00146284,-0.0020054,5.04874e-05,0.000936983,-0.000615264,0.00108955,0.00146284,0.0274397,-4.20235e-05,-0.000193603,-0.000137257,-0.000121577,5.05902e-05,-0.0020054,-4.20235e-05,0.0467503,
0.00281867,0.000169993,0.000389147,0.00131182,-0.000457813,5.04964e-05,-0.000193623,0.000169993,0.000967104,0.000843807,-0.000598272,0.000601079,0.000936996,-0.000137278,0.000389147,0.000843807,0.00409931,-0.000491238,-0.00201641,-0.000615238,-0.000121557,0.00131182,-0.000598272,-0.000491238,0.00281486,-0.000799081,0.00108957,5.06323e-05,-0.000457813,0.000601079,-0.00201641,-0.000799081,0.0344619,0.00146288,-0.00200547,5.04964e-05,0.000936996,-0.000615238,0.00108957,0.00146288,0.0274399,-4.19861e-05,-0.000193623,-0.000137278,-0.000121557,5.06323e-05,-0.00200547,-4.19861e-05,0.0467502,
0.00281858,0.000169969,0.000389161,0.00131184,-0.000457796,5.05049e-05,-0.000193643,0.000169969,0.000967096,0.000843801,-0.000598269,0.000601072,0.000937008,-0.000137299,0.000389161,0.000843801,0.00409934,-0.000491214,-0.00201637,-0.000615214,-0.000121536,0.00131184,-0.000598269,-0.000491214,0.00281489,-0.000799023,0.00108959,5.06747e-05,-0.000457796,0.000601072,-0.00201637,-0.000799023,0.0344619,0.00146292,-0.00200553,5.05049e-05,0.000937008,-0.000615214,0.00108959,0.00146292,0.0274401,-4.19485e-05,-0.000193643,-0.000137299,-0.000121536,5.06747e-05,-0.00200553,-4.19485e-05,0.0467501,
0.0028185,0.000169947,0.000389173,0.00131185,-0.00045778,5.05128e-05,-0.000193664,0.000169947,0.000967088,0.000843796,-0.000598266,0.000601065,0.000937019,-0.00013732,0.000389173,0.000843796,0.00409936,-0.000491192,-0.00201634,-0.000615191,-0.000121515,0.00131185,-0.000598266,-0.000491192,0.00281491,-0.000798966,0.00108961,5.07175e-05,-0.00045778,0.000601065,-0.00201634,-0.000798966,0.0344619,0.00146296,-0.00200559,5.05128e-05,0.000937019,-0.000615191,0.00108961,0.00146296,0.0274403,-4.19108e-05,-0.000193664,-0.00013732,-0.000121515,5.07175e-05,-0.00200559,-4.19108e-05,0.04675,
0.00281843,0.000169927,0.000389185,0.00131187,-0.000457767,5.05203e-05,-0.000193684,0.000169927,0.00096708,0.000843792,-0.000598264,0.000601058,0.00093703,-0.000137341,0.000389185,0.000843792,0.00409938,-0.000491171,-0.00201631,-0.000615169,-0.000121493,0.00131187,-0.000598264,-0.000491171,0.00281494,-0.000798911,0.00108962,5.07604e-05,-0.000457767,0.000601058,-0.00201631,-0.000798911,0.0344619,0.001463,-0.00200566,5.05203e-05,0.00093703,-0.000615169,0.00108962,0.001463,0.0274405,-4.18731e-05,-0.000193684,-0.000137341,-0.000121493,5.07604e-05,-0.00200566,-4.18731e-05,0.04675,
0.00281836,0.000169907,0.000389197,0.00131189,-0.000457755,5.05274e-05,-0.000193704,0.000169907,0.000967073,0.000843787,-0.000598261,0.00060105,0.00093704,-0.000137361,0.000389197,0.000843787,0.0040994,-0.000491151,-0.00201627,-0.000615148,-0.000121472,0.00131189,-0.000598261,-0.000491151,0.00281496,-0.000798858,0.00108964,5.08036e-05,-0.000457755,0.00060105,-0.00201627,-0.000798858,0.0344619,0.00146303,-0.00200572,5.05274e-05,0.00093704,-0.000615148,0.00108964,0.00146303,0.0274406,-4.18352e-05,-0.000193704,-0.000137361,-0.000121472,5.08036e-05,-0.00200572,-4.18352e-05,0.0467499,
0.00281829,0.000169888,0.000389208,0.00131191,-0.000457745,5.05341e-05,-0.000193725,0.000169888,0.000967067,0.000843783,-0.000598258,0.000601041,0.00093705,-0.000137382,0.000389208,0.000843783,0.00409942,-0.000491132,-0.00201624,-0.000615128,-0.00012145,0.00131191,-0.000598258,-0.000491132,0.00281498,-0.000798805,0.00108965,5.0847e-05,-0.000457745,0.000601041,-0.00201624,-0.000798805,0.0344618,0.00146307,-0.00200578,5.05341e-05,0.00093705,-0.000615128,0.00108965,0.00146307,0.0274408,-4.17973e-05,-0.000193725,-0.000137382,-0.00012145,5.0847e-05,-0.00200578,-4.17973e-05,0.0467498,
0.00281822,0.00016987,0.000389218,0.00131192,-0.000457736,5.05405e-05,-0.000193746,0.00016987,0.00096706,0.000843779,-0.000598256,0.000601033,0.000937059,-0.000137403,0.000389218,0.000843779,0.00409944,-0.000491114,-0.00201621,-0.000615109,-0.000121428,0.00131192,-0.000598256,-0.000491114,0.002815,-0.000798754,0.00108967,5.08906e-05,-0.000457736,0.000601033,-0.00201621,-0.000798754,0.0344618,0.00146311,-0.00200584,5.05405e-05,0.000937059,-0.000615109,0.00108967,0.00146311,0.027441,-4.17593e-05,-0.000193746,-0.000137403,-0.000121428,5.08906e-05,-0.00200584,-4.17593e-05,0.0467497,
0.00281816,0.000169854,0.000389228,0.00131194,-0.000457728,5.05466e-05,-0.000193766,0.000169854,0.000967054,0.000843775,-0.000598253,0.000601024,0.000937068,-0.000137425,0.000389228,0.000843775,0.00409946,-0.000491096,-0.00201618,-0.000615091,-0.000121406,0.00131194,-0.000598253,-0.000491096,0.00281502,-0.000798704,0.00108968,5.09343e-05,-0.000457728,0.000601024,-0.00201618,-0.000798704,0.0344618,0.00146314,-0.00200591,5.05466e-05,0.000937068,-0.000615091,0.00108968,0.00146314,0.0274412,-4.17213e-05,-0.000193766,-0.000137425,-0.000121406,5.09343e-05,-0.00200591,-4.17213e-05,0.0467497,
0.0028181,0.000169837,0.000389237,0.00131195,-0.000457721,5.05524e-05,-0.000193787,0.000169837,0.000967048,0.000843772,-0.000598251,0.000601014,0.000937077,-0.000137446,0.000389237,0.000843772,0.00409947,-0.00049108,-0.00201615,-0.000615074,-0.000121384,0.00131195,-0.000598251,-0.00049108,0.00281503,-0.000798655,0.00108969,5.09782e-05,-0.000457721,0.000601014,-0.00201615,-0.000798655,0.0344618,0.00146318,-0.00200597,5.05524e-05,0.000937077,-0.000615074,0.00108969,0.00146318,0.0274414,-4.16832e-05,-0.000193787,-0.000137446,-0.000121384,5.09782e-05,-0.00200597,-4.16832e-05,0.0467496,
0.00281805,0.000169822,0.000389246,0.00131196,-0.000457715,5.0558e-05,-0.000193808,0.000169822,0.000967042,0.000843769,-0.000598248,0.000601005,0.000937085,-0.000137467,0.000389246,0.000843769,0.00409949,-0.000491064,-0.00201612,-0.000615057,-0.000121362,0.00131196,-0.000598248,-0.000491064,0.00281505,-0.000798607,0.00108971,5.10222e-05,-0.000457715,0.000601005,-0.00201612,-0.000798607,0.0344618,0.00146321,-0.00200603,5.0558e-05,0.000937085,-0.000615057,0.00108971,0.00146321,0.0274415,-4.16451e-05,-0.000193808,-0.000137467,-0.000121362,5.10222e-05,-0.00200603,-4.16451e-05,0.0467495,
0.00281799,0.000169807,0.000389255,0.00131198,-0.00045771,5.05634e-05,-0.000193829,0.000169807,0.000967037,0.000843765,-0.000598246,0.000600995,0.000937093,-0.000137488,0.000389255,0.000843765,0.00409951,-0.000491048,-0.0020161,-0.00061504,-0.00012134,0.00131198,-0.000598246,-0.000491048,0.00281507,-0.000798559,0.00108972,5.10662e-05,-0.00045771,0.000600995,-0.0020161,-0.000798559,0.0344617,0.00146325,-0.00200609,5.05634e-05,0.000937093,-0.00061504,0.00108972,0.00146325,0.0274417,-4.1607e-05,-0.000193829,-0.000137488,-0.00012134,5.10662e-05,-0.00200609,-4.1607e-05,0.0467494,
0.00281794,0.000169792,0.000389263,0.00131199,-0.000457706,5.05686e-05,-0.00019385,0.000169792,0.000967032,0.000843762,-0.000598244,0.000600985,0.000937101,-0.000137509,0.000389263,0.000843762,0.00409952,-0.000491033,-0.00201607,-0.000615024,-0.000121317,0.00131199,-0.000598244,-0.000491033,0.00281508,-0.000798513,0.00108973,5.11103e-05,-0.000457706,0.000600985,-0.00201607,-0.000798513,0.0344617,0.00146328,-0.00200615,5.05686e-05,0.000937101,-0.000615024,0.00108973,0.00146328,0.0274419,-4.15689e-05,-0.00019385,-0.000137509,-0.000121317,5.11103e-05,-0.00200615,-4.15689e-05,0.0467493,
0.00281789,0.000169778,0.000389271,0.001312,-0.000457702,5.05736e-05,-0.000193871,0.000169778,0.000967026,0.00084376,-0.000598241,0.000600974,0.000937108,-0.00013753,0.000389271,0.00084376,0.00409954,-0.000491019,-0.00201604,-0.000615009,-0.000121295,0.001312,-0.000598241,-0.000491019,0.0028151,-0.000798467,0.00108974,5.11546e-05,-0.000457702,0.000600974,-0.00201604,-0.000798467,0.0344617,0.00146331,-0.00200622,5.05736e-05,0.000937108,-0.000615009,0.00108974,0.00146331,0.027442,-4.15308e-05,-0.000193871,-0.00013753,-0.000121295,5.11546e-05,-0.00200622,-4.15308e-05,0.0467493,
0.00281784,0.000169765,0.000389279,0.00131201,-0.000457699,5.05784e-05,-0.000193892,0.000169765,0.000967021,0.000843757,-0.000598239,0.000600964,0.000937116,-0.000137551,0.000389279,0.000843757,0.00409955,-0.000491005,-0.00201602,-0.000614994,-0.000121272,0.00131201,-0.000598239,-0.000491005,0.00281511,-0.000798421,0.00108975,5.11988e-05,-0.000457699,0.000600964,-0.00201602,-0.000798421,0.0344617,0.00146335,-0.00200628,5.05784e-05,0.000937116,-0.000614994,0.00108975,0.00146335,0.0274422,-4.14926e-05,-0.000193892,-0.000137551,-0.000121272,5.11988e-05,-0.00200628,-4.14926e-05,0.0467492,
0.0028178,0.000169752,0.000389287,0.00131202,-0.000457696,5.05831e-05,-0.000193913,0.000169752,0.000967017,0.000843754,-0.000598237,0.000600953,0.000937123,-0.000137572,0.000389287,0.000843754,0.00409956,-0.000490991,-0.00201599,-0.000614979,-0.00012125,0.00131202,-0.000598237,-0.000490991,0.00281513,-0.000798376,0.00108976,5.12432e-05,-0.000457696,0.000600953,-0.00201599,-0.000798376,0.0344616,0.00146338,-0.00200634,5.05831e-05,0.000937123,-0.000614979,0.00108976,0.00146338,0.0274424,-4.14545e-05,-0.000193913,-0.000137572,-0.00012125,5.12432e-05,-0.00200634,-4.14545e-05,0.0467491,
0.00281775,0.000169739,0.000389294,0.00131204,-0.000457695,5.05877e-05,-0.000193934,0.000169739,0.000967012,0.000843752,-0.000598235,0.000600943,0.00093713,-0.000137594,0.000389294,0.000843752,0.00409958,-0.000490978,-0.00201596,-0.000614965,-0.000121227,0.00131204,-0.000598235,-0.000490978,0.00281514,-0.000798332,0.00108977,5.12875e-05,-0.000457695,0.000600943,-0.00201596,-0.000798332,0.0344616,0.00146341,-0.0020064,5.05877e-05,0.00093713,-0.000614965,0.00108977,0.00146341,0.0274426,-4.14164e-05,-0.000193934,-0.000137594,-0.000121227,5.12875e-05,-0.0020064,-4.14164e-05,0.046749,
0.00281771,0.000169726,0.000389301,0.00131205,-0.000457693,5.05921e-05,-0.000193955,0.000169726,0.000967007,0.000843749,-0.000598233,0.000600932,0.000937136,-0.000137615,0.000389301,0.000843749,0.00409959,-0.000490965,-0.00201594,-0.000614951,-0.000121205,0.00131205,-0.000598233,-0.000490965,0.00281515,-0.000798288,0.00108978,5.13319e-05,-0.000457693,0.000600932,-0.00201594,-0.000798288,0.0344616,0.00146344,-0.00200646,5.05921e-05,0.000937136,-0.000614951,0.00108978,0.00146344,0.0274427,-4.13782e-05,-0.000193955,-0.000137615,-0.000121205,5.13319e-05,-0.00200646,-4.13782e-05,0.046749,
0.00281766,0.000169714,0.000389309,0.00131206,-0.000457692,5.05965e-05,-0.000193976,0.000169714,0.000967003,0.000843747,-0.000598231,0.000600921,0.000937143,-0.000137636,0.000389309,0.000843747,0.0040996,-0.000490952,-0.00201591,-0.000614937,-0.000121182,0.00131206,-0.000598231,-0.000490952,0.00281517,-0.000798244,0.00108979,5.13763e-05,-0.000457692,0.000600921,-0.00201591,-0.000798244,0.0344615,0.00146348,-0.00200652,5.05965e-05,0.000937143,-0.000614937,0.00108979,0.00146348,0.0274429,-4.13401e-05,-0.000193976,-0.000137636,-0.000121182,5.13763e-05,-0.00200652,-4.13401e-05,0.0467489,
0.00281762,0.000169702,0.000389315,0.00131207,-0.000457691,5.06007e-05,-0.000193997,0.000169702,0.000966998,0.000843744,-0.000598229,0.00060091,0.000937149,-0.000137657,0.000389315,0.000843744,0.00409962,-0.00049094,-0.00201589,-0.000614923,-0.000121159,0.00131207,-0.000598229,-0.00049094,0.00281518,-0.0007982,0.0010898,5.14208e-05,-0.000457691,0.00060091,-0.00201589,-0.0007982,0.0344615,0.00146351,-0.00200659,5.06007e-05,0.000937149,-0.000614923,0.0010898,0.00146351,0.027443,-4.13019e-05,-0.000193997,-0.000137657,-0.000121159,5.14208e-05,-0.00200659,-4.13019e-05,0.0467488,
0.00281758,0.000169691,0.000389322,0.00131208,-0.000457691,5.06049e-05,-0.000194018,0.000169691,0.000966994,0.000843742,-0.000598226,0.000600899,0.000937156,-0.000137678,0.000389322,0.000843742,0.00409963,-0.000490927,-0.00201586,-0.00061491,-0.000121136,0.00131208,-0.000598226,-0.000490927,0.00281519,-0.000798157,0.00108981,5.14653e-05,-0.000457691,0.000600899,-0.00201586,-0.000798157,0.0344615,0.00146354,-0.00200665,5.06049e-05,0.000937156,-0.00061491,0.00108981,0.00146354,0.0274432,-4.12638e-05,-0.000194018,-0.000137678,-0.000121136,5.14653e-05,-0.00200665,-4.12638e-05,0.0467487,
0.00281754,0.000169679,0.000389329,0.00131209,-0.000457691,5.0609e-05,-0.000194039,0.000169679,0.000966989,0.00084374,-0.000598224,0.000600888,0.000937162,-0.000137699,0.000389329,0.00084374,0.00409964,-0.000490915,-0.00201584,-0.000614897,-0.000121114,0.00131209,-0.000598224,-0.000490915,0.00281521,-0.000798115,0.00108982,5.15098e-05,-0.000457691,0.000600888,-0.00201584,-0.000798115,0.0344615,0.00146357,-0.00200671,5.0609e-05,0.000937162,-0.000614897,0.00108982,0.00146357,0.0274434,-4.12257e-05,-0.000194039,-0.000137699,-0.000121114,5.15098e-05,-0.00200671,-4.12257e-05,0.0467487,
0.0028175,0.000169668,0.000389336,0.0013121,-0.000457691,5.06131e-05,-0.00019406,0.000169668,0.000966985,0.000843738,-0.000598222,0.000600876,0.000937168,-0.000137721,0.000389336,0.000843738,0.00409965,-0.000490903,-0.00201581,-0.000614884,-0.000121091,0.0013121,-0.000598222,-0.000490903,0.00281522,-0.000798072,0.00108983,5.15543e-05,-0.000457691,0.000600876,-0.00201581,-0.000798072,0.0344614,0.0014636,-0.00200677,5.06131e-05,0.000937168,-0.000614884,0.00108983,0.0014636,0.0274435,-4.11876e-05,-0.00019406,-0.000137721,-0.000121091,5.15543e-05,-0.00200677,-4.11876e-05,0.0467486,
0.00281746,0.000169657,0.000389342,0.00131211,-0.000457691,5.06171e-05,-0.000194081,0.000169657,0.000966981,0.000843736,-0.00059822,0.000600865,0.000937175,-0.000137742,0.000389342,0.000843736,0.00409967,-0.000490892,-0.00201579,-0.000614872,-0.000121068,0.00131211,-0.00059822,-0.000490892,0.00281523,-0.00079803,0.00108984,5.15988e-05,-0.000457691,0.000600865,-0.00201579,-0.00079803,0.0344614,0.00146364,-0.00200683,5.06171e-05,0.000937175,-0.000614872,0.00108984,0.00146364,0.0274437,-4.11495e-05,-0.000194081,-0.000137742,-0.000121068,5.15988e-05,-0.00200683,-4.11495e-05,0.0467485,
0.00281742,0.000169646,0.000389348,0.00131212,-0.000457692,5.0621e-05,-0.000194102,0.000169646,0.000966977,0.000843733,-0.000598218,0.000600854,0.000937181,-0.000137763,0.000389348,0.000843733,0.00409968,-0.00049088,-0.00201577,-0.000614859,-0.000121045,0.00131212,-0.000598218,-0.00049088,0.00281524,-0.000797988,0.00108984,5.16433e-05,-0.000457692,0.000600854,-0.00201577,-0.000797988,0.0344614,0.00146367,-0.0020069,5.0621e-05,0.000937181,-0.000614859,0.00108984,0.00146367,0.0274439,-4.11115e-05,-0.000194102,-0.000137763,-0.000121045,5.16433e-05,-0.0020069,-4.11115e-05,0.0467484,
0.00281738,0.000169635,0.000389355,0.00131213,-0.000457693,5.06249e-05,-0.000194123,0.000169635,0.000966972,0.000843731,-0.000598216,0.000600842,0.000937187,-0.000137784,0.000389355,0.000843731,0.00409969,-0.000490869,-0.00201574,-0.000614847,-0.000121023,0.00131213,-0.000598216,-0.000490869,0.00281525,-0.000797946,0.00108985,5.16878e-05,-0.000457693,0.000600842,-0.00201574,-0.000797946,0.0344613,0.0014637,-0.00200696,5.06249e-05,0.000937187,-0.000614847,0.00108985,0.0014637,0.027444,-4.10734e-05,-0.000194123,-0.000137784,-0.000121023,5.16878e-05,-0.00200696,-4.10734e-05,0.0467483,
0.00281734,0.000169624,0.000389361,0.00131214,-0.000457694,5.06288e-05,-0.000194144,0.000169624,0.000966968,0.000843729,-0.000598214,0.000600831,0.000937193,-0.000137805,0.000389361,0.000843729,0.0040997,-0.000490857,-0.00201572,-0.000614834,-0.000121,0.00131214,-0.000598214,-0.000490857,0.00281527,-0.000797904,0.00108986,5.17323e-05,-0.000457694,0.000600831,-0.00201572,-0.000797904,0.0344613,0.00146373,-0.00200702,5.06288e-05,0.000937193,-0.000614834,0.00108986,0.00146373,0.0274442,-4.10354e-05,-0.000194144,-0.000137805,-0.000121,5.17323e-05,-0.00200702,-4.10354e-05,0.0467483,
0.0028173,0.000169613,0.000389367,0.00131215,-0.000457695,5.06326e-05,-0.000194166,0.000169613,0.000966964,0.000843727,-0.000598212,0.000600819,0.000937199,-0.000137826,0.000389367,0.000843727,0.00409971,-0.000490846,-0.00201569,-0.000614822,-0.000120977,0.00131215,-0.000598212,-0.000490846,0.00281528,-0.000797862,0.00108987,5.17768e-05,-0.000457695,0.000600819,-0.00201569,-0.000797862,0.0344613,0.00146376,-0.00200708,5.06326e-05,0.000937199,-0.000614822,0.00108987,0.00146376,0.0274444,-4.09973e-05,-0.000194166,-0.000137826,-0.000120977,5.17768e-05,-0.00200708,-4.09973e-05,0.0467482,
0.00281727,0.000169603,0.000389373,0.00131216,-0.000457696,5.06364e-05,-0.000194187,0.000169603,0.00096696,0.000843725,-0.000598211,0.000600807,0.000937204,-0.000137847,0.000389373,0.000843725,0.00409972,-0.000490835,-0.00201567,-0.00061481,-0.000120954,0.00131216,-0.000598211,-0.000490835,0.00281529,-0.000797821,0.00108988,5.18213e-05,-0.000457696,0.000600807,-0.00201567,-0.000797821,0.0344612,0.00146379,-0.00200714,5.06364e-05,0.000937204,-0.00061481,0.00108988,0.00146379,0.0274445,-4.09593e-05,-0.000194187,-0.000137847,-0.000120954,5.18213e-05,-0.00200714,-4.09593e-05,0.0467481,
0.00281723,0.000169592,0.00038938,0.00131217,-0.000457697,5.06401e-05,-0.000194208,0.000169592,0.000966956,0.000843724,-0.000598209,0.000600796,0.00093721,-0.000137869,0.00038938,0.000843724,0.00409973,-0.000490824,-0.00201565,-0.000614798,-0.000120931,0.00131217,-0.000598209,-0.000490824,0.0028153,-0.000797779,0.00108989,5.18658e-05,-0.000457697,0.000600796,-0.00201565,-0.000797779,0.0344612,0.00146382,-0.0020072,5.06401e-05,0.00093721,-0.000614798,0.00108989,0.00146382,0.0274447,-4.09213e-05,-0.000194208,-0.000137869,-0.000120931,5.18658e-05,-0.0020072,-4.09213e-05,0.046748,
0.00281719,0.000169582,0.000389386,0.00131218,-0.000457699,5.06439e-05,-0.000194229,0.000169582,0.000966952,0.000843722,-0.000598207,0.000600784,0.000937216,-0.00013789,0.000389386,0.000843722,0.00409974,-0.000490813,-0.00201562,-0.000614786,-0.000120909,0.00131218,-0.000598207,-0.000490813,0.00281531,-0.000797738,0.00108989,5.19103e-05,-0.000457699,0.000600784,-0.00201562,-0.000797738,0.0344612,0.00146386,-0.00200727,5.06439e-05,0.000937216,-0.000614786,0.00108989,0.00146386,0.0274448,-4.08833e-05,-0.000194229,-0.00013789,-0.000120909,5.19103e-05,-0.00200727,-4.08833e-05,0.046748,
0.00281716,0.000169572,0.000389392,0.00131219,-0.0004577,5.06476e-05,-0.00019425,0.000169572,0.000966948,0.00084372,-0.000598205,0.000600772,0.000937222,-0.000137911,0.000389392,0.00084372,0.00409975,-0.000490802,-0.0020156,-0.000614774,-0.000120886,0.00131219,-0.000598205,-0.000490802,0.00281532,-0.000797697,0.0010899,5.19548e-05,-0.0004577,0.000600772,-0.0020156,-0.000797697,0.0344612,0.00146389,-0.00200733,5.06476e-05,0.000937222,-0.000614774,0.0010899,0.00146389,0.027445,-4.08454e-05,-0.00019425,-0.000137911,-0.000120886,5.19548e-05,-0.00200733,-4.08454e-05,0.0467479,
0.00281712,0.000169561,0.000389398,0.0013122,-0.000457702,5.06513e-05,-0.000194271,0.000169561,0.000966944,0.000843718,-0.000598203,0.000600761,0.000937228,-0.000137932,0.000389398,0.000843718,0.00409977,-0.000490791,-0.00201558,-0.000614762,-0.000120863,0.0013122,-0.000598203,-0.000490791,0.00281533,-0.000797656,0.00108991,5.19992e-05,-0.000457702,0.000600761,-0.00201558,-0.000797656,0.0344611,0.00146392,-0.00200739,5.06513e-05,0.000937228,-0.000614762,0.00108991,0.00146392,0.0274452,-4.08074e-05,-0.000194271,-0.000137932,-0.000120863,5.19992e-05,-0.00200739,-4.08074e-05,0.0467478,
0.00281708,0.000169551,0.000389404,0.00131221,-0.000457703,5.0655e-05,-0.000194293,0.000169551,0.00096694,0.000843716,-0.000598201,0.000600749,0.000937233,-0.000137953,0.000389404,0.000843716,0.00409978,-0.00049078,-0.00201555,-0.00061475,-0.00012084,0.00131221,-0.000598201,-0.00049078,0.00281534,-0.000797615,0.00108992,5.20437e-05,-0.000457703,0.000600749,-0.00201555,-0.000797615,0.0344611,0.00146395,-0.00200745,5.0655e-05,0.000937233,-0.00061475,0.00108992,0.00146395,0.0274453,-4.07695e-05,-0.000194293,-0.000137953,-0.00012084,5.20437e-05,-0.00200745,-4.07695e-05,0.0467477,
0.00281705,0.000169541,0.00038941,0.00131222,-0.000457705,5.06586e-05,-0.000194314,0.000169541,0.000966937,0.000843714,-0.000598199,0.000600737,0.000937239,-0.000137974,0.00038941,0.000843714,0.00409979,-0.000490769,-0.00201553,-0.000614739,-0.000120817,0.00131222,-0.000598199,-0.000490769,0.00281536,-0.000797574,0.00108993,5.20882e-05,-0.000457705,0.000600737,-0.00201553,-0.000797574,0.0344611,0.00146398,-0.00200751,5.06586e-05,0.000937239,-0.000614739,0.00108993,0.00146398,0.0274455,-4.07315e-05,-0.000194314,-0.000137974,-0.000120817,5.20882e-05,-0.00200751,-4.07315e-05,0.0467476,
0.00281701,0.000169531,0.000389416,0.00131222,-0.000457707,5.06623e-05,-0.000194335,0.000169531,0.000966933,0.000843712,-0.000598197,0.000600725,0.000937245,-0.000137995,0.000389416,0.000843712,0.0040998,-0.000490758,-0.00201551,-0.000614727,-0.000120795,0.00131222,-0.000598197,-0.000490758,0.00281537,-0.000797533,0.00108993,5.21326e-05,-0.000457707,0.000600725,-0.00201551,-0.000797533,0.034461,0.00146401,-0.00200758,5.06623e-05,0.000937245,-0.000614727,0.00108993,0.00146401,0.0274456,-4.06936e-05,-0.000194335,-0.000137995,-0.000120795,5.21326e-05,-0.00200758,-4.06936e-05,0.0467476,
0.00281698,0.000169521,0.000389422,0.00131223,-0.000457709,5.0666e-05,-0.000194356,0.000169521,0.000966929,0.00084371,-0.000598195,0.000600714,0.000937251,-0.000138017,0.000389422,0.00084371,0.00409981,-0.000490748,-0.00201549,-0.000614715,-0.000120772,0.00131223,-0.000598195,-0.000490748,0.00281538,-0.000797492,0.00108994,5.21771e-05,-0.000457709,0.000600714,-0.00201549,-0.000797492,0.034461,0.00146404,-0.00200764,5.0666e-05,0.000937251,-0.000614715,0.00108994,0.00146404,0.0274458,-4.06557e-05,-0.000194356,-0.000138017,-0.000120772,5.21771e-05,-0.00200764,-4.06557e-05,0.0467475,
0.00281694,0.00016951,0.000389428,0.00131224,-0.000457711,5.06696e-05,-0.000194377,0.00016951,0.000966925,0.000843709,-0.000598193,0.000600702,0.000937256,-0.000138038,0.000389428,0.000843709,0.00409982,-0.000490737,-0.00201546,-0.000614704,-0.000120749,0.00131224,-0.000598193,-0.000490737,0.00281539,-0.000797451,0.00108995,5.22215e-05,-0.000457711,0.000600702,-0.00201546,-0.000797451,0.034461,0.00146407,-0.0020077,5.06696e-05,0.000937256,-0.000614704,0.00108995,0.00146407,0.027446,-4.06178e-05,-0.000194377,-0.000138038,-0.000120749,5.22215e-05,-0.0020077,-4.06178e-05,0.0467474,
