0.00335377,-0.000735905,-0.000409459,0.000649941,-0.00113936,0.00140443,-0.000118025,-0.000735905,0.0014698,-0.000574955,0.000938401,0.000342511,-3.93123e-05,6.78518e-05,-0.000409459,-0.000574955,0.00190658,-0.000513293,0.000231477,0.00183082,-7.61358e-05,0.000649941,0.000938401,-0.000513293,0.0027228,0.00165604,0.00153449,1.08054e-05,-0.00113936,0.000342511,0.000231477,0.00165604,0.0338644,0.000513251,-0.00214394,0.00140443,-3.93122e-05,0.00183082,0.00153449,0.000513251,0.0279477,-0.000236315,-0.000118025,6.78518e-05,-7.61358e-05,1.08054e-05,-0.00214394,-0.000236315,0.0467635,
0.00335321,-0.000736068,-0.000409534,0.000650147,-0.00113972,0.00140431,-0.000117984,-0.000736068,0.00147008,-0.00057507,0.000938118,0.000342671,-3.92583e-05,6.78819e-05,-0.000409534,-0.00057507,0.00190645,-0.000513369,0.000230577,0.00182974,-7.60878e-05,0.000650147,0.000938118,-0.000513369,0.00272269,0.00165682,0.00153496,1.06913e-05,-0.00113972,0.000342671,0.000230577,0.00165682,0.0338622,0.000512593,-0.00214428,0.00140431,-3.92583e-05,0.00182974,0.00153496,0.000512593,0.027946,-0.000236265,-0.000117984,6.78819e-05,-7.60878e-05,1.06913e-05,-0.00214428,-0.000236265,0.0467635,
0.00335283,-0.0007362,-0.000409599,0.000650312,-0.00113999,0.00140426,-0.000117955,-0.0007362,0.0014703,-0.000575185,0.000937904,0.000342818,-3.92074e-05,6.79041e-05,-0.000409599,-0.000575185,0.00190642,-0.000513453,0.000229948,0.00182898,-7.60571e-05,0.000650312,0.000937904,-0.000513453,0.00272261,0.00165743,0.00153523,1.0615e-05,-0.00113999,0.000342818,0.000229948,0.00165743,0.0338605,0.00051207,-0.00214454,0.00140426,-3.92074e-05,0.00182898,0.00153523,0.00051207,0.0279447,-0.000236245,-0.000117955,6.79041e-05,-7.60571e-05,1.0615e-05,-0.00214454,-0.000236245,0.0467635,
0.00335254,-0.000736302,-0.00040964,0.000650444,-0.00114018,0.00140423,-0.000117935,-0.000736302,0.00147047,-0.000575285,0.000937742,0.00034294,-3.91615e-05,6.79196e-05,-0.00040964,-0.000575285,0.00190642,-0.000513525,0.000229503,0.00182843,-7.60373e-05,0.000650444,0.000937742,-0.000513525,0.00272254,0.0016579,0.00153539,1.05656e-05,-0.00114018,0.00034294,0.000229503,0.0016579,0.0338592,0.000511656,-0.00214473,0.00140423,-3.91615e-05,0.00182843,0.00153539,0.000511656,0.0279437,-0.000236247,-0.000117935,6.79196e-05,-7.60373e-05,1.05656e-05,-0.00214473,-0.000236247,0.0467635,
0.00335233,-0.000736379,-0.000409656,0.00065055,-0.00114034,0.00140421,-0.000117922,-0.000736379,0.00147059,-0.000575369,0.000937618,0.000343039,-3.91214e-05,6.79303e-05,-0.000409656,-0.000575369,0.00190643,-0.000513583,0.000229177,0.00182804,-7.60251e-05,0.00065055,0.000937618,-0.000513583,0.00272249,0.00165826,0.00153548,1.05355e-05,-0.00114034,0.000343039,0.000229177,0.00165826,0.0338582,0.000511323,-0.00214489,0.00140421,-3.91214e-05,0.00182804,0.00153548,0.000511323,0.027943,-0.000236264,-0.000117922,6.79303e-05,-7.60251e-05,1.05355e-05,-0.00214489,-0.000236264,0.0467635,
0.00335216,-0.000736438,-0.000409651,0.000650636,-0.00114046,0.0014042,-0.000117914,-0.000736438,0.00147069,-0.000575439,0.000937523,0.000343117,-3.90871e-05,6.79375e-05,-0.000409651,-0.000575439,0.00190644,-0.000513627,0.000228933,0.00182775,-7.60185e-05,0.000650636,0.000937523,-0.000513627,0.00272245,0.00165854,0.00153553,1.05196e-05,-0.00114046,0.000343117,0.000228933,0.00165854,0.0338575,0.000511054,-0.00214501,0.0014042,-3.90871e-05,0.00182775,0.00153553,0.000511054,0.0279424,-0.000236291,-0.000117914,6.79375e-05,-7.60185e-05,1.05196e-05,-0.00214501,-0.000236291,0.0467635,
0.00335203,-0.000736482,-0.000409633,0.000650708,-0.00114056,0.00140419,-0.00011791,-0.000736482,0.00147076,-0.000575497,0.00093745,0.00034318,-3.90581e-05,6.79422e-05,-0.000409633,-0.000575497,0.00190645,-0.00051366,0.000228746,0.00182755,-7.60161e-05,0.000650708,0.00093745,-0.00051366,0.00272243,0.00165875,0.00153557,1.05145e-05,-0.00114056,0.00034318,0.000228746,0.00165875,0.0338569,0.000510834,-0.00214511,0.00140419,-3.90581e-05,0.00182755,0.00153557,0.000510834,0.0279419,-0.000236327,-0.00011791,6.79422e-05,-7.60161e-05,1.05145e-05,-0.00214511,-0.000236327,0.0467634,
0.00335192,-0.000736515,-0.000409604,0.000650768,-0.00114064,0.00140418,-0.00011791,-0.000736515,0.00147082,-0.000575546,0.000937393,0.000343229,-3.90338e-05,6.79449e-05,-0.000409604,-0.000575546,0.00190646,-0.000513684,0.0002286,0.0018274,-7.60167e-05,0.000650768,0.000937393,-0.000513684,0.00272241,0.00165892,0.0015356,1.05174e-05,-0.00114064,0.000343229,0.0002286,0.00165892,0.0338565,0.000510652,-0.00214518,0.00140418,-3.90338e-05,0.0018274,0.0015356,0.000510652,0.0279415,-0.000236368,-0.00011791,6.79449e-05,-7.60167e-05,1.05174e-05,-0.00214518,-0.000236368,0.0467634,
0.00335183,-0.00073654,-0.000409569,0.000650818,-0.00114071,0.00140417,-0.000117912,-0.00073654,0.00147086,-0.000575588,0.000937349,0.000343269,-3.90132e-05,6.79463e-05,-0.000409569,-0.000575588,0.00190647,-0.000513702,0.000228485,0.00182729,-7.60195e-05,0.000650818,0.000937349,-0.000513702,0.0027224,0.00165904,0.00153562,1.05264e-05,-0.00114071,0.000343269,0.000228485,0.00165904,0.0338561,0.0005105,-0.00214524,0.00140417,-3.90132e-05,0.00182729,0.00153562,0.0005105,0.0279412,-0.000236413,-0.000117912,6.79463e-05,-7.60195e-05,1.05264e-05,-0.00214524,-0.000236413,0.0467634,
0.00335175,-0.000736559,-0.00040953,0.000650861,-0.00114077,0.00140415,-0.000117916,-0.000736559,0.00147089,-0.000575623,0.000937313,0.0003433,-3.89958e-05,6.79466e-05,-0.00040953,-0.000575623,0.00190647,-0.000513715,0.000228393,0.00182721,-7.60239e-05,0.000650861,0.000937313,-0.000513715,0.0027224,0.00165914,0.00153564,1.05399e-05,-0.00114077,0.0003433,0.000228393,0.00165914,0.0338559,0.00051037,-0.00214529,0.00140415,-3.89958e-05,0.00182721,0.00153564,0.00051037,0.027941,-0.000236461,-0.000117916,6.79466e-05,-7.60239e-05,1.05399e-05,-0.00214529,-0.000236461,0.0467633,
0.00335169,-0.000736574,-0.000409491,0.000650898,-0.00114082,0.00140414,-0.000117921,-0.000736574,0.00147092,-0.000575654,0.000937285,0.000343326,-3.89809e-05,6.79461e-05,-0.000409491,-0.000575654,0.00190648,-0.000513724,0.000228319,0.00182716,-7.60295e-05,0.000650898,0.000937285,-0.000513724,0.0027224,0.00165922,0.00153565,1.05568e-05,-0.00114082,0.000343326,0.000228319,0.00165922,0.0338557,0.000510257,-0.00214533,0.00140414,-3.89809e-05,0.00182716,0.00153565,0.000510257,0.0279407,-0.000236512,-0.000117921,6.79461e-05,-7.60295e-05,1.05568e-05,-0.00214533,-0.000236512,0.0467633,
0.00335164,-0.000736585,-0.000409451,0.00065093,-0.00114086,0.00140413,-0.000117927,-0.000736585,0.00147094,-0.00057568,0.000937263,0.000343347,-3.8968e-05,6.79451e-05,-0.000409451,-0.00057568,0.00190648,-0.000513731,0.000228259,0.00182712,-7.60358e-05,0.00065093,0.000937263,-0.000513731,0.0027224,0.00165929,0.00153566,1.05762e-05,-0.00114086,0.000343347,0.000228259,0.00165929,0.0338556,0.000510157,-0.00214537,0.00140413,-3.8968e-05,0.00182712,0.00153566,0.000510157,0.0279405,-0.000236564,-0.000117927,6.79451e-05,-7.60358e-05,1.05762e-05,-0.00214537,-0.000236564,0.0467633,
0.0033516,-0.000736593,-0.000409412,0.000650958,-0.0011409,0.00140412,-0.000117935,-0.000736593,0.00147096,-0.000575703,0.000937244,0.000343364,-3.89566e-05,6.79435e-05,-0.000409412,-0.000575703,0.00190648,-0.000513735,0.000228208,0.0018271,-7.60428e-05,0.000650958,0.000937244,-0.000513735,0.0027224,0.00165934,0.00153567,1.05976e-05,-0.0011409,0.000343364,0.000228208,0.00165934,0.0338554,0.000510068,-0.0021454,0.00140412,-3.89566e-05,0.0018271,0.00153567,0.000510068,0.0279403,-0.000236617,-0.000117935,6.79435e-05,-7.60428e-05,1.05976e-05,-0.0021454,-0.000236617,0.0467632,
0.00335156,-0.0007366,-0.000409374,0.000650983,-0.00114093,0.00140411,-0.000117942,-0.0007366,0.00147097,-0.000575723,0.000937229,0.000343378,-3.89465e-05,6.79416e-05,-0.000409374,-0.000575723,0.00190648,-0.000513738,0.000228166,0.00182708,-7.60501e-05,0.000650983,0.000937229,-0.000513738,0.0027224,0.00165938,0.00153567,1.06204e-05,-0.00114093,0.000343378,0.000228166,0.00165938,0.0338554,0.000509987,-0.00214542,0.00140411,-3.89465e-05,0.00182708,0.00153567,0.000509987,0.0279402,-0.000236671,-0.000117942,6.79416e-05,-7.60501e-05,1.06204e-05,-0.00214542,-0.000236671,0.0467632,
0.00335152,-0.000736604,-0.000409339,0.000651005,-0.00114096,0.0014041,-0.00011795,-0.000736604,0.00147098,-0.000575741,0.000937217,0.000343389,-3.89375e-05,6.79394e-05,-0.000409339,-0.000575741,0.00190648,-0.00051374,0.00022813,0.00182707,-7.60577e-05,0.000651005,0.000937217,-0.00051374,0.00272241,0.00165942,0.00153568,1.06443e-05,-0.00114096,0.000343389,0.00022813,0.00165942,0.0338553,0.000509912,-0.00214545,0.0014041,-3.89375e-05,0.00182707,0.00153568,0.000509912,0.02794,-0.000236726,-0.00011795,6.79394e-05,-7.60577e-05,1.06443e-05,-0.00214545,-0.000236726,0.0467632,
0.00335149,-0.000736608,-0.000409305,0.000651024,-0.00114099,0.00140409,-0.000117959,-0.000736608,0.00147099,-0.000575756,0.000937206,0.000343399,-3.89292e-05,6.79371e-05,-0.000409305,-0.000575756,0.00190648,-0.000513742,0.000228099,0.00182706,-7.60654e-05,0.000651024,0.000937206,-0.000513742,0.00272241,0.00165945,0.00153568,1.0669e-05,-0.00114099,0.000343399,0.000228099,0.00165945,0.0338552,0.000509843,-0.00214547,0.00140409,-3.89292e-05,0.00182706,0.00153568,0.000509843,0.0279399,-0.000236781,-0.000117959,6.79371e-05,-7.60654e-05,1.0669e-05,-0.00214547,-0.000236781,0.0467631,
0.00335147,-0.000736611,-0.000409274,0.000651042,-0.00114101,0.00140408,-0.000117967,-0.000736611,0.00147099,-0.00057577,0.000937197,0.000343407,-3.89216e-05,6.79345e-05,-0.000409274,-0.00057577,0.00190648,-0.000513742,0.000228072,0.00182706,-7.60731e-05,0.000651042,0.000937197,-0.000513742,0.00272241,0.00165948,0.00153569,1.06942e-05,-0.00114101,0.000343407,0.000228072,0.00165948,0.0338552,0.000509777,-0.00214549,0.00140408,-3.89216e-05,0.00182706,0.00153569,0.000509777,0.0279397,-0.000236837,-0.000117967,6.79345e-05,-7.60731e-05,1.06942e-05,-0.00214549,-0.000236837,0.0467631,
0.00335144,-0.000736614,-0.000409246,0.000651057,-0.00114103,0.00140407,-0.000117976,-0.000736614,0.001471,-0.000575783,0.000937189,0.000343414,-3.89145e-05,6.79318e-05,-0.000409246,-0.000575783,0.00190648,-0.000513742,0.000228047,0.00182706,-7.60809e-05,0.000651057,0.000937189,-0.000513742,0.00272242,0.00165951,0.00153569,1.07199e-05,-0.00114103,0.000343414,0.000228047,0.00165951,0.0338552,0.000509714,-0.00214551,0.00140407,-3.89145e-05,0.00182706,0.00153569,0.000509714,0.0279396,-0.000236892,-0.000117976,6.79318e-05,-7.60809e-05,1.07199e-05,-0.00214551,-0.000236892,0.0467631,
0.00335142,-0.000736616,-0.000409219,0.000651071,-0.00114106,0.00140406,-0.000117985,-0.000736616,0.00147101,-0.000575794,0.000937182,0.00034342,-3.89079e-05,6.79291e-05,-0.000409219,-0.000575794,0.00190648,-0.000513742,0.000228026,0.00182706,-7.60887e-05,0.000651071,0.000937182,-0.000513742,0.00272242,0.00165953,0.0015357,1.0746e-05,-0.00114106,0.00034342,0.000228026,0.00165953,0.0338551,0.000509653,-0.00214553,0.00140406,-3.89079e-05,0.00182706,0.0015357,0.000509653,0.0279395,-0.000236948,-0.000117985,6.79291e-05,-7.60887e-05,1.0746e-05,-0.00214553,-0.000236948,0.046763,
0.0033514,-0.000736617,-0.000409194,0.000651084,-0.00114107,0.00140406,-0.000117994,-0.000736617,0.00147101,-0.000575804,0.000937176,0.000343424,-3.89016e-05,6.79262e-05,-0.000409194,-0.000575804,0.00190648,-0.000513742,0.000228006,0.00182706,-7.60965e-05,0.000651084,0.000937176,-0.000513742,0.00272243,0.00165955,0.0015357,1.07722e-05,-0.00114107,0.000343424,0.000228006,0.00165955,0.0338551,0.000509595,-0.00214554,0.00140406,-3.89016e-05,0.00182706,0.0015357,0.000509595,0.0279394,-0.000237003,-0.000117994,6.79262e-05,-7.60965e-05,1.07722e-05,-0.00214554,-0.000237003,0.046763,
0.00335139,-0.000736618,-0.000409172,0.000651096,-0.00114109,0.00140405,-0.000118003,-0.000736618,0.00147101,-0.000575813,0.000937171,0.000343428,-3.88957e-05,6.79233e-05,-0.000409172,-0.000575813,0.00190648,-0.000513742,0.000227988,0.00182706,-7.61042e-05,0.000651096,0.000937171,-0.000513742,0.00272243,0.00165958,0.0015357,1.07987e-05,-0.00114109,0.000343428,0.000227988,0.00165958,0.0338551,0.000509538,-0.00214556,0.00140405,-3.88957e-05,0.00182706,0.0015357,0.000509538,0.0279393,-0.000237059,-0.000118003,6.79233e-05,-7.61042e-05,1.07987e-05,-0.00214556,-0.000237059,0.0467629,
0.00335137,-0.000736619,-0.000409151,0.000651106,-0.00114111,0.00140405,-0.000118012,-0.000736619,0.00147102,-0.000575821,0.000937166,0.000343432,-3.889e-05,6.79204e-05,-0.000409151,-0.000575821,0.00190648,-0.000513741,0.000227971,0.00182706,-7.61119e-05,0.000651106,0.000937166,-0.000513741,0.00272244,0.0016596,0.00153571,1.08252e-05,-0.00114111,0.000343432,0.000227971,0.0016596,0.0338551,0.000509483,-0.00214558,0.00140405,-3.889e-05,0.00182706,0.00153571,0.000509483,0.0279392,-0.000237114,-0.000118012,6.79204e-05,-7.61119e-05,1.08252e-05,-0.00214558,-0.000237114,0.0467629,
0.00335136,-0.00073662,-0.000409132,0.000651116,-0.00114112,0.00140404,-0.000118021,-0.00073662,0.00147102,-0.000575828,0.000937162,0.000343435,-3.88846e-05,6.79174e-05,-0.000409132,-0.000575828,0.00190648,-0.00051374,0.000227955,0.00182706,-7.61195e-05,0.000651116,0.000937162,-0.00051374,0.00272244,0.00165962,0.00153571,1.08519e-05,-0.00114112,0.000343435,0.000227955,0.00165962,0.0338551,0.000509429,-0.00214559,0.00140404,-3.88846e-05,0.00182706,0.00153571,0.000509429,0.027939,-0.00023717,-0.000118021,6.79174e-05,-7.61195e-05,1.08519e-05,-0.00214559,-0.00023717,0.0467629,
0.00335135,-0.000736621,-0.000409114,0.000651125,-0.00114114,0.00140404,-0.00011803,-0.000736621,0.00147102,-0.000575835,0.000937158,0.000343437,-3.88793e-05,6.79144e-05,-0.000409114,-0.000575835,0.00190648,-0.00051374,0.000227941,0.00182706,-7.61271e-05,0.000651125,0.000937158,-0.00051374,0.00272244,0.00165964,0.00153572,1.08786e-05,-0.00114114,0.000343437,0.000227941,0.00165964,0.0338551,0.000509376,-0.00214561,0.00140404,-3.88793e-05,0.00182706,0.00153572,0.000509376,0.0279389,-0.000237225,-0.00011803,6.79144e-05,-7.61271e-05,1.08786e-05,-0.00214561,-0.000237225,0.0467628,
0.00335133,-0.000736622,-0.000409098,0.000651133,-0.00114115,0.00140404,-0.00011804,-0.000736622,0.00147103,-0.000575841,0.000937154,0.000343439,-3.88743e-05,6.79114e-05,-0.000409098,-0.000575841,0.00190647,-0.000513739,0.000227927,0.00182706,-7.61346e-05,0.000651133,0.000937154,-0.000513739,0.00272245,0.00165966,0.00153572,1.09054e-05,-0.00114115,0.000343439,0.000227927,0.00165966,0.0338551,0.000509323,-0.00214562,0.00140404,-3.88743e-05,0.00182706,0.00153572,0.000509323,0.0279388,-0.000237281,-0.00011804,6.79114e-05,-7.61346e-05,1.09054e-05,-0.00214562,-0.000237281,0.0467628,
0.00335132,-0.000736622,-0.000409084,0.000651141,-0.00114116,0.00140403,-0.000118049,-0.000736622,0.00147103,-0.000575846,0.000937151,0.00034344,-3.88693e-05,6.79083e-05,-0.000409084,-0.000575846,0.00190647,-0.000513738,0.000227913,0.00182706,-7.6142e-05,0.000651141,0.000937151,-0.000513738,0.00272245,0.00165968,0.00153572,1.09322e-05,-0.00114116,0.00034344,0.000227913,0.00165968,0.033855,0.000509272,-0.00214564,0.00140403,-3.88693e-05,0.00182706,0.00153572,0.000509272,0.0279387,-0.000237336,-0.000118049,6.79083e-05,-7.6142e-05,1.09322e-05,-0.00214564,-0.000237336,0.0467628,
0.00335131,-0.000736623,-0.00040907,0.000651148,-0.00114118,0.00140403,-0.000118058,-0.000736623,0.00147103,-0.000575851,0.000937147,0.000343442,-3.88645e-05,6.79052e-05,-0.00040907,-0.000575851,0.00190647,-0.000513738,0.000227901,0.00182705,-7.61494e-05,0.000651148,0.000937147,-0.000513738,0.00272245,0.0016597,0.00153573,1.0959e-05,-0.00114118,0.000343442,0.000227901,0.0016597,0.033855,0.00050922,-0.00214565,0.00140403,-3.88645e-05,0.00182705,0.00153573,0.00050922,0.0279386,-0.000237391,-0.000118058,6.79052e-05,-7.61494e-05,1.0959e-05,-0.00214565,-0.000237391,0.0467627,
0.0033513,-0.000736623,-0.000409058,0.000651154,-0.00114119,0.00140403,-0.000118067,-0.000736623,0.00147103,-0.000575856,0.000937144,0.000343443,-3.88598e-05,6.79021e-05,-0.000409058,-0.000575856,0.00190647,-0.000513737,0.000227888,0.00182705,-7.61568e-05,0.000651154,0.000937144,-0.000513737,0.00272246,0.00165972,0.00153573,1.09858e-05,-0.00114119,0.000343443,0.000227888,0.00165972,0.033855,0.00050917,-0.00214567,0.00140403,-3.88598e-05,0.00182705,0.00153573,0.00050917,0.0279385,-0.000237446,-0.000118067,6.79021e-05,-7.61568e-05,1.09858e-05,-0.00214567,-0.000237446,0.0467627,
0.00335129,-0.000736624,-0.000409046,0.00065116,-0.0011412,0.00140403,-0.000118076,-0.000736624,0.00147103,-0.00057586,0.000937142,0.000343443,-3.88552e-05,6.7899e-05,-0.000409046,-0.00057586,0.00190647,-0.000513736,0.000227876,0.00182705,-7.6164e-05,0.00065116,0.000937142,-0.000513736,0.00272246,0.00165974,0.00153573,1.10126e-05,-0.0011412,0.000343443,0.000227876,0.00165974,0.033855,0.00050912,-0.00214569,0.00140403,-3.88552e-05,0.00182705,0.00153573,0.00050912,0.0279384,-0.000237501,-0.000118076,6.7899e-05,-7.6164e-05,1.10126e-05,-0.00214569,-0.000237501,0.0467626,
0.00335128,-0.000736624,-0.000409036,0.000651166,-0.00114121,0.00140403,-0.000118085,-0.000736624,0.00147104,-0.000575864,0.000937139,0.000343444,-3.88507e-05,6.78959e-05,-0.000409036,-0.000575864,0.00190647,-0.000513736,0.000227865,0.00182705,-7.61713e-05,0.000651166,0.000937139,-0.000513736,0.00272246,0.00165975,0.00153574,1.10394e-05,-0.00114121,0.000343444,0.000227865,0.00165975,0.033855,0.00050907,-0.0021457,0.00140403,-3.88507e-05,0.00182705,0.00153574,0.00050907,0.0279383,-0.000237556,-0.000118085,6.78959e-05,-7.61713e-05,1.10394e-05,-0.0021457,-0.000237556,0.0467626,
0.00335128,-0.000736624,-0.000409026,0.000651171,-0.00114122,0.00140402,-0.000118095,-0.000736624,0.00147104,-0.000575868,0.000937136,0.000343444,-3.88463e-05,6.78928e-05,-0.000409026,-0.000575868,0.00190647,-0.000513735,0.000227854,0.00182705,-7.61785e-05,0.000651171,0.000937136,-0.000513735,0.00272246,0.00165977,0.00153574,1.10662e-05,-0.00114122,0.000343444,0.000227854,0.00165977,0.033855,0.00050902,-0.00214572,0.00140402,-3.88463e-05,0.00182705,0.00153574,0.00050902,0.0279382,-0.000237611,-0.000118095,6.78928e-05,-7.61785e-05,1.10662e-05,-0.00214572,-0.000237611,0.0467626,
0.00335127,-0.000736625,-0.000409017,0.000651176,-0.00114123,0.00140402,-0.000118104,-0.000736625,0.00147104,-0.000575871,0.000937134,0.000343444,-3.88419e-05,6.78897e-05,-0.000409017,-0.000575871,0.00190647,-0.000513734,0.000227843,0.00182705,-7.61856e-05,0.000651176,0.000937134,-0.000513734,0.00272247,0.00165979,0.00153574,1.10929e-05,-0.00114123,0.000343444,0.000227843,0.00165979,0.033855,0.000508971,-0.00214573,0.00140402,-3.88419e-05,0.00182705,0.00153574,0.000508971,0.0279381,-0.000237666,-0.000118104,6.78897e-05,-7.61856e-05,1.10929e-05,-0.00214573,-0.000237666,0.0467625,
0.00335126,-0.000736625,-0.000409009,0.000651181,-0.00114124,0.00140402,-0.000118113,-0.000736625,0.00147104,-0.000575874,0.000937132,0.000343444,-3.88376e-05,6.78866e-05,-0.000409009,-0.000575874,0.00190647,-0.000513734,0.000227832,0.00182704,-7.61928e-05,0.000651181,0.000937132,-0.000513734,0.00272247,0.00165981,0.00153575,1.11197e-05,-0.00114124,0.000343444,0.000227832,0.00165981,0.033855,0.000508922,-0.00214575,0.00140402,-3.88376e-05,0.00182704,0.00153575,0.000508922,0.027938,-0.000237721,-0.000118113,6.78866e-05,-7.61928e-05,1.11197e-05,-0.00214575,-0.000237721,0.0467625,
0.00335126,-0.000736625,-0.000409001,0.000651185,-0.00114125,0.00140402,-0.000118122,-0.000736625,0.00147104,-0.000575877,0.000937129,0.000343444,-3.88334e-05,6.78835e-05,-0.000409001,-0.000575877,0.00190646,-0.000513733,0.000227822,0.00182704,-7.61999e-05,0.000651185,0.000937129,-0.000513733,0.00272247,0.00165983,0.00153575,1.11464e-05,-0.00114125,0.000343444,0.000227822,0.00165983,0.033855,0.000508874,-0.00214576,0.00140402,-3.88334e-05,0.00182704,0.00153575,0.000508874,0.0279379,-0.000237776,-0.000118122,6.78835e-05,-7.61999e-05,1.11464e-05,-0.00214576,-0.000237776,0.0467624,
0.00335125,-0.000736626,-0.000408994,0.00065119,-0.00114126,0.00140402,-0.000118131,-0.000736626,0.00147104,-0.000575879,0.000937127,0.000343444,-3.88292e-05,6.78803e-05,-0.000408994,-0.000575879,0.00190646,-0.000513732,0.000227812,0.00182704,-7.62069e-05,0.00065119,0.000937127,-0.000513732,0.00272247,0.00165985,0.00153576,1.11732e-05,-0.00114126,0.000343444,0.000227812,0.00165985,0.033855,0.000508825,-0.00214578,0.00140402,-3.88292e-05,0.00182704,0.00153576,0.000508825,0.0279378,-0.00023783,-0.000118131,6.78803e-05,-7.62069e-05,1.11732e-05,-0.00214578,-0.00023783,0.0467624,
0.00335124,-0.000736626,-0.000408988,0.000651194,-0.00114127,0.00140402,-0.00011814,-0.000736626,0.00147105,-0.000575882,0.000937125,0.000343444,-3.8825e-05,6.78772e-05,-0.000408988,-0.000575882,0.00190646,-0.000513732,0.000227802,0.00182703,-7.6214e-05,0.000651194,0.000937125,-0.000513732,0.00272248,0.00165987,0.00153576,1.11999e-05,-0.00114127,0.000343444,0.000227802,0.00165987,0.033855,0.000508777,-0.00214579,0.00140402,-3.8825e-05,0.00182703,0.00153576,0.000508777,0.0279377,-0.000237885,-0.00011814,6.78772e-05,-7.6214e-05,1.11999e-05,-0.00214579,-0.000237885,0.0467624,
0.00335124,-0.000736626,-0.000408981,0.000651197,-0.00114128,0.00140402,-0.00011815,-0.000736626,0.00147105,-0.000575884,0.000937123,0.000343443,-3.88209e-05,6.78741e-05,-0.000408981,-0.000575884,0.00190646,-0.000513731,0.000227792,0.00182703,-7.6221e-05,0.000651197,0.000937123,-0.000513731,0.00272248,0.00165989,0.00153576,1.12266e-05,-0.00114128,0.000343443,0.000227792,0.00165989,0.0338549,0.000508729,-0.00214581,0.00140402,-3.88209e-05,0.00182703,0.00153576,0.000508729,0.0279376,-0.00023794,-0.00011815,6.78741e-05,-7.6221e-05,1.12266e-05,-0.00214581,-0.00023794,0.0467623,
0.00335123,-0.000736626,-0.000408976,0.000651201,-0.00114129,0.00140402,-0.000118159,-0.000736626,0.00147105,-0.000575886,0.000937121,0.000343443,-3.88168e-05,6.78709e-05,-0.000408976,-0.000575886,0.00190646,-0.000513731,0.000227782,0.00182703,-7.62279e-05,0.000651201,0.000937121,-0.000513731,0.00272248,0.00165991,0.00153577,1.12533e-05,-0.00114129,0.000343443,0.000227782,0.00165991,0.0338549,0.000508681,-0.00214582,0.00140402,-3.88168e-05,0.00182703,0.00153577,0.000508681,0.0279375,-0.000237994,-0.000118159,6.78709e-05,-7.62279e-05,1.12533e-05,-0.00214582,-0.000237994,0.0467623,
0.00335123,-0.000736627,-0.00040897,0.000651205,-0.0011413,0.00140402,-0.000118168,-0.000736627,0.00147105,-0.000575888,0.000937119,0.000343442,-3.88128e-05,6.78678e-05,-0.00040897,-0.000575888,0.00190646,-0.00051373,0.000227772,0.00182702,-7.62349e-05,0.000651205,0.000937119,-0.00051373,0.00272248,0.00165993,0.00153577,1.128e-05,-0.0011413,0.000343442,0.000227772,0.00165993,0.0338549,0.000508634,-0.00214584,0.00140402,-3.88128e-05,0.00182702,0.00153577,0.000508634,0.0279374,-0.000238048,-0.000118168,6.78678e-05,-7.62349e-05,1.128e-05,-0.00214584,-0.000238048,0.0467623,
0.00335122,-0.000736627,-0.000408965,0.000651208,-0.0011413,0.00140402,-0.000118177,-0.000736627,0.00147105,-0.00057589,0.000937117,0.000343441,-3.88088e-05,6.78647e-05,-0.000408965,-0.00057589,0.00190646,-0.000513729,0.000227763,0.00182702,-7.62419e-05,0.000651208,0.000937117,-0.000513729,0.00272248,0.00165995,0.00153577,1.13066e-05,-0.0011413,0.000343441,0.000227763,0.00165995,0.0338549,0.000508586,-0.00214585,0.00140402,-3.88088e-05,0.00182702,0.00153577,0.000508586,0.0279373,-0.000238103,-0.000118177,6.78647e-05,-7.62419e-05,1.13066e-05,-0.00214585,-0.000238103,0.0467622,
0.00335121,-0.000736627,-0.00040896,0.000651211,-0.00114131,0.00140402,-0.000118186,-0.000736627,0.00147105,-0.000575892,0.000937115,0.000343441,-3.88048e-05,6.78615e-05,-0.00040896,-0.000575892,0.00190646,-0.000513729,0.000227753,0.00182702,-7.62488e-05,0.000651211,0.000937115,-0.000513729,0.00272249,0.00165997,0.00153578,1.13333e-05,-0.00114131,0.000343441,0.000227753,0.00165997,0.0338549,0.000508538,-0.00214586,0.00140402,-3.88048e-05,0.00182702,0.00153578,0.000508538,0.0279372,-0.000238157,-0.000118186,6.78615e-05,-7.62488e-05,1.13333e-05,-0.00214586,-0.000238157,0.0467622,
0.00335121,-0.000736627,-0.000408956,0.000651215,-0.00114132,0.00140402,-0.000118195,-0.000736627,0.00147105,-0.000575893,0.000937113,0.00034344,-3.88008e-05,6.78584e-05,-0.000408956,-0.000575893,0.00190646,-0.000513728,0.000227744,0.00182701,-7.62557e-05,0.000651215,0.000937113,-0.000513728,0.00272249,0.00165999,0.00153578,1.13599e-05,-0.00114132,0.00034344,0.000227744,0.00165999,0.0338549,0.000508491,-0.00214588,0.00140402,-3.88008e-05,0.00182701,0.00153578,0.000508491,0.0279371,-0.000238212,-0.000118195,6.78584e-05,-7.62557e-05,1.13599e-05,-0.00214588,-0.000238212,0.0467621,
0.0033512,-0.000736628,-0.000408951,0.000651218,-0.00114133,0.00140402,-0.000118204,-0.000736628,0.00147106,-0.000575895,0.000937112,0.000343439,-3.87968e-05,6.78553e-05,-0.000408951,-0.000575895,0.00190645,-0.000513728,0.000227735,0.00182701,-7.62626e-05,0.000651218,0.000937112,-0.000513728,0.00272249,0.00166001,0.00153579,1.13865e-05,-0.00114133,0.000343439,0.000227735,0.00166001,0.0338549,0.000508444,-0.00214589,0.00140402,-3.87968e-05,0.00182701,0.00153579,0.000508444,0.027937,-0.000238266,-0.000118204,6.78553e-05,-7.62626e-05,1.13865e-05,-0.00214589,-0.000238266,0.0467621,
0.0033512,-0.000736628,-0.000408947,0.000651221,-0.00114134,0.00140402,-0.000118213,-0.000736628,0.00147106,-0.000575897,0.00093711,0.000343438,-3.87929e-05,6.78521e-05,-0.000408947,-0.000575897,0.00190645,-0.000513727,0.000227725,0.001827,-7.62695e-05,0.000651221,0.00093711,-0.000513727,0.00272249,0.00166003,0.00153579,1.14131e-05,-0.00114134,0.000343438,0.000227725,0.00166003,0.0338549,0.000508396,-0.00214591,0.00140402,-3.87929e-05,0.001827,0.00153579,0.000508396,0.0279369,-0.00023832,-0.000118213,6.78521e-05,-7.62695e-05,1.14131e-05,-0.00214591,-0.00023832,0.0467621,
0.00335119,-0.000736628,-0.000408943,0.000651224,-0.00114135,0.00140402,-0.000118222,-0.000736628,0.00147106,-0.000575898,0.000937108,0.000343437,-3.87889e-05,6.7849e-05,-0.000408943,-0.000575898,0.00190645,-0.000513727,0.000227716,0.001827,-7.62764e-05,0.000651224,0.000937108,-0.000513727,0.00272249,0.00166005,0.00153579,1.14397e-05,-0.00114135,0.000343437,0.000227716,0.00166005,0.0338549,0.000508349,-0.00214592,0.00140402,-3.87889e-05,0.001827,0.00153579,0.000508349,0.0279368,-0.000238374,-0.000118222,6.7849e-05,-7.62764e-05,1.14397e-05,-0.00214592,-0.000238374,0.046762,
0.00335119,-0.000736628,-0.00040894,0.000651227,-0.00114135,0.00140403,-0.000118232,-0.000736628,0.00147106,-0.000575899,0.000937106,0.000343436,-3.8785e-05,6.78459e-05,-0.00040894,-0.000575899,0.00190645,-0.000513726,0.000227707,0.00182699,-7.62832e-05,0.000651227,0.000937106,-0.000513726,0.0027225,0.00166007,0.0015358,1.14663e-05,-0.00114135,0.000343436,0.000227707,0.00166007,0.0338549,0.000508302,-0.00214594,0.00140403,-3.8785e-05,0.00182699,0.0015358,0.000508302,0.0279367,-0.000238429,-0.000118232,6.78459e-05,-7.62832e-05,1.14663e-05,-0.00214594,-0.000238429,0.046762,
0.00335119,-0.000736629,-0.000408936,0.000651229,-0.00114136,0.00140403,-0.000118241,-0.000736629,0.00147106,-0.000575901,0.000937105,0.000343435,-3.87811e-05,6.78427e-05,-0.000408936,-0.000575901,0.00190645,-0.000513726,0.000227698,0.00182699,-7.62901e-05,0.000651229,0.000937105,-0.000513726,0.0027225,0.00166009,0.0015358,1.14929e-05,-0.00114136,0.000343435,0.000227698,0.00166009,0.0338549,0.000508255,-0.00214595,0.00140403,-3.87811e-05,0.00182699,0.0015358,0.000508255,0.0279366,-0.000238483,-0.000118241,6.78427e-05,-7.62901e-05,1.14929e-05,-0.00214595,-0.000238483,0.0467619,
0.00335118,-0.000736629,-0.000408933,0.000651232,-0.00114137,0.00140403,-0.00011825,-0.000736629,0.00147106,-0.000575902,0.000937103,0.000343434,-3.87772e-05,6.78396e-05,-0.000408933,-0.000575902,0.00190645,-0.000513725,0.000227689,0.00182698,-7.62969e-05,0.000651232,0.000937103,-0.000513725,0.0027225,0.00166011,0.0015358,1.15194e-05,-0.00114137,0.000343434,0.000227689,0.00166011,0.0338548,0.000508208,-0.00214597,0.00140403,-3.87772e-05,0.00182698,0.0015358,0.000508208,0.0279365,-0.000238537,-0.00011825,6.78396e-05,-7.62969e-05,1.15194e-05,-0.00214597,-0.000238537,0.0467619,
0.00335118,-0.000736629,-0.000408929,0.000651235,-0.00114138,0.00140403,-0.000118259,-0.000736629,0.00147106,-0.000575903,0.000937101,0.000343433,-3.87734e-05,6.78365e-05,-0.000408929,-0.000575903,0.00190645,-0.000513724,0.00022768,0.00182698,-7.63037e-05,0.000651235,0.000937101,-0.000513724,0.0027225,0.00166013,0.00153581,1.1546e-05,-0.00114138,0.000343433,0.00022768,0.00166013,0.0338548,0.000508161,-0.00214598,0.00140403,-3.87734e-05,0.00182698,0.00153581,0.000508161,0.0279364,-0.000238591,-0.000118259,6.78365e-05,-7.63037e-05,1.1546e-05,-0.00214598,-0.000238591,0.0467619,
0.00335117,-0.000736629,-0.000408926,0.000651237,-0.00114138,0.00140403,-0.000118268,-0.000736629,0.00147107,-0.000575905,0.0009371,0.000343432,-3.87695e-05,6.78333e-05,-0.000408926,-0.000575905,0.00190645,-0.000513724,0.000227671,0.00182697,-7.63106e-05,0.000651237,0.0009371,-0.000513724,0.0027225,0.00166015,0.00153581,1.15725e-05,-0.00114138,0.000343432,0.000227671,0.00166015,0.0338548,0.000508114,-0.002146,0.00140403,-3.87695e-05,0.00182697,0.00153581,0.000508114,0.0279363,-0.000238645,-0.000118268,6.78333e-05,-7.63106e-05,1.15725e-05,-0.002146,-0.000238645,0.0467618,
0.00335117,-0.00073663,-0.000408923,0.00065124,-0.00114139,0.00140403,-0.000118277,-0.00073663,0.00147107,-0.000575906,0.000937098,0.000343431,-3.87656e-05,6.78302e-05,-0.000408923,-0.000575906,0.00190644,-0.000513723,0.000227662,0.00182697,-7.63174e-05,0.00065124,0.000937098,-0.000513723,0.00272251,0.00166017,0.00153582,1.1599e-05,-0.00114139,0.000343431,0.000227662,0.00166017,0.0338548,0.000508067,-0.00214602,0.00140403,-3.87656e-05,0.00182697,0.00153582,0.000508067,0.0279362,-0.000238699,-0.000118277,6.78302e-05,-7.63174e-05,1.1599e-05,-0.00214602,-0.000238699,0.0467618,
0.00335116,-0.00073663,-0.00040892,0.000651243,-0.0011414,0.00140403,-0.000118286,-0.00073663,0.00147107,-0.000575907,0.000937096,0.00034343,-3.87618e-05,6.78271e-05,-0.00040892,-0.000575907,0.00190644,-0.000513723,0.000227653,0.00182696,-7.63242e-05,0.000651243,0.000937096,-0.000513723,0.00272251,0.00166019,0.00153582,1.16256e-05,-0.0011414,0.00034343,0.000227653,0.00166019,0.0338548,0.000508021,-0.00214603,0.00140403,-3.87618e-05,0.00182696,0.00153582,0.000508021,0.0279361,-0.000238753,-0.000118286,6.78271e-05,-7.63242e-05,1.16256e-05,-0.00214603,-0.000238753,0.0467618,
0.00335116,-0.00073663,-0.000408917,0.000651245,-0.00114141,0.00140403,-0.000118295,-0.00073663,0.00147107,-0.000575908,0.000937095,0.000343429,-3.87579e-05,6.78239e-05,-0.000408917,-0.000575908,0.00190644,-0.000513722,0.000227644,0.00182696,-7.6331e-05,0.000651245,0.000937095,-0.000513722,0.00272251,0.0016602,0.00153582,1.16521e-05,-0.00114141,0.000343429,0.000227644,0.0016602,0.0338548,0.000507974,-0.00214605,0.00140403,-3.87579e-05,0.00182696,0.00153582,0.000507974,0.027936,-0.000238807,-0.000118295,6.78239e-05,-7.6331e-05,1.16521e-05,-0.00214605,-0.000238807,0.0467617,
0.00335115,-0.00073663,-0.000408914,0.000651248,-0.00114142,0.00140403,-0.000118304,-0.00073663,0.00147107,-0.000575909,0.000937093,0.000343428,-3.87541e-05,6.78208e-05,-0.000408914,-0.000575909,0.00190644,-0.000513722,0.000227635,0.00182695,-7.63378e-05,0.000651248,0.000937093,-0.000513722,0.00272251,0.00166022,0.00153583,1.16786e-05,-0.00114142,0.000343428,0.000227635,0.00166022,0.0338548,0.000507927,-0.00214606,0.00140403,-3.87541e-05,0.00182695,0.00153583,0.000507927,0.0279359,-0.000238861,-0.000118304,6.78208e-05,-7.63378e-05,1.16786e-05,-0.00214606,-0.000238861,0.0467617,
0.00335115,-0.00073663,-0.000408911,0.00065125,-0.00114142,0.00140403,-0.000118313,-0.00073663,0.00147107,-0.00057591,0.000937091,0.000343427,-3.87502e-05,6.78177e-05,-0.000408911,-0.00057591,0.00190644,-0.000513721,0.000227626,0.00182695,-7.63446e-05,0.00065125,0.000937091,-0.000513721,0.00272251,0.00166024,0.00153583,1.17051e-05,-0.00114142,0.000343427,0.000227626,0.00166024,0.0338548,0.00050788,-0.00214608,0.00140403,-3.87502e-05,0.00182695,0.00153583,0.00050788,0.0279358,-0.000238915,-0.000118313,6.78177e-05,-7.63446e-05,1.17051e-05,-0.00214608,-0.000238915,0.0467616,
0.00335115,-0.000736631,-0.000408908,0.000651253,-0.00114143,0.00140403,-0.000118322,-0.000736631,0.00147107,-0.000575911,0.00093709,0.000343425,-3.87464e-05,6.78146e-05,-0.000408908,-0.000575911,0.00190644,-0.000513721,0.000227617,0.00182694,-7.63514e-05,0.000651253,0.00093709,-0.000513721,0.00272251,0.00166026,0.00153583,1.17315e-05,-0.00114143,0.000343425,0.000227617,0.00166026,0.0338548,0.000507833,-0.00214609,0.00140403,-3.87464e-05,0.00182694,0.00153583,0.000507833,0.0279357,-0.000238969,-0.000118322,6.78146e-05,-7.63514e-05,1.17315e-05,-0.00214609,-0.000238969,0.0467616,
0.00335114,-0.000736631,-0.000408905,0.000651255,-0.00114144,0.00140403,-0.000118331,-0.000736631,0.00147107,-0.000575912,0.000937088,0.000343424,-3.87425e-05,6.78115e-05,-0.000408905,-0.000575912,0.00190644,-0.00051372,0.000227608,0.00182694,-7.63582e-05,0.000651255,0.000937088,-0.00051372,0.00272252,0.00166028,0.00153584,1.1758e-05,-0.00114144,0.000343424,0.000227608,0.00166028,0.0338548,0.000507787,-0.00214611,0.00140403,-3.87425e-05,0.00182694,0.00153584,0.000507787,0.0279356,-0.000239023,-0.000118331,6.78115e-05,-7.63582e-05,1.1758e-05,-0.00214611,-0.000239023,0.0467616,
0.00335114,-0.000736631,-0.000408903,0.000651258,-0.00114145,0.00140404,-0.00011834,-0.000736631,0.00147108,-0.000575913,0.000937087,0.000343423,-3.87387e-05,6.78083e-05,-0.000408903,-0.000575913,0.00190644,-0.00051372,0.000227599,0.00182693,-7.6365e-05,0.000651258,0.000937087,-0.00051372,0.00272252,0.0016603,0.00153584,1.17845e-05,-0.00114145,0.000343423,0.000227599,0.0016603,0.0338548,0.00050774,-0.00214612,0.00140404,-3.87387e-05,0.00182693,0.00153584,0.00050774,0.0279355,-0.000239077,-0.00011834,6.78083e-05,-7.6365e-05,1.17845e-05,-0.00214612,-0.000239077,0.0467615,
0.00335113,-0.000736631,-0.0004089,0.00065126,-0.00114145,0.00140404,-0.00011835,-0.000736631,0.00147108,-0.000575914,0.000937085,0.000343422,-3.87348e-05,6.78052e-05,-0.0004089,-0.000575914,0.00190643,-0.000513719,0.00022759,0.00182693,-7.63718e-05,0.00065126,0.000937085,-0.000513719,0.00272252,0.00166032,0.00153585,1.1811e-05,-0.00114145,0.000343422,0.00022759,0.00166032,0.0338547,0.000507693,-0.00214614,0.00140404,-3.87348e-05,0.00182693,0.00153585,0.000507693,0.0279354,-0.000239131,-0.00011835,6.78052e-05,-7.63718e-05,1.1811e-05,-0.00214614,-0.000239131,0.0467615,
0.00335113,-0.000736632,-0.000408897,0.000651263,-0.00114146,0.00140404,-0.000118359,-0.000736632,0.00147108,-0.000575915,0.000937083,0.000343421,-3.8731e-05,6.78021e-05,-0.000408897,-0.000575915,0.00190643,-0.000513719,0.000227581,0.00182692,-7.63786e-05,0.000651263,0.000937083,-0.000513719,0.00272252,0.00166034,0.00153585,1.18374e-05,-0.00114146,0.000343421,0.000227581,0.00166034,0.0338547,0.000507647,-0.00214615,0.00140404,-3.8731e-05,0.00182692,0.00153585,0.000507647,0.0279353,-0.000239185,-0.000118359,6.78021e-05,-7.63786e-05,1.18374e-05,-0.00214615,-0.000239185,0.0467614,
0.00335113,-0.000736632,-0.000408895,0.000651265,-0.00114147,0.00140404,-0.000118368,-0.000736632,0.00147108,-0.000575916,0.000937082,0.000343419,-3.87272e-05,6.7799e-05,-0.000408895,-0.000575916,0.00190643,-0.000513718,0.000227572,0.00182692,-7.63854e-05,0.000651265,0.000937082,-0.000513718,0.00272252,0.00166036,0.00153585,1.18639e-05,-0.00114147,0.000343419,0.000227572,0.00166036,0.0338547,0.0005076,-0.00214617,0.00140404,-3.87272e-05,0.00182692,0.00153585,0.0005076,0.0279352,-0.000239239,-0.000118368,6.7799e-05,-7.63854e-05,1.18639e-05,-0.00214617,-0.000239239,0.0467614,
0.00335112,-0.000736632,-0.000408892,0.000651267,-0.00114148,0.00140404,-0.000118377,-0.000736632,0.00147108,-0.000575917,0.00093708,0.000343418,-3.87233e-05,6.77959e-05,-0.000408892,-0.000575917,0.00190643,-0.000513718,0.000227563,0.00182691,-7.63922e-05,0.000651267,0.00093708,-0.000513718,0.00272253,0.00166038,0.00153586,1.18903e-05,-0.00114148,0.000343418,0.000227563,0.00166038,0.0338547,0.000507553,-0.00214618,0.00140404,-3.87233e-05,0.00182691,0.00153586,0.000507553,0.0279351,-0.000239293,-0.000118377,6.77959e-05,-7.63922e-05,1.18903e-05,-0.00214618,-0.000239293,0.0467614,
0.00335112,-0.000736632,-0.00040889,0.00065127,-0.00114148,0.00140404,-0.000118386,-0.000736632,0.00147108,-0.000575918,0.000937079,0.000343417,-3.87195e-05,6.77928e-05,-0.00040889,-0.000575918,0.00190643,-0.000513717,0.000227554,0.00182691,-7.6399e-05,0.00065127,0.000937079,-0.000513717,0.00272253,0.0016604,0.00153586,1.19168e-05,-0.00114148,0.000343417,0.000227554,0.0016604,0.0338547,0.000507506,-0.0021462,0.00140404,-3.87195e-05,0.00182691,0.00153586,0.000507506,0.027935,-0.000239347,-0.000118386,6.77928e-05,-7.6399e-05,1.19168e-05,-0.0021462,-0.000239347,0.0467613,
0.00335111,-0.000736632,-0.000408887,0.000651272,-0.00114149,0.00140404,-0.000118395,-0.000736632,0.00147108,-0.000575919,0.000937077,0.000343416,-3.87157e-05,6.77897e-05,-0.000408887,-0.000575919,0.00190643,-0.000513717,0.000227545,0.0018269,-7.64057e-05,0.000651272,0.000937077,-0.000513717,0.00272253,0.00166042,0.00153586,1.19432e-05,-0.00114149,0.000343416,0.000227545,0.00166042,0.0338547,0.00050746,-0.00214621,0.00140404,-3.87157e-05,0.0018269,0.00153586,0.00050746,0.0279349,-0.000239401,-0.000118395,6.77897e-05,-7.64057e-05,1.19432e-05,-0.00214621,-0.000239401,0.0467613,
0.00335111,-0.000736633,-0.000408885,0.000651275,-0.0011415,0.00140404,-0.000118404,-0.000736633,0.00147108,-0.00057592,0.000937075,0.000343415,-3.87118e-05,6.77865e-05,-0.000408885,-0.00057592,0.00190643,-0.000513716,0.000227536,0.0018269,-7.64125e-05,0.000651275,0.000937075,-0.000513716,0.00272253,0.00166044,0.00153587,1.19696e-05,-0.0011415,0.000343415,0.000227536,0.00166044,0.0338547,0.000507413,-0.00214623,0.00140404,-3.87118e-05,0.0018269,0.00153587,0.000507413,0.0279348,-0.000239455,-0.000118404,6.77865e-05,-7.64125e-05,1.19696e-05,-0.00214623,-0.000239455,0.0467613,
0.00335111,-0.000736633,-0.000408882,0.000651277,-0.00114151,0.00140404,-0.000118413,-0.000736633,0.00147109,-0.000575921,0.000937074,0.000343413,-3.8708e-05,6.77834e-05,-0.000408882,-0.000575921,0.00190643,-0.000513716,0.000227527,0.00182689,-7.64193e-05,0.000651277,0.000937074,-0.000513716,0.00272253,0.00166046,0.00153587,1.1996e-05,-0.00114151,0.000343413,0.000227527,0.00166046,0.0338547,0.000507366,-0.00214624,0.00140404,-3.8708e-05,0.00182689,0.00153587,0.000507366,0.0279347,-0.000239508,-0.000118413,6.77834e-05,-7.64193e-05,1.1996e-05,-0.00214624,-0.000239508,0.0467612,
0.0033511,-0.000736633,-0.00040888,0.000651279,-0.00114152,0.00140404,-0.000118422,-0.000736633,0.00147109,-0.000575922,0.000937072,0.000343412,-3.87042e-05,6.77803e-05,-0.00040888,-0.000575922,0.00190643,-0.000513715,0.000227518,0.00182689,-7.64261e-05,0.000651279,0.000937072,-0.000513715,0.00272253,0.00166048,0.00153588,1.20225e-05,-0.00114152,0.000343412,0.000227518,0.00166048,0.0338547,0.00050732,-0.00214626,0.00140404,-3.87042e-05,0.00182689,0.00153588,0.00050732,0.0279346,-0.000239562,-0.000118422,6.77803e-05,-7.64261e-05,1.20225e-05,-0.00214626,-0.000239562,0.0467612,
0.0033511,-0.000736633,-0.000408877,0.000651282,-0.00114152,0.00140405,-0.000118431,-0.000736633,0.00147109,-0.000575923,0.000937071,0.000343411,-3.87003e-05,6.77772e-05,-0.000408877,-0.000575923,0.00190642,-0.000513715,0.000227509,0.00182688,-7.64328e-05,0.000651282,0.000937071,-0.000513715,0.00272254,0.0016605,0.00153588,1.20489e-05,-0.00114152,0.000343411,0.000227509,0.0016605,0.0338547,0.000507273,-0.00214627,0.00140405,-3.87003e-05,0.00182688,0.00153588,0.000507273,0.0279345,-0.000239616,-0.000118431,6.77772e-05,-7.64328e-05,1.20489e-05,-0.00214627,-0.000239616,0.0467611,
