0.00293061,-0.000854887,-0.00071165,0.000741364,-0.00136529,-0.00141033,3.81994e-05,-0.000854887,0.00190602,-0.000787264,0.000494659,0.000493004,3.18132e-05,-9.70232e-05,-0.00071165,-0.000787264,0.00231024,-0.00067681,-0.00144271,-9.33965e-05,2.31147e-05,0.000741364,0.000494659,-0.00067681,0.00242815,0.000844582,-0.000572194,3.76875e-06,-0.00136529,0.000493004,-0.00144271,0.000844582,0.0262055,0.00160301,0.00091288,-0.00141033,3.18132e-05,-9.33965e-05,-0.000572194,0.00160301,0.0256193,-0.000282267,3.81994e-05,-9.70232e-05,2.31147e-05,3.76875e-06,0.00091288,-0.000282267,0.046649,
0.00292989,-0.000854804,-0.00071166,0.000741517,-0.00136487,-0.00141049,3.81687e-05,-0.000854804,0.0019064,-0.000787361,0.000494276,0.000493144,3.22411e-05,-9.70266e-05,-0.00071166,-0.000787361,0.00231021,-0.00067668,-0.00144271,-9.31404e-05,2.31057e-05,0.000741517,0.000494276,-0.00067668,0.00242797,0.000844387,-0.000572056,3.82437e-06,-0.00136487,0.000493144,-0.00144271,0.000844387,0.0262056,0.00160277,0.000912916,-0.00141049,3.22411e-05,-9.31404e-05,-0.000572056,0.00160277,0.0256193,-0.000282573,3.81687e-05,-9.70266e-05,2.31057e-05,3.82437e-06,0.000912916,-0.000282573,0.0466489,
0.00292938,-0.000854748,-0.000711647,0.000741645,-0.00136458,-0.00141061,3.81429e-05,-0.000854748,0.00190666,-0.000787461,0.000493993,0.000493236,3.2561e-05,-9.70268e-05,-0.000711647,-0.000787461,0.00231022,-0.000676597,-0.00144272,-9.29795e-05,2.3107e-05,0.000741645,0.000493993,-0.000676597,0.00242786,0.000844268,-0.000571939,3.86944e-06,-0.00136458,0.000493236,-0.00144272,0.000844268,0.0262057,0.00160264,0.000912894,-0.00141061,3.2561e-05,-9.29795e-05,-0.000571939,0.00160264,0.0256193,-0.000282864,3.81429e-05,-9.70268e-05,2.3107e-05,3.86944e-06,0.000912894,-0.000282864,0.0466488,
0.002929,-0.000854706,-0.000711607,0.000741757,-0.00136438,-0.0014107,3.81209e-05,-0.000854706,0.00190685,-0.000787556,0.000493783,0.000493295,3.28008e-05,-9.70243e-05,-0.000711607,-0.000787556,0.00231024,-0.000676542,-0.00144273,-9.28842e-05,2.3114e-05,0.000741757,0.000493783,-0.000676542,0.00242779,0.000844206,-0.000571843,3.90698e-06,-0.00136438,0.000493295,-0.00144273,0.000844206,0.0262059,0.00160259,0.000912835,-0.0014107,3.28008e-05,-9.28842e-05,-0.000571843,0.00160259,0.0256194,-0.000283139,3.81209e-05,-9.70243e-05,2.3114e-05,3.90698e-06,0.000912835,-0.000283139,0.0466487,
0.00292872,-0.000854675,-0.000711548,0.000741855,-0.00136423,-0.00141077,3.81021e-05,-0.000854675,0.00190698,-0.000787642,0.000493626,0.000493331,3.29825e-05,-9.70202e-05,-0.000711548,-0.000787642,0.00231026,-0.000676505,-0.00144274,-9.28317e-05,2.3124e-05,0.000741855,0.000493626,-0.000676505,0.00242775,0.000844176,-0.000571767,3.9389e-06,-0.00136423,0.000493331,-0.00144274,0.000844176,0.026206,0.00160258,0.000912754,-0.00141077,3.29825e-05,-9.28317e-05,-0.000571767,0.00160258,0.0256194,-0.000283399,3.81021e-05,-9.70202e-05,2.3124e-05,3.9389e-06,0.000912754,-0.000283399,0.0466486,
0.0029285,-0.000854651,-0.000711477,0.000741941,-0.00136412,-0.00141084,3.80857e-05,-0.000854651,0.00190707,-0.000787719,0.000493505,0.000493351,3.31221e-05,-9.70152e-05,-0.000711477,-0.000787719,0.00231027,-0.00067648,-0.00144275,-9.28066e-05,2.31357e-05,0.000741941,0.000493505,-0.00067648,0.00242774,0.000844164,-0.00057171,3.96651e-06,-0.00136412,0.000493351,-0.00144275,0.000844164,0.0262062,0.00160261,0.000912658,-0.00141084,3.31221e-05,-9.28066e-05,-0.00057171,0.00160261,0.0256195,-0.000283644,3.80857e-05,-9.70152e-05,2.31357e-05,3.96651e-06,0.000912658,-0.000283644,0.0466486,
0.00292832,-0.000854631,-0.000711401,0.000742019,-0.00136404,-0.00141089,3.80714e-05,-0.000854631,0.00190713,-0.000787788,0.00049341,0.000493362,3.32311e-05,-9.701e-05,-0.000711401,-0.000787788,0.00231028,-0.000676461,-0.00144277,-9.27984e-05,2.31479e-05,0.000742019,0.00049341,-0.000676461,0.00242773,0.000844159,-0.000571667,3.99077e-06,-0.00136404,0.000493362,-0.00144277,0.000844159,0.0262063,0.00160265,0.000912555,-0.00141089,3.32311e-05,-9.27984e-05,-0.000571667,0.00160265,0.0256196,-0.000283874,3.80714e-05,-9.701e-05,2.31479e-05,3.99077e-06,0.000912555,-0.000283874,0.0466485,
0.00292817,-0.000854615,-0.000711324,0.000742088,-0.00136397,-0.00141093,3.80587e-05,-0.000854615,0.00190718,-0.000787849,0.000493335,0.000493368,3.33175e-05,-9.70046e-05,-0.000711324,-0.000787849,0.00231028,-0.000676448,-0.00144279,-9.28002e-05,2.31603e-05,0.000742088,0.000493335,-0.000676448,0.00242774,0.000844157,-0.000571636,4.01236e-06,-0.00136397,0.000493368,-0.00144279,0.000844157,0.0262065,0.0016027,0.000912448,-0.00141093,3.33175e-05,-9.28002e-05,-0.000571636,0.0016027,0.0256197,-0.000284091,3.80587e-05,-9.70046e-05,2.31603e-05,4.01236e-06,0.000912448,-0.000284091,0.0466484,
0.00292805,-0.000854601,-0.00071125,0.00074215,-0.00136392,-0.00141097,3.80474e-05,-0.000854601,0.00190722,-0.000787904,0.000493273,0.000493369,3.3387e-05,-9.69994e-05,-0.00071125,-0.000787904,0.00231029,-0.000676438,-0.00144281,-9.28079e-05,2.31723e-05,0.00074215,0.000493273,-0.000676438,0.00242775,0.000844155,-0.000571613,4.03182e-06,-0.00136392,0.000493369,-0.00144281,0.000844155,0.0262066,0.00160275,0.000912342,-0.00141097,3.3387e-05,-9.28079e-05,-0.000571613,0.00160275,0.0256197,-0.000284296,3.80474e-05,-9.69994e-05,2.31723e-05,4.03182e-06,0.000912342,-0.000284296,0.0466484,
0.00292795,-0.00085459,-0.00071118,0.000742205,-0.00136388,-0.001411,3.80371e-05,-0.00085459,0.00190724,-0.000787953,0.000493223,0.000493368,3.34439e-05,-9.69943e-05,-0.00071118,-0.000787953,0.00231029,-0.00067643,-0.00144283,-9.28185e-05,2.3184e-05,0.000742205,0.000493223,-0.00067643,0.00242776,0.000844154,-0.000571596,4.04952e-06,-0.00136388,0.000493368,-0.00144283,0.000844154,0.0262067,0.00160281,0.000912237,-0.001411,3.34439e-05,-9.28185e-05,-0.000571596,0.00160281,0.0256198,-0.00028449,3.80371e-05,-9.69943e-05,2.3184e-05,4.04952e-06,0.000912237,-0.00028449,0.0466483,
0.00292786,-0.00085458,-0.000711115,0.000742254,-0.00136384,-0.00141102,3.80278e-05,-0.00085458,0.00190727,-0.000787996,0.00049318,0.000493366,3.3491e-05,-9.69894e-05,-0.000711115,-0.000787996,0.00231029,-0.000676424,-0.00144285,-9.28303e-05,2.31951e-05,0.000742254,0.00049318,-0.000676424,0.00242777,0.000844152,-0.000571584,4.06575e-06,-0.00136384,0.000493366,-0.00144285,0.000844152,0.0262069,0.00160286,0.000912134,-0.00141102,3.3491e-05,-9.28303e-05,-0.000571584,0.00160286,0.0256199,-0.000284672,3.80278e-05,-9.69894e-05,2.31951e-05,4.06575e-06,0.000912134,-0.000284672,0.0466483,
0.00292779,-0.000854571,-0.000711055,0.000742298,-0.00136381,-0.00141104,3.80193e-05,-0.000854571,0.00190728,-0.000788034,0.000493144,0.000493362,3.35304e-05,-9.69848e-05,-0.000711055,-0.000788034,0.00231029,-0.000676419,-0.00144287,-9.28423e-05,2.32056e-05,0.000742298,0.000493144,-0.000676419,0.00242778,0.00084415,-0.000571575,4.08074e-06,-0.00136381,0.000493362,-0.00144287,0.00084415,0.026207,0.00160291,0.000912034,-0.00141104,3.35304e-05,-9.28423e-05,-0.000571575,0.00160291,0.02562,-0.000284845,3.80193e-05,-9.69848e-05,2.32056e-05,4.08074e-06,0.000912034,-0.000284845,0.0466482,
0.00292772,-0.000854564,-0.000711,0.000742337,-0.00136378,-0.00141106,3.80114e-05,-0.000854564,0.0019073,-0.000788068,0.000493113,0.000493358,3.35637e-05,-9.69804e-05,-0.000711,-0.000788068,0.00231029,-0.000676415,-0.00144289,-9.28539e-05,2.32156e-05,0.000742337,0.000493113,-0.000676415,0.0024278,0.000844147,-0.000571568,4.09466e-06,-0.00136378,0.000493358,-0.00144289,0.000844147,0.0262071,0.00160296,0.000911938,-0.00141106,3.35637e-05,-9.28539e-05,-0.000571568,0.00160296,0.02562,-0.000285008,3.80114e-05,-9.69804e-05,2.32156e-05,4.09466e-06,0.000911938,-0.000285008,0.0466481,
0.00292766,-0.000854557,-0.00071095,0.000742371,-0.00136376,-0.00141108,3.80041e-05,-0.000854557,0.00190731,-0.000788098,0.000493087,0.000493354,3.35921e-05,-9.69762e-05,-0.00071095,-0.000788098,0.00231029,-0.000676412,-0.00144291,-9.28647e-05,2.3225e-05,0.000742371,0.000493087,-0.000676412,0.00242781,0.000844143,-0.000571563,4.10763e-06,-0.00136376,0.000493354,-0.00144291,0.000844143,0.0262072,0.00160301,0.000911845,-0.00141108,3.35921e-05,-9.28647e-05,-0.000571563,0.00160301,0.0256201,-0.000285163,3.80041e-05,-9.69762e-05,2.3225e-05,4.10763e-06,0.000911845,-0.000285163,0.0466481,
0.00292761,-0.000854551,-0.000710905,0.000742402,-0.00136374,-0.00141109,3.79973e-05,-0.000854551,0.00190732,-0.000788125,0.000493063,0.00049335,3.36165e-05,-9.69721e-05,-0.000710905,-0.000788125,0.00231029,-0.000676409,-0.00144293,-9.28746e-05,2.32339e-05,0.000742402,0.000493063,-0.000676409,0.00242782,0.000844139,-0.000571559,4.11978e-06,-0.00136374,0.00049335,-0.00144293,0.000844139,0.0262073,0.00160305,0.000911756,-0.00141109,3.36165e-05,-9.28746e-05,-0.000571559,0.00160305,0.0256202,-0.00028531,3.79973e-05,-9.69721e-05,2.32339e-05,4.11978e-06,0.000911756,-0.00028531,0.046648,
0.00292757,-0.000854546,-0.000710865,0.00074243,-0.00136373,-0.00141111,3.7991e-05,-0.000854546,0.00190733,-0.000788149,0.000493043,0.000493346,3.36375e-05,-9.69683e-05,-0.000710865,-0.000788149,0.00231029,-0.000676406,-0.00144295,-9.28836e-05,2.32423e-05,0.00074243,0.000493043,-0.000676406,0.00242783,0.000844135,-0.000571556,4.13119e-06,-0.00136373,0.000493346,-0.00144295,0.000844135,0.0262074,0.00160309,0.00091167,-0.00141111,3.36375e-05,-9.28836e-05,-0.000571556,0.00160309,0.0256202,-0.000285451,3.7991e-05,-9.69683e-05,2.32423e-05,4.13119e-06,0.00091167,-0.000285451,0.046648,
0.00292753,-0.000854542,-0.000710829,0.000742455,-0.00136371,-0.00141112,3.7985e-05,-0.000854542,0.00190733,-0.00078817,0.000493025,0.000493342,3.36557e-05,-9.69647e-05,-0.000710829,-0.00078817,0.00231029,-0.000676404,-0.00144296,-9.28916e-05,2.32502e-05,0.000742455,0.000493025,-0.000676404,0.00242784,0.000844131,-0.000571554,4.14194e-06,-0.00136371,0.000493342,-0.00144296,0.000844131,0.0262075,0.00160313,0.000911587,-0.00141112,3.36557e-05,-9.28916e-05,-0.000571554,0.00160313,0.0256203,-0.000285584,3.7985e-05,-9.69647e-05,2.32502e-05,4.14194e-06,0.000911587,-0.000285584,0.046648,
0.00292749,-0.000854538,-0.000710796,0.000742477,-0.0013637,-0.00141112,3.79794e-05,-0.000854538,0.00190734,-0.000788189,0.000493009,0.000493338,3.36714e-05,-9.69612e-05,-0.000710796,-0.000788189,0.00231028,-0.000676402,-0.00144298,-9.28987e-05,2.32577e-05,0.000742477,0.000493009,-0.000676402,0.00242784,0.000844126,-0.000571553,4.15209e-06,-0.0013637,0.000493338,-0.00144298,0.000844126,0.0262075,0.00160317,0.000911508,-0.00141112,3.36714e-05,-9.28987e-05,-0.000571553,0.00160317,0.0256203,-0.000285711,3.79794e-05,-9.69612e-05,2.32577e-05,4.15209e-06,0.000911508,-0.000285711,0.0466479,
0.00292746,-0.000854534,-0.000710766,0.000742496,-0.00136369,-0.00141113,3.79741e-05,-0.000854534,0.00190734,-0.000788206,0.000492995,0.000493334,3.36851e-05,-9.69578e-05,-0.000710766,-0.000788206,0.00231028,-0.0006764,-0.00144299,-9.2905e-05,2.32648e-05,0.000742496,0.000492995,-0.0006764,0.00242785,0.000844121,-0.000571552,4.16171e-06,-0.00136369,0.000493334,-0.00144299,0.000844121,0.0262076,0.00160321,0.000911432,-0.00141113,3.36851e-05,-9.2905e-05,-0.000571552,0.00160321,0.0256204,-0.000285833,3.79741e-05,-9.69578e-05,2.32648e-05,4.16171e-06,0.000911432,-0.000285833,0.0466479,
0.00292743,-0.000854531,-0.00071074,0.000742514,-0.00136368,-0.00141114,3.79691e-05,-0.000854531,0.00190735,-0.000788221,0.000492983,0.00049333,3.3697e-05,-9.69547e-05,-0.00071074,-0.000788221,0.00231028,-0.000676398,-0.001443,-9.29105e-05,2.32715e-05,0.000742514,0.000492983,-0.000676398,0.00242786,0.000844116,-0.000571551,4.17083e-06,-0.00136368,0.00049333,-0.001443,0.000844116,0.0262077,0.00160324,0.000911358,-0.00141114,3.3697e-05,-9.29105e-05,-0.000571551,0.00160324,0.0256204,-0.00028595,3.79691e-05,-9.69547e-05,2.32715e-05,4.17083e-06,0.000911358,-0.00028595,0.0466478,
0.00292741,-0.000854528,-0.000710716,0.00074253,-0.00136367,-0.00141114,3.79644e-05,-0.000854528,0.00190735,-0.000788235,0.000492971,0.000493327,3.37074e-05,-9.69516e-05,-0.000710716,-0.000788235,0.00231028,-0.000676397,-0.00144301,-9.29153e-05,2.3278e-05,0.00074253,0.000492971,-0.000676397,0.00242786,0.000844112,-0.00057155,4.17952e-06,-0.00136367,0.000493327,-0.00144301,0.000844112,0.0262077,0.00160327,0.000911287,-0.00141114,3.37074e-05,-9.29153e-05,-0.00057155,0.00160327,0.0256205,-0.000286061,3.79644e-05,-9.69516e-05,2.3278e-05,4.17952e-06,0.000911287,-0.000286061,0.0466478,
0.00292738,-0.000854525,-0.000710694,0.000742544,-0.00136366,-0.00141115,3.79599e-05,-0.000854525,0.00190736,-0.000788247,0.000492961,0.000493323,3.37164e-05,-9.69486e-05,-0.000710694,-0.000788247,0.00231028,-0.000676395,-0.00144302,-9.29196e-05,2.32841e-05,0.000742544,0.000492961,-0.000676395,0.00242787,0.000844107,-0.00057155,4.1878e-06,-0.00136366,0.000493323,-0.00144302,0.000844107,0.0262078,0.0016033,0.000911219,-0.00141115,3.37164e-05,-9.29196e-05,-0.00057155,0.0016033,0.0256205,-0.000286169,3.79599e-05,-9.69486e-05,2.32841e-05,4.1878e-06,0.000911219,-0.000286169,0.0466478,
0.00292736,-0.000854523,-0.000710675,0.000742557,-0.00136365,-0.00141115,3.79556e-05,-0.000854523,0.00190736,-0.000788257,0.000492952,0.00049332,3.37243e-05,-9.69458e-05,-0.000710675,-0.000788257,0.00231028,-0.000676394,-0.00144303,-9.29233e-05,2.32899e-05,0.000742557,0.000492952,-0.000676394,0.00242787,0.000844102,-0.00057155,4.19571e-06,-0.00136365,0.00049332,-0.00144303,0.000844102,0.0262079,0.00160333,0.000911152,-0.00141115,3.37243e-05,-9.29233e-05,-0.00057155,0.00160333,0.0256205,-0.000286272,3.79556e-05,-9.69458e-05,2.32899e-05,4.19571e-06,0.000911152,-0.000286272,0.0466477,
0.00292734,-0.000854521,-0.000710657,0.000742569,-0.00136364,-0.00141116,3.79515e-05,-0.000854521,0.00190736,-0.000788267,0.000492944,0.000493317,3.37312e-05,-9.69431e-05,-0.000710657,-0.000788267,0.00231028,-0.000676393,-0.00144304,-9.29265e-05,2.32955e-05,0.000742569,0.000492944,-0.000676393,0.00242788,0.000844097,-0.00057155,4.20329e-06,-0.00136364,0.000493317,-0.00144304,0.000844097,0.0262079,0.00160336,0.000911088,-0.00141116,3.37312e-05,-9.29265e-05,-0.00057155,0.00160336,0.0256206,-0.000286371,3.79515e-05,-9.69431e-05,2.32955e-05,4.20329e-06,0.000911088,-0.000286371,0.0466477,
0.00292733,-0.000854519,-0.000710641,0.000742579,-0.00136364,-0.00141116,3.79476e-05,-0.000854519,0.00190737,-0.000788276,0.000492937,0.000493313,3.37372e-05,-9.69405e-05,-0.000710641,-0.000788276,0.00231028,-0.000676391,-0.00144305,-9.29294e-05,2.33008e-05,0.000742579,0.000492937,-0.000676391,0.00242788,0.000844092,-0.000571551,4.21055e-06,-0.00136364,0.000493313,-0.00144305,0.000844092,0.026208,0.00160338,0.000911026,-0.00141116,3.37371e-05,-9.29294e-05,-0.000571551,0.00160338,0.0256206,-0.000286467,3.79476e-05,-9.69405e-05,2.33008e-05,4.21055e-06,0.000911026,-0.000286467,0.0466477,
0.00292731,-0.000854517,-0.000710627,0.000742589,-0.00136363,-0.00141116,3.79439e-05,-0.000854517,0.00190737,-0.000788283,0.000492931,0.00049331,3.37424e-05,-9.69379e-05,-0.000710627,-0.000788283,0.00231028,-0.00067639,-0.00144306,-9.29318e-05,2.3306e-05,0.000742589,0.000492931,-0.00067639,0.00242789,0.000844087,-0.000571551,4.21754e-06,-0.00136363,0.00049331,-0.00144306,0.000844087,0.026208,0.00160341,0.000910966,-0.00141116,3.37424e-05,-9.29318e-05,-0.000571551,0.00160341,0.0256207,-0.00028656,3.79439e-05,-9.69379e-05,2.3306e-05,4.21754e-06,0.000910966,-0.00028656,0.0466476,
0.0029273,-0.000854515,-0.000710613,0.000742597,-0.00136363,-0.00141116,3.79403e-05,-0.000854515,0.00190737,-0.000788291,0.000492925,0.000493307,3.37469e-05,-9.69354e-05,-0.000710613,-0.000788291,0.00231028,-0.000676389,-0.00144307,-9.2934e-05,2.33109e-05,0.000742597,0.000492925,-0.000676389,0.00242789,0.000844082,-0.000571552,4.22426e-06,-0.00136363,0.000493307,-0.00144307,0.000844082,0.0262081,0.00160343,0.000910907,-0.00141116,3.37469e-05,-9.2934e-05,-0.000571552,0.00160343,0.0256207,-0.000286649,3.79403e-05,-9.69354e-05,2.33109e-05,4.22426e-06,0.000910907,-0.000286649,0.0466476,
0.00292728,-0.000854514,-0.000710601,0.000742605,-0.00136362,-0.00141117,3.79368e-05,-0.000854514,0.00190737,-0.000788297,0.000492919,0.000493305,3.37508e-05,-9.69331e-05,-0.000710601,-0.000788297,0.00231027,-0.000676388,-0.00144307,-9.29359e-05,2.33157e-05,0.000742605,0.000492919,-0.000676388,0.00242789,0.000844077,-0.000571552,4.23076e-06,-0.00136362,0.000493305,-0.00144307,0.000844077,0.0262081,0.00160345,0.00091085,-0.00141117,3.37508e-05,-9.29359e-05,-0.000571552,0.00160345,0.0256207,-0.000286736,3.79368e-05,-9.69331e-05,2.33157e-05,4.23076e-06,0.00091085,-0.000286736,0.0466476,
0.00292727,-0.000854513,-0.00071059,0.000742612,-0.00136362,-0.00141117,3.79334e-05,-0.000854513,0.00190738,-0.000788303,0.000492914,0.000493302,3.37543e-05,-9.69307e-05,-0.00071059,-0.000788303,0.00231027,-0.000676387,-0.00144308,-9.29375e-05,2.33203e-05,0.000742612,0.000492914,-0.000676387,0.00242789,0.000844073,-0.000571553,4.23703e-06,-0.00136362,0.000493302,-0.00144308,0.000844073,0.0262082,0.00160348,0.000910795,-0.00141117,3.37543e-05,-9.29375e-05,-0.000571553,0.00160348,0.0256207,-0.000286821,3.79334e-05,-9.69307e-05,2.33203e-05,4.23703e-06,0.000910795,-0.000286821,0.0466476,
0.00292726,-0.000854511,-0.000710579,0.000742619,-0.00136361,-0.00141117,3.79302e-05,-0.000854511,0.00190738,-0.000788308,0.00049291,0.000493299,3.37572e-05,-9.69285e-05,-0.000710579,-0.000788308,0.00231027,-0.000676386,-0.00144309,-9.2939e-05,2.33247e-05,0.000742619,0.00049291,-0.000676386,0.0024279,0.000844068,-0.000571554,4.2431e-06,-0.00136361,0.000493299,-0.00144309,0.000844068,0.0262082,0.0016035,0.000910741,-0.00141117,3.37572e-05,-9.2939e-05,-0.000571554,0.0016035,0.0256208,-0.000286903,3.79302e-05,-9.69285e-05,2.33247e-05,4.2431e-06,0.000910741,-0.000286903,0.0466475,
0.00292725,-0.00085451,-0.00071057,0.000742625,-0.00136361,-0.00141117,3.79271e-05,-0.00085451,0.00190738,-0.000788313,0.000492906,0.000493297,3.37598e-05,-9.69263e-05,-0.00071057,-0.000788313,0.00231027,-0.000676386,-0.00144309,-9.29403e-05,2.3329e-05,0.000742625,0.000492906,-0.000676386,0.0024279,0.000844063,-0.000571555,4.24899e-06,-0.00136361,0.000493297,-0.00144309,0.000844063,0.0262083,0.00160352,0.000910688,-0.00141117,3.37598e-05,-9.29403e-05,-0.000571555,0.00160352,0.0256208,-0.000286982,3.79271e-05,-9.69263e-05,2.3329e-05,4.24899e-06,0.000910688,-0.000286982,0.0466475,
0.00292724,-0.000854509,-0.000710561,0.000742631,-0.0013636,-0.00141117,3.7924e-05,-0.000854509,0.00190738,-0.000788317,0.000492902,0.000493294,3.37621e-05,-9.69241e-05,-0.000710561,-0.000788317,0.00231027,-0.000676385,-0.0014431,-9.29414e-05,2.33332e-05,0.000742631,0.000492902,-0.000676385,0.0024279,0.000844059,-0.000571556,4.25472e-06,-0.0013636,0.000493294,-0.0014431,0.000844059,0.0262083,0.00160354,0.000910636,-0.00141117,3.37621e-05,-9.29414e-05,-0.000571556,0.00160354,0.0256208,-0.00028706,3.7924e-05,-9.69241e-05,2.33332e-05,4.25472e-06,0.000910636,-0.00028706,0.0466475,
0.00292723,-0.000854508,-0.000710552,0.000742636,-0.0013636,-0.00141117,3.79211e-05,-0.000854508,0.00190738,-0.000788321,0.000492898,0.000493292,3.3764e-05,-9.6922e-05,-0.000710552,-0.000788321,0.00231027,-0.000676384,-0.0014431,-9.29424e-05,2.33373e-05,0.000742636,0.000492898,-0.000676384,0.0024279,0.000844054,-0.000571557,4.26029e-06,-0.0013636,0.000493292,-0.0014431,0.000844054,0.0262084,0.00160356,0.000910586,-0.00141117,3.3764e-05,-9.29424e-05,-0.000571557,0.00160356,0.0256209,-0.000287136,3.79211e-05,-9.6922e-05,2.33373e-05,4.26029e-06,0.000910586,-0.000287136,0.0466475,
0.00292722,-0.000854507,-0.000710544,0.000742641,-0.0013636,-0.00141117,3.79182e-05,-0.000854507,0.00190738,-0.000788325,0.000492895,0.000493289,3.37657e-05,-9.692e-05,-0.000710544,-0.000788325,0.00231027,-0.000676383,-0.00144311,-9.29433e-05,2.33413e-05,0.000742641,0.000492895,-0.000676383,0.0024279,0.00084405,-0.000571558,4.26571e-06,-0.0013636,0.000493289,-0.00144311,0.00084405,0.0262084,0.00160358,0.000910536,-0.00141117,3.37657e-05,-9.29433e-05,-0.000571558,0.00160358,0.0256209,-0.00028721,3.79182e-05,-9.692e-05,2.33413e-05,4.26571e-06,0.000910536,-0.00028721,0.0466474,
0.00292721,-0.000854506,-0.000710537,0.000742645,-0.00136359,-0.00141117,3.79154e-05,-0.000854506,0.00190739,-0.000788329,0.000492892,0.000493287,3.37671e-05,-9.6918e-05,-0.000710537,-0.000788329,0.00231027,-0.000676383,-0.00144312,-9.29441e-05,2.33452e-05,0.000742645,0.000492892,-0.000676383,0.00242791,0.000844045,-0.000571559,4.27101e-06,-0.00136359,0.000493287,-0.00144312,0.000844045,0.0262084,0.0016036,0.000910488,-0.00141117,3.37671e-05,-9.29441e-05,-0.000571559,0.0016036,0.0256209,-0.000287283,3.79154e-05,-9.6918e-05,2.33452e-05,4.27101e-06,0.000910488,-0.000287283,0.0466474,
0.00292721,-0.000854506,-0.00071053,0.000742649,-0.00136359,-0.00141117,3.79127e-05,-0.000854506,0.00190739,-0.000788332,0.000492889,0.000493285,3.37684e-05,-9.6916e-05,-0.00071053,-0.000788332,0.00231027,-0.000676382,-0.00144312,-9.29448e-05,2.3349e-05,0.000742649,0.000492889,-0.000676382,0.00242791,0.000844041,-0.00057156,4.27619e-06,-0.00136359,0.000493285,-0.00144312,0.000844041,0.0262085,0.00160361,0.00091044,-0.00141117,3.37684e-05,-9.29448e-05,-0.00057156,0.00160361,0.0256209,-0.000287354,3.79127e-05,-9.6916e-05,2.3349e-05,4.27619e-06,0.00091044,-0.000287354,0.0466474,
0.0029272,-0.000854505,-0.000710524,0.000742654,-0.00136359,-0.00141117,3.791e-05,-0.000854505,0.00190739,-0.000788335,0.000492887,0.000493282,3.37694e-05,-9.69141e-05,-0.000710524,-0.000788335,0.00231027,-0.000676381,-0.00144313,-9.29454e-05,2.33527e-05,0.000742654,0.000492887,-0.000676381,0.00242791,0.000844036,-0.000571561,4.28126e-06,-0.00136359,0.000493282,-0.00144313,0.000844036,0.0262085,0.00160363,0.000910394,-0.00141117,3.37694e-05,-9.29454e-05,-0.000571561,0.00160363,0.025621,-0.000287424,3.791e-05,-9.69141e-05,2.33527e-05,4.28126e-06,0.000910394,-0.000287424,0.0466474,
0.00292719,-0.000854504,-0.000710517,0.000742657,-0.00136359,-0.00141117,3.79074e-05,-0.000854504,0.00190739,-0.000788338,0.000492884,0.00049328,3.37704e-05,-9.69122e-05,-0.000710517,-0.000788338,0.00231026,-0.00067638,-0.00144313,-9.2946e-05,2.33563e-05,0.000742657,0.000492884,-0.00067638,0.00242791,0.000844032,-0.000571563,4.28622e-06,-0.00136359,0.00049328,-0.00144313,0.000844032,0.0262085,0.00160365,0.000910348,-0.00141117,3.37704e-05,-9.2946e-05,-0.000571563,0.00160365,0.025621,-0.000287493,3.79074e-05,-9.69122e-05,2.33563e-05,4.28622e-06,0.000910348,-0.000287493,0.0466473,
0.00292719,-0.000854503,-0.000710511,0.000742661,-0.00136358,-0.00141117,3.79048e-05,-0.000854503,0.00190739,-0.00078834,0.000492882,0.000493278,3.37712e-05,-9.69103e-05,-0.000710511,-0.00078834,0.00231026,-0.00067638,-0.00144313,-9.29466e-05,2.33599e-05,0.000742661,0.000492882,-0.00067638,0.00242791,0.000844028,-0.000571564,4.2911e-06,-0.00136358,0.000493278,-0.00144313,0.000844028,0.0262086,0.00160367,0.000910303,-0.00141117,3.37712e-05,-9.29466e-05,-0.000571564,0.00160367,0.025621,-0.00028756,3.79048e-05,-9.69103e-05,2.33599e-05,4.2911e-06,0.000910303,-0.00028756,0.0466473,
0.00292718,-0.000854503,-0.000710506,0.000742664,-0.00136358,-0.00141117,3.79023e-05,-0.000854503,0.00190739,-0.000788343,0.000492879,0.000493276,3.37718e-05,-9.69085e-05,-0.000710506,-0.000788343,0.00231026,-0.000676379,-0.00144314,-9.29471e-05,2.33634e-05,0.000742664,0.000492879,-0.000676379,0.00242791,0.000844023,-0.000571565,4.29588e-06,-0.00136358,0.000493276,-0.00144314,0.000844023,0.0262086,0.00160368,0.000910258,-0.00141117,3.37718e-05,-9.29471e-05,-0.000571565,0.00160368,0.025621,-0.000287626,3.79023e-05,-9.69085e-05,2.33634e-05,4.29588e-06,0.000910258,-0.000287626,0.0466473,
0.00292718,-0.000854502,-0.0007105,0.000742668,-0.00136358,-0.00141117,3.78998e-05,-0.000854502,0.00190739,-0.000788345,0.000492877,0.000493274,3.37724e-05,-9.69067e-05,-0.0007105,-0.000788345,0.00231026,-0.000676379,-0.00144314,-9.29476e-05,2.33668e-05,0.000742668,0.000492877,-0.000676379,0.00242791,0.000844019,-0.000571566,4.30059e-06,-0.00136358,0.000493274,-0.00144314,0.000844019,0.0262087,0.0016037,0.000910214,-0.00141117,3.37724e-05,-9.29476e-05,-0.000571566,0.0016037,0.0256211,-0.000287692,3.78998e-05,-9.69067e-05,2.33668e-05,4.30059e-06,0.000910214,-0.000287692,0.0466473,
0.00292717,-0.000854501,-0.000710495,0.000742671,-0.00136357,-0.00141117,3.78973e-05,-0.000854501,0.00190739,-0.000788347,0.000492875,0.000493272,3.37729e-05,-9.69049e-05,-0.000710495,-0.000788347,0.00231026,-0.000676378,-0.00144315,-9.2948e-05,2.33702e-05,0.000742671,0.000492875,-0.000676378,0.00242791,0.000844015,-0.000571568,4.30523e-06,-0.00136357,0.000493272,-0.00144315,0.000844015,0.0262087,0.00160372,0.000910171,-0.00141117,3.37729e-05,-9.2948e-05,-0.000571568,0.00160372,0.0256211,-0.000287756,3.78973e-05,-9.69049e-05,2.33702e-05,4.30523e-06,0.000910171,-0.000287756,0.0466473,
0.00292716,-0.000854501,-0.00071049,0.000742674,-0.00136357,-0.00141117,3.78949e-05,-0.000854501,0.00190739,-0.00078835,0.000492873,0.00049327,3.37733e-05,-9.69032e-05,-0.00071049,-0.00078835,0.00231026,-0.000676377,-0.00144315,-9.29485e-05,2.33736e-05,0.000742674,0.000492873,-0.000676377,0.00242791,0.000844011,-0.000571569,4.30979e-06,-0.00136357,0.00049327,-0.00144315,0.000844011,0.0262087,0.00160373,0.000910128,-0.00141117,3.37733e-05,-9.29485e-05,-0.000571569,0.00160373,0.0256211,-0.000287819,3.78949e-05,-9.69032e-05,2.33736e-05,4.30979e-06,0.000910128,-0.000287819,0.0466472,
0.00292716,-0.0008545,-0.000710485,0.000742677,-0.00136357,-0.00141117,3.78926e-05,-0.0008545,0.00190739,-0.000788352,0.000492871,0.000493268,3.37737e-05,-9.69014e-05,-0.000710485,-0.000788352,0.00231026,-0.000676377,-0.00144316,-9.29489e-05,2.33769e-05,0.000742677,0.000492871,-0.000676377,0.00242792,0.000844007,-0.000571571,4.3143e-06,-0.00136357,0.000493268,-0.00144316,0.000844007,0.0262088,0.00160375,0.000910085,-0.00141117,3.37737e-05,-9.29489e-05,-0.000571571,0.00160375,0.0256211,-0.000287882,3.78926e-05,-9.69014e-05,2.33769e-05,4.3143e-06,0.000910085,-0.000287882,0.0466472,
0.00292715,-0.0008545,-0.00071048,0.00074268,-0.00136357,-0.00141117,3.78902e-05,-0.0008545,0.0019074,-0.000788354,0.000492869,0.000493266,3.3774e-05,-9.68997e-05,-0.00071048,-0.000788354,0.00231026,-0.000676376,-0.00144316,-9.29493e-05,2.33801e-05,0.00074268,0.000492869,-0.000676376,0.00242792,0.000844003,-0.000571572,4.31875e-06,-0.00136357,0.000493266,-0.00144316,0.000844003,0.0262088,0.00160376,0.000910044,-0.00141117,3.3774e-05,-9.29493e-05,-0.000571572,0.00160376,0.0256211,-0.000287944,3.78902e-05,-9.68997e-05,2.33801e-05,4.31875e-06,0.000910044,-0.000287944,0.0466472,
0.00292715,-0.000854499,-0.000710475,0.000742683,-0.00136357,-0.00141117,3.78879e-05,-0.000854499,0.0019074,-0.000788356,0.000492868,0.000493264,3.37742e-05,-9.6898e-05,-0.000710475,-0.000788356,0.00231026,-0.000676375,-0.00144316,-9.29497e-05,2.33833e-05,0.000742683,0.000492868,-0.000676375,0.00242792,0.000843999,-0.000571573,4.32315e-06,-0.00136357,0.000493264,-0.00144316,0.000843999,0.0262088,0.00160378,0.000910002,-0.00141117,3.37742e-05,-9.29497e-05,-0.000571573,0.00160378,0.0256212,-0.000288005,3.78879e-05,-9.6898e-05,2.33833e-05,4.32315e-06,0.000910002,-0.000288005,0.0466472,
0.00292714,-0.000854498,-0.00071047,0.000742686,-0.00136356,-0.00141117,3.78856e-05,-0.000854498,0.0019074,-0.000788357,0.000492866,0.000493262,3.37744e-05,-9.68963e-05,-0.00071047,-0.000788357,0.00231026,-0.000676375,-0.00144317,-9.29501e-05,2.33865e-05,0.000742686,0.000492866,-0.000676375,0.00242792,0.000843995,-0.000571575,4.32749e-06,-0.00136356,0.000493262,-0.00144317,0.000843995,0.0262088,0.0016038,0.000909961,-0.00141117,3.37744e-05,-9.29501e-05,-0.000571575,0.0016038,0.0256212,-0.000288066,3.78856e-05,-9.68963e-05,2.33865e-05,4.32749e-06,0.000909961,-0.000288066,0.0466472,
0.00292714,-0.000854498,-0.000710466,0.000742688,-0.00136356,-0.00141117,3.78833e-05,-0.000854498,0.0019074,-0.000788359,0.000492864,0.00049326,3.37746e-05,-9.68947e-05,-0.000710466,-0.000788359,0.00231025,-0.000676374,-0.00144317,-9.29504e-05,2.33897e-05,0.000742688,0.000492864,-0.000676374,0.00242792,0.000843991,-0.000571576,4.3318e-06,-0.00136356,0.00049326,-0.00144317,0.000843991,0.0262089,0.00160381,0.00090992,-0.00141117,3.37746e-05,-9.29504e-05,-0.000571576,0.00160381,0.0256212,-0.000288126,3.78833e-05,-9.68947e-05,2.33897e-05,4.3318e-06,0.00090992,-0.000288126,0.0466471,
0.00292713,-0.000854497,-0.000710461,0.000742691,-0.00136356,-0.00141117,3.78811e-05,-0.000854497,0.0019074,-0.000788361,0.000492863,0.000493258,3.37748e-05,-9.6893e-05,-0.000710461,-0.000788361,0.00231025,-0.000676374,-0.00144318,-9.29508e-05,2.33928e-05,0.000742691,0.000492863,-0.000676374,0.00242792,0.000843987,-0.000571578,4.33606e-06,-0.00136356,0.000493258,-0.00144318,0.000843987,0.0262089,0.00160383,0.00090988,-0.00141117,3.37748e-05,-9.29508e-05,-0.000571578,0.00160383,0.0256212,-0.000288186,3.78811e-05,-9.6893e-05,2.33928e-05,4.33606e-06,0.00090988,-0.000288186,0.0466471,
0.00292713,-0.000854497,-0.000710457,0.000742693,-0.00136356,-0.00141117,3.78789e-05,-0.000854497,0.0019074,-0.000788363,0.000492861,0.000493256,3.37749e-05,-9.68914e-05,-0.000710457,-0.000788363,0.00231025,-0.000676373,-0.00144318,-9.29512e-05,2.33959e-05,0.000742693,0.000492861,-0.000676373,0.00242792,0.000843983,-0.000571579,4.34028e-06,-0.00136356,0.000493256,-0.00144318,0.000843983,0.0262089,0.00160384,0.00090984,-0.00141117,3.37749e-05,-9.29512e-05,-0.000571579,0.00160384,0.0256213,-0.000288245,3.78789e-05,-9.68914e-05,2.33959e-05,4.34028e-06,0.00090984,-0.000288245,0.0466471,
0.00292712,-0.000854496,-0.000710452,0.000742696,-0.00136356,-0.00141117,3.78767e-05,-0.000854496,0.0019074,-0.000788364,0.000492859,0.000493254,3.3775e-05,-9.68897e-05,-0.000710452,-0.000788364,0.00231025,-0.000676373,-0.00144318,-9.29516e-05,2.3399e-05,0.000742696,0.000492859,-0.000676373,0.00242792,0.000843979,-0.000571581,4.34447e-06,-0.00136356,0.000493254,-0.00144318,0.000843979,0.026209,0.00160386,0.0009098,-0.00141117,3.3775e-05,-9.29516e-05,-0.000571581,0.00160386,0.0256213,-0.000288303,3.78767e-05,-9.68897e-05,2.3399e-05,4.34447e-06,0.0009098,-0.000288303,0.0466471,
0.00292712,-0.000854496,-0.000710448,0.000742699,-0.00136355,-0.00141117,3.78745e-05,-0.000854496,0.0019074,-0.000788366,0.000492858,0.000493253,3.37751e-05,-9.68881e-05,-0.000710448,-0.000788366,0.00231025,-0.000676372,-0.00144319,-9.2952e-05,2.3402e-05,0.000742699,0.000492858,-0.000676372,0.00242792,0.000843975,-0.000571582,4.34862e-06,-0.00136355,0.000493253,-0.00144319,0.000843975,0.026209,0.00160387,0.000909761,-0.00141117,3.37751e-05,-9.2952e-05,-0.000571582,0.00160387,0.0256213,-0.000288362,3.78745e-05,-9.68881e-05,2.3402e-05,4.34862e-06,0.000909761,-0.000288362,0.0466471,
0.00292711,-0.000854495,-0.000710444,0.000742701,-0.00136355,-0.00141117,3.78723e-05,-0.000854495,0.0019074,-0.000788368,0.000492856,0.000493251,3.37752e-05,-9.68865e-05,-0.000710444,-0.000788368,0.00231025,-0.000676371,-0.00144319,-9.29524e-05,2.34051e-05,0.000742701,0.000492856,-0.000676371,0.00242792,0.000843971,-0.000571584,4.35275e-06,-0.00136355,0.000493251,-0.00144319,0.000843971,0.026209,0.00160389,0.000909722,-0.00141117,3.37752e-05,-9.29524e-05,-0.000571584,0.00160389,0.0256213,-0.000288419,3.78723e-05,-9.68865e-05,2.34051e-05,4.35275e-06,0.000909722,-0.000288419,0.046647,
0.00292711,-0.000854495,-0.00071044,0.000742704,-0.00136355,-0.00141116,3.78701e-05,-0.000854495,0.0019074,-0.000788369,0.000492855,0.000493249,3.37753e-05,-9.68849e-05,-0.00071044,-0.000788369,0.00231025,-0.000676371,-0.0014432,-9.29528e-05,2.34081e-05,0.000742704,0.000492855,-0.000676371,0.00242792,0.000843968,-0.000571585,4.35685e-06,-0.00136355,0.000493249,-0.0014432,0.000843968,0.0262091,0.0016039,0.000909683,-0.00141116,3.37753e-05,-9.29528e-05,-0.000571585,0.0016039,0.0256213,-0.000288477,3.78701e-05,-9.68849e-05,2.34081e-05,4.35685e-06,0.000909683,-0.000288477,0.046647,
0.00292711,-0.000854494,-0.000710435,0.000742706,-0.00136355,-0.00141116,3.7868e-05,-0.000854494,0.0019074,-0.000788371,0.000492853,0.000493247,3.37753e-05,-9.68834e-05,-0.000710435,-0.000788371,0.00231025,-0.00067637,-0.0014432,-9.29532e-05,2.34111e-05,0.000742706,0.000492853,-0.00067637,0.00242792,0.000843964,-0.000571587,4.36092e-06,-0.00136355,0.000493247,-0.0014432,0.000843964,0.0262091,0.00160391,0.000909644,-0.00141116,3.37753e-05,-9.29532e-05,-0.000571587,0.00160391,0.0256214,-0.000288534,3.7868e-05,-9.68834e-05,2.34111e-05,4.36092e-06,0.000909644,-0.000288534,0.046647,
0.0029271,-0.000854494,-0.000710431,0.000742708,-0.00136355,-0.00141116,3.78659e-05,-0.000854494,0.00190741,-0.000788373,0.000492852,0.000493246,3.37754e-05,-9.68818e-05,-0.000710431,-0.000788373,0.00231025,-0.00067637,-0.0014432,-9.29536e-05,2.34141e-05,0.000742708,0.000492852,-0.00067637,0.00242792,0.00084396,-0.000571588,4.36497e-06,-0.00136355,0.000493246,-0.0014432,0.00084396,0.0262091,0.00160393,0.000909605,-0.00141116,3.37754e-05,-9.29536e-05,-0.000571588,0.00160393,0.0256214,-0.00028859,3.78659e-05,-9.68818e-05,2.34141e-05,4.36497e-06,0.000909605,-0.00028859,0.046647,
0.0029271,-0.000854493,-0.000710427,0.000742711,-0.00136354,-0.00141116,3.78637e-05,-0.000854493,0.00190741,-0.000788374,0.00049285,0.000493244,3.37754e-05,-9.68802e-05,-0.000710427,-0.000788374,0.00231024,-0.000676369,-0.00144321,-9.2954e-05,2.3417e-05,0.000742711,0.00049285,-0.000676369,0.00242793,0.000843956,-0.00057159,4.369e-06,-0.00136354,0.000493244,-0.00144321,0.000843956,0.0262091,0.00160394,0.000909567,-0.00141116,3.37754e-05,-9.2954e-05,-0.00057159,0.00160394,0.0256214,-0.000288647,3.78637e-05,-9.68802e-05,2.3417e-05,4.369e-06,0.000909567,-0.000288647,0.046647,
0.00292709,-0.000854493,-0.000710423,0.000742713,-0.00136354,-0.00141116,3.78616e-05,-0.000854493,0.00190741,-0.000788376,0.000492848,0.000493242,3.37755e-05,-9.68786e-05,-0.000710423,-0.000788376,0.00231024,-0.000676369,-0.00144321,-9.29545e-05,2.342e-05,0.000742713,0.000492848,-0.000676369,0.00242793,0.000843953,-0.000571591,4.373e-06,-0.00136354,0.000493242,-0.00144321,0.000843953,0.0262092,0.00160396,0.000909529,-0.00141116,3.37755e-05,-9.29545e-05,-0.000571591,0.00160396,0.0256214,-0.000288703,3.78616e-05,-9.68786e-05,2.342e-05,4.373e-06,0.000909529,-0.000288703,0.0466469,
0.00292709,-0.000854492,-0.000710419,0.000742716,-0.00136354,-0.00141116,3.78595e-05,-0.000854492,0.00190741,-0.000788377,0.000492847,0.00049324,3.37755e-05,-9.68771e-05,-0.000710419,-0.000788377,0.00231024,-0.000676368,-0.00144321,-9.29549e-05,2.34229e-05,0.000742716,0.000492847,-0.000676368,0.00242793,0.000843949,-0.000571593,4.37699e-06,-0.00136354,0.00049324,-0.00144321,0.000843949,0.0262092,0.00160397,0.000909491,-0.00141116,3.37755e-05,-9.29549e-05,-0.000571593,0.00160397,0.0256214,-0.000288759,3.78595e-05,-9.68771e-05,2.34229e-05,4.37699e-06,0.000909491,-0.000288759,0.0466469,
0.00292708,-0.000854492,-0.000710415,0.000742718,-0.00136354,-0.00141116,3.78574e-05,-0.000854492,0.00190741,-0.000788379,0.000492845,0.000493239,3.37755e-05,-9.68755e-05,-0.000710415,-0.000788379,0.00231024,-0.000676368,-0.00144322,-9.29553e-05,2.34258e-05,0.000742718,0.000492845,-0.000676368,0.00242793,0.000843945,-0.000571594,4.38096e-06,-0.00136354,0.000493239,-0.00144322,0.000843945,0.0262092,0.00160399,0.000909453,-0.00141116,3.37755e-05,-9.29553e-05,-0.000571594,0.00160399,0.0256215,-0.000288815,3.78574e-05,-9.68755e-05,2.34258e-05,4.38096e-06,0.000909453,-0.000288815,0.0466469,
0.00292708,-0.000854491,-0.000710411,0.000742721,-0.00136354,-0.00141116,3.78553e-05,-0.000854491,0.00190741,-0.00078838,0.000492844,0.000493237,3.37756e-05,-9.6874e-05,-0.000710411,-0.00078838,0.00231024,-0.000676367,-0.00144322,-9.29558e-05,2.34287e-05,0.000742721,0.000492844,-0.000676367,0.00242793,0.000843942,-0.000571596,4.38491e-06,-0.00136354,0.000493237,-0.00144322,0.000843942,0.0262093,0.001604,0.000909415,-0.00141116,3.37756e-05,-9.29558e-05,-0.000571596,0.001604,0.0256215,-0.00028887,3.78553e-05,-9.6874e-05,2.34287e-05,4.38491e-06,0.000909415,-0.00028887,0.0466469,
0.00292707,-0.000854491,-0.000710407,0.000742723,-0.00136353,-0.00141116,3.78533e-05,-0.000854491,0.00190741,-0.000788382,0.000492843,0.000493235,3.37756e-05,-9.68725e-05,-0.000710407,-0.000788382,0.00231024,-0.000676367,-0.00144323,-9.29562e-05,2.34316e-05,0.000742723,0.000492843,-0.000676367,0.00242793,0.000843938,-0.000571598,4.38885e-06,-0.00136353,0.000493235,-0.00144323,0.000843938,0.0262093,0.00160401,0.000909378,-0.00141116,3.37756e-05,-9.29562e-05,-0.000571598,0.00160401,0.0256215,-0.000288926,3.78533e-05,-9.68725e-05,2.34316e-05,4.38885e-06,0.000909378,-0.000288926,0.0466469,
0.00292707,-0.00085449,-0.000710402,0.000742725,-0.00136353,-0.00141116,3.78512e-05,-0.00085449,0.00190741,-0.000788383,0.000492841,0.000493234,3.37757e-05,-9.68709e-05,-0.000710402,-0.000788383,0.00231024,-0.000676366,-0.00144323,-9.29567e-05,2.34345e-05,0.000742725,0.000492841,-0.000676366,0.00242793,0.000843934,-0.000571599,4.39278e-06,-0.00136353,0.000493234,-0.00144323,0.000843934,0.0262093,0.00160403,0.00090934,-0.00141116,3.37757e-05,-9.29567e-05,-0.000571599,0.00160403,0.0256215,-0.000288981,3.78512e-05,-9.68709e-05,2.34345e-05,4.39278e-06,0.00090934,-0.000288981,0.0466469,
0.00292706,-0.00085449,-0.000710398,0.000742728,-0.00136353,-0.00141116,3.78491e-05,-0.00085449,0.00190741,-0.000788385,0.00049284,0.000493232,3.37757e-05,-9.68694e-05,-0.000710398,-0.000788385,0.00231024,-0.000676365,-0.00144323,-9.29572e-05,2.34374e-05,0.000742728,0.00049284,-0.000676365,0.00242793,0.000843931,-0.000571601,4.39669e-06,-0.00136353,0.000493232,-0.00144323,0.000843931,0.0262093,0.00160404,0.000909303,-0.00141116,3.37757e-05,-9.29572e-05,-0.000571601,0.00160404,0.0256215,-0.000289036,3.78491e-05,-9.68694e-05,2.34374e-05,4.39669e-06,0.000909303,-0.000289036,0.0466468,
0.00292706,-0.000854489,-0.000710394,0.00074273,-0.00136353,-0.00141116,3.78471e-05,-0.000854489,0.00190741,-0.000788387,0.000492838,0.00049323,3.37758e-05,-9.68679e-05,-0.000710394,-0.000788387,0.00231024,-0.000676365,-0.00144324,-9.29576e-05,2.34403e-05,0.00074273,0.000492838,-0.000676365,0.00242793,0.000843927,-0.000571602,4.4006e-06,-0.00136353,0.00049323,-0.00144324,0.000843927,0.0262094,0.00160406,0.000909266,-0.00141116,3.37758e-05,-9.29576e-05,-0.000571602,0.00160406,0.0256216,-0.00028909,3.78471e-05,-9.68679e-05,2.34403e-05,4.4006e-06,0.000909266,-0.00028909,0.0466468,
0.00292706,-0.000854489,-0.00071039,0.000742732,-0.00136353,-0.00141116,3.7845e-05,-0.000854489,0.00190741,-0.000788388,0.000492837,0.000493229,3.37758e-05,-9.68664e-05,-0.00071039,-0.000788388,0.00231024,-0.000676364,-0.00144324,-9.29581e-05,2.34431e-05,0.000742732,0.000492837,-0.000676364,0.00242793,0.000843923,-0.000571604,4.40449e-06,-0.00136353,0.000493229,-0.00144324,0.000843923,0.0262094,0.00160407,0.000909228,-0.00141116,3.37758e-05,-9.29581e-05,-0.000571604,0.00160407,0.0256216,-0.000289145,3.7845e-05,-9.68664e-05,2.34431e-05,4.40449e-06,0.000909228,-0.000289145,0.0466468,
0.00292705,-0.000854488,-0.000710386,0.000742735,-0.00136352,-0.00141116,3.7843e-05,-0.000854488,0.00190741,-0.00078839,0.000492835,0.000493227,3.37759e-05,-9.68648e-05,-0.000710386,-0.00078839,0.00231023,-0.000676364,-0.00144324,-9.29586e-05,2.3446e-05,0.000742735,0.000492835,-0.000676364,0.00242793,0.00084392,-0.000571605,4.40837e-06,-0.00136352,0.000493227,-0.00144324,0.00084392,0.0262094,0.00160408,0.000909191,-0.00141116,3.37759e-05,-9.29586e-05,-0.000571605,0.00160408,0.0256216,-0.000289199,3.7843e-05,-9.68648e-05,2.3446e-05,4.40837e-06,0.000909191,-0.000289199,0.0466468,
0.00292705,-0.000854488,-0.000710382,0.000742737,-0.00136352,-0.00141116,3.78409e-05,-0.000854488,0.00190741,-0.000788391,0.000492834,0.000493225,3.37759e-05,-9.68633e-05,-0.000710382,-0.000788391,0.00231023,-0.000676363,-0.00144325,-9.29591e-05,2.34489e-05,0.000742737,0.000492834,-0.000676363,0.00242793,0.000843916,-0.000571607,4.41224e-06,-0.00136352,0.000493225,-0.00144325,0.000843916,0.0262094,0.0016041,0.000909154,-0.00141116,3.37759e-05,-9.29591e-05,-0.000571607,0.0016041,0.0256216,-0.000289254,3.78409e-05,-9.68633e-05,2.34489e-05,4.41224e-06,0.000909154,-0.000289254,0.0466468,
