0.00360855,-0.00100987,-0.0011014,0.000338047,-0.000984448,0.000453748,-2.31545e-05,-0.00100987,0.00157293,-0.00109086,0.000129841,0.000974073,-9.91594e-06,1.1698e-05,-0.0011014,-0.00109086,0.00366333,-0.000410942,-0.00126766,0.000241582,-1.69469e-05,0.000338047,0.000129841,-0.000410942,0.00192731,-0.00102697,-0.00272797,4.79183e-05,-0.000984448,0.000974073,-0.00126766,-0.00102697,0.0330711,0.001352,-0.00140267,0.000453748,-9.91594e-06,0.000241582,-0.00272797,0.001352,0.0286104,-6.8439e-05,-2.31545e-05,1.1698e-05,-1.69469e-05,4.79183e-05,-0.00140267,-6.8439e-05,0.0466695,
0.00360806,-0.00100985,-0.00110178,0.000338285,-0.000984847,0.000453327,-2.30803e-05,-0.00100985,0.00157334,-0.00109085,0.000129754,0.00097399,-1.01308e-05,1.16499e-05,-0.00110178,-0.00109085,0.00366288,-0.000410881,-0.00126818,0.000241342,-1.68714e-05,0.000338285,0.000129754,-0.000410881,0.00192734,-0.00102716,-0.00272771,4.78982e-05,-0.000984847,0.00097399,-0.00126818,-0.00102716,0.0330676,0.00135156,-0.00140218,0.000453327,-1.01308e-05,0.000241342,-0.00272771,0.00135156,0.0286092,-6.83621e-05,-2.30803e-05,1.16499e-05,-1.68714e-05,4.78982e-05,-0.00140218,-6.83621e-05,0.0466693,
0.0036077,-0.00100983,-0.00110205,0.000338469,-0.000985157,0.000453029,-2.30393e-05,-0.00100983,0.00157364,-0.00109084,0.000129683,0.00097393,-1.02879e-05,1.16162e-05,-0.00110205,-0.00109084,0.00366255,-0.000410835,-0.00126858,0.000241185,-1.68306e-05,0.000338469,0.000129683,-0.000410835,0.00192736,-0.00102731,-0.00272748,4.7882e-05,-0.000985157,0.00097393,-0.00126858,-0.00102731,0.0330649,0.00135121,-0.00140191,0.000453029,-1.02879e-05,0.000241185,-0.00272748,0.00135121,0.0286083,-6.83078e-05,-2.30393e-05,1.16162e-05,-1.68306e-05,4.7882e-05,-0.00140191,-6.83078e-05,0.0466692,
0.00360743,-0.00100982,-0.00110224,0.000338619,-0.000985391,0.000452815,-2.30247e-05,-0.00100982,0.00157385,-0.00109083,0.000129625,0.000973886,-1.04043e-05,1.15939e-05,-0.00110224,-0.00109083,0.0036623,-0.000410803,-0.00126889,0.000241075,-1.68172e-05,0.000338619,0.000129625,-0.000410803,0.00192737,-0.00102742,-0.0027273,4.78684e-05,-0.000985391,0.000973886,-0.00126889,-0.00102742,0.0330628,0.00135094,-0.0014018,0.000452815,-1.04043e-05,0.000241075,-0.0027273,0.00135094,0.0286077,-6.82705e-05,-2.30247e-05,1.15939e-05,-1.68172e-05,4.78684e-05,-0.0014018,-6.82705e-05,0.0466691,
0.00360723,-0.00100981,-0.00110238,0.000338742,-0.000985564,0.00045266,-2.30304e-05,-0.00100981,0.00157401,-0.00109083,0.000129577,0.000973853,-1.04912e-05,1.15804e-05,-0.00110238,-0.00109083,0.00366213,-0.000410781,-0.00126913,0.000240995,-1.6825e-05,0.000338742,0.000129577,-0.000410781,0.00192738,-0.00102751,-0.00272716,4.78569e-05,-0.000985564,0.000973853,-0.00126913,-0.00102751,0.0330612,0.00135074,-0.00140183,0.00045266,-1.04912e-05,0.000240995,-0.00272716,0.00135074,0.0286072,-6.82462e-05,-2.30304e-05,1.15804e-05,-1.6825e-05,4.78569e-05,-0.00140183,-6.82462e-05,0.0466691,
0.00360708,-0.0010098,-0.00110248,0.000338845,-0.000985693,0.000452548,-2.30516e-05,-0.0010098,0.00157413,-0.00109083,0.000129536,0.000973829,-1.05565e-05,1.15735e-05,-0.00110248,-0.00109083,0.003662,-0.000410766,-0.00126931,0.000240937,-1.68488e-05,0.000338845,0.000129536,-0.000410766,0.00192739,-0.00102758,-0.00272704,4.78469e-05,-0.000985693,0.000973829,-0.00126931,-0.00102758,0.0330599,0.00135058,-0.00140196,0.000452548,-1.05565e-05,0.000240937,-0.00272704,0.00135058,0.0286069,-6.82314e-05,-2.30516e-05,1.15735e-05,-1.68488e-05,4.78469e-05,-0.00140196,-6.82314e-05,0.046669,
0.00360697,-0.00100979,-0.00110255,0.000338931,-0.000985788,0.000452466,-2.30847e-05,-0.00100979,0.00157421,-0.00109083,0.000129502,0.000973811,-1.0606e-05,1.15716e-05,-0.00110255,-0.00109083,0.0036619,-0.000410755,-0.00126945,0.000240894,-1.6885e-05,0.000338931,0.000129502,-0.000410755,0.0019274,-0.00102763,-0.00272694,4.78379e-05,-0.000985788,0.000973811,-0.00126945,-0.00102763,0.0330589,0.00135045,-0.00140217,0.000452466,-1.0606e-05,0.000240894,-0.00272694,0.00135045,0.0286067,-6.82237e-05,-2.30847e-05,1.15716e-05,-1.6885e-05,4.78379e-05,-0.00140217,-6.82237e-05,0.0466689,
0.00360688,-0.00100979,-0.00110259,0.000339005,-0.000985859,0.000452406,-2.31268e-05,-0.00100979,0.00157428,-0.00109083,0.000129472,0.000973798,-1.06438e-05,1.15735e-05,-0.00110259,-0.00109083,0.00366183,-0.000410749,-0.00126956,0.000240862,-1.69306e-05,0.000339005,0.000129472,-0.000410749,0.0019274,-0.00102766,-0.00272686,4.78297e-05,-0.000985859,0.000973798,-0.00126956,-0.00102766,0.0330581,0.00135035,-0.00140244,0.000452406,-1.06438e-05,0.000240862,-0.00272686,0.00135035,0.0286066,-6.82213e-05,-2.31268e-05,1.15735e-05,-1.69306e-05,4.78297e-05,-0.00140244,-6.82213e-05,0.0466688,
0.00360682,-0.00100978,-0.00110262,0.000339068,-0.000985913,0.000452362,-2.3176e-05,-0.00100978,0.00157432,-0.00109084,0.000129446,0.000973788,-1.0673e-05,1.15781e-05,-0.00110262,-0.00109084,0.00366178,-0.000410745,-0.00126965,0.000240838,-1.69834e-05,0.000339068,0.000129446,-0.000410745,0.00192741,-0.00102769,-0.00272679,4.7822e-05,-0.000985913,0.000973788,-0.00126965,-0.00102769,0.0330574,0.00135027,-0.00140275,0.000452362,-1.0673e-05,0.000240838,-0.00272679,0.00135027,0.0286066,-6.82229e-05,-2.3176e-05,1.15781e-05,-1.69834e-05,4.7822e-05,-0.00140275,-6.82229e-05,0.0466687,
0.00360677,-0.00100978,-0.00110265,0.000339123,-0.000985955,0.000452329,-2.32305e-05,-0.00100978,0.00157435,-0.00109084,0.000129424,0.000973782,-1.06957e-05,1.15848e-05,-0.00110265,-0.00109084,0.00366174,-0.000410742,-0.00126972,0.00024082,-1.70419e-05,0.000339123,0.000129424,-0.000410742,0.00192741,-0.00102771,-0.00272673,4.78146e-05,-0.000985955,0.000973782,-0.00126972,-0.00102771,0.0330568,0.0013502,-0.0014031,0.000452329,-1.06957e-05,0.00024082,-0.00272673,0.0013502,0.0286066,-6.82274e-05,-2.32305e-05,1.15848e-05,-1.70419e-05,4.78146e-05,-0.0014031,-6.82274e-05,0.0466686,
0.00360673,-0.00100978,-0.00110266,0.000339171,-0.000985989,0.000452304,-2.32893e-05,-0.00100978,0.00157438,-0.00109084,0.000129404,0.000973777,-1.07137e-05,1.1593e-05,-0.00110266,-0.00109084,0.00366171,-0.00041074,-0.00126977,0.000240805,-1.71049e-05,0.000339171,0.000129404,-0.00041074,0.00192742,-0.00102773,-0.00272667,4.78075e-05,-0.000985989,0.000973777,-0.00126977,-0.00102773,0.0330563,0.00135014,-0.00140348,0.000452304,-1.07137e-05,0.000240805,-0.00272667,0.00135014,0.0286066,-6.8234e-05,-2.32893e-05,1.1593e-05,-1.71049e-05,4.78075e-05,-0.00140348,-6.8234e-05,0.0466686,
0.0036067,-0.00100977,-0.00110266,0.000339214,-0.000986017,0.000452284,-2.33516e-05,-0.00100977,0.0015744,-0.00109084,0.000129387,0.000973774,-1.0728e-05,1.16025e-05,-0.00110266,-0.00109084,0.00366169,-0.00041074,-0.00126982,0.000240794,-1.71715e-05,0.000339214,0.000129387,-0.00041074,0.00192742,-0.00102774,-0.00272662,4.78006e-05,-0.000986017,0.000973774,-0.00126982,-0.00102774,0.0330558,0.00135009,-0.00140388,0.000452284,-1.0728e-05,0.000240794,-0.00272662,0.00135009,0.0286067,-6.82424e-05,-2.33516e-05,1.16025e-05,-1.71715e-05,4.78006e-05,-0.00140388,-6.82424e-05,0.0466685,
0.00360668,-0.00100977,-0.00110267,0.000339252,-0.00098604,0.000452269,-2.34165e-05,-0.00100977,0.00157441,-0.00109085,0.000129372,0.000973773,-1.07396e-05,1.16129e-05,-0.00110267,-0.00109085,0.00366168,-0.000410739,-0.00126986,0.000240785,-1.72409e-05,0.000339252,0.000129372,-0.000410739,0.00192742,-0.00102775,-0.00272657,4.77937e-05,-0.00098604,0.000973773,-0.00126986,-0.00102775,0.0330554,0.00135004,-0.0014043,0.000452269,-1.07396e-05,0.000240785,-0.00272657,0.00135004,0.0286067,-6.8252e-05,-2.34165e-05,1.16129e-05,-1.72409e-05,4.77937e-05,-0.0014043,-6.8252e-05,0.0466684,
0.00360666,-0.00100977,-0.00110267,0.000339286,-0.000986061,0.000452256,-2.34836e-05,-0.00100977,0.00157442,-0.00109085,0.000129358,0.000973773,-1.07492e-05,1.16241e-05,-0.00110267,-0.00109085,0.00366167,-0.000410739,-0.0012699,0.000240778,-1.73127e-05,0.000339286,0.000129358,-0.000410739,0.00192742,-0.00102775,-0.00272653,4.77869e-05,-0.000986061,0.000973773,-0.0012699,-0.00102775,0.033055,0.00135,-0.00140474,0.000452256,-1.07492e-05,0.000240778,-0.00272653,0.00135,0.0286068,-6.82625e-05,-2.34836e-05,1.16241e-05,-1.73127e-05,4.77869e-05,-0.00140474,-6.82625e-05,0.0466683,
0.00360664,-0.00100976,-0.00110267,0.000339317,-0.000986081,0.000452245,-2.35526e-05,-0.00100976,0.00157443,-0.00109085,0.000129345,0.000973773,-1.07573e-05,1.16357e-05,-0.00110267,-0.00109085,0.00366166,-0.000410739,-0.00126993,0.000240772,-1.73864e-05,0.000339317,0.000129345,-0.000410739,0.00192743,-0.00102775,-0.00272648,4.77802e-05,-0.000986081,0.000973773,-0.00126993,-0.00102775,0.0330546,0.00134996,-0.00140519,0.000452245,-1.07573e-05,0.000240772,-0.00272648,0.00134996,0.0286069,-6.82738e-05,-2.35526e-05,1.16357e-05,-1.73864e-05,4.77802e-05,-0.00140519,-6.82738e-05,0.0466682,
0.00360663,-0.00100976,-0.00110266,0.000339345,-0.000986099,0.000452235,-2.36232e-05,-0.00100976,0.00157443,-0.00109085,0.000129334,0.000973774,-1.07641e-05,1.16478e-05,-0.00110266,-0.00109085,0.00366166,-0.00041074,-0.00126996,0.000240767,-1.74618e-05,0.000339345,0.000129334,-0.00041074,0.00192743,-0.00102776,-0.00272644,4.77734e-05,-0.000986099,0.000973774,-0.00126996,-0.00102776,0.0330542,0.00134992,-0.00140565,0.000452235,-1.07641e-05,0.000240767,-0.00272644,0.00134992,0.028607,-6.82857e-05,-2.36232e-05,1.16478e-05,-1.74618e-05,4.77734e-05,-0.00140565,-6.82857e-05,0.0466681,
0.00360662,-0.00100976,-0.00110266,0.00033937,-0.000986117,0.000452226,-2.3695e-05,-0.00100976,0.00157444,-0.00109085,0.000129324,0.000973776,-1.077e-05,1.16603e-05,-0.00110266,-0.00109085,0.00366165,-0.00041074,-0.00126999,0.000240763,-1.75386e-05,0.00033937,0.000129324,-0.00041074,0.00192743,-0.00102775,-0.0027264,4.77667e-05,-0.000986117,0.000973776,-0.00126999,-0.00102775,0.0330539,0.00134989,-0.00140611,0.000452226,-1.077e-05,0.000240763,-0.0027264,0.00134989,0.0286071,-6.8298e-05,-2.3695e-05,1.16603e-05,-1.75386e-05,4.77667e-05,-0.00140611,-6.8298e-05,0.046668,
0.00360661,-0.00100976,-0.00110266,0.000339394,-0.000986135,0.000452217,-2.3768e-05,-0.00100976,0.00157444,-0.00109086,0.000129315,0.000973779,-1.07752e-05,1.16731e-05,-0.00110266,-0.00109086,0.00366165,-0.00041074,-0.00127002,0.000240759,-1.76166e-05,0.000339394,0.000129315,-0.00041074,0.00192743,-0.00102775,-0.00272635,4.77599e-05,-0.000986135,0.000973779,-0.00127002,-0.00102775,0.0330535,0.00134985,-0.00140659,0.000452217,-1.07752e-05,0.000240759,-0.00272635,0.00134985,0.0286072,-6.83107e-05,-2.3768e-05,1.16731e-05,-1.76166e-05,4.77599e-05,-0.00140659,-6.83107e-05,0.0466679,
0.0036066,-0.00100976,-0.00110265,0.000339415,-0.000986152,0.000452208,-2.38419e-05,-0.00100976,0.00157444,-0.00109086,0.000129306,0.000973782,-1.07799e-05,1.1686e-05,-0.00110265,-0.00109086,0.00366165,-0.00041074,-0.00127005,0.000240755,-1.76956e-05,0.000339415,0.000129306,-0.00041074,0.00192743,-0.00102775,-0.00272631,4.77531e-05,-0.000986152,0.000973782,-0.00127005,-0.00102775,0.0330532,0.00134982,-0.00140707,0.000452208,-1.07799e-05,0.000240755,-0.00272631,0.00134982,0.0286073,-6.83236e-05,-2.38419e-05,1.1686e-05,-1.76956e-05,4.77531e-05,-0.00140707,-6.83236e-05,0.0466678,
0.0036066,-0.00100976,-0.00110265,0.000339435,-0.00098617,0.0004522,-2.39167e-05,-0.00100976,0.00157444,-0.00109086,0.000129299,0.000973785,-1.07841e-05,1.16992e-05,-0.00110265,-0.00109086,0.00366165,-0.00041074,-0.00127008,0.000240752,-1.77755e-05,0.000339435,0.000129299,-0.00041074,0.00192743,-0.00102775,-0.00272627,4.77462e-05,-0.00098617,0.000973785,-0.00127008,-0.00102775,0.0330528,0.00134978,-0.00140755,0.0004522,-1.07841e-05,0.000240752,-0.00272627,0.00134978,0.0286075,-6.83368e-05,-2.39167e-05,1.16992e-05,-1.77755e-05,4.77462e-05,-0.00140755,-6.83368e-05,0.0466677,
0.00360659,-0.00100975,-0.00110264,0.000339453,-0.000986189,0.000452191,-2.39922e-05,-0.00100975,0.00157444,-0.00109086,0.000129292,0.000973788,-1.0788e-05,1.17126e-05,-0.00110264,-0.00109086,0.00366165,-0.00041074,-0.0012701,0.000240749,-1.78563e-05,0.000339453,0.000129292,-0.00041074,0.00192743,-0.00102774,-0.00272623,4.77394e-05,-0.000986189,0.000973788,-0.0012701,-0.00102774,0.0330524,0.00134975,-0.00140805,0.000452191,-1.0788e-05,0.000240749,-0.00272623,0.00134975,0.0286076,-6.83502e-05,-2.39922e-05,1.17126e-05,-1.78563e-05,4.77394e-05,-0.00140805,-6.83502e-05,0.0466676,
0.00360659,-0.00100975,-0.00110264,0.00033947,-0.000986208,0.000452182,-2.40685e-05,-0.00100975,0.00157445,-0.00109086,0.000129285,0.000973792,-1.07915e-05,1.1726e-05,-0.00110264,-0.00109086,0.00366164,-0.00041074,-0.00127013,0.000240746,-1.79378e-05,0.00033947,0.000129285,-0.00041074,0.00192743,-0.00102774,-0.00272618,4.77325e-05,-0.000986208,0.000973792,-0.00127013,-0.00102774,0.0330521,0.00134971,-0.00140854,0.000452182,-1.07915e-05,0.000240746,-0.00272618,0.00134971,0.0286077,-6.83638e-05,-2.40685e-05,1.1726e-05,-1.79378e-05,4.77325e-05,-0.00140854,-6.83638e-05,0.0466676,
0.00360658,-0.00100975,-0.00110263,0.000339486,-0.000986227,0.000452173,-2.41453e-05,-0.00100975,0.00157445,-0.00109086,0.000129279,0.000973796,-1.07949e-05,1.17396e-05,-0.00110263,-0.00109086,0.00366164,-0.00041074,-0.00127015,0.000240744,-1.802e-05,0.000339486,0.000129279,-0.00041074,0.00192742,-0.00102774,-0.00272614,4.77256e-05,-0.000986227,0.000973796,-0.00127015,-0.00102774,0.0330517,0.00134968,-0.00140904,0.000452173,-1.07949e-05,0.000240744,-0.00272614,0.00134968,0.0286078,-6.83775e-05,-2.41453e-05,1.17396e-05,-1.802e-05,4.77256e-05,-0.00140904,-6.83775e-05,0.0466675,
0.00360658,-0.00100975,-0.00110263,0.000339501,-0.000986246,0.000452164,-2.42227e-05,-0.00100975,0.00157445,-0.00109086,0.000129274,0.0009738,-1.0798e-05,1.17534e-05,-0.00110263,-0.00109086,0.00366164,-0.000410739,-0.00127018,0.000240741,-1.81027e-05,0.000339501,0.000129274,-0.000410739,0.00192742,-0.00102773,-0.0027261,4.77186e-05,-0.000986246,0.0009738,-0.00127018,-0.00102773,0.0330514,0.00134964,-0.00140955,0.000452164,-1.0798e-05,0.000240741,-0.0027261,0.00134964,0.028608,-6.83913e-05,-2.42227e-05,1.17534e-05,-1.81027e-05,4.77186e-05,-0.00140955,-6.83913e-05,0.0466674,
0.00360658,-0.00100975,-0.00110263,0.000339516,-0.000986267,0.000452154,-2.43006e-05,-0.00100975,0.00157445,-0.00109087,0.000129269,0.000973804,-1.0801e-05,1.17672e-05,-0.00110263,-0.00109087,0.00366165,-0.000410739,-0.0012702,0.000240738,-1.81861e-05,0.000339516,0.000129269,-0.000410739,0.00192742,-0.00102772,-0.00272606,4.77116e-05,-0.000986267,0.000973804,-0.0012702,-0.00102772,0.033051,0.00134961,-0.00141005,0.000452154,-1.0801e-05,0.000240738,-0.00272606,0.00134961,0.0286081,-6.84052e-05,-2.43006e-05,1.17672e-05,-1.81861e-05,4.77116e-05,-0.00141005,-6.84052e-05,0.0466673,
0.00360657,-0.00100975,-0.00110262,0.000339529,-0.000986287,0.000452145,-2.4379e-05,-0.00100975,0.00157445,-0.00109087,0.000129264,0.000973809,-1.08039e-05,1.17811e-05,-0.00110262,-0.00109087,0.00366165,-0.000410738,-0.00127023,0.000240736,-1.82699e-05,0.000339529,0.000129264,-0.000410738,0.00192742,-0.00102772,-0.00272601,4.77046e-05,-0.000986287,0.000973809,-0.00127023,-0.00102772,0.0330507,0.00134957,-0.00141057,0.000452145,-1.08039e-05,0.000240736,-0.00272601,0.00134957,0.0286082,-6.84192e-05,-2.4379e-05,1.17811e-05,-1.82699e-05,4.77046e-05,-0.00141057,-6.84192e-05,0.0466672,
0.00360657,-0.00100975,-0.00110262,0.000339541,-0.000986308,0.000452135,-2.44578e-05,-0.00100975,0.00157445,-0.00109087,0.00012926,0.000973814,-1.08066e-05,1.1795e-05,-0.00110262,-0.00109087,0.00366165,-0.000410738,-0.00127025,0.000240734,-1.83541e-05,0.000339541,0.00012926,-0.000410738,0.00192742,-0.00102771,-0.00272597,4.76976e-05,-0.000986308,0.000973814,-0.00127025,-0.00102771,0.0330503,0.00134954,-0.00141108,0.000452135,-1.08066e-05,0.000240734,-0.00272597,0.00134954,0.0286083,-6.84333e-05,-2.44578e-05,1.1795e-05,-1.83541e-05,4.76976e-05,-0.00141108,-6.84333e-05,0.0466671,
0.00360657,-0.00100975,-0.00110261,0.000339553,-0.000986329,0.000452125,-2.4537e-05,-0.00100975,0.00157445,-0.00109087,0.000129256,0.000973818,-1.08093e-05,1.18091e-05,-0.00110261,-0.00109087,0.00366165,-0.000410737,-0.00127028,0.000240731,-1.84388e-05,0.000339553,0.000129256,-0.000410737,0.00192742,-0.0010277,-0.00272593,4.76906e-05,-0.000986329,0.000973818,-0.00127028,-0.0010277,0.0330499,0.0013495,-0.0014116,0.000452125,-1.08093e-05,0.000240731,-0.00272593,0.0013495,0.0286085,-6.84475e-05,-2.4537e-05,1.18091e-05,-1.84388e-05,4.76906e-05,-0.0014116,-6.84475e-05,0.046667,
0.00360656,-0.00100975,-0.00110261,0.000339565,-0.00098635,0.000452115,-2.46165e-05,-0.00100975,0.00157445,-0.00109087,0.000129252,0.000973823,-1.08118e-05,1.18232e-05,-0.00110261,-0.00109087,0.00366165,-0.000410736,-0.0012703,0.000240729,-1.85239e-05,0.000339565,0.000129252,-0.000410736,0.00192742,-0.0010277,-0.00272588,4.76835e-05,-0.00098635,0.000973823,-0.0012703,-0.0010277,0.0330496,0.00134947,-0.00141212,0.000452115,-1.08118e-05,0.000240729,-0.00272588,0.00134947,0.0286086,-6.84617e-05,-2.46165e-05,1.18232e-05,-1.85239e-05,4.76835e-05,-0.00141212,-6.84617e-05,0.0466668,
0.00360656,-0.00100975,-0.00110261,0.000339575,-0.000986372,0.000452104,-2.46964e-05,-0.00100975,0.00157445,-0.00109087,0.000129248,0.000973828,-1.08143e-05,1.18373e-05,-0.00110261,-0.00109087,0.00366165,-0.000410735,-0.00127033,0.000240726,-1.86093e-05,0.000339575,0.000129248,-0.000410735,0.00192742,-0.00102769,-0.00272584,4.76764e-05,-0.000986372,0.000973828,-0.00127033,-0.00102769,0.0330492,0.00134943,-0.00141264,0.000452104,-1.08143e-05,0.000240726,-0.00272584,0.00134943,0.0286087,-6.8476e-05,-2.46964e-05,1.18373e-05,-1.86093e-05,4.76764e-05,-0.00141264,-6.8476e-05,0.0466667,
0.00360656,-0.00100975,-0.0011026,0.000339586,-0.000986394,0.000452093,-2.47765e-05,-0.00100975,0.00157445,-0.00109087,0.000129245,0.000973834,-1.08167e-05,1.18516e-05,-0.0011026,-0.00109087,0.00366165,-0.000410734,-0.00127036,0.000240724,-1.86951e-05,0.000339586,0.000129245,-0.000410734,0.00192741,-0.00102768,-0.0027258,4.76693e-05,-0.000986394,0.000973834,-0.00127036,-0.00102768,0.0330488,0.0013494,-0.00141316,0.000452093,-1.08167e-05,0.000240724,-0.0027258,0.0013494,0.0286089,-6.84903e-05,-2.47765e-05,1.18516e-05,-1.86951e-05,4.76693e-05,-0.00141316,-6.84903e-05,0.0466666,
0.00360656,-0.00100975,-0.0011026,0.000339596,-0.000986417,0.000452083,-2.4857e-05,-0.00100975,0.00157445,-0.00109087,0.000129242,0.000973839,-1.08191e-05,1.18658e-05,-0.0011026,-0.00109087,0.00366165,-0.000410734,-0.00127038,0.000240722,-1.87811e-05,0.000339596,0.000129242,-0.000410734,0.00192741,-0.00102768,-0.00272575,4.76622e-05,-0.000986417,0.000973839,-0.00127038,-0.00102768,0.0330485,0.00134936,-0.00141369,0.000452083,-1.08191e-05,0.000240722,-0.00272575,0.00134936,0.028609,-6.85047e-05,-2.4857e-05,1.18658e-05,-1.87811e-05,4.76622e-05,-0.00141369,-6.85047e-05,0.0466665,
0.00360656,-0.00100974,-0.0011026,0.000339605,-0.000986439,0.000452072,-2.49377e-05,-0.00100974,0.00157445,-0.00109087,0.000129239,0.000973844,-1.08214e-05,1.18801e-05,-0.0011026,-0.00109087,0.00366165,-0.000410733,-0.00127041,0.000240719,-1.88675e-05,0.000339605,0.000129239,-0.000410733,0.00192741,-0.00102767,-0.00272571,4.76551e-05,-0.000986439,0.000973844,-0.00127041,-0.00102767,0.0330481,0.00134933,-0.00141421,0.000452072,-1.08214e-05,0.000240719,-0.00272571,0.00134933,0.0286091,-6.85192e-05,-2.49377e-05,1.18801e-05,-1.88675e-05,4.76551e-05,-0.00141421,-6.85192e-05,0.0466664,
0.00360656,-0.00100974,-0.00110259,0.000339614,-0.000986462,0.000452061,-2.50186e-05,-0.00100974,0.00157446,-0.00109087,0.000129236,0.000973849,-1.08237e-05,1.18945e-05,-0.00110259,-0.00109087,0.00366165,-0.000410732,-0.00127043,0.000240717,-1.8954e-05,0.000339614,0.000129236,-0.000410732,0.00192741,-0.00102766,-0.00272567,4.76479e-05,-0.000986462,0.000973849,-0.00127043,-0.00102766,0.0330477,0.00134929,-0.00141474,0.000452061,-1.08237e-05,0.000240717,-0.00272567,0.00134929,0.0286092,-6.85337e-05,-2.50186e-05,1.18945e-05,-1.8954e-05,4.76479e-05,-0.00141474,-6.85337e-05,0.0466663,
0.00360655,-0.00100974,-0.00110259,0.000339623,-0.000986485,0.000452049,-2.50998e-05,-0.00100974,0.00157446,-0.00109087,0.000129233,0.000973855,-1.08259e-05,1.19089e-05,-0.00110259,-0.00109087,0.00366165,-0.00041073,-0.00127046,0.000240715,-1.90409e-05,0.000339623,0.000129233,-0.00041073,0.00192741,-0.00102765,-0.00272562,4.76408e-05,-0.000986485,0.000973855,-0.00127046,-0.00102765,0.0330474,0.00134925,-0.00141527,0.000452049,-1.08259e-05,0.000240715,-0.00272562,0.00134925,0.0286094,-6.85482e-05,-2.50998e-05,1.19089e-05,-1.90409e-05,4.76408e-05,-0.00141527,-6.85482e-05,0.0466662,
0.00360655,-0.00100974,-0.00110259,0.000339632,-0.000986508,0.000452038,-2.51811e-05,-0.00100974,0.00157446,-0.00109087,0.000129231,0.00097386,-1.08281e-05,1.19233e-05,-0.00110259,-0.00109087,0.00366165,-0.000410729,-0.00127048,0.000240712,-1.91279e-05,0.000339632,0.000129231,-0.000410729,0.0019274,-0.00102764,-0.00272558,4.76336e-05,-0.000986508,0.00097386,-0.00127048,-0.00102764,0.033047,0.00134922,-0.00141581,0.000452038,-1.08281e-05,0.000240712,-0.00272558,0.00134922,0.0286095,-6.85628e-05,-2.51811e-05,1.19233e-05,-1.91279e-05,4.76336e-05,-0.00141581,-6.85628e-05,0.0466661,
0.00360655,-0.00100974,-0.00110259,0.00033964,-0.000986532,0.000452027,-2.52627e-05,-0.00100974,0.00157446,-0.00109087,0.000129228,0.000973866,-1.08303e-05,1.19378e-05,-0.00110259,-0.00109087,0.00366166,-0.000410728,-0.00127051,0.00024071,-1.92152e-05,0.00033964,0.000129228,-0.000410728,0.0019274,-0.00102764,-0.00272553,4.76264e-05,-0.000986532,0.000973866,-0.00127051,-0.00102764,0.0330466,0.00134918,-0.00141634,0.000452027,-1.08303e-05,0.00024071,-0.00272553,0.00134918,0.0286096,-6.85774e-05,-2.52627e-05,1.19378e-05,-1.92152e-05,4.76264e-05,-0.00141634,-6.85774e-05,0.046666,
0.00360655,-0.00100974,-0.00110258,0.000339648,-0.000986555,0.000452015,-2.53444e-05,-0.00100974,0.00157446,-0.00109087,0.000129226,0.000973871,-1.08325e-05,1.19523e-05,-0.00110258,-0.00109087,0.00366166,-0.000410727,-0.00127053,0.000240708,-1.93026e-05,0.000339648,0.000129226,-0.000410727,0.0019274,-0.00102763,-0.00272549,4.76192e-05,-0.000986555,0.000973871,-0.00127053,-0.00102763,0.0330462,0.00134915,-0.00141688,0.000452015,-1.08325e-05,0.000240708,-0.00272549,0.00134915,0.0286098,-6.85921e-05,-2.53444e-05,1.19523e-05,-1.93026e-05,4.76192e-05,-0.00141688,-6.85921e-05,0.0466659,
0.00360655,-0.00100974,-0.00110258,0.000339656,-0.000986579,0.000452003,-2.54263e-05,-0.00100974,0.00157446,-0.00109087,0.000129224,0.000973877,-1.08346e-05,1.19668e-05,-0.00110258,-0.00109087,0.00366166,-0.000410726,-0.00127056,0.000240705,-1.93902e-05,0.000339656,0.000129224,-0.000410726,0.0019274,-0.00102762,-0.00272545,4.7612e-05,-0.000986579,0.000973877,-0.00127056,-0.00102762,0.0330459,0.00134911,-0.00141741,0.000452003,-1.08346e-05,0.000240705,-0.00272545,0.00134911,0.0286099,-6.86067e-05,-2.54263e-05,1.19668e-05,-1.93902e-05,4.7612e-05,-0.00141741,-6.86067e-05,0.0466658,
0.00360655,-0.00100974,-0.00110258,0.000339664,-0.000986603,0.000451992,-2.55084e-05,-0.00100974,0.00157446,-0.00109087,0.000129222,0.000973883,-1.08367e-05,1.19814e-05,-0.00110258,-0.00109087,0.00366166,-0.000410725,-0.00127059,0.000240703,-1.9478e-05,0.000339664,0.000129222,-0.000410725,0.0019274,-0.00102761,-0.0027254,4.76048e-05,-0.000986603,0.000973883,-0.00127059,-0.00102761,0.0330455,0.00134907,-0.00141795,0.000451992,-1.08367e-05,0.000240703,-0.0027254,0.00134907,0.02861,-6.86214e-05,-2.55084e-05,1.19814e-05,-1.9478e-05,4.76048e-05,-0.00141795,-6.86214e-05,0.0466657,
0.00360655,-0.00100974,-0.00110258,0.000339671,-0.000986627,0.00045198,-2.55905e-05,-0.00100974,0.00157446,-0.00109087,0.00012922,0.000973888,-1.08388e-05,1.19959e-05,-0.00110258,-0.00109087,0.00366166,-0.000410723,-0.00127061,0.000240701,-1.95659e-05,0.000339671,0.00012922,-0.000410723,0.00192739,-0.0010276,-0.00272536,4.75976e-05,-0.000986627,0.000973888,-0.00127061,-0.0010276,0.0330451,0.00134904,-0.00141849,0.00045198,-1.08388e-05,0.000240701,-0.00272536,0.00134904,0.0286102,-6.86362e-05,-2.55905e-05,1.19959e-05,-1.95659e-05,4.75976e-05,-0.00141849,-6.86362e-05,0.0466656,
0.00360655,-0.00100974,-0.00110257,0.000339679,-0.000986651,0.000451968,-2.56728e-05,-0.00100974,0.00157446,-0.00109088,0.000129218,0.000973894,-1.08409e-05,1.20105e-05,-0.00110257,-0.00109088,0.00366166,-0.000410722,-0.00127064,0.000240698,-1.9654e-05,0.000339679,0.000129218,-0.000410722,0.00192739,-0.00102759,-0.00272531,4.75904e-05,-0.000986651,0.000973894,-0.00127064,-0.00102759,0.0330447,0.001349,-0.00141903,0.000451968,-1.08409e-05,0.000240698,-0.00272531,0.001349,0.0286103,-6.86509e-05,-2.56728e-05,1.20105e-05,-1.9654e-05,4.75904e-05,-0.00141903,-6.86509e-05,0.0466654,
0.00360654,-0.00100974,-0.00110257,0.000339686,-0.000986675,0.000451956,-2.57553e-05,-0.00100974,0.00157446,-0.00109088,0.000129216,0.0009739,-1.08429e-05,1.20252e-05,-0.00110257,-0.00109088,0.00366166,-0.000410721,-0.00127066,0.000240696,-1.97422e-05,0.000339686,0.000129216,-0.000410721,0.00192739,-0.00102758,-0.00272527,4.75832e-05,-0.000986675,0.0009739,-0.00127066,-0.00102758,0.0330444,0.00134896,-0.00141957,0.000451956,-1.08429e-05,0.000240696,-0.00272527,0.00134896,0.0286104,-6.86657e-05,-2.57553e-05,1.20252e-05,-1.97422e-05,4.75832e-05,-0.00141957,-6.86657e-05,0.0466653,
0.00360654,-0.00100974,-0.00110257,0.000339693,-0.000986699,0.000451944,-2.58378e-05,-0.00100974,0.00157446,-0.00109088,0.000129214,0.000973906,-1.0845e-05,1.20398e-05,-0.00110257,-0.00109088,0.00366166,-0.00041072,-0.00127069,0.000240694,-1.98305e-05,0.000339693,0.000129214,-0.00041072,0.00192739,-0.00102758,-0.00272522,4.7576e-05,-0.000986699,0.000973906,-0.00127069,-0.00102758,0.033044,0.00134893,-0.00142011,0.000451944,-1.0845e-05,0.000240694,-0.00272522,0.00134893,0.0286106,-6.86805e-05,-2.58378e-05,1.20398e-05,-1.98305e-05,4.7576e-05,-0.00142011,-6.86805e-05,0.0466652,
0.00360654,-0.00100974,-0.00110257,0.0003397,-0.000986723,0.000451932,-2.59204e-05,-0.00100974,0.00157446,-0.00109088,0.000129212,0.000973912,-1.0847e-05,1.20545e-05,-0.00110257,-0.00109088,0.00366166,-0.000410718,-0.00127071,0.000240691,-1.99189e-05,0.0003397,0.000129212,-0.000410718,0.00192738,-0.00102757,-0.00272518,4.75688e-05,-0.000986723,0.000973912,-0.00127071,-0.00102757,0.0330436,0.00134889,-0.00142065,0.000451932,-1.0847e-05,0.000240691,-0.00272518,0.00134889,0.0286107,-6.86953e-05,-2.59204e-05,1.20545e-05,-1.99189e-05,4.75688e-05,-0.00142065,-6.86953e-05,0.0466651,
0.00360654,-0.00100974,-0.00110256,0.000339707,-0.000986747,0.00045192,-2.60032e-05,-0.00100974,0.00157446,-0.00109088,0.00012921,0.000973917,-1.0849e-05,1.20692e-05,-0.00110256,-0.00109088,0.00366167,-0.000410717,-0.00127074,0.000240689,-2.00075e-05,0.000339707,0.00012921,-0.000410717,0.00192738,-0.00102756,-0.00272514,4.75616e-05,-0.000986747,0.000973917,-0.00127074,-0.00102756,0.0330432,0.00134885,-0.00142119,0.00045192,-1.0849e-05,0.000240689,-0.00272514,0.00134885,0.0286108,-6.87102e-05,-2.60032e-05,1.20692e-05,-2.00075e-05,4.75616e-05,-0.00142119,-6.87102e-05,0.046665,
0.00360654,-0.00100974,-0.00110256,0.000339714,-0.000986772,0.000451908,-2.6086e-05,-0.00100974,0.00157447,-0.00109088,0.000129208,0.000973923,-1.0851e-05,1.20839e-05,-0.00110256,-0.00109088,0.00366167,-0.000410716,-0.00127077,0.000240687,-2.00961e-05,0.000339714,0.000129208,-0.000410716,0.00192738,-0.00102755,-0.00272509,4.75544e-05,-0.000986772,0.000973923,-0.00127077,-0.00102755,0.0330428,0.00134882,-0.00142174,0.000451908,-1.0851e-05,0.000240687,-0.00272509,0.00134882,0.0286109,-6.8725e-05,-2.6086e-05,1.20839e-05,-2.00961e-05,4.75544e-05,-0.00142174,-6.8725e-05,0.0466649,
0.00360654,-0.00100974,-0.00110256,0.000339721,-0.000986796,0.000451896,-2.61689e-05,-0.00100974,0.00157447,-0.00109088,0.000129207,0.000973929,-1.0853e-05,1.20986e-05,-0.00110256,-0.00109088,0.00366167,-0.000410714,-0.00127079,0.000240684,-2.01848e-05,0.000339721,0.000129207,-0.000410714,0.00192738,-0.00102754,-0.00272505,4.75472e-05,-0.000986796,0.000973929,-0.00127079,-0.00102754,0.0330425,0.00134878,-0.00142228,0.000451896,-1.0853e-05,0.000240684,-0.00272505,0.00134878,0.0286111,-6.87399e-05,-2.61689e-05,1.20986e-05,-2.01848e-05,4.75472e-05,-0.00142228,-6.87399e-05,0.0466648,
0.00360654,-0.00100974,-0.00110256,0.000339728,-0.000986821,0.000451883,-2.62519e-05,-0.00100974,0.00157447,-0.00109088,0.000129205,0.000973935,-1.0855e-05,1.21133e-05,-0.00110256,-0.00109088,0.00366167,-0.000410713,-0.00127082,0.000240682,-2.02735e-05,0.000339728,0.000129205,-0.000410713,0.00192737,-0.00102753,-0.002725,4.754e-05,-0.000986821,0.000973935,-0.00127082,-0.00102753,0.0330421,0.00134874,-0.00142283,0.000451883,-1.0855e-05,0.000240682,-0.002725,0.00134874,0.0286112,-6.87548e-05,-2.62519e-05,1.21133e-05,-2.02735e-05,4.754e-05,-0.00142283,-6.87548e-05,0.0466647,
0.00360654,-0.00100974,-0.00110256,0.000339735,-0.000986845,0.000451871,-2.63349e-05,-0.00100974,0.00157447,-0.00109088,0.000129203,0.000973941,-1.0857e-05,1.21281e-05,-0.00110256,-0.00109088,0.00366167,-0.000410712,-0.00127084,0.00024068,-2.03624e-05,0.000339735,0.000129203,-0.000410712,0.00192737,-0.00102752,-0.00272496,4.75327e-05,-0.000986845,0.000973941,-0.00127084,-0.00102752,0.0330417,0.00134871,-0.00142337,0.000451871,-1.0857e-05,0.00024068,-0.00272496,0.00134871,0.0286113,-6.87697e-05,-2.63349e-05,1.21281e-05,-2.03624e-05,4.75327e-05,-0.00142337,-6.87697e-05,0.0466645,
0.00360654,-0.00100974,-0.00110255,0.000339741,-0.00098687,0.000451859,-2.6418e-05,-0.00100974,0.00157447,-0.00109088,0.000129202,0.000973947,-1.0859e-05,1.21429e-05,-0.00110255,-0.00109088,0.00366167,-0.00041071,-0.00127087,0.000240677,-2.04513e-05,0.000339741,0.000129202,-0.00041071,0.00192737,-0.00102751,-0.00272491,4.75255e-05,-0.00098687,0.000973947,-0.00127087,-0.00102751,0.0330413,0.00134867,-0.00142392,0.000451859,-1.0859e-05,0.000240677,-0.00272491,0.00134867,0.0286115,-6.87846e-05,-2.6418e-05,1.21429e-05,-2.04513e-05,4.75255e-05,-0.00142392,-6.87846e-05,0.0466644,
0.00360654,-0.00100974,-0.00110255,0.000339748,-0.000986894,0.000451847,-2.65012e-05,-0.00100974,0.00157447,-0.00109088,0.0001292,0.000973953,-1.0861e-05,1.21576e-05,-0.00110255,-0.00109088,0.00366167,-0.000410709,-0.0012709,0.000240675,-2.05403e-05,0.000339748,0.0001292,-0.000410709,0.00192737,-0.0010275,-0.00272487,4.75183e-05,-0.000986894,0.000973953,-0.0012709,-0.0010275,0.0330409,0.00134863,-0.00142447,0.000451847,-1.0861e-05,0.000240675,-0.00272487,0.00134863,0.0286116,-6.87996e-05,-2.65012e-05,1.21576e-05,-2.05403e-05,4.75183e-05,-0.00142447,-6.87996e-05,0.0466643,
0.00360654,-0.00100974,-0.00110255,0.000339754,-0.000986919,0.000451834,-2.65844e-05,-0.00100974,0.00157447,-0.00109088,0.000129198,0.000973959,-1.08629e-05,1.21724e-05,-0.00110255,-0.00109088,0.00366167,-0.000410707,-0.00127092,0.000240673,-2.06293e-05,0.000339754,0.000129198,-0.000410707,0.00192737,-0.0010275,-0.00272482,4.75111e-05,-0.000986919,0.000973959,-0.00127092,-0.0010275,0.0330406,0.0013486,-0.00142501,0.000451834,-1.08629e-05,0.000240673,-0.00272482,0.0013486,0.0286117,-6.88145e-05,-2.65844e-05,1.21724e-05,-2.06293e-05,4.75111e-05,-0.00142501,-6.88145e-05,0.0466642,
0.00360654,-0.00100974,-0.00110255,0.000339761,-0.000986944,0.000451822,-2.66677e-05,-0.00100974,0.00157447,-0.00109088,0.000129197,0.000973965,-1.08649e-05,1.21872e-05,-0.00110255,-0.00109088,0.00366167,-0.000410706,-0.00127095,0.00024067,-2.07184e-05,0.000339761,0.000129197,-0.000410706,0.00192736,-0.00102749,-0.00272478,4.75039e-05,-0.000986944,0.000973965,-0.00127095,-0.00102749,0.0330402,0.00134856,-0.00142556,0.000451822,-1.08649e-05,0.00024067,-0.00272478,0.00134856,0.0286119,-6.88295e-05,-2.66677e-05,1.21872e-05,-2.07184e-05,4.75039e-05,-0.00142556,-6.88295e-05,0.0466641,
0.00360654,-0.00100973,-0.00110254,0.000339767,-0.000986968,0.000451809,-2.6751e-05,-0.00100973,0.00157447,-0.00109088,0.000129195,0.000973971,-1.08669e-05,1.2202e-05,-0.00110254,-0.00109088,0.00366168,-0.000410705,-0.00127097,0.000240668,-2.08075e-05,0.000339767,0.000129195,-0.000410705,0.00192736,-0.00102748,-0.00272473,4.74967e-05,-0.000986968,0.000973971,-0.00127097,-0.00102748,0.0330398,0.00134852,-0.00142611,0.000451809,-1.08669e-05,0.000240668,-0.00272473,0.00134852,0.028612,-6.88444e-05,-2.6751e-05,1.2202e-05,-2.08075e-05,4.74967e-05,-0.00142611,-6.88444e-05,0.046664,
0.00360653,-0.00100973,-0.00110254,0.000339774,-0.000986993,0.000451797,-2.68344e-05,-0.00100973,0.00157447,-0.00109088,0.000129194,0.000973977,-1.08689e-05,1.22168e-05,-0.00110254,-0.00109088,0.00366168,-0.000410703,-0.001271,0.000240665,-2.08967e-05,0.000339774,0.000129194,-0.000410703,0.00192736,-0.00102747,-0.00272469,4.74895e-05,-0.000986993,0.000973977,-0.001271,-0.00102747,0.0330394,0.00134848,-0.00142666,0.000451797,-1.08689e-05,0.000240665,-0.00272469,0.00134848,0.0286121,-6.88594e-05,-2.68344e-05,1.22168e-05,-2.08967e-05,4.74895e-05,-0.00142666,-6.88594e-05,0.0466638,
0.00360653,-0.00100973,-0.00110254,0.00033978,-0.000987018,0.000451785,-2.69178e-05,-0.00100973,0.00157447,-0.00109088,0.000129192,0.000973983,-1.08708e-05,1.22317e-05,-0.00110254,-0.00109088,0.00366168,-0.000410702,-0.00127102,0.000240663,-2.0986e-05,0.00033978,0.000129192,-0.000410702,0.00192736,-0.00102746,-0.00272464,4.74823e-05,-0.000987018,0.000973983,-0.00127102,-0.00102746,0.033039,0.00134845,-0.00142721,0.000451785,-1.08708e-05,0.000240663,-0.00272464,0.00134845,0.0286123,-6.88744e-05,-2.69178e-05,1.22317e-05,-2.0986e-05,4.74823e-05,-0.00142721,-6.88744e-05,0.0466637,
0.00360653,-0.00100973,-0.00110254,0.000339787,-0.000987042,0.000451772,-2.70012e-05,-0.00100973,0.00157447,-0.00109088,0.000129191,0.000973989,-1.08728e-05,1.22465e-05,-0.00110254,-0.00109088,0.00366168,-0.000410701,-0.00127105,0.000240661,-2.10752e-05,0.000339787,0.000129191,-0.000410701,0.00192735,-0.00102745,-0.0027246,4.74752e-05,-0.000987042,0.000973989,-0.00127105,-0.00102745,0.0330387,0.00134841,-0.00142776,0.000451772,-1.08728e-05,0.000240661,-0.0027246,0.00134841,0.0286124,-6.88894e-05,-2.70012e-05,1.22465e-05,-2.10752e-05,4.74752e-05,-0.00142776,-6.88894e-05,0.0466636,
0.00360653,-0.00100973,-0.00110254,0.000339793,-0.000987067,0.00045176,-2.70847e-05,-0.00100973,0.00157448,-0.00109088,0.000129189,0.000973995,-1.08747e-05,1.22614e-05,-0.00110254,-0.00109088,0.00366168,-0.000410699,-0.00127108,0.000240658,-2.11645e-05,0.000339793,0.000129189,-0.000410699,0.00192735,-0.00102744,-0.00272455,4.7468e-05,-0.000987067,0.000973995,-0.00127108,-0.00102744,0.0330383,0.00134837,-0.00142831,0.00045176,-1.08747e-05,0.000240658,-0.00272455,0.00134837,0.0286125,-6.89044e-05,-2.70847e-05,1.22614e-05,-2.11645e-05,4.7468e-05,-0.00142831,-6.89044e-05,0.0466635,
0.00360653,-0.00100973,-0.00110253,0.000339799,-0.000987092,0.000451747,-2.71681e-05,-0.00100973,0.00157448,-0.00109088,0.000129188,0.000974001,-1.08767e-05,1.22762e-05,-0.00110253,-0.00109088,0.00366168,-0.000410698,-0.0012711,0.000240656,-2.12538e-05,0.000339799,0.000129188,-0.000410698,0.00192735,-0.00102743,-0.00272451,4.74608e-05,-0.000987092,0.000974001,-0.0012711,-0.00102743,0.0330379,0.00134834,-0.00142886,0.000451747,-1.08767e-05,0.000240656,-0.00272451,0.00134834,0.0286127,-6.89194e-05,-2.71681e-05,1.22762e-05,-2.12538e-05,4.74608e-05,-0.00142886,-6.89194e-05,0.0466634,
0.00360653,-0.00100973,-0.00110253,0.000339806,-0.000987117,0.000451735,-2.72517e-05,-0.00100973,0.00157448,-0.00109088,0.000129186,0.000974007,-1.08787e-05,1.22911e-05,-0.00110253,-0.00109088,0.00366168,-0.000410696,-0.00127113,0.000240653,-2.13432e-05,0.000339806,0.000129186,-0.000410696,0.00192735,-0.00102742,-0.00272446,4.74536e-05,-0.000987117,0.000974007,-0.00127113,-0.00102742,0.0330375,0.0013483,-0.00142941,0.000451735,-1.08787e-05,0.000240653,-0.00272446,0.0013483,0.0286128,-6.89345e-05,-2.72517e-05,1.22911e-05,-2.13432e-05,4.74536e-05,-0.00142941,-6.89345e-05,0.0466632,
0.00360653,-0.00100973,-0.00110253,0.000339812,-0.000987141,0.000451722,-2.73352e-05,-0.00100973,0.00157448,-0.00109088,0.000129185,0.000974013,-1.08806e-05,1.23059e-05,-0.00110253,-0.00109088,0.00366168,-0.000410695,-0.00127115,0.000240651,-2.14326e-05,0.000339812,0.000129185,-0.000410695,0.00192734,-0.00102741,-0.00272442,4.74464e-05,-0.000987141,0.000974013,-0.00127115,-0.00102741,0.0330371,0.00134826,-0.00142996,0.000451722,-1.08806e-05,0.000240651,-0.00272442,0.00134826,0.0286129,-6.89495e-05,-2.73352e-05,1.23059e-05,-2.14326e-05,4.74464e-05,-0.00142996,-6.89495e-05,0.0466631,
0.00360653,-0.00100973,-0.00110253,0.000339818,-0.000987166,0.00045171,-2.74188e-05,-0.00100973,0.00157448,-0.00109088,0.000129183,0.000974019,-1.08826e-05,1.23208e-05,-0.00110253,-0.00109088,0.00366168,-0.000410693,-0.00127118,0.000240649,-2.1522e-05,0.000339818,0.000129183,-0.000410693,0.00192734,-0.0010274,-0.00272437,4.74393e-05,-0.000987166,0.000974019,-0.00127118,-0.0010274,0.0330367,0.00134822,-0.00143051,0.00045171,-1.08826e-05,0.000240649,-0.00272437,0.00134822,0.028613,-6.89645e-05,-2.74188e-05,1.23208e-05,-2.1522e-05,4.74393e-05,-0.00143051,-6.89645e-05,0.046663,
0.00360653,-0.00100973,-0.00110253,0.000339825,-0.000987191,0.000451697,-2.75024e-05,-0.00100973,0.00157448,-0.00109088,0.000129182,0.000974025,-1.08845e-05,1.23357e-05,-0.00110253,-0.00109088,0.00366169,-0.000410692,-0.00127121,0.000240646,-2.16114e-05,0.000339825,0.000129182,-0.000410692,0.00192734,-0.00102739,-0.00272433,4.74321e-05,-0.000987191,0.000974025,-0.00127121,-0.00102739,0.0330364,0.00134819,-0.00143106,0.000451697,-1.08845e-05,0.000240646,-0.00272433,0.00134819,0.0286132,-6.89796e-05,-2.75024e-05,1.23357e-05,-2.16114e-05,4.74321e-05,-0.00143106,-6.89796e-05,0.0466629,
0.00360653,-0.00100973,-0.00110252,0.000339831,-0.000987216,0.000451685,-2.7586e-05,-0.00100973,0.00157448,-0.00109088,0.00012918,0.000974031,-1.08865e-05,1.23506e-05,-0.00110252,-0.00109088,0.00366169,-0.000410691,-0.00127123,0.000240644,-2.17008e-05,0.000339831,0.00012918,-0.000410691,0.00192734,-0.00102738,-0.00272428,4.7425e-05,-0.000987216,0.000974031,-0.00127123,-0.00102738,0.033036,0.00134815,-0.00143161,0.000451685,-1.08865e-05,0.000240644,-0.00272428,0.00134815,0.0286133,-6.89946e-05,-2.7586e-05,1.23506e-05,-2.17008e-05,4.7425e-05,-0.00143161,-6.89946e-05,0.0466627,
0.00360653,-0.00100973,-0.00110252,0.000339837,-0.00098724,0.000451672,-2.76696e-05,-0.00100973,0.00157448,-0.00109088,0.000129179,0.000974037,-1.08884e-05,1.23655e-05,-0.00110252,-0.00109088,0.00366169,-0.000410689,-0.00127126,0.000240641,-2.17903e-05,0.000339837,0.000129179,-0.000410689,0.00192733,-0.00102737,-0.00272424,4.74178e-05,-0.00098724,0.000974037,-0.00127126,-0.00102737,0.0330356,0.00134811,-0.00143217,0.000451672,-1.08884e-05,0.000240641,-0.00272424,0.00134811,0.0286134,-6.90097e-05,-2.76696e-05,1.23655e-05,-2.17903e-05,4.74178e-05,-0.00143217,-6.90097e-05,0.0466626,
0.00360653,-0.00100973,-0.00110252,0.000339844,-0.000987265,0.00045166,-2.77533e-05,-0.00100973,0.00157448,-0.00109088,0.000129177,0.000974043,-1.08904e-05,1.23804e-05,-0.00110252,-0.00109088,0.00366169,-0.000410688,-0.00127128,0.000240639,-2.18798e-05,0.000339844,0.000129177,-0.000410688,0.00192733,-0.00102737,-0.00272419,4.74107e-05,-0.000987265,0.000974043,-0.00127128,-0.00102737,0.0330352,0.00134808,-0.00143272,0.00045166,-1.08904e-05,0.000240639,-0.00272419,0.00134808,0.0286136,-6.90248e-05,-2.77533e-05,1.23804e-05,-2.18798e-05,4.74107e-05,-0.00143272,-6.90248e-05,0.0466625,
0.00360653,-0.00100973,-0.00110252,0.00033985,-0.00098729,0.000451647,-2.78369e-05,-0.00100973,0.00157448,-0.00109088,0.000129176,0.000974049,-1.08924e-05,1.23953e-05,-0.00110252,-0.00109088,0.00366169,-0.000410686,-0.00127131,0.000240636,-2.19693e-05,0.00033985,0.000129176,-0.000410686,0.00192733,-0.00102736,-0.00272415,4.74035e-05,-0.00098729,0.000974049,-0.00127131,-0.00102736,0.0330348,0.00134804,-0.00143327,0.000451647,-1.08924e-05,0.000240636,-0.00272415,0.00134804,0.0286137,-6.90398e-05,-2.78369e-05,1.23953e-05,-2.19693e-05,4.74035e-05,-0.00143327,-6.90398e-05,0.0466624,
