Optimisation time (ms),derivs time (ms),BP time (ms),FP time (ms),% derivs,surprise,expected,new cost
7.52,4.411,1.101,0.966,66.4444,0.814641,56.4851,14.7801
7.522,4.499,1.105,0.925,69.5556,0.783945,31.528,5.79868
7.506,4.231,1.283,0.99,66.5556,1.43359,5.06018,0.327471
11.309,4.637,1.096,4.588,69.6667,0,0.253537,3.7642
7.56,4.475,1.081,0.967,68.1111,0.774651,5.2356,0.376364
10.861,4.178,1.071,4.65,69.3333,0,0.0356651,0.536869
7.27,4.182,1.108,0.957,67.7778,0.110447,0.583282,0.544585
7.656,4.595,1.103,0.95,69.7778,0.713731,0.566,0.14066
11.913,4.712,1.637,4.569,67.4444,4.2069,0.100447,1.36263
7.592,4.498,1.108,0.978,71.5556,0.954235,1.355,0.285771
11.817,5.102,1.142,4.653,73.7778,0,0.0145322,0.285051
7.69,4.552,1.119,1.03,72,0.147808,0.1566,0.260792
11.69,4.851,1.108,4.699,74.3333,1.92197,0.017564,0.232655
8.032,4.683,1.119,1.177,69.8889,0.328276,0.668281,0.502322
7.991,4.753,1.113,0.991,76.8889,0.669053,9.79492,3.42374
7.812,4.648,1.116,1.004,73.6667,0.221545,4.6027,3.0212
8.032,4.522,1.113,1.018,70.4444,0.671607,3.3781,1.25494
8.107,4.84,1.15,1.085,75.1111,0.826852,5.99723,1.67386
9.637,5.141,1.162,2.21,71.4444,0.162325,1.05794,1.62375
8.219,4.754,1.153,1.197,72.3333,1.02174,1.75373,0.583222
8.245,4.97,1.163,1.022,71.6667,0.0668214,1.23014,1.66322
7.899,4.682,1.147,1.009,71.4444,1.02321,1.30064,0.447622
8.679,5.028,1.134,1.013,76.3333,0.729378,5.95437,3.13515
8.224,5.019,1.156,0.95,73.6667,0.691062,3.34015,1.03579
7.678,4.494,1.136,1.037,72.1111,0.679869,9.01014,4.51344
8.16,4.892,1.14,1.013,72.5556,0.751358,3.01612,2.5785
11.759,4.444,1.14,4.742,72.6667,1.21284,0.621318,8.9509
8.17,4.807,1.226,0.921,77.1111,1.05759,27.5748,6.48196
7.353,4.332,1.101,0.928,75.4444,1.08017,15.3534,1.26074
7.589,4.55,1.121,0.931,69.7778,0.792501,1.32475,0.312711
7.961,4.811,1.143,1.008,74.6667,0.738357,3.81755,2.80048
7.824,4.452,1.149,1.007,70.6667,0.876526,2.66331,0.735687
8.227,5.023,1.156,1.012,75.7778,0.958858,0.895629,0.275227
8.198,5.018,1.142,0.983,77.8889,0.969203,0.227136,0.0594262
8.464,5.083,1.211,1.128,80.4444,1.06458,5.36012,0.108201
8.262,5.08,1.162,0.997,77.3333,1.08841,0.741756,0.0684386
8.372,5.152,1.145,0.987,79.1111,0.718,0.0479926,0.0423582
8.162,4.962,1.141,1.011,77.3333,0.897391,12.4203,0.159517
8.654,5.268,1.195,1.128,75.3333,0.932662,1.27306,0.152369
8.599,5.25,1.184,1.095,73.4444,0.746525,0.112495,0.0895336
8.593,5.102,1.195,1.034,76.2222,0.865789,21.5149,2.46738
9.426,5.045,1.481,1.331,72.3333,0.954387,24.8049,1.03993
12.591,5.186,1.196,5.081,73,0,0.0661274,1.12175
8.795,5.348,1.173,1.131,72.2222,0.261697,1.38287,0.97147
8.133,4.863,1.164,0.988,71.7778,0.578671,4.72344,1.53504
10.262,5.016,1.186,3.02,73.2222,2.34293,0.509065,0.355732
8.219,5.015,1.142,1.019,75.7778,0.98484,8.04706,0.403714
8.048,4.908,1.147,0.96,76.3333,0.735656,1.34087,0.623009
9.721,4.635,1.133,2.934,75.7778,1.40398,0.197431,0.34608
7.582,4.455,1.158,0.98,74.2222,0.324575,0.56237,0.575545
10.74,4.682,1.135,3.902,72.5556,0.606976,0.181427,0.534365
8.051,4.826,1.152,1.015,70.4444,1.24256,0.679671,0.367805
7.95,4.731,1.135,1.018,70.4444,0.611732,0.3822,0.236243
9.75,4.621,1.141,2.911,70.4444,0.66691,1.42073,2.41621
7.295,4.17,1.137,1.014,67.5556,0.851285,7.17488,0.325515
7.683,4.521,1.141,1.017,71.8889,1.12269,0.434988,0.100852
8.78,4.632,1.165,1.961,73,0.207798,0.0639691,0.106597
7.847,4.687,1.145,0.995,74.1111,1.20685,0.62937,0.0742791
8.086,4.89,1.148,1.013,72.5556,0.757012,3.52652,0.878639
10.525,4.451,1.15,3.884,68.5556,1.26363,0.1532,0.703559
7.988,4.362,1.15,1.417,71.6667,1.02834,1.58937,0.620568
8.351,4.603,1.312,1.33,67.6667,0.164151,0.509148,0.536694
9.597,4.873,1.612,2.042,73.2222,0.259557,0.359723,0.490576
8.31,4.877,1.176,1.063,71.7778,0.229638,0.72686,0.608317
8.206,4.908,1.16,1.029,69.2222,0.987773,4.31172,0.256784
8.426,5.171,1.143,1.016,71.5556,0.824881,5.69712,1.5104
8.108,4.88,1.143,1.003,77.4444,1.45141,1.04966,0.0806795
8.647,5.245,1.16,1.11,77.8889,0.85512,3.48582,0.145012
8.477,5.13,1.134,0.993,77.2222,0.736698,0.119241,0.0622832
8.063,4.829,1.145,1.01,77.3333,1.09135,1.10529,0.069402
8.067,4.835,1.148,1.014,76.6667,1.35548,1.34861,0.0537089
8.34,5.093,1.156,1.033,77.7778,0.123079,0.0478963,0.0546595
8.117,4.915,1.141,1.002,74.6667,1.16091,17.1962,0.416009
8.167,4.943,1.153,1.037,74.8889,1.04551,0.587322,0.0520993
7.913,4.711,1.16,1.01,72.5556,1.35626,3.02499,0.104939
7.887,4.71,1.139,0.996,73.8889,0.395218,0.0767276,0.0889563
8.169,4.932,1.138,1.036,74.4444,1.23255,2.77546,0.207662
8.021,4.843,1.141,0.995,75.1111,0.880434,3.05634,1.07186
7.809,4.626,1.143,1.02,72.4444,0.751134,0.971302,0.408729
9.226,5.299,1.643,1.23,74.4444,0.969127,0.817232,0.174297
9.665,5.2,1.151,1.98,74,0.250954,0.111855,0.145792
8.379,5.032,1.165,1.084,72.1111,1.07291,5.12812,0.271115
8.826,5.391,1.149,1.089,74.2222,1.00887,5.39693,0.345719
8.853,5.411,1.216,1.105,73.5556,0.950042,0.350201,0.0907569
10.092,5.577,1.174,2.203,73.6667,0.278722,0.0415092,0.0752029
9.061,5.565,1.187,1.168,75.3333,0.289235,0.0520146,0.0659962
8.993,5.521,1.205,1.122,74.7778,0.976506,1.21551,0.0910843
12.441,5.723,1.167,4.395,76.1111,1.58637,0.0104645,0.0718876
9.238,5.694,1.271,1.124,74.2222,0.83795,0.0819572,0.0568403
9.164,5.671,1.174,1.138,75.3333,0.0711961,4.18425,4.32585
8.446,5.04,1.191,1.034,72.6667,0.288034,3.28129,3.99897
8.251,4.882,1.216,1.075,73,0.299793,2.76065,3.45406
8.483,5.1,1.208,1.071,72.3333,0.843115,3.4628,1.05503
7.737,4.447,1.192,1.004,68.6667,0.881416,1.9025,0.592165
8.009,4.747,1.221,1.023,74.7778,0.765827,0.656081,0.216453
9.591,5.313,1.182,2.034,74.3333,0.136475,0.117616,0.216014
8.516,5.289,1.145,1.019,77.2222,1.12782,0.261828,0.0542454
10.144,4.928,1.142,2.998,76.5556,0.722232,0.0124966,0.0453057
8.488,5.246,1.138,1.024,78.3333,1.26187,0.303356,0.0511211
8.466,5.215,1.143,1.032,77.5556,1.01745,1.70042,0.0754894
12.835,5.512,1.149,5.145,80.5556,0,0.00317114,0.0782631
12.603,5.262,1.146,5.048,78.4444,4.52898,0.00291109,0.0791859
10.69,5.414,1.166,3.031,79,0.67208,0.0333457,0.0805278
8.417,5.137,1.149,1.054,76.8889,1.21404,2.3189,0.204457
10.278,5.796,1.159,2.182,79.7778,0.878134,8.20624,10.7516
8.65,5.258,1.147,1.075,76.3333,0.502818,27.6667,18.7327
8.633,5.242,1.147,1.125,69.4444,0.920035,23.8854,3.11585
8.918,5.42,1.145,1.143,71.8889,0.838729,3.02091,0.734682
13.353,5.472,1.158,5.558,71.3333,1.01871,0.300598,4.77804
10.761,5.057,1.167,3.285,72,2.08018,2.20789,1.7357
9.071,5.626,1.173,1.139,75,1.13824,7.70226,1.2671
8.709,5.255,1.159,1.095,71.1111,0.823551,7.77324,5.28642
8.216,4.787,1.173,1.141,67.2222,0.500321,7.10423,2.43155
8.553,5.064,1.137,1.159,65.4444,0.793355,13.912,4.247
8.659,5.196,1.146,1.116,68.3333,1.40882,10.4484,0.733866
10.914,5.282,1.152,3.317,69.5556,0.0791164,0.284188,0.724467
8.701,5.258,1.148,1.121,70.5556,0.746233,2.77419,1.29264
8.876,5.218,1.303,1.154,69.7778,1.05604,2.28503,1.3656
9.506,5.055,1.145,2.154,72,1.12211,1.05034,1.11901
8.415,5.085,1.152,1.117,78.3333,0.905517,40.2299,3.39966
8.753,5.3,1.147,1.131,71.7778,0.575631,3.46663,1.72364
12.969,5.586,1.142,5.09,74.7778,0,0.327614,7.89958
8.86,5.426,1.141,1.122,73.3333,0.817199,8.22727,1.4296
8.684,5.189,1.19,1.149,70.1111,0.632229,6.82427,1.91098
9.09,5.588,1.162,1.095,71.1111,0.957729,16.4718,1.60626
8.762,5.37,1.154,1.085,77.5556,0.384568,5.70662,4.12926
8.809,5.337,1.144,1.177,75.5556,0.520359,3.81317,2.63009
8.868,5.389,1.175,1.154,76.1111,0.895285,29.8505,2.4121
9.388,5.79,1.197,1.123,72.8889,0.708192,5.8534,2.65174
8.733,5.228,1.199,1.137,75.7778,0.942001,6.01235,1.12498
10.213,5.564,1.184,2.247,70.6667,0.523042,0.792404,0.751929
9.02,5.567,1.189,1.109,72.4444,0.330023,1.507,1.24901
10.465,5.911,1.186,2.149,77.4444,0.571128,30.4106,24.6648
8.84,5.393,1.203,1.122,76.6667,0.630458,32.9779,11.6786
8.681,5.195,1.186,1.148,69.1111,0.193477,3.75931,4.5264
8.92,5.513,1.173,1.108,73.6667,0.969454,3.85115,1.43471
9.778,5.275,1.182,2.182,70.5556,0.660856,0.967223,0.980448
8.612,5.246,1.154,1.069,73.8889,0.0962683,0.737565,0.909152
10.686,5.269,1.169,3.135,72.6667,1.37073,0.23835,0.600117
8.768,5.476,1.165,1.028,79.4444,1.06247,13.8293,1.08191
11.207,4.962,1.163,4.006,74,1.58656,0.22806,0.896676
8.303,5.017,1.159,1.055,75.5556,0.884671,16.9361,1.12096
8.333,5.082,1.16,1.025,75.1111,0.839847,0.909193,0.336812
8.519,5.259,1.159,1.033,76.6667,0.837379,5.88012,0.90303
8.401,5.092,1.156,1.056,75.3333,0.530285,0.792961,0.501182
8.404,5.073,1.151,1.089,74.8889,0.697103,2.0778,0.910241
8.799,5.44,1.149,1.057,74.5556,0.899385,0.212018,0.197925
10.547,5.248,1.147,3.05,77,0.692477,0.0400691,0.156573
8.259,4.922,1.174,1.04,75.2222,0.126758,0.167482,0.255316
8.629,5.255,1.148,1.077,74,0.0195549,0.63359,0.866873
8.428,5.083,1.145,1.075,73.2222,0.846003,0.973694,0.261408
10.111,5.206,1.171,2.611,75.7778,0.652669,0.134758,0.184909
9.871,5.453,1.192,2.099,74.7778,0.483933,0.376178,0.46411
8.399,5.125,1.167,0.995,71.6667,0.640559,0.700533,0.720257
8.236,4.922,1.131,1.062,75.3333,0.918432,14.6627,1.1571
11.788,5.438,1.19,4.044,73,4.68941,0.100026,0.983541
9.397,5.079,1.15,2.066,71.7778,0.434995,0.646973,1.08201
8.697,5.338,1.154,1.068,73.1111,0.614023,0.765276,1.06775
8.728,5.39,1.146,1.066,74.3333,0.789225,0.891415,0.477128
12.431,5.085,1.144,5.094,71.1111,0,0.151833,2.95887
8.495,5.095,1.15,1.069,70.1111,0.0453477,3.64438,2.99481
8.312,4.992,1.142,1.08,70.4444,0.718985,2.45097,1.03202
12.391,5.001,1.146,5.199,72.7778,0,0.041515,0.876475
8.231,5.007,1.11,1.042,72.1111,0.514041,0.915564,0.465612
7.902,4.668,1.114,1.055,69.5556,0.0305494,1.10576,0.947992
8.263,4.905,1.144,1.112,68.8889,0.814522,0.865686,0.323199
9.715,5.341,1.454,1.486,70.3333,0.666088,1.30139,0.57346
10.629,5.151,1.171,3.171,69.3333,0.597515,0.252176,0.62605
12.817,5.274,1.177,5.29,69.7778,0,0.0800625,1.34592
8.802,5.398,1.125,1.102,68.6667,0.470718,1.52737,0.697841
8.02,4.657,1.113,1.085,63.6667,0.566072,1.42051,0.371496
12.415,5.026,1.169,5.069,70.6667,0.391526,0.0206087,0.366099
11.513,5.127,1.125,4.18,72.8889,0.393961,0.0549196,0.3115
12.77,5.258,1.114,5.297,70.3333,0,0.0252295,0.600235
8.695,5.265,1.123,1.123,69.2222,0.591266,0.612001,0.252005
8.723,5.39,1.125,1.061,68.3333,0.878252,0.2889,0.21522
9.345,5.018,1.134,2.099,70,1.55817,0.718568,0.325733
7.688,4.487,1.124,1.002,69.1111,1.175,1.08361,0.268456
11.644,4.633,1.151,4.866,69.7778,0,0.0129341,0.267634
7.539,4.349,1.125,0.985,68.4444,0.0520611,0.197807,0.256684
7.928,4.772,1.119,0.999,68,0.751595,3.31232,0.488334
7.989,4.798,1.144,1.001,70.5556,0.0865444,0.43497,0.464326
8.11,4.835,1.122,1.062,69.8889,0.860242,2.61528,0.902445
8.645,5.267,1.142,1.101,68.5556,1.04338,0.65201,0.326349
8.362,4.971,1.165,1.106,71.5556,1.15868,1.31402,0.340643
12.103,5.51,1.142,4.343,72.3333,0.175644,0.0912447,0.582231
9.447,5.092,1.109,2.135,71.2222,0.712258,0.339562,0.369535
9.277,5.373,1.115,1.605,73.5556,1.27109,1.66616,0.528164
9.402,5.713,1.155,1.152,72.6667,0.945341,4.03476,0.738184
10.148,5.58,1.179,2.195,72.3333,0.220477,0.432225,0.733153
8.645,5.243,1.182,1.069,71.5556,0.713855,0.739171,0.472843
8.335,4.928,1.17,1.082,70.5556,0.391227,0.910573,0.718917
8.781,5.41,1.159,1.073,73.1111,0.465905,0.488582,0.39226
8.328,4.854,1.166,1.134,71.2222,0.120184,0.31729,0.374292
8.538,5.083,1.183,1.078,70.2222,1.15081,0.285329,0.101365
8.469,5.092,1.172,1.08,69.4444,1.31776,0.380266,0.0666379
10.714,5.23,1.211,3.158,71.6667,0.502224,0.0164057,0.0604712
8.902,5.408,1.143,1.116,71.4444,1.21719,0.230523,0.0931006
10.974,5.445,1.204,3.153,73.5556,0.49845,0.0824571,0.247236
8.133,4.819,1.154,1.093,72.1111,0.810797,0.256686,0.103133
8.564,5.152,1.145,1.121,75.5556,1.05513,3.60499,0.393688
9.595,5.147,1.18,2.109,71.7778,1.05215,0.1663,0.22021
8.515,5.137,1.194,1.056,71.4444,1.03248,0.653371,0.137554
9.714,5.245,1.164,2.2,73.5556,0.356562,0.709999,0.987948
12.648,5.265,1.156,5.113,70.2222,0,0.0296671,0.530092
8.891,5.384,1.196,1.144,69,0.62786,0.335049,0.368164
8.56,5.157,1.163,1.075,69.2222,0.231015,0.376958,0.317816
8.374,4.987,1.152,1.107,69.4444,0.636809,0.318969,0.143694
10.894,5.387,1.139,3.203,73.3333,1.04087,0.0565955,0.0883005
8.63,5.255,1.164,1.092,74.4444,0.948786,0.115516,0.0392535
8.668,5.315,1.149,1.085,74.1111,0.846938,2.95114,0.113315
9.666,5.29,1.171,2.088,73.8889,0.390404,0.188181,0.249965
9.351,4.994,1.138,2.104,71.8889,0.90031,0.138594,0.137461
12.508,5.036,1.191,5.188,74.1111,6.32552,0.0904412,0.775627
11.141,5.057,1.159,3.84,71.5556,1.10743,0.395898,1.17198
11.67,4.419,1.117,5.171,69.3333,0,0.0993785,1.26353
7.568,4.433,1.113,0.991,67.7778,0.863498,1.25772,0.406293
10.463,4.49,1.122,3.836,69.1111,0.867979,0.285776,0.878988
11.488,4.427,1.113,4.98,68.4444,0,0.0738744,1.08507
7.377,4.23,1.149,0.99,67,0.238223,1.41602,1.08179
7.552,4.361,1.15,1,68.5556,0.658712,1.3275,0.272064
7.539,4.277,1.124,1.1,67.7778,0.763769,4.32197,0.718259
8.435,5.17,1.138,1.011,70.4444,0.546866,0.630521,0.423086
8.264,4.994,1.16,1.039,74,1.09715,1.65136,0.7089
8.217,4.865,1.184,1.084,72.4444,0.912842,0.778007,0.0554618
10.549,5.176,1.144,3.096,74.4444,0.0241189,0.454632,1.35977
11.246,5.032,1.143,4.011,74.8889,0.540022,5.04901,19.3398
7.865,4.64,1.119,1.042,67.8889,1.07944,35.3779,10.389
8.343,4.947,1.139,1.129,68.4444,1.11289,23.232,1.53835
8.398,4.974,1.149,1.152,69.5556,1.13261,1.16217,0.245736
8.536,5.134,1.141,1.097,70.4444,0.804431,0.89689,0.175
9.67,5.754,1.229,1.505,74.5556,0.38412,0.0985491,0.137298
14.177,5.727,1.543,5.778,72.6667,0,0.00624667,0.136458
9.701,5.548,1.137,1.438,71.7778,0.324704,0.0949441,0.111209
8.767,5.305,1.161,1.11,69.1111,0.871789,5.35737,0.0775909
9.734,5.325,1.142,2.115,69.8889,1.09859,0.571595,0.212006
8.079,4.772,1.178,1.055,73.5556,0.916249,6.02288,0.706882
10.633,5.148,1.197,3.177,73.2222,1.33808,0.279577,0.359181
8.805,5.403,1.151,1.094,72.5556,0.730562,0.671583,0.377227
8.526,5.162,1.16,1.1,70.8889,0.817128,5.69721,1.43764
9.159,5.709,1.205,1.11,68.8889,0.941063,30.791,0.536818
9.093,5.614,1.219,1.135,71.1111,0.672476,0.569205,0.254247
8.44,4.972,1.174,1.144,74.4444,0.906369,2.66126,0.644974
8.96,5.456,1.196,1.153,75,0.821142,1.46942,0.24405
8.655,5.169,1.222,1.118,70.5556,0.976895,2.03951,0.0939259
8.547,5.089,1.208,1.125,70.5556,0.0757395,0.0956842,0.0987826
13.01,5.517,1.178,5.233,74.6667,0,0.0872447,1.5845
8.802,5.391,1.152,1.036,73.2222,0.625297,2.08628,0.429085
9.962,4.63,1.145,3.12,70.7778,1.64178,0.219439,0.22961
12.1,4.889,1.148,4.986,70,1.09871,0.11544,1.97017
8.013,4.736,1.119,1.035,72,1.22672,3.06993,1.32599
10.82,4.599,1.123,4.016,66.6667,0.463342,0.217143,0.920611
7.618,4.409,1.121,1.004,67.5556,0.641685,27.9048,10.4041
9.667,4.403,1.113,3.072,65.7778,0.740788,4.53813,7.97311
7.855,4.7,1.121,0.967,68.3333,0.507069,9.39214,5.75279
7.775,4.635,1.118,1.014,69.2222,0.494293,8.52599,5.16124
7.716,4.515,1.161,1.002,70.8889,0.612192,4.59756,2.73191
11.802,4.68,1.189,4.939,73.2222,0,0.127546,2.82817
7.943,4.707,1.154,1.024,73.6667,0.316638,3.21894,1.98554
7.837,4.622,1.151,1.03,73.4444,0.739683,10.0756,0.765325
8.011,4.761,1.148,1.04,75,0.96664,0.751348,0.179725
8.155,4.876,1.161,1.043,72,0.833894,0.865305,0.282167
12.126,5.091,1.176,4.821,69.4444,0,0.0188956,0.308471
10.041,4.851,1.157,2.958,68,0.88656,0.116903,0.263821
9.879,4.639,1.153,3.005,69.3333,0.941125,0.125737,0.217555
11.492,4.476,1.151,4.871,68.8889,0,0.017254,0.251485
10.484,4.447,1.107,3.856,67.3333,1.18198,0.0531458,0.211361
7.254,4.1,1.115,0.981,64.8889,0.797221,0.906285,0.185064
9.352,4.378,1.116,2.826,67.2222,1.03725,0.0567502,0.12865
7.152,4.059,1.111,0.991,66.6667,1.34504,1.57781,0.154234
8.443,4.338,1.108,1.92,68.1111,0.244181,0.115072,0.127111
7.569,4.499,1.104,0.954,70.4444,1.36931,0.484269,0.0612846
10.551,4.697,1.112,3.725,74.2222,1.69363,0.0105752,0.0478116
7.605,4.543,1.12,0.937,74.8889,1.69859,0.462068,0.0989913
7.843,4.772,1.134,0.951,74.6667,0.998981,0.0651261,0.0528707
8.741,4.783,1.121,1.845,76.6667,0.184912,0.0249241,0.0488971
8.146,5.005,1.145,0.981,73.5556,0.221286,11.3611,7.89303
7.292,4.111,1.153,1,63.1111,0.301637,5.49178,3.65484
7.755,4.532,1.169,0.998,70.5556,0.871385,3.37703,0.821986
7.528,4.336,1.168,1.004,69.4444,0.895762,4.63121,1.06468
8.254,4.997,1.155,1.061,72.6667,0.881762,1.13836,0.207523
8.177,4.916,1.148,1.027,73.8889,0.986535,12.7507,1.19643
8.003,4.725,1.207,1.003,70.5556,0.654498,1.19863,0.529649
10.689,4.765,1.153,3.716,71.7778,1.81697,0.117189,0.468963
7.716,4.543,1.136,1.003,72.3333,0.972133,4.0203,0.724575
10.354,4.824,1.156,3.314,72,1.81935,2.50733,3.50378
11.421,4.827,1.245,4.278,77,0.400561,0.743157,3.28584
8.084,4.924,1.114,0.924,73.3333,0.69281,2.65853,1.10017
7.67,4.615,1.125,0.955,75.2222,0.377009,0.794566,0.858121
7.657,4.532,1.154,0.948,73,1.01145,8.41613,2.15439
7.484,4.372,1.146,0.982,72,1.29816,1.39172,0.360582
8.628,4.512,1.158,1.978,75.6667,0.970634,1.10942,0.329594
9.308,4.373,1.162,2.786,73.3333,1.16807,0.0850319,0.238223
7.475,4.403,1.142,0.989,75.8889,0.754284,6.04506,1.21398
9.155,4.918,1.134,2.044,73.2222,1.24148,3.60445,0.774059
8.034,4.845,1.147,0.983,71.6667,0.780539,0.666845,0.406471
7.958,4.792,1.137,1.005,77,1.14392,0.524127,0.1588
8.224,5.032,1.167,0.958,77.2222,0.358731,0.106343,0.119404
8.014,4.864,1.14,0.971,77.6667,0.848213,1.3807,0.189149
8.426,5.262,1.132,0.956,76,0.847995,10.1885,0.183647
8.116,4.947,1.187,0.985,78.3333,1.06083,0.141062,0.074727
8.193,4.981,1.166,1.019,76.8889,1.15898,0.258105,0.107762
12.022,5.142,1.141,4.77,77.1111,0,0.00473039,0.104171
10.082,4.867,1.169,2.973,75,1.0741,0.0244627,0.0857656
8.269,5.063,1.138,1.023,75.7778,0.602291,0.445222,0.211563
9.322,5.092,1.166,1.983,73.8889,0.548097,0.0948667,0.17506
8.1,4.87,1.148,1.05,75,0.928665,1.99442,0.477406
8.579,5.298,1.204,1.012,74.8889,1.06523,8.43968,0.309289
8.361,5.145,1.177,0.996,79.5556,1.65176,0.188863,0.0684695
8.618,5.407,1.148,1.009,77,0.96609,1.02508,0.107106
8.48,5.231,1.152,1.023,76.3333,1.10685,12.232,0.163915
8.334,5.088,1.175,1.013,77.5556,0.445885,0.11244,0.116139
9.028,4.718,1.178,2.11,75.2222,0.18796,1.92889,2.03614
8.186,4.958,1.144,1.02,73.2222,0.901657,2.12749,0.256845
8.31,4.924,1.187,1.144,73.8889,1.28625,0.156887,0.0549882
8.705,5.304,1.204,1.084,74.5556,1.2121,1.70638,0.0684617
8.522,5.141,1.193,1.066,76.1111,0.112493,0.0378224,0.0631933
12.322,5.199,1.173,4.887,74.8889,0,0.811602,4.84765
10.482,5.183,1.149,3.02,73.4444,0.618116,2.87748,3.72035
8.854,5.499,1.172,1.047,71.5556,0.721417,4.0663,1.04392
8.481,5.252,1.154,0.999,74,0.769636,0.661374,0.545769
8.298,5.051,1.142,1.014,74.8889,0.980911,3.49649,0.156602
12.282,5.364,1.143,4.793,77.8889,0,0.00802456,0.162903
10.916,4.903,1.141,3.851,76.5556,0.914321,0.0304739,0.139511
8.041,4.882,1.175,0.972,75.1111,0.801448,0.402725,0.0599599
8.159,4.94,1.161,1.019,74.6667,0.638705,0.465207,0.255047
8.367,5.096,1.154,1.046,76.4444,0.789168,0.171321,0.125578
8.762,5.485,1.155,1.038,75.2222,0.927507,0.466094,0.107948
9.701,5.427,1.145,2.013,77,0.220704,0.0517109,0.103796
8.738,5.474,1.167,1.03,80,1.14211,5.3628,0.111307
8.502,5.158,1.165,1.069,75.8889,1.04648,2.70694,0.136905
8.571,5.252,1.148,1.094,75.3333,1.16703,1.87571,0.374692
8.779,5.331,1.179,1.132,74.7778,1.17859,0.231196,0.128055
8.875,5.392,1.192,1.148,72.7778,1.35156,0.325171,0.11515
8.532,5.115,1.178,1.142,75.8889,0.809057,0.658167,0.37566
8.576,5.147,1.213,1.073,73.6667,1.07423,0.229315,0.167099
8.866,5.44,1.173,1.111,75.8889,0.587777,0.492013,0.34395
9.325,5.814,1.186,1.169,75.8889,0.822224,0.590804,0.449875
8.818,5.267,1.175,1.164,69.4444,1.38028,0.379213,0.15482
9.347,5.814,1.205,1.137,72.3333,0.360087,0.0852836,0.123369
9.096,5.622,1.173,1.121,72.1111,0.944113,1.06163,0.298801
8.627,5.187,1.176,1.133,72.6667,0.830017,0.758207,0.665428
10.905,5.261,1.168,3.32,72.1111,0.312468,0.217679,0.59696
8.678,5.26,1.161,1.112,71.1111,1.39177,0.482393,0.10508
9.731,5.35,1.142,2.098,72.4444,0.350604,0.0549908,0.0860292
12.629,5.36,1.173,5.051,72.4444,0,0.0081008,0.155886
12.703,5.333,1.142,5.161,72.3333,0,0.0106956,0.171369
8.642,5.24,1.172,1.109,72.1111,0.220069,0.130413,0.166362
8.111,4.727,1.148,1.137,67.5556,0.677747,0.151082,0.0971724
8.424,5.042,1.141,1.087,67.1111,0.617376,0.0811117,0.0463982
9.447,4.923,1.141,2.233,64.2222,0.116267,0.0226659,0.0469715
10.068,5.531,1.192,2.207,71.3333,0.798854,0.0681558,0.0806523
8.729,5.304,1.142,1.108,73.6667,0.607507,0.0543936,0.0590888
8.813,5.399,1.135,1.107,76.2222,0.531688,0.0349252,0.0416446
9.063,5.661,1.181,1.045,73.7778,1.04177,0.344459,0.0815499
9.138,5.665,1.186,1.168,79.8889,1.06275,2.98046,0.0767489
8.959,5.456,1.177,1.154,77.2222,1.07086,0.960036,0.0913685
11.484,5.643,1.164,3.487,75.6667,1.81282,0.0193473,0.059394
9.174,5.706,1.145,1.133,74.1111,1.07403,0.416911,0.0710675
9.115,5.654,1.187,1.12,75.1111,1.14885,0.741952,0.0832066
8.892,5.501,1.171,1.065,77,1.04675,1.34309,0.415479
9.054,5.649,1.198,1.089,77.3333,0.814954,0.547762,0.213592
13.422,5.65,1.169,5.471,78.2222,1.82781,0.00927558,0.202917
9.25,5.887,1.291,0.965,80.8889,0.98425,32.6325,0.797053
8.277,5.035,1.139,1.035,77.4444,1.05265,6.82399,0.0933853
8.581,5.309,1.143,1.057,78,0.943653,15.0278,0.135064
10.482,5.231,1.147,2.988,75.4444,1.39075,0.0379526,0.0947511
8.264,4.987,1.165,1.056,78.3333,0.937618,8.24433,0.184919
8.282,5.051,1.165,1.002,76.7778,0.854739,14.0202,1.16254
7.866,4.584,1.134,1.114,73.4444,0.960312,1.16356,0.184311
8.557,5.064,1.143,1.238,73.1111,1.02327,1.83674,0.182383
8.349,4.854,1.147,1.206,71.2222,0.789974,1.73945,0.714863
8.397,5.003,1.159,1.106,73.7778,1.05393,0.468068,0.22382
7.919,4.666,1.137,1.044,72.6667,1.05343,1.8111,0.391121
8.514,5.158,1.176,1.092,73.7778,0.148044,0.433454,0.357752
8.254,4.911,1.176,1.089,74.2222,0.843257,1.40313,0.132306
8.781,5.347,1.222,1.109,75.3333,1.02597,8.20228,0.0856041
9.084,5.626,1.195,1.106,77.6667,0.713543,0.056841,0.0498897
9.344,5.853,1.194,1.152,78.5556,0.780173,14.9215,0.959262
8.77,5.243,1.194,1.169,70.8889,0.965518,5.95716,0.244646
10.299,5.006,1.164,3.003,72.1111,0.450514,8.58516,14.1062
8.025,4.708,1.145,1.118,68.7778,1.15106,12.7317,0.308221
11.827,5.173,1.171,4.317,73,1.5994,0.0531053,0.234637
8.546,5.184,1.141,1.079,71.8889,0.952967,4.93785,0.776501
9.398,4.994,1.138,2.119,70,1.09613,10.474,2.39625
8.552,5.168,1.169,1.076,72.1111,1.38719,4.70209,2.41628
8.567,5.169,1.159,1.072,69.8889,0.530137,6.77089,4.09053
8.276,4.977,1.158,1.02,68.3333,0.830005,2.36719,2.24432
8.154,4.903,1.142,1.031,72.7778,0.751293,8.99943,1.26833
7.934,4.693,1.146,1.02,72.4444,0.976545,1.23424,0.190059
11.856,4.849,1.142,4.841,72,0,0.22677,2.9314
8.887,4.658,1.176,1.965,70.4444,0.636048,2.81667,1.30711
8.107,4.816,1.167,1.064,72.5556,0.550636,11.2881,3.89455
12.423,5.268,1.148,4.883,71,2.16032,0.330394,3.4204
12.455,5.179,1.13,5.059,71.5556,1.80578,0.341949,3.65243
12.312,4.929,1.118,5.026,71.1111,1.25381,0.397032,4.58784
8.41,5.1,1.129,1.017,70.4444,0.477406,7.91345,3.30044
8.095,4.742,1.115,1.024,67.7778,1.39191,3.30877,2.37024
8.13,4.741,1.172,1.007,68.8889,0.78059,4.71334,2.13952
11.056,4.97,1.148,3.886,71.4444,1.66159,0.406345,1.59107
8.176,4.998,1.133,1.027,75.1111,0.6041,3.82057,2.48802
7.995,4.826,1.123,1.007,70.5556,0.275916,5.55625,4.33854
7.342,4.1,1.122,1.102,65.4444,0.357724,4.30061,2.83712
7.541,4.321,1.138,1.033,67.7778,0.134881,12.6378,12.0617
7.766,4.505,1.135,1.047,67.3333,1.01403,12.6379,3.34139
12.007,4.651,1.157,5.116,68.5556,0,0.677923,12.3944
7.795,4.551,1.11,1.019,68,0.595462,15.0021,3.86413
11.784,4.89,1.106,3.916,70.1111,0.972869,1.77505,5.89109
8.415,4.286,1.112,1.977,69.5556,0.389087,4.02074,4.39398
11.912,4.817,1.12,4.898,71.2222,1.2991,0.361987,3.95193
10.503,4.563,1.117,3.806,69.4444,0.442127,1.19222,4.08378
10.963,4.768,1.16,4.002,69.3333,0.0191633,0.808745,3.70667
10.533,4.615,1.122,3.77,65.6667,1.0668,4.08703,15.3643
10.298,4.41,1.097,3.742,66.8889,0.629826,2.37637,9.33956
10.292,4.272,1.106,3.894,69.3333,0.163276,1.8276,8.63331
11.561,4.933,1.095,4.521,72.5556,0,0.492811,7.62749
7.966,4.779,1.088,1.013,71.8889,0.403871,7.77231,4.51078
7.706,4.585,1.111,1.002,73.7778,0.108297,5.06717,4.52011
11.362,4.592,1.138,4.624,69.7778,0,0.251343,4.74396
7.716,4.521,1.119,1.032,69.4444,0.632307,5.12424,1.745
9.475,4.471,1.132,2.852,66.4444,0.0895553,2.51893,5.25014
9.428,4.371,1.142,2.933,72.4444,0.325869,2.5499,5.09936
9.508,4.552,1.099,2.854,71.1111,0.107258,2.14081,5.07837
7.452,4.369,1.125,0.955,69.8889,0.25144,4.52035,3.76109
11.223,4.64,1.114,4.498,71.4444,0,0.585407,9.95396
7.647,4.519,1.135,0.987,71.1111,0.707247,11.5397,2.25768
9.349,4.402,1.119,2.817,69.5556,0.572722,0.778761,1.78829
7.438,4.149,1.14,1.156,67.5556,0.913386,12.95,6.50384
7.533,4.378,1.138,0.977,67.4444,0.0207357,6.51767,7.05074
11.5,4.671,1.122,4.746,70.1111,0,0.371652,7.02536
7.752,4.648,1.133,0.966,68.5556,0.0226456,6.75693,6.86442
7.479,4.35,1.109,1.002,67.3333,0.466125,21.1615,9.05922
11.563,4.85,1.141,4.618,69.7778,0,0.517201,9.50619
7.748,4.609,1.117,0.999,69.6667,0.388552,6.15865,7.85506
12.295,5.05,1.115,5.065,70.8889,2.96279,0.539211,6.72223
9.482,4.461,1.129,2.887,68.5556,0.343305,3.73061,8.79321
8.644,4.624,1.13,1.875,67.4444,0.107601,14.7928,18.8475
7.764,4.577,1.134,1.009,69.7778,0.380086,11.0923,8.85937
10.219,4.964,1.136,3.03,68.8889,0.661388,3.55836,6.50299
8.566,5.3,1.117,1.061,73.4444,0.332947,9.01164,6.27864
10.332,5.084,1.116,2.985,72.4444,1.82804,7.33185,9.1258
11.737,4.731,1.132,4.857,74.3333,0,0.545283,8.45249
11.709,4.693,1.111,4.834,72.8889,1.11304,0.597422,7.9192
9.761,4.568,1.114,3.064,72.3333,0.0690477,3.14799,7.39938
11.871,4.928,1.119,4.852,70.8889,0,0.467739,7.01506
7.612,4.532,1.076,0.977,69.4444,0.317729,5.40727,5.32015
11.572,4.595,1.114,4.889,69,0,0.405375,5.28521
7.844,4.674,1.083,1.014,66.6667,0.075485,3.99788,4.77038
10.76,4.665,1.113,3.908,67.3333,0.103962,1.02227,4.43483
11.716,4.669,1.094,4.893,66.6667,1.01978,1.01761,13.3125
8.008,4.857,1.098,1,71.3333,0.507923,14.5018,7.012
8.007,4.866,1.092,1.001,68.4444,0.479372,7.94078,5.35451
9.869,4.889,1.117,2.841,69.1111,0.534609,1.62326,4.40189
11.132,4.27,1.099,4.815,67.1111,0,0.213305,4.3103
7.311,4.225,1.092,0.945,65.6667,0.176332,0.519602,4.12529
10.867,4.182,1.157,4.604,64.3333,0,0.0757599,3.91772
11.192,4.388,1.1,4.754,64.4444,0,0.0244335,3.67843
11.353,4.55,1.124,4.706,64.5556,0,0.0103521,3.37131
11.656,4.918,1.096,4.675,64.4444,0,0.0117221,3.12512
11.476,4.717,1.106,4.667,62.5556,0,0.0183007,2.85184
10.946,4.32,1.09,4.607,61.1111,0,0.0151451,2.71587
10.856,4.216,1.133,4.541,59.4444,0,0.0339936,2.60535
7.061,4.035,1.104,0.936,58.2222,0.0513,0.444795,2.53469
7.007,3.933,1.085,0.966,57.4444,0.11313,0.566257,2.41409
6.602,3.584,1.101,0.942,57.3333,0.648906,0.868959,1.90326
10.402,3.698,1.084,4.702,57.1111,0,0.030973,1.82373
10.212,3.65,1.096,4.492,56.1111,0.495789,0.0293561,1.76904
6.806,3.769,1.063,1.002,56.6667,0.0753936,0.451061,1.71548
7.02,3.947,1.055,0.998,57.2222,0.400599,0.725983,1.39208
7.943,3.938,1.082,1.919,57.5556,0.79557,0.984782,1.27267
10.944,4.474,1.081,4.43,68.1111,0,0.0193574,1.15744
7.675,4.574,1.077,0.986,67.3333,0.517542,0.361855,0.865217
7.534,4.47,1.086,0.959,65.8889,0.884018,1.2921,0.724691
11.414,4.802,1.099,4.549,65.4444,0,0.0115957,0.618316
10.917,4.274,1.081,4.598,64.5556,0,0.00489735,0.479288
11.032,4.4,1.084,4.62,63.5556,0,0.00193222,0.401822
11.154,4.374,1.093,4.731,62.6667,0,0.000796256,0.333911
11.122,4.198,1.1,4.852,61.2222,0,0.000397595,0.276072
11.027,4.055,1.253,4.741,59.7778,0,9.52475e-05,0.230703
10.774,4.21,1.065,4.566,58.1111,0,0.000136672,0.196185
10.602,4.023,1.095,4.535,56.3333,0,2.50619e-05,0.172487
10.303,3.804,1.071,4.492,54.7778,0,0.00010356,0.161354
6.986,3.905,1.083,0.97,53.5556,2.40429,0.00119702,0.160777
6.792,3.692,1.06,0.956,52.7778,1.97836,0.00591702,0.165098
6.723,3.731,1.064,0.941,52.1111,1.31853,0.0358259,0.134114
7.128,4.081,1.087,0.956,55.5556,0.107795,0.0680961,0.126353
6.557,3.489,1.095,0.977,48.4444,0.65062,0.140394,0.0700074
10.857,3.935,1.13,4.744,52.7778,4.00552,0.00395699,0.0619342
10.359,3.746,1.101,4.559,53.6667,0,0.00349849,0.0699004
6.787,3.72,1.07,0.98,52.5556,0.0351909,0.0478797,0.0726854
9.203,4.228,1.094,2.855,55,0.594017,0.0256712,0.058019
7.185,4.166,1.084,0.933,55.7778,0.383301,0.649619,0.373396
10.635,4.614,1.077,3.945,72,2.2125,0.0748499,0.24616
7.626,4.553,1.113,0.98,72,1.11613,0.658418,0.161572
8.239,5.091,1.122,0.981,75.2222,1.02185,0.0985954,0.0609275
8.214,5.107,1.122,0.964,75.7778,0.0483458,2.21923,2.73874
7.712,4.623,1.131,0.978,70.8889,1.06132,3.43784,0.219143
7.856,4.707,1.132,1.016,75.7778,0.851088,11.501,0.210871
9.214,5.026,1.138,1.978,76.6667,0.258972,0.130045,0.180171
8.218,5.043,1.114,0.997,75.2222,1.68126,0.882004,0.165126
8.344,5.141,1.136,0.994,76,1.11981,10.6963,0.167275
7.932,4.711,1.147,1.001,74.5556,0.596767,0.137464,0.102516
8.217,4.965,1.153,1.03,75.6667,0.837169,0.620808,0.131603
10.351,5.155,1.139,2.974,76.7778,1.03279,0.0721726,0.128878
8.305,5.071,1.143,1.039,76.3333,0.469761,0.325275,0.190189
8.11,4.844,1.149,1.058,75.6667,0.717263,0.999773,0.409676
8.454,5.126,1.159,1.08,74.3333,0.78084,23.3657,2.30469
8.578,5.233,1.15,1.039,74.3333,0.167118,2.181,2.08143
8.066,4.781,1.153,1.025,70.1111,1.02875,0.989009,0.476993
8.216,4.885,1.177,1.076,73.4444,1.15616,0.376055,0.0896192
8.191,4.913,1.171,1.031,75.1111,0.718959,0.474274,0.203987
7.711,4.432,1.17,1.067,76.3333,0.957827,4.65641,0.722581
8.403,5.013,1.179,1.07,69.6667,0.497726,0.540234,0.455125
8.013,4.742,1.164,1.027,72,0.960515,1.58684,0.187613
10.147,4.847,1.203,3.043,77.1111,1.65659,0.054125,0.140589
8.126,4.878,1.152,1.073,76,1.0686,0.0984855,0.065926
8.996,5.563,1.186,1.136,76.1111,0.883927,2.37661,0.363182
9.026,5.564,1.178,1.135,77.3333,1.0925,4.52359,0.30657
12.97,5.354,1.205,5.275,75.3333,1.73783,0.0164665,0.281732
8.472,5.12,1.145,1.089,73.4444,0.497746,0.665696,0.716836
8.433,5.127,1.142,1.04,74.1111,0.254102,0.547285,0.580915
8.534,5.217,1.131,1.078,73,1.2325,1.34092,0.246396
9.551,5.475,1.145,1.25,77,0.932509,29.1953,0.969172
8.494,5.159,1.166,1.066,69.5556,0.315886,3.48066,4.22503
12.096,4.951,1.187,4.916,72.3333,0,0.225591,4.52738
12.018,4.967,1.162,4.849,70.4444,0,0.373021,4.94035
11.734,4.983,1.147,4.587,69,0,0.359637,5.19001
11.576,4.753,1.117,4.694,67.8889,0,0.318162,5.42212
11.443,4.513,1.12,4.795,66.5556,0,0.25674,5.63882
7.642,4.503,1.116,0.991,64.4444,0.156737,2.04566,5.61683
7.554,4.39,1.11,1.033,64.2222,0.637487,1.02585,4.9917
7.721,4.538,1.109,0.998,67.3333,0.373512,2.18346,4.55069
7.818,4.59,1.124,1.046,65.7778,0.42871,2.99586,3.29846
7.63,4.405,1.115,1.036,64.6667,0.706275,3.56584,0.976214
8.832,4.688,1.107,1.983,63.4444,0.812856,0.690661,0.39656
7.771,4.541,1.12,1.01,59.1111,0.807482,1.64515,2.4883
9.095,4.978,1.1,1.958,68.3333,0.587611,1.50386,1.67359
8.091,4.911,1.122,1.008,71.5556,1.10462,1.28691,0.369436
10.932,4.842,1.108,3.963,70.2222,0.711921,0.0586241,0.280108
8.04,4.865,1.125,1.004,70.4444,0.282735,2.66231,1.99226
8.248,5.052,1.116,1.004,71.7778,0.299471,2.01646,1.4526
7.978,4.837,1.109,0.977,73,0.851581,2.99556,1.11555
7.722,4.552,1.114,1.011,71.4444,0.130834,0.84462,1.01525
8.085,4.853,1.14,1.023,70.5556,1.04943,3.152,0.239172
8.669,5.284,1.173,1.118,74.5556,1.0276,0.147365,0.0909709
8.641,5.249,1.216,1.058,72.8889,0.289986,0.0520816,0.0742563
8.759,5.452,1.183,1.036,76.6667,0.920273,2.00284,0.244446
8.857,5.59,1.148,1.031,74.8889,0.759732,0.245104,0.0928943
8.037,4.802,1.153,1.03,75.4444,1.13824,4.72079,0.149201
8.433,5.119,1.144,1.072,74.7778,1.00153,7.86889,0.0640716
8.972,5.492,1.178,1.169,76.2222,0.819665,0.0405622,0.0329126
9,5.541,1.235,1.101,76.3333,0.799995,0.0532678,0.0354614
8.983,5.51,1.199,1.141,76.8889,0.766891,1.47544,0.392441
8.598,5.205,1.181,1.115,76.8889,0.81971,13.4239,0.229411
8.982,5.54,1.19,1.109,76.1111,1.15713,0.247924,0.0486038
8.476,5.148,1.175,1.067,74.2222,1.01619,9.71674,0.663021
7.954,4.71,1.171,0.994,65.4444,0.723273,4.73576,1.01324
7.738,4.49,1.173,1.048,67.5556,0.00391197,0.928542,1.08889
7.638,4.389,1.175,1.06,68.5556,0.807753,3.95835,1.9834
10.704,4.604,1.174,3.836,68,0.973841,0.456816,1.61732
7.722,4.547,1.15,1.001,69.7778,0.684049,18.3884,6.77878
7.923,4.698,1.146,1.011,71.6667,1.45924,5.68693,3.0592
8.263,5.003,1.138,1.059,74.8889,0.203567,1.9598,2.78267
8.028,4.801,1.136,1.024,73.5556,0.530747,9.10516,3.48867
8.247,4.976,1.143,1.037,73.7778,0.588176,3.0081,1.86237
9.373,5.177,1.142,1.959,74,1.97756,0.991981,0.55308
11.742,4.819,1.145,4.715,71.5556,1.23593,0.359057,4.74528
8.033,4.784,1.141,1.066,71.7778,0.988546,4.49048,0.770668
7.817,4.638,1.148,0.978,72.4444,0.104729,8.48628,7.32109
7.588,4.301,1.141,1.089,66.5556,0.677916,8.35418,2.14913
11.164,5.354,1.139,3.512,71.6667,0.883638,0.450363,1.2981
8.269,4.636,1.602,1.059,73.4444,1.01453,26.074,4.22097
8.61,5.312,1.155,1.059,70.2222,0.605921,2.22715,2.887
8.124,4.727,1.136,1.075,68.5556,0.509499,4.15435,1.60256
11.047,4.673,1.159,4.049,68.5556,1.80399,0.294147,1.45915
11.918,4.793,1.162,4.942,68.8889,0,0.0667506,1.4658
7.732,4.562,1.116,0.987,67.4444,0.542214,1.15298,0.897791
7.937,4.717,1.155,1.025,68.8889,0.201646,0.994567,0.872481
7.957,4.643,1.189,1.069,66.1111,0.123263,0.843876,0.908925
9.081,4.83,1.142,1.996,69.3333,0.604156,2.04737,3.00741
11.83,4.677,1.14,5.01,67.1111,0,0.219107,3.23783
7.38,4.207,1.114,0.986,65.1111,0.0393158,4.04418,3.46324
10.68,4.655,1.117,3.896,71.3333,0.967841,0.883855,2.98168
11.202,4.31,1.121,4.812,67.1111,0,0.168299,3.40776
7.395,4.319,1.129,0.95,65.6667,0.52911,3.53133,1.91783
7.596,4.502,1.112,0.989,68.6667,0.0698658,3.1291,2.38072
11.431,4.544,1.129,4.707,66.2222,2.95177,0.194482,2.14137
9.514,4.528,1.118,2.854,66.7778,0.537031,0.836019,1.81846
7.665,4.62,1.087,0.982,69,0.233763,3.74718,2.46499
9.279,5.093,1.12,2.055,73.8889,0.0625678,3.97712,4.67237
7.709,4.341,1.137,1.009,63.1111,0.0496281,11.7788,9.91502
8.544,4.452,1.12,1.892,62.2222,0.339689,8.3656,7.57876
7.387,4.151,1.208,1.016,67.1111,0.413802,19.7267,9.10406
10.764,4.729,1.123,3.728,68.1111,0.509278,2.64504,8.62419
7.7,4.538,1.109,1.013,67.4444,0.561399,12.0425,3.48006
12.232,4.997,1.126,5.015,71,1.06498,0.394623,5.4712
10.99,4.738,1.122,4.087,72.4444,1.32787,1.52046,5.69334
10.347,5.098,1.121,3.057,71.3333,0.126056,4.70635,9.43727
10.361,4.961,1.154,3.214,70.6667,0.923295,4.65268,9.54503
11.772,5.335,1.13,4.207,72.7778,1.66044,4.13125,15.683
8.803,5.503,1.112,1.036,71.7778,1.01993,26.6696,6.40589
7.782,4.621,1.111,0.987,69,0.0104909,9.30313,9.90574
7.886,4.631,1.113,1.112,67,0.149611,20.8167,16.1128
8.13,4.809,1.12,1.083,65.7778,0.284885,14.4307,12.486
10.043,4.884,1.107,2.958,67.2222,1.06991,7.08827,12.0713
7.822,4.63,1.125,1.021,68,0.909864,39.3984,16.3684
9.849,4.67,1.136,2.976,66.5556,0.0717563,6.07719,17.0177
8.028,4.845,1.109,1.045,72.6667,0.18074,19.5979,16.3781
11.126,4.879,1.138,4.034,71.2222,0.558007,4.37614,14.166
11.388,5.175,1.115,3.952,68,0.244219,3.70024,14.2941
12.686,5.021,1.257,5.344,68.1111,0.848676,1.29004,15.9535
10.343,5.111,1.15,2.98,69.8889,0.119015,7.84891,16.6787
10.061,4.817,1.134,3.047,65,0.673237,9.9446,15.9087
10.214,4.54,1.255,3.338,67.5556,0.160992,8.65926,17.9119
8.396,5.03,1.126,1.129,71.1111,0.442642,28.5785,24.1734
8.915,5.547,1.122,1.079,70.3333,0.264071,20.7947,16.3493
8.547,5.202,1.119,1.086,66.3333,0.352612,25.9031,15.0944
12.613,5.128,1.114,5.262,69.3333,0,0.745966,15.114
8.628,5.284,1.13,1.048,69.4444,0.020226,13.3453,14.9189
8.71,5.365,1.185,1.048,64.8889,0.0718976,15.843,13.8149
11.461,4.846,1.168,4.384,68.6667,0.87363,5.17402,18.8682
8.332,4.982,1.144,1.083,68.1111,0.207014,14.5769,15.1157
8.425,5.06,1.148,1.077,67,0.45953,19.7291,10.8791
8.535,5.239,1.141,1.062,70.8889,0.0519657,8.99142,10.3696
12.476,5.092,1.149,5.173,69.4444,0,0.758457,10.3387
8.26,5.001,1.104,1.045,68.1111,0.319941,3.94261,9.00302
12.068,4.925,1.132,4.963,68.8889,0,0.391222,8.94057
12.174,4.964,1.11,5.071,66.2222,0,0.241738,8.8161
10.826,4.66,1.107,3.982,64.7778,0.199404,0.291745,8.64165
7.817,4.612,1.104,1.054,63.6667,0.095075,4.01304,8.75322
7.717,4.518,1.116,0.993,60.5556,0.162541,7.12541,9.39952
11.292,4.049,1.135,5.127,54.8889,0,0.490962,9.21662
7.245,3.908,1.261,1.038,54.1111,0.191419,4.10336,8.2497
7.746,4.251,1.359,1.073,56.4444,0.800474,10.1182,6.71522
11.639,4.162,1.11,5.329,58.3333,0,0.345295,6.53949
7.292,4.101,1.108,1.033,57.6667,0.137582,1.14497,6.20958
7.195,4.022,1.103,1.03,57,0.0460512,5.63481,8.38488
11.591,4.564,1.121,4.898,63,0,0.280304,8.18761
7.678,4.486,1.144,1.005,62.2222,0.454942,2.35324,6.79269
7.748,4.541,1.13,1.026,61.4444,0.83474,15.0214,7.44144
11.573,3.995,1.108,5.456,58.4444,0,0.334967,7.03568
7.484,4.163,1.125,1.017,59.2222,0.266445,2.61041,6.06328
11.315,3.94,1.157,5.232,58.6667,0,0.198655,5.92605
9.631,3.752,1.078,3.781,57.5556,0.421151,0.376448,5.69122
10.541,3.821,1.091,4.635,58.2222,0.22206,0.201933,5.51682
10.449,3.688,1.085,4.689,57.4444,0.452356,0.312185,5.17637
10.682,3.885,1.074,4.754,61.5556,0.00662388,0.405662,6.508
10.477,4.039,1.061,4.43,61.6667,0,0.29376,5.49072
9.769,4.092,1.068,3.63,60.2222,0.269234,0.610295,5.30567
6.685,3.718,1.057,0.919,57.7778,0.702983,16.0154,4.3621
10.319,3.829,1.054,4.525,58.2222,0,0.210007,4.14309
6.855,3.879,1.061,0.922,57.4444,0.0151599,1.41991,3.91077
6.998,3.975,1.054,0.977,59.4444,0.267138,4.97562,4.65151
10.86,4.222,1.088,4.59,57.5556,0,0.264992,4.63022
9.126,4.159,1.078,2.819,56.6667,0.794774,1.45827,3.46418
7.029,3.984,1.066,0.991,53.8889,0.340142,2.75094,2.70692
8.191,4.165,1.086,1.913,56.2222,0.0340824,0.83088,2.49017
7.765,4.599,1.086,1.039,61.7778,0.158183,1.10027,2.12933
9.486,4.326,1.08,3.004,61.8889,0.31704,0.537308,1.78034
8.638,5.444,1.105,1.021,69.7778,0.429116,2.62357,2.05925
9.1,4.953,1.135,1.946,69.5556,0.173005,1.90619,2.73403
7.733,4.58,1.133,0.984,66.7778,0.0678476,13.9819,14.2334
7.705,4.566,1.12,1.004,67.5556,0.927708,14.6732,2.94785
9.807,4.628,1.107,3.035,66.6667,1.11028,0.984134,1.81281
8.002,4.841,1.111,1.016,68,0.458477,1.45902,1.17429
7.895,4.666,1.155,1.025,68.3333,0.378952,0.683875,0.820436
10.375,4.499,1.132,3.728,70.1111,0.280278,0.108241,0.728731
10.752,4.861,1.109,3.791,76.5556,1.78456,0.0916437,0.495025
10.824,4.902,1.125,3.795,74.1111,0.100122,0.0566229,0.417262
11.331,4.592,1.128,4.678,71.7778,0,0.027149,0.58813
7.52,4.436,1.127,0.96,70.2222,0.40329,0.627667,0.353908
7.616,4.515,1.115,0.966,69.6667,0.328315,0.584317,0.435559
7.69,4.588,1.116,0.972,71.3333,0.765937,0.356815,0.178514
11.126,4.48,1.113,4.527,69.7778,1.48816,0.0078539,0.186942
11.074,4.46,1.123,4.532,69.1111,3.97458,0.013074,0.231986
7.234,4.242,1.086,0.953,68.1111,0.131807,0.626702,0.653467
7.726,4.646,1.113,0.983,72.3333,0.931655,0.5035,0.396634
7.472,4.396,1.103,0.971,72.2222,1.06775,3.81605,0.449297
8.025,4.852,1.127,0.977,74.8889,0.732513,0.373952,0.287509
11.506,4.71,1.11,4.678,76.1111,5.59849,0.0917546,1.24814
7.546,4.475,1.111,0.987,74.6667,0.982574,1.80228,0.248796
7.836,4.74,1.108,0.961,74,1.12827,0.155145,0.074291
8.085,4.954,1.146,0.975,74.2222,0.969286,11.7238,0.159501
7.928,4.811,1.132,0.986,77.7778,0.686524,0.112422,0.105885
8.468,5.244,1.15,1.022,80.4444,0.865305,21.8415,5.50948
8.449,5.222,1.148,1.035,77.1111,0.7918,8.13538,7.05893
8.298,5.061,1.137,1.015,74.4444,0.716732,6.97525,2.54322
8.364,5.093,1.128,1.019,74.3333,0.768858,3.09032,3.43998
7.895,4.68,1.13,1.018,69.6667,0.799101,3.10232,1.17325
7.916,4.712,1.149,1.014,69,0.879459,18.88,4.20371
7.863,4.648,1.129,1.009,72,1.0575,3.98319,0.63215
8.208,4.962,1.144,1.032,74.1111,0.325388,0.482812,0.712632
9.136,4.912,1.147,1.995,70.7778,0.690056,0.484501,0.625523
11.938,4.763,1.18,4.93,67.7778,0.94687,0.0388688,0.58969
10.969,4.869,1.157,3.883,69.6667,0.942149,0.10365,0.502293
8.182,5.03,1.113,1.013,72,0.195857,2.21095,2.37266
10.816,4.686,1.143,3.952,70.1111,2.0911,0.49358,1.39346
12.181,5.202,1.116,4.877,73.2222,0,0.079542,1.66527
7.993,4.838,1.099,0.99,73,0.776402,1.92889,0.538033
12.134,5.024,1.132,4.919,73.1111,1.19462,0.0323202,0.527738
12.121,5.054,1.142,4.94,73.2222,0,0.031319,0.673614
8.248,5.026,1.127,1.038,72.1111,0.501385,0.683996,0.408851
9.159,4.991,1.158,1.963,72.2222,0.161259,1.24102,1.01429
9.025,4.978,1.156,1.875,73.1111,0.834201,0.529069,0.696495
9.223,5.084,1.116,1.927,72.7778,0.114202,1.13508,1.78046
8.25,4.796,1.122,0.998,69.8889,0.522222,5.80994,2.76668
10.202,4.787,1.126,3.122,71.3333,1.05336,0.770316,1.60602
8.015,4.746,1.28,0.993,73.3333,0.505048,1.80637,1.30877
10.78,4.698,1.133,3.91,70.7778,0.833153,0.235156,1.13378
11.964,4.808,1.123,5.037,72.4444,0,0.296851,4.40666
7.704,4.53,1.112,1.01,70.1111,0.361974,5.6991,2.8878
11.052,4.935,1.109,3.955,68.6667,1.40806,0.71895,1.92487
11.581,4.653,1.114,4.811,67.2222,0,0.1427,3.79823
7.726,4.556,1.121,0.999,65.5556,0.376898,3.95772,2.43934
11.356,4.386,1.109,4.818,66.1111,2.56091,0.241955,2.84174
11.003,4.944,1.114,3.911,68.3333,1.5767,0.635728,2.07863
7.882,4.79,1.106,0.945,72.6667,0.966746,22.2379,5.8329
10.486,4.592,1.105,3.771,70.3333,0.68966,1.29752,9.08084
11.384,4.536,1.118,4.792,72.7778,0,0.331352,7.87428
7.637,4.533,1.087,1.02,71.3333,0.177961,9.68218,6.40223
8.902,4.9,1.711,1.234,71.1111,0.567756,7.34601,2.4878
11.717,4.762,1.122,4.845,70.4444,0,0.219382,3.59523
7.813,4.649,1.117,1.015,69.1111,0.148282,3.50218,3.39045
9.855,4.783,1.11,2.905,72.7778,0.131976,1.22084,2.78792
11.139,4.896,1.193,4.021,75.3333,3.01719,0.714182,1.69041
7.886,4.676,1.121,1.046,71.4444,0.842663,14.2618,3.92268
8.209,4.991,1.108,1.019,70.8889,0.25222,2.71696,3.33942
9.062,4.842,1.118,2.056,70.5556,0.461191,1.79821,2.81484
10.213,4.94,1.18,2.992,72.6667,0.563734,1.1807,3.34962
12.325,5.094,1.144,5.075,69.4444,0,0.132642,3.37358
9.295,4.956,1.112,2.028,68.2222,0.394743,2.37805,2.44233
8.41,5.151,1.132,1.036,70.7778,0.190757,4.91302,3.91988
9.511,5.145,1.12,2.07,68.3333,0.0758196,3.89291,7.98769
11.698,4.619,1.115,4.915,65.8889,0,0.42492,8.07012
11.571,4.497,1.117,4.898,63.7778,0,0.599696,8.24121
11.084,4.313,1.146,4.614,61.8889,0,0.549829,8.40198
10.995,4.188,1.091,4.715,60.4444,0,0.427616,8.61501
7.199,4.042,1.089,1.016,58.8889,0.0831021,3.61994,8.56783
7.265,4.167,1.085,0.966,59.1111,0.123052,6.32152,8.29012
7.227,4.18,1.07,0.96,59.2222,0.584696,7.57876,4.21145
8.314,4.17,1.149,1.964,61.6667,0.3083,2.76928,3.29245
12.163,4.436,1.115,5.546,64.8889,0.711246,0.714058,8.94334
7.815,4.616,1.087,1.063,72.7778,0.873915,7.40571,3.79841
12.232,4.963,1.116,5.072,71,0,0.0771161,4.2494
12.398,5.235,1.128,4.864,70,0,5.27945,4.2457
11.922,4.953,1.085,4.81,67.8889,0,7903.46,4.34839
12.143,5.091,1.11,4.836,67,0,106473,4.4761
11.783,4.885,1.094,4.721,66,0,112869,4.62177
11.803,4.785,1.092,4.869,64.6667,0,40.5438,4.86396
11.748,4.802,1.085,4.797,64.2222,0,1.72526,5.08639
11.667,4.586,1.238,4.808,62.8889,0,3.55924,5.36985
11.402,4.519,1.052,4.769,62.5556,0,236.628,5.71649
7.735,4.529,1.105,0.989,61.1111,8.62852e-06,110810,5.51211
7.504,4.343,1.091,1.014,60,1.6469,1.41728,3.81978
7.507,4.292,1.104,1.034,58.5556,0.73048,4.18049,2.27145
7.393,4.218,1.089,1.035,54.8889,0.335223,0.666802,1.90492
7.127,3.963,1.068,1.041,53.7778,0.579871,1.05618,1.17407
7.531,4.299,1.095,1.047,54.4444,0.129421,0.710423,0.986384
9.655,4.503,1.08,2.987,62.4444,0.557886,0.207983,0.766285
8.278,5.114,1.073,1.041,73.5556,0.901783,25.4995,2.37534
8.076,4.862,1.122,1.033,72.3333,1.48148,1.39688,0.704163
11.928,4.893,1.124,4.908,73.2222,0,0.0257214,0.627924
8.031,4.732,1.114,1.139,70.6667,0.137489,0.0896415,0.570699
12.194,5.098,1.131,4.874,68.6667,0,0.0138908,0.528669
11.666,4.682,1.132,4.781,66.3333,0,0.00927819,0.413496
11.829,4.783,1.141,4.853,64.8889,0,0.00530369,0.331557
11.54,4.629,1.114,4.737,63.5556,0,0.00472028,0.289574
11.824,4.75,1.083,4.963,62.5556,0,0.00359945,0.272874
11.295,4.359,1.097,4.8,60.1111,0,0.00365513,0.288269
11.595,4.617,1.09,4.883,60,0,0.00494997,0.301432
11.513,4.609,1.087,4.78,59.7778,0,0.00402299,0.306713
11.586,4.882,1.102,4.544,59.6667,0,0.00603067,0.302158
11.132,4.358,1.071,4.649,58.7778,0,0.00692109,0.307018
7.014,3.907,1.056,1.025,53.2222,0.693181,5.81829,0.697525
7.626,4.376,1.072,1.102,57.3333,0.815906,0.453277,0.334422
7.263,4.119,1.063,1.006,55,0.284379,0.275075,0.264506
7.561,4.308,1.084,1.057,57.3333,0.368924,0.565258,0.319904
10.666,4.496,1.091,3.977,59.1111,0.608198,0.0744738,0.275497
7.644,4.513,1.118,0.943,63.1111,0.390163,0.521653,0.739467
7.537,4.495,1.086,0.983,72,0.901162,10.4069,0.346986
11.492,4.803,1.088,4.657,75.6667,0,0.0180323,0.36252
11.336,4.633,1.09,4.601,73.4444,1.75935,0.0282791,0.325508
7.473,4.445,1.073,0.98,73.2222,0.730616,2.10629,0.297519
7.734,4.619,1.113,0.979,73.3333,0.714387,0.269461,0.103386
7.752,4.613,1.119,1.028,75.2222,1.06945,1.38522,0.0429678
9.936,4.852,1.117,2.934,76.5556,0.567204,0.0118506,0.0349695
11.89,4.96,1.118,4.767,75.7778,2.45515,0.0016178,0.0309818
7.851,4.645,1.11,0.999,73.5556,0.0334048,0.0388923,0.04912
10.724,4.781,1.127,3.435,75.2222,1.27759,0.0162096,0.0273201
8.044,4.856,1.124,1.026,74.8889,1.3265,0.299448,0.0695717
8.359,5.076,1.117,1.074,75.5556,0.140902,0.859554,0.884787
9.016,5.671,1.151,1.065,76.3333,1.63125,0.521512,0.25583
8.515,5.194,1.18,1.049,76.6667,1.62004,0.756475,0.0744396
8.847,5.513,1.177,1.032,75.6667,1.05557,3.82302,0.166277
11.453,5.282,1.146,3.943,76.7778,1.62993,0.0325305,0.116536
8.482,5.234,1.175,1.005,73.5556,0.532715,0.110585,0.103924
8.577,5.32,1.138,1.054,77.6667,0.645851,0.0656251,0.0614389
8.682,5.31,1.142,1.087,80.1111,1.36162,4.91862,0.142514
9.675,5.386,1.152,2.008,76.5556,0.22585,22.5945,21.0165
8.309,5.059,1.144,1.046,70.4444,1.04638,16.5556,4.56882
8.322,5.085,1.153,0.986,71.8889,0.616663,4.92988,2.79081
7.787,4.565,1.155,1.011,69.3333,0.772611,6.75046,1.37552
8.076,4.838,1.176,0.999,70.7778,0.197672,0.832157,1.22912
8.072,4.854,1.175,1.001,72.6667,1.00652,2.99281,0.970292
8.041,4.849,1.148,0.99,74.2222,0.685059,0.673247,0.521724
8.749,4.773,1.881,1.008,71.3333,1.25732,3.17877,1.21065
8.629,4.809,1.151,1.024,70.3333,1.0342,0.889168,0.295241
7.859,4.636,1.136,1,69.7778,0.655455,11.2466,4.65866
11.845,4.81,1.134,4.85,70.5556,1.67031,0.219409,4.97485
7.991,4.742,1.157,1.01,72,1.70799,10.8963,0.836859
7.452,4.266,1.139,1.003,68.2222,0.342871,1.11155,1.41254
7.995,4.78,1.144,1.005,72.1111,0.207502,1.41226,1.14575
8.391,5.069,1.155,1.081,74.2222,1.62744,1.12944,0.131014
8.914,5.623,1.149,1.042,75.1111,1.07463,0.121984,0.0392359
8.397,5.084,1.143,1.1,75.2222,0.993703,0.793413,0.0591999
8.526,5.294,1.164,1.023,77.7778,1.05483,11.8873,0.0673903
8.653,5.314,1.244,1.043,80,0.948591,0.0517639,0.0193093
8.686,5.348,1.202,1.045,76.2222,1.22208,0.766985,0.0295315
8.594,4.923,1.184,1.349,75.3333,0.980406,1.97579,0.104765
8.44,5.068,1.171,1.066,76,0.294935,0.0839011,0.0821712
9.25,5.437,1.51,1.175,79.8889,0.950642,11.6926,0.220463
8.87,5.487,1.186,1.047,77.1111,1.0746,1.40546,0.0939445
8.705,5.341,1.181,1.075,78.1111,0.560832,0.0543493,0.0647337
8.992,5.606,1.166,1.097,80.6667,1.19765,1.6495,0.155809
9.194,5.774,1.178,1.118,79.4444,0.928898,16.3397,0.745047
8.883,5.5,1.171,1.08,79.1111,0.873118,10.6198,1.84032
9.5,6.124,1.18,1.075,81.2222,1.04982,1.83362,0.0754215
9.023,5.567,1.198,1.125,79.2222,0.986681,2.05626,0.12951
9.085,5.588,1.18,1.122,75.4444,1.22586,2.21754,0.124967
9.194,5.78,1.185,1.064,78.6667,0.850326,11.6703,2.36611
8.933,5.562,1.196,1.043,75.2222,0.682277,2.56729,0.941295
8.598,5.235,1.191,1.052,78,1.17296,2.46143,0.0974326
8.33,5.017,1.176,1.036,74.8889,0.97686,6.22612,0.0502657
9.813,5.466,1.18,2.051,76.5556,0.356309,0.0364462,0.0372514
8.673,5.287,1.181,1.097,78.3333,0.955651,4.37353,0.098351
9.468,5.617,1.177,1.54,78.6667,0.757082,9.37373,1.61981
9.155,5.644,1.18,1.134,76,0.996059,13.3842,0.607162
9.17,5.736,1.177,1.069,73.4444,0.845464,18.9624,1.51211
9.141,5.67,1.227,1.113,76.8889,0.946663,1.55408,0.107057
8.923,5.483,1.18,1.137,75.5556,1.06054,9.61398,0.133754
8.981,5.5,1.207,1.124,73.4444,1.09555,8.25284,0.0891203
9.609,6.093,1.183,1.153,76.8889,0.859134,13.707,2.12576
9.157,5.662,1.167,1.138,75.4444,0.716949,4.11944,0.902575
9.153,5.657,1.215,1.129,74.3333,1.18147,0.866771,0.0667591
8.99,5.551,1.182,1.093,76.4444,0.875327,0.767634,0.137148
