0.00248251,-0.000483996,-0.00127032,0.000921219,0.00058019,0.000602225,2.82489e-05,-0.000483996,0.00119392,-0.000675843,-0.00108627,0.000484491,0.000439835,-2.918e-05,-0.00127032,-0.000675843,0.00406264,0.000160176,-0.000847502,0.000940842,5.27853e-05,0.000921219,-0.00108627,0.000160176,0.00292156,-0.0020617,0.000214112,0.000134841,0.00058019,0.000484491,-0.000847502,-0.0020617,0.025057,-0.000301146,0.000930893,0.000602225,0.000439835,0.000940842,0.000214112,-0.000301146,0.0256108,-0.000111158,2.82489e-05,-2.918e-05,5.27853e-05,0.000134841,0.000930893,-0.000111158,0.0466603,
0.00248109,-0.000483703,-0.00127048,0.000921335,0.000580912,0.000601458,2.82471e-05,-0.000483703,0.001194,-0.000675911,-0.00108638,0.000484027,0.000439774,-2.91903e-05,-0.00127048,-0.000675911,0.00406256,0.000159852,-0.000847846,0.000940802,5.28012e-05,0.000921335,-0.00108638,0.000159852,0.00292201,-0.0020613,0.000213749,0.000134784,0.000580912,0.000484027,-0.000847846,-0.0020613,0.0250569,-0.000301008,0.000930829,0.000601458,0.000439774,0.000940802,0.000213749,-0.000301008,0.02561,-0.000111006,2.82471e-05,-2.91903e-05,5.28012e-05,0.000134784,0.000930829,-0.000111006,0.0466604,
0.00247983,-0.000483436,-0.00127062,0.000921438,0.000581555,0.000600931,2.82343e-05,-0.000483436,0.00119406,-0.000675958,-0.00108649,0.000483657,0.000439774,-2.919e-05,-0.00127062,-0.000675958,0.0040625,0.000159572,-0.000848111,0.000940864,5.27953e-05,0.000921438,-0.00108649,0.000159572,0.00292239,-0.00206092,0.000213445,0.000134744,0.000581555,0.000483657,-0.000848111,-0.00206092,0.0250572,-0.000300802,0.000930503,0.000600931,0.000439774,0.000940864,0.000213445,-0.000300802,0.0256098,-0.000110835,2.82343e-05,-2.919e-05,5.27953e-05,0.000134744,0.000930503,-0.000110835,0.0466605,
0.00247871,-0.000483194,-0.00127075,0.00092153,0.000582132,0.00060054,2.82172e-05,-0.000483194,0.00119411,-0.00067599,-0.00108659,0.00048335,0.000439802,-2.91846e-05,-0.00127075,-0.00067599,0.00406245,0.000159326,-0.000848329,0.000940967,5.27781e-05,0.00092153,-0.00108659,0.000159326,0.00292271,-0.00206056,0.000213189,0.000134712,0.000582132,0.00048335,-0.000848329,-0.00206056,0.0250577,-0.000300577,0.000930045,0.00060054,0.000439802,0.000940967,0.000213189,-0.000300577,0.0256098,-0.000110651,2.82172e-05,-2.91846e-05,5.27781e-05,0.000134712,0.000930045,-0.000110651,0.0466606,
0.00247771,-0.000482976,-0.00127085,0.000921611,0.000582652,0.000600234,2.8199e-05,-0.000482976,0.00119415,-0.000676012,-0.00108668,0.000483086,0.000439842,-2.91768e-05,-0.00127085,-0.000676012,0.00406241,0.00015911,-0.000848515,0.000941081,5.27549e-05,0.000921611,-0.00108668,0.00015911,0.002923,-0.00206023,0.000212973,0.000134684,0.000582652,0.000483086,-0.000848515,-0.00206023,0.0250583,-0.000300358,0.000929518,0.000600234,0.000439842,0.000941081,0.000212973,-0.000300358,0.02561,-0.000110458,2.8199e-05,-2.91768e-05,5.27549e-05,0.000134684,0.000929518,-0.000110458,0.0466606,
0.00247682,-0.000482779,-0.00127095,0.000921685,0.000583123,0.000599983,2.81811e-05,-0.000482779,0.00119418,-0.000676026,-0.00108677,0.000482856,0.000439887,-2.91679e-05,-0.00127095,-0.000676026,0.00406239,0.000158917,-0.000848676,0.000941192,5.27282e-05,0.000921685,-0.00108677,0.000158917,0.00292326,-0.00205992,0.00021279,0.000134656,0.000583123,0.000482856,-0.000848676,-0.00205992,0.0250589,-0.000300151,0.000928954,0.000599983,0.000439887,0.000941192,0.00021279,-0.000300151,0.0256103,-0.000110258,2.81811e-05,-2.91679e-05,5.27282e-05,0.000134656,0.000928954,-0.000110258,0.0466607,
0.00247601,-0.000482601,-0.00127103,0.00092175,0.00058355,0.00059977,2.81641e-05,-0.000482601,0.00119421,-0.000676034,-0.00108685,0.000482654,0.000439931,-2.91585e-05,-0.00127103,-0.000676034,0.00406237,0.000158745,-0.000848818,0.000941297,5.26994e-05,0.00092175,-0.00108685,0.000158745,0.00292349,-0.00205964,0.000212634,0.000134629,0.00058355,0.000482654,-0.000848818,-0.00205964,0.0250594,-0.000299961,0.000928368,0.00059977,0.000439931,0.000941297,0.000212634,-0.000299961,0.0256107,-0.000110052,2.81641e-05,-2.91585e-05,5.26994e-05,0.000134629,0.000928368,-0.000110052,0.0466608,
0.00247529,-0.00048244,-0.00127109,0.000921809,0.000583938,0.000599587,2.81485e-05,-0.00048244,0.00119423,-0.000676039,-0.00108692,0.000482474,0.000439974,-2.91492e-05,-0.00127109,-0.000676039,0.00406235,0.000158591,-0.000848945,0.000941391,5.26694e-05,0.000921809,-0.00108692,0.000158591,0.0029237,-0.00205938,0.000212501,0.0001346,0.000583938,0.000482474,-0.000848945,-0.00205938,0.02506,-0.000299788,0.000927771,0.000599587,0.000439974,0.000941391,0.000212501,-0.000299788,0.025611,-0.00010984,2.81485e-05,-2.91492e-05,5.26694e-05,0.0001346,0.000927771,-0.00010984,0.0466608,
0.00247464,-0.000482295,-0.00127115,0.000921861,0.000584289,0.000599427,2.81341e-05,-0.000482295,0.00119425,-0.000676041,-0.00108699,0.000482313,0.000440014,-2.91399e-05,-0.00127115,-0.000676041,0.00406235,0.000158453,-0.000849057,0.000941476,5.26385e-05,0.000921861,-0.00108699,0.000158453,0.00292389,-0.00205913,0.000212386,0.000134571,0.000584289,0.000482313,-0.000849057,-0.00205913,0.0250605,-0.00029963,0.000927165,0.000599427,0.000440014,0.000941476,0.000212386,-0.00029963,0.0256113,-0.000109624,2.81341e-05,-2.91399e-05,5.26385e-05,0.000134571,0.000927165,-0.000109624,0.0466609,
0.00247405,-0.000482163,-0.00127121,0.000921909,0.000584608,0.000599284,2.81211e-05,-0.000482163,0.00119426,-0.000676041,-0.00108705,0.000482169,0.000440052,-2.91308e-05,-0.00127121,-0.000676041,0.00406234,0.000158329,-0.000849157,0.000941552,5.2607e-05,0.000921909,-0.00108705,0.000158329,0.00292407,-0.00205891,0.000212288,0.000134542,0.000584608,0.000482169,-0.000849157,-0.00205891,0.025061,-0.000299486,0.000926555,0.000599284,0.000440052,0.000941552,0.000212288,-0.000299486,0.0256117,-0.000109404,2.81211e-05,-2.91308e-05,5.2607e-05,0.000134542,0.000926555,-0.000109404,0.046661,
0.00247352,-0.000482045,-0.00127125,0.000921952,0.000584898,0.000599157,2.81094e-05,-0.000482045,0.00119427,-0.00067604,-0.00108711,0.000482039,0.000440086,-2.9122e-05,-0.00127125,-0.00067604,0.00406234,0.000158218,-0.000849247,0.000941619,5.25752e-05,0.000921952,-0.00108711,0.000158218,0.00292422,-0.00205871,0.000212201,0.000134511,0.000584898,0.000482039,-0.000849247,-0.00205871,0.0250615,-0.000299355,0.000925941,0.000599157,0.000440086,0.000941619,0.000212201,-0.000299355,0.025612,-0.000109181,2.81094e-05,-2.9122e-05,5.25752e-05,0.000134511,0.000925941,-0.000109181,0.046661,
0.00247304,-0.000481937,-0.00127129,0.00092199,0.000585161,0.000599042,2.80989e-05,-0.000481937,0.00119429,-0.000676038,-0.00108716,0.000481922,0.000440117,-2.91134e-05,-0.00127129,-0.000676038,0.00406234,0.000158118,-0.000849327,0.000941677,5.25431e-05,0.00092199,-0.00108716,0.000158118,0.00292437,-0.00205852,0.000212126,0.00013448,0.000585161,0.000481922,-0.000849327,-0.00205852,0.0250619,-0.000299236,0.000925324,0.000599042,0.000440117,0.000941677,0.000212126,-0.000299236,0.0256124,-0.000108954,2.80989e-05,-2.91134e-05,5.25431e-05,0.00013448,0.000925324,-0.000108954,0.0466611,
0.00247261,-0.00048184,-0.00127133,0.000922025,0.0005854,0.000598937,2.80895e-05,-0.00048184,0.00119429,-0.000676035,-0.00108721,0.000481816,0.000440145,-2.91051e-05,-0.00127133,-0.000676035,0.00406234,0.000158027,-0.000849399,0.000941729,5.25108e-05,0.000922025,-0.00108721,0.000158027,0.0029245,-0.00205834,0.000212059,0.000134448,0.0005854,0.000481816,-0.000849399,-0.00205834,0.0250624,-0.000299127,0.000924705,0.000598937,0.000440145,0.000941729,0.000212059,-0.000299127,0.0256127,-0.000108724,2.80895e-05,-2.91051e-05,5.25108e-05,0.000134448,0.000924705,-0.000108724,0.0466612,
0.00247222,-0.000481751,-0.00127136,0.000922057,0.000585618,0.000598842,2.80811e-05,-0.000481751,0.0011943,-0.000676032,-0.00108725,0.000481719,0.000440171,-2.90971e-05,-0.00127136,-0.000676032,0.00406234,0.000157946,-0.000849464,0.000941773,5.24784e-05,0.000922057,-0.00108725,0.000157946,0.00292462,-0.00205818,0.000211999,0.000134415,0.000585618,0.000481719,-0.000849464,-0.00205818,0.0250628,-0.000299028,0.000924085,0.000598842,0.000440171,0.000941773,0.000211999,-0.000299028,0.025613,-0.000108492,2.80811e-05,-2.90971e-05,5.24784e-05,0.000134415,0.000924085,-0.000108492,0.0466612,
0.00247186,-0.000481671,-0.00127139,0.000922086,0.000585815,0.000598754,2.80737e-05,-0.000481671,0.00119431,-0.000676029,-0.00108729,0.000481631,0.000440193,-2.90893e-05,-0.00127139,-0.000676029,0.00406234,0.000157872,-0.000849522,0.000941812,5.2446e-05,0.000922086,-0.00108729,0.000157872,0.00292472,-0.00205803,0.000211945,0.000134381,0.000585815,0.000481631,-0.000849522,-0.00205803,0.0250632,-0.000298937,0.000923464,0.000598754,0.000440193,0.000941812,0.000211945,-0.000298937,0.0256133,-0.000108257,2.80737e-05,-2.90893e-05,5.2446e-05,0.000134381,0.000923464,-0.000108257,0.0466613,
0.00247154,-0.000481599,-0.00127141,0.000922112,0.000585994,0.000598673,2.80671e-05,-0.000481599,0.00119431,-0.000676026,-0.00108732,0.00048155,0.000440214,-2.90818e-05,-0.00127141,-0.000676026,0.00406235,0.000157805,-0.000849574,0.000941845,5.24134e-05,0.000922112,-0.00108732,0.000157805,0.00292482,-0.00205789,0.000211897,0.000134347,0.000585994,0.00048155,-0.000849574,-0.00205789,0.0250635,-0.000298854,0.000922841,0.000598673,0.000440214,0.000941845,0.000211897,-0.000298854,0.0256136,-0.00010802,2.80671e-05,-2.90818e-05,5.24134e-05,0.000134347,0.000922841,-0.00010802,0.0466614,
0.00247125,-0.000481532,-0.00127143,0.000922136,0.000586157,0.000598598,2.80614e-05,-0.000481532,0.00119432,-0.000676023,-0.00108735,0.000481476,0.000440232,-2.90745e-05,-0.00127143,-0.000676023,0.00406235,0.000157745,-0.000849621,0.000941874,5.23809e-05,0.000922136,-0.00108735,0.000157745,0.00292491,-0.00205776,0.000211853,0.000134312,0.000586157,0.000481476,-0.000849621,-0.00205776,0.0250639,-0.000298777,0.000922218,0.000598598,0.000440232,0.000941874,0.000211853,-0.000298777,0.0256139,-0.000107781,2.80614e-05,-2.90745e-05,5.23809e-05,0.000134312,0.000922218,-0.000107781,0.0466615,
0.00247098,-0.000481472,-0.00127145,0.000922158,0.000586306,0.000598527,2.80563e-05,-0.000481472,0.00119432,-0.00067602,-0.00108738,0.000481408,0.000440248,-2.90673e-05,-0.00127145,-0.00067602,0.00406235,0.00015769,-0.000849663,0.000941898,5.23483e-05,0.000922158,-0.00108738,0.00015769,0.00292499,-0.00205765,0.000211813,0.000134277,0.000586306,0.000481408,-0.000849663,-0.00205765,0.0250642,-0.000298707,0.000921593,0.000598527,0.000440248,0.000941898,0.000211813,-0.000298707,0.0256142,-0.00010754,2.80563e-05,-2.90673e-05,5.23483e-05,0.000134277,0.000921593,-0.00010754,0.0466615,
0.00247083,-0.000481408,-0.00127188,0.000922199,0.000585929,0.000596739,2.77383e-05,-0.00048138,0.00119433,-0.000676191,-0.0010874,0.000481129,0.000439537,-2.91924e-05,-0.0012714,-0.000676009,0.00406201,0.000157659,-0.000850131,0.000940473,5.20526e-05,0.000922193,-0.00108741,0.000157575,0.00292507,-0.00205762,0.0002115,0.000134191,0.000587298,0.00048144,-0.000853603,-0.00205733,0.0250597,-0.00031498,0.000917993,0.000600468,0.000440484,0.000932783,0.00021225,-0.000310019,0.0255763,-0.000114261,2.80827e-05,-2.9057e-05,5.21759e-05,0.000134248,0.000920794,-0.000107882,0.0466615,
0.00247064,-0.000481354,-0.00127207,0.000922226,0.000585844,0.000595978,2.76069e-05,-0.000481314,0.00119433,-0.000676259,-0.00108742,0.000480984,0.000439255,-2.92403e-05,-0.00127138,-0.000676003,0.00406187,0.000157621,-0.000850341,0.000939903,5.19192e-05,0.000922216,-0.00108743,0.000157503,0.00292514,-0.00205755,0.000211355,0.000134141,0.00058777,0.000481421,-0.000855225,-0.00205715,0.025058,-0.000321567,0.000916274,0.000601223,0.000440587,0.000929085,0.000212409,-0.000314588,0.0255609,-0.000116893,2.80912e-05,-2.90499e-05,5.20926e-05,0.000134222,0.000920213,-0.000107922,0.0466615,
0.00247044,-0.000481308,-0.00127208,0.000922242,0.000585957,0.000595923,2.76031e-05,-0.000481269,0.00119434,-0.000676256,-0.00108744,0.000480932,0.000439266,-2.92358e-05,-0.0012714,-0.000676001,0.00406187,0.000157579,-0.000850375,0.000939921,5.18994e-05,0.000922232,-0.00108745,0.000157461,0.0029252,-0.00205746,0.000211325,0.000134119,0.000587883,0.000481369,-0.000855261,-0.00205706,0.0250582,-0.000321524,0.000915892,0.00060117,0.000440598,0.000929101,0.000212379,-0.000314542,0.0255611,-0.000116747,2.80874e-05,-2.90455e-05,5.20728e-05,0.0001342,0.000919831,-0.000107775,0.0466616,
0.00247025,-0.000481266,-0.0012721,0.000922257,0.00058606,0.000595875,2.75994e-05,-0.000481227,0.00119434,-0.000676254,-0.00108746,0.000480885,0.000439277,-2.92323e-05,-0.00127141,-0.000675999,0.00406188,0.00015754,-0.000850407,0.000939938,5.18847e-05,0.000922247,-0.00108747,0.000157422,0.00292526,-0.00205739,0.000211298,0.000134104,0.000587987,0.000481322,-0.000855294,-0.00205699,0.0250584,-0.000321486,0.000915609,0.000601123,0.000440609,0.000929116,0.000212353,-0.000314502,0.0255612,-0.000116641,2.80837e-05,-2.90419e-05,5.20581e-05,0.000134184,0.000919549,-0.000107668,0.0466616,
0.00247008,-0.000481228,-0.00127211,0.00092227,0.000586155,0.000595834,2.75957e-05,-0.000481189,0.00119434,-0.000676252,-0.00108748,0.000480844,0.000439287,-2.92295e-05,-0.00127142,-0.000675997,0.00406188,0.000157505,-0.000850437,0.000939956,5.18739e-05,0.00092226,-0.00108749,0.000157387,0.00292531,-0.00205732,0.000211275,0.000134093,0.000588082,0.00048128,-0.000855325,-0.00205692,0.0250585,-0.000321452,0.000915402,0.000601082,0.00044062,0.000929131,0.00021233,-0.000314467,0.0255613,-0.000116566,2.80801e-05,-2.90391e-05,5.20473e-05,0.000134174,0.000919343,-0.000107591,0.0466616,
0.00246993,-0.000481193,-0.00127212,0.000922282,0.000586242,0.000595797,2.75922e-05,-0.000481154,0.00119434,-0.00067625,-0.0010875,0.000480806,0.000439298,-2.92272e-05,-0.00127144,-0.000675995,0.00406188,0.000157472,-0.000850465,0.000939974,5.18661e-05,0.000922272,-0.00108751,0.000157354,0.00292536,-0.00205726,0.000211254,0.000134086,0.000588169,0.000481243,-0.000855353,-0.00205686,0.0250587,-0.000321421,0.000915255,0.000601046,0.00044063,0.000929147,0.00021231,-0.000314435,0.0255614,-0.000116515,2.80766e-05,-2.90368e-05,5.20396e-05,0.000134167,0.000919196,-0.000107539,0.0466616,
0.00246979,-0.000481161,-0.00127213,0.000922293,0.000586322,0.000595765,2.75888e-05,-0.000481121,0.00119435,-0.000676248,-0.00108751,0.000480773,0.000439307,-2.92253e-05,-0.00127145,-0.000675993,0.00406188,0.000157442,-0.00085049,0.000939992,5.18607e-05,0.000922284,-0.00108752,0.000157324,0.00292541,-0.0020572,0.000211236,0.000134081,0.00058825,0.00048121,-0.000855379,-0.0020568,0.0250588,-0.000321394,0.000915154,0.000601015,0.00044064,0.000929163,0.000212292,-0.000314406,0.0255614,-0.000116482,2.80733e-05,-2.90349e-05,5.20342e-05,0.000134162,0.000919095,-0.000107505,0.0466617,
0.00246966,-0.000481131,-0.00127214,0.000922303,0.000586396,0.000595737,2.75855e-05,-0.000481091,0.00119435,-0.000676247,-0.00108753,0.000480743,0.000439317,-2.92238e-05,-0.00127146,-0.000675991,0.00406188,0.000157414,-0.000850513,0.000940009,5.18572e-05,0.000922294,-0.00108754,0.000157296,0.00292545,-0.00205716,0.00021122,0.000134079,0.000588324,0.00048118,-0.000855403,-0.00205675,0.0250588,-0.000321368,0.000915089,0.000600988,0.00044065,0.000929179,0.000212276,-0.000314379,0.0255615,-0.000116463,2.807e-05,-2.90334e-05,5.20307e-05,0.00013416,0.00091903,-0.000107485,0.0466617,
0.00246953,-0.000481103,-0.00127215,0.000922313,0.000586464,0.000595712,2.75823e-05,-0.000481064,0.00119435,-0.000676245,-0.00108754,0.000480716,0.000439326,-2.92226e-05,-0.00127146,-0.00067599,0.00406188,0.000157389,-0.000850535,0.000940027,5.1855e-05,0.000922303,-0.00108755,0.000157271,0.00292548,-0.00205711,0.000211205,0.000134079,0.000588393,0.000481153,-0.000855425,-0.00205671,0.0250589,-0.000321345,0.000915051,0.000600964,0.000440659,0.000929194,0.000212262,-0.000314354,0.0255615,-0.000116456,2.80669e-05,-2.90321e-05,5.20285e-05,0.00013416,0.000918993,-0.000107476,0.0466617,
0.00246942,-0.000481078,-0.00127216,0.000922321,0.000586528,0.00059569,2.75793e-05,-0.000481039,0.00119435,-0.000676244,-0.00108755,0.000480691,0.000439335,-2.92216e-05,-0.00127147,-0.000675988,0.00406189,0.000157365,-0.000850555,0.000940043,5.1854e-05,0.000922312,-0.00108756,0.000157247,0.00292552,-0.00205707,0.000211192,0.00013408,0.000588456,0.000481128,-0.000855446,-0.00205667,0.025059,-0.000321322,0.000915035,0.000600943,0.000440668,0.00092921,0.00021225,-0.000314331,0.0255615,-0.000116456,2.80639e-05,-2.90311e-05,5.20275e-05,0.000134161,0.000918978,-0.000107476,0.0466617,
0.00246932,-0.000481055,-0.00127217,0.000922329,0.000586586,0.000595671,2.75765e-05,-0.000481015,0.00119435,-0.000676242,-0.00108756,0.000480669,0.000439343,-2.92207e-05,-0.00127148,-0.000675987,0.00406189,0.000157343,-0.000850573,0.000940059,5.18538e-05,0.00092232,-0.00108757,0.000157225,0.00292555,-0.00205703,0.000211181,0.000134082,0.000588515,0.000481106,-0.000855465,-0.00205663,0.025059,-0.000321302,0.000915036,0.000600924,0.000440677,0.000929225,0.000212239,-0.00031431,0.0255616,-0.000116463,2.80611e-05,-2.90303e-05,5.20274e-05,0.000134163,0.000918979,-0.000107482,0.0466617,
0.00246922,-0.000481033,-0.00127217,0.000922337,0.000586641,0.000595653,2.75738e-05,-0.000480993,0.00119435,-0.000676241,-0.00108757,0.000480649,0.000439351,-2.922e-05,-0.00127149,-0.000675985,0.00406189,0.000157322,-0.00085059,0.000940075,5.18543e-05,0.000922327,-0.00108758,0.000157204,0.00292558,-0.002057,0.000211171,0.000134085,0.000588569,0.000481086,-0.000855482,-0.0020566,0.0250591,-0.000321282,0.000915049,0.000600906,0.000440685,0.00092924,0.000212228,-0.00031429,0.0255616,-0.000116474,2.80584e-05,-2.90296e-05,5.20278e-05,0.000134166,0.000918992,-0.000107493,0.0466616,
0.00246913,-0.000481013,-0.00127218,0.000922344,0.000586691,0.000595638,2.75712e-05,-0.000480973,0.00119436,-0.00067624,-0.00108758,0.00048063,0.000439359,-2.92195e-05,-0.00127149,-0.000675984,0.00406189,0.000157303,-0.000850606,0.00094009,5.18553e-05,0.000922334,-0.00108759,0.000157185,0.0029256,-0.00205697,0.000211161,0.000134088,0.00058862,0.000481067,-0.000855498,-0.00205657,0.0250591,-0.000321263,0.000915071,0.000600891,0.000440692,0.000929254,0.000212219,-0.00031427,0.0255616,-0.000116488,2.80559e-05,-2.9029e-05,5.20288e-05,0.000134169,0.000919014,-0.000107508,0.0466616,
0.00246905,-0.000480994,-0.00127219,0.00092235,0.000586738,0.000595623,2.75688e-05,-0.000480954,0.00119436,-0.000676239,-0.00108759,0.000480613,0.000439366,-2.9219e-05,-0.0012715,-0.000675983,0.00406189,0.000157286,-0.000850621,0.000940104,5.18566e-05,0.00092234,-0.0010876,0.000157167,0.00292563,-0.00205694,0.000211153,0.000134091,0.000588667,0.00048105,-0.000855513,-0.00205654,0.0250591,-0.000321245,0.0009151,0.000600876,0.000440699,0.000929268,0.000212211,-0.000314252,0.0255616,-0.000116505,2.80534e-05,-2.90285e-05,5.20301e-05,0.000134172,0.000919043,-0.000107524,0.0466616,
0.00246897,-0.000480976,-0.00127219,0.000922356,0.000586783,0.00059561,2.75665e-05,-0.000480937,0.00119436,-0.000676237,-0.0010876,0.000480597,0.000439373,-2.92186e-05,-0.0012715,-0.000675982,0.00406189,0.000157269,-0.000850635,0.000940117,5.18581e-05,0.000922346,-0.00108761,0.000157151,0.00292565,-0.00205691,0.000211145,0.000134095,0.000588712,0.000481034,-0.000855527,-0.00205651,0.0250592,-0.000321228,0.000915133,0.000600863,0.000440706,0.000929282,0.000212203,-0.000314235,0.0255616,-0.000116523,2.80512e-05,-2.90281e-05,5.20316e-05,0.000134176,0.000919076,-0.000107542,0.0466616,
0.0024689,-0.00048096,-0.0012722,0.000922362,0.000586824,0.000595598,2.75643e-05,-0.00048092,0.00119436,-0.000676237,-0.00108761,0.000480582,0.000439379,-2.92182e-05,-0.00127151,-0.000675981,0.00406189,0.000157253,-0.000850648,0.00094013,5.18598e-05,0.000922352,-0.00108762,0.000157135,0.00292567,-0.00205689,0.000211137,0.000134098,0.000588753,0.000481019,-0.00085554,-0.00205649,0.0250592,-0.000321212,0.000915169,0.000600851,0.000440713,0.000929295,0.000212196,-0.000314219,0.0255616,-0.000116541,2.8049e-05,-2.90278e-05,5.20333e-05,0.000134179,0.000919111,-0.000107561,0.0466616,
0.00246883,-0.000480944,-0.0012722,0.000922367,0.000586863,0.000595587,2.75623e-05,-0.000480905,0.00119436,-0.000676236,-0.00108762,0.000480569,0.000439386,-2.92179e-05,-0.00127152,-0.00067598,0.00406189,0.000157239,-0.00085066,0.000940143,5.18616e-05,0.000922357,-0.00108763,0.00015712,0.00292569,-0.00205687,0.000211131,0.000134102,0.000588792,0.000481006,-0.000855552,-0.00205646,0.0250592,-0.000321196,0.000915206,0.00060084,0.000440719,0.000929308,0.000212189,-0.000314204,0.0255616,-0.00011656,2.80469e-05,-2.90275e-05,5.2035e-05,0.000134183,0.000919149,-0.000107581,0.0466616,
0.00246877,-0.000480929,-0.00127221,0.000922372,0.0005869,0.000595577,2.75604e-05,-0.00048089,0.00119436,-0.000676235,-0.00108762,0.000480556,0.000439391,-2.92176e-05,-0.00127152,-0.000675979,0.00406189,0.000157225,-0.000850671,0.000940154,5.18634e-05,0.000922362,-0.00108763,0.000157106,0.00292571,-0.00205684,0.000211124,0.000134106,0.000588828,0.000480993,-0.000855563,-0.00205644,0.0250592,-0.000321182,0.000915244,0.000600829,0.000440725,0.00092932,0.000212183,-0.000314189,0.0255616,-0.000116579,2.8045e-05,-2.90273e-05,5.20368e-05,0.000134187,0.000919186,-0.0001076,0.0466616,
0.00246871,-0.000480916,-0.00127221,0.000922377,0.000586934,0.000595567,2.75586e-05,-0.000480876,0.00119436,-0.000676234,-0.00108763,0.000480544,0.000439397,-2.92174e-05,-0.00127152,-0.000675979,0.00406189,0.000157212,-0.000850682,0.000940166,5.18651e-05,0.000922367,-0.00108764,0.000157093,0.00292573,-0.00205682,0.000211118,0.000134109,0.000588863,0.000480981,-0.000855574,-0.00205642,0.0250593,-0.000321167,0.000915281,0.000600819,0.00044073,0.000929331,0.000212177,-0.000314175,0.0255616,-0.000116598,2.80431e-05,-2.9027e-05,5.20386e-05,0.000134191,0.000919223,-0.000107619,0.0466616,
0.00246865,-0.000480903,-0.00127221,0.000922381,0.000586967,0.000595558,2.75568e-05,-0.000480863,0.00119436,-0.000676233,-0.00108764,0.000480533,0.000439402,-2.92172e-05,-0.00127153,-0.000675978,0.00406189,0.000157199,-0.000850692,0.000940176,5.18669e-05,0.000922372,-0.00108765,0.000157081,0.00292575,-0.0020568,0.000211113,0.000134113,0.000588896,0.00048097,-0.000855584,-0.0020564,0.0250593,-0.000321154,0.000915317,0.00060081,0.000440735,0.000929343,0.000212171,-0.000314162,0.0255617,-0.000116615,2.80414e-05,-2.90268e-05,5.20403e-05,0.000134194,0.000919259,-0.000107637,0.0466616,
0.0024686,-0.00048089,-0.00127222,0.000922385,0.000586998,0.000595549,2.75552e-05,-0.000480851,0.00119436,-0.000676233,-0.00108764,0.000480522,0.000439407,-2.9217e-05,-0.00127153,-0.000675977,0.00406189,0.000157187,-0.000850702,0.000940186,5.18686e-05,0.000922376,-0.00108765,0.000157069,0.00292576,-0.00205679,0.000211108,0.000134116,0.000588927,0.000480959,-0.000855593,-0.00205639,0.0250593,-0.000321141,0.000915352,0.000600801,0.00044074,0.000929353,0.000212166,-0.000314149,0.0255617,-0.000116632,2.80397e-05,-2.90266e-05,5.2042e-05,0.000134197,0.000919294,-0.000107655,0.0466616,
0.00246854,-0.000480878,-0.00127222,0.00092239,0.000587028,0.000595541,2.75536e-05,-0.000480839,0.00119436,-0.000676232,-0.00108765,0.000480512,0.000439412,-2.92168e-05,-0.00127154,-0.000675977,0.0040619,0.000157176,-0.000850711,0.000940196,5.18701e-05,0.00092238,-0.00108766,0.000157058,0.00292578,-0.00205677,0.000211103,0.000134119,0.000588956,0.000480949,-0.000855602,-0.00205637,0.0250593,-0.000321128,0.000915386,0.000600792,0.000440745,0.000929363,0.000212161,-0.000314137,0.0255617,-0.000116649,2.80381e-05,-2.90264e-05,5.20435e-05,0.0001342,0.000919327,-0.000107671,0.0466616,
0.00246849,-0.000480867,-0.00127223,0.000922393,0.000587056,0.000595533,2.75521e-05,-0.000480828,0.00119437,-0.000676232,-0.00108765,0.000480502,0.000439417,-2.92166e-05,-0.00127154,-0.000675976,0.0040619,0.000157165,-0.00085072,0.000940205,5.18716e-05,0.000922384,-0.00108766,0.000157047,0.00292579,-0.00205675,0.000211098,0.000134122,0.000588984,0.000480939,-0.000855611,-0.00205635,0.0250593,-0.000321116,0.000915417,0.000600784,0.000440749,0.000929373,0.000212156,-0.000314125,0.0255617,-0.000116664,2.80366e-05,-2.90263e-05,5.2045e-05,0.000134203,0.000919358,-0.000107687,0.0466616,
0.00246845,-0.000480856,-0.00127223,0.000922397,0.000587083,0.000595525,2.75507e-05,-0.000480817,0.00119437,-0.000676231,-0.00108766,0.000480493,0.000439421,-2.92164e-05,-0.00127154,-0.000675976,0.0040619,0.000157155,-0.000850728,0.000940214,5.1873e-05,0.000922388,-0.00108767,0.000157037,0.00292581,-0.00205674,0.000211093,0.000134125,0.000589011,0.00048093,-0.000855619,-0.00205634,0.0250593,-0.000321105,0.000915446,0.000600776,0.000440754,0.000929382,0.000212151,-0.000314114,0.0255617,-0.000116678,2.80351e-05,-2.90261e-05,5.20464e-05,0.000134206,0.000919387,-0.000107702,0.0466616,
0.0024684,-0.000480846,-0.00127223,0.000922401,0.000587109,0.000595518,2.75493e-05,-0.000480807,0.00119437,-0.000676231,-0.00108766,0.000480484,0.000439425,-2.92162e-05,-0.00127155,-0.000675975,0.0040619,0.000157145,-0.000850736,0.000940222,5.18743e-05,0.000922391,-0.00108767,0.000157027,0.00292582,-0.00205672,0.000211089,0.000134128,0.000589037,0.000480921,-0.000855627,-0.00205632,0.0250594,-0.000321094,0.000915473,0.000600768,0.000440758,0.000929391,0.000212147,-0.000314103,0.0255617,-0.000116691,2.80337e-05,-2.90259e-05,5.20477e-05,0.000134209,0.000919414,-0.000107715,0.0466616,
0.00246836,-0.000480836,-0.00127224,0.000922404,0.000587134,0.00059551,2.7548e-05,-0.000480797,0.00119437,-0.00067623,-0.00108767,0.000480475,0.000439429,-2.9216e-05,-0.00127155,-0.000675975,0.0040619,0.000157136,-0.000850744,0.00094023,5.18755e-05,0.000922395,-0.00108768,0.000157017,0.00292583,-0.00205671,0.000211084,0.00013413,0.000589062,0.000480912,-0.000855635,-0.00205631,0.0250594,-0.000321083,0.000915497,0.000600761,0.000440762,0.000929399,0.000212143,-0.000314093,0.0255617,-0.000116703,2.80324e-05,-2.90257e-05,5.20488e-05,0.000134211,0.000919438,-0.000107728,0.0466616,
0.00246831,-0.000480826,-0.00127224,0.000922408,0.000587158,0.000595503,2.75468e-05,-0.000480787,0.00119437,-0.00067623,-0.00108767,0.000480467,0.000439433,-2.92158e-05,-0.00127155,-0.000675975,0.0040619,0.000157127,-0.000850751,0.000940238,5.18765e-05,0.000922398,-0.00108768,0.000157008,0.00292585,-0.00205669,0.00021108,0.000134132,0.000589086,0.000480904,-0.000855642,-0.00205629,0.0250594,-0.000321073,0.00091552,0.000600753,0.000440765,0.000929408,0.000212139,-0.000314083,0.0255617,-0.000116715,2.80311e-05,-2.90255e-05,5.20499e-05,0.000134214,0.00091946,-0.00010774,0.0466616,
0.00246827,-0.000480817,-0.00127224,0.000922411,0.000587181,0.000595496,2.75456e-05,-0.000480778,0.00119437,-0.00067623,-0.00108768,0.000480459,0.000439436,-2.92156e-05,-0.00127156,-0.000675974,0.0040619,0.000157118,-0.000850759,0.000940245,5.18775e-05,0.000922401,-0.00108769,0.000156999,0.00292586,-0.00205668,0.000211076,0.000134134,0.000589109,0.000480896,-0.000855649,-0.00205628,0.0250594,-0.000321063,0.00091554,0.000600746,0.000440769,0.000929415,0.000212134,-0.000314073,0.0255617,-0.000116725,2.80299e-05,-2.90253e-05,5.20508e-05,0.000134216,0.00091948,-0.00010775,0.0466616,
0.00246823,-0.000480808,-0.00127225,0.000922414,0.000587204,0.000595489,2.75444e-05,-0.000480769,0.00119437,-0.000676229,-0.00108768,0.000480451,0.00043944,-2.92154e-05,-0.00127156,-0.000675974,0.0040619,0.000157109,-0.000850766,0.000940253,5.18783e-05,0.000922404,-0.00108769,0.000156991,0.00292587,-0.00205667,0.000211072,0.000134136,0.000589132,0.000480888,-0.000855656,-0.00205626,0.0250594,-0.000321054,0.000915558,0.000600739,0.000440773,0.000929423,0.00021213,-0.000314064,0.0255617,-0.000116734,2.80287e-05,-2.90252e-05,5.20516e-05,0.000134218,0.000919498,-0.00010776,0.0466616,
0.00246819,-0.000480799,-0.00127225,0.000922417,0.000587226,0.000595482,2.75433e-05,-0.00048076,0.00119437,-0.000676229,-0.00108768,0.000480443,0.000439443,-2.92152e-05,-0.00127156,-0.000675974,0.0040619,0.000157101,-0.000850772,0.000940259,5.18791e-05,0.000922407,-0.00108769,0.000156982,0.00292588,-0.00205665,0.000211068,0.000134138,0.000589154,0.00048088,-0.000855662,-0.00205625,0.0250594,-0.000321044,0.000915574,0.000600732,0.000440776,0.00092943,0.000212127,-0.000314055,0.0255617,-0.000116743,2.80276e-05,-2.9025e-05,5.20524e-05,0.000134219,0.000919514,-0.000107769,0.0466616,
0.00246816,-0.000480791,-0.00127225,0.00092242,0.000587247,0.000595475,2.75422e-05,-0.000480751,0.00119437,-0.000676229,-0.00108769,0.000480436,0.000439447,-2.9215e-05,-0.00127157,-0.000675974,0.0040619,0.000157093,-0.000850779,0.000940266,5.18797e-05,0.000922411,-0.0010877,0.000156974,0.00292589,-0.00205664,0.000211064,0.00013414,0.000589175,0.000480873,-0.000855669,-0.00205624,0.0250594,-0.000321035,0.000915588,0.000600725,0.000440779,0.000929437,0.000212123,-0.000314046,0.0255617,-0.000116751,2.80265e-05,-2.90248e-05,5.2053e-05,0.000134221,0.000919528,-0.000107777,0.0466615,
0.00246812,-0.000480783,-0.00127225,0.000922423,0.000587268,0.000595469,2.75411e-05,-0.000480743,0.00119437,-0.000676229,-0.00108769,0.000480428,0.00043945,-2.92148e-05,-0.00127157,-0.000675973,0.0040619,0.000157085,-0.000850785,0.000940273,5.18803e-05,0.000922413,-0.0010877,0.000156966,0.0029259,-0.00205663,0.00021106,0.000134141,0.000589196,0.000480865,-0.000855675,-0.00205623,0.0250595,-0.000321027,0.000915601,0.000600718,0.000440782,0.000929443,0.000212119,-0.000314037,0.0255617,-0.000116758,2.80254e-05,-2.90246e-05,5.20536e-05,0.000134222,0.000919541,-0.000107784,0.0466615,
0.00246808,-0.000480774,-0.00127226,0.000922426,0.000587289,0.000595462,2.75401e-05,-0.000480735,0.00119437,-0.000676228,-0.00108769,0.000480421,0.000439453,-2.92146e-05,-0.00127157,-0.000675973,0.0040619,0.000157077,-0.000850792,0.000940279,5.18808e-05,0.000922416,-0.00108771,0.000156959,0.00292591,-0.00205661,0.000211057,0.000134143,0.000589217,0.000480858,-0.000855681,-0.00205621,0.0250595,-0.000321018,0.000915612,0.000600712,0.000440785,0.00092945,0.000212115,-0.000314029,0.0255617,-0.000116764,2.80243e-05,-2.90243e-05,5.20541e-05,0.000134224,0.000919552,-0.000107791,0.0466615,
0.00246805,-0.000480766,-0.00127226,0.000922429,0.000587309,0.000595456,2.75391e-05,-0.000480727,0.00119437,-0.000676228,-0.0010877,0.000480414,0.000439456,-2.92143e-05,-0.00127157,-0.000675973,0.0040619,0.000157069,-0.000850798,0.000940285,5.18812e-05,0.000922419,-0.00108771,0.000156951,0.00292593,-0.0020566,0.000211053,0.000134144,0.000589236,0.000480851,-0.000855687,-0.0020562,0.0250595,-0.00032101,0.000915621,0.000600705,0.000440788,0.000929456,0.000212112,-0.00031402,0.0255617,-0.000116769,2.80233e-05,-2.90241e-05,5.20545e-05,0.000134225,0.000919561,-0.000107797,0.0466615,
0.00246801,-0.000480759,-0.00127226,0.000922432,0.000587328,0.000595449,2.75381e-05,-0.000480719,0.00119437,-0.000676228,-0.0010877,0.000480407,0.000439459,-2.92141e-05,-0.00127158,-0.000675973,0.0040619,0.000157062,-0.000850804,0.000940291,5.18815e-05,0.000922422,-0.00108771,0.000156943,0.00292594,-0.00205659,0.000211049,0.000134145,0.000589256,0.000480844,-0.000855693,-0.00205619,0.0250595,-0.000321001,0.000915629,0.000600698,0.000440791,0.000929462,0.000212108,-0.000314012,0.0255617,-0.000116775,2.80223e-05,-2.90239e-05,5.20548e-05,0.000134226,0.000919569,-0.000107802,0.0466615,
0.00246798,-0.000480751,-0.00127226,0.000922434,0.000587348,0.000595442,2.75371e-05,-0.000480712,0.00119438,-0.000676228,-0.00108771,0.0004804,0.000439462,-2.92139e-05,-0.00127158,-0.000675973,0.0040619,0.000157054,-0.00085081,0.000940296,5.18818e-05,0.000922425,-0.00108772,0.000156936,0.00292595,-0.00205658,0.000211046,0.000134146,0.000589275,0.000480837,-0.000855699,-0.00205618,0.0250595,-0.000320993,0.000915635,0.000600692,0.000440794,0.000929468,0.000212104,-0.000314004,0.0255617,-0.000116779,2.80214e-05,-2.90237e-05,5.2055e-05,0.000134227,0.000919575,-0.000107806,0.0466615,
0.00246795,-0.000480743,-0.00127227,0.000922437,0.000587367,0.000595436,2.75362e-05,-0.000480704,0.00119438,-0.000676228,-0.00108771,0.000480394,0.000439465,-2.92136e-05,-0.00127158,-0.000675972,0.0040619,0.000157047,-0.000850816,0.000940302,5.1882e-05,0.000922428,-0.00108772,0.000156929,0.00292596,-0.00205657,0.000211042,0.000134147,0.000589294,0.00048083,-0.000855705,-0.00205617,0.0250595,-0.000320985,0.000915641,0.000600685,0.000440797,0.000929474,0.000212101,-0.000313996,0.0255618,-0.000116783,2.80204e-05,-2.90234e-05,5.20552e-05,0.000134228,0.00091958,-0.000107811,0.0466615,
0.00246791,-0.000480736,-0.00127227,0.00092244,0.000587386,0.000595429,2.75353e-05,-0.000480696,0.00119438,-0.000676227,-0.00108771,0.000480387,0.000439467,-2.92134e-05,-0.00127158,-0.000675972,0.0040619,0.00015704,-0.000850821,0.000940308,5.18822e-05,0.00092243,-0.00108772,0.000156922,0.00292596,-0.00205656,0.000211039,0.000134148,0.000589313,0.000480824,-0.000855711,-0.00205615,0.0250595,-0.000320978,0.000915645,0.000600679,0.0004408,0.000929479,0.000212097,-0.000313989,0.0255618,-0.000116786,2.80195e-05,-2.90232e-05,5.20554e-05,0.000134229,0.000919585,-0.000107814,0.0466615,
0.00246788,-0.000480728,-0.00127227,0.000922443,0.000587404,0.000595423,2.75344e-05,-0.000480689,0.00119438,-0.000676227,-0.00108772,0.00048038,0.00043947,-2.92132e-05,-0.00127159,-0.000675972,0.0040619,0.000157033,-0.000850827,0.000940313,5.18823e-05,0.000922433,-0.00108773,0.000156915,0.00292597,-0.00205654,0.000211035,0.000134149,0.000589332,0.000480817,-0.000855717,-0.00205614,0.0250596,-0.00032097,0.000915649,0.000600672,0.000440802,0.000929485,0.000212094,-0.000313981,0.0255618,-0.00011679,2.80186e-05,-2.9023e-05,5.20555e-05,0.00013423,0.000919588,-0.000107817,0.0466615,
0.00246785,-0.000480721,-0.00127227,0.000922445,0.000587422,0.000595417,2.75335e-05,-0.000480682,0.00119438,-0.000676227,-0.00108772,0.000480374,0.000439473,-2.92129e-05,-0.00127159,-0.000675972,0.0040619,0.000157026,-0.000850833,0.000940318,5.18823e-05,0.000922436,-0.00108773,0.000156908,0.00292598,-0.00205653,0.000211031,0.000134149,0.00058935,0.00048081,-0.000855722,-0.00205613,0.0250596,-0.000320962,0.000915651,0.000600666,0.000440805,0.00092949,0.00021209,-0.000313973,0.0255618,-0.000116792,2.80176e-05,-2.90227e-05,5.20556e-05,0.000134231,0.00091959,-0.00010782,0.0466615,
0.00246782,-0.000480714,-0.00127228,0.000922448,0.000587441,0.00059541,2.75326e-05,-0.000480675,0.00119438,-0.000676227,-0.00108772,0.000480367,0.000439475,-2.92127e-05,-0.00127159,-0.000675972,0.0040619,0.000157019,-0.000850838,0.000940324,5.18823e-05,0.000922438,-0.00108773,0.000156901,0.00292599,-0.00205652,0.000211028,0.00013415,0.000589368,0.000480804,-0.000855728,-0.00205612,0.0250596,-0.000320955,0.000915653,0.000600659,0.000440807,0.000929495,0.000212087,-0.000313966,0.0255618,-0.000116795,2.80168e-05,-2.90225e-05,5.20556e-05,0.000134231,0.000919592,-0.000107823,0.0466615,
0.00246778,-0.000480707,-0.00127228,0.00092245,0.000587459,0.000595404,2.75317e-05,-0.000480667,0.00119438,-0.000676227,-0.00108773,0.00048036,0.000439478,-2.92124e-05,-0.00127159,-0.000675972,0.0040619,0.000157012,-0.000850844,0.000940329,5.18823e-05,0.000922441,-0.00108774,0.000156894,0.002926,-0.00205651,0.000211024,0.000134151,0.000589386,0.000480797,-0.000855733,-0.00205611,0.0250596,-0.000320948,0.000915654,0.000600653,0.00044081,0.000929501,0.000212083,-0.000313958,0.0255618,-0.000116797,2.80159e-05,-2.90223e-05,5.20556e-05,0.000134232,0.000919593,-0.000107825,0.0466615,
0.00246775,-0.0004807,-0.00127228,0.000922453,0.000587476,0.000595397,2.75308e-05,-0.00048066,0.00119438,-0.000676227,-0.00108773,0.000480354,0.00043948,-2.92122e-05,-0.0012716,-0.000675972,0.0040619,0.000157005,-0.000850849,0.000940334,5.18823e-05,0.000922443,-0.00108774,0.000156887,0.00292601,-0.0020565,0.000211021,0.000134151,0.000589404,0.000480791,-0.000855739,-0.0020561,0.0250596,-0.00032094,0.000915654,0.000600646,0.000440813,0.000929506,0.00021208,-0.000313951,0.0255618,-0.000116799,2.8015e-05,-2.9022e-05,5.20555e-05,0.000134232,0.000919593,-0.000107827,0.0466615,
0.00246772,-0.000480692,-0.00127228,0.000922456,0.000587494,0.000595391,2.753e-05,-0.000480653,0.00119438,-0.000676227,-0.00108773,0.000480348,0.000439483,-2.92119e-05,-0.0012716,-0.000675972,0.0040619,0.000156999,-0.000850855,0.000940339,5.18822e-05,0.000922446,-0.00108774,0.00015688,0.00292602,-0.00205649,0.000211018,0.000134152,0.000589422,0.000480784,-0.000855744,-0.00205609,0.0250596,-0.000320933,0.000915654,0.00060064,0.000440815,0.000929511,0.000212076,-0.000313944,0.0255618,-0.0001168,2.80141e-05,-2.90218e-05,5.20554e-05,0.000134233,0.000919593,-0.000107829,0.0466615,
0.00246769,-0.000480685,-0.00127229,0.000922458,0.000587512,0.000595385,2.75291e-05,-0.000480646,0.00119438,-0.000676227,-0.00108774,0.000480341,0.000439485,-2.92117e-05,-0.0012716,-0.000675971,0.0040619,0.000156992,-0.00085086,0.000940344,5.18821e-05,0.000922449,-0.00108775,0.000156873,0.00292603,-0.00205648,0.000211014,0.000134152,0.000589439,0.000480778,-0.000855749,-0.00205608,0.0250597,-0.000320926,0.000915653,0.000600633,0.000440818,0.000929516,0.000212073,-0.000313937,0.0255618,-0.000116802,2.80133e-05,-2.90215e-05,5.20553e-05,0.000134233,0.000919593,-0.00010783,0.0466615,
0.00246766,-0.000480678,-0.00127229,0.000922461,0.000587529,0.000595378,2.75283e-05,-0.000480639,0.00119438,-0.000676227,-0.00108774,0.000480335,0.000439488,-2.92114e-05,-0.0012716,-0.000675971,0.0040619,0.000156985,-0.000850866,0.000940349,5.1882e-05,0.000922451,-0.00108775,0.000156867,0.00292604,-0.00205647,0.000211011,0.000134153,0.000589457,0.000480772,-0.000855755,-0.00205606,0.0250597,-0.000320919,0.000915652,0.000600627,0.00044082,0.000929521,0.00021207,-0.000313929,0.0255618,-0.000116803,2.80124e-05,-2.90213e-05,5.20552e-05,0.000134234,0.000919591,-0.000107831,0.0466615,
0.00246763,-0.000480672,-0.00127229,0.000922463,0.000587547,0.000595372,2.75275e-05,-0.000480632,0.00119438,-0.000676227,-0.00108774,0.000480328,0.00043949,-2.92111e-05,-0.00127161,-0.000675971,0.0040619,0.000156978,-0.000850871,0.000940354,5.18819e-05,0.000922454,-0.00108775,0.00015686,0.00292605,-0.00205646,0.000211007,0.000134153,0.000589474,0.000480765,-0.00085576,-0.00205605,0.0250597,-0.000320911,0.000915651,0.000600621,0.000440823,0.000929526,0.000212066,-0.000313922,0.0255618,-0.000116804,2.80116e-05,-2.9021e-05,5.20551e-05,0.000134234,0.00091959,-0.000107833,0.0466615,
0.0024676,-0.000480665,-0.00127229,0.000922466,0.000587564,0.000595365,2.75266e-05,-0.000480625,0.00119438,-0.000676226,-0.00108775,0.000480322,0.000439493,-2.92109e-05,-0.00127161,-0.000675971,0.0040619,0.000156972,-0.000850876,0.000940359,5.18817e-05,0.000922456,-0.00108776,0.000156853,0.00292606,-0.00205644,0.000211004,0.000134154,0.000589492,0.000480759,-0.000855766,-0.00205604,0.0250597,-0.000320904,0.000915649,0.000600614,0.000440825,0.000929531,0.000212063,-0.000313915,0.0255618,-0.000116805,2.80108e-05,-2.90207e-05,5.20549e-05,0.000134235,0.000919588,-0.000107834,0.0466615,
0.00246757,-0.000480658,-0.0012723,0.000922468,0.000587581,0.000595359,2.75258e-05,-0.000480618,0.00119438,-0.000676226,-0.00108775,0.000480316,0.000439495,-2.92106e-05,-0.00127161,-0.000675971,0.0040619,0.000156965,-0.000850881,0.000940363,5.18816e-05,0.000922459,-0.00108776,0.000156847,0.00292607,-0.00205643,0.000211,0.000134154,0.000589509,0.000480752,-0.000855771,-0.00205603,0.0250597,-0.000320897,0.000915647,0.000600608,0.000440827,0.000929535,0.000212059,-0.000313908,0.0255618,-0.000116806,2.80099e-05,-2.90205e-05,5.20548e-05,0.000134235,0.000919586,-0.000107834,0.0466615,
0.00246753,-0.000480651,-0.0012723,0.000922471,0.000587599,0.000595353,2.7525e-05,-0.000480611,0.00119438,-0.000676226,-0.00108775,0.000480309,0.000439498,-2.92104e-05,-0.00127161,-0.000675971,0.0040619,0.000156959,-0.000850887,0.000940368,5.18814e-05,0.000922461,-0.00108776,0.00015684,0.00292608,-0.00205642,0.000210997,0.000134154,0.000589526,0.000480746,-0.000855776,-0.00205602,0.0250597,-0.00032089,0.000915644,0.000600602,0.00044083,0.00092954,0.000212056,-0.000313901,0.0255619,-0.000116806,2.80091e-05,-2.90202e-05,5.20546e-05,0.000134236,0.000919583,-0.000107835,0.0466615,
