0.00239639,0.00039381,-0.00150042,0.000870613,-0.000701381,-0.00111181,3.37693e-05,0.00039381,0.00134488,0.000746317,0.00108304,0.000109074,0.000379223,-0.00011532,-0.00150042,0.000746317,0.00375137,0.000129737,-0.00115986,-0.00134087,-3.77923e-05,0.000870613,0.00108304,0.000129737,0.00264424,-0.000877196,0.000720924,5.35919e-07,-0.000701381,0.000109074,-0.00115986,-0.000877196,0.0347137,0.00223982,-0.00210266,-0.00111181,0.000379223,-0.00134087,0.000720924,0.00223982,0.0284031,6.11778e-05,3.37693e-05,-0.00011532,-3.77923e-05,5.35919e-07,-0.00210266,6.11778e-05,0.0467444,
0.00239501,0.000393309,-0.00150049,0.000870702,-0.000700811,-0.00111102,3.3856e-05,0.000393309,0.00134491,0.000746401,0.00108302,0.00010918,0.000379222,-0.000115301,-0.00150049,0.000746401,0.00375123,0.000129263,-0.00115999,-0.0013409,-3.77681e-05,0.000870702,0.00108302,0.000129263,0.00264455,-0.000877526,0.000720915,6.24251e-07,-0.000700811,0.00010918,-0.00115999,-0.000877526,0.0347129,0.00223954,-0.00210277,-0.00111102,0.000379222,-0.0013409,0.000720915,0.00223954,0.0284026,6.11245e-05,3.3856e-05,-0.000115301,-3.77681e-05,6.2425e-07,-0.00210277,6.11245e-05,0.0467444,
0.00239379,0.000392869,-0.00150054,0.000870782,-0.000700314,-0.00111038,3.39283e-05,0.000392869,0.00134492,0.00074647,0.00108302,0.000109253,0.000379213,-0.000115281,-0.00150054,0.00074647,0.00375114,0.000128852,-0.00116009,-0.00134094,-3.77537e-05,0.000870782,0.00108302,0.000128852,0.00264484,-0.000877697,0.000720917,6.82801e-07,-0.000700314,0.000109253,-0.00116009,-0.000877697,0.0347124,0.00223928,-0.00210283,-0.00111038,0.000379213,-0.00134094,0.000720917,0.00223928,0.0284023,6.10679e-05,3.39283e-05,-0.000115281,-3.77537e-05,6.82801e-07,-0.00210283,6.10679e-05,0.0467444,
0.00239272,0.00039248,-0.00150058,0.000870851,-0.000699881,-0.00110985,3.39893e-05,0.00039248,0.00134492,0.000746523,0.00108303,0.000109308,0.000379199,-0.000115261,-0.00150058,0.000746523,0.00375106,0.000128496,-0.00116017,-0.00134098,-3.77457e-05,0.000870851,0.00108303,0.000128496,0.0026451,-0.000877777,0.000720926,7.21131e-07,-0.000699881,0.000109308,-0.00116017,-0.000877777,0.034712,0.00223906,-0.00210287,-0.00110985,0.000379199,-0.00134098,0.000720926,0.00223906,0.0284021,6.10068e-05,3.39893e-05,-0.000115261,-3.77457e-05,7.21134e-07,-0.00210287,6.10068e-05,0.0467444,
0.00239177,0.000392137,-0.00150062,0.000870909,-0.000699505,-0.00110942,3.4041e-05,0.000392137,0.00134492,0.000746564,0.00108304,0.00010935,0.000379182,-0.000115241,-0.00150062,0.000746564,0.00375101,0.000128186,-0.00116023,-0.00134103,-3.77422e-05,0.000870909,0.00108304,0.000128186,0.00264535,-0.000877799,0.000720944,7.44533e-07,-0.000699505,0.00010935,-0.00116023,-0.000877799,0.0347117,0.00223886,-0.00210288,-0.00110942,0.000379182,-0.00134103,0.000720944,0.00223886,0.028402,6.09412e-05,3.4041e-05,-0.000115241,-3.77422e-05,7.44534e-07,-0.00210288,6.09412e-05,0.0467444,
0.00239093,0.000391832,-0.00150065,0.000870959,-0.000699178,-0.00110905,3.40851e-05,0.000391832,0.0013449,0.000746596,0.00108306,0.000109383,0.000379163,-0.000115221,-0.00150065,0.000746596,0.00375096,0.000127915,-0.00116028,-0.00134108,-3.77422e-05,0.000870959,0.00108306,0.000127915,0.00264557,-0.000877783,0.00072097,7.56419e-07,-0.000699178,0.000109383,-0.00116028,-0.000877783,0.0347115,0.00223868,-0.00210287,-0.00110905,0.000379163,-0.00134108,0.00072097,0.00223868,0.0284019,6.08715e-05,3.40851e-05,-0.000115221,-3.77422e-05,7.56421e-07,-0.00210287,6.08715e-05,0.0467444,
0.00239018,0.000391561,-0.00150067,0.000871001,-0.000698893,-0.00110874,3.41227e-05,0.000391561,0.00134488,0.000746619,0.00108308,0.000109409,0.000379144,-0.000115202,-0.00150067,0.000746619,0.00375093,0.000127679,-0.00116032,-0.00134112,-3.77448e-05,0.000871001,0.00108308,0.000127679,0.00264578,-0.000877741,0.000721003,7.59233e-07,-0.000698893,0.000109409,-0.00116032,-0.000877741,0.0347114,0.00223851,-0.00210286,-0.00110874,0.000379144,-0.00134112,0.000721003,0.00223851,0.0284019,6.07978e-05,3.41227e-05,-0.000115202,-3.77448e-05,7.59233e-07,-0.00210286,6.07978e-05,0.0467445,
0.00238952,0.000391319,-0.00150069,0.000871037,-0.000698645,-0.00110848,3.41546e-05,0.000391319,0.00134486,0.000746636,0.0010831,0.00010943,0.000379124,-0.000115183,-0.00150069,0.000746636,0.0037509,0.000127471,-0.00116035,-0.00134116,-3.77494e-05,0.000871037,0.0010831,0.000127471,0.00264597,-0.000877682,0.000721041,7.54804e-07,-0.000698645,0.00010943,-0.00116035,-0.000877682,0.0347113,0.00223835,-0.00210283,-0.00110848,0.000379124,-0.00134116,0.000721041,0.00223835,0.0284019,6.07208e-05,3.41546e-05,-0.000115183,-3.77494e-05,7.54802e-07,-0.00210283,6.07208e-05,0.0467445,
0.00238893,0.000391104,-0.00150071,0.000871067,-0.000698428,-0.00110826,3.41817e-05,0.000391104,0.00134484,0.000746648,0.00108312,0.000109447,0.000379105,-0.000115165,-0.00150071,0.000746648,0.00375088,0.000127288,-0.00116039,-0.0013412,-3.77558e-05,0.000871067,0.00108312,0.000127288,0.00264614,-0.000877611,0.000721081,7.44554e-07,-0.000698428,0.000109447,-0.00116039,-0.000877611,0.0347113,0.00223821,-0.00210279,-0.00110826,0.000379105,-0.0013412,0.000721081,0.00223821,0.0284019,6.06405e-05,3.41817e-05,-0.000115165,-3.77558e-05,7.44554e-07,-0.00210279,6.06405e-05,0.0467445,
0.00238841,0.000390911,-0.00150073,0.000871093,-0.000698238,-0.00110807,3.42046e-05,0.000390911,0.00134482,0.000746656,0.00108314,0.000109462,0.000379086,-0.000115148,-0.00150073,0.000746656,0.00375087,0.000127126,-0.00116041,-0.00134123,-3.77635e-05,0.000871093,0.00108314,0.000127126,0.0026463,-0.000877535,0.000721123,7.29611e-07,-0.000698238,0.000109462,-0.00116041,-0.000877535,0.0347113,0.00223807,-0.00210275,-0.00110807,0.000379086,-0.00134123,0.000721123,0.00223807,0.0284019,6.05573e-05,3.42046e-05,-0.000115148,-3.77635e-05,7.29613e-07,-0.00210275,6.05573e-05,0.0467445,
0.00238794,0.000390739,-0.00150074,0.000871116,-0.000698071,-0.00110791,3.42237e-05,0.000390739,0.0013448,0.000746662,0.00108317,0.000109473,0.000379067,-0.000115131,-0.00150074,0.000746662,0.00375086,0.000126983,-0.00116044,-0.00134126,-3.77723e-05,0.000871116,0.00108317,0.000126983,0.00264644,-0.000877456,0.000721165,7.10877e-07,-0.000698071,0.000109473,-0.00116044,-0.000877456,0.0347113,0.00223794,-0.0021027,-0.00110791,0.000379067,-0.00134126,0.000721165,0.00223794,0.0284019,6.04715e-05,3.42237e-05,-0.000115131,-3.77723e-05,7.10877e-07,-0.0021027,6.04715e-05,0.0467446,
0.00238752,0.000390584,-0.00150076,0.000871135,-0.000697924,-0.00110777,3.42396e-05,0.000390584,0.00134478,0.000746665,0.00108319,0.000109483,0.00037905,-0.000115115,-0.00150076,0.000746665,0.00375085,0.000126856,-0.00116046,-0.00134129,-3.7782e-05,0.000871135,0.00108319,0.000126856,0.00264658,-0.000877376,0.000721207,6.89066e-07,-0.000697924,0.000109483,-0.00116046,-0.000877376,0.0347114,0.00223781,-0.00210265,-0.00110777,0.00037905,-0.00134129,0.000721207,0.00223781,0.0284019,6.03833e-05,3.42396e-05,-0.000115115,-3.7782e-05,6.89067e-07,-0.00210265,6.03833e-05,0.0467446,
0.00238714,0.000390445,-0.00150077,0.000871152,-0.000697795,-0.00110765,3.42526e-05,0.000390445,0.00134475,0.000746666,0.00108321,0.000109492,0.000379033,-0.0001151,-0.00150077,0.000746666,0.00375085,0.000126742,-0.00116048,-0.00134132,-3.77924e-05,0.000871152,0.00108321,0.000126742,0.0026467,-0.000877298,0.000721247,6.64762e-07,-0.000697795,0.000109492,-0.00116048,-0.000877298,0.0347115,0.0022377,-0.00210259,-0.00110765,0.000379033,-0.00134132,0.000721247,0.0022377,0.0284019,6.02928e-05,3.42526e-05,-0.0001151,-3.77924e-05,6.64761e-07,-0.00210259,6.02928e-05,0.0467446,
0.0023868,0.000390319,-0.00150078,0.000871167,-0.00069768,-0.00110754,3.42631e-05,0.000390319,0.00134473,0.000746666,0.00108323,0.0001095,0.000379018,-0.000115085,-0.00150078,0.000746666,0.00375084,0.000126641,-0.0011605,-0.00134134,-3.78034e-05,0.000871167,0.00108323,0.000126641,0.00264681,-0.000877223,0.000721286,6.38428e-07,-0.00069768,0.0001095,-0.0011605,-0.000877223,0.0347115,0.00223758,-0.00210253,-0.00110754,0.000379018,-0.00134134,0.000721286,0.00223758,0.0284019,6.02003e-05,3.42631e-05,-0.000115085,-3.78034e-05,6.38427e-07,-0.00210253,6.02003e-05,0.0467447,
0.00238649,0.000390206,-0.00150078,0.00087118,-0.000697579,-0.00110745,3.42714e-05,0.000390206,0.00134471,0.000746665,0.00108325,0.000109507,0.000379003,-0.000115071,-0.00150078,0.000746665,0.00375084,0.000126551,-0.00116051,-0.00134136,-3.78148e-05,0.00087118,0.00108325,0.000126551,0.00264691,-0.000877151,0.000721323,6.10438e-07,-0.000697579,0.000109507,-0.00116051,-0.000877151,0.0347116,0.00223747,-0.00210246,-0.00110745,0.000379003,-0.00134136,0.000721323,0.00223747,0.0284018,6.01058e-05,3.42714e-05,-0.000115071,-3.78148e-05,6.10438e-07,-0.00210246,6.01058e-05,0.0467447,
0.00238622,0.000390104,-0.00150079,0.000871191,-0.000697489,-0.00110737,3.42777e-05,0.000390104,0.00134469,0.000746663,0.00108327,0.000109514,0.00037899,-0.000115057,-0.00150079,0.000746663,0.00375084,0.000126469,-0.00116053,-0.00134139,-3.78267e-05,0.000871191,0.00108327,0.000126469,0.002647,-0.000877084,0.000721358,5.81099e-07,-0.000697489,0.000109514,-0.00116053,-0.000877084,0.0347117,0.00223737,-0.0021024,-0.00110737,0.00037899,-0.00134139,0.000721358,0.00223737,0.0284018,6.00096e-05,3.42777e-05,-0.000115057,-3.78267e-05,5.81099e-07,-0.0021024,6.00096e-05,0.0467447,
0.00238587,0.00039003,-0.00150054,0.000871333,-0.000697938,-0.00110897,3.45314e-05,0.000389941,0.00134469,0.000746843,0.00108338,0.000109144,0.00037778,-0.000114866,-0.00150086,0.000746672,0.00375101,0.000126483,-0.00116089,-0.00134251,-3.76754e-05,0.00087139,0.00108325,0.00012591,0.00264684,-0.000876018,0.000724578,7.75313e-08,-0.000697427,0.000109524,-0.0011605,-0.000876999,0.0347117,0.00223696,-0.00210229,-0.00110882,0.00037925,-0.00133749,0.000723403,0.00222918,0.0283761,6.37219e-05,3.42801e-05,-0.000115043,-3.78332e-05,5.53582e-07,-0.00210234,5.98743e-05,0.0467448,
0.00238564,0.000389946,-0.00150055,0.000871342,-0.000697865,-0.00110891,3.45364e-05,0.000389857,0.00134467,0.000746841,0.0010834,0.000109149,0.000377769,-0.000114855,-0.00150087,0.00074667,0.00375101,0.000126417,-0.0011609,-0.00134252,-3.76855e-05,0.000871399,0.00108327,0.000125844,0.00264692,-0.000875959,0.000724608,5.22126e-08,-0.000697354,0.000109529,-0.00116051,-0.00087694,0.0347118,0.00223688,-0.00210223,-0.00110875,0.000379239,-0.0013375,0.000723433,0.00222909,0.0283761,6.36426e-05,3.4285e-05,-0.000115032,-3.78433e-05,5.28386e-07,-0.00210229,5.97939e-05,0.0467448,
0.0023854,0.000389877,-0.00150045,0.000871403,-0.000698014,-0.00110954,3.46427e-05,0.000389752,0.00134466,0.000746913,0.00108345,0.000109,0.000377271,-0.000114772,-0.0015009,0.000746672,0.00375108,0.000126392,-0.00116105,-0.00134299,-3.76278e-05,0.000871484,0.00108327,0.000125587,0.00264689,-0.000875495,0.000725932,-1.61956e-07,-0.000697296,0.000109535,-0.0011605,-0.000876874,0.0347118,0.00223668,-0.00210217,-0.00110932,0.000379339,-0.00133593,0.000724279,0.00222572,0.0283657,6.51251e-05,3.42891e-05,-0.000115022,-3.78497e-05,5.07877e-07,-0.00210224,5.97103e-05,0.0467449,
0.00238521,0.000389808,-0.00150045,0.00087141,-0.000697954,-0.00110949,3.46484e-05,0.000389683,0.00134465,0.00074691,0.00108346,0.000109003,0.000377262,-0.000114763,-0.0015009,0.00074667,0.00375108,0.000126338,-0.00116106,-0.001343,-3.76345e-05,0.000871491,0.00108328,0.000125533,0.00264695,-0.000875441,0.000725958,-1.78572e-07,-0.000697235,0.000109538,-0.00116051,-0.00087682,0.0347118,0.00223662,-0.00210213,-0.00110927,0.00037933,-0.00133594,0.000724305,0.00222566,0.0283657,6.50749e-05,3.42946e-05,-0.000115013,-3.78565e-05,4.91391e-07,-0.00210221,5.96589e-05,0.0467449,
0.00238504,0.000389745,-0.00150046,0.000871417,-0.000697899,-0.00110944,3.46543e-05,0.00038962,0.00134463,0.000746908,0.00108348,0.000109005,0.000377253,-0.000114756,-0.00150091,0.000746667,0.00375108,0.00012629,-0.00116107,-0.00134301,-3.76396e-05,0.000871498,0.0010833,0.000125484,0.00264701,-0.000875389,0.000725983,-1.91095e-07,-0.00069718,0.00010954,-0.00116052,-0.000876768,0.0347119,0.00223656,-0.0021021,-0.00110922,0.000379321,-0.00133595,0.000724329,0.00222561,0.0283657,6.5038e-05,3.43006e-05,-0.000115006,-3.78616e-05,4.78982e-07,-0.00210218,5.9621e-05,0.0467449,
0.00238488,0.000389688,-0.00150046,0.000871423,-0.000697848,-0.0011094,3.46605e-05,0.000389563,0.00134462,0.000746906,0.00108349,0.000109006,0.000377245,-0.00011475,-0.00150091,0.000746665,0.00375108,0.000126245,-0.00116107,-0.00134302,-3.76435e-05,0.000871504,0.00108331,0.00012544,0.00264707,-0.000875339,0.000726005,-2.00384e-07,-0.000697129,0.000109542,-0.00116052,-0.000876719,0.0347119,0.00223652,-0.00210208,-0.00110918,0.000379313,-0.00133596,0.000724351,0.00222556,0.0283657,6.50115e-05,3.43067e-05,-0.000115,-3.78655e-05,4.69792e-07,-0.00210216,5.95936e-05,0.0467449,
0.00238474,0.000389636,-0.00150046,0.000871428,-0.000697802,-0.00110936,3.46668e-05,0.000389511,0.00134461,0.000746903,0.0010835,0.000109007,0.000377237,-0.000114745,-0.00150091,0.000746663,0.00375109,0.000126205,-0.00116108,-0.00134303,-3.76463e-05,0.000871509,0.00108332,0.000125399,0.00264712,-0.000875292,0.000726026,-2.07108e-07,-0.000697083,0.000109543,-0.00116053,-0.000876672,0.034712,0.00223649,-0.00210207,-0.00110914,0.000379306,-0.00133597,0.000724372,0.00222553,0.0283658,6.49932e-05,3.43129e-05,-0.000114994,-3.78684e-05,4.63154e-07,-0.00210215,5.95745e-05,0.0467449,
0.00238461,0.000389588,-0.00150046,0.000871433,-0.000697759,-0.00110933,3.46729e-05,0.000389463,0.0013446,0.000746901,0.00108351,0.000109007,0.000377231,-0.00011474,-0.00150092,0.000746661,0.00375109,0.000126168,-0.00116108,-0.00134304,-3.76484e-05,0.000871514,0.00108333,0.000125362,0.00264716,-0.000875247,0.000726044,-2.11795e-07,-0.00069704,0.000109543,-0.00116053,-0.000876627,0.034712,0.00223646,-0.00210206,-0.00110911,0.0003793,-0.00133598,0.00072439,0.0022255,0.0283658,6.49814e-05,3.4319e-05,-0.00011499,-3.78705e-05,4.5854e-07,-0.00210214,5.95619e-05,0.0467449,
0.00238449,0.000389544,-0.00150047,0.000871438,-0.000697719,-0.0011093,3.4679e-05,0.000389419,0.00134459,0.000746899,0.00108352,0.000109007,0.000377224,-0.000114736,-0.00150092,0.000746659,0.00375109,0.000126135,-0.00116109,-0.00134305,-3.76499e-05,0.000871519,0.00108334,0.000125329,0.00264721,-0.000875205,0.000726062,-2.14864e-07,-0.000697,0.000109543,-0.00116053,-0.000876585,0.034712,0.00223644,-0.00210205,-0.00110908,0.000379293,-0.00133599,0.000724408,0.00222548,0.0283658,6.49746e-05,3.43251e-05,-0.000114986,-3.7872e-05,4.55531e-07,-0.00210213,5.95545e-05,0.0467449,
0.00238438,0.000389504,-0.00150047,0.000871442,-0.000697683,-0.00110927,3.46849e-05,0.000389379,0.00134458,0.000746898,0.00108353,0.000109007,0.000377219,-0.000114733,-0.00150092,0.000746657,0.00375109,0.000126104,-0.00116109,-0.00134306,-3.76508e-05,0.000871523,0.00108335,0.000125298,0.00264725,-0.000875165,0.000726077,-2.16654e-07,-0.000696964,0.000109542,-0.00116054,-0.000876545,0.034712,0.00223642,-0.00210205,-0.00110905,0.000379288,-0.00133599,0.000724423,0.00222546,0.0283658,6.49717e-05,3.43309e-05,-0.000114983,-3.7873e-05,4.53791e-07,-0.00210213,5.95511e-05,0.0467449,
0.00238428,0.000389467,-0.00150047,0.000871446,-0.000697649,-0.00110925,3.46906e-05,0.000389342,0.00134457,0.000746896,0.00108354,0.000109006,0.000377214,-0.00011473,-0.00150092,0.000746655,0.00375109,0.000126076,-0.00116109,-0.00134306,-3.76514e-05,0.000871527,0.00108336,0.00012527,0.00264728,-0.000875128,0.000726092,-2.17438e-07,-0.00069693,0.000109542,-0.00116054,-0.000876508,0.034712,0.00223641,-0.00210205,-0.00110903,0.000379283,-0.001336,0.000724437,0.00222545,0.0283659,6.49717e-05,3.43366e-05,-0.00011498,-3.78736e-05,4.53047e-07,-0.00210213,5.95508e-05,0.0467449,
0.00238419,0.000389433,-0.00150047,0.00087145,-0.000697617,-0.00110923,3.4696e-05,0.000389308,0.00134456,0.000746894,0.00108355,0.000109006,0.000377209,-0.000114728,-0.00150092,0.000746654,0.00375109,0.000126049,-0.00116109,-0.00134307,-3.76517e-05,0.000871531,0.00108337,0.000125244,0.00264732,-0.000875094,0.000726105,-2.17438e-07,-0.000696898,0.000109541,-0.00116054,-0.000876474,0.034712,0.0022364,-0.00210205,-0.00110901,0.000379278,-0.001336,0.00072445,0.00222544,0.0283659,6.49741e-05,3.4342e-05,-0.000114978,-3.78738e-05,4.53079e-07,-0.00210213,5.95528e-05,0.0467449,
0.00238411,0.000389401,-0.00150047,0.000871453,-0.000697588,-0.00110921,3.47012e-05,0.000389276,0.00134456,0.000746893,0.00108355,0.000109005,0.000377205,-0.000114726,-0.00150093,0.000746652,0.0037511,0.000126025,-0.0011611,-0.00134307,-3.76517e-05,0.000871534,0.00108337,0.000125219,0.00264735,-0.000875062,0.000726117,-2.16834e-07,-0.000696869,0.000109541,-0.00116054,-0.000876442,0.034712,0.00223639,-0.00210205,-0.00110899,0.000379274,-0.00133601,0.000724462,0.00222543,0.0283659,6.49781e-05,3.43473e-05,-0.000114976,-3.78739e-05,4.53708e-07,-0.00210213,5.95565e-05,0.0467449,
0.00238403,0.000389372,-0.00150048,0.000871457,-0.000697561,-0.00110919,3.47062e-05,0.000389247,0.00134455,0.000746892,0.00108356,0.000109004,0.000377201,-0.000114724,-0.00150093,0.000746651,0.0037511,0.000126003,-0.0011611,-0.00134308,-3.76516e-05,0.000871538,0.00108338,0.000125197,0.00264738,-0.000875032,0.000726127,-2.15773e-07,-0.000696842,0.00010954,-0.00116055,-0.000876412,0.034712,0.00223638,-0.00210205,-0.00110897,0.00037927,-0.00133601,0.000724473,0.00222542,0.028366,6.49833e-05,3.43522e-05,-0.000114974,-3.78737e-05,4.54787e-07,-0.00210213,5.95615e-05,0.0467449,
0.00238395,0.000389345,-0.00150048,0.00087146,-0.000697535,-0.00110917,3.4711e-05,0.00038922,0.00134454,0.000746891,0.00108357,0.000109004,0.000377197,-0.000114722,-0.00150093,0.00074665,0.0037511,0.000125983,-0.0011611,-0.00134308,-3.76513e-05,0.000871541,0.00108339,0.000125177,0.0026474,-0.000875004,0.000726137,-2.14375e-07,-0.000696816,0.000109539,-0.00116055,-0.000876384,0.0347121,0.00223638,-0.00210205,-0.00110895,0.000379267,-0.00133602,0.000724482,0.00222541,0.028366,6.49894e-05,3.4357e-05,-0.000114972,-3.78735e-05,4.56199e-07,-0.00210213,5.95674e-05,0.0467449,
0.00238388,0.00038932,-0.00150048,0.000871463,-0.000697512,-0.00110915,3.47155e-05,0.000389195,0.00134454,0.00074689,0.00108357,0.000109003,0.000377194,-0.000114721,-0.00150093,0.000746649,0.0037511,0.000125963,-0.0011611,-0.00134309,-3.76509e-05,0.000871544,0.00108339,0.000125157,0.00264743,-0.000874978,0.000726146,-2.12736e-07,-0.000696793,0.000109539,-0.00116055,-0.000876358,0.0347121,0.00223637,-0.00210206,-0.00110893,0.000379264,-0.00133602,0.000724491,0.00222541,0.028366,6.4996e-05,3.43615e-05,-0.000114971,-3.78731e-05,4.57846e-07,-0.00210214,5.95738e-05,0.0467449,
0.00238382,0.000389297,-0.00150048,0.000871465,-0.000697489,-0.00110914,3.47197e-05,0.000389172,0.00134453,0.000746889,0.00108358,0.000109003,0.000377192,-0.000114719,-0.00150093,0.000746648,0.0037511,0.000125945,-0.0011611,-0.00134309,-3.76505e-05,0.000871547,0.0010834,0.000125139,0.00264745,-0.000874954,0.000726154,-2.10935e-07,-0.00069677,0.000109538,-0.00116055,-0.000876334,0.0347121,0.00223637,-0.00210206,-0.00110892,0.000379261,-0.00133602,0.000724499,0.0022254,0.028366,6.50029e-05,3.43657e-05,-0.000114969,-3.78727e-05,4.59652e-07,-0.00210214,5.95806e-05,0.0467449,
0.00238376,0.000389275,-0.00150048,0.000871468,-0.000697468,-0.00110912,3.47238e-05,0.00038915,0.00134453,0.000746888,0.00108358,0.000109002,0.000377189,-0.000114718,-0.00150093,0.000746647,0.0037511,0.000125929,-0.0011611,-0.00134309,-3.76501e-05,0.000871549,0.0010834,0.000125123,0.00264747,-0.000874932,0.000726161,-2.09035e-07,-0.000696749,0.000109538,-0.00116055,-0.000876312,0.0347121,0.00223636,-0.00210207,-0.0011089,0.000379259,-0.00133603,0.000724506,0.0022254,0.0283661,6.50098e-05,3.43698e-05,-0.000114968,-3.78722e-05,4.61553e-07,-0.00210215,5.95875e-05,0.0467449,
0.0023837,0.000389255,-0.00150048,0.000871471,-0.000697449,-0.00110911,3.47276e-05,0.00038913,0.00134452,0.000746887,0.00108359,0.000109002,0.000377187,-0.000114717,-0.00150093,0.000746646,0.00375111,0.000125913,-0.0011611,-0.0013431,-3.76496e-05,0.000871552,0.00108341,0.000125107,0.00264749,-0.000874912,0.000726168,-2.07087e-07,-0.00069673,0.000109538,-0.00116055,-0.000876292,0.0347121,0.00223636,-0.00210207,-0.00110889,0.000379256,-0.00133603,0.000724513,0.0022254,0.0283661,6.50168e-05,3.43736e-05,-0.000114967,-3.78717e-05,4.63502e-07,-0.00210215,5.95944e-05,0.0467449,
0.00238365,0.000389235,-0.00150048,0.000871473,-0.00069743,-0.00110909,3.47312e-05,0.00038911,0.00134452,0.000746886,0.00108359,0.000109001,0.000377185,-0.000114716,-0.00150093,0.000746645,0.00375111,0.000125898,-0.0011611,-0.0013431,-3.76491e-05,0.000871554,0.00108341,0.000125092,0.00264751,-0.000874893,0.000726173,-2.0513e-07,-0.000696711,0.000109537,-0.00116055,-0.000876273,0.0347121,0.00223636,-0.00210207,-0.00110887,0.000379254,-0.00133603,0.000724519,0.00222539,0.0283661,6.50235e-05,3.43772e-05,-0.000114966,-3.78713e-05,4.65457e-07,-0.00210215,5.96011e-05,0.0467449,
0.0023836,0.000389217,-0.00150048,0.000871476,-0.000697412,-0.00110908,3.47346e-05,0.000389092,0.00134451,0.000746886,0.00108359,0.000109001,0.000377183,-0.000114715,-0.00150093,0.000746645,0.00375111,0.000125884,-0.0011611,-0.0013431,-3.76486e-05,0.000871557,0.00108341,0.000125078,0.00264753,-0.000874875,0.000726179,-2.03195e-07,-0.000696693,0.000109537,-0.00116055,-0.000876255,0.0347121,0.00223635,-0.00210208,-0.00110886,0.000379253,-0.00133604,0.000724524,0.00222539,0.0283661,6.50301e-05,3.43806e-05,-0.000114965,-3.78708e-05,4.67389e-07,-0.00210216,5.96076e-05,0.0467449,
0.00238356,0.0003892,-0.00150048,0.000871478,-0.000697395,-0.00110907,3.47379e-05,0.000389075,0.00134451,0.000746885,0.0010836,0.000109001,0.000377181,-0.000114715,-0.00150093,0.000746644,0.00375111,0.000125871,-0.00116111,-0.00134311,-3.76482e-05,0.000871559,0.00108342,0.000125065,0.00264755,-0.000874859,0.000726183,-2.01306e-07,-0.000696676,0.000109537,-0.00116055,-0.000876239,0.0347121,0.00223635,-0.00210208,-0.00110885,0.000379251,-0.00133604,0.000724528,0.00222539,0.0283662,6.50363e-05,3.43839e-05,-0.000114965,-3.78703e-05,4.69276e-07,-0.00210216,5.96138e-05,0.0467449,
0.00238351,0.000389184,-0.00150048,0.00087148,-0.000697379,-0.00110906,3.47409e-05,0.000389059,0.0013445,0.000746885,0.0010836,0.000109001,0.00037718,-0.000114714,-0.00150093,0.000746644,0.00375111,0.000125858,-0.00116111,-0.00134311,-3.76477e-05,0.000871561,0.00108342,0.000125052,0.00264756,-0.000874844,0.000726188,-1.99479e-07,-0.00069666,0.000109537,-0.00116055,-0.000876224,0.0347121,0.00223635,-0.00210209,-0.00110884,0.000379249,-0.00133604,0.000724533,0.00222539,0.0283662,6.50421e-05,3.43869e-05,-0.000114964,-3.78699e-05,4.71098e-07,-0.00210217,5.96196e-05,0.0467449,
0.00238347,0.000389169,-0.00150048,0.000871482,-0.000697364,-0.00110905,3.47438e-05,0.000389044,0.0013445,0.000746885,0.0010836,0.000109001,0.000377178,-0.000114713,-0.00150093,0.000746644,0.00375111,0.000125846,-0.00116111,-0.00134311,-3.76473e-05,0.000871563,0.00108342,0.00012504,0.00264758,-0.00087483,0.000726191,-1.97728e-07,-0.000696645,0.000109537,-0.00116055,-0.00087621,0.0347121,0.00223635,-0.00210209,-0.00110883,0.000379248,-0.00133604,0.000724536,0.00222539,0.0283662,6.50476e-05,3.43898e-05,-0.000114963,-3.78695e-05,4.72846e-07,-0.00210217,5.96251e-05,0.0467449,
0.00238343,0.000389154,-0.00150048,0.000871484,-0.000697349,-0.00110903,3.47465e-05,0.000389029,0.0013445,0.000746885,0.00108361,0.000109001,0.000377177,-0.000114712,-0.00150094,0.000746644,0.00375111,0.000125835,-0.00116111,-0.00134311,-3.7647e-05,0.000871565,0.00108343,0.000125029,0.00264759,-0.000874817,0.000726195,-1.96061e-07,-0.00069663,0.000109537,-0.00116055,-0.000876198,0.0347121,0.00223635,-0.00210209,-0.00110882,0.000379247,-0.00133605,0.00072454,0.00222538,0.0283662,6.50527e-05,3.43925e-05,-0.000114962,-3.78691e-05,4.74509e-07,-0.00210217,5.96302e-05,0.0467449,
0.00238339,0.00038914,-0.00150048,0.000871486,-0.000697335,-0.00110902,3.47491e-05,0.000389015,0.00134449,0.000746884,0.00108361,0.000109001,0.000377176,-0.000114712,-0.00150094,0.000746643,0.00375111,0.000125824,-0.00116111,-0.00134311,-3.76466e-05,0.000871567,0.00108343,0.000125018,0.00264761,-0.000874806,0.000726198,-1.94482e-07,-0.000696616,0.000109537,-0.00116056,-0.000876186,0.034712,0.00223634,-0.0021021,-0.00110881,0.000379246,-0.00133605,0.000724543,0.00222538,0.0283662,6.50574e-05,3.43951e-05,-0.000114962,-3.78687e-05,4.76084e-07,-0.00210218,5.96349e-05,0.0467449,
0.00238335,0.000389127,-0.00150048,0.000871488,-0.000697322,-0.00110901,3.47516e-05,0.000389002,0.00134449,0.000746884,0.00108361,0.000109001,0.000377175,-0.000114711,-0.00150094,0.000746643,0.00375111,0.000125813,-0.00116111,-0.00134312,-3.76463e-05,0.00087157,0.00108343,0.000125008,0.00264762,-0.000874794,0.0007262,-1.92994e-07,-0.000696603,0.000109537,-0.00116056,-0.000876175,0.034712,0.00223634,-0.0021021,-0.0011088,0.000379245,-0.00133605,0.000724545,0.00222538,0.0283662,6.50617e-05,3.43976e-05,-0.000114961,-3.78684e-05,4.77567e-07,-0.00210218,5.96392e-05,0.0467449,
0.00238332,0.000389114,-0.00150048,0.00087149,-0.000697309,-0.001109,3.47539e-05,0.000388989,0.00134449,0.000746884,0.00108361,0.000109002,0.000377174,-0.000114711,-0.00150094,0.000746643,0.00375112,0.000125803,-0.00116111,-0.00134312,-3.7646e-05,0.000871571,0.00108343,0.000124997,0.00264763,-0.000874784,0.000726203,-1.91599e-07,-0.00069659,0.000109538,-0.00116056,-0.000876164,0.034712,0.00223634,-0.0021021,-0.00110879,0.000379244,-0.00133605,0.000724548,0.00222538,0.0283662,6.50656e-05,3.43999e-05,-0.000114961,-3.78682e-05,4.78959e-07,-0.00210218,5.9643e-05,0.0467449,
0.00238328,0.000389102,-0.00150048,0.000871492,-0.000697296,-0.00110899,3.47561e-05,0.000388977,0.00134449,0.000746884,0.00108362,0.000109002,0.000377173,-0.00011471,-0.00150094,0.000746643,0.00375112,0.000125794,-0.00116111,-0.00134312,-3.76458e-05,0.000871573,0.00108344,0.000124988,0.00264764,-0.000874775,0.000726205,-1.90293e-07,-0.000696577,0.000109538,-0.00116056,-0.000876155,0.034712,0.00223634,-0.0021021,-0.00110878,0.000379243,-0.00133606,0.00072455,0.00222537,0.0283663,6.50691e-05,3.44021e-05,-0.00011496,-3.78679e-05,4.80262e-07,-0.00210218,5.96466e-05,0.0467449,
0.00238325,0.00038909,-0.00150048,0.000871494,-0.000697284,-0.00110898,3.47582e-05,0.000388965,0.00134448,0.000746884,0.00108362,0.000109003,0.000377173,-0.000114709,-0.00150094,0.000746643,0.00375112,0.000125784,-0.00116111,-0.00134312,-3.76456e-05,0.000871575,0.00108344,0.000124978,0.00264765,-0.000874766,0.000726207,-1.89075e-07,-0.000696565,0.000109539,-0.00116056,-0.000876146,0.034712,0.00223634,-0.00210211,-0.00110877,0.000379243,-0.00133606,0.000724552,0.00222537,0.0283663,6.50722e-05,3.44042e-05,-0.000114959,-3.78677e-05,4.81477e-07,-0.00210219,5.96497e-05,0.0467448,
0.00238322,0.000389078,-0.00150048,0.000871496,-0.000697272,-0.00110898,3.47602e-05,0.000388953,0.00134448,0.000746884,0.00108362,0.000109003,0.000377172,-0.000114709,-0.00150094,0.000746643,0.00375112,0.000125775,-0.00116111,-0.00134312,-3.76454e-05,0.000871577,0.00108344,0.000124969,0.00264767,-0.000874758,0.000726208,-1.87941e-07,-0.000696553,0.000109539,-0.00116056,-0.000876138,0.034712,0.00223633,-0.00210211,-0.00110876,0.000379242,-0.00133606,0.000724553,0.00222537,0.0283663,6.50751e-05,3.44063e-05,-0.000114959,-3.78675e-05,4.82608e-07,-0.00210219,5.96525e-05,0.0467448,
0.00238319,0.000389067,-0.00150048,0.000871498,-0.00069726,-0.00110897,3.47622e-05,0.000388942,0.00134448,0.000746884,0.00108362,0.000109004,0.000377172,-0.000114708,-0.00150094,0.000746643,0.00375112,0.000125766,-0.00116111,-0.00134313,-3.76453e-05,0.000871579,0.00108344,0.00012496,0.00264768,-0.00087475,0.00072621,-1.86887e-07,-0.000696542,0.00010954,-0.00116056,-0.00087613,0.034712,0.00223633,-0.00210211,-0.00110875,0.000379241,-0.00133606,0.000724555,0.00222537,0.0283663,6.50775e-05,3.44082e-05,-0.000114958,-3.78674e-05,4.83659e-07,-0.00210219,5.9655e-05,0.0467448,
0.00238316,0.000389057,-0.00150048,0.0008715,-0.000697249,-0.00110896,3.4764e-05,0.000388931,0.00134448,0.000746884,0.00108362,0.000109004,0.000377171,-0.000114708,-0.00150094,0.000746643,0.00375112,0.000125758,-0.00116111,-0.00134313,-3.76452e-05,0.000871581,0.00108345,0.000124952,0.00264769,-0.000874743,0.000726211,-1.85908e-07,-0.00069653,0.00010954,-0.00116056,-0.000876123,0.034712,0.00223633,-0.00210211,-0.00110874,0.000379241,-0.00133606,0.000724556,0.00222536,0.0283663,6.50797e-05,3.441e-05,-0.000114958,-3.78673e-05,4.84636e-07,-0.00210219,5.96571e-05,0.0467448,
0.00238313,0.000389046,-0.00150048,0.000871502,-0.000697238,-0.00110895,3.47658e-05,0.000388921,0.00134447,0.000746884,0.00108363,0.000109005,0.000377171,-0.000114707,-0.00150094,0.000746643,0.00375112,0.000125749,-0.00116111,-0.00134313,-3.76451e-05,0.000871583,0.00108345,0.000124943,0.0026477,-0.000874736,0.000726212,-1.85e-07,-0.000696519,0.000109541,-0.00116056,-0.000876116,0.034712,0.00223633,-0.00210211,-0.00110873,0.000379241,-0.00133606,0.000724557,0.00222536,0.0283663,6.50816e-05,3.44118e-05,-0.000114957,-3.78672e-05,4.85543e-07,-0.00210219,5.9659e-05,0.0467448,
0.0023831,0.000389036,-0.00150048,0.000871503,-0.000697228,-0.00110894,3.47675e-05,0.000388911,0.00134447,0.000746884,0.00108363,0.000109005,0.00037717,-0.000114707,-0.00150094,0.000746643,0.00375112,0.000125741,-0.00116112,-0.00134313,-3.7645e-05,0.000871585,0.00108345,0.000124935,0.00264771,-0.00087473,0.000726213,-1.84156e-07,-0.000696509,0.000109542,-0.00116056,-0.00087611,0.034712,0.00223632,-0.00210212,-0.00110872,0.00037924,-0.00133607,0.000724558,0.00222536,0.0283663,6.50833e-05,3.44135e-05,-0.000114957,-3.78671e-05,4.86385e-07,-0.0021022,5.96607e-05,0.0467448,
0.00238307,0.000389026,-0.00150048,0.000871505,-0.000697217,-0.00110893,3.47692e-05,0.000388901,0.00134447,0.000746885,0.00108363,0.000109006,0.00037717,-0.000114706,-0.00150094,0.000746644,0.00375112,0.000125733,-0.00116112,-0.00134313,-3.7645e-05,0.000871586,0.00108345,0.000124927,0.00264772,-0.000874724,0.000726214,-1.83373e-07,-0.000696498,0.000109542,-0.00116056,-0.000876104,0.034712,0.00223632,-0.00210212,-0.00110871,0.00037924,-0.00133607,0.000724559,0.00222536,0.0283663,6.50847e-05,3.44152e-05,-0.000114956,-3.78671e-05,4.87167e-07,-0.0021022,5.9662e-05,0.0467448,
0.00238304,0.000389016,-0.00150048,0.000871507,-0.000697207,-0.00110892,3.47708e-05,0.000388891,0.00134447,0.000746885,0.00108363,0.000109007,0.00037717,-0.000114706,-0.00150094,0.000746644,0.00375112,0.000125725,-0.00116112,-0.00134313,-3.7645e-05,0.000871588,0.00108345,0.000124919,0.00264772,-0.000874718,0.000726215,-1.82645e-07,-0.000696488,0.000109543,-0.00116056,-0.000876098,0.034712,0.00223632,-0.00210212,-0.00110871,0.00037924,-0.00133607,0.000724559,0.00222535,0.0283663,6.50858e-05,3.44168e-05,-0.000114956,-3.78671e-05,4.87894e-07,-0.0021022,5.96632e-05,0.0467448,
0.00238302,0.000389006,-0.00150048,0.000871509,-0.000697196,-0.00110892,3.47723e-05,0.000388881,0.00134447,0.000746885,0.00108363,0.000109008,0.00037717,-0.000114705,-0.00150094,0.000746644,0.00375112,0.000125717,-0.00116112,-0.00134314,-3.7645e-05,0.00087159,0.00108345,0.000124911,0.00264773,-0.000874713,0.000726215,-1.81967e-07,-0.000696478,0.000109544,-0.00116056,-0.000876093,0.034712,0.00223631,-0.00210212,-0.0011087,0.000379239,-0.00133607,0.00072456,0.00222535,0.0283663,6.50868e-05,3.44183e-05,-0.000114955,-3.78671e-05,4.88571e-07,-0.0021022,5.96642e-05,0.0467448,
0.00238299,0.000388997,-0.00150048,0.000871511,-0.000697186,-0.00110891,3.47738e-05,0.000388872,0.00134446,0.000746885,0.00108363,0.000109009,0.000377169,-0.000114705,-0.00150094,0.000746644,0.00375112,0.000125709,-0.00116112,-0.00134314,-3.7645e-05,0.000871592,0.00108346,0.000124903,0.00264774,-0.000874708,0.000726216,-1.81334e-07,-0.000696467,0.000109545,-0.00116057,-0.000876088,0.034712,0.00223631,-0.00210212,-0.00110869,0.000379239,-0.00133607,0.00072456,0.00222535,0.0283663,6.50876e-05,3.44198e-05,-0.000114955,-3.78671e-05,4.89203e-07,-0.0021022,5.96649e-05,0.0467448,
0.00238297,0.000388988,-0.00150048,0.000871512,-0.000697176,-0.0011089,3.47753e-05,0.000388862,0.00134446,0.000746885,0.00108364,0.000109009,0.000377169,-0.000114704,-0.00150094,0.000746644,0.00375112,0.000125702,-0.00116112,-0.00134314,-3.76451e-05,0.000871593,0.00108346,0.000124896,0.00264775,-0.000874703,0.000726216,-1.80742e-07,-0.000696458,0.000109546,-0.00116057,-0.000876083,0.034712,0.00223631,-0.00210212,-0.00110868,0.000379239,-0.00133607,0.000724561,0.00222534,0.0283663,6.50882e-05,3.44213e-05,-0.000114954,-3.78672e-05,4.89795e-07,-0.0021022,5.96655e-05,0.0467448,
0.00238294,0.000388978,-0.00150048,0.000871514,-0.000697167,-0.00110889,3.47767e-05,0.000388853,0.00134446,0.000746886,0.00108364,0.00010901,0.000377169,-0.000114704,-0.00150094,0.000746645,0.00375112,0.000125694,-0.00116112,-0.00134314,-3.76451e-05,0.000871595,0.00108346,0.000124888,0.00264776,-0.000874698,0.000726216,-1.80188e-07,-0.000696448,0.000109546,-0.00116057,-0.000876078,0.034712,0.0022363,-0.00210212,-0.00110867,0.000379239,-0.00133608,0.000724561,0.00222534,0.0283663,6.50887e-05,3.44227e-05,-0.000114954,-3.78672e-05,4.90349e-07,-0.0021022,5.9666e-05,0.0467448,
0.00238291,0.000388969,-0.00150048,0.000871516,-0.000697157,-0.00110888,3.47781e-05,0.000388844,0.00134446,0.000746886,0.00108364,0.000109011,0.000377169,-0.000114703,-0.00150094,0.000746645,0.00375112,0.000125687,-0.00116112,-0.00134314,-3.76452e-05,0.000871597,0.00108346,0.000124881,0.00264777,-0.000874694,0.000726216,-1.79665e-07,-0.000696438,0.000109547,-0.00116057,-0.000876074,0.034712,0.0022363,-0.00210212,-0.00110867,0.000379239,-0.00133608,0.000724561,0.00222534,0.0283663,6.50891e-05,3.44241e-05,-0.000114953,-3.78673e-05,4.90871e-07,-0.0021022,5.96663e-05,0.0467448,
0.00238289,0.00038896,-0.00150048,0.000871518,-0.000697147,-0.00110887,3.47795e-05,0.000388835,0.00134446,0.000746886,0.00108364,0.000109012,0.000377169,-0.000114703,-0.00150094,0.000746645,0.00375113,0.000125679,-0.00116112,-0.00134314,-3.76453e-05,0.000871599,0.00108346,0.000124874,0.00264778,-0.00087469,0.000726216,-1.79173e-07,-0.000696429,0.000109548,-0.00116057,-0.00087607,0.034712,0.0022363,-0.00210212,-0.00110866,0.000379239,-0.00133608,0.000724561,0.00222533,0.0283663,6.50893e-05,3.44255e-05,-0.000114953,-3.78673e-05,4.91364e-07,-0.0021022,5.96666e-05,0.0467448,
0.00238286,0.000388952,-0.00150048,0.000871519,-0.000697138,-0.00110887,3.47808e-05,0.000388827,0.00134446,0.000746887,0.00108364,0.000109013,0.000377169,-0.000114702,-0.00150094,0.000746645,0.00375113,0.000125672,-0.00116112,-0.00134315,-3.76453e-05,0.0008716,0.00108346,0.000124866,0.00264778,-0.000874685,0.000726216,-1.78706e-07,-0.000696419,0.000109549,-0.00116057,-0.000876066,0.034712,0.0022363,-0.00210212,-0.00110865,0.000379239,-0.00133608,0.000724561,0.00222533,0.0283663,6.50894e-05,3.44268e-05,-0.000114952,-3.78674e-05,4.91831e-07,-0.0021022,5.96667e-05,0.0467448,
0.00238284,0.000388943,-0.00150048,0.000871521,-0.000697128,-0.00110886,3.47821e-05,0.000388818,0.00134446,0.000746887,0.00108364,0.000109014,0.000377169,-0.000114701,-0.00150094,0.000746646,0.00375113,0.000125665,-0.00116112,-0.00134315,-3.76454e-05,0.000871602,0.00108346,0.000124859,0.00264779,-0.000874682,0.000726216,-1.78262e-07,-0.00069641,0.00010955,-0.00116057,-0.000876062,0.034712,0.00223629,-0.00210212,-0.00110864,0.000379239,-0.00133608,0.000724561,0.00222533,0.0283664,6.50895e-05,3.44282e-05,-0.000114952,-3.78675e-05,4.92276e-07,-0.0021022,5.96667e-05,0.0467448,
0.00238282,0.000388934,-0.00150048,0.000871523,-0.000697119,-0.00110885,3.47834e-05,0.000388809,0.00134445,0.000746887,0.00108364,0.000109015,0.000377169,-0.000114701,-0.00150094,0.000746646,0.00375113,0.000125658,-0.00116113,-0.00134315,-3.76455e-05,0.000871604,0.00108346,0.000124852,0.0026478,-0.000874678,0.000726216,-1.77837e-07,-0.0006964,0.000109551,-0.00116057,-0.000876058,0.034712,0.00223629,-0.00210212,-0.00110863,0.000379239,-0.00133608,0.000724561,0.00222532,0.0283664,6.50894e-05,3.44295e-05,-0.000114951,-3.78676e-05,4.927e-07,-0.0021022,5.96666e-05,0.0467448,
0.00238279,0.000388926,-0.00150048,0.000871524,-0.00069711,-0.00110884,3.47847e-05,0.0003888,0.00134445,0.000746887,0.00108365,0.000109016,0.000377169,-0.0001147,-0.00150094,0.000746646,0.00375113,0.000125651,-0.00116113,-0.00134315,-3.76457e-05,0.000871606,0.00108347,0.000124845,0.00264781,-0.000874674,0.000726216,-1.77431e-07,-0.000696391,0.000109552,-0.00116057,-0.000876054,0.034712,0.00223628,-0.00210212,-0.00110863,0.000379239,-0.00133608,0.000724561,0.00222532,0.0283664,6.50893e-05,3.44307e-05,-0.000114951,-3.78677e-05,4.93107e-07,-0.0021022,5.96665e-05,0.0467448,
0.00238277,0.000388917,-0.00150048,0.000871526,-0.000697101,-0.00110883,3.4786e-05,0.000388792,0.00134445,0.000746888,0.00108365,0.000109017,0.000377169,-0.0001147,-0.00150094,0.000746647,0.00375113,0.000125644,-0.00116113,-0.00134315,-3.76458e-05,0.000871607,0.00108347,0.000124838,0.00264782,-0.000874671,0.000726216,-1.77039e-07,-0.000696382,0.000109553,-0.00116057,-0.000876051,0.034712,0.00223628,-0.00210212,-0.00110862,0.000379239,-0.00133609,0.000724561,0.00222532,0.0283664,6.50891e-05,3.4432e-05,-0.00011495,-3.78679e-05,4.93499e-07,-0.0021022,5.96662e-05,0.0467448,
0.00238274,0.000388909,-0.00150048,0.000871528,-0.000697091,-0.00110883,3.47872e-05,0.000388783,0.00134445,0.000746888,0.00108365,0.000109018,0.000377169,-0.000114699,-0.00150094,0.000746647,0.00375113,0.000125637,-0.00116113,-0.00134315,-3.76459e-05,0.000871609,0.00108347,0.000124831,0.00264782,-0.000874667,0.000726216,-1.76661e-07,-0.000696372,0.000109554,-0.00116057,-0.000876047,0.034712,0.00223628,-0.00210212,-0.00110861,0.000379239,-0.00133609,0.000724561,0.00222531,0.0283664,6.50889e-05,3.44333e-05,-0.00011495,-3.7868e-05,4.93878e-07,-0.0021022,5.9666e-05,0.0467448,
0.00238272,0.0003889,-0.00150048,0.00087153,-0.000697082,-0.00110882,3.47885e-05,0.000388775,0.00134445,0.000746888,0.00108365,0.000109019,0.000377169,-0.000114699,-0.00150094,0.000746647,0.00375113,0.00012563,-0.00116113,-0.00134315,-3.7646e-05,0.000871611,0.00108347,0.000124824,0.00264783,-0.000874664,0.000726216,-1.76293e-07,-0.000696363,0.000109555,-0.00116058,-0.000876044,0.034712,0.00223627,-0.00210212,-0.0011086,0.000379239,-0.00133609,0.00072456,0.00222531,0.0283664,6.50886e-05,3.44345e-05,-0.000114949,-3.78681e-05,4.94246e-07,-0.0021022,5.96657e-05,0.0467448,
0.0023827,0.000388892,-0.00150048,0.000871531,-0.000697073,-0.00110881,3.47897e-05,0.000388767,0.00134445,0.000746889,0.00108365,0.00010902,0.000377169,-0.000114698,-0.00150094,0.000746648,0.00375113,0.000125623,-0.00116113,-0.00134316,-3.76462e-05,0.000871613,0.00108347,0.000124817,0.00264784,-0.00087466,0.000726216,-1.75936e-07,-0.000696354,0.000109556,-0.00116058,-0.00087604,0.034712,0.00223627,-0.00210212,-0.00110859,0.000379239,-0.00133609,0.00072456,0.00222531,0.0283664,6.50883e-05,3.44357e-05,-0.000114949,-3.78682e-05,4.94605e-07,-0.0021022,5.96653e-05,0.0467448,
0.00238267,0.000388883,-0.00150048,0.000871533,-0.000697064,-0.0011088,3.47909e-05,0.000388758,0.00134444,0.000746889,0.00108365,0.000109021,0.000377169,-0.000114698,-0.00150094,0.000746648,0.00375113,0.000125616,-0.00116113,-0.00134316,-3.76463e-05,0.000871614,0.00108347,0.00012481,0.00264785,-0.000874657,0.000726215,-1.75586e-07,-0.000696345,0.000109557,-0.00116058,-0.000876037,0.034712,0.00223627,-0.00210212,-0.00110859,0.000379239,-0.00133609,0.00072456,0.0022253,0.0283664,6.50879e-05,3.44369e-05,-0.000114948,-3.78684e-05,4.94955e-07,-0.0021022,5.96649e-05,0.0467448,
0.00238265,0.000388875,-0.00150048,0.000871535,-0.000697055,-0.0011088,3.47921e-05,0.00038875,0.00134444,0.00074689,0.00108365,0.000109022,0.000377169,-0.000114697,-0.00150094,0.000746648,0.00375113,0.000125609,-0.00116113,-0.00134316,-3.76464e-05,0.000871616,0.00108347,0.000124803,0.00264785,-0.000874654,0.000726215,-1.75243e-07,-0.000696336,0.000109558,-0.00116058,-0.000876034,0.034712,0.00223626,-0.00210212,-0.00110858,0.000379239,-0.00133609,0.00072456,0.0022253,0.0283664,6.50875e-05,3.44382e-05,-0.000114948,-3.78685e-05,4.95298e-07,-0.0021022,5.96645e-05,0.0467448,
