0.00313083,0.000817099,-0.00141738,-0.000617909,-0.0015754,0.000436378,4.0679e-05,0.000817099,0.00183923,0.00100729,-0.00047446,-0.000862738,0.000309229,0.000108402,-0.00141738,0.00100729,0.00350371,5.07867e-05,-0.00171841,1.10928e-05,8.24641e-05,-0.000617909,-0.00047446,5.07867e-05,0.00203771,-0.000411598,-0.00101731,-9.58461e-05,-0.0015754,-0.000862738,-0.00171841,-0.000411598,0.0261472,-3.26527e-05,0.000811504,0.000436378,0.000309229,1.10928e-05,-0.00101731,-3.26527e-05,0.0252318,0.000446233,4.0679e-05,0.000108402,8.24641e-05,-9.58461e-05,0.000811504,0.000446233,0.0466508,
0.00313003,0.000816731,-0.00141755,-0.000618317,-0.00157479,0.0004367,4.06062e-05,0.000816731,0.00183946,0.00100724,-0.000474603,-0.000862544,0.000309402,0.00010843,-0.00141755,0.00100724,0.00350337,5.10946e-05,-0.00171815,1.06433e-05,8.24408e-05,-0.000618317,-0.000474603,5.10946e-05,0.00203794,-0.000411068,-0.00101694,-9.58651e-05,-0.00157479,-0.000862544,-0.00171815,-0.000411068,0.0261466,-3.29104e-05,0.000811959,0.0004367,0.000309402,1.06433e-05,-0.00101694,-3.29104e-05,0.0252314,0.00044609,4.06062e-05,0.00010843,8.24408e-05,-9.58652e-05,0.000811959,0.00044609,0.0466508,
0.00312941,0.000816443,-0.00141764,-0.000618675,-0.00157435,0.000436955,4.05503e-05,0.000816443,0.00183961,0.00100722,-0.000474732,-0.000862383,0.000309533,0.000108447,-0.00141764,0.00100722,0.00350313,5.13325e-05,-0.00171799,1.02982e-05,8.24257e-05,-0.000618675,-0.000474732,5.13325e-05,0.00203814,-0.000410628,-0.00101669,-9.58779e-05,-0.00157435,-0.000862383,-0.00171799,-0.000410628,0.0261462,-3.3098e-05,0.000812287,0.000436955,0.000309533,1.02982e-05,-0.00101669,-3.3098e-05,0.0252311,0.000445956,4.05503e-05,0.000108447,8.24257e-05,-9.58779e-05,0.000812287,0.000445956,0.0466509,
0.00312892,0.000816216,-0.0014177,-0.00061898,-0.00157401,0.000437163,4.05074e-05,0.000816216,0.00183969,0.00100721,-0.000474849,-0.000862256,0.00030964,0.000108458,-0.0014177,0.00100721,0.00350296,5.15135e-05,-0.00171788,1.00431e-05,8.24161e-05,-0.00061898,-0.000474849,5.15135e-05,0.00203831,-0.000410279,-0.00101654,-9.58858e-05,-0.00157401,-0.000862256,-0.00171788,-0.000410279,0.0261459,-3.32403e-05,0.00081252,0.000437163,0.00030964,1.00431e-05,-0.00101654,-3.32403e-05,0.0252309,0.000445828,4.05074e-05,0.000108458,8.24161e-05,-9.58858e-05,0.00081252,0.000445828,0.0466509,
0.00312853,0.000816034,-0.00141774,-0.000619239,-0.00157376,0.00043734,4.04743e-05,0.000816034,0.00183974,0.0010072,-0.000474957,-0.000862158,0.000309732,0.000108463,-0.00141774,0.0010072,0.00350285,5.16509e-05,-0.00171781,9.86018e-06,8.24102e-05,-0.000619239,-0.000474957,5.16509e-05,0.00203845,-0.00041001,-0.00101646,-9.589e-05,-0.00157376,-0.000862158,-0.00171781,-0.00041001,0.0261457,-3.33546e-05,0.000812686,0.00043734,0.000309732,9.86018e-06,-0.00101646,-3.33546e-05,0.0252307,0.000445705,4.04743e-05,0.000108463,8.24102e-05,-9.589e-05,0.000812686,0.000445705,0.0466509,
0.00312822,0.000815885,-0.00141776,-0.00061946,-0.00157356,0.000437492,4.04485e-05,0.000815885,0.00183976,0.0010072,-0.000475055,-0.000862084,0.000309814,0.000108465,-0.00141776,0.0010072,0.00350276,5.17558e-05,-0.00171776,9.73234e-06,8.24068e-05,-0.00061946,-0.000475055,5.17558e-05,0.00203857,-0.000409807,-0.00101642,-9.58915e-05,-0.00157356,-0.000862084,-0.00171776,-0.000409807,0.0261455,-3.34507e-05,0.000812804,0.000437492,0.000309814,9.73234e-06,-0.00101642,-3.34507e-05,0.0252307,0.000445584,4.04485e-05,0.000108465,8.24068e-05,-9.58915e-05,0.000812804,0.000445584,0.046651,
0.00312796,0.000815764,-0.00141777,-0.000619649,-0.00157341,0.000437627,4.04282e-05,0.000815764,0.00183976,0.0010072,-0.000475146,-0.000862029,0.000309889,0.000108465,-0.00141777,0.0010072,0.00350271,5.18365e-05,-0.00171772,9.64533e-06,8.24051e-05,-0.000619649,-0.000475146,5.18365e-05,0.00203868,-0.000409656,-0.0010164,-9.58909e-05,-0.00157341,-0.000862029,-0.00171772,-0.000409656,0.0261454,-3.35339e-05,0.000812889,0.000437627,0.000309889,9.64533e-06,-0.0010164,-3.35339e-05,0.0252306,0.000445465,4.04282e-05,0.000108465,8.24051e-05,-9.58909e-05,0.000812889,0.000445465,0.046651,
0.00312775,0.000815662,-0.00141777,-0.000619812,-0.00157329,0.000437746,4.04122e-05,0.000815662,0.00183976,0.0010072,-0.000475228,-0.000861987,0.000309957,0.000108464,-0.00141777,0.0010072,0.00350267,5.18993e-05,-0.0017177,9.58788e-06,8.24045e-05,-0.000619812,-0.000475228,5.18993e-05,0.00203878,-0.000409543,-0.00101641,-9.58889e-05,-0.00157329,-0.000861987,-0.0017177,-0.000409543,0.0261453,-3.36072e-05,0.000812952,0.000437746,0.000309957,9.58788e-06,-0.00101641,-3.36072e-05,0.0252306,0.000445347,4.04122e-05,0.000108464,8.24045e-05,-9.58889e-05,0.000812952,0.000445347,0.046651,
0.00312758,0.000815576,-0.00141778,-0.000619953,-0.00157319,0.000437853,4.03994e-05,0.000815576,0.00183975,0.0010072,-0.000475302,-0.000861955,0.000310019,0.000108462,-0.00141778,0.0010072,0.00350264,5.19487e-05,-0.00171768,9.5515e-06,8.24046e-05,-0.000619953,-0.000475302,5.19487e-05,0.00203886,-0.000409459,-0.00101643,-9.58857e-05,-0.00157319,-0.000861955,-0.00171768,-0.000409459,0.0261452,-3.3672e-05,0.000812999,0.000437853,0.000310019,9.5515e-06,-0.00101643,-3.3672e-05,0.0252306,0.000445228,4.03994e-05,0.000108462,8.24046e-05,-9.58857e-05,0.000812999,0.000445228,0.046651,
0.00312743,0.000815503,-0.00141777,-0.000620076,-0.00157311,0.000437949,4.0389e-05,0.000815503,0.00183973,0.0010072,-0.00047537,-0.00086193,0.000310076,0.000108459,-0.00141777,0.0010072,0.00350262,5.19882e-05,-0.00171767,9.52992e-06,8.24051e-05,-0.000620076,-0.00047537,5.19882e-05,0.00203893,-0.000409397,-0.00101645,-9.58817e-05,-0.00157311,-0.00086193,-0.00171767,-0.000409397,0.0261452,-3.37295e-05,0.000813035,0.000437949,0.000310076,9.52992e-06,-0.00101645,-3.37295e-05,0.0252306,0.000445109,4.0389e-05,0.000108459,8.24051e-05,-9.58817e-05,0.000813035,0.000445109,0.0466511,
0.0031273,0.00081544,-0.00141777,-0.000620184,-0.00157304,0.000438035,4.03807e-05,0.00081544,0.00183971,0.0010072,-0.000475431,-0.000861911,0.000310128,0.000108456,-0.00141777,0.0010072,0.0035026,5.20203e-05,-0.00171765,9.5186e-06,8.24059e-05,-0.000620184,-0.000475431,5.20203e-05,0.002039,-0.000409351,-0.00101648,-9.58771e-05,-0.00157304,-0.000861911,-0.00171765,-0.000409351,0.0261451,-3.37804e-05,0.000813062,0.000438035,0.000310128,9.5186e-06,-0.00101648,-3.37804e-05,0.0252306,0.000444988,4.03807e-05,0.000108456,8.24059e-05,-9.58771e-05,0.000813062,0.000444988,0.0466511,
0.00312719,0.000815386,-0.00141777,-0.00062028,-0.00157298,0.000438113,4.0374e-05,0.000815386,0.0018397,0.0010072,-0.000475486,-0.000861897,0.000310175,0.000108453,-0.00141777,0.0010072,0.00350259,5.20466e-05,-0.00171765,9.51429e-06,8.24068e-05,-0.00062028,-0.000475486,5.20466e-05,0.00203906,-0.000409317,-0.00101651,-9.58719e-05,-0.00157298,-0.000861897,-0.00171765,-0.000409317,0.0261451,-3.38252e-05,0.000813085,0.000438113,0.000310175,9.51429e-06,-0.00101651,-3.38252e-05,0.0252306,0.000444867,4.0374e-05,0.000108453,8.24068e-05,-9.58719e-05,0.000813085,0.000444867,0.0466511,
0.00312709,0.000815338,-0.00141776,-0.000620364,-0.00157293,0.000438184,4.03685e-05,0.000815338,0.00183968,0.0010072,-0.000475536,-0.000861885,0.000310219,0.000108451,-0.00141776,0.0010072,0.00350258,5.20687e-05,-0.00171764,9.51471e-06,8.24078e-05,-0.000620364,-0.000475536,5.20687e-05,0.00203911,-0.000409292,-0.00101654,-9.58664e-05,-0.00157293,-0.000861885,-0.00171764,-0.000409292,0.0261451,-3.38644e-05,0.000813103,0.000438184,0.000310219,9.51471e-06,-0.00101654,-3.38644e-05,0.0252306,0.000444745,4.03685e-05,0.000108451,8.24078e-05,-9.58664e-05,0.000813103,0.000444745,0.0466511,
0.00312701,0.000815296,-0.00141776,-0.000620439,-0.00157289,0.000438247,4.03641e-05,0.000815296,0.00183966,0.00100721,-0.000475582,-0.000861876,0.000310259,0.000108448,-0.00141776,0.00100721,0.00350257,5.20873e-05,-0.00171764,9.51823e-06,8.24088e-05,-0.000620439,-0.000475582,5.20873e-05,0.00203915,-0.000409273,-0.00101657,-9.58606e-05,-0.00157289,-0.000861876,-0.00171764,-0.000409273,0.026145,-3.38985e-05,0.000813119,0.000438247,0.000310259,9.51823e-06,-0.00101657,-3.38985e-05,0.0252306,0.000444623,4.03641e-05,0.000108448,8.24088e-05,-9.58606e-05,0.000813119,0.000444623,0.0466512,
0.00312694,0.000815259,-0.00141776,-0.000620506,-0.00157285,0.000438305,4.03606e-05,0.000815259,0.00183965,0.00100721,-0.000475622,-0.000861868,0.000310295,0.000108446,-0.00141776,0.00100721,0.00350257,5.21032e-05,-0.00171763,9.52373e-06,8.24098e-05,-0.000620506,-0.000475622,5.21032e-05,0.0020392,-0.00040926,-0.0010166,-9.58545e-05,-0.00157285,-0.000861868,-0.00171763,-0.00040926,0.026145,-3.39279e-05,0.000813132,0.000438305,0.000310295,9.52373e-06,-0.0010166,-3.39279e-05,0.0252306,0.000444499,4.03606e-05,0.000108446,8.24098e-05,-9.58545e-05,0.000813132,0.000444499,0.0466512,
0.00312687,0.000815226,-0.00141775,-0.000620565,-0.00157282,0.000438357,4.03578e-05,0.000815226,0.00183963,0.00100721,-0.000475659,-0.000861862,0.000310329,0.000108444,-0.00141775,0.00100721,0.00350257,5.21171e-05,-0.00171763,9.53043e-06,8.24107e-05,-0.000620565,-0.000475659,5.21171e-05,0.00203923,-0.00040925,-0.00101662,-9.58482e-05,-0.00157282,-0.000861862,-0.00171763,-0.00040925,0.026145,-3.39532e-05,0.000813145,0.000438357,0.000310329,9.53043e-06,-0.00101662,-3.39532e-05,0.0252306,0.000444374,4.03578e-05,0.000108444,8.24107e-05,-9.58482e-05,0.000813145,0.000444374,0.0466512,
0.00312681,0.000815197,-0.00141775,-0.000620619,-0.00157279,0.000438405,4.03557e-05,0.000815197,0.00183962,0.00100721,-0.000475692,-0.000861857,0.000310359,0.000108442,-0.00141775,0.00100721,0.00350256,5.21292e-05,-0.00171763,9.53781e-06,8.24116e-05,-0.000620619,-0.000475692,5.21292e-05,0.00203927,-0.000409242,-0.00101665,-9.58418e-05,-0.00157279,-0.000861857,-0.00171763,-0.000409242,0.026145,-3.39746e-05,0.000813156,0.000438405,0.000310359,9.53781e-06,-0.00101665,-3.39746e-05,0.0252306,0.000444249,4.03557e-05,0.000108442,8.24116e-05,-9.58418e-05,0.000813156,0.000444249,0.0466512,
0.00312676,0.00081517,-0.00141774,-0.000620667,-0.00157277,0.000438448,4.0354e-05,0.00081517,0.00183961,0.00100721,-0.000475722,-0.000861852,0.000310387,0.000108441,-0.00141774,0.00100721,0.00350256,5.21399e-05,-0.00171762,9.54551e-06,8.24124e-05,-0.000620667,-0.000475722,5.21399e-05,0.0020393,-0.000409238,-0.00101667,-9.58352e-05,-0.00157277,-0.000861852,-0.00171762,-0.000409238,0.026145,-3.39925e-05,0.000813166,0.000438448,0.000310387,9.54551e-06,-0.00101667,-3.39925e-05,0.0252306,0.000444124,4.0354e-05,0.000108441,8.24124e-05,-9.58352e-05,0.000813166,0.000444124,0.0466513,
0.00312671,0.000815147,-0.00141774,-0.00062071,-0.00157274,0.000438487,4.03529e-05,0.000815147,0.00183959,0.00100721,-0.000475749,-0.000861849,0.000310413,0.000108439,-0.00141774,0.00100721,0.00350256,5.21494e-05,-0.00171762,9.55329e-06,8.24132e-05,-0.00062071,-0.000475749,5.21494e-05,0.00203932,-0.000409234,-0.00101669,-9.58286e-05,-0.00157274,-0.000861849,-0.00171762,-0.000409234,0.026145,-3.40073e-05,0.000813176,0.000438487,0.000310413,9.55329e-06,-0.00101669,-3.40073e-05,0.0252307,0.000443998,4.03529e-05,0.000108439,8.24132e-05,-9.58286e-05,0.000813176,0.000443998,0.0466513,
0.00312667,0.000815125,-0.00141774,-0.000620749,-0.00157272,0.000438523,4.03521e-05,0.000815125,0.00183958,0.00100721,-0.000475774,-0.000861846,0.000310436,0.000108438,-0.00141774,0.00100721,0.00350256,5.2158e-05,-0.00171762,9.561e-06,8.24139e-05,-0.000620749,-0.000475774,5.2158e-05,0.00203935,-0.000409233,-0.00101671,-9.58218e-05,-0.00157272,-0.000861846,-0.00171762,-0.000409233,0.026145,-3.40193e-05,0.000813185,0.000438523,0.000310436,9.561e-06,-0.00101671,-3.40193e-05,0.0252307,0.000443871,4.03521e-05,0.000108438,8.24139e-05,-9.58218e-05,0.000813185,0.000443871,0.0466513,
0.00312663,0.000815106,-0.00141774,-0.000620785,-0.00157271,0.000438555,4.03517e-05,0.000815106,0.00183957,0.00100721,-0.000475796,-0.000861843,0.000310458,0.000108437,-0.00141774,0.00100721,0.00350255,5.21657e-05,-0.00171762,9.56855e-06,8.24146e-05,-0.000620785,-0.000475796,5.21657e-05,0.00203937,-0.000409232,-0.00101673,-9.58149e-05,-0.00157271,-0.000861843,-0.00171762,-0.000409232,0.026145,-3.40288e-05,0.000813194,0.000438555,0.000310458,9.56855e-06,-0.00101673,-3.40288e-05,0.0252307,0.000443744,4.03517e-05,0.000108437,8.24146e-05,-9.58149e-05,0.000813194,0.000443744,0.0466513,
0.0031266,0.000815089,-0.00141773,-0.000620817,-0.00157269,0.000438585,4.03516e-05,0.000815089,0.00183956,0.00100721,-0.000475816,-0.000861841,0.000310478,0.000108437,-0.00141773,0.00100721,0.00350255,5.21728e-05,-0.00171762,9.57589e-06,8.24152e-05,-0.000620817,-0.000475816,5.21728e-05,0.00203939,-0.000409232,-0.00101675,-9.5808e-05,-0.00157269,-0.000861841,-0.00171762,-0.000409232,0.026145,-3.4036e-05,0.000813202,0.000438585,0.000310478,9.57589e-06,-0.00101675,-3.4036e-05,0.0252307,0.000443617,4.03516e-05,0.000108437,8.24152e-05,-9.5808e-05,0.000813202,0.000443617,0.0466514,
0.00312657,0.000815073,-0.00141773,-0.000620846,-0.00157268,0.000438613,4.03518e-05,0.000815073,0.00183956,0.00100722,-0.000475835,-0.000861839,0.000310496,0.000108436,-0.00141773,0.00100722,0.00350255,5.21792e-05,-0.00171762,9.58297e-06,8.24157e-05,-0.000620846,-0.000475835,5.21792e-05,0.00203941,-0.000409233,-0.00101677,-9.5801e-05,-0.00157268,-0.000861839,-0.00171762,-0.000409233,0.026145,-3.40411e-05,0.00081321,0.000438613,0.000310496,9.58297e-06,-0.00101677,-3.40411e-05,0.0252307,0.00044349,4.03518e-05,0.000108436,8.24157e-05,-9.5801e-05,0.00081321,0.00044349,0.0466514,
0.00312654,0.000815058,-0.00141773,-0.000620872,-0.00157266,0.000438638,4.03522e-05,0.000815058,0.00183955,0.00100722,-0.000475851,-0.000861837,0.000310514,0.000108436,-0.00141773,0.00100722,0.00350255,5.21851e-05,-0.00171762,9.5898e-06,8.24162e-05,-0.000620872,-0.000475851,5.21851e-05,0.00203943,-0.000409235,-0.00101678,-9.5794e-05,-0.00157266,-0.000861837,-0.00171762,-0.000409235,0.026145,-3.40445e-05,0.000813218,0.000438638,0.000310514,9.5898e-06,-0.00101678,-3.40445e-05,0.0252307,0.000443363,4.03522e-05,0.000108436,8.24162e-05,-9.5794e-05,0.000813218,0.000443363,0.0466514,
0.00312651,0.000815045,-0.00141773,-0.000620896,-0.00157265,0.000438661,4.03528e-05,0.000815045,0.00183954,0.00100722,-0.000475866,-0.000861836,0.000310529,0.000108436,-0.00141773,0.00100722,0.00350255,5.21905e-05,-0.00171762,9.59637e-06,8.24167e-05,-0.000620896,-0.000475866,5.21905e-05,0.00203944,-0.000409237,-0.0010168,-9.5787e-05,-0.00157265,-0.000861836,-0.00171762,-0.000409237,0.026145,-3.40462e-05,0.000813226,0.000438661,0.000310529,9.59637e-06,-0.0010168,-3.40462e-05,0.0252307,0.000443235,4.03528e-05,0.000108436,8.24167e-05,-9.5787e-05,0.000813226,0.000443235,0.0466514,
0.00312649,0.000815033,-0.00141773,-0.000620918,-0.00157264,0.000438682,4.03536e-05,0.000815033,0.00183954,0.00100722,-0.00047588,-0.000861835,0.000310544,0.000108435,-0.00141773,0.00100722,0.00350255,5.21955e-05,-0.00171762,9.60269e-06,8.24171e-05,-0.000620918,-0.00047588,5.21955e-05,0.00203946,-0.000409239,-0.00101681,-9.57799e-05,-0.00157264,-0.000861835,-0.00171762,-0.000409239,0.0261449,-3.40465e-05,0.000813234,0.000438682,0.000310544,9.60269e-06,-0.00101681,-3.40465e-05,0.0252307,0.000443108,4.03536e-05,0.000108435,8.24171e-05,-9.57799e-05,0.000813234,0.000443108,0.0466515,
0.00312647,0.000815022,-0.00141772,-0.000620938,-0.00157263,0.000438702,4.03546e-05,0.000815022,0.00183953,0.00100722,-0.000475893,-0.000861834,0.000310558,0.000108435,-0.00141772,0.00100722,0.00350255,5.22002e-05,-0.00171762,9.60878e-06,8.24175e-05,-0.000620938,-0.000475893,5.22002e-05,0.00203947,-0.000409242,-0.00101683,-9.57728e-05,-0.00157263,-0.000861834,-0.00171762,-0.000409242,0.0261449,-3.40455e-05,0.000813242,0.000438702,0.000310558,9.60878e-06,-0.00101683,-3.40455e-05,0.0252307,0.000442981,4.03546e-05,0.000108435,8.24175e-05,-9.57728e-05,0.000813242,0.000442981,0.0466515,
0.00312645,0.000815012,-0.00141772,-0.000620957,-0.00157263,0.000438721,4.03557e-05,0.000815012,0.00183953,0.00100722,-0.000475904,-0.000861833,0.000310571,0.000108436,-0.00141772,0.00100722,0.00350255,5.22045e-05,-0.00171761,9.61465e-06,8.24179e-05,-0.000620957,-0.000475904,5.22045e-05,0.00203948,-0.000409245,-0.00101684,-9.57657e-05,-0.00157263,-0.000861833,-0.00171761,-0.000409245,0.0261449,-3.40433e-05,0.000813249,0.000438721,0.000310571,9.61465e-06,-0.00101684,-3.40433e-05,0.0252307,0.000442853,4.03557e-05,0.000108436,8.24179e-05,-9.57657e-05,0.000813249,0.000442853,0.0466515,
0.00312643,0.000815003,-0.00141772,-0.000620974,-0.00157262,0.000438738,4.0357e-05,0.000815003,0.00183952,0.00100722,-0.000475915,-0.000861832,0.000310583,0.000108436,-0.00141772,0.00100722,0.00350255,5.22086e-05,-0.00171761,9.62031e-06,8.24182e-05,-0.000620974,-0.000475915,5.22086e-05,0.00203949,-0.000409249,-0.00101685,-9.57585e-05,-0.00157262,-0.000861832,-0.00171761,-0.000409249,0.0261449,-3.40401e-05,0.000813257,0.000438738,0.000310583,9.62031e-06,-0.00101685,-3.40401e-05,0.0252307,0.000442726,4.0357e-05,0.000108436,8.24182e-05,-9.57585e-05,0.000813257,0.000442726,0.0466515,
0.00312641,0.000814994,-0.00141772,-0.000620989,-0.00157261,0.000438754,4.03583e-05,0.000814994,0.00183952,0.00100722,-0.000475925,-0.000861832,0.000310595,0.000108436,-0.00141772,0.00100722,0.00350255,5.22124e-05,-0.00171761,9.62578e-06,8.24185e-05,-0.000620989,-0.000475925,5.22124e-05,0.0020395,-0.000409253,-0.00101686,-9.57514e-05,-0.00157261,-0.000861832,-0.00171761,-0.000409253,0.0261449,-3.4036e-05,0.000813264,0.000438754,0.000310595,9.62578e-06,-0.00101686,-3.4036e-05,0.0252307,0.000442599,4.03583e-05,0.000108436,8.24185e-05,-9.57514e-05,0.000813264,0.000442599,0.0466516,
0.00312639,0.000814986,-0.00141772,-0.000621004,-0.0015726,0.000438769,4.03598e-05,0.000814986,0.00183951,0.00100722,-0.000475934,-0.000861831,0.000310606,0.000108436,-0.00141772,0.00100722,0.00350255,5.2216e-05,-0.00171761,9.63108e-06,8.24188e-05,-0.000621004,-0.000475934,5.2216e-05,0.00203951,-0.000409257,-0.00101687,-9.57442e-05,-0.0015726,-0.000861831,-0.00171761,-0.000409257,0.0261449,-3.40311e-05,0.000813272,0.000438769,0.000310606,9.63108e-06,-0.00101687,-3.40311e-05,0.0252307,0.000442471,4.03598e-05,0.000108436,8.24188e-05,-9.57442e-05,0.000813272,0.000442471,0.0466516,
0.00312638,0.000814979,-0.00141772,-0.000621017,-0.0015726,0.000438783,4.03613e-05,0.000814979,0.00183951,0.00100722,-0.000475942,-0.000861831,0.000310616,0.000108437,-0.00141772,0.00100722,0.00350254,5.22194e-05,-0.00171761,9.63622e-06,8.24191e-05,-0.000621017,-0.000475942,5.22194e-05,0.00203952,-0.000409261,-0.00101689,-9.5737e-05,-0.0015726,-0.000861831,-0.00171761,-0.000409261,0.0261449,-3.40254e-05,0.000813279,0.000438783,0.000310616,9.63622e-06,-0.00101689,-3.40254e-05,0.0252307,0.000442344,4.03613e-05,0.000108437,8.24191e-05,-9.5737e-05,0.000813279,0.000442344,0.0466516,
0.00312637,0.000814972,-0.00141772,-0.00062103,-0.00157259,0.000438796,4.03629e-05,0.000814972,0.00183951,0.00100722,-0.00047595,-0.000861831,0.000310626,0.000108437,-0.00141772,0.00100722,0.00350254,5.22227e-05,-0.00171761,9.64122e-06,8.24194e-05,-0.00062103,-0.00047595,5.22227e-05,0.00203953,-0.000409265,-0.0010169,-9.57299e-05,-0.00157259,-0.000861831,-0.00171761,-0.000409265,0.0261449,-3.40191e-05,0.000813286,0.000438796,0.000310626,9.64122e-06,-0.0010169,-3.40191e-05,0.0252307,0.000442217,4.03629e-05,0.000108437,8.24194e-05,-9.57299e-05,0.000813286,0.000442217,0.0466516,
0.00312635,0.000814966,-0.00141772,-0.000621041,-0.00157259,0.000438809,4.03646e-05,0.000814966,0.0018395,0.00100722,-0.000475957,-0.000861831,0.000310635,0.000108438,-0.00141772,0.00100722,0.00350254,5.22257e-05,-0.00171761,9.64608e-06,8.24196e-05,-0.000621041,-0.000475957,5.22257e-05,0.00203954,-0.000409269,-0.00101691,-9.57227e-05,-0.00157259,-0.000861831,-0.00171761,-0.000409269,0.0261449,-3.40122e-05,0.000813293,0.000438809,0.000310635,9.64608e-06,-0.00101691,-3.40122e-05,0.0252307,0.00044209,4.03646e-05,0.000108438,8.24196e-05,-9.57227e-05,0.000813293,0.00044209,0.0466517,
0.00312634,0.00081496,-0.00141771,-0.000621052,-0.00157258,0.000438821,4.03664e-05,0.00081496,0.0018395,0.00100722,-0.000475964,-0.00086183,0.000310644,0.000108438,-0.00141771,0.00100722,0.00350254,5.22287e-05,-0.00171761,9.65083e-06,8.24198e-05,-0.000621052,-0.000475964,5.22287e-05,0.00203954,-0.000409274,-0.00101692,-9.57155e-05,-0.00157258,-0.00086183,-0.00171761,-0.000409274,0.0261449,-3.40048e-05,0.000813301,0.000438821,0.000310644,9.65083e-06,-0.00101692,-3.40048e-05,0.0252307,0.000441964,4.03664e-05,0.000108438,8.24198e-05,-9.57155e-05,0.000813301,0.000441964,0.0466517,
0.00312633,0.000814954,-0.00141771,-0.000621063,-0.00157258,0.000438832,4.03682e-05,0.000814954,0.0018395,0.00100722,-0.00047597,-0.00086183,0.000310653,0.000108439,-0.00141771,0.00100722,0.00350254,5.22315e-05,-0.00171761,9.65546e-06,8.242e-05,-0.000621063,-0.00047597,5.22315e-05,0.00203955,-0.000409279,-0.00101692,-9.57083e-05,-0.00157258,-0.00086183,-0.00171761,-0.000409279,0.0261449,-3.39969e-05,0.000813308,0.000438832,0.000310653,9.65546e-06,-0.00101692,-3.39969e-05,0.0252307,0.000441837,4.03682e-05,0.000108439,8.242e-05,-9.57083e-05,0.000813308,0.000441837,0.0466517,
0.00312632,0.000814949,-0.00141771,-0.000621072,-0.00157257,0.000438843,4.03701e-05,0.000814949,0.00183949,0.00100722,-0.000475976,-0.00086183,0.000310661,0.000108439,-0.00141771,0.00100722,0.00350254,5.22342e-05,-0.00171762,9.66e-06,8.24202e-05,-0.000621072,-0.000475976,5.22342e-05,0.00203956,-0.000409283,-0.00101693,-9.57011e-05,-0.00157257,-0.00086183,-0.00171762,-0.000409283,0.0261449,-3.39887e-05,0.000813315,0.000438843,0.000310661,9.66e-06,-0.00101693,-3.39887e-05,0.0252307,0.00044171,4.03701e-05,0.000108439,8.24202e-05,-9.57011e-05,0.000813315,0.00044171,0.0466517,
0.00312631,0.000814944,-0.00141771,-0.000621082,-0.00157257,0.000438853,4.0372e-05,0.000814944,0.00183949,0.00100722,-0.000475982,-0.00086183,0.000310669,0.00010844,-0.00141771,0.00100722,0.00350254,5.22369e-05,-0.00171762,9.66445e-06,8.24204e-05,-0.000621082,-0.000475982,5.22369e-05,0.00203956,-0.000409288,-0.00101694,-9.56939e-05,-0.00157257,-0.00086183,-0.00171762,-0.000409288,0.0261449,-3.398e-05,0.000813322,0.000438853,0.000310669,9.66445e-06,-0.00101694,-3.398e-05,0.0252306,0.000441584,4.0372e-05,0.00010844,8.24204e-05,-9.56939e-05,0.000813322,0.000441584,0.0466518,
0.0031263,0.000814939,-0.00141771,-0.00062109,-0.00157257,0.000438863,4.03739e-05,0.000814939,0.00183949,0.00100722,-0.000475987,-0.00086183,0.000310677,0.000108441,-0.00141771,0.00100722,0.00350254,5.22394e-05,-0.00171762,9.66882e-06,8.24206e-05,-0.00062109,-0.000475987,5.22394e-05,0.00203957,-0.000409293,-0.00101695,-9.56867e-05,-0.00157257,-0.00086183,-0.00171762,-0.000409293,0.0261449,-3.39711e-05,0.000813329,0.000438863,0.000310677,9.66882e-06,-0.00101695,-3.39711e-05,0.0252306,0.000441458,4.03739e-05,0.000108441,8.24206e-05,-9.56867e-05,0.000813329,0.000441458,0.0466518,
0.00312629,0.000814934,-0.00141771,-0.000621098,-0.00157256,0.000438873,4.03759e-05,0.000814934,0.00183949,0.00100722,-0.000475992,-0.00086183,0.000310684,0.000108441,-0.00141771,0.00100722,0.00350254,5.22419e-05,-0.00171762,9.67312e-06,8.24208e-05,-0.000621098,-0.000475992,5.22419e-05,0.00203957,-0.000409298,-0.00101696,-9.56795e-05,-0.00157256,-0.00086183,-0.00171762,-0.000409298,0.0261449,-3.39618e-05,0.000813336,0.000438873,0.000310684,9.67312e-06,-0.00101696,-3.39618e-05,0.0252306,0.000441332,4.03759e-05,0.000108441,8.24208e-05,-9.56795e-05,0.000813336,0.000441332,0.0466518,
0.00312628,0.00081493,-0.00141771,-0.000621106,-0.00157256,0.000438882,4.03779e-05,0.00081493,0.00183949,0.00100722,-0.000475997,-0.000861831,0.000310691,0.000108442,-0.00141771,0.00100722,0.00350254,5.22443e-05,-0.00171762,9.67734e-06,8.2421e-05,-0.000621106,-0.000475997,5.22443e-05,0.00203958,-0.000409303,-0.00101697,-9.56724e-05,-0.00157256,-0.000861831,-0.00171762,-0.000409303,0.0261449,-3.39523e-05,0.000813343,0.000438882,0.000310691,9.67734e-06,-0.00101697,-3.39523e-05,0.0252306,0.000441205,4.03779e-05,0.000108442,8.2421e-05,-9.56724e-05,0.000813343,0.000441205,0.0466518,
0.00312627,0.000814925,-0.00141771,-0.000621114,-0.00157256,0.000438891,4.03799e-05,0.000814925,0.00183948,0.00100722,-0.000476001,-0.000861831,0.000310698,0.000108443,-0.00141771,0.00100722,0.00350254,5.22466e-05,-0.00171762,9.68151e-06,8.24211e-05,-0.000621114,-0.000476001,5.22466e-05,0.00203958,-0.000409308,-0.00101697,-9.56652e-05,-0.00157256,-0.000861831,-0.00171762,-0.000409308,0.0261449,-3.39425e-05,0.00081335,0.000438891,0.000310698,9.68151e-06,-0.00101697,-3.39425e-05,0.0252306,0.000441079,4.03799e-05,0.000108443,8.24211e-05,-9.56652e-05,0.00081335,0.000441079,0.0466519,
0.00312626,0.000814921,-0.00141771,-0.000621121,-0.00157256,0.0004389,4.0382e-05,0.000814921,0.00183948,0.00100722,-0.000476005,-0.000861831,0.000310705,0.000108444,-0.00141771,0.00100722,0.00350254,5.22489e-05,-0.00171762,9.68563e-06,8.24213e-05,-0.000621121,-0.000476005,5.22489e-05,0.00203959,-0.000409313,-0.00101698,-9.5658e-05,-0.00157256,-0.000861831,-0.00171762,-0.000409313,0.0261449,-3.39326e-05,0.000813357,0.0004389,0.000310705,9.68563e-06,-0.00101698,-3.39326e-05,0.0252306,0.000440954,4.0382e-05,0.000108444,8.24213e-05,-9.5658e-05,0.000813357,0.000440954,0.0466519,
0.00312626,0.000814917,-0.00141771,-0.000621128,-0.00157255,0.000438908,4.03841e-05,0.000814917,0.00183948,0.00100722,-0.00047601,-0.000861831,0.000310712,0.000108444,-0.00141771,0.00100722,0.00350254,5.22511e-05,-0.00171762,9.68969e-06,8.24214e-05,-0.000621128,-0.00047601,5.22511e-05,0.00203959,-0.000409318,-0.00101699,-9.56508e-05,-0.00157255,-0.000861831,-0.00171762,-0.000409318,0.0261449,-3.39225e-05,0.000813364,0.000438908,0.000310712,9.68969e-06,-0.00101699,-3.39225e-05,0.0252306,0.000440828,4.03841e-05,0.000108444,8.24214e-05,-9.56508e-05,0.000813364,0.000440828,0.0466519,
0.00312625,0.000814914,-0.00141771,-0.000621135,-0.00157255,0.000438916,4.03862e-05,0.000814914,0.00183948,0.00100722,-0.000476014,-0.000861831,0.000310719,0.000108445,-0.00141771,0.00100722,0.00350254,5.22533e-05,-0.00171762,9.69371e-06,8.24216e-05,-0.000621135,-0.000476014,5.22533e-05,0.0020396,-0.000409324,-0.001017,-9.56437e-05,-0.00157255,-0.000861831,-0.00171762,-0.000409324,0.026145,-3.39122e-05,0.00081337,0.000438916,0.000310719,9.69371e-06,-0.001017,-3.39122e-05,0.0252306,0.000440702,4.03862e-05,0.000108445,8.24216e-05,-9.56437e-05,0.00081337,0.000440702,0.0466519,
0.00312624,0.00081491,-0.00141771,-0.000621142,-0.00157255,0.000438924,4.03883e-05,0.00081491,0.00183948,0.00100722,-0.000476017,-0.000861831,0.000310725,0.000108446,-0.00141771,0.00100722,0.00350253,5.22555e-05,-0.00171762,9.69768e-06,8.24217e-05,-0.000621142,-0.000476017,5.22555e-05,0.0020396,-0.000409329,-0.00101701,-9.56365e-05,-0.00157255,-0.000861831,-0.00171762,-0.000409329,0.026145,-3.39018e-05,0.000813377,0.000438924,0.000310725,9.69768e-06,-0.00101701,-3.39018e-05,0.0252306,0.000440577,4.03883e-05,0.000108446,8.24217e-05,-9.56365e-05,0.000813377,0.000440577,0.046652,
0.00312623,0.000814906,-0.00141771,-0.000621148,-0.00157255,0.000438932,4.03904e-05,0.000814906,0.00183948,0.00100722,-0.000476021,-0.000861832,0.000310732,0.000108447,-0.00141771,0.00100722,0.00350253,5.22576e-05,-0.00171762,9.70162e-06,8.24219e-05,-0.000621148,-0.000476021,5.22576e-05,0.0020396,-0.000409334,-0.00101701,-9.56293e-05,-0.00157255,-0.000861832,-0.00171762,-0.000409334,0.026145,-3.38912e-05,0.000813384,0.000438932,0.000310732,9.70162e-06,-0.00101701,-3.38912e-05,0.0252306,0.000440451,4.03904e-05,0.000108447,8.24219e-05,-9.56293e-05,0.000813384,0.000440451,0.046652,
0.00312623,0.000814903,-0.00141771,-0.000621154,-0.00157254,0.00043894,4.03925e-05,0.000814903,0.00183948,0.00100723,-0.000476025,-0.000861832,0.000310738,0.000108448,-0.00141771,0.00100723,0.00350253,5.22597e-05,-0.00171762,9.70553e-06,8.2422e-05,-0.000621154,-0.000476025,5.22597e-05,0.00203961,-0.000409339,-0.00101702,-9.56222e-05,-0.00157254,-0.000861832,-0.00171762,-0.000409339,0.026145,-3.38806e-05,0.000813391,0.00043894,0.000310738,9.70553e-06,-0.00101702,-3.38806e-05,0.0252306,0.000440326,4.03925e-05,0.000108448,8.2422e-05,-9.56222e-05,0.000813391,0.000440326,0.046652,
0.00312622,0.000814899,-0.00141771,-0.00062116,-0.00157254,0.000438948,4.03947e-05,0.000814899,0.00183947,0.00100723,-0.000476028,-0.000861832,0.000310744,0.000108449,-0.00141771,0.00100723,0.00350253,5.22618e-05,-0.00171762,9.7094e-06,8.24222e-05,-0.00062116,-0.000476028,5.22618e-05,0.00203961,-0.000409344,-0.00101703,-9.5615e-05,-0.00157254,-0.000861832,-0.00171762,-0.000409344,0.026145,-3.38698e-05,0.000813398,0.000438948,0.000310744,9.7094e-06,-0.00101703,-3.38698e-05,0.0252306,0.000440201,4.03947e-05,0.000108449,8.24222e-05,-9.5615e-05,0.000813398,0.000440201,0.046652,
0.00312621,0.000814896,-0.00141771,-0.000621166,-0.00157254,0.000438955,4.03968e-05,0.000814896,0.00183947,0.00100723,-0.000476032,-0.000861832,0.000310751,0.000108449,-0.00141771,0.00100723,0.00350253,5.22638e-05,-0.00171762,9.71324e-06,8.24223e-05,-0.000621166,-0.000476032,5.22638e-05,0.00203962,-0.00040935,-0.00101703,-9.56079e-05,-0.00157254,-0.000861832,-0.00171762,-0.00040935,0.026145,-3.3859e-05,0.000813405,0.000438955,0.000310751,9.71324e-06,-0.00101703,-3.3859e-05,0.0252306,0.000440076,4.03968e-05,0.000108449,8.24223e-05,-9.56079e-05,0.000813405,0.000440076,0.0466521,
0.00312621,0.000814893,-0.00141771,-0.000621172,-0.00157254,0.000438963,4.0399e-05,0.000814893,0.00183947,0.00100723,-0.000476035,-0.000861833,0.000310757,0.00010845,-0.00141771,0.00100723,0.00350253,5.22659e-05,-0.00171762,9.71706e-06,8.24224e-05,-0.000621172,-0.000476035,5.22659e-05,0.00203962,-0.000409355,-0.00101704,-9.56007e-05,-0.00157254,-0.000861833,-0.00171762,-0.000409355,0.026145,-3.38481e-05,0.000813412,0.000438963,0.000310757,9.71706e-06,-0.00101704,-3.38481e-05,0.0252306,0.00043995,4.0399e-05,0.00010845,8.24224e-05,-9.56007e-05,0.000813412,0.00043995,0.0466521,
0.0031262,0.00081489,-0.00141771,-0.000621178,-0.00157254,0.00043897,4.04012e-05,0.00081489,0.00183947,0.00100723,-0.000476038,-0.000861833,0.000310763,0.000108451,-0.00141771,0.00100723,0.00350253,5.22679e-05,-0.00171762,9.72085e-06,8.24225e-05,-0.000621178,-0.000476038,5.22679e-05,0.00203962,-0.00040936,-0.00101705,-9.55936e-05,-0.00157254,-0.000861833,-0.00171762,-0.00040936,0.026145,-3.38371e-05,0.000813418,0.00043897,0.000310763,9.72085e-06,-0.00101705,-3.38371e-05,0.0252306,0.000439825,4.04012e-05,0.000108451,8.24225e-05,-9.55936e-05,0.000813418,0.000439825,0.0466521,
0.00312619,0.000814886,-0.0014177,-0.000621183,-0.00157253,0.000438977,4.04034e-05,0.000814886,0.00183947,0.00100723,-0.000476042,-0.000861833,0.000310769,0.000108452,-0.0014177,0.00100723,0.00350253,5.22699e-05,-0.00171762,9.72462e-06,8.24227e-05,-0.000621183,-0.000476042,5.22699e-05,0.00203963,-0.000409365,-0.00101706,-9.55864e-05,-0.00157253,-0.000861833,-0.00171762,-0.000409365,0.026145,-3.3826e-05,0.000813425,0.000438977,0.000310769,9.72462e-06,-0.00101706,-3.3826e-05,0.0252306,0.000439701,4.04034e-05,0.000108452,8.24227e-05,-9.55864e-05,0.000813425,0.000439701,0.0466521,
0.00312619,0.000814883,-0.0014177,-0.000621189,-0.00157253,0.000438984,4.04055e-05,0.000814883,0.00183947,0.00100723,-0.000476045,-0.000861834,0.000310775,0.000108453,-0.0014177,0.00100723,0.00350253,5.22719e-05,-0.00171762,9.72837e-06,8.24228e-05,-0.000621189,-0.000476045,5.22719e-05,0.00203963,-0.000409371,-0.00101706,-9.55793e-05,-0.00157253,-0.000861834,-0.00171762,-0.000409371,0.026145,-3.38149e-05,0.000813432,0.000438984,0.000310775,9.72837e-06,-0.00101706,-3.38149e-05,0.0252306,0.000439576,4.04055e-05,0.000108453,8.24228e-05,-9.55793e-05,0.000813432,0.000439576,0.0466521,
0.00312618,0.00081488,-0.0014177,-0.000621194,-0.00157253,0.000438991,4.04077e-05,0.00081488,0.00183947,0.00100723,-0.000476048,-0.000861834,0.000310781,0.000108454,-0.0014177,0.00100723,0.00350253,5.22739e-05,-0.00171762,9.7321e-06,8.24229e-05,-0.000621194,-0.000476048,5.22739e-05,0.00203963,-0.000409376,-0.00101707,-9.55721e-05,-0.00157253,-0.000861834,-0.00171762,-0.000409376,0.026145,-3.38038e-05,0.000813439,0.000438991,0.000310781,9.7321e-06,-0.00101707,-3.38038e-05,0.0252306,0.000439451,4.04077e-05,0.000108454,8.24229e-05,-9.55721e-05,0.000813439,0.000439451,0.0466522,
0.00312617,0.000814877,-0.0014177,-0.0006212,-0.00157253,0.000438998,4.04099e-05,0.000814877,0.00183946,0.00100723,-0.000476051,-0.000861834,0.000310786,0.000108455,-0.0014177,0.00100723,0.00350253,5.22758e-05,-0.00171762,9.73581e-06,8.24231e-05,-0.0006212,-0.000476051,5.22758e-05,0.00203964,-0.000409381,-0.00101708,-9.5565e-05,-0.00157253,-0.000861834,-0.00171762,-0.000409381,0.026145,-3.37926e-05,0.000813446,0.000438998,0.000310786,9.73581e-06,-0.00101708,-3.37926e-05,0.0252306,0.000439326,4.04099e-05,0.000108455,8.24231e-05,-9.5565e-05,0.000813446,0.000439326,0.0466522,
0.00312617,0.000814874,-0.0014177,-0.000621205,-0.00157253,0.000439005,4.04121e-05,0.000814874,0.00183946,0.00100723,-0.000476054,-0.000861834,0.000310792,0.000108455,-0.0014177,0.00100723,0.00350253,5.22778e-05,-0.00171762,9.7395e-06,8.24232e-05,-0.000621205,-0.000476054,5.22778e-05,0.00203964,-0.000409386,-0.00101708,-9.55579e-05,-0.00157253,-0.000861834,-0.00171762,-0.000409386,0.026145,-3.37814e-05,0.000813453,0.000439005,0.000310792,9.7395e-06,-0.00101708,-3.37814e-05,0.0252306,0.000439201,4.04121e-05,0.000108455,8.24232e-05,-9.55579e-05,0.000813453,0.000439201,0.0466522,
0.00312616,0.000814871,-0.0014177,-0.00062121,-0.00157253,0.000439012,4.04143e-05,0.000814871,0.00183946,0.00100723,-0.000476057,-0.000861835,0.000310798,0.000108456,-0.0014177,0.00100723,0.00350253,5.22797e-05,-0.00171762,9.74318e-06,8.24233e-05,-0.00062121,-0.000476057,5.22797e-05,0.00203964,-0.000409391,-0.00101709,-9.55507e-05,-0.00157253,-0.000861835,-0.00171762,-0.000409391,0.026145,-3.37701e-05,0.000813459,0.000439012,0.000310798,9.74318e-06,-0.00101709,-3.37701e-05,0.0252306,0.000439077,4.04143e-05,0.000108456,8.24233e-05,-9.55507e-05,0.000813459,0.000439077,0.0466522,
0.00312615,0.000814868,-0.0014177,-0.000621216,-0.00157252,0.000439019,4.04165e-05,0.000814868,0.00183946,0.00100723,-0.00047606,-0.000861835,0.000310804,0.000108457,-0.0014177,0.00100723,0.00350253,5.22817e-05,-0.00171762,9.74684e-06,8.24234e-05,-0.000621216,-0.00047606,5.22817e-05,0.00203965,-0.000409397,-0.0010171,-9.55436e-05,-0.00157252,-0.000861835,-0.00171762,-0.000409397,0.026145,-3.37588e-05,0.000813466,0.000439019,0.000310804,9.74684e-06,-0.0010171,-3.37588e-05,0.0252305,0.000438952,4.04165e-05,0.000108457,8.24234e-05,-9.55436e-05,0.000813466,0.000438952,0.0466523,
0.00312615,0.000814865,-0.0014177,-0.000621221,-0.00157252,0.000439026,4.04187e-05,0.000814865,0.00183946,0.00100723,-0.000476063,-0.000861835,0.00031081,0.000108458,-0.0014177,0.00100723,0.00350253,5.22836e-05,-0.00171762,9.75049e-06,8.24235e-05,-0.000621221,-0.000476063,5.22836e-05,0.00203965,-0.000409402,-0.00101711,-9.55365e-05,-0.00157252,-0.000861835,-0.00171762,-0.000409402,0.026145,-3.37475e-05,0.000813473,0.000439026,0.00031081,9.75049e-06,-0.00101711,-3.37475e-05,0.0252305,0.000438828,4.04187e-05,0.000108458,8.24235e-05,-9.55365e-05,0.000813473,0.000438828,0.0466523,
0.00312614,0.000814862,-0.0014177,-0.000621226,-0.00157252,0.000439033,4.04209e-05,0.000814862,0.00183946,0.00100723,-0.000476066,-0.000861836,0.000310815,0.000108459,-0.0014177,0.00100723,0.00350253,5.22856e-05,-0.00171762,9.75413e-06,8.24237e-05,-0.000621226,-0.000476066,5.22856e-05,0.00203965,-0.000409407,-0.00101711,-9.55294e-05,-0.00157252,-0.000861836,-0.00171762,-0.000409407,0.026145,-3.37362e-05,0.00081348,0.000439033,0.000310815,9.75413e-06,-0.00101711,-3.37362e-05,0.0252305,0.000438703,4.04209e-05,0.000108459,8.24237e-05,-9.55294e-05,0.00081348,0.000438703,0.0466523,
0.00312614,0.000814859,-0.0014177,-0.000621231,-0.00157252,0.00043904,4.04232e-05,0.000814859,0.00183946,0.00100723,-0.000476069,-0.000861836,0.000310821,0.00010846,-0.0014177,0.00100723,0.00350252,5.22875e-05,-0.00171762,9.75776e-06,8.24238e-05,-0.000621231,-0.000476069,5.22875e-05,0.00203966,-0.000409412,-0.00101712,-9.55222e-05,-0.00157252,-0.000861836,-0.00171762,-0.000409412,0.026145,-3.37249e-05,0.000813487,0.00043904,0.000310821,9.75776e-06,-0.00101712,-3.37249e-05,0.0252305,0.000438579,4.04232e-05,0.00010846,8.24238e-05,-9.55222e-05,0.000813487,0.000438579,0.0466523,
0.00312613,0.000814856,-0.0014177,-0.000621237,-0.00157252,0.000439046,4.04254e-05,0.000814856,0.00183946,0.00100723,-0.000476072,-0.000861836,0.000310827,0.000108461,-0.0014177,0.00100723,0.00350252,5.22894e-05,-0.00171762,9.76137e-06,8.24239e-05,-0.000621237,-0.000476072,5.22894e-05,0.00203966,-0.000409418,-0.00101713,-9.55151e-05,-0.00157252,-0.000861836,-0.00171762,-0.000409418,0.026145,-3.37135e-05,0.000813493,0.000439046,0.000310827,9.76137e-06,-0.00101713,-3.37135e-05,0.0252305,0.000438454,4.04254e-05,0.000108461,8.24239e-05,-9.55151e-05,0.000813493,0.000438454,0.0466524,
0.00312612,0.000814853,-0.0014177,-0.000621242,-0.00157252,0.000439053,4.04276e-05,0.000814853,0.00183946,0.00100723,-0.000476075,-0.000861836,0.000310832,0.000108462,-0.0014177,0.00100723,0.00350252,5.22914e-05,-0.00171762,9.76498e-06,8.2424e-05,-0.000621242,-0.000476075,5.22914e-05,0.00203966,-0.000409423,-0.00101713,-9.5508e-05,-0.00157252,-0.000861836,-0.00171762,-0.000409423,0.026145,-3.37021e-05,0.0008135,0.000439053,0.000310832,9.76498e-06,-0.00101713,-3.37021e-05,0.0252305,0.00043833,4.04276e-05,0.000108462,8.2424e-05,-9.5508e-05,0.0008135,0.00043833,0.0466524,
0.00312612,0.00081485,-0.0014177,-0.000621247,-0.00157251,0.00043906,4.04298e-05,0.00081485,0.00183945,0.00100723,-0.000476078,-0.000861837,0.000310838,0.000108463,-0.0014177,0.00100723,0.00350252,5.22933e-05,-0.00171763,9.76857e-06,8.24241e-05,-0.000621247,-0.000476078,5.22933e-05,0.00203967,-0.000409428,-0.00101714,-9.55009e-05,-0.00157251,-0.000861837,-0.00171763,-0.000409428,0.026145,-3.36907e-05,0.000813507,0.00043906,0.000310838,9.76857e-06,-0.00101714,-3.36907e-05,0.0252305,0.000438206,4.04298e-05,0.000108463,8.24241e-05,-9.55009e-05,0.000813507,0.000438206,0.0466524,
0.00312611,0.000814847,-0.0014177,-0.000621252,-0.00157251,0.000439067,4.0432e-05,0.000814847,0.00183945,0.00100723,-0.000476081,-0.000861837,0.000310844,0.000108463,-0.0014177,0.00100723,0.00350252,5.22952e-05,-0.00171763,9.77215e-06,8.24243e-05,-0.000621252,-0.000476081,5.22952e-05,0.00203967,-0.000409433,-0.00101715,-9.54938e-05,-0.00157251,-0.000861837,-0.00171763,-0.000409433,0.026145,-3.36794e-05,0.000813514,0.000439067,0.000310844,9.77215e-06,-0.00101715,-3.36794e-05,0.0252305,0.000438081,4.0432e-05,0.000108463,8.24243e-05,-9.54938e-05,0.000813514,0.000438081,0.0466524,
0.00312611,0.000814845,-0.0014177,-0.000621257,-0.00157251,0.000439073,4.04342e-05,0.000814845,0.00183945,0.00100723,-0.000476084,-0.000861837,0.000310849,0.000108464,-0.0014177,0.00100723,0.00350252,5.22971e-05,-0.00171763,9.77573e-06,8.24244e-05,-0.000621257,-0.000476084,5.22971e-05,0.00203967,-0.000409438,-0.00101715,-9.54867e-05,-0.00157251,-0.000861837,-0.00171763,-0.000409438,0.026145,-3.3668e-05,0.000813521,0.000439073,0.000310849,9.77573e-06,-0.00101715,-3.3668e-05,0.0252305,0.000437957,4.04342e-05,0.000108464,8.24244e-05,-9.54867e-05,0.000813521,0.000437957,0.0466525,
0.0031261,0.000814842,-0.0014177,-0.000621262,-0.00157251,0.00043908,4.04364e-05,0.000814842,0.00183945,0.00100723,-0.000476087,-0.000861838,0.000310855,0.000108465,-0.0014177,0.00100723,0.00350252,5.22991e-05,-0.00171763,9.77929e-06,8.24245e-05,-0.000621262,-0.000476087,5.22991e-05,0.00203968,-0.000409443,-0.00101716,-9.54796e-05,-0.00157251,-0.000861838,-0.00171763,-0.000409443,0.026145,-3.36565e-05,0.000813528,0.00043908,0.000310855,9.77929e-06,-0.00101716,-3.36565e-05,0.0252305,0.000437833,4.04364e-05,0.000108465,8.24245e-05,-9.54796e-05,0.000813528,0.000437833,0.0466525,
