0.00200952,5.27171e-06,-0.00187349,0.000367632,-4.19488e-06,8.13247e-05,2.10805e-05,5.27171e-06,0.00122469,-0.000407704,-0.00107979,1.92704e-05,0.000339861,-4.99802e-05,-0.00187349,-0.000407704,0.00325053,2.83635e-06,-0.00119633,0.000496641,0.000104592,0.000367632,-0.00107979,2.83634e-06,0.00284972,-0.00128387,-0.00225745,7.04074e-05,-4.19488e-06,1.92704e-05,-0.00119633,-0.00128387,0.0267329,0.00115669,9.90539e-05,8.13247e-05,0.000339861,0.000496641,-0.00225745,0.00115669,0.0270801,0.000385414,2.10805e-05,-4.99802e-05,0.000104592,7.04074e-05,9.90539e-05,0.000385414,0.0466232,
0.00200876,5.59173e-06,-0.00187316,0.000367642,-3.67444e-06,8.07331e-05,2.10046e-05,5.59174e-06,0.0012247,-0.000407844,-0.00107961,1.93448e-05,0.000340145,-4.99958e-05,-0.00187316,-0.000407844,0.00325034,2.64277e-06,-0.00119706,0.000496469,0.000104652,0.000367642,-0.00107961,2.64277e-06,0.00284954,-0.00128355,-0.00225766,7.03458e-05,-3.67444e-06,1.93448e-05,-0.00119706,-0.00128355,0.0267314,0.00115669,9.94396e-05,8.07331e-05,0.000340145,0.000496469,-0.00225766,0.00115669,0.0270794,0.000385538,2.10046e-05,-4.99958e-05,0.000104652,7.03458e-05,9.94396e-05,0.000385538,0.0466232,
0.00200808,5.87331e-06,-0.00187286,0.000367648,-3.21708e-06,8.02124e-05,2.09383e-05,5.87331e-06,0.00122471,-0.000407962,-0.00107945,1.94037e-05,0.000340417,-5.00123e-05,-0.00187286,-0.000407962,0.00325017,2.47366e-06,-0.00119771,0.000496331,0.000104705,0.000367648,-0.00107945,2.47365e-06,0.00284938,-0.00128327,-0.00225782,7.02913e-05,-3.21707e-06,1.94037e-05,-0.00119771,-0.00128327,0.0267299,0.00115666,9.9839e-05,8.02124e-05,0.000340417,0.000496331,-0.00225782,0.00115666,0.0270787,0.000385699,2.09383e-05,-5.00123e-05,0.000104705,7.02913e-05,9.9839e-05,0.000385699,0.0466232,
0.00200749,6.12123e-06,-0.0018726,0.00036765,-2.8145e-06,7.97556e-05,2.08811e-05,6.12124e-06,0.00122471,-0.000408062,-0.00107932,1.94517e-05,0.000340664,-5.00292e-05,-0.0018726,-0.000408062,0.00325002,2.32545e-06,-0.00119829,0.000496214,0.000104753,0.00036765,-0.00107932,2.32546e-06,0.00284925,-0.00128304,-0.00225794,7.02436e-05,-2.8145e-06,1.94517e-05,-0.00119829,-0.00128304,0.0267286,0.00115663,0.000100225,7.97556e-05,0.000340664,0.000496214,-0.00225794,0.00115663,0.0270781,0.000385892,2.08811e-05,-5.00292e-05,0.000104753,7.02436e-05,0.000100225,0.000385892,0.0466232,
0.00200697,6.33966e-06,-0.00187238,0.000367648,-2.46025e-06,7.93552e-05,2.08321e-05,6.33966e-06,0.00122472,-0.000408146,-0.0010792,1.94915e-05,0.000340885,-5.00464e-05,-0.00187238,-0.000408146,0.00324989,2.19539e-06,-0.00119879,0.000496113,0.000104797,0.000367648,-0.0010792,2.19539e-06,0.00284913,-0.00128282,-0.00225805,7.02019e-05,-2.46025e-06,1.94915e-05,-0.00119879,-0.00128282,0.0267273,0.0011566,0.000100589,7.93552e-05,0.000340885,0.000496113,-0.00225805,0.0011566,0.0270775,0.000386113,2.08321e-05,-5.00464e-05,0.000104797,7.02019e-05,0.000100589,0.000386113,0.0466231,
0.00200651,6.53218e-06,-0.00187218,0.000367643,-2.14858e-06,7.90041e-05,2.07904e-05,6.53218e-06,0.00122472,-0.000408218,-0.0010791,1.95247e-05,0.00034108,-5.00638e-05,-0.00187218,-0.000408218,0.00324977,2.08112e-06,-0.00119923,0.000496023,0.000104837,0.000367643,-0.0010791,2.08112e-06,0.00284903,-0.00128263,-0.00225815,7.01657e-05,-2.14858e-06,1.95247e-05,-0.00119923,-0.00128263,0.0267262,0.00115659,0.000100928,7.90041e-05,0.00034108,0.000496023,-0.00225815,0.00115659,0.027077,0.000386358,2.07904e-05,-5.00638e-05,0.000104837,7.01657e-05,0.000100928,0.000386358,0.0466231,
0.0020061,6.70194e-06,-0.001872,0.000367636,-1.87432e-06,7.86962e-05,2.07552e-05,6.70194e-06,0.00122472,-0.000408277,-0.00107901,1.95526e-05,0.000341251,-5.00814e-05,-0.001872,-0.000408277,0.00324967,1.98064e-06,-0.00119963,0.000495942,0.000104874,0.000367636,-0.00107901,1.98064e-06,0.00284894,-0.00128246,-0.00225824,7.01342e-05,-1.87431e-06,1.95526e-05,-0.00119963,-0.00128246,0.0267253,0.00115658,0.000101244,7.86962e-05,0.000341251,0.000495942,-0.00225824,0.00115658,0.0270766,0.000386624,2.07552e-05,-5.00814e-05,0.000104874,7.01342e-05,0.000101244,0.000386624,0.046623,
0.00200574,6.85172e-06,-0.00187185,0.000367628,-1.63289e-06,7.84262e-05,2.07257e-05,6.85172e-06,0.00122471,-0.000408327,-0.00107893,1.95761e-05,0.0003414,-5.00992e-05,-0.00187185,-0.000408327,0.00324958,1.8922e-06,-0.00119997,0.000495869,0.000104908,0.000367628,-0.00107893,1.89221e-06,0.00284887,-0.0012823,-0.00225832,7.0107e-05,-1.63289e-06,1.95761e-05,-0.00119997,-0.0012823,0.0267244,0.00115659,0.000101539,7.84262e-05,0.0003414,0.000495869,-0.00225832,0.00115659,0.0270762,0.00038691,2.07257e-05,-5.00992e-05,0.000104908,7.0107e-05,0.000101539,0.00038691,0.046623,
0.00200543,6.98391e-06,-0.00187171,0.000367619,-1.42027e-06,7.81893e-05,2.07014e-05,6.98391e-06,0.00122471,-0.000408369,-0.00107886,1.95961e-05,0.000341529,-5.01172e-05,-0.00187171,-0.000408369,0.0032495,1.81431e-06,-0.00120028,0.000495803,0.00010494,0.000367619,-0.00107886,1.81431e-06,0.0028488,-0.00128216,-0.0022584,7.00836e-05,-1.42027e-06,1.95961e-05,-0.00120028,-0.00128216,0.0267237,0.00115661,0.000101816,7.81893e-05,0.000341529,0.000495803,-0.0022584,0.00115661,0.0270758,0.000387213,2.07014e-05,-5.01172e-05,0.00010494,7.00836e-05,0.000101816,0.000387213,0.0466229,
0.00200515,7.10064e-06,-0.00187159,0.000367608,-1.23293e-06,7.79815e-05,2.06815e-05,7.10064e-06,0.0012247,-0.000408404,-0.0010788,1.96132e-05,0.000341642,-5.01354e-05,-0.00187159,-0.000408404,0.00324944,1.74564e-06,-0.00120055,0.000495743,0.000104969,0.000367608,-0.0010788,1.74564e-06,0.00284874,-0.00128203,-0.00225847,7.00634e-05,-1.23293e-06,1.96132e-05,-0.00120055,-0.00128203,0.0267231,0.00115664,0.000102075,7.79815e-05,0.000341642,0.000495743,-0.00225847,0.00115664,0.0270755,0.000387532,2.06815e-05,-5.01354e-05,0.000104969,7.00634e-05,0.000102075,0.000387532,0.0466229,
0.0020049,7.20377e-06,-0.00187149,0.000367598,-1.06777e-06,7.77992e-05,2.06656e-05,7.20377e-06,0.0012247,-0.000408434,-0.00107875,1.96279e-05,0.00034174,-5.01538e-05,-0.00187149,-0.000408434,0.00324938,1.68505e-06,-0.00120079,0.000495688,0.000104997,0.000367598,-0.00107875,1.68505e-06,0.00284869,-0.00128191,-0.00225854,7.00462e-05,-1.06777e-06,1.96279e-05,-0.00120079,-0.00128191,0.0267225,0.00115668,0.000102321,7.77992e-05,0.00034174,0.000495688,-0.00225854,0.00115668,0.0270753,0.000387865,2.06656e-05,-5.01538e-05,0.000104997,7.00462e-05,0.000102321,0.000387865,0.0466228,
0.00200468,7.29493e-06,-0.0018714,0.000367587,-9.22105e-07,7.76392e-05,2.06532e-05,7.29493e-06,0.00122469,-0.000408458,-0.0010787,1.96407e-05,0.000341825,-5.01725e-05,-0.0018714,-0.000408458,0.00324932,1.63154e-06,-0.001201,0.000495639,0.000105024,0.000367587,-0.0010787,1.63154e-06,0.00284865,-0.00128179,-0.00225861,7.00316e-05,-9.22104e-07,1.96407e-05,-0.001201,-0.00128179,0.026722,0.00115672,0.000102554,7.76392e-05,0.000341825,0.000495639,-0.00225861,0.00115672,0.027075,0.00038821,2.06532e-05,-5.01725e-05,0.000105024,7.00316e-05,0.000102554,0.00038821,0.0466227,
0.00200449,7.37555e-06,-0.00187132,0.000367576,-7.93559e-07,7.74987e-05,2.06439e-05,7.37556e-06,0.00122469,-0.000408478,-0.00107866,1.96519e-05,0.000341898,-5.01913e-05,-0.00187132,-0.000408478,0.00324927,1.58425e-06,-0.00120119,0.000495593,0.000105049,0.000367576,-0.00107866,1.58425e-06,0.00284862,-0.00128169,-0.00225867,7.00193e-05,-7.9356e-07,1.96519e-05,-0.00120119,-0.00128169,0.0267216,0.00115677,0.000102777,7.74987e-05,0.000341898,0.000495593,-0.00225867,0.00115677,0.0270748,0.000388566,2.06439e-05,-5.01913e-05,0.000105049,7.00193e-05,0.000102777,0.000388566,0.0466227,
0.00200432,7.4469e-06,-0.00187125,0.000367565,-6.8006e-07,7.73755e-05,2.06373e-05,7.4469e-06,0.00122468,-0.000408494,-0.00107863,1.96618e-05,0.000341962,-5.02104e-05,-0.00187125,-0.000408494,0.00324923,1.5424e-06,-0.00120136,0.000495551,0.000105072,0.000367565,-0.00107863,1.5424e-06,0.00284859,-0.0012816,-0.00225872,7.0009e-05,-6.8006e-07,1.96618e-05,-0.00120136,-0.0012816,0.0267212,0.00115683,0.00010299,7.73755e-05,0.000341962,0.000495551,-0.00225872,0.00115683,0.0270746,0.000388933,2.06373e-05,-5.02104e-05,0.000105072,7.0009e-05,0.00010299,0.000388933,0.0466226,
0.00200416,7.51008e-06,-0.00187118,0.000367555,-5.79793e-07,7.72673e-05,2.06332e-05,7.51008e-06,0.00122468,-0.000408508,-0.0010786,1.96708e-05,0.000342016,-5.02296e-05,-0.00187118,-0.000408508,0.0032492,1.50534e-06,-0.00120151,0.000495513,0.000105095,0.000367555,-0.0010786,1.50534e-06,0.00284856,-0.00128151,-0.00225878,7.00005e-05,-5.79792e-07,1.96708e-05,-0.00120151,-0.00128151,0.0267209,0.00115689,0.000103196,7.72673e-05,0.000342016,0.000495513,-0.00225878,0.00115689,0.0270745,0.000389309,2.06332e-05,-5.02296e-05,0.000105095,7.00005e-05,0.000103196,0.000389309,0.0466226,
0.00200403,7.56605e-06,-0.00187113,0.000367545,-4.91162e-07,7.71722e-05,2.06311e-05,7.56605e-06,0.00122467,-0.000408519,-0.00107857,1.96789e-05,0.000342064,-5.02491e-05,-0.00187113,-0.000408519,0.00324916,1.47247e-06,-0.00120164,0.000495478,0.000105117,0.000367545,-0.00107857,1.47247e-06,0.00284853,-0.00128143,-0.00225883,6.99935e-05,-4.91162e-07,1.96789e-05,-0.00120164,-0.00128143,0.0267206,0.00115695,0.000103395,7.71722e-05,0.000342064,0.000495478,-0.00225883,0.00115695,0.0270743,0.000389693,2.06311e-05,-5.02491e-05,0.000105117,6.99935e-05,0.000103395,0.000389693,0.0466225,
0.00200391,7.61569e-06,-0.00187108,0.000367535,-4.1277e-07,7.70888e-05,2.0631e-05,7.61569e-06,0.00122466,-0.000408528,-0.00107855,1.96865e-05,0.000342104,-5.02687e-05,-0.00187108,-0.000408528,0.00324913,1.4433e-06,-0.00120176,0.000495446,0.000105138,0.000367535,-0.00107855,1.4433e-06,0.00284851,-0.00128135,-0.00225888,6.9988e-05,-4.1277e-07,1.96865e-05,-0.00120176,-0.00128135,0.0267204,0.00115702,0.000103588,7.70888e-05,0.000342104,0.000495446,-0.00225888,0.00115702,0.0270742,0.000390084,2.0631e-05,-5.02687e-05,0.000105138,6.9988e-05,0.000103588,0.000390084,0.0466224,
0.0020038,7.65973e-06,-0.00187104,0.000367525,-3.43389e-07,7.70155e-05,2.06325e-05,7.65973e-06,0.00122466,-0.000408535,-0.00107853,1.96936e-05,0.000342139,-5.02885e-05,-0.00187104,-0.000408535,0.00324911,1.41737e-06,-0.00120187,0.000495417,0.000105158,0.000367525,-0.00107853,1.41737e-06,0.0028485,-0.00128128,-0.00225892,6.99837e-05,-3.43389e-07,1.96936e-05,-0.00120187,-0.00128128,0.0267202,0.0011571,0.000103777,7.70155e-05,0.000342139,0.000495417,-0.00225892,0.0011571,0.0270741,0.000390482,2.06325e-05,-5.02885e-05,0.000105158,6.99837e-05,0.000103777,0.000390482,0.0466223,
0.00200371,7.69884e-06,-0.001871,0.000367516,-2.81941e-07,7.69511e-05,2.06354e-05,7.69884e-06,0.00122465,-0.000408541,-0.00107851,1.97003e-05,0.000342169,-5.03085e-05,-0.001871,-0.000408541,0.00324909,1.39429e-06,-0.00120196,0.00049539,0.000105177,0.000367516,-0.00107851,1.39429e-06,0.00284848,-0.00128122,-0.00225897,6.99805e-05,-2.81941e-07,1.97003e-05,-0.00120196,-0.00128122,0.02672,0.00115717,0.000103961,7.69511e-05,0.000342169,0.00049539,-0.00225897,0.00115717,0.027074,0.000390885,2.06354e-05,-5.03085e-05,0.000105177,6.99805e-05,0.000103961,0.000390885,0.0466223,
0.00200362,7.7336e-06,-0.00187096,0.000367508,-2.27479e-07,7.68946e-05,2.06397e-05,7.7336e-06,0.00122465,-0.000408545,-0.00107849,1.97068e-05,0.000342194,-5.03286e-05,-0.00187096,-0.000408545,0.00324907,1.37371e-06,-0.00120205,0.000495365,0.000105196,0.000367508,-0.00107849,1.37371e-06,0.00284847,-0.00128116,-0.00225901,6.99782e-05,-2.27479e-07,1.97068e-05,-0.00120205,-0.00128116,0.0267198,0.00115725,0.000104142,7.68945e-05,0.000342194,0.000495365,-0.00225901,0.00115725,0.0270739,0.000391294,2.06397e-05,-5.03286e-05,0.000105196,6.99782e-05,0.000104142,0.000391294,0.0466222,
0.00200355,7.76453e-06,-0.00187093,0.0003675,-1.7917e-07,7.68449e-05,2.0645e-05,7.76453e-06,0.00122464,-0.000408549,-0.00107848,1.97132e-05,0.000342216,-5.03489e-05,-0.00187093,-0.000408549,0.00324905,1.35534e-06,-0.00120212,0.000495342,0.000105215,0.0003675,-0.00107848,1.35534e-06,0.00284846,-0.0012811,-0.00225905,6.99768e-05,-1.7917e-07,1.97132e-05,-0.00120212,-0.0012811,0.0267196,0.00115733,0.00010432,7.68449e-05,0.000342216,0.000495342,-0.00225905,0.00115733,0.0270738,0.000391707,2.0645e-05,-5.03489e-05,0.000105215,6.99768e-05,0.00010432,0.000391707,0.0466221,
0.00200348,7.79208e-06,-0.00187091,0.000367492,-1.36282e-07,7.68012e-05,2.06515e-05,7.79208e-06,0.00122464,-0.000408552,-0.00107847,1.97194e-05,0.000342234,-5.03693e-05,-0.00187091,-0.000408552,0.00324903,1.3389e-06,-0.00120219,0.00049532,0.000105233,0.000367492,-0.00107847,1.3389e-06,0.00284845,-0.00128105,-0.00225908,6.99761e-05,-1.36282e-07,1.97194e-05,-0.00120219,-0.00128105,0.0267195,0.00115741,0.000104495,7.68012e-05,0.000342234,0.00049532,-0.00225908,0.00115741,0.0270738,0.000392125,2.06515e-05,-5.03693e-05,0.000105233,6.99761e-05,0.000104495,0.000392125,0.046622,
0.00200342,7.81663e-06,-0.00187088,0.000367485,-9.8171e-08,7.67629e-05,2.06587e-05,7.81663e-06,0.00122463,-0.000408554,-0.00107846,1.97256e-05,0.00034225,-5.03898e-05,-0.00187088,-0.000408554,0.00324902,1.32417e-06,-0.00120225,0.0004953,0.000105251,0.000367485,-0.00107846,1.32417e-06,0.00284844,-0.001281,-0.00225912,6.99761e-05,-9.81706e-08,1.97256e-05,-0.00120225,-0.001281,0.0267194,0.00115749,0.000104668,7.67629e-05,0.00034225,0.0004953,-0.00225912,0.00115749,0.0270737,0.000392547,2.06587e-05,-5.03898e-05,0.000105251,6.99761e-05,0.000104668,0.000392547,0.046622,
0.00200337,7.83855e-06,-0.00187086,0.000367478,-6.42702e-08,7.67292e-05,2.06668e-05,7.83855e-06,0.00122463,-0.000408555,-0.00107845,1.97318e-05,0.000342262,-5.04104e-05,-0.00187086,-0.000408555,0.00324901,1.31094e-06,-0.00120231,0.000495282,0.000105268,0.000367478,-0.00107845,1.31094e-06,0.00284843,-0.00128095,-0.00225915,6.99767e-05,-6.42702e-08,1.97318e-05,-0.00120231,-0.00128095,0.0267193,0.00115758,0.000104839,7.67292e-05,0.000342262,0.000495282,-0.00225915,0.00115758,0.0270736,0.000392972,2.06668e-05,-5.04104e-05,0.000105268,6.99767e-05,0.000104839,0.000392972,0.0466219,
0.00200332,7.85814e-06,-0.00187084,0.000367472,-3.40811e-08,7.66996e-05,2.06756e-05,7.85814e-06,0.00122462,-0.000408556,-0.00107844,1.9738e-05,0.000342273,-5.04312e-05,-0.00187084,-0.000408556,0.003249,1.29904e-06,-0.00120236,0.000495264,0.000105285,0.000367472,-0.00107844,1.29904e-06,0.00284843,-0.00128091,-0.00225919,6.99778e-05,-3.40812e-08,1.9738e-05,-0.00120236,-0.00128091,0.0267192,0.00115766,0.000105009,7.66996e-05,0.000342273,0.000495264,-0.00225919,0.00115766,0.0270736,0.000393399,2.06756e-05,-5.04312e-05,0.000105285,6.99778e-05,0.000105009,0.000393399,0.0466218,
0.00200327,7.87568e-06,-0.00187083,0.000367466,-7.16549e-09,7.66736e-05,2.0685e-05,7.87568e-06,0.00122462,-0.000408557,-0.00107844,1.97442e-05,0.000342282,-5.0452e-05,-0.00187083,-0.000408557,0.00324899,1.28829e-06,-0.00120241,0.000495248,0.000105302,0.000367466,-0.00107844,1.28829e-06,0.00284842,-0.00128086,-0.00225922,6.99794e-05,-7.16528e-09,1.97442e-05,-0.00120241,-0.00128086,0.0267191,0.00115775,0.000105177,7.66736e-05,0.000342282,0.000495248,-0.00225922,0.00115775,0.0270735,0.00039383,2.0685e-05,-5.0452e-05,0.000105302,6.99794e-05,0.000105177,0.00039383,0.0466217,
0.00200324,7.8914e-06,-0.00187081,0.000367461,1.6864e-08,7.66507e-05,2.0695e-05,7.8914e-06,0.00122462,-0.000408557,-0.00107843,1.97505e-05,0.000342289,-5.04729e-05,-0.00187081,-0.000408557,0.00324898,1.27858e-06,-0.00120245,0.000495233,0.000105319,0.000367461,-0.00107843,1.27858e-06,0.00284842,-0.00128082,-0.00225925,6.99814e-05,1.68643e-08,1.97505e-05,-0.00120245,-0.00128082,0.026719,0.00115784,0.000105345,7.66507e-05,0.000342289,0.000495233,-0.00225925,0.00115784,0.0270735,0.000394263,2.0695e-05,-5.04729e-05,0.000105319,6.99814e-05,0.000105345,0.000394263,0.0466216,
0.0020032,7.90551e-06,-0.0018708,0.000367455,3.83474e-08,7.66307e-05,2.07054e-05,7.90551e-06,0.00122461,-0.000408557,-0.00107842,1.97569e-05,0.000342294,-5.04939e-05,-0.0018708,-0.000408557,0.00324897,1.26976e-06,-0.00120249,0.000495218,0.000105336,0.000367455,-0.00107842,1.26976e-06,0.00284841,-0.00128079,-0.00225928,6.99838e-05,3.83474e-08,1.97569e-05,-0.00120249,-0.00128079,0.026719,0.00115793,0.000105511,7.66307e-05,0.000342294,0.000495218,-0.00225928,0.00115793,0.0270734,0.000394698,2.07054e-05,-5.04939e-05,0.000105336,6.99838e-05,0.000105511,0.000394698,0.0466216,
0.00200317,7.9182e-06,-0.00187079,0.000367451,5.75844e-08,7.66131e-05,2.07163e-05,7.9182e-06,0.00122461,-0.000408557,-0.00107842,1.97633e-05,0.000342298,-5.0515e-05,-0.00187079,-0.000408557,0.00324896,1.26174e-06,-0.00120252,0.000495205,0.000105352,0.000367451,-0.00107842,1.26174e-06,0.00284841,-0.00128075,-0.0022593,6.99864e-05,5.75844e-08,1.97633e-05,-0.00120252,-0.00128075,0.0267189,0.00115801,0.000105676,7.66131e-05,0.000342298,0.000495205,-0.0022593,0.00115801,0.0270734,0.000395135,2.07163e-05,-5.0515e-05,0.000105352,6.99864e-05,0.000105676,0.000395135,0.0466215,
0.00200314,7.92964e-06,-0.00187078,0.000367446,7.48394e-08,7.65976e-05,2.07275e-05,7.92964e-06,0.00122461,-0.000408557,-0.00107842,1.97699e-05,0.000342302,-5.05362e-05,-0.00187078,-0.000408557,0.00324896,1.25443e-06,-0.00120256,0.000495192,0.000105368,0.000367446,-0.00107842,1.25443e-06,0.00284841,-0.00128071,-0.00225933,6.99894e-05,7.48394e-08,1.97699e-05,-0.00120256,-0.00128071,0.0267188,0.0011581,0.000105841,7.65976e-05,0.000342302,0.000495192,-0.00225933,0.0011581,0.0270734,0.000395574,2.07275e-05,-5.05362e-05,0.000105368,6.99894e-05,0.000105841,0.000395574,0.0466214,
0.00200311,7.93997e-06,-0.00187077,0.000367442,9.03455e-08,7.6584e-05,2.07391e-05,7.93997e-06,0.0012246,-0.000408556,-0.00107841,1.97766e-05,0.000342304,-5.05574e-05,-0.00187077,-0.000408556,0.00324895,1.24773e-06,-0.00120259,0.00049518,0.000105384,0.000367442,-0.00107841,1.24773e-06,0.0028484,-0.00128068,-0.00225936,6.99926e-05,9.03455e-08,1.97766e-05,-0.00120259,-0.00128068,0.0267188,0.00115819,0.000106006,7.6584e-05,0.000342304,0.00049518,-0.00225936,0.00115819,0.0270733,0.000396014,2.07391e-05,-5.05574e-05,0.000105384,6.99926e-05,0.000106006,0.000396014,0.0466213,
0.00200309,7.94932e-06,-0.00187076,0.000367438,1.04308e-07,7.65722e-05,2.07509e-05,7.94932e-06,0.0012246,-0.000408556,-0.00107841,1.97833e-05,0.000342305,-5.05787e-05,-0.00187076,-0.000408556,0.00324895,1.24158e-06,-0.00120262,0.000495168,0.0001054,0.000367438,-0.00107841,1.24158e-06,0.0028484,-0.00128065,-0.00225939,6.99961e-05,1.04308e-07,1.97833e-05,-0.00120262,-0.00128065,0.0267187,0.00115828,0.000106169,7.65722e-05,0.000342305,0.000495168,-0.00225939,0.00115828,0.0270733,0.000396456,2.07509e-05,-5.05787e-05,0.0001054,6.99961e-05,0.000106169,0.000396456,0.0466212,
0.00200307,7.9578e-06,-0.00187075,0.000367434,1.16908e-07,7.65617e-05,2.07631e-05,7.9578e-06,0.0012246,-0.000408555,-0.00107841,1.97902e-05,0.000342305,-5.06e-05,-0.00187075,-0.000408555,0.00324894,1.23591e-06,-0.00120264,0.000495157,0.000105416,0.000367434,-0.00107841,1.23591e-06,0.0028484,-0.00128061,-0.00225941,6.99997e-05,1.16908e-07,1.97902e-05,-0.00120264,-0.00128061,0.0267187,0.00115838,0.000106333,7.65617e-05,0.000342305,0.000495157,-0.00225941,0.00115838,0.0270733,0.000396899,2.07631e-05,-5.06e-05,0.000105416,6.99997e-05,0.000106333,0.000396899,0.0466212,
0.00200305,7.96552e-06,-0.00187074,0.000367431,1.28306e-07,7.65526e-05,2.07754e-05,7.96552e-06,0.00122459,-0.000408555,-0.00107841,1.97971e-05,0.000342305,-5.06214e-05,-0.00187074,-0.000408555,0.00324894,1.23066e-06,-0.00120267,0.000495146,0.000105432,0.000367431,-0.00107841,1.23066e-06,0.0028484,-0.00128058,-0.00225944,7.00035e-05,1.28305e-07,1.97971e-05,-0.00120267,-0.00128058,0.0267187,0.00115847,0.000106496,7.65526e-05,0.000342305,0.000495146,-0.00225944,0.00115847,0.0270732,0.000397343,2.07754e-05,-5.06214e-05,0.000105432,7.00035e-05,0.000106496,0.000397343,0.0466211,
0.00200303,7.97255e-06,-0.00187073,0.000367427,1.38641e-07,7.65446e-05,2.0788e-05,7.97255e-06,0.00122459,-0.000408554,-0.0010784,1.98042e-05,0.000342305,-5.06428e-05,-0.00187073,-0.000408554,0.00324894,1.22579e-06,-0.00120269,0.000495136,0.000105447,0.000367427,-0.0010784,1.22579e-06,0.00284839,-0.00128055,-0.00225946,7.00075e-05,1.38641e-07,1.98042e-05,-0.00120269,-0.00128055,0.0267186,0.00115856,0.000106659,7.65446e-05,0.000342305,0.000495136,-0.00225946,0.00115856,0.0270732,0.000397787,2.0788e-05,-5.06428e-05,0.000105447,7.00075e-05,0.000106659,0.000397787,0.046621,
0.00200301,7.97898e-06,-0.00187073,0.000367424,1.4804e-07,7.65376e-05,2.08007e-05,7.97898e-06,0.00122459,-0.000408554,-0.0010784,1.98113e-05,0.000342303,-5.06643e-05,-0.00187073,-0.000408554,0.00324893,1.22125e-06,-0.00120271,0.000495126,0.000105463,0.000367424,-0.0010784,1.22125e-06,0.00284839,-0.00128053,-0.00225948,7.00116e-05,1.4804e-07,1.98113e-05,-0.00120271,-0.00128053,0.0267186,0.00115865,0.000106821,7.65376e-05,0.000342303,0.000495126,-0.00225948,0.00115865,0.0270732,0.000398233,2.08007e-05,-5.06643e-05,0.000105463,7.00116e-05,0.000106821,0.000398233,0.0466209,
0.00200299,7.98488e-06,-0.00187072,0.000367422,1.56612e-07,7.65316e-05,2.08136e-05,7.98488e-06,0.00122459,-0.000408553,-0.0010784,1.98185e-05,0.000342302,-5.06858e-05,-0.00187072,-0.000408553,0.00324893,1.217e-06,-0.00120274,0.000495117,0.000105478,0.000367422,-0.0010784,1.217e-06,0.00284839,-0.0012805,-0.00225951,7.00158e-05,1.56612e-07,1.98185e-05,-0.00120274,-0.0012805,0.0267185,0.00115874,0.000106984,7.65316e-05,0.000342302,0.000495117,-0.00225951,0.00115874,0.0270731,0.00039868,2.08136e-05,-5.06858e-05,0.000105478,7.00158e-05,0.000106984,0.00039868,0.0466208,
0.00200298,7.99031e-06,-0.00187072,0.000367419,1.64453e-07,7.65262e-05,2.08267e-05,7.99031e-06,0.00122458,-0.000408552,-0.0010784,1.98258e-05,0.0003423,-5.07073e-05,-0.00187072,-0.000408552,0.00324893,1.213e-06,-0.00120276,0.000495108,0.000105494,0.000367419,-0.0010784,1.213e-06,0.00284839,-0.00128047,-0.00225953,7.00202e-05,1.64453e-07,1.98258e-05,-0.00120276,-0.00128047,0.0267185,0.00115883,0.000107146,7.65262e-05,0.0003423,0.000495108,-0.00225953,0.00115883,0.0270731,0.000399127,2.08267e-05,-5.07073e-05,0.000105494,7.00202e-05,0.000107146,0.000399127,0.0466207,
0.00200297,7.99532e-06,-0.00187071,0.000367416,1.7165e-07,7.65216e-05,2.08399e-05,7.99532e-06,0.00122458,-0.000408552,-0.0010784,1.98332e-05,0.000342297,-5.07288e-05,-0.00187071,-0.000408552,0.00324893,1.20924e-06,-0.00120277,0.000495099,0.000105509,0.000367416,-0.0010784,1.20924e-06,0.00284839,-0.00128044,-0.00225955,7.00246e-05,1.7165e-07,1.98332e-05,-0.00120277,-0.00128044,0.0267185,0.00115893,0.000107308,7.65216e-05,0.000342297,0.000495099,-0.00225955,0.00115893,0.0270731,0.000399574,2.08399e-05,-5.07288e-05,0.000105509,7.00246e-05,0.000107308,0.000399574,0.0466206,
0.00200295,7.99997e-06,-0.00187071,0.000367414,1.78278e-07,7.65176e-05,2.08532e-05,7.99997e-06,0.00122458,-0.000408551,-0.0010784,1.98407e-05,0.000342295,-5.07504e-05,-0.00187071,-0.000408551,0.00324892,1.20567e-06,-0.00120279,0.000495091,0.000105525,0.000367414,-0.0010784,1.20567e-06,0.00284839,-0.00128042,-0.00225957,7.00291e-05,1.78278e-07,1.98407e-05,-0.00120279,-0.00128042,0.0267184,0.00115902,0.00010747,7.65176e-05,0.000342295,0.000495091,-0.00225957,0.00115902,0.0270731,0.000400023,2.08532e-05,-5.07504e-05,0.000105525,7.00291e-05,0.00010747,0.000400023,0.0466206,
0.00200294,8.00428e-06,-0.0018707,0.000367412,1.84404e-07,7.65141e-05,2.08666e-05,8.00428e-06,0.00122458,-0.000408551,-0.0010784,1.98482e-05,0.000342292,-5.0772e-05,-0.0018707,-0.000408551,0.00324892,1.20229e-06,-0.00120281,0.000495082,0.00010554,0.000367412,-0.0010784,1.20229e-06,0.00284839,-0.00128039,-0.0022596,7.00337e-05,1.84404e-07,1.98482e-05,-0.00120281,-0.00128039,0.0267184,0.00115911,0.000107632,7.65141e-05,0.000342292,0.000495082,-0.0022596,0.00115911,0.027073,0.000400471,2.08666e-05,-5.0772e-05,0.00010554,7.00337e-05,0.000107632,0.000400471,0.0466205,
0.00200293,8.00831e-06,-0.0018707,0.00036741,1.90088e-07,7.65111e-05,2.088e-05,8.00831e-06,0.00122458,-0.00040855,-0.0010784,1.98558e-05,0.000342289,-5.07937e-05,-0.0018707,-0.00040855,0.00324892,1.19905e-06,-0.00120283,0.000495074,0.000105555,0.00036741,-0.0010784,1.19905e-06,0.00284839,-0.00128037,-0.00225962,7.00384e-05,1.90088e-07,1.98558e-05,-0.00120283,-0.00128037,0.0267184,0.0011592,0.000107793,7.65111e-05,0.000342289,0.000495074,-0.00225962,0.0011592,0.027073,0.00040092,2.088e-05,-5.07937e-05,0.000105555,7.00384e-05,0.000107793,0.00040092,0.0466204,
0.00200292,8.01207e-06,-0.0018707,0.000367408,1.95381e-07,7.65086e-05,2.08936e-05,8.01207e-06,0.00122457,-0.00040855,-0.0010784,1.98634e-05,0.000342285,-5.08153e-05,-0.0018707,-0.00040855,0.00324892,1.19596e-06,-0.00120284,0.000495066,0.000105571,0.000367408,-0.0010784,1.19596e-06,0.00284839,-0.00128034,-0.00225964,7.00431e-05,1.95381e-07,1.98634e-05,-0.00120284,-0.00128034,0.0267183,0.0011593,0.000107955,7.65086e-05,0.000342285,0.000495066,-0.00225964,0.0011593,0.027073,0.00040137,2.08936e-05,-5.08153e-05,0.000105571,7.00431e-05,0.000107955,0.00040137,0.0466203,
0.00200291,8.01561e-06,-0.00187069,0.000367406,2.0033e-07,7.65064e-05,2.09072e-05,8.01561e-06,0.00122457,-0.00040855,-0.0010784,1.98711e-05,0.000342282,-5.0837e-05,-0.00187069,-0.00040855,0.00324892,1.19299e-06,-0.00120286,0.000495059,0.000105586,0.000367406,-0.0010784,1.19299e-06,0.00284838,-0.00128032,-0.00225966,7.00479e-05,2.0033e-07,1.98711e-05,-0.00120286,-0.00128032,0.0267183,0.00115939,0.000108117,7.65064e-05,0.000342282,0.000495059,-0.00225966,0.00115939,0.027073,0.00040182,2.09072e-05,-5.0837e-05,0.000105586,7.00479e-05,0.000108117,0.00040182,0.0466202,
0.0020029,8.01895e-06,-0.00187069,0.000367404,2.04975e-07,7.65045e-05,2.09209e-05,8.01895e-06,0.00122457,-0.000408549,-0.0010784,1.98789e-05,0.000342278,-5.08587e-05,-0.00187069,-0.000408549,0.00324891,1.19012e-06,-0.00120287,0.000495051,0.000105601,0.000367404,-0.0010784,1.19012e-06,0.00284838,-0.00128029,-0.00225968,7.00528e-05,2.04975e-07,1.98789e-05,-0.00120287,-0.00128029,0.0267183,0.00115948,0.000108279,7.65045e-05,0.000342278,0.000495051,-0.00225968,0.00115948,0.0270729,0.00040227,2.09209e-05,-5.08587e-05,0.000105601,7.00528e-05,0.000108279,0.00040227,0.0466201,
0.00200289,8.02211e-06,-0.00187068,0.000367402,2.09354e-07,7.65029e-05,2.09346e-05,8.02211e-06,0.00122457,-0.000408549,-0.0010784,1.98867e-05,0.000342275,-5.08804e-05,-0.00187068,-0.000408549,0.00324891,1.18735e-06,-0.00120289,0.000495044,0.000105616,0.000367402,-0.0010784,1.18735e-06,0.00284838,-0.00128027,-0.0022597,7.00577e-05,2.09354e-07,1.98867e-05,-0.00120289,-0.00128027,0.0267183,0.00115958,0.00010844,7.65029e-05,0.000342275,0.000495044,-0.0022597,0.00115958,0.0270729,0.00040272,2.09346e-05,-5.08804e-05,0.000105616,7.00577e-05,0.00010844,0.00040272,0.04662,
0.00200288,8.02511e-06,-0.00187068,0.000367401,2.13498e-07,7.65016e-05,2.09484e-05,8.02511e-06,0.00122457,-0.000408548,-0.0010784,1.98945e-05,0.000342271,-5.09021e-05,-0.00187068,-0.000408548,0.00324891,1.18467e-06,-0.0012029,0.000495036,0.000105632,0.000367401,-0.0010784,1.18467e-06,0.00284838,-0.00128024,-0.00225972,7.00626e-05,2.13498e-07,1.98945e-05,-0.0012029,-0.00128024,0.0267182,0.00115967,0.000108602,7.65016e-05,0.000342271,0.000495036,-0.00225972,0.00115967,0.0270729,0.000403171,2.09484e-05,-5.09021e-05,0.000105632,7.00626e-05,0.000108602,0.000403171,0.04662,
0.00200287,8.02797e-06,-0.00187068,0.000367399,2.17435e-07,7.65005e-05,2.09623e-05,8.02797e-06,0.00122457,-0.000408548,-0.00107839,1.99024e-05,0.000342267,-5.09238e-05,-0.00187068,-0.000408548,0.00324891,1.18205e-06,-0.00120292,0.000495029,0.000105647,0.000367399,-0.00107839,1.18205e-06,0.00284838,-0.00128022,-0.00225974,7.00676e-05,2.17435e-07,1.99024e-05,-0.00120292,-0.00128022,0.0267182,0.00115976,0.000108763,7.65005e-05,0.000342267,0.000495029,-0.00225974,0.00115976,0.0270729,0.000403621,2.09623e-05,-5.09238e-05,0.000105647,7.00676e-05,0.000108763,0.000403621,0.0466199,
0.00200286,8.0307e-06,-0.00187068,0.000367397,2.2119e-07,7.64996e-05,2.09761e-05,8.0307e-06,0.00122456,-0.000408548,-0.00107839,1.99103e-05,0.000342263,-5.09455e-05,-0.00187068,-0.000408548,0.00324891,1.17951e-06,-0.00120293,0.000495022,0.000105662,0.000367397,-0.00107839,1.17951e-06,0.00284838,-0.0012802,-0.00225976,7.00726e-05,2.2119e-07,1.99103e-05,-0.00120293,-0.0012802,0.0267182,0.00115985,0.000108925,7.64996e-05,0.000342263,0.000495022,-0.00225976,0.00115985,0.0270728,0.000404072,2.09761e-05,-5.09455e-05,0.000105662,7.00726e-05,0.000108925,0.000404072,0.0466198,
0.00200285,8.03333e-06,-0.00187067,0.000367396,2.24786e-07,7.64988e-05,2.099e-05,8.03333e-06,0.00122456,-0.000408548,-0.00107839,1.99183e-05,0.000342259,-5.09673e-05,-0.00187067,-0.000408548,0.00324891,1.17702e-06,-0.00120295,0.000495015,0.000105677,0.000367396,-0.00107839,1.17702e-06,0.00284838,-0.00128017,-0.00225978,7.00776e-05,2.24786e-07,1.99183e-05,-0.00120295,-0.00128017,0.0267182,0.00115995,0.000109086,7.64988e-05,0.000342259,0.000495015,-0.00225978,0.00115995,0.0270728,0.000404523,2.099e-05,-5.09673e-05,0.000105677,7.00776e-05,0.000109086,0.000404523,0.0466197,
0.00200285,8.03586e-06,-0.00187067,0.000367395,2.28243e-07,7.64983e-05,2.10039e-05,8.03586e-06,0.00122456,-0.000408547,-0.00107839,1.99263e-05,0.000342254,-5.0989e-05,-0.00187067,-0.000408547,0.00324891,1.17458e-06,-0.00120296,0.000495008,0.000105692,0.000367395,-0.00107839,1.17458e-06,0.00284838,-0.00128015,-0.0022598,7.00827e-05,2.28243e-07,1.99263e-05,-0.00120296,-0.00128015,0.0267181,0.00116004,0.000109248,7.64983e-05,0.000342254,0.000495008,-0.0022598,0.00116004,0.0270728,0.000404975,2.10039e-05,-5.0989e-05,0.000105692,7.00827e-05,0.000109248,0.000404975,0.0466196,
0.00200284,8.0383e-06,-0.00187067,0.000367393,2.31577e-07,7.64979e-05,2.10179e-05,8.0383e-06,0.00122456,-0.000408547,-0.00107839,1.99343e-05,0.00034225,-5.10108e-05,-0.00187067,-0.000408547,0.00324891,1.17218e-06,-0.00120297,0.000495002,0.000105707,0.000367393,-0.00107839,1.17218e-06,0.00284838,-0.00128013,-0.00225982,7.00877e-05,2.31577e-07,1.99343e-05,-0.00120297,-0.00128013,0.0267181,0.00116013,0.00010941,7.64979e-05,0.00034225,0.000495002,-0.00225982,0.00116013,0.0270728,0.000405426,2.10179e-05,-5.10108e-05,0.000105707,7.00877e-05,0.00010941,0.000405426,0.0466195,
0.00200283,8.04066e-06,-0.00187066,0.000367392,2.34804e-07,7.64976e-05,2.10319e-05,8.04066e-06,0.00122456,-0.000408547,-0.00107839,1.99423e-05,0.000342246,-5.10325e-05,-0.00187066,-0.000408547,0.0032489,1.16983e-06,-0.00120299,0.000494995,0.000105723,0.000367392,-0.00107839,1.16983e-06,0.00284838,-0.0012801,-0.00225984,7.00928e-05,2.34804e-07,1.99423e-05,-0.00120299,-0.0012801,0.0267181,0.00116023,0.000109571,7.64976e-05,0.000342246,0.000494995,-0.00225984,0.00116023,0.0270727,0.000405877,2.10319e-05,-5.10325e-05,0.000105723,7.00928e-05,0.000109571,0.000405877,0.0466194,
0.00200282,8.04296e-06,-0.00187066,0.000367391,2.37939e-07,7.64974e-05,2.10459e-05,8.04296e-06,0.00122456,-0.000408547,-0.0010784,1.99504e-05,0.000342241,-5.10543e-05,-0.00187066,-0.000408547,0.0032489,1.16751e-06,-0.001203,0.000494988,0.000105738,0.000367391,-0.00107839,1.16751e-06,0.00284838,-0.00128008,-0.00225986,7.0098e-05,2.37939e-07,1.99504e-05,-0.001203,-0.00128008,0.026718,0.00116032,0.000109733,7.64974e-05,0.000342241,0.000494988,-0.00225986,0.00116032,0.0270727,0.000406329,2.10459e-05,-5.10543e-05,0.000105738,7.0098e-05,0.000109733,0.000406329,0.0466193,
0.00200282,8.04519e-06,-0.00187066,0.00036739,2.40992e-07,7.64973e-05,2.10599e-05,8.04519e-06,0.00122455,-0.000408546,-0.0010784,1.99585e-05,0.000342237,-5.10761e-05,-0.00187066,-0.000408546,0.0032489,1.16522e-06,-0.00120301,0.000494982,0.000105753,0.00036739,-0.0010784,1.16522e-06,0.00284838,-0.00128006,-0.00225988,7.01031e-05,2.40992e-07,1.99585e-05,-0.00120301,-0.00128006,0.026718,0.00116041,0.000109894,7.64973e-05,0.000342237,0.000494982,-0.00225988,0.00116041,0.0270727,0.00040678,2.10599e-05,-5.10761e-05,0.000105753,7.01031e-05,0.000109894,0.00040678,0.0466193,
0.00200281,8.04737e-06,-0.00187066,0.000367388,2.43976e-07,7.64973e-05,2.10739e-05,8.04737e-06,0.00122455,-0.000408546,-0.0010784,1.99666e-05,0.000342233,-5.10979e-05,-0.00187066,-0.000408546,0.0032489,1.16295e-06,-0.00120303,0.000494975,0.000105768,0.000367388,-0.0010784,1.16295e-06,0.00284838,-0.00128004,-0.0022599,7.01083e-05,2.43976e-07,1.99666e-05,-0.00120303,-0.00128004,0.026718,0.00116051,0.000110056,7.64973e-05,0.000342233,0.000494975,-0.0022599,0.00116051,0.0270727,0.000407232,2.10739e-05,-5.10979e-05,0.000105768,7.01083e-05,0.000110056,0.000407232,0.0466192,
0.0020028,8.04951e-06,-0.00187065,0.000367387,2.46898e-07,7.64973e-05,2.1088e-05,8.04951e-06,0.00122455,-0.000408546,-0.0010784,1.99747e-05,0.000342228,-5.11197e-05,-0.00187065,-0.000408546,0.0032489,1.16071e-06,-0.00120304,0.000494969,0.000105783,0.000367387,-0.0010784,1.16071e-06,0.00284838,-0.00128001,-0.00225992,7.01134e-05,2.46898e-07,1.99747e-05,-0.00120304,-0.00128001,0.026718,0.0011606,0.000110217,7.64973e-05,0.000342228,0.000494969,-0.00225992,0.0011606,0.0270726,0.000407684,2.1088e-05,-5.11197e-05,0.000105783,7.01134e-05,0.000110217,0.000407684,0.0466191,
0.00200279,8.0516e-06,-0.00187065,0.000367386,2.49769e-07,7.64975e-05,2.1102e-05,8.0516e-06,0.00122455,-0.000408546,-0.0010784,1.99829e-05,0.000342224,-5.11414e-05,-0.00187065,-0.000408546,0.0032489,1.15849e-06,-0.00120305,0.000494962,0.000105798,0.000367386,-0.0010784,1.15849e-06,0.00284838,-0.00127999,-0.00225994,7.01186e-05,2.49769e-07,1.99829e-05,-0.00120305,-0.00127999,0.0267179,0.00116069,0.000110379,7.64975e-05,0.000342224,0.000494962,-0.00225994,0.00116069,0.0270726,0.000408135,2.1102e-05,-5.11414e-05,0.000105798,7.01186e-05,0.000110379,0.000408135,0.046619,
0.00200279,8.05366e-06,-0.00187065,0.000367385,2.52595e-07,7.64977e-05,2.11161e-05,8.05366e-06,0.00122455,-0.000408546,-0.0010784,1.99911e-05,0.000342219,-5.11632e-05,-0.00187065,-0.000408546,0.0032489,1.15629e-06,-0.00120306,0.000494956,0.000105814,0.000367385,-0.0010784,1.15629e-06,0.00284838,-0.00127997,-0.00225996,7.01238e-05,2.52595e-07,1.99911e-05,-0.00120306,-0.00127997,0.0267179,0.00116079,0.00011054,7.64977e-05,0.000342219,0.000494956,-0.00225996,0.00116079,0.0270726,0.000408587,2.11161e-05,-5.11632e-05,0.000105814,7.01238e-05,0.00011054,0.000408587,0.0466189,
0.00200278,8.05568e-06,-0.00187065,0.000367384,2.55383e-07,7.6498e-05,2.11302e-05,8.05568e-06,0.00122455,-0.000408546,-0.0010784,1.99992e-05,0.000342215,-5.1185e-05,-0.00187065,-0.000408546,0.0032489,1.1541e-06,-0.00120308,0.00049495,0.000105829,0.000367384,-0.0010784,1.1541e-06,0.00284837,-0.00127995,-0.00225998,7.0129e-05,2.55383e-07,1.99992e-05,-0.00120308,-0.00127995,0.0267179,0.00116088,0.000110702,7.6498e-05,0.000342215,0.00049495,-0.00225998,0.00116088,0.0270726,0.000409039,2.11302e-05,-5.1185e-05,0.000105829,7.0129e-05,0.000110702,0.000409039,0.0466188,
0.00200277,8.05768e-06,-0.00187064,0.000367383,2.5814e-07,7.64983e-05,2.11442e-05,8.05768e-06,0.00122455,-0.000408546,-0.0010784,2.00074e-05,0.00034221,-5.12068e-05,-0.00187064,-0.000408546,0.0032489,1.15192e-06,-0.00120309,0.000494943,0.000105844,0.000367383,-0.0010784,1.15192e-06,0.00284837,-0.00127992,-0.00226,7.01342e-05,2.5814e-07,2.00074e-05,-0.00120309,-0.00127992,0.0267179,0.00116097,0.000110864,7.64983e-05,0.00034221,0.000494943,-0.00226,0.00116097,0.0270725,0.000409491,2.11442e-05,-5.12068e-05,0.000105844,7.01342e-05,0.000110864,0.000409491,0.0466187,
0.00200277,8.05965e-06,-0.00187064,0.000367382,2.60869e-07,7.64986e-05,2.11583e-05,8.05965e-06,0.00122455,-0.000408546,-0.0010784,2.00156e-05,0.000342206,-5.12286e-05,-0.00187064,-0.000408546,0.0032489,1.14976e-06,-0.0012031,0.000494937,0.000105859,0.000367382,-0.0010784,1.14976e-06,0.00284837,-0.0012799,-0.00226002,7.01395e-05,2.60869e-07,2.00156e-05,-0.0012031,-0.0012799,0.0267178,0.00116107,0.000111025,7.64986e-05,0.000342206,0.000494937,-0.00226002,0.00116107,0.0270725,0.000409943,2.11583e-05,-5.12286e-05,0.000105859,7.01395e-05,0.000111025,0.000409943,0.0466186,
0.00200276,8.06159e-06,-0.00187064,0.000367381,2.63577e-07,7.6499e-05,2.11724e-05,8.06159e-06,0.00122454,-0.000408545,-0.0010784,2.00238e-05,0.000342201,-5.12504e-05,-0.00187064,-0.000408545,0.0032489,1.14761e-06,-0.00120311,0.000494931,0.000105874,0.000367381,-0.0010784,1.14761e-06,0.00284837,-0.00127988,-0.00226004,7.01447e-05,2.63577e-07,2.00238e-05,-0.00120311,-0.00127988,0.0267178,0.00116116,0.000111187,7.6499e-05,0.000342201,0.000494931,-0.00226004,0.00116116,0.0270725,0.000410395,2.11724e-05,-5.12504e-05,0.000105874,7.01447e-05,0.000111187,0.000410395,0.0466186,
0.00200275,8.06352e-06,-0.00187064,0.00036738,2.66266e-07,7.64995e-05,2.11865e-05,8.06352e-06,0.00122454,-0.000408545,-0.0010784,2.0032e-05,0.000342197,-5.12722e-05,-0.00187064,-0.000408545,0.0032489,1.14547e-06,-0.00120313,0.000494925,0.000105889,0.00036738,-0.0010784,1.14547e-06,0.00284837,-0.00127986,-0.00226006,7.015e-05,2.66266e-07,2.0032e-05,-0.00120313,-0.00127986,0.0267178,0.00116125,0.000111348,7.64995e-05,0.000342197,0.000494925,-0.00226006,0.00116125,0.0270725,0.000410846,2.11865e-05,-5.12722e-05,0.000105889,7.015e-05,0.000111348,0.000410846,0.0466185,
0.00200275,8.06543e-06,-0.00187063,0.000367379,2.68941e-07,7.64999e-05,2.12006e-05,8.06543e-06,0.00122454,-0.000408545,-0.0010784,2.00403e-05,0.000342192,-5.12941e-05,-0.00187063,-0.000408545,0.00324889,1.14333e-06,-0.00120314,0.000494919,0.000105904,0.000367379,-0.0010784,1.14333e-06,0.00284837,-0.00127984,-0.00226008,7.01552e-05,2.68941e-07,2.00403e-05,-0.00120314,-0.00127984,0.0267178,0.00116135,0.00011151,7.64999e-05,0.000342192,0.000494919,-0.00226008,0.00116135,0.0270725,0.000411298,2.12006e-05,-5.12941e-05,0.000105904,7.01552e-05,0.00011151,0.000411298,0.0466184,
0.00200274,8.06733e-06,-0.00187063,0.000367378,2.71606e-07,7.65004e-05,2.12148e-05,8.06733e-06,0.00122454,-0.000408545,-0.0010784,2.00485e-05,0.000342188,-5.13159e-05,-0.00187063,-0.000408545,0.00324889,1.1412e-06,-0.00120315,0.000494913,0.00010592,0.000367378,-0.0010784,1.1412e-06,0.00284837,-0.00127982,-0.0022601,7.01605e-05,2.71606e-07,2.00485e-05,-0.00120315,-0.00127982,0.0267177,0.00116144,0.000111671,7.65004e-05,0.000342188,0.000494913,-0.0022601,0.00116144,0.0270724,0.00041175,2.12148e-05,-5.13159e-05,0.00010592,7.01605e-05,0.000111671,0.00041175,0.0466183,
0.00200274,8.06921e-06,-0.00187063,0.000367377,2.74262e-07,7.65009e-05,2.12289e-05,8.06921e-06,0.00122454,-0.000408545,-0.0010784,2.00567e-05,0.000342183,-5.13377e-05,-0.00187063,-0.000408545,0.00324889,1.13907e-06,-0.00120316,0.000494907,0.000105935,0.000367377,-0.0010784,1.13907e-06,0.00284837,-0.00127979,-0.00226012,7.01657e-05,2.74262e-07,2.00567e-05,-0.00120316,-0.00127979,0.0267177,0.00116153,0.000111833,7.65009e-05,0.000342183,0.000494907,-0.00226012,0.00116153,0.0270724,0.000412202,2.12289e-05,-5.13377e-05,0.000105935,7.01657e-05,0.000111833,0.000412202,0.0466182,
0.00200273,8.07108e-06,-0.00187063,0.000367376,2.76913e-07,7.65015e-05,2.1243e-05,8.07108e-06,0.00122454,-0.000408545,-0.0010784,2.0065e-05,0.000342178,-5.13595e-05,-0.00187063,-0.000408545,0.00324889,1.13695e-06,-0.00120317,0.000494901,0.00010595,0.000367376,-0.0010784,1.13695e-06,0.00284837,-0.00127977,-0.00226014,7.0171e-05,2.76913e-07,2.0065e-05,-0.00120317,-0.00127977,0.0267177,0.00116163,0.000111995,7.65015e-05,0.000342178,0.000494901,-0.00226014,0.00116163,0.0270724,0.000412654,2.1243e-05,-5.13595e-05,0.00010595,7.0171e-05,0.000111995,0.000412654,0.0466181,
0.00200272,8.07294e-06,-0.00187062,0.000367375,2.79561e-07,7.65021e-05,2.12571e-05,8.07294e-06,0.00122454,-0.000408545,-0.0010784,2.00732e-05,0.000342174,-5.13813e-05,-0.00187062,-0.000408545,0.00324889,1.13484e-06,-0.00120319,0.000494895,0.000105965,0.000367375,-0.0010784,1.13484e-06,0.00284837,-0.00127975,-0.00226016,7.01763e-05,2.79561e-07,2.00732e-05,-0.00120319,-0.00127975,0.0267177,0.00116172,0.000112156,7.65021e-05,0.000342174,0.000494895,-0.00226016,0.00116172,0.0270724,0.000413106,2.12571e-05,-5.13813e-05,0.000105965,7.01763e-05,0.000112156,0.000413106,0.046618,
