Optimisation time (ms),num dofs,% derivs,derivs time (ms),BP time (ms),FP time (ms),surprise,expected,new cost
2.168,0,17.2222,1.462,0.172,0.307,0,0,0
2.133,0,40,1.292,0.176,0.417,0,0,0
2.065,0,41.1111,1.354,0.151,0.322,0,0,0
1.913,0,40.5556,1.235,0.157,0.282,0,0,0
2.203,0,41.1111,1.538,0.158,0.273,0,0,0
2.643,0,41.1111,1.458,0.158,0.774,0,0,0
2.129,0,41.6667,1.221,0.175,0.437,0,0,0
2.015,0,41.6667,1.299,0.162,0.294,0,0,0
1.971,0,39.4444,1.268,0.162,0.289,0,0,0
1.918,0,38.3333,1.209,0.158,0.291,0,0,0
2.231,0,39.4444,1.488,0.155,0.334,0,0,0
1.952,0,37.7778,1.196,0.161,0.293,0,0,0
1.933,0,37.2222,1.202,0.172,0.28,0,0,0
1.753,0,36.1111,1.078,0.161,0.274,0,0,0
1.819,0,40,1.153,0.158,0.276,0,0,0
2.086,0,37.2222,1.394,0.148,0.317,0,0,0
1.959,0,37.2222,1.238,0.159,0.287,0,0,0
1.684,0,37.2222,1.052,0.164,0.255,0,0,0
1.848,0,37.7778,1.158,0.17,0.268,0,0,0
1.683,0,36.6667,1.021,0.159,0.254,0,0,0
1.614,0,40,0.992,0.158,0.247,0,0,0
1.817,0,36.6667,1.032,0.169,0.394,0,0,0
1.722,0,36.1111,1.056,0.157,0.259,0,0,0
1.94,0,38.8889,1.189,0.164,0.254,0,0,0
1.638,0,36.6667,0.965,0.169,0.256,0,0,0
1.824,0,36.6667,1.138,0.159,0.306,0,0,0
1.689,0,37.2222,1.052,0.161,0.25,0,0,0
1.671,0,36.6667,1.033,0.159,0.252,0,0,0
1.665,0,35,0.956,0.159,0.341,0,0,0
1.787,0,36.1111,1.139,0.159,0.257,0,0,0
1.844,0,36.6667,1.122,0.166,0.306,0,0,0
1.608,0,38.8889,0.979,0.158,0.247,0,0,0
1.542,0,38.8889,0.932,0.16,0.246,0,0,0
1.591,0,38.3333,0.984,0.159,0.243,0,0,0
1.748,0,40,1.084,0.148,0.301,0,0,0
1.766,0,41.6667,1.033,0.158,0.244,0,0,0
1.746,0,40,1.006,0.17,0.237,0,0,0
1.471,0,41.1111,0.871,0.159,0.234,0,0,0
1.62,0,40.5556,0.957,0.158,0.311,0,0,0
1.752,0,41.6667,1.141,0.157,0.269,0,0,0
1.677,0,41.1111,1.074,0.158,0.235,0,0,0
1.602,0,42.7778,0.966,0.158,0.232,0,0,0
1.748,0,43.3333,1.015,0.169,0.247,0,0,0
1.743,0,43.8889,1.018,0.159,0.358,0,0,0
1.693,0,43.8889,1.007,0.162,0.315,0,0,0
1.689,0,43.8889,1.068,0.16,0.237,0,0,0
1.487,0,43.8889,0.91,0.158,0.225,0,0,0
1.675,0,43.8889,0.956,0.159,0.362,0,0,0
1.721,0,43.8889,0.914,0.174,0.398,0,0,0
1.723,0,45,1.094,0.162,0.239,0,0,0
1.436,0,45,0.861,0.158,0.225,0,0,0
1.471,0,46.1111,0.897,0.157,0.228,0,0,0
1.788,0,46.6667,1.069,0.233,0.298,0,0,0
1.595,0,46.6667,0.979,0.165,0.242,0,0,0
1.451,0,47.7778,0.836,0.165,0.223,0,0,0
1.419,0,47.2222,0.832,0.162,0.22,0,0,0
1.356,0,47.7778,0.758,0.159,0.231,0,0,0
1.556,0,47.7778,0.844,0.191,0.322,0,0,0
1.593,0,48.3333,0.966,0.159,0.255,0,0,0
1.481,0,47.7778,0.892,0.163,0.23,0,0,0
1.753,0,43.8889,1.014,0.168,0.233,0,0,0
1.538,0,42.7778,0.952,0.158,0.233,0,0,0
1.978,0,44.4444,1.302,0.148,0.336,0,0,0
2.009,0,43.3333,1.405,0.162,0.244,0,0,0
2.042,0,43.8889,1.406,0.163,0.249,0,0,0
1.877,0,43.3333,1.174,0.159,0.327,0,0,0
1.737,0,43.8889,1.027,0.174,0.267,0,0,0
1.775,0,45.5556,1.022,0.17,0.355,0,0,0
1.912,0,44.4444,1.13,0.22,0.306,0,0,0
1.642,0,43.3333,1.001,0.161,0.262,0,0,0
1.714,0,43.3333,1.088,0.158,0.255,0,0,0
2.649,0,43.3333,1.631,0.158,0.634,0,0,0
2.189,0,43.8889,1.465,0.171,0.267,0,0,0
1.68,0,45,1.007,0.159,0.265,0,0,0
1.814,0,45.5556,1.152,0.159,0.264,0,0,0
1.746,0,44.4444,1.104,0.158,0.257,0,0,0
1.772,0,43.3333,1.086,0.154,0.312,0,0,0
1.938,0,42.2222,1.213,0.162,0.261,0,0,0
2.054,0,41.1111,1.234,0.168,0.278,0,0,0
1.885,0,40,1.124,0.16,0.339,0,0,0
1.825,0,42.2222,1.138,0.159,0.306,0,0,0
1.963,0,41.6667,1.273,0.162,0.293,0,0,0
1.854,0,40,1.198,0.16,0.262,0,0,0
1.94,0,39.4444,1.294,0.159,0.256,0,0,0
1.987,0,41.1111,1.164,0.168,0.27,0,0,0
1.809,0,41.1111,1.156,0.159,0.257,0,0,0
1.904,0,42.7778,1.212,0.157,0.313,0,0,0
1.953,0,43.3333,1.28,0.158,0.272,0,0,0
1.861,0,42.2222,1.205,0.158,0.273,0,0,0
1.884,0,43.8889,1.112,0.163,0.385,0,0,0
1.989,0,42.2222,1.176,0.183,0.349,0,0,0
1.875,0,44.4444,1.195,0.158,0.284,0,0,0
1.842,0,41.1111,1.124,0.165,0.293,0,0,0
1.731,0,42.2222,1.068,0.158,0.259,0,0,0
1.668,0,41.1111,0.968,0.149,0.322,0,0,0
1.774,0,41.1111,1.112,0.161,0.277,0,0,0
1.842,0,43.3333,1.138,0.17,0.262,0,0,0
1.611,0,43.3333,0.961,0.159,0.26,0,0,0
1.68,0,43.3333,1.023,0.159,0.264,0,0,0
1.941,0,42.7778,1.162,0.151,0.383,0,0,0
1.83,0,44.4444,1.145,0.159,0.274,0,0,0
1.674,0,42.2222,1.032,0.158,0.259,0,0,0
1.893,0,42.2222,1.181,0.17,0.271,0,0,0
1.678,0,42.2222,1.036,0.159,0.257,0,0,0
2.008,0,42.2222,1.32,0.157,0.295,0,0,0
1.88,0,42.7778,1.174,0.157,0.302,0,0,0
1.927,0,43.3333,1.301,0.158,0.252,0,0,0
1.651,0,42.7778,1.028,0.16,0.247,0,0,0
1.892,0,43.3333,1.132,0.169,0.255,0,0,0
2.041,0,45.5556,1.397,0.161,0.258,0,0,0
1.803,0,44.4444,1.154,0.162,0.251,0,0,0
1.743,0,43.8889,1.065,0.159,0.296,0,0,0
1.532,0,42.2222,0.917,0.162,0.242,0,0,0
1.815,0,45.5556,1.183,0.162,0.266,0,0,0
1.763,0,43.8889,1.051,0.169,0.25,0,0,0
1.708,0,43.8889,0.952,0.159,0.377,0,0,0
1.797,0,42.7778,1.081,0.183,0.299,0,0,0
1.69,0,41.1111,1.08,0.162,0.24,0,0,0
1.618,0,41.1111,1.009,0.158,0.24,0,0,0
1.767,0,40.5556,1.103,0.158,0.278,0,0,0
1.884,0,41.1111,1.143,0.167,0.323,0,0,0
1.697,0,38.8889,1.065,0.163,0.252,0,0,0
1.826,0,38.8889,1.192,0.157,0.254,0,0,0
2.214,0,41.6667,1.562,0.158,0.259,0,0,0
2.402,0,40.5556,1.674,0.2,0.296,0,0,0
2.533,0,42.2222,1.4,0.163,0.72,0,0,0
2.057,0,39.4444,1.325,0.169,0.271,0,0,0
1.875,0,40.5556,1.229,0.159,0.265,0,0,0
1.66,0,40,1.012,0.158,0.261,0,0,0
1.895,0,40,1.154,0.157,0.356,0,0,0
1.648,0,42.2222,1.003,0.158,0.269,0,0,0
1.682,0,40.5556,1.014,0.159,0.271,0,0,0
1.915,0,43.8889,1.205,0.168,0.266,0,0,0
1.853,0,42.2222,1.127,0.159,0.324,0,0,0
1.914,0,40,1.232,0.157,0.297,0,0,0
1.963,0,40.5556,1.287,0.16,0.287,0,0,0
1.97,0,37.7778,1.275,0.159,0.274,0,0,0
2.497,0,40,1.423,0.156,0.654,0,0,0
2.076,0,38.3333,1.273,0.171,0.342,0,0,0
1.934,0,41.6667,1.246,0.162,0.278,0,0,0
2.304,0,41.1111,1.21,0.252,0.602,0,0,0
1.888,0,42.2222,1.159,0.163,0.285,0,0,0
1.931,0,42.2222,1.18,0.166,0.331,0,0,0
2.503,0,41.6667,1.35,0.165,0.73,0,0,0
2.153,0,42.2222,1.313,0.171,0.354,0,0,0
2.22,0,42.2222,1.457,0.175,0.334,0,0,0
1.987,0,45,1.268,0.159,0.286,0,0,0
1.902,0,44.4444,1.156,0.16,0.328,0,0,0
2.094,0,45,1.32,0.166,0.353,0,0,0
1.961,0,45,1.244,0.162,0.3,0,0,0
1.733,0,42.7778,1.006,0.17,0.276,0,0,0
1.708,0,44.4444,0.952,0.172,0.332,0,0,0
1.822,0,45.5556,1.037,0.159,0.316,0,0,0
1.856,0,43.8889,1.149,0.164,0.285,0,0,0
1.845,0,41.6667,1.079,0.16,0.276,0,0,0
2.051,0,45,1.309,0.159,0.323,0,0,0
1.918,0,43.3333,1.094,0.175,0.372,0,0,0
1.867,0,41.6667,1.182,0.159,0.291,0,0,0
1.737,0,42.7778,1.072,0.16,0.272,0,0,0
1.922,0,41.6667,1.258,0.16,0.27,0,0,0
2.034,0,43.3333,1.358,0.147,0.3,0,0,0
1.838,0,42.7778,1.181,0.162,0.268,0,0,0
2.044,0,43.3333,1.33,0.168,0.263,0,0,0
1.602,0,43.8889,1.002,0.16,0.236,0,0,0
1.712,0,42.7778,1.064,0.158,0.252,0,0,0
1.91,0,42.7778,1.234,0.158,0.301,0,0,0
1.624,0,43.3333,0.977,0.163,0.265,0,0,0
1.629,0,40.5556,0.995,0.159,0.251,0,0,0
1.765,0,39.4444,1.095,0.166,0.249,0,0,0
1.563,0,39.4444,0.95,0.159,0.24,0,0,0
1.726,0,39.4444,1.021,0.161,0.335,0,0,0
1.698,0,38.8889,1.067,0.16,0.246,0,0,0
1.606,0,39.4444,0.982,0.158,0.248,0,0,0
1.855,0,40,1.104,0.185,0.345,0,0,0
1.863,0,41.6667,1.127,0.167,0.315,0,0,0
2.012,0,40.5556,1.333,0.155,0.304,0,0,0
1.776,0,40,1.156,0.158,0.254,0,0,0
1.74,0,40.5556,1.083,0.163,0.256,0,0,0
1.883,0,40,1.189,0.155,0.317,0,0,0
2.148,0,40.5556,1.317,0.161,0.432,0,0,0
1.74,0,38.8889,1.03,0.174,0.277,0,0,0
1.687,0,40.5556,1.021,0.164,0.252,0,0,0
1.696,0,40,1.04,0.163,0.26,0,0,0
1.626,0,40,0.941,0.163,0.288,0,0,0
1.75,0,38.3333,1.038,0.154,0.317,0,0,0
1.778,0,38.8889,1.121,0.161,0.261,0,0,0
1.794,0,41.1111,1.087,0.168,0.27,0,0,0
1.755,0,39.4444,1.103,0.161,0.265,0,0,0
2.096,0,38.8889,1.325,0.158,0.394,0,0,0
1.785,0,41.1111,1.122,0.163,0.273,0,0,0
1.69,0,37.7778,1.038,0.159,0.266,0,0,0
1.849,0,37.7778,1.043,0.158,0.357,0,0,0
1.894,0,37.2222,1.118,0.177,0.312,0,0,0
1.919,0,34.4444,1.221,0.166,0.277,0,0,0
2.024,0,36.6667,1.363,0.16,0.27,0,0,0
1.813,0,36.1111,1.137,0.158,0.261,0,0,0
2.133,0,36.6667,1.373,0.169,0.348,0,0,0
2.378,0,36.1111,1.326,0.159,0.635,0,0,0
2.193,0,36.1111,1.334,0.174,0.299,0,0,0
1.86,0,38.3333,1.179,0.16,0.283,0,0,0
1.785,0,35,1.107,0.159,0.277,0,0,0
1.875,0,33.3333,1.101,0.162,0.369,0,0,0
1.809,0,34.4444,1.108,0.16,0.298,0,0,0
1.805,0,35.5556,1.115,0.162,0.267,0,0,0
1.817,0,38.3333,1.104,0.169,0.269,0,0,0
1.847,0,41.1111,1.061,0.196,0.335,0,0,0
1.945,0,41.6667,1.229,0.16,0.314,0,0,0
1.793,0,40,1.141,0.163,0.265,0,0,0
1.757,0,40.5556,1.079,0.163,0.276,0,0,0
1.895,0,40.5556,1.177,0.167,0.311,0,0,0
2.028,0,37.2222,1.192,0.168,0.277,0,0,0
1.751,0,36.1111,1.089,0.164,0.249,0,0,0
1.584,0,35,0.968,0.16,0.258,0,0,0
1.576,0,33.3333,0.961,0.159,0.24,0,0,0
1.957,0,33.3333,1.278,0.155,0.32,0,0,0
2.571,0,32.7778,1.591,0.161,0.621,0,0,0
1.757,0,33.8889,1.098,0.17,0.234,0,0,0
1.573,0,33.3333,0.964,0.159,0.243,0,0,0
1.539,0,32.7778,0.946,0.158,0.239,0,0,0
2.162,0,33.8889,1.385,0.151,0.405,0,0,0
1.6,0,35,0.95,0.164,0.266,0,0,0
1.942,0,33.3333,1.186,0.16,0.269,0,0,0
1.873,0,35.5556,1.157,0.16,0.299,0,0,0
1.915,0,36.1111,1.223,0.159,0.278,0,0,0
1.768,0,36.1111,1.091,0.159,0.27,0,0,0
1.638,0,31.6667,0.984,0.159,0.268,0,0,0
1.917,0,32.2222,1.118,0.152,0.396,0,0,0
1.885,0,32.2222,1.158,0.164,0.27,0,0,0
1.868,0,32.7778,1.141,0.169,0.271,0,0,0
1.894,0,33.3333,1.195,0.16,0.268,0,0,0
1.835,0,33.3333,1.06,0.158,0.393,0,0,0
2.035,0,34.4444,1.319,0.16,0.321,0,0,0
2.129,0,33.8889,1.426,0.163,0.292,0,0,0
1.983,0,30,1.242,0.161,0.307,0,0,0
1.951,0,30,1.206,0.17,0.285,0,0,0
2.035,0,30,1.276,0.154,0.363,0,0,0
2.032,0,27.7778,1.239,0.163,0.351,0,0,0
1.884,0,26.6667,1.195,0.16,0.293,0,0,0
1.814,0,25.5556,1.131,0.159,0.276,0,0,0
2.452,0,24.4444,1.314,0.161,0.724,0,0,0
1.803,0,26.1111,1.061,0.17,0.285,0,0,0
1.648,0,25,0.957,0.159,0.291,0,0,0
1.685,0,25.5556,0.982,0.161,0.283,0,0,0
2.09,0,26.1111,1.333,0.155,0.338,0,0,0
2.127,0,23.8889,1.332,0.159,0.298,0,0,0
2.417,0,23.3333,1.351,0.165,0.575,0,0,0
2.081,0,23.3333,1.294,0.17,0.304,0,0,0
1.826,0,22.2222,1.092,0.163,0.306,0,0,0
2.14,0,24.4444,1.233,0.176,0.443,0,0,0
2.126,0,23.3333,1.346,0.156,0.348,0,0,0
1.872,0,19.4444,1.13,0.158,0.299,0,0,0
1.8,0,24.4444,1.098,0.158,0.285,0,0,0
1.77,0,31.6667,1.052,0.169,0.284,0,0,0
1.782,0,33.3333,1.053,0.18,0.299,0,0,0
1.808,0,32.7778,1.158,0.158,0.264,0,0,0
1.77,0,32.7778,1.101,0.158,0.271,0,0,0
1.703,0,35.5556,1.066,0.158,0.244,0,0,0
1.766,0,36.6667,1.044,0.151,0.33,0,0,0
1.932,0,34.4444,1.101,0.165,0.324,0,0,0
1.675,0,34.4444,1.029,0.159,0.256,0,0,0
1.534,0,33.3333,0.928,0.158,0.246,0,0,0
1.53,0,33.8889,0.906,0.158,0.241,0,0,0
1.928,0,33.3333,1.246,0.157,0.323,0,0,0
1.659,0,33.8889,1.001,0.159,0.25,0,0,0
1.69,0,33.8889,0.999,0.169,0.259,0,0,0
1.756,0,33.8889,0.962,0.173,0.401,0,0,0
1.937,0,34.4444,1.225,0.16,0.296,0,0,0
1.883,0,31.6667,1.225,0.164,0.251,0,0,0
1.685,0,33.8889,1.043,0.158,0.266,0,0,0
1.859,0,32.7778,1.149,0.158,0.327,0,0,0
2.042,0,31.6667,1.293,0.167,0.321,0,0,0
2.16,0,32.7778,1.376,0.251,0.283,0,0,0
1.715,0,35,1.005,0.164,0.283,0,0,0
2.04,0,37.2222,1.238,0.178,0.38,0,0,0
1.995,0,31.1111,1.286,0.154,0.321,0,0,0
2.63,0,32.2222,1.338,0.16,0.808,0,0,0
1.703,0,33.8889,0.985,0.17,0.271,0,0,0
1.96,0,31.6667,1.285,0.163,0.276,0,0,0
1.826,0,32.7778,1.092,0.174,0.316,0,0,0
1.728,0,36.1111,1.035,0.161,0.273,0,0,0
1.666,0,35.5556,0.981,0.163,0.277,0,0,0
2.079,0,34.4444,1.214,0.191,0.405,0,0,0
1.76,0,35,0.985,0.17,0.339,0,0,0
1.892,0,35,1.201,0.162,0.276,0,0,0
1.813,0,37.2222,1.14,0.161,0.282,0,0,0
1.823,0,33.3333,1.141,0.159,0.283,0,0,0
1.89,0,32.2222,1.166,0.149,0.324,0,0,0
1.754,0,32.2222,0.967,0.16,0.267,0,0,0
2.152,0,36.1111,1.398,0.174,0.281,0,0,0
1.681,0,35.5556,1.028,0.159,0.264,0,0,0
1.81,0,37.2222,1.177,0.159,0.261,0,0,0
1.988,0,38.3333,1.292,0.154,0.322,0,0,0
2.016,0,36.6667,1.335,0.159,0.268,0,0,0
2.388,0,37.2222,1.363,0.159,0.622,0,0,0
1.9,0,36.6667,1.198,0.17,0.263,0,0,0
1.908,0,36.6667,1.14,0.158,0.364,0,0,0
2.534,0,37.2222,1.501,0.311,0.306,0,0,0
1.871,0,34.4444,1.064,0.16,0.4,0,0,0
1.652,0,31.6667,0.998,0.161,0.261,0,0,0
1.866,0,34.4444,1.116,0.148,0.357,0,0,0
1.959,0,33.3333,1.129,0.181,0.372,0,0,0
1.861,0,36.6667,1.164,0.159,0.31,0,0,0
1.829,0,36.6667,1.14,0.162,0.265,0,0,0
1.695,0,35,1.052,0.159,0.257,0,0,0
2.134,0,36.6667,1.415,0.18,0.315,0,0,0
1.92,0,37.7778,1.237,0.174,0.277,0,0,0
1.825,0,35.5556,1.126,0.17,0.264,0,0,0
1.797,0,36.1111,1.052,0.152,0.367,0,0,0
1.927,0,35.5556,1.17,0.161,0.332,0,0,0
2.053,0,40,1.362,0.16,0.267,0,0,0
1.617,0,36.1111,0.941,0.161,0.278,0,0,0
1.948,0,35.5556,1.166,0.158,0.357,0,0,0
1.785,0,34.4444,1.043,0.17,0.273,0,0,0
1.727,0,35.5556,1.061,0.163,0.274,0,0,0
1.828,0,32.7778,1.062,0.165,0.364,0,0,0
1.796,0,33.3333,1.109,0.16,0.276,0,0,0
1.97,0,37.2222,1.298,0.163,0.284,0,0,0
1.737,0,36.1111,1.046,0.161,0.285,0,0,0
2.051,0,32.2222,1.317,0.166,0.28,0,0,0
1.998,0,33.3333,1.278,0.151,0.336,0,0,0
2.098,0,35,1.44,0.159,0.272,0,0,0
1.818,0,31.6667,1.14,0.159,0.284,0,0,0
1.775,0,31.1111,1.061,0.158,0.326,0,0,0
2.485,0,32.2222,1.257,0.262,0.732,0,0,0
1.947,0,34.4444,1.234,0.167,0.284,0,0,0
1.911,0,33.8889,1.228,0.16,0.273,0,0,0
1.734,0,32.7778,1.087,0.157,0.252,0,0,0
1.967,0,34.4444,1.217,0.172,0.374,0,0,0
2.005,0,32.2222,1.284,0.159,0.32,0,0,0
1.773,0,36.1111,1.085,0.166,0.28,0,0,0
1.652,0,27.7778,0.927,0.166,0.275,0,0,0
1.852,0,26.1111,1.059,0.161,0.387,0,0,0
1.945,0,28.8889,1.157,0.158,0.377,0,0,0
1.788,0,30.5556,1.07,0.164,0.277,0,0,0
1.706,0,32.2222,1.018,0.164,0.278,0,0,0
1.851,0,33.8889,1.08,0.157,0.378,0,0,0
1.98,0,32.2222,1.166,0.167,0.374,0,0,0
1.948,0,35,1.255,0.163,0.295,0,0,0
1.91,0,35.5556,1.253,0.163,0.261,0,0,0
1.673,0,36.1111,1.012,0.162,0.271,0,0,0
1.969,0,33.8889,1.256,0.167,0.324,0,0,0
2.096,0,36.1111,1.389,0.165,0.273,0,0,0
2.313,0,35.5556,1.486,0.17,0.265,0,0,0
1.776,0,33.3333,1.122,0.16,0.261,0,0,0
1.869,0,34.4444,1.18,0.154,0.313,0,0,0
2.017,0,35,1.35,0.16,0.271,0,0,0
1.8,0,32.7778,1.162,0.159,0.26,0,0,0
2.481,0,35,1.141,0.163,0.946,0,0,0
1.928,0,34.4444,1.149,0.173,0.339,0,0,0
1.881,0,36.6667,1.22,0.161,0.269,0,0,0
2.094,0,38.3333,1.425,0.162,0.256,0,0,0
1.809,0,37.2222,1.178,0.159,0.255,0,0,0
1.98,0,38.8889,1.318,0.148,0.296,0,0,0
1.963,0,38.3333,1.295,0.16,0.27,0,0,0
1.909,0,36.1111,1.208,0.167,0.269,0,0,0
1.738,0,36.6667,1.118,0.16,0.249,0,0,0
1.766,0,36.6667,1.137,0.159,0.258,0,0,0
1.917,0,35.5556,1.212,0.148,0.324,0,0,0
2.023,0,34.4444,1.361,0.162,0.277,0,0,0
1.909,0,36.6667,1.217,0.163,0.278,0,0,0
2.001,0,36.1111,1.253,0.171,0.278,0,0,0
2.091,0,33.3333,1.294,0.164,0.366,0,0,0
1.928,0,33.3333,1.194,0.163,0.32,0,0,0
2.266,0,31.6667,1.517,0.159,0.281,0,0,0
1.805,0,35,1.105,0.159,0.28,0,0,0
2.31,0,30.5556,1.312,0.167,0.534,0,0,0
2.211,0,34.4444,1.388,0.17,0.375,0,0,0
1.987,0,36.6667,1.297,0.163,0.28,0,0,0
1.825,0,34.4444,1.161,0.158,0.274,0,0,0
1.909,0,35,1.236,0.16,0.271,0,0,0
2.146,0,33.3333,1.422,0.155,0.323,0,0,0
2.487,0,37.2222,1.341,0.17,0.736,0,0,0
1.993,0,36.6667,1.256,0.168,0.282,0,0,0
1.828,0,38.8889,1.152,0.165,0.265,0,0,0
1.879,0,41.1111,1.067,0.165,0.41,0,0,0
1.864,0,41.1111,1.201,0.16,0.271,0,0,0
2.014,0,36.6667,1.366,0.157,0.27,0,0,0
2.802,0,37.7778,1.529,0.164,0.849,0,0,0
2.186,0,42.7778,1.432,0.173,0.289,0,0,0
2.209,0,42.2222,1.525,0.161,0.277,0,0,0
1.96,0,42.7778,1.261,0.158,0.281,0,0,0
1.797,0,42.7778,1.005,0.158,0.377,0,0,0
1.981,0,45.5556,1.293,0.154,0.301,0,0,0
1.925,0,43.8889,1.253,0.158,0.273,0,0,0
1.928,0,46.6667,1.203,0.171,0.271,0,0,0
1.801,0,45.5556,1.145,0.159,0.267,0,0,0
2.037,0,46.1111,1.326,0.164,0.307,0,0,0
1.873,0,45.5556,1.187,0.159,0.293,0,0,0
1.748,0,47.7778,1.099,0.16,0.257,0,0,0
1.644,0,48.8889,1.026,0.158,0.243,0,0,0
1.795,0,49.4444,1.07,0.169,0.297,0,0,0
1.641,0,48.3333,1.008,0.16,0.245,0,0,0
1.703,0,50.5556,1.087,0.16,0.243,0,0,0
1.875,0,48.8889,1.244,0.16,0.263,0,0,0
1.801,0,49.4444,1.188,0.159,0.265,0,0,0
1.715,0,49.4444,1.108,0.162,0.233,0,0,0
1.833,0,48.3333,1.156,0.176,0.229,0,0,0
1.54,0,48.3333,0.909,0.16,0.216,0,0,0
1.409,0,47.7778,0.866,0.158,0.209,0,0,0
1.635,0,45,1.011,0.169,0.269,0,0,0
1.598,0,43.8889,1.038,0.16,0.217,0,0,0
1.384,0,42.2222,0.853,0.158,0.205,0,0,0
1.548,0,41.1111,0.881,0.168,0.212,0,0,0
1.346,0,41.1111,0.796,0.159,0.209,0,0,0
1.544,0,38.8889,0.955,0.156,0.25,0,0,0
1.521,0,38.8889,0.95,0.158,0.25,0,0,0
1.29,0,37.2222,0.731,0.157,0.206,0,0,0
1.704,0,35.5556,0.897,0.26,0.342,0,0,0
1.534,0,36.1111,0.876,0.171,0.264,0,0,0
1.489,0,34.4444,0.854,0.169,0.284,0,0,0
1.405,0,33.8889,0.821,0.163,0.216,0,0,0
1.422,0,32.2222,0.85,0.158,0.225,0,0,0
1.45,0,32.7778,0.697,0.186,0.367,0,0,0
1.659,0,31.6667,0.979,0.158,0.262,0,0,0
1.814,0,38.3333,1.131,0.165,0.261,0,0,0
1.927,0,37.2222,1.276,0.161,0.276,0,0,0
1.615,0,38.8889,0.969,0.159,0.266,0,0,0
1.861,0,39.4444,1.181,0.157,0.303,0,0,0
1.677,0,41.6667,1.022,0.161,0.268,0,0,0
1.789,0,40.5556,1.076,0.162,0.26,0,0,0
1.841,0,40,1.125,0.17,0.273,0,0,0
1.742,0,41.1111,1.01,0.168,0.332,0,0,0
1.855,0,40.5556,1.132,0.163,0.323,0,0,0
1.871,0,33.8889,1.155,0.159,0.304,0,0,0
2.088,0,35,1.369,0.164,0.294,0,0,0
2.243,0,37.7778,1.328,0.176,0.444,0,0,0
2.086,0,36.1111,1.332,0.169,0.283,0,0,0
2.074,0,35.5556,1.258,0.164,0.397,0,0,0
2.177,0,35.5556,1.418,0.155,0.342,0,0,0
1.929,0,37.2222,1.233,0.16,0.289,0,0,0
2.046,0,37.7778,1.342,0.162,0.292,0,0,0
2.738,0,35,1.267,0.157,1.055,0,0,0
2.105,0,35.5556,1.308,0.167,0.327,0,0,0
1.857,0,36.6667,1.16,0.159,0.276,0,0,0
1.733,0,35.5556,1.067,0.163,0.27,0,0,0
2.07,0,35,1.236,0.164,0.424,0,0,0
2.168,0,40,1.439,0.159,0.327,0,0,0
2.429,0,37.7778,1.16,0.16,0.732,0,0,0
1.896,0,41.6667,1.184,0.167,0.261,0,0,0
1.744,0,36.1111,1.112,0.158,0.25,0,0,0
2.029,0,42.7778,1.339,0.155,0.322,0,0,0
1.631,0,43.3333,1.041,0.159,0.228,0,0,0
1.615,0,44.4444,1.001,0.159,0.249,0,0,0
1.791,0,41.1111,1.025,0.187,0.37,0,0,0
2.082,0,37.2222,1.268,0.165,0.356,0,0,0
1.763,0,37.2222,1.091,0.162,0.282,0,0,0
1.879,0,42.7778,1.067,0.162,0.268,0,0,0
1.69,0,41.6667,1.022,0.159,0.28,0,0,0
2.529,0,38.3333,1.782,0.15,0.348,0,0,0
2.121,0,39.4444,1.178,0.158,0.543,0,0,0
1.935,0,33.8889,1.15,0.172,0.282,0,0,0
1.762,0,38.3333,1.05,0.16,0.287,0,0,0
1.822,0,38.3333,1.101,0.159,0.321,0,0,0
2.248,0,29.4444,1.441,0.174,0.35,0,0,0
2.166,0,30,1.432,0.159,0.307,0,0,0
2.071,0,30.5556,1.331,0.165,0.304,0,0,0
2.079,0,32.2222,1.331,0.169,0.289,0,0,0
2.004,0,35,1.267,0.159,0.331,0,0,0
2.023,0,31.6667,1.335,0.159,0.282,0,0,0
1.944,0,33.8889,1.225,0.164,0.293,0,0,0
1.935,0,33.8889,1.228,0.159,0.288,0,0,0
2.145,0,34.4444,1.391,0.163,0.347,0,0,0
2.198,0,31.6667,1.281,0.19,0.409,0,0,0
2.436,0,32.2222,1.632,0.165,0.386,0,0,0
2.24,0,38.8889,1.528,0.163,0.28,0,0,0
1.833,0,38.8889,1.165,0.158,0.272,0,0,0
1.956,0,36.1111,1.229,0.148,0.352,0,0,0
1.984,0,36.1111,1.184,0.162,0.279,0,0,0
1.995,0,36.1111,1.167,0.171,0.261,0,0,0
1.618,0,35,1.017,0.159,0.236,0,0,0
1.677,0,35.5556,1.044,0.159,0.256,0,0,0
1.92,0,37.2222,1.256,0.148,0.31,0,0,0
2.129,0,40.5556,1.492,0.161,0.258,0,0,0
2.488,0,40,1.474,0.16,0.625,0,0,0
2.109,0,38.3333,1.32,0.17,0.262,0,0,0
1.947,0,36.1111,1.128,0.176,0.413,0,0,0
1.807,0,36.6667,1.117,0.155,0.317,0,0,0
1.95,0,34.4444,1.273,0.158,0.287,0,0,0
1.596,0,35.5556,0.944,0.161,0.272,0,0,0
1.654,0,40,0.89,0.16,0.377,0,0,0
1.865,0,36.1111,1.037,0.167,0.373,0,0,0
1.838,0,37.2222,1.076,0.162,0.31,0,0,0
1.791,0,35.5556,0.982,0.16,0.399,0,0,0
1.727,0,37.2222,1.041,0.16,0.273,0,0,0
1.941,0,35.5556,1.182,0.156,0.338,0,0,0
1.94,0,35,1.228,0.164,0.295,0,0,0
1.937,0,35.5556,1.188,0.169,0.271,0,0,0
1.829,0,37.7778,1.119,0.159,0.308,0,0,0
2.004,0,34.4444,1.291,0.176,0.301,0,0,0
1.951,0,31.6667,1.272,0.163,0.277,0,0,0
1.831,0,32.7778,1.134,0.16,0.28,0,0,0
1.829,0,32.2222,1.059,0.172,0.359,0,0,0
1.92,0,31.6667,1.127,0.17,0.33,0,0,0
1.766,0,34.4444,1.07,0.159,0.281,0,0,0
1.64,0,34.4444,0.948,0.159,0.277,0,0,0
1.931,0,36.1111,1.089,0.189,0.39,0,0,0
1.847,0,36.1111,1.093,0.158,0.375,0,0,0
1.809,0,37.2222,1.028,0.164,0.276,0,0,0
1.765,0,35.5556,0.93,0.169,0.269,0,0,0
1.656,0,32.7778,0.998,0.159,0.268,0,0,0
2.156,0,36.1111,1.269,0.164,0.32,0,0,0
1.789,0,37.2222,1.157,0.16,0.249,0,0,0
1.678,0,38.3333,1.04,0.159,0.284,0,0,0
1.992,0,35.5556,1.063,0.307,0.358,0,0,0
1.912,0,36.1111,1.192,0.169,0.266,0,0,0
1.811,0,34.4444,1.112,0.171,0.301,0,0,0
1.702,0,36.1111,1.079,0.16,0.249,0,0,0
1.579,0,36.6667,0.954,0.159,0.254,0,0,0
1.677,0,38.8889,0.977,0.162,0.306,0,0,0
1.968,0,38.3333,1.295,0.159,0.282,0,0,0
2.007,0,40,1.264,0.171,0.282,0,0,0
1.761,0,38.8889,1.084,0.158,0.274,0,0,0
1.671,0,42.7778,1.031,0.158,0.265,0,0,0
1.853,0,35.5556,1.068,0.163,0.366,0,0,0
2.066,0,36.6667,1.357,0.163,0.295,0,0,0
2.081,0,40,1.369,0.16,0.28,0,0,0
2.171,0,38.8889,1.365,0.168,0.365,0,0,0
1.766,0,38.8889,1.085,0.161,0.285,0,0,0
2,0,38.8889,1.124,0.166,0.447,0,0,0
2.275,0,41.1111,1.525,0.161,0.303,0,0,0
1.937,0,37.7778,1.19,0.162,0.288,0,0,0
1.877,0,37.7778,1.169,0.162,0.295,0,0,0
2.007,0,37.7778,1.226,0.169,0.301,0,0,0
2.032,0,36.1111,1.196,0.202,0.373,0,0,0
1.794,0,32.2222,1.101,0.158,0.289,0,0,0
1.855,0,33.3333,1.111,0.16,0.341,0,0,0
1.737,0,34.4444,1.049,0.16,0.276,0,0,0
1.881,0,35,1.15,0.156,0.336,0,0,0
2.292,0,33.8889,1.558,0.171,0.285,0,0,0
1.934,0,35,1.176,0.162,0.287,0,0,0
1.918,0,36.1111,1.229,0.161,0.282,0,0,0
1.796,0,35,1.112,0.161,0.284,0,0,0
1.946,0,37.2222,1.229,0.172,0.299,0,0,0
1.913,0,36.6667,1.229,0.163,0.283,0,0,0
1.9,0,36.1111,1.139,0.168,0.284,0,0,0
1.903,0,34.4444,1.222,0.159,0.283,0,0,0
1.95,0,34.4444,1.166,0.159,0.367,0,0,0
1.982,0,35.5556,1.239,0.157,0.331,0,0,0
1.882,0,35,1.191,0.158,0.291,0,0,0
1.814,0,34.4444,1.12,0.162,0.277,0,0,0
1.867,0,35.5556,1.126,0.169,0.289,0,0,0
1.911,0,37.2222,1.091,0.171,0.406,0,0,0
1.834,0,35.5556,1.16,0.167,0.282,0,0,0
1.846,0,35,1.187,0.161,0.26,0,0,0
1.679,0,39.4444,1.048,0.159,0.259,0,0,0
1.815,0,38.8889,1.127,0.171,0.3,0,0,0
1.738,0,40,0.938,0.194,0.364,0,0,0
1.651,0,41.1111,0.986,0.158,0.26,0,0,0
1.532,0,40.5556,0.926,0.158,0.243,0,0,0
1.684,0,40.5556,1.047,0.158,0.25,0,0,0
1.922,0,39.4444,1.262,0.158,0.314,0,0,0
1.784,0,39.4444,1.133,0.164,0.254,0,0,0
1.665,0,42.2222,1.013,0.169,0.24,0,0,0
1.642,0,42.2222,1.056,0.162,0.226,0,0,0
1.788,0,42.2222,1.12,0.158,0.311,0,0,0
1.717,0,41.1111,1.092,0.161,0.239,0,0,0
1.549,0,41.6667,0.98,0.159,0.221,0,0,0
1.807,0,41.1111,1.111,0.17,0.329,0,0,0
1.555,0,40,0.93,0.168,0.228,0,0,0
1.662,0,39.4444,1.05,0.158,0.262,0,0,0
1.505,0,38.8889,0.907,0.159,0.234,0,0,0
1.461,0,38.8889,0.889,0.16,0.216,0,0,0
1.402,0,38.8889,0.796,0.159,0.26,0,0,0
1.776,0,37.2222,1.099,0.166,0.275,0,0,0
1.878,0,36.6667,1.104,0.171,0.238,0,0,0
1.59,0,34.4444,0.975,0.158,0.229,0,0,0
1.869,0,34.4444,1.128,0.163,0.364,0,0,0
2.083,0,34.4444,1.46,0.162,0.243,0,0,0
1.936,0,34.4444,1.269,0.159,0.254,0,0,0
2.483,0,34.4444,1.373,0.161,0.673,0,0,0
2.046,0,34.4444,1.321,0.168,0.275,0,0,0
2.123,0,31.6667,1.382,0.15,0.354,0,0,0
1.966,0,31.6667,1.283,0.158,0.287,0,0,0
2.019,0,31.1111,1.315,0.159,0.281,0,0,0
1.82,0,30.5556,1.146,0.158,0.281,0,0,0
2.562,0,31.1111,1.371,0.174,0.758,0,0,0
2.187,0,31.6667,1.426,0.172,0.292,0,0,0
1.771,0,30.5556,1.039,0.159,0.291,0,0,0
1.735,0,30,1.036,0.158,0.278,0,0,0
1.673,0,28.8889,0.985,0.161,0.283,0,0,0
1.984,0,28.8889,1.229,0.157,0.338,0,0,0
7.426,0,29.4444,1.246,0.312,5.307,0,0,0
1.794,0,28.3333,1.024,0.168,0.296,0,0,0
2.077,0,28.8889,1.373,0.164,0.284,0,0,0
1.977,0,29.4444,1.074,0.187,0.438,0,0,0
1.901,0,25.5556,1.156,0.161,0.316,0,0,0
1.931,0,29.4444,1.188,0.161,0.312,0,0,0
2.532,0,29.4444,1.389,0.164,0.634,0,0,0
1.928,0,31.6667,1.054,0.168,0.277,0,0,0
2.188,0,31.6667,1.44,0.154,0.343,0,0,0
1.877,0,31.1111,1.198,0.158,0.281,0,0,0
1.718,0,32.2222,1.061,0.162,0.27,0,0,0
1.657,0,32.2222,0.989,0.158,0.263,0,0,0
1.936,0,31.1111,1.243,0.16,0.31,0,0,0
1.927,0,31.1111,1.199,0.171,0.282,0,0,0
1.736,0,30.5556,1.069,0.159,0.262,0,0,0
1.687,0,29.4444,1.052,0.159,0.256,0,0,0
1.791,0,31.6667,1.063,0.158,0.351,0,0,0
1.854,0,28.3333,1.112,0.178,0.344,0,0,0
1.905,0,27.7778,1.219,0.159,0.283,0,0,0
1.631,0,27.2222,0.941,0.17,0.258,0,0,0
1.729,0,27.7778,1.079,0.16,0.266,0,0,0
1.686,0,28.3333,0.976,0.159,0.326,0,0,0
2.11,0,30,1.404,0.158,0.339,0,0,0
1.95,0,30,1.319,0.163,0.253,0,0,0
1.855,0,30.5556,1.209,0.16,0.248,0,0,0
1.873,0,30,1.198,0.168,0.25,0,0,0
2.103,0,31.1111,1.427,0.149,0.308,0,0,0
2.049,0,31.6667,1.396,0.158,0.266,0,0,0
1.804,0,29.4444,1.162,0.158,0.265,0,0,0
1.945,0,30.5556,1.262,0.158,0.28,0,0,0
2.535,0,36.6667,1.642,0.159,0.484,0,0,0
2.052,0,36.1111,1.336,0.176,0.27,0,0,0
1.659,0,37.7778,1.031,0.159,0.24,0,0,0
1.822,0,37.2222,1.196,0.158,0.255,0,0,0
1.883,0,38.8889,1.071,0.155,0.424,0,0,0
1.85,0,39.4444,1.195,0.163,0.262,0,0,0
1.545,0,39.4444,0.916,0.162,0.243,0,0,0
1.822,0,37.2222,1.134,0.171,0.258,0,0,0
1.887,0,35.5556,1.15,0.167,0.351,0,0,0
1.933,0,38.8889,1.228,0.159,0.299,0,0,0
1.566,0,38.3333,0.929,0.158,0.271,0,0,0
1.814,0,38.3333,1.129,0.158,0.288,0,0,0
1.866,0,35,1.106,0.15,0.366,0,0,0
1.91,0,32.2222,1.1,0.171,0.342,0,0,0
1.925,0,37.7778,1.237,0.162,0.284,0,0,0
1.705,0,42.7778,1.036,0.161,0.286,0,0,0
1.891,0,43.8889,1.089,0.159,0.384,0,0,0
2.104,0,38.3333,1.365,0.163,0.329,0,0,0
1.882,0,37.7778,1.123,0.16,0.286,0,0,0
2.012,0,37.7778,1.262,0.17,0.271,0,0,0
1.912,0,38.8889,1.255,0.16,0.272,0,0,0
1.61,0,37.7778,0.945,0.158,0.285,0,0,0
1.971,0,33.8889,1.199,0.156,0.365,0,0,0
1.762,0,34.4444,1.072,0.158,0.275,0,0,0
1.619,0,37.2222,0.915,0.158,0.271,0,0,0
1.741,0,31.1111,0.988,0.17,0.286,0,0,0
1.918,0,31.6667,1.1,0.158,0.407,0,0,0
2.019,0,28.3333,1.204,0.159,0.383,0,0,0
2.016,0,32.2222,1.296,0.159,0.304,0,0,0
1.827,0,30.5556,1.074,0.159,0.313,0,0,0
1.974,0,27.7778,1.163,0.151,0.4,0,0,0
2.249,0,29.4444,1.418,0.17,0.353,0,0,0
2.116,0,30.5556,1.325,0.161,0.361,0,0,0
1.945,0,30.5556,1.192,0.163,0.313,0,0,0
1.729,0,29.4444,1.021,0.159,0.285,0,0,0
2.073,0,29.4444,1.338,0.161,0.334,0,0,0
2.847,0,31.6667,1.898,0.314,0.38,0,0,0
2.296,0,33.3333,1.323,0.169,0.298,0,0,0
1.915,0,31.6667,1.188,0.159,0.296,0,0,0
1.987,0,32.2222,1.194,0.157,0.381,0,0,0
2.112,0,38.3333,1.42,0.16,0.274,0,0,0
1.822,0,37.2222,1.134,0.158,0.277,0,0,0
1.895,0,37.2222,1.148,0.164,0.342,0,0,0
1.808,0,37.7778,1.118,0.169,0.261,0,0,0
1.82,0,37.7778,1.139,0.16,0.285,0,0,0
1.855,0,37.7778,1.165,0.16,0.274,0,0,0
1.798,0,37.7778,1.107,0.162,0.269,0,0,0
1.901,0,35.5556,1.086,0.185,0.381,0,0,0
1.947,0,38.3333,1.264,0.162,0.296,0,0,0
1.818,0,36.1111,1.088,0.169,0.29,0,0,0
1.742,0,35,1.07,0.16,0.272,0,0,0
1.818,0,40,1.144,0.158,0.275,0,0,0
1.788,0,37.2222,1.033,0.183,0.348,0,0,0
1.989,0,40.5556,1.305,0.159,0.277,0,0,0
1.916,0,36.6667,1.032,0.159,0.267,0,0,0
2.237,0,38.3333,1.489,0.168,0.306,0,0,0
1.791,0,35,1.1,0.161,0.276,0,0,0
1.939,0,35,1.227,0.155,0.298,0,0,0
1.794,0,37.2222,1.111,0.159,0.288,0,0,0
1.831,0,36.1111,1.172,0.16,0.271,0,0,0
1.894,0,36.6667,1.078,0.16,0.391,0,0,0
1.929,0,36.1111,1.2,0.171,0.271,0,0,0
1.781,0,39.4444,1.109,0.158,0.276,0,0,0
1.69,0,42.2222,1.033,0.16,0.27,0,0,0
1.788,0,35,1.098,0.159,0.27,0,0,0
1.785,0,38.8889,1.043,0.158,0.334,0,0,0
2.873,0,40.5556,1.427,0.298,0.872,0,0,0
2.583,0,38.8889,1.644,0.314,0.318,0,0,0
2.713,0,40,1.889,0.242,0.311,0,0,0
2.497,0,36.1111,1.727,0.164,0.356,0,0,0
1.765,0,36.6667,0.989,0.173,0.345,0,0,0
1.926,0,36.6667,1.21,0.158,0.292,0,0,0
1.891,0,38.8889,1.16,0.162,0.283,0,0,0
2.22,0,40.5556,1.367,0.257,0.288,0,0,0
1.969,0,37.2222,1.109,0.161,0.293,0,0,0
1.925,0,36.6667,1.198,0.156,0.324,0,0,0
1.933,0,38.8889,1.243,0.161,0.282,0,0,0
1.992,0,39.4444,1.279,0.165,0.309,0,0,0
2.265,0,35,1.133,0.154,0.534,0,0,0
1.94,0,35.5556,1.171,0.169,0.297,0,0,0
1.896,0,33.3333,1.187,0.161,0.289,0,0,0
2.11,0,33.3333,1.341,0.17,0.341,0,0,0
2.187,0,33.8889,1.441,0.158,0.297,0,0,0
1.905,0,36.6667,1.201,0.163,0.29,0,0,0
2.553,0,36.1111,1.451,0.175,0.676,0,0,0
2.008,0,35.5556,1.106,0.191,0.417,0,0,0
1.972,0,38.8889,1.267,0.161,0.286,0,0,0
1.914,0,36.6667,1.247,0.159,0.277,0,0,0
1.844,0,40.5556,1.147,0.16,0.275,0,0,0
2.014,0,40,1.27,0.157,0.343,0,0,0
2.589,0,40.5556,1.51,0.159,0.65,0,0,0
1.999,0,42.2222,1.268,0.166,0.279,0,0,0
1.817,0,38.3333,1.183,0.159,0.262,0,0,0
1.806,0,40.5556,1.093,0.158,0.322,0,0,0
1.809,0,41.1111,1.144,0.148,0.302,0,0,0
1.724,0,40.5556,1.09,0.157,0.262,0,0,0
1.797,0,40.5556,1.175,0.157,0.252,0,0,0
2.378,0,40.5556,1.672,0.17,0.264,0,0,0
2.284,0,41.1111,1.582,0.161,0.309,0,0,0
1.983,0,42.2222,1.305,0.159,0.276,0,0,0
1.855,0,41.6667,1.208,0.158,0.264,0,0,0
1.971,0,44.4444,1.317,0.158,0.263,0,0,0
2.472,0,44.4444,1.357,0.156,0.729,0,0,0
2.079,0,43.8889,1.35,0.178,0.294,0,0,0
1.711,0,43.3333,1.078,0.158,0.257,0,0,0
1.819,0,45,1.205,0.157,0.248,0,0,0
1.81,0,44.4444,1.086,0.16,0.341,0,0,0
2.153,0,43.8889,1.317,0.158,0.298,0,0,0
2.245,0,44.4444,1.467,0.16,0.266,0,0,0
1.598,0,42.2222,0.933,0.165,0.248,0,0,0
1.646,0,46.6667,0.988,0.166,0.274,0,0,0
1.716,0,47.2222,1.101,0.172,0.226,0,0,0
1.483,0,47.2222,0.922,0.157,0.229,0,0,0
1.495,0,47.7778,0.919,0.163,0.222,0,0,0
1.906,0,46.1111,1.277,0.163,0.266,0,0,0
1.824,0,47.2222,1.158,0.163,0.262,0,0,0
1.822,0,46.6667,1.208,0.161,0.238,0,0,0
1.718,0,46.1111,1.141,0.157,0.23,0,0,0
1.546,0,45,0.966,0.158,0.234,0,0,0
1.937,0,43.8889,1.252,0.183,0.301,0,0,0
1.745,0,41.6667,1.101,0.159,0.236,0,0,0
1.607,0,40.5556,0.931,0.184,0.245,0,0,0
1.473,0,39.4444,0.876,0.159,0.242,0,0,0
1.649,0,40,0.973,0.158,0.318,0,0,0
1.845,0,37.7778,1.196,0.151,0.3,0,0,0
1.622,0,37.2222,1.01,0.158,0.242,0,0,0
1.555,0,35.5556,0.882,0.164,0.247,0,0,0
1.792,0,35,1.098,0.168,0.257,0,0,0
1.577,0,33.8889,0.88,0.168,0.306,0,0,0
1.636,0,31.6667,0.948,0.155,0.303,0,0,0
1.63,0,31.1111,0.989,0.163,0.264,0,0,0
1.557,0,30.5556,0.899,0.157,0.262,0,0,0
1.803,0,29.4444,1.075,0.17,0.324,0,0,0
1.927,0,30,1.211,0.164,0.291,0,0,0
1.842,0,30.5556,1.187,0.16,0.266,0,0,0
1.618,0,31.1111,0.962,0.158,0.249,0,0,0
1.696,0,31.6667,1.026,0.171,0.306,0,0,0
1.583,0,31.6667,0.978,0.157,0.24,0,0,0
1.639,0,32.2222,1.016,0.162,0.268,0,0,0
1.923,0,31.6667,1.118,0.188,0.305,0,0,0
1.701,0,35,1.068,0.159,0.282,0,0,0
1.665,0,35.5556,0.998,0.159,0.236,0,0,0
1.596,0,35.5556,0.98,0.158,0.237,0,0,0
1.849,0,40,1.179,0.157,0.313,0,0,0
1.812,0,37.7778,1.132,0.165,0.274,0,0,0
1.713,0,37.7778,1.049,0.169,0.252,0,0,0
1.54,0,37.7778,0.912,0.164,0.253,0,0,0
1.515,0,37.7778,0.895,0.159,0.255,0,0,0
2.205,0,37.7778,1.502,0.155,0.313,0,0,0
1.631,0,38.3333,0.968,0.16,0.276,0,0,0
1.502,0,36.1111,0.861,0.158,0.27,0,0,0
1.766,0,40,1.067,0.17,0.254,0,0,0
1.712,0,42.7778,1.024,0.159,0.323,0,0,0
1.94,0,42.7778,1.266,0.159,0.293,0,0,0
1.811,0,42.2222,1.178,0.159,0.265,0,0,0
1.553,0,39.4444,0.923,0.159,0.255,0,0,0
1.794,0,40,1.072,0.159,0.326,0,0,0
1.655,0,39.4444,0.954,0.165,0.277,0,0,0
1.583,0,40,0.928,0.16,0.264,0,0,0
1.6,0,40.5556,0.942,0.159,0.262,0,0,0
2.265,0,43.3333,1.36,0.161,0.38,0,0,0
1.834,0,42.7778,1.108,0.157,0.324,0,0,0
1.823,0,40,1.022,0.163,0.264,0,0,0
1.893,0,40.5556,1.183,0.172,0.272,0,0,0
1.91,0,41.1111,1.127,0.161,0.27,0,0,0
2.19,0,42.2222,1.477,0.155,0.301,0,0,0
1.921,0,41.1111,1.176,0.187,0.291,0,0,0
1.891,0,41.6667,1.258,0.162,0.252,0,0,0
1.754,0,38.8889,1.101,0.163,0.282,0,0,0
1.85,0,43.3333,1.059,0.177,0.357,0,0,0
1.835,0,42.7778,1.123,0.163,0.271,0,0,0
1.614,0,37.7778,0.98,0.164,0.251,0,0,0
1.719,0,43.8889,1.09,0.159,0.251,0,0,0
1.857,0,47.2222,1.153,0.155,0.345,0,0,0
1.846,0,44.4444,1.136,0.165,0.256,0,0,0
1.789,0,45,1.007,0.171,0.344,0,0,0
1.657,0,41.6667,1.009,0.16,0.269,0,0,0
1.616,0,42.2222,0.967,0.159,0.267,0,0,0
2.134,0,42.2222,1.408,0.159,0.33,0,0,0
1.808,0,41.1111,1.122,0.161,0.279,0,0,0
1.769,0,43.3333,1.091,0.158,0.276,0,0,0
1.893,0,42.2222,1.123,0.171,0.282,0,0,0
2.006,0,40.5556,1.244,0.173,0.324,0,0,0
1.912,0,38.8889,1.145,0.162,0.336,0,0,0
2.262,0,39.4444,1.369,0.312,0.317,0,0,0
1.861,0,38.3333,1.141,0.16,0.303,0,0,0
1.969,0,39.4444,1.155,0.15,0.397,0,0,0
1.987,0,38.8889,1.155,0.17,0.362,0,0,0
1.869,0,40.5556,1.102,0.159,0.321,0,0,0
1.99,0,37.7778,1.252,0.163,0.305,0,0,0
2.138,0,37.7778,1.349,0.159,0.36,0,0,0
2.237,0,36.6667,1.452,0.153,0.372,0,0,0
2.228,0,36.1111,1.368,0.16,0.389,0,0,0
2.446,0,30,1.668,0.171,0.298,0,0,0
2.202,0,35,1.469,0.164,0.311,0,0,0
2.43,0,33.8889,1.671,0.158,0.338,0,0,0
2.005,0,36.1111,1.27,0.159,0.292,0,0,0
1.793,0,35,1.106,0.158,0.287,0,0,0
1.843,0,36.1111,1.114,0.164,0.288,0,0,0
1.773,0,35,1.012,0.173,0.298,0,0,0
1.931,0,34.4444,1.216,0.156,0.319,0,0,0
2.035,0,37.2222,1.33,0.158,0.295,0,0,0
2.156,0,38.3333,1.355,0.161,0.401,0,0,0
2.068,0,36.1111,1.256,0.159,0.405,0,0,0
1.99,0,35.5556,1.239,0.161,0.324,0,0,0
2,0,39.4444,1.205,0.17,0.336,0,0,0
2.306,0,41.6667,1.604,0.159,0.313,0,0,0
1.828,0,41.1111,1.143,0.159,0.268,0,0,0
1.636,0,35.5556,0.982,0.159,0.271,0,0,0
1.899,0,37.7778,1.127,0.164,0.378,0,0,0
3.062,0,37.2222,1.557,0.208,1.06,0,0,0
2.088,0,36.6667,1.319,0.171,0.309,0,0,0
1.855,0,38.3333,1.164,0.163,0.269,0,0,0
1.889,0,40,1.2,0.159,0.275,0,0,0
2.293,0,37.7778,1.615,0.155,0.301,0,0,0
2.044,0,38.8889,1.354,0.159,0.274,0,0,0
1.875,0,37.7778,1.118,0.159,0.274,0,0,0
1.83,0,38.8889,1.023,0.169,0.292,0,0,0
1.73,0,38.3333,1.04,0.16,0.275,0,0,0
2.06,0,36.6667,1.303,0.187,0.341,0,0,0
1.635,0,37.2222,0.926,0.159,0.304,0,0,0
1.661,0,37.2222,0.994,0.161,0.267,0,0,0
1.711,0,39.4444,0.972,0.16,0.335,0,0,0
1.986,0,34.4444,1.186,0.169,0.352,0,0,0
1.895,0,33.8889,1.189,0.162,0.29,0,0,0
2.009,0,33.8889,1.312,0.161,0.289,0,0,0
1.766,0,33.8889,1.071,0.16,0.276,0,0,0
2.143,0,33.8889,1.307,0.194,0.387,0,0,0
1.932,0,36.6667,1.196,0.164,0.313,0,0,0
1.957,0,33.3333,1.208,0.167,0.277,0,0,0
1.789,0,35,1.031,0.159,0.363,0,0,0
1.728,0,35.5556,1.054,0.158,0.272,0,0,0
2.149,0,37.7778,1.349,0.157,0.413,0,0,0
2.399,0,34.4444,1.709,0.164,0.278,0,0,0
2.476,0,38.3333,1.393,0.162,0.631,0,0,0
1.934,0,37.2222,1.191,0.171,0.269,0,0,0
1.851,0,35.5556,1.059,0.164,0.378,0,0,0
2.118,0,36.6667,1.384,0.163,0.274,0,0,0
1.79,0,34.4444,1.104,0.161,0.283,0,0,0
1.694,0,37.7778,1.017,0.159,0.276,0,0,0
1.924,0,34.4444,1.215,0.158,0.319,0,0,0
1.838,0,36.1111,1.044,0.168,0.357,0,0,0
1.816,0,35,1.134,0.163,0.272,0,0,0
1.924,0,35.5556,1.274,0.16,0.258,0,0,0
1.623,0,38.8889,0.993,0.158,0.265,0,0,0
2.133,0,38.3333,1.37,0.157,0.381,0,0,0
2.023,0,37.7778,1.277,0.163,0.357,0,0,0
2.018,0,39.4444,1.304,0.169,0.271,0,0,0
1.957,0,36.6667,1.269,0.171,0.277,0,0,0
1.7,0,36.6667,0.986,0.148,0.316,0,0,0
1.917,0,36.6667,1.248,0.157,0.254,0,0,0
1.727,0,36.1111,1.081,0.158,0.275,0,0,0
1.748,0,35.5556,1.093,0.158,0.263,0,0,0
2.172,0,38.8889,1.285,0.17,0.325,0,0,0
1.996,0,40.5556,1.297,0.159,0.305,0,0,0
1.933,0,33.8889,1.243,0.158,0.289,0,0,0
2.003,0,35,1.324,0.161,0.275,0,0,0
2.102,0,38.3333,1.277,0.172,0.405,0,0,0
2.435,0,37.2222,1.3,0.16,0.72,0,0,0
2.011,0,36.6667,1.162,0.168,0.358,0,0,0
2.035,0,36.6667,1.245,0.19,0.333,0,0,0
1.919,0,38.3333,1.222,0.16,0.278,0,0,0
1.771,0,37.7778,1.095,0.16,0.265,0,0,0
2.013,0,35.5556,1.104,0.167,0.495,0,0,0
2.442,0,35,1.284,0.161,0.716,0,0,0
1.91,0,33.8889,1.15,0.17,0.285,0,0,0
1.867,0,32.2222,1.065,0.16,0.356,0,0,0
1.94,0,36.1111,1.185,0.156,0.347,0,0,0
2.13,0,35,1.407,0.161,0.276,0,0,0
2.09,0,36.6667,1.418,0.161,0.272,0,0,0
2.546,0,35,1.273,0.153,0.844,0,0,0
2.115,0,37.7778,1.357,0.171,0.305,0,0,0
2.001,0,37.2222,1.288,0.159,0.287,0,0,0
1.819,0,35.5556,1.164,0.16,0.268,0,0,0
1.734,0,32.7778,1.065,0.159,0.274,0,0,0
2.13,0,34.4444,1.393,0.159,0.341,0,0,0
1.947,0,35,1.152,0.159,0.276,0,0,0
1.953,0,35,1.236,0.169,0.27,0,0,0
1.799,0,34.4444,1.134,0.159,0.267,0,0,0
1.956,0,33.3333,1.245,0.155,0.323,0,0,0
1.937,0,32.2222,1.227,0.16,0.285,0,0,0
1.962,0,36.1111,1.261,0.159,0.276,0,0,0
1.923,0,36.6667,1.191,0.16,0.294,0,0,0
2.261,0,38.8889,1.457,0.17,0.343,0,0,0
1.843,0,36.1111,1.141,0.159,0.301,0,0,0
1.829,0,35.5556,1.154,0.159,0.284,0,0,0
1.849,0,35.5556,1.157,0.159,0.287,0,0,0
1.949,0,41.1111,1.154,0.18,0.389,0,0,0
1.93,0,40,1.231,0.165,0.299,0,0,0
2.185,0,37.2222,1.348,0.165,0.402,0,0,0
2.07,0,37.2222,1.315,0.163,0.302,0,0,0
1.732,0,38.8889,1.082,0.16,0.255,0,0,0
1.613,0,38.3333,0.965,0.159,0.26,0,0,0
2.009,0,37.7778,1.287,0.158,0.319,0,0,0
1.727,0,40,1.06,0.162,0.285,0,0,0
1.921,0,39.4444,1.103,0.185,0.376,0,0,0
1.729,0,41.1111,1.059,0.157,0.287,0,0,0
1.74,0,42.7778,1.103,0.163,0.263,0,0,0
1.598,0,41.1111,0.976,0.159,0.238,0,0,0
1.719,0,42.2222,1.013,0.156,0.339,0,0,0
1.705,0,41.1111,1.103,0.161,0.244,0,0,0
2.319,0,41.6667,1.666,0.169,0.239,0,0,0
1.608,0,41.1111,1.031,0.16,0.232,0,0,0
1.985,0,40.5556,1.267,0.187,0.334,0,0,0
1.718,0,41.6667,1.117,0.155,0.26,0,0,0
1.701,0,41.1111,1.128,0.159,0.223,0,0,0
2.499,0,40,1.364,0.159,0.75,0,0,0
1.615,0,40,0.996,0.177,0.215,0,0,0
1.711,0,39.4444,0.98,0.152,0.379,0,0,0
1.735,0,38.3333,1.115,0.162,0.226,0,0,0
1.608,0,38.8889,1.042,0.159,0.227,0,0,0
1.434,0,36.6667,0.88,0.159,0.209,0,0,0
1.64,0,37.7778,1.017,0.171,0.269,0,0,0
1.701,0,36.1111,1.019,0.165,0.285,0,0,0
1.526,0,35,0.941,0.158,0.222,0,0,0
1.55,0,34.4444,0.969,0.158,0.227,0,0,0
1.788,0,32.2222,1.06,0.163,0.336,0,0,0
2.014,0,32.2222,1.384,0.157,0.273,0,0,0
1.828,0,32.2222,1.177,0.168,0.253,0,0,0
1.759,0,32.2222,1.068,0.169,0.265,0,0,0
1.818,0,32.2222,1.172,0.162,0.25,0,0,0
1.835,0,31.1111,1.132,0.156,0.31,0,0,0
1.844,0,29.4444,1.166,0.158,0.272,0,0,0
1.696,0,28.8889,1.058,0.16,0.25,0,0,0
1.667,0,28.3333,1.013,0.158,0.259,0,0,0
1.839,0,28.8889,1.13,0.171,0.265,0,0,0
1.845,0,27.7778,1.133,0.158,0.313,0,0,0
1.789,0,29.4444,1.101,0.16,0.274,0,0,0
1.726,0,27.2222,1.073,0.16,0.263,0,0,0
1.802,0,29.4444,1.067,0.158,0.337,0,0,0
2.287,0,30,1.315,0.159,0.503,0,0,0
2.071,0,31.6667,1.28,0.172,0.291,0,0,0
1.914,0,32.2222,1.243,0.158,0.272,0,0,0
2.176,0,30,1.457,0.165,0.325,0,0,0
1.909,0,29.4444,1.201,0.164,0.289,0,0,0
1.691,0,26.1111,1.04,0.163,0.269,0,0,0
1.867,0,28.3333,1.095,0.164,0.373,0,0,0
1.851,0,27.7778,1.152,0.17,0.258,0,0,0
2.045,0,27.7778,1.348,0.152,0.318,0,0,0
1.793,0,27.7778,0.996,0.168,0.256,0,0,0
1.705,0,30,1.018,0.164,0.278,0,0,0
1.84,0,30,1.054,0.163,0.379,0,0,0
1.949,0,27.2222,1.23,0.179,0.304,0,0,0
1.827,0,30,1.116,0.175,0.276,0,0,0
1.71,0,30,1.037,0.164,0.265,0,0,0
1.738,0,32.7778,1.078,0.164,0.259,0,0,0
1.84,0,31.6667,1.104,0.187,0.337,0,0,0
1.948,0,35,1.248,0.16,0.289,0,0,0
1.794,0,33.8889,1.073,0.167,0.27,0,0,0
1.738,0,34.4444,1.046,0.174,0.25,0,0,0
1.69,0,41.1111,1.042,0.166,0.25,0,0,0
1.69,0,31.1111,0.906,0.188,0.36,0,0,0
1.78,0,36.6667,1.052,0.165,0.301,0,0,0
1.784,0,37.7778,1.085,0.163,0.303,0,0,0
1.709,0,38.3333,1.068,0.165,0.248,0,0,0
1.979,0,36.6667,1.266,0.17,0.282,0,0,0
1.683,0,37.7778,1.037,0.159,0.255,0,0,0
1.571,0,40,0.94,0.159,0.251,0,0,0
1.743,0,36.6667,1.026,0.16,0.313,0,0,0
1.869,0,37.7778,1.143,0.148,0.343,0,0,0
1.807,0,33.8889,1.108,0.162,0.302,0,0,0
1.878,0,39.4444,1.123,0.169,0.299,0,0,0
1.798,0,38.8889,1.072,0.167,0.335,0,0,0
1.856,0,42.7778,1.108,0.187,0.347,0,0,0
1.734,0,40.5556,1.087,0.163,0.265,0,0,0
1.673,0,41.1111,1.043,0.163,0.256,0,0,0
1.696,0,40.5556,0.994,0.166,0.32,0,0,0
1.795,0,41.1111,1.119,0.177,0.248,0,0,0
1.847,0,41.6667,1.135,0.155,0.323,0,0,0
1.592,0,38.3333,0.964,0.163,0.25,0,0,0
1.58,0,38.8889,0.938,0.165,0.249,0,0,0
1.494,0,34.4444,0.871,0.163,0.243,0,0,0
2.525,0,33.3333,1.368,0.159,0.742,0,0,0
2.14,0,33.8889,1.368,0.172,0.302,0,0,0
1.641,0,32.7778,0.923,0.16,0.286,0,0,0
1.931,0,35.5556,1.248,0.159,0.26,0,0,0
1.879,0,35.5556,1.11,0.148,0.389,0,0,0
1.904,0,35.5556,1.184,0.167,0.277,0,0,0
1.942,0,34.4444,1.261,0.166,0.274,0,0,0
2.041,0,35.5556,1.298,0.174,0.278,0,0,0
1.838,0,33.8889,1.113,0.164,0.321,0,0,0
2.103,0,35.5556,1.298,0.164,0.386,0,0,0
1.883,0,34.4444,1.199,0.159,0.277,0,0,0
1.727,0,36.1111,1.066,0.159,0.26,0,0,0
2.126,0,40,1.287,0.185,0.396,0,0,0
2.059,0,32.7778,1.26,0.194,0.368,0,0,0
1.619,0,27.2222,0.966,0.164,0.254,0,0,0
1.718,0,30.5556,1.094,0.16,0.239,0,0,0
1.675,0,34.4444,1.059,0.159,0.244,0,0,0
1.692,0,35.5556,1.034,0.154,0.289,0,0,0
1.73,0,32.2222,0.985,0.163,0.29,0,0,0
1.87,0,40,1.11,0.169,0.322,0,0,0
1.752,0,41.6667,1.113,0.159,0.265,0,0,0
1.809,0,39.4444,1.151,0.162,0.26,0,0,0
1.766,0,38.8889,1.041,0.159,0.337,0,0,0
1.662,0,41.1111,1.022,0.163,0.265,0,0,0
1.695,0,41.6667,1.054,0.16,0.248,0,0,0
1.95,0,37.7778,1.287,0.168,0.245,0,0,0
1.705,0,40,1.063,0.159,0.254,0,0,0
1.884,0,35,1.209,0.155,0.31,0,0,0
1.841,0,36.1111,1.191,0.158,0.254,0,0,0
1.637,0,32.7778,0.991,0.158,0.259,0,0,0
2.156,0,36.1111,1.253,0.157,0.439,0,0,0
1.916,0,36.6667,1.053,0.2,0.362,0,0,0
1.727,0,33.8889,1.016,0.16,0.298,0,0,0
1.532,0,34.4444,0.855,0.159,0.279,0,0,0
1.731,0,36.6667,1.036,0.159,0.274,0,0,0
1.866,0,33.8889,1.132,0.151,0.357,0,0,0
1.995,0,38.3333,1.301,0.16,0.292,0,0,0
2.087,0,39.4444,1.321,0.168,0.282,0,0,0
1.755,0,40,1.103,0.159,0.266,0,0,0
2.07,0,41.6667,1.288,0.16,0.395,0,0,0
1.943,0,41.1111,1.232,0.154,0.334,0,0,0
1.878,0,38.8889,1.233,0.159,0.274,0,0,0
1.681,0,40,1.046,0.162,0.253,0,0,0
1.875,0,40,1.096,0.167,0.344,0,0,0
1.796,0,39.4444,1.061,0.158,0.327,0,0,0
1.737,0,41.1111,1.09,0.154,0.281,0,0,0
1.65,0,39.4444,0.992,0.161,0.252,0,0,0
1.584,0,36.6667,0.986,0.158,0.243,0,0,0
2.709,0,37.2222,1.647,0.154,0.698,0,0,0
1.775,0,37.7778,1.105,0.168,0.255,0,0,0
1.828,0,38.3333,1.163,0.163,0.264,0,0,0
1.7,0,37.7778,0.991,0.162,0.31,0,0,0
1.778,0,36.1111,1.091,0.155,0.302,0,0,0
1.551,0,35.5556,0.894,0.157,0.282,0,0,0
1.823,0,35.5556,1.115,0.168,0.282,0,0,0
1.759,0,37.7778,0.981,0.172,0.29,0,0,0
1.923,0,38.3333,1.137,0.16,0.343,0,0,0
1.86,0,37.2222,1.185,0.159,0.284,0,0,0
1.929,0,37.7778,1.225,0.162,0.292,0,0,0
1.893,0,36.1111,1.214,0.159,0.274,0,0,0
1.916,0,39.4444,1.115,0.172,0.374,0,0,0
2.077,0,36.6667,1.297,0.176,0.32,0,0,0
1.866,0,41.6667,1.175,0.16,0.308,0,0,0
1.784,0,41.1111,1.131,0.159,0.271,0,0,0
1.708,0,41.6667,1.038,0.159,0.265,0,0,0
1.914,0,43.8889,1.19,0.153,0.353,0,0,0
1.788,0,42.7778,1.121,0.161,0.276,0,0,0
2.033,0,42.2222,1.334,0.168,0.268,0,0,0
1.845,0,41.1111,1.198,0.158,0.267,0,0,0
1.624,0,37.2222,0.941,0.159,0.268,0,0,0
1.779,0,39.4444,0.981,0.161,0.407,0,0,0
1.418,0,30.5556,0.777,0.155,0.319,0,0,0
1.865,0,41.1111,1.126,0.164,0.324,0,0,0
1.958,0,42.7778,1.171,0.17,0.268,0,0,0
1.666,0,37.2222,0.988,0.16,0.285,0,0,0
1.998,0,39.4444,1.2,0.283,0.272,0,0,0
1.935,0,39.4444,1.031,0.171,0.347,0,0,0
1.765,0,38.3333,1.032,0.157,0.315,0,0,0
1.769,0,37.7778,1.071,0.163,0.278,0,0,0
1.723,0,37.7778,0.972,0.169,0.304,0,0,0
1.828,0,37.7778,1.1,0.173,0.311,0,0,0
1.759,0,37.2222,1.047,0.161,0.296,0,0,0
1.772,0,37.2222,1.1,0.159,0.27,0,0,0
1.683,0,37.7778,1.008,0.16,0.276,0,0,0
1.929,0,38.3333,1.202,0.163,0.32,0,0,0
1.913,0,37.7778,1.195,0.169,0.264,0,0,0
1.707,0,36.6667,1.046,0.163,0.268,0,0,0
2.158,0,36.1111,1.383,0.184,0.35,0,0,0
1.842,0,36.6667,1.145,0.161,0.303,0,0,0
1.588,0,35.5556,0.942,0.157,0.259,0,0,0
1.76,0,36.6667,1.127,0.159,0.255,0,0,0
2.082,0,36.6667,1.147,0.311,0.257,0,0,0
1.93,0,37.2222,1.162,0.175,0.365,0,0,0
1.866,0,35,1.213,0.161,0.267,0,0,0
1.939,0,35,1.267,0.159,0.269,0,0,0
1.803,0,36.6667,1.165,0.157,0.264,0,0,0
2.176,0,36.1111,1.402,0.157,0.352,0,0,0
1.934,0,35,1.163,0.17,0.331,0,0,0
1.759,0,39.4444,1.077,0.159,0.269,0,0,0
1.808,0,37.2222,1.147,0.158,0.27,0,0,0
1.631,0,37.2222,0.946,0.159,0.254,0,0,0
1.939,0,42.7778,1.252,0.159,0.296,0,0,0
3.37,0,38.8889,2.379,0.322,0.328,0,0,0
1.839,0,38.8889,1.106,0.169,0.281,0,0,0
1.755,0,37.7778,1.064,0.159,0.277,0,0,0
2.029,0,37.7778,1.037,0.158,0.583,0,0,0
1.958,0,37.7778,1.2,0.159,0.35,0,0,0
1.667,0,34.4444,1.009,0.158,0.277,0,0,0
1.825,0,34.4444,1.148,0.165,0.278,0,0,0
2.028,0,36.6667,1.264,0.169,0.298,0,0,0
2.104,0,37.7778,1.392,0.161,0.291,0,0,0
2.286,0,38.8889,1.589,0.159,0.289,0,0,0
2.096,0,40,1.397,0.159,0.284,0,0,0
2.044,0,36.1111,1.348,0.161,0.282,0,0,0
2.613,0,37.2222,1.397,0.283,0.668,0,0,0
2.07,0,37.7778,1.272,0.169,0.289,0,0,0
2.052,0,36.6667,1.342,0.161,0.292,0,0,0
1.733,0,36.1111,1.047,0.159,0.283,0,0,0
2.025,0,37.2222,1.256,0.179,0.345,0,0,0
1.907,0,38.8889,1.228,0.159,0.284,0,0,0
1.976,0,36.1111,1.239,0.162,0.286,0,0,0
2.005,0,37.2222,1.251,0.17,0.289,0,0,0
1.968,0,37.2222,1.203,0.163,0.344,0,0,0
2.064,0,35.5556,1.371,0.159,0.288,0,0,0
1.929,0,36.6667,1.243,0.157,0.288,0,0,0
1.855,0,37.2222,1.151,0.158,0.283,0,0,0
1.939,0,36.1111,1.179,0.156,0.372,0,0,0
1.955,0,36.6667,1.225,0.165,0.282,0,0,0
1.874,0,38.3333,1.218,0.159,0.269,0,0,0
1.72,0,38.3333,1.067,0.158,0.265,0,0,0
1.679,0,40,1.068,0.159,0.247,0,0,0
1.834,0,40,1.127,0.148,0.346,0,0,0
1.724,0,40,1.089,0.158,0.251,0,0,0
2.016,0,40.5556,1.255,0.168,0.246,0,0,0
1.814,0,39.4444,1.206,0.158,0.244,0,0,0
1.849,0,40,1.111,0.163,0.37,0,0,0
1.966,0,40,1.201,0.155,0.301,0,0,0
1.831,0,41.6667,1.205,0.159,0.251,0,0,0
1.942,0,40.5556,1.292,0.16,0.269,0,0,0
1.684,0,41.1111,1.034,0.169,0.244,0,0,0
1.798,0,41.1111,1.133,0.158,0.284,0,0,0
1.752,0,41.1111,1.104,0.16,0.241,0,0,0
1.506,0,41.6667,0.922,0.157,0.233,0,0,0
1.682,0,42.2222,1.024,0.175,0.285,0,0,0
1.77,0,40.5556,1.123,0.159,0.291,0,0,0
1.622,0,41.1111,0.975,0.169,0.235,0,0,0
1.369,0,40.5556,0.784,0.158,0.223,0,0,0
1.594,0,39.4444,0.953,0.147,0.313,0,0,0
1.715,0,38.8889,1.01,0.157,0.324,0,0,0
1.407,0,38.8889,0.823,0.159,0.226,0,0,0
1.417,0,37.2222,0.828,0.158,0.217,0,0,0
1.431,0,37.2222,0.807,0.168,0.232,0,0,0
1.662,0,38.3333,1.055,0.16,0.264,0,0,0
1.395,0,37.2222,0.843,0.159,0.214,0,0,0
1.487,0,38.3333,0.921,0.158,0.223,0,0,0
1.592,0,38.8889,0.961,0.157,0.278,0,0,0
1.695,0,42.2222,1.016,0.163,0.324,0,0,0
1.814,0,43.3333,1.132,0.165,0.287,0,0,0
1.583,0,42.2222,0.89,0.159,0.325,0,0,0
1.444,0,41.6667,0.877,0.158,0.227,0,0,0
1.504,0,41.1111,0.871,0.159,0.282,0,0,0
1.672,0,41.1111,1.072,0.156,0.256,0,0,0
1.607,0,40,0.991,0.162,0.24,0,0,0
1.585,0,38.8889,0.935,0.17,0.238,0,0,0
1.556,0,39.4444,0.948,0.164,0.236,0,0,0
1.612,0,38.3333,0.894,0.159,0.34,0,0,0
1.759,0,39.4444,1.071,0.161,0.251,0,0,0
1.576,0,35,0.908,0.159,0.259,0,0,0
1.634,0,36.1111,1.021,0.158,0.242,0,0,0
1.743,0,37.2222,0.967,0.171,0.246,0,0,0
1.701,0,36.1111,1.024,0.159,0.298,0,0,0
1.632,0,35.5556,0.996,0.157,0.27,0,0,0
1.7,0,38.8889,1.074,0.16,0.248,0,0,0
1.544,0,38.8889,0.923,0.162,0.24,0,0,0
1.865,0,37.7778,1.116,0.154,0.374,0,0,0
1.841,0,40,1.133,0.17,0.283,0,0,0
1.779,0,36.6667,1.119,0.159,0.267,0,0,0
1.74,0,38.3333,1.104,0.16,0.257,0,0,0
1.718,0,39.4444,0.985,0.16,0.264,0,0,0
1.844,0,36.1111,1.148,0.148,0.324,0,0,0
1.926,0,35.5556,1.132,0.16,0.295,0,0,0
1.823,0,37.7778,1.066,0.167,0.302,0,0,0
1.694,0,37.2222,1.018,0.159,0.293,0,0,0
1.883,0,36.6667,1.054,0.165,0.338,0,0,0
1.939,0,36.1111,1.211,0.161,0.312,0,0,0
1.852,0,33.8889,1.115,0.158,0.294,0,0,0
1.876,0,33.8889,1.152,0.16,0.292,0,0,0
1.888,0,38.3333,1.121,0.174,0.286,0,0,0
2.234,0,38.3333,1.468,0.16,0.338,0,0,0
2.105,0,37.7778,1.342,0.163,0.331,0,0,0
2.177,0,36.6667,1.519,0.162,0.267,0,0,0
1.902,0,38.3333,1.236,0.158,0.27,0,0,0
2.51,0,40.5556,1.371,0.148,0.756,0,0,0
2.173,0,40.5556,1.395,0.171,0.328,0,0,0
1.92,0,38.3333,1.196,0.159,0.292,0,0,0
1.877,0,40,1.208,0.159,0.277,0,0,0
1.711,0,38.3333,1.03,0.158,0.316,0,0,0
2.136,0,43.8889,1.415,0.162,0.335,0,0,0
1.867,0,40,1.169,0.16,0.297,0,0,0
1.891,0,41.1111,1.131,0.169,0.295,0,0,0
1.921,0,38.3333,1.125,0.184,0.369,0,0,0
2.081,0,41.6667,1.36,0.158,0.341,0,0,0
1.75,0,38.8889,1.073,0.159,0.286,0,0,0
1.728,0,32.7778,1.056,0.158,0.286,0,0,0
2.547,0,35,1.576,0.165,0.498,0,0,0
1.729,0,33.3333,1,0.184,0.261,0,0,0
1.966,0,33.8889,1.249,0.16,0.286,0,0,0
1.79,0,38.8889,1.138,0.158,0.262,0,0,0
2.107,0,38.3333,1.369,0.168,0.333,0,0,0
2.047,0,40,1.243,0.19,0.362,0,0,0
2.006,0,39.4444,1.295,0.164,0.268,0,0,0
1.915,0,39.4444,1.155,0.17,0.29,0,0,0
1.742,0,39.4444,1.1,0.159,0.263,0,0,0
1.727,0,36.1111,1.048,0.159,0.301,0,0,0
1.874,0,37.7778,1.149,0.166,0.321,0,0,0
1.659,0,36.1111,0.982,0.165,0.277,0,0,0
1.656,0,37.7778,0.997,0.164,0.284,0,0,0
1.845,0,37.7778,1.13,0.173,0.265,0,0,0
2.078,0,35.5556,1.231,0.202,0.365,0,0,0
2.164,0,36.1111,1.462,0.16,0.288,0,0,0
1.903,0,35,1.167,0.16,0.299,0,0,0
1.988,0,36.6667,1.294,0.158,0.281,0,0,0
2.013,0,38.8889,1.124,0.156,0.476,0,0,0
1.951,0,41.1111,1.194,0.17,0.284,0,0,0
2,0,39.4444,1.221,0.16,0.324,0,0,0
1.656,0,34.4444,0.959,0.159,0.276,0,0,0
2.119,0,32.7778,1.27,0.158,0.422,0,0,0
2.255,0,36.6667,1.485,0.156,0.354,0,0,0
1.96,0,33.8889,1.22,0.163,0.31,0,0,0
1.957,0,34.4444,1.235,0.167,0.265,0,0,0
1.861,0,31.6667,1.145,0.161,0.331,0,0,0
1.675,0,31.6667,1.011,0.159,0.263,0,0,0
2.091,0,33.3333,1.262,0.157,0.289,0,0,0
1.834,0,33.3333,1.192,0.158,0.256,0,0,0
1.804,0,34.4444,1.157,0.159,0.249,0,0,0
1.707,0,30.5556,0.973,0.167,0.317,0,0,0
1.684,0,30,0.99,0.159,0.288,0,0,0
1.974,0,41.6667,1.291,0.158,0.273,0,0,0
1.732,0,40.5556,1.061,0.16,0.278,0,0,0
2.128,0,40,1.425,0.154,0.311,0,0,0
1.929,0,40.5556,1.201,0.158,0.264,0,0,0
2.021,0,38.8889,1.306,0.169,0.27,0,0,0
1.769,0,40,1.124,0.161,0.252,0,0,0
1.707,0,38.3333,1.062,0.158,0.25,0,0,0
2.077,0,38.8889,1.405,0.158,0.3,0,0,0
1.718,0,38.8889,1.066,0.172,0.251,0,0,0
1.656,0,38.8889,1.035,0.158,0.248,0,0,0
1.756,0,36.6667,1.087,0.169,0.246,0,0,0
1.611,0,38.3333,1.01,0.158,0.245,0,0,0
1.643,0,33.8889,1,0.147,0.295,0,0,0
1.808,0,34.4444,1.17,0.158,0.249,0,0,0
1.677,0,34.4444,1.044,0.158,0.253,0,0,0
1.563,0,34.4444,0.939,0.162,0.256,0,0,0
1.774,0,36.1111,1.083,0.17,0.257,0,0,0
1.757,0,37.2222,1.075,0.155,0.313,0,0,0
1.747,0,38.8889,1.073,0.158,0.27,0,0,0
1.668,0,40.5556,1.014,0.159,0.258,0,0,0
1.843,0,42.7778,1.119,0.181,0.319,0,0,0
1.911,0,40.5556,1.23,0.161,0.285,0,0,0
2.105,0,42.2222,1.334,0.17,0.299,0,0,0
1.821,0,40,1.118,0.16,0.272,0,0,0
1.866,0,39.4444,1.135,0.159,0.286,0,0,0
2.064,0,40.5556,1.315,0.149,0.355,0,0,0
1.904,0,36.6667,1.121,0.162,0.3,0,0,0
1.768,0,35,1.028,0.165,0.315,0,0,0
1.957,0,33.8889,1.151,0.17,0.305,0,0,0
2.315,0,31.1111,1.45,0.213,0.386,0,0,0
1.916,0,34.4444,1.202,0.159,0.3,0,0,0
2.052,0,36.1111,1.357,0.159,0.289,0,0,0
1.987,0,36.6667,1.269,0.16,0.293,0,0,0
2.753,0,38.3333,1.469,0.159,0.906,0,0,0
2.114,0,41.6667,1.328,0.169,0.299,0,0,0
1.925,0,34.4444,1.214,0.159,0.294,0,0,0
1.896,0,30.5556,1.061,0.163,0.419,0,0,0
1.84,0,31.1111,1.068,0.151,0.363,0,0,0
2.126,0,35,1.418,0.159,0.303,0,0,0
2.013,0,40,1.316,0.16,0.271,0,0,0
1.992,0,37.7778,1.301,0.169,0.263,0,0,0
1.892,0,37.2222,1.164,0.17,0.327,0,0,0
1.902,0,42.7778,1.247,0.158,0.27,0,0,0
1.673,0,43.3333,1.069,0.158,0.249,0,0,0
1.764,0,42.2222,1.122,0.161,0.25,0,0,0
2.276,0,38.3333,1.463,0.158,0.393,0,0,0
1.9,0,37.7778,1.187,0.178,0.267,0,0,0
1.53,0,37.7778,0.871,0.163,0.277,0,0,0
1.615,0,37.2222,0.939,0.161,0.268,0,0,0
1.652,0,38.8889,1.003,0.159,0.277,0,0,0
2.071,0,38.3333,1.362,0.158,0.322,0,0,0
1.721,0,36.6667,1.003,0.164,0.28,0,0,0
1.749,0,33.3333,0.925,0.173,0.276,0,0,0
1.544,0,34.4444,0.887,0.161,0.273,0,0,0
1.481,0,31.1111,0.821,0.16,0.267,0,0,0
1.751,0,31.1111,1.045,0.166,0.301,0,0,0
1.754,0,33.8889,1.094,0.161,0.266,0,0,0
1.65,0,36.6667,1.001,0.159,0.262,0,0,0
1.879,0,33.3333,1.149,0.169,0.285,0,0,0
2.073,0,38.3333,1.371,0.154,0.319,0,0,0
1.917,0,36.1111,1.237,0.161,0.274,0,0,0
1.805,0,35.5556,1.135,0.161,0.263,0,0,0
1.548,0,36.1111,0.922,0.158,0.244,0,0,0
2.155,0,34.4444,1.296,0.157,0.487,0,0,0
1.842,0,33.8889,1.102,0.169,0.282,0,0,0
1.762,0,32.2222,1.071,0.159,0.263,0,0,0
1.771,0,30.5556,1.013,0.161,0.371,0,0,0
1.811,0,31.6667,1.095,0.155,0.294,0,0,0
1.834,0,33.8889,1.181,0.159,0.275,0,0,0
2.511,0,34.4444,1.28,0.162,0.816,0,0,0
1.947,0,33.3333,1.195,0.17,0.279,0,0,0
1.631,0,31.6667,0.881,0.159,0.352,0,0,0
1.995,0,30.5556,1.309,0.158,0.269,0,0,0
1.758,0,38.3333,1.119,0.159,0.264,0,0,0
1.645,0,41.6667,1.028,0.158,0.245,0,0,0
2.012,0,41.6667,1.262,0.184,0.34,0,0,0
1.794,0,34.4444,0.945,0.2,0.391,0,0,0
1.958,0,41.6667,1.26,0.157,0.271,0,0,0
1.667,0,40,1.015,0.16,0.254,0,0,0
1.782,0,40.5556,1.147,0.159,0.245,0,0,0
1.984,0,38.3333,1.236,0.19,0.328,0,0,0
1.849,0,38.3333,1.189,0.159,0.269,0,0,0
1.688,0,36.6667,0.981,0.169,0.266,0,0,0
1.672,0,36.1111,1.044,0.161,0.249,0,0,0
1.982,0,35,1.175,0.159,0.399,0,0,0
2.121,0,37.2222,1.412,0.157,0.313,0,0,0
1.82,0,36.6667,1.127,0.159,0.29,0,0,0
1.93,0,37.7778,1.214,0.165,0.304,0,0,0
1.841,0,36.1111,1.124,0.168,0.276,0,0,0
1.968,0,34.4444,1.235,0.177,0.314,0,0,0
1.916,0,37.7778,1.206,0.159,0.277,0,0,0
1.722,0,36.6667,1.073,0.159,0.271,0,0,0
1.771,0,36.1111,1.068,0.163,0.31,0,0,0
1.875,0,35,1.143,0.164,0.321,0,0,0
2.217,0,35.5556,1.382,0.171,0.28,0,0,0
1.814,0,34.4444,1.127,0.16,0.282,0,0,0
1.774,0,36.1111,1.089,0.159,0.27,0,0,0
1.935,0,35,1.156,0.163,0.365,0,0,0
2.003,0,36.1111,1.244,0.159,0.357,0,0,0
1.814,0,34.4444,1.136,0.16,0.28,0,0,0
1.928,0,37.2222,1.185,0.168,0.285,0,0,0
1.898,0,37.7778,1.184,0.159,0.276,0,0,0
1.953,0,36.6667,1.153,0.15,0.394,0,0,0
1.956,0,38.3333,1.224,0.159,0.288,0,0,0
1.843,0,36.6667,1.143,0.159,0.278,0,0,0
1.924,0,41.6667,1.238,0.158,0.277,0,0,0
2.128,0,38.3333,1.304,0.168,0.352,0,0,0
2.14,0,32.7778,1.353,0.157,0.369,0,0,0
1.908,0,37.2222,1.22,0.162,0.287,0,0,0
2.092,0,33.8889,1.379,0.158,0.274,0,0,0
1.719,0,37.2222,1.02,0.158,0.318,0,0,0
1.941,0,38.3333,1.211,0.157,0.328,0,0,0
1.692,0,39.4444,0.997,0.168,0.254,0,0,0
1.645,0,39.4444,0.987,0.159,0.257,0,0,0
1.493,0,42.2222,0.892,0.158,0.241,0,0,0
1.782,0,41.1111,1.075,0.149,0.351,0,0,0
1.734,0,43.3333,1.108,0.157,0.242,0,0,0
2.029,0,43.3333,1.172,0.308,0.241,0,0,0
1.692,0,45,1.041,0.169,0.227,0,0,0
1.831,0,45,1.214,0.161,0.264,0,0,0
1.679,0,43.8889,1.095,0.159,0.232,0,0,0
1.588,0,44.4444,0.979,0.158,0.269,0,0,0
1.604,0,45.5556,0.981,0.183,0.256,0,0,0
1.677,0,45.5556,1.1,0.157,0.247,0,0,0
1.644,0,46.1111,1.048,0.169,0.216,0,0,0
1.446,0,45,0.906,0.161,0.2,0,0,0
1.341,0,45,0.81,0.158,0.199,0,0,0
1.668,0,45.5556,1.093,0.163,0.254,0,0,0
1.561,0,43.8889,0.96,0.227,0.204,0,0,0
1.453,0,43.8889,0.905,0.161,0.207,0,0,0
1.524,0,43.3333,0.845,0.262,0.203,0,0,0
1.466,0,42.7778,0.933,0.163,0.197,0,0,0
1.568,0,41.1111,0.987,0.16,0.254,0,0,0
1.329,0,41.1111,0.792,0.158,0.205,0,0,0
1.419,0,38.3333,0.874,0.158,0.212,0,0,0
1.577,0,39.4444,0.886,0.158,0.341,0,0,0
1.607,0,38.8889,0.916,0.172,0.301,0,0,0
1.678,0,37.7778,1.101,0.16,0.221,0,0,0
1.576,0,36.1111,1.015,0.161,0.219,0,0,0
1.438,0,37.2222,0.863,0.157,0.213,0,0,0
1.533,0,34.4444,0.894,0.169,0.293,0,0,0
1.632,0,34.4444,1.019,0.157,0.257,0,0,0
1.56,0,33.8889,0.916,0.169,0.224,0,0,0
1.492,0,33.3333,0.904,0.161,0.225,0,0,0
1.64,0,32.7778,1.049,0.157,0.229,0,0,0
1.686,0,32.2222,1.028,0.147,0.326,0,0,0
1.678,0,31.6667,1.081,0.157,0.24,0,0,0
1.48,0,31.6667,0.91,0.158,0.228,0,0,0
1.519,0,32.2222,0.878,0.168,0.236,0,0,0
1.612,0,31.1111,0.906,0.157,0.334,0,0,0
1.712,0,31.1111,1.023,0.177,0.308,0,0,0
1.625,0,30.5556,1.017,0.158,0.253,0,0,0
1.642,0,30.5556,1.033,0.158,0.248,0,0,0
2.146,0,34.4444,1.223,0.319,0.385,0,0,0
1.85,0,35,1.121,0.168,0.259,0,0,0
1.758,0,34.4444,1.082,0.158,0.267,0,0,0
1.709,0,36.6667,1.069,0.158,0.257,0,0,0
1.768,0,37.7778,1.105,0.156,0.289,0,0,0
1.805,0,36.6667,1.137,0.162,0.252,0,0,0
1.682,0,36.6667,0.962,0.16,0.328,0,0,0
1.76,0,37.2222,1.054,0.169,0.267,0,0,0
1.91,0,38.3333,1.158,0.148,0.363,0,0,0
1.84,0,36.6667,1.159,0.158,0.283,0,0,0
1.815,0,36.1111,1.138,0.16,0.275,0,0,0
1.724,0,40.5556,1.052,0.158,0.261,0,0,0
2.023,0,46.1111,1.355,0.163,0.279,0,0,0
1.765,0,46.1111,1.079,0.169,0.252,0,0,0
1.677,0,45,1.014,0.159,0.266,0,0,0
1.909,0,43.8889,1.275,0.161,0.267,0,0,0
1.986,0,43.8889,1.202,0.182,0.366,0,0,0
1.813,0,46.6667,1.161,0.163,0.268,0,0,0
1.937,0,45,1.193,0.16,0.255,0,0,0
1.932,0,42.7778,1.119,0.169,0.265,0,0,0
1.797,0,43.8889,1.15,0.16,0.27,0,0,0
1.971,0,44.4444,1.298,0.159,0.281,0,0,0
1.786,0,42.7778,1.119,0.158,0.282,0,0,0
1.671,0,36.6667,1.012,0.157,0.261,0,0,0
1.663,0,37.2222,0.934,0.16,0.33,0,0,0
1.858,0,36.6667,1.068,0.169,0.34,0,0,0
1.688,0,36.1111,0.982,0.162,0.292,0,0,0
1.695,0,37.7778,1.04,0.158,0.268,0,0,0
1.889,0,39.4444,1.159,0.158,0.353,0,0,0
2.267,0,40.5556,1.55,0.158,0.32,0,0,0
1.932,0,38.3333,1.245,0.16,0.287,0,0,0
2.012,0,34.4444,1.26,0.169,0.279,0,0,0
1.845,0,35.5556,1.165,0.164,0.268,0,0,0
1.954,0,38.8889,1.208,0.162,0.34,0,0,0
1.882,0,41.6667,1.175,0.159,0.319,0,0,0
1.715,0,40.5556,1.054,0.159,0.28,0,0,0
1.859,0,37.7778,1.147,0.162,0.279,0,0,0
1.959,0,37.7778,1.23,0.171,0.277,0,0,0
2.214,0,40.5556,1.502,0.156,0.309,0,0,0
1.911,0,42.7778,1.255,0.159,0.27,0,0,0
1.778,0,42.2222,1.138,0.158,0.266,0,0,0
1.687,0,43.3333,1.034,0.163,0.248,0,0,0
2.078,0,43.8889,1.362,0.171,0.307,0,0,0
1.888,0,41.1111,1.169,0.171,0.285,0,0,0
1.773,0,44.4444,1.123,0.159,0.269,0,0,0
1.683,0,39.4444,0.95,0.161,0.333,0,0,0
1.716,0,40.5556,1.06,0.154,0.293,0,0,0
1.853,0,38.3333,1.175,0.163,0.271,0,0,0
1.79,0,37.2222,1.1,0.159,0.272,0,0,0
1.938,0,37.2222,1.198,0.169,0.285,0,0,0
1.975,0,37.2222,1.006,0.173,0.561,0,0,0
1.826,0,39.4444,1.146,0.159,0.277,0,0,0
1.702,0,37.2222,1.018,0.158,0.297,0,0,0
1.916,0,37.2222,1.209,0.159,0.3,0,0,0
1.982,0,35.5556,1.212,0.155,0.342,0,0,0
2.284,0,33.8889,1.392,0.17,0.335,0,0,0
2.055,0,33.8889,1.331,0.16,0.305,0,0,0
1.937,0,33.3333,1.239,0.157,0.306,0,0,0
2.046,0,33.8889,1.279,0.159,0.331,0,0,0
2.183,0,32.7778,1.462,0.155,0.331,0,0,0
2.61,0,33.3333,1.526,0.163,0.664,0,0,0
2.041,0,36.1111,1.32,0.17,0.295,0,0,0
1.795,0,32.7778,1.104,0.16,0.282,0,0,0
2.114,0,36.6667,1.312,0.157,0.412,0,0,0
2.041,0,38.3333,1.272,0.164,0.308,0,0,0
1.767,0,37.7778,1.06,0.16,0.286,0,0,0
1.879,0,35.5556,1.155,0.16,0.277,0,0,0
1.984,0,34.4444,1.206,0.168,0.325,0,0,0
1.946,0,35.5556,1.262,0.162,0.272,0,0,0
1.821,0,39.4444,1.177,0.158,0.275,0,0,0
1.829,0,37.2222,1.145,0.161,0.272,0,0,0
2.066,0,36.1111,1.326,0.155,0.338,0,0,0
2.422,0,35.5556,1.258,0.163,0.729,0,0,0
2.143,0,33.8889,1.292,0.169,0.279,0,0,0
1.714,0,37.7778,1.05,0.159,0.278,0,0,0
1.597,0,33.8889,0.945,0.159,0.267,0,0,0
2.231,0,39.4444,1.518,0.162,0.319,0,0,0
1.856,0,38.3333,1.196,0.158,0.265,0,0,0
1.898,0,43.8889,1.26,0.158,0.268,0,0,0
1.865,0,40,1.126,0.176,0.27,0,0,0
1.868,0,41.1111,1.088,0.164,0.37,0,0,0
1.889,0,40,1.211,0.165,0.279,0,0,0
1.895,0,39.4444,1.228,0.163,0.269,0,0,0
1.66,0,40.5556,1.004,0.159,0.266,0,0,0
2.562,0,40.5556,1.448,0.159,0.72,0,0,0
1.732,0,38.8889,0.978,0.168,0.315,0,0,0
1.749,0,34.4444,1.061,0.159,0.29,0,0,0
1.955,0,36.1111,1.277,0.159,0.281,0,0,0
2.008,0,35,1.281,0.16,0.335,0,0,0
2.162,0,36.6667,1.399,0.164,0.339,0,0,0
1.886,0,32.7778,1.178,0.161,0.281,0,0,0
1.78,0,33.8889,1.028,0.171,0.282,0,0,0
1.785,0,35.5556,1.094,0.16,0.276,0,0,0
1.906,0,34.4444,1.117,0.17,0.359,0,0,0
1.915,0,31.6667,1.215,0.158,0.273,0,0,0
1.794,0,32.7778,1.12,0.159,0.274,0,0,0
2.317,0,30,1.348,0.169,0.495,0,0,0
1.822,0,32.2222,1.104,0.167,0.278,0,0,0
1.917,0,32.7778,1.2,0.159,0.315,0,0,0
1.837,0,34.4444,1.174,0.159,0.279,0,0,0
2.011,0,35,1.358,0.16,0.268,0,0,0
1.97,0,32.7778,1.168,0.163,0.323,0,0,0
2.534,0,34.4444,1.353,0.159,0.764,0,0,0
1.829,0,36.6667,1.128,0.171,0.268,0,0,0
2.297,0,32.7778,1.398,0.15,0.523,0,0,0
2.028,0,35,1.338,0.162,0.287,0,0,0
1.891,0,37.7778,1.208,0.158,0.275,0,0,0
1.828,0,36.1111,1.149,0.158,0.281,0,0,0
2.182,0,36.6667,1.344,0.156,0.422,0,0,0
2.044,0,31.6667,1.309,0.171,0.284,0,0,0
1.962,0,33.3333,1.283,0.16,0.271,0,0,0
2.028,0,35.5556,1.394,0.158,0.26,0,0,0
1.979,0,37.2222,1.289,0.171,0.302,0,0,0
2.072,0,37.2222,1.383,0.15,0.316,0,0,0
1.909,0,38.3333,1.245,0.159,0.277,0,0,0
2.111,0,36.6667,1.283,0.169,0.271,0,0,0
1.95,0,37.7778,1.279,0.16,0.279,0,0,0
1.942,0,38.3333,1.179,0.162,0.372,0,0,0
2.092,0,37.2222,1.307,0.157,0.281,0,0,0
1.9,0,37.7778,1.227,0.16,0.277,0,0,0
1.852,0,37.7778,1.181,0.158,0.281,0,0,0
1.932,0,36.1111,1.184,0.168,0.286,0,0,0
1.905,0,36.1111,1.186,0.148,0.334,0,0,0
2.251,0,37.2222,1.287,0.165,0.285,0,0,0
2.022,0,37.7778,1.328,0.158,0.272,0,0,0
2.115,0,38.3333,1.387,0.161,0.309,0,0,0
1.792,0,40.5556,1.106,0.158,0.312,0,0,0
2.158,0,41.1111,1.462,0.167,0.259,0,0,0
