0.00265039,0.000167064,0.00061276,-5.40378e-05,-0.000302627,0.00205514,0.000148414,-0.000371721,0.000584158,0.000860107,-3.19248e-05,-0.000627247,-2.43197e-06,0.000209609,-0.000412926,0.000269118,0.00466079,-1.50675e-06,-0.00147559,0.000380917,-7.774e-05,0.00237414,2.44418e-05,-0.00255698,0.00013817,-0.000231872,-0.000118309,-0.000556246,0.00056852,-0.000670397,-0.00251193,5.58517e-05,0.0315388,0.000143769,-0.000897674,0.00484452,-1.70186e-06,-0.00267969,0.00016536,-8.3309e-05,0.0249962,-0.000600875,-1.27581e-06,8.14761e-05,-0.00015747,3.96933e-06,-0.000681764,6.78832e-05,0.0466216,
0.00263993,0.000178225,0.000602578,-5.40216e-05,-0.000283917,0.00206689,0.000153734,-0.000367593,0.000587086,0.000880333,-3.21413e-05,-0.00063557,1.10161e-05,0.000213007,-0.000431005,0.000285421,0.00466883,-1.98888e-06,-0.00145599,0.000414224,-7.68868e-05,0.00238622,2.56506e-05,-0.00255156,0.000137925,-0.00025383,-0.00011888,-0.000570168,0.000581091,-0.000683796,-0.00248866,5.56223e-05,0.0314827,0.000138523,-0.000892557,0.00486171,1.26731e-05,-0.00263134,0.000164555,-0.000113489,0.0250206,-0.00061669,-1.86847e-07,8.05778e-05,-0.000159889,4.03097e-06,-0.00067229,6.64503e-05,0.0466206,
0.00262839,0.000190295,0.000590473,-5.40057e-05,-0.000261642,0.00207997,0.000158953,-0.000362836,0.000590495,0.00090205,-3.23813e-05,-0.000642446,2.63556e-05,0.000216509,-0.000450834,0.000303242,0.0046767,-2.50021e-06,-0.00143339,0.000450107,-7.61052e-05,0.00239755,2.71534e-05,-0.00254365,0.000137657,-0.000278065,-0.000118798,-0.000584375,0.000596523,-0.000696303,-0.00246225,5.54163e-05,0.0314292,0.000133782,-0.000889172,0.00487842,2.93822e-05,-0.00257641,0.00016366,-0.000145792,0.0250496,-0.000632777,6.27899e-07,7.95422e-05,-0.000162544,4.09209e-06,-0.000664411,6.47298e-05,0.0466196,
0.00261594,0.000202916,0.000576664,-5.39913e-05,-0.000236572,0.00209433,0.000164117,-0.000357537,0.000594364,0.000924725,-3.26399e-05,-0.000648012,4.38057e-05,0.000220182,-0.000471954,0.000322116,0.00468396,-3.02615e-06,-0.00140851,0.000488149,-7.53097e-05,0.00240766,2.89109e-05,-0.00253351,0.000137369,-0.000304072,-0.000116779,-0.000598573,0.000614859,-0.000707692,-0.0024333,5.52324e-05,0.0313767,0.000136678,-0.000886558,0.00489244,4.83337e-05,-0.00251598,0.000162685,-0.0001715,0.0250671,-0.000651498,1.1627e-06,7.83918e-05,-0.000165372,4.15193e-06,-0.000658185,6.26194e-05,0.0466187,
0.00260266,0.000215781,0.000561505,-5.3979e-05,-0.000209175,0.002109,0.000169156,-0.000351938,0.000598683,0.000947954,-3.29124e-05,-0.000651816,6.19396e-05,0.000223853,-0.000494048,0.000341634,0.00469035,-3.55387e-06,-0.00138142,0.000526365,-7.46686e-05,0.002416,3.09042e-05,-0.00252157,0.000137064,-0.000329706,-0.00011517,-0.000613086,0.000634401,-0.000717557,-0.0024021,5.50644e-05,0.0313321,0.000134066,-0.000886796,0.00490587,6.86507e-05,-0.00245246,0.000161648,-0.000203073,0.0251046,-0.000667683,1.46874e-06,7.71488e-05,-0.000168323,4.21017e-06,-0.000653685,6.04564e-05,0.0466178,
0.00258872,0.000228618,0.000545408,-5.39684e-05,-0.000180363,0.00212396,0.000174106,-0.000346139,0.000603408,0.000971388,-3.31934e-05,-0.000654226,8.09715e-05,0.000227575,-0.000516678,0.000361406,0.00469562,-4.07203e-06,-0.00135293,0.000564534,-7.40932e-05,0.00242246,3.30298e-05,-0.00250857,0.000136745,-0.000354418,-0.00011283,-0.000627574,0.000655201,-0.000725909,-0.00236954,5.49079e-05,0.031293,0.000132861,-0.000888713,0.00491692,9.01575e-05,-0.00238711,0.000160558,-0.000232094,0.0251454,-0.000683713,1.56074e-06,7.58315e-05,-0.000171353,4.26634e-06,-0.000650795,5.81255e-05,0.046617,
0.00257421,0.000241211,0.000528841,-5.39594e-05,-0.000150893,0.00213896,0.000178941,-0.000340283,0.000608496,0.00099478,-3.34782e-05,-0.000655437,0.000100592,0.000231305,-0.000539478,0.000381104,0.00469967,-4.57131e-06,-0.00132359,0.000602,-7.35853e-05,0.00242701,3.51807e-05,-0.0024953,0.000136413,-0.000377251,-0.000109872,-0.000641873,0.000676778,-0.00073274,-0.00233634,5.47585e-05,0.0312599,0.000133146,-0.000892139,0.00492542,0.000112405,-0.00232168,0.000159428,-0.00025735,0.025189,-0.000699396,1.47106e-06,7.44557e-05,-0.000174427,4.32008e-06,-0.000649399,5.56531e-05,0.0466163,
0.00255921,0.000253396,0.000512262,-5.39517e-05,-0.000121309,0.00215347,0.000183585,-0.000334539,0.000613899,0.00101793,-3.37623e-05,-0.000655402,0.000119945,0.00023491,-0.000562156,0.000400454,0.00470245,-5.04447e-06,-0.00129371,0.000637712,-7.32245e-05,0.00242965,3.72513e-05,-0.00248261,0.000136071,-0.000396861,-0.00010764,-0.000655977,0.000698245,-0.00073805,-0.00230346,5.46094e-05,0.0312361,0.000128126,-0.000897852,0.00493246,0.000134816,-0.00225719,0.000158274,-0.000285566,0.0252505,-0.000712181,1.24304e-06,7.30359e-05,-0.000177515,4.37118e-06,-0.000649406,5.32013e-05,0.0466157,
0.00254387,0.000265046,0.000496121,-5.39443e-05,-9.24718e-05,0.00216795,0.000188088,-0.000328941,0.000619548,0.00104074,-3.40409e-05,-0.000654889,0.000139919,0.000238512,-0.00058435,0.000419228,0.00470404,-5.48552e-06,-0.00126429,0.0006723,-7.28623e-05,0.0024307,3.91025e-05,-0.00247113,0.00013572,-0.000413816,-0.000103952,-0.000669358,0.00072021,-0.000742067,-0.00227112,5.44623e-05,0.0312151,0.000131272,-0.000903607,0.0049359,0.000157259,-0.00219597,0.000157094,-0.00030103,0.0252972,-0.000726588,8.92041e-07,7.15899e-05,-0.000180602,4.41927e-06,-0.000650515,5.05395e-05,0.0466151,
0.00252823,0.00027608,0.000480779,-5.39374e-05,-6.47057e-05,0.00218198,0.000192363,-0.000323621,0.000625388,0.0010631,-3.43107e-05,-0.000653843,0.000159723,0.000241976,-0.000605855,0.000437258,0.00470453,-5.89086e-06,-0.00123551,0.000704933,-7.25841e-05,0.00243028,4.06446e-05,-0.00246143,0.000135361,-0.000427233,-0.000100186,-0.000682023,0.000741892,-0.000744856,-0.00224002,5.43129e-05,0.0311999,0.000135675,-0.000910169,0.00493713,0.000179199,-0.00213869,0.000155904,-0.000311013,0.0253444,-0.000740044,4.59133e-07,7.01313e-05,-0.000183667,4.46428e-06,-0.000652605,4.78351e-05,0.0466145,
0.00251235,0.000286444,0.000466475,-5.39305e-05,-3.80054e-05,0.00219479,0.000196273,-0.00031873,0.000631359,0.0010848,-3.4569e-05,-0.000651736,0.000177723,0.000245055,-0.000626538,0.000454421,0.00470397,-6.25876e-06,-0.00120714,0.000734214,-7.25642e-05,0.00242845,4.18054e-05,-0.00245409,0.000134993,-0.00043558,-9.94078e-05,-0.000694228,0.00076213,-0.000746509,-0.00221177,5.41513e-05,0.0311982,0.000124663,-0.000919609,0.00493858,0.000200185,-0.00208329,0.00015473,-0.000334724,0.0254303,-0.000746964,-1.05044e-08,6.86729e-05,-0.000186671,4.50619e-06,-0.000655666,4.54444e-05,0.0466141,
0.00249639,0.000296104,0.000453506,-5.39228e-05,-1.32967e-05,0.00220774,0.000199982,-0.000314147,0.000637384,0.00110597,-3.48118e-05,-0.000650127,0.000196622,0.000248112,-0.000646102,0.000470621,0.00470266,-6.58711e-06,-0.00118067,0.00076243,-7.24702e-05,0.00242577,4.25053e-05,-0.00244893,0.000134622,-0.000441763,-9.60025e-05,-0.000705042,0.000782659,-0.000747314,-0.00218447,5.3993e-05,0.0311934,0.000131012,-0.000927076,0.004936,0.000220277,-0.00203539,0.000153544,-0.000334338,0.0254766,-0.000758147,-5.32083e-07,6.72303e-05,-0.00018964,4.54462e-06,-0.000659217,4.27491e-05,0.0466137,
0.00248042,0.000305052,0.000441951,-5.39146e-05,9.63151e-06,0.00222011,0.000203372,-0.000309981,0.000643405,0.00112642,-3.50379e-05,-0.000648435,0.000214857,0.000250918,-0.000664503,0.000485809,0.0047007,-6.87666e-06,-0.00115571,0.000788318,-7.24772e-05,0.00242224,4.27283e-05,-0.00244612,0.000134247,-0.000444591,-9.29692e-05,-0.000714804,0.000802341,-0.000747338,-0.00215932,5.383e-05,0.031193,0.000138056,-0.000934714,0.004932,0.000239089,-0.00199278,0.00015237,-0.000329275,0.0255215,-0.000768023,-1.06696e-06,6.58151e-05,-0.000192538,4.57967e-06,-0.000663261,4.01056e-05,0.0466134,
0.00246453,0.000313288,0.000431858,-5.39056e-05,3.07228e-05,0.00223188,0.00020643,-0.000306237,0.000649361,0.00114609,-3.52456e-05,-0.000646747,0.000232315,0.000253456,-0.000681658,0.000499955,0.00469823,-7.12843e-06,-0.00113242,0.000811887,-7.25859e-05,0.00241803,4.24707e-05,-0.00244556,0.00013387,-0.000444382,-9.03881e-05,-0.000723478,0.000821068,-0.000746721,-0.00213641,5.36627e-05,0.0311965,0.000145607,-0.000942364,0.00492682,0.00025649,-0.00195536,0.000151215,-0.000320122,0.0255647,-0.000776564,-1.60082e-06,6.4439e-05,-0.000195352,4.61137e-06,-0.00066766,3.75417e-05,0.0466131,
0.00244881,0.000320826,0.000423222,-5.38957e-05,4.99809e-05,0.00224307,0.000209157,-0.000302903,0.000655194,0.0011649,-3.5434e-05,-0.000645122,0.000248903,0.000255715,-0.000697519,0.000513056,0.00469538,-7.34415e-06,-0.00111089,0.000833187,-7.27939e-05,0.00241327,4.17493e-05,-0.00244704,0.000133491,-0.000441508,-8.83025e-05,-0.000731058,0.000838759,-0.000745588,-0.00211575,5.34916e-05,0.0312032,0.000153489,-0.000949894,0.00492067,0.000272403,-0.0019229,0.000150084,-0.000307517,0.0256059,-0.000783783,-2.12344e-06,6.31123e-05,-0.000198066,4.63974e-06,-0.000672294,3.50806e-05,0.0466128,
0.00243336,0.000327685,0.000415991,-5.3885e-05,6.74532e-05,0.00225366,0.000211558,-0.000299957,0.000660852,0.00118278,-3.56027e-05,-0.000643602,0.000264554,0.000257695,-0.000712063,0.000525119,0.00469228,-7.52606e-06,-0.00109117,0.000852301,-7.30961e-05,0.00240808,4.05993e-05,-0.00245029,0.000133112,-0.000436366,-8.67242e-05,-0.000737571,0.000855362,-0.000744052,-0.0020973,5.33178e-05,0.0312127,0.000161548,-0.000957202,0.00491374,0.000286798,-0.00189503,0.000148982,-0.000292107,0.0256449,-0.000789728,-2.62807e-06,6.18436e-05,-0.000200668,4.66486e-06,-0.000677061,3.27412e-05,0.0466126,
0.00241826,0.000333891,0.000410081,-5.38737e-05,8.32168e-05,0.00226368,0.000213648,-0.000297366,0.00066629,0.00119967,-3.57515e-05,-0.000642209,0.000279217,0.000259402,-0.00072529,0.00053617,0.00468904,-7.67666e-06,-0.00107324,0.000869337,-7.34849e-05,0.00240253,3.90666e-05,-0.00245499,0.000132734,-0.000429353,-8.56401e-05,-0.000743064,0.000870844,-0.000742213,-0.00208097,5.31422e-05,0.0312244,0.000169648,-0.000964213,0.00490619,0.000299684,-0.00187133,0.000147912,-0.000274514,0.0256814,-0.000794471,-3.11061e-06,6.064e-05,-0.000203145,4.68684e-06,-0.000681876,3.05379e-05,0.0466125,
0.00240359,0.000339473,0.000405391,-5.38617e-05,9.73675e-05,0.00227314,0.000215447,-0.000295095,0.00067147,0.00121553,-3.58807e-05,-0.000640957,0.00029286,0.000260848,-0.000737221,0.000546242,0.00468574,-7.7987e-06,-0.00105709,0.000884415,-7.39505e-05,0.0023967,3.72059e-05,-0.00246083,0.00013236,-0.000420846,-8.50169e-05,-0.000747604,0.000885192,-0.000740154,-0.00206663,5.2966e-05,0.0312379,0.000177674,-0.000970871,0.00489814,0.0003111,-0.00185135,0.000146878,-0.000255313,0.0257156,-0.000798105,-3.56901e-06,5.9507e-05,-0.00020549,4.7058e-06,-0.000686667,2.84813e-05,0.0466124,
0.00238943,0.000344464,0.00040181,-5.38494e-05,0.000110011,0.00228206,0.000216977,-0.000293106,0.00067636,0.00123032,-3.59909e-05,-0.000639853,0.000305466,0.00026205,-0.000747893,0.000555373,0.00468246,-7.89496e-06,-0.00104264,0.000897668,-7.44821e-05,0.00239064,3.50752e-05,-0.00246753,0.00013199,-0.00041119,-8.48087e-05,-0.000751269,0.000898409,-0.000737947,-0.00205414,5.27902e-05,0.0312527,0.000185534,-0.000977139,0.00488973,0.000321108,-0.00183466,0.000145882,-0.000235016,0.0257473,-0.000800733,-4.00266e-06,5.84487e-05,-0.000207695,4.7219e-06,-0.000691374,2.65786e-05,0.0466123,
0.00237583,0.000348898,0.00039922,-5.38367e-05,0.000121258,0.00229043,0.000218264,-0.000291361,0.000680937,0.00124402,-3.60829e-05,-0.000638894,0.000317036,0.000263027,-0.000757355,0.000563611,0.00467926,-7.96822e-06,-0.00102982,0.000909229,-7.50679e-05,0.0023844,3.27324e-05,-0.00247479,0.000131625,-0.000400691,-8.49617e-05,-0.000754144,0.000910513,-0.000735653,-0.00204336,5.26159e-05,0.0312684,0.000193151,-0.000982996,0.00488105,0.000329786,-0.0018208,0.000144927,-0.00021407,0.0257765,-0.000802466,-4.41189e-06,5.74679e-05,-0.000209754,4.73531e-06,-0.000695949,2.48338e-05,0.0466122,
0.00236283,0.00035281,0.000397507,-5.3824e-05,0.000131218,0.0022983,0.000219335,-0.000289823,0.000685185,0.00125663,-3.61579e-05,-0.000638078,0.000327581,0.000263801,-0.000765664,0.000571002,0.00467618,-8.0212e-06,-0.00101855,0.000919235,-7.56958e-05,0.00237802,3.0234e-05,-0.00248238,0.000131267,-0.000389617,-8.5419e-05,-0.000756315,0.00092153,-0.00073332,-0.00203413,5.2444e-05,0.0312847,0.000200468,-0.00098843,0.00487219,0.000337222,-0.0018094,0.000144013,-0.000192853,0.0258034,-0.000803415,-4.79767e-06,5.65658e-05,-0.000211666,4.74621e-06,-0.000700353,2.32481e-05,0.0466121,
0.00235047,0.000356236,0.000396561,-5.38113e-05,0.000139998,0.00230567,0.000220216,-0.00028846,0.000689094,0.00126815,-3.62168e-05,-0.000637399,0.000337122,0.000264395,-0.000772888,0.000577596,0.00467326,-8.05642e-06,-0.00100873,0.000927818,-7.63542e-05,0.00237153,2.76321e-05,-0.0024901,0.000130918,-0.000378197,-8.61238e-05,-0.00075787,0.000931499,-0.00073099,-0.0020263,5.22755e-05,0.0313014,0.000207442,-0.00099344,0.00486323,0.000343509,-0.00180009,0.000143142,-0.00017168,0.025828,-0.000803687,-5.16125e-06,5.57428e-05,-0.00021343,4.7548e-06,-0.000704558,2.18203e-05,0.0466121,
0.00233879,0.000359212,0.00039628,-5.3799e-05,0.0001477,0.00231255,0.000220931,-0.000287243,0.000692661,0.00127861,-3.6261e-05,-0.00063685,0.000345693,0.000264829,-0.000779095,0.000583446,0.00467052,-8.07631e-06,-0.00100025,0.000935106,-7.70319e-05,0.00236497,2.49738e-05,-0.00249777,0.000130577,-0.000366623,-8.70218e-05,-0.000758893,0.000940463,-0.000728693,-0.00201973,5.2111e-05,0.031318,0.000214042,-0.000998032,0.00485424,0.000348746,-0.00179256,0.000142314,-0.000150806,0.0258504,-0.000803386,-5.50402e-06,5.4998e-05,-0.000215047,4.76128e-06,-0.000708541,2.05472e-05,0.046612,
0.00232778,0.000361772,0.000396568,-5.3787e-05,0.000154421,0.00231898,0.000221505,-0.000286147,0.000695888,0.00128804,-3.62917e-05,-0.000636422,0.000353331,0.000265127,-0.000784358,0.0005886,0.00466798,-8.08305e-06,-0.000993003,0.000941223,-7.77188e-05,0.00235837,2.23006e-05,-0.00250525,0.000130248,-0.00035505,-8.80632e-05,-0.000759461,0.000948473,-0.000726457,-0.0020143,5.19513e-05,0.0313346,0.000220249,-0.00100222,0.00484529,0.000353026,-0.00178652,0.000141531,-0.000130432,0.0258707,-0.000802606,-5.82734e-06,5.43296e-05,-0.000216519,4.76585e-06,-0.000712286,1.94237e-05,0.046612,
0.00231747,0.000363951,0.000397338,-5.37757e-05,0.000160251,0.00232496,0.000221959,-0.000285151,0.000698781,0.00129647,-3.63104e-05,-0.000636107,0.000360084,0.000265308,-0.000788753,0.000593111,0.00466565,-8.07868e-06,-0.000986895,0.000946285,-7.84059e-05,0.00235177,1.96483e-05,-0.00251244,0.000129929,-0.000343606,-8.92033e-05,-0.000759647,0.000955583,-0.000724299,-0.00200986,5.17969e-05,0.0313508,0.000226054,-0.00100601,0.00483641,0.000356445,-0.00178174,0.000140791,-0.000110715,0.0258891,-0.000801434,-6.13249e-06,5.37352e-05,-0.000217852,4.7687e-06,-0.000715784,1.84437e-05,0.046612,
0.00367265,0.000637695,-0.000587625,-0.000945246,-0.000349232,0.00127141,-0.000127507,0.000637695,0.000885028,0.000637815,-0.000638511,-0.000983444,-0.000349425,2.90876e-05,-0.000587625,0.000637815,0.00451562,-0.000141791,-0.001059,0.00079153,-0.000131559,-0.000945246,-0.000638511,-0.000141791,0.00227889,0.00090803,0.002463,8.3862e-05,-0.000349232,-0.000983444,-0.001059,0.00090803,0.0318608,0.00124886,-0.000673383,0.00127141,-0.000349425,0.00079153,0.002463,0.00124886,0.0286653,0.000111563,-0.000127507,2.90876e-05,-0.000131559,8.3862e-05,-0.000673383,0.000111563,0.046643,
0.00366508,0.000639176,-0.000590139,-0.000948539,-0.000341957,0.00127486,-0.000127981,0.000639176,0.000887033,0.000640495,-0.000640342,-0.000980113,-0.000345793,2.86519e-05,-0.000590139,0.000640495,0.00451393,-0.000141493,-0.00105516,0.000793939,-0.000132236,-0.000948539,-0.000640342,-0.000141493,0.00228148,0.00090926,0.00246032,8.40343e-05,-0.000341957,-0.000980113,-0.00105516,0.00090926,0.0318773,0.00125339,-0.000678075,0.00127486,-0.000345793,0.000793939,0.00246032,0.00125339,0.0286714,0.000110882,-0.000127981,2.8652e-05,-0.000132236,8.40343e-05,-0.000678075,0.000110882,0.0466431,
0.00365823,0.000640227,-0.000592107,-0.000951643,-0.000335661,0.00127787,-0.000128362,0.000640227,0.000888582,0.000642533,-0.0006419,-0.000977093,-0.000343014,2.83137e-05,-0.000592107,0.000642533,0.00451267,-0.000141089,-0.00105226,0.000795743,-0.000132791,-0.000951643,-0.0006419,-0.000141089,0.00228385,0.000910242,0.00245782,8.4201e-05,-0.000335661,-0.000977093,-0.00105226,0.000910242,0.0318922,0.00125738,-0.000682187,0.00127787,-0.000343014,0.000795743,0.00245782,0.00125738,0.0286763,0.000110366,-0.000128362,2.83137e-05,-0.000132791,8.4201e-05,-0.000682187,0.000110366,0.0466432,
0.00365203,0.000640993,-0.00059372,-0.000954526,-0.000330156,0.00128051,-0.000128651,0.000640993,0.000889833,0.000644133,-0.000643273,-0.000974564,-0.000340804,2.80521e-05,-0.00059372,0.000644133,0.00451167,-0.000140674,-0.00105,0.000797168,-0.000133231,-0.000954526,-0.000643273,-0.000140674,0.00228604,0.00091092,0.00245547,8.43706e-05,-0.000330156,-0.000974564,-0.00105,0.00091092,0.0319044,0.00126072,-0.000685446,0.00128051,-0.000340804,0.000797168,0.00245547,0.00126072,0.0286804,0.000110021,-0.000128651,2.80521e-05,-0.000133231,8.43706e-05,-0.000685446,0.000110021,0.0466432,
0.00364638,0.000641558,-0.000595072,-0.000957197,-0.000325291,0.00128285,-0.000128864,0.000641558,0.000890865,0.000645415,-0.000644496,-0.000972481,-0.000338983,2.78501e-05,-0.000595072,0.000645415,0.00451087,-0.000140273,-0.00104819,0.000798311,-0.000133576,-0.000957197,-0.000644496,-0.000140273,0.00228805,0.000911359,0.00245328,8.4538e-05,-0.000325291,-0.000972481,-0.00104819,0.000911359,0.031914,0.00126351,-0.000687936,0.00128285,-0.000338983,0.000798311,0.00245328,0.00126351,0.0286837,0.000109815,-0.000128864,2.78501e-05,-0.000133576,8.4538e-05,-0.000687936,0.000109815,0.0466432,
0.00364123,0.000641979,-0.000596226,-0.000959669,-0.00032095,0.00128492,-0.000129022,0.000641979,0.000891732,0.000646461,-0.000645598,-0.00097076,-0.00033744,2.76931e-05,-0.000596226,0.000646461,0.00451021,-0.000139893,-0.00104673,0.000799236,-0.000133849,-0.000959669,-0.000645598,-0.000139893,0.00228993,0.000911622,0.00245127,8.46994e-05,-0.00032095,-0.00097076,-0.00104673,0.000911622,0.0319216,0.00126584,-0.000689813,0.00128492,-0.00033744,0.000799236,0.00245127,0.00126584,0.0286865,0.000109712,-0.000129022,2.76931e-05,-0.000133849,8.46994e-05,-0.000689813,0.000109712,0.0466431,
0.00363651,0.000642296,-0.000597226,-0.000961957,-0.000317043,0.00128677,-0.000129137,0.000642296,0.000892472,0.000647329,-0.000646596,-0.000969323,-0.000336102,2.75697e-05,-0.000597226,0.000647329,0.00450966,-0.000139536,-0.00104552,0.000799995,-0.000134067,-0.000961957,-0.000646596,-0.000139536,0.00229167,0.000911763,0.00244941,8.48526e-05,-0.000317043,-0.000969323,-0.00104552,0.000911763,0.0319275,0.00126783,-0.000691226,0.00128677,-0.000336102,0.000799996,0.00244941,0.00126783,0.0286889,0.00010968,-0.000129137,2.75697e-05,-0.000134067,8.48526e-05,-0.000691226,0.00010968,0.046643,
0.00363216,0.000642538,-0.000598106,-0.000964077,-0.0003135,0.00128843,-0.000129222,0.000642538,0.000893114,0.000648063,-0.000647507,-0.000968107,-0.000334921,2.74709e-05,-0.000598106,0.000648063,0.00450919,-0.000139204,-0.0010445,0.000800629,-0.000134245,-0.000964077,-0.000647507,-0.000139204,0.00229329,0.000911818,0.00244771,8.49969e-05,-0.0003135,-0.000968107,-0.0010445,0.000911818,0.0319322,0.00126954,-0.000692294,0.00128843,-0.000334921,0.000800629,0.00244771,0.00126954,0.028691,0.000109696,-0.000129222,2.74709e-05,-0.000134245,8.49969e-05,-0.000692294,0.000109696,0.0466429,
0.00362814,0.000642727,-0.00059889,-0.000966041,-0.000310265,0.00128993,-0.000129285,0.000642727,0.000893681,0.000648695,-0.000648344,-0.000967062,-0.000333861,2.73901e-05,-0.00059889,0.000648695,0.00450878,-0.000138895,-0.00104362,0.000801166,-0.000134391,-0.000966041,-0.000648344,-0.000138895,0.0022948,0.000911816,0.00244614,8.51317e-05,-0.000310265,-0.000967062,-0.00104362,0.000911816,0.0319359,0.00127103,-0.000693111,0.00128993,-0.000333861,0.000801166,0.00244614,0.00127103,0.0286928,0.000109742,-0.000129285,2.73901e-05,-0.000134391,8.51317e-05,-0.000693111,0.000109742,0.0466428,
0.00362442,0.000642877,-0.000599598,-0.000967864,-0.000307292,0.00129129,-0.000129333,0.000642877,0.000894187,0.00064925,-0.000649116,-0.000966151,-0.000332898,2.7322e-05,-0.000599598,0.00064925,0.00450842,-0.000138607,-0.00104286,0.00080163,-0.000134516,-0.000967864,-0.000649116,-0.000138607,0.00229621,0.000911777,0.00244469,8.52575e-05,-0.000307292,-0.000966151,-0.00104286,0.000911777,0.0319389,0.00127235,-0.000693749,0.00129129,-0.000332898,0.00080163,0.00244469,0.00127235,0.0286945,0.000109804,-0.000129333,2.73221e-05,-0.000134516,8.52575e-05,-0.000693749,0.000109805,0.0466428,
0.00362095,0.000643001,-0.000600244,-0.00096956,-0.000304546,0.00129254,-0.00012937,0.000643001,0.000894646,0.000649745,-0.000649833,-0.000965343,-0.00033201,2.72631e-05,-0.000600244,0.000649745,0.00450809,-0.000138341,-0.00104218,0.000802039,-0.000134623,-0.00096956,-0.000649833,-0.000138341,0.00229753,0.000911715,0.00244334,8.53743e-05,-0.000304546,-0.000965343,-0.00104218,0.000911715,0.0319414,0.00127353,-0.00069426,0.00129254,-0.00033201,0.000802039,0.00244334,0.00127353,0.028696,0.000109873,-0.00012937,2.72631e-05,-0.000134623,8.53743e-05,-0.00069426,0.000109873,0.0466427,
0.00361772,0.000643105,-0.000600841,-0.00097114,-0.000301995,0.00129369,-0.0001294,0.000643105,0.000895068,0.000650194,-0.000650502,-0.000964618,-0.000331185,2.72102e-05,-0.000600841,0.000650194,0.0045078,-0.000138093,-0.00104156,0.000802405,-0.000134717,-0.00097114,-0.000650502,-0.000138093,0.00229877,0.000911641,0.00244209,8.54828e-05,-0.000301995,-0.000964618,-0.00104156,0.000911641,0.0319436,0.0012746,-0.000694684,0.00129369,-0.000331185,0.000802405,0.00244209,0.0012746,0.0286974,0.000109941,-0.0001294,2.72102e-05,-0.000134717,8.54828e-05,-0.000694684,0.000109941,0.0466426,
0.00361469,0.000643197,-0.000601398,-0.000972615,-0.000299613,0.00129476,-0.000129425,0.000643197,0.000895459,0.000650608,-0.000651129,-0.000963956,-0.000330409,2.71615e-05,-0.000601398,0.000650609,0.00450752,-0.000137863,-0.00104099,0.000802738,-0.000134803,-0.000972615,-0.000651129,-0.000137863,0.00229994,0.000911561,0.00244093,8.55834e-05,-0.000299613,-0.000963956,-0.00104099,0.000911561,0.0319454,0.00127557,-0.00069505,0.00129476,-0.000330409,0.000802738,0.00244093,0.00127557,0.0286987,0.000110004,-0.000129425,2.71615e-05,-0.000134803,8.55834e-05,-0.00069505,0.000110004,0.0466425,
0.00361184,0.000643281,-0.000601921,-0.000973996,-0.000297379,0.00129575,-0.000129446,0.000643281,0.000895827,0.000650995,-0.000651719,-0.000963347,-0.000329674,2.71152e-05,-0.000601921,0.000650995,0.00450726,-0.000137648,-0.00104045,0.000803046,-0.000134881,-0.000973996,-0.000651719,-0.000137648,0.00230104,0.00091148,0.00243984,8.56766e-05,-0.000297379,-0.000963347,-0.00104045,0.00091148,0.031947,0.00127647,-0.00069538,0.00129575,-0.000329674,0.000803046,0.00243984,0.00127647,0.0287,0.000110057,-0.000129446,2.71152e-05,-0.000134881,8.56766e-05,-0.00069538,0.000110057,0.0466424,
0.00360916,0.000643359,-0.000602417,-0.000975292,-0.000295274,0.00129667,-0.000129466,0.000643359,0.000896174,0.00065136,-0.000652276,-0.000962778,-0.000328973,2.70703e-05,-0.000602417,0.00065136,0.00450702,-0.000137449,-0.00103995,0.000803335,-0.000134955,-0.000975292,-0.000652276,-0.000137449,0.00230208,0.000911403,0.00243882,8.57629e-05,-0.000295274,-0.000962778,-0.00103995,0.000911403,0.0319485,0.0012773,-0.00069569,0.00129667,-0.000328973,0.000803335,0.00243882,0.0012773,0.0287011,0.0001101,-0.000129466,2.70703e-05,-0.000134955,8.57629e-05,-0.00069569,0.0001101,0.0466424,
0.00360662,0.000643434,-0.000602889,-0.000976512,-0.000293284,0.00129754,-0.000129485,0.000643434,0.000896506,0.000651709,-0.000652805,-0.000962242,-0.000328301,2.70259e-05,-0.000602889,0.000651709,0.00450678,-0.000137262,-0.00103946,0.000803608,-0.000135025,-0.000976512,-0.000652805,-0.000137262,0.00230307,0.000911331,0.00243786,8.58429e-05,-0.000293284,-0.000962242,-0.00103946,0.000911331,0.0319498,0.00127809,-0.00069599,0.00129754,-0.000328301,0.000803608,0.00243786,0.00127809,0.0287022,0.000110129,-0.000129485,2.70259e-05,-0.000135025,8.58429e-05,-0.00069599,0.000110129,0.0466423,
0.00360422,0.000643507,-0.000603343,-0.000977663,-0.000291394,0.00129836,-0.000129503,0.000643507,0.000896824,0.000652044,-0.000653309,-0.000961734,-0.000327651,2.69814e-05,-0.000603343,0.000652044,0.00450655,-0.000137087,-0.001039,0.000803869,-0.000135093,-0.000977663,-0.000653309,-0.000137087,0.002304,0.000911265,0.00243695,8.59171e-05,-0.000291394,-0.000961734,-0.001039,0.000911265,0.031951,0.00127883,-0.00069629,0.00129836,-0.000327651,0.000803869,0.00243695,0.00127883,0.0287033,0.000110145,-0.000129503,2.69814e-05,-0.000135093,8.59171e-05,-0.00069629,0.000110145,0.0466423,
0.00360192,0.000643581,-0.00060378,-0.000978752,-0.000289592,0.00129913,-0.000129522,0.000643581,0.000897132,0.000652368,-0.000653791,-0.000961247,-0.000327022,2.69364e-05,-0.00060378,0.000652368,0.00450633,-0.000136923,-0.00103855,0.000804121,-0.000135158,-0.000978752,-0.000653791,-0.000136923,0.00230489,0.000911207,0.0024361,8.59859e-05,-0.000289592,-0.000961247,-0.00103855,0.000911207,0.0319522,0.00127953,-0.000696595,0.00129913,-0.000327022,0.000804121,0.0024361,0.00127953,0.0287043,0.000110148,-0.000129522,2.69364e-05,-0.000135158,8.59859e-05,-0.000696595,0.000110148,0.0466422,
0.00359974,0.000643654,-0.000604203,-0.000979785,-0.000287869,0.00129987,-0.000129541,0.000643654,0.00089743,0.000652684,-0.000654252,-0.000960779,-0.000326409,2.68905e-05,-0.000604203,0.000652684,0.00450611,-0.000136769,-0.00103811,0.000804365,-0.000135223,-0.000979785,-0.000654252,-0.000136769,0.00230575,0.000911157,0.00243528,8.60498e-05,-0.000287869,-0.000960779,-0.00103811,0.000911157,0.0319533,0.00128019,-0.000696909,0.00129987,-0.000326409,0.000804365,0.00243528,0.00128019,0.0287053,0.000110136,-0.000129541,2.68905e-05,-0.000135223,8.60498e-05,-0.000696909,0.000110136,0.0466422,
0.00359764,0.000643729,-0.000604614,-0.000980769,-0.000286216,0.00130057,-0.000129561,0.000643729,0.000897721,0.000652993,-0.000654697,-0.000960325,-0.000325811,2.68436e-05,-0.000604614,0.000652993,0.0045059,-0.000136624,-0.00103768,0.000804603,-0.000135286,-0.000980769,-0.000654697,-0.000136624,0.00230656,0.000911114,0.00243451,8.61092e-05,-0.000286216,-0.000960325,-0.00103768,0.000911114,0.0319544,0.00128083,-0.000697234,0.00130057,-0.000325811,0.000804603,0.00243451,0.00128083,0.0287063,0.00011011,-0.000129561,2.68436e-05,-0.000135286,8.61092e-05,-0.000697234,0.00011011,0.0466422,
0.00359563,0.000643804,-0.000605015,-0.000981708,-0.000284625,0.00130124,-0.000129582,0.000643804,0.000898005,0.000653297,-0.000655125,-0.000959884,-0.000325225,2.67955e-05,-0.000605015,0.000653297,0.00450569,-0.000136486,-0.00103725,0.000804835,-0.000135349,-0.000981708,-0.000655125,-0.000136486,0.00230735,0.000911079,0.00243377,8.61644e-05,-0.000284625,-0.000959884,-0.00103725,0.000911079,0.0319555,0.00128145,-0.000697573,0.00130124,-0.000325225,0.000804835,0.00243377,0.00128145,0.0287073,0.000110071,-0.000129582,2.67955e-05,-0.000135349,8.61644e-05,-0.000697573,0.000110071,0.0466421,
0.00359369,0.000643881,-0.000605408,-0.000982607,-0.000283089,0.00130188,-0.000129603,0.000643881,0.000898283,0.000653596,-0.00065554,-0.000959454,-0.000324649,2.67461e-05,-0.000605408,0.000653596,0.00450548,-0.000136355,-0.00103683,0.000805064,-0.000135412,-0.000982607,-0.00065554,-0.000136355,0.0023081,0.000911051,0.00243306,8.62159e-05,-0.000283089,-0.000959454,-0.00103683,0.000911051,0.0319565,0.00128204,-0.000697926,0.00130188,-0.000324649,0.000805064,0.00243306,0.00128204,0.0287082,0.000110019,-0.000129603,2.67461e-05,-0.000135412,8.62159e-05,-0.000697926,0.000110019,0.0466421,
0.00359181,0.000643959,-0.000605792,-0.00098347,-0.000281602,0.0013025,-0.000129626,0.000643959,0.000898557,0.000653891,-0.000655943,-0.000959033,-0.000324083,2.66954e-05,-0.000605792,0.000653891,0.00450527,-0.000136231,-0.00103642,0.000805289,-0.000135475,-0.00098347,-0.000655943,-0.000136231,0.00230883,0.00091103,0.00243238,8.62639e-05,-0.000281602,-0.000959033,-0.00103642,0.00091103,0.0319575,0.00128261,-0.000698295,0.0013025,-0.000324083,0.000805289,0.00243238,0.00128261,0.0287091,0.000109955,-0.000129626,2.66954e-05,-0.000135475,8.62639e-05,-0.000698295,0.000109955,0.0466421,
0.00359,0.000644039,-0.00060617,-0.000984301,-0.000280159,0.00130309,-0.000129649,0.000644039,0.000898826,0.000654183,-0.000656334,-0.000958619,-0.000323524,2.66434e-05,-0.00060617,0.000654183,0.00450507,-0.000136112,-0.00103601,0.00080551,-0.000135537,-0.000984301,-0.000656334,-0.000136112,0.00230954,0.000911016,0.00243172,8.63088e-05,-0.000280159,-0.000958619,-0.00103601,0.000911016,0.0319586,0.00128317,-0.000698678,0.00130309,-0.000323524,0.00080551,0.00243172,0.00128317,0.02871,0.000109878,-0.000129649,2.66434e-05,-0.000135537,8.63088e-05,-0.000698678,0.000109878,0.0466421,
0.00358824,0.00064412,-0.000606543,-0.000985103,-0.000278754,0.00130367,-0.000129673,0.00064412,0.000899092,0.000654473,-0.000656716,-0.000958211,-0.000322972,2.659e-05,-0.000606543,0.000654473,0.00450486,-0.000135998,-0.0010356,0.00080573,-0.0001356,-0.000985103,-0.000656716,-0.000135998,0.00231023,0.000911007,0.00243108,8.63507e-05,-0.000278754,-0.000958211,-0.0010356,0.000911007,0.0319596,0.00128371,-0.000699076,0.00130367,-0.000322972,0.00080573,0.00243108,0.00128371,0.0287109,0.00010979,-0.000129673,2.659e-05,-0.0001356,8.63507e-05,-0.000699076,0.00010979,0.0466422,
0.00358652,0.000644202,-0.00060691,-0.000985879,-0.000277384,0.00130423,-0.000129698,0.000644202,0.000899355,0.00065476,-0.000657089,-0.00095781,-0.000322427,2.65354e-05,-0.00060691,0.00065476,0.00450466,-0.000135889,-0.0010352,0.000805947,-0.000135663,-0.000985879,-0.000657089,-0.000135889,0.0023109,0.000911004,0.00243047,8.63901e-05,-0.000277384,-0.00095781,-0.0010352,0.000911004,0.0319606,0.00128424,-0.000699489,0.00130423,-0.000322427,0.000805947,0.00243047,0.00128424,0.0287118,0.000109692,-0.000129698,2.65354e-05,-0.000135663,8.63901e-05,-0.000699489,0.000109692,0.0466422,
0.00358485,0.000644285,-0.000607273,-0.000986631,-0.000276046,0.00130477,-0.000129723,0.000644285,0.000899616,0.000655046,-0.000657455,-0.000957412,-0.000321886,2.64796e-05,-0.000607273,0.000655046,0.00450446,-0.000135783,-0.00103479,0.000806162,-0.000135726,-0.000986631,-0.000657455,-0.000135783,0.00231155,0.000911006,0.00242987,8.64271e-05,-0.000276046,-0.000957412,-0.00103479,0.000911006,0.0319616,0.00128475,-0.000699915,0.00130477,-0.000321886,0.000806162,0.00242987,0.00128475,0.0287127,0.000109583,-0.000129723,2.64796e-05,-0.000135726,8.64271e-05,-0.000699915,0.000109583,0.0466422,
0.00358321,0.00064437,-0.000607633,-0.000987364,-0.000274734,0.0013053,-0.00012975,0.00064437,0.000899874,0.00065533,-0.000657813,-0.000957019,-0.00032135,2.64225e-05,-0.000607633,0.00065533,0.00450426,-0.000135682,-0.00103439,0.000806376,-0.000135789,-0.000987364,-0.000657813,-0.000135682,0.00231219,0.000911013,0.00242929,8.64619e-05,-0.000274734,-0.000957019,-0.00103439,0.000911013,0.0319626,0.00128526,-0.000700355,0.0013053,-0.00032135,0.000806376,0.00242929,0.00128526,0.0287136,0.000109465,-0.00012975,2.64225e-05,-0.000135789,8.64619e-05,-0.000700355,0.000109465,0.0466422,
0.00358161,0.000644455,-0.000607989,-0.000988077,-0.000273448,0.00130582,-0.000129777,0.000644455,0.00090013,0.000655612,-0.000658165,-0.00095663,-0.000320819,2.63643e-05,-0.000607989,0.000655612,0.00450406,-0.000135583,-0.00103399,0.000806588,-0.000135852,-0.000988077,-0.000658165,-0.000135583,0.00231281,0.000911024,0.00242872,8.64947e-05,-0.000273448,-0.00095663,-0.00103399,0.000911024,0.0319635,0.00128576,-0.000700808,0.00130582,-0.000320819,0.000806588,0.00242872,0.00128576,0.0287145,0.000109338,-0.000129777,2.63643e-05,-0.000135852,8.64947e-05,-0.000700808,0.000109338,0.0466423,
0.00358003,0.000644541,-0.000608342,-0.000988774,-0.000272183,0.00130632,-0.000129804,0.000644541,0.000900385,0.000655894,-0.000658512,-0.000956243,-0.00032029,2.63049e-05,-0.000608342,0.000655894,0.00450386,-0.000135488,-0.0010336,0.000806798,-0.000135916,-0.000988774,-0.000658512,-0.000135488,0.00231342,0.000911038,0.00242817,8.65257e-05,-0.000272183,-0.000956243,-0.0010336,0.000911038,0.0319645,0.00128624,-0.000701274,0.00130632,-0.00032029,0.000806798,0.00242817,0.00128624,0.0287153,0.000109202,-0.000129804,2.6305e-05,-0.000135916,8.65257e-05,-0.000701274,0.000109202,0.0466423,
0.00357848,0.000644628,-0.000608692,-0.000989456,-0.000270937,0.00130682,-0.000129832,0.000644628,0.000900638,0.000656174,-0.000658854,-0.000955859,-0.000319765,2.62446e-05,-0.000608692,0.000656174,0.00450366,-0.000135394,-0.0010332,0.000807008,-0.000135979,-0.000989456,-0.000658854,-0.000135394,0.00231402,0.000911056,0.00242762,8.6555e-05,-0.000270937,-0.000955859,-0.0010332,0.000911056,0.0319655,0.00128672,-0.000701751,0.00130682,-0.000319765,0.000807008,0.00242762,0.00128672,0.0287162,0.000109059,-0.000129832,2.62446e-05,-0.000135979,8.6555e-05,-0.000701751,0.000109059,0.0466423,
0.00357696,0.000644716,-0.00060904,-0.000990125,-0.00026971,0.00130731,-0.000129861,0.000644716,0.000900889,0.000656454,-0.000659192,-0.000955477,-0.000319242,2.61832e-05,-0.00060904,0.000656454,0.00450346,-0.000135303,-0.0010328,0.000807216,-0.000136043,-0.000990125,-0.000659192,-0.000135303,0.00231462,0.000911078,0.00242709,8.65828e-05,-0.00026971,-0.000955477,-0.0010328,0.000911078,0.0319665,0.00128719,-0.000702238,0.00130731,-0.000319242,0.000807216,0.00242709,0.00128719,0.0287171,0.000108908,-0.000129861,2.61832e-05,-0.000136043,8.65828e-05,-0.000702238,0.000108908,0.0466424,
0.00357546,0.000644804,-0.000609387,-0.000990782,-0.000268497,0.00130778,-0.00012989,0.000644804,0.00090114,0.000656733,-0.000659526,-0.000955097,-0.000318721,2.61208e-05,-0.000609387,0.000656733,0.00450326,-0.000135214,-0.00103241,0.000807423,-0.000136108,-0.000990782,-0.000659526,-0.000135214,0.0023152,0.000911102,0.00242656,8.66093e-05,-0.000268497,-0.000955097,-0.00103241,0.000911102,0.0319675,0.00128766,-0.000702737,0.00130778,-0.000318721,0.000807423,0.00242656,0.00128766,0.0287179,0.00010875,-0.00012989,2.61208e-05,-0.000136108,8.66093e-05,-0.000702737,0.00010875,0.0466424,
0.00357397,0.000644893,-0.000609731,-0.000991428,-0.000267298,0.00130825,-0.000129919,0.000644893,0.00090139,0.000657012,-0.000659857,-0.000954718,-0.000318203,2.60575e-05,-0.000609731,0.000657012,0.00450306,-0.000135127,-0.00103202,0.000807629,-0.000136172,-0.000991428,-0.000659857,-0.000135127,0.00231578,0.000911128,0.00242604,8.66345e-05,-0.000267298,-0.000954718,-0.00103202,0.000911128,0.0319685,0.00128812,-0.000703245,0.00130825,-0.000318203,0.000807629,0.00242604,0.00128812,0.0287188,0.000108585,-0.000129919,2.60575e-05,-0.000136172,8.66345e-05,-0.000703245,0.000108585,0.0466425,
0.0035725,0.000644982,-0.000610075,-0.000992065,-0.000266112,0.00130872,-0.000129949,0.000644982,0.000901638,0.00065729,-0.000660184,-0.000954341,-0.000317686,2.59934e-05,-0.000610075,0.00065729,0.00450286,-0.000135041,-0.00103162,0.000807835,-0.000136236,-0.000992065,-0.000660184,-0.000135041,0.00231635,0.000911156,0.00242553,8.66586e-05,-0.000266112,-0.000954341,-0.00103162,0.000911156,0.0319695,0.00128857,-0.000703762,0.00130872,-0.000317686,0.000807835,0.00242553,0.00128857,0.0287197,0.000108415,-0.000129949,2.59934e-05,-0.000136236,8.66586e-05,-0.000703762,0.000108415,0.0466426,
0.00357104,0.000645071,-0.000610417,-0.000992693,-0.000264936,0.00130917,-0.000129979,0.000645071,0.000901886,0.000657567,-0.000660509,-0.000953965,-0.000317171,2.59285e-05,-0.000610417,0.000657567,0.00450266,-0.000134956,-0.00103123,0.00080804,-0.000136301,-0.000992693,-0.000660509,-0.000134956,0.00231692,0.000911187,0.00242503,8.66817e-05,-0.000264936,-0.000953965,-0.00103123,0.000911187,0.0319705,0.00128903,-0.000704288,0.00130917,-0.000317171,0.00080804,0.00242503,0.00128903,0.0287205,0.000108239,-0.000129979,2.59285e-05,-0.000136301,8.66817e-05,-0.000704288,0.000108239,0.0466426,
0.0035696,0.000645161,-0.000610758,-0.000993314,-0.00026377,0.00130962,-0.000130009,0.000645161,0.000902134,0.000657844,-0.000660832,-0.00095359,-0.000316657,2.58628e-05,-0.000610758,0.000657844,0.00450246,-0.000134873,-0.00103084,0.000808243,-0.000136366,-0.000993314,-0.000660832,-0.000134873,0.00231748,0.000911219,0.00242453,8.67038e-05,-0.00026377,-0.00095359,-0.00103084,0.000911219,0.0319715,0.00128947,-0.000704822,0.00130962,-0.000316657,0.000808243,0.00242453,0.00128947,0.0287214,0.000108057,-0.000130009,2.58628e-05,-0.000136366,8.67038e-05,-0.000704822,0.000108057,0.0466427,
0.00356817,0.00064525,-0.000611098,-0.000993928,-0.000262612,0.00131007,-0.00013004,0.00064525,0.000902381,0.000658121,-0.000661153,-0.000953215,-0.000316143,2.57963e-05,-0.000611098,0.000658121,0.00450226,-0.00013479,-0.00103045,0.000808447,-0.000136431,-0.000993928,-0.000661153,-0.00013479,0.00231803,0.000911253,0.00242403,8.67251e-05,-0.000262612,-0.000953215,-0.00103045,0.000911253,0.0319724,0.00128992,-0.000705364,0.00131007,-0.000316143,0.000808447,0.00242403,0.00128992,0.0287222,0.000107871,-0.00013004,2.57963e-05,-0.000136431,8.67251e-05,-0.000705364,0.000107871,0.0466427,
0.00356674,0.00064534,-0.000611437,-0.000994536,-0.000261462,0.00131051,-0.00013007,0.00064534,0.000902627,0.000658398,-0.000661472,-0.000952841,-0.000315631,2.57292e-05,-0.000611437,0.000658398,0.00450206,-0.000134709,-0.00103006,0.000808649,-0.000136496,-0.000994536,-0.000661471,-0.000134709,0.00231859,0.000911288,0.00242354,8.67455e-05,-0.000261462,-0.000952841,-0.00103006,0.000911288,0.0319734,0.00129036,-0.000705913,0.00131051,-0.000315631,0.000808649,0.00242354,0.00129036,0.0287231,0.000107679,-0.00013007,2.57292e-05,-0.000136496,8.67455e-05,-0.000705913,0.000107679,0.0466428,
0.00356533,0.00064543,-0.000611776,-0.000995139,-0.000260319,0.00131095,-0.000130101,0.00064543,0.000902873,0.000658674,-0.000661789,-0.000952467,-0.00031512,2.56615e-05,-0.000611776,0.000658674,0.00450186,-0.000134628,-0.00102967,0.000808851,-0.000136562,-0.000995139,-0.000661789,-0.000134628,0.00231914,0.000911324,0.00242305,8.67653e-05,-0.000260319,-0.000952467,-0.00102967,0.000911324,0.0319744,0.00129079,-0.000706469,0.00131095,-0.00031512,0.000808851,0.00242305,0.00129079,0.0287239,0.000107484,-0.000130101,2.56615e-05,-0.000136562,8.67653e-05,-0.000706469,0.000107484,0.0466429,
0.00356392,0.00064552,-0.000612114,-0.000995737,-0.000259181,0.00131139,-0.000130133,0.00064552,0.000903119,0.00065895,-0.000662105,-0.000952094,-0.000314609,2.55931e-05,-0.000612114,0.00065895,0.00450166,-0.000134548,-0.00102928,0.000809053,-0.000136627,-0.000995737,-0.000662105,-0.000134548,0.00231968,0.000911361,0.00242257,8.67845e-05,-0.000259181,-0.000952094,-0.00102928,0.000911361,0.0319754,0.00129123,-0.000707031,0.00131139,-0.000314609,0.000809053,0.00242257,0.00129123,0.0287248,0.000107284,-0.000130133,2.55931e-05,-0.000136627,8.67845e-05,-0.000707031,0.000107284,0.046643,
0.00356252,0.00064561,-0.000612451,-0.000996331,-0.000258048,0.00131182,-0.000130164,0.00064561,0.000903365,0.000659226,-0.00066242,-0.00095172,-0.000314099,2.55242e-05,-0.000612451,0.000659226,0.00450146,-0.000134468,-0.00102889,0.000809254,-0.000136693,-0.000996331,-0.00066242,-0.000134468,0.00232023,0.000911399,0.00242209,8.6803e-05,-0.000258048,-0.00095172,-0.00102889,0.000911399,0.0319764,0.00129166,-0.000707599,0.00131182,-0.000314099,0.000809254,0.00242209,0.00129166,0.0287257,0.000107081,-0.000130164,2.55242e-05,-0.000136693,8.6803e-05,-0.000707599,0.000107081,0.046643,
