Optimisation time (ms),num dofs,% derivs,derivs time (ms),BP time (ms),FP time (ms),surprise,expected,new cost
6.127,0,100,4.447,0.383,0.664,0,0,0
5.348,0,100,3.644,0.406,0.681,0,0,0
5.464,0,100,3.527,0.548,0.665,0,0,0
5.226,0,100,3.661,0.378,0.653,0,0,0
5.154,0,100,3.5,0.389,0.663,0,0,0
4.518,0,100,3.094,0.391,0.554,0,0,0
10.653,0,100,7.724,0.405,1.918,0,0,0
4.151,0,100,2.638,0.408,0.629,0,0,0
4.637,0,100,3.226,0.391,0.535,0,0,0
4.204,0,100,2.806,0.391,0.519,0,0,0
4.339,0,100,2.875,0.39,0.566,0,0,0
4.361,0,100,2.944,0.394,0.527,0,0,0
10.218,0,100,6.979,0.784,1.942,0,0,0
4.333,0,100,2.907,0.393,0.533,0,0,0
4.532,0,100,3.107,0.391,0.528,0,0,0
4.531,0,100,3.123,0.379,0.565,0,0,0
4.576,0,100,3.152,0.392,0.527,0,0,0
4.954,0,100,3.278,0.392,0.771,0,0,0
9.734,0,100,7.774,0.428,0.723,0,0,0
5.084,0,100,3.539,0.404,0.633,0,0,0
5.042,0,100,3.617,0.39,0.542,0,0,0
4.524,0,100,3.141,0.39,0.513,0,0,0
4.933,0,100,3.405,0.392,0.617,0,0,0
4.877,0,100,3.492,0.389,0.514,0,0,0
10.475,0,100,7.408,0.438,2.099,0,0,0
4.674,0,100,3.213,0.4,0.539,0,0,0
4.712,0,100,3.341,0.389,0.51,0,0,0
4.589,0,100,3.162,0.402,0.543,0,0,0
4.635,0,100,3.251,0.395,0.52,0,0,0
4.587,0,100,3.201,0.392,0.51,0,0,0
8.467,0,100,5.366,1.466,1.146,0,0,0
4.803,0,100,3.315,0.403,0.545,0,0,0
4.592,0,100,3.189,0.394,0.51,0,0,0
4.696,0,100,3.319,0.387,0.511,0,0,0
4.617,0,100,3.235,0.386,0.512,0,0,0
5.089,0,100,3.52,0.423,0.632,0,0,0
5.21,0,100,3.485,0.586,0.582,0,0,0
5.178,0,100,3.651,0.393,0.655,0,0,0
5.104,0,100,3.613,0.392,0.561,0,0,0
5.036,0,100,3.5,0.397,0.566,0,0,0
5.235,0,100,3.691,0.368,0.615,0,0,0
5.252,0,100,3.659,0.387,0.686,0,0,0
9.456,0,100,7.578,0.427,0.894,0,0,0
5,0,100,3.513,0.399,0.563,0,0,0
5.275,0,100,3.512,0.523,0.71,0,0,0
4.973,0,100,3.508,0.389,0.546,0,0,0
4.934,0,100,3.363,0.395,0.683,0,0,0
9.313,0,100,7.597,0.413,0.762,0,0,0
5.24,0,100,3.705,0.401,0.59,0,0,0
5.257,0,100,3.766,0.385,0.605,0,0,0
5.621,0,100,3.78,0.416,0.89,0,0,0
5.54,0,100,3.97,0.399,0.608,0,0,0
5.649,0,100,3.835,0.521,0.71,0,0,0
5.056,0,100,3.653,0.394,0.537,0,0,0
10.499,0,100,7.685,0.403,1.855,0,0,0
5.17,0,100,3.661,0.376,0.629,0,0,0
5.119,0,100,3.59,0.389,0.629,0,0,0
5.119,0,100,3.665,0.39,0.585,0,0,0
5.039,0,100,3.489,0.403,0.584,0,0,0
5.232,0,100,3.596,0.399,0.681,0,0,0
5.416,0,100,3.879,0.392,0.652,0,0,0
10.929,0,100,7.912,0.41,2.061,0,0,0
5.322,0,100,3.862,0.398,0.549,0,0,0
5.2,0,100,3.708,0.393,0.561,0,0,0
4.68,0,100,3.093,0.399,0.645,0,0,0
9.42,0,100,7.649,0.429,0.788,0,0,0
5.329,0,100,3.759,0.443,0.574,0,0,0
5.65,0,100,4.165,0.391,0.571,0,0,0
5.716,0,100,4.008,0.377,0.783,0,0,0
5.755,0,100,4.124,0.401,0.651,0,0,0
5.328,0,100,3.895,0.398,0.544,0,0,0
5.57,0,100,4.005,0.387,0.631,0,0,0
5.469,0,100,3.898,0.404,0.581,0,0,0
5.28,0,100,3.787,0.397,0.579,0,0,0
5.356,0,100,3.776,0.372,0.687,0,0,0
5.513,0,100,3.874,0.4,0.571,0,0,0
5.651,0,100,4.168,0.387,0.588,0,0,0
5.307,0,100,3.622,0.413,0.71,0,0,0
5.337,0,100,3.799,0.403,0.565,0,0,0
5.342,0,100,3.734,0.4,0.661,0,0,0
5.638,0,100,3.95,0.422,0.719,0,0,0
5.55,0,100,3.984,0.403,0.603,0,0,0
5.165,0,100,3.599,0.404,0.626,0,0,0
5.09,0,100,3.605,0.395,0.559,0,0,0
5.214,0,100,3.565,0.399,0.655,0,0,0
5.353,0,100,3.848,0.393,0.58,0,0,0
5.233,0,100,3.709,0.381,0.623,0,0,0
5.009,0,100,3.449,0.398,0.574,0,0,0
4.685,0,100,3.177,0.393,0.582,0,0,0
5.234,0,100,3.66,0.387,0.623,0,0,0
4.566,0,100,3.148,0.391,0.549,0,0,0
8.442,0,100,5.864,1.325,0.755,0,0,0
4.997,0,100,3.446,0.394,0.599,0,0,0
4.68,0,100,3.227,0.392,0.557,0,0,0
4.673,0,100,3.179,0.389,0.572,0,0,0
4.811,0,100,3.27,0.387,0.591,0,0,0
4.699,0,100,3.177,0.39,0.6,0,0,0
9.133,0,100,7.388,0.418,0.76,0,0,0
4.933,0,100,3.39,0.398,0.585,0,0,0
4.882,0,100,3.234,0.393,0.694,0,0,0
5.585,0,100,3.401,0.631,0.877,0,0,0
5.241,0,100,3.437,0.396,0.806,0,0,0
4.768,0,100,3.211,0.4,0.58,0,0,0
4.86,0,100,3.36,0.397,0.572,0,0,0
4.587,0,100,3.151,0.393,0.549,0,0,0
4.644,0,100,3.112,0.413,0.638,0,0,0
4.509,0,100,3.042,0.395,0.554,0,0,0
8.58,0,100,4.049,1.282,2.751,0,0,0
4.753,0,100,3.115,0.4,0.558,0,0,0
5.039,0,100,3.431,0.413,0.674,0,0,0
4.994,0,100,3.415,0.388,0.665,0,0,0
4.466,0,100,3.037,0.394,0.551,0,0,0
4.544,0,100,3.077,0.389,0.568,0,0,0
10.349,0,100,7.387,0.42,2.037,0,0,0
4.635,0,100,3.079,0.403,0.609,0,0,0
4.483,0,100,3.016,0.397,0.561,0,0,0
4.51,0,100,3.089,0.392,0.535,0,0,0
4.827,0,100,3.302,0.402,0.591,0,0,0
4.362,0,100,2.937,0.389,0.546,0,0,0
9.372,0,100,7.644,0.414,0.767,0,0,0
4.698,0,100,3.268,0.394,0.545,0,0,0
4.771,0,100,3.234,0.39,0.641,0,0,0
4.498,0,100,3.067,0.387,0.583,0,0,0
4.344,0,100,2.898,0.388,0.565,0,0,0
4.572,0,100,3.181,0.387,0.539,0,0,0
10.142,0,100,5.305,1.447,2.857,0,0,0
4.518,0,100,2.96,0.448,0.545,0,0,0
4.378,0,100,2.954,0.39,0.541,0,0,0
3.921,0,100,2.562,0.392,0.525,0,0,0
3.995,0,100,2.576,0.391,0.549,0,0,0
4.427,0,100,2.907,0.39,0.645,0,0,0
9.46,0,100,7.779,0.414,0.718,0,0,0
4.162,0,100,2.784,0.403,0.513,0,0,0
4.008,0,100,2.629,0.389,0.528,0,0,0
5.019,0,100,2.998,0.424,0.813,0,0,0
4.905,0,100,3.475,0.389,0.554,0,0,0
4.666,0,100,3.268,0.386,0.521,0,0,0
10.464,0,100,7.443,0.424,2.063,0,0,0
4.638,0,100,3.139,0.397,0.589,0,0,0
4.606,0,100,3.167,0.384,0.538,0,0,0
4.945,0,100,3.487,0.403,0.566,0,0,0
5.114,0,100,3.606,0.395,0.57,0,0,0
9.654,0,100,7.602,0.577,0.827,0,0,0
4.815,0,100,3.321,0.398,0.557,0,0,0
4.618,0,100,3.159,0.396,0.561,0,0,0
4.902,0,100,3.25,0.417,0.71,0,0,0
4.748,0,100,3.243,0.39,0.567,0,0,0
4.72,0,100,3.227,0.386,0.581,0,0,0
8.675,0,100,4.648,1.015,2.478,0,0,0
4.858,0,100,3.275,0.425,0.612,0,0,0
4.679,0,100,3.177,0.407,0.573,0,0,0
4.919,0,100,3.306,0.433,0.624,0,0,0
5.129,0,100,3.458,0.434,0.641,0,0,0
8.556,0,100,5.87,1.454,0.678,0,0,0
4.735,0,100,3.24,0.396,0.554,0,0,0
4.696,0,100,3.108,0.425,0.634,0,0,0
4.754,0,100,3.264,0.391,0.554,0,0,0
4.432,0,100,2.986,0.386,0.545,0,0,0
4.646,0,100,3.148,0.388,0.56,0,0,0
8.43,0,100,4.17,1.239,2.503,0,0,0
4.875,0,100,3.24,0.397,0.565,0,0,0
4.431,0,100,2.995,0.389,0.537,0,0,0
4.32,0,100,2.906,0.389,0.533,0,0,0
4.254,0,100,2.742,0.41,0.607,0,0,0
4.287,0,100,2.858,0.391,0.536,0,0,0
8.81,0,100,3.472,1.23,3.582,0,0,0
4.744,0,100,3.252,0.399,0.548,0,0,0
4.39,0,100,2.896,0.39,0.56,0,0,0
4.649,0,100,3.167,0.392,0.567,0,0,0
4.398,0,100,2.944,0.385,0.554,0,0,0
4.382,0,100,2.932,0.39,0.544,0,0,0
8.874,0,100,3.411,1.358,3.279,0,0,0
4.522,0,100,2.98,0.393,0.574,0,0,0
4.425,0,100,2.935,0.424,0.571,0,0,0
4.327,0,100,2.824,0.421,0.584,0,0,0
4.111,0,100,2.638,0.385,0.558,0,0,0
4.99,0,100,3.27,0.502,0.657,0,0,0
9.4,0,100,3.622,0.862,4.298,0,0,0
5.154,0,100,3.35,0.511,0.665,0,0,0
4.823,0,100,3.227,0.443,0.608,0,0,0
4.073,0,100,2.646,0.384,0.533,0,0,0
4.204,0,100,2.748,0.361,0.639,0,0,0
9.168,0,100,3.583,1.289,3.802,0,0,0
4.133,0,100,2.744,0.394,0.522,0,0,0
4.373,0,100,2.907,0.387,0.587,0,0,0
4.225,0,100,2.786,0.388,0.569,0,0,0
4.284,0,100,2.916,0.388,0.514,0,0,0
4.422,0,100,2.988,0.392,0.543,0,0,0
10.341,0,100,3.268,1.032,5.503,0,0,0
4.453,0,100,2.926,0.391,0.614,0,0,0
4.163,0,100,2.747,0.387,0.528,0,0,0
4.191,0,100,2.798,0.388,0.516,0,0,0
4.142,0,100,2.745,0.402,0.548,0,0,0
4.322,0,100,2.619,0.388,0.83,0,0,0
8.54,0,100,3.265,0.951,3.833,0,0,0
4.147,0,100,2.721,0.406,0.509,0,0,0
3.861,0,100,2.561,0.388,0.473,0,0,0
4.079,0,100,2.716,0.387,0.533,0,0,0
4.108,0,100,2.733,0.402,0.519,0,0,0
4.066,0,100,2.672,0.4,0.523,0,0,0
6.543,0,100,2.915,0.424,2.634,0,0,0
4.46,0,100,2.997,0.404,0.531,0,0,0
4.034,0,100,2.683,0.4,0.497,0,0,0
4.511,0,100,2.991,0.464,0.564,0,0,0
4.202,0,100,2.654,0.421,0.587,0,0,0
4.054,0,100,2.525,0.385,0.685,0,0,0
8.625,0,100,2.912,0.659,4.544,0,0,0
4.192,0,100,2.768,0.394,0.529,0,0,0
3.971,0,100,2.594,0.387,0.515,0,0,0
4.612,0,100,3.097,0.42,0.616,0,0,0
4.459,0,100,3.005,0.391,0.558,0,0,0
4.439,0,100,3.025,0.384,0.525,0,0,0
9.01,0,100,7.432,0.408,0.666,0,0,0
4.774,0,100,3.173,0.394,0.59,0,0,0
4.515,0,100,3.072,0.381,0.563,0,0,0
4.402,0,100,2.999,0.386,0.522,0,0,0
4.463,0,100,3.067,0.384,0.517,0,0,0
4.524,0,100,3.079,0.39,0.568,0,0,0
9.805,0,100,3.921,1.25,4.118,0,0,0
4.84,0,100,3.327,0.4,0.545,0,0,0
4.504,0,100,3.087,0.393,0.516,0,0,0
4.594,0,100,3.14,0.388,0.558,0,0,0
4.356,0,100,2.968,0.389,0.509,0,0,0
4.298,0,100,2.912,0.389,0.511,0,0,0
8.82,0,100,3.803,1.313,3.211,0,0,0
4.584,0,100,3.034,0.369,0.616,0,0,0
4.8,0,100,3.296,0.478,0.546,0,0,0
4.794,0,100,3.235,0.393,0.665,0,0,0
4.735,0,100,3.213,0.39,0.598,0,0,0
5.036,0,100,3.618,0.391,0.535,0,0,0
9.078,0,100,4.207,1.193,3.151,0,0,0
4.93,0,100,3.425,0.441,0.534,0,0,0
4.757,0,100,3.319,0.406,0.527,0,0,0
4.849,0,100,3.38,0.379,0.567,0,0,0
4.721,0,100,3.288,0.389,0.543,0,0,0
4.916,0,100,3.477,0.384,0.537,0,0,0
10.303,0,100,7.43,0.406,1.948,0,0,0
5.183,0,100,3.612,0.405,0.592,0,0,0
5.212,0,100,3.545,0.39,0.658,0,0,0
5.223,0,100,3.767,0.388,0.574,0,0,0
5.157,0,100,3.588,0.397,0.582,0,0,0
5.198,0,100,3.693,0.387,0.596,0,0,0
5.008,0,100,3.511,0.36,0.615,0,0,0
9.344,0,100,7.641,0.416,0.728,0,0,0
4.825,0,100,3.326,0.394,0.565,0,0,0
4.853,0,100,3.36,0.39,0.565,0,0,0
4.692,0,100,3.206,0.386,0.573,0,0,0
4.381,0,100,2.977,0.385,0.528,0,0,0
4.568,0,100,3.161,0.403,0.513,0,0,0
8.808,0,100,3.503,1.237,3.557,0,0,0
4.485,0,100,3.021,0.393,0.582,0,0,0
4.372,0,100,2.992,0.379,0.54,0,0,0
4.25,0,100,2.882,0.386,0.522,0,0,0
4.137,0,100,2.815,0.388,0.478,0,0,0
4.23,0,100,2.831,0.398,0.541,0,0,0
8.537,0,100,3.588,1.273,3.206,0,0,0
4.247,0,100,2.896,0.392,0.489,0,0,0
4.113,0,100,2.73,0.387,0.506,0,0,0
4.258,0,100,2.825,0.392,0.574,0,0,0
4.105,0,100,2.726,0.385,0.518,0,0,0
4.169,0,100,2.803,0.39,0.513,0,0,0
9.16,0,100,3.677,1.295,3.69,0,0,0
4.103,0,100,2.698,0.396,0.508,0,0,0
4.013,0,100,2.594,0.38,0.558,0,0,0
4.24,0,100,2.857,0.388,0.52,0,0,0
4.07,0,100,2.686,0.387,0.525,0,0,0
4.594,0,100,3.144,0.399,0.56,0,0,0
8.165,0,100,3.482,0.568,3.618,0,0,0
4.283,0,100,2.85,0.399,0.52,0,0,0
4.239,0,100,2.858,0.394,0.515,0,0,0
4.16,0,100,2.763,0.389,0.526,0,0,0
4.474,0,100,3.049,0.381,0.574,0,0,0
4.114,0,100,2.746,0.389,0.507,0,0,0
8.174,0,100,3.201,0.656,3.827,0,0,0
4.304,0,100,2.893,0.404,0.51,0,0,0
4.282,0,100,2.845,0.394,0.55,0,0,0
4.237,0,100,2.895,0.389,0.489,0,0,0
3.862,0,100,2.519,0.393,0.5,0,0,0
4.076,0,100,2.702,0.387,0.495,0,0,0
8.195,0,100,3.133,0.872,3.679,0,0,0
4.128,0,100,2.735,0.399,0.49,0,0,0
4.177,0,100,2.622,0.404,0.671,0,0,0
4.093,0,100,2.699,0.455,0.498,0,0,0
4.261,0,100,2.828,0.398,0.561,0,0,0
4.094,0,100,2.739,0.39,0.528,0,0,0
7.987,0,100,2.965,0.686,3.821,0,0,0
4.204,0,100,2.758,0.405,0.532,0,0,0
4.966,0,100,3.374,0.446,0.626,0,0,0
4.086,0,100,2.569,0.458,0.589,0,0,0
3.473,0,100,2.188,0.391,0.485,0,0,0
3.565,0,100,2.301,0.393,0.46,0,0,0
8.379,0,100,2.671,0.575,4.586,0,0,0
3.91,0,100,2.59,0.399,0.471,0,0,0
4.137,0,100,2.524,0.394,0.779,0,0,0
3.915,0,100,2.616,0.388,0.48,0,0,0
3.934,0,100,2.625,0.392,0.491,0,0,0
3.981,0,100,2.622,0.388,0.494,0,0,0
8.785,0,100,3.097,0.664,4.537,0,0,0
4.049,0,100,2.559,0.402,0.54,0,0,0
4.016,0,100,2.657,0.391,0.506,0,0,0
3.962,0,100,2.605,0.388,0.506,0,0,0
3.808,0,100,2.543,0.388,0.47,0,0,0
4.21,0,100,2.832,0.381,0.56,0,0,0
8.68,0,100,3.241,1.1,3.853,0,0,0
4.037,0,100,2.671,0.399,0.506,0,0,0
4.026,0,100,2.623,0.388,0.523,0,0,0
4.226,0,100,2.824,0.367,0.581,0,0,0
4.293,0,100,2.935,0.39,0.514,0,0,0
4.064,0,100,2.661,0.392,0.515,0,0,0
9.683,0,100,3.389,0.749,5.039,0,0,0
4.786,0,100,3.285,0.394,0.578,0,0,0
4.519,0,100,3.101,0.389,0.534,0,0,0
4.553,0,100,3.07,0.392,0.594,0,0,0
4.526,0,100,3.041,0.399,0.598,0,0,0
4.837,0,100,3.372,0.39,0.56,0,0,0
7.412,0,100,3.425,0.557,2.879,0,0,0
4.222,0,100,2.722,0.388,0.631,0,0,0
4.636,0,100,3.183,0.389,0.577,0,0,0
4.443,0,100,2.996,0.39,0.558,0,0,0
4.871,0,100,3.362,0.378,0.619,0,0,0
4.581,0,100,3.08,0.394,0.587,0,0,0
10.668,0,100,7.572,0.418,2.119,0,0,0
4.93,0,100,3.383,0.399,0.593,0,0,0
5.125,0,100,3.492,0.421,0.64,0,0,0
5.456,0,100,3.84,0.389,0.695,0,0,0
8.734,0,100,7.02,0.556,0.609,0,0,0
4.978,0,100,3.484,0.397,0.544,0,0,0
4.42,0,100,2.972,0.389,0.571,0,0,0
4.948,0,100,3.45,0.381,0.603,0,0,0
4.822,0,100,3.327,0.388,0.568,0,0,0
4.597,0,100,3.143,0.393,0.558,0,0,0
9.071,0,100,7.343,0.416,0.752,0,0,0
5.094,0,100,3.533,0.385,0.631,0,0,0
5.222,0,100,3.769,0.394,0.555,0,0,0
4.897,0,100,3.366,0.379,0.661,0,0,0
4.931,0,100,3.492,0.4,0.566,0,0,0
9.253,0,100,7.542,0.424,0.765,0,0,0
5.011,0,100,3.542,0.398,0.551,0,0,0
5.044,0,100,3.511,0.384,0.632,0,0,0
4.881,0,100,3.431,0.388,0.548,0,0,0
5.043,0,100,3.444,0.514,0.57,0,0,0
5.271,0,100,3.509,0.392,0.832,0,0,0
5.186,0,100,3.554,0.397,0.612,0,0,0
5.003,0,100,3.439,0.392,0.642,0,0,0
4.91,0,100,3.417,0.368,0.608,0,0,0
4.791,0,100,3.33,0.392,0.552,0,0,0
9.557,0,100,7.882,0.435,0.75,0,0,0
4.958,0,100,3.39,0.399,0.626,0,0,0
5.109,0,100,3.639,0.393,0.553,0,0,0
5.3,0,100,3.673,0.409,0.64,0,0,0
10.245,0,100,7.44,0.415,1.857,0,0,0
5.254,0,100,3.706,0.397,0.62,0,0,0
5.405,0,100,3.888,0.401,0.573,0,0,0
5.482,0,100,3.99,0.388,0.582,0,0,0
5.283,0,100,3.754,0.4,0.556,0,0,0
5.093,0,100,3.645,0.387,0.562,0,0,0
5.929,0,100,4.149,0.429,0.837,0,0,0
5.343,0,100,3.84,0.405,0.559,0,0,0
5.476,0,100,4.012,0.388,0.566,0,0,0
5.739,0,100,4.132,0.397,0.655,0,0,0
5.598,0,100,4.107,0.396,0.541,0,0,0
5.484,0,100,3.975,0.383,0.61,0,0,0
5.488,0,100,3.815,0.375,0.663,0,0,0
5.239,0,100,3.72,0.399,0.558,0,0,0
5.264,0,100,3.853,0.39,0.547,0,0,0
5.355,0,100,3.843,0.389,0.6,0,0,0
5.316,0,100,3.767,0.398,0.558,0,0,0
5.634,0,100,4.173,0.383,0.575,0,0,0
5.734,0,100,4.121,0.394,0.652,0,0,0
5.544,0,100,4.062,0.397,0.537,0,0,0
5.649,0,100,4.205,0.382,0.584,0,0,0
6.332,0,100,4.55,0.633,0.614,0,0,0
5.842,0,100,4.291,0.397,0.537,0,0,0
5.845,0,100,4.307,0.408,0.595,0,0,0
5.998,0,100,4.151,0.426,0.902,0,0,0
6.014,0,100,4.236,0.514,0.746,0,0,0
5.745,0,100,4.248,0.392,0.577,0,0,0
6.177,0,100,4.23,0.383,1.035,0,0,0
5.727,0,100,4.155,0.398,0.546,0,0,0
6.011,0,100,4.314,0.548,0.614,0,0,0
5.977,0,100,4.122,0.386,0.968,0,0,0
5.846,0,100,4.323,0.373,0.589,0,0,0
5.792,0,100,4.202,0.387,0.632,0,0,0
5.953,0,100,4.305,0.52,0.62,0,0,0
6.563,0,100,4.891,0.459,0.647,0,0,0
5.705,0,100,4.253,0.391,0.553,0,0,0
5.835,0,100,4.354,0.407,0.571,0,0,0
5.855,0,100,4.354,0.409,0.555,0,0,0
5.948,0,100,4.52,0.394,0.551,0,0,0
6.177,0,100,4.594,0.376,0.645,0,0,0
5.943,0,100,4.421,0.404,0.566,0,0,0
5.896,0,100,4.227,0.37,0.753,0,0,0
6.071,0,100,4.231,0.392,0.917,0,0,0
5.836,0,100,4.213,0.408,0.658,0,0,0
5.882,0,100,4.351,0.392,0.636,0,0,0
5.988,0,100,4.46,0.394,0.59,0,0,0
5.878,0,100,4.335,0.399,0.561,0,0,0
5.847,0,100,4.319,0.396,0.592,0,0,0
5.909,0,100,4.363,0.378,0.635,0,0,0
6.118,0,100,4.536,0.401,0.603,0,0,0
6.057,0,100,4.521,0.366,0.625,0,0,0
5.899,0,100,4.173,0.401,0.748,0,0,0
6.138,0,100,4.493,0.39,0.622,0,0,0
5.937,0,100,4.192,0.441,0.735,0,0,0
6.488,0,100,4.638,0.401,0.88,0,0,0
6.322,0,100,4.557,0.389,0.746,0,0,0
6.022,0,100,4.383,0.394,0.592,0,0,0
5.864,0,100,4.307,0.393,0.6,0,0,0
5.842,0,100,4.233,0.402,0.635,0,0,0
5.955,0,100,4.501,0.392,0.574,0,0,0
5.91,0,100,4.289,0.439,0.613,0,0,0
6.036,0,100,4.223,0.399,0.607,0,0,0
5.671,0,100,4.172,0.391,0.586,0,0,0
5.976,0,100,4.39,0.445,0.591,0,0,0
6.086,0,100,4.423,0.398,0.578,0,0,0
6.242,0,100,4.693,0.391,0.601,0,0,0
6.148,0,100,4.255,0.406,0.935,0,0,0
5.933,0,100,4.374,0.392,0.62,0,0,0
5.831,0,100,4.16,0.38,0.714,0,0,0
6.071,0,100,4.123,0.393,0.945,0,0,0
5.749,0,100,4.183,0.404,0.601,0,0,0
5.811,0,100,4.264,0.396,0.615,0,0,0
5.973,0,100,4.277,0.37,0.781,0,0,0
6.14,0,100,4.465,0.4,0.643,0,0,0
5.726,0,100,4.075,0.391,0.678,0,0,0
5.946,0,100,4.407,0.393,0.605,0,0,0
6.003,0,100,4.373,0.398,0.616,0,0,0
5.934,0,100,4.411,0.387,0.601,0,0,0
5.962,0,100,4.436,0.394,0.594,0,0,0
5.932,0,100,4.351,0.398,0.601,0,0,0
6.425,0,100,4.884,0.398,0.602,0,0,0
6.113,0,100,4.432,0.48,0.662,0,0,0
6.105,0,100,4.524,0.398,0.589,0,0,0
5.774,0,100,4.185,0.391,0.646,0,0,0
6.361,0,100,4.546,0.402,0.835,0,0,0
6.118,0,100,4.441,0.405,0.661,0,0,0
5.753,0,100,4.091,0.42,0.664,0,0,0
5.947,0,100,4.258,0.395,0.712,0,0,0
5.974,0,100,4.257,0.413,0.693,0,0,0
5.678,0,100,4.157,0.391,0.59,0,0,0
5.771,0,100,4.268,0.392,0.58,0,0,0
5.568,0,100,3.999,0.398,0.586,0,0,0
5.609,0,100,4.008,0.394,0.626,0,0,0
5.972,0,100,4.393,0.415,0.6,0,0,0
5.733,0,100,4.121,0.402,0.623,0,0,0
5.888,0,100,4.152,0.413,0.796,0,0,0
5.643,0,100,4.008,0.394,0.676,0,0,0
6.369,0,100,4.488,0.404,0.877,0,0,0
5.625,0,100,4.028,0.396,0.651,0,0,0
5.758,0,100,4.221,0.391,0.602,0,0,0
5.869,0,100,4.045,0.419,0.781,0,0,0
5.866,0,100,4.252,0.397,0.653,0,0,0
5.708,0,100,4.146,0.391,0.594,0,0,0
5.686,0,100,3.955,0.4,0.593,0,0,0
5.524,0,100,3.987,0.392,0.609,0,0,0
5.44,0,100,3.873,0.364,0.685,0,0,0
5.593,0,100,4.028,0.399,0.593,0,0,0
5.244,0,100,3.618,0.396,0.646,0,0,0
5.321,0,100,3.733,0.389,0.691,0,0,0
5.368,0,100,3.697,0.404,0.694,0,0,0
5.486,0,100,3.952,0.392,0.588,0,0,0
5.483,0,100,3.811,0.391,0.703,0,0,0
5.406,0,100,3.857,0.4,0.572,0,0,0
5.435,0,100,3.9,0.391,0.633,0,0,0
5.591,0,100,4.069,0.374,0.624,0,0,0
5.382,0,100,3.82,0.401,0.583,0,0,0
5.546,0,100,4.029,0.392,0.594,0,0,0
5.632,0,100,4.029,0.403,0.628,0,0,0
5.999,0,100,4.308,0.397,0.675,0,0,0
5.415,0,100,3.947,0.395,0.572,0,0,0
5.625,0,100,3.963,0.364,0.773,0,0,0
5.464,0,100,3.859,0.397,0.607,0,0,0
5.711,0,100,4.152,0.392,0.638,0,0,0
5.473,0,100,3.688,0.399,0.736,0,0,0
5.851,0,100,4.217,0.4,0.623,0,0,0
5.479,0,100,3.791,0.365,0.731,0,0,0
5.64,0,100,3.898,0.392,0.762,0,0,0
6.18,0,100,4.406,0.397,0.758,0,0,0
5.75,0,100,3.948,0.4,0.737,0,0,0
5.64,0,100,3.872,0.394,0.728,0,0,0
5.744,0,100,3.88,0.424,0.751,0,0,0
6.051,0,100,4.358,0.393,0.724,0,0,0
5.678,0,100,3.927,0.396,0.811,0,0,0
5.595,0,100,3.932,0.397,0.631,0,0,0
5.455,0,100,3.93,0.392,0.62,0,0,0
5.702,0,100,4.07,0.382,0.674,0,0,0
5.55,0,100,3.887,0.418,0.633,0,0,0
5.596,0,100,3.893,0.378,0.722,0,0,0
5.469,0,100,3.853,0.389,0.669,0,0,0
5.454,0,100,3.832,0.389,0.635,0,0,0
5.556,0,100,3.821,0.395,0.729,0,0,0
5.506,0,100,3.809,0.392,0.722,0,0,0
5.718,0,100,4.078,0.382,0.646,0,0,0
5.288,0,100,3.616,0.392,0.69,0,0,0
5.309,0,100,3.73,0.396,0.621,0,0,0
5.562,0,100,3.813,0.417,0.716,0,0,0
6.436,0,100,4.486,0.393,0.795,0,0,0
6.037,0,100,4.024,0.558,0.913,0,0,0
5.383,0,100,3.757,0.403,0.622,0,0,0
5.329,0,100,3.818,0.387,0.595,0,0,0
5.591,0,100,4.036,0.384,0.623,0,0,0
5.686,0,100,4.081,0.399,0.6,0,0,0
5.696,0,100,4.1,0.38,0.647,0,0,0
5.588,0,100,3.925,0.393,0.715,0,0,0
6.188,0,100,4.537,0.394,0.649,0,0,0
5.825,0,100,4.229,0.392,0.643,0,0,0
5.809,0,100,4.078,0.402,0.644,0,0,0
5.948,0,100,4.177,0.398,0.721,0,0,0
5.847,0,100,4.182,0.398,0.653,0,0,0
6.064,0,100,4.365,0.425,0.685,0,0,0
6.186,0,100,4.331,0.426,0.752,0,0,0
5.961,0,100,4.262,0.394,0.693,0,0,0
5.839,0,100,4.216,0.402,0.635,0,0,0
6.171,0,100,4.226,0.401,0.62,0,0,0
5.792,0,100,4.228,0.392,0.622,0,0,0
6.117,0,100,4.54,0.394,0.626,0,0,0
6.095,0,100,4.365,0.4,0.623,0,0,0
6.253,0,100,4.489,0.38,0.649,0,0,0
6.163,0,100,4.451,0.399,0.751,0,0,0
5.88,0,100,4.133,0.417,0.716,0,0,0
5.765,0,100,4.185,0.393,0.617,0,0,0
6.093,0,100,4.329,0.396,0.626,0,0,0
6.008,0,100,4.336,0.4,0.63,0,0,0
5.907,0,100,4.243,0.395,0.652,0,0,0
6.184,0,100,4.543,0.399,0.642,0,0,0
6.417,0,100,4.687,0.402,0.65,0,0,0
6.187,0,100,4.619,0.394,0.633,0,0,0
6.571,0,100,4.714,0.385,0.866,0,0,0
6.142,0,100,4.485,0.399,0.608,0,0,0
6.378,0,100,4.646,0.406,0.692,0,0,0
6.097,0,100,4.266,0.403,0.806,0,0,0
6.222,0,100,4.392,0.393,0.802,0,0,0
6.129,0,100,4.361,0.396,0.728,0,0,0
6.005,0,100,4.367,0.393,0.636,0,0,0
6.113,0,100,4.402,0.406,0.652,0,0,0
5.901,0,100,4.293,0.392,0.645,0,0,0
6.843,0,100,4.666,0.389,1.219,0,0,0
6,0,100,4.244,0.402,0.636,0,0,0
6.123,0,100,4.552,0.388,0.632,0,0,0
6.102,0,100,4.129,0.446,0.924,0,0,0
6.049,0,100,4.286,0.399,0.716,0,0,0
5.852,0,100,4.212,0.393,0.651,0,0,0
6.166,0,100,4.51,0.4,0.657,0,0,0
6.065,0,100,4.364,0.4,0.663,0,0,0
6.04,0,100,4.419,0.391,0.644,0,0,0
6.283,0,100,4.599,0.386,0.684,0,0,0
6.114,0,100,4.418,0.399,0.65,0,0,0
6.214,0,100,4.509,0.384,0.691,0,0,0
6.054,0,100,4.353,0.408,0.744,0,0,0
6.057,0,100,4.317,0.39,0.689,0,0,0
6.191,0,100,4.477,0.402,0.765,0,0,0
6.084,0,100,4.424,0.396,0.642,0,0,0
6.322,0,100,4.608,0.392,0.677,0,0,0
5.967,0,100,4.285,0.396,0.714,0,0,0
6.329,0,100,4.646,0.398,0.701,0,0,0
6.329,0,100,4.484,0.424,0.797,0,0,0
6.093,0,100,4.48,0.395,0.648,0,0,0
6.319,0,100,4.708,0.4,0.65,0,0,0
6.343,0,100,4.6,0.38,0.751,0,0,0
6.165,0,100,4.433,0.391,0.752,0,0,0
6.014,0,100,4.418,0.395,0.626,0,0,0
6.033,0,100,4.4,0.405,0.624,0,0,0
6.139,0,100,4.535,0.392,0.637,0,0,0
6.149,0,100,4.448,0.416,0.674,0,0,0
6.271,0,100,4.61,0.398,0.632,0,0,0
6.385,0,100,4.677,0.391,0.683,0,0,0
6.214,0,100,4.452,0.426,0.711,0,0,0
6.233,0,100,4.5,0.401,0.638,0,0,0
6.358,0,100,4.689,0.399,0.669,0,0,0
6.628,0,100,4.765,0.388,0.868,0,0,0
6.189,0,100,4.565,0.405,0.628,0,0,0
6.685,0,100,4.992,0.393,0.71,0,0,0
12.153,0,100,6.936,0.45,4.113,0,0,0
6.475,0,100,4.79,0.397,0.652,0,0,0
6.492,0,100,4.862,0.386,0.623,0,0,0
6.104,0,100,4.368,0.422,0.713,0,0,0
6.09,0,100,4.258,0.424,0.792,0,0,0
6.492,0,100,4.812,0.399,0.72,0,0,0
5.948,0,100,4.361,0.393,0.639,0,0,0
6.274,0,100,4.622,0.403,0.619,0,0,0
6.488,0,100,4.928,0.389,0.616,0,0,0
6.36,0,100,4.719,0.395,0.639,0,0,0
6.329,0,100,4.695,0.398,0.625,0,0,0
6.186,0,100,4.613,0.393,0.642,0,0,0
6.619,0,100,4.937,0.393,0.67,0,0,0
6.592,0,100,4.904,0.403,0.667,0,0,0
6.763,0,100,4.936,0.381,0.873,0,0,0
6.086,0,100,4.26,0.436,0.833,0,0,0
6.648,0,100,4.954,0.399,0.662,0,0,0
6.319,0,100,4.64,0.401,0.698,0,0,0
6.081,0,100,4.479,0.4,0.631,0,0,0
6.72,0,100,4.868,0.399,0.818,0,0,0
6.589,0,100,5.013,0.397,0.617,0,0,0
6.258,0,100,4.649,0.393,0.645,0,0,0
6.177,0,100,4.544,0.397,0.611,0,0,0
6.377,0,100,4.807,0.396,0.63,0,0,0
6.136,0,100,4.4,0.402,0.748,0,0,0
6.38,0,100,4.793,0.398,0.618,0,0,0
6.199,0,100,4.592,0.393,0.628,0,0,0
7.193,0,100,4.847,0.751,0.994,0,0,0
6.867,0,100,5.244,0.399,0.614,0,0,0
6.464,0,100,4.746,0.399,0.739,0,0,0
5.997,0,100,4.333,0.392,0.686,0,0,0
6.025,0,100,4.321,0.404,0.694,0,0,0
6.042,0,100,4.407,0.391,0.678,0,0,0
6.077,0,100,4.534,0.396,0.612,0,0,0
6.161,0,100,4.517,0.398,0.608,0,0,0
6.093,0,100,4.509,0.392,0.619,0,0,0
6.318,0,100,4.672,0.413,0.672,0,0,0
6.247,0,100,4.635,0.398,0.615,0,0,0
6.407,0,100,4.796,0.393,0.627,0,0,0
6.037,0,100,4.423,0.425,0.642,0,0,0
6.37,0,100,4.745,0.402,0.614,0,0,0
6.433,0,100,4.813,0.394,0.667,0,0,0
6.086,0,100,4.381,0.394,0.763,0,0,0
6.652,0,100,4.69,0.428,0.919,0,0,0
5.83,0,100,4.278,0.393,0.599,0,0,0
5.984,0,100,4.409,0.393,0.61,0,0,0
6.003,0,100,4.417,0.4,0.605,0,0,0
5.719,0,100,4.166,0.39,0.605,0,0,0
6.141,0,100,4.228,0.404,0.945,0,0,0
5.918,0,100,4.303,0.405,0.61,0,0,0
6.028,0,100,4.422,0.39,0.643,0,0,0
6.128,0,100,4.417,0.432,0.719,0,0,0
6.079,0,100,4.371,0.403,0.684,0,0,0
5.799,0,100,4.154,0.393,0.693,0,0,0
5.781,0,100,4.213,0.395,0.602,0,0,0
5.999,0,100,4.421,0.396,0.616,0,0,0
5.864,0,100,4.174,0.397,0.651,0,0,0
5.931,0,100,4.239,0.416,0.71,0,0,0
6.016,0,100,4.155,0.403,0.602,0,0,0
5.874,0,100,4.239,0.369,0.716,0,0,0
5.64,0,100,3.919,0.395,0.755,0,0,0
5.422,0,100,3.736,0.423,0.671,0,0,0
5.38,0,100,3.893,0.392,0.585,0,0,0
5.468,0,100,3.914,0.392,0.643,0,0,0
5.421,0,100,3.871,0.402,0.58,0,0,0
5.279,0,100,3.778,0.391,0.589,0,0,0
5.58,0,100,3.958,0.399,0.7,0,0,0
5.291,0,100,3.641,0.399,0.579,0,0,0
5.451,0,100,3.86,0.426,0.635,0,0,0
5.172,0,100,3.572,0.392,0.656,0,0,0
5.619,0,100,4.035,0.399,0.594,0,0,0
5.417,0,100,3.658,0.382,0.759,0,0,0
4.965,0,100,3.471,0.395,0.566,0,0,0
10.727,0,100,7.646,0.417,2.069,0,0,0
5.146,0,100,3.636,0.403,0.575,0,0,0
5.021,0,100,3.478,0.398,0.634,0,0,0
4.965,0,100,3.478,0.391,0.57,0,0,0
5.131,0,100,3.436,0.416,0.753,0,0,0
4.942,0,100,3.394,0.403,0.575,0,0,0
5.076,0,100,3.463,0.424,0.626,0,0,0
5.068,0,100,3.568,0.389,0.583,0,0,0
4.956,0,100,3.463,0.39,0.569,0,0,0
4.879,0,100,3.393,0.389,0.569,0,0,0
9.305,0,100,7.58,0.418,0.748,0,0,0
5.204,0,100,3.625,0.396,0.623,0,0,0
4.823,0,100,3.283,0.387,0.611,0,0,0
4.986,0,100,3.47,0.386,0.623,0,0,0
4.646,0,100,3.158,0.394,0.565,0,0,0
8.832,0,100,4.278,1.184,2.816,0,0,0
4.715,0,100,3.12,0.399,0.573,0,0,0
4.572,0,100,3.101,0.401,0.57,0,0,0
4.441,0,100,3.003,0.395,0.562,0,0,0
4.499,0,100,3.022,0.392,0.563,0,0,0
4.684,0,100,2.943,0.395,0.81,0,0,0
9.142,0,100,3.754,1.397,3.458,0,0,0
4.955,0,100,3.468,0.406,0.555,0,0,0
4.405,0,100,2.913,0.39,0.597,0,0,0
4.925,0,100,3.361,0.393,0.583,0,0,0
4.869,0,100,3.366,0.398,0.577,0,0,0
4.319,0,100,2.905,0.391,0.541,0,0,0
8.637,0,100,3.714,1.336,3.063,0,0,0
4.887,0,100,3.331,0.399,0.6,0,0,0
4.989,0,100,3.509,0.391,0.563,0,0,0
4.689,0,100,3.215,0.393,0.562,0,0,0
4.729,0,100,3.163,0.404,0.639,0,0,0
4.869,0,100,3.363,0.393,0.58,0,0,0
9.191,0,100,7.364,0.422,0.751,0,0,0
4.488,0,100,3.029,0.4,0.545,0,0,0
4.32,0,100,2.871,0.392,0.528,0,0,0
3.895,0,100,2.472,0.396,0.564,0,0,0
4.058,0,100,2.661,0.387,0.53,0,0,0
4.137,0,100,2.795,0.388,0.494,0,0,0
8.6,0,100,3.345,0.685,4.015,0,0,0
4.461,0,100,2.897,0.389,0.529,0,0,0
4.274,0,100,2.888,0.387,0.52,0,0,0
4.166,0,100,2.779,0.388,0.522,0,0,0
4.246,0,100,2.828,0.391,0.566,0,0,0
4.368,0,100,2.974,0.377,0.549,0,0,0
9.024,0,100,3.358,1.147,4.032,0,0,0
4.293,0,100,2.906,0.398,0.505,0,0,0
3.964,0,100,2.645,0.387,0.485,0,0,0
4.125,0,100,2.762,0.387,0.511,0,0,0
4.355,0,100,2.958,0.395,0.536,0,0,0
4.11,0,100,2.728,0.389,0.516,0,0,0
8.719,0,100,3.349,1.113,3.74,0,0,0
4.255,0,100,2.677,0.398,0.654,0,0,0
4.391,0,100,2.887,0.436,0.607,0,0,0
4.58,0,100,3.156,0.391,0.538,0,0,0
4.652,0,100,3.233,0.393,0.532,0,0,0
4.423,0,100,2.984,0.399,0.553,0,0,0
7.311,0,100,3.338,1.237,2.047,0,0,0
4.514,0,100,3.056,0.403,0.54,0,0,0
4.743,0,100,3.232,0.423,0.607,0,0,0
4.874,0,100,3.279,0.422,0.626,0,0,0
4.833,0,100,3.325,0.41,0.556,0,0,0
4.646,0,100,3.135,0.426,0.567,0,0,0
8.221,0,100,3.512,1.349,2.823,0,0,0
4.381,0,100,2.893,0.398,0.608,0,0,0
4.369,0,100,2.965,0.387,0.535,0,0,0
4.144,0,100,2.753,0.387,0.532,0,0,0
4.157,0,100,2.759,0.386,0.527,0,0,0
4.448,0,100,3.071,0.377,0.535,0,0,0
9.088,0,100,3.763,1.209,3.602,0,0,0
4.581,0,100,3.176,0.401,0.519,0,0,0
4.755,0,100,3.308,0.389,0.54,0,0,0
4.609,0,100,3.154,0.391,0.541,0,0,0
4.882,0,100,3.277,0.391,0.692,0,0,0
4.64,0,100,3.222,0.39,0.529,0,0,0
10.066,0,100,7.288,0.416,1.826,0,0,0
4.578,0,100,3.144,0.395,0.534,0,0,0
4.629,0,100,3.144,0.394,0.574,0,0,0
4.673,0,100,3.154,0.402,0.58,0,0,0
4.703,0,100,3.26,0.394,0.537,0,0,0
4.992,0,100,3.343,0.393,0.726,0,0,0
9.268,0,100,7.4,0.426,0.626,0,0,0
5.412,0,100,3.376,0.634,0.639,0,0,0
4.807,0,100,3.319,0.4,0.583,0,0,0
4.976,0,100,3.163,0.462,0.591,0,0,0
5.074,0,100,3.568,0.393,0.589,0,0,0
5.198,0,100,3.503,0.398,0.646,0,0,0
4.974,0,100,3.34,0.395,0.582,0,0,0
4.903,0,100,3.337,0.394,0.623,0,0,0
5.128,0,100,3.585,0.391,0.592,0,0,0
5.154,0,100,3.625,0.399,0.572,0,0,0
5.249,0,100,3.681,0.383,0.621,0,0,0
5.228,0,100,3.56,0.406,0.709,0,0,0
5.663,0,100,4.119,0.398,0.577,0,0,0
5.578,0,100,3.943,0.366,0.708,0,0,0
5.219,0,100,3.553,0.39,0.682,0,0,0
5.332,0,100,3.65,0.403,0.622,0,0,0
4.981,0,100,3.486,0.392,0.569,0,0,0
5.121,0,100,3.461,0.406,0.697,0,0,0
9.563,0,100,7.862,0.421,0.77,0,0,0
5.262,0,100,3.618,0.401,0.698,0,0,0
4.82,0,100,3.377,0.394,0.543,0,0,0
4.906,0,100,3.339,0.397,0.63,0,0,0
4.997,0,100,3.494,0.466,0.558,0,0,0
10.141,0,100,4.072,1.188,4.354,0,0,0
4.729,0,100,3.276,0.404,0.531,0,0,0
4.656,0,100,3.237,0.39,0.531,0,0,0
4.535,0,100,3.077,0.406,0.567,0,0,0
4.384,0,100,2.98,0.388,0.524,0,0,0
4.589,0,100,3.186,0.39,0.522,0,0,0
8.012,0,100,3.923,0.708,2.859,0,0,0
4.933,0,100,3.39,0.389,0.563,0,0,0
4.567,0,100,3.163,0.389,0.521,0,0,0
4.558,0,100,3.156,0.39,0.514,0,0,0
4.691,0,100,3.302,0.397,0.539,0,0,0
4.51,0,100,3.141,0.388,0.513,0,0,0
8.249,0,100,3.815,1.269,2.636,0,0,0
4.638,0,100,3.164,0.396,0.559,0,0,0
4.571,0,100,3.106,0.39,0.545,0,0,0
4.881,0,100,3.411,0.39,0.593,0,0,0
5.063,0,100,3.622,0.393,0.543,0,0,0
4.925,0,100,3.494,0.389,0.532,0,0,0
10.835,0,100,8.015,0.405,1.897,0,0,0
5.025,0,100,3.524,0.401,0.573,0,0,0
4.755,0,100,3.344,0.392,0.523,0,0,0
4.816,0,100,3.411,0.389,0.526,0,0,0
4.807,0,100,3.309,0.393,0.61,0,0,0
4.804,0,100,3.325,0.397,0.607,0,0,0
10.524,0,100,7.673,0.441,1.907,0,0,0
4.686,0,100,3.272,0.401,0.517,0,0,0
4.656,0,100,3.257,0.391,0.53,0,0,0
4.605,0,100,3.23,0.397,0.504,0,0,0
4.687,0,100,3.303,0.394,0.506,0,0,0
4.761,0,100,3.338,0.391,0.523,0,0,0
9.516,0,100,3.823,1.274,3.92,0,0,0
4.992,0,100,3.32,0.403,0.763,0,0,0
4.572,0,100,3.214,0.388,0.496,0,0,0
4.731,0,100,3.322,0.403,0.54,0,0,0
4.767,0,100,3.393,0.39,0.517,0,0,0
4.696,0,100,3.31,0.402,0.505,0,0,0
8.387,0,100,3.775,0.657,3.462,0,0,0
4.843,0,100,3.289,0.431,0.559,0,0,0
4.795,0,100,3.355,0.398,0.534,0,0,0
4.612,0,100,3.144,0.396,0.563,0,0,0
4.968,0,100,3.377,0.433,0.596,0,0,0
4.992,0,100,3.445,0.384,0.612,0,0,0
9.269,0,100,7.581,0.419,0.718,0,0,0
4.82,0,100,3.379,0.431,0.507,0,0,0
4.368,0,100,3.025,0.388,0.492,0,0,0
4.908,0,100,3.278,0.499,0.633,0,0,0
4.738,0,100,3.254,0.39,0.519,0,0,0
4.307,0,100,2.92,0.391,0.507,0,0,0
8.248,0,100,3.386,1.24,3.116,0,0,0
4.48,0,100,3.098,0.412,0.487,0,0,0
5.003,0,100,3.401,0.444,0.62,0,0,0
4.416,0,100,2.964,0.433,0.538,0,0,0
4.29,0,100,2.856,0.406,0.511,0,0,0
4.396,0,100,2.858,0.389,0.565,0,0,0
8.818,0,100,3.425,0.718,4.183,0,0,0
4.642,0,100,3.225,0.404,0.511,0,0,0
4.884,0,100,3.323,0.474,0.608,0,0,0
4.655,0,100,3.155,0.39,0.533,0,0,0
4.641,0,100,2.848,0.613,0.635,0,0,0
4.256,0,100,2.873,0.393,0.515,0,0,0
8.325,0,100,3.633,1.31,2.921,0,0,0
4.732,0,100,3.134,0.435,0.618,0,0,0
4.571,0,100,3.056,0.406,0.616,0,0,0
5.064,0,100,3.486,0.469,0.607,0,0,0
5.253,0,100,3.5,0.511,0.662,0,0,0
9.93,0,100,4.954,1.462,2.815,0,0,0
6.108,0,100,4.022,0.56,0.771,0,0,0
6.06,0,100,4.069,0.57,0.79,0,0,0
4.618,0,100,3.283,0.382,0.509,0,0,0
8.29,0,100,4.142,1.23,2.418,0,0,0
4.48,0,100,3.077,0.396,0.515,0,0,0
5.067,0,100,3.43,0.432,0.615,0,0,0
4.97,0,100,3.453,0.426,0.559,0,0,0
4.728,0,100,3.197,0.443,0.579,0,0,0
5.253,0,100,3.448,0.475,0.728,0,0,0
5.711,0,100,3.885,0.453,0.671,0,0,0
4.711,0,100,3.132,0.415,0.666,0,0,0
4.551,0,100,3.153,0.385,0.542,0,0,0
4.474,0,100,3.067,0.39,0.531,0,0,0
8.937,0,100,5.142,1.209,2.019,0,0,0
5.232,0,100,3.665,0.398,0.537,0,0,0
5.036,0,100,3.58,0.396,0.574,0,0,0
4.883,0,100,3.425,0.394,0.548,0,0,0
4.612,0,100,3.222,0.392,0.517,0,0,0
10.709,0,100,7.683,0.429,2.1,0,0,0
4.675,0,100,3.159,0.405,0.593,0,0,0
4.782,0,100,3.355,0.396,0.541,0,0,0
4.674,0,100,3.201,0.392,0.558,0,0,0
5.108,0,100,3.517,0.395,0.669,0,0,0
10.298,0,100,7.436,0.419,1.904,0,0,0
5.346,0,100,3.772,0.405,0.59,0,0,0
5.235,0,100,3.776,0.401,0.554,0,0,0
5.268,0,100,3.724,0.372,0.639,0,0,0
5.239,0,100,3.661,0.402,0.599,0,0,0
5.378,0,100,3.814,0.382,0.639,0,0,0
5.493,0,100,3.765,0.379,0.744,0,0,0
5.76,0,100,4.139,0.404,0.595,0,0,0
5.233,0,100,3.621,0.396,0.668,0,0,0
5.105,0,100,3.536,0.397,0.607,0,0,0
5.923,0,100,4.07,0.424,0.727,0,0,0
5.457,0,100,3.895,0.401,0.617,0,0,0
5.261,0,100,3.726,0.388,0.617,0,0,0
5.551,0,100,3.8,0.409,0.735,0,0,0
5.495,0,100,3.872,0.399,0.681,0,0,0
5.768,0,100,4.117,0.429,0.602,0,0,0
5.973,0,100,4.127,0.435,0.748,0,0,0
5.558,0,100,4.022,0.394,0.584,0,0,0
5.598,0,100,4.035,0.392,0.595,0,0,0
5.501,0,100,3.878,0.403,0.601,0,0,0
5.632,0,100,4.086,0.391,0.611,0,0,0
5.778,0,100,4.162,0.375,0.671,0,0,0
5.904,0,100,4.278,0.399,0.612,0,0,0
5.609,0,100,3.969,0.393,0.677,0,0,0
5.509,0,100,3.88,0.392,0.688,0,0,0
6.049,0,100,4.404,0.4,0.611,0,0,0
5.677,0,100,3.999,0.392,0.715,0,0,0
5.743,0,100,4.172,0.401,0.611,0,0,0
5.987,0,100,4.19,0.422,0.732,0,0,0
5.717,0,100,4.126,0.399,0.619,0,0,0
5.805,0,100,4.177,0.391,0.668,0,0,0
6.25,0,100,4.501,0.428,0.708,0,0,0
5.828,0,100,4.231,0.397,0.616,0,0,0
5.97,0,100,4.373,0.386,0.654,0,0,0
5.881,0,100,4.256,0.401,0.614,0,0,0
5.739,0,100,4.189,0.392,0.617,0,0,0
5.994,0,100,4.284,0.397,0.706,0,0,0
6.031,0,100,4.304,0.399,0.626,0,0,0
5.805,0,100,4.097,0.401,0.719,0,0,0
6.062,0,100,4.135,0.394,0.95,0,0,0
6.021,0,100,4.195,0.41,0.676,0,0,0
6.131,0,100,4.426,0.395,0.708,0,0,0
6.202,0,100,4.595,0.4,0.637,0,0,0
6.075,0,100,4.345,0.414,0.686,0,0,0
5.868,0,100,4.292,0.396,0.622,0,0,0
6.026,0,100,4.406,0.396,0.631,0,0,0
6.07,0,100,4.284,0.4,0.746,0,0,0
6.064,0,100,4.491,0.391,0.619,0,0,0
5.824,0,100,4.196,0.391,0.627,0,0,0
6.372,0,100,4.598,0.401,0.614,0,0,0
6.396,0,100,4.805,0.392,0.634,0,0,0
6.036,0,100,4.37,0.368,0.717,0,0,0
6.685,0,100,5.022,0.398,0.644,0,0,0
6.348,0,100,4.556,0.377,0.717,0,0,0
6.347,0,100,4.479,0.534,0.714,0,0,0
6.418,0,100,4.52,0.436,0.722,0,0,0
6.051,0,100,4.432,0.396,0.642,0,0,0
6.494,0,100,4.609,0.4,0.902,0,0,0
6.556,0,100,4.605,0.401,0.92,0,0,0
6.327,0,100,4.673,0.408,0.657,0,0,0
6.469,0,100,4.759,0.372,0.727,0,0,0
6.803,0,100,5.041,0.403,0.682,0,0,0
6.213,0,100,4.448,0.392,0.729,0,0,0
5.921,0,100,4.244,0.394,0.657,0,0,0
5.935,0,100,4.239,0.402,0.69,0,0,0
5.68,0,100,4.124,0.392,0.606,0,0,0
6.12,0,100,4.493,0.398,0.651,0,0,0
6.075,0,100,4.382,0.403,0.642,0,0,0
6.039,0,100,4.43,0.393,0.642,0,0,0
6.092,0,100,4.408,0.413,0.666,0,0,0
6.066,0,100,4.342,0.398,0.609,0,0,0
5.881,0,100,4.111,0.418,0.752,0,0,0
6.271,0,100,4.537,0.393,0.729,0,0,0
6.57,0,100,4.754,0.423,0.74,0,0,0
6.188,0,100,4.544,0.396,0.638,0,0,0
6.434,0,100,4.728,0.397,0.671,0,0,0
6.467,0,100,4.614,0.396,0.81,0,0,0
6.156,0,100,4.507,0.392,0.661,0,0,0
6.309,0,100,4.67,0.395,0.658,0,0,0
6.19,0,100,4.479,0.398,0.662,0,0,0
6.511,0,100,4.862,0.395,0.665,0,0,0
6.819,0,100,5.081,0.387,0.713,0,0,0
6.683,0,100,5.002,0.402,0.646,0,0,0
6.578,0,100,4.862,0.383,0.762,0,0,0
6.006,0,100,4.334,0.387,0.724,0,0,0
6.463,0,100,4.558,0.405,0.76,0,0,0
6.312,0,100,4.683,0.394,0.636,0,0,0
6.545,0,100,4.679,0.393,0.904,0,0,0
6.539,0,100,4.743,0.389,0.773,0,0,0
6.21,0,100,4.481,0.393,0.748,0,0,0
6.445,0,100,4.585,0.399,0.865,0,0,0
6.907,0,100,5.01,0.402,0.85,0,0,0
6.544,0,100,4.907,0.402,0.652,0,0,0
6.766,0,100,4.943,0.398,0.646,0,0,0
6.377,0,100,4.741,0.401,0.64,0,0,0
6.612,0,100,4.956,0.388,0.649,0,0,0
6.533,0,100,4.818,0.4,0.698,0,0,0
6.609,0,100,4.839,0.401,0.664,0,0,0
6.561,0,100,4.788,0.405,0.777,0,0,0
6.614,0,100,4.805,0.393,0.798,0,0,0
6.524,0,100,4.688,0.443,0.721,0,0,0
7.332,0,100,5.459,0.409,0.803,0,0,0
8.275,0,100,5.873,0.401,1.382,0,0,0
6.906,0,100,5.109,0.401,0.679,0,0,0
7.066,0,100,5.335,0.398,0.68,0,0,0
6.879,0,100,5.051,0.401,0.803,0,0,0
6.445,0,100,4.685,0.386,0.723,0,0,0
6.555,0,100,4.717,0.395,0.853,0,0,0
6.636,0,100,4.894,0.397,0.669,0,0,0
6.571,0,100,4.744,0.4,0.774,0,0,0
6.602,0,100,4.909,0.394,0.666,0,0,0
6.523,0,100,4.854,0.392,0.673,0,0,0
6.629,0,100,4.902,0.399,0.664,0,0,0
6.876,0,100,5.107,0.39,0.708,0,0,0
6.703,0,100,4.961,0.397,0.729,0,0,0
6.75,0,100,4.979,0.39,0.721,0,0,0
6.837,0,100,4.967,0.474,0.75,0,0,0
6.567,0,100,4.882,0.4,0.68,0,0,0
6.712,0,100,4.902,0.418,0.733,0,0,0
6.703,0,100,4.751,0.391,0.952,0,0,0
6.394,0,100,4.748,0.394,0.672,0,0,0
6.533,0,100,4.817,0.401,0.655,0,0,0
6.73,0,100,5.062,0.392,0.653,0,0,0
6.566,0,100,4.886,0.408,0.7,0,0,0
6.425,0,100,4.722,0.401,0.677,0,0,0
6.556,0,100,4.844,0.382,0.68,0,0,0
6.436,0,100,4.595,0.439,0.809,0,0,0
6.501,0,100,4.71,0.384,0.684,0,0,0
6.305,0,100,4.58,0.392,0.72,0,0,0
6.148,0,100,4.522,0.4,0.643,0,0,0
6.293,0,100,4.587,0.401,0.652,0,0,0
6.1,0,100,4.471,0.392,0.639,0,0,0
6.454,0,100,4.818,0.396,0.648,0,0,0
6.506,0,100,4.842,0.402,0.636,0,0,0
6.489,0,100,4.769,0.398,0.676,0,0,0
6.4,0,100,4.486,0.469,0.799,0,0,0
6.203,0,100,4.479,0.402,0.638,0,0,0
6.218,0,100,4.507,0.393,0.716,0,0,0
6.157,0,100,4.23,0.404,0.937,0,0,0
6.136,0,100,4.477,0.398,0.62,0,0,0
6.038,0,100,4.466,0.392,0.619,0,0,0
6.035,0,100,4.408,0.391,0.672,0,0,0
5.913,0,100,4.302,0.399,0.619,0,0,0
5.998,0,100,4.372,0.367,0.65,0,0,0
5.893,0,100,4.034,0.533,0.72,0,0,0
5.653,0,100,3.927,0.399,0.707,0,0,0
5.795,0,100,4.228,0.394,0.601,0,0,0
5.928,0,100,4.109,0.4,0.872,0,0,0
5.768,0,100,4.15,0.401,0.598,0,0,0
5.436,0,100,3.853,0.39,0.651,0,0,0
5.412,0,100,3.836,0.385,0.63,0,0,0
5.235,0,100,3.698,0.401,0.585,0,0,0
5.212,0,100,3.697,0.386,0.612,0,0,0
5.25,0,100,3.499,0.407,0.764,0,0,0
5.26,0,100,3.666,0.4,0.62,0,0,0
5.033,0,100,3.503,0.388,0.639,0,0,0
4.986,0,100,3.541,0.366,0.592,0,0,0
4.941,0,100,3.489,0.391,0.557,0,0,0
9.364,0,100,7.638,0.416,0.747,0,0,0
4.81,0,100,3.333,0.4,0.548,0,0,0
4.779,0,100,3.271,0.403,0.587,0,0,0
4.656,0,100,3.194,0.392,0.555,0,0,0
4.631,0,100,3.197,0.388,0.547,0,0,0
4.604,0,100,3.169,0.388,0.539,0,0,0
9.497,0,100,3.842,1.229,3.933,0,0,0
4.671,0,100,3.178,0.395,0.554,0,0,0
4.361,0,100,2.91,0.392,0.557,0,0,0
4.421,0,100,2.958,0.394,0.54,0,0,0
4.466,0,100,2.956,0.388,0.568,0,0,0
4.378,0,100,2.965,0.386,0.528,0,0,0
6.665,0,100,3.571,0.523,1.965,0,0,0
4.554,0,100,3.054,0.404,0.54,0,0,0
4.631,0,100,3.118,0.393,0.625,0,0,0
4.686,0,100,3.206,0.385,0.585,0,0,0
4.315,0,100,2.879,0.406,0.548,0,0,0
4.644,0,100,3.169,0.394,0.563,0,0,0
8.814,0,100,4.778,1.212,2.272,0,0,0
4.669,0,100,3.108,0.405,0.632,0,0,0
4.563,0,100,3.079,0.389,0.58,0,0,0
4.25,0,100,2.832,0.389,0.53,0,0,0
4.389,0,100,2.923,0.389,0.583,0,0,0
4.677,0,100,3.148,0.407,0.611,0,0,0
9.407,0,100,3.913,1.274,3.681,0,0,0
4.873,0,100,3.331,0.398,0.571,0,0,0
4.693,0,100,3.204,0.396,0.562,0,0,0
5.089,0,100,3.304,0.387,0.861,0,0,0
4.626,0,100,3.148,0.395,0.566,0,0,0
8.816,0,100,4.344,1.637,2.293,0,0,0
4.69,0,100,3.088,0.41,0.634,0,0,0
4.847,0,100,3.234,0.387,0.688,0,0,0
4.752,0,100,3.239,0.391,0.546,0,0,0
4.871,0,100,3.338,0.387,0.598,0,0,0
4.646,0,100,3.211,0.387,0.538,0,0,0
9.85,0,100,8.026,0.429,0.824,0,0,0
4.64,0,100,3.129,0.396,0.572,0,0,0
4.77,0,100,3.191,0.389,0.634,0,0,0
4.611,0,100,3.189,0.363,0.585,0,0,0
4.652,0,100,3.157,0.392,0.584,0,0,0
4.53,0,100,3.043,0.391,0.566,0,0,0
9.601,0,100,4.255,1.171,3.606,0,0,0
4.848,0,100,3.276,0.435,0.603,0,0,0
4.747,0,100,3.233,0.389,0.588,0,0,0
4.618,0,100,3.19,0.391,0.535,0,0,0
4.95,0,100,3.34,0.426,0.641,0,0,0
4.698,0,100,3.156,0.386,0.609,0,0,0
9.481,0,100,3.819,1.336,3.79,0,0,0
4.595,0,100,3.136,0.398,0.537,0,0,0
4.562,0,100,3.119,0.392,0.53,0,0,0
4.702,0,100,3.254,0.415,0.543,0,0,0
4.503,0,100,3.088,0.388,0.524,0,0,0
4.521,0,100,3.111,0.39,0.522,0,0,0
8.78,0,100,3.612,1.342,3.294,0,0,0
4.554,0,100,3.051,0.397,0.559,0,0,0
4.56,0,100,2.94,0.392,0.584,0,0,0
4.488,0,100,2.987,0.388,0.606,0,0,0
4.472,0,100,3.061,0.392,0.531,0,0,0
4.441,0,100,3.035,0.39,0.521,0,0,0
9.056,0,100,3.788,1.291,3.398,0,0,0
4.704,0,100,3.157,0.402,0.596,0,0,0
4.75,0,100,3.313,0.39,0.545,0,0,0
4.604,0,100,3.156,0.391,0.549,0,0,0
5.085,0,100,3.459,0.425,0.634,0,0,0
8.746,0,100,4.384,1.218,2.601,0,0,0
4.793,0,100,3.201,0.401,0.559,0,0,0
4.779,0,100,3.277,0.364,0.651,0,0,0
4.53,0,100,3.122,0.39,0.533,0,0,0
4.417,0,100,3.004,0.389,0.536,0,0,0
4.794,0,100,3.227,0.391,0.606,0,0,0
8.76,0,100,4.066,1.225,2.947,0,0,0
4.668,0,100,3.164,0.397,0.557,0,0,0
4.8,0,100,3.294,0.428,0.583,0,0,0
4.944,0,100,3.412,0.427,0.575,0,0,0
4.861,0,100,3.225,0.433,0.661,0,0,0
4.673,0,100,3.117,0.422,0.588,0,0,0
9.999,0,100,4.367,1.338,3.718,0,0,0
4.138,0,100,2.661,0.387,0.617,0,0,0
4.483,0,100,3.051,0.386,0.561,0,0,0
4.388,0,100,2.992,0.392,0.526,0,0,0
4.498,0,100,2.985,0.407,0.624,0,0,0
3.987,0,100,2.61,0.387,0.532,0,0,0
8.359,0,100,3.646,1.391,2.782,0,0,0
4.506,0,100,3.048,0.399,0.521,0,0,0
4.451,0,100,2.951,0.392,0.58,0,0,0
4.327,0,100,2.925,0.391,0.529,0,0,0
4.172,0,100,2.774,0.388,0.534,0,0,0
4.364,0,100,2.971,0.391,0.522,0,0,0
8.98,0,100,3.463,1.238,3.77,0,0,0
4.808,0,100,3.16,0.46,0.683,0,0,0
4.659,0,100,3.235,0.391,0.529,0,0,0
4.32,0,100,2.934,0.386,0.511,0,0,0
4.175,0,100,2.798,0.386,0.509,0,0,0
4.308,0,100,2.872,0.401,0.58,0,0,0
7.617,0,100,2.942,0.615,3.572,0,0,0
4.206,0,100,2.794,0.393,0.527,0,0,0
4.057,0,100,2.676,0.385,0.514,0,0,0
4.315,0,100,2.827,0.387,0.602,0,0,0
4.215,0,100,2.851,0.39,0.534,0,0,0
4.309,0,100,2.917,0.39,0.52,0,0,0
8.93,0,100,3.089,0.844,4.491,0,0,0
4.519,0,100,3.12,0.395,0.521,0,0,0
4.707,0,100,3.221,0.414,0.571,0,0,0
4.474,0,100,3.127,0.392,0.496,0,0,0
4.413,0,100,3.006,0.392,0.524,0,0,0
4.642,0,100,3.034,0.393,0.535,0,0,0
8.9,0,100,7.472,0.424,0.541,0,0,0
4.631,0,100,3.062,0.397,0.638,0,0,0
4.612,0,100,3.161,0.392,0.548,0,0,0
4.846,0,100,3.292,0.415,0.632,0,0,0
4.749,0,100,3.293,0.393,0.546,0,0,0
5.01,0,100,3.354,0.392,0.564,0,0,0
10.984,0,100,7.52,0.457,2.194,0,0,0
5.036,0,100,3.501,0.394,0.55,0,0,0
4.792,0,100,3.347,0.392,0.554,0,0,0
5.093,0,100,3.572,0.391,0.604,0,0,0
4.847,0,100,3.377,0.391,0.547,0,0,0
9.423,0,100,5.026,1.2,2.685,0,0,0
4.613,0,100,3.136,0.398,0.551,0,0,0
4.678,0,100,3.22,0.392,0.566,0,0,0
4.395,0,100,3.042,0.386,0.5,0,0,0
4.658,0,100,3.257,0.386,0.511,0,0,0
4.592,0,100,3.199,0.396,0.573,0,0,0
8.29,0,100,3.787,1.276,2.761,0,0,0
4.61,0,100,3.181,0.397,0.53,0,0,0
4.655,0,100,3.261,0.387,0.514,0,0,0
4.404,0,100,3.033,0.387,0.523,0,0,0
4.408,0,100,3.004,0.395,0.556,0,0,0
4.567,0,100,3.181,0.391,0.523,0,0,0
8.726,0,100,5.775,1.751,0.716,0,0,0
4.575,0,100,3.127,0.399,0.555,0,0,0
4.665,0,100,3.093,0.387,0.667,0,0,0
4.714,0,100,3.222,0.394,0.583,0,0,0
4.947,0,100,3.277,0.404,0.705,0,0,0
5.073,0,100,3.405,0.441,0.602,0,0,0
9.179,0,100,7.584,0.421,0.617,0,0,0
5.089,0,100,3.405,0.4,0.749,0,0,0
5.037,0,100,3.572,0.391,0.576,0,0,0
5.047,0,100,3.479,0.39,0.643,0,0,0
5.621,0,100,3.962,0.445,0.671,0,0,0
5.395,0,100,3.593,0.465,0.682,0,0,0
7.015,0,100,5.112,0.474,0.774,0,0,0
6.066,0,100,4.164,0.394,0.868,0,0,0
5.99,0,100,4.235,0.405,0.722,0,0,0
5.734,0,100,4.116,0.39,0.649,0,0,0
5.891,0,100,4.263,0.409,0.641,0,0,0
5.175,0,100,3.604,0.4,0.593,0,0,0
5.377,0,100,3.8,0.405,0.641,0,0,0
5.48,0,100,3.726,0.383,0.751,0,0,0
5.467,0,100,3.747,0.402,0.63,0,0,0
5.255,0,100,3.609,0.385,0.715,0,0,0
5.169,0,100,3.668,0.394,0.621,0,0,0
5.361,0,100,3.781,0.404,0.606,0,0,0
5.244,0,100,3.721,0.395,0.594,0,0,0
5.299,0,100,3.801,0.369,0.631,0,0,0
5.538,0,100,3.968,0.401,0.596,0,0,0
5.826,0,100,4.075,0.386,0.648,0,0,0
5.784,0,100,3.877,0.391,1.013,0,0,0
5.47,0,100,3.868,0.395,0.632,0,0,0
5.17,0,100,3.579,0.388,0.701,0,0,0
5.382,0,100,3.958,0.388,0.556,0,0,0
5.633,0,100,3.829,0.398,0.655,0,0,0
5.468,0,100,4.016,0.393,0.555,0,0,0
5.728,0,100,4.252,0.387,0.572,0,0,0
5.834,0,100,4.258,0.399,0.577,0,0,0
5.571,0,100,3.916,0.391,0.599,0,0,0
5.743,0,100,3.939,0.394,0.846,0,0,0
5.74,0,100,4.152,0.397,0.599,0,0,0
5.802,0,100,4.105,0.403,0.735,0,0,0
5.396,0,100,3.9,0.401,0.573,0,0,0
5.72,0,100,4.081,0.399,0.681,0,0,0
5.414,0,100,3.902,0.401,0.584,0,0,0
5.32,0,100,3.786,0.388,0.63,0,0,0
5.65,0,100,4.087,0.403,0.58,0,0,0
5.544,0,100,4.046,0.391,0.6,0,0,0
6.07,0,100,4.267,0.386,0.879,0,0,0
5.45,0,100,3.872,0.4,0.582,0,0,0
5.866,0,100,4.285,0.382,0.657,0,0,0
5.95,0,100,4.339,0.372,0.647,0,0,0
5.958,0,100,4.214,0.401,0.661,0,0,0
5.695,0,100,4.023,0.4,0.766,0,0,0
5.838,0,100,4.017,0.393,0.879,0,0,0
5.963,0,100,4.262,0.39,0.698,0,0,0
5.544,0,100,3.961,0.394,0.677,0,0,0
5.495,0,100,3.949,0.392,0.613,0,0,0
5.674,0,100,4.017,0.401,0.644,0,0,0
5.532,0,100,4.005,0.394,0.6,0,0,0
5.587,0,100,3.972,0.381,0.677,0,0,0
5.682,0,100,4.053,0.402,0.604,0,0,0
5.69,0,100,4.134,0.395,0.613,0,0,0
5.893,0,100,4.106,0.385,0.851,0,0,0
5.667,0,100,4.067,0.399,0.604,0,0,0
5.48,0,100,3.912,0.367,0.65,0,0,0
5.737,0,100,3.956,0.382,0.768,0,0,0
5.853,0,100,4.318,0.395,0.584,0,0,0
6.026,0,100,4.42,0.369,0.64,0,0,0
5.572,0,100,3.911,0.39,0.67,0,0,0
5.979,0,100,4.264,0.398,0.703,0,0,0
5.762,0,100,4.029,0.394,0.75,0,0,0
5.947,0,100,4.161,0.397,0.864,0,0,0
5.803,0,100,4.059,0.377,0.726,0,0,0
5.672,0,100,4.057,0.396,0.695,0,0,0
5.999,0,100,4.173,0.391,0.917,0,0,0
5.996,0,100,4.348,0.392,0.638,0,0,0
5.753,0,100,4.057,0.391,0.753,0,0,0
5.696,0,100,3.965,0.394,0.731,0,0,0
6.027,0,100,4.274,0.391,0.744,0,0,0
5.867,0,100,4.21,0.392,0.713,0,0,0
5.832,0,100,4.269,0.389,0.62,0,0,0
5.958,0,100,4.369,0.394,0.604,0,0,0
5.698,0,100,4.159,0.392,0.61,0,0,0
5.919,0,100,4.316,0.384,0.665,0,0,0
6.063,0,100,4.361,0.397,0.706,0,0,0
5.695,0,100,4.102,0.399,0.626,0,0,0
6.004,0,100,4.086,0.372,0.96,0,0,0
5.805,0,100,4.148,0.411,0.635,0,0,0
5.734,0,100,4.194,0.393,0.606,0,0,0
5.909,0,100,4.305,0.395,0.644,0,0,0
6.074,0,100,4.425,0.408,0.63,0,0,0
5.906,0,100,4.28,0.384,0.636,0,0,0
6.014,0,100,4.182,0.46,0.79,0,0,0
5.993,0,100,4.319,0.392,0.641,0,0,0
6.1,0,100,4.407,0.36,0.766,0,0,0
5.849,0,100,4.193,0.393,0.698,0,0,0
5.877,0,100,4.199,0.399,0.672,0,0,0
5.742,0,100,4.191,0.39,0.606,0,0,0
6.229,0,100,4.679,0.393,0.616,0,0,0
6.021,0,100,4.248,0.418,0.759,0,0,0
5.876,0,100,4.288,0.4,0.626,0,0,0
6.62,0,100,4.606,0.691,0.69,0,0,0
6.126,0,100,4.456,0.404,0.602,0,0,0
6.361,0,100,4.705,0.405,0.664,0,0,0
5.792,0,100,4.093,0.392,0.716,0,0,0
6.032,0,100,4.382,0.402,0.643,0,0,0
6.267,0,100,4.58,0.441,0.674,0,0,0
6.198,0,100,4.135,0.416,1.045,0,0,0
5.767,0,100,4.054,0.394,0.641,0,0,0
5.906,0,100,4.199,0.417,0.749,0,0,0
5.987,0,100,4.084,0.391,0.945,0,0,0
5.903,0,100,4.187,0.4,0.699,0,0,0
5.688,0,100,4.128,0.391,0.611,0,0,0
6.039,0,100,4.23,0.404,0.863,0,0,0
5.988,0,100,4.348,0.409,0.604,0,0,0
5.473,0,100,3.965,0.393,0.593,0,0,0
5.999,0,100,4.166,0.407,0.873,0,0,0
5.756,0,100,4.096,0.4,0.583,0,0,0
5.762,0,100,4.223,0.394,0.596,0,0,0
5.821,0,100,4.04,0.386,0.868,0,0,0
5.551,0,100,3.912,0.399,0.677,0,0,0
5.667,0,100,3.96,0.403,0.584,0,0,0
5.455,0,100,3.895,0.391,0.648,0,0,0
5.152,0,100,3.622,0.403,0.57,0,0,0
5.136,0,100,3.639,0.381,0.596,0,0,0
5.373,0,100,3.747,0.403,0.674,0,0,0
5.605,0,100,3.94,0.388,0.699,0,0,0
5.151,0,100,3.584,0.39,0.662,0,0,0
5.408,0,100,3.864,0.391,0.641,0,0,0
6.213,0,100,4.395,0.423,0.725,0,0,0
5.536,0,100,4.018,0.393,0.605,0,0,0
5.238,0,100,3.761,0.392,0.577,0,0,0
5.377,0,100,3.834,0.401,0.573,0,0,0
5.045,0,100,3.568,0.39,0.556,0,0,0
4.873,0,100,3.41,0.393,0.559,0,0,0
5.128,0,100,3.581,0.394,0.64,0,0,0
5.2,0,100,3.443,0.471,0.701,0,0,0
4.863,0,100,3.405,0.394,0.553,0,0,0
4.767,0,100,3.229,0.399,0.642,0,0,0
4.737,0,100,3.272,0.39,0.578,0,0,0
9.261,0,100,7.604,0.423,0.689,0,0,0
4.84,0,100,3.376,0.397,0.552,0,0,0
5.035,0,100,3.61,0.364,0.591,0,0,0
4.568,0,100,3.184,0.393,0.526,0,0,0
4.419,0,100,2.993,0.388,0.538,0,0,0
4.721,0,100,3.237,0.389,0.607,0,0,0
8.853,0,100,3.521,1.224,3.601,0,0,0
4.482,0,100,3.014,0.398,0.545,0,0,0
4.314,0,100,2.887,0.397,0.553,0,0,0
4.085,0,100,2.728,0.391,0.501,0,0,0
3.978,0,100,2.611,0.39,0.52,0,0,0
3.852,0,100,2.416,0.41,0.601,0,0,0
8.302,0,100,2.838,0.395,4.609,0,0,0
4.054,0,100,2.616,0.396,0.571,0,0,0
4.006,0,100,2.648,0.39,0.505,0,0,0
4.125,0,100,2.693,0.395,0.57,0,0,0
4.052,0,100,2.679,0.392,0.512,0,0,0
4.33,0,100,2.933,0.392,0.511,0,0,0
8.92,0,100,3.034,0.515,4.82,0,0,0
4.59,0,100,2.941,0.401,0.603,0,0,0
4.344,0,100,2.938,0.378,0.561,0,0,0
4.656,0,100,3.24,0.391,0.521,0,0,0
4.6,0,100,3.171,0.391,0.532,0,0,0
4.519,0,100,3.038,0.392,0.561,0,0,0
9.737,0,100,3.394,1.181,4.596,0,0,0
4.982,0,100,3.462,0.396,0.575,0,0,0
5.086,0,100,3.579,0.391,0.575,0,0,0
4.873,0,100,3.389,0.394,0.577,0,0,0
5.042,0,100,3.518,0.39,0.582,0,0,0
10.636,0,100,7.554,0.445,2.044,0,0,0
4.954,0,100,3.289,0.416,0.686,0,0,0
4.783,0,100,3.294,0.388,0.585,0,0,0
4.589,0,100,3.102,0.391,0.565,0,0,0
4.633,0,100,3.011,0.389,0.699,0,0,0
4.775,0,100,3.266,0.365,0.643,0,0,0
10.344,0,100,7.434,0.418,1.968,0,0,0
4.905,0,100,3.368,0.396,0.573,0,0,0
4.746,0,100,3.237,0.391,0.576,0,0,0
4.999,0,100,3.299,0.413,0.582,0,0,0
4.769,0,100,3.257,0.391,0.573,0,0,0
4.8,0,100,3.295,0.39,0.569,0,0,0
8.531,0,100,4.146,1.141,2.705,0,0,0
4.793,0,100,3.265,0.398,0.572,0,0,0
4.773,0,100,3.256,0.4,0.61,0,0,0
4.861,0,100,3.332,0.402,0.589,0,0,0
4.741,0,100,3.21,0.401,0.578,0,0,0
4.91,0,100,3.302,0.4,0.625,0,0,0
9.965,0,100,8.233,0.493,0.68,0,0,0
5.091,0,100,3.411,0.443,0.629,0,0,0
5.007,0,100,3.499,0.395,0.586,0,0,0
4.629,0,100,3.115,0.394,0.581,0,0,0
4.891,0,100,3.336,0.391,0.622,0,0,0
9.083,0,100,4.277,1.215,3.059,0,0,0
5.135,0,100,3.345,0.404,0.583,0,0,0
5.089,0,100,3.399,0.418,0.725,0,0,0
5.513,0,100,3.764,0.452,0.729,0,0,0
5.18,0,100,3.374,0.433,0.739,0,0,0
4.911,0,100,3.41,0.388,0.586,0,0,0
4.973,0,100,3.383,0.393,0.676,0,0,0
4.845,0,100,3.37,0.381,0.604,0,0,0
6.086,0,100,3.877,0.489,1.182,0,0,0
4.926,0,100,3.352,0.412,0.595,0,0,0
4.914,0,100,3.348,0.39,0.603,0,0,0
4.905,0,100,3.353,0.396,0.591,0,0,0
4.932,0,100,3.394,0.393,0.578,0,0,0
4.896,0,100,3.365,0.394,0.579,0,0,0
9.038,0,100,4.726,1.287,2.418,0,0,0
5.161,0,100,3.617,0.395,0.595,0,0,0
5.168,0,100,3.535,0.397,0.679,0,0,0
4.795,0,100,3.264,0.392,0.575,0,0,0
8.886,0,100,3.814,1.03,3.514,0,0,0
4.93,0,100,3.367,0.396,0.583,0,0,0
5.073,0,100,3.325,0.568,0.545,0,0,0
4.843,0,100,3.318,0.389,0.577,0,0,0
4.661,0,100,3.17,0.392,0.538,0,0,0
8.792,0,100,3.886,1.111,3.281,0,0,0
4.707,0,100,3.181,0.395,0.629,0,0,0
4.68,0,100,3.241,0.392,0.551,0,0,0
4.461,0,100,3.018,0.389,0.55,0,0,0
4.343,0,100,2.902,0.389,0.534,0,0,0
4.459,0,100,3.033,0.367,0.589,0,0,0
7.186,0,100,3.581,0.596,2.44,0,0,0
4.071,0,100,2.716,0.394,0.487,0,0,0
3.953,0,100,2.576,0.388,0.504,0,0,0
4.052,0,100,2.637,0.386,0.526,0,0,0
4.421,0,100,2.993,0.361,0.579,0,0,0
4.349,0,100,2.944,0.394,0.525,0,0,0
8.644,0,100,3.484,1.262,3.4,0,0,0
4.267,0,100,2.845,0.401,0.518,0,0,0
3.962,0,100,2.526,0.393,0.592,0,0,0
4.465,0,100,3.092,0.387,0.526,0,0,0
4.259,0,100,2.851,0.388,0.528,0,0,0
4.287,0,100,2.883,0.387,0.528,0,0,0
8.869,0,100,3.501,1.194,3.662,0,0,0
4.623,0,100,3.14,0.399,0.582,0,0,0
4.566,0,100,3.108,0.389,0.567,0,0,0
4.586,0,100,3.14,0.393,0.529,0,0,0
4.61,0,100,3.137,0.405,0.62,0,0,0
4.877,0,100,3.44,0.393,0.536,0,0,0
7.956,0,100,3.443,1.064,2.908,0,0,0
4.983,0,100,3.487,0.402,0.533,0,0,0
4.302,0,100,2.891,0.391,0.512,0,0,0
4.298,0,100,2.787,0.415,0.618,0,0,0
4.209,0,100,2.763,0.476,0.503,0,0,0
4.428,0,100,2.985,0.408,0.535,0,0,0
8.213,0,100,3.257,1.109,3.331,0,0,0
4.169,0,100,2.743,0.405,0.512,0,0,0
4.163,0,100,2.643,0.391,0.641,0,0,0
4.269,0,100,2.856,0.391,0.534,0,0,0
4.409,0,100,2.991,0.391,0.526,0,0,0
4.579,0,100,3.123,0.363,0.634,0,0,0
9.581,0,100,7.75,0.428,0.869,0,0,0
4.816,0,100,3.31,0.397,0.564,0,0,0
4.894,0,100,3.174,0.392,0.553,0,0,0
4.576,0,100,3.049,0.392,0.608,0,0,0
4.594,0,100,3.111,0.391,0.562,0,0,0
4.902,0,100,3.422,0.393,0.566,0,0,0
10.094,0,100,7.319,0.412,1.809,0,0,0
5.121,0,100,3.625,0.403,0.565,0,0,0
5.148,0,100,3.576,0.39,0.594,0,0,0
5.418,0,100,3.885,0.391,0.604,0,0,0
5.194,0,100,3.649,0.398,0.58,0,0,0
5.325,0,100,3.759,0.379,0.636,0,0,0
5.463,0,100,3.729,0.415,0.754,0,0,0
5.139,0,100,3.555,0.397,0.592,0,0,0
5.161,0,100,3.518,0.384,0.697,0,0,0
5.287,0,100,3.546,0.393,0.726,0,0,0
5.562,0,100,3.851,0.433,0.686,0,0,0
5.009,0,100,3.487,0.389,0.581,0,0,0
5.112,0,100,3.514,0.393,0.671,0,0,0
9.611,0,100,7.643,0.424,0.976,0,0,0
5.812,0,100,4.106,0.403,0.69,0,0,0
5.709,0,100,4.078,0.409,0.691,0,0,0
5.758,0,100,4.247,0.391,0.593,0,0,0
5.708,0,100,4.04,0.398,0.688,0,0,0
5.638,0,100,4.106,0.392,0.596,0,0,0
5.751,0,100,4.192,0.392,0.609,0,0,0
5.892,0,100,4.188,0.398,0.609,0,0,0
5.729,0,100,4.201,0.391,0.604,0,0,0
5.805,0,100,4.14,0.382,0.708,0,0,0
5.89,0,100,4.313,0.404,0.615,0,0,0
6.206,0,100,4.595,0.368,0.641,0,0,0
5.851,0,100,4.082,0.396,0.788,0,0,0
5.867,0,100,4.177,0.392,0.655,0,0,0
5.811,0,100,4.133,0.393,0.698,0,0,0
5.838,0,100,4.23,0.392,0.629,0,0,0
5.895,0,100,4.198,0.402,0.648,0,0,0
5.674,0,100,4.117,0.391,0.609,0,0,0
6.052,0,100,4.445,0.442,0.628,0,0,0
5.636,0,100,4.061,0.399,0.607,0,0,0
5.88,0,100,4.276,0.403,0.639,0,0,0
5.589,0,100,3.956,0.389,0.695,0,0,0
5.634,0,100,4.052,0.395,0.594,0,0,0
5.553,0,100,3.829,0.399,0.763,0,0,0
5.027,0,100,3.534,0.395,0.556,0,0,0
8.383,0,100,4.259,0.87,2.711,0,0,0
5.24,0,100,3.667,0.41,0.59,0,0,0
5.285,0,100,3.578,0.41,0.686,0,0,0
5.49,0,100,3.835,0.395,0.712,0,0,0
5.284,0,100,3.665,0.394,0.676,0,0,0
5.404,0,100,3.723,0.395,0.717,0,0,0
5.262,0,100,3.803,0.394,0.563,0,0,0
5.304,0,100,3.67,0.405,0.683,0,0,0
5.021,0,100,3.56,0.391,0.549,0,0,0
5.027,0,100,3.483,0.387,0.601,0,0,0
4.897,0,100,3.466,0.391,0.545,0,0,0
9.19,0,100,7.493,0.411,0.753,0,0,0
4.971,0,100,3.521,0.396,0.538,0,0,0
4.87,0,100,3.444,0.391,0.534,0,0,0
4.912,0,100,3.417,0.382,0.624,0,0,0
5.059,0,100,3.673,0.386,0.516,0,0,0
5.22,0,100,3.748,0.391,0.561,0,0,0
4.871,0,100,3.411,0.403,0.532,0,0,0
4.702,0,100,3.205,0.392,0.576,0,0,0
5.034,0,100,3.57,0.391,0.555,0,0,0
4.767,0,100,3.367,0.395,0.519,0,0,0
5.074,0,100,3.617,0.39,0.554,0,0,0
5.32,0,100,3.749,0.392,0.61,0,0,0
5.318,0,100,3.672,0.399,0.71,0,0,0
5.636,0,100,3.984,0.4,0.693,0,0,0
5.299,0,100,3.699,0.4,0.635,0,0,0
5.269,0,100,3.803,0.405,0.558,0,0,0
5.154,0,100,3.629,0.373,0.622,0,0,0
5.286,0,100,3.699,0.401,0.583,0,0,0
5.451,0,100,3.942,0.398,0.577,0,0,0
5.026,0,100,3.46,0.396,0.616,0,0,0
8.365,0,100,4.67,0.561,2.649,0,0,0
4.816,0,100,3.338,0.401,0.556,0,0,0
4.891,0,100,3.42,0.401,0.546,0,0,0
4.853,0,100,3.361,0.39,0.574,0,0,0
4.95,0,100,3.304,0.569,0.564,0,0,0
4.793,0,100,3.338,0.392,0.545,0,0,0
10.161,0,100,7.371,0.418,1.856,0,0,0
4.887,0,100,3.352,0.398,0.577,0,0,0
5.007,0,100,3.505,0.39,0.589,0,0,0
4.829,0,100,3.328,0.392,0.59,0,0,0
4.973,0,100,3.48,0.392,0.563,0,0,0
4.63,0,100,3.129,0.39,0.58,0,0,0
10.512,0,100,4.863,1.162,3.908,0,0,0
4.73,0,100,3.276,0.4,0.55,0,0,0
4.494,0,100,3.039,0.391,0.557,0,0,0
5.19,0,100,3.482,0.394,0.65,0,0,0
5.43,0,100,3.845,0.393,0.624,0,0,0
5.162,0,100,3.566,0.403,0.579,0,0,0
5.183,0,100,3.616,0.396,0.604,0,0,0
5.432,0,100,3.859,0.369,0.652,0,0,0
5.413,0,100,3.849,0.4,0.583,0,0,0
4.887,0,100,3.391,0.369,0.627,0,0,0
4.834,0,100,3.325,0.397,0.588,0,0,0
5.058,0,100,3.566,0.392,0.561,0,0,0
9.53,0,100,7.732,0.422,0.817,0,0,0
4.529,0,100,2.996,0.404,0.635,0,0,0
4.597,0,100,3.164,0.394,0.553,0,0,0
4.668,0,100,3.252,0.394,0.532,0,0,0
4.776,0,100,3.304,0.391,0.585,0,0,0
4.584,0,100,3.204,0.389,0.519,0,0,0
8.703,0,100,6.972,0.619,0.597,0,0,0
4.764,0,100,3.3,0.396,0.529,0,0,0
4.716,0,100,3.296,0.391,0.53,0,0,0
4.831,0,100,3.342,0.382,0.637,0,0,0
4.693,0,100,3.256,0.392,0.543,0,0,0
4.742,0,100,3.321,0.39,0.526,0,0,0
8.971,0,100,7.23,0.425,0.745,0,0,0
5.126,0,100,3.512,0.442,0.611,0,0,0
4.826,0,100,3.408,0.391,0.531,0,0,0
5.025,0,100,3.498,0.431,0.615,0,0,0
5.4,0,100,3.493,0.391,1.024,0,0,0
5.056,0,100,3.575,0.4,0.542,0,0,0
5.304,0,100,3.827,0.407,0.567,0,0,0
5.08,0,100,3.645,0.391,0.546,0,0,0
9.89,0,100,7.703,0.802,0.826,0,0,0
5.424,0,100,3.943,0.403,0.55,0,0,0
5.323,0,100,3.899,0.394,0.539,0,0,0
5.175,0,100,3.746,0.385,0.551,0,0,0
5.308,0,100,3.722,0.4,0.562,0,0,0
4.648,0,100,3.025,0.401,0.722,0,0,0
4.753,0,100,3.289,0.393,0.556,0,0,0
