0.00177208,0.000238999,-0.000178735,4.34549e-05,0.000392413,0.00211555,-0.000362989,-0.000116136,0.000699997,0.000996373,3.44006e-05,0.000491794,0.00129502,-0.000265408,-0.000842736,0.000504501,0.00454306,4.13307e-06,-0.00129498,0.000457466,-0.000122188,-0.00107505,4.6366e-05,0.00157567,0.00010981,0.000493882,0.000686726,-0.00073409,0.000603045,0.000319559,-0.00190874,-4.14781e-05,0.032469,0.000121197,-0.00118819,0.00272623,0.00104183,-0.000861734,-9.0135e-05,-2.48015e-05,0.0265173,0.000604963,-7.80646e-05,-3.51954e-05,-8.63851e-05,5.69575e-07,-0.00146291,5.96324e-06,0.0466746,
0.0017707,0.000239085,-0.00018292,4.33846e-05,0.000395581,0.00211488,-0.000363459,-0.00011653,0.000700817,0.000998521,3.4403e-05,0.000491463,0.00129726,-0.000266302,-0.000846643,0.000506291,0.00454129,4.15873e-06,-0.00129217,0.000459495,-0.000122329,-0.00107513,4.66205e-05,0.00157518,0.000109699,0.000496073,0.000688773,-0.000736022,0.000605603,0.000318273,-0.00190611,-4.14469e-05,0.0324695,0.000120178,-0.00118854,0.00272474,0.00104299,-0.000859213,-9.00191e-05,-2.66653e-05,0.0265175,0.000606407,-7.7958e-05,-3.52324e-05,-8.62392e-05,5.70156e-07,-0.00146405,6.00479e-06,0.0466746,
0.00176929,0.000239191,-0.000187499,4.33085e-05,0.00039893,0.00211408,-0.000363957,-0.000116991,0.000701724,0.00100089,3.4406e-05,0.000491166,0.00129967,-0.000267273,-0.000850957,0.00050825,0.00453932,4.18744e-06,-0.0012891,0.000461724,-0.000122478,-0.00107537,4.6889e-05,0.0015747,0.000109579,0.000498542,0.00069093,-0.00073811,0.000608325,0.00031691,-0.0019033,-4.14147e-05,0.0324696,0.000119008,-0.00118884,0.00272322,0.00104426,-0.000856523,-8.98957e-05,-2.8851e-05,0.0265175,0.000607992,-7.78375e-05,-3.52732e-05,-8.60683e-05,5.70841e-07,-0.00146521,6.06228e-06,0.0466746,
0.00176783,0.000239308,-0.00019241,4.32277e-05,0.000402389,0.00211314,-0.000364464,-0.000117509,0.000702709,0.00100344,3.44094e-05,0.000490911,0.00130224,-0.0002683,-0.000855607,0.00051035,0.00453719,4.21846e-06,-0.00128586,0.000464098,-0.000122626,-0.00107572,4.71735e-05,0.00157422,0.000109451,0.00050121,0.00069318,-0.000740301,0.000611144,0.000315505,-0.00190036,-4.13814e-05,0.0324694,0.000117728,-0.00118908,0.00272161,0.00104563,-0.000853699,-8.97654e-05,-3.12563e-05,0.0265175,0.000609668,-7.77004e-05,-3.5317e-05,-8.58724e-05,5.71596e-07,-0.00146636,6.13761e-06,0.0466746,
0.00176629,0.000239426,-0.000197586,4.31434e-05,0.000405895,0.00211208,-0.000364963,-0.000118072,0.000703761,0.00100613,3.44133e-05,0.000490701,0.00130494,-0.000269364,-0.000860526,0.000512564,0.0045349,4.25102e-06,-0.00128251,0.000466566,-0.000122768,-0.00107613,4.74748e-05,0.00157375,0.000109319,0.000504,0.00069551,-0.000742549,0.000614002,0.000314087,-0.00189734,-4.13467e-05,0.0324688,0.000116374,-0.00118926,0.00271989,0.00104707,-0.000850778,-8.96289e-05,-3.37912e-05,0.0265174,0.000611395,-7.75453e-05,-3.5363e-05,-8.56522e-05,5.72401e-07,-0.00146747,6.23202e-06,0.0466746,
0.00176467,0.00023954,-0.000202962,4.30568e-05,0.000409394,0.00211089,-0.000365442,-0.000118672,0.000704869,0.00100894,3.44175e-05,0.000490538,0.00130773,-0.000270449,-0.000865646,0.000514865,0.00453249,4.28446e-06,-0.0012791,0.000469084,-0.000122897,-0.00107657,4.77937e-05,0.0015733,0.000109183,0.000506844,0.000697902,-0.000744816,0.000616851,0.000312682,-0.00189427,-4.13107e-05,0.0324679,0.000114978,-0.00118936,0.00271804,0.00104856,-0.000847793,-8.94872e-05,-3.63767e-05,0.0265172,0.000613141,-7.73721e-05,-3.54103e-05,-8.54094e-05,5.7324e-07,-0.00146851,6.34614e-06,0.0466746,
0.00176296,0.000239643,-0.000208477,4.29687e-05,0.000412843,0.0021096,-0.000365893,-0.0001193,0.000706022,0.00101182,3.44222e-05,0.00049042,0.00131059,-0.000271539,-0.000870904,0.000517224,0.00452996,4.31819e-06,-0.00127569,0.000471611,-0.000123011,-0.001077,4.81302e-05,0.00157285,0.000109045,0.000509684,0.000700341,-0.00074707,0.00061965,0.00031131,-0.0018912,-4.12736e-05,0.0324665,0.000113565,-0.00118938,0.00271603,0.00105008,-0.000844779,-8.93415e-05,-3.8945e-05,0.0265169,0.000614876,-7.71817e-05,-3.5458e-05,-8.51464e-05,5.74102e-07,-0.00146947,6.48005e-06,0.0466745,
0.00176116,0.000239731,-0.000214071,4.28801e-05,0.000416203,0.00210821,-0.000366307,-0.000119948,0.000707209,0.00101475,3.44271e-05,0.000490343,0.00131348,-0.000272623,-0.000876241,0.000519618,0.00452736,4.35164e-06,-0.00127232,0.000474112,-0.000123107,-0.00107741,4.84835e-05,0.00157242,0.000108906,0.000512468,0.000702814,-0.000749284,0.000622368,0.000309985,-0.00188816,-4.12353e-05,0.0324647,0.00011216,-0.00118935,0.00271388,0.0010516,-0.000841766,-8.91927e-05,-4.14381e-05,0.0265166,0.000616578,-7.69754e-05,-3.55053e-05,-8.48659e-05,5.74973e-07,-0.00147034,6.63345e-06,0.0466745,
0.00175928,0.0002398,-0.000219692,4.27919e-05,0.000419444,0.00210674,-0.000366681,-0.000120606,0.000708419,0.0010177,3.44323e-05,0.000490305,0.00131639,-0.000273689,-0.000881601,0.000522023,0.00452469,4.38437e-06,-0.00126902,0.000476558,-0.000123183,-0.00107777,4.88526e-05,0.00157201,0.000108768,0.000515153,0.000705305,-0.000751434,0.000624979,0.000308721,-0.00188518,-4.1196e-05,0.0324626,0.000110782,-0.00118924,0.00271157,0.00105312,-0.000838782,-8.90419e-05,-4.38085e-05,0.0265163,0.000618227,-7.67552e-05,-3.55514e-05,-8.45709e-05,5.75847e-07,-0.00147112,6.80569e-06,0.0466744,
0.00175732,0.000239848,-0.000225291,4.27047e-05,0.000422543,0.00210521,-0.000367011,-0.00012127,0.00070964,0.00102064,3.44377e-05,0.000490299,0.00131929,-0.000274726,-0.000886935,0.000524418,0.00452199,4.416e-06,-0.00126583,0.000478922,-0.000123239,-0.00107807,4.92364e-05,0.00157161,0.000108632,0.000517705,0.000707803,-0.000753502,0.000627461,0.000307527,-0.00188229,-4.11561e-05,0.0324601,0.000109448,-0.00118909,0.00270912,0.00105462,-0.00083585,-8.88903e-05,-4.6018e-05,0.0265159,0.000619806,-7.65232e-05,-3.55956e-05,-8.42649e-05,5.76715e-07,-0.00147181,6.99586e-06,0.0466744,
0.00175529,0.000239872,-0.000230823,4.26191e-05,0.00042548,0.00210363,-0.000367295,-0.000121931,0.000710864,0.00102354,3.44433e-05,0.000490323,0.00132216,-0.000275728,-0.000892197,0.000526784,0.00451927,4.44618e-06,-0.00126278,0.000481184,-0.000123273,-0.00107829,4.96331e-05,0.00157123,0.000108499,0.000520096,0.000710293,-0.000755472,0.000629799,0.000306409,-0.00187951,-4.11154e-05,0.0324574,0.000108173,-0.00118889,0.00270653,0.00105608,-0.00083299,-8.87387e-05,-4.8037e-05,0.0265155,0.000621303,-7.62818e-05,-3.56375e-05,-8.3951e-05,5.77568e-07,-0.00147241,7.20286e-06,0.0466743,
0.0017532,0.000239872,-0.00023625,4.25356e-05,0.000428242,0.00210201,-0.000367533,-0.000122583,0.000712081,0.00102639,3.4449e-05,0.00049037,0.00132498,-0.000276686,-0.000897349,0.000529105,0.00451655,4.47468e-06,-0.00125989,0.000483326,-0.000123287,-0.00107843,5.00404e-05,0.00157086,0.00010837,0.000522306,0.000712765,-0.000757331,0.000631981,0.000305372,-0.00187684,-4.10744e-05,0.0324544,0.000106967,-0.00118866,0.00270381,0.00105749,-0.000830221,-8.8588e-05,-4.98435e-05,0.0265152,0.000622708,-7.60334e-05,-3.56764e-05,-8.36324e-05,5.78401e-07,-0.00147292,7.42543e-06,0.0466742,
0.00175106,0.000239846,-0.000241537,4.24549e-05,0.00043082,0.00210037,-0.000367724,-0.000123222,0.000713283,0.00102917,3.44548e-05,0.000490437,0.00132773,-0.000277596,-0.000902356,0.000531367,0.00451386,4.5013e-06,-0.00125717,0.000485335,-0.000123281,-0.00107847,5.04564e-05,0.00157052,0.000108245,0.000524319,0.000715206,-0.000759069,0.000633997,0.000304418,-0.00187431,-4.10332e-05,0.0324512,0.000105841,-0.0011884,0.00270099,0.00105885,-0.000827555,-8.84391e-05,-5.14228e-05,0.0265148,0.000624013,-7.57805e-05,-3.57121e-05,-8.33123e-05,5.79206e-07,-0.00147334,7.66225e-06,0.0466741,
0.00174888,0.000239796,-0.000246656,4.23771e-05,0.000433206,0.00209872,-0.00036787,-0.000123843,0.000714461,0.00103185,3.44605e-05,0.000490519,0.0013304,-0.000278452,-0.000907188,0.000533556,0.00451122,4.5259e-06,-0.00125464,0.000487202,-0.000123256,-0.00107841,5.08786e-05,0.00157018,0.000108126,0.000526126,0.000717607,-0.00076068,0.000635844,0.00030355,-0.00187193,-4.09918e-05,0.0324478,0.000104801,-0.00118812,0.00269807,0.00106015,-0.000825001,-8.82926e-05,-5.2766e-05,0.0265145,0.000625213,-7.55253e-05,-3.57443e-05,-8.29937e-05,5.79977e-07,-0.00147368,7.91187e-06,0.0466739,
0.00174667,0.000239722,-0.000251583,4.23027e-05,0.000435399,0.00209707,-0.000367972,-0.00012444,0.00071561,0.00103444,3.44661e-05,0.000490613,0.00133297,-0.00027925,-0.000911822,0.000535664,0.00450863,4.54837e-06,-0.0012523,0.00048892,-0.000123214,-0.00107826,5.13047e-05,0.00156985,0.000108011,0.000527722,0.000719956,-0.000762156,0.000637518,0.000302767,-0.0018697,-4.09506e-05,0.0324443,0.000103851,-0.00118784,0.00269508,0.00106137,-0.000822568,-8.81492e-05,-5.38697e-05,0.0265141,0.000626305,-7.52702e-05,-3.57726e-05,-8.26792e-05,5.80709e-07,-0.00147396,8.17286e-06,0.0466738,
0.00174444,0.000239625,-0.000256297,4.22319e-05,0.000437397,0.00209544,-0.000368032,-0.000125011,0.000716722,0.00103691,3.44716e-05,0.000490715,0.00133545,-0.000279989,-0.000916236,0.00053768,0.00450612,4.56868e-06,-0.00125017,0.000490485,-0.000123155,-0.00107801,5.17321e-05,0.00156953,0.000107903,0.000529107,0.000722246,-0.000763497,0.000639019,0.000302068,-0.00186764,-4.09096e-05,0.0324407,0.000102996,-0.00118755,0.00269202,0.00106252,-0.00082026,-8.80094e-05,-5.47349e-05,0.0265138,0.000627286,-7.50172e-05,-3.57971e-05,-8.23715e-05,5.81397e-07,-0.00147417,8.44374e-06,0.0466737,
0.0017422,0.000239507,-0.000260782,4.21648e-05,0.000439204,0.00209384,-0.000368052,-0.000125552,0.000717792,0.00103925,3.44769e-05,0.000490822,0.0013378,-0.000280666,-0.000920415,0.0005396,0.0045037,4.58681e-06,-0.00124825,0.000491895,-0.000123082,-0.00107766,5.21582e-05,0.00156922,0.000107801,0.000530282,0.000724468,-0.0007647,0.000640348,0.000301452,-0.00186573,-4.08689e-05,0.032437,0.000102236,-0.00118727,0.00268893,0.00106359,-0.00081808,-8.78737e-05,-5.53662e-05,0.0265135,0.000628157,-7.47683e-05,-3.58175e-05,-8.20728e-05,5.82037e-07,-0.00147432,8.72307e-06,0.0466735,
0.00173997,0.000239369,-0.000265026,4.21017e-05,0.000440821,0.00209227,-0.000368036,-0.000126061,0.000718816,0.00104146,3.44819e-05,0.000490932,0.00134004,-0.000281281,-0.000924348,0.000541417,0.00450137,4.60277e-06,-0.00124653,0.000493152,-0.000122997,-0.00107722,5.25808e-05,0.00156891,0.000107704,0.000531254,0.000726615,-0.000765765,0.00064151,0.000300917,-0.00186398,-4.08289e-05,0.0324333,0.000101573,-0.00118701,0.0026858,0.00106458,-0.000816028,-8.77426e-05,-5.57714e-05,0.0265133,0.000628918,-7.45252e-05,-3.5834e-05,-8.17851e-05,5.82623e-07,-0.00147442,9.00941e-06,0.0466734,
0.00173775,0.000239213,-0.00026902,4.20425e-05,0.000442256,0.00209074,-0.000367985,-0.000126535,0.00071979,0.00104353,3.44867e-05,0.000491043,0.00134215,-0.000281833,-0.000928024,0.000543127,0.00449915,4.61661e-06,-0.00124502,0.000494258,-0.000122901,-0.00107669,5.29976e-05,0.00156859,0.000107614,0.000532028,0.000728679,-0.000766694,0.000642508,0.000300458,-0.0018624,-4.07895e-05,0.0324295,0.000101006,-0.00118676,0.00268268,0.00106549,-0.000814103,-8.76163e-05,-5.59608e-05,0.0265131,0.000629572,-7.42895e-05,-3.58465e-05,-8.15102e-05,5.83155e-07,-0.00147448,9.30137e-06,0.0466732,
0.00173556,0.000239041,-0.000272758,4.19873e-05,0.000443515,0.00208927,-0.000367904,-0.000126973,0.000720712,0.00104547,3.44911e-05,0.000491153,0.00134414,-0.000282323,-0.00093144,0.000544729,0.00449705,4.6284e-06,-0.00124372,0.000495218,-0.000122796,-0.00107608,5.34062e-05,0.00156828,0.00010753,0.000532615,0.000730657,-0.000767491,0.000643348,0.000300074,-0.00186097,-4.07508e-05,0.0324258,0.000100534,-0.00118654,0.00267955,0.00106632,-0.000812303,-8.74951e-05,-5.59461e-05,0.0265129,0.000630122,-7.40626e-05,-3.58551e-05,-8.12497e-05,5.83628e-07,-0.00147451,9.59765e-06,0.046673,
0.00173339,0.000238856,-0.000276237,4.19362e-05,0.000444604,0.00208785,-0.000367794,-0.000127374,0.000721578,0.00104725,3.44952e-05,0.000491261,0.00134599,-0.000282751,-0.000934592,0.000546221,0.00449507,4.63822e-06,-0.0012426,0.000496035,-0.000122685,-0.0010754,5.38048e-05,0.00156796,0.000107453,0.000533025,0.000732542,-0.000768158,0.000644038,0.000299759,-0.0018597,-4.0713e-05,0.0324221,0.000100153,-0.00118635,0.00267645,0.00106707,-0.000810625,-8.73792e-05,-5.5741e-05,0.0265128,0.000630571,-7.38457e-05,-3.586e-05,-8.10048e-05,5.84041e-07,-0.00147451,9.89698e-06,0.0466728,
0.00173127,0.00023866,-0.000279456,4.18892e-05,0.000445533,0.00208649,-0.000367659,-0.000127737,0.000722387,0.0010489,3.4499e-05,0.000491365,0.00134771,-0.000283121,-0.000937481,0.000547603,0.00449322,4.64617e-06,-0.00124168,0.000496717,-0.000122568,-0.00107465,5.41914e-05,0.00156763,0.000107381,0.00053327,0.000734332,-0.000768701,0.000644584,0.000299511,-0.00185857,-4.06763e-05,0.0324185,9.98616e-05,-0.0011862,0.00267339,0.00106774,-0.000809065,-8.72687e-05,-5.53597e-05,0.0265127,0.000630924,-7.36398e-05,-3.58612e-05,-8.07766e-05,5.84393e-07,-0.00147448,1.01982e-05,0.0466727,
0.0017292,0.000238454,-0.000282418,4.1846e-05,0.00044631,0.0020852,-0.000367503,-0.000128062,0.000723139,0.0010504,3.45023e-05,0.000491465,0.00134929,-0.000283432,-0.00094011,0.000548875,0.0044915,4.65234e-06,-0.00124093,0.000497271,-0.000122448,-0.00107383,5.45645e-05,0.00156729,0.000107316,0.000533361,0.000736023,-0.000769126,0.000644995,0.000299325,-0.00185759,-4.06405e-05,0.0324149,9.96554e-05,-0.00118608,0.00267038,0.00106834,-0.000807619,-8.71638e-05,-5.4817e-05,0.0265127,0.000631187,-7.34459e-05,-3.58591e-05,-8.05659e-05,5.84683e-07,-0.00147444,1.05002e-05,0.0466725,
0.00172718,0.000238241,-0.000285124,4.18068e-05,0.000446944,0.00208397,-0.000367327,-0.000128349,0.000723832,0.00105176,3.45053e-05,0.000491561,0.00135075,-0.000283688,-0.000942482,0.00055004,0.00448991,4.65687e-06,-0.00124036,0.000497705,-0.000122326,-0.00107296,5.49226e-05,0.00156695,0.000107256,0.00053331,0.000737614,-0.000769437,0.000645279,0.000299197,-0.00185674,-4.0606e-05,0.0324115,9.95305e-05,-0.001186,0.00266743,0.00106887,-0.000806282,-8.70646e-05,-5.41282e-05,0.0265127,0.000631364,-7.32646e-05,-3.58537e-05,-8.03733e-05,5.84911e-07,-0.00147439,1.08019e-05,0.0466723,
0.00173729,0.000242791,-0.000295557,5.69449e-05,0.000438531,0.00206594,-0.000362795,-0.000118627,0.000728407,0.00104639,4.7043e-05,0.000484287,0.00133813,-0.000280305,-0.000943259,0.00055163,0.00448756,6.35257e-06,-0.00124094,0.000496142,-0.00012172,-0.00104107,6.75051e-05,0.00154614,0.000146144,0.000510254,0.000695792,-0.000758503,0.000633722,0.00029449,-0.00184828,-5.53107e-05,0.0324168,0.000115875,-0.00119018,0.00263943,0.00105939,-0.000788445,-0.000118563,-3.47486e-05,0.0265479,0.000622424,-7.29274e-05,-3.57784e-05,-8.03109e-05,7.97609e-07,-0.00147446,1.08662e-05,0.0466721,
0.00257342,0.000574039,-0.000851538,0.00111127,-0.000180176,0.000892261,-6.10234e-05,0.000574039,0.00100304,0.000589598,0.000918785,-2.7472e-05,0.000369812,-3.11198e-05,-0.000851538,0.000589598,0.00442439,0.000124102,-0.00130983,0.000365394,-8.79193e-05,0.00111127,0.000918785,0.000124102,0.00285284,-0.00107933,-0.00231314,1.55795e-05,-0.000180176,-2.74719e-05,-0.00130983,-0.00107933,0.0330148,0.00125481,-0.00148308,0.000892261,0.000369812,0.000365394,-0.00231314,0.00125481,0.0289888,-5.27413e-06,-6.10234e-05,-3.11198e-05,-8.79193e-05,1.55795e-05,-0.00148308,-5.27416e-06,0.0466762,
0.00257083,0.000573797,-0.000852519,0.00111149,-0.000180257,0.000891212,-6.08589e-05,0.000573797,0.00100354,0.000590127,0.00091926,-2.68526e-05,0.00037025,-3.11014e-05,-0.000852519,0.000590127,0.00442367,0.000124004,-0.00131059,0.000365012,-8.7768e-05,0.00111149,0.00091926,0.000124004,0.00285367,-0.001079,-0.00231229,1.5575e-05,-0.000180257,-2.68526e-05,-0.00131059,-0.001079,0.0330095,0.00125469,-0.00148244,0.000891212,0.00037025,0.000365012,-0.00231229,0.00125469,0.0289876,-4.92997e-06,-6.08589e-05,-3.11014e-05,-8.7768e-05,1.5575e-05,-0.00148244,-4.92997e-06,0.0466759,
0.00256844,0.000573556,-0.000853244,0.00111172,-0.000180302,0.000890398,-6.07287e-05,0.000573556,0.00100392,0.000590517,0.000919654,-2.62609e-05,0.000370566,-3.10776e-05,-0.000853244,0.000590517,0.00442314,0.000123858,-0.00131137,0.000364673,-8.76551e-05,0.00111172,0.000919654,0.000123858,0.00285442,-0.00107868,-0.00231149,1.55716e-05,-0.000180302,-2.62609e-05,-0.00131137,-0.00107868,0.0330048,0.00125457,-0.00148194,0.000890398,0.000370566,0.000364673,-0.00231149,0.00125457,0.0289864,-4.60219e-06,-6.07287e-05,-3.10776e-05,-8.76551e-05,1.55716e-05,-0.00148194,-4.60219e-06,0.0466757,
0.00256626,0.000573327,-0.000853832,0.00111192,-0.000180255,0.000889752,-6.06319e-05,0.000573327,0.00100423,0.000590829,0.000920004,-2.57511e-05,0.000370812,-3.10511e-05,-0.000853832,0.000590829,0.00442272,0.000123702,-0.00131206,0.000364392,-8.75776e-05,0.00111192,0.000920004,0.000123702,0.00285511,-0.00107839,-0.00231076,1.55691e-05,-0.000180255,-2.57511e-05,-0.00131206,-0.00107839,0.0330007,0.00125448,-0.00148163,0.000889752,0.000370812,0.000364392,-0.00231076,0.00125448,0.0289855,-4.29613e-06,-6.06319e-05,-3.10511e-05,-8.75776e-05,1.55691e-05,-0.00148163,-4.29612e-06,0.0466755,
0.00256426,0.000573111,-0.000854325,0.00111211,-0.000180138,0.000889215,-6.05632e-05,0.000573111,0.00100449,0.000591083,0.000920321,-2.5311e-05,0.000371024,-3.10237e-05,-0.000854325,0.000591083,0.00442237,0.000123549,-0.00131265,0.000364148,-8.7529e-05,0.00111211,0.000920321,0.000123549,0.00285576,-0.00107811,-0.00231011,1.55666e-05,-0.000180138,-2.5311e-05,-0.00131265,-0.00107811,0.0329971,0.00125444,-0.00148148,0.000889215,0.000371024,0.000364148,-0.00231011,0.00125444,0.0289847,-4.0077e-06,-6.05632e-05,-3.10237e-05,-8.7529e-05,1.55666e-05,-0.00148148,-4.0077e-06,0.0466753,
0.00256243,0.00057291,-0.000854746,0.00111228,-0.000179975,0.000888754,-6.05173e-05,0.00057291,0.00100472,0.000591293,0.000920608,-2.49272e-05,0.000371214,-3.0996e-05,-0.000854746,0.000591293,0.00442208,0.000123401,-0.00131317,0.000363929,-8.75034e-05,0.00111228,0.000920608,0.000123401,0.00285635,-0.00107785,-0.00230952,1.55638e-05,-0.000179975,-2.49272e-05,-0.00131317,-0.00107785,0.0329941,0.00125442,-0.00148147,0.000888754,0.000371214,0.000363929,-0.00230952,0.00125442,0.0289842,-3.73316e-06,-6.05173e-05,-3.0996e-05,-8.75034e-05,1.55638e-05,-0.00148147,-3.73316e-06,0.0466751,
0.00256075,0.000572722,-0.00085511,0.00111243,-0.000179785,0.000888351,-6.049e-05,0.000572722,0.00100492,0.000591469,0.000920871,-2.45892e-05,0.00037139,-3.09684e-05,-0.00085511,0.000591469,0.00442183,0.000123261,-0.00131361,0.00036373,-8.74962e-05,0.00111243,0.000920871,0.000123261,0.0028569,-0.00107761,-0.00230899,1.55606e-05,-0.000179785,-2.45892e-05,-0.00131361,-0.00107761,0.0329914,0.00125444,-0.00148157,0.000888351,0.00037139,0.00036373,-0.00230899,0.00125444,0.0289837,-3.46974e-06,-6.049e-05,-3.09684e-05,-8.74962e-05,1.55606e-05,-0.00148157,-3.46974e-06,0.0466749,
0.0025592,0.000572547,-0.000855428,0.00111257,-0.00017958,0.000887992,-6.04779e-05,0.000572547,0.0010051,0.000591618,0.000921112,-2.42892e-05,0.000371554,-3.09409e-05,-0.000855428,0.000591618,0.00442162,0.000123129,-0.00131401,0.000363548,-8.75036e-05,0.00111257,0.000921112,0.000123129,0.00285741,-0.00107737,-0.00230851,1.55571e-05,-0.00017958,-2.42892e-05,-0.00131401,-0.00107737,0.0329891,0.00125448,-0.00148175,0.000887992,0.000371554,0.000363548,-0.00230851,0.00125448,0.0289834,-3.21537e-06,-6.04779e-05,-3.09409e-05,-8.75036e-05,1.55571e-05,-0.00148175,-3.21537e-06,0.0466747,
0.00255778,0.000572384,-0.000855709,0.0011127,-0.000179369,0.00088767,-6.04781e-05,0.000572384,0.00100526,0.000591746,0.000921334,-2.40213e-05,0.000371707,-3.09136e-05,-0.000855709,0.000591746,0.00442144,0.000123007,-0.00131436,0.00036338,-8.75227e-05,0.0011127,0.000921334,0.000123007,0.00285788,-0.00107715,-0.00230808,1.55535e-05,-0.000179369,-2.40213e-05,-0.00131436,-0.00107715,0.0329871,0.00125454,-0.00148199,0.00088767,0.000371707,0.00036338,-0.00230808,0.00125454,0.0289832,-2.96848e-06,-6.04781e-05,-3.09136e-05,-8.75227e-05,1.55535e-05,-0.00148199,-2.96848e-06,0.0466745,
0.00255648,0.000572233,-0.000855961,0.00111281,-0.00017916,0.000887377,-6.04884e-05,0.000572233,0.0010054,0.000591857,0.000921538,-2.37804e-05,0.000371851,-3.08866e-05,-0.000855961,0.000591857,0.00442127,0.000122893,-0.00131467,0.000363225,-8.7551e-05,0.00111281,0.000921538,0.000122893,0.00285832,-0.00107694,-0.00230768,1.55497e-05,-0.00017916,-2.37804e-05,-0.00131467,-0.00107694,0.0329852,0.00125461,-0.00148229,0.000887377,0.000371851,0.000363225,-0.00230768,0.00125461,0.028983,-2.72787e-06,-6.04884e-05,-3.08866e-05,-8.7551e-05,1.55497e-05,-0.00148229,-2.72786e-06,0.0466743,
0.00255527,0.000572092,-0.000856188,0.00111291,-0.000178955,0.000887109,-6.05072e-05,0.000572092,0.00100552,0.000591955,0.000921728,-2.35626e-05,0.000371987,-3.08597e-05,-0.000856188,0.000591955,0.00442113,0.000122787,-0.00131495,0.000363081,-8.75868e-05,0.00111291,0.000921728,0.000122787,0.00285872,-0.00107674,-0.00230731,1.5546e-05,-0.000178955,-2.35626e-05,-0.00131495,-0.00107674,0.0329835,0.00125468,-0.00148264,0.000887109,0.000371987,0.000363081,-0.00230731,0.00125468,0.0289829,-2.49256e-06,-6.05072e-05,-3.08597e-05,-8.75868e-05,1.5546e-05,-0.00148264,-2.49256e-06,0.0466742,
0.00255416,0.000571961,-0.000856396,0.00111301,-0.000178759,0.000886862,-6.05328e-05,0.000571961,0.00100564,0.000592042,0.000921903,-2.33647e-05,0.000372114,-3.0833e-05,-0.000856396,0.000592042,0.004421,0.000122689,-0.00131521,0.000362947,-8.76285e-05,0.00111301,0.000921903,0.000122689,0.0028591,-0.00107656,-0.00230697,1.55422e-05,-0.000178759,-2.33647e-05,-0.00131521,-0.00107656,0.0329819,0.00125476,-0.00148301,0.000886862,0.000372114,0.000362947,-0.00230697,0.00125476,0.0289828,-2.2618e-06,-6.05328e-05,-3.0833e-05,-8.76285e-05,1.55422e-05,-0.00148301,-2.2618e-06,0.046674,
0.00255312,0.000571839,-0.000856586,0.00111309,-0.000178574,0.000886632,-6.05642e-05,0.000571839,0.00100575,0.00059212,0.000922067,-2.3184e-05,0.000372234,-3.08066e-05,-0.000856586,0.00059212,0.00442088,0.000122599,-0.00131544,0.000362822,-8.76751e-05,0.00111309,0.000922067,0.000122599,0.00285945,-0.00107639,-0.00230666,1.55385e-05,-0.000178574,-2.3184e-05,-0.00131544,-0.00107639,0.0329805,0.00125484,-0.00148341,0.000886632,0.000372234,0.000362822,-0.00230666,0.00125484,0.0289828,-2.03498e-06,-6.05642e-05,-3.08066e-05,-8.76751e-05,1.55385e-05,-0.00148341,-2.03498e-06,0.0466738,
0.00255217,0.000571725,-0.000856763,0.00111317,-0.000178399,0.000886418,-6.06004e-05,0.000571725,0.00100585,0.000592191,0.00092222,-2.30181e-05,0.000372347,-3.07803e-05,-0.000856763,0.000592191,0.00442076,0.000122516,-0.00131566,0.000362706,-8.77256e-05,0.00111317,0.00092222,0.000122516,0.00285977,-0.00107622,-0.00230636,1.55349e-05,-0.000178399,-2.30181e-05,-0.00131566,-0.00107622,0.0329792,0.00125492,-0.00148384,0.000886418,0.000372347,0.000362706,-0.00230636,0.00125492,0.0289828,-1.8116e-06,-6.06004e-05,-3.07803e-05,-8.77256e-05,1.55349e-05,-0.00148384,-1.8116e-06,0.0466737,
0.00255127,0.000571619,-0.000856929,0.00111324,-0.000178236,0.000886215,-6.06406e-05,0.000571619,0.00100594,0.000592256,0.000922363,-2.28651e-05,0.000372453,-3.07543e-05,-0.000856929,0.000592256,0.00442066,0.000122439,-0.00131586,0.000362597,-8.77793e-05,0.00111324,0.000922363,0.000122439,0.00286008,-0.00107607,-0.00230609,1.55314e-05,-0.000178236,-2.28651e-05,-0.00131586,-0.00107607,0.0329779,0.001255,-0.00148428,0.000886215,0.000372453,0.000362597,-0.00230609,0.001255,0.0289828,-1.59125e-06,-6.06406e-05,-3.07543e-05,-8.77793e-05,1.55314e-05,-0.00148428,-1.59125e-06,0.0466735,
0.00255044,0.00057152,-0.000857085,0.00111331,-0.000178084,0.000886024,-6.06843e-05,0.00057152,0.00100603,0.000592316,0.000922498,-2.27236e-05,0.000372554,-3.07284e-05,-0.000857085,0.000592316,0.00442056,0.000122368,-0.00131604,0.000362495,-8.78356e-05,0.00111331,0.000922498,0.000122368,0.00286036,-0.00107592,-0.00230583,1.5528e-05,-0.000178084,-2.27236e-05,-0.00131604,-0.00107592,0.0329767,0.00125508,-0.00148474,0.000886024,0.000372554,0.000362495,-0.00230583,0.00125508,0.0289828,-1.37361e-06,-6.06843e-05,-3.07284e-05,-8.78356e-05,1.5528e-05,-0.00148474,-1.37361e-06,0.0466733,
0.00254967,0.000571426,-0.000857232,0.00111337,-0.000177944,0.000885843,-6.07308e-05,0.000571426,0.00100611,0.000592373,0.000922625,-2.2592e-05,0.00037265,-3.07027e-05,-0.000857232,0.000592373,0.00442047,0.000122302,-0.00131622,0.000362399,-8.7894e-05,0.00111337,0.000922625,0.000122302,0.00286063,-0.00107578,-0.00230559,1.55247e-05,-0.000177944,-2.2592e-05,-0.00131622,-0.00107578,0.0329755,0.00125516,-0.0014852,0.000885843,0.00037265,0.000362399,-0.00230559,0.00125516,0.0289828,-1.1584e-06,-6.07308e-05,-3.07027e-05,-8.7894e-05,1.55247e-05,-0.0014852,-1.1584e-06,0.0466732,
0.00254894,0.000571339,-0.000857372,0.00111343,-0.000177815,0.000885669,-6.07797e-05,0.000571339,0.00100619,0.000592426,0.000922745,-2.24692e-05,0.00037274,-3.06771e-05,-0.000857372,0.000592426,0.00442039,0.000122242,-0.00131638,0.000362308,-8.79542e-05,0.00111343,0.000922745,0.000122242,0.00286088,-0.00107565,-0.00230536,1.55215e-05,-0.000177815,-2.24692e-05,-0.00131638,-0.00107565,0.0329744,0.00125523,-0.00148568,0.000885669,0.00037274,0.000362308,-0.00230536,0.00125523,0.0289828,-9.45369e-07,-6.07797e-05,-3.06771e-05,-8.79542e-05,1.55215e-05,-0.00148568,-9.45371e-07,0.046673,
0.00254826,0.000571257,-0.000857507,0.00111348,-0.000177696,0.000885503,-6.08308e-05,0.000571257,0.00100626,0.000592476,0.000922858,-2.23542e-05,0.000372827,-3.06518e-05,-0.000857507,0.000592476,0.0044203,0.000122186,-0.00131654,0.000362223,-8.80157e-05,0.00111348,0.000922858,0.000122186,0.00286111,-0.00107553,-0.00230514,1.55184e-05,-0.000177696,-2.23542e-05,-0.00131654,-0.00107553,0.0329734,0.00125531,-0.00148616,0.000885503,0.000372827,0.000362223,-0.00230514,0.00125531,0.0289829,-7.34333e-07,-6.08308e-05,-3.06518e-05,-8.80157e-05,1.55184e-05,-0.00148616,-7.34333e-07,0.0466729,
0.00254761,0.000571179,-0.000857636,0.00111352,-0.000177588,0.000885343,-6.08836e-05,0.000571179,0.00100634,0.000592525,0.000922966,-2.2246e-05,0.000372909,-3.06265e-05,-0.000857636,0.000592525,0.00442022,0.000122135,-0.00131668,0.000362141,-8.80784e-05,0.00111352,0.000922966,0.000122135,0.00286133,-0.00107541,-0.00230494,1.55154e-05,-0.000177588,-2.2246e-05,-0.00131668,-0.00107541,0.0329724,0.00125538,-0.00148665,0.000885343,0.000372909,0.000362141,-0.00230494,0.00125538,0.0289829,-5.25111e-07,-6.08836e-05,-3.06265e-05,-8.80784e-05,1.55154e-05,-0.00148665,-5.25111e-07,0.0466727,
0.00254701,0.000571106,-0.00085776,0.00111357,-0.000177488,0.000885188,-6.09379e-05,0.000571106,0.0010064,0.000592571,0.000923069,-2.2144e-05,0.000372988,-3.06015e-05,-0.00085776,0.000592571,0.00442014,0.000122087,-0.00131682,0.000362064,-8.81421e-05,0.00111357,0.000923069,0.000122087,0.00286154,-0.0010753,-0.00230474,1.55126e-05,-0.000177488,-2.2144e-05,-0.00131682,-0.0010753,0.0329714,0.00125545,-0.00148714,0.000885188,0.000372988,0.000362064,-0.00230474,0.00125545,0.028983,-3.17555e-07,-6.09379e-05,-3.06015e-05,-8.81421e-05,1.55126e-05,-0.00148714,-3.17554e-07,0.0466726,
0.00254643,0.000571036,-0.000857881,0.00111361,-0.000177397,0.000885039,-6.09934e-05,0.000571036,0.00100647,0.000592616,0.000923168,-2.20474e-05,0.000373064,-3.05766e-05,-0.000857881,0.000592616,0.00442007,0.000122043,-0.00131696,0.00036199,-8.82066e-05,0.00111361,0.000923168,0.000122043,0.00286174,-0.00107519,-0.00230455,1.55098e-05,-0.000177397,-2.20474e-05,-0.00131696,-0.00107519,0.0329704,0.00125552,-0.00148763,0.000885039,0.000373064,0.00036199,-0.00230455,0.00125552,0.028983,-1.11531e-07,-6.09934e-05,-3.05766e-05,-8.82066e-05,1.55098e-05,-0.00148763,-1.11531e-07,0.0466724,
0.00254589,0.00057097,-0.000857998,0.00111365,-0.000177314,0.000884893,-6.10501e-05,0.00057097,0.00100653,0.000592659,0.000923262,-2.19556e-05,0.000373136,-3.05518e-05,-0.000857998,0.000592659,0.00441999,0.000122002,-0.00131709,0.00036192,-8.82717e-05,0.00111365,0.000923262,0.000122002,0.00286193,-0.00107509,-0.00230437,1.55071e-05,-0.000177314,-2.19556e-05,-0.00131709,-0.00107509,0.0329695,0.00125558,-0.00148813,0.000884893,0.000373136,0.00036192,-0.00230437,0.00125558,0.0289831,9.30749e-08,-6.10501e-05,-3.05518e-05,-8.82717e-05,1.55071e-05,-0.00148813,9.30764e-08,0.0466722,
0.00254537,0.000570907,-0.000858112,0.00111368,-0.000177238,0.000884752,-6.11078e-05,0.000570907,0.0010066,0.000592701,0.000923353,-2.18682e-05,0.000373206,-3.05272e-05,-0.000858112,0.000592701,0.00441992,0.000121964,-0.00131721,0.000361853,-8.83373e-05,0.00111368,0.000923353,0.000121964,0.00286211,-0.001075,-0.0023042,1.55044e-05,-0.000177238,-2.18682e-05,-0.00131721,-0.001075,0.0329685,0.00125565,-0.00148863,0.000884752,0.000373206,0.000361853,-0.0023042,0.00125565,0.0289832,2.96372e-07,-6.11078e-05,-3.05272e-05,-8.83373e-05,1.55044e-05,-0.00148863,2.96374e-07,0.0466721,
0.00254487,0.000570847,-0.000858224,0.00111372,-0.000177169,0.000884613,-6.11663e-05,0.000570847,0.00100666,0.000592742,0.000923441,-2.17846e-05,0.000373274,-3.05027e-05,-0.000858224,0.000592742,0.00441985,0.000121928,-0.00131733,0.000361788,-8.84034e-05,0.00111372,0.000923441,0.000121928,0.00286228,-0.0010749,-0.00230403,1.55019e-05,-0.000177169,-2.17846e-05,-0.00131733,-0.0010749,0.0329676,0.00125571,-0.00148914,0.000884613,0.000373274,0.000361788,-0.00230403,0.00125571,0.0289832,4.98455e-07,-6.11663e-05,-3.05027e-05,-8.84034e-05,1.55019e-05,-0.00148914,4.98456e-07,0.0466719,
0.0025444,0.000570789,-0.000858333,0.00111375,-0.000177105,0.000884478,-6.12254e-05,0.000570789,0.00100671,0.000592782,0.000923526,-2.17045e-05,0.000373339,-3.04783e-05,-0.000858333,0.000592782,0.00441978,0.000121895,-0.00131745,0.000361725,-8.84698e-05,0.00111375,0.000923526,0.000121895,0.00286245,-0.00107481,-0.00230387,1.54994e-05,-0.000177105,-2.17045e-05,-0.00131745,-0.00107481,0.0329668,0.00125577,-0.00148964,0.000884478,0.000373339,0.000361725,-0.00230387,0.00125577,0.0289833,6.99408e-07,-6.12254e-05,-3.04783e-05,-8.84698e-05,1.54994e-05,-0.00148964,6.99408e-07,0.0466718,
0.00254394,0.000570734,-0.00085844,0.00111378,-0.000177047,0.000884346,-6.12851e-05,0.000570734,0.00100677,0.000592822,0.000923608,-2.16274e-05,0.000373403,-3.0454e-05,-0.00085844,0.000592822,0.00441971,0.000121864,-0.00131756,0.000361665,-8.85365e-05,0.00111378,0.000923608,0.000121864,0.00286261,-0.00107472,-0.00230371,1.5497e-05,-0.000177047,-2.16274e-05,-0.00131756,-0.00107472,0.0329659,0.00125583,-0.00149014,0.000884346,0.000373403,0.000361665,-0.00230371,0.00125583,0.0289834,8.9931e-07,-6.12851e-05,-3.0454e-05,-8.85365e-05,1.5497e-05,-0.00149014,8.99311e-07,0.0466716,
0.00254351,0.000570681,-0.000858545,0.00111381,-0.000176995,0.000884215,-6.13454e-05,0.000570681,0.00100683,0.00059286,0.000923687,-2.15531e-05,0.000373464,-3.04299e-05,-0.000858545,0.00059286,0.00441964,0.000121834,-0.00131767,0.000361606,-8.86034e-05,0.00111381,0.000923687,0.000121834,0.00286276,-0.00107464,-0.00230356,1.54946e-05,-0.000176995,-2.15531e-05,-0.00131767,-0.00107464,0.032965,0.00125589,-0.00149065,0.000884215,0.000373464,0.000361606,-0.00230356,0.00125589,0.0289834,1.09824e-06,-6.13454e-05,-3.04299e-05,-8.86034e-05,1.54946e-05,-0.00149065,1.09824e-06,0.0466715,
0.00254308,0.00057063,-0.000858649,0.00111383,-0.000176946,0.000884087,-6.14061e-05,0.00057063,0.00100688,0.000592899,0.000923765,-2.14813e-05,0.000373524,-3.04058e-05,-0.000858649,0.000592899,0.00441957,0.000121807,-0.00131778,0.00036155,-8.86705e-05,0.00111383,0.000923765,0.000121807,0.00286291,-0.00107456,-0.00230341,1.54923e-05,-0.000176946,-2.14813e-05,-0.00131778,-0.00107456,0.0329642,0.00125594,-0.00149116,0.000884087,0.000373524,0.00036155,-0.00230341,0.00125594,0.0289835,1.29625e-06,-6.14061e-05,-3.04058e-05,-8.86705e-05,1.54923e-05,-0.00149116,1.29625e-06,0.0466713,
0.00254268,0.00057058,-0.000858751,0.00111386,-0.000176902,0.000883961,-6.14671e-05,0.00057058,0.00100694,0.000592936,0.00092384,-2.14117e-05,0.000373583,-3.03819e-05,-0.000858751,0.000592936,0.00441951,0.000121781,-0.00131789,0.000361495,-8.87378e-05,0.00111386,0.00092384,0.000121781,0.00286305,-0.00107448,-0.00230326,1.549e-05,-0.000176902,-2.14117e-05,-0.00131789,-0.00107448,0.0329633,0.001256,-0.00149166,0.000883961,0.000373583,0.000361495,-0.00230326,0.001256,0.0289836,1.49341e-06,-6.14671e-05,-3.03819e-05,-8.87378e-05,1.549e-05,-0.00149166,1.49341e-06,0.0466712,
0.00254228,0.000570532,-0.000858852,0.00111388,-0.000176861,0.000883836,-6.15285e-05,0.000570532,0.00100699,0.000592973,0.000923914,-2.13441e-05,0.00037364,-3.03581e-05,-0.000858852,0.000592973,0.00441944,0.000121756,-0.00131799,0.000361441,-8.88051e-05,0.00111388,0.000923914,0.000121756,0.00286319,-0.0010744,-0.00230312,1.54878e-05,-0.000176861,-2.13441e-05,-0.00131799,-0.0010744,0.0329625,0.00125605,-0.00149217,0.000883836,0.00037364,0.000361441,-0.00230312,0.00125605,0.0289836,1.68978e-06,-6.15285e-05,-3.03581e-05,-8.88051e-05,1.54878e-05,-0.00149217,1.68978e-06,0.046671,
0.0025419,0.000570485,-0.000858952,0.0011139,-0.000176824,0.000883713,-6.15901e-05,0.000570485,0.00100704,0.00059301,0.000923987,-2.12782e-05,0.000373697,-3.03343e-05,-0.000858952,0.00059301,0.00441938,0.000121733,-0.00131809,0.000361388,-8.88726e-05,0.0011139,0.000923987,0.000121733,0.00286332,-0.00107433,-0.00230298,1.54856e-05,-0.000176824,-2.12782e-05,-0.00131809,-0.00107433,0.0329617,0.0012561,-0.00149268,0.000883713,0.000373697,0.000361388,-0.00230298,0.0012561,0.0289837,1.88541e-06,-6.15901e-05,-3.03343e-05,-8.88726e-05,1.54856e-05,-0.00149268,1.88541e-06,0.0466709,
0.00254152,0.000570439,-0.000859051,0.00111393,-0.00017679,0.000883592,-6.16519e-05,0.000570439,0.00100709,0.000593046,0.000924058,-2.1214e-05,0.000373752,-3.03107e-05,-0.000859051,0.000593046,0.00441931,0.000121711,-0.00131819,0.000361337,-8.894e-05,0.00111393,0.000924058,0.000121711,0.00286346,-0.00107425,-0.00230284,1.54835e-05,-0.00017679,-2.1214e-05,-0.00131819,-0.00107425,0.0329609,0.00125615,-0.00149318,0.000883592,0.000373752,0.000361337,-0.00230284,0.00125615,0.0289838,2.08035e-06,-6.16519e-05,-3.03107e-05,-8.894e-05,1.54835e-05,-0.00149318,2.08035e-06,0.0466707,
0.00254116,0.000570395,-0.000859149,0.00111395,-0.000176759,0.000883471,-6.17139e-05,0.000570395,0.00100714,0.000593082,0.000924127,-2.11511e-05,0.000373806,-3.02871e-05,-0.000859149,0.000593082,0.00441925,0.00012169,-0.00131829,0.000361286,-8.90075e-05,0.00111395,0.000924127,0.00012169,0.00286358,-0.00107418,-0.00230271,1.54814e-05,-0.000176759,-2.11511e-05,-0.00131829,-0.00107418,0.03296,0.0012562,-0.00149369,0.000883471,0.000373806,0.000361286,-0.00230271,0.0012562,0.0289839,2.27465e-06,-6.17139e-05,-3.02871e-05,-8.90075e-05,1.54814e-05,-0.00149369,2.27465e-06,0.0466706,
0.0025408,0.000570351,-0.000859247,0.00111397,-0.00017673,0.000883352,-6.1776e-05,0.000570351,0.00100719,0.000593118,0.000924196,-2.10895e-05,0.000373859,-3.02637e-05,-0.000859247,0.000593118,0.00441918,0.000121669,-0.00131838,0.000361237,-8.90751e-05,0.00111397,0.000924196,0.000121669,0.00286371,-0.00107411,-0.00230258,1.54793e-05,-0.00017673,-2.10895e-05,-0.00131838,-0.00107411,0.0329592,0.00125625,-0.0014942,0.000883352,0.000373859,0.000361237,-0.00230258,0.00125625,0.0289839,2.46834e-06,-6.1776e-05,-3.02637e-05,-8.90751e-05,1.54793e-05,-0.0014942,2.46834e-06,0.0466704,
0.00254045,0.000570309,-0.000859343,0.00111399,-0.000176703,0.000883233,-6.18383e-05,0.000570309,0.00100724,0.000593154,0.000924264,-2.10291e-05,0.000373912,-3.02403e-05,-0.000859343,0.000593154,0.00441912,0.00012165,-0.00131848,0.000361188,-8.91426e-05,0.00111399,0.000924264,0.00012165,0.00286383,-0.00107404,-0.00230244,1.54772e-05,-0.000176703,-2.10291e-05,-0.00131848,-0.00107404,0.0329584,0.0012563,-0.0014947,0.000883233,0.000373912,0.000361188,-0.00230244,0.0012563,0.028984,2.66148e-06,-6.18383e-05,-3.02403e-05,-8.91426e-05,1.54772e-05,-0.0014947,2.66148e-06,0.0466703,
0.00254011,0.000570267,-0.000859439,0.00111401,-0.000176678,0.000883115,-6.19006e-05,0.000570267,0.00100729,0.000593189,0.00092433,-2.09696e-05,0.000373964,-3.02169e-05,-0.000859439,0.000593189,0.00441906,0.000121631,-0.00131857,0.00036114,-8.92101e-05,0.00111401,0.00092433,0.000121631,0.00286395,-0.00107397,-0.00230232,1.54752e-05,-0.000176678,-2.09696e-05,-0.00131857,-0.00107397,0.0329577,0.00125635,-0.00149521,0.000883115,0.000373964,0.00036114,-0.00230232,0.00125635,0.0289841,2.85409e-06,-6.19006e-05,-3.02169e-05,-8.92101e-05,1.54752e-05,-0.00149521,2.85409e-06,0.0466701,
0.00253977,0.000570226,-0.000859535,0.00111403,-0.000176655,0.000882998,-6.19631e-05,0.000570226,0.00100734,0.000593224,0.000924396,-2.09111e-05,0.000374015,-3.01937e-05,-0.000859535,0.000593224,0.00441899,0.000121613,-0.00131867,0.000361093,-8.92776e-05,0.00111403,0.000924396,0.000121613,0.00286407,-0.00107391,-0.00230219,1.54732e-05,-0.000176655,-2.09111e-05,-0.00131867,-0.00107391,0.0329569,0.0012564,-0.00149571,0.000882998,0.000374015,0.000361093,-0.00230219,0.0012564,0.0289841,3.04621e-06,-6.19631e-05,-3.01937e-05,-8.92776e-05,1.54732e-05,-0.00149571,3.04621e-06,0.04667,
0.00253944,0.000570185,-0.00085963,0.00111404,-0.000176633,0.000882882,-6.20255e-05,0.000570185,0.00100739,0.000593259,0.000924461,-2.08534e-05,0.000374066,-3.01705e-05,-0.00085963,0.000593259,0.00441893,0.000121596,-0.00131876,0.000361046,-8.93451e-05,0.00111404,0.000924461,0.000121596,0.00286419,-0.00107384,-0.00230206,1.54712e-05,-0.000176633,-2.08534e-05,-0.00131876,-0.00107384,0.0329561,0.00125644,-0.00149622,0.000882882,0.000374066,0.000361046,-0.00230206,0.00125644,0.0289842,3.23788e-06,-6.20255e-05,-3.01705e-05,-8.93451e-05,1.54712e-05,-0.00149622,3.23788e-06,0.0466698,
0.00253912,0.000570145,-0.000859724,0.00111406,-0.000176613,0.000882766,-6.2088e-05,0.000570145,0.00100744,0.000593294,0.000924526,-2.07964e-05,0.000374116,-3.01474e-05,-0.000859724,0.000593294,0.00441887,0.000121579,-0.00131885,0.000360999,-8.94126e-05,0.00111406,0.000924526,0.000121579,0.0028643,-0.00107377,-0.00230194,1.54692e-05,-0.000176613,-2.07964e-05,-0.00131885,-0.00107377,0.0329553,0.00125649,-0.00149672,0.000882766,0.000374116,0.000360999,-0.00230194,0.00125649,0.0289843,3.42912e-06,-6.2088e-05,-3.01474e-05,-8.94126e-05,1.54692e-05,-0.00149672,3.42912e-06,0.0466696,
0.00253879,0.000570106,-0.000859818,0.00111408,-0.000176594,0.000882651,-6.21506e-05,0.000570106,0.00100749,0.000593329,0.00092459,-2.074e-05,0.000374166,-3.01244e-05,-0.000859818,0.000593329,0.00441881,0.000121562,-0.00131894,0.000360953,-8.948e-05,0.00111408,0.00092459,0.000121562,0.00286442,-0.00107371,-0.00230181,1.54672e-05,-0.000176594,-2.074e-05,-0.00131894,-0.00107371,0.0329545,0.00125654,-0.00149723,0.000882651,0.000374166,0.000360953,-0.00230181,0.00125654,0.0289843,3.61996e-06,-6.21506e-05,-3.01244e-05,-8.948e-05,1.54672e-05,-0.00149723,3.61996e-06,0.0466695,
0.00253848,0.000570067,-0.000859912,0.00111409,-0.000176576,0.000882536,-6.22131e-05,0.000570067,0.00100754,0.000593363,0.000924654,-2.06842e-05,0.000374216,-3.01014e-05,-0.000859912,0.000593363,0.00441874,0.000121546,-0.00131903,0.000360908,-8.95474e-05,0.00111409,0.000924654,0.000121546,0.00286453,-0.00107365,-0.00230169,1.54653e-05,-0.000176576,-2.06842e-05,-0.00131903,-0.00107365,0.0329537,0.00125658,-0.00149773,0.000882536,0.000374216,0.000360908,-0.00230169,0.00125658,0.0289844,3.81044e-06,-6.22131e-05,-3.01014e-05,-8.95474e-05,1.54653e-05,-0.00149773,3.81044e-06,0.0466693,
0.00253816,0.000570028,-0.000860006,0.00111411,-0.000176559,0.000882421,-6.22756e-05,0.000570028,0.00100758,0.000593398,0.000924717,-2.06289e-05,0.000374265,-3.00785e-05,-0.000860006,0.000593398,0.00441868,0.00012153,-0.00131912,0.000360863,-8.96147e-05,0.00111411,0.000924717,0.00012153,0.00286464,-0.00107358,-0.00230157,1.54633e-05,-0.000176559,-2.06289e-05,-0.00131912,-0.00107358,0.032953,0.00125663,-0.00149824,0.000882421,0.000374265,0.000360863,-0.00230157,0.00125663,0.0289845,4.00057e-06,-6.22756e-05,-3.00785e-05,-8.96147e-05,1.54633e-05,-0.00149824,4.00057e-06,0.0466692,
