0.00325247,-0.000154613,0.000623693,2.17416e-05,-0.000625239,0.000580724,6.73386e-05,-0.000326451,0.000572042,0.000192241,4.6814e-05,-9.0845e-05,0.00100902,8.08731e-05,0.000495698,-0.000184957,0.00391164,-1.28547e-05,-0.00300916,-0.00026937,2.57681e-06,-0.000515811,-0.000107565,0.00105212,0.000126913,-0.000916805,0.000519412,0.000208552,-0.000342551,0.000273532,-0.00335827,-3.09103e-05,0.0267483,-4.76876e-05,-0.000119413,0.000704287,0.000861753,-0.000650296,-5.22956e-05,0.000456595,0.0253925,0.000108065,3.30477e-05,4.24477e-06,2.07708e-05,-3.53396e-07,-6.60662e-05,0.000192554,0.0466053,
0.00325756,-0.000157697,0.000628012,2.16257e-05,-0.000638886,0.000579241,6.77033e-05,-0.000327779,0.000572131,0.000186598,4.66654e-05,-8.54448e-05,0.00101018,8.07784e-05,0.000501691,-0.000187582,0.00389764,-1.29179e-05,-0.0030168,-0.000272327,2.85016e-06,-0.000510992,-0.000107858,0.00104407,0.000126487,-0.000914901,0.000526844,0.000208439,-0.00035855,0.000278249,-0.00336342,-3.06723e-05,0.0267728,-4.59607e-05,-0.000120594,0.000700424,0.000860397,-0.00065017,-5.22931e-05,0.000460041,0.0253843,0.000107798,3.34677e-05,4.1736e-06,2.12738e-05,-3.46974e-07,-6.75384e-05,0.000192527,0.0466053,
0.00326399,-0.000161141,0.000632328,2.14949e-05,-0.000654547,0.000577625,6.80939e-05,-0.000329501,0.000572257,0.000180521,4.65035e-05,-7.95048e-05,0.0010115,8.06987e-05,0.000507887,-0.000190445,0.00388195,-1.29896e-05,-0.00302489,-0.000275746,3.11813e-06,-0.000506239,-0.000108155,0.00103551,0.000126022,-0.000912722,0.000534979,0.000208391,-0.000376695,0.000283401,-0.00336887,-3.0414e-05,0.0268004,-4.41668e-05,-0.000122117,0.000696468,0.00085897,-0.000650346,-5.22999e-05,0.000463728,0.0253755,0.000107482,3.39165e-05,4.09215e-06,2.18023e-05,-3.40224e-07,-6.93597e-05,0.000192522,0.0466054,
0.00327168,-0.0001649,0.000636492,2.13511e-05,-0.000671965,0.000575817,6.85283e-05,-0.00033162,0.000572421,0.000174115,4.6332e-05,-7.31208e-05,0.00101285,8.06413e-05,0.000514114,-0.000193489,0.00386478,-1.30683e-05,-0.00303327,-0.000279544,3.38246e-06,-0.000501681,-0.000108451,0.00102656,0.000125529,-0.00091025,0.000543643,0.000208423,-0.000396685,0.000288885,-0.00337451,-3.01406e-05,0.0268299,-4.23832e-05,-0.000123806,0.000692415,0.000857391,-0.000650746,-5.2312e-05,0.000467478,0.0253658,0.000107122,3.44108e-05,4.00205e-06,2.23532e-05,-3.33503e-07,-7.13433e-05,0.000192534,0.0466054,
0.00328056,-0.000168925,0.000640369,2.11965e-05,-0.000690885,0.000573798,6.90107e-05,-0.000334128,0.000572626,0.000167478,4.6154e-05,-6.63672e-05,0.00101417,8.06085e-05,0.000520217,-0.000196657,0.00384636,-1.31528e-05,-0.00304179,-0.000283654,3.64142e-06,-0.000497425,-0.000108737,0.00101732,0.000125018,-0.000907461,0.000552698,0.000208539,-0.000418233,0.000294618,-0.00338021,-2.98566e-05,0.0268608,-4.06539e-05,-0.000125564,0.000688294,0.000855634,-0.00065132,-5.23279e-05,0.000471171,0.0253554,0.00010672,3.49546e-05,3.90458e-06,2.29202e-05,-3.27025e-07,-7.33869e-05,0.000192561,0.0466054,
0.00329052,-0.000173166,0.000643846,2.10327e-05,-0.00071106,0.000571565,6.95381e-05,-0.000337008,0.000572873,0.000160698,4.59723e-05,-5.93093e-05,0.00101541,8.05987e-05,0.000526063,-0.000199899,0.00382687,-1.32419e-05,-0.00305029,-0.000288015,3.89227e-06,-0.000493559,-0.000109006,0.0010079,0.000124494,-0.000904339,0.000562022,0.000208731,-0.00044106,0.000300527,-0.00338585,-2.95662e-05,0.0268924,-3.90033e-05,-0.000127334,0.000684143,0.0008537,-0.000652032,-5.23465e-05,0.000474723,0.0253442,0.000106285,3.55462e-05,3.80091e-06,2.34959e-05,-3.20927e-07,-7.54306e-05,0.000192603,0.0466054,
0.00330144,-0.000177576,0.000646831,2.08617e-05,-0.000732248,0.000569124,7.01048e-05,-0.000340237,0.000573163,0.000153857,4.57894e-05,-5.20068e-05,0.00101655,8.061e-05,0.000531537,-0.00020317,0.00380653,-1.33344e-05,-0.00305865,-0.000292571,4.13163e-06,-0.000490147,-0.000109251,0.000998396,0.000123966,-0.000900877,0.000571509,0.000208993,-0.000464901,0.000306549,-0.00339131,-2.92728e-05,0.0269244,-3.74448e-05,-0.000129079,0.000680004,0.000851606,-0.000652856,-5.23678e-05,0.000478073,0.0253324,0.000105824,3.61809e-05,3.6921e-06,2.40725e-05,-3.15299e-07,-7.7437e-05,0.000192656,0.0466054,
0.00331322,-0.000182109,0.00064925,2.06853e-05,-0.000754221,0.000566488,7.07039e-05,-0.000343786,0.000573495,0.000147032,4.5608e-05,-4.45183e-05,0.0010176,8.06401e-05,0.000536547,-0.000206427,0.00378555,-1.34295e-05,-0.00306675,-0.000297271,4.35625e-06,-0.000487236,-0.000109465,0.000988886,0.00012344,-0.000897081,0.000581064,0.000209314,-0.000489507,0.000312628,-0.0033965,-2.89799e-05,0.0269563,-3.59845e-05,-0.000130776,0.000675915,0.00084937,-0.000653769,-5.2392e-05,0.00048118,0.02532,0.000105342,3.68529e-05,3.5792e-06,2.46431e-05,-3.10204e-07,-7.93811e-05,0.000192721,0.0466054,
0.00332573,-0.00018672,0.000651053,2.0505e-05,-0.000776763,0.000563672,7.13279e-05,-0.000347623,0.000573869,0.000140288,4.54296e-05,-3.69016e-05,0.00101854,8.0686e-05,0.00054102,-0.000209634,0.00376409,-1.35262e-05,-0.00307448,-0.000302069,4.56328e-06,-0.000484855,-0.000109644,0.000979456,0.000122922,-0.000892969,0.000590604,0.000209685,-0.00051464,0.000318712,-0.00340135,-2.86898e-05,0.026988,-3.46239e-05,-0.000132406,0.000671912,0.000847016,-0.000654756,-5.24186e-05,0.000484017,0.0253073,0.000104848,3.75555e-05,3.46324e-06,2.5201e-05,-3.05675e-07,-8.12451e-05,0.000192797,0.0466054,
0.00333885,-0.00019137,0.000652207,2.03222e-05,-0.000799672,0.000560693,7.19695e-05,-0.000351712,0.00057428,0.000133688,4.5256e-05,-2.92142e-05,0.00101936,8.07458e-05,0.000544903,-0.00021276,0.00374236,-1.36237e-05,-0.00308178,-0.000306921,4.75012e-06,-0.000483018,-0.000109785,0.000970182,0.000122416,-0.000888574,0.000600053,0.000210098,-0.000540083,0.000324756,-0.00340578,-2.84049e-05,0.0270191,-3.33615e-05,-0.000133957,0.000668022,0.000844566,-0.000655805,-5.24478e-05,0.000486572,0.0252943,0.000104347,3.82818e-05,3.34523e-06,2.57407e-05,-3.01733e-07,-8.30166e-05,0.000192883,0.0466053,
0.00335246,-0.00019602,0.000652696,2.01382e-05,-0.000822764,0.000557568,7.26219e-05,-0.000356014,0.000574727,0.000127283,4.50884e-05,-2.15131e-05,0.00102008,8.08176e-05,0.00054816,-0.00021578,0.00372051,-1.37214e-05,-0.00308858,-0.000311789,4.91468e-06,-0.000481728,-0.000109888,0.000961134,0.000121926,-0.000883936,0.000609344,0.000210546,-0.000565636,0.000330719,-0.00340978,-2.81271e-05,0.0270495,-3.21942e-05,-0.000135421,0.00066427,0.000842044,-0.000656906,-5.24794e-05,0.00048884,0.0252812,0.000103846,3.90253e-05,3.22613e-06,2.62571e-05,-2.98386e-07,-8.46864e-05,0.000192978,0.0466053,
0.00336644,-0.000200635,0.000652521,1.99544e-05,-0.00084587,0.000554318,7.32787e-05,-0.000360491,0.000575203,0.000121119,4.4928e-05,-1.38535e-05,0.00102069,8.08997e-05,0.000550773,-0.000218672,0.00369872,-1.38186e-05,-0.00309484,-0.000316637,5.05529e-06,-0.000480972,-0.000109952,0.000952376,0.000121454,-0.000879106,0.000618418,0.000211021,-0.000591116,0.000336563,-0.00341331,-2.78578e-05,0.027079,-3.11179e-05,-0.00013679,0.000660673,0.000839471,-0.000658055,-5.25131e-05,0.000490827,0.025268,0.000103349,3.97795e-05,3.10687e-06,2.67464e-05,-2.95627e-07,-8.62481e-05,0.000193083,0.0466052,
0.00338068,-0.000205186,0.000651698,1.97716e-05,-0.000868836,0.000550963,7.39343e-05,-0.000365104,0.000575705,0.000115236,4.47754e-05,-6.28937e-06,0.0010212,8.09915e-05,0.000552738,-0.000221418,0.00367712,-1.39148e-05,-0.00310055,-0.000321434,5.17071e-06,-0.000480734,-0.000109978,0.000943968,0.000121003,-0.000874139,0.000627224,0.00021152,-0.000616359,0.000342256,-0.00341637,-2.75983e-05,0.0271074,-3.01278e-05,-0.000138061,0.000657246,0.000836867,-0.000659248,-5.25486e-05,0.000492545,0.0252548,0.000102859,4.05383e-05,2.98835e-06,2.72053e-05,-2.93446e-07,-8.76976e-05,0.000193196,0.0466052,
0.00339507,-0.000209643,0.000650253,1.9591e-05,-0.000891529,0.000547521,7.45838e-05,-0.000369813,0.000576226,0.000109664,4.46313e-05,1.12858e-06,0.0010216,8.10922e-05,0.000554064,-0.000224007,0.00365585,-1.40095e-05,-0.00310568,-0.000326152,5.26008e-06,-0.000480986,-0.000109969,0.000935961,0.000120575,-0.000869094,0.000635718,0.000212039,-0.00064122,0.00034777,-0.00341896,-2.73495e-05,0.0271346,-2.9219e-05,-0.000139232,0.000653999,0.000834252,-0.000660483,-5.25857e-05,0.00049401,0.0252418,0.000102381,4.12959e-05,2.87141e-06,2.76314e-05,-2.91823e-07,-8.90327e-05,0.000193318,0.0466051,
0.00340951,-0.000213982,0.000648222,1.94133e-05,-0.000913828,0.000544014,7.52226e-05,-0.000374582,0.000576762,0.000104429,4.44961e-05,8.35314e-06,0.00102191,8.12018e-05,0.00055477,-0.00022643,0.00363504,-1.41023e-05,-0.00311026,-0.000330767,5.32294e-06,-0.000481696,-0.000109929,0.000928398,0.000120171,-0.000864032,0.000643862,0.000212576,-0.000665571,0.000353081,-0.00342111,-2.71121e-05,0.0271605,-2.83868e-05,-0.000140303,0.000650938,0.000831644,-0.000661761,-5.2624e-05,0.000495242,0.025229,0.000101917,4.2047e-05,2.75681e-06,2.80231e-05,-2.90732e-07,-9.02528e-05,0.000193448,0.0466051,
0.00342392,-0.000218182,0.00064565,1.92392e-05,-0.000935629,0.000540461,7.58469e-05,-0.000379373,0.000577305,9.95497e-05,4.43699e-05,1.53409e-05,0.00102212,8.13201e-05,0.000554887,-0.000228681,0.00361479,-1.41929e-05,-0.00311428,-0.000335257,5.35923e-06,-0.000482827,-0.000109859,0.000921315,0.000119792,-0.000859012,0.000651624,0.000213129,-0.0006893,0.000358168,-0.00342284,-2.68867e-05,0.0271851,-2.76264e-05,-0.000141275,0.000648067,0.000829057,-0.000663081,-5.26629e-05,0.000496265,0.0252164,0.00010147,4.27869e-05,2.64528e-06,2.83791e-05,-2.90147e-07,-9.13588e-05,0.000193587,0.046605,
0.00343821,-0.000222225,0.000642587,1.90694e-05,-0.000956843,0.000536882,7.64536e-05,-0.000384153,0.00057785,9.50389e-05,4.42528e-05,2.20533e-05,0.00102223,8.14473e-05,0.000554451,-0.000230756,0.00359521,-1.4281e-05,-0.00311777,-0.000339605,5.36921e-06,-0.000484341,-0.000109765,0.000914742,0.000119438,-0.000854091,0.000658981,0.000213697,-0.000712313,0.000363015,-0.00342418,-2.66736e-05,0.0272083,-2.69336e-05,-0.000142151,0.000645386,0.000826508,-0.000664444,-5.27023e-05,0.000497103,0.0252042,0.00010104,4.35111e-05,2.53743e-06,2.86992e-05,-2.90033e-07,-9.23529e-05,0.000193734,0.0466049,
0.00345231,-0.000226096,0.000639088,1.89043e-05,-0.000977392,0.000533296,7.70399e-05,-0.00038889,0.000578392,9.09039e-05,4.41446e-05,2.84564e-05,0.00102226,8.15837e-05,0.000553505,-0.000232658,0.00357637,-1.43662e-05,-0.00312076,-0.000343794,5.35345e-06,-0.000486198,-0.000109651,0.000908699,0.000119108,-0.000849321,0.000665911,0.000214278,-0.00073453,0.000367608,-0.00342516,-2.64728e-05,0.0272301,-2.63047e-05,-0.000142934,0.000642895,0.000824009,-0.000665849,-5.27413e-05,0.00049778,0.0251924,0.000100629,4.42158e-05,2.43383e-06,2.89834e-05,-2.90357e-07,-9.32381e-05,0.000193889,0.0466048,
0.00346615,-0.000229782,0.000635209,1.87445e-05,-0.000997214,0.000529722,7.76036e-05,-0.000393555,0.000578926,8.71474e-05,4.40453e-05,3.45215e-05,0.0010222,8.17294e-05,0.000552096,-0.000234387,0.00355835,-1.44484e-05,-0.00312327,-0.000347814,5.31281e-06,-0.000488355,-0.000109521,0.000903202,0.000118803,-0.000844752,0.000672402,0.000214874,-0.000755885,0.000371937,-0.00342584,-2.62846e-05,0.0272505,-2.57362e-05,-0.000143628,0.000640589,0.000821572,-0.000667297,-5.27798e-05,0.00049832,0.025181,0.000100238,4.48977e-05,2.33496e-06,2.9232e-05,-2.91083e-07,-9.40187e-05,0.000194052,0.0466047,
0.00347967,-0.000233274,0.000631011,1.85904e-05,-0.00101626,0.000526176,7.81428e-05,-0.000398122,0.000579445,8.37674e-05,4.39546e-05,4.0225e-05,0.00102207,8.18847e-05,0.000550273,-0.000235948,0.00354121,-1.45274e-05,-0.00312535,-0.000351654,5.24835e-06,-0.000490771,-0.00010938,0.000898256,0.000118523,-0.000840425,0.000678443,0.000215484,-0.000776325,0.000375995,-0.00342624,-2.61089e-05,0.0272694,-2.52251e-05,-0.00014424,0.000638465,0.000819208,-0.000668787,-5.28174e-05,0.000498746,0.0251702,9.98686e-05,4.55538e-05,2.2412e-06,2.94461e-05,-2.92175e-07,-9.46995e-05,0.000194223,0.0466046,
0.00349283,-0.000236564,0.00062655,1.84421e-05,-0.00103448,0.000522676,7.86563e-05,-0.000402567,0.000579947,8.07583e-05,4.38721e-05,4.55484e-05,0.00102186,8.20497e-05,0.000548087,-0.000237346,0.00352498,-1.46031e-05,-0.00312704,-0.000355306,5.1614e-06,-0.000493406,-0.000109232,0.000893864,0.000118265,-0.000836377,0.000684029,0.000216107,-0.00079581,0.000379778,-0.00342641,-2.59455e-05,0.027287,-2.47686e-05,-0.000144773,0.000636516,0.000816925,-0.000670317,-5.28535e-05,0.00049908,0.0251598,9.95202e-05,4.61817e-05,2.1529e-06,2.96268e-05,-2.93595e-07,-9.5286e-05,0.000194402,0.0466045,
0.00350558,-0.000239649,0.000621885,1.83e-05,-0.00105185,0.000519236,7.91429e-05,-0.00040687,0.000580428,7.81113e-05,4.37976e-05,5.04783e-05,0.00102158,8.22243e-05,0.00054559,-0.000238588,0.00350971,-1.46754e-05,-0.00312836,-0.000358764,5.05341e-06,-0.000496222,-0.000109079,0.000890022,0.00011803,-0.000832638,0.00068916,0.000216742,-0.00081431,0.000383285,-0.00342639,-2.57943e-05,0.0273032,-2.43646e-05,-0.000145234,0.000634737,0.000814732,-0.000671886,-5.2888e-05,0.00049934,0.02515,9.91934e-05,4.67795e-05,2.07028e-06,2.97755e-05,-2.95306e-07,-9.57841e-05,0.000194589,0.0466044,
0.00351789,-0.000242524,0.000617071,1.81643e-05,-0.00106835,0.000515872,7.9602e-05,-0.000411014,0.000580883,7.58147e-05,4.37306e-05,5.50058e-05,0.00102124,8.24082e-05,0.000542832,-0.000239681,0.00349542,-1.47442e-05,-0.00312937,-0.000362027,4.92602e-06,-0.000499181,-0.000108927,0.000886719,0.000117817,-0.000829231,0.000693837,0.00021739,-0.000831805,0.000386515,-0.00342623,-2.5655e-05,0.027318,-2.4011e-05,-0.00014563,0.00063312,0.000812634,-0.000673488,-5.29203e-05,0.000499544,0.0251408,9.88889e-05,4.73457e-05,1.99351e-06,2.98939e-05,-2.97273e-07,-9.62001e-05,0.000194784,0.0466043,
0.00352972,-0.00024519,0.000612161,1.80351e-05,-0.00108396,0.000512595,8.00332e-05,-0.000414983,0.000581311,7.38548e-05,4.36707e-05,5.91267e-05,0.00102084,8.26012e-05,0.000539863,-0.000240634,0.00348213,-1.48094e-05,-0.00313009,-0.00036509,4.78092e-06,-0.000502249,-0.000108778,0.000883942,0.000117624,-0.000826173,0.000698067,0.000218048,-0.000848284,0.000389471,-0.00342595,-2.55272e-05,0.0273315,-2.37061e-05,-0.000145966,0.000631657,0.000810637,-0.000675122,-5.29504e-05,0.000499707,0.0251321,9.86068e-05,4.78789e-05,1.9227e-06,2.99837e-05,-2.99461e-07,-9.65408e-05,0.000194987,0.0466042,
0.00354106,-0.000247647,0.000607205,1.79125e-05,-0.00109868,0.000509418,8.04362e-05,-0.000418766,0.000581708,7.22158e-05,4.36175e-05,6.28406e-05,0.00102039,8.28028e-05,0.00053673,-0.000241456,0.00346983,-1.4871e-05,-0.00313057,-0.000367955,4.61989e-06,-0.000505393,-0.000108635,0.000881673,0.00011745,-0.000823477,0.000701859,0.000218715,-0.000863744,0.000392158,-0.00342559,-2.54107e-05,0.0273437,-2.34482e-05,-0.000146249,0.000630342,0.000808744,-0.000676782,-5.29779e-05,0.000499843,0.025124,9.83474e-05,4.83785e-05,1.85788e-06,3.00467e-05,-3.01836e-07,-9.68128e-05,0.000195199,0.046604,
0.00370443,-4.88861e-05,0.000405513,0.000496823,-0.00109509,0.00017485,4.62352e-05,-4.88861e-05,0.0010742,-0.000410777,0.00121635,0.000108762,0.000208293,-1.6388e-06,0.000405513,-0.000410777,0.00362356,-0.000416771,-0.00314544,-9.25361e-05,3.34496e-05,0.000496823,0.00121635,-0.000416771,0.00327452,-0.000706436,-0.00147967,-8.4969e-06,-0.00109509,0.000108762,-0.00314544,-0.000706436,0.02733,0.000448127,-9.73206e-05,0.00017485,0.000208293,-9.25361e-05,-0.00147967,0.000448127,0.0261038,0.000201087,4.62352e-05,-1.63878e-06,3.34496e-05,-8.49694e-06,-9.73206e-05,0.000201087,0.0466045,
0.00371394,-5.11159e-05,0.000400687,0.000494755,-0.00110548,0.000173336,4.65878e-05,-5.11159e-05,0.00107441,-0.00041166,0.0012163,0.000109705,0.000206183,-1.73089e-06,0.000400687,-0.00041166,0.00361864,-0.000418396,-0.00314562,-9.34321e-05,3.3441e-05,0.000494755,0.0012163,-0.000418396,0.00327404,-0.000705573,-0.00148019,-8.65334e-06,-0.00110548,0.000109705,-0.00314562,-0.000705573,0.0273322,0.00044712,-9.6407e-05,0.000173336,0.000206183,-9.34321e-05,-0.00148019,0.00044712,0.026099,0.000201416,4.65878e-05,-1.73088e-06,3.3441e-05,-8.65334e-06,-9.6407e-05,0.000201416,0.0466043,
0.00372269,-5.29671e-05,0.000396055,0.000492743,-0.00111459,0.000172086,4.68624e-05,-5.29671e-05,0.00107457,-0.000412246,0.00121628,0.00011034,0.000204529,-1.8088e-06,0.000396055,-0.000412246,0.00361494,-0.000419728,-0.00314563,-9.43018e-05,3.3401e-05,0.000492743,0.00121628,-0.000419728,0.00327356,-0.000704832,-0.00148044,-8.79762e-06,-0.00111459,0.00011034,-0.00314563,-0.000704832,0.0273337,0.000446183,-9.5687e-05,0.000172086,0.000204529,-9.43018e-05,-0.00148044,0.000446183,0.026095,0.000201753,4.68624e-05,-1.80881e-06,3.3401e-05,-8.79761e-06,-9.5687e-05,0.000201753,0.0466042,
0.0037307,-5.45889e-05,0.00039175,0.000490802,-0.00112285,0.000170979,4.70814e-05,-5.45889e-05,0.00107473,-0.000412682,0.00121629,0.000110955,0.000203186,-1.8732e-06,0.00039175,-0.000412682,0.00361174,-0.000420882,-0.00314552,-9.50235e-05,3.33446e-05,0.000490802,0.00121629,-0.000420882,0.00327315,-0.000704161,-0.00148066,-8.91916e-06,-0.00112285,0.000110955,-0.00314552,-0.000704161,0.0273354,0.000445444,-9.52348e-05,0.000170979,0.000203186,-9.50235e-05,-0.00148066,0.000445444,0.0260917,0.000202092,4.70814e-05,-1.87319e-06,3.33446e-05,-8.91916e-06,-9.52348e-05,0.000202092,0.046604,
0.00373803,-5.60387e-05,0.000387777,0.000488964,-0.00113038,0.000169976,4.72618e-05,-5.60388e-05,0.00107487,-0.00041303,0.00121632,0.000111576,0.000202061,-1.92718e-06,0.000387777,-0.00041303,0.00360888,-0.000421908,-0.00314533,-9.56012e-05,3.3279e-05,0.000488964,0.00121632,-0.000421908,0.00327279,-0.000703558,-0.00148087,-9.02142e-06,-0.00113038,0.000111576,-0.00314533,-0.000703558,0.0273373,0.000444864,-9.49797e-05,0.000169976,0.000202061,-9.56012e-05,-0.00148087,0.000444864,0.026089,0.000202432,4.72618e-05,-1.92716e-06,3.3279e-05,-9.02143e-06,-9.49797e-05,0.000202432,0.0466039,
0.00374472,-5.73488e-05,0.000384116,0.000487243,-0.00113728,0.000169056,4.74146e-05,-5.73488e-05,0.00107501,-0.000413321,0.00121636,0.00011219,0.000201092,-1.9735e-06,0.000384116,-0.000413321,0.00360628,-0.000422832,-0.0031451,-9.60657e-05,3.32083e-05,0.000487243,0.00121636,-0.000422832,0.00327247,-0.000703016,-0.00148108,-9.10914e-06,-0.00113728,0.00011219,-0.0031451,-0.000703016,0.0273393,0.000444396,-9.48589e-05,0.000169056,0.000201092,-9.60657e-05,-0.00148108,0.000444396,0.0260868,0.000202772,4.74146e-05,-1.97351e-06,3.32083e-05,-9.10914e-06,-9.48589e-05,0.000202772,0.0466037,
0.00375083,-5.85409e-05,0.000380743,0.000485642,-0.0011436,0.000168209,4.75469e-05,-5.85409e-05,0.00107514,-0.000413573,0.0012164,0.000112786,0.000200236,-2.01426e-06,0.000380743,-0.000413573,0.00360391,-0.000423671,-0.00314484,-9.64468e-05,3.31349e-05,0.000485642,0.0012164,-0.000423671,0.00327219,-0.000702526,-0.00148127,-9.18605e-06,-0.0011436,0.000112786,-0.00314484,-0.000702526,0.0273412,0.000444004,-9.48306e-05,0.000168209,0.000200236,-9.64469e-05,-0.00148127,0.000444004,0.0260848,0.000203111,4.75469e-05,-2.01427e-06,3.31349e-05,-9.18605e-06,-9.48306e-05,0.000203111,0.0466036,
0.00375642,-5.96312e-05,0.000377635,0.000484158,-0.0011494,0.000167426,4.76633e-05,-5.96312e-05,0.00107526,-0.000413796,0.00121645,0.000113353,0.000199468,-2.05082e-06,0.000377635,-0.000413796,0.00360174,-0.000424436,-0.00314458,-9.6768e-05,3.30602e-05,0.000484158,0.00121645,-0.000424436,0.00327194,-0.000702078,-0.00148145,-9.25483e-06,-0.0011494,0.000113353,-0.00314458,-0.000702078,0.0273431,0.000443667,-9.4869e-05,0.000167426,0.000199468,-9.6768e-05,-0.00148145,0.000443667,0.0260831,0.000203449,4.76633e-05,-2.05081e-06,3.30602e-05,-9.25482e-06,-9.4869e-05,0.000203449,0.0466034,
0.00376154,-6.06323e-05,0.000374769,0.000482786,-0.00115473,0.000166702,4.77666e-05,-6.06323e-05,0.00107537,-0.000413996,0.00121649,0.000113887,0.000198769,-2.0841e-06,0.000374769,-0.000413996,0.00359974,-0.000425136,-0.00314432,-9.70457e-05,3.29848e-05,0.000482786,0.00121649,-0.000425136,0.00327171,-0.000701666,-0.00148161,-9.3173e-06,-0.00115473,0.000113887,-0.00314432,-0.000701666,0.0273449,0.000443369,-9.49579e-05,0.000166702,0.000198769,-9.70457e-05,-0.00148161,0.000443369,0.0260815,0.000203787,4.77666e-05,-2.0841e-06,3.29848e-05,-9.31729e-06,-9.49579e-05,0.000203787,0.0466033,
0.00376623,-6.15543e-05,0.000372123,0.000481517,-0.00115963,0.000166032,4.78589e-05,-6.15542e-05,0.00107547,-0.000414179,0.00121654,0.000114388,0.000198126,-2.11477e-06,0.000372123,-0.000414179,0.00359789,-0.000425779,-0.00314406,-9.72916e-05,3.29092e-05,0.000481517,0.00121654,-0.000425779,0.0032715,-0.000701283,-0.00148175,-9.3747e-06,-0.00115963,0.000114388,-0.00314406,-0.000701283,0.0273465,0.0004431,-9.50871e-05,0.000166032,0.000198126,-9.72916e-05,-0.00148175,0.0004431,0.0260801,0.000204124,4.78589e-05,-2.11477e-06,3.29092e-05,-9.3747e-06,-9.50871e-05,0.000204124,0.0466031,
0.00377054,-6.24058e-05,0.000369677,0.000480343,-0.00116415,0.000165409,4.79417e-05,-6.24058e-05,0.00107557,-0.000414347,0.00121658,0.000114854,0.000197531,-2.1433e-06,0.000369677,-0.000414347,0.00359619,-0.000426371,-0.00314382,-9.75135e-05,3.28337e-05,0.000480343,0.00121658,-0.000426371,0.00327131,-0.000700925,-0.00148188,-9.42793e-06,-0.00116415,0.000114854,-0.00314382,-0.000700925,0.0273481,0.000442853,-9.52497e-05,0.000165409,0.000197531,-9.75135e-05,-0.00148188,0.000442853,0.0260788,0.000204461,4.79417e-05,-2.14329e-06,3.28337e-05,-9.42794e-06,-9.52497e-05,0.000204461,0.0466029,
0.00377451,-6.31943e-05,0.000367414,0.000479259,-0.00116832,0.000164831,4.80162e-05,-6.31943e-05,0.00107566,-0.000414503,0.00121661,0.000115288,0.000196977,-2.17001e-06,0.000367414,-0.000414503,0.00359461,-0.000426918,-0.00314358,-9.77168e-05,3.27583e-05,0.000479259,0.00121661,-0.000426918,0.00327113,-0.000700589,-0.001482,-9.47765e-06,-0.00116832,0.000115288,-0.00314358,-0.000700589,0.0273495,0.000442625,-9.54411e-05,0.000164831,0.000196977,-9.77168e-05,-0.001482,0.000442625,0.0260776,0.000204798,4.80162e-05,-2.17e-06,3.27583e-05,-9.47765e-06,-9.54411e-05,0.000204798,0.0466028,
0.00377816,-6.39262e-05,0.000365317,0.000478254,-0.00117219,0.000164293,4.80835e-05,-6.39263e-05,0.00107574,-0.000414649,0.00121665,0.000115691,0.000196458,-2.19515e-06,0.000365317,-0.000414649,0.00359314,-0.000427424,-0.00314336,-9.79053e-05,3.26831e-05,0.000478254,0.00121665,-0.000427424,0.00327097,-0.000700274,-0.00148211,-9.52431e-06,-0.00117219,0.000115691,-0.00314336,-0.000700274,0.0273508,0.000442413,-9.56575e-05,0.000164293,0.000196458,-9.79053e-05,-0.00148211,0.000442413,0.0260765,0.000205134,4.80835e-05,-2.19515e-06,3.26831e-05,-9.52431e-06,-9.56575e-05,0.000205134,0.0466026,
0.00378154,-6.46073e-05,0.00036337,0.000477323,-0.00117576,0.00016379,4.81442e-05,-6.46073e-05,0.00107582,-0.000414785,0.00121668,0.000116065,0.000195971,-2.21893e-06,0.00036337,-0.000414785,0.00359177,-0.000427893,-0.00314315,-9.80818e-05,3.26082e-05,0.000477323,0.00121668,-0.000427893,0.00327082,-0.000699975,-0.00148221,-9.56831e-06,-0.00117576,0.000116065,-0.00314315,-0.000699975,0.0273521,0.000442213,-9.58961e-05,0.00016379,0.000195971,-9.80818e-05,-0.00148221,0.000442213,0.0260755,0.00020547,4.81442e-05,-2.21893e-06,3.26082e-05,-9.56832e-06,-9.58961e-05,0.00020547,0.0466024,
0.00378467,-6.52425e-05,0.00036156,0.000476459,-0.00117909,0.000163321,4.8199e-05,-6.52425e-05,0.00107589,-0.000414914,0.00121671,0.000116413,0.000195512,-2.24151e-06,0.00036156,-0.000414914,0.0035905,-0.00042833,-0.00314295,-9.82483e-05,3.25335e-05,0.000476459,0.00121671,-0.00042833,0.00327068,-0.000699693,-0.00148231,-9.60996e-06,-0.00117909,0.000116413,-0.00314295,-0.000699693,0.0273532,0.000442024,-9.61545e-05,0.000163321,0.000195512,-9.82483e-05,-0.00148231,0.000442024,0.0260746,0.000205806,4.8199e-05,-2.24151e-06,3.25335e-05,-9.60996e-06,-9.61546e-05,0.000205806,0.0466023,
0.00378757,-6.58364e-05,0.000359874,0.000475656,-0.00118218,0.000162881,4.82487e-05,-6.58364e-05,0.00107596,-0.000415037,0.00121674,0.000116738,0.000195078,-2.26302e-06,0.000359874,-0.000415037,0.0035893,-0.000428737,-0.00314277,-9.84062e-05,3.24591e-05,0.000475656,0.00121674,-0.000428737,0.00327056,-0.000699425,-0.00148239,-9.64952e-06,-0.00118218,0.000116738,-0.00314277,-0.000699425,0.0273543,0.000441845,-9.64309e-05,0.000162881,0.000195078,-9.84062e-05,-0.00148239,0.000441845,0.0260737,0.000206142,4.82487e-05,-2.26302e-06,3.24591e-05,-9.64952e-06,-9.64309e-05,0.000206142,0.0466021,
0.00379027,-6.6393e-05,0.0003583,0.000474908,-0.00118507,0.000162468,4.82937e-05,-6.6393e-05,0.00107602,-0.000415153,0.00121677,0.00011704,0.000194667,-2.28358e-06,0.0003583,-0.000415153,0.00358818,-0.000429118,-0.00314259,-9.85567e-05,3.23849e-05,0.000474908,0.00121677,-0.000429118,0.00327044,-0.00069917,-0.00148247,-9.68719e-06,-0.00118507,0.00011704,-0.00314259,-0.00069917,0.0273553,0.000441675,-9.67233e-05,0.000162468,0.000194667,-9.85567e-05,-0.00148247,0.000441675,0.0260729,0.000206478,4.82937e-05,-2.28358e-06,3.23849e-05,-9.68719e-06,-9.67233e-05,0.000206478,0.0466019,
0.00379278,-6.69161e-05,0.000356827,0.000474209,-0.00118777,0.00016208,4.83345e-05,-6.69161e-05,0.00107608,-0.000415263,0.00121679,0.000117323,0.000194275,-2.30329e-06,0.000356827,-0.000415263,0.00358712,-0.000429475,-0.00314242,-9.87007e-05,3.2311e-05,0.000474209,0.00121679,-0.000429475,0.00327033,-0.000698927,-0.00148254,-9.72318e-06,-0.00118777,0.000117323,-0.00314242,-0.000698927,0.0273562,0.000441512,-9.70304e-05,0.00016208,0.000194275,-9.87007e-05,-0.00148254,0.000441512,0.0260721,0.000206815,4.83345e-05,-2.30329e-06,3.2311e-05,-9.72318e-06,-9.70304e-05,0.000206815,0.0466018,
0.00379513,-6.7409e-05,0.000355446,0.000473556,-0.0011903,0.000161713,4.83714e-05,-6.7409e-05,0.00107614,-0.000415369,0.00121681,0.000117587,0.000193902,-2.32223e-06,0.000355446,-0.000415369,0.00358613,-0.00042981,-0.00314226,-9.88391e-05,3.22372e-05,0.000473556,0.00121681,-0.00042981,0.00327022,-0.000698694,-0.00148261,-9.75765e-06,-0.0011903,0.000117587,-0.00314226,-0.000698694,0.0273571,0.000441356,-9.73506e-05,0.000161713,0.000193902,-9.88391e-05,-0.00148261,0.000441356,0.0260713,0.000207151,4.83714e-05,-2.32223e-06,3.22372e-05,-9.75765e-06,-9.73506e-05,0.000207151,0.0466016,
0.00379733,-6.78745e-05,0.000354149,0.000472944,-0.00119268,0.000161366,4.8405e-05,-6.78745e-05,0.00107619,-0.000415471,0.00121683,0.000117835,0.000193544,-2.34048e-06,0.000354149,-0.000415471,0.00358518,-0.000430127,-0.00314211,-9.89725e-05,3.21636e-05,0.000472944,0.00121683,-0.000430127,0.00327013,-0.000698471,-0.00148267,-9.79077e-06,-0.00119268,0.000117835,-0.00314211,-0.000698471,0.0273579,0.000441206,-9.76827e-05,0.000161366,0.000193544,-9.89725e-05,-0.00148267,0.000441206,0.0260707,0.000207488,4.8405e-05,-2.34048e-06,3.21636e-05,-9.79076e-06,-9.76827e-05,0.000207488,0.0466014,
0.0037994,-6.83154e-05,0.000352926,0.000472369,-0.00119492,0.000161037,4.84355e-05,-6.83154e-05,0.00107624,-0.000415569,0.00121685,0.000118068,0.000193201,-2.35812e-06,0.000352926,-0.000415569,0.00358429,-0.000430426,-0.00314197,-9.91014e-05,3.20902e-05,0.000472369,0.00121685,-0.000430426,0.00327003,-0.000698257,-0.00148273,-9.82265e-06,-0.00119492,0.000118068,-0.00314197,-0.000698257,0.0273586,0.000441061,-9.80257e-05,0.000161037,0.000193201,-9.91014e-05,-0.00148273,0.000441061,0.02607,0.000207825,4.84355e-05,-2.35812e-06,3.20902e-05,-9.82265e-06,-9.80257e-05,0.000207825,0.0466013,
0.00380135,-6.87342e-05,0.000351772,0.000471827,-0.00119704,0.000160725,4.84633e-05,-6.87342e-05,0.00107629,-0.000415664,0.00121687,0.000118288,0.000192872,-2.37519e-06,0.000351772,-0.000415664,0.00358344,-0.000430709,-0.00314184,-9.92264e-05,3.20169e-05,0.000471827,0.00121687,-0.000430709,0.00326995,-0.000698051,-0.00148278,-9.85342e-06,-0.00119704,0.000118288,-0.00314184,-0.000698051,0.0273594,0.000440921,-9.83785e-05,0.000160725,0.000192872,-9.92264e-05,-0.00148278,0.000440921,0.0260694,0.000208162,4.84633e-05,-2.37519e-06,3.20169e-05,-9.85342e-06,-9.83785e-05,0.000208162,0.0466011,
0.00380319,-6.91329e-05,0.000350679,0.000471315,-0.00119904,0.000160426,4.84885e-05,-6.91329e-05,0.00107633,-0.000415756,0.00121689,0.000118496,0.000192554,-2.39177e-06,0.000350679,-0.000415756,0.00358263,-0.000430978,-0.00314171,-9.93479e-05,3.19438e-05,0.000471315,0.00121689,-0.000430978,0.00326987,-0.000697853,-0.00148283,-9.8832e-06,-0.00119904,0.000118496,-0.00314171,-0.000697853,0.02736,0.000440785,-9.87402e-05,0.000160426,0.000192554,-9.93479e-05,-0.00148283,0.000440785,0.0260688,0.000208499,4.84885e-05,-2.39177e-06,3.19438e-05,-9.8832e-06,-9.87402e-05,0.000208499,0.0466009,
0.00380493,-6.95136e-05,0.000349641,0.000470831,-0.00120095,0.000160141,4.85116e-05,-6.95136e-05,0.00107638,-0.000415845,0.0012169,0.000118693,0.000192247,-2.40789e-06,0.000349641,-0.000415845,0.00358185,-0.000431235,-0.00314159,-9.94661e-05,3.18707e-05,0.000470831,0.0012169,-0.000431235,0.00326979,-0.00069766,-0.00148288,-9.91208e-06,-0.00120095,0.000118693,-0.00314159,-0.00069766,0.0273607,0.000440654,-9.911e-05,0.000160141,0.000192247,-9.94661e-05,-0.00148288,0.000440654,0.0260683,0.000208836,4.85116e-05,-2.40789e-06,3.18707e-05,-9.91208e-06,-9.911e-05,0.000208836,0.0466008,
0.00380658,-6.98781e-05,0.000348654,0.000470371,-0.00120276,0.000159868,4.85326e-05,-6.98781e-05,0.00107642,-0.000415931,0.00121692,0.00011888,0.000191949,-2.4236e-06,0.000348654,-0.000415931,0.00358111,-0.00043148,-0.00314147,-9.95816e-05,3.17978e-05,0.000470371,0.00121692,-0.00043148,0.00326972,-0.000697474,-0.00148293,-9.94015e-06,-0.00120276,0.00011888,-0.00314147,-0.000697474,0.0273613,0.000440525,-9.9487e-05,0.000159868,0.000191949,-9.95816e-05,-0.00148293,0.000440525,0.0260677,0.000209174,4.85326e-05,-2.4236e-06,3.17978e-05,-9.94015e-06,-9.9487e-05,0.000209174,0.0466006,
0.00380816,-7.02279e-05,0.000347711,0.000469933,-0.0012045,0.000159605,4.85517e-05,-7.02279e-05,0.00107646,-0.000416016,0.00121693,0.000119058,0.00019166,-2.43895e-06,0.000347711,-0.000416016,0.00358039,-0.000431715,-0.00314136,-9.96945e-05,3.1725e-05,0.000469933,0.00121693,-0.000431715,0.00326965,-0.000697293,-0.00148297,-9.96749e-06,-0.0012045,0.000119058,-0.00314136,-0.000697293,0.0273619,0.0004404,-9.98707e-05,0.000159605,0.00019166,-9.96945e-05,-0.00148297,0.0004404,0.0260672,0.000209512,4.85517e-05,-2.43895e-06,3.1725e-05,-9.96749e-06,-9.98707e-05,0.000209512,0.0466004,
0.00380966,-7.05646e-05,0.00034681,0.000469515,-0.00120616,0.000159352,4.85693e-05,-7.05646e-05,0.0010765,-0.000416099,0.00121694,0.000119229,0.000191379,-2.45397e-06,0.00034681,-0.000416099,0.0035797,-0.000431941,-0.00314125,-9.98052e-05,3.16522e-05,0.000469515,0.00121694,-0.000431941,0.00326958,-0.000697117,-0.00148301,-9.99417e-06,-0.00120616,0.000119229,-0.00314125,-0.000697117,0.0273624,0.000440277,-0.00010026,0.000159352,0.000191379,-9.98052e-05,-0.00148301,0.000440277,0.0260667,0.00020985,4.85693e-05,-2.45397e-06,3.16522e-05,-9.99417e-06,-0.00010026,0.00020985,0.0466003,
0.0038111,-7.08895e-05,0.000345944,0.000469116,-0.00120775,0.000159108,4.85853e-05,-7.08895e-05,0.00107654,-0.000416179,0.00121696,0.000119392,0.000191105,-2.46869e-06,0.000345944,-0.000416179,0.00357903,-0.000432159,-0.00314115,-9.99138e-05,3.15795e-05,0.000469116,0.00121696,-0.000432159,0.00326952,-0.000696945,-0.00148305,-1.00203e-05,-0.00120775,0.000119392,-0.00314115,-0.000696945,0.027363,0.000440157,-0.000100655,0.000159108,0.000191105,-9.99138e-05,-0.00148305,0.000440157,0.0260662,0.000210189,4.85853e-05,-2.46869e-06,3.15795e-05,-1.00203e-05,-0.000100655,0.000210189,0.0466001,
0.00381249,-7.12037e-05,0.000345112,0.000468732,-0.00120929,0.000158871,4.86e-05,-7.12037e-05,0.00107657,-0.000416259,0.00121697,0.000119548,0.000190837,-2.48314e-06,0.000345112,-0.000416259,0.00357838,-0.000432369,-0.00314105,-0.000100021,3.15069e-05,0.000468732,0.00121697,-0.000432369,0.00326945,-0.000696777,-0.00148308,-1.00458e-05,-0.00120929,0.000119548,-0.00314105,-0.000696777,0.0273635,0.000440039,-0.000101055,0.000158871,0.000190837,-0.000100021,-0.00148308,0.000440039,0.0260658,0.000210528,4.86e-05,-2.48314e-06,3.15069e-05,-1.00458e-05,-0.000101055,0.000210528,0.0465999,
0.00381382,-7.15083e-05,0.00034431,0.000468363,-0.00121077,0.000158641,4.86135e-05,-7.15083e-05,0.00107661,-0.000416337,0.00121698,0.000119699,0.000190574,-2.49735e-06,0.00034431,-0.000416337,0.00357775,-0.000432572,-0.00314095,-0.000100126,3.14343e-05,0.000468363,0.00121698,-0.000432572,0.00326939,-0.000696613,-0.00148312,-1.00709e-05,-0.00121077,0.000119699,-0.00314095,-0.000696613,0.027364,0.000439923,-0.00010146,0.000158641,0.000190574,-0.000100126,-0.00148312,0.000439923,0.0260653,0.000210867,4.86135e-05,-2.49735e-06,3.14343e-05,-1.00709e-05,-0.00010146,0.000210867,0.0465997,
0.0038151,-7.18043e-05,0.000343534,0.000468008,-0.0012122,0.000158417,4.8626e-05,-7.18043e-05,0.00107664,-0.000416413,0.00121699,0.000119844,0.000190317,-2.51134e-06,0.000343534,-0.000416413,0.00357714,-0.00043277,-0.00314086,-0.00010023,3.13618e-05,0.000468008,0.00121699,-0.00043277,0.00326934,-0.000696452,-0.00148315,-1.00955e-05,-0.0012122,0.000119844,-0.00314086,-0.000696452,0.0273645,0.000439809,-0.000101868,0.000158417,0.000190317,-0.00010023,-0.00148315,0.000439809,0.0260649,0.000211206,4.8626e-05,-2.51134e-06,3.13617e-05,-1.00955e-05,-0.000101868,0.000211206,0.0465996,
0.00381634,-7.20926e-05,0.000342782,0.000467664,-0.00121359,0.000158199,4.86374e-05,-7.20926e-05,0.00107667,-0.000416489,0.001217,0.000119985,0.000190064,-2.52514e-06,0.000342782,-0.000416489,0.00357655,-0.000432962,-0.00314077,-0.000100332,3.12893e-05,0.000467664,0.001217,-0.000432962,0.00326928,-0.000696294,-0.00148318,-1.01198e-05,-0.00121359,0.000119985,-0.00314077,-0.000696294,0.0273649,0.000439697,-0.00010228,0.000158199,0.000190064,-0.000100332,-0.00148318,0.000439697,0.0260645,0.000211545,4.86374e-05,-2.52514e-06,3.12893e-05,-1.01198e-05,-0.00010228,0.000211545,0.0465994,
0.00381755,-7.23739e-05,0.000342051,0.00046733,-0.00121494,0.000157986,4.8648e-05,-7.23739e-05,0.00107671,-0.000416564,0.00121701,0.000120122,0.000189815,-2.53876e-06,0.000342051,-0.000416564,0.00357596,-0.000433149,-0.00314068,-0.000100433,3.12168e-05,0.00046733,0.00121701,-0.000433149,0.00326923,-0.000696138,-0.00148321,-1.01437e-05,-0.00121494,0.000120122,-0.00314068,-0.000696138,0.0273654,0.000439585,-0.000102695,0.000157986,0.000189815,-0.000100433,-0.00148321,0.000439585,0.0260641,0.000211885,4.8648e-05,-2.53876e-06,3.12168e-05,-1.01437e-05,-0.000102695,0.000211885,0.0465992,
0.00381872,-7.2649e-05,0.00034134,0.000467007,-0.00121625,0.000157778,4.86577e-05,-7.2649e-05,0.00107674,-0.000416637,0.00121702,0.000120254,0.00018957,-2.55223e-06,0.00034134,-0.000416637,0.00357539,-0.000433332,-0.00314059,-0.000100534,3.11443e-05,0.000467007,0.00121702,-0.000433332,0.00326917,-0.000695984,-0.00148324,-1.01673e-05,-0.00121625,0.000120254,-0.00314059,-0.000695984,0.0273658,0.000439476,-0.000103113,0.000157778,0.00018957,-0.000100534,-0.00148324,0.000439476,0.0260637,0.000212225,4.86577e-05,-2.55223e-06,3.11443e-05,-1.01673e-05,-0.000103113,0.000212225,0.0465991,
0.00381986,-7.29186e-05,0.000340646,0.000466691,-0.00121754,0.000157574,4.86667e-05,-7.29186e-05,0.00107677,-0.00041671,0.00121702,0.000120384,0.000189328,-2.56555e-06,0.000340646,-0.00041671,0.00357483,-0.000433511,-0.00314051,-0.000100633,3.10719e-05,0.000466691,0.00121702,-0.000433511,0.00326912,-0.000695833,-0.00148327,-1.01907e-05,-0.00121754,0.000120384,-0.00314051,-0.000695833,0.0273662,0.000439367,-0.000103534,0.000157574,0.000189328,-0.000100633,-0.00148327,0.000439367,0.0260633,0.000212565,4.86667e-05,-2.56555e-06,3.10719e-05,-1.01907e-05,-0.000103534,0.000212565,0.0465989,
0.00382098,-7.31831e-05,0.000339967,0.000466384,-0.0012188,0.000157373,4.86751e-05,-7.31831e-05,0.0010768,-0.000416782,0.00121703,0.00012051,0.000189089,-2.57874e-06,0.000339967,-0.000416782,0.00357428,-0.000433687,-0.00314043,-0.000100731,3.09995e-05,0.000466384,0.00121703,-0.000433687,0.00326907,-0.000695683,-0.0014833,-1.02138e-05,-0.0012188,0.00012051,-0.00314043,-0.000695683,0.0273666,0.000439259,-0.000103957,0.000157373,0.000189089,-0.000100731,-0.0014833,0.000439259,0.0260629,0.000212905,4.86751e-05,-2.57874e-06,3.09995e-05,-1.02138e-05,-0.000103957,0.000212905,0.0465987,
0.00382207,-7.34432e-05,0.000339302,0.000466083,-0.00122003,0.000157175,4.86829e-05,-7.34432e-05,0.00107683,-0.000416854,0.00121704,0.000120634,0.000188853,-2.59182e-06,0.000339302,-0.000416854,0.00357374,-0.000433859,-0.00314035,-0.000100829,3.09272e-05,0.000466083,0.00121704,-0.000433859,0.00326902,-0.000695535,-0.00148332,-1.02366e-05,-0.00122003,0.000120634,-0.00314035,-0.000695535,0.027367,0.000439153,-0.000104383,0.000157175,0.000188853,-0.000100829,-0.00148332,0.000439153,0.0260626,0.000213246,4.86829e-05,-2.59182e-06,3.09272e-05,-1.02366e-05,-0.000104383,0.000213246,0.0465985,
0.00382313,-7.36993e-05,0.00033865,0.000465788,-0.00122124,0.00015698,4.86902e-05,-7.36993e-05,0.00107686,-0.000416925,0.00121705,0.000120755,0.000188619,-2.60479e-06,0.00033865,-0.000416925,0.0035732,-0.000434029,-0.00314027,-0.000100926,3.08548e-05,0.000465788,0.00121705,-0.000434029,0.00326898,-0.000695388,-0.00148335,-1.02593e-05,-0.00122124,0.000120755,-0.00314027,-0.000695388,0.0273674,0.000439047,-0.00010481,0.00015698,0.000188619,-0.000100926,-0.00148335,0.000439047,0.0260622,0.000213586,4.86902e-05,-2.6048e-06,3.08548e-05,-1.02593e-05,-0.00010481,0.000213586,0.0465984,
0.00382418,-7.39518e-05,0.000338008,0.000465498,-0.00122242,0.000156788,4.8697e-05,-7.39518e-05,0.00107689,-0.000416995,0.00121705,0.000120874,0.000188387,-2.61768e-06,0.000338008,-0.000416995,0.00357268,-0.000434196,-0.00314019,-0.000101023,3.07824e-05,0.000465498,0.00121705,-0.000434196,0.00326893,-0.000695243,-0.00148338,-1.02818e-05,-0.00122242,0.000120874,-0.00314019,-0.000695243,0.0273678,0.000438942,-0.000105239,0.000156788,0.000188387,-0.000101023,-0.00148338,0.000438942,0.0260618,0.000213927,4.8697e-05,-2.61768e-06,3.07824e-05,-1.02818e-05,-0.000105239,0.000213927,0.0465982,
0.00382521,-7.42012e-05,0.000337376,0.000465214,-0.0012236,0.000156598,4.87033e-05,-7.42012e-05,0.00107691,-0.000417065,0.00121706,0.000120991,0.000188156,-2.63048e-06,0.000337376,-0.000417065,0.00357216,-0.000434361,-0.00314011,-0.000101119,3.07101e-05,0.000465214,0.00121706,-0.000434361,0.00326888,-0.000695098,-0.0014834,-1.03041e-05,-0.0012236,0.000120991,-0.00314011,-0.000695098,0.0273682,0.000438837,-0.000105669,0.000156598,0.000188156,-0.000101119,-0.0014834,0.000438837,0.0260615,0.000214268,4.87033e-05,-2.63048e-06,3.07101e-05,-1.03041e-05,-0.000105669,0.000214268,0.046598,
0.00382623,-7.44477e-05,0.000336752,0.000464934,-0.00122475,0.00015641,4.87093e-05,-7.44477e-05,0.00107694,-0.000417134,0.00121707,0.000121106,0.000187928,-2.64321e-06,0.000336752,-0.000417134,0.00357164,-0.000434524,-0.00314003,-0.000101214,3.06377e-05,0.000464934,0.00121707,-0.000434524,0.00326884,-0.000694955,-0.00148342,-1.03263e-05,-0.00122475,0.000121106,-0.00314003,-0.000694955,0.0273686,0.000438733,-0.000106101,0.00015641,0.000187928,-0.000101214,-0.00148342,0.000438733,0.0260611,0.000214609,4.87093e-05,-2.64321e-06,3.06377e-05,-1.03263e-05,-0.000106101,0.000214609,0.0465978,
0.00382723,-7.46918e-05,0.000336136,0.000464657,-0.00122589,0.000156224,4.87149e-05,-7.46918e-05,0.00107697,-0.000417203,0.00121708,0.00012122,0.000187701,-2.65586e-06,0.000336136,-0.000417203,0.00357113,-0.000434685,-0.00313996,-0.000101309,3.05654e-05,0.000464657,0.00121708,-0.000434685,0.00326879,-0.000694812,-0.00148345,-1.03484e-05,-0.00122589,0.00012122,-0.00313996,-0.000694812,0.027369,0.00043863,-0.000106534,0.000156224,0.000187701,-0.000101309,-0.00148345,0.00043863,0.0260608,0.00021495,4.87149e-05,-2.65586e-06,3.05654e-05,-1.03484e-05,-0.000106534,0.00021495,0.0465976,
