Optimisation time (ms),derivs time (ms),BP time (ms),FP time (ms),% derivs,surprise,expected,new cost
9.722,6.571,1.117,1.017,98.5556,0.315826,1.96336,1.90845
9.904,6.726,1.147,1.006,98.8889,0.954141,13.8661,1.3784
9.825,6.575,1.147,1.059,99,1.36711,5.05779,1.13777
9.779,6.529,1.2,1.007,98.7778,1.09015,5.51068,0.958422
9.923,6.673,1.164,1.053,98.8889,1.07639,2.20792,1.00286
10.227,6.898,1.174,1.068,99,1.07366,1.67614,0.797231
9.967,6.723,1.171,1.02,98.8889,1.24966,0.578019,0.234487
9.57,6.285,1.17,1.07,98.1111,1.17521,6.81007,0.148772
9.941,6.629,1.183,1.064,97.6667,0.720755,0.735877,0.485301
9.869,6.604,1.164,1.046,98.7778,1.07027,0.386225,0.173002
10.374,7.011,1.194,1.083,98.7778,1.1333,7.5062,0.10708
9.893,6.583,1.214,1.031,99,0.880897,1.10329,0.484845
9.71,6.391,1.209,1.052,99,1.26706,2.11628,0.259272
10.017,6.642,1.226,1.076,99,0.70507,0.567262,0.414237
9.882,6.547,1.213,1.056,98.2222,0.988721,17.0477,2.12866
10.029,6.564,1.231,1.11,99,1.14725,10.5035,0.731352
10.108,6.77,1.244,1.034,98.8889,0.273426,1.06717,1.8286
9.34,6.056,1.211,1.034,98.4444,0.995498,7.33467,4.36824
9.607,6.39,1.215,0.972,99,0.948291,5.79555,1.78868
9.74,6.211,1.478,1.049,99,0.864709,5.75713,2.09113
9.887,6.578,1.225,1.029,99,1.11506,2.20444,0.904896
10.074,6.459,1.291,1.11,98.8889,0.879995,2.07058,0.46454
10.289,6.9,1.219,1.086,99,1.09772,2.40627,0.138638
10.127,6.691,1.269,1.069,98.7778,0.702507,1.10944,0.60094
10.068,6.731,1.203,1.065,98.8889,1.84328,3.9892,0.567164
9.998,6.595,1.208,1.111,98.6667,0.939656,4.32371,0.971928
10.045,6.666,1.204,1.074,98.8889,1.14205,1.78744,0.655063
10.674,7.2,1.227,1.145,99,0.626972,0.548502,0.483039
10.054,6.613,1.211,1.137,98.8889,0.883672,2.06999,0.601382
10.483,7.077,1.238,1.046,99,1.28896,8.47226,0.763281
9.745,6.399,1.208,1.075,99,0.554647,8.152,4.01738
10.681,7.25,1.211,1.088,99,1.50153,0.697303,0.324875
12.477,6.905,1.241,3.223,99,1.97499,1.12318,1.18393
12.341,6.979,1.224,3.056,98.7778,1.74889,0.333889,0.587228
10.155,6.768,1.245,1.052,98.7778,1.19406,5.17157,0.576935
10.011,6.726,1.202,1.051,99,0.318268,0.369287,0.543658
10.018,6.355,1.256,0.996,99,1.14334,2.83176,0.313671
9.848,6.376,1.292,1.127,98.8889,1.02352,2.44658,0.230621
10.184,6.787,1.221,1.101,98.8889,1.12344,0.489911,0.345105
9.966,6.598,1.193,1.066,98.8889,1.24686,2.94178,0.100511
10.095,6.645,1.242,1.122,98.8889,0.969258,0.875545,0.21577
10.051,6.696,1.226,1.059,99,0.928445,25.2233,0.895292
10.04,6.604,1.275,1.053,99,0.196967,2.31544,2.08981
9.534,6.21,1.221,1.054,98.7778,0.775978,2.80594,2.27955
10.033,6.651,1.239,1.044,99,1.11054,2.52065,0.725006
10.13,6.767,1.205,1.052,98.7778,0.869399,1.64039,0.666366
9.925,6.519,1.226,1.084,98.7778,0.766391,3.31618,1.35033
10.076,6.675,1.231,1.069,99,0.512527,4.81777,3.82672
10.274,6.797,1.252,1.108,98.8889,1.06374,10.9883,0.298509
10.457,7.044,1.227,1.066,99,0.593577,0.606272,0.319002
10.041,6.694,1.224,1.041,98.7778,0.866378,14.8833,0.813505
9.914,6.461,1.201,1.187,98.7778,0.74097,16.3019,4.06649
10.216,6.769,1.202,1.086,99,1.12819,22.3605,1.94399
10.494,6.889,1.237,1.294,99,0.795254,12.0522,2.39364
10.668,7.221,1.231,1.101,99,0.813178,37.6757,6.16533
10.396,6.923,1.246,1.122,98.8889,0.540435,8.36581,6.99914
10.617,7.121,1.219,1.138,98.8889,0.845126,4.97961,1.30024
10.611,7.099,1.222,1.147,98.5556,0.162248,7.98756,8.58518
10.646,7.154,1.252,1.094,99,0.851767,5.15596,1.97481
38.572,35.379,1.078,1.014,98.7778,0.95634,12.6238,2.68155
9.404,6.283,1.122,1.013,98.2222,0.579285,16.9775,6.99693
12.155,6.845,1.126,3.15,98.8889,1.84431,1.45984,2.64696
9.733,6.552,1.106,1.045,98.8889,1.15505,4.9988,1.19447
13.187,6.628,1.199,4.297,98.7778,0.508591,1.00703,4.04349
9.884,6.633,1.137,1.081,99,0.367826,10.895,9.50618
11.298,6.916,1.173,2.133,98.8889,0.233881,9.71253,15.7616
10.273,6.943,1.148,1.084,99,0.347286,14.4011,18.8214
13.611,6.973,1.173,4.376,98.8889,0.185834,4.34502,19.3214
10.442,7.003,1.178,1.138,99,0.597974,17.7846,15.125
10.441,7.063,1.166,1.101,99,0.0132515,18.3736,18.5792
10.216,6.824,1.203,1.078,98.8889,0.269009,24.6777,15.5468
10.388,6.983,1.173,1.102,98.8889,0.352294,32.699,18.549
10.026,6.672,1.185,1.09,98.8889,0.449391,27.407,15.4239
13.557,7.025,1.163,4.242,98.8889,0.114421,5.0489,20.7025
14.099,6.618,1.19,5.21,98.8889,2.38795,1.78222,19.4235
11.765,6.494,1.173,3.052,98.8889,0.377216,12.0673,20.6476
9.662,6.426,1.141,1.071,99,0.128093,24.8992,21.3583
10.03,6.667,1.185,1.128,99,0.244153,20.1874,25.062
10.202,6.811,1.167,1.11,98.2222,0.206795,26.7826,23.7659
10.522,7.115,1.169,1.113,98.8889,0.48698,18.5627,20.8822
10.138,6.823,1.171,1.045,98.3333,0.906159,30.8366,5.5292
9.882,6.632,1.171,1.013,98.8889,0.740217,9.04194,3.66527
13.558,6.266,1.213,5.044,99,1.94401,0.244438,3.45412
10.996,6.758,1.173,2.03,99,0.0759307,2.6611,3.92915
12.877,6.662,1.158,4.003,98.8889,1.04201,3.62321,14.253
12.93,6.805,1.19,3.875,98.8889,1.45547,1.53135,6.50199
10.573,6.442,1.146,1.958,98.8889,0.650768,14.4258,17.3751
12.701,6.465,1.173,4.012,99,1.26158,3.82976,14.5465
9.72,6.476,1.177,0.986,98.8889,0.0199145,20.4973,25.4731
14.016,6.649,1.168,5.148,99,3.14702,1.05404,22.0679
9.594,6.286,1.142,1.125,99,0.274773,13.7682,18.1058
14.316,6.754,1.148,5.322,99,1.14075,1.29084,17.0334
14.662,7.155,1.141,5.286,99,0,1.05734,16.8771
10.274,6.97,1.133,1.077,98.6667,0.496053,23.151,8.04667
12.864,6.558,1.173,4.076,98.8889,1.75159,2.02714,4.65151
13.91,6.663,1.145,5.09,99,0,0.335329,5.77028
9.846,6.544,1.169,1.075,98.8889,0.471219,4.25299,4.44479
10.081,6.861,1.14,1.01,98.8889,0.177554,4.89072,4.79101
9.567,6.27,1.18,1.068,98.7778,0.751044,27.0578,10.5122
13.705,6.426,1.178,5.053,98.8889,1.71331,0.557081,9.61708
13.213,6.191,1.134,4.923,98.8889,0,0.735665,13.2122
9.461,6.22,1.158,1.053,99,0.578996,16.2487,5.57621
9.567,6.386,1.143,1.021,98.8889,0.46117,5.03068,3.4481
9.735,6.526,1.171,1.03,99,0.44999,13.6184,8.45181
9.417,6.232,1.201,1,98.7778,0.937947,8.81274,2.79874
9.705,6.479,1.17,1.025,99,0.111711,1.79416,2.46635
11.133,6.914,1.183,1.985,98.8889,0.0772832,1.42637,2.58823
10.681,6.479,1.201,1.975,99,1.06113,1.50201,2.15995
9.745,6.508,1.196,1.029,98.7778,0.935336,3.13188,1.94993
13.386,6.318,1.196,4.865,98.6667,0,0.106552,2.46968
9.766,6.396,1.191,1.078,98.6667,0.317611,1.31515,1.7392
10.139,6.908,1.183,1.018,98.8889,0.337846,0.90951,1.19821
10.071,6.876,1.16,0.993,98.6667,0.984037,2.13807,1.4269
9.645,6.438,1.18,1.004,98.6667,0.440773,0.749189,1.02617
9.712,6.483,1.198,1.021,98.8889,1.06503,2.53183,1.33196
10.146,6.855,1.165,1.06,98.8889,1.13415,33.7893,2.43469
11.826,6.615,1.186,2.982,98.8889,0.385337,1.09185,2.87435
9.71,6.438,1.226,1.013,98.8889,1.03351,15.0759,3.36623
10.105,6.873,1.173,1.028,98.8889,0.739444,3.51384,1.5233
10.061,6.739,1.241,1.038,98.8889,0.823095,1.05678,0.866218
10.105,6.628,1.224,1.21,98.8889,0.856739,1.16169,0.460443
9.889,6.686,1.179,0.964,99,0.319653,4.52832,4.55659
9.71,6.536,1.18,1.004,99,0.885859,4.42141,0.85943
9.984,6.671,1.221,1.037,99,0.872095,2.50839,0.837191
9.6,6.305,1.211,1.082,98.8889,0.614605,8.08062,3.20219
9.848,6.466,1.252,1.084,98.8889,0.592124,3.96466,1.49668
14.145,6.922,1.224,5.002,99,0,0.0827412,1.35941
10.458,7.172,1.184,1.016,99,0.67442,3.3638,0.677786
12.257,6.89,1.176,3.108,99,0.1632,2.7809,5.65627
10.685,6.451,1.177,2.028,99,0.0275889,2.02725,3.94413
9.607,6.419,1.165,1.003,99,0.212749,5.89188,5.51393
11.056,6.704,1.188,2.054,98.7778,0.733265,6.25684,4.11792
11.987,6.575,1.159,3.228,99,0.769076,1.55148,4.4687
10.434,7.107,1.173,1.078,98.8889,0.900129,8.32675,2.86161
10.023,6.667,1.202,1.055,98.8889,0.457071,5.53658,3.83519
9.98,6.659,1.16,1.093,98.8889,0.93836,26.713,5.26578
10.767,7.252,1.159,1.259,99,0.0118835,4.25614,4.27964
10.651,7.233,1.208,1.104,99,0.122183,4.58987,4.68661
10.398,7.075,1.153,1.069,99,0.336415,6.93732,5.38771
10.379,6.811,1.222,1.299,98.7778,0.330006,1.14631,1.18373
14.275,6.817,1.253,5.212,98.8889,0,0.112892,2.00455
10.158,6.798,1.172,1.085,98.8889,0.167823,4.14404,3.05478
10.241,6.892,1.161,1.103,98.8889,0.678554,13.004,2.71745
10.352,7.019,1.187,1.071,98.8889,1.0385,19.9262,3.33227
10.4,7.037,1.212,1.058,98.7778,1.0487,14.7764,1.60835
10.793,7.342,1.227,1.119,99,1.13768,6.3071,2.76759
10.451,7.05,1.193,1.144,98.7778,0.301854,4.70776,3.59054
10.958,7.376,1.255,1.167,98.8889,0.750145,13.529,6.52574
10.433,7.007,1.202,1.14,98.1111,0.423325,7.40532,4.945
11.091,7.552,1.213,1.158,98.6667,0.667527,6.03453,2.82997
10.78,7.265,1.212,1.135,98.7778,0.892878,15.022,3.02989
11.228,7.699,1.216,1.188,99,0.713146,27.0627,10.5906
11.213,7.653,1.226,1.168,98.8889,0.732949,11.5075,6.29273
11.16,7.653,1.201,1.139,98.7778,0.242606,5.48489,4.89638
11.179,7.625,1.204,1.171,98.6667,0.702757,6.13749,3.95014
11.277,7.667,1.199,1.2,99,0.473783,12.9433,10.3092
11.547,7.834,1.263,1.252,98.8889,0.249389,5.96621,5.30805
11.288,7.671,1.194,1.211,98.8889,0.25286,6.17715,4.79784
11.679,8.061,1.215,1.172,99,0.481159,8.5738,4.39562
11.197,7.561,1.212,1.223,99,0.848609,26.5093,5.21779
11.45,7.849,1.228,1.204,99,0.267993,7.51787,5.88544
11.076,7.381,1.242,1.245,98.5556,0.0112514,5.66619,5.86566
11.183,7.579,1.233,1.185,98.8889,0.0650835,5.25895,5.29604
11.263,7.676,1.251,1.153,98.8889,0.593397,9.81218,4.93262
11.176,7.546,1.207,1.219,98.3333,0.506137,8.94981,5.15269
11.172,7.59,1.2,1.164,99,0.00236404,5.37339,6.19195
11.366,7.746,1.204,1.229,99,0.0539627,6.70786,5.97819
11.576,7.902,1.199,1.244,98.8889,0.357675,7.36392,5.23347
13.777,7.823,1.222,3.512,99,0.0231822,2.09423,5.45802
13.422,7.491,1.209,3.534,98.7778,0.18284,3.01099,6.75151
11.006,7.426,1.214,1.238,98.5556,0.471619,12.4406,9.17334
11.632,7.877,1.226,1.304,98.8889,0.571306,16.0735,7.14222
12.001,8.349,1.187,1.188,98.8889,0.181753,7.10746,6.39525
11.271,7.647,1.207,1.217,98.8889,0.95335,39.9767,5.69816
11.11,7.52,1.208,1.155,99,0.476989,5.27156,4.4287
10.905,7.352,1.227,1.145,99,0.364697,4.30677,3.4122
14.992,7.354,1.201,5.348,99,0,0.200915,3.32934
10.539,7.202,1.175,1.076,99,0.245764,1.0824,3.22281
11.107,7.645,1.209,1.091,98.6667,0.529869,4.65741,2.87994
10.74,7.272,1.215,1.133,98.8889,0.606685,7.88379,3.74415
11.043,7.493,1.198,1.204,99,1.02967,4.7978,3.3487
11.03,7.504,1.194,1.137,98.8889,0.628023,3.8572,2.82447
14.465,6.554,1.229,5.587,98.8889,0.945265,0.155186,3.17583
9.831,6.433,1.168,1.183,98.7778,0.894585,11.3463,2.35885
10.777,7.299,1.176,1.098,99,0.125739,1.32435,1.99829
10.546,7.1,1.165,1.158,98.8889,0.769982,2.42266,1.8427
10.778,7.269,1.201,1.169,99,0.490151,2.92689,2.4553
10.741,7.252,1.209,1.131,99,1.37519,7.29316,1.80549
10.3,6.863,1.193,1.15,99,0.730046,1.67189,1.32812
10.401,6.918,1.187,1.171,98.4444,0.967833,11.9453,1.14351
10.554,7.139,1.224,1.046,98.8889,0.566075,0.847731,0.995907
9.683,6.363,1.193,1.078,98.7778,0.667701,5.14202,2.3094
10.656,7.154,1.255,1.107,98.7778,0.916748,7.98573,3.19573
10.611,7.137,1.212,1.147,98.8889,1.05687,1.57834,1.12777
10.59,7.148,1.226,1.106,98.8889,0.252198,0.91204,1.32539
10.177,6.738,1.211,1.098,98.6667,1.06582,1.01139,0.518652
10.495,7.066,1.204,1.063,98.8889,0.587444,2.15764,1.38515
10.673,7.133,1.264,1.136,98.8889,0.871297,2.14073,0.510721
10.453,7.017,1.211,1.03,99,1.06065,1.41014,0.389946
10.197,6.969,1.172,1.01,99,0.626561,0.930104,0.603858
9.641,6.39,1.216,1.012,98.8889,0.991879,1.62442,0.211506
9.405,6.274,1.161,0.977,99,1.13833,8.03205,0.22514
10.124,6.93,1.17,1.008,98.7778,1.09848,1.07777,0.142061
9.845,6.62,1.169,1.016,99,1.32872,0.977661,0.113031
9.534,6.342,1.169,1.011,98.7778,0.946286,31.6632,1.62426
9.682,6.384,1.239,1.031,98.7778,0.918234,34.5748,3.58273
10.085,6.814,1.197,1.04,99,1.56859,3.03896,0.511712
9.673,6.36,1.218,1.046,98.8889,1.42784,4.23026,1.3458
9.768,6.474,1.192,1.065,99,1.10631,18.635,1.27556
10.115,6.752,1.222,1.078,99,1.11321,46.3732,1.59498
9.959,6.646,1.197,1.042,99,1.10259,5.57273,0.997173
10.36,6.931,1.257,1.061,98.8889,1.01408,3.32024,0.498825
9.875,6.503,1.196,1.112,98.8889,0.186583,0.792635,0.896994
10.489,7.088,1.186,1.083,99,0.491302,0.494283,0.873365
10.672,7.234,1.204,1.143,99,1.06092,1.44263,0.239441
10.577,7.132,1.25,1.1,99,1.09411,6.00678,0.518939
10.236,6.849,1.234,1.069,98.8889,1.30512,0.554201,0.120154
10.335,6.932,1.209,1.091,98.8889,0.95763,15.1172,0.549794
10.536,7.122,1.204,1.094,99,0.909719,1.09085,0.438296
10.516,7.117,1.214,1.081,99,1.28676,1.40625,0.346244
10.651,7.168,1.202,1.119,98.8889,0.912384,1.81874,0.50153
10.809,7.152,1.236,1.139,98.8889,1.21891,0.717202,0.197936
11.182,7.663,1.199,1.138,98.8889,1.07802,3.43782,0.827641
10.645,7.139,1.214,1.148,99,1.06599,0.771045,0.413445
10.456,7.043,1.193,1.087,99,1.20095,1.88863,0.143259
10.339,6.888,1.237,1.092,98.8889,1.15413,0.806537,0.18701
9.947,6.499,1.24,1.112,98.4444,1.02828,9.6257,0.713093
10.116,6.614,1.291,1.083,99,0.601687,8.573,4.00672
10.145,6.773,1.189,1.072,99,0.987585,3.28057,0.848402
10.388,6.967,1.226,1.107,99,1.00105,4.09497,0.39877
9.915,6.537,1.244,1.059,99,1.08932,2.22916,1.24639
10.244,6.927,1.232,1.015,99,0.8184,3.63442,1.572
10.184,6.868,1.22,1.065,99,0.889074,0.966717,0.695454
9.955,6.623,1.204,1.085,98.8889,1.2131,2.5132,0.232469
10.106,6.714,1.209,1.126,99,1.12574,11.1695,0.410087
10.329,6.923,1.204,1.118,99,1.24214,5.52896,0.166356
10.485,7.054,1.251,1.073,99,1.419,1.6749,0.0723186
9.788,6.47,1.187,1.091,98.6667,0.94609,20.649,0.952783
10.45,7.052,1.229,1.064,98.8889,0.643786,1.62934,1.59247
10.303,6.883,1.186,1.148,99,1.06343,2.08855,0.95878
9.964,6.673,1.228,1.008,99,1.18258,3.2286,0.543265
9.424,6.203,1.211,0.992,99,0.174834,0.830964,1.52989
9.574,6.32,1.22,1.009,98.7778,1.30614,2.5059,0.13727
9.954,6.427,1.304,1.219,98.7778,0.96155,1.50105,0.177466
10.218,6.774,1.238,1.075,98.3333,0.420834,1.38593,1.05841
10.844,7.383,1.2,1.085,98.8889,1.28005,3.67299,0.349995
10.34,6.913,1.208,1.147,98.7778,1.09391,9.47293,0.288795
10.131,6.771,1.232,1.055,99,0.822425,19.1529,2.45574
9.729,6.365,1.234,1.072,98.8889,1.21146,15.4434,0.641818
10.304,6.863,1.245,1.107,98.8889,1.05086,1.46757,0.400967
9.84,6.453,1.235,1.068,98.6667,0.963387,1.85698,0.580098
10.468,6.981,1.25,1.137,98.6667,1.12363,23.7984,0.676711
10.306,6.881,1.197,1.119,99,0.64709,1.29761,0.797203
10.298,6.865,1.227,1.11,98.8889,1.46968,2.94924,0.346345
10.525,7.049,1.223,1.156,99,1.08184,2.57715,0.240412
10.289,6.831,1.195,1.133,98.7778,0.868903,1.14463,0.497463
10.613,7.106,1.242,1.14,99,1.07136,1.96447,0.201695
10.297,6.816,1.209,1.156,99,0.901375,1.05651,0.276482
10.281,6.813,1.223,1.118,98.7778,0.970268,4.36286,0.504059
10.511,7.008,1.198,1.178,98.7778,0.679752,15.1054,3.94612
10.591,7.088,1.202,1.15,98.8889,2.03215,2.94712,0.2995
10.534,6.978,1.253,1.124,99,1.03683,15.8948,0.822644
10.807,7.107,1.382,1.202,99,1.05029,20.2686,0.871149
10.256,6.844,1.201,1.088,98.8889,0.225074,3.45059,4.24489
10.257,6.768,1.202,1.18,98.6667,0.825552,2.76561,2.25672
10.537,7.084,1.275,1.08,98.8889,0.769403,2.98927,1.76362
9.771,6.403,1.212,1.064,99,0.657293,1.6843,0.661453
10.104,6.711,1.22,1.108,99,0.839549,8.67521,1.12799
10.264,6.752,1.238,1.146,99,0.787228,2.49031,1.3147
10.64,7.145,1.217,1.114,98.8889,1.21164,3.9933,2.32564
11.604,7.098,1.195,2.18,98.8889,0.5208,13.2794,12.0784
10.29,6.938,1.202,1.048,99,0.623061,18.9068,14.8803
10.202,6.803,1.197,1.12,98.8889,0.672374,27.9411,10.1401
11.13,7.65,1.244,1.128,99,0.606945,22.1743,9.14511
10.416,6.901,1.269,1.146,98.8889,1.03362,16.1801,0.476979
10.557,7.04,1.231,1.147,98.8889,0.722969,13.2332,5.82493
11.226,6.721,1.213,2.156,98.8889,0.437057,6.42692,6.58068
10.144,6.694,1.238,1.119,98.8889,0.729012,8.38438,2.61332
12.637,7.117,1.284,3.132,99,0.205175,1.45928,3.03847
11.064,6.675,1.167,2.107,98.8889,0.114738,21.3447,23.5377
9.928,6.667,1.164,1.017,98.8889,0.191626,17.4271,20.0227
9.924,6.616,1.206,1.043,99,0.525632,21.5494,11.1741
10.079,6.744,1.203,1.052,99,0.398292,28.6233,16.6127
10.217,6.769,1.241,1.106,98.8889,0.435854,23.1055,12.9236
12.772,7.109,1.199,3.34,98.7778,0.0941747,6.72107,16.0935
12.642,7.087,1.174,3.265,98.8889,0.269842,9.98575,19.7094
10.628,7.204,1.192,1.082,98.8889,0.524572,20.6491,13.154
11.319,6.854,1.2,2.126,98.8889,0.137744,11.5445,17.5533
13.523,7.028,1.196,4.235,98.7778,0.497741,4.91977,17.4629
13.589,7.065,1.17,4.211,99,0.570644,4.23579,16.938
13.872,7.368,1.176,4.183,98.8889,0.266503,4.74241,19.9109
10.273,6.905,1.178,1.081,98.5556,0.0708197,22.6841,25.4915
10.155,6.811,1.197,1.09,98.7778,0.39629,30.1777,27.5708
10.404,7.001,1.192,1.093,98.7778,0.1274,38.6816,33.9602
10.2,6.844,1.169,1.069,98.7778,0.333093,40.7273,26.2162
14.059,6.618,1.179,5.227,98.8889,0,1.29961,27.462
10.019,6.683,1.173,1.066,98.8889,0.128735,32.6315,26.1245
14.493,7.071,1.181,5.153,99,0.24939,1.97492,27.5916
12.311,7.024,1.16,3.069,99,0.0682808,12.1501,39.1195
10.005,6.719,1.168,1.071,98.8889,0.460278,42.8837,22.5443
11.226,6.961,1.164,2.007,98.7778,0.756,22.4099,23.6265
10.289,6.939,1.179,1.05,98.7778,0.525505,38.0505,25.4564
14.064,6.818,1.184,5.007,98.6667,2.62729,2.36022,31.4234
10.896,6.612,1.187,2.072,99,0.279636,26.087,31.7014
14.154,6.977,1.176,4.931,98.8889,2.48907,3.27707,37.771
9.916,6.687,1.141,1.06,98.8889,0.346032,49.8938,40.3793
9.946,6.615,1.191,1.065,98.2222,0.321945,35.5082,31.447
12.644,7.284,1.165,3.076,98.8889,0.269506,18.725,43.4652
14.099,6.853,1.167,5.066,99,0,2.96351,52.869
10.038,6.679,1.179,1.073,98.7778,0.334771,47.5466,37.2248
14.342,7.113,1.17,5.04,98.4444,0,3.07932,42.4842
10.012,6.702,1.143,1.099,98.3333,0.407012,46.7631,34.0529
10.398,6.966,1.167,1.146,98.7778,0.283397,75.2828,53.2441
14.648,7.224,1.166,5.173,98.8889,0,3.16063,58.7696
10.438,6.994,1.165,1.135,97.6667,0.448344,60.1222,34.7875
14.984,7.379,1.175,5.336,98.8889,0,2.28915,38.0071
10.51,7.097,1.165,1.143,99,0.014031,29.8279,41.3578
14.981,7.429,1.159,5.304,98.8889,0,2.78356,43.5388
12.93,7.337,1.175,3.265,98.4444,0.24588,5.6662,38.7803
15.042,7.465,1.167,5.259,99,0.842688,3.28909,45.4093
14.467,7.183,1.149,5.075,98.8889,0,3.63237,65.0616
10.525,7.182,1.128,1.113,98.8889,0.527729,71.4543,38.3013
14.694,7.064,1.277,5.271,98.7778,0,2.56523,41.784
13.009,7.425,1.136,3.277,98.7778,0.254448,13.9433,38.8622
10.789,7.394,1.157,1.082,98.7778,0.284074,61.5852,44.7612
10.38,7.011,1.17,1.089,98.8889,0.281883,40.3984,39.8403
9.717,6.41,1.165,1.089,98.7778,0.0766645,30.6783,36.3439
10.485,7.074,1.162,1.141,98.6667,0.0628165,33.0022,34.391
14.696,7.106,1.172,5.349,98.8889,0,1.98743,34.5612
12.307,6.78,1.173,3.24,98.6667,0.217789,11.029,32.0075
10.228,6.876,1.182,1.087,98.8889,0.308397,36.03,27.8105
14.795,7.092,1.181,5.493,98.4444,0,1.5903,26.8874
10.675,7.263,1.174,1.125,98.8889,0.181524,19.9157,25.729
14.689,7.101,1.206,5.327,98.2222,0,1.21929,22.9189
14.408,6.943,1.174,5.251,97.6667,0,0.97487,23.0196
10.15,6.869,1.134,1.061,97,0.344731,9.70554,19.8592
10.469,7.11,1.184,1.079,98.8889,0.511003,27.4825,18.4679
10.406,7.073,1.168,1.091,98.8889,0.204319,22.2814,20.0125
10.509,7.041,1.191,1.138,98.8889,0.164032,16.0782,18.3641
13.53,7.148,1.176,4.092,99,0.752365,3.41915,16.4625
10.891,6.581,1.19,2.048,98.8889,0.0115966,11.6543,20.3444
13.824,6.634,1.166,5.038,98.8889,0,0.9345,18.3799
9.565,6.418,1.133,0.976,98.7778,0.507482,14.5512,13.826
13.451,6.452,1.16,4.893,98.7778,0,0.482338,12.8862
13.392,6.44,1.157,4.819,98.8889,0,0.294473,11.8703
9.375,6.212,1.133,1.018,99,0.273409,2.49446,11.2177
9.297,6.091,1.149,1.019,98.1111,0.407187,10.5586,12.0295
9.667,6.423,1.176,1.015,99,0.787539,30.6928,9.77083
9.69,6.48,1.163,1.048,98.6667,0.441203,10.4797,9.55971
9.764,6.451,1.154,1.069,98.6667,0.516572,11.7478,9.64286
9.95,6.487,1.195,1.183,98.8889,0.634886,15.1759,9.13301
12.2,6.819,1.171,3.129,98.8889,0.215095,2.34429,7.6888
9.638,6.355,1.174,1.04,98.7778,0.0352923,5.10983,7.35402
9.762,6.459,1.159,1.088,98.8889,0.351456,3.84015,6.77916
10.567,7.223,1.166,1.058,99,0.366264,5.74597,7.82834
10.023,6.736,1.175,1.046,99,0.389645,3.88017,5.85738
9.57,6.287,1.16,1.064,98.8889,0.058796,3.03072,5.18339
13.781,6.452,1.192,5.077,99,0.34392,0.231502,5.08432
12.782,6.636,1.176,3.904,98.8889,2.72028,0.674921,4.92457
9.623,6.398,1.158,1.064,98.7778,0.712936,14.6077,7.5995
10.162,6.837,1.169,1.088,98.8889,0.80372,6.58389,4.78747
10.068,6.81,1.179,1.004,99,1.02309,26.33,4.63483
9.565,6.389,1.169,0.983,99,0.985753,40.0802,4.31181
9.557,6.349,1.167,1.027,99,0.912136,12.4951,2.83869
10.464,6.345,1.169,1.927,98.8889,0.659394,1.53682,2.26399
12.22,6.123,1.167,3.928,99,1.75356,0.314702,1.8662
9.367,6.108,1.167,1.084,98.8889,0.71014,2.31653,1.64508
9.994,6.772,1.166,0.994,99,0.28923,0.826329,1.28389
11.843,6.725,1.158,2.931,98.8889,1.27565,0.467853,1.30653
9.908,6.672,1.161,1.057,98.7778,0.136985,0.710215,1.13124
11.242,6.974,1.166,2.047,99,0.580652,0.646576,0.986834
13.933,6.794,1.176,4.945,99,0,0.0366656,0.849729
12.136,6.925,1.168,2.99,98.8889,0.852514,0.302916,0.608719
10.161,6.831,1.196,1.083,98.7778,0.303733,2.72822,1.77392
12.591,6.395,1.175,4.006,98.8889,0.830399,0.26132,1.21519
12.756,6.572,1.168,3.989,98.7778,1.12182,0.317462,1.75658
9.504,6.332,1.142,1,99,1.04926,2.29467,1.63943
13.71,6.332,1.175,5.184,99,4.19641,0.14574,2.3273
11.707,6.575,1.143,2.971,99,1.41048,0.38765,1.02091
10.137,6.915,1.162,1.006,98.6667,0.483399,0.808229,1.05327
9.797,6.586,1.14,1.021,99,0.390134,4.31832,6.20183
11.831,6.544,1.193,3.076,99,1.02899,1.15959,3.25621
10.068,6.718,1.183,1.105,98.8889,1.31378,5.74779,1.63219
10.414,7.064,1.18,1.067,99,1.36924,4.65991,1.06256
9.945,6.662,1.173,1.064,99,0.62636,2.16405,1.73154
11.146,7.767,1.194,1.074,99,1.64376,3.35945,0.716351
10.44,7.142,1.179,1.034,99,1.09161,3.42828,1.37951
10.516,7.242,1.162,1.031,99,1.04148,32.6962,0.850249
9.648,6.447,1.165,1.025,98.7778,0.570615,0.799525,0.715265
9.77,6.502,1.203,1.042,99,0.61671,0.83175,0.695752
10.251,6.848,1.194,1.114,98.8889,0.140992,0.371026,0.653838
10.095,6.746,1.204,1.078,98.8889,1.05069,4.45084,1.1812
9.937,6.58,1.211,1.077,99,0.923921,2.0722,0.727328
10.341,6.948,1.204,1.114,99,0.845928,37.3374,5.10565
10.852,7.338,1.232,1.148,98.8889,1.20433,5.54818,0.490023
10.687,7.21,1.197,1.146,99,0.822759,1.03785,0.688258
10.366,6.914,1.201,1.101,98.7778,0.569291,0.820315,0.700293
10.516,7.044,1.239,1.126,98.8889,0.599826,0.46813,0.733068
11.7,7.252,1.218,2.118,99,0.0334165,2.48735,4.48954
9.861,6.527,1.203,1.073,99,0.984558,4.94881,0.437869
10.015,6.66,1.218,1.07,98.4444,1.01586,2.82173,0.557453
10.737,6.95,1.59,1.098,99,0.904381,1.15089,0.421501
10.154,6.703,1.229,1.125,99,1.01468,32.4376,0.61579
10.575,7.093,1.19,1.081,98.7778,0.899732,37.3013,10.3232
10.146,6.741,1.213,1.103,99,0.953485,15.6151,3.11708
10.374,6.637,1.207,1.123,99,0.923544,3.19411,0.954672
10.018,6.629,1.225,1.097,99,0.782355,12.0688,3.60804
10.42,6.952,1.259,1.1,99,1.30749,1.44683,0.471911
14.187,6.862,1.237,5.02,99,5.53282,0.0286609,0.52717
9.98,6.668,1.184,1.044,99,0.562068,1.80033,1.5017
9.795,6.285,1.181,1.03,99,0.793013,0.860766,0.626642
9.594,6.363,1.165,1.034,99,1.06262,7.44846,0.14857
10.933,6.736,1.167,1.954,98.7778,0.738141,0.2604,0.322526
9.435,6.171,1.186,1.047,99,1.2193,1.5828,0.195794
10.316,7.006,1.197,1.041,98.7778,0.708019,1.66127,0.741261
9.623,6.314,1.24,1.005,99,1.26587,5.92478,0.686669
10,6.66,1.223,1.064,99,1.02626,2.56489,0.469939
9.848,6.51,1.234,1.056,99,1.25438,1.67727,0.169131
10.19,6.832,1.192,1.1,99,1.15097,9.1908,0.181647
10.528,7.092,1.269,1.097,99,0.940943,20.7386,0.734805
9.911,6.587,1.239,1.037,98.8889,1.07283,2.15578,0.160417
9.973,6.623,1.231,1.045,99,1.061,12.0777,0.317935
9.937,6.636,1.209,1.038,99,0.841891,0.362584,0.0987802
9.633,6.383,1.227,0.983,99,0.788423,0.192574,0.110099
9.481,6.232,1.199,1.05,99,1.07003,2.02598,0.216906
12.051,6.641,1.219,3.099,98.8889,1.80233,0.29993,0.398559
10.122,6.752,1.212,1.087,99,1.04502,10.2218,1.1336
10.4,7.03,1.195,1.075,99,1.09208,26.3428,0.491638
10.192,6.773,1.224,1.112,98.8889,1.54588,3.98895,0.280221
10.354,6.851,1.223,1.186,99,1.1652,2.48084,0.58125
10.511,7.02,1.216,1.117,99,1.22843,3.06567,0.370197
10.733,7.226,1.249,1.135,99,0.841067,1.00955,0.580539
11.646,7.11,1.209,2.183,98.7778,1.8625,0.665924,0.183889
10.372,6.938,1.205,1.114,99,1.49954,1.71904,0.173388
10.503,6.992,1.249,1.146,98.8889,1.6082,2.79198,0.0806648
10.181,6.73,1.205,1.128,98.8889,0.973832,33.9302,0.553294
9.84,6.49,1.241,1.01,98.8889,0.889509,4.09073,0.605286
11.479,6.203,1.219,3.047,99,2.30816,0.221382,0.246228
9.491,6.279,1.186,1.009,98.6667,0.96617,0.339719,0.0613262
9.391,6.115,1.211,1.041,98.7778,0.774919,0.0713701,0.0424454
9.701,6.431,1.24,1.017,98.7778,1.09829,9.72443,0.0584221
9.742,6.367,1.248,1.093,99,0.920418,5.32299,0.731311
10.071,6.728,1.225,1.045,99,0.948857,12.8255,1.03263
10.076,6.494,1.465,1.092,99,1.4173,4.25978,0.377763
9.973,6.524,1.283,1.093,98.8889,1.24022,0.250835,0.177379
10.117,6.662,1.271,1.126,99,0.248807,0.396455,0.412554
10.02,6.615,1.211,1.112,99,0.935472,3.67,0.284185
10.285,6.848,1.222,1.151,99,0.869354,15.2533,3.4454
10.507,6.98,1.281,1.112,99,1.18761,8.51576,1.16761
10.205,6.754,1.223,1.14,99,0.845638,0.863464,0.294349
10.195,6.788,1.206,1.11,98.8889,0.935235,0.932976,0.244049
10.691,7.247,1.201,1.075,98.6667,1.37753,5.49047,0.790304
9.93,6.578,1.193,1.083,99,0.895622,9.1809,0.350309
10.149,6.773,1.248,1.042,99,1.008,0.290842,0.180882
9.964,6.606,1.196,1.075,98.8889,0.833954,4.16652,0.645702
10.006,6.701,1.193,1.036,99,1.22661,8.24299,0.552537
12.102,6.701,1.23,3.08,98.4444,1.52355,1.7536,2.32398
9.968,6.531,1.207,1.165,98.8889,0.908936,22.0277,3.28637
10.679,7.207,1.198,1.111,99,1.41264,7.45959,0.52859
10.361,6.885,1.228,1.106,98.8889,1.41446,2.26843,0.206387
10.697,7.279,1.214,1.075,99,1.05684,0.799351,0.170144
9.956,6.577,1.195,1.124,99,0.89142,0.972871,0.249484
10.691,7.217,1.244,1.125,99,0.903498,28.1638,1.21003
9.848,6.559,1.201,1.024,99,1.0271,2.26949,0.162902
9.269,6.013,1.189,1.053,98.7778,0.181243,1.1127,1.01247
9.558,6.224,1.226,1.071,99,0.833006,4.96998,1.22837
9.526,6.268,1.201,1.046,98.8889,0.850621,9.45173,2.27781
10.249,6.837,1.24,1.092,98.8889,1.26115,4.47999,1.39131
10.031,6.688,1.204,1.054,99,0.941594,1.34523,0.324288
10.346,6.781,1.407,1.099,98.8889,0.313816,1.61018,1.70852
13.146,6.677,1.207,4.198,99,1.73752,0.406179,1.64752
11.038,6.682,1.171,2.096,99,0.902126,3.41382,2.62266
9.974,6.69,1.155,1.046,98.7778,0.875498,5.51191,1.3997
9.948,6.713,1.165,1.009,99,1.13185,17.5793,2.57179
9.683,6.396,1.168,1.064,98.8889,0.99213,20.0419,1.32398
9.955,6.666,1.181,1.04,98.5556,1.13064,6.49255,0.177487
10.049,6.757,1.168,1.055,98.8889,1.05647,0.940066,0.0586673
10.597,6.928,1.458,1.112,98.8889,0.900842,1.4835,0.35868
10.043,6.68,1.191,1.081,99,1.96216,1.35206,0.151987
10.568,7.167,1.197,1.095,99,0.117508,1.8378,1.98935
10.811,7.266,1.233,1.104,98.7778,0.794303,2.12385,0.303876
10.427,6.969,1.193,1.165,99,0.591417,4.82832,2.39396
11.018,7.55,1.203,1.144,99,0.450428,10.8797,11.0717
14.621,6.994,1.265,5.315,99,1.82539,0.621671,6.23824
10.282,6.936,1.166,1.11,98.8889,0.212439,13.9365,13.787
10.416,7.025,1.159,1.107,99,1.03681,21.7249,1.61843
10.748,7.229,1.225,1.144,98.3333,0.723039,6.49393,2.13247
10.714,7.24,1.21,1.154,99,0.663502,2.33646,0.923511
10.831,7.315,1.186,1.167,98.8889,1.01177,7.3881,0.254367
11.016,7.411,1.288,1.148,99,0.926818,5.1049,1.41512
10.467,6.938,1.233,1.173,98.7778,0.780468,2.08083,0.736632
10.711,7.197,1.205,1.17,98.7778,1.02977,5.99532,2.01015
11,7.439,1.199,1.112,98.8889,0.0905777,1.66883,1.77625
11.94,7.397,1.219,2.173,98.8889,0.520804,1.33599,2.68962
10.165,6.785,1.187,1.128,99,0.851008,48.4356,12.1945
11.014,7.587,1.204,1.064,99,0.681504,9.75495,5.55345
12.723,7.204,1.231,3.172,99,2.39453,2.70358,3.19637
10.399,7.007,1.232,1.076,98.8889,0.135221,10.8768,11.772
14.572,6.962,1.208,5.342,99,0,0.213117,3.65282
10.499,7.054,1.217,1.085,98.8889,0.188099,5.72363,3.85686
10.49,7.045,1.237,1.118,98.8889,0.460902,5.32004,2.00092
10.344,6.95,1.167,1.092,98.7778,0.638067,3.21104,0.8495
11.489,7.069,1.157,2.162,98.7778,0.52201,0.884053,0.688058
10.457,6.981,1.159,1.227,99,0.421037,7.15467,4.8768
10.771,7.362,1.18,1.061,99,0.835909,45.0398,7.58843
10.51,7.087,1.202,1.123,98.5556,0.751941,8.06139,2.76925
10.874,7.331,1.239,1.134,98.6667,0.250355,6.11297,4.01418
11.048,7.571,1.214,1.128,99,0.0456555,23.3516,25.4648
10.697,7.241,1.214,1.113,99,0.86514,4.62973,1.2484
9.74,6.37,1.265,1.052,98.7778,0.902931,3.70129,0.56039
10.205,6.864,1.24,1.062,99,1.02637,2.5668,0.602979
10.055,6.765,1.199,1.065,98.8889,0.271264,0.445259,0.448904
10.565,6.742,1.587,1.179,99,0.153675,2.63326,2.73513
10.53,7.127,1.201,1.117,99,0.921916,14.8151,1.71302
10.206,6.816,1.231,1.043,98.8889,1.305,2.48738,0.709714
10.802,7.229,1.271,1.174,98.8889,1.13452,3.39366,0.607723
11.175,7.604,1.198,1.179,98.8889,0.789309,20.4487,7.19741
11.32,7.764,1.218,1.174,99,0.956071,19.0499,3.39167
12.299,6.731,1.228,3.251,99,0.0656257,1.56206,5.62607
10.593,7.07,1.212,1.223,98.6667,0.790792,4.29039,3.2198
10.845,7.309,1.239,1.185,99,0.5989,10.5275,5.18068
10.656,7.199,1.208,1.101,99,1.23888,3.78774,1.50017
11.029,7.395,1.29,1.115,98.8889,0.805251,60.4812,15.5361
10.761,7.131,1.269,1.171,98.8889,0.967496,11.7133,4.00907
11.354,7.778,1.216,1.163,98.6667,1.42592,13.6572,2.59887
11.089,7.607,1.198,1.108,98.8889,0.912631,1.66067,0.930941
10.719,7.253,1.212,1.093,98.8889,1.03195,3.26038,0.63183
10.354,6.922,1.263,1.045,98.6667,1.44459,0.579543,0.402939
10.33,6.927,1.244,1.073,99,1.21343,1.81674,0.485513
10.172,6.783,1.222,1.071,98.8889,1.39866,0.939448,0.20833
10.483,7.098,1.251,1.013,99,0.286292,2.58637,2.30172
9.49,6.179,1.251,1.048,99,0.962332,4.64621,0.540258
9.863,6.531,1.206,1.079,99,0.861932,2.14293,0.694605
10.246,6.78,1.216,1.08,98.8889,1.00102,21.5724,1.41919
10.171,6.758,1.204,1.121,99,1.71947,0.892413,0.252636
10.222,6.779,1.252,1.114,98.7778,1.51042,0.423005,0.123409
10.405,7.006,1.207,1.11,98.8889,1.15912,1.16476,0.253168
9.989,6.564,1.215,1.137,98.8889,1.00064,9.11879,0.611874
10.571,7.13,1.235,1.058,99,1.13895,4.08771,0.132054
9.97,6.639,1.2,1.069,99,1.11459,6.51743,0.233822
11.487,7.235,1.854,1.311,99,1.06154,13.4201,0.493396
10.149,6.752,1.197,1.153,99,1.02107,4.21916,0.705015
11.162,7.612,1.212,1.164,99,1.16846,1.10844,0.355048
10.182,6.714,1.284,1.094,98.5556,1.2513,1.23077,0.108118
10.707,7.214,1.231,1.113,98.5556,1.42531,1.37239,0.168254
10.672,7.175,1.217,1.174,98.8889,1.57949,1.6209,0.0823225
10.543,7.071,1.205,1.12,99,0.978752,15.1318,0.133271
10.411,6.931,1.23,1.153,98.8889,0.989942,4.15016,1.25736
10.548,7.02,1.246,1.164,99,0.952981,3.18267,1.44752
10.74,7.241,1.219,1.137,98.8889,0.678239,1.39928,1.00407
10.837,7.354,1.205,1.165,98.8889,1.01087,12.6074,1.92842
11.004,7.423,1.196,1.153,99,0.974502,10.56,1.65359
10.708,7.229,1.218,1.102,98.8889,1.20237,0.951024,0.160855
10.283,6.913,1.256,1.026,98.6667,1.05688,27.9864,0.379808
10,6.641,1.21,1.083,99,0.937985,0.451136,0.259737
10.253,6.796,1.206,1.149,98.5556,0.660498,0.426783,0.229292
10.548,7.019,1.247,1.134,99,0.991808,5.95883,0.77332
9.778,6.4,1.224,1.091,99,0.830353,5.04227,0.62318
10.341,6.946,1.214,1.076,98.7778,1.04092,2.8479,0.216723
9.892,6.562,1.204,1.063,99,1.02355,13.6488,0.605716
10.08,6.632,1.266,1.072,98.6667,0.548483,13.2949,5.52763
10.268,6.847,1.222,1.119,99,0.646174,27.1697,7.69198
10.351,6.882,1.208,1.144,99,0.774205,8.86101,1.56178
10.83,7.348,1.199,1.099,99,0.829896,7.1226,0.793212
10.488,7.082,1.207,1.095,99,0.69714,12.9641,5.36652
10.467,6.981,1.218,1.172,99,0.871967,27.7074,5.21519
10.004,6.639,1.191,1.1,98.8889,0.473964,8.94325,5.87052
10.166,6.721,1.214,1.144,98.8889,0.767684,12.7754,2.92648
10.294,6.898,1.201,1.08,99,0.883199,49.8152,7.65226
10.27,6.771,1.224,1.115,98.8889,0.98516,5.48422,0.655068
12.038,7.362,1.201,2.316,99,0.389341,4.36715,4.60197
10.663,7.111,1.263,1.151,99,1.04154,4.30943,0.993336
11.086,7.554,1.197,1.157,98.8889,0.765809,8.27524,2.6834
11.098,7.537,1.228,1.183,99,0.534065,14.2715,7.44623
10.861,7.383,1.214,1.102,98.8889,0.784803,17.2672,7.62515
10.167,6.742,1.198,1.116,99,0.898894,20.3303,1.48592
10.297,6.772,1.298,1.104,98.6667,0.651641,5.56216,2.25629
10.718,7.226,1.247,1.153,99,1.06675,24.3273,1.72232
10.212,6.828,1.201,1.07,98.6667,1.04583,14.218,0.233036
10.297,6.83,1.215,1.141,99,0.542711,2.43133,1.31415
10.162,6.712,1.215,1.109,97.8889,1.04188,2.42111,0.891085
10.502,6.944,1.236,1.186,98.8889,0.970689,0.732137,0.291307
10.711,7.172,1.219,1.159,98.8889,0.93944,2.43396,0.660898
11.001,7.433,1.205,1.191,98.7778,0.838391,1.72858,0.404282
11.598,7.977,1.296,1.111,99,0.918656,12.9374,1.32454
10.927,7.43,1.224,1.118,98.8889,0.947023,8.76733,1.1697
11.67,8.038,1.283,1.158,98.7778,0.928189,16.4388,1.03119
11.473,7.854,1.274,1.164,98.8889,0.916624,30.0577,1.61431
11.217,7.469,1.346,1.208,99,0.80572,59.1294,10.138
10.857,7.365,1.198,1.136,99,1.03424,44.0009,10.1479
10.884,7.097,1.374,1.272,98.8889,0.872297,25.8891,7.22079
11.38,7.703,1.257,1.198,99,0.159856,11.0165,8.95081
11.527,7.862,1.208,1.244,98.7778,0.46319,12.9468,5.92754
11.669,8.042,1.215,1.205,99,0.019271,9.46068,8.79798
11.466,7.812,1.216,1.196,99,0.227302,8.76168,7.10954
10.528,6.964,1.202,1.197,99,0.02181,10.1807,9.71329
12.586,7.775,1.216,2.361,98.7778,0.0152132,8.38418,11.1625
11.311,7.661,1.227,1.214,99,0.301816,11.6689,9.65769
11.43,7.791,1.218,1.179,99,0.3793,15.4567,13.4527
11.26,7.549,1.253,1.21,99,0.00238465,16.871,15.5024
11.401,7.737,1.222,1.231,99,0.157379,12.9546,10.918
11.448,7.79,1.269,1.194,98.8889,0.693022,26.6724,10.9934
11.028,7.47,1.199,1.165,98.7778,0.293261,19.3836,14.2334
13.324,7.459,1.206,3.471,98.7778,0.451644,5.83892,10.7865
14.538,7.557,1.209,4.595,98.8889,0.00353693,2.3272,10.3458
10.816,7.291,1.19,1.189,99,0.289996,18.0033,17.5725
10.822,7.309,1.161,1.178,98.8889,0.282527,22.4625,21.4611
11.101,7.528,1.225,1.166,98.8889,0.204969,42.2178,34.6579
15.234,7.338,1.205,5.541,98.6667,1.36509,2.30431,36.2205
13.09,7.397,1.196,3.34,98.7778,0.17901,16.1296,39.8394
10.937,7.455,1.185,1.129,98.8889,0.215925,56.7044,52.6334
10.457,6.949,1.199,1.12,99,0.399604,56.5409,39.5497
12.646,6.993,1.175,3.366,98.8889,0.247098,12.6849,37.4906
13.76,7.088,1.18,4.374,99,0.590592,10.1396,34.7928
14.013,7.408,1.177,4.335,98.8889,0.626921,9.0384,33.1587
12.765,7.246,1.212,3.186,99,0.0442952,15.7746,33.9168
15.013,7.423,1.177,5.332,99,0,2.85387,38.3477
14.134,7.639,1.144,4.183,99,0.0764759,10.9805,47.6023
10.588,7.277,1.148,1.032,98.8889,0.0732192,63.8219,58.7126
11.329,6.591,1.135,2.504,98.8889,0.104131,44.1715,61.3743
10.75,7.321,1.166,1.135,98.8889,0.291186,64.9552,51.0093
15.02,7.483,1.174,5.31,98.6667,0,3.65261,55.0149
11.771,7.341,1.149,2.145,98.7778,0.240361,16.2675,53.2474
12.461,7.045,1.164,3.157,98.8889,0.311229,35.0918,77.9302
11.413,7.014,1.184,2.144,98.5556,0.493887,48.2102,68.3707
14.633,7.13,1.171,5.264,98.7778,0,4.75067,76.2651
10.346,6.907,1.157,1.127,99,0.325265,44.0486,59.7133
13.819,7.361,1.179,4.146,98.7778,0.231762,17.2951,65.014
14.146,6.844,1.176,5.138,98.8889,0,4.8856,68.0409
9.83,6.57,1.139,1.073,98.8889,0.291423,28.9393,60.8733
14.488,7.089,1.189,5.176,98.7778,0,3.39783,60.6358
9.709,6.493,1.138,1.013,98.6667,0.177325,22.8713,62.9032
13.623,6.523,1.18,4.926,99,0,4.39524,73.3952
14.074,6.926,1.134,4.969,98.6667,0.0483865,2.14391,65.0432
12.777,6.655,1.145,3.966,98.8889,0.0206551,15.1239,79.6292
13.179,6.228,1.127,4.857,98.7778,0,4.70432,80.8335
12.998,6.097,1.143,4.752,98.7778,3.28341,3.03716,75.2377
12.528,5.833,1.122,4.666,98.2222,0,3.73473,73.5847
12.487,5.707,1.106,4.657,97.5556,0.269017,3.32464,74.0434
13.116,6.286,1.107,4.752,98.8889,0,3.46085,70.4234
13.12,6.201,1.152,4.751,98.6667,0.502926,4.35894,80.3278
10.311,6.281,1.124,1.93,99,0.08918,58.5621,96.1735
13.543,6.546,1.126,4.826,99,1.24328,4.77914,91.2357
12.468,6.598,1.104,3.728,98.6667,0.0915253,10.1118,90.1263
8.994,5.845,1.112,1.048,99,0.0754319,72.5329,103.419
13.252,6.848,1.146,4.184,98.8889,0.287913,16.1245,100.358
10.388,7.104,1.143,1.071,99,0.172444,70.4419,95.4401
13.971,6.715,1.14,5.032,99,0.310254,3.91019,96.5622
13.516,6.484,1.171,4.891,99,0,4.81419,98.2352
9.583,6.355,1.157,1.022,98.8889,0.355992,36.6823,82.7572
12.573,6.398,1.155,3.972,98.6667,0.563775,14.7389,91.0251
13.442,6.409,1.139,4.924,99,0,4.64996,89.4889
12.515,6.378,1.14,3.966,98.5556,0.320262,9.92991,82.2175
13.693,6.738,1.147,4.806,98.8889,0.188103,3.34134,79.7955
13.154,6.301,1.156,4.723,99,0.234343,4.4267,79.8865
9.679,6.535,1.142,0.978,99,0.0117836,52.567,81.079
13.29,6.377,1.144,4.84,99,0,4.30669,81.3534
10.386,6.182,1.154,2.054,99,0.090325,37.1666,82.9093
13.607,6.549,1.134,4.953,98.8889,0,4.15429,84.5484
11.825,6.576,1.19,3.032,98.8889,0.0539426,19.127,88.8906
9.746,6.599,1.155,0.964,98.8889,0.100505,55.8075,85.8762
12.799,6.755,1.147,3.877,98.5556,0.0041062,13.3807,84.4252
9.186,6.014,1.151,1.013,98.6667,0.322135,71.4627,86.701
11.568,6.404,1.136,3,98.6667,0.295097,27.4117,89.8064
9.884,6.687,1.133,1.015,98.6667,0.466243,227.562,138.669
9.355,6.169,1.172,1.013,98.3333,0.349549,103.796,102.132
9.843,6.604,1.171,1.022,98.7778,0.428246,85.92,91.0951
9.621,6.335,1.188,1.065,98.8889,0.104018,73.4327,92.6413
12.079,6.686,1.19,3.111,98.8889,0.111081,28.4694,89.7997
14.017,6.843,1.167,4.982,98.8889,0,4.23969,92.9511
12.983,6.663,1.182,4.019,98.7778,0.121108,12.7939,95.0608
9.958,6.679,1.155,1.046,98.6667,0.105212,71.1375,96.3253
13.441,6.442,1.175,4.846,99,0,4.96264,101.89
9.733,6.523,1.151,1.02,99,0.230821,62.4949,84.7801
13.524,6.458,1.19,4.848,98.8889,0.866427,4.15586,83.2981
13.284,6.269,1.144,4.912,99,0,4.81604,100.722
9.448,6.278,1.135,0.984,98.7778,0.143106,81.1087,96.3345
9.125,6.029,1.136,0.977,98.8889,0.209997,82.2382,78.3257
11.131,6.076,1.168,2.901,99,0.0166868,28.8321,83.2603
9.448,6.303,1.16,0.979,99,0.0671926,52.4116,86.8989
10.28,6.068,1.185,2.037,99,0.0151101,43.0219,91.4977
9.535,6.314,1.171,1.008,99,0.126543,53.584,88.7154
11.726,6.48,1.215,2.953,98.7778,0.517381,22.2243,82.5777
11.627,6.439,1.177,2.983,98.8889,0.0276822,26.4503,88.9559
9.339,6.143,1.169,1.029,99,0.341636,77.2211,88.5557
13.493,6.4,1.186,4.893,98.7778,0.115602,3.72671,82.0582
9.393,6.218,1.145,1.012,99,0.301127,87.0065,83.2989
9.939,6.637,1.222,1.018,99,0.569947,108.715,85.0218
12.654,6.403,1.179,4.051,98.8889,0.112061,9.76306,83.911
9.473,6.065,1.173,1.23,98.7778,0.182873,78.1054,87.5623
10.665,7.305,1.164,1.074,99,0.168915,62.6009,85.4835
14.264,6.91,1.194,5.06,98.7778,0.358756,3.20726,84.3191
9.781,6.514,1.171,1.085,99,0.0686436,56.3008,102.546
13.916,6.661,1.179,5.077,98.8889,0,4.24397,89.0854
12.854,6.6,1.145,4.071,99,0.031352,8.90268,88.7604
11.958,6.781,1.138,2.991,99,0.0552799,26.4473,83.5081
14.159,6.949,1.159,5.003,99,0.0315014,5.29803,85.7128
13.714,6.535,1.16,5.043,98.8889,0,4.08145,102.625
9.569,6.353,1.147,1.066,99,0.336875,50.7647,83.8322
11.829,6.53,1.143,3.102,98.3333,0.0157316,25.5241,81.2815
14.052,6.807,1.121,5.101,98.5556,0,5.07266,86.4702
14.258,6.928,1.155,5.036,98.7778,0.644424,4.80179,88.1395
13.156,6.812,1.137,4.162,98.7778,0.419716,20.2713,80.8614
10.484,6.846,1.489,1.056,98.7778,0.512746,131.182,85.5201
10.415,6.994,1.24,1.083,98.7778,0.438302,176.625,104.438
9.925,6.647,1.137,1.065,98.7778,0.0728313,89.8736,95.7487
10.302,6.826,1.191,1.036,98.6667,0.220342,82.4898,76.8613
11.554,6.184,1.184,3.154,98.7778,0.245651,28.9957,70.5683
10.441,6.874,1.179,1.32,98.5556,0.328937,136.689,90.4136
10.801,7.339,1.223,1.073,98.8889,0.166567,89.1878,87.0255
10.33,6.919,1.213,1.075,98.6667,0.0210588,86.3141,88.1718
11.603,6.863,1.316,2.334,98.8889,0.0967291,59.3574,87.1629
10.851,7.421,1.182,1.094,98.8889,0.00608092,92.1167,95.6883
10.346,6.909,1.232,1.108,98.6667,0.264435,83.7709,76.044
14.606,7.036,1.212,5.317,98.8889,0,5.47522,71.9115
10.416,7.036,1.169,1.072,99,0.0598674,69.8783,72.7685
10.009,6.689,1.171,1.084,98.6667,0.0746653,82.1207,67.8629
14.323,6.932,1.18,5.119,99,0.811438,4.82643,67.7603
9.817,6.476,1.169,1.129,98.8889,0.0238765,78.0419,75.2002
10.63,7.197,1.174,1.16,98.7778,0.239927,64.7551,60.2965
10.906,7.443,1.181,1.088,98.4444,0.107489,51.3906,56.6722
13.6,7.018,1.178,4.311,98,0.0212949,13.4928,62.8829
13.771,7.107,1.188,4.333,98.7778,0.576239,14.5268,57.7143
10.534,7.093,1.17,1.144,98.8889,0.27771,68.0229,59.8612
15.227,7.63,1.178,5.25,98.8889,1.86106,3.81502,54.8327
14.711,7.269,1.179,5.178,98.8889,0,2.96496,63.6326
10.741,7.361,1.132,1.094,98.8889,0.168013,66.3939,59.9848
10.776,7.38,1.181,1.097,99,0.128539,69.5336,63.1141
10.479,7.092,1.196,1.077,98.5556,0.0174559,64.0811,80.2091
10.283,6.87,1.166,1.141,98.5556,0.329567,80.2699,90.3992
10.569,7.096,1.171,1.15,98.8889,0.325679,78.8371,95.2237
15.2,7.434,1.229,5.383,98.6667,2.15699,5.23206,79.3775
13.905,7.266,1.175,4.361,98.6667,0.168954,15.797,78.5803
11.944,7.446,1.173,2.18,98.7778,0.049548,62.0259,98.4908
10.31,6.936,1.16,1.102,99,0.0163585,87.3558,97.5595
10.327,6.878,1.167,1.186,98.5556,0.0288955,79.6192,99.3228
15.059,7.23,1.17,5.498,98.2222,0.749782,6.42442,97.6276
10.976,7.487,1.164,1.181,98.8889,0.0527372,95.9877,100.441
12.091,7.45,1.186,2.263,98.5556,0.0249335,61.2388,104.687
13.764,7.039,1.206,4.373,98.8889,0.122962,20.9443,104.857
10.4,6.958,1.18,1.17,98.8889,0.0798719,86.029,99.1771
12.208,7.589,1.176,2.234,98.6667,0.0400186,71.3408,102.881
15.239,7.394,1.172,5.563,98.7778,0,6.30136,102.046
15.446,7.72,1.173,5.437,98.4444,0,4.19564,105.099
15.376,7.375,1.139,5.658,98.2222,0.567152,1.76021,106.043
10.948,7.507,1.132,1.139,98.4444,0.141861,45.8254,98.0219
12.263,7.703,1.169,2.212,99,0.0734406,66.9019,93.4362
15.093,8.154,1.171,4.616,99,0.384674,17.0573,82.148
11.069,7.479,1.181,1.248,98.8889,0.14135,118.063,115.594
15.752,7.686,1.175,5.749,98.8889,0,6.16742,108.94
11.43,7.871,1.173,1.16,99,0.081108,45.4217,113.267
11.116,7.589,1.214,1.152,99,0.26489,113.376,109.793
16.072,8.024,1.166,5.748,98.8889,0,7.42645,112.471
12.327,7.7,1.167,2.301,98.1111,0.0638364,46.0514,109.24
11.484,7.952,1.181,1.181,98.5556,0.0302549,92.4724,112.561
11.342,7.751,1.176,1.206,98.6667,0.313747,99.3366,82.7355
11.421,7.855,1.162,1.192,98.5556,0.165182,67.6955,71.6774
14.494,7.583,1.201,4.517,98.5556,0.038815,13.6181,77.9167
11.187,7.624,1.168,1.193,98.7778,0.393196,68.6937,63.7212
13.198,7.461,1.168,3.354,98.8889,0.37075,19.4456,59.4242
10.767,7.177,1.187,1.19,98.7778,0.337845,52.0145,56.0522
11.527,7.771,1.219,1.327,98.6667,0.0084829,43.53,52.9362
11.923,8.181,1.238,1.251,98.8889,0.0893908,45.4575,47.0608
16.315,8.023,1.251,5.868,98.8889,0,2.6361,43.4643
11.162,7.592,1.179,1.179,98.8889,0.324415,19.01,40.1558
15.321,7.427,1.168,5.617,99,0,1.71992,36.3898
10.898,7.374,1.171,1.179,98.6667,0.0602061,11.201,32.3248
15.122,7.439,1.188,5.365,99,0,1.05102,29.1082
10.914,7.462,1.173,1.121,98.7778,0.196219,11.4667,28.7708
11.752,7.206,1.181,2.221,98.3333,0.070101,10.8631,25.4997
10.747,7.295,1.185,1.122,99,0.253422,21.7708,23.3232
15.215,7.158,1.294,5.679,98.3333,0,1.01948,19.8537
10.575,6.916,1.296,1.088,97.4444,0.00888503,3.68437,18.2536
10.773,7.299,1.163,1.139,99,0.0562376,8.58806,16.1651
10.952,7.477,1.172,1.162,98.8889,0.290361,13.9711,15.3312
10.63,7.133,1.188,1.142,98.8889,0.0374862,10.2937,13.6961
15.122,7.288,1.174,5.546,99,0,0.604939,11.9629
10.746,7.261,1.164,1.166,99,0.158143,1.98166,10.2683
10.976,7.5,1.173,1.144,98.8889,0.0292315,4.11095,9.5658
10.816,7.368,1.176,1.12,99,0.21863,6.39807,8.27953
10.574,7.166,1.173,1.11,98.8889,0.870687,57.4447,11.3455
10.119,6.737,1.178,1.098,99,0.743056,11.9121,7.66058
10.603,7.099,1.195,1.192,99,0.250801,4.72916,6.20448
10.631,7.074,1.246,1.196,99,0.321083,3.36717,5.1297
10.838,7.319,1.208,1.113,99,0.828911,9.36172,4.97709
15.329,7.531,1.23,5.467,98.8889,0,0.0759821,4.13954
10.702,7.278,1.191,1.111,98.8889,0.646106,3.42885,3.2907
10.32,6.925,1.167,1.127,98.7778,0.292845,1.11277,2.63779
10.599,7.221,1.183,1.076,99,0.404356,2.06656,2.58471
10.517,7.108,1.192,1.134,98.8889,0.955111,4.37783,1.89895
10.786,7.252,1.269,1.137,98.8889,0.714376,1.37942,1.55794
10.307,6.864,1.215,1.126,99,0.967661,1.02566,1.22203
14.847,7.243,1.246,5.295,99,0,0.0183814,0.876102
10.324,6.977,1.166,1.081,98.8889,0.667879,2.70942,1.01395
10.394,7.012,1.182,1.116,99,0.871013,2.1313,0.589032
9.898,6.587,1.164,1.091,98.8889,1.25352,1.87341,0.584017
10.157,6.79,1.193,1.091,99,0.953825,13.1817,0.28798
10.11,6.763,1.171,1.082,98.8889,1.03553,0.221972,0.191431
10.421,7.075,1.191,1.068,99,1.04671,1.2433,0.370402
9.921,6.663,1.172,1.035,99,1.7319,1.73057,0.179078
9.465,6.22,1.177,1.041,99,1.26028,3.28098,0.183523
9.61,6.353,1.18,1.04,99,1.01287,4.43178,1.42458
10.126,6.786,1.201,1.061,99,1.12961,5.1811,0.192677
9.818,6.489,1.207,1.066,98.7778,0.708791,1.17304,0.620859
10.01,6.625,1.216,1.13,98.8889,1.37499,1.65111,0.402853
10.643,7.157,1.225,1.165,98.8889,0.123622,0.844921,1.23228
10.453,7.018,1.234,1.099,99,2.14938,1.36387,0.320115
10.02,6.648,1.222,1.083,98.6667,0.603591,0.822791,0.436373
10.112,6.655,1.264,1.133,99,1.08775,3.0273,0.385419
10.14,6.715,1.196,1.158,99,0.779279,2.54876,1.09082
10.406,6.911,1.259,1.102,99,0.12908,2.77624,3.3012
10.856,7.347,1.243,1.121,98.8889,0.574183,1.67915,1.35204
10.507,7.046,1.216,1.129,99,1.10872,31.6882,8.64664
10.752,7.242,1.2,1.147,98.6667,0.569239,2.57455,1.84642
10.71,7.135,1.261,1.186,98.8889,1.21354,5.46123,0.889825
10.846,7.284,1.202,1.199,99,0.464374,1.8701,1.46264
11.1,7.506,1.221,1.198,99,1.17257,2.58232,0.563648
10.875,7.221,1.23,1.202,97.3333,1.26502,2.85111,0.974701
11.218,7.624,1.232,1.175,99,1.04695,49.9499,5.69547
11.119,7.574,1.246,1.149,99,0.904149,32.3408,3.38233
10.627,7.132,1.197,1.136,99,0.734359,26.2314,6.67529
11.047,7.412,1.293,1.168,98.8889,1.62629,4.12395,0.610901
10.818,7.208,1.246,1.21,99,0.99735,26.7352,0.579654
13.345,7.517,1.227,3.415,99,2.74419,0.430345,0.634835
10.943,7.456,1.21,1.126,99,1.48487,6.55844,0.409418
10.354,6.831,1.205,1.218,99,1.12449,35.1965,2.36746
11.248,7.576,1.272,1.203,98.8889,1.03562,26.2635,3.04618
11.273,7.678,1.211,1.17,99,1.02339,9.60566,2.30128
10.716,7.114,1.225,1.222,99,0.465724,3.48698,3.62859
11.565,7.875,1.228,1.263,99,0.368622,39.5111,23.7878
11.179,7.574,1.202,1.18,98.8889,1.14235,5.60985,2.58732
10.854,7.302,1.2,1.163,99,0.28827,2.54822,2.61493
13.561,7.558,1.381,3.468,99,2.64412,2.25361,3.45101
14.351,7.502,1.18,4.475,98.7778,2.95097,0.402549,1.66499
10.933,7.464,1.199,1.147,99,1.15329,2.34394,0.674223
15.714,7.833,1.181,5.6,99,0,0.177697,3.23962
10.552,7.104,1.178,1.162,99,0.709019,2.4187,0.455708
10.577,7.06,1.186,1.18,99,0.57241,26.66,7.6631
13.15,7.32,1.182,3.463,98.8889,1.18343,1.54614,3.6121
10.865,7.316,1.185,1.188,98.7778,1.03339,50.9511,2.9849
11.15,7.577,1.184,1.205,98.7778,0.84341,42.64,7.30689
11.293,7.663,1.217,1.187,98.4444,0.431746,7.13874,5.87075
15.885,7.503,1.252,5.93,99,2.25402,0.342533,6.40682
11.288,7.73,1.178,1.16,99,0.928428,33.3978,3.07172
11.252,7.713,1.213,1.118,99,0.668188,5.64882,1.80178
14.102,7.152,1.209,4.561,99,0.715342,0.401732,1.85772
10.665,7.188,1.171,1.171,99,0.999006,2.83484,1.8454
11.025,7.475,1.189,1.173,98.8889,0.892331,22.2325,2.82375
10.877,7.441,1.191,1.078,99,0.690894,5.7379,2.73918
10.294,6.86,1.174,1.163,98.4444,0.744484,4.22818,2.22013
12.366,7.673,1.214,2.305,98.7778,0.868415,2.87043,2.06424
10.527,6.937,1.214,1.26,98.7778,0.640831,5.68369,2.65827
11.497,7.869,1.231,1.179,99,0.80816,2.65028,1.78114
15.624,7.564,1.266,5.666,98.8889,0,0.0767008,1.74011
11.202,7.683,1.177,1.142,98.8889,0.704179,5.10215,1.45975
10.992,7.447,1.172,1.184,99,0.717595,5.39419,1.38375
15.439,7.294,1.186,5.783,99,0.444722,0.0469546,1.49506
10.66,7.227,1.173,1.13,98.7778,0.277576,0.850417,1.40905
10.744,7.235,1.253,1.115,99,0.663319,1.02192,1.29255
10.417,6.983,1.17,1.157,99,0.416923,0.693689,1.12053
10.634,7.154,1.176,1.147,98.7778,0.603863,1.15688,1.18995
10.886,7.398,1.203,1.149,99,0.672877,1.15396,1.20332
10.742,7.201,1.173,1.212,98.8889,0.358164,0.635093,1.01319
11.294,7.768,1.206,1.148,99,0.362984,1.47098,1.3381
10.904,7.397,1.223,1.142,99,1.11749,2.16043,0.879413
10.888,7.294,1.239,1.165,98.8889,1.43873,7.93788,1.16957
11.055,7.496,1.203,1.185,99,0.795345,1.52208,0.593599
10.868,7.271,1.211,1.221,99,1.19254,20.6085,1.1617
11.638,8.044,1.202,1.128,99,1.57792,1.19353,0.645003
10.995,7.426,1.213,1.17,99,0.541904,5.03136,3.11694
10.714,7.172,1.203,1.168,99,0.264168,0.992439,1.45083
10.841,7.275,1.272,1.128,98.8889,1.21537,8.22215,1.88779
10.676,7.089,1.217,1.228,99,1.41266,1.21533,0.622988
11.16,7.587,1.237,1.18,99,0.0602738,1.49717,2.217
11.308,7.62,1.205,1.261,98.8889,0.186844,0.765688,0.921056
15.433,7.553,1.239,5.528,99,0,0.0606902,1.42453
14.842,7.076,1.175,5.502,98.8889,0,0.0467186,0.770895
10.895,7.343,1.23,1.133,98.5556,0.706813,1.71018,0.828321
11.179,7.637,1.184,1.154,99,0.678496,2.49115,0.684622
10.799,7.318,1.176,1.143,99,0.839559,1.66714,0.33046
10.555,7.094,1.191,1.122,99,1.18433,0.72304,0.396466
11.896,7.259,1.219,2.269,98.7778,0.293601,0.712128,1.31193
13.791,7.947,1.169,3.468,98.7778,0.778292,0.459616,1.24064
11.312,7.71,1.165,1.234,99,0.0114868,1.79071,2.48125
15.645,7.501,1.172,5.81,98.8889,0,0.0781046,1.40732
11.118,7.576,1.168,1.184,99,0.567189,1.9232,0.857312
12.257,7.466,1.188,2.38,98.8889,0.773851,1.11699,0.659893
15.635,7.562,1.192,5.734,99,0,0.061318,1.66735
11.489,7.916,1.185,1.168,99,0.340975,1.70883,1.03229
11.472,7.893,1.176,1.18,98.8889,0.669509,2.3225,0.733786
13.713,7.828,1.171,3.53,98.8889,2.47204,0.732409,1.48242
15.689,7.677,1.178,5.716,99,0,0.160286,3.79092
11.041,7.464,1.214,1.178,99,0.557791,3.78536,1.64308
13.363,7.423,1.187,3.603,98.8889,0.138871,0.813134,1.90151
11.858,8.226,1.172,1.23,99,0.0616287,5.44768,5.54757
16.082,7.938,1.175,5.796,98.6667,0,0.124736,2.4804
12.182,7.486,1.165,2.323,98.5556,0.0292378,1.98067,2.41541
15.878,7.849,1.171,5.734,98.7778,0,0.182989,2.44372
13.425,7.573,1.162,3.476,98.8889,0.323554,1.84245,3.6821
15.917,7.862,1.191,5.7,98.7778,0.818394,0.405155,5.81585
15.243,7.325,1.143,5.651,98.7778,1.37276,0.613384,9.10668
14.259,7.311,1.149,4.673,98.8889,0.0691378,2.39941,11.6453
15.974,7.983,1.14,5.708,98.7778,0,0.673788,11.8938
11.314,7.757,1.179,1.193,98.8889,0.500721,16.5412,5.84462
11.323,7.716,1.155,1.25,98.7778,0.358633,20.9876,10.6484
16.246,8.041,1.177,5.859,99,0,0.539612,11.027
11.829,8.15,1.153,1.269,98.8889,0.288836,16.6254,7.86066
11.531,7.692,1.166,1.457,99,0.481851,23.5362,10.8863
16.646,8.097,1.162,6.143,99,0.563823,0.822604,13.9305
11.322,7.701,1.171,1.22,99,0.372194,20.3466,13.8449
11.667,7.745,1.169,1.519,99,0.258157,27.3688,21.5728
11.713,7.994,1.205,1.241,99,0.228021,20.1025,16.834
11.409,7.865,1.186,1.136,99,0.367654,22.6651,17.4567
10.75,7.223,1.228,1.137,99,0.781644,57.7972,17.6242
11.268,7.657,1.22,1.231,99,0.766215,36.7609,14.3244
11.071,7.476,1.208,1.177,98.8889,0.179793,14.8829,14.1371
15.468,7.445,1.219,5.655,98.8889,4.35847,0.410518,9.08959
15.445,7.423,1.164,5.717,99,3.01944,0.473627,9.98009
12.87,7.152,1.199,3.4,98.8889,0.626641,2.5897,8.801
11.051,7.512,1.18,1.17,99,0.339574,9.45442,12.2227
11.4,7.614,1.174,1.154,99,0.31594,10.4234,8.90543
11.551,7.973,1.201,1.198,99,0.167435,10.556,10.7868
12.83,7.901,1.225,2.514,99,0.583435,16.4058,15.0087
11.308,7.642,1.225,1.222,99,0.539221,15.0627,9.8141
15.678,7.486,1.243,5.758,98.8889,0,0.539917,9.00974
11.418,7.81,1.182,1.205,99,0.428878,9.35669,5.6309
16.096,7.997,1.264,5.619,98.7778,0.977649,0.419084,6.37552
15.02,7.901,1.186,4.747,99,0.111481,0.757179,4.64408
