0.00360095,-0.000553176,-0.00135687,0.000120489,-0.00171577,-0.000612567,9.24753e-05,-0.000553176,0.00135972,-0.000308789,0.00103155,0.00031829,-0.000642781,-6.50138e-05,-0.00135687,-0.000308789,0.00236801,-0.000498343,-0.00153894,6.68118e-06,7.10223e-06,0.000120489,0.00103155,-0.000498343,0.00272765,0.000364045,-0.00120919,-7.62424e-05,-0.00171577,0.00031829,-0.00153894,0.000364045,0.0262371,0.000682705,0.00131065,-0.000612567,-0.000642781,6.68118e-06,-0.00120919,0.000682705,0.0248928,-0.000199744,9.24753e-05,-6.50138e-05,7.10223e-06,-7.62424e-05,0.00131065,-0.000199744,0.0466983,
0.00360058,-0.000553152,-0.0013575,0.000120256,-0.0017154,-0.000612281,9.24e-05,-0.000553152,0.00135983,-0.000308742,0.00103143,0.000318259,-0.000642968,-6.50169e-05,-0.0013575,-0.000308742,0.00236844,-0.000498254,-0.00153847,7.09094e-06,7.05136e-06,0.000120256,0.00103143,-0.000498254,0.00272738,0.000364221,-0.00120854,-7.62301e-05,-0.0017154,0.000318259,-0.00153847,0.000364221,0.0262369,0.000682267,0.00131117,-0.000612281,-0.000642968,7.09095e-06,-0.00120854,0.000682267,0.0248923,-0.000199719,9.24e-05,-6.50169e-05,7.05136e-06,-7.62301e-05,0.00131117,-0.000199719,0.0466984,
0.0036003,-0.000553111,-0.00135805,0.000120032,-0.00171512,-0.000612045,9.23395e-05,-0.000553111,0.00135991,-0.000308706,0.00103136,0.000318214,-0.000643093,-6.50176e-05,-0.00135805,-0.000308706,0.00236885,-0.000498181,-0.00153808,7.33892e-06,7.01937e-06,0.000120032,0.00103136,-0.000498181,0.00272719,0.000364425,-0.00120808,-7.62259e-05,-0.00171512,0.000318214,-0.00153808,0.000364425,0.0262367,0.000681984,0.00131153,-0.000612045,-0.000643093,7.33892e-06,-0.00120808,0.000681984,0.0248919,-0.000199711,9.23395e-05,-6.50176e-05,7.01937e-06,-7.62259e-05,0.00131153,-0.000199711,0.0466984,
0.00360007,-0.000553062,-0.00135853,0.000119831,-0.0017149,-0.000611858,9.22917e-05,-0.000553062,0.00135996,-0.00030867,0.00103131,0.000318167,-0.000643181,-6.50166e-05,-0.00135853,-0.00030867,0.00236919,-0.000498117,-0.00153775,7.48251e-06,6.99928e-06,0.000119831,0.00103131,-0.000498117,0.00272705,0.000364627,-0.00120776,-7.62259e-05,-0.0017149,0.000318167,-0.00153775,0.000364627,0.0262365,0.000681802,0.00131179,-0.000611858,-0.000643181,7.48252e-06,-0.00120776,0.000681802,0.0248917,-0.00019972,9.22917e-05,-6.50166e-05,6.99928e-06,-7.62259e-05,0.00131179,-0.00019972,0.0466984,
0.00359988,-0.000553009,-0.00135894,0.000119657,-0.00171473,-0.000611706,9.2254e-05,-0.000553009,0.00135999,-0.000308635,0.00103129,0.000318123,-0.000643245,-6.50146e-05,-0.00135894,-0.000308635,0.00236948,-0.000498058,-0.00153747,7.56428e-06,6.98679e-06,0.000119657,0.00103129,-0.000498058,0.00272694,0.000364805,-0.00120755,-7.6228e-05,-0.00171473,0.000318123,-0.00153747,0.000364805,0.0262363,0.000681682,0.00131198,-0.000611706,-0.000643245,7.56428e-06,-0.00120755,0.000681682,0.0248915,-0.000199743,9.2254e-05,-6.50146e-05,6.98679e-06,-7.6228e-05,0.00131198,-0.000199743,0.0466984,
0.00359972,-0.000552956,-0.00135929,0.000119505,-0.0017146,-0.000611577,9.22243e-05,-0.000552956,0.00136001,-0.0003086,0.00103127,0.000318085,-0.000643297,-6.50122e-05,-0.00135929,-0.0003086,0.00236973,-0.000498004,-0.00153724,7.61053e-06,6.97928e-06,0.000119505,0.00103127,-0.000498004,0.00272686,0.000364954,-0.0012074,-7.62309e-05,-0.0017146,0.000318085,-0.00153724,0.000364954,0.0262361,0.000681596,0.00131213,-0.000611577,-0.000643297,7.61053e-06,-0.0012074,0.000681596,0.0248914,-0.000199779,9.22243e-05,-6.50122e-05,6.97928e-06,-7.62309e-05,0.00131213,-0.000199779,0.0466984,
0.00359959,-0.000552904,-0.00135959,0.000119374,-0.00171449,-0.000611464,9.2201e-05,-0.000552904,0.00136002,-0.000308566,0.00103127,0.000318052,-0.00064334,-6.50096e-05,-0.00135959,-0.000308566,0.00236993,-0.000497953,-0.00153705,7.63652e-06,6.97512e-06,0.000119374,0.00103127,-0.000497953,0.0027268,0.000365074,-0.00120731,-7.62342e-05,-0.00171449,0.000318052,-0.00153705,0.000365074,0.0262359,0.00068153,0.00131226,-0.000611464,-0.00064334,7.63652e-06,-0.00120731,0.00068153,0.0248913,-0.000199826,9.2201e-05,-6.50096e-05,6.97512e-06,-7.62342e-05,0.00131226,-0.000199826,0.0466984,
0.00359948,-0.000552855,-0.00135985,0.000119261,-0.0017144,-0.000611363,9.21828e-05,-0.000552855,0.00136002,-0.000308534,0.00103126,0.000318025,-0.000643378,-6.50071e-05,-0.00135985,-0.000308534,0.0023701,-0.000497907,-0.00153689,7.65091e-06,6.97332e-06,0.000119261,0.00103126,-0.000497907,0.00272675,0.000365167,-0.00120725,-7.62374e-05,-0.0017144,0.000318025,-0.00153689,0.000365167,0.0262358,0.000681477,0.00131239,-0.000611363,-0.000643378,7.65091e-06,-0.00120725,0.000681477,0.0248912,-0.000199882,9.21828e-05,-6.50071e-05,6.97332e-06,-7.62374e-05,0.00131239,-0.000199882,0.0466984,
0.00359939,-0.000552809,-0.00136007,0.000119163,-0.00171433,-0.000611273,9.21686e-05,-0.000552809,0.00136002,-0.000308505,0.00103126,0.000318002,-0.000643411,-6.50048e-05,-0.00136007,-0.000308505,0.00237025,-0.000497864,-0.00153676,7.65854e-06,6.97324e-06,0.000119163,0.00103126,-0.000497864,0.00272671,0.000365239,-0.00120722,-7.62406e-05,-0.00171433,0.000318002,-0.00153676,0.000365239,0.0262356,0.000681433,0.00131252,-0.000611273,-0.000643411,7.65854e-06,-0.00120722,0.000681433,0.0248912,-0.000199948,9.21686e-05,-6.50048e-05,6.97324e-06,-7.62406e-05,0.00131252,-0.000199948,0.0466984,
0.00359931,-0.000552765,-0.00136026,0.000119077,-0.00171427,-0.000611192,9.21578e-05,-0.000552765,0.00136001,-0.000308477,0.00103127,0.000317983,-0.000643441,-6.50028e-05,-0.00136026,-0.000308477,0.00237037,-0.000497825,-0.00153665,7.66215e-06,6.97446e-06,0.000119077,0.00103127,-0.000497825,0.00272668,0.000365293,-0.0012072,-7.62436e-05,-0.00171427,0.000317983,-0.00153665,0.000365293,0.0262355,0.000681395,0.00131264,-0.000611192,-0.000643441,7.66215e-06,-0.0012072,0.000681395,0.0248911,-0.000200022,9.21578e-05,-6.50028e-05,6.97446e-06,-7.62436e-05,0.00131264,-0.000200022,0.0466983,
0.00359925,-0.000552726,-0.00136042,0.000119002,-0.00171423,-0.000611119,9.21498e-05,-0.000552726,0.00136,-0.000308451,0.00103127,0.000317968,-0.000643469,-6.5001e-05,-0.00136042,-0.000308451,0.00237048,-0.000497789,-0.00153655,7.66328e-06,6.97669e-06,0.000119002,0.00103127,-0.000497789,0.00272666,0.000365334,-0.00120719,-7.62465e-05,-0.00171423,0.000317968,-0.00153655,0.000365334,0.0262353,0.000681363,0.00131277,-0.000611119,-0.000643469,7.66328e-06,-0.00120719,0.000681363,0.024891,-0.000200103,9.21498e-05,-6.5001e-05,6.97669e-06,-7.62465e-05,0.00131277,-0.000200103,0.0466983,
0.00359919,-0.000552689,-0.00136057,0.000118937,-0.00171419,-0.000611053,9.2144e-05,-0.000552689,0.00136,-0.000308428,0.00103128,0.000317955,-0.000643494,-6.49996e-05,-0.00136057,-0.000308428,0.00237057,-0.000497757,-0.00153647,7.66282e-06,6.97974e-06,0.000118937,0.00103128,-0.000497757,0.00272665,0.000365364,-0.0012072,-7.62493e-05,-0.00171419,0.000317955,-0.00153647,0.000365364,0.0262352,0.000681336,0.0013129,-0.000611053,-0.000643494,7.66282e-06,-0.0012072,0.000681336,0.0248909,-0.000200191,9.2144e-05,-6.49996e-05,6.97974e-06,-7.62493e-05,0.0013129,-0.000200191,0.0466983,
0.00359915,-0.000552656,-0.00136069,0.00011888,-0.00171416,-0.000610993,9.214e-05,-0.000552656,0.00135999,-0.000308406,0.00103128,0.000317945,-0.000643516,-6.49985e-05,-0.00136069,-0.000308406,0.00237065,-0.000497728,-0.0015364,7.66128e-06,6.98347e-06,0.00011888,0.00103128,-0.000497728,0.00272663,0.000365386,-0.00120721,-7.62519e-05,-0.00171416,0.000317945,-0.0015364,0.000365386,0.0262351,0.000681313,0.00131304,-0.000610993,-0.000643516,7.66128e-06,-0.00120721,0.000681313,0.0248909,-0.000200284,9.214e-05,-6.49985e-05,6.98347e-06,-7.62519e-05,0.00131304,-0.000200284,0.0466983,
0.0035991,-0.000552626,-0.0013608,0.00011883,-0.00171413,-0.000610939,9.21377e-05,-0.000552626,0.00135998,-0.000308387,0.00103129,0.000317936,-0.000643537,-6.49977e-05,-0.0013608,-0.000308387,0.00237072,-0.000497701,-0.00153635,7.65897e-06,6.98778e-06,0.00011883,0.00103129,-0.000497701,0.00272662,0.000365402,-0.00120722,-7.62546e-05,-0.00171413,0.000317936,-0.00153635,0.000365402,0.0262349,0.000681295,0.00131319,-0.000610939,-0.000643537,7.65897e-06,-0.00120722,0.000681295,0.0248908,-0.000200384,9.21377e-05,-6.49977e-05,6.98778e-06,-7.62546e-05,0.00131319,-0.000200384,0.0466983,
0.00359907,-0.000552599,-0.00136089,0.000118786,-0.00171411,-0.000610891,9.21367e-05,-0.000552599,0.00135997,-0.000308369,0.00103129,0.00031793,-0.000643555,-6.49972e-05,-0.00136089,-0.000308369,0.00237077,-0.000497677,-0.0015363,7.65608e-06,6.99257e-06,0.000118786,0.00103129,-0.000497677,0.00272662,0.000365413,-0.00120724,-7.62572e-05,-0.00171411,0.00031793,-0.0015363,0.000365413,0.0262348,0.000681281,0.00131334,-0.000610891,-0.000643555,7.65608e-06,-0.00120724,0.000681281,0.0248907,-0.000200489,9.21367e-05,-6.49972e-05,6.99257e-06,-7.62572e-05,0.00131334,-0.000200489,0.0466982,
0.00359904,-0.000552574,-0.00136098,0.000118747,-0.0017141,-0.000610847,9.21368e-05,-0.000552574,0.00135996,-0.000308353,0.0010313,0.000317924,-0.000643572,-6.4997e-05,-0.00136098,-0.000308353,0.00237083,-0.000497656,-0.00153625,7.65274e-06,6.99778e-06,0.000118747,0.0010313,-0.000497656,0.00272661,0.000365422,-0.00120725,-7.62597e-05,-0.0017141,0.000317924,-0.00153625,0.000365422,0.0262347,0.00068127,0.00131349,-0.000610847,-0.000643572,7.65274e-06,-0.00120725,0.00068127,0.0248907,-0.000200598,9.21368e-05,-6.4997e-05,6.99778e-06,-7.62597e-05,0.00131349,-0.000200598,0.0466982,
0.00359901,-0.000552552,-0.00136105,0.000118712,-0.00171408,-0.000610808,9.21379e-05,-0.000552552,0.00135995,-0.000308339,0.0010313,0.00031792,-0.000643588,-6.4997e-05,-0.00136105,-0.000308339,0.00237087,-0.000497636,-0.00153622,7.64902e-06,7.00336e-06,0.000118712,0.0010313,-0.000497636,0.00272661,0.000365427,-0.00120727,-7.62623e-05,-0.00171408,0.00031792,-0.00153622,0.000365427,0.0262346,0.000681263,0.00131365,-0.000610808,-0.000643588,7.64902e-06,-0.00120727,0.000681263,0.0248906,-0.000200711,9.21379e-05,-6.4997e-05,7.00336e-06,-7.62623e-05,0.00131365,-0.000200711,0.0466982,
0.00359899,-0.000552531,-0.00136112,0.000118681,-0.00171407,-0.000610773,9.21398e-05,-0.000552531,0.00135995,-0.000308326,0.00103131,0.000317917,-0.000643601,-6.49973e-05,-0.00136112,-0.000308326,0.00237091,-0.000497619,-0.00153618,7.645e-06,7.00927e-06,0.000118681,0.00103131,-0.000497619,0.0027266,0.000365431,-0.00120729,-7.62648e-05,-0.00171407,0.000317917,-0.00153618,0.000365431,0.0262344,0.000681259,0.00131382,-0.000610773,-0.000643601,7.645e-06,-0.00120729,0.000681259,0.0248905,-0.000200829,9.21398e-05,-6.49973e-05,7.00927e-06,-7.62648e-05,0.00131382,-0.000200829,0.0466982,
0.00359897,-0.000552513,-0.00136118,0.000118654,-0.00171406,-0.000610742,9.21425e-05,-0.000552513,0.00135994,-0.000308314,0.00103131,0.000317914,-0.000643614,-6.49978e-05,-0.00136118,-0.000308314,0.00237095,-0.000497603,-0.00153616,7.6407e-06,7.01546e-06,0.000118654,0.00103131,-0.000497603,0.0027266,0.000365434,-0.00120731,-7.62674e-05,-0.00171406,0.000317914,-0.00153616,0.000365434,0.0262343,0.000681258,0.00131399,-0.000610742,-0.000643614,7.6407e-06,-0.00120731,0.000681258,0.0248904,-0.00020095,9.21425e-05,-6.49978e-05,7.01546e-06,-7.62674e-05,0.00131399,-0.00020095,0.0466982,
0.00359895,-0.000552497,-0.00136123,0.00011863,-0.00171406,-0.000610714,9.21458e-05,-0.000552497,0.00135993,-0.000308303,0.00103132,0.000317912,-0.000643625,-6.49985e-05,-0.00136123,-0.000308303,0.00237098,-0.000497589,-0.00153613,7.63618e-06,7.02191e-06,0.00011863,0.00103132,-0.000497589,0.00272659,0.000365435,-0.00120734,-7.62699e-05,-0.00171406,0.000317912,-0.00153613,0.000365435,0.0262342,0.00068126,0.00131416,-0.000610714,-0.000643625,7.63618e-06,-0.00120734,0.00068126,0.0248904,-0.000201074,9.21458e-05,-6.49985e-05,7.02191e-06,-7.62699e-05,0.00131416,-0.000201074,0.0466981,
0.00359893,-0.000552482,-0.00136127,0.000118609,-0.00171405,-0.000610688,9.21497e-05,-0.000552482,0.00135993,-0.000308294,0.00103132,0.000317911,-0.000643636,-6.49994e-05,-0.00136127,-0.000308294,0.00237101,-0.000497576,-0.00153611,7.63145e-06,7.02858e-06,0.000118609,0.00103132,-0.000497576,0.00272659,0.000365436,-0.00120736,-7.62725e-05,-0.00171405,0.000317911,-0.00153611,0.000365436,0.0262341,0.000681263,0.00131434,-0.000610688,-0.000643636,7.63145e-06,-0.00120736,0.000681263,0.0248903,-0.000201201,9.21497e-05,-6.49994e-05,7.02858e-06,-7.62725e-05,0.00131434,-0.000201201,0.0466981,
0.00359892,-0.000552468,-0.00136131,0.000118589,-0.00171405,-0.000610665,9.2154e-05,-0.000552468,0.00135992,-0.000308285,0.00103132,0.000317911,-0.000643645,-6.50004e-05,-0.00136131,-0.000308285,0.00237103,-0.000497564,-0.00153609,7.62654e-06,7.03546e-06,0.000118589,0.00103132,-0.000497564,0.00272659,0.000365437,-0.00120738,-7.62751e-05,-0.00171405,0.000317911,-0.00153609,0.000365437,0.026234,0.00068127,0.00131452,-0.000610665,-0.000643645,7.62654e-06,-0.00120738,0.00068127,0.0248902,-0.000201331,9.2154e-05,-6.50004e-05,7.03546e-06,-7.62751e-05,0.00131452,-0.000201331,0.0466981,
0.0035989,-0.000552456,-0.00136135,0.000118572,-0.00171405,-0.000610645,9.21588e-05,-0.000552456,0.00135992,-0.000308277,0.00103133,0.000317911,-0.000643653,-6.50016e-05,-0.00136135,-0.000308277,0.00237105,-0.000497554,-0.00153608,7.62148e-06,7.04252e-06,0.000118572,0.00103133,-0.000497554,0.00272659,0.000365437,-0.0012074,-7.62777e-05,-0.00171405,0.000317911,-0.00153608,0.000365437,0.0262338,0.000681278,0.00131471,-0.000610645,-0.000643653,7.62148e-06,-0.0012074,0.000681278,0.0248901,-0.000201464,9.21588e-05,-6.50016e-05,7.04252e-06,-7.62777e-05,0.00131471,-0.000201464,0.046698,
0.00359889,-0.000552445,-0.00136138,0.000118556,-0.00171405,-0.000610626,9.2164e-05,-0.000552445,0.00135991,-0.00030827,0.00103133,0.000317911,-0.000643661,-6.5003e-05,-0.00136138,-0.00030827,0.00237107,-0.000497544,-0.00153607,7.61627e-06,7.04975e-06,0.000118556,0.00103133,-0.000497544,0.00272659,0.000365436,-0.00120742,-7.62804e-05,-0.00171405,0.000317911,-0.00153607,0.000365436,0.0262337,0.000681287,0.0013149,-0.000610626,-0.000643661,7.61627e-06,-0.00120742,0.000681287,0.02489,-0.000201598,9.2164e-05,-6.5003e-05,7.04975e-06,-7.62804e-05,0.0013149,-0.000201598,0.046698,
0.00359888,-0.000552435,-0.00136141,0.000118542,-0.00171405,-0.00061061,9.21694e-05,-0.000552435,0.00135991,-0.000308263,0.00103133,0.000317912,-0.000643668,-6.50045e-05,-0.00136141,-0.000308263,0.00237109,-0.000497536,-0.00153605,7.61093e-06,7.05712e-06,0.000118542,0.00103133,-0.000497536,0.00272658,0.000365436,-0.00120744,-7.6283e-05,-0.00171405,0.000317912,-0.00153605,0.000365436,0.0262336,0.000681299,0.00131509,-0.00061061,-0.000643668,7.61093e-06,-0.00120744,0.000681299,0.0248899,-0.000201735,9.21694e-05,-6.50045e-05,7.05712e-06,-7.6283e-05,0.00131509,-0.000201735,0.046698,
0.00359887,-0.000552426,-0.00136144,0.00011853,-0.00171405,-0.000610595,9.21752e-05,-0.000552426,0.00135991,-0.000308257,0.00103134,0.000317913,-0.000643675,-6.5006e-05,-0.00136144,-0.000308257,0.00237111,-0.000497528,-0.00153604,7.60548e-06,7.06463e-06,0.00011853,0.00103134,-0.000497528,0.00272658,0.000365436,-0.00120746,-7.62857e-05,-0.00171405,0.000317913,-0.00153604,0.000365436,0.0262335,0.000681311,0.00131528,-0.000610595,-0.000643675,7.60548e-06,-0.00120746,0.000681311,0.0248898,-0.000201874,9.21752e-05,-6.5006e-05,7.06463e-06,-7.62857e-05,0.00131528,-0.000201874,0.046698,
0.00359886,-0.000552418,-0.00136147,0.000118518,-0.00171405,-0.000610581,9.21812e-05,-0.000552418,0.0013599,-0.000308252,0.00103134,0.000317914,-0.000643681,-6.50077e-05,-0.00136147,-0.000308252,0.00237112,-0.000497521,-0.00153603,7.59993e-06,7.07226e-06,0.000118518,0.00103134,-0.000497521,0.00272658,0.000365435,-0.00120748,-7.62884e-05,-0.00171405,0.000317914,-0.00153603,0.000365435,0.0262334,0.000681325,0.00131548,-0.000610581,-0.000643681,7.59993e-06,-0.00120748,0.000681325,0.0248898,-0.000202015,9.21812e-05,-6.50077e-05,7.07226e-06,-7.62884e-05,0.00131548,-0.000202015,0.0466979,
0.00359885,-0.00055241,-0.00136149,0.000118508,-0.00171406,-0.000610569,9.21875e-05,-0.00055241,0.0013599,-0.000308247,0.00103134,0.000317916,-0.000643686,-6.50095e-05,-0.00136149,-0.000308247,0.00237114,-0.000497514,-0.00153603,7.59429e-06,7.08e-06,0.000118508,0.00103134,-0.000497514,0.00272658,0.000365435,-0.0012075,-7.62911e-05,-0.00171406,0.000317916,-0.00153603,0.000365435,0.0262332,0.000681341,0.00131567,-0.000610569,-0.000643686,7.59429e-06,-0.0012075,0.000681341,0.0248897,-0.000202157,9.21875e-05,-6.50095e-05,7.08e-06,-7.62911e-05,0.00131567,-0.000202157,0.0466979,
0.00359885,-0.000552403,-0.00136151,0.000118499,-0.00171406,-0.000610558,9.2194e-05,-0.000552403,0.0013599,-0.000308242,0.00103134,0.000317918,-0.000643691,-6.50113e-05,-0.00136151,-0.000308242,0.00237115,-0.000497508,-0.00153602,7.58856e-06,7.08785e-06,0.000118499,0.00103134,-0.000497508,0.00272658,0.000365435,-0.00120752,-7.62938e-05,-0.00171406,0.000317918,-0.00153602,0.000365435,0.0262331,0.000681357,0.00131587,-0.000610558,-0.000643691,7.58856e-06,-0.00120752,0.000681357,0.0248896,-0.000202301,9.2194e-05,-6.50113e-05,7.08785e-06,-7.62938e-05,0.00131587,-0.000202301,0.0466979,
0.00359884,-0.000552396,-0.00136153,0.00011849,-0.00171406,-0.000610547,9.22006e-05,-0.000552396,0.0013599,-0.000308238,0.00103134,0.00031792,-0.000643696,-6.50133e-05,-0.00136153,-0.000308238,0.00237116,-0.000497503,-0.00153601,7.58277e-06,7.09578e-06,0.00011849,0.00103134,-0.000497503,0.00272658,0.000365434,-0.00120754,-7.62965e-05,-0.00171406,0.00031792,-0.00153601,0.000365434,0.026233,0.000681374,0.00131608,-0.000610547,-0.000643696,7.58277e-06,-0.00120754,0.000681374,0.0248895,-0.000202446,9.22006e-05,-6.50133e-05,7.09578e-06,-7.62965e-05,0.00131608,-0.000202446,0.0466978,
0.00359883,-0.000552391,-0.00136155,0.000118482,-0.00171407,-0.000610538,9.22074e-05,-0.000552391,0.00135989,-0.000308234,0.00103135,0.000317922,-0.0006437,-6.50153e-05,-0.00136155,-0.000308234,0.00237117,-0.000497498,-0.00153601,7.5769e-06,7.1038e-06,0.000118482,0.00103135,-0.000497498,0.00272658,0.000365434,-0.00120756,-7.62993e-05,-0.00171407,0.000317922,-0.00153601,0.000365434,0.0262329,0.000681392,0.00131628,-0.000610538,-0.0006437,7.5769e-06,-0.00120756,0.000681392,0.0248894,-0.000202593,9.22074e-05,-6.50153e-05,7.1038e-06,-7.62993e-05,0.00131628,-0.000202593,0.0466978,
0.00359883,-0.000552385,-0.00136156,0.000118475,-0.00171407,-0.00061053,9.22144e-05,-0.000552385,0.00135989,-0.00030823,0.00103135,0.000317924,-0.000643704,-6.50173e-05,-0.00136156,-0.00030823,0.00237118,-0.000497493,-0.001536,7.57098e-06,7.11189e-06,0.000118475,0.00103135,-0.000497493,0.00272657,0.000365434,-0.00120758,-7.6302e-05,-0.00171407,0.000317924,-0.001536,0.000365434,0.0262327,0.00068141,0.00131649,-0.00061053,-0.000643704,7.57098e-06,-0.00120758,0.00068141,0.0248893,-0.00020274,9.22144e-05,-6.50173e-05,7.11189e-06,-7.6302e-05,0.00131649,-0.00020274,0.0466978,
0.00359882,-0.00055238,-0.00136158,0.000118468,-0.00171408,-0.000610522,9.22215e-05,-0.00055238,0.00135989,-0.000308227,0.00103135,0.000317927,-0.000643708,-6.50194e-05,-0.00136158,-0.000308227,0.00237119,-0.000497489,-0.001536,7.565e-06,7.12005e-06,0.000118468,0.00103135,-0.000497489,0.00272657,0.000365433,-0.0012076,-7.63048e-05,-0.00171408,0.000317927,-0.001536,0.000365433,0.0262326,0.00068143,0.00131669,-0.000610522,-0.000643708,7.565e-06,-0.0012076,0.00068143,0.0248892,-0.000202889,9.22215e-05,-6.50194e-05,7.12005e-06,-7.63048e-05,0.00131669,-0.000202889,0.0466978,
0.00359882,-0.000552375,-0.00136159,0.000118462,-0.00171408,-0.000610514,9.22287e-05,-0.000552375,0.00135989,-0.000308223,0.00103135,0.000317929,-0.000643712,-6.50216e-05,-0.00136159,-0.000308223,0.0023712,-0.000497485,-0.00153599,7.55898e-06,7.12828e-06,0.000118462,0.00103135,-0.000497485,0.00272657,0.000365433,-0.00120762,-7.63076e-05,-0.00171408,0.000317929,-0.00153599,0.000365433,0.0262325,0.00068145,0.0013169,-0.000610514,-0.000643712,7.55898e-06,-0.00120762,0.00068145,0.0248891,-0.000203039,9.22287e-05,-6.50216e-05,7.12828e-06,-7.63076e-05,0.0013169,-0.000203039,0.0466977,
0.00359881,-0.000552371,-0.0013616,0.000118456,-0.00171409,-0.000610508,9.2236e-05,-0.000552371,0.00135989,-0.00030822,0.00103135,0.000317932,-0.000643715,-6.50238e-05,-0.0013616,-0.00030822,0.00237121,-0.000497481,-0.00153599,7.55291e-06,7.13656e-06,0.000118456,0.00103135,-0.000497481,0.00272657,0.000365433,-0.00120764,-7.63104e-05,-0.00171409,0.000317932,-0.00153599,0.000365433,0.0262324,0.00068147,0.00131711,-0.000610508,-0.000643715,7.55291e-06,-0.00120764,0.00068147,0.024889,-0.000203189,9.2236e-05,-6.50238e-05,7.13656e-06,-7.63104e-05,0.00131711,-0.000203189,0.0466977,
0.00359881,-0.000552366,-0.00136162,0.000118451,-0.00171409,-0.000610501,9.22435e-05,-0.000552366,0.00135989,-0.000308217,0.00103135,0.000317935,-0.000643718,-6.5026e-05,-0.00136162,-0.000308217,0.00237121,-0.000497477,-0.00153599,7.5468e-06,7.1449e-06,0.000118451,0.00103135,-0.000497477,0.00272657,0.000365433,-0.00120766,-7.63133e-05,-0.00171409,0.000317935,-0.00153599,0.000365433,0.0262322,0.000681491,0.00131732,-0.000610501,-0.000643718,7.5468e-06,-0.00120766,0.000681491,0.0248889,-0.000203341,9.22435e-05,-6.5026e-05,7.1449e-06,-7.63133e-05,0.00131732,-0.000203341,0.0466977,
0.0035988,-0.000552362,-0.00136163,0.000118445,-0.0017141,-0.000610496,9.2251e-05,-0.000552362,0.00135988,-0.000308215,0.00103136,0.000317937,-0.000643721,-6.50283e-05,-0.00136163,-0.000308215,0.00237122,-0.000497474,-0.00153599,7.54066e-06,7.15328e-06,0.000118445,0.00103136,-0.000497474,0.00272657,0.000365433,-0.00120768,-7.63161e-05,-0.0017141,0.000317937,-0.00153599,0.000365433,0.0262321,0.000681512,0.00131754,-0.000610496,-0.000643721,7.54066e-06,-0.00120768,0.000681512,0.0248888,-0.000203493,9.2251e-05,-6.50283e-05,7.15328e-06,-7.63161e-05,0.00131754,-0.000203493,0.0466976,
0.0035988,-0.000552359,-0.00136164,0.000118441,-0.00171411,-0.00061049,9.22585e-05,-0.000552359,0.00135988,-0.000308212,0.00103136,0.00031794,-0.000643724,-6.50306e-05,-0.00136164,-0.000308212,0.00237123,-0.00049747,-0.00153598,7.53448e-06,7.16171e-06,0.000118441,0.00103136,-0.00049747,0.00272657,0.000365433,-0.0012077,-7.63189e-05,-0.00171411,0.00031794,-0.00153598,0.000365433,0.026232,0.000681534,0.00131775,-0.00061049,-0.000643724,7.53448e-06,-0.0012077,0.000681534,0.0248887,-0.000203646,9.22585e-05,-6.50306e-05,7.16171e-06,-7.63189e-05,0.00131775,-0.000203646,0.0466976,
0.00359879,-0.000552355,-0.00136165,0.000118436,-0.00171411,-0.000610485,9.22662e-05,-0.000552355,0.00135988,-0.00030821,0.00103136,0.000317943,-0.000643727,-6.50329e-05,-0.00136165,-0.00030821,0.00237123,-0.000497467,-0.00153598,7.52828e-06,7.17017e-06,0.000118436,0.00103136,-0.000497467,0.00272657,0.000365433,-0.00120772,-7.63218e-05,-0.00171411,0.000317943,-0.00153598,0.000365433,0.0262319,0.000681556,0.00131797,-0.000610485,-0.000643727,7.52828e-06,-0.00120772,0.000681556,0.0248886,-0.0002038,9.22662e-05,-6.50329e-05,7.17017e-06,-7.63218e-05,0.00131797,-0.0002038,0.0466976,
0.00359879,-0.000552352,-0.00136166,0.000118432,-0.00171412,-0.00061048,9.22739e-05,-0.000552352,0.00135988,-0.000308207,0.00103136,0.000317946,-0.00064373,-6.50353e-05,-0.00136166,-0.000308207,0.00237124,-0.000497464,-0.00153598,7.52206e-06,7.17868e-06,0.000118432,0.00103136,-0.000497464,0.00272656,0.000365433,-0.00120774,-7.63247e-05,-0.00171412,0.000317946,-0.00153598,0.000365433,0.0262317,0.000681578,0.00131818,-0.00061048,-0.00064373,7.52206e-06,-0.00120774,0.000681578,0.0248885,-0.000203954,9.22739e-05,-6.50353e-05,7.17868e-06,-7.63247e-05,0.00131818,-0.000203954,0.0466975,
0.00359879,-0.000552348,-0.00136167,0.000118428,-0.00171413,-0.000610476,9.22817e-05,-0.000552348,0.00135988,-0.000308205,0.00103136,0.000317949,-0.000643732,-6.50377e-05,-0.00136167,-0.000308205,0.00237125,-0.000497462,-0.00153598,7.51581e-06,7.18722e-06,0.000118428,0.00103136,-0.000497462,0.00272656,0.000365433,-0.00120776,-7.63275e-05,-0.00171413,0.000317949,-0.00153598,0.000365433,0.0262316,0.0006816,0.0013184,-0.000610476,-0.000643732,7.51581e-06,-0.00120776,0.0006816,0.0248884,-0.000204109,9.22817e-05,-6.50377e-05,7.18722e-06,-7.63275e-05,0.0013184,-0.000204109,0.0466975,
0.00359878,-0.000552345,-0.00136168,0.000118424,-0.00171413,-0.000610471,9.22895e-05,-0.000552345,0.00135988,-0.000308203,0.00103136,0.000317952,-0.000643735,-6.50401e-05,-0.00136168,-0.000308203,0.00237125,-0.000497459,-0.00153598,7.50954e-06,7.19578e-06,0.000118424,0.00103136,-0.000497459,0.00272656,0.000365433,-0.00120778,-7.63304e-05,-0.00171413,0.000317952,-0.00153598,0.000365433,0.0262315,0.000681623,0.00131861,-0.000610471,-0.000643735,7.50954e-06,-0.00120778,0.000681623,0.0248883,-0.000204264,9.22895e-05,-6.50401e-05,7.19578e-06,-7.63304e-05,0.00131861,-0.000204264,0.0466975,
0.00359878,-0.000552342,-0.00136169,0.00011842,-0.00171414,-0.000610467,9.22974e-05,-0.000552342,0.00135988,-0.000308201,0.00103136,0.000317956,-0.000643737,-6.50425e-05,-0.00136169,-0.000308201,0.00237126,-0.000497456,-0.00153598,7.50325e-06,7.20438e-06,0.00011842,0.00103136,-0.000497456,0.00272656,0.000365433,-0.00120779,-7.63333e-05,-0.00171414,0.000317956,-0.00153598,0.000365433,0.0262314,0.000681646,0.00131883,-0.000610467,-0.000643737,7.50325e-06,-0.00120779,0.000681646,0.0248882,-0.00020442,9.22974e-05,-6.50425e-05,7.20438e-06,-7.63333e-05,0.00131883,-0.00020442,0.0466974,
0.00359878,-0.000552339,-0.0013617,0.000118416,-0.00171415,-0.000610463,9.23053e-05,-0.000552339,0.00135988,-0.000308199,0.00103136,0.000317959,-0.000643739,-6.50449e-05,-0.0013617,-0.000308199,0.00237126,-0.000497454,-0.00153598,7.49695e-06,7.213e-06,0.000118416,0.00103136,-0.000497454,0.00272656,0.000365433,-0.00120781,-7.63362e-05,-0.00171415,0.000317959,-0.00153598,0.000365433,0.0262312,0.000681669,0.00131905,-0.000610463,-0.000643739,7.49695e-06,-0.00120781,0.000681669,0.0248881,-0.000204577,9.23053e-05,-6.50449e-05,7.213e-06,-7.63362e-05,0.00131905,-0.000204577,0.0466974,
0.00359877,-0.000552336,-0.0013617,0.000118413,-0.00171415,-0.000610459,9.23132e-05,-0.000552336,0.00135987,-0.000308197,0.00103136,0.000317962,-0.000643742,-6.50474e-05,-0.0013617,-0.000308197,0.00237127,-0.000497451,-0.00153598,7.49064e-06,7.22165e-06,0.000118413,0.00103136,-0.000497451,0.00272656,0.000365433,-0.00120783,-7.63391e-05,-0.00171415,0.000317962,-0.00153598,0.000365433,0.0262311,0.000681692,0.00131927,-0.000610459,-0.000643742,7.49064e-06,-0.00120783,0.000681692,0.024888,-0.000204733,9.23132e-05,-6.50474e-05,7.22165e-06,-7.63391e-05,0.00131927,-0.000204733,0.0466974,
0.00359877,-0.000552333,-0.00136171,0.000118409,-0.00171416,-0.000610455,9.23212e-05,-0.000552333,0.00135987,-0.000308195,0.00103137,0.000317965,-0.000643744,-6.50498e-05,-0.00136171,-0.000308195,0.00237127,-0.000497449,-0.00153598,7.48431e-06,7.23031e-06,0.000118409,0.00103137,-0.000497449,0.00272656,0.000365433,-0.00120785,-7.6342e-05,-0.00171416,0.000317965,-0.00153598,0.000365433,0.026231,0.000681716,0.00131949,-0.000610455,-0.000643744,7.48431e-06,-0.00120785,0.000681716,0.0248879,-0.00020489,9.23212e-05,-6.50498e-05,7.23031e-06,-7.6342e-05,0.00131949,-0.00020489,0.0466973,
0.00359877,-0.000552331,-0.00136172,0.000118406,-0.00171417,-0.000610452,9.23292e-05,-0.000552331,0.00135987,-0.000308193,0.00103137,0.000317968,-0.000643746,-6.50523e-05,-0.00136172,-0.000308193,0.00237128,-0.000497447,-0.00153597,7.47797e-06,7.239e-06,0.000118406,0.00103137,-0.000497447,0.00272656,0.000365433,-0.00120787,-7.63449e-05,-0.00171417,0.000317968,-0.00153597,0.000365433,0.0262308,0.000681739,0.00131971,-0.000610452,-0.000643746,7.47797e-06,-0.00120787,0.000681739,0.0248878,-0.000205048,9.23292e-05,-6.50523e-05,7.239e-06,-7.63449e-05,0.00131971,-0.000205048,0.0466973,
0.00359876,-0.000552328,-0.00136173,0.000118402,-0.00171417,-0.000610448,9.23373e-05,-0.000552328,0.00135987,-0.000308191,0.00103137,0.000317972,-0.000643748,-6.50548e-05,-0.00136173,-0.000308191,0.00237128,-0.000497444,-0.00153597,7.47162e-06,7.2477e-06,0.000118402,0.00103137,-0.000497444,0.00272655,0.000365433,-0.00120789,-7.63479e-05,-0.00171417,0.000317972,-0.00153597,0.000365433,0.0262307,0.000681763,0.00131993,-0.000610448,-0.000643748,7.47162e-06,-0.00120789,0.000681763,0.0248877,-0.000205206,9.23373e-05,-6.50548e-05,7.2477e-06,-7.63479e-05,0.00131993,-0.000205206,0.0466973,
0.00359876,-0.000552325,-0.00136174,0.000118399,-0.00171418,-0.000610445,9.23453e-05,-0.000552325,0.00135987,-0.000308189,0.00103137,0.000317975,-0.000643751,-6.50573e-05,-0.00136174,-0.000308189,0.00237129,-0.000497442,-0.00153597,7.46527e-06,7.25643e-06,0.000118399,0.00103137,-0.000497442,0.00272655,0.000365434,-0.00120791,-7.63508e-05,-0.00171418,0.000317975,-0.00153597,0.000365434,0.0262306,0.000681787,0.00132015,-0.000610445,-0.000643751,7.46527e-06,-0.00120791,0.000681787,0.0248876,-0.000205364,9.23453e-05,-6.50573e-05,7.25643e-06,-7.63508e-05,0.00132015,-0.000205364,0.0466972,
0.00359876,-0.000552323,-0.00136174,0.000118396,-0.00171419,-0.000610442,9.23534e-05,-0.000552323,0.00135987,-0.000308187,0.00103137,0.000317978,-0.000643753,-6.50598e-05,-0.00136174,-0.000308187,0.00237129,-0.00049744,-0.00153597,7.4589e-06,7.26516e-06,0.000118396,0.00103137,-0.00049744,0.00272655,0.000365434,-0.00120793,-7.63537e-05,-0.00171419,0.000317978,-0.00153597,0.000365434,0.0262305,0.000681811,0.00132037,-0.000610442,-0.000643753,7.4589e-06,-0.00120793,0.000681811,0.0248875,-0.000205522,9.23534e-05,-6.50598e-05,7.26516e-06,-7.63537e-05,0.00132037,-0.000205522,0.0466972,
0.00359875,-0.00055232,-0.00136175,0.000118393,-0.0017142,-0.000610438,9.23615e-05,-0.00055232,0.00135987,-0.000308185,0.00103137,0.000317982,-0.000643755,-6.50623e-05,-0.00136175,-0.000308185,0.0023713,-0.000497438,-0.00153597,7.45253e-06,7.27391e-06,0.000118393,0.00103137,-0.000497438,0.00272655,0.000365434,-0.00120795,-7.63567e-05,-0.0017142,0.000317982,-0.00153597,0.000365434,0.0262303,0.000681835,0.00132059,-0.000610438,-0.000643755,7.45253e-06,-0.00120795,0.000681835,0.0248874,-0.00020568,9.23615e-05,-6.50623e-05,7.27391e-06,-7.63567e-05,0.00132059,-0.00020568,0.0466972,
0.00359875,-0.000552318,-0.00136176,0.00011839,-0.0017142,-0.000610435,9.23697e-05,-0.000552318,0.00135987,-0.000308184,0.00103137,0.000317985,-0.000643757,-6.50649e-05,-0.00136176,-0.000308184,0.0023713,-0.000497436,-0.00153597,7.44616e-06,7.28267e-06,0.00011839,0.00103137,-0.000497436,0.00272655,0.000365434,-0.00120797,-7.63596e-05,-0.0017142,0.000317985,-0.00153597,0.000365434,0.0262302,0.000681859,0.00132082,-0.000610435,-0.000643757,7.44616e-06,-0.00120797,0.000681859,0.0248873,-0.000205839,9.23697e-05,-6.50649e-05,7.28267e-06,-7.63596e-05,0.00132082,-0.000205839,0.0466971,
0.00359875,-0.000552315,-0.00136176,0.000118387,-0.00171421,-0.000610432,9.23778e-05,-0.000552315,0.00135987,-0.000308182,0.00103137,0.000317988,-0.000643759,-6.50674e-05,-0.00136176,-0.000308182,0.00237131,-0.000497433,-0.00153597,7.43978e-06,7.29145e-06,0.000118387,0.00103137,-0.000497433,0.00272655,0.000365434,-0.00120799,-7.63626e-05,-0.00171421,0.000317988,-0.00153597,0.000365434,0.0262301,0.000681883,0.00132104,-0.000610432,-0.000643759,7.43978e-06,-0.00120799,0.000681883,0.0248872,-0.000205998,9.23778e-05,-6.50674e-05,7.29145e-06,-7.63626e-05,0.00132104,-0.000205998,0.0466971,
0.00359875,-0.000552313,-0.00136177,0.000118384,-0.00171422,-0.000610429,9.2386e-05,-0.000552313,0.00135987,-0.00030818,0.00103137,0.000317992,-0.000643761,-6.507e-05,-0.00136177,-0.00030818,0.00237131,-0.000497431,-0.00153597,7.4334e-06,7.30023e-06,0.000118384,0.00103137,-0.000497431,0.00272655,0.000365435,-0.001208,-7.63655e-05,-0.00171422,0.000317992,-0.00153597,0.000365435,0.0262299,0.000681907,0.00132126,-0.000610429,-0.000643761,7.4334e-06,-0.001208,0.000681907,0.0248871,-0.000206157,9.2386e-05,-6.507e-05,7.30023e-06,-7.63655e-05,0.00132126,-0.000206157,0.0466971,
0.00359874,-0.00055231,-0.00136178,0.000118381,-0.00171423,-0.000610426,9.23942e-05,-0.00055231,0.00135987,-0.000308178,0.00103137,0.000317995,-0.000643763,-6.50725e-05,-0.00136178,-0.000308178,0.00237132,-0.000497429,-0.00153597,7.42702e-06,7.30902e-06,0.000118381,0.00103137,-0.000497429,0.00272655,0.000365435,-0.00120802,-7.63685e-05,-0.00171423,0.000317995,-0.00153597,0.000365435,0.0262298,0.000681931,0.00132148,-0.000610426,-0.000643763,7.42702e-06,-0.00120802,0.000681931,0.024887,-0.000206317,9.23942e-05,-6.50725e-05,7.30902e-06,-7.63685e-05,0.00132148,-0.000206317,0.046697,
0.00359874,-0.000552308,-0.00136179,0.000118378,-0.00171423,-0.000610423,9.24024e-05,-0.000552308,0.00135987,-0.000308177,0.00103138,0.000317999,-0.000643765,-6.50751e-05,-0.00136179,-0.000308177,0.00237132,-0.000497427,-0.00153597,7.42063e-06,7.31783e-06,0.000118378,0.00103138,-0.000497427,0.00272654,0.000365435,-0.00120804,-7.63714e-05,-0.00171423,0.000317999,-0.00153597,0.000365435,0.0262297,0.000681955,0.00132171,-0.000610423,-0.000643765,7.42063e-06,-0.00120804,0.000681955,0.0248869,-0.000206476,9.24024e-05,-6.50751e-05,7.31783e-06,-7.63714e-05,0.00132171,-0.000206476,0.046697,
0.00359874,-0.000552305,-0.00136179,0.000118375,-0.00171424,-0.00061042,9.24106e-05,-0.000552305,0.00135987,-0.000308175,0.00103138,0.000318002,-0.000643767,-6.50776e-05,-0.00136179,-0.000308175,0.00237133,-0.000497425,-0.00153597,7.41425e-06,7.32663e-06,0.000118375,0.00103138,-0.000497425,0.00272654,0.000365435,-0.00120806,-7.63744e-05,-0.00171424,0.000318002,-0.00153597,0.000365435,0.0262296,0.000681979,0.00132193,-0.00061042,-0.000643767,7.41425e-06,-0.00120806,0.000681979,0.0248868,-0.000206636,9.24106e-05,-6.50776e-05,7.32663e-06,-7.63744e-05,0.00132193,-0.000206636,0.046697,
0.00359873,-0.000552303,-0.0013618,0.000118372,-0.00171425,-0.000610417,9.24188e-05,-0.000552303,0.00135987,-0.000308173,0.00103138,0.000318005,-0.000643769,-6.50802e-05,-0.0013618,-0.000308173,0.00237133,-0.000497423,-0.00153597,7.40786e-06,7.33545e-06,0.000118372,0.00103138,-0.000497423,0.00272654,0.000365436,-0.00120808,-7.63774e-05,-0.00171425,0.000318005,-0.00153597,0.000365436,0.0262294,0.000682003,0.00132215,-0.000610417,-0.000643769,7.40786e-06,-0.00120808,0.000682003,0.0248867,-0.000206796,9.24188e-05,-6.50802e-05,7.33545e-06,-7.63774e-05,0.00132215,-0.000206796,0.0466969,
0.00359873,-0.0005523,-0.00136181,0.000118369,-0.00171426,-0.000610414,9.2427e-05,-0.0005523,0.00135986,-0.000308172,0.00103138,0.000318009,-0.000643771,-6.50828e-05,-0.00136181,-0.000308172,0.00237134,-0.000497421,-0.00153597,7.40147e-06,7.34427e-06,0.000118369,0.00103138,-0.000497421,0.00272654,0.000365436,-0.0012081,-7.63803e-05,-0.00171426,0.000318009,-0.00153597,0.000365436,0.0262293,0.000682028,0.00132238,-0.000610414,-0.000643771,7.40147e-06,-0.0012081,0.000682028,0.0248866,-0.000206956,9.2427e-05,-6.50828e-05,7.34427e-06,-7.63803e-05,0.00132238,-0.000206956,0.0466969,
0.00359873,-0.000552298,-0.00136181,0.000118366,-0.00171426,-0.000610411,9.24352e-05,-0.000552298,0.00135986,-0.00030817,0.00103138,0.000318012,-0.000643773,-6.50853e-05,-0.00136181,-0.00030817,0.00237134,-0.000497419,-0.00153597,7.39508e-06,7.3531e-06,0.000118366,0.00103138,-0.000497419,0.00272654,0.000365436,-0.00120812,-7.63833e-05,-0.00171426,0.000318012,-0.00153597,0.000365436,0.0262292,0.000682052,0.0013226,-0.000610411,-0.000643773,7.39508e-06,-0.00120812,0.000682052,0.0248865,-0.000207116,9.24352e-05,-6.50853e-05,7.3531e-06,-7.63833e-05,0.0013226,-0.000207116,0.0466969,
0.00359872,-0.000552296,-0.00136182,0.000118363,-0.00171427,-0.000610408,9.24435e-05,-0.000552296,0.00135986,-0.000308168,0.00103138,0.000318015,-0.000643775,-6.50879e-05,-0.00136182,-0.000308168,0.00237135,-0.000497417,-0.00153597,7.3887e-06,7.36194e-06,0.000118363,0.00103138,-0.000497417,0.00272654,0.000365436,-0.00120814,-7.63863e-05,-0.00171427,0.000318015,-0.00153597,0.000365436,0.026229,0.000682076,0.00132283,-0.000610408,-0.000643775,7.3887e-06,-0.00120814,0.000682076,0.0248864,-0.000207276,9.24435e-05,-6.50879e-05,7.36194e-06,-7.63863e-05,0.00132283,-0.000207276,0.0466968,
0.00359872,-0.000552293,-0.00136183,0.000118361,-0.00171428,-0.000610405,9.24517e-05,-0.000552293,0.00135986,-0.000308167,0.00103138,0.000318019,-0.000643777,-6.50905e-05,-0.00136183,-0.000308167,0.00237135,-0.000497415,-0.00153597,7.38231e-06,7.37078e-06,0.000118361,0.00103138,-0.000497415,0.00272654,0.000365437,-0.00120816,-7.63893e-05,-0.00171428,0.000318019,-0.00153597,0.000365437,0.0262289,0.000682101,0.00132305,-0.000610405,-0.000643777,7.38231e-06,-0.00120816,0.000682101,0.0248863,-0.000207437,9.24517e-05,-6.50905e-05,7.37078e-06,-7.63893e-05,0.00132305,-0.000207437,0.0466968,
0.00359872,-0.000552291,-0.00136184,0.000118358,-0.00171429,-0.000610402,9.246e-05,-0.000552291,0.00135986,-0.000308165,0.00103138,0.000318022,-0.000643779,-6.50931e-05,-0.00136184,-0.000308165,0.00237135,-0.000497413,-0.00153597,7.37593e-06,7.37962e-06,0.000118358,0.00103138,-0.000497413,0.00272653,0.000365437,-0.00120817,-7.63923e-05,-0.00171429,0.000318022,-0.00153597,0.000365437,0.0262288,0.000682125,0.00132328,-0.000610402,-0.000643779,7.37593e-06,-0.00120817,0.000682125,0.0248862,-0.000207597,9.246e-05,-6.50931e-05,7.37962e-06,-7.63923e-05,0.00132328,-0.000207597,0.0466968,
0.00359872,-0.000552288,-0.00136184,0.000118355,-0.00171429,-0.000610399,9.24682e-05,-0.000552288,0.00135986,-0.000308163,0.00103138,0.000318026,-0.000643781,-6.50957e-05,-0.00136184,-0.000308163,0.00237136,-0.000497411,-0.00153597,7.36955e-06,7.38847e-06,0.000118355,0.00103138,-0.000497411,0.00272653,0.000365437,-0.00120819,-7.63953e-05,-0.00171429,0.000318026,-0.00153597,0.000365437,0.0262287,0.000682149,0.0013235,-0.000610399,-0.000643781,7.36955e-06,-0.00120819,0.000682149,0.0248861,-0.000207758,9.24682e-05,-6.50957e-05,7.38847e-06,-7.63953e-05,0.0013235,-0.000207758,0.0466967,
0.00359871,-0.000552286,-0.00136185,0.000118352,-0.0017143,-0.000610396,9.24765e-05,-0.000552286,0.00135986,-0.000308162,0.00103138,0.000318029,-0.000643783,-6.50983e-05,-0.00136185,-0.000308162,0.00237136,-0.000497409,-0.00153597,7.36317e-06,7.39732e-06,0.000118352,0.00103138,-0.000497409,0.00272653,0.000365437,-0.00120821,-7.63982e-05,-0.0017143,0.000318029,-0.00153597,0.000365437,0.0262285,0.000682174,0.00132373,-0.000610396,-0.000643783,7.36317e-06,-0.00120821,0.000682174,0.024886,-0.000207918,9.24765e-05,-6.50983e-05,7.39732e-06,-7.63982e-05,0.00132373,-0.000207918,0.0466967,
0.00359871,-0.000552284,-0.00136186,0.000118349,-0.00171431,-0.000610393,9.24848e-05,-0.000552284,0.00135986,-0.00030816,0.00103138,0.000318032,-0.000643785,-6.51008e-05,-0.00136186,-0.00030816,0.00237137,-0.000497407,-0.00153597,7.35679e-06,7.40617e-06,0.000118349,0.00103138,-0.000497407,0.00272653,0.000365438,-0.00120823,-7.64012e-05,-0.00171431,0.000318032,-0.00153597,0.000365438,0.0262284,0.000682198,0.00132395,-0.000610393,-0.000643785,7.35679e-06,-0.00120823,0.000682198,0.0248859,-0.000208079,9.24848e-05,-6.51008e-05,7.40617e-06,-7.64012e-05,0.00132395,-0.000208079,0.0466967,
0.00359871,-0.000552281,-0.00136186,0.000118346,-0.00171432,-0.00061039,9.24931e-05,-0.000552281,0.00135986,-0.000308158,0.00103138,0.000318036,-0.000643787,-6.51034e-05,-0.00136186,-0.000308158,0.00237137,-0.000497405,-0.00153597,7.35041e-06,7.41503e-06,0.000118346,0.00103138,-0.000497405,0.00272653,0.000365438,-0.00120825,-7.64042e-05,-0.00171432,0.000318036,-0.00153597,0.000365438,0.0262283,0.000682222,0.00132418,-0.00061039,-0.000643787,7.35041e-06,-0.00120825,0.000682222,0.0248858,-0.00020824,9.24931e-05,-6.51034e-05,7.41503e-06,-7.64042e-05,0.00132418,-0.00020824,0.0466966,
0.0035987,-0.000552279,-0.00136187,0.000118343,-0.00171432,-0.000610387,9.25013e-05,-0.000552279,0.00135986,-0.000308157,0.00103139,0.000318039,-0.000643789,-6.5106e-05,-0.00136187,-0.000308157,0.00237138,-0.000497403,-0.00153597,7.34404e-06,7.42389e-06,0.000118343,0.00103139,-0.000497403,0.00272653,0.000365438,-0.00120827,-7.64072e-05,-0.00171432,0.000318039,-0.00153597,0.000365438,0.0262281,0.000682247,0.0013244,-0.000610387,-0.000643789,7.34404e-06,-0.00120827,0.000682247,0.0248857,-0.000208401,9.25013e-05,-6.5106e-05,7.42389e-06,-7.64072e-05,0.0013244,-0.000208401,0.0466966,
