0.00369467,0.000691435,-0.000244729,-0.000942138,-0.000841432,2.42914e-06,4.58024e-05,0.000691435,0.001096,0.00102164,0.00023918,-0.00134235,0.000164454,3.97017e-05,-0.000244729,0.00102164,0.00396439,0.000643129,-0.00165941,-0.000842279,-1.20386e-05,-0.000942138,0.00023918,0.000643129,0.00235663,0.00156017,0.00159528,-1.5795e-05,-0.000841432,-0.00134235,-0.00165941,0.00156017,0.0259316,0.0016744,0.000839685,2.42913e-06,0.000164454,-0.000842279,0.00159528,0.0016744,0.0262219,0.000391489,4.58024e-05,3.97017e-05,-1.20386e-05,-1.5795e-05,0.000839685,0.000391489,0.046648,
0.00369395,0.000691399,-0.000244586,-0.000942614,-0.00084089,2.54019e-06,4.58476e-05,0.000691399,0.0010961,0.0010218,0.000239015,-0.00134214,0.000164351,3.97254e-05,-0.000244586,0.0010218,0.00396422,0.00064309,-0.00165954,-0.000842444,-1.2011e-05,-0.000942614,0.000239015,0.00064309,0.0023569,0.00156053,0.00159469,-1.57931e-05,-0.00084089,-0.00134214,-0.00165954,0.00156053,0.025931,0.00167423,0.000839949,2.54019e-06,0.000164351,-0.000842444,0.00159469,0.00167423,0.0262211,0.000391539,4.58476e-05,3.97254e-05,-1.2011e-05,-1.57931e-05,0.000839949,0.000391539,0.046648,
0.00369338,0.000691346,-0.000244444,-0.000943017,-0.000840459,2.69034e-06,4.58648e-05,0.000691346,0.00109616,0.00102192,0.000238884,-0.00134197,0.000164359,3.97361e-05,-0.000244444,0.00102192,0.00396412,0.000643044,-0.00165963,-0.000842586,-1.20022e-05,-0.000943017,0.000238884,0.000643044,0.00235712,0.00156078,0.00159441,-1.58072e-05,-0.000840459,-0.00134197,-0.00165963,0.00156078,0.0259307,0.00167417,0.000840001,2.69034e-06,0.000164359,-0.000842586,0.00159441,0.00167417,0.0262208,0.00039154,4.58648e-05,3.97361e-05,-1.20022e-05,-1.58072e-05,0.000840001,0.00039154,0.046648,
0.0036929,0.000691282,-0.000244306,-0.000943368,-0.000840107,2.85388e-06,4.58704e-05,0.000691282,0.00109618,0.00102201,0.000238777,-0.00134184,0.000164406,3.97398e-05,-0.000244306,0.00102201,0.00396407,0.000642997,-0.00165968,-0.00084269,-1.20009e-05,-0.000943368,0.000238777,0.000642997,0.0023573,0.00156095,0.00159429,-1.5825e-05,-0.000840107,-0.00134184,-0.00165968,0.00156095,0.0259305,0.00167415,0.00083997,2.85388e-06,0.000164406,-0.00084269,0.00159429,0.00167415,0.0262208,0.000391506,4.58704e-05,3.97398e-05,-1.20009e-05,-1.5825e-05,0.00083997,0.000391506,0.046648,
0.00369249,0.000691213,-0.000244173,-0.000943676,-0.000839812,3.01705e-06,4.58711e-05,0.000691213,0.00109619,0.00102207,0.000238686,-0.00134174,0.000164463,3.97393e-05,-0.000244173,0.00102207,0.00396404,0.000642954,-0.00165973,-0.000842759,-1.20023e-05,-0.000943676,0.000238686,0.000642954,0.00235745,0.00156107,0.00159423,-1.58421e-05,-0.000839812,-0.00134174,-0.00165973,0.00156107,0.0259304,0.00167414,0.000839909,3.01705e-06,0.000164463,-0.000842759,0.00159423,0.00167414,0.0262208,0.000391444,4.58711e-05,3.97393e-05,-1.20023e-05,-1.58421e-05,0.000839909,0.000391444,0.046648,
0.00369214,0.000691143,-0.000244047,-0.000943948,-0.000839562,3.17285e-06,4.58699e-05,0.000691143,0.00109618,0.00102212,0.000238608,-0.00134166,0.000164519,3.97363e-05,-0.000244047,0.00102212,0.00396403,0.000642914,-0.00165976,-0.0008428,-1.20043e-05,-0.000943948,0.000238608,0.000642914,0.00235758,0.00156116,0.0015942,-1.58575e-05,-0.000839562,-0.00134166,-0.00165976,0.00156116,0.0259303,0.00167413,0.000839839,3.17285e-06,0.000164519,-0.0008428,0.0015942,0.00167413,0.0262209,0.00039136,4.58699e-05,3.97363e-05,-1.20043e-05,-1.58575e-05,0.000839839,0.00039136,0.0466481,
0.00369183,0.000691075,-0.000243929,-0.00094419,-0.000839347,3.3181e-06,4.58679e-05,0.000691075,0.00109617,0.00102216,0.000238541,-0.0013416,0.000164571,3.97314e-05,-0.000243929,0.00102216,0.00396403,0.000642877,-0.00165979,-0.000842821,-1.20062e-05,-0.00094419,0.000238541,0.000642877,0.0023577,0.00156122,0.00159419,-1.58711e-05,-0.000839347,-0.0013416,-0.00165979,0.00156122,0.0259302,0.00167412,0.000839769,3.3181e-06,0.000164571,-0.000842821,0.00159419,0.00167412,0.026221,0.000391255,4.58679e-05,3.97314e-05,-1.20062e-05,-1.58711e-05,0.000839769,0.000391255,0.0466481,
0.00369157,0.000691009,-0.000243819,-0.000944406,-0.000839161,3.45162e-06,4.58653e-05,0.000691009,0.00109615,0.00102219,0.000238481,-0.00134155,0.000164616,3.97252e-05,-0.000243819,0.00102219,0.00396403,0.000642844,-0.00165982,-0.000842828,-1.20078e-05,-0.000944406,0.000238481,0.000642844,0.00235781,0.00156127,0.00159419,-1.58832e-05,-0.000839161,-0.00134155,-0.00165982,0.00156127,0.0259302,0.0016741,0.000839699,3.45162e-06,0.000164616,-0.000842828,0.00159419,0.0016741,0.0262211,0.000391132,4.58653e-05,3.97252e-05,-1.20078e-05,-1.58832e-05,0.000839699,0.000391132,0.0466481,
0.00369133,0.000690946,-0.000243718,-0.000944598,-0.000838997,3.57338e-06,4.58622e-05,0.000690946,0.00109613,0.00102222,0.000238429,-0.00134151,0.000164656,3.97178e-05,-0.000243718,0.00102222,0.00396404,0.000642815,-0.00165984,-0.000842826,-1.2009e-05,-0.000944598,0.000238429,0.000642815,0.0023579,0.00156131,0.00159419,-1.58941e-05,-0.000838997,-0.00134151,-0.00165984,0.00156131,0.0259301,0.00167408,0.000839629,3.57338e-06,0.000164656,-0.000842826,0.00159419,0.00167408,0.0262212,0.000390992,4.58622e-05,3.97178e-05,-1.2009e-05,-1.58941e-05,0.000839629,0.000390992,0.0466481,
0.00369112,0.000690888,-0.000243626,-0.00094477,-0.000838853,3.68385e-06,4.58586e-05,0.000690888,0.00109611,0.00102224,0.000238383,-0.00134147,0.000164691,3.97094e-05,-0.000243626,0.00102224,0.00396405,0.000642788,-0.00165987,-0.000842818,-1.201e-05,-0.00094477,0.000238383,0.000642788,0.00235799,0.00156135,0.00159419,-1.59042e-05,-0.000838853,-0.00134147,-0.00165987,0.00156135,0.0259301,0.00167407,0.00083956,3.68385e-06,0.000164691,-0.000842818,0.00159419,0.00167407,0.0262213,0.000390836,4.58586e-05,3.97094e-05,-1.201e-05,-1.59042e-05,0.00083956,0.000390836,0.0466481,
0.00369094,0.000690834,-0.000243541,-0.000944925,-0.000838725,3.78378e-06,4.58544e-05,0.000690834,0.00109609,0.00102226,0.000238342,-0.00134144,0.000164722,3.97002e-05,-0.000243541,0.00102226,0.00396406,0.000642764,-0.00165989,-0.000842807,-1.20108e-05,-0.000944925,0.000238342,0.000642764,0.00235806,0.00156138,0.00159419,-1.59138e-05,-0.000838725,-0.00134144,-0.00165989,0.00156138,0.0259301,0.00167405,0.000839489,3.78378e-06,0.000164722,-0.000842807,0.00159419,0.00167405,0.0262213,0.000390665,4.58544e-05,3.97002e-05,-1.20108e-05,-1.59138e-05,0.000839489,0.000390665,0.0466482,
0.00369077,0.000690785,-0.000243465,-0.000945063,-0.000838611,3.87403e-06,4.58496e-05,0.000690785,0.00109608,0.00102227,0.000238305,-0.00134142,0.000164749,3.96902e-05,-0.000243465,0.00102227,0.00396407,0.000642742,-0.00165991,-0.000842794,-1.20115e-05,-0.000945063,0.000238305,0.000642742,0.00235813,0.0015614,0.00159418,-1.59231e-05,-0.000838611,-0.00134142,-0.00165991,0.0015614,0.0259301,0.00167404,0.000839417,3.87403e-06,0.000164749,-0.000842794,0.00159418,0.00167404,0.0262214,0.00039048,4.58496e-05,3.96902e-05,-1.20115e-05,-1.59231e-05,0.000839417,0.00039048,0.0466482,
0.00369063,0.00069074,-0.000243395,-0.000945188,-0.000838508,3.95543e-06,4.58442e-05,0.00069074,0.00109606,0.00102228,0.000238273,-0.00134139,0.000164773,3.96794e-05,-0.000243395,0.00102228,0.00396408,0.000642723,-0.00165993,-0.00084278,-1.20122e-05,-0.000945188,0.000238273,0.000642723,0.0023582,0.00156143,0.00159418,-1.59321e-05,-0.000838508,-0.00134139,-0.00165993,0.00156143,0.0259301,0.00167403,0.000839344,3.95543e-06,0.000164773,-0.00084278,0.00159418,0.00167403,0.0262214,0.000390282,4.58442e-05,3.96794e-05,-1.20122e-05,-1.59321e-05,0.000839344,0.000390282,0.0466482,
0.00369049,0.000690698,-0.000243331,-0.0009453,-0.000838416,4.02883e-06,4.58381e-05,0.000690698,0.00109604,0.00102229,0.000238243,-0.00134137,0.000164794,3.9668e-05,-0.000243331,0.00102229,0.00396409,0.000642706,-0.00165995,-0.000842767,-1.20128e-05,-0.0009453,0.000238243,0.000642706,0.00235825,0.00156145,0.00159418,-1.5941e-05,-0.000838416,-0.00134137,-0.00165995,0.00156145,0.0259302,0.00167401,0.000839267,4.02883e-06,0.000164794,-0.000842767,0.00159418,0.00167401,0.0262215,0.000390072,4.58381e-05,3.9668e-05,-1.20128e-05,-1.5941e-05,0.000839267,0.000390072,0.0466483,
0.00369037,0.000690661,-0.000243274,-0.000945401,-0.000838332,4.095e-06,4.58314e-05,0.000690661,0.00109603,0.0010223,0.000238217,-0.00134135,0.000164812,3.96559e-05,-0.000243274,0.0010223,0.0039641,0.00064269,-0.00165997,-0.000842754,-1.20135e-05,-0.000945401,0.000238217,0.00064269,0.0023583,0.00156147,0.00159417,-1.59499e-05,-0.000838332,-0.00134135,-0.00165997,0.00156147,0.0259302,0.00167401,0.000839189,4.095e-06,0.000164812,-0.000842754,0.00159417,0.00167401,0.0262215,0.000389851,4.58314e-05,3.96559e-05,-1.20135e-05,-1.59499e-05,0.000839189,0.000389851,0.0466483,
0.00369027,0.000690627,-0.000243221,-0.000945491,-0.000838256,4.15465e-06,4.58241e-05,0.000690627,0.00109601,0.00102231,0.000238194,-0.00134133,0.000164828,3.96432e-05,-0.000243221,0.00102231,0.00396411,0.000642676,-0.00165998,-0.000842742,-1.20142e-05,-0.000945491,0.000238194,0.000642676,0.00235835,0.00156149,0.00159417,-1.59589e-05,-0.000838256,-0.00134133,-0.00165998,0.00156149,0.0259302,0.001674,0.000839108,4.15465e-06,0.000164828,-0.000842742,0.00159417,0.001674,0.0262215,0.000389619,4.58241e-05,3.96432e-05,-1.20143e-05,-1.59589e-05,0.000839108,0.000389619,0.0466483,
0.00369017,0.000690596,-0.000243174,-0.000945574,-0.000838187,4.20843e-06,4.58162e-05,0.000690596,0.001096,0.00102232,0.000238172,-0.00134132,0.000164843,3.96299e-05,-0.000243174,0.00102232,0.00396412,0.000642663,-0.00166,-0.00084273,-1.2015e-05,-0.000945574,0.000238172,0.000642663,0.00235839,0.00156151,0.00159416,-1.59679e-05,-0.000838187,-0.00134132,-0.00166,0.00156151,0.0259302,0.001674,0.000839024,4.20843e-06,0.000164843,-0.00084273,0.00159416,0.001674,0.0262216,0.000389378,4.58162e-05,3.96299e-05,-1.2015e-05,-1.59679e-05,0.000839024,0.000389378,0.0466484,
0.00369008,0.000690567,-0.000243131,-0.000945648,-0.000838123,4.25695e-06,4.58077e-05,0.000690567,0.00109599,0.00102232,0.000238153,-0.0013413,0.000164856,3.96162e-05,-0.000243131,0.00102232,0.00396413,0.000642652,-0.00166002,-0.00084272,-1.20159e-05,-0.000945648,0.000238153,0.000642652,0.00235843,0.00156153,0.00159415,-1.59769e-05,-0.000838123,-0.0013413,-0.00166002,0.00156153,0.0259303,0.00167399,0.000838938,4.25695e-06,0.000164856,-0.00084272,0.00159415,0.00167399,0.0262216,0.000389127,4.58077e-05,3.96162e-05,-1.20159e-05,-1.59769e-05,0.000838938,0.000389127,0.0466484,
0.00369,0.000690542,-0.000243092,-0.000945715,-0.000838065,4.30073e-06,4.57987e-05,0.000690542,0.00109598,0.00102233,0.000238136,-0.00134128,0.000164867,3.96019e-05,-0.000243092,0.00102233,0.00396413,0.000642642,-0.00166003,-0.000842711,-1.20168e-05,-0.000945715,0.000238136,0.000642642,0.00235847,0.00156155,0.00159414,-1.59861e-05,-0.000838065,-0.00134128,-0.00166003,0.00156155,0.0259303,0.00167399,0.00083885,4.30073e-06,0.000164867,-0.000842711,0.00159414,0.00167399,0.0262216,0.000388867,4.57987e-05,3.96019e-05,-1.20168e-05,-1.59861e-05,0.00083885,0.000388867,0.0466485,
0.00368993,0.000690519,-0.000243057,-0.000945776,-0.000838012,4.34026e-06,4.57892e-05,0.000690519,0.00109597,0.00102233,0.00023812,-0.00134127,0.000164877,3.95872e-05,-0.000243057,0.00102233,0.00396414,0.000642632,-0.00166004,-0.000842703,-1.20178e-05,-0.000945776,0.00023812,0.000642632,0.0023585,0.00156157,0.00159413,-1.59953e-05,-0.000838012,-0.00134127,-0.00166004,0.00156157,0.0259304,0.001674,0.000838759,4.34026e-06,0.000164877,-0.000842703,0.00159413,0.001674,0.0262217,0.0003886,4.57892e-05,3.95872e-05,-1.20178e-05,-1.59953e-05,0.000838759,0.0003886,0.0466485,
0.00368986,0.000690498,-0.000243024,-0.000945831,-0.000837962,4.37599e-06,4.57792e-05,0.000690498,0.00109596,0.00102234,0.000238106,-0.00134125,0.000164886,3.95721e-05,-0.000243024,0.00102234,0.00396415,0.000642624,-0.00166006,-0.000842697,-1.20189e-05,-0.000945831,0.000238106,0.000642624,0.00235853,0.00156159,0.00159413,-1.60047e-05,-0.000837962,-0.00134125,-0.00166006,0.00156159,0.0259304,0.001674,0.000838666,4.37599e-06,0.000164886,-0.000842697,0.00159413,0.001674,0.0262217,0.000388325,4.57792e-05,3.95721e-05,-1.20189e-05,-1.60047e-05,0.000838666,0.000388325,0.0466485,
0.0036898,0.000690479,-0.000242995,-0.000945881,-0.000837916,4.40829e-06,4.57688e-05,0.000690479,0.00109595,0.00102234,0.000238094,-0.00134124,0.000164893,3.95566e-05,-0.000242995,0.00102234,0.00396415,0.000642617,-0.00166007,-0.000842691,-1.20201e-05,-0.000945881,0.000238094,0.000642617,0.00235855,0.0015616,0.00159412,-1.60142e-05,-0.000837916,-0.00134124,-0.00166007,0.0015616,0.0259305,0.001674,0.000838571,4.40829e-06,0.000164893,-0.000842691,0.00159412,0.001674,0.0262217,0.000388043,4.57688e-05,3.95566e-05,-1.20201e-05,-1.60142e-05,0.000838571,0.000388043,0.0466486,
0.00368975,0.000690462,-0.000242969,-0.000945926,-0.000837874,4.43752e-06,4.5758e-05,0.000690462,0.00109594,0.00102235,0.000238082,-0.00134123,0.0001649,3.95407e-05,-0.000242969,0.00102235,0.00396415,0.00064261,-0.00166008,-0.000842686,-1.20212e-05,-0.000945926,0.000238082,0.00064261,0.00235858,0.00156162,0.00159411,-1.60238e-05,-0.000837874,-0.00134123,-0.00166008,0.00156162,0.0259305,0.00167401,0.000838473,4.43752e-06,0.0001649,-0.000842686,0.00159411,0.00167401,0.0262218,0.000387754,4.5758e-05,3.95407e-05,-1.20212e-05,-1.60238e-05,0.000838473,0.000387754,0.0466486,
0.0036897,0.000690446,-0.000242944,-0.000945968,-0.000837834,4.46401e-06,4.57468e-05,0.000690446,0.00109594,0.00102235,0.000238072,-0.00134121,0.000164906,3.95244e-05,-0.000242944,0.00102235,0.00396416,0.000642604,-0.00166009,-0.000842681,-1.20225e-05,-0.000945968,0.000238072,0.000642604,0.0023586,0.00156164,0.0015941,-1.60335e-05,-0.000837834,-0.00134121,-0.00166009,0.00156164,0.0259306,0.00167402,0.000838374,4.46401e-06,0.000164906,-0.000842681,0.0015941,0.00167402,0.0262218,0.000387459,4.57468e-05,3.95244e-05,-1.20225e-05,-1.60335e-05,0.000838374,0.000387459,0.0466487,
0.00368966,0.000690432,-0.000242922,-0.000946006,-0.000837797,4.48802e-06,4.57353e-05,0.000690432,0.00109593,0.00102235,0.000238062,-0.0013412,0.000164912,3.95079e-05,-0.000242922,0.00102235,0.00396416,0.000642599,-0.0016601,-0.000842678,-1.20238e-05,-0.000946006,0.000238062,0.000642599,0.00235862,0.00156166,0.00159409,-1.60433e-05,-0.000837797,-0.0013412,-0.0016601,0.00156166,0.0259306,0.00167402,0.000838274,4.48802e-06,0.000164912,-0.000842678,0.00159409,0.00167402,0.0262218,0.000387159,4.57353e-05,3.95079e-05,-1.20238e-05,-1.60433e-05,0.000838274,0.000387159,0.0466487,
0.00368961,0.000690419,-0.000242902,-0.00094604,-0.000837762,4.50983e-06,4.57235e-05,0.000690419,0.00109593,0.00102236,0.000238053,-0.00134118,0.000164916,3.9491e-05,-0.000242902,0.00102236,0.00396416,0.000642594,-0.00166011,-0.000842675,-1.20252e-05,-0.00094604,0.000238053,0.000642594,0.00235865,0.00156168,0.00159408,-1.60532e-05,-0.000837762,-0.00134118,-0.00166011,0.00156168,0.0259307,0.00167403,0.000838171,4.50983e-06,0.000164916,-0.000842675,0.00159408,0.00167403,0.0262219,0.000386853,4.57235e-05,3.9491e-05,-1.20252e-05,-1.60532e-05,0.000838171,0.000386853,0.0466488,
0.00368958,0.000690407,-0.000242883,-0.000946072,-0.000837729,4.52966e-06,4.57114e-05,0.000690407,0.00109592,0.00102236,0.000238045,-0.00134117,0.00016492,3.94739e-05,-0.000242883,0.00102236,0.00396417,0.000642589,-0.00166012,-0.000842673,-1.20266e-05,-0.000946072,0.000238045,0.000642589,0.00235866,0.0015617,0.00159406,-1.60633e-05,-0.000837729,-0.00134117,-0.00166012,0.0015617,0.0259307,0.00167404,0.000838067,4.52966e-06,0.00016492,-0.000842673,0.00159406,0.00167404,0.0262219,0.000386542,4.57114e-05,3.94739e-05,-1.20266e-05,-1.60633e-05,0.000838067,0.000386542,0.0466488,
0.00368954,0.000690396,-0.000242866,-0.000946101,-0.000837698,4.54771e-06,4.5699e-05,0.000690396,0.00109592,0.00102236,0.000238038,-0.00134116,0.000164924,3.94565e-05,-0.000242866,0.00102236,0.00396417,0.000642585,-0.00166013,-0.000842671,-1.2028e-05,-0.000946101,0.000238038,0.000642585,0.00235868,0.00156172,0.00159405,-1.60734e-05,-0.000837698,-0.00134116,-0.00166013,0.00156172,0.0259308,0.00167406,0.000837962,4.54771e-06,0.000164924,-0.000842671,0.00159405,0.00167406,0.0262219,0.000386227,4.5699e-05,3.94565e-05,-1.2028e-05,-1.60734e-05,0.000837962,0.000386227,0.0466489,
0.00368951,0.000690386,-0.00024285,-0.000946128,-0.000837668,4.56416e-06,4.56864e-05,0.000690386,0.00109591,0.00102237,0.000238032,-0.00134115,0.000164927,3.94389e-05,-0.00024285,0.00102237,0.00396417,0.000642582,-0.00166014,-0.00084267,-1.20295e-05,-0.000946128,0.000238032,0.000642582,0.0023587,0.00156174,0.00159404,-1.60836e-05,-0.000837668,-0.00134115,-0.00166014,0.00156174,0.0259309,0.00167407,0.000837855,4.56416e-06,0.000164927,-0.00084267,0.00159404,0.00167407,0.0262219,0.000385907,4.56864e-05,3.94389e-05,-1.20295e-05,-1.60836e-05,0.000837855,0.000385907,0.0466489,
0.00368948,0.000690377,-0.000242835,-0.000946153,-0.00083764,4.57919e-06,4.56736e-05,0.000690377,0.00109591,0.00102237,0.000238025,-0.00134113,0.00016493,3.9421e-05,-0.000242835,0.00102237,0.00396417,0.000642578,-0.00166015,-0.00084267,-1.2031e-05,-0.000946153,0.000238025,0.000642578,0.00235871,0.00156176,0.00159403,-1.60939e-05,-0.00083764,-0.00134113,-0.00166015,0.00156176,0.0259309,0.00167408,0.000837747,4.57919e-06,0.00016493,-0.00084267,0.00159403,0.00167408,0.026222,0.000385583,4.56736e-05,3.9421e-05,-1.2031e-05,-1.60939e-05,0.000837747,0.000385583,0.046649,
0.00368945,0.000690369,-0.000242822,-0.000946175,-0.000837613,4.59294e-06,4.56605e-05,0.000690369,0.00109591,0.00102237,0.00023802,-0.00134112,0.000164932,3.9403e-05,-0.000242822,0.00102237,0.00396417,0.000642576,-0.00166016,-0.000842669,-1.20326e-05,-0.000946175,0.00023802,0.000642576,0.00235873,0.00156178,0.00159402,-1.61042e-05,-0.000837613,-0.00134112,-0.00166016,0.00156178,0.025931,0.00167409,0.000837637,4.59294e-06,0.000164932,-0.000842669,0.00159402,0.00167409,0.026222,0.000385256,4.56605e-05,3.9403e-05,-1.20326e-05,-1.61042e-05,0.000837637,0.000385256,0.046649,
0.00368942,0.000690361,-0.000242809,-0.000946197,-0.000837588,4.60554e-06,4.56472e-05,0.000690361,0.0010959,0.00102237,0.000238015,-0.00134111,0.000164934,3.93847e-05,-0.000242809,0.00102237,0.00396417,0.000642573,-0.00166017,-0.00084267,-1.20342e-05,-0.000946197,0.000238015,0.000642573,0.00235874,0.0015618,0.001594,-1.61147e-05,-0.000837588,-0.00134111,-0.00166017,0.0015618,0.0259311,0.00167411,0.000837527,4.60554e-06,0.000164934,-0.00084267,0.001594,0.00167411,0.026222,0.000384925,4.56472e-05,3.93847e-05,-1.20342e-05,-1.61147e-05,0.000837527,0.000384925,0.0466491,
0.0036894,0.000690354,-0.000242798,-0.000946216,-0.000837563,4.61712e-06,4.56338e-05,0.000690354,0.0010959,0.00102238,0.00023801,-0.00134109,0.000164936,3.93663e-05,-0.000242798,0.00102238,0.00396417,0.00064257,-0.00166017,-0.00084267,-1.20358e-05,-0.000946216,0.00023801,0.00064257,0.00235875,0.00156182,0.00159399,-1.61252e-05,-0.000837563,-0.00134109,-0.00166017,0.00156182,0.0259311,0.00167412,0.000837416,4.61712e-06,0.000164936,-0.00084267,0.00159399,0.00167412,0.0262221,0.000384591,4.56338e-05,3.93663e-05,-1.20358e-05,-1.61252e-05,0.000837416,0.000384591,0.0466491,
0.00368937,0.000690348,-0.000242787,-0.000946235,-0.000837539,4.62777e-06,4.56202e-05,0.000690348,0.0010959,0.00102238,0.000238005,-0.00134108,0.000164937,3.93477e-05,-0.000242787,0.00102238,0.00396417,0.000642568,-0.00166018,-0.000842671,-1.20374e-05,-0.000946235,0.000238005,0.000642568,0.00235877,0.00156184,0.00159398,-1.61358e-05,-0.000837539,-0.00134108,-0.00166018,0.00156184,0.0259312,0.00167414,0.000837303,4.62777e-06,0.000164937,-0.000842671,0.00159398,0.00167414,0.0262221,0.000384254,4.56202e-05,3.93477e-05,-1.20374e-05,-1.61358e-05,0.000837303,0.000384254,0.0466492,
0.00368935,0.000690341,-0.000242777,-0.000946252,-0.000837517,4.63759e-06,4.56064e-05,0.000690341,0.0010959,0.00102238,0.000238001,-0.00134107,0.000164938,3.93289e-05,-0.000242777,0.00102238,0.00396417,0.000642566,-0.00166019,-0.000842672,-1.20391e-05,-0.000946252,0.000238001,0.000642566,0.00235878,0.00156186,0.00159397,-1.61465e-05,-0.000837517,-0.00134107,-0.00166019,0.00156186,0.0259313,0.00167415,0.00083719,4.63759e-06,0.000164938,-0.000842672,0.00159397,0.00167415,0.0262221,0.000383913,4.56064e-05,3.93289e-05,-1.20391e-05,-1.61465e-05,0.00083719,0.000383913,0.0466492,
0.00368933,0.000690336,-0.000242767,-0.000946268,-0.000837494,4.64668e-06,4.55926e-05,0.000690336,0.00109589,0.00102238,0.000237998,-0.00134106,0.000164939,3.931e-05,-0.000242767,0.00102238,0.00396417,0.000642564,-0.0016602,-0.000842673,-1.20408e-05,-0.000946268,0.000237998,0.000642564,0.00235879,0.00156188,0.00159395,-1.61572e-05,-0.000837494,-0.00134106,-0.0016602,0.00156188,0.0259313,0.00167417,0.000837076,4.64668e-06,0.000164939,-0.000842673,0.00159395,0.00167417,0.0262221,0.000383571,4.55926e-05,3.931e-05,-1.20408e-05,-1.61572e-05,0.000837076,0.000383571,0.0466493,
0.00368931,0.000690331,-0.000242758,-0.000946283,-0.000837473,4.6551e-06,4.55785e-05,0.000690331,0.00109589,0.00102238,0.000237994,-0.00134104,0.00016494,3.9291e-05,-0.000242758,0.00102238,0.00396417,0.000642563,-0.00166021,-0.000842675,-1.20425e-05,-0.000946283,0.000237994,0.000642563,0.0023588,0.0015619,0.00159394,-1.6168e-05,-0.000837473,-0.00134104,-0.00166021,0.0015619,0.0259314,0.00167419,0.000836961,4.6551e-06,0.00016494,-0.000842675,0.00159394,0.00167419,0.0262222,0.000383226,4.55785e-05,3.9291e-05,-1.20425e-05,-1.6168e-05,0.000836961,0.000383226,0.0466494,
0.00368928,0.000690287,-0.000242836,-0.000946338,-0.000838676,5.08573e-06,4.49194e-05,0.000690305,0.00109584,0.00102227,0.000237934,-0.00134274,0.00016553,3.83715e-05,-0.000242769,0.00102234,0.00396406,0.000642509,-0.00166179,-0.000842131,-1.28769e-05,-0.000946291,0.000238007,0.000642599,0.00235883,0.00156245,0.00159374,-1.58957e-05,-0.00083775,-0.00134182,-0.00166197,0.00156109,0.0259063,0.00168288,0.000823611,4.78126e-06,0.000165253,-0.000841979,0.00159426,0.00168418,0.0262187,0.000388134,4.5552e-05,3.9239e-05,-1.21174e-05,-1.62134e-05,0.0008358,0.000383239,0.0466489,
0.00368926,0.000690283,-0.000242828,-0.000946351,-0.000838658,5.09265e-06,4.49079e-05,0.000690301,0.00109584,0.00102227,0.000237931,-0.00134273,0.000165531,3.83558e-05,-0.000242761,0.00102234,0.00396406,0.000642508,-0.0016618,-0.000842133,-1.28782e-05,-0.000946304,0.000238004,0.000642597,0.00235884,0.00156247,0.00159373,-1.59047e-05,-0.000837731,-0.00134181,-0.00166198,0.0015611,0.0259064,0.00168289,0.000823516,4.78816e-06,0.000165254,-0.000841981,0.00159424,0.0016842,0.0262188,0.000387848,4.55405e-05,3.92233e-05,-1.21187e-05,-1.62223e-05,0.000835705,0.000382954,0.0466489,
0.00368925,0.000690279,-0.00024282,-0.000946364,-0.000838641,5.09913e-06,4.48982e-05,0.000690297,0.00109583,0.00102227,0.000237928,-0.00134272,0.000165532,3.83425e-05,-0.000242753,0.00102234,0.00396406,0.000642506,-0.00166181,-0.000842135,-1.28793e-05,-0.000946317,0.000238001,0.000642596,0.00235885,0.00156249,0.00159372,-1.59124e-05,-0.000837714,-0.0013418,-0.00166199,0.00156112,0.0259065,0.0016829,0.000823436,4.79463e-06,0.000165254,-0.000841982,0.00159423,0.00168421,0.0262188,0.000387605,4.55308e-05,3.921e-05,-1.21198e-05,-1.623e-05,0.000835625,0.000382711,0.0466489,
0.00368923,0.000690274,-0.000242813,-0.000946376,-0.000838625,5.1054e-06,4.48898e-05,0.000690293,0.00109583,0.00102227,0.000237925,-0.00134271,0.000165533,3.83308e-05,-0.000242746,0.00102234,0.00396406,0.000642505,-0.00166182,-0.000842136,-1.28802e-05,-0.000946329,0.000237998,0.000642594,0.00235886,0.0015625,0.00159371,-1.59192e-05,-0.000837698,-0.00134179,-0.00166199,0.00156113,0.0259065,0.00168291,0.000823365,4.80088e-06,0.000165255,-0.000841984,0.00159422,0.00168422,0.0262188,0.000387392,4.55224e-05,3.91983e-05,-1.21207e-05,-1.62368e-05,0.000835554,0.000382497,0.046649,
0.00368921,0.000690255,-0.000242842,-0.000946405,-0.000839108,5.28339e-06,4.46196e-05,0.00069028,0.00109581,0.00102223,0.000237899,-0.0013434,0.000165773,3.79539e-05,-0.000242747,0.00102232,0.00396401,0.000642482,-0.00166246,-0.000841916,-1.32198e-05,-0.000946339,0.000238002,0.000642608,0.00235887,0.00156273,0.00159362,-1.58103e-05,-0.000837804,-0.0013421,-0.00166271,0.00156081,0.0258963,0.00168645,0.000817916,4.85505e-06,0.000165383,-0.000841702,0.00159435,0.00168828,0.0262174,0.000389335,4.55096e-05,3.91744e-05,-1.21513e-05,-1.62571e-05,0.000835065,0.000382451,0.0466488,
0.00368919,0.000690251,-0.000242835,-0.000946416,-0.000839095,5.28925e-06,4.46138e-05,0.000690277,0.00109581,0.00102223,0.000237896,-0.00134339,0.000165775,3.79458e-05,-0.000242741,0.00102233,0.00396401,0.000642481,-0.00166247,-0.000841917,-1.32205e-05,-0.00094635,0.000237999,0.000642607,0.00235888,0.00156274,0.00159361,-1.58151e-05,-0.000837791,-0.00134209,-0.00166272,0.00156082,0.0258963,0.00168646,0.000817867,4.86088e-06,0.000165385,-0.000841703,0.00159434,0.00168829,0.0262174,0.000389187,4.55039e-05,3.91664e-05,-1.21519e-05,-1.62619e-05,0.000835016,0.000382303,0.0466488,
0.00368918,0.000690248,-0.000242829,-0.000946427,-0.000839083,5.295e-06,4.46096e-05,0.000690273,0.00109581,0.00102223,0.000237893,-0.00134338,0.000165776,3.79398e-05,-0.000242735,0.00102233,0.00396401,0.000642479,-0.00166247,-0.000841918,-1.3221e-05,-0.000946361,0.000237996,0.000642606,0.00235889,0.00156275,0.00159361,-1.58187e-05,-0.000837779,-0.00134209,-0.00166272,0.00156083,0.0258964,0.00168646,0.000817829,4.86659e-06,0.000165386,-0.000841704,0.00159433,0.00168829,0.0262174,0.000389078,4.54997e-05,3.91604e-05,-1.21523e-05,-1.62655e-05,0.00083498,0.000382193,0.0466488,
0.00368917,0.000690244,-0.000242823,-0.000946438,-0.000839072,5.30074e-06,4.46066e-05,0.00069027,0.00109581,0.00102223,0.00023789,-0.00134338,0.000165777,3.79354e-05,-0.000242729,0.00102233,0.00396401,0.000642478,-0.00166248,-0.000841919,-1.32213e-05,-0.000946372,0.000237993,0.000642604,0.00235889,0.00156276,0.0015936,-1.58214e-05,-0.000837767,-0.00134208,-0.00166273,0.00156084,0.0258964,0.00168647,0.000817801,4.87229e-06,0.000165387,-0.000841705,0.00159433,0.0016883,0.0262174,0.000388999,4.54968e-05,3.91562e-05,-1.21526e-05,-1.62683e-05,0.000834953,0.000382113,0.0466488,
0.00368915,0.000690241,-0.000242818,-0.000946448,-0.000839062,5.30649e-06,4.46046e-05,0.000690266,0.00109581,0.00102223,0.000237887,-0.00134337,0.000165779,3.79324e-05,-0.000242724,0.00102233,0.00396401,0.000642476,-0.00166248,-0.00084192,-1.32216e-05,-0.000946382,0.000237991,0.000642603,0.0023589,0.00156277,0.0015936,-1.58233e-05,-0.000837757,-0.00134208,-0.00166273,0.00156084,0.0258964,0.00168647,0.000817781,4.878e-06,0.000165389,-0.000841706,0.00159432,0.0016883,0.0262174,0.000388944,4.54949e-05,3.91533e-05,-1.21527e-05,-1.62702e-05,0.000834935,0.000382058,0.0466488,
0.00368914,0.000690237,-0.000242812,-0.000946459,-0.000839052,5.31226e-06,4.46034e-05,0.000690263,0.0010958,0.00102223,0.000237885,-0.00134337,0.00016578,3.79305e-05,-0.000242718,0.00102233,0.00396401,0.000642475,-0.00166249,-0.00084192,-1.32217e-05,-0.000946393,0.000237988,0.000642601,0.0023589,0.00156277,0.00159359,-1.58247e-05,-0.000837748,-0.00134207,-0.00166274,0.00156085,0.0258964,0.00168647,0.000817769,4.88374e-06,0.00016539,-0.000841706,0.00159432,0.0016883,0.0262174,0.00038891,4.54938e-05,3.91514e-05,-1.21528e-05,-1.62716e-05,0.000834923,0.000382023,0.0466488,
0.00368913,0.000690234,-0.000242807,-0.000946469,-0.000839043,5.31806e-06,4.46029e-05,0.00069026,0.0010958,0.00102223,0.000237882,-0.00134337,0.000165782,3.79295e-05,-0.000242713,0.00102233,0.00396401,0.000642473,-0.00166249,-0.00084192,-1.32218e-05,-0.000946403,0.000237985,0.0006426,0.00235891,0.00156277,0.00159359,-1.58255e-05,-0.000837739,-0.00134207,-0.00166274,0.00156085,0.0258964,0.00168647,0.000817761,4.88952e-06,0.000165392,-0.000841706,0.00159432,0.0016883,0.0262174,0.000388892,4.54933e-05,3.91505e-05,-1.21528e-05,-1.62725e-05,0.000834917,0.000382005,0.0466489,
0.00368911,0.000690231,-0.000242802,-0.000946479,-0.000839035,5.32389e-06,4.4603e-05,0.000690256,0.0010958,0.00102224,0.00023788,-0.00134336,0.000165784,3.79292e-05,-0.000242707,0.00102233,0.00396401,0.000642472,-0.00166249,-0.000841921,-1.32217e-05,-0.000946413,0.000237983,0.000642598,0.00235891,0.00156278,0.00159359,-1.5826e-05,-0.00083773,-0.00134207,-0.00166274,0.00156085,0.0258964,0.00168647,0.000817758,4.89532e-06,0.000165394,-0.000841706,0.00159431,0.0016883,0.0262174,0.000388886,4.54934e-05,3.91503e-05,-1.21527e-05,-1.6273e-05,0.000834915,0.000381999,0.0466489,
0.0036891,0.000690228,-0.000242796,-0.000946489,-0.000839027,5.32972e-06,4.46034e-05,0.000690253,0.0010958,0.00102224,0.000237877,-0.00134336,0.000165786,3.79295e-05,-0.000242702,0.00102234,0.00396401,0.000642471,-0.00166249,-0.000841921,-1.32217e-05,-0.000946423,0.00023798,0.000642597,0.00235892,0.00156278,0.00159359,-1.58262e-05,-0.000837722,-0.00134207,-0.00166274,0.00156085,0.0258964,0.00168647,0.000817759,4.90115e-06,0.000165395,-0.000841706,0.00159431,0.0016883,0.0262174,0.00038889,4.54938e-05,3.91506e-05,-1.21526e-05,-1.62732e-05,0.000834916,0.000382003,0.0466489,
0.00368909,0.000690224,-0.000242791,-0.000946499,-0.000839019,5.33558e-06,4.46042e-05,0.00069025,0.0010958,0.00102224,0.000237874,-0.00134336,0.000165787,3.79302e-05,-0.000242697,0.00102234,0.00396401,0.000642469,-0.00166249,-0.000841921,-1.32216e-05,-0.000946433,0.000237978,0.000642596,0.00235892,0.00156278,0.00159359,-1.58261e-05,-0.000837714,-0.00134206,-0.00166274,0.00156086,0.0258963,0.00168646,0.000817762,4.907e-06,0.000165397,-0.000841706,0.00159431,0.0016883,0.0262174,0.000388902,4.54946e-05,3.91513e-05,-1.21525e-05,-1.62731e-05,0.00083492,0.000382015,0.0466489,
0.00368908,0.000690221,-0.000242786,-0.000946508,-0.000839011,5.34143e-06,4.46052e-05,0.000690247,0.0010958,0.00102224,0.000237872,-0.00134336,0.000165789,3.79313e-05,-0.000242692,0.00102234,0.00396401,0.000642468,-0.0016625,-0.00084192,-1.32214e-05,-0.000946442,0.000237975,0.000642594,0.00235893,0.00156278,0.00159359,-1.58259e-05,-0.000837707,-0.00134206,-0.00166274,0.00156086,0.0258963,0.00168646,0.000817768,4.91286e-06,0.000165399,-0.000841706,0.00159431,0.0016883,0.0262174,0.00038892,4.54956e-05,3.91524e-05,-1.21523e-05,-1.62729e-05,0.000834925,0.000382032,0.0466488,
0.00368907,0.000690218,-0.000242781,-0.000946518,-0.000839004,5.3473e-06,4.46064e-05,0.000690244,0.0010958,0.00102224,0.000237869,-0.00134336,0.000165791,3.79326e-05,-0.000242687,0.00102234,0.00396401,0.000642466,-0.0016625,-0.00084192,-1.32212e-05,-0.000946452,0.000237973,0.000642593,0.00235893,0.00156278,0.00159359,-1.58255e-05,-0.000837699,-0.00134206,-0.00166275,0.00156086,0.0258963,0.00168646,0.000817775,4.91872e-06,0.000165401,-0.000841706,0.00159431,0.00168829,0.0262174,0.000388942,4.54968e-05,3.91537e-05,-1.21522e-05,-1.62725e-05,0.000834932,0.000382054,0.0466488,
0.00368905,0.000690215,-0.000242776,-0.000946528,-0.000838997,5.35316e-06,4.46077e-05,0.000690241,0.0010958,0.00102224,0.000237867,-0.00134336,0.000165793,3.7934e-05,-0.000242682,0.00102234,0.00396402,0.000642465,-0.0016625,-0.00084192,-1.3221e-05,-0.000946462,0.00023797,0.000642591,0.00235894,0.00156278,0.00159359,-1.5825e-05,-0.000837692,-0.00134206,-0.00166275,0.00156086,0.0258963,0.00168646,0.000817783,4.9246e-06,0.000165402,-0.000841706,0.00159431,0.00168829,0.0262174,0.000388966,4.5498e-05,3.91551e-05,-1.2152e-05,-1.62721e-05,0.00083494,0.000382079,0.0466488,
0.00368904,0.000690212,-0.000242771,-0.000946537,-0.000838989,5.35902e-06,4.4609e-05,0.000690237,0.0010958,0.00102224,0.000237864,-0.00134335,0.000165794,3.79356e-05,-0.000242677,0.00102234,0.00396402,0.000642464,-0.0016625,-0.00084192,-1.32208e-05,-0.000946471,0.000237968,0.00064259,0.00235894,0.00156279,0.00159359,-1.58245e-05,-0.000837685,-0.00134206,-0.00166275,0.00156086,0.0258963,0.00168645,0.000817792,4.93047e-06,0.000165404,-0.000841706,0.00159431,0.00168829,0.0262174,0.000388993,4.54994e-05,3.91567e-05,-1.21518e-05,-1.62715e-05,0.000834949,0.000382106,0.0466488,
0.00368903,0.000690209,-0.000242766,-0.000946547,-0.000838982,5.36488e-06,4.46105e-05,0.000690234,0.0010958,0.00102225,0.000237862,-0.00134335,0.000165796,3.79372e-05,-0.000242672,0.00102234,0.00396402,0.000642462,-0.0016625,-0.00084192,-1.32206e-05,-0.000946481,0.000237965,0.000642589,0.00235895,0.00156279,0.00159359,-1.5824e-05,-0.000837678,-0.00134206,-0.00166275,0.00156086,0.0258963,0.00168645,0.000817801,4.93634e-06,0.000165406,-0.000841705,0.00159431,0.00168828,0.0262174,0.000389021,4.55008e-05,3.91583e-05,-1.21516e-05,-1.6271e-05,0.000834957,0.000382133,0.0466488,
0.00368902,0.000690206,-0.000242761,-0.000946556,-0.000838975,5.37074e-06,4.46119e-05,0.000690231,0.0010958,0.00102225,0.00023786,-0.00134335,0.000165798,3.79389e-05,-0.000242667,0.00102234,0.00396402,0.000642461,-0.0016625,-0.000841919,-1.32204e-05,-0.00094649,0.000237963,0.000642587,0.00235895,0.00156279,0.00159359,-1.58234e-05,-0.000837671,-0.00134206,-0.00166275,0.00156086,0.0258963,0.00168645,0.000817811,4.94221e-06,0.000165408,-0.000841705,0.00159431,0.00168828,0.0262174,0.000389049,4.55022e-05,3.91599e-05,-1.21514e-05,-1.62704e-05,0.000834966,0.000382161,0.0466488,
0.00368901,0.000690203,-0.000242756,-0.000946565,-0.000838968,5.37659e-06,4.46133e-05,0.000690228,0.0010958,0.00102225,0.000237857,-0.00134335,0.0001658,3.79405e-05,-0.000242662,0.00102235,0.00396402,0.000642459,-0.0016625,-0.000841919,-1.32202e-05,-0.0009465,0.00023796,0.000642586,0.00235896,0.00156279,0.00159359,-1.58229e-05,-0.000837664,-0.00134205,-0.00166275,0.00156086,0.0258963,0.00168644,0.00081782,4.94807e-06,0.00016541,-0.000841705,0.00159431,0.00168828,0.0262174,0.000389076,4.55036e-05,3.91615e-05,-1.21512e-05,-1.62698e-05,0.000834975,0.000382189,0.0466488,
0.003689,0.0006902,-0.000242751,-0.000946575,-0.000838961,5.38243e-06,4.46147e-05,0.000690225,0.00109579,0.00102225,0.000237855,-0.00134335,0.000165801,3.79421e-05,-0.000242657,0.00102235,0.00396402,0.000642458,-0.0016625,-0.000841919,-1.322e-05,-0.000946509,0.000237958,0.000642585,0.00235896,0.00156279,0.00159359,-1.58223e-05,-0.000837657,-0.00134205,-0.00166275,0.00156086,0.0258963,0.00168644,0.000817829,4.95393e-06,0.000165411,-0.000841704,0.00159431,0.00168827,0.0262174,0.000389104,4.5505e-05,3.91631e-05,-1.2151e-05,-1.62693e-05,0.000834984,0.000382217,0.0466488,
0.00368899,0.000690197,-0.000242746,-0.000946584,-0.000838954,5.38826e-06,4.46161e-05,0.000690222,0.00109579,0.00102225,0.000237852,-0.00134335,0.000165803,3.79437e-05,-0.000242652,0.00102235,0.00396402,0.000642457,-0.0016625,-0.000841918,-1.32198e-05,-0.000946518,0.000237956,0.000642583,0.00235897,0.00156279,0.00159359,-1.58218e-05,-0.00083765,-0.00134205,-0.00166275,0.00156086,0.0258963,0.00168644,0.000817838,4.95977e-06,0.000165413,-0.000841704,0.00159431,0.00168827,0.0262174,0.00038913,4.55063e-05,3.91646e-05,-1.21509e-05,-1.62688e-05,0.000834992,0.000382243,0.0466488,
0.00368897,0.000690193,-0.000242741,-0.000946594,-0.000838947,5.39408e-06,4.46174e-05,0.000690219,0.00109579,0.00102225,0.00023785,-0.00134335,0.000165805,3.79451e-05,-0.000242647,0.00102235,0.00396402,0.000642455,-0.0016625,-0.000841918,-1.32196e-05,-0.000946528,0.000237953,0.000642582,0.00235897,0.00156279,0.00159359,-1.58213e-05,-0.000837643,-0.00134205,-0.00166275,0.00156086,0.0258963,0.00168644,0.000817846,4.96561e-06,0.000165415,-0.000841704,0.00159431,0.00168827,0.0262174,0.000389155,4.55076e-05,3.9166e-05,-1.21507e-05,-1.62683e-05,0.000835001,0.000382269,0.0466488,
0.00368896,0.00069019,-0.000242736,-0.000946603,-0.00083894,5.3999e-06,4.46186e-05,0.000690216,0.00109579,0.00102225,0.000237847,-0.00134335,0.000165807,3.79466e-05,-0.000242642,0.00102235,0.00396402,0.000642454,-0.00166251,-0.000841918,-1.32194e-05,-0.000946537,0.000237951,0.000642581,0.00235898,0.00156279,0.00159359,-1.58209e-05,-0.000837635,-0.00134205,-0.00166275,0.00156086,0.0258963,0.00168643,0.000817854,4.97144e-06,0.000165417,-0.000841704,0.00159431,0.00168826,0.0262174,0.000389179,4.55088e-05,3.91674e-05,-1.21505e-05,-1.62678e-05,0.000835008,0.000382293,0.0466488,
0.00368895,0.000690187,-0.000242731,-0.000946612,-0.000838933,5.40571e-06,4.46198e-05,0.000690213,0.00109579,0.00102225,0.000237845,-0.00134335,0.000165808,3.79479e-05,-0.000242637,0.00102235,0.00396402,0.000642453,-0.00166251,-0.000841918,-1.32193e-05,-0.000946546,0.000237948,0.000642579,0.00235898,0.00156279,0.00159359,-1.58205e-05,-0.000837628,-0.00134205,-0.00166276,0.00156086,0.0258963,0.00168643,0.000817862,4.97726e-06,0.000165418,-0.000841703,0.00159431,0.00168826,0.0262174,0.000389201,4.551e-05,3.91687e-05,-1.21504e-05,-1.62674e-05,0.000835015,0.000382315,0.0466488,
0.00368894,0.000690184,-0.000242726,-0.000946621,-0.000838925,5.4115e-06,4.46209e-05,0.00069021,0.00109579,0.00102225,0.000237843,-0.00134334,0.00016581,3.79491e-05,-0.000242632,0.00102235,0.00396402,0.000642451,-0.00166251,-0.000841917,-1.32191e-05,-0.000946556,0.000237946,0.000642578,0.00235898,0.00156279,0.00159359,-1.58201e-05,-0.000837621,-0.00134205,-0.00166276,0.00156086,0.0258962,0.00168643,0.000817869,4.98307e-06,0.00016542,-0.000841703,0.00159431,0.00168826,0.0262174,0.000389222,4.55111e-05,3.91699e-05,-1.21502e-05,-1.62671e-05,0.000835022,0.000382336,0.0466488,
0.00368893,0.000690181,-0.000242721,-0.000946631,-0.000838918,5.41729e-06,4.4622e-05,0.000690207,0.00109579,0.00102226,0.00023784,-0.00134334,0.000165812,3.79503e-05,-0.000242627,0.00102235,0.00396402,0.00064245,-0.00166251,-0.000841917,-1.32189e-05,-0.000946565,0.000237944,0.000642577,0.00235899,0.00156279,0.00159359,-1.58198e-05,-0.000837614,-0.00134205,-0.00166276,0.00156086,0.0258962,0.00168642,0.000817875,4.98887e-06,0.000165422,-0.000841703,0.00159431,0.00168826,0.0262174,0.000389242,4.55121e-05,3.91711e-05,-1.21501e-05,-1.62668e-05,0.000835028,0.000382356,0.0466488,
0.00368892,0.000690178,-0.000242716,-0.00094664,-0.000838911,5.42308e-06,4.4623e-05,0.000690204,0.00109579,0.00102226,0.000237838,-0.00134334,0.000165814,3.79514e-05,-0.000242622,0.00102236,0.00396402,0.000642449,-0.00166251,-0.000841917,-1.32188e-05,-0.000946574,0.000237941,0.000642575,0.00235899,0.00156279,0.00159359,-1.58195e-05,-0.000837607,-0.00134205,-0.00166276,0.00156087,0.0258962,0.00168642,0.000817881,4.99466e-06,0.000165423,-0.000841703,0.00159431,0.00168825,0.0262174,0.00038926,4.55131e-05,3.91721e-05,-1.215e-05,-1.62665e-05,0.000835034,0.000382374,0.0466488,
0.00368891,0.000690175,-0.000242711,-0.000946649,-0.000838904,5.42885e-06,4.46239e-05,0.000690201,0.00109579,0.00102226,0.000237836,-0.00134334,0.000165815,3.79524e-05,-0.000242617,0.00102236,0.00396402,0.000642447,-0.00166251,-0.000841917,-1.32187e-05,-0.000946583,0.000237939,0.000642574,0.002359,0.00156279,0.00159359,-1.58193e-05,-0.0008376,-0.00134204,-0.00166276,0.00156087,0.0258962,0.00168642,0.000817886,5.00044e-06,0.000165425,-0.000841702,0.00159431,0.00168825,0.0262174,0.000389276,4.5514e-05,3.91731e-05,-1.21499e-05,-1.62663e-05,0.000835039,0.000382391,0.0466488,
0.00368889,0.000690172,-0.000242707,-0.000946659,-0.000838896,5.43462e-06,4.46248e-05,0.000690198,0.00109579,0.00102226,0.000237833,-0.00134334,0.000165817,3.79533e-05,-0.000242612,0.00102236,0.00396402,0.000642446,-0.00166251,-0.000841916,-1.32185e-05,-0.000946593,0.000237936,0.000642573,0.002359,0.00156279,0.00159359,-1.58191e-05,-0.000837592,-0.00134204,-0.00166276,0.00156087,0.0258962,0.00168642,0.000817891,5.00622e-06,0.000165427,-0.000841702,0.00159431,0.00168825,0.0262174,0.000389291,4.55149e-05,3.9174e-05,-1.21498e-05,-1.62661e-05,0.000835043,0.000382406,0.0466488,
0.00368888,0.000690169,-0.000242702,-0.000946668,-0.000838889,5.44038e-06,4.46256e-05,0.000690195,0.00109579,0.00102226,0.000237831,-0.00134334,0.000165819,3.79541e-05,-0.000242607,0.00102236,0.00396402,0.000642445,-0.00166251,-0.000841916,-1.32184e-05,-0.000946602,0.000237934,0.000642571,0.00235901,0.00156279,0.00159359,-1.5819e-05,-0.000837585,-0.00134204,-0.00166276,0.00156087,0.0258962,0.00168641,0.000817896,5.01199e-06,0.000165429,-0.000841702,0.00159431,0.00168825,0.0262174,0.000389305,4.55157e-05,3.91748e-05,-1.21497e-05,-1.6266e-05,0.000835048,0.00038242,0.0466488,
