0.00376085,-0.000644625,-0.000366743,0.000501974,-0.00113676,0.000909664,-6.99278e-06,-0.000644625,0.00131355,-0.00073111,0.000968106,0.00102542,0.000379394,1.78183e-05,-0.000366743,-0.00073111,0.00239877,-0.000909624,-0.000597308,0.0011493,2.74376e-06,0.000501974,0.000968106,-0.000909624,0.00277323,-0.000402106,-0.00194211,0.000112373,-0.00113676,0.00102542,-0.000597308,-0.000402106,0.033057,0.00158881,-0.00133333,0.000909664,0.000379394,0.0011493,-0.00194211,0.00158881,0.0297685,0.000274794,-6.99278e-06,1.78183e-05,2.74377e-06,0.000112373,-0.00133333,0.000274794,0.0466678,
0.00376048,-0.00064477,-0.000366722,0.000502188,-0.0011368,0.000909565,-6.92864e-06,-0.00064477,0.00131368,-0.000731224,0.000967952,0.0010255,0.000379099,1.78116e-05,-0.000366722,-0.000731224,0.00239862,-0.000909631,-0.000597835,0.00114918,2.79593e-06,0.000502188,0.000967952,-0.000909631,0.00277312,-0.000402547,-0.00194232,0.000112372,-0.0011368,0.0010255,-0.000597835,-0.000402547,0.0330556,0.00158856,-0.00133294,0.000909565,0.000379099,0.00114918,-0.00194232,0.00158856,0.0297679,0.000274903,-6.92864e-06,1.78116e-05,2.79593e-06,0.000112372,-0.00133294,0.000274903,0.0466678,
0.00376024,-0.00064487,-0.000366695,0.000502344,-0.00113679,0.000909527,-6.89626e-06,-0.00064487,0.00131376,-0.000731318,0.000967837,0.00102556,0.000378933,1.78103e-05,-0.000366695,-0.000731318,0.00239857,-0.000909646,-0.000598109,0.00114911,2.81801e-06,0.000502344,0.000967837,-0.000909646,0.00277302,-0.000402778,-0.00194244,0.000112374,-0.00113679,0.00102556,-0.000598109,-0.000402778,0.033055,0.00158848,-0.00133277,0.000909527,0.000378933,0.00114911,-0.00194244,0.00158848,0.0297677,0.000275015,-6.89626e-06,1.78103e-05,2.81801e-06,0.000112374,-0.00133277,0.000275015,0.0466677,
0.00376007,-0.000644938,-0.000366656,0.000502461,-0.00113677,0.000909512,-6.8801e-06,-0.000644938,0.00131382,-0.00073139,0.000967754,0.0010256,0.000378839,1.78122e-05,-0.000366656,-0.00073139,0.00239854,-0.00090966,-0.000598254,0.00114906,2.82511e-06,0.000502461,0.000967754,-0.00090966,0.00277295,-0.000402902,-0.00194251,0.000112378,-0.00113677,0.0010256,-0.000598254,-0.000402902,0.0330547,0.00158849,-0.0013327,0.000909512,0.000378839,0.00114906,-0.00194251,0.00158849,0.0297676,0.000275143,-6.8801e-06,1.78122e-05,2.82511e-06,0.000112378,-0.0013327,0.000275143,0.0466677,
0.00375995,-0.000644982,-0.000366609,0.000502553,-0.00113675,0.000909503,-6.87233e-06,-0.000644982,0.00131385,-0.000731445,0.000967694,0.00102563,0.000378786,1.7816e-05,-0.000366609,-0.000731445,0.00239853,-0.00090967,-0.000598337,0.00114903,2.82439e-06,0.000502553,0.000967694,-0.00090967,0.00277291,-0.000402968,-0.00194256,0.000112383,-0.00113675,0.00102563,-0.000598337,-0.000402968,0.0330546,0.00158855,-0.00133268,0.000909503,0.000378786,0.00114903,-0.00194256,0.00158855,0.0297676,0.00027529,-6.87233e-06,1.7816e-05,2.82439e-06,0.000112383,-0.00133268,0.00027529,0.0466677,
0.00375986,-0.00064501,-0.000366556,0.000502627,-0.00113673,0.000909498,-6.86904e-06,-0.00064501,0.00131388,-0.000731489,0.000967649,0.00102566,0.000378756,1.78213e-05,-0.000366556,-0.000731489,0.00239853,-0.000909677,-0.000598388,0.00114901,2.81927e-06,0.000502627,0.000967649,-0.000909677,0.00277288,-0.000403003,-0.00194259,0.000112389,-0.00113673,0.00102566,-0.000598388,-0.000403003,0.0330545,0.00158864,-0.00133268,0.000909498,0.000378756,0.00114901,-0.00194259,0.00158864,0.0297676,0.000275459,-6.86904e-06,1.78213e-05,2.81927e-06,0.000112389,-0.00133268,0.000275459,0.0466677,
0.00375979,-0.000645028,-0.000366502,0.000502689,-0.00113672,0.000909494,-6.86821e-06,-0.000645028,0.00131389,-0.000731523,0.000967616,0.00102567,0.000378741,1.78276e-05,-0.000366502,-0.000731523,0.00239853,-0.000909681,-0.000598423,0.00114899,2.81149e-06,0.000502689,0.000967616,-0.000909681,0.00277285,-0.00040302,-0.00194261,0.000112396,-0.00113672,0.00102567,-0.000598423,-0.00040302,0.0330545,0.00158875,-0.0013327,0.000909494,0.000378741,0.00114899,-0.00194261,0.00158875,0.0297676,0.000275647,-6.86821e-06,1.78276e-05,2.81149e-06,0.000112396,-0.0013327,0.000275647,0.0466676,
0.00375974,-0.000645038,-0.000366447,0.000502741,-0.00113671,0.00090949,-6.86873e-06,-0.000645038,0.00131391,-0.000731552,0.00096759,0.00102569,0.000378734,1.78347e-05,-0.000366447,-0.000731552,0.00239853,-0.000909684,-0.000598449,0.00114899,2.80198e-06,0.000502741,0.00096759,-0.000909684,0.00277284,-0.000403026,-0.00194262,0.000112404,-0.00113671,0.00102569,-0.000598449,-0.000403026,0.0330545,0.00158887,-0.00133272,0.00090949,0.000378734,0.00114899,-0.00194262,0.00158887,0.0297676,0.000275854,-6.86873e-06,1.78347e-05,2.80198e-06,0.000112404,-0.00133272,0.000275854,0.0466676,
0.0037597,-0.000645044,-0.000366393,0.000502786,-0.00113671,0.000909487,-6.87e-06,-0.000645044,0.00131391,-0.000731575,0.00096757,0.0010257,0.000378732,1.78425e-05,-0.000366393,-0.000731575,0.00239854,-0.000909686,-0.00059847,0.00114899,2.79126e-06,0.000502786,0.00096757,-0.000909686,0.00277283,-0.000403026,-0.00194262,0.000112413,-0.00113671,0.0010257,-0.00059847,-0.000403026,0.0330545,0.00158899,-0.00133275,0.000909487,0.000378732,0.00114899,-0.00194262,0.00158899,0.0297677,0.000276078,-6.87e-06,1.78425e-05,2.79126e-06,0.000112413,-0.00133275,0.000276078,0.0466675,
0.00375966,-0.000645047,-0.000366342,0.000502826,-0.00113671,0.000909485,-6.87167e-06,-0.000645047,0.00131392,-0.000731595,0.000967554,0.0010257,0.000378733,1.78509e-05,-0.000366342,-0.000731595,0.00239854,-0.000909687,-0.000598489,0.00114899,2.77966e-06,0.000502826,0.000967554,-0.000909687,0.00277283,-0.000403021,-0.00194262,0.000112422,-0.00113671,0.0010257,-0.000598489,-0.000403021,0.0330545,0.00158913,-0.00133278,0.000909485,0.000378733,0.00114899,-0.00194262,0.00158913,0.0297677,0.000276318,-6.87167e-06,1.78509e-05,2.77966e-06,0.000112422,-0.00133278,0.000276318,0.0466675,
0.00375963,-0.000645048,-0.000366293,0.000502861,-0.00113672,0.000909483,-6.87353e-06,-0.000645048,0.00131392,-0.000731612,0.000967541,0.00102571,0.000378735,1.78598e-05,-0.000366293,-0.000731612,0.00239855,-0.000909687,-0.000598506,0.001149,2.76739e-06,0.000502861,0.000967541,-0.000909687,0.00277283,-0.000403014,-0.00194262,0.000112433,-0.00113672,0.00102571,-0.000598506,-0.000403014,0.0330545,0.00158927,-0.00133281,0.000909483,0.000378735,0.001149,-0.00194262,0.00158927,0.0297678,0.000276572,-6.87353e-06,1.78598e-05,2.76739e-06,0.000112433,-0.00133281,0.000276572,0.0466674,
0.0037596,-0.000645048,-0.000366248,0.000502893,-0.00113672,0.000909481,-6.87546e-06,-0.000645048,0.00131392,-0.000731627,0.000967531,0.00102571,0.000378738,1.78692e-05,-0.000366248,-0.000731627,0.00239855,-0.000909687,-0.000598521,0.00114901,2.75456e-06,0.000502893,0.000967531,-0.000909687,0.00277282,-0.000403004,-0.00194262,0.000112443,-0.00113672,0.00102571,-0.000598521,-0.000403004,0.0330545,0.00158942,-0.00133284,0.000909481,0.000378738,0.00114901,-0.00194262,0.00158942,0.0297678,0.00027684,-6.87546e-06,1.78692e-05,2.75456e-06,0.000112443,-0.00133284,0.00027684,0.0466674,
0.00375958,-0.000645047,-0.000366206,0.000502921,-0.00113673,0.00090948,-6.87739e-06,-0.000645047,0.00131392,-0.000731641,0.000967521,0.00102571,0.000378742,1.7879e-05,-0.000366206,-0.000731641,0.00239855,-0.000909687,-0.000598536,0.00114902,2.74129e-06,0.000502921,0.000967521,-0.000909687,0.00277282,-0.000402993,-0.00194262,0.000112455,-0.00113673,0.00102571,-0.000598536,-0.000402993,0.0330545,0.00158957,-0.00133286,0.00090948,0.000378742,0.00114902,-0.00194262,0.00158957,0.0297678,0.00027712,-6.87739e-06,1.7879e-05,2.74129e-06,0.000112455,-0.00133286,0.00027712,0.0466673,
0.00375956,-0.000645046,-0.000366167,0.000502947,-0.00113674,0.000909479,-6.87927e-06,-0.000645046,0.00131392,-0.000731652,0.000967513,0.00102572,0.000378745,1.78891e-05,-0.000366167,-0.000731652,0.00239856,-0.000909686,-0.000598551,0.00114902,2.72762e-06,0.000502947,0.000967513,-0.000909686,0.00277282,-0.000402981,-0.00194262,0.000112467,-0.00113674,0.00102572,-0.000598551,-0.000402981,0.0330545,0.00158972,-0.00133289,0.000909479,0.000378745,0.00114902,-0.00194262,0.00158972,0.0297679,0.000277411,-6.87927e-06,1.78891e-05,2.72762e-06,0.000112467,-0.00133289,0.000277411,0.0466673,
0.00375954,-0.000645045,-0.000366131,0.00050297,-0.00113675,0.000909478,-6.88109e-06,-0.000645045,0.00131392,-0.000731663,0.000967506,0.00102572,0.000378749,1.78996e-05,-0.000366131,-0.000731663,0.00239856,-0.000909686,-0.000598565,0.00114903,2.71361e-06,0.00050297,0.000967506,-0.000909686,0.00277282,-0.000402968,-0.00194262,0.000112479,-0.00113675,0.00102572,-0.000598565,-0.000402968,0.0330545,0.00158988,-0.00133292,0.000909478,0.000378749,0.00114903,-0.00194262,0.00158988,0.0297679,0.000277713,-6.88109e-06,1.78996e-05,2.71361e-06,0.000112479,-0.00133292,0.000277713,0.0466672,
0.00375952,-0.000645043,-0.000366098,0.000502992,-0.00113676,0.000909478,-6.88283e-06,-0.000645043,0.00131392,-0.000731673,0.0009675,0.00102572,0.000378752,1.79104e-05,-0.000366098,-0.000731673,0.00239856,-0.000909685,-0.00059858,0.00114904,2.6993e-06,0.000502992,0.0009675,-0.000909685,0.00277282,-0.000402955,-0.00194262,0.000112492,-0.00113676,0.00102572,-0.00059858,-0.000402955,0.0330545,0.00159005,-0.00133295,0.000909478,0.000378752,0.00114904,-0.00194262,0.00159005,0.029768,0.000278024,-6.88283e-06,1.79104e-05,2.6993e-06,0.000112492,-0.00133295,0.000278024,0.0466672,
0.0037595,-0.000645042,-0.000366067,0.000503012,-0.00113677,0.000909478,-6.88448e-06,-0.000645042,0.00131392,-0.000731682,0.000967494,0.00102572,0.000378755,1.79214e-05,-0.000366067,-0.000731682,0.00239856,-0.000909684,-0.000598594,0.00114904,2.68471e-06,0.000503012,0.000967494,-0.000909684,0.00277282,-0.000402941,-0.00194262,0.000112505,-0.00113677,0.00102572,-0.000598594,-0.000402941,0.0330545,0.00159022,-0.00133298,0.000909478,0.000378755,0.00114904,-0.00194262,0.00159022,0.029768,0.000278344,-6.88448e-06,1.79214e-05,2.68471e-06,0.000112505,-0.00133298,0.000278344,0.0466671,
0.00375949,-0.000645041,-0.000366039,0.00050303,-0.00113678,0.000909478,-6.88606e-06,-0.000645041,0.00131392,-0.00073169,0.000967488,0.00102572,0.000378757,1.79328e-05,-0.000366039,-0.00073169,0.00239857,-0.000909683,-0.000598608,0.00114905,2.66988e-06,0.00050303,0.000967488,-0.000909683,0.00277283,-0.000402927,-0.00194262,0.000112518,-0.00113678,0.00102572,-0.000598608,-0.000402927,0.0330544,0.00159039,-0.00133301,0.000909478,0.000378757,0.00114905,-0.00194262,0.00159039,0.0297681,0.000278673,-6.88606e-06,1.79328e-05,2.66988e-06,0.000112518,-0.00133301,0.000278673,0.046667,
0.00375948,-0.000645039,-0.000366014,0.000503047,-0.0011368,0.000909479,-6.88755e-06,-0.000645039,0.00131392,-0.000731697,0.000967484,0.00102572,0.000378759,1.79444e-05,-0.000366014,-0.000731697,0.00239857,-0.000909682,-0.000598622,0.00114905,2.65481e-06,0.000503047,0.000967484,-0.000909682,0.00277283,-0.000402912,-0.00194262,0.000112532,-0.0011368,0.00102572,-0.000598622,-0.000402912,0.0330544,0.00159057,-0.00133304,0.000909479,0.000378759,0.00114905,-0.00194262,0.00159057,0.0297681,0.000279009,-6.88755e-06,1.79444e-05,2.65481e-06,0.000112532,-0.00133304,0.000279009,0.046667,
0.00375946,-0.000645038,-0.00036599,0.000503063,-0.00113681,0.00090948,-6.88897e-06,-0.000645038,0.00131392,-0.000731704,0.000967479,0.00102572,0.000378761,1.79561e-05,-0.00036599,-0.000731704,0.00239857,-0.000909681,-0.000598637,0.00114906,2.63954e-06,0.000503063,0.000967479,-0.000909681,0.00277283,-0.000402897,-0.00194262,0.000112546,-0.00113681,0.00102572,-0.000598637,-0.000402897,0.0330544,0.00159075,-0.00133307,0.00090948,0.000378761,0.00114906,-0.00194262,0.00159075,0.0297682,0.000279352,-6.88897e-06,1.79561e-05,2.63954e-06,0.000112546,-0.00133307,0.000279352,0.0466669,
0.00375945,-0.000645037,-0.000365968,0.000503077,-0.00113682,0.000909481,-6.89031e-06,-0.000645037,0.00131392,-0.00073171,0.000967475,0.00102572,0.000378762,1.79682e-05,-0.000365968,-0.00073171,0.00239857,-0.00090968,-0.000598651,0.00114906,2.62407e-06,0.000503077,0.000967475,-0.00090968,0.00277283,-0.000402881,-0.00194262,0.00011256,-0.00113682,0.00102572,-0.000598651,-0.000402881,0.0330543,0.00159093,-0.00133309,0.000909481,0.000378762,0.00114906,-0.00194262,0.00159093,0.0297682,0.000279702,-6.89031e-06,1.79682e-05,2.62407e-06,0.00011256,-0.00133309,0.000279702,0.0466668,
0.00375944,-0.000645036,-0.000365949,0.000503091,-0.00113683,0.000909482,-6.89159e-06,-0.000645036,0.00131392,-0.000731716,0.000967471,0.00102572,0.000378763,1.79803e-05,-0.000365949,-0.000731716,0.00239857,-0.000909679,-0.000598665,0.00114907,2.60842e-06,0.000503091,0.000967471,-0.000909679,0.00277283,-0.000402866,-0.00194263,0.000112575,-0.00113683,0.00102572,-0.000598665,-0.000402866,0.0330543,0.00159111,-0.00133312,0.000909482,0.000378763,0.00114907,-0.00194263,0.00159111,0.0297682,0.000280058,-6.89159e-06,1.79803e-05,2.60842e-06,0.000112575,-0.00133312,0.000280058,0.0466667,
0.00375943,-0.000645036,-0.00036593,0.000503103,-0.00113684,0.000909484,-6.89281e-06,-0.000645036,0.00131392,-0.000731722,0.000967467,0.00102572,0.000378763,1.79927e-05,-0.00036593,-0.000731722,0.00239857,-0.000909678,-0.00059868,0.00114907,2.5926e-06,0.000503103,0.000967467,-0.000909678,0.00277283,-0.00040285,-0.00194263,0.000112589,-0.00113684,0.00102572,-0.00059868,-0.00040285,0.0330543,0.0015913,-0.00133315,0.000909484,0.000378763,0.00114907,-0.00194263,0.0015913,0.0297683,0.000280419,-6.89281e-06,1.79927e-05,2.5926e-06,0.000112589,-0.00133315,0.000280419,0.0466667,
0.00375942,-0.000645035,-0.000365913,0.000503115,-0.00113686,0.000909486,-6.89397e-06,-0.000645035,0.00131392,-0.000731727,0.000967464,0.00102572,0.000378764,1.80053e-05,-0.000365913,-0.000731727,0.00239858,-0.000909677,-0.000598694,0.00114907,2.57662e-06,0.000503115,0.000967464,-0.000909677,0.00277283,-0.000402834,-0.00194264,0.000112604,-0.00113686,0.00102572,-0.000598694,-0.000402834,0.0330542,0.00159149,-0.00133318,0.000909486,0.000378764,0.00114907,-0.00194264,0.00159149,0.0297683,0.000280786,-6.89397e-06,1.80053e-05,2.57662e-06,0.000112604,-0.00133318,0.000280786,0.0466666,
0.00375941,-0.000645035,-0.000365898,0.000503126,-0.00113687,0.000909487,-6.89508e-06,-0.000645035,0.00131392,-0.000731732,0.000967461,0.00102572,0.000378764,1.80179e-05,-0.000365898,-0.000731732,0.00239858,-0.000909676,-0.000598709,0.00114908,2.5605e-06,0.000503126,0.000967461,-0.000909676,0.00277283,-0.000402818,-0.00194264,0.00011262,-0.00113687,0.00102572,-0.000598709,-0.000402818,0.0330542,0.00159168,-0.00133321,0.000909487,0.000378764,0.00114908,-0.00194264,0.00159168,0.0297684,0.000281158,-6.89508e-06,1.80179e-05,2.5605e-06,0.00011262,-0.00133321,0.000281158,0.0466665,
0.0037594,-0.000645034,-0.000365884,0.000503136,-0.00113688,0.000909489,-6.89615e-06,-0.000645034,0.00131392,-0.000731736,0.000967458,0.00102572,0.000378764,1.80308e-05,-0.000365884,-0.000731736,0.00239858,-0.000909675,-0.000598723,0.00114908,2.54424e-06,0.000503136,0.000967458,-0.000909675,0.00277283,-0.000402801,-0.00194264,0.000112635,-0.00113688,0.00102572,-0.000598723,-0.000402801,0.0330541,0.00159187,-0.00133324,0.000909489,0.000378764,0.00114908,-0.00194264,0.00159187,0.0297684,0.000281534,-6.89615e-06,1.80308e-05,2.54424e-06,0.000112635,-0.00133324,0.000281534,0.0466665,
0.00375939,-0.000645034,-0.000365871,0.000503146,-0.00113689,0.000909491,-6.89717e-06,-0.000645034,0.00131392,-0.00073174,0.000967455,0.00102572,0.000378763,1.80437e-05,-0.000365871,-0.00073174,0.00239858,-0.000909674,-0.000598738,0.00114908,2.52785e-06,0.000503146,0.000967455,-0.000909674,0.00277282,-0.000402785,-0.00194265,0.000112651,-0.00113689,0.00102572,-0.000598738,-0.000402785,0.0330541,0.00159207,-0.00133327,0.000909491,0.000378763,0.00114908,-0.00194265,0.00159207,0.0297685,0.000281914,-6.89717e-06,1.80437e-05,2.52785e-06,0.000112651,-0.00133327,0.000281914,0.0466664,
0.00375939,-0.000645034,-0.000365858,0.000503155,-0.00113691,0.000909494,-6.89815e-06,-0.000645034,0.00131392,-0.000731744,0.000967452,0.00102572,0.000378763,1.80568e-05,-0.000365858,-0.000731744,0.00239858,-0.000909673,-0.000598752,0.00114908,2.51135e-06,0.000503155,0.000967452,-0.000909673,0.00277282,-0.000402768,-0.00194266,0.000112666,-0.00113691,0.00102572,-0.000598752,-0.000402768,0.033054,0.00159227,-0.0013333,0.000909494,0.000378763,0.00114908,-0.00194266,0.00159227,0.0297685,0.000282298,-6.89815e-06,1.80568e-05,2.51135e-06,0.000112666,-0.0013333,0.000282298,0.0466663,
0.00375938,-0.000645033,-0.000365847,0.000503164,-0.00113692,0.000909496,-6.8991e-06,-0.000645033,0.00131392,-0.000731748,0.000967449,0.00102572,0.000378762,1.807e-05,-0.000365847,-0.000731748,0.00239858,-0.000909672,-0.000598767,0.00114908,2.49473e-06,0.000503164,0.000967449,-0.000909672,0.00277282,-0.000402751,-0.00194266,0.000112682,-0.00113692,0.00102572,-0.000598767,-0.000402751,0.0330539,0.00159247,-0.00133333,0.000909496,0.000378762,0.00114908,-0.00194266,0.00159247,0.0297686,0.000282686,-6.8991e-06,1.807e-05,2.49473e-06,0.000112682,-0.00133333,0.000282686,0.0466662,
0.00375937,-0.000645033,-0.000365837,0.000503172,-0.00113693,0.000909499,-6.90002e-06,-0.000645033,0.00131392,-0.000731751,0.000967447,0.00102571,0.000378761,1.80833e-05,-0.000365837,-0.000731751,0.00239858,-0.000909671,-0.000598782,0.00114908,2.47801e-06,0.000503172,0.000967447,-0.000909671,0.00277282,-0.000402734,-0.00194267,0.000112698,-0.00113693,0.00102571,-0.000598782,-0.000402734,0.0330539,0.00159267,-0.00133336,0.000909499,0.000378761,0.00114908,-0.00194267,0.00159267,0.0297686,0.000283077,-6.90002e-06,1.80833e-05,2.47801e-06,0.000112698,-0.00133336,0.000283077,0.0466661,
0.00375936,-0.000645033,-0.000365827,0.00050318,-0.00113695,0.000909501,-6.90091e-06,-0.000645033,0.00131392,-0.000731755,0.000967444,0.00102571,0.00037876,1.80967e-05,-0.000365827,-0.000731755,0.00239858,-0.00090967,-0.000598797,0.00114908,2.46119e-06,0.00050318,0.000967444,-0.00090967,0.00277282,-0.000402717,-0.00194268,0.000112714,-0.00113695,0.00102571,-0.000598797,-0.000402717,0.0330538,0.00159287,-0.00133338,0.000909501,0.00037876,0.00114908,-0.00194268,0.00159287,0.0297687,0.00028347,-6.90091e-06,1.80967e-05,2.46119e-06,0.000112714,-0.00133338,0.00028347,0.0466661,
0.00375936,-0.000645033,-0.000365818,0.000503187,-0.00113696,0.000909504,-6.90177e-06,-0.000645033,0.00131392,-0.000731758,0.000967442,0.00102571,0.000378758,1.81102e-05,-0.000365818,-0.000731758,0.00239858,-0.000909669,-0.000598811,0.00114908,2.44429e-06,0.000503187,0.000967442,-0.000909669,0.00277282,-0.0004027,-0.00194268,0.00011273,-0.00113696,0.00102571,-0.000598811,-0.0004027,0.0330538,0.00159307,-0.00133341,0.000909504,0.000378758,0.00114908,-0.00194268,0.00159307,0.0297687,0.000283867,-6.90177e-06,1.81102e-05,2.44429e-06,0.00011273,-0.00133341,0.000283867,0.046666,
0.00375935,-0.000645033,-0.000365809,0.000503194,-0.00113697,0.000909506,-6.90261e-06,-0.000645033,0.00131393,-0.000731761,0.00096744,0.00102571,0.000378757,1.81238e-05,-0.000365809,-0.000731761,0.00239858,-0.000909668,-0.000598826,0.00114908,2.4273e-06,0.000503194,0.00096744,-0.000909668,0.00277282,-0.000402683,-0.00194269,0.000112747,-0.00113697,0.00102571,-0.000598826,-0.000402683,0.0330537,0.00159328,-0.00133344,0.000909506,0.000378757,0.00114908,-0.00194269,0.00159328,0.0297688,0.000284267,-6.90261e-06,1.81238e-05,2.4273e-06,0.000112747,-0.00133344,0.000284267,0.0466659,
0.00375934,-0.000645033,-0.000365802,0.000503201,-0.00113699,0.000909509,-6.90343e-06,-0.000645033,0.00131393,-0.000731764,0.000967438,0.00102571,0.000378755,1.81374e-05,-0.000365802,-0.000731764,0.00239858,-0.000909666,-0.000598841,0.00114908,2.41023e-06,0.000503201,0.000967438,-0.000909666,0.00277282,-0.000402665,-0.0019427,0.000112763,-0.00113699,0.00102571,-0.000598841,-0.000402665,0.0330536,0.00159348,-0.00133347,0.000909509,0.000378755,0.00114908,-0.0019427,0.00159348,0.0297688,0.000284669,-6.90343e-06,1.81374e-05,2.41023e-06,0.000112763,-0.00133347,0.000284669,0.0466658,
0.00375934,-0.000645034,-0.000365794,0.000503208,-0.001137,0.000909512,-6.90423e-06,-0.000645034,0.00131393,-0.000731766,0.000967435,0.00102571,0.000378754,1.81511e-05,-0.000365794,-0.000731766,0.00239858,-0.000909665,-0.000598856,0.00114908,2.39309e-06,0.000503208,0.000967435,-0.000909665,0.00277282,-0.000402648,-0.0019427,0.00011278,-0.001137,0.00102571,-0.000598856,-0.000402648,0.0330536,0.00159369,-0.0013335,0.000909512,0.000378754,0.00114908,-0.0019427,0.00159369,0.0297689,0.000285073,-6.90423e-06,1.81511e-05,2.39309e-06,0.00011278,-0.0013335,0.000285073,0.0466657,
0.00375933,-0.000645034,-0.000365787,0.000503214,-0.00113701,0.000909515,-6.90502e-06,-0.000645034,0.00131393,-0.000731769,0.000967433,0.0010257,0.000378752,1.81649e-05,-0.000365787,-0.000731769,0.00239858,-0.000909664,-0.000598871,0.00114908,2.37588e-06,0.000503214,0.000967433,-0.000909664,0.00277282,-0.00040263,-0.00194271,0.000112796,-0.00113701,0.0010257,-0.000598871,-0.00040263,0.0330535,0.0015939,-0.00133353,0.000909515,0.000378752,0.00114908,-0.00194271,0.0015939,0.0297689,0.000285479,-6.90502e-06,1.81649e-05,2.37588e-06,0.000112796,-0.00133353,0.000285479,0.0466657,
0.00375932,-0.000645034,-0.000365781,0.00050322,-0.00113703,0.000909518,-6.90579e-06,-0.000645034,0.00131393,-0.000731772,0.000967431,0.0010257,0.00037875,1.81788e-05,-0.000365781,-0.000731772,0.00239858,-0.000909663,-0.000598886,0.00114908,2.35861e-06,0.00050322,0.000967431,-0.000909663,0.00277282,-0.000402613,-0.00194272,0.000112813,-0.00113703,0.0010257,-0.000598886,-0.000402613,0.0330535,0.0015941,-0.00133356,0.000909518,0.00037875,0.00114908,-0.00194272,0.0015941,0.0297689,0.000285887,-6.90579e-06,1.81788e-05,2.35861e-06,0.000112813,-0.00133356,0.000285887,0.0466656,
0.00375932,-0.000645034,-0.000365775,0.000503226,-0.00113704,0.000909521,-6.90654e-06,-0.000645034,0.00131393,-0.000731774,0.000967429,0.0010257,0.000378748,1.81927e-05,-0.000365775,-0.000731774,0.00239858,-0.000909662,-0.000598901,0.00114908,2.34128e-06,0.000503226,0.000967429,-0.000909662,0.00277282,-0.000402595,-0.00194273,0.00011283,-0.00113704,0.0010257,-0.000598901,-0.000402595,0.0330534,0.00159431,-0.00133359,0.000909521,0.000378748,0.00114908,-0.00194273,0.00159431,0.029769,0.000286297,-6.90654e-06,1.81927e-05,2.34128e-06,0.00011283,-0.00133359,0.000286297,0.0466655,
0.00375931,-0.000645035,-0.000365769,0.000503232,-0.00113706,0.000909524,-6.90728e-06,-0.000645035,0.00131393,-0.000731776,0.000967428,0.0010257,0.000378746,1.82067e-05,-0.000365769,-0.000731776,0.00239858,-0.000909661,-0.000598916,0.00114908,2.3239e-06,0.000503232,0.000967428,-0.000909661,0.00277282,-0.000402577,-0.00194274,0.000112847,-0.00113706,0.0010257,-0.000598916,-0.000402577,0.0330533,0.00159452,-0.00133362,0.000909524,0.000378746,0.00114908,-0.00194274,0.00159452,0.029769,0.000286709,-6.90728e-06,1.82067e-05,2.3239e-06,0.000112847,-0.00133362,0.000286709,0.0466654,
0.00375931,-0.000645035,-0.000365764,0.000503237,-0.00113707,0.000909527,-6.90801e-06,-0.000645035,0.00131393,-0.000731779,0.000967426,0.0010257,0.000378744,1.82207e-05,-0.000365764,-0.000731779,0.00239858,-0.00090966,-0.000598931,0.00114908,2.30646e-06,0.000503237,0.000967426,-0.00090966,0.00277282,-0.000402559,-0.00194275,0.000112864,-0.00113707,0.0010257,-0.000598931,-0.000402559,0.0330533,0.00159473,-0.00133365,0.000909527,0.000378744,0.00114908,-0.00194275,0.00159473,0.0297691,0.000287122,-6.90801e-06,1.82207e-05,2.30646e-06,0.000112864,-0.00133365,0.000287122,0.0466653,
0.0037593,-0.000645036,-0.000365758,0.000503242,-0.00113708,0.00090953,-6.90873e-06,-0.000645036,0.00131393,-0.000731781,0.000967424,0.0010257,0.000378742,1.82347e-05,-0.000365758,-0.000731781,0.00239858,-0.000909659,-0.000598946,0.00114908,2.28897e-06,0.000503242,0.000967424,-0.000909659,0.00277281,-0.000402542,-0.00194275,0.000112881,-0.00113708,0.0010257,-0.000598946,-0.000402542,0.0330532,0.00159494,-0.00133368,0.00090953,0.000378742,0.00114908,-0.00194275,0.00159494,0.0297691,0.000287537,-6.90873e-06,1.82347e-05,2.28897e-06,0.000112881,-0.00133368,0.000287537,0.0466652,
0.0037593,-0.000645036,-0.000365753,0.000503248,-0.0011371,0.000909533,-6.90944e-06,-0.000645036,0.00131393,-0.000731783,0.000967422,0.00102569,0.00037874,1.82488e-05,-0.000365753,-0.000731783,0.00239858,-0.000909658,-0.000598961,0.00114908,2.27145e-06,0.000503248,0.000967422,-0.000909658,0.00277281,-0.000402524,-0.00194276,0.000112898,-0.0011371,0.00102569,-0.000598961,-0.000402524,0.0330531,0.00159516,-0.00133371,0.000909533,0.00037874,0.00114908,-0.00194276,0.00159516,0.0297692,0.000287953,-6.90944e-06,1.82488e-05,2.27145e-06,0.000112898,-0.00133371,0.000287953,0.0466651,
0.00375929,-0.000645036,-0.000365749,0.000503253,-0.00113711,0.000909536,-6.91014e-06,-0.000645036,0.00131393,-0.000731785,0.00096742,0.00102569,0.000378738,1.8263e-05,-0.000365749,-0.000731785,0.00239858,-0.000909656,-0.000598977,0.00114908,2.25387e-06,0.000503253,0.00096742,-0.000909656,0.00277281,-0.000402506,-0.00194277,0.000112915,-0.00113711,0.00102569,-0.000598977,-0.000402506,0.0330531,0.00159537,-0.00133374,0.000909536,0.000378738,0.00114908,-0.00194277,0.00159537,0.0297692,0.00028837,-6.91014e-06,1.8263e-05,2.25387e-06,0.000112915,-0.00133374,0.00028837,0.0466651,
0.00375929,-0.000645037,-0.000365744,0.000503258,-0.00113713,0.000909539,-6.91084e-06,-0.000645037,0.00131393,-0.000731787,0.000967419,0.00102569,0.000378736,1.82772e-05,-0.000365744,-0.000731787,0.00239858,-0.000909655,-0.000598992,0.00114908,2.23627e-06,0.000503258,0.000967419,-0.000909655,0.00277281,-0.000402488,-0.00194278,0.000112932,-0.00113713,0.00102569,-0.000598992,-0.000402488,0.033053,0.00159558,-0.00133377,0.000909539,0.000378736,0.00114908,-0.00194278,0.00159558,0.0297693,0.000288788,-6.91084e-06,1.82772e-05,2.23627e-06,0.000112932,-0.00133377,0.000288788,0.046665,
0.00375928,-0.000645037,-0.00036574,0.000503263,-0.00113714,0.000909543,-6.91153e-06,-0.000645037,0.00131393,-0.000731789,0.000967417,0.00102569,0.000378733,1.82914e-05,-0.00036574,-0.000731789,0.00239858,-0.000909654,-0.000599007,0.00114908,2.21862e-06,0.000503263,0.000967417,-0.000909654,0.00277281,-0.000402469,-0.00194279,0.000112949,-0.00113714,0.00102569,-0.000599007,-0.000402469,0.0330529,0.0015958,-0.0013338,0.000909543,0.000378733,0.00114908,-0.00194279,0.0015958,0.0297693,0.000289208,-6.91153e-06,1.82914e-05,2.21862e-06,0.000112949,-0.0013338,0.000289208,0.0466649,
0.00375927,-0.000645038,-0.000365736,0.000503267,-0.00113715,0.000909546,-6.91221e-06,-0.000645038,0.00131393,-0.000731791,0.000967415,0.00102569,0.000378731,1.83056e-05,-0.000365736,-0.000731791,0.00239858,-0.000909653,-0.000599022,0.00114908,2.20094e-06,0.000503267,0.000967415,-0.000909653,0.00277281,-0.000402451,-0.0019428,0.000112966,-0.00113715,0.00102569,-0.000599022,-0.000402451,0.0330528,0.00159601,-0.00133383,0.000909546,0.000378731,0.00114908,-0.0019428,0.00159601,0.0297694,0.000289628,-6.91221e-06,1.83056e-05,2.20094e-06,0.000112966,-0.00133383,0.000289628,0.0466648,
0.00375927,-0.000645038,-0.000365732,0.000503272,-0.00113717,0.000909549,-6.91289e-06,-0.000645038,0.00131393,-0.000731793,0.000967414,0.00102568,0.000378729,1.83199e-05,-0.000365732,-0.000731793,0.00239858,-0.000909652,-0.000599037,0.00114907,2.18323e-06,0.000503272,0.000967414,-0.000909652,0.00277281,-0.000402433,-0.00194281,0.000112983,-0.00113717,0.00102568,-0.000599037,-0.000402433,0.0330528,0.00159622,-0.00133386,0.000909549,0.000378729,0.00114907,-0.00194281,0.00159622,0.0297694,0.000290049,-6.91289e-06,1.83199e-05,2.18323e-06,0.000112983,-0.00133386,0.000290049,0.0466647,
0.00375926,-0.000645039,-0.000365728,0.000503277,-0.00113718,0.000909553,-6.91356e-06,-0.000645039,0.00131393,-0.000731795,0.000967412,0.00102568,0.000378726,1.83342e-05,-0.000365728,-0.000731795,0.00239858,-0.000909651,-0.000599053,0.00114907,2.16549e-06,0.000503277,0.000967412,-0.000909651,0.00277281,-0.000402415,-0.00194281,0.000113001,-0.00113718,0.00102568,-0.000599053,-0.000402415,0.0330527,0.00159644,-0.00133389,0.000909553,0.000378726,0.00114907,-0.00194281,0.00159644,0.0297695,0.000290471,-6.91356e-06,1.83342e-05,2.16549e-06,0.000113001,-0.00133389,0.000290471,0.0466646,
0.00375926,-0.000645039,-0.000365724,0.000503281,-0.0011372,0.000909556,-6.91423e-06,-0.000645039,0.00131393,-0.000731797,0.00096741,0.00102568,0.000378724,1.83485e-05,-0.000365724,-0.000731797,0.00239858,-0.00090965,-0.000599068,0.00114907,2.14772e-06,0.000503281,0.00096741,-0.00090965,0.00277281,-0.000402397,-0.00194282,0.000113018,-0.0011372,0.00102568,-0.000599068,-0.000402397,0.0330526,0.00159665,-0.00133392,0.000909556,0.000378724,0.00114907,-0.00194282,0.00159665,0.0297695,0.000290894,-6.91423e-06,1.83485e-05,2.14772e-06,0.000113018,-0.00133392,0.000290894,0.0466645,
0.00375925,-0.00064504,-0.000365721,0.000503286,-0.00113721,0.000909559,-6.91489e-06,-0.00064504,0.00131394,-0.000731799,0.000967409,0.00102568,0.000378721,1.83629e-05,-0.000365721,-0.000731799,0.00239858,-0.000909649,-0.000599083,0.00114907,2.12993e-06,0.000503286,0.000967409,-0.000909649,0.0027728,-0.000402378,-0.00194283,0.000113036,-0.00113721,0.00102568,-0.000599083,-0.000402378,0.0330526,0.00159687,-0.00133395,0.000909559,0.000378721,0.00114907,-0.00194283,0.00159687,0.0297696,0.000291318,-6.91489e-06,1.83629e-05,2.12993e-06,0.000113036,-0.00133395,0.000291318,0.0466644,
0.00375925,-0.00064504,-0.000365717,0.00050329,-0.00113722,0.000909563,-6.91555e-06,-0.00064504,0.00131394,-0.000731801,0.000967407,0.00102568,0.000378719,1.83773e-05,-0.000365717,-0.000731801,0.00239858,-0.000909647,-0.000599098,0.00114907,2.11212e-06,0.00050329,0.000967407,-0.000909647,0.0027728,-0.00040236,-0.00194284,0.000113053,-0.00113722,0.00102568,-0.000599098,-0.00040236,0.0330525,0.00159708,-0.00133398,0.000909563,0.000378719,0.00114907,-0.00194284,0.00159708,0.0297696,0.000291742,-6.91555e-06,1.83773e-05,2.11212e-06,0.000113053,-0.00133398,0.000291742,0.0466644,
0.00375924,-0.000645041,-0.000365714,0.000503295,-0.00113724,0.000909566,-6.91621e-06,-0.000645041,0.00131394,-0.000731803,0.000967406,0.00102567,0.000378716,1.83917e-05,-0.000365714,-0.000731803,0.00239858,-0.000909646,-0.000599114,0.00114907,2.09428e-06,0.000503295,0.000967406,-0.000909646,0.0027728,-0.000402342,-0.00194285,0.00011307,-0.00113724,0.00102567,-0.000599114,-0.000402342,0.0330524,0.0015973,-0.00133401,0.000909566,0.000378716,0.00114907,-0.00194285,0.0015973,0.0297697,0.000292167,-6.91621e-06,1.83917e-05,2.09428e-06,0.00011307,-0.00133401,0.000292167,0.0466643,
0.00375924,-0.000645041,-0.00036571,0.000503299,-0.00113725,0.000909569,-6.91686e-06,-0.000645041,0.00131394,-0.000731804,0.000967404,0.00102567,0.000378714,1.84061e-05,-0.00036571,-0.000731804,0.00239858,-0.000909645,-0.000599129,0.00114907,2.07642e-06,0.000503299,0.000967404,-0.000909645,0.0027728,-0.000402324,-0.00194286,0.000113088,-0.00113725,0.00102567,-0.000599129,-0.000402324,0.0330523,0.00159752,-0.00133405,0.000909569,0.000378714,0.00114907,-0.00194286,0.00159752,0.0297697,0.000292592,-6.91686e-06,1.84061e-05,2.07642e-06,0.000113088,-0.00133405,0.000292592,0.0466642,
0.00375924,-0.000645042,-0.000365707,0.000503303,-0.00113727,0.000909573,-6.91751e-06,-0.000645042,0.00131394,-0.000731806,0.000967402,0.00102567,0.000378711,1.84205e-05,-0.000365707,-0.000731806,0.00239858,-0.000909644,-0.000599144,0.00114907,2.05855e-06,0.000503303,0.000967402,-0.000909644,0.0027728,-0.000402305,-0.00194287,0.000113105,-0.00113727,0.00102567,-0.000599144,-0.000402305,0.0330523,0.00159773,-0.00133408,0.000909573,0.000378711,0.00114907,-0.00194287,0.00159773,0.0297698,0.000293018,-6.91751e-06,1.84205e-05,2.05855e-06,0.000113105,-0.00133408,0.000293018,0.0466641,
0.00375923,-0.000645043,-0.000365704,0.000503308,-0.00113728,0.000909576,-6.91816e-06,-0.000645043,0.00131394,-0.000731808,0.000967401,0.00102567,0.000378709,1.8435e-05,-0.000365704,-0.000731808,0.00239857,-0.000909643,-0.00059916,0.00114906,2.04065e-06,0.000503308,0.000967401,-0.000909643,0.0027728,-0.000402287,-0.00194288,0.000113123,-0.00113728,0.00102567,-0.00059916,-0.000402287,0.0330522,0.00159795,-0.00133411,0.000909576,0.000378709,0.00114906,-0.00194288,0.00159795,0.0297698,0.000293445,-6.91816e-06,1.8435e-05,2.04065e-06,0.000113123,-0.00133411,0.000293445,0.046664,
0.00375923,-0.000645043,-0.000365701,0.000503312,-0.0011373,0.000909579,-6.91881e-06,-0.000645043,0.00131394,-0.00073181,0.000967399,0.00102567,0.000378706,1.84494e-05,-0.000365701,-0.00073181,0.00239857,-0.000909642,-0.000599175,0.00114906,2.02274e-06,0.000503312,0.000967399,-0.000909642,0.0027728,-0.000402268,-0.00194289,0.00011314,-0.0011373,0.00102567,-0.000599175,-0.000402268,0.0330521,0.00159817,-0.00133414,0.000909579,0.000378706,0.00114906,-0.00194289,0.00159817,0.0297699,0.000293872,-6.91881e-06,1.84494e-05,2.02274e-06,0.00011314,-0.00133414,0.000293872,0.0466639,
0.00375922,-0.000645044,-0.000365698,0.000503316,-0.00113731,0.000909583,-6.91946e-06,-0.000645044,0.00131394,-0.000731811,0.000967398,0.00102566,0.000378704,1.84639e-05,-0.000365698,-0.000731811,0.00239857,-0.000909641,-0.00059919,0.00114906,2.00482e-06,0.000503316,0.000967398,-0.000909641,0.0027728,-0.00040225,-0.0019429,0.000113158,-0.00113731,0.00102566,-0.00059919,-0.00040225,0.033052,0.00159838,-0.00133417,0.000909583,0.000378704,0.00114906,-0.0019429,0.00159838,0.0297699,0.000294299,-6.91946e-06,1.84639e-05,2.00482e-06,0.000113158,-0.00133417,0.000294299,0.0466638,
0.00375922,-0.000645044,-0.000365695,0.00050332,-0.00113732,0.000909586,-6.92011e-06,-0.000645044,0.00131394,-0.000731813,0.000967396,0.00102566,0.000378701,1.84784e-05,-0.000365695,-0.000731813,0.00239857,-0.00090964,-0.000599206,0.00114906,1.98688e-06,0.00050332,0.000967396,-0.00090964,0.00277279,-0.000402231,-0.0019429,0.000113175,-0.00113732,0.00102566,-0.000599206,-0.000402231,0.033052,0.0015986,-0.0013342,0.000909586,0.000378701,0.00114906,-0.0019429,0.0015986,0.02977,0.000294727,-6.92011e-06,1.84784e-05,1.98688e-06,0.000113175,-0.0013342,0.000294727,0.0466637,
0.00375921,-0.000645045,-0.000365692,0.000503325,-0.00113734,0.00090959,-6.92075e-06,-0.000645045,0.00131394,-0.000731815,0.000967395,0.00102566,0.000378698,1.84929e-05,-0.000365692,-0.000731815,0.00239857,-0.000909638,-0.000599221,0.00114906,1.96893e-06,0.000503325,0.000967395,-0.000909638,0.00277279,-0.000402213,-0.00194291,0.000113193,-0.00113734,0.00102566,-0.000599221,-0.000402213,0.0330519,0.00159882,-0.00133423,0.00090959,0.000378698,0.00114906,-0.00194291,0.00159882,0.02977,0.000295155,-6.92075e-06,1.84929e-05,1.96893e-06,0.000113193,-0.00133423,0.000295155,0.0466636,
0.00375921,-0.000645046,-0.000365689,0.000503329,-0.00113735,0.000909593,-6.92139e-06,-0.000645046,0.00131394,-0.000731817,0.000967393,0.00102566,0.000378696,1.85074e-05,-0.000365689,-0.000731817,0.00239857,-0.000909637,-0.000599236,0.00114906,1.95096e-06,0.000503329,0.000967393,-0.000909637,0.00277279,-0.000402195,-0.00194292,0.000113211,-0.00113735,0.00102566,-0.000599236,-0.000402195,0.0330518,0.00159903,-0.00133426,0.000909593,0.000378696,0.00114906,-0.00194292,0.00159903,0.0297701,0.000295583,-6.92139e-06,1.85074e-05,1.95096e-06,0.000113211,-0.00133426,0.000295583,0.0466636,
0.0037592,-0.000645046,-0.000365686,0.000503333,-0.00113737,0.000909597,-6.92203e-06,-0.000645046,0.00131394,-0.000731818,0.000967392,0.00102566,0.000378693,1.85219e-05,-0.000365686,-0.000731818,0.00239857,-0.000909636,-0.000599252,0.00114906,1.93298e-06,0.000503333,0.000967392,-0.000909636,0.00277279,-0.000402176,-0.00194293,0.000113228,-0.00113737,0.00102566,-0.000599252,-0.000402176,0.0330518,0.00159925,-0.00133429,0.000909597,0.000378693,0.00114906,-0.00194293,0.00159925,0.0297701,0.000296012,-6.92203e-06,1.85219e-05,1.93298e-06,0.000113228,-0.00133429,0.000296012,0.0466635,
0.0037592,-0.000645047,-0.000365683,0.000503337,-0.00113738,0.0009096,-6.92268e-06,-0.000645047,0.00131394,-0.00073182,0.00096739,0.00102565,0.00037869,1.85365e-05,-0.000365683,-0.00073182,0.00239857,-0.000909635,-0.000599267,0.00114905,1.915e-06,0.000503337,0.00096739,-0.000909635,0.00277279,-0.000402158,-0.00194294,0.000113246,-0.00113738,0.00102565,-0.000599267,-0.000402158,0.0330517,0.00159947,-0.00133433,0.0009096,0.00037869,0.00114905,-0.00194294,0.00159947,0.0297702,0.000296441,-6.92268e-06,1.85365e-05,1.915e-06,0.000113246,-0.00133433,0.000296441,0.0466634,
0.00375919,-0.000645047,-0.00036568,0.000503341,-0.0011374,0.000909604,-6.92332e-06,-0.000645047,0.00131394,-0.000731822,0.000967389,0.00102565,0.000378688,1.8551e-05,-0.00036568,-0.000731822,0.00239857,-0.000909634,-0.000599283,0.00114905,1.897e-06,0.000503341,0.000967389,-0.000909634,0.00277279,-0.000402139,-0.00194295,0.000113264,-0.0011374,0.00102565,-0.000599283,-0.000402139,0.0330516,0.00159969,-0.00133436,0.000909604,0.000378688,0.00114905,-0.00194295,0.00159969,0.0297702,0.00029687,-6.92332e-06,1.8551e-05,1.897e-06,0.000113264,-0.00133436,0.00029687,0.0466633,
0.00375919,-0.000645048,-0.000365677,0.000503345,-0.00113741,0.000909607,-6.92396e-06,-0.000645048,0.00131394,-0.000731823,0.000967387,0.00102565,0.000378685,1.85656e-05,-0.000365677,-0.000731823,0.00239857,-0.000909633,-0.000599298,0.00114905,1.87899e-06,0.000503345,0.000967387,-0.000909633,0.00277279,-0.00040212,-0.00194296,0.000113281,-0.00113741,0.00102565,-0.000599298,-0.00040212,0.0330515,0.00159991,-0.00133439,0.000909607,0.000378685,0.00114905,-0.00194296,0.00159991,0.0297703,0.0002973,-6.92396e-06,1.85656e-05,1.87899e-06,0.000113281,-0.00133439,0.0002973,0.0466632,
0.00375918,-0.000645049,-0.000365674,0.000503349,-0.00113743,0.000909611,-6.9246e-06,-0.000645049,0.00131395,-0.000731825,0.000967386,0.00102565,0.000378683,1.85801e-05,-0.000365674,-0.000731825,0.00239857,-0.000909632,-0.000599313,0.00114905,1.86098e-06,0.000503349,0.000967386,-0.000909632,0.00277279,-0.000402102,-0.00194297,0.000113299,-0.00113743,0.00102565,-0.000599313,-0.000402102,0.0330515,0.00160012,-0.00133442,0.000909611,0.000378683,0.00114905,-0.00194297,0.00160012,0.0297703,0.000297729,-6.9246e-06,1.85801e-05,1.86098e-06,0.000113299,-0.00133442,0.000297729,0.0466631,
0.00375918,-0.000645049,-0.000365672,0.000503353,-0.00113744,0.000909614,-6.92524e-06,-0.000645049,0.00131395,-0.000731827,0.000967384,0.00102565,0.00037868,1.85947e-05,-0.000365672,-0.000731827,0.00239857,-0.00090963,-0.000599329,0.00114905,1.84295e-06,0.000503353,0.000967384,-0.00090963,0.00277279,-0.000402083,-0.00194298,0.000113317,-0.00113744,0.00102565,-0.000599329,-0.000402083,0.0330514,0.00160034,-0.00133445,0.000909614,0.00037868,0.00114905,-0.00194298,0.00160034,0.0297704,0.000298159,-6.92524e-06,1.85947e-05,1.84295e-06,0.000113317,-0.00133445,0.000298159,0.046663,
0.00375917,-0.00064505,-0.000365669,0.000503358,-0.00113745,0.000909618,-6.92588e-06,-0.00064505,0.00131395,-0.000731828,0.000967383,0.00102564,0.000378677,1.86093e-05,-0.000365669,-0.000731828,0.00239857,-0.000909629,-0.000599344,0.00114905,1.82492e-06,0.000503358,0.000967383,-0.000909629,0.00277278,-0.000402065,-0.00194299,0.000113334,-0.00113745,0.00102564,-0.000599344,-0.000402065,0.0330513,0.00160056,-0.00133448,0.000909618,0.000378677,0.00114905,-0.00194299,0.00160056,0.0297704,0.00029859,-6.92588e-06,1.86093e-05,1.82492e-06,0.000113334,-0.00133448,0.00029859,0.0466629,
0.00375917,-0.000645051,-0.000365666,0.000503362,-0.00113747,0.000909621,-6.92652e-06,-0.000645051,0.00131395,-0.00073183,0.000967381,0.00102564,0.000378675,1.86238e-05,-0.000365666,-0.00073183,0.00239857,-0.000909628,-0.00059936,0.00114905,1.80689e-06,0.000503362,0.000967381,-0.000909628,0.00277278,-0.000402046,-0.001943,0.000113352,-0.00113747,0.00102564,-0.00059936,-0.000402046,0.0330512,0.00160078,-0.00133452,0.000909621,0.000378675,0.00114905,-0.001943,0.00160078,0.0297704,0.00029902,-6.92652e-06,1.86238e-05,1.80689e-06,0.000113352,-0.00133452,0.00029902,0.0466628,
