0.00408107,0.000749068,-0.00085997,-0.000124431,-0.00190691,-0.000472512,6.11543e-05,0.000749068,0.00124886,0.00078651,-0.000784829,0.000111558,0.000165428,0.000114047,-0.00085997,0.00078651,0.00377229,-0.000636557,-0.00184037,-0.000333013,4.95014e-05,-0.000124431,-0.000784829,-0.000636557,0.00248693,0.000990337,-0.000154015,-5.62902e-05,-0.00190691,0.000111558,-0.00184037,0.000990337,0.0277541,0.000772069,0.000919606,-0.000472512,0.000165428,-0.000333013,-0.000154015,0.000772069,0.0246241,0.000185469,6.11543e-05,0.000114047,4.95014e-05,-5.62902e-05,0.000919606,0.000185469,0.0466495,
0.00408081,0.000749142,-0.00086028,-0.000124725,-0.00190668,-0.000472224,6.11579e-05,0.000749142,0.00124899,0.000786514,-0.000784901,0.00011152,0.000165286,0.000114088,-0.00086028,0.000786514,0.00377217,-0.000636529,-0.00184019,-0.000332567,4.94976e-05,-0.000124725,-0.000784901,-0.000636529,0.002487,0.00099028,-0.000153565,-5.62828e-05,-0.00190668,0.00011152,-0.00184019,0.00099028,0.0277551,0.000771519,0.000920217,-0.000472224,0.000165286,-0.000332567,-0.000153565,0.000771519,0.0246237,0.000185422,6.11579e-05,0.000114088,4.94976e-05,-5.62828e-05,0.000920217,0.000185422,0.0466495,
0.0040806,0.000749183,-0.000860527,-0.000124992,-0.00190651,-0.000472038,6.11565e-05,0.000749183,0.00124907,0.000786503,-0.000784967,0.00011149,0.000165221,0.000114108,-0.000860527,0.000786503,0.00377212,-0.000636496,-0.00184005,-0.000332324,4.94943e-05,-0.000124992,-0.000784967,-0.000636496,0.00248706,0.000990304,-0.000153322,-5.62814e-05,-0.00190651,0.00011149,-0.00184005,0.000990304,0.0277556,0.000771218,0.000920561,-0.000472038,0.000165221,-0.000332324,-0.000153322,0.000771218,0.0246234,0.000185385,6.11565e-05,0.000114108,4.94943e-05,-5.62814e-05,0.000920561,0.000185385,0.0466496,
0.00408043,0.000749206,-0.000860731,-0.000125232,-0.00190638,-0.000471908,6.1153e-05,0.000749206,0.00124912,0.000786485,-0.00078503,0.000111468,0.000165196,0.000114118,-0.000860731,0.000786485,0.00377209,-0.000636462,-0.00183995,-0.00033219,4.94912e-05,-0.000125232,-0.00078503,-0.000636462,0.0024871,0.000990355,-0.000153195,-5.62833e-05,-0.00190638,0.000111468,-0.00183995,0.000990355,0.0277558,0.000771048,0.00092076,-0.000471908,0.000165196,-0.00033219,-0.000153195,0.000771048,0.0246233,0.000185354,6.1153e-05,0.000114118,4.94912e-05,-5.62833e-05,0.00092076,0.000185354,0.0466496,
0.00408028,0.000749217,-0.000860901,-0.000125446,-0.00190627,-0.000471812,6.11487e-05,0.000749217,0.00124915,0.000786462,-0.000785089,0.000111452,0.000165193,0.000114123,-0.000860901,0.000786462,0.00377207,-0.00063643,-0.00183988,-0.000332115,4.94884e-05,-0.000125446,-0.000785089,-0.00063643,0.00248713,0.000990412,-0.000153132,-5.6287e-05,-0.00190627,0.000111452,-0.00183988,0.000990412,0.0277559,0.000770949,0.00092088,-0.000471812,0.000165193,-0.000332115,-0.000153132,0.000770949,0.0246232,0.000185329,6.11487e-05,0.000114123,4.94884e-05,-5.6287e-05,0.00092088,0.000185329,0.0466496,
0.00408016,0.000749222,-0.000861047,-0.000125637,-0.00190619,-0.000471736,6.11443e-05,0.000749222,0.00124918,0.000786439,-0.000785143,0.000111441,0.0001652,0.000114125,-0.000861047,0.000786439,0.00377207,-0.0006364,-0.00183982,-0.00033207,4.94858e-05,-0.000125637,-0.000785143,-0.0006364,0.00248717,0.000990466,-0.000153104,-5.62915e-05,-0.00190619,0.000111441,-0.00183982,0.000990466,0.0277559,0.000770887,0.000920955,-0.000471736,0.0001652,-0.00033207,-0.000153104,0.000770887,0.0246231,0.000185307,6.11443e-05,0.000114125,4.94858e-05,-5.62915e-05,0.000920955,0.000185307,0.0466496,
0.00408006,0.000749223,-0.000861173,-0.000125807,-0.00190612,-0.000471673,6.11401e-05,0.000749223,0.0012492,0.000786416,-0.000785192,0.000111433,0.000165212,0.000114125,-0.000861173,0.000786416,0.00377207,-0.000636374,-0.00183978,-0.000332043,4.94834e-05,-0.000125807,-0.000785192,-0.000636374,0.00248719,0.000990514,-0.000153096,-5.62963e-05,-0.00190612,0.000111433,-0.00183978,0.000990514,0.0277558,0.000770846,0.000921005,-0.000471673,0.000165212,-0.000332043,-0.000153096,0.000770846,0.0246231,0.000185288,6.11401e-05,0.000114125,4.94834e-05,-5.62963e-05,0.000921005,0.000185288,0.0466496,
0.00407997,0.000749223,-0.000861284,-0.00012596,-0.00190606,-0.000471619,6.11362e-05,0.000749223,0.00124921,0.000786393,-0.000785238,0.000111428,0.000165227,0.000114124,-0.000861284,0.000786393,0.00377207,-0.000636349,-0.00183975,-0.000332026,4.94813e-05,-0.00012596,-0.000785238,-0.000636349,0.00248722,0.000990555,-0.000153098,-5.6301e-05,-0.00190606,0.000111428,-0.00183975,0.000990555,0.0277558,0.000770817,0.000921039,-0.000471619,0.000165227,-0.000332026,-0.000153098,0.000770817,0.0246231,0.000185272,6.11362e-05,0.000114124,4.94813e-05,-5.6301e-05,0.000921039,0.000185272,0.0466497,
0.00407989,0.00074922,-0.000861382,-0.000126096,-0.00190601,-0.000471573,6.11325e-05,0.00074922,0.00124922,0.000786373,-0.000785279,0.000111424,0.000165241,0.000114123,-0.000861382,0.000786373,0.00377207,-0.000636328,-0.00183972,-0.000332014,4.94793e-05,-0.000126096,-0.000785279,-0.000636328,0.00248724,0.000990591,-0.000153105,-5.63055e-05,-0.00190601,0.000111424,-0.00183972,0.000990591,0.0277557,0.000770795,0.000921064,-0.000471573,0.000165241,-0.000332014,-0.000153105,0.000770795,0.0246231,0.000185258,6.11325e-05,0.000114123,4.94793e-05,-5.63055e-05,0.000921064,0.000185258,0.0466497,
0.00407982,0.000749218,-0.000861469,-0.000126219,-0.00190597,-0.000471531,6.11292e-05,0.000749218,0.00124923,0.000786354,-0.000785316,0.000111422,0.000165256,0.000114122,-0.000861469,0.000786354,0.00377208,-0.000636308,-0.0018397,-0.000332005,4.94774e-05,-0.000126219,-0.000785316,-0.000636308,0.00248726,0.000990623,-0.000153114,-5.63097e-05,-0.00190597,0.000111422,-0.0018397,0.000990623,0.0277557,0.000770777,0.000921083,-0.000471531,0.000165256,-0.000332005,-0.000153114,0.000770777,0.024623,0.000185245,6.11292e-05,0.000114122,4.94774e-05,-5.63097e-05,0.000921083,0.000185245,0.0466497,
0.00407976,0.000749215,-0.000861546,-0.000126329,-0.00190593,-0.000471494,6.11261e-05,0.000749215,0.00124924,0.000786336,-0.000785349,0.00011142,0.000165269,0.000114121,-0.000861546,0.000786336,0.00377208,-0.000636291,-0.00183968,-0.000331999,4.94757e-05,-0.000126329,-0.000785349,-0.000636291,0.00248728,0.00099065,-0.000153124,-5.63136e-05,-0.00190593,0.00011142,-0.00183968,0.00099065,0.0277556,0.000770762,0.000921097,-0.000471494,0.000165269,-0.000331999,-0.000153124,0.000770762,0.024623,0.000185235,6.11261e-05,0.000114121,4.94757e-05,-5.63136e-05,0.000921097,0.000185235,0.0466497,
0.0040797,0.000749213,-0.000861616,-0.000126428,-0.00190589,-0.000471462,6.11233e-05,0.000749213,0.00124924,0.00078632,-0.000785379,0.000111418,0.000165281,0.00011412,-0.000861616,0.00078632,0.00377208,-0.000636275,-0.00183966,-0.000331993,4.94742e-05,-0.000126428,-0.000785379,-0.000636275,0.0024873,0.000990675,-0.000153134,-5.63171e-05,-0.00190589,0.000111418,-0.00183966,0.000990675,0.0277556,0.000770749,0.000921108,-0.000471462,0.000165281,-0.000331993,-0.000153134,0.000770749,0.024623,0.000185227,6.11233e-05,0.00011412,4.94742e-05,-5.63171e-05,0.000921108,0.000185227,0.0466497,
0.00407965,0.00074921,-0.000861678,-0.000126517,-0.00190586,-0.000471432,6.11207e-05,0.00074921,0.00124925,0.000786306,-0.000785407,0.000111417,0.000165293,0.000114119,-0.000861678,0.000786306,0.00377209,-0.000636261,-0.00183965,-0.000331989,4.94727e-05,-0.000126517,-0.000785407,-0.000636261,0.00248731,0.000990696,-0.000153144,-5.63203e-05,-0.00190586,0.000111417,-0.00183965,0.000990696,0.0277555,0.000770737,0.000921117,-0.000471432,0.000165293,-0.000331989,-0.000153144,0.000770737,0.024623,0.00018522,6.11207e-05,0.000114119,4.94727e-05,-5.63203e-05,0.000921117,0.00018522,0.0466497,
0.0040796,0.000749208,-0.000861734,-0.000126597,-0.00190583,-0.000471406,6.11183e-05,0.000749208,0.00124926,0.000786293,-0.000785431,0.000111416,0.000165303,0.000114118,-0.000861734,0.000786293,0.00377209,-0.000636248,-0.00183964,-0.000331985,4.94713e-05,-0.000126597,-0.000785431,-0.000636248,0.00248732,0.000990716,-0.000153153,-5.63231e-05,-0.00190583,0.000111416,-0.00183964,0.000990716,0.0277555,0.000770727,0.000921123,-0.000471406,0.000165303,-0.000331985,-0.000153153,0.000770727,0.024623,0.000185215,6.11183e-05,0.000114118,4.94713e-05,-5.63231e-05,0.000921123,0.000185215,0.0466497,
0.00407956,0.000749205,-0.000861785,-0.000126669,-0.00190581,-0.000471382,6.11161e-05,0.000749205,0.00124926,0.000786281,-0.000785453,0.000111416,0.000165312,0.000114117,-0.000861785,0.000786281,0.00377209,-0.000636236,-0.00183963,-0.000331981,4.947e-05,-0.000126669,-0.000785453,-0.000636236,0.00248734,0.000990733,-0.000153161,-5.63257e-05,-0.00190581,0.000111416,-0.00183963,0.000990733,0.0277555,0.000770717,0.000921127,-0.000471382,0.000165312,-0.000331981,-0.000153161,0.000770717,0.024623,0.000185211,6.11161e-05,0.000114117,4.947e-05,-5.63257e-05,0.000921127,0.000185211,0.0466497,
0.00407952,0.000749203,-0.00086183,-0.000126734,-0.00190578,-0.000471361,6.1114e-05,0.000749203,0.00124926,0.000786271,-0.000785473,0.000111415,0.00016532,0.000114117,-0.00086183,0.000786271,0.0037721,-0.000636226,-0.00183961,-0.000331978,4.94688e-05,-0.000126734,-0.000785473,-0.000636226,0.00248735,0.000990749,-0.000153169,-5.63279e-05,-0.00190578,0.000111415,-0.00183961,0.000990749,0.0277555,0.000770708,0.000921129,-0.000471361,0.00016532,-0.000331978,-0.000153169,0.000770708,0.024623,0.000185208,6.1114e-05,0.000114117,4.94688e-05,-5.63279e-05,0.000921129,0.000185208,0.0466497,
0.00407949,0.000749202,-0.000861871,-0.000126793,-0.00190576,-0.000471341,6.1112e-05,0.000749202,0.00124927,0.000786261,-0.000785492,0.000111414,0.000165328,0.000114116,-0.000861871,0.000786261,0.0037721,-0.000636216,-0.00183961,-0.000331976,4.94676e-05,-0.000126793,-0.000785492,-0.000636216,0.00248736,0.000990763,-0.000153175,-5.633e-05,-0.00190576,0.000111414,-0.00183961,0.000990763,0.0277554,0.000770699,0.00092113,-0.000471341,0.000165328,-0.000331976,-0.000153175,0.000770699,0.024623,0.000185207,6.1112e-05,0.000114116,4.94676e-05,-5.633e-05,0.00092113,0.000185207,0.0466497,
0.00407946,0.0007492,-0.000861908,-0.000126846,-0.00190575,-0.000471324,6.11101e-05,0.0007492,0.00124927,0.000786252,-0.000785508,0.000111414,0.000165335,0.000114116,-0.000861908,0.000786252,0.0037721,-0.000636208,-0.0018396,-0.000331973,4.94665e-05,-0.000126846,-0.000785508,-0.000636208,0.00248737,0.000990776,-0.000153181,-5.63318e-05,-0.00190575,0.000111414,-0.0018396,0.000990776,0.0277554,0.000770692,0.000921129,-0.000471324,0.000165335,-0.000331973,-0.000153181,0.000770692,0.024623,0.000185207,6.11101e-05,0.000114116,4.94665e-05,-5.63318e-05,0.000921129,0.000185207,0.0466497,
0.00407943,0.000749199,-0.000861942,-0.000126895,-0.00190573,-0.000471308,6.11083e-05,0.000749199,0.00124927,0.000786245,-0.000785523,0.000111413,0.000165341,0.000114115,-0.000861942,0.000786245,0.0037721,-0.0006362,-0.00183959,-0.000331971,4.94654e-05,-0.000126895,-0.000785523,-0.0006362,0.00248737,0.000990788,-0.000153186,-5.63334e-05,-0.00190573,0.000111413,-0.00183959,0.000990788,0.0277554,0.000770684,0.000921127,-0.000471308,0.000165341,-0.000331971,-0.000153186,0.000770684,0.024623,0.000185207,6.11083e-05,0.000114115,4.94654e-05,-5.63334e-05,0.000921127,0.000185207,0.0466497,
0.00407941,0.000749197,-0.000861972,-0.000126938,-0.00190571,-0.000471293,6.11066e-05,0.000749197,0.00124928,0.000786237,-0.000785536,0.000111413,0.000165346,0.000114115,-0.000861972,0.000786237,0.00377211,-0.000636193,-0.00183958,-0.000331969,4.94643e-05,-0.000126938,-0.000785536,-0.000636193,0.00248738,0.000990799,-0.000153191,-5.63348e-05,-0.00190571,0.000111413,-0.00183958,0.000990799,0.0277554,0.000770677,0.000921123,-0.000471293,0.000165346,-0.000331969,-0.000153191,0.000770677,0.024623,0.000185209,6.11066e-05,0.000114115,4.94643e-05,-5.63348e-05,0.000921123,0.000185209,0.0466497,
0.00407939,0.000749196,-0.000862,-0.000126978,-0.0019057,-0.00047128,6.1105e-05,0.000749196,0.00124928,0.000786231,-0.000785548,0.000111413,0.000165351,0.000114114,-0.000862,0.000786231,0.00377211,-0.000636187,-0.00183957,-0.000331967,4.94633e-05,-0.000126978,-0.000785548,-0.000636187,0.00248739,0.000990809,-0.000153195,-5.6336e-05,-0.0019057,0.000111413,-0.00183957,0.000990809,0.0277554,0.00077067,0.000921118,-0.00047128,0.000165351,-0.000331967,-0.000153195,0.00077067,0.024623,0.000185212,6.1105e-05,0.000114114,4.94633e-05,-5.6336e-05,0.000921118,0.000185212,0.0466497,
0.00407937,0.000749195,-0.000862025,-0.000127014,-0.00190569,-0.000471269,6.11034e-05,0.000749195,0.00124928,0.000786225,-0.000785559,0.000111412,0.000165356,0.000114114,-0.000862025,0.000786225,0.00377211,-0.000636181,-0.00183957,-0.000331966,4.94622e-05,-0.000127014,-0.000785559,-0.000636181,0.00248739,0.000990818,-0.000153199,-5.63371e-05,-0.00190569,0.000111412,-0.00183957,0.000990818,0.0277554,0.000770663,0.000921112,-0.000471269,0.000165356,-0.000331966,-0.000153199,0.000770663,0.024623,0.000185216,6.11034e-05,0.000114114,4.94622e-05,-5.63371e-05,0.000921112,0.000185216,0.0466497,
0.00407935,0.000749194,-0.000862048,-0.000127047,-0.00190567,-0.000471258,6.11018e-05,0.000749194,0.00124928,0.00078622,-0.000785569,0.000111412,0.000165359,0.000114114,-0.000862048,0.00078622,0.00377211,-0.000636175,-0.00183956,-0.000331964,4.94612e-05,-0.000127047,-0.000785569,-0.000636175,0.0024874,0.000990826,-0.000153202,-5.63381e-05,-0.00190567,0.000111412,-0.00183956,0.000990826,0.0277553,0.000770657,0.000921105,-0.000471258,0.000165359,-0.000331964,-0.000153202,0.000770657,0.024623,0.00018522,6.11018e-05,0.000114114,4.94612e-05,-5.63381e-05,0.000921105,0.00018522,0.0466497,
0.00407933,0.000749193,-0.000862069,-0.000127077,-0.00190566,-0.000471248,6.11003e-05,0.000749193,0.00124929,0.000786215,-0.000785579,0.000111412,0.000165363,0.000114114,-0.000862069,0.000786215,0.00377211,-0.000636171,-0.00183956,-0.000331963,4.94602e-05,-0.000127077,-0.000785579,-0.000636171,0.0024874,0.000990834,-0.000153204,-5.63389e-05,-0.00190566,0.000111412,-0.00183956,0.000990834,0.0277553,0.000770651,0.000921097,-0.000471248,0.000165363,-0.000331963,-0.000153204,0.000770651,0.024623,0.000185226,6.11003e-05,0.000114114,4.94602e-05,-5.63389e-05,0.000921097,0.000185226,0.0466497,
0.00407931,0.000749192,-0.000862088,-0.000127105,-0.00190565,-0.000471239,6.10989e-05,0.000749192,0.00124929,0.000786211,-0.000785587,0.000111412,0.000165366,0.000114113,-0.000862088,0.000786211,0.00377211,-0.000636166,-0.00183955,-0.000331962,4.94592e-05,-0.000127105,-0.000785587,-0.000636166,0.00248741,0.000990841,-0.000153207,-5.63397e-05,-0.00190565,0.000111412,-0.00183955,0.000990841,0.0277553,0.000770645,0.000921088,-0.000471239,0.000165366,-0.000331962,-0.000153207,0.000770645,0.024623,0.000185232,6.10989e-05,0.000114113,4.94592e-05,-5.63397e-05,0.000921088,0.000185232,0.0466497,
0.0040793,0.000749192,-0.000862106,-0.00012713,-0.00190564,-0.000471231,6.10974e-05,0.000749192,0.00124929,0.000786207,-0.000785595,0.000111412,0.000165369,0.000114113,-0.000862106,0.000786207,0.00377211,-0.000636162,-0.00183955,-0.000331961,4.94582e-05,-0.00012713,-0.000785595,-0.000636162,0.00248741,0.000990848,-0.000153209,-5.63403e-05,-0.00190564,0.000111412,-0.00183955,0.000990848,0.0277553,0.000770639,0.000921078,-0.000471231,0.000165369,-0.000331961,-0.000153209,0.000770639,0.024623,0.000185238,6.10974e-05,0.000114113,4.94582e-05,-5.63403e-05,0.000921078,0.000185238,0.0466497,
0.00407929,0.000749191,-0.000862122,-0.000127153,-0.00190563,-0.000471223,6.1096e-05,0.000749191,0.00124929,0.000786203,-0.000785602,0.000111411,0.000165372,0.000114113,-0.000862122,0.000786203,0.00377211,-0.000636158,-0.00183954,-0.00033196,4.94572e-05,-0.000127153,-0.000785602,-0.000636158,0.00248742,0.000990854,-0.00015321,-5.63408e-05,-0.00190563,0.000111411,-0.00183954,0.000990854,0.0277553,0.000770633,0.000921067,-0.000471223,0.000165372,-0.00033196,-0.00015321,0.000770633,0.024623,0.000185246,6.1096e-05,0.000114113,4.94572e-05,-5.63408e-05,0.000921067,0.000185246,0.0466497,
0.00407927,0.00074919,-0.000862137,-0.000127174,-0.00190562,-0.000471216,6.10946e-05,0.00074919,0.00124929,0.0007862,-0.000785608,0.000111411,0.000165374,0.000114113,-0.000862137,0.0007862,0.00377212,-0.000636155,-0.00183954,-0.000331959,4.94562e-05,-0.000127174,-0.000785608,-0.000636155,0.00248742,0.00099086,-0.000153212,-5.63413e-05,-0.00190562,0.000111411,-0.00183954,0.00099086,0.0277553,0.000770627,0.000921055,-0.000471216,0.000165374,-0.000331959,-0.000153212,0.000770627,0.024623,0.000185254,6.10946e-05,0.000114113,4.94562e-05,-5.63413e-05,0.000921055,0.000185254,0.0466497,
0.00407926,0.00074919,-0.000862151,-0.000127194,-0.00190562,-0.00047121,6.10932e-05,0.00074919,0.00124929,0.000786197,-0.000785614,0.000111411,0.000165376,0.000114113,-0.000862151,0.000786197,0.00377212,-0.000636151,-0.00183953,-0.000331958,4.94552e-05,-0.000127194,-0.000785614,-0.000636151,0.00248742,0.000990865,-0.000153213,-5.63417e-05,-0.00190562,0.000111411,-0.00183953,0.000990865,0.0277553,0.000770621,0.000921043,-0.00047121,0.000165376,-0.000331958,-0.000153213,0.000770621,0.024623,0.000185262,6.10932e-05,0.000114113,4.94552e-05,-5.63417e-05,0.000921043,0.000185262,0.0466497,
0.00407925,0.00074919,-0.000862163,-0.000127212,-0.00190561,-0.000471204,6.10918e-05,0.00074919,0.00124929,0.000786194,-0.00078562,0.000111411,0.000165378,0.000114113,-0.000862163,0.000786194,0.00377212,-0.000636148,-0.00183953,-0.000331957,4.94542e-05,-0.000127212,-0.00078562,-0.000636148,0.00248743,0.00099087,-0.000153214,-5.6342e-05,-0.00190561,0.000111411,-0.00183953,0.00099087,0.0277553,0.000770616,0.00092103,-0.000471204,0.000165378,-0.000331957,-0.000153214,0.000770616,0.024623,0.000185271,6.10918e-05,0.000114113,4.94542e-05,-5.6342e-05,0.00092103,0.000185271,0.0466497,
0.00407924,0.000749189,-0.000862175,-0.000127229,-0.0019056,-0.000471198,6.10905e-05,0.000749189,0.0012493,0.000786191,-0.000785625,0.000111411,0.000165379,0.000114113,-0.000862175,0.000786191,0.00377212,-0.000636146,-0.00183952,-0.000331956,4.94532e-05,-0.000127229,-0.000785625,-0.000636146,0.00248743,0.000990875,-0.000153215,-5.63423e-05,-0.0019056,0.000111411,-0.00183952,0.000990875,0.0277553,0.00077061,0.000921017,-0.000471198,0.000165379,-0.000331956,-0.000153215,0.00077061,0.024623,0.00018528,6.10905e-05,0.000114113,4.94532e-05,-5.63423e-05,0.000921017,0.00018528,0.0466497,
0.00407923,0.000749189,-0.000862186,-0.000127245,-0.0019056,-0.000471193,6.10891e-05,0.000749189,0.0012493,0.000786189,-0.000785629,0.000111411,0.000165381,0.000114113,-0.000862186,0.000786189,0.00377212,-0.000636143,-0.00183952,-0.000331956,4.94522e-05,-0.000127245,-0.000785629,-0.000636143,0.00248743,0.000990879,-0.000153215,-5.63425e-05,-0.0019056,0.000111411,-0.00183952,0.000990879,0.0277553,0.000770604,0.000921002,-0.000471193,0.000165381,-0.000331956,-0.000153215,0.000770604,0.024623,0.00018529,6.10891e-05,0.000114113,4.94522e-05,-5.63425e-05,0.000921002,0.00018529,0.0466497,
0.00407923,0.000749188,-0.000862196,-0.00012726,-0.00190559,-0.000471188,6.10877e-05,0.000749188,0.0012493,0.000786186,-0.000785634,0.000111411,0.000165382,0.000114113,-0.000862196,0.000786186,0.00377212,-0.000636141,-0.00183952,-0.000331955,4.94512e-05,-0.00012726,-0.000785634,-0.000636141,0.00248743,0.000990884,-0.000153216,-5.63426e-05,-0.00190559,0.000111411,-0.00183952,0.000990884,0.0277553,0.000770599,0.000920988,-0.000471188,0.000165382,-0.000331955,-0.000153216,0.000770599,0.024623,0.000185301,6.10877e-05,0.000114113,4.94512e-05,-5.63426e-05,0.000920988,0.000185301,0.0466496,
0.00407922,0.000749188,-0.000862206,-0.000127274,-0.00190558,-0.000471184,6.10864e-05,0.000749188,0.0012493,0.000786184,-0.000785638,0.000111411,0.000165383,0.000114113,-0.000862206,0.000786184,0.00377212,-0.000636138,-0.00183951,-0.000331954,4.94502e-05,-0.000127274,-0.000785638,-0.000636138,0.00248744,0.000990888,-0.000153216,-5.63427e-05,-0.00190558,0.000111411,-0.00183951,0.000990888,0.0277553,0.000770593,0.000920972,-0.000471184,0.000165383,-0.000331954,-0.000153216,0.000770593,0.0246231,0.000185311,6.10864e-05,0.000114113,4.94502e-05,-5.63427e-05,0.000920972,0.000185311,0.0466496,
0.00407921,0.000749188,-0.000862215,-0.000127287,-0.00190558,-0.00047118,6.1085e-05,0.000749188,0.0012493,0.000786182,-0.000785642,0.000111411,0.000165384,0.000114113,-0.000862215,0.000786182,0.00377212,-0.000636136,-0.00183951,-0.000331954,4.94492e-05,-0.000127287,-0.000785642,-0.000636136,0.00248744,0.000990892,-0.000153216,-5.63428e-05,-0.00190558,0.000111411,-0.00183951,0.000990892,0.0277554,0.000770588,0.000920957,-0.00047118,0.000165384,-0.000331954,-0.000153216,0.000770588,0.0246231,0.000185322,6.1085e-05,0.000114113,4.94492e-05,-5.63428e-05,0.000920957,0.000185322,0.0466496,
0.0040792,0.000749188,-0.000862224,-0.000127299,-0.00190557,-0.000471176,6.10837e-05,0.000749188,0.0012493,0.00078618,-0.000785645,0.000111411,0.000165385,0.000114113,-0.000862224,0.00078618,0.00377212,-0.000636134,-0.00183951,-0.000331953,4.94482e-05,-0.000127299,-0.000785645,-0.000636134,0.00248744,0.000990895,-0.000153216,-5.63428e-05,-0.00190557,0.000111411,-0.00183951,0.000990895,0.0277554,0.000770582,0.000920941,-0.000471176,0.000165385,-0.000331953,-0.000153216,0.000770582,0.0246231,0.000185334,6.10837e-05,0.000114113,4.94482e-05,-5.63428e-05,0.000920941,0.000185334,0.0466496,
0.0040792,0.000749187,-0.000862232,-0.000127311,-0.00190557,-0.000471172,6.10823e-05,0.000749187,0.0012493,0.000786179,-0.000785649,0.000111411,0.000165386,0.000114113,-0.000862232,0.000786179,0.00377212,-0.000636132,-0.0018395,-0.000331952,4.94471e-05,-0.000127311,-0.000785649,-0.000636132,0.00248744,0.000990899,-0.000153216,-5.63428e-05,-0.00190557,0.000111411,-0.0018395,0.000990899,0.0277554,0.000770577,0.000920924,-0.000471172,0.000165386,-0.000331952,-0.000153216,0.000770577,0.0246231,0.000185345,6.10823e-05,0.000114113,4.94471e-05,-5.63428e-05,0.000920924,0.000185345,0.0466496,
0.00407919,0.000749187,-0.000862239,-0.000127322,-0.00190556,-0.000471169,6.10809e-05,0.000749187,0.0012493,0.000786177,-0.000785652,0.000111411,0.000165387,0.000114114,-0.000862239,0.000786177,0.00377212,-0.00063613,-0.0018395,-0.000331952,4.94461e-05,-0.000127322,-0.000785652,-0.00063613,0.00248744,0.000990902,-0.000153216,-5.63428e-05,-0.00190556,0.000111411,-0.0018395,0.000990902,0.0277554,0.000770571,0.000920907,-0.000471169,0.000165387,-0.000331952,-0.000153216,0.000770571,0.0246231,0.000185357,6.10809e-05,0.000114114,4.94461e-05,-5.63428e-05,0.000920907,0.000185357,0.0466496,
0.00407918,0.000749187,-0.000862247,-0.000127332,-0.00190556,-0.000471165,6.10796e-05,0.000749187,0.0012493,0.000786175,-0.000785655,0.000111411,0.000165388,0.000114114,-0.000862247,0.000786175,0.00377212,-0.000636128,-0.0018395,-0.000331951,4.9445e-05,-0.000127332,-0.000785655,-0.000636128,0.00248745,0.000990905,-0.000153215,-5.63428e-05,-0.00190556,0.000111411,-0.0018395,0.000990905,0.0277554,0.000770565,0.00092089,-0.000471165,0.000165388,-0.000331951,-0.000153215,0.000770565,0.0246231,0.00018537,6.10796e-05,0.000114114,4.9445e-05,-5.63428e-05,0.00092089,0.00018537,0.0466496,
0.00407918,0.000749187,-0.000862253,-0.000127342,-0.00190555,-0.000471162,6.10782e-05,0.000749187,0.0012493,0.000786174,-0.000785658,0.000111411,0.000165388,0.000114114,-0.000862253,0.000786174,0.00377212,-0.000636127,-0.00183949,-0.000331951,4.9444e-05,-0.000127342,-0.000785658,-0.000636127,0.00248745,0.000990909,-0.000153215,-5.63427e-05,-0.00190555,0.000111411,-0.00183949,0.000990909,0.0277554,0.00077056,0.000920872,-0.000471162,0.000165388,-0.000331951,-0.000153215,0.00077056,0.0246231,0.000185382,6.10782e-05,0.000114114,4.9444e-05,-5.63427e-05,0.000920872,0.000185382,0.0466496,
0.00407917,0.000749187,-0.00086226,-0.000127352,-0.00190555,-0.000471159,6.10768e-05,0.000749187,0.0012493,0.000786173,-0.000785661,0.000111411,0.000165389,0.000114114,-0.00086226,0.000786173,0.00377213,-0.000636125,-0.00183949,-0.00033195,4.94429e-05,-0.000127352,-0.000785661,-0.000636125,0.00248745,0.000990912,-0.000153214,-5.63426e-05,-0.00190555,0.000111411,-0.00183949,0.000990912,0.0277554,0.000770554,0.000920854,-0.000471159,0.000165389,-0.00033195,-0.000153214,0.000770554,0.0246231,0.000185395,6.10768e-05,0.000114114,4.94429e-05,-5.63426e-05,0.000920854,0.000185395,0.0466496,
0.00407917,0.000749187,-0.000862266,-0.000127361,-0.00190554,-0.000471156,6.10754e-05,0.000749187,0.0012493,0.000786171,-0.000785663,0.000111411,0.000165389,0.000114114,-0.000862266,0.000786171,0.00377213,-0.000636123,-0.00183949,-0.00033195,4.94419e-05,-0.000127361,-0.000785663,-0.000636123,0.00248745,0.000990915,-0.000153214,-5.63425e-05,-0.00190554,0.000111411,-0.00183949,0.000990915,0.0277554,0.000770548,0.000920836,-0.000471156,0.000165389,-0.00033195,-0.000153214,0.000770548,0.0246231,0.000185408,6.10754e-05,0.000114114,4.94419e-05,-5.63425e-05,0.000920836,0.000185408,0.0466496,
0.00407916,0.000749186,-0.000862273,-0.00012737,-0.00190554,-0.000471153,6.10741e-05,0.000749186,0.0012493,0.00078617,-0.000785666,0.000111411,0.00016539,0.000114114,-0.000862273,0.00078617,0.00377213,-0.000636122,-0.00183948,-0.000331949,4.94408e-05,-0.00012737,-0.000785666,-0.000636122,0.00248745,0.000990918,-0.000153213,-5.63423e-05,-0.00190554,0.000111411,-0.00183948,0.000990918,0.0277554,0.000770543,0.000920817,-0.000471153,0.00016539,-0.000331949,-0.000153213,0.000770543,0.0246231,0.000185421,6.10741e-05,0.000114114,4.94408e-05,-5.63423e-05,0.000920817,0.000185421,0.0466496,
0.00407916,0.000749186,-0.000862279,-0.000127378,-0.00190553,-0.00047115,6.10727e-05,0.000749186,0.00124931,0.000786169,-0.000785669,0.000111411,0.00016539,0.000114114,-0.000862279,0.000786169,0.00377213,-0.00063612,-0.00183948,-0.000331949,4.94397e-05,-0.000127378,-0.000785669,-0.00063612,0.00248745,0.000990921,-0.000153212,-5.63422e-05,-0.00190553,0.000111411,-0.00183948,0.000990921,0.0277554,0.000770537,0.000920798,-0.00047115,0.00016539,-0.000331949,-0.000153212,0.000770537,0.0246231,0.000185434,6.10727e-05,0.000114114,4.94397e-05,-5.63422e-05,0.000920798,0.000185434,0.0466496,
0.00407915,0.000749186,-0.000862284,-0.000127386,-0.00190553,-0.000471148,6.10713e-05,0.000749186,0.00124931,0.000786167,-0.000785671,0.000111412,0.00016539,0.000114115,-0.000862284,0.000786167,0.00377213,-0.000636119,-0.00183948,-0.000331948,4.94386e-05,-0.000127386,-0.000785671,-0.000636119,0.00248746,0.000990923,-0.000153212,-5.6342e-05,-0.00190553,0.000111412,-0.00183948,0.000990923,0.0277554,0.000770531,0.000920779,-0.000471148,0.00016539,-0.000331948,-0.000153212,0.000770531,0.0246232,0.000185448,6.10713e-05,0.000114115,4.94386e-05,-5.6342e-05,0.000920779,0.000185448,0.0466496,
0.00407915,0.000749186,-0.00086229,-0.000127395,-0.00190553,-0.000471145,6.10699e-05,0.000749186,0.00124931,0.000786166,-0.000785673,0.000111412,0.000165391,0.000114115,-0.00086229,0.000786166,0.00377213,-0.000636118,-0.00183947,-0.000331948,4.94375e-05,-0.000127395,-0.000785673,-0.000636118,0.00248746,0.000990926,-0.000153211,-5.63418e-05,-0.00190553,0.000111412,-0.00183947,0.000990926,0.0277554,0.000770525,0.00092076,-0.000471145,0.000165391,-0.000331948,-0.000153211,0.000770525,0.0246232,0.000185462,6.10699e-05,0.000114115,4.94375e-05,-5.63418e-05,0.00092076,0.000185462,0.0466496,
0.00407914,0.000749186,-0.000862295,-0.000127402,-0.00190552,-0.000471142,6.10685e-05,0.000749186,0.00124931,0.000786165,-0.000785675,0.000111412,0.000165391,0.000114115,-0.000862295,0.000786165,0.00377213,-0.000636116,-0.00183947,-0.000331947,4.94364e-05,-0.000127402,-0.000785675,-0.000636116,0.00248746,0.000990929,-0.00015321,-5.63416e-05,-0.00190552,0.000111412,-0.00183947,0.000990929,0.0277555,0.000770519,0.00092074,-0.000471142,0.000165391,-0.000331947,-0.00015321,0.000770519,0.0246232,0.000185475,6.10685e-05,0.000114115,4.94364e-05,-5.63416e-05,0.00092074,0.000185475,0.0466495,
0.00407914,0.000749186,-0.000862301,-0.00012741,-0.00190552,-0.00047114,6.10671e-05,0.000749186,0.00124931,0.000786164,-0.000785678,0.000111412,0.000165391,0.000114115,-0.000862301,0.000786164,0.00377213,-0.000636115,-0.00183947,-0.000331947,4.94353e-05,-0.00012741,-0.000785678,-0.000636115,0.00248746,0.000990931,-0.000153209,-5.63414e-05,-0.00190552,0.000111412,-0.00183947,0.000990931,0.0277555,0.000770514,0.000920721,-0.00047114,0.000165391,-0.000331947,-0.000153209,0.000770514,0.0246232,0.000185489,6.10671e-05,0.000114115,4.94353e-05,-5.63414e-05,0.000920721,0.000185489,0.0466495,
0.00407914,0.000749186,-0.000862306,-0.000127418,-0.00190551,-0.000471138,6.10657e-05,0.000749186,0.00124931,0.000786163,-0.00078568,0.000111412,0.000165391,0.000114115,-0.000862306,0.000786163,0.00377213,-0.000636114,-0.00183947,-0.000331947,4.94342e-05,-0.000127418,-0.00078568,-0.000636114,0.00248746,0.000990934,-0.000153208,-5.63412e-05,-0.00190551,0.000111412,-0.00183947,0.000990934,0.0277555,0.000770508,0.000920701,-0.000471138,0.000165391,-0.000331947,-0.000153208,0.000770508,0.0246232,0.000185503,6.10657e-05,0.000114115,4.94342e-05,-5.63412e-05,0.000920701,0.000185503,0.0466495,
0.00407913,0.000749186,-0.000862311,-0.000127425,-0.00190551,-0.000471135,6.10642e-05,0.000749186,0.00124931,0.000786162,-0.000785682,0.000111412,0.000165392,0.000114115,-0.000862311,0.000786162,0.00377213,-0.000636112,-0.00183946,-0.000331946,4.94331e-05,-0.000127425,-0.000785682,-0.000636112,0.00248746,0.000990937,-0.000153207,-5.6341e-05,-0.00190551,0.000111412,-0.00183946,0.000990937,0.0277555,0.000770502,0.000920681,-0.000471135,0.000165392,-0.000331946,-0.000153207,0.000770502,0.0246232,0.000185518,6.10642e-05,0.000114115,4.94331e-05,-5.6341e-05,0.000920681,0.000185518,0.0466495,
0.00407913,0.000749186,-0.000862316,-0.000127432,-0.00190551,-0.000471133,6.10628e-05,0.000749186,0.00124931,0.000786161,-0.000785684,0.000111412,0.000165392,0.000114116,-0.000862316,0.000786161,0.00377213,-0.000636111,-0.00183946,-0.000331946,4.9432e-05,-0.000127432,-0.000785684,-0.000636111,0.00248746,0.000990939,-0.000153207,-5.63408e-05,-0.00190551,0.000111412,-0.00183946,0.000990939,0.0277555,0.000770496,0.000920661,-0.000471133,0.000165392,-0.000331946,-0.000153207,0.000770496,0.0246232,0.000185532,6.10628e-05,0.000114116,4.9432e-05,-5.63408e-05,0.000920661,0.000185532,0.0466495,
0.00407912,0.000749186,-0.000862321,-0.000127439,-0.0019055,-0.000471131,6.10614e-05,0.000749186,0.00124931,0.00078616,-0.000785686,0.000111412,0.000165392,0.000114116,-0.000862321,0.00078616,0.00377213,-0.00063611,-0.00183946,-0.000331945,4.94309e-05,-0.000127439,-0.000785686,-0.00063611,0.00248746,0.000990942,-0.000153206,-5.63405e-05,-0.0019055,0.000111412,-0.00183946,0.000990942,0.0277555,0.00077049,0.00092064,-0.000471131,0.000165392,-0.000331945,-0.000153206,0.00077049,0.0246232,0.000185546,6.10614e-05,0.000114116,4.94309e-05,-5.63405e-05,0.00092064,0.000185546,0.0466495,
0.00407912,0.000749186,-0.000862326,-0.000127446,-0.0019055,-0.000471128,6.106e-05,0.000749186,0.00124931,0.000786159,-0.000785688,0.000111412,0.000165392,0.000114116,-0.000862326,0.000786159,0.00377213,-0.000636108,-0.00183945,-0.000331945,4.94298e-05,-0.000127446,-0.000785688,-0.000636108,0.00248746,0.000990944,-0.000153205,-5.63403e-05,-0.0019055,0.000111412,-0.00183945,0.000990944,0.0277555,0.000770484,0.00092062,-0.000471128,0.000165392,-0.000331945,-0.000153205,0.000770484,0.0246232,0.000185561,6.106e-05,0.000114116,4.94298e-05,-5.63403e-05,0.00092062,0.000185561,0.0466495,
0.00407912,0.000749185,-0.000862331,-0.000127453,-0.00190549,-0.000471126,6.10585e-05,0.000749185,0.00124931,0.000786158,-0.00078569,0.000111413,0.000165392,0.000114116,-0.000862331,0.000786158,0.00377213,-0.000636107,-0.00183945,-0.000331944,4.94286e-05,-0.000127453,-0.00078569,-0.000636107,0.00248747,0.000990947,-0.000153204,-5.63401e-05,-0.00190549,0.000111413,-0.00183945,0.000990947,0.0277555,0.000770478,0.000920599,-0.000471126,0.000165392,-0.000331944,-0.000153204,0.000770478,0.0246232,0.000185576,6.10585e-05,0.000114116,4.94286e-05,-5.63401e-05,0.000920599,0.000185576,0.0466495,
0.00407911,0.000749185,-0.000862335,-0.00012746,-0.00190549,-0.000471124,6.10571e-05,0.000749185,0.00124931,0.000786157,-0.000785692,0.000111413,0.000165392,0.000114116,-0.000862335,0.000786157,0.00377213,-0.000636106,-0.00183945,-0.000331944,4.94275e-05,-0.00012746,-0.000785692,-0.000636106,0.00248747,0.000990949,-0.000153203,-5.63398e-05,-0.00190549,0.000111413,-0.00183945,0.000990949,0.0277555,0.000770472,0.000920579,-0.000471124,0.000165392,-0.000331944,-0.000153203,0.000770472,0.0246233,0.00018559,6.10571e-05,0.000114116,4.94275e-05,-5.63398e-05,0.000920579,0.00018559,0.0466495,
0.00407911,0.000749185,-0.00086234,-0.000127467,-0.00190549,-0.000471122,6.10557e-05,0.000749185,0.00124931,0.000786156,-0.000785694,0.000111413,0.000165392,0.000114117,-0.00086234,0.000786156,0.00377213,-0.000636105,-0.00183945,-0.000331944,4.94263e-05,-0.000127467,-0.000785694,-0.000636105,0.00248747,0.000990952,-0.000153202,-5.63395e-05,-0.00190549,0.000111413,-0.00183945,0.000990952,0.0277556,0.000770466,0.000920558,-0.000471122,0.000165392,-0.000331944,-0.000153202,0.000770466,0.0246233,0.000185605,6.10557e-05,0.000114117,4.94263e-05,-5.63395e-05,0.000920558,0.000185605,0.0466495,
0.0040791,0.000749185,-0.000862345,-0.000127474,-0.00190548,-0.00047112,6.10542e-05,0.000749185,0.00124931,0.000786155,-0.000785696,0.000111413,0.000165392,0.000114117,-0.000862345,0.000786155,0.00377213,-0.000636104,-0.00183944,-0.000331943,4.94252e-05,-0.000127474,-0.000785696,-0.000636104,0.00248747,0.000990954,-0.0001532,-5.63393e-05,-0.00190548,0.000111413,-0.00183944,0.000990954,0.0277556,0.00077046,0.000920537,-0.00047112,0.000165392,-0.000331943,-0.0001532,0.00077046,0.0246233,0.00018562,6.10542e-05,0.000114117,4.94252e-05,-5.63393e-05,0.000920537,0.00018562,0.0466495,
0.0040791,0.000749185,-0.000862349,-0.00012748,-0.00190548,-0.000471117,6.10528e-05,0.000749185,0.00124931,0.000786154,-0.000785698,0.000111413,0.000165392,0.000114117,-0.000862349,0.000786154,0.00377213,-0.000636102,-0.00183944,-0.000331943,4.94241e-05,-0.00012748,-0.000785698,-0.000636102,0.00248747,0.000990956,-0.000153199,-5.6339e-05,-0.00190548,0.000111413,-0.00183944,0.000990956,0.0277556,0.000770454,0.000920516,-0.000471117,0.000165392,-0.000331943,-0.000153199,0.000770454,0.0246233,0.000185635,6.10528e-05,0.000114117,4.94241e-05,-5.6339e-05,0.000920516,0.000185635,0.0466494,
0.0040791,0.000749185,-0.000862354,-0.000127487,-0.00190547,-0.000471115,6.10513e-05,0.000749185,0.00124931,0.000786153,-0.0007857,0.000111413,0.000165392,0.000114117,-0.000862354,0.000786153,0.00377213,-0.000636101,-0.00183944,-0.000331942,4.94229e-05,-0.000127487,-0.0007857,-0.000636101,0.00248747,0.000990959,-0.000153198,-5.63388e-05,-0.00190547,0.000111413,-0.00183944,0.000990959,0.0277556,0.000770448,0.000920495,-0.000471115,0.000165392,-0.000331942,-0.000153198,0.000770448,0.0246233,0.00018565,6.10513e-05,0.000114117,4.94229e-05,-5.63388e-05,0.000920495,0.00018565,0.0466494,
0.00407909,0.000749185,-0.000862358,-0.000127493,-0.00190547,-0.000471113,6.10498e-05,0.000749185,0.00124931,0.000786153,-0.000785701,0.000111413,0.000165392,0.000114117,-0.000862358,0.000786153,0.00377213,-0.0006361,-0.00183943,-0.000331942,4.94218e-05,-0.000127493,-0.000785701,-0.0006361,0.00248747,0.000990961,-0.000153197,-5.63385e-05,-0.00190547,0.000111413,-0.00183943,0.000990961,0.0277556,0.000770442,0.000920474,-0.000471113,0.000165392,-0.000331942,-0.000153197,0.000770442,0.0246233,0.000185665,6.10498e-05,0.000114117,4.94218e-05,-5.63385e-05,0.000920474,0.000185665,0.0466494,
0.00407909,0.000749185,-0.000862363,-0.0001275,-0.00190547,-0.000471111,6.10484e-05,0.000749185,0.00124931,0.000786152,-0.000785703,0.000111414,0.000165392,0.000114118,-0.000862363,0.000786152,0.00377214,-0.000636099,-0.00183943,-0.000331941,4.94206e-05,-0.0001275,-0.000785703,-0.000636099,0.00248747,0.000990964,-0.000153196,-5.63382e-05,-0.00190547,0.000111414,-0.00183943,0.000990964,0.0277556,0.000770436,0.000920453,-0.000471111,0.000165392,-0.000331941,-0.000153196,0.000770436,0.0246233,0.00018568,6.10484e-05,0.000114118,4.94206e-05,-5.63382e-05,0.000920453,0.00018568,0.0466494,
0.00407909,0.000749185,-0.000862367,-0.000127507,-0.00190546,-0.000471109,6.10469e-05,0.000749185,0.00124931,0.000786151,-0.000785705,0.000111414,0.000165392,0.000114118,-0.000862367,0.000786151,0.00377214,-0.000636098,-0.00183943,-0.000331941,4.94194e-05,-0.000127507,-0.000785705,-0.000636098,0.00248747,0.000990966,-0.000153195,-5.63379e-05,-0.00190546,0.000111414,-0.00183943,0.000990966,0.0277556,0.00077043,0.000920431,-0.000471109,0.000165392,-0.000331941,-0.000153195,0.00077043,0.0246233,0.000185695,6.10469e-05,0.000114118,4.94194e-05,-5.63379e-05,0.000920431,0.000185695,0.0466494,
0.00407908,0.000749185,-0.000862372,-0.000127513,-0.00190546,-0.000471107,6.10455e-05,0.000749185,0.00124931,0.00078615,-0.000785707,0.000111414,0.000165392,0.000114118,-0.000862372,0.00078615,0.00377214,-0.000636097,-0.00183943,-0.000331941,4.94183e-05,-0.000127513,-0.000785707,-0.000636097,0.00248748,0.000990968,-0.000153194,-5.63376e-05,-0.00190546,0.000111414,-0.00183943,0.000990968,0.0277556,0.000770424,0.00092041,-0.000471107,0.000165392,-0.000331941,-0.000153194,0.000770424,0.0246233,0.000185711,6.10455e-05,0.000114118,4.94183e-05,-5.63376e-05,0.00092041,0.000185711,0.0466494,
0.00407908,0.000749185,-0.000862376,-0.000127519,-0.00190545,-0.000471105,6.1044e-05,0.000749185,0.00124931,0.000786149,-0.000785709,0.000111414,0.000165392,0.000114118,-0.000862376,0.000786149,0.00377214,-0.000636095,-0.00183942,-0.00033194,4.94171e-05,-0.000127519,-0.000785709,-0.000636095,0.00248748,0.000990971,-0.000153193,-5.63374e-05,-0.00190545,0.000111414,-0.00183942,0.000990971,0.0277556,0.000770418,0.000920389,-0.000471105,0.000165392,-0.00033194,-0.000153193,0.000770418,0.0246234,0.000185726,6.1044e-05,0.000114118,4.94171e-05,-5.63374e-05,0.000920389,0.000185726,0.0466494,
0.00407907,0.000749185,-0.000862381,-0.000127526,-0.00190545,-0.000471103,6.10425e-05,0.000749185,0.00124931,0.000786148,-0.000785711,0.000111414,0.000165392,0.000114119,-0.000862381,0.000786148,0.00377214,-0.000636094,-0.00183942,-0.00033194,4.9416e-05,-0.000127526,-0.000785711,-0.000636094,0.00248748,0.000990973,-0.000153192,-5.63371e-05,-0.00190545,0.000111414,-0.00183942,0.000990973,0.0277557,0.000770412,0.000920367,-0.000471103,0.000165392,-0.00033194,-0.000153192,0.000770412,0.0246234,0.000185741,6.10425e-05,0.000114119,4.9416e-05,-5.63371e-05,0.000920367,0.000185741,0.0466494,
0.00407907,0.000749185,-0.000862385,-0.000127532,-0.00190545,-0.000471101,6.10411e-05,0.000749185,0.00124932,0.000786147,-0.000785712,0.000111414,0.000165392,0.000114119,-0.000862385,0.000786147,0.00377214,-0.000636093,-0.00183942,-0.000331939,4.94148e-05,-0.000127532,-0.000785712,-0.000636093,0.00248748,0.000990976,-0.000153191,-5.63368e-05,-0.00190545,0.000111414,-0.00183942,0.000990976,0.0277557,0.000770405,0.000920346,-0.000471101,0.000165392,-0.000331939,-0.000153191,0.000770405,0.0246234,0.000185756,6.10411e-05,0.000114119,4.94148e-05,-5.63368e-05,0.000920346,0.000185756,0.0466494,
0.00407907,0.000749185,-0.00086239,-0.000127539,-0.00190544,-0.000471098,6.10396e-05,0.000749185,0.00124932,0.000786146,-0.000785714,0.000111414,0.000165392,0.000114119,-0.00086239,0.000786146,0.00377214,-0.000636092,-0.00183941,-0.000331939,4.94136e-05,-0.000127539,-0.000785714,-0.000636092,0.00248748,0.000990978,-0.000153189,-5.63365e-05,-0.00190544,0.000111414,-0.00183941,0.000990978,0.0277557,0.000770399,0.000920324,-0.000471098,0.000165392,-0.000331939,-0.000153189,0.000770399,0.0246234,0.000185772,6.10396e-05,0.000114119,4.94136e-05,-5.63365e-05,0.000920324,0.000185772,0.0466494,
