0.00164002,-4.03916e-06,-0.00178093,1.57238e-05,0.000117509,-3.08464e-05,7.77135e-06,-3.91329e-06,0.00113949,2.21678e-05,0.00127824,0.000366889,0.00044443,-6.97166e-06,-0.0017805,2.2463e-05,0.00363346,-8.08548e-06,-0.000949596,4.32761e-05,-6.94378e-06,1.56602e-05,0.00127798,-8.82583e-06,0.00329701,-0.000535407,-0.00236657,4.26517e-05,0.000119626,0.000368026,-0.000950617,-0.00053167,0.0326017,0.00142563,-0.00143574,-2.633e-05,0.000446622,4.029e-05,-0.00235848,0.00142171,0.02894,0.000146665,7.23844e-06,-7.6101e-06,-7.90964e-06,4.18893e-05,-0.00144167,0.000133038,0.0466727,
0.00203694,0.000171476,-0.00172303,0.000687641,-0.000261575,-4.01506e-05,1.32596e-05,0.000171476,0.00130659,0.000629688,0.00111153,-0.000112585,3.44145e-05,2.93822e-05,-0.00172303,0.000629688,0.00346155,7.0729e-05,-0.00133719,-3.15911e-05,3.2899e-05,0.000687641,0.00111153,7.0729e-05,0.00292281,-0.000946957,-0.00241607,4.38167e-05,-0.000261575,-0.000112585,-0.00133719,-0.000946957,0.0293828,0.000942723,-0.000967585,-4.01506e-05,3.44145e-05,-3.15911e-05,-0.00241607,0.000942723,0.0278101,0.000429787,1.32596e-05,2.93822e-05,3.2899e-05,4.38167e-05,-0.000967585,0.000429787,0.0465473,
0.00203647,0.000171367,-0.00172283,0.000687715,-0.000262051,-4.07583e-05,1.32904e-05,0.000171367,0.00130644,0.000629641,0.00111164,-0.000112416,3.3974e-05,2.94248e-05,-0.00172283,0.000629641,0.00346186,7.07236e-05,-0.00133822,-3.21507e-05,3.30095e-05,0.000687715,0.00111164,7.07236e-05,0.00292314,-0.000946343,-0.00241569,4.37585e-05,-0.000262051,-0.000112416,-0.00133822,-0.000946343,0.029378,0.000942259,-0.000965908,-4.07583e-05,3.3974e-05,-3.21507e-05,-0.00241569,0.000942259,0.0278081,0.000429971,1.32904e-05,2.94248e-05,3.30095e-05,4.37585e-05,-0.000965908,0.000429971,0.0465474,
0.00203601,0.000171258,-0.00172262,0.00068779,-0.000262526,-4.1365e-05,1.33211e-05,0.000171258,0.00130629,0.000629594,0.00111175,-0.000112246,3.3534e-05,2.94674e-05,-0.00172262,0.000629594,0.00346217,7.0718e-05,-0.00133925,-3.27094e-05,3.31197e-05,0.00068779,0.00111175,7.0718e-05,0.00292346,-0.000945729,-0.0024153,4.37002e-05,-0.000262526,-0.000112246,-0.00133925,-0.000945729,0.0293731,0.000941796,-0.000964231,-4.1365e-05,3.3534e-05,-3.27094e-05,-0.0024153,0.000941796,0.027806,0.000430154,1.33211e-05,2.94674e-05,3.31197e-05,4.37002e-05,-0.000964231,0.000430154,0.0465475,
0.00203573,0.000171193,-0.0017225,0.000687835,-0.00026281,-4.17285e-05,1.33394e-05,0.000171193,0.00130621,0.000629566,0.00111181,-0.000112145,3.32704e-05,2.94929e-05,-0.0017225,0.000629566,0.00346236,7.07147e-05,-0.00133987,-3.30441e-05,3.31858e-05,0.000687835,0.00111181,7.07147e-05,0.00292366,-0.00094536,-0.00241507,4.36651e-05,-0.00026281,-0.000112145,-0.00133987,-0.00094536,0.0293702,0.000941518,-0.000963226,-4.17285e-05,3.32704e-05,-3.30441e-05,-0.00241507,0.000941518,0.0278048,0.000430264,1.33394e-05,2.94929e-05,3.31858e-05,4.36651e-05,-0.000963226,0.000430264,0.0465475,
0.00203508,0.00017104,-0.00172221,0.000687939,-0.000263472,-4.25754e-05,1.33818e-05,0.00017104,0.001306,0.0006295,0.00111196,-0.000111909,3.2656e-05,2.95523e-05,-0.00172221,0.0006295,0.00346279,7.07068e-05,-0.00134131,-3.38239e-05,3.33397e-05,0.000687939,0.00111196,7.07068e-05,0.00292412,-0.000944501,-0.00241454,4.35834e-05,-0.000263472,-0.000111909,-0.00134131,-0.000944501,0.0293635,0.000940873,-0.000960882,-4.25754e-05,3.2656e-05,-3.38239e-05,-0.00241454,0.000940873,0.027802,0.000430519,1.33818e-05,2.95523e-05,3.33397e-05,4.35834e-05,-0.000960882,0.000430519,0.0465476,
0.00203462,0.000170932,-0.001722,0.000688013,-0.000263945,-4.3179e-05,1.3412e-05,0.000170932,0.00130585,0.000629453,0.00111207,-0.00011174,3.22179e-05,2.95947e-05,-0.001722,0.000629453,0.0034631,7.07011e-05,-0.00134233,-3.43798e-05,3.34494e-05,0.000688013,0.00111207,7.07011e-05,0.00292445,-0.000943887,-0.00241415,4.35249e-05,-0.000263945,-0.00011174,-0.00134233,-0.000943887,0.0293586,0.000940413,-0.000959208,-4.3179e-05,3.22179e-05,-3.43798e-05,-0.00241415,0.000940413,0.0277999,0.000430701,1.3412e-05,2.95947e-05,3.34494e-05,4.35249e-05,-0.000959208,0.000430701,0.0465477,
0.00203415,0.000170824,-0.00172179,0.000688086,-0.000264416,-4.37817e-05,1.3442e-05,0.000170824,0.0013057,0.000629405,0.00111218,-0.000111572,3.17803e-05,2.9637e-05,-0.00172179,0.000629405,0.00346341,7.06953e-05,-0.00134336,-3.49347e-05,3.35589e-05,0.000688086,0.00111218,7.06953e-05,0.00292478,-0.000943272,-0.00241377,4.34663e-05,-0.000264416,-0.000111572,-0.00134336,-0.000943272,0.0293538,0.000939955,-0.000957536,-4.37817e-05,3.17803e-05,-3.49347e-05,-0.00241377,0.000939955,0.0277979,0.000430882,1.3442e-05,2.9637e-05,3.35589e-05,4.34663e-05,-0.000957536,0.000430882,0.0465478,
0.00203369,0.000170715,-0.00172158,0.00068816,-0.000264886,-4.43834e-05,1.34718e-05,0.000170715,0.00130555,0.000629358,0.00111228,-0.000111403,3.13434e-05,2.96792e-05,-0.00172158,0.000629358,0.00346372,7.06895e-05,-0.00134438,-3.54886e-05,3.36682e-05,0.00068816,0.00111228,7.06895e-05,0.00292511,-0.000942658,-0.00241338,4.34077e-05,-0.000264886,-0.000111403,-0.00134438,-0.000942658,0.029349,0.000939497,-0.000955864,-4.43834e-05,3.13434e-05,-3.54886e-05,-0.00241338,0.000939497,0.0277959,0.000431062,1.34718e-05,2.96792e-05,3.36682e-05,4.34077e-05,-0.000955864,0.000431062,0.0465479,
0.00163239,-4.25065e-06,-0.00177824,1.57808e-05,0.000119434,-3.1733e-05,7.17902e-06,-4.25065e-06,0.00113912,2.2512e-05,0.00127691,0.000366888,0.000443268,-7.64695e-06,-0.00177824,2.2512e-05,0.00363299,-8.15432e-06,-0.000955037,4.41658e-05,-7.83083e-06,1.57808e-05,0.00127691,-8.15431e-06,0.00329463,-0.000534631,-0.00236583,4.16246e-05,0.000119434,0.000366888,-0.000955037,-0.000534631,0.0326024,0.00144758,-0.00144003,-3.1733e-05,0.000443268,4.41658e-05,-0.00236583,0.00144758,0.0289794,0.000130302,7.17902e-06,-7.64695e-06,-7.83083e-06,4.16246e-05,-0.00144003,0.000130302,0.0466725,
0.00163112,-4.28711e-06,-0.00177783,1.58163e-05,0.000119569,-3.21376e-05,7.19264e-06,-4.28711e-06,0.00113905,2.2513e-05,0.00127673,0.000366627,0.000442608,-7.61916e-06,-0.00177783,2.2513e-05,0.00363279,-8.09811e-06,-0.000956483,4.36814e-05,-7.73267e-06,1.58163e-05,0.00127673,-8.09811e-06,0.00329426,-0.000534668,-0.00236619,4.16044e-05,0.000119569,0.000366627,-0.000956483,-0.000534668,0.0325986,0.00144692,-0.00143928,-3.21376e-05,0.000442608,4.36814e-05,-0.00236619,0.00144692,0.0289778,0.000130491,7.19264e-06,-7.61916e-06,-7.73267e-06,4.16044e-05,-0.00143928,0.000130491,0.0466724,
0.0016298,-4.32541e-06,-0.00177739,1.58527e-05,0.000119704,-3.25602e-05,7.20683e-06,-4.32541e-06,0.00113897,2.25133e-05,0.00127653,0.000366351,0.000441909,-7.58969e-06,-0.00177739,2.25133e-05,0.00363257,-8.03901e-06,-0.00095801,4.31734e-05,-7.62816e-06,1.58527e-05,0.00127653,-8.03901e-06,0.00329387,-0.000534704,-0.00236657,4.15829e-05,0.000119704,0.000366351,-0.00095801,-0.000534704,0.0325947,0.00144621,-0.00143847,-3.25602e-05,0.000441909,4.31734e-05,-0.00236657,0.00144621,0.028976,0.000130689,7.20683e-06,-7.58969e-06,-7.62816e-06,4.15829e-05,-0.00143847,0.000130689,0.0466723,
0.00162843,-4.36533e-06,-0.00177694,1.58898e-05,0.000119838,-3.29967e-05,7.2214e-06,-4.36533e-06,0.0011389,2.2513e-05,0.00127632,0.000366062,0.000441174,-7.55863e-06,-0.00177694,2.2513e-05,0.00363234,-7.97749e-06,-0.00095961,4.26467e-05,-7.51795e-06,1.58898e-05,0.00127632,-7.97749e-06,0.00329346,-0.000534742,-0.00236696,4.15603e-05,0.000119838,0.000366062,-0.00095961,-0.000534742,0.0325905,0.00144546,-0.00143762,-3.29967e-05,0.000441174,4.26467e-05,-0.00236696,0.00144546,0.0289742,0.000130897,7.2214e-06,-7.55863e-06,-7.51795e-06,4.15603e-05,-0.00143762,0.000130897,0.0466722,
0.00162702,-4.40668e-06,-0.00177647,1.59274e-05,0.000119973,-3.34449e-05,7.23617e-06,-4.40668e-06,0.00113882,2.25122e-05,0.00127611,0.000365761,0.000440405,-7.52609e-06,-0.00177647,2.25122e-05,0.0036321,-7.91384e-06,-0.000961276,4.21039e-05,-7.40261e-06,1.59274e-05,0.00127611,-7.91383e-06,0.00329304,-0.000534781,-0.00236737,4.15367e-05,0.000119973,0.000365761,-0.000961276,-0.000534781,0.0325861,0.00144468,-0.00143674,-3.34449e-05,0.000440405,4.21039e-05,-0.00236737,0.00144468,0.0289722,0.000131114,7.23617e-06,-7.52609e-06,-7.40261e-06,4.15367e-05,-0.00143674,0.000131114,0.046672,
0.00162557,-4.44931e-06,-0.00177599,1.59654e-05,0.000120109,-3.39033e-05,7.25103e-06,-4.4493e-06,0.00113874,2.25109e-05,0.00127589,0.00036545,0.000439605,-7.49221e-06,-0.00177599,2.25109e-05,0.00363184,-7.84825e-06,-0.000963003,4.15467e-05,-7.28265e-06,1.59654e-05,0.00127589,-7.84824e-06,0.0032926,-0.000534821,-0.0023678,4.15123e-05,0.000120109,0.00036545,-0.000963003,-0.000534821,0.0325815,0.00144386,-0.00143581,-3.39033e-05,0.000439605,4.15467e-05,-0.0023678,0.00144386,0.0289702,0.00013134,7.25103e-06,-7.49221e-06,-7.28265e-06,4.15123e-05,-0.00143581,0.00013134,0.0466719,
0.00162408,-4.49307e-06,-0.00177549,1.60037e-05,0.000120247,-3.43705e-05,7.26587e-06,-4.49307e-06,0.00113865,2.25091e-05,0.00127566,0.000365128,0.000438778,-7.4571e-06,-0.00177549,2.25091e-05,0.00363156,-7.78089e-06,-0.000964785,4.09766e-05,-7.15855e-06,1.60037e-05,0.00127566,-7.78089e-06,0.00329214,-0.000534861,-0.00236824,4.14871e-05,0.000120247,0.000365128,-0.000964785,-0.000534861,0.0325767,0.00144301,-0.00143485,-3.43705e-05,0.000438778,4.09766e-05,-0.00236824,0.00144301,0.0289681,0.000131573,7.26587e-06,-7.4571e-06,-7.15855e-06,4.14871e-05,-0.00143485,0.000131573,0.0466718,
0.00162257,-4.53784e-06,-0.00177498,1.60422e-05,0.000120385,-3.48454e-05,7.2806e-06,-4.53784e-06,0.00113856,2.25068e-05,0.00127543,0.000364798,0.000437925,-7.42084e-06,-0.00177498,2.25068e-05,0.00363128,-7.7119e-06,-0.000966616,4.03945e-05,-7.03072e-06,1.60422e-05,0.00127543,-7.7119e-06,0.00329168,-0.000534902,-0.00236868,4.14613e-05,0.000120385,0.000364798,-0.000966616,-0.000534902,0.0325718,0.00144213,-0.00143386,-3.48454e-05,0.000437925,4.03945e-05,-0.00236868,0.00144213,0.028966,0.000131814,7.2806e-06,-7.42085e-06,-7.03072e-06,4.14613e-05,-0.00143386,0.000131814,0.0466717,
0.00162102,-4.58351e-06,-0.00177446,1.60807e-05,0.000120525,-3.53271e-05,7.29514e-06,-4.58351e-06,0.00113847,2.2504e-05,0.00127519,0.00036446,0.000437049,-7.38356e-06,-0.00177446,2.2504e-05,0.00363098,-7.64142e-06,-0.000968493,3.98017e-05,-6.89954e-06,1.60807e-05,0.00127519,-7.64142e-06,0.0032912,-0.000534943,-0.00236914,4.14349e-05,0.000120525,0.00036446,-0.000968493,-0.000534943,0.0325668,0.00144123,-0.00143284,-3.53271e-05,0.000437049,3.98017e-05,-0.00236914,0.00144123,0.0289638,0.000132062,7.29514e-06,-7.38356e-06,-6.89954e-06,4.14349e-05,-0.00143284,0.000132062,0.0466715,
0.00161946,-4.62997e-06,-0.00177393,1.61193e-05,0.000120667,-3.58147e-05,7.30941e-06,-4.62997e-06,0.00113838,2.25008e-05,0.00127494,0.000364113,0.000436152,-7.34533e-06,-0.00177393,2.25008e-05,0.00363067,-7.56955e-06,-0.00097041,3.91989e-05,-6.76536e-06,1.61193e-05,0.00127494,-7.56955e-06,0.00329072,-0.000534984,-0.00236961,4.14079e-05,0.000120667,0.000364113,-0.00097041,-0.000534984,0.0325616,0.0014403,-0.0014318,-3.58147e-05,0.000436152,3.91989e-05,-0.00236961,0.0014403,0.0289615,0.000132317,7.30941e-06,-7.34533e-06,-6.76536e-06,4.14079e-05,-0.0014318,0.000132317,0.0466714,
0.00161787,-4.67713e-06,-0.00177338,1.61579e-05,0.000120811,-3.63075e-05,7.32336e-06,-4.67713e-06,0.00113829,2.24972e-05,0.00127469,0.00036376,0.000435235,-7.30624e-06,-0.00177338,2.24972e-05,0.00363034,-7.4964e-06,-0.000972365,3.85871e-05,-6.62847e-06,1.61579e-05,0.00127469,-7.4964e-06,0.00329022,-0.000535024,-0.00237009,4.13805e-05,0.000120811,0.00036376,-0.000972365,-0.000535024,0.0325563,0.00143935,-0.00143073,-3.63075e-05,0.000435235,3.85871e-05,-0.00237009,0.00143935,0.0289592,0.000132579,7.32336e-06,-7.30624e-06,-6.62847e-06,4.13805e-05,-0.00143073,0.000132579,0.0466713,
0.00161627,-4.7249e-06,-0.00177283,1.61963e-05,0.000120956,-3.68046e-05,7.33693e-06,-4.7249e-06,0.00113819,2.24931e-05,0.00127444,0.000363401,0.0004343,-7.26636e-06,-0.00177283,2.24931e-05,0.00363001,-7.42206e-06,-0.000974353,3.79669e-05,-6.48914e-06,1.61963e-05,0.00127444,-7.42206e-06,0.00328972,-0.000535064,-0.00237058,4.13527e-05,0.000120956,0.000363401,-0.000974353,-0.000535064,0.0325509,0.00143838,-0.00142965,-3.68046e-05,0.0004343,3.79669e-05,-0.00237058,0.00143838,0.0289568,0.000132846,7.33693e-06,-7.26636e-06,-6.48914e-06,4.13527e-05,-0.00142965,0.000132846,0.0466711,
0.00161465,-4.7732e-06,-0.00177227,1.62347e-05,0.000121103,-3.73054e-05,7.35008e-06,-4.7732e-06,0.0011381,2.24887e-05,0.00127418,0.000363036,0.000433349,-7.22576e-06,-0.00177227,2.24887e-05,0.00362966,-7.34662e-06,-0.000976372,3.73391e-05,-6.34763e-06,1.62347e-05,0.00127418,-7.34662e-06,0.0032892,-0.000535104,-0.00237107,4.13245e-05,0.000121103,0.000363036,-0.000976372,-0.000535104,0.0325454,0.0014374,-0.00142855,-3.73054e-05,0.000433349,3.73391e-05,-0.00237107,0.0014374,0.0289544,0.000133119,7.35008e-06,-7.22576e-06,-6.34763e-06,4.13245e-05,-0.00142855,0.000133119,0.046671,
0.00161302,-4.82196e-06,-0.00177171,1.62728e-05,0.000121253,-3.78094e-05,7.36277e-06,-4.82196e-06,0.001138,2.24839e-05,0.00127392,0.000362665,0.000432384,-7.18451e-06,-0.00177171,2.24839e-05,0.00362931,-7.27015e-06,-0.000978418,3.67042e-05,-6.20415e-06,1.62728e-05,0.00127392,-7.27015e-06,0.00328868,-0.000535143,-0.00237156,4.1296e-05,0.000121253,0.000362665,-0.000978418,-0.000535143,0.0325398,0.0014364,-0.00142743,-3.78094e-05,0.000432384,3.67042e-05,-0.00237156,0.0014364,0.0289519,0.000133397,7.36277e-06,-7.18451e-06,-6.20415e-06,4.1296e-05,-0.00142743,0.000133397,0.0466709,
0.00161138,-4.87112e-06,-0.00177113,1.63108e-05,0.000121405,-3.83161e-05,7.37496e-06,-4.87112e-06,0.0011379,2.24787e-05,0.00127365,0.00036229,0.000431404,-7.14265e-06,-0.00177113,2.24787e-05,0.00362894,-7.19273e-06,-0.000980489,3.60629e-05,-6.05889e-06,1.63108e-05,0.00127365,-7.19273e-06,0.00328815,-0.000535182,-0.00237207,4.12672e-05,0.000121405,0.00036229,-0.000980489,-0.000535182,0.0325341,0.00143538,-0.0014263,-3.83161e-05,0.000431404,3.60629e-05,-0.00237207,0.00143538,0.0289495,0.00013368,7.37496e-06,-7.14265e-06,-6.05889e-06,4.12672e-05,-0.0014263,0.00013368,0.0466707,
0.00160973,-4.92061e-06,-0.00177055,1.63486e-05,0.00012156,-3.88248e-05,7.38663e-06,-4.92061e-06,0.0011378,2.24732e-05,0.00127339,0.00036191,0.000430412,-7.10026e-06,-0.00177055,2.24732e-05,0.00362856,-7.11441e-06,-0.000982582,3.54157e-05,-5.91202e-06,1.63486e-05,0.00127339,-7.11441e-06,0.00328762,-0.00053522,-0.00237257,4.12381e-05,0.00012156,0.00036191,-0.000982582,-0.00053522,0.0325283,0.00143436,-0.00142516,-3.88248e-05,0.000430412,3.54157e-05,-0.00237257,0.00143436,0.028947,0.000133967,7.38663e-06,-7.10026e-06,-5.91202e-06,4.12381e-05,-0.00142516,0.000133967,0.0466706,
0.00160807,-4.97037e-06,-0.00176997,1.63861e-05,0.000121716,-3.93352e-05,7.39776e-06,-4.97037e-06,0.0011377,2.24673e-05,0.00127311,0.000361526,0.000429409,-7.05736e-06,-0.00176997,2.24673e-05,0.00362817,-7.03526e-06,-0.000984696,3.47629e-05,-5.76371e-06,1.63861e-05,0.00127311,-7.03526e-06,0.00328708,-0.000535257,-0.00237309,4.12087e-05,0.000121716,0.000361526,-0.000984696,-0.000535257,0.0325225,0.00143332,-0.00142401,-3.93352e-05,0.000429409,3.47629e-05,-0.00237309,0.00143332,0.0289444,0.000134259,7.39776e-06,-7.05736e-06,-5.76371e-06,4.12087e-05,-0.00142401,0.000134259,0.0466704,
0.00160641,-5.02037e-06,-0.00176938,1.64233e-05,0.000121876,-3.9847e-05,7.40833e-06,-5.02037e-06,0.0011376,2.24611e-05,0.00127284,0.000361138,0.000428395,-7.01401e-06,-0.00176938,2.24611e-05,0.00362777,-6.95533e-06,-0.000986829,3.41051e-05,-5.61408e-06,1.64233e-05,0.00127284,-6.95533e-06,0.00328654,-0.000535293,-0.0023736,4.11792e-05,0.000121876,0.000361138,-0.000986829,-0.000535293,0.0325166,0.00143227,-0.00142285,-3.9847e-05,0.000428395,3.41051e-05,-0.0023736,0.00143227,0.0289419,0.000134554,7.40833e-06,-7.01402e-06,-5.61408e-06,4.11792e-05,-0.00142285,0.000134554,0.0466703,
0.00160474,-5.07055e-06,-0.00176878,1.64602e-05,0.000122038,-4.03596e-05,7.41832e-06,-5.07056e-06,0.0011375,2.24547e-05,0.00127257,0.000360747,0.000427372,-6.97026e-06,-0.00176878,2.24547e-05,0.00362736,-6.87466e-06,-0.000988977,3.34426e-05,-5.46327e-06,1.64602e-05,0.00127257,-6.87466e-06,0.00328599,-0.000535328,-0.00237412,4.11494e-05,0.000122038,0.000360747,-0.000988977,-0.000535328,0.0325106,0.00143121,-0.00142168,-4.03596e-05,0.000427372,3.34426e-05,-0.00237412,0.00143121,0.0289393,0.000134853,7.41832e-06,-6.97026e-06,-5.46327e-06,4.11494e-05,-0.00142168,0.000134853,0.0466701,
0.00160308,-5.12088e-06,-0.00176818,1.64969e-05,0.000122203,-4.08728e-05,7.42772e-06,-5.12088e-06,0.00113739,2.2448e-05,0.00127229,0.000360353,0.00042634,-6.92613e-06,-0.00176818,2.2448e-05,0.00362694,-6.79329e-06,-0.000991141,3.27758e-05,-5.31137e-06,1.64969e-05,0.00127229,-6.7933e-06,0.00328543,-0.000535362,-0.00237464,4.11195e-05,0.000122203,0.000360353,-0.000991141,-0.000535362,0.0325046,0.00143014,-0.0014205,-4.08728e-05,0.00042634,3.27758e-05,-0.00237464,0.00143014,0.0289367,0.000135155,7.42772e-06,-6.92613e-06,-5.31137e-06,4.11195e-05,-0.0014205,0.000135155,0.04667,
0.00160141,-5.17131e-06,-0.00176758,1.65332e-05,0.00012237,-4.13863e-05,7.43652e-06,-5.17132e-06,0.00113729,2.2441e-05,0.00127201,0.000359955,0.000425299,-6.88165e-06,-0.00176758,2.2441e-05,0.00362651,-6.71128e-06,-0.000993319,3.2105e-05,-5.15849e-06,1.65332e-05,0.00127201,-6.71128e-06,0.00328487,-0.000535395,-0.00237517,4.10893e-05,0.00012237,0.000359955,-0.000993319,-0.000535395,0.0324985,0.00142906,-0.00141931,-4.13863e-05,0.000425299,3.2105e-05,-0.00237517,0.00142906,0.028934,0.000135461,7.43652e-06,-6.88165e-06,-5.15849e-06,4.10893e-05,-0.00141931,0.000135461,0.0466698,
0.00159973,-5.22182e-06,-0.00176697,1.65692e-05,0.00012254,-4.18998e-05,7.44471e-06,-5.22182e-06,0.00113719,2.24337e-05,0.00127173,0.000359555,0.000424252,-6.83687e-06,-0.00176697,2.24337e-05,0.00362607,-6.62865e-06,-0.000995508,3.14305e-05,-5.00472e-06,1.65692e-05,0.00127173,-6.62865e-06,0.00328431,-0.000535426,-0.0023757,4.1059e-05,0.00012254,0.000359555,-0.000995508,-0.000535426,0.0324924,0.00142798,-0.00141812,-4.18998e-05,0.000424252,3.14305e-05,-0.0023757,0.00142798,0.0289314,0.000135769,7.44471e-06,-6.83687e-06,-5.00472e-06,4.1059e-05,-0.00141812,0.000135769,0.0466696,
0.00159806,-5.27237e-06,-0.00176636,1.66049e-05,0.000122714,-4.24131e-05,7.45229e-06,-5.27237e-06,0.00113708,2.24263e-05,0.00127144,0.000359152,0.000423197,-6.79181e-06,-0.00176636,2.24263e-05,0.00362563,-6.54544e-06,-0.000997709,3.07526e-05,-4.85012e-06,1.66049e-05,0.00127144,-6.54544e-06,0.00328374,-0.000535457,-0.00237623,4.10286e-05,0.000122714,0.000359152,-0.000997709,-0.000535457,0.0324863,0.00142689,-0.00141692,-4.24131e-05,0.000423197,3.07526e-05,-0.00237623,0.00142689,0.0289287,0.000136079,7.45229e-06,-6.79181e-06,-4.85012e-06,4.10286e-05,-0.00141692,0.000136079,0.0466695,
0.00159639,-5.32294e-06,-0.00176575,1.66402e-05,0.00012289,-4.2926e-05,7.45926e-06,-5.32294e-06,0.00113698,2.24186e-05,0.00127116,0.000358747,0.000422136,-6.7465e-06,-0.00176575,2.24186e-05,0.00362517,-6.46167e-06,-0.000999919,3.00714e-05,-4.69477e-06,1.66402e-05,0.00127116,-6.46167e-06,0.00328317,-0.000535487,-0.00237676,4.0998e-05,0.00012289,0.000358747,-0.000999919,-0.000535487,0.0324801,0.00142579,-0.00141572,-4.2926e-05,0.000422136,3.00714e-05,-0.00237676,0.00142579,0.028926,0.000136392,7.45926e-06,-6.7465e-06,-4.69477e-06,4.0998e-05,-0.00141572,0.000136392,0.0466693,
0.00159473,-5.37349e-06,-0.00176513,1.66752e-05,0.000123069,-4.34381e-05,7.4656e-06,-5.37349e-06,0.00113687,2.24106e-05,0.00127087,0.000358339,0.000421069,-6.70095e-06,-0.00176513,2.24106e-05,0.0036247,-6.37737e-06,-0.00100214,2.93872e-05,-4.53873e-06,1.66752e-05,0.00127087,-6.37737e-06,0.00328259,-0.000535515,-0.00237729,4.09673e-05,0.000123069,0.000358339,-0.00100214,-0.000535515,0.0324738,0.00142469,-0.00141451,-4.34381e-05,0.000421069,2.93872e-05,-0.00237729,0.00142469,0.0289233,0.000136707,7.4656e-06,-6.70095e-06,-4.53873e-06,4.09673e-05,-0.00141451,0.000136707,0.0466692,
0.00159306,-5.42401e-06,-0.00176451,1.67099e-05,0.000123251,-4.39495e-05,7.47133e-06,-5.42401e-06,0.00113676,2.24025e-05,0.00127058,0.00035793,0.000419997,-6.6552e-06,-0.00176451,2.24025e-05,0.00362422,-6.29257e-06,-0.00100437,2.87003e-05,-4.38205e-06,1.67099e-05,0.00127058,-6.29257e-06,0.00328202,-0.000535542,-0.00237782,4.09364e-05,0.000123251,0.00035793,-0.00100437,-0.000535542,0.0324676,0.00142358,-0.0014133,-4.39495e-05,0.000419997,2.87003e-05,-0.00237782,0.00142358,0.0289206,0.000137024,7.47133e-06,-6.6552e-06,-4.38205e-06,4.09364e-05,-0.0014133,0.000137024,0.046669,
0.0015914,-5.47448e-06,-0.00176388,1.67442e-05,0.000123436,-4.44598e-05,7.47643e-06,-5.47448e-06,0.00113666,2.23942e-05,0.00127029,0.000357518,0.00041892,-6.60926e-06,-0.00176388,2.23942e-05,0.00362373,-6.2073e-06,-0.0010066,2.80107e-05,-4.22478e-06,1.67442e-05,0.00127029,-6.2073e-06,0.00328144,-0.000535568,-0.00237836,4.09054e-05,0.000123436,0.000357518,-0.0010066,-0.000535568,0.0324613,0.00142247,-0.00141208,-4.44598e-05,0.00041892,2.80107e-05,-0.00237836,0.00142247,0.0289179,0.000137343,7.47643e-06,-6.60926e-06,-4.22478e-06,4.09054e-05,-0.00141208,0.000137343,0.0466688,
0.00158974,-5.52487e-06,-0.00176326,1.67781e-05,0.000123624,-4.4969e-05,7.48092e-06,-5.52487e-06,0.00113655,2.23858e-05,0.00127,0.000357105,0.000417839,-6.56315e-06,-0.00176326,2.23858e-05,0.00362324,-6.12156e-06,-0.00100884,2.73187e-05,-4.06696e-06,1.67781e-05,0.00127,-6.12156e-06,0.00328085,-0.000535593,-0.00237889,4.08743e-05,0.000123624,0.000357105,-0.00100884,-0.000535593,0.032455,0.00142135,-0.00141087,-4.4969e-05,0.000417839,2.73187e-05,-0.00237889,0.00142135,0.0289152,0.000137663,7.48092e-06,-6.56315e-06,-4.06696e-06,4.08743e-05,-0.00141087,0.000137663,0.0466687,
0.00158808,-5.57518e-06,-0.00176263,1.68117e-05,0.000123815,-4.54768e-05,7.48478e-06,-5.57518e-06,0.00113644,2.23771e-05,0.00126971,0.000356691,0.000416753,-6.5169e-06,-0.00176263,2.23771e-05,0.00362273,-6.03538e-06,-0.00101109,2.66244e-05,-3.90863e-06,1.68117e-05,0.00126971,-6.03538e-06,0.00328027,-0.000535617,-0.00237943,4.08431e-05,0.000123815,0.000356691,-0.00101109,-0.000535617,0.0324486,0.00142023,-0.00140964,-4.54768e-05,0.000416753,2.66244e-05,-0.00237943,0.00142023,0.0289124,0.000137985,7.48478e-06,-6.5169e-06,-3.90863e-06,4.08431e-05,-0.00140964,0.000137985,0.0466685,
0.00158643,-5.62538e-06,-0.001762,1.68449e-05,0.00012401,-4.59833e-05,7.48804e-06,-5.62538e-06,0.00113634,2.23683e-05,0.00126942,0.000356274,0.000415663,-6.47051e-06,-0.001762,2.23683e-05,0.00362222,-5.94878e-06,-0.00101334,2.5928e-05,-3.74981e-06,1.68449e-05,0.00126942,-5.94878e-06,0.00327968,-0.000535639,-0.00237997,4.08117e-05,0.00012401,0.000356274,-0.00101334,-0.000535639,0.0324422,0.00141911,-0.00140842,-4.59833e-05,0.000415663,2.5928e-05,-0.00237997,0.00141911,0.0289097,0.000138307,7.48804e-06,-6.47051e-06,-3.74981e-06,4.08117e-05,-0.00140842,0.000138307,0.0466683,
0.00158479,-5.67546e-06,-0.00176137,1.68778e-05,0.000124207,-4.64882e-05,7.49068e-06,-5.67545e-06,0.00113623,2.23594e-05,0.00126912,0.000355857,0.00041457,-6.42399e-06,-0.00176137,2.23594e-05,0.0036217,-5.86178e-06,-0.00101559,2.52295e-05,-3.59055e-06,1.68778e-05,0.00126912,-5.86178e-06,0.00327909,-0.00053566,-0.00238051,4.07802e-05,0.000124207,0.000355857,-0.00101559,-0.00053566,0.0324358,0.00141798,-0.0014072,-4.64882e-05,0.00041457,2.52295e-05,-0.00238051,0.00141798,0.0289069,0.000138631,7.49068e-06,-6.42399e-06,-3.59055e-06,4.07802e-05,-0.0014072,0.000138631,0.0466682,
0.00158315,-5.72541e-06,-0.00176074,1.69103e-05,0.000124408,-4.69915e-05,7.49271e-06,-5.7254e-06,0.00113612,2.23503e-05,0.00126883,0.000355438,0.000413473,-6.37737e-06,-0.00176074,2.23503e-05,0.00362116,-5.77438e-06,-0.00101785,2.45291e-05,-3.43086e-06,1.69103e-05,0.00126883,-5.77438e-06,0.00327849,-0.00053568,-0.00238105,4.07487e-05,0.000124408,0.000355438,-0.00101785,-0.00053568,0.0324294,0.00141685,-0.00140597,-4.69915e-05,0.000413473,2.45291e-05,-0.00238105,0.00141685,0.0289042,0.000138956,7.49271e-06,-6.37738e-06,-3.43086e-06,4.07487e-05,-0.00140597,0.000138956,0.046668,
0.00158152,-5.77521e-06,-0.0017601,1.69424e-05,0.000124612,-4.7493e-05,7.49414e-06,-5.77521e-06,0.00113601,2.2341e-05,0.00126853,0.000355017,0.000412373,-6.33066e-06,-0.0017601,2.2341e-05,0.00362062,-5.68659e-06,-0.00102011,2.38268e-05,-3.27076e-06,1.69424e-05,0.00126853,-5.68659e-06,0.0032779,-0.000535698,-0.00238158,4.0717e-05,0.000124612,0.000355017,-0.00102011,-0.000535698,0.032423,0.00141572,-0.00140474,-4.7493e-05,0.000412373,2.38268e-05,-0.00238158,0.00141572,0.0289014,0.000139281,7.49414e-06,-6.33066e-06,-3.27076e-06,4.0717e-05,-0.00140474,0.000139281,0.0466678,
0.00157989,-5.82487e-06,-0.00175946,1.69742e-05,0.000124819,-4.79928e-05,7.49497e-06,-5.82487e-06,0.0011359,2.23317e-05,0.00126824,0.000354596,0.000411271,-6.28387e-06,-0.00175946,2.23317e-05,0.00362007,-5.59844e-06,-0.00102238,2.31229e-05,-3.11028e-06,1.69742e-05,0.00126824,-5.59845e-06,0.0032773,-0.000535716,-0.00238212,4.06852e-05,0.000124819,0.000354596,-0.00102238,-0.000535716,0.0324165,0.00141458,-0.00140351,-4.79928e-05,0.000411271,2.31229e-05,-0.00238212,0.00141458,0.0288986,0.000139607,7.49497e-06,-6.28387e-06,-3.11028e-06,4.06852e-05,-0.00140351,0.000139607,0.0466677,
0.00157827,-5.87436e-06,-0.00175883,1.70056e-05,0.00012503,-4.84907e-05,7.4952e-06,-5.87436e-06,0.0011358,2.23222e-05,0.00126794,0.000354173,0.000410165,-6.237e-06,-0.00175883,2.23222e-05,0.00361952,-5.50994e-06,-0.00102465,2.24173e-05,-2.94944e-06,1.70056e-05,0.00126794,-5.50994e-06,0.0032767,-0.000535732,-0.00238266,4.06532e-05,0.00012503,0.000354173,-0.00102465,-0.000535732,0.0324101,0.00141344,-0.00140227,-4.84907e-05,0.000410165,2.24173e-05,-0.00238266,0.00141344,0.0288959,0.000139933,7.4952e-06,-6.237e-06,-2.94944e-06,4.06532e-05,-0.00140227,0.000139933,0.0466675,
0.00157666,-5.92368e-06,-0.00175819,1.70366e-05,0.000125244,-4.89866e-05,7.49484e-06,-5.92368e-06,0.00113569,2.23126e-05,0.00126764,0.000353749,0.000409058,-6.19007e-06,-0.00175819,2.23126e-05,0.00361895,-5.42108e-06,-0.00102692,2.17101e-05,-2.78823e-06,1.70366e-05,0.00126764,-5.42108e-06,0.0032761,-0.000535746,-0.0023832,4.06212e-05,0.000125244,0.000353749,-0.00102692,-0.000535746,0.0324036,0.0014123,-0.00140104,-4.89866e-05,0.000409058,2.17101e-05,-0.0023832,0.0014123,0.0288931,0.00014026,7.49484e-06,-6.19007e-06,-2.78823e-06,4.06212e-05,-0.00140104,0.00014026,0.0466673,
0.00157505,-5.97282e-06,-0.00175755,1.70673e-05,0.000125461,-4.94805e-05,7.49389e-06,-5.97282e-06,0.00113558,2.23029e-05,0.00126734,0.000353325,0.000407947,-6.14308e-06,-0.00175755,2.23029e-05,0.00361837,-5.33189e-06,-0.00102919,2.10014e-05,-2.62669e-06,1.70673e-05,0.00126734,-5.33189e-06,0.0032755,-0.00053576,-0.00238374,4.05891e-05,0.000125461,0.000353325,-0.00102919,-0.00053576,0.0323971,0.00141116,-0.00139981,-4.94805e-05,0.000407947,2.10014e-05,-0.00238374,0.00141116,0.0288903,0.000140587,7.49389e-06,-6.14308e-06,-2.62669e-06,4.05891e-05,-0.00139981,0.000140587,0.0466672,
0.00157345,-6.02178e-06,-0.0017569,1.70976e-05,0.000125681,-4.99723e-05,7.49236e-06,-6.02178e-06,0.00113547,2.2293e-05,0.00126704,0.000352899,0.000406835,-6.09605e-06,-0.0017569,2.2293e-05,0.00361779,-5.24236e-06,-0.00103146,2.02913e-05,-2.46483e-06,1.70976e-05,0.00126704,-5.24236e-06,0.00327489,-0.000535772,-0.00238428,4.05568e-05,0.000125681,0.000352899,-0.00103146,-0.000535772,0.0323906,0.00141002,-0.00139857,-4.99723e-05,0.000406835,2.02913e-05,-0.00238428,0.00141002,0.0288875,0.000140914,7.49236e-06,-6.09605e-06,-2.46483e-06,4.05568e-05,-0.00139857,0.000140914,0.046667,
0.00157185,-6.07055e-06,-0.00175626,1.71276e-05,0.000125905,-5.0462e-05,7.49024e-06,-6.07055e-06,0.00113536,2.22831e-05,0.00126674,0.000352473,0.000405721,-6.04899e-06,-0.00175626,2.22831e-05,0.0036172,-5.15252e-06,-0.00103374,1.95799e-05,-2.30264e-06,1.71276e-05,0.00126674,-5.15252e-06,0.00327428,-0.000535783,-0.00238482,4.05244e-05,0.000125905,0.000352473,-0.00103374,-0.000535783,0.0323841,0.00140887,-0.00139733,-5.0462e-05,0.000405721,1.95799e-05,-0.00238482,0.00140887,0.0288847,0.000141241,7.49024e-06,-6.04899e-06,-2.30264e-06,4.05244e-05,-0.00139733,0.000141241,0.0466668,
0.00157027,-6.11912e-06,-0.00175562,1.71571e-05,0.000126132,-5.09495e-05,7.48756e-06,-6.11912e-06,0.00113525,2.2273e-05,0.00126644,0.000352046,0.000404605,-6.00189e-06,-0.00175562,2.2273e-05,0.00361659,-5.06236e-06,-0.00103602,1.88671e-05,-2.14014e-06,1.71571e-05,0.00126644,-5.06236e-06,0.00327368,-0.000535793,-0.00238536,4.0492e-05,0.000126132,0.000352046,-0.00103602,-0.000535793,0.0323775,0.00140773,-0.0013961,-5.09495e-05,0.000404605,1.88671e-05,-0.00238536,0.00140773,0.0288819,0.000141569,7.48756e-06,-6.00189e-06,-2.14014e-06,4.0492e-05,-0.0013961,0.000141569,0.0466667,
0.00156869,-6.16749e-06,-0.00175497,1.71864e-05,0.000126362,-5.14348e-05,7.4843e-06,-6.16749e-06,0.00113514,2.22629e-05,0.00126614,0.000351618,0.000403487,-5.95477e-06,-0.00175497,2.22629e-05,0.00361598,-4.97188e-06,-0.00103829,1.8153e-05,-1.97735e-06,1.71864e-05,0.00126614,-4.97189e-06,0.00327307,-0.000535802,-0.00238589,4.04594e-05,0.000126362,0.000351618,-0.00103829,-0.000535802,0.032371,0.00140658,-0.00139486,-5.14348e-05,0.000403487,1.8153e-05,-0.00238589,0.00140658,0.0288791,0.000141896,7.4843e-06,-5.95477e-06,-1.97735e-06,4.04594e-05,-0.00139486,0.000141896,0.0466665,
0.00156712,-6.21565e-06,-0.00175432,1.72152e-05,0.000126596,-5.19179e-05,7.48047e-06,-6.21565e-06,0.00113504,2.22527e-05,0.00126583,0.000351189,0.000402367,-5.90763e-06,-0.00175432,2.22527e-05,0.00361537,-4.88111e-06,-0.00104057,1.74377e-05,-1.81425e-06,1.72152e-05,0.00126583,-4.88111e-06,0.00327245,-0.000535809,-0.00238643,4.04266e-05,0.000126596,0.000351189,-0.00104057,-0.000535809,0.0323645,0.00140543,-0.00139362,-5.19179e-05,0.000402367,1.74377e-05,-0.00238643,0.00140543,0.0288763,0.000142223,7.48047e-06,-5.90763e-06,-1.81425e-06,4.04266e-05,-0.00139362,0.000142223,0.0466663,
0.00156556,-6.26361e-06,-0.00175368,1.72438e-05,0.000126833,-5.23987e-05,7.47608e-06,-6.26361e-06,0.00113493,2.22424e-05,0.00126553,0.000350759,0.000401246,-5.86048e-06,-0.00175368,2.22424e-05,0.00361474,-4.79004e-06,-0.00104285,1.67212e-05,-1.65087e-06,1.72438e-05,0.00126553,-4.79004e-06,0.00327184,-0.000535815,-0.00238697,4.03938e-05,0.000126833,0.000350759,-0.00104285,-0.000535815,0.0323579,0.00140428,-0.00139238,-5.23987e-05,0.000401246,1.67212e-05,-0.00238697,0.00140428,0.0288735,0.00014255,7.47608e-06,-5.86048e-06,-1.65087e-06,4.03938e-05,-0.00139238,0.00014255,0.0466662,
0.001564,-6.31135e-06,-0.00175303,1.72719e-05,0.000127073,-5.28772e-05,7.47114e-06,-6.31135e-06,0.00113482,2.2232e-05,0.00126523,0.000350329,0.000400124,-5.81332e-06,-0.00175303,2.2232e-05,0.0036141,-4.69867e-06,-0.00104513,1.60035e-05,-1.4872e-06,1.72719e-05,0.00126523,-4.69867e-06,0.00327123,-0.00053582,-0.00238751,4.03608e-05,0.000127073,0.000350329,-0.00104513,-0.00053582,0.0323513,0.00140313,-0.00139114,-5.28772e-05,0.000400124,1.60035e-05,-0.00238751,0.00140313,0.0288706,0.000142876,7.47114e-06,-5.81332e-06,-1.4872e-06,4.03608e-05,-0.00139114,0.000142876,0.046666,
0.00156245,-6.35888e-06,-0.00175238,1.72997e-05,0.000127317,-5.33534e-05,7.46564e-06,-6.35887e-06,0.00113471,2.22215e-05,0.00126492,0.000349898,0.000399,-5.76615e-06,-0.00175238,2.22215e-05,0.00361346,-4.60702e-06,-0.0010474,1.52847e-05,-1.32325e-06,1.72997e-05,0.00126492,-4.60702e-06,0.00327061,-0.000535823,-0.00238804,4.03278e-05,0.000127317,0.000349898,-0.0010474,-0.000535823,0.0323448,0.00140198,-0.0013899,-5.33534e-05,0.000399,1.52847e-05,-0.00238804,0.00140198,0.0288678,0.000143202,7.46564e-06,-5.76616e-06,-1.32325e-06,4.03278e-05,-0.0013899,0.000143202,0.0466658,
0.00156092,-6.40618e-06,-0.00175173,1.73271e-05,0.000127564,-5.38271e-05,7.45959e-06,-6.40618e-06,0.0011346,2.22109e-05,0.00126462,0.000349467,0.000397875,-5.719e-06,-0.00175173,2.22109e-05,0.00361281,-4.51508e-06,-0.00104968,1.45648e-05,-1.15902e-06,1.73271e-05,0.00126462,-4.51508e-06,0.00326999,-0.000535826,-0.00238858,4.02946e-05,0.000127564,0.000349467,-0.00104968,-0.000535826,0.0323382,0.00140082,-0.00138865,-5.38271e-05,0.000397875,1.45648e-05,-0.00238858,0.00140082,0.028865,0.000143527,7.45959e-06,-5.719e-06,-1.15902e-06,4.02946e-05,-0.00138865,0.000143527,0.0466657,
0.00155938,-6.45327e-06,-0.00175108,1.73542e-05,0.000127815,-5.42985e-05,7.453e-06,-6.45327e-06,0.00113449,2.22002e-05,0.00126431,0.000349035,0.000396749,-5.67184e-06,-0.00175108,2.22002e-05,0.00361215,-4.42286e-06,-0.00105196,1.38438e-05,-9.94521e-07,1.73542e-05,0.00126431,-4.42286e-06,0.00326937,-0.000535827,-0.00238911,4.02613e-05,0.000127815,0.000349035,-0.00105196,-0.000535827,0.0323316,0.00139967,-0.00138741,-5.42985e-05,0.000396749,1.38438e-05,-0.00238911,0.00139967,0.0288622,0.000143852,7.453e-06,-5.67185e-06,-9.94521e-07,4.02613e-05,-0.00138741,0.000143852,0.0466655,
0.00155786,-6.50013e-06,-0.00175043,1.73809e-05,0.000128069,-5.47675e-05,7.44586e-06,-6.50013e-06,0.00113438,2.21895e-05,0.00126401,0.000348603,0.000395621,-5.6247e-06,-0.00175043,2.21895e-05,0.00361148,-4.33036e-06,-0.00105424,1.31218e-05,-8.29749e-07,1.73809e-05,0.00126401,-4.33036e-06,0.00326875,-0.000535827,-0.00238965,4.02278e-05,0.000128069,0.000348603,-0.00105424,-0.000535827,0.032325,0.00139851,-0.00138617,-5.47675e-05,0.000395621,1.31218e-05,-0.00238965,0.00139851,0.0288594,0.000144177,7.44586e-06,-5.6247e-06,-8.29749e-07,4.02278e-05,-0.00138617,0.000144177,0.0466653,
0.00155635,-6.54677e-06,-0.00174978,1.74073e-05,0.000128326,-5.52341e-05,7.43819e-06,-6.54677e-06,0.00113427,2.21787e-05,0.0012637,0.000348169,0.000394493,-5.57758e-06,-0.00174978,2.21787e-05,0.0036108,-4.2376e-06,-0.00105652,1.23988e-05,-6.64708e-07,1.74073e-05,0.0012637,-4.23759e-06,0.00326813,-0.000535826,-0.00239018,4.01943e-05,0.000128326,0.000348169,-0.00105652,-0.000535826,0.0323184,0.00139736,-0.00138493,-5.52341e-05,0.000394493,1.23988e-05,-0.00239018,0.00139736,0.0288565,0.0001445,7.43819e-06,-5.57758e-06,-6.64708e-07,4.01943e-05,-0.00138493,0.0001445,0.0466652,
0.00155484,-6.59318e-06,-0.00174913,1.74333e-05,0.000128587,-5.56983e-05,7.42998e-06,-6.59318e-06,0.00113417,2.21678e-05,0.00126339,0.000347736,0.000393363,-5.53047e-06,-0.00174913,2.21678e-05,0.00361011,-4.14456e-06,-0.00105879,1.16747e-05,-4.99401e-07,1.74333e-05,0.00126339,-4.14456e-06,0.00326751,-0.000535823,-0.00239072,4.01606e-05,0.000128587,0.000347736,-0.00105879,-0.000535823,0.0323118,0.0013962,-0.00138368,-5.56983e-05,0.000393363,1.16747e-05,-0.00239072,0.0013962,0.0288537,0.000144823,7.42998e-06,-5.53047e-06,-4.99401e-07,4.01606e-05,-0.00138368,0.000144823,0.046665,
0.00155334,-6.63936e-06,-0.00174847,1.7459e-05,0.000128851,-5.61599e-05,7.42124e-06,-6.63936e-06,0.00113406,2.21569e-05,0.00126309,0.000347302,0.000392233,-5.48338e-06,-0.00174847,2.21569e-05,0.00360942,-4.05125e-06,-0.00106107,1.09497e-05,-3.33828e-07,1.7459e-05,0.00126309,-4.05125e-06,0.00326689,-0.00053582,-0.00239125,4.01268e-05,0.000128851,0.000347302,-0.00106107,-0.00053582,0.0323052,0.00139505,-0.00138244,-5.61599e-05,0.000392233,1.09497e-05,-0.00239125,0.00139505,0.0288509,0.000145146,7.42124e-06,-5.48338e-06,-3.33828e-07,4.01268e-05,-0.00138244,0.000145146,0.0466648,
0.00155185,-6.68531e-06,-0.00174782,1.74843e-05,0.000129119,-5.66192e-05,7.41198e-06,-6.68531e-06,0.00113395,2.21459e-05,0.00126278,0.000346867,0.000391102,-5.43631e-06,-0.00174782,2.21459e-05,0.00360872,-3.95768e-06,-0.00106335,1.02237e-05,-1.67993e-07,1.74843e-05,0.00126278,-3.95768e-06,0.00326626,-0.000535815,-0.00239178,4.00929e-05,0.000129119,0.000346867,-0.00106335,-0.000535815,0.0322986,0.00139389,-0.0013812,-5.66192e-05,0.000391102,1.02237e-05,-0.00239178,0.00139389,0.028848,0.000145467,7.41198e-06,-5.43631e-06,-1.67993e-07,4.00929e-05,-0.0013812,0.000145467,0.0466647,
0.00155037,-6.73103e-06,-0.00174717,1.75092e-05,0.000129391,-5.70759e-05,7.40219e-06,-6.73103e-06,0.00113384,2.21348e-05,0.00126247,0.000346432,0.00038997,-5.38927e-06,-0.00174717,2.21348e-05,0.00360801,-3.86384e-06,-0.00106562,9.49671e-06,-1.89549e-09,1.75092e-05,0.00126247,-3.86384e-06,0.00326564,-0.000535809,-0.00239231,4.00588e-05,0.000129391,0.000346432,-0.00106562,-0.000535809,0.032292,0.00139273,-0.00137995,-5.70759e-05,0.00038997,9.49671e-06,-0.00239231,0.00139273,0.0288452,0.000145788,7.40219e-06,-5.38927e-06,-1.89547e-09,4.00588e-05,-0.00137995,0.000145788,0.0466645,
0.0015489,-6.77652e-06,-0.00174651,1.75338e-05,0.000129665,-5.75302e-05,7.39188e-06,-6.77652e-06,0.00113373,2.21236e-05,0.00126216,0.000345997,0.000388837,-5.34227e-06,-0.00174651,2.21236e-05,0.00360729,-3.76975e-06,-0.00106789,8.7688e-06,1.64462e-07,1.75338e-05,0.00126216,-3.76975e-06,0.00326501,-0.000535802,-0.00239284,4.00246e-05,0.000129665,0.000345997,-0.00106789,-0.000535802,0.0322854,0.00139157,-0.00137871,-5.75302e-05,0.000388837,8.7688e-06,-0.00239284,0.00139157,0.0288424,0.000146108,7.39188e-06,-5.34226e-06,1.64462e-07,4.00246e-05,-0.00137871,0.000146108,0.0466643,
0.00154744,-6.82178e-06,-0.00174586,1.75581e-05,0.000129943,-5.79819e-05,7.38105e-06,-6.82178e-06,0.00113362,2.21124e-05,0.00126185,0.000345561,0.000387704,-5.29529e-06,-0.00174586,2.21124e-05,0.00360656,-3.67539e-06,-0.00107017,8.03995e-06,3.3108e-07,1.75581e-05,0.00126185,-3.67539e-06,0.00326438,-0.000535793,-0.00239337,3.99903e-05,0.000129943,0.000345561,-0.00107017,-0.000535793,0.0322788,0.00139041,-0.00137746,-5.79819e-05,0.000387704,8.03995e-06,-0.00239337,0.00139041,0.0288395,0.000146427,7.38105e-06,-5.29529e-06,3.3108e-07,3.99903e-05,-0.00137746,0.000146427,0.0466642,
0.00154598,-6.8668e-06,-0.0017452,1.7582e-05,0.000130225,-5.84312e-05,7.36971e-06,-6.8668e-06,0.00113352,2.21011e-05,0.00126154,0.000345125,0.000386569,-5.24834e-06,-0.0017452,2.21011e-05,0.00360583,-3.58078e-06,-0.00107244,7.31017e-06,4.97955e-07,1.7582e-05,0.00126154,-3.58078e-06,0.00326375,-0.000535784,-0.0023939,3.99559e-05,0.000130225,0.000345125,-0.00107244,-0.000535784,0.0322722,0.00138926,-0.00137622,-5.84312e-05,0.000386569,7.31017e-06,-0.0023939,0.00138926,0.0288367,0.000146745,7.36971e-06,-5.24834e-06,4.97955e-07,3.99559e-05,-0.00137622,0.000146745,0.046664,
0.00154453,-6.91159e-06,-0.00174455,1.76055e-05,0.00013051,-5.88779e-05,7.35785e-06,-6.91159e-06,0.00113341,2.20897e-05,0.00126123,0.000344688,0.000385435,-5.20144e-06,-0.00174455,2.20897e-05,0.00360508,-3.48592e-06,-0.00107471,6.57949e-06,6.65089e-07,1.76055e-05,0.00126123,-3.48592e-06,0.00326312,-0.000535773,-0.00239443,3.99213e-05,0.00013051,0.000344688,-0.00107471,-0.000535773,0.0322655,0.0013881,-0.00137497,-5.88779e-05,0.000385435,6.57949e-06,-0.00239443,0.0013881,0.0288339,0.000147062,7.35785e-06,-5.20144e-06,6.65089e-07,3.99213e-05,-0.00137497,0.000147062,0.0466638,
0.0015431,-6.95615e-06,-0.00174389,1.76287e-05,0.000130799,-5.93221e-05,7.34549e-06,-6.95614e-06,0.0011333,2.20783e-05,0.00126092,0.000344251,0.000384299,-5.15457e-06,-0.00174389,2.20783e-05,0.00360433,-3.3908e-06,-0.00107698,5.84789e-06,8.32478e-07,1.76287e-05,0.00126092,-3.3908e-06,0.00326249,-0.000535761,-0.00239496,3.98866e-05,0.000130799,0.000344251,-0.00107698,-0.000535761,0.0322589,0.00138694,-0.00137373,-5.93221e-05,0.000384299,5.8479e-06,-0.00239496,0.00138694,0.028831,0.000147378,7.34549e-06,-5.15457e-06,8.32478e-07,3.98866e-05,-0.00137373,0.000147378,0.0466637,
0.00154167,-7.00047e-06,-0.00174324,1.76516e-05,0.000131091,-5.97638e-05,7.33262e-06,-7.00047e-06,0.00113319,2.20668e-05,0.00126061,0.000343814,0.000383163,-5.10774e-06,-0.00174324,2.20668e-05,0.00360357,-3.29543e-06,-0.00107925,5.11541e-06,1.00012e-06,1.76516e-05,0.00126061,-3.29543e-06,0.00326186,-0.000535748,-0.00239548,3.98518e-05,0.000131091,0.000343814,-0.00107925,-0.000535748,0.0322523,0.00138578,-0.00137248,-5.97638e-05,0.000383163,5.11541e-06,-0.00239548,0.00138578,0.0288282,0.000147693,7.33262e-06,-5.10774e-06,1.00012e-06,3.98518e-05,-0.00137248,0.000147693,0.0466635,
