0.00252867,0.000699943,0.00100638,5.40209e-05,-0.00174525,0.000714442,9.23971e-05,0.0006308,0.000912832,0.00080109,1.27206e-06,0.000254684,0.000491246,-2.28447e-06,-0.000152663,0.000759708,0.00411537,-1.10083e-05,-0.00218109,-0.000403172,-8.96312e-06,-0.00302031,0.000103846,0.00354844,0.0001367,-0.000471765,-0.000185411,0.000235393,-0.000816331,0.000233545,-0.00309141,-3.36053e-05,0.0293126,0.00063018,-0.000463991,0.0037409,0.000391433,-0.00388768,-0.000133662,0.00104588,0.0249049,-0.000263726,1.62453e-05,-5.05497e-06,-9.82768e-06,-7.63564e-07,-0.000403489,-3.25295e-05,0.0466112,
0.00252878,0.000701137,0.00100091,5.40998e-05,-0.00174719,0.000705706,9.24306e-05,0.000628422,0.00091517,0.000807903,1.46404e-06,0.000251839,0.000492374,-1.70269e-06,-0.000159072,0.000761817,0.00411827,-1.08988e-05,-0.00218165,-0.000401682,-8.32386e-06,-0.00303812,0.000102391,0.00355663,0.000137341,-0.000458106,-0.000179916,0.000235016,-0.000826887,0.000231887,-0.00308416,-3.34385e-05,0.0293049,0.000638043,-0.000460716,0.00373619,0.000395015,-0.00387644,-0.000133743,0.0010324,0.0248415,-0.00026023,1.69565e-05,-4.80026e-06,-9.71835e-06,-7.74325e-07,-0.000400856,-3.13709e-05,0.0466111,
0.00402807,0.000672282,-0.00046403,0.000757998,-0.00175986,2.41526e-05,-3.79938e-06,0.000672312,0.000917305,0.000770618,2.20819e-05,0.000248466,0.000473766,-3.88268e-06,-0.000464083,0.000770576,0.00441108,-0.000151926,-0.00218176,-0.00026826,1.17787e-05,0.000757858,2.20112e-05,-0.000151999,0.00193466,-0.000462648,-0.0018832,-1.11144e-05,-0.00175984,0.000248574,-0.00218193,-0.000463112,0.0292933,0.00105498,-0.000395539,2.68571e-05,0.000474323,-0.000265447,-0.00187946,0.00104563,0.0264941,-1.93288e-05,-3.81351e-06,-3.897e-06,1.17838e-05,-1.10813e-05,-0.000395495,-2.03469e-05,0.0466123,
0.00253603,0.000706274,0.000987114,5.41316e-05,-0.00176107,0.0006814,9.37616e-05,0.000629118,0.000921906,0.000819612,1.71441e-06,0.000244185,0.000494233,-3.67165e-07,-0.000170457,0.000767529,0.00411901,-1.07856e-05,-0.00218412,-0.00040357,-6.91772e-06,-0.003084,0.000100462,0.0035867,0.000139001,-0.00043677,-0.0001665,0.000237485,-0.000865483,0.000226043,-0.00306179,-3.26919e-05,0.0292764,0.000654156,-0.000449189,0.0037371,0.000399358,-0.00389044,-0.000134752,0.00103034,0.0248243,-0.000259122,1.91646e-05,-3.89505e-06,-9.31896e-06,-8.07476e-07,-0.000390746,-2.89322e-05,0.0466107,
0.00254148,0.000708686,0.000979036,5.41364e-05,-0.00176814,0.000670476,9.41675e-05,0.00062958,0.000925076,0.000824851,1.83207e-06,0.000240768,0.000495995,2.66895e-07,-0.000176602,0.00077008,0.00412007,-1.07187e-05,-0.0021852,-0.000404542,-6.18288e-06,-0.0031101,9.93178e-05,0.00360427,0.000139997,-0.00042532,-0.000158659,0.000238495,-0.000886317,0.000223426,-0.0030491,-3.22907e-05,0.0292618,0.000659664,-0.000443186,0.00374923,0.000401714,-0.00391353,-0.000135825,0.00103571,0.0248722,-0.000260061,2.02742e-05,-3.43957e-06,-9.16738e-06,-8.25184e-07,-0.000385669,-2.77395e-05,0.0466105,
0.00254706,0.000710959,0.000971168,5.4157e-05,-0.00177526,0.00065787,9.45247e-05,0.000629779,0.000928109,0.000830128,1.95668e-06,0.000237436,0.000496842,9.19223e-07,-0.000182787,0.000772471,0.00412131,-1.06506e-05,-0.00218615,-0.000404855,-5.46086e-06,-0.00313688,9.80982e-05,0.00362237,0.000141052,-0.000413684,-0.000151084,0.000239379,-0.000906739,0.000220981,-0.00303691,-3.19114e-05,0.0292476,0.000668105,-0.000437301,0.00375255,0.000403973,-0.00392292,-0.000136546,0.00103439,0.0248629,-0.000259187,2.13655e-05,-2.98783e-06,-9.03836e-06,-8.43131e-07,-0.000380672,-2.65519e-05,0.0466102,
0.00255271,0.000713138,0.00096306,5.41838e-05,-0.00178215,0.000645353,9.48148e-05,0.000629768,0.000931102,0.000835485,2.08799e-06,0.000234167,0.000497738,1.579e-06,-0.000189198,0.00077481,0.00412285,-1.05757e-05,-0.00218707,-0.000405037,-4.72712e-06,-0.00316391,9.67923e-05,0.00364039,0.000142147,-0.000401547,-0.000143259,0.000240146,-0.00092744,0.0002186,-0.00302425,-3.15232e-05,0.0292333,0.000676625,-0.000431406,0.00375583,0.000406356,-0.00393177,-0.000137293,0.00103269,0.0248537,-0.00025819,2.24485e-05,-2.53508e-06,-8.92103e-06,-8.61411e-07,-0.000375717,-2.53759e-05,0.04661,
0.0040407,0.000690388,-0.000482707,0.000726211,-0.0017993,-1.55582e-05,-5.47812e-07,0.000690388,0.000933009,0.000781887,2.98191e-05,0.000230536,0.000472088,-1.68777e-06,-0.000482707,0.000781887,0.00440291,-0.000140549,-0.00218586,-0.000279556,1.45056e-05,0.000726211,2.98191e-05,-0.000140549,0.00191907,-0.000416956,-0.00184928,-1.17855e-05,-0.0017993,0.000230536,-0.00218586,-0.000416956,0.0292256,0.00105758,-0.000370758,-1.55582e-05,0.000472088,-0.000279556,-0.00184928,0.00105758,0.0264964,-1.36888e-05,-5.47817e-07,-1.68777e-06,1.45056e-05,-1.17855e-05,-0.000370758,-1.36888e-05,0.0466113,
0.00404334,0.0006938,-0.000486314,0.000719587,-0.00180702,-2.34045e-05,8.33555e-08,0.0006938,0.000935998,0.000783935,3.1277e-05,0.00022713,0.000471424,-1.23844e-06,-0.000486314,0.000783935,0.0044014,-0.000138185,-0.00218659,-0.000281603,1.50183e-05,0.000719587,3.1277e-05,-0.000138185,0.00191595,-0.000407664,-0.00184191,-1.19167e-05,-0.00180702,0.00022713,-0.00218659,-0.000407664,0.0292118,0.00105853,-0.00036585,-2.34045e-05,0.000471424,-0.000281603,-0.00184191,0.00105853,0.0264839,-1.23908e-05,8.33555e-08,-1.23844e-06,1.50183e-05,-1.19167e-05,-0.00036585,-1.23908e-05,0.0466111,
0.00404592,0.000697086,-0.00048983,0.000713046,-0.00181451,-3.10714e-05,6.7914e-07,0.000697086,0.000938877,0.000785871,3.27483e-05,0.000223858,0.000470887,-8.08012e-07,-0.00048983,0.000785871,0.00439997,-0.000135757,-0.00218719,-0.000283632,1.54958e-05,0.000713046,3.27483e-05,-0.000135757,0.00191289,-0.000398313,-0.00183462,-1.20497e-05,-0.00181451,0.000223858,-0.00218719,-0.000398313,0.0291989,0.00105953,-0.000361198,-3.10714e-05,0.000470887,-0.000283632,-0.00183462,0.00105953,0.026472,-1.11078e-05,6.79135e-07,-8.08015e-07,1.54958e-05,-1.20497e-05,-0.000361198,-1.11078e-05,0.0466109,
0.00404845,0.000700329,-0.00049333,0.000706487,-0.00182204,-3.87041e-05,1.30265e-06,0.000700329,0.000941762,0.000787785,3.4217e-05,0.000220644,0.000470146,-3.46934e-07,-0.00049333,0.000787785,0.00439853,-0.000133324,-0.00218793,-0.000285588,1.59997e-05,0.000706487,3.4217e-05,-0.000133324,0.00190987,-0.00038894,-0.00182696,-1.21783e-05,-0.00182204,0.000220644,-0.00218793,-0.00038894,0.0291845,0.00106032,-0.000356157,-3.87041e-05,0.000470146,-0.000285588,-0.00182696,0.00106032,0.0264592,-9.82152e-06,1.30265e-06,-3.46934e-07,1.59997e-05,-1.21783e-05,-0.000356157,-9.82151e-06,0.0466107,
0.0040509,0.000703573,-0.000496819,0.000699945,-0.00182926,-4.62471e-05,1.87818e-06,0.000703573,0.000944649,0.000789724,3.56616e-05,0.000217283,0.000469543,7.9256e-08,-0.000496819,0.000789724,0.00439707,-0.000130878,-0.00218847,-0.000287647,1.6456e-05,0.000699945,3.56616e-05,-0.000130878,0.0019069,-0.00037961,-0.00181973,-1.23054e-05,-0.00182926,0.000217283,-0.00218847,-0.00037961,0.0291721,0.0010614,-0.000351709,-4.62471e-05,0.000469543,-0.000287647,-0.00181973,0.0010614,0.0264478,-8.56143e-06,1.87819e-06,7.92533e-08,1.6456e-05,-1.23054e-05,-0.000351709,-8.56143e-06,0.0466105,
0.00405331,0.000706737,-0.000500266,0.000693408,-0.00183655,-5.37159e-05,2.48416e-06,0.000706737,0.000947505,0.000791599,3.71148e-05,0.000214062,0.000468734,5.39555e-07,-0.000500266,0.000791599,0.00439563,-0.000128415,-0.00218916,-0.000289593,1.69412e-05,0.000693408,3.71148e-05,-0.000128415,0.00190399,-0.00037025,-0.00181205,-1.24285e-05,-0.00183655,0.000214062,-0.00218916,-0.00037025,0.029158,0.00106219,-0.000346787,-5.37159e-05,0.000468734,-0.000289593,-0.00181205,0.00106219,0.0264353,-7.29481e-06,2.48416e-06,5.39552e-07,1.69412e-05,-1.24285e-05,-0.000346787,-7.29481e-06,0.0466103,
0.00405564,0.000709898,-0.000503702,0.000686885,-0.00184359,-6.11159e-05,3.05156e-06,0.000709898,0.000950364,0.000793494,3.8549e-05,0.000210724,0.000468037,9.72286e-07,-0.000503702,0.000793494,0.00439417,-0.000125936,-0.0021897,-0.000291632,1.73882e-05,0.000686885,3.8549e-05,-0.000125936,0.00190111,-0.000360897,-0.00180469,-1.25511e-05,-0.00184359,0.000210724,-0.0021897,-0.000360897,0.0291453,0.00106321,-0.000342334,-6.11159e-05,0.000468037,-0.000291632,-0.00180469,0.00106321,0.0264238,-6.04884e-06,3.05155e-06,9.72283e-07,1.73882e-05,-1.25511e-05,-0.000342334,-6.04885e-06,0.0466101,
0.00405792,0.000713,-0.000507105,0.00068036,-0.00185061,-6.84341e-05,3.63538e-06,0.000713,0.000953203,0.000795348,3.99822e-05,0.00020746,0.000467188,1.42615e-06,-0.000507105,0.000795348,0.00439272,-0.000123445,-0.00219033,-0.000293595,1.78504e-05,0.00068036,3.99822e-05,-0.000123445,0.00189829,-0.000351554,-0.00179708,-1.26693e-05,-0.00185061,0.00020746,-0.00219033,-0.000351554,0.0291317,0.00106405,-0.000337611,-6.84341e-05,0.000467188,-0.000293595,-0.00179708,0.00106405,0.0264117,-4.80266e-06,3.63538e-06,1.42614e-06,1.78504e-05,-1.26693e-05,-0.000337611,-4.80266e-06,0.0466099,
0.00406014,0.00071608,-0.000510489,0.000673848,-0.00185745,-7.56868e-05,4.19603e-06,0.00071608,0.000956036,0.000797201,4.14035e-05,0.000204142,0.000466389,1.86562e-06,-0.000510489,0.000797201,0.00439126,-0.000120937,-0.00219087,-0.000295609,1.82894e-05,0.000673848,4.14035e-05,-0.000120937,0.00189551,-0.000342196,-0.00178961,-1.27868e-05,-0.00185745,0.000204142,-0.00219087,-0.000342196,0.029119,0.00106501,-0.000333144,-7.56868e-05,0.000466389,-0.000295609,-0.00178961,0.00106501,0.0264002,-3.56981e-06,4.19602e-06,1.86562e-06,1.82894e-05,-1.27868e-05,-0.000333144,-3.56982e-06,0.0466096,
0.00406231,0.000719117,-0.000513846,0.000667336,-0.00186424,-8.28599e-05,4.76116e-06,0.000719117,0.000958854,0.000799028,4.28194e-05,0.000200854,0.000465497,2.31516e-06,-0.000513846,0.000799028,0.0043898,-0.000118416,-0.00219144,-0.000297584,1.87319e-05,0.000667336,4.28194e-05,-0.000118416,0.00189278,-0.000332853,-0.00178203,-1.29007e-05,-0.00186424,0.000200854,-0.00219144,-0.000332853,0.0291057,0.00106588,-0.000328572,-8.28599e-05,0.000465497,-0.000297584,-0.00178203,0.00106588,0.0263884,-2.34098e-06,4.76116e-06,2.31516e-06,1.87319e-05,-1.29007e-05,-0.000328572,-2.34098e-06,0.0466094,
0.00406442,0.000722124,-0.000517182,0.000660829,-0.00187088,-8.99658e-05,5.31284e-06,0.000722124,0.000961663,0.000800845,4.42258e-05,0.000197543,0.000464611,2.75845e-06,-0.000517182,0.000800845,0.00438834,-0.000115879,-0.00219197,-0.000299581,1.91606e-05,0.000660829,4.42258e-05,-0.000115879,0.00189009,-0.0003235,-0.00177449,-1.30133e-05,-0.00187088,0.000197543,-0.00219197,-0.0003235,0.0290929,0.0010668,-0.000324128,-8.99658e-05,0.000464611,-0.000299581,-0.00177449,0.0010668,0.026377,-1.1215e-06,5.31284e-06,2.75844e-06,1.91606e-05,-1.30133e-05,-0.000324128,-1.1215e-06,0.0466092,
0.0040665,0.000725078,-0.000520478,0.000654315,-0.00187744,-9.69761e-05,5.86125e-06,0.000725078,0.000964439,0.000802622,4.5621e-05,0.000194275,0.000463676,3.20477e-06,-0.000520478,0.000802622,0.0043869,-0.000113324,-0.00219249,-0.000301546,1.95849e-05,0.000654315,4.5621e-05,-0.000113324,0.00188744,-0.000314154,-0.0017669,-1.31231e-05,-0.00187744,0.000194275,-0.00219249,-0.000314154,0.02908,0.00106767,-0.000319664,-9.69761e-05,0.000463676,-0.000301546,-0.0017669,0.00106767,0.0263655,9.23872e-08,5.86126e-06,3.20477e-06,1.95849e-05,-1.31231e-05,-0.000319664,9.23817e-08,0.046609,
0.00406857,0.000727973,-0.000523729,0.000647784,-0.00188388,-0.000103888,6.3985e-06,0.000727973,0.000967171,0.000804353,4.70009e-05,0.000191052,0.000462742,3.64687e-06,-0.000523729,0.000804353,0.00438549,-0.000110745,-0.00219298,-0.000303495,1.99969e-05,0.000647784,4.70009e-05,-0.000110745,0.00188483,-0.000304792,-0.00175931,-1.32315e-05,-0.00188388,0.000191052,-0.00219298,-0.000304792,0.0290672,0.00106852,-0.000315271,-0.000103888,0.000462742,-0.000303495,-0.00175931,0.00106852,0.0263542,1.29903e-06,6.39851e-06,3.64687e-06,1.99969e-05,-1.32315e-05,-0.000315271,1.29903e-06,0.0466088,
0.0040704,0.000731029,-0.000527121,0.000641286,-0.00189025,-0.000110957,6.94851e-06,0.000731029,0.000970122,0.000806294,4.83954e-05,0.000187448,0.000461651,4.1015e-06,-0.000527121,0.000806294,0.00438386,-0.00010821,-0.00219352,-0.000305609,2.04237e-05,0.000641286,4.83954e-05,-0.00010821,0.00188229,-0.000295465,-0.00175175,-1.33354e-05,-0.00189025,0.000187448,-0.00219352,-0.000295465,0.0290545,0.00106953,-0.000310902,-0.000110957,0.000461651,-0.000305609,-0.00175175,0.00106953,0.0263429,2.49774e-06,6.94851e-06,4.1015e-06,2.04237e-05,-1.33354e-05,-0.000310902,2.49774e-06,0.0466085,
0.0040726,0.00073366,-0.000530144,0.000634666,-0.00189645,-0.000117465,7.45291e-06,0.00073366,0.000972586,0.000807762,4.96836e-05,0.000184605,0.000460771,4.52748e-06,-0.000530144,0.000807762,0.00438265,-0.000105576,-0.00219392,-0.000307374,2.07978e-05,0.000634666,4.96836e-05,-0.000105576,0.00187973,-0.000286137,-0.00174421,-1.34403e-05,-0.00189645,0.000184605,-0.00219392,-0.000286137,0.0290421,0.0010702,-0.00030664,-0.000117465,0.000460771,-0.000307374,-0.00174421,0.0010702,0.0263319,3.69089e-06,7.4529e-06,4.52748e-06,2.07977e-05,-1.34403e-05,-0.00030664,3.69089e-06,0.0466083,
0.00407406,0.000736648,-0.000533498,0.000628558,-0.00190256,-0.00012439,8.00779e-06,0.000736648,0.00097557,0.000809728,5.11792e-05,0.000180982,0.000459536,5.00169e-06,-0.000533498,0.000809728,0.00438097,-0.000103041,-0.00219454,-0.000309508,2.12367e-05,0.000628558,5.11792e-05,-0.000103041,0.0018774,-0.000276902,-0.00173637,-1.35401e-05,-0.00190256,0.000180982,-0.00219454,-0.000276902,0.0290286,0.00107108,-0.000302066,-0.00012439,0.000459536,-0.000309508,-0.00173637,0.00107108,0.0263202,4.88474e-06,8.00779e-06,5.00168e-06,2.12367e-05,-1.35401e-05,-0.000302066,4.88474e-06,0.0466081,
0.00407586,0.000739321,-0.000536584,0.000622245,-0.00190865,-0.000130985,8.54031e-06,0.000739321,0.000978199,0.000811333,5.25829e-05,0.000177953,0.00045845,5.4667e-06,-0.000536584,0.000811333,0.0043796,-0.000100411,-0.00219509,-0.000311412,2.16468e-05,0.000622245,5.25829e-05,-0.000100411,0.00187503,-0.000267436,-0.0017283,-1.36438e-05,-0.00190865,0.000177953,-0.00219509,-0.000267436,0.0290148,0.00107169,-0.000297391,-0.000130985,0.00045845,-0.000311412,-0.0017283,0.00107169,0.0263083,6.0809e-06,8.54032e-06,5.4667e-06,2.16468e-05,-1.36438e-05,-0.000297391,6.0809e-06,0.0466079,
0.00407752,0.000742121,-0.000539768,0.000615888,-0.00191451,-0.000137581,9.05241e-06,0.000742121,0.000980968,0.000813092,5.39507e-05,0.000174566,0.000457308,5.91097e-06,-0.000539768,0.000813092,0.00437807,-9.7818e-05,-0.00219555,-0.000313425,2.20349e-05,0.000615888,5.39507e-05,-9.7818e-05,0.00187269,-0.000258226,-0.00172074,-1.37395e-05,-0.00191451,0.000174566,-0.00219555,-0.000258226,0.0290024,0.00107255,-0.000293189,-0.000137581,0.000457308,-0.000313425,-0.00172074,0.00107255,0.0262974,7.25469e-06,9.05241e-06,5.91097e-06,2.20349e-05,-1.37395e-05,-0.000293189,7.25469e-06,0.0466077,
0.00407924,0.000744805,-0.000542851,0.000609494,-0.00192021,-0.000143967,9.54257e-06,0.000744805,0.00098361,0.000814733,5.52879e-05,0.000171334,0.000456216,6.33969e-06,-0.000542851,0.000814733,0.00437665,-9.51878e-05,-0.00219593,-0.000315351,2.23982e-05,0.000609494,5.52879e-05,-9.51878e-05,0.00187039,-0.000249085,-0.00171331,-1.38326e-05,-0.00192021,0.000171334,-0.00219593,-0.000249085,0.0289906,0.00107337,-0.000289155,-0.000143967,0.000456216,-0.000315351,-0.00171331,0.00107337,0.026287,8.41869e-06,9.54258e-06,6.33969e-06,2.23982e-05,-1.38326e-05,-0.000289155,8.41869e-06,0.0466074,
0.00408086,0.000747522,-0.000545977,0.000603089,-0.00192598,-0.00015049,1.00544e-05,0.000747522,0.00098634,0.000816433,5.66436e-05,0.000168023,0.000455031,6.79459e-06,-0.000545977,0.000816433,0.00437514,-9.25461e-05,-0.0021964,-0.000317378,2.27849e-05,0.000603089,5.66436e-05,-9.25461e-05,0.00186811,-0.000239668,-0.00170548,-1.39286e-05,-0.00192598,0.000168023,-0.0021964,-0.000239668,0.0289778,0.00107416,-0.000284814,-0.00015049,0.000455031,-0.000317378,-0.00170548,0.00107416,0.0262759,9.5898e-06,1.00544e-05,6.79459e-06,2.27849e-05,-1.39286e-05,-0.000284814,9.5898e-06,0.0466072,
0.00408246,0.00075018,-0.000549048,0.000596693,-0.00193158,-0.000156824,1.0553e-05,0.00075018,0.000989014,0.000818088,5.79717e-05,0.000164749,0.000453805,7.24056e-06,-0.000549048,0.000818088,0.00437367,-8.99063e-05,-0.00219683,-0.000319332,2.31564e-05,0.000596693,5.79717e-05,-8.99063e-05,0.00186589,-0.000230455,-0.00169783,-1.40184e-05,-0.00193158,0.000164749,-0.00219683,-0.000230455,0.0289654,0.0010749,-0.000280616,-0.000156824,0.000453805,-0.000319332,-0.00169783,0.0010749,0.0262651,1.07496e-05,1.0553e-05,7.24055e-06,2.31564e-05,-1.40184e-05,-0.000280616,1.07496e-05,0.046607,
0.00408399,0.000752837,-0.000552109,0.000590318,-0.00193691,-0.000163063,1.10135e-05,0.000752837,0.000991685,0.000819759,5.92809e-05,0.000161369,0.000452695,7.6517e-06,-0.000552109,0.000819759,0.00437217,-8.72534e-05,-0.00219711,-0.000321356,2.34892e-05,0.000590318,5.92809e-05,-8.72534e-05,0.0018637,-0.000221364,-0.00169063,-1.41069e-05,-0.00193691,0.000161369,-0.00219711,-0.000221364,0.0289545,0.00107587,-0.000276934,-0.000163063,0.000452695,-0.000321356,-0.00169063,0.00107587,0.0262554,1.18916e-05,1.10135e-05,7.6517e-06,2.34892e-05,-1.41069e-05,-0.000276934,1.18916e-05,0.0466068,
0.00408554,0.000755398,-0.000555116,0.000583895,-0.00194255,-0.000169332,1.1541e-05,0.000755398,0.000994326,0.000821347,6.06128e-05,0.000158237,0.000451286,8.13788e-06,-0.000555116,0.000821347,0.00437072,-8.45788e-05,-0.00219769,-0.000323264,2.38894e-05,0.000583895,6.06128e-05,-8.45788e-05,0.00186156,-0.000211913,-0.00168236,-1.4195e-05,-0.00194255,0.000158237,-0.00219769,-0.000211913,0.0289404,0.00107634,-0.000272186,-0.000169332,0.000451286,-0.000323264,-0.00168236,0.00107634,0.0262435,1.30584e-05,1.1541e-05,8.13788e-06,2.38894e-05,-1.4195e-05,-0.000272186,1.30584e-05,0.0466066,
0.00408698,0.000757984,-0.000558121,0.000577542,-0.00194772,-0.000175424,1.19998e-05,0.000757984,0.000996968,0.000822981,6.19087e-05,0.000154895,0.000450086,8.55639e-06,-0.000558121,0.000822981,0.00436922,-8.1911e-05,-0.00219799,-0.000325264,2.42198e-05,0.000577542,6.19087e-05,-8.1911e-05,0.00185947,-0.00020284,-0.00167505,-1.42792e-05,-0.00194772,0.000154895,-0.00219799,-0.00020284,0.0289293,0.0010772,-0.000268434,-0.000175424,0.000450086,-0.000325264,-0.00167505,0.0010772,0.0262337,1.41936e-05,1.19998e-05,8.55639e-06,2.42198e-05,-1.42792e-05,-0.000268434,1.41936e-05,0.0466064,
0.00408839,0.000760532,-0.000561098,0.000571191,-0.00195285,-0.000181512,1.24585e-05,0.000760532,0.000999598,0.000824596,6.32044e-05,0.000151584,0.000448887,8.98022e-06,-0.000561098,0.000824596,0.00436772,-7.92222e-05,-0.0021983,-0.000327307,2.45507e-05,0.000571191,6.32044e-05,-7.92222e-05,0.0018574,-0.000193606,-0.00166757,-1.43655e-05,-0.00195285,0.000151584,-0.0021983,-0.000193606,0.028918,0.00107806,-0.0002646,-0.000181512,0.000448887,-0.000327307,-0.00166757,0.00107806,0.0262238,1.53294e-05,1.24585e-05,8.98023e-06,2.45507e-05,-1.43655e-05,-0.0002646,1.53294e-05,0.0466061,
0.00408978,0.00076302,-0.000564035,0.000564825,-0.00195805,-0.000187467,1.29537e-05,0.00076302,0.0010022,0.000826164,6.45026e-05,0.00014839,0.000447416,9.44513e-06,-0.000564035,0.000826164,0.00436625,-7.65392e-05,-0.00219877,-0.000329188,2.49165e-05,0.000564825,6.45026e-05,-7.65392e-05,0.0018554,-0.000184471,-0.00165968,-1.44429e-05,-0.00195805,0.00014839,-0.00219877,-0.000184471,0.028905,0.00107855,-0.000260233,-0.000187467,0.000447416,-0.000329188,-0.00165968,0.00107855,0.0262128,1.64699e-05,1.29537e-05,9.44513e-06,2.49165e-05,-1.44429e-05,-0.000260233,1.64699e-05,0.0466059,
0.00409109,0.000765514,-0.000566965,0.000558507,-0.00196295,-0.000193431,1.33931e-05,0.000765514,0.00100481,0.000827759,6.57841e-05,0.000145065,0.000446232,9.85765e-06,-0.000566965,0.000827759,0.00436474,-7.38289e-05,-0.00219903,-0.000331274,2.52278e-05,0.000558507,6.57841e-05,-7.38289e-05,0.00185342,-0.000175237,-0.00165228,-1.45276e-05,-0.00196295,0.000145065,-0.00219903,-0.000175237,0.0288942,0.00107947,-0.000256575,-0.000193431,0.000446232,-0.000331274,-0.00165228,0.00107947,0.0262033,1.75946e-05,1.33931e-05,9.85765e-06,2.52278e-05,-1.45276e-05,-0.000256575,1.75946e-05,0.0466057,
0.00409239,0.000767933,-0.000569846,0.000552162,-0.001968,-0.00019923,1.38867e-05,0.000767933,0.00100739,0.000829293,6.70708e-05,0.000141908,0.000444668,1.033e-05,-0.000569846,0.000829293,0.00436326,-7.11331e-05,-0.00219952,-0.000333126,2.55915e-05,0.000552162,6.70708e-05,-7.11331e-05,0.00185152,-0.000166142,-0.00164431,-1.46e-05,-0.001968,0.000141908,-0.00219952,-0.000166142,0.0288809,0.00107984,-0.000252137,-0.00019923,0.000444668,-0.000333126,-0.00164431,0.00107984,0.0261921,1.87276e-05,1.38867e-05,1.033e-05,2.55915e-05,-1.46e-05,-0.000252137,1.87276e-05,0.0466055,
0.00409362,0.000770373,-0.000572726,0.000545878,-0.00197268,-0.000205055,1.43102e-05,0.000770373,0.00100997,0.000830867,6.83375e-05,0.000138575,0.000443472,1.07337e-05,-0.000572726,0.000830867,0.00436175,-6.84066e-05,-0.00219973,-0.000335233,2.58864e-05,0.000545878,6.83375e-05,-6.84066e-05,0.00184962,-0.000156954,-0.00163699,-1.46817e-05,-0.00197268,0.000138575,-0.00219973,-0.000156954,0.0288705,0.00108078,-0.000248622,-0.000205055,0.000443472,-0.000335233,-0.00163699,0.00108078,0.026183,1.98413e-05,1.43102e-05,1.07337e-05,2.58864e-05,-1.46817e-05,-0.000248622,1.98413e-05,0.0466053,
0.00409484,0.000772731,-0.000575554,0.000539559,-0.00197754,-0.000210711,1.47957e-05,0.000772731,0.00101252,0.000832372,6.96118e-05,0.000135436,0.00044186,1.12062e-05,-0.000575554,0.000832372,0.00436027,-6.56961e-05,-0.00220022,-0.000337086,2.62414e-05,0.000539559,6.96118e-05,-6.56961e-05,0.0018478,-0.000147883,-0.001629,-1.47504e-05,-0.00197754,0.000135436,-0.00220022,-0.000147883,0.0288573,0.00108111,-0.000244207,-0.000210711,0.00044186,-0.000337086,-0.001629,0.00108111,0.0261719,2.09655e-05,1.47957e-05,1.12062e-05,2.62414e-05,-1.47504e-05,-0.000244207,2.09655e-05,0.0466051,
0.00409598,0.000775108,-0.000578381,0.0005333,-0.00198205,-0.000216387,1.52152e-05,0.000775108,0.00101507,0.000833916,7.08671e-05,0.000132131,0.00044059,1.16132e-05,-0.000578381,0.000833916,0.00435875,-6.29572e-05,-0.00220044,-0.000339175,2.65317e-05,0.0005333,7.08671e-05,-6.29572e-05,0.00184599,-0.000138744,-0.00162164,-1.48276e-05,-0.00198205,0.000132131,-0.00220044,-0.000138744,0.0288468,0.00108196,-0.000240667,-0.000216387,0.00044059,-0.000339175,-0.00162164,0.00108196,0.0261627,2.20717e-05,1.52152e-05,1.16132e-05,2.65317e-05,-1.48276e-05,-0.000240667,2.20717e-05,0.0466049,
0.00409711,0.000777415,-0.00058116,0.000527017,-0.00198669,-0.000221912,1.56825e-05,0.000777415,0.0010176,0.000835404,7.21267e-05,0.00012898,0.000438988,1.20748e-05,-0.00058116,0.000835404,0.00435726,-6.02308e-05,-0.00220087,-0.000341063,2.68683e-05,0.000527017,7.21267e-05,-6.02308e-05,0.00184425,-0.000129702,-0.00161375,-1.48941e-05,-0.00198669,0.00012898,-0.00220087,-0.000129702,0.0288341,0.00108233,-0.000236419,-0.000221912,0.000438988,-0.000341063,-0.00161375,0.00108233,0.0261521,2.31848e-05,1.56825e-05,1.20748e-05,2.68683e-05,-1.48941e-05,-0.000236419,2.31848e-05,0.0466047,
0.00409817,0.000779725,-0.000583931,0.000520781,-0.00199106,-0.000227433,1.61039e-05,0.000779725,0.00102012,0.000836913,7.33722e-05,0.000125721,0.000437614,1.24913e-05,-0.000583931,0.000836913,0.00435575,-5.74825e-05,-0.00220112,-0.000343115,2.71598e-05,0.000520781,7.33722e-05,-5.74825e-05,0.00184253,-0.000120616,-0.00160629,-1.49661e-05,-0.00199106,0.000125721,-0.00220112,-0.000120616,0.0288233,0.00108304,-0.000232771,-0.000227433,0.000437614,-0.000343115,-0.00160629,0.00108304,0.0261427,2.42849e-05,1.61039e-05,1.24913e-05,2.71598e-05,-1.49661e-05,-0.000232771,2.42849e-05,0.0466045,
0.00409921,0.000781983,-0.000586662,0.000514535,-0.00199547,-0.000232831,1.65522e-05,0.000781983,0.00102262,0.000838384,7.46175e-05,0.000122557,0.000436031,1.29403e-05,-0.000586662,0.000838384,0.00435424,-5.47406e-05,-0.0022015,-0.000345044,2.74772e-05,0.000514535,7.46175e-05,-5.47406e-05,0.00184087,-0.000111604,-0.00159852,-1.50306e-05,-0.00199547,0.000122557,-0.0022015,-0.000111604,0.0288111,0.00108346,-0.000228707,-0.000232831,0.000436031,-0.000345044,-0.00159852,0.00108346,0.0261325,2.5387e-05,1.65522e-05,1.29403e-05,2.74772e-05,-1.50306e-05,-0.000228707,2.5387e-05,0.0466043,
0.00410021,0.00078423,-0.000589377,0.000508323,-0.0019997,-0.000238199,1.69738e-05,0.00078423,0.00102512,0.000839861,7.58529e-05,0.000119338,0.000434564,1.33643e-05,-0.000589377,0.000839861,0.00435273,-5.19839e-05,-0.00220178,-0.000347064,2.77682e-05,0.000508323,7.58529e-05,-5.19839e-05,0.00183923,-0.000102573,-0.00159098,-1.50975e-05,-0.0019997,0.000119338,-0.00220178,-0.000102573,0.0288,0.00108406,-0.000224975,-0.000238199,0.000434564,-0.000347064,-0.00159098,0.00108406,0.026123,2.64805e-05,1.69738e-05,1.33643e-05,2.77682e-05,-1.50975e-05,-0.000224975,2.64805e-05,0.0466041,
0.00410117,0.000786436,-0.00059206,0.000502114,-0.0020039,-0.000243468,1.74067e-05,0.000786436,0.0010276,0.000841313,7.70851e-05,0.000116171,0.000432983,1.38042e-05,-0.00059206,0.000841313,0.00435121,-4.92284e-05,-0.00220212,-0.000349023,2.80699e-05,0.000502114,7.70851e-05,-4.92284e-05,0.00183765,-9.3595e-05,-0.00158329,-1.51597e-05,-0.0020039,0.000116171,-0.00220212,-9.3595e-05,0.0287882,0.0010845,-0.000221045,-0.000243468,0.000432983,-0.000349023,-0.00158329,0.0010845,0.0261131,2.75727e-05,1.74067e-05,1.38042e-05,2.80699e-05,-1.51597e-05,-0.000221045,2.75727e-05,0.0466038,
0.00410208,0.000788624,-0.000594721,0.000495929,-0.00200797,-0.000248689,1.78251e-05,0.000788624,0.00103007,0.000842762,7.83098e-05,0.000112983,0.000431447,1.42318e-05,-0.000594721,0.000842762,0.00434969,-4.64633e-05,-0.00220241,-0.000351025,2.83572e-05,0.000495929,7.83098e-05,-4.64633e-05,0.0018361,-8.46189e-05,-0.00157571,-1.52221e-05,-0.00200797,0.000112983,-0.00220241,-8.46189e-05,0.028777,0.00108501,-0.00021728,-0.000248689,0.000431447,-0.000351025,-0.00157571,0.00108501,0.0261036,2.86589e-05,1.78251e-05,1.42318e-05,2.83572e-05,-1.52221e-05,-0.00021728,2.86589e-05,0.0466036,
0.00410296,0.000790779,-0.000597354,0.000489756,-0.00201198,-0.000253827,1.82461e-05,0.000790779,0.00103252,0.000844193,7.95299e-05,0.000109823,0.000429851,1.46659e-05,-0.000597354,0.000844193,0.00434818,-4.36965e-05,-0.00220272,-0.000353001,2.86468e-05,0.000489756,7.95299e-05,-4.36965e-05,0.0018346,-7.56809e-05,-0.00156807,-1.52814e-05,-0.00201198,0.000109823,-0.00220272,-7.56809e-05,0.0287655,0.00108543,-0.000213438,-0.000253827,0.000429851,-0.000353001,-0.00156807,0.00108543,0.026094,2.97422e-05,1.82461e-05,1.46659e-05,2.86468e-05,-1.52814e-05,-0.000213438,2.97422e-05,0.0466035,
0.00410381,0.00079291,-0.000599963,0.000483602,-0.00201589,-0.000258906,1.86588e-05,0.00079291,0.00103496,0.000845616,8.07437e-05,0.00010666,0.000428263,1.50942e-05,-0.000599963,0.000845616,0.00434665,-4.09233e-05,-0.00220301,-0.000354996,2.89279e-05,0.000483602,8.07437e-05,-4.09233e-05,0.00183313,-6.67579e-05,-0.00156048,-1.53399e-05,-0.00201589,0.00010666,-0.00220301,-6.67579e-05,0.0287542,0.00108588,-0.000209675,-0.000258906,0.000428263,-0.000354996,-0.00156048,0.00108588,0.0260845,3.08207e-05,1.86588e-05,1.50942e-05,2.89279e-05,-1.53399e-05,-0.000209675,3.08206e-05,0.0466033,
0.00410461,0.000795013,-0.000602545,0.000477464,-0.00201972,-0.000263911,1.90701e-05,0.000795013,0.00103738,0.000847025,8.19524e-05,0.000103514,0.00042664,1.55245e-05,-0.000602545,0.000847025,0.00434513,-3.81471e-05,-0.00220331,-0.000356982,2.92074e-05,0.000477464,8.19524e-05,-3.81471e-05,0.00183171,-5.7866e-05,-0.00155288,-1.5396e-05,-0.00201972,0.000103514,-0.00220331,-5.7866e-05,0.0287429,0.00108627,-0.000205891,-0.000263911,0.00042664,-0.000356982,-0.00155288,0.00108627,0.026075,3.18955e-05,1.90701e-05,1.55245e-05,2.92074e-05,-1.5396e-05,-0.000205891,3.18955e-05,0.0466031,
0.00410538,0.000797091,-0.000605102,0.000471343,-0.00202347,-0.000268852,1.94759e-05,0.000797091,0.0010398,0.000848424,8.31554e-05,0.000100372,0.000425011,1.59519e-05,-0.000605102,0.000848424,0.0043436,-3.53662e-05,-0.0022036,-0.000358976,2.94813e-05,0.000471343,8.31554e-05,-3.53662e-05,0.00183033,-4.89957e-05,-0.0015453,-1.54508e-05,-0.00202347,0.000100372,-0.0022036,-4.89957e-05,0.0287317,0.00108666,-0.000202149,-0.000268852,0.000425011,-0.000358976,-0.0015453,0.00108666,0.0260656,3.29661e-05,1.94759e-05,1.59519e-05,2.94813e-05,-1.54508e-05,-0.000202149,3.29661e-05,0.0466029,
0.00410612,0.000799142,-0.000607634,0.000465239,-0.00202713,-0.000273724,1.98787e-05,0.000799142,0.0010422,0.000849811,8.43531e-05,9.72429e-05,0.000423358,1.63794e-05,-0.000607634,0.000849811,0.00434206,-3.25821e-05,-0.00220389,-0.000360968,2.9752e-05,0.000465239,8.43531e-05,-3.25821e-05,0.00182898,-4.01538e-05,-0.00153772,-1.55036e-05,-0.00202713,9.72429e-05,-0.00220389,-4.01538e-05,0.0287205,0.00108702,-0.000198409,-0.000273724,0.000423358,-0.000360968,-0.00153772,0.00108702,0.0260563,3.40328e-05,1.98787e-05,1.63794e-05,2.9752e-05,-1.55036e-05,-0.000198409,3.40328e-05,0.0466027,
0.00410681,0.000801167,-0.00061014,0.000459154,-0.0020307,-0.00027853,2.02771e-05,0.000801167,0.00104458,0.000851187,8.55453e-05,9.41215e-05,0.000421692,1.68051e-05,-0.00061014,0.000851187,0.00434053,-2.97944e-05,-0.00220417,-0.000362963,3.00181e-05,0.000459154,8.55453e-05,-2.97944e-05,0.00182767,-3.13371e-05,-0.00153016,-1.55548e-05,-0.0020307,9.41215e-05,-0.00220417,-3.13371e-05,0.0287094,0.00108736,-0.000194695,-0.00027853,0.000421692,-0.000362963,-0.00153016,0.00108736,0.026047,3.50955e-05,2.02771e-05,1.68051e-05,3.00181e-05,-1.55548e-05,-0.000194695,3.50955e-05,0.0466025,
0.00410748,0.000803167,-0.000612621,0.000453085,-0.0020342,-0.000283269,2.06721e-05,0.000803167,0.00104696,0.000852552,8.67324e-05,9.1011e-05,0.000420007,1.72301e-05,-0.000612621,0.000852552,0.00433899,-2.70037e-05,-0.00220445,-0.000364959,3.02806e-05,0.000453085,8.67324e-05,-2.70037e-05,0.00182641,-2.25484e-05,-0.00152261,-1.56042e-05,-0.0020342,9.1011e-05,-0.00220445,-2.25484e-05,0.0286983,0.00108767,-0.000190993,-0.000283269,0.000420007,-0.000364959,-0.00152261,0.00108767,0.0260378,3.61542e-05,2.06721e-05,1.72301e-05,3.02806e-05,-1.56042e-05,-0.000190993,3.61542e-05,0.0466023,
0.00410811,0.000805141,-0.000615076,0.000447035,-0.00203761,-0.000287942,2.10631e-05,0.000805141,0.00104932,0.000853906,8.79142e-05,8.79098e-05,0.000418308,1.76538e-05,-0.000615076,0.000853906,0.00433745,-2.421e-05,-0.00220473,-0.000366958,3.05389e-05,0.000447035,8.79142e-05,-2.421e-05,0.00182518,-1.37867e-05,-0.00151507,-1.5652e-05,-0.00203761,8.79098e-05,-0.00220473,-1.37867e-05,0.0286873,0.00108797,-0.000187311,-0.000287942,0.000418308,-0.000366958,-0.00151507,0.00108797,0.0260287,3.72091e-05,2.10631e-05,1.76538e-05,3.05389e-05,-1.5652e-05,-0.000187311,3.72091e-05,0.0466021,
0.0041087,0.000807091,-0.000617507,0.000441003,-0.00204094,-0.00029255,2.14505e-05,0.000807091,0.00105167,0.000855249,8.90909e-05,8.48191e-05,0.000416593,1.80765e-05,-0.000617507,0.000855249,0.00433591,-2.14138e-05,-0.00220501,-0.000368958,3.07935e-05,0.000441003,8.90909e-05,-2.14138e-05,0.00182399,-5.05342e-06,-0.00150754,-1.5698e-05,-0.00204094,8.48191e-05,-0.00220501,-5.05342e-06,0.0286763,0.00108824,-0.000183643,-0.00029255,0.000416593,-0.000368958,-0.00150754,0.00108824,0.0260196,3.826e-05,2.14505e-05,1.80765e-05,3.07935e-05,-1.5698e-05,-0.000183643,3.826e-05,0.0466019,
0.00410926,0.000809016,-0.000619912,0.000434989,-0.00204419,-0.000297093,2.18341e-05,0.000809016,0.001054,0.000856582,9.02626e-05,8.17385e-05,0.000414863,1.84979e-05,-0.000619912,0.000856582,0.00433436,-1.86152e-05,-0.00220528,-0.00037096,3.10442e-05,0.000434989,9.02626e-05,-1.86152e-05,0.00182284,3.65147e-06,-0.00150003,-1.57423e-05,-0.00204419,8.17385e-05,-0.00220528,3.65147e-06,0.0286654,0.00108848,-0.000179992,-0.000297093,0.000414863,-0.00037096,-0.00150003,0.00108848,0.0260105,3.93071e-05,2.18341e-05,1.84979e-05,3.10442e-05,-1.57423e-05,-0.000179992,3.93071e-05,0.0466017,
0.00410979,0.000810917,-0.000622292,0.000428995,-0.00204736,-0.000301571,2.22142e-05,0.000810917,0.00105632,0.000857904,9.14292e-05,7.86683e-05,0.000413118,1.89182e-05,-0.000622292,0.000857904,0.00433281,-1.58145e-05,-0.00220555,-0.000372964,3.12912e-05,0.000428995,9.14292e-05,-1.58145e-05,0.00182172,1.23272e-05,-0.00149253,-1.5785e-05,-0.00204736,7.86683e-05,-0.00220555,1.23272e-05,0.0286545,0.00108871,-0.000176357,-0.000301571,0.000413118,-0.000372964,-0.00149253,0.00108871,0.0260015,4.03503e-05,2.22142e-05,1.89182e-05,3.12912e-05,-1.5785e-05,-0.000176357,4.03503e-05,0.0466015,
0.00411029,0.000812794,-0.000624647,0.000423019,-0.00205046,-0.000305985,2.25906e-05,0.000812794,0.00105863,0.000859215,9.25909e-05,7.56087e-05,0.000411359,1.93373e-05,-0.000624647,0.000859215,0.00433125,-1.3012e-05,-0.00220581,-0.000374969,3.15344e-05,0.000423019,9.25909e-05,-1.3012e-05,0.00182064,2.09736e-05,-0.00148505,-1.5826e-05,-0.00205046,7.56087e-05,-0.00220581,2.09736e-05,0.0286437,0.0010889,-0.000172737,-0.000305985,0.000411359,-0.000374969,-0.00148505,0.0010889,0.0259926,4.13897e-05,2.25906e-05,1.93373e-05,3.15344e-05,-1.5826e-05,-0.000172737,4.13897e-05,0.0466014,
0.00411075,0.000814647,-0.000626978,0.000417062,-0.00205347,-0.000310336,2.29636e-05,0.000814647,0.00106093,0.000860517,9.37477e-05,7.25597e-05,0.000409585,1.97552e-05,-0.000626978,0.000860517,0.0043297,-1.02079e-05,-0.00220608,-0.000376977,3.17739e-05,0.000417062,9.37477e-05,-1.02079e-05,0.0018196,2.959e-05,-0.00147758,-1.58653e-05,-0.00205347,7.25597e-05,-0.00220608,2.959e-05,0.0286329,0.00108908,-0.000169133,-0.000310336,0.000409585,-0.000376977,-0.00147758,0.00108908,0.0259837,4.24252e-05,2.29636e-05,1.97552e-05,3.17739e-05,-1.58653e-05,-0.000169133,4.24252e-05,0.0466012,
0.00411119,0.000816476,-0.000629284,0.000411124,-0.00205641,-0.000314623,2.3333e-05,0.000816476,0.00106321,0.000861808,9.48996e-05,6.95215e-05,0.000407798,2.01719e-05,-0.000629284,0.000861808,0.00432814,-7.4024e-06,-0.00220634,-0.000378987,3.20097e-05,0.000411124,9.48996e-05,-7.4024e-06,0.0018186,3.81761e-05,-0.00147012,-1.59029e-05,-0.00205641,6.95215e-05,-0.00220634,3.81761e-05,0.0286221,0.00108923,-0.000165545,-0.000314623,0.000407798,-0.000378987,-0.00147012,0.00108923,0.0259749,4.3457e-05,2.3333e-05,2.01719e-05,3.20097e-05,-1.59029e-05,-0.000165545,4.3457e-05,0.046601,
0.00411159,0.000818282,-0.000631565,0.000405205,-0.00205928,-0.000318847,2.3699e-05,0.000818282,0.00106548,0.000863089,9.60468e-05,6.64942e-05,0.000405997,2.05874e-05,-0.000631565,0.000863089,0.00432657,-4.59582e-06,-0.00220661,-0.000380998,3.2242e-05,0.000405205,9.60468e-05,-4.59582e-06,0.00181763,4.67314e-05,-0.00146268,-1.59389e-05,-0.00205928,6.64942e-05,-0.00220661,4.67314e-05,0.0286114,0.00108936,-0.000161972,-0.000318847,0.000405997,-0.000380998,-0.00146268,0.00108936,0.0259661,4.4485e-05,2.3699e-05,2.05874e-05,3.2242e-05,-1.59389e-05,-0.000161972,4.4485e-05,0.0466008,
0.00411196,0.000820065,-0.000633822,0.000399307,-0.00206207,-0.000323009,2.40615e-05,0.000820065,0.00106774,0.000864361,9.71893e-05,6.34779e-05,0.000404183,2.10016e-05,-0.000633822,0.000864361,0.00432501,-1.78837e-06,-0.00220687,-0.000383011,3.24707e-05,0.000399307,9.71893e-05,-1.78837e-06,0.0018167,5.52556e-05,-0.00145526,-1.59732e-05,-0.00206207,6.34779e-05,-0.00220687,5.52556e-05,0.0286008,0.00108947,-0.000158414,-0.000323009,0.000404183,-0.000383011,-0.00145526,0.00108947,0.0259574,4.55092e-05,2.40615e-05,2.10016e-05,3.24707e-05,-1.59732e-05,-0.000158414,4.55092e-05,0.0466006,
0.0041123,0.000821825,-0.000636054,0.000393428,-0.00206478,-0.000327109,2.44207e-05,0.000821825,0.00106998,0.000865622,9.83271e-05,6.04726e-05,0.000402356,2.14145e-05,-0.000636054,0.000865622,0.00432344,1.01973e-06,-0.00220712,-0.000385027,3.26958e-05,0.000393428,9.83271e-05,1.01973e-06,0.00181581,6.37482e-05,-0.00144786,-1.60058e-05,-0.00206478,6.04726e-05,-0.00220712,6.37482e-05,0.0285902,0.00108955,-0.00015487,-0.000327109,0.000402356,-0.000385027,-0.00144786,0.00108955,0.0259488,4.65296e-05,2.44207e-05,2.14145e-05,3.26958e-05,-1.60058e-05,-0.00015487,4.65296e-05,0.0466005,
0.00411261,0.000823563,-0.000638262,0.000387569,-0.00206743,-0.000331147,2.47765e-05,0.000823563,0.00107222,0.000866874,9.94603e-05,5.74786e-05,0.000400517,2.18262e-05,-0.000638262,0.000866874,0.00432186,3.82824e-06,-0.00220738,-0.000387044,3.29175e-05,0.000387569,9.94603e-05,3.82824e-06,0.00181495,7.22089e-05,-0.00144047,-1.60369e-05,-0.00206743,5.74786e-05,-0.00220738,7.22089e-05,0.0285796,0.00108961,-0.000151342,-0.000331147,0.000400517,-0.000387044,-0.00144047,0.00108961,0.0259402,4.75463e-05,2.47765e-05,2.18262e-05,3.29175e-05,-1.60369e-05,-0.000151342,4.75463e-05,0.0466003,
0.00411289,0.000825279,-0.000640446,0.00038173,-0.00207,-0.000335125,2.51291e-05,0.000825279,0.00107444,0.000868116,0.000100589,5.44959e-05,0.000398666,2.22366e-05,-0.000640446,0.000868116,0.00432029,6.63694e-06,-0.00220764,-0.000389063,3.31357e-05,0.00038173,0.000100589,6.63694e-06,0.00181412,8.06373e-05,-0.0014331,-1.60663e-05,-0.00207,5.44959e-05,-0.00220764,8.06373e-05,0.0285691,0.00108964,-0.000147828,-0.000335125,0.000398666,-0.000389063,-0.0014331,0.00108964,0.0259316,4.85593e-05,2.51291e-05,2.22366e-05,3.31357e-05,-1.60663e-05,-0.000147828,4.85593e-05,0.0466001,
0.00411315,0.000826972,-0.000642605,0.000375911,-0.00207249,-0.000339042,2.54784e-05,0.000826972,0.00107664,0.000869349,0.000101713,5.15245e-05,0.000396802,2.26457e-05,-0.000642605,0.000869349,0.00431871,9.4456e-06,-0.00220789,-0.000391084,3.33506e-05,0.000375911,0.000101713,9.44559e-06,0.00181333,8.90331e-05,-0.00142575,-1.6094e-05,-0.00207249,5.15245e-05,-0.00220789,8.90331e-05,0.0285587,0.00108965,-0.000144328,-0.000339042,0.000396802,-0.000391084,-0.00142575,0.00108965,0.0259231,4.95685e-05,2.54784e-05,2.26457e-05,3.33506e-05,-1.6094e-05,-0.000144328,4.95685e-05,0.0466,
0.00411337,0.000828644,-0.000644741,0.000370113,-0.00207492,-0.000342899,2.58244e-05,0.000828644,0.00107884,0.000870573,0.000102833,4.85647e-05,0.000394927,2.30535e-05,-0.000644741,0.000870573,0.00431712,1.2254e-05,-0.00220815,-0.000393107,3.3562e-05,0.000370113,0.000102833,1.2254e-05,0.00181258,9.73959e-05,-0.00141842,-1.61202e-05,-0.00207492,4.85647e-05,-0.00220815,9.73959e-05,0.0285482,0.00108964,-0.000140843,-0.000342899,0.000394927,-0.000393107,-0.00141842,0.00108964,0.0259147,5.05741e-05,2.58244e-05,2.30535e-05,3.3562e-05,-1.61202e-05,-0.000140843,5.05741e-05,0.0465998,
0.00411357,0.000830295,-0.000646853,0.000364336,-0.00207728,-0.000346696,2.61673e-05,0.000830295,0.00108102,0.000871787,0.000103948,4.56164e-05,0.000393041,2.34599e-05,-0.000646853,0.000871787,0.00431554,1.50619e-05,-0.0022084,-0.000395132,3.37701e-05,0.000364336,0.000103948,1.50619e-05,0.00181186,0.000105725,-0.00141111,-1.61448e-05,-0.00207728,4.56164e-05,-0.0022084,0.000105725,0.0285379,0.00108961,-0.000137371,-0.000346696,0.000393041,-0.000395132,-0.00141111,0.00108961,0.0259063,5.15759e-05,2.61673e-05,2.34599e-05,3.37701e-05,-1.61448e-05,-0.000137371,5.15759e-05,0.0465996,
0.00411374,0.000831924,-0.000648941,0.000358579,-0.00207957,-0.000350435,2.6507e-05,0.000831924,0.00108319,0.000872992,0.000105059,4.26797e-05,0.000391144,2.3865e-05,-0.000648941,0.000872992,0.00431395,1.78691e-05,-0.00220866,-0.000397158,3.3975e-05,0.000358579,0.000105059,1.78691e-05,0.00181117,0.000114021,-0.00140381,-1.61677e-05,-0.00207957,4.26797e-05,-0.00220866,0.000114021,0.0285275,0.00108955,-0.000133914,-0.000350435,0.000391144,-0.000397158,-0.00140381,0.00108955,0.0258979,5.25741e-05,2.6507e-05,2.3865e-05,3.3975e-05,-1.61677e-05,-0.000133914,5.25741e-05,0.0465995,
0.00411388,0.000833532,-0.000651005,0.000352843,-0.00208179,-0.000354115,2.68436e-05,0.000833532,0.00108535,0.000874188,0.000106166,3.97547e-05,0.000389236,2.42688e-05,-0.000651005,0.000874188,0.00431236,2.06755e-05,-0.00220891,-0.000399187,3.41766e-05,0.000352843,0.000106166,2.06755e-05,0.00181052,0.000122283,-0.00139654,-1.61891e-05,-0.00208179,3.97547e-05,-0.00220891,0.000122283,0.0285173,0.00108947,-0.000130471,-0.000354115,0.000389236,-0.000399187,-0.00139654,0.00108947,0.0258896,5.35686e-05,2.68436e-05,2.42688e-05,3.41766e-05,-1.61891e-05,-0.000130471,5.35686e-05,0.0465993,
