0.00198954,1.4431e-05,-0.00098834,-2.34652e-05,-0.00103575,-0.0011209,-0.000196209,-0.000268897,0.000614864,0.000568682,-4.89741e-05,0.00105981,-1.89954e-05,-0.000377501,-0.00116346,0.000246976,0.0043433,-3.62578e-06,-0.00188638,-0.000615657,-1.00626e-05,0.000764097,6.88682e-05,-0.000825034,0.000126373,-0.000675156,-3.53368e-05,0.00101017,-0.000936452,0.000818413,-0.00214833,3.71563e-05,0.0272595,0.00143882,0.000426913,-0.00125476,-4.41633e-05,-0.000479218,-2.1054e-05,0.0015617,0.0253062,-6.73516e-05,-2.75899e-05,1.22668e-05,3.93821e-05,-3.13422e-06,0.000146648,0.00010182,0.0465803,
0.00198853,1.42666e-05,-0.000990445,-2.34467e-05,-0.00103377,-0.00112004,-0.000196119,-0.000268755,0.000614907,0.000568676,-4.89632e-05,0.00105935,-1.9361e-05,-0.000377444,-0.00116538,0.000247198,0.00434197,-3.63144e-06,-0.00188561,-0.000616901,-1.01041e-05,0.000763256,6.88976e-05,-0.00082438,0.000126337,-0.000674679,-3.3569e-05,0.00101002,-0.000934462,0.000818133,-0.0021475,3.71629e-05,0.0272572,0.0014407,0.000427116,-0.0012535,-4.38559e-05,-0.000480447,-2.10596e-05,0.00156303,0.0253069,-6.73186e-05,-2.75934e-05,1.22925e-05,3.93671e-05,-3.13231e-06,0.000146739,0.000101878,0.0465803,
0.00198763,1.41094e-05,-0.000992714,-2.34272e-05,-0.00103172,-0.00111936,-0.000196044,-0.000268633,0.00061494,0.000568678,-4.89532e-05,0.00105886,-1.97854e-05,-0.000377469,-0.00116747,0.000247426,0.00434051,-3.63845e-06,-0.00188473,-0.000618343,-1.01737e-05,0.000762466,6.89294e-05,-0.000823711,0.0001263,-0.000674345,-3.17356e-05,0.00101004,-0.000932403,0.000817772,-0.00214657,3.71706e-05,0.0272552,0.00144289,0.000427132,-0.00125246,-4.35862e-05,-0.000481829,-2.1072e-05,0.00156474,0.025308,-6.73644e-05,-2.75921e-05,1.23072e-05,3.934e-05,-3.1305e-06,0.000146588,0.000101938,0.0465802,
0.00198682,1.39559e-05,-0.000995112,-2.34067e-05,-0.0010296,-0.00111877,-0.000195974,-0.000268524,0.000614968,0.000568683,-4.89436e-05,0.00105836,-2.02386e-05,-0.000377536,-0.00116968,0.000247661,0.00433896,-3.64648e-06,-0.00188377,-0.000619919,-1.02603e-05,0.000761712,6.8964e-05,-0.000823025,0.000126263,-0.000674103,-2.98464e-05,0.00101014,-0.000930274,0.000817366,-0.00214558,3.71792e-05,0.0272534,0.0014453,0.00042706,-0.00125152,-4.33263e-05,-0.000483321,-2.10882e-05,0.00156667,0.0253093,-6.74523e-05,-2.75888e-05,1.23165e-05,3.93065e-05,-3.12872e-06,0.000146321,0.000101999,0.0465801,
0.00198606,1.3804e-05,-0.000997608,-2.33856e-05,-0.00102743,-0.0011182,-0.000195906,-0.000268425,0.000614996,0.000568693,-4.89341e-05,0.00105787,-2.07082e-05,-0.000377624,-0.001172,0.0002479,0.00433733,-3.65523e-06,-0.00188274,-0.000621585,-1.03573e-05,0.000760982,6.90006e-05,-0.000822329,0.000126225,-0.000673916,-2.79088e-05,0.00101027,-0.000928085,0.000816935,-0.00214454,3.71886e-05,0.0272516,0.00144783,0.000426949,-0.00125062,-4.30655e-05,-0.000484888,-2.11066e-05,0.00156875,0.0253107,-6.75633e-05,-2.75846e-05,1.23232e-05,3.92697e-05,-3.12695e-06,0.000145995,0.00010206,0.0465801,
0.00198533,1.36524e-05,-0.00100017,-2.33641e-05,-0.00102522,-0.00111765,-0.000195837,-0.000268333,0.000615023,0.00056871,-4.89247e-05,0.00105736,-2.11882e-05,-0.000377722,-0.00117438,0.000248144,0.00433564,-3.66444e-06,-0.00188168,-0.000623308,-1.04601e-05,0.000760268,6.90382e-05,-0.000821634,0.000126187,-0.000673754,-2.59314e-05,0.00101043,-0.000925849,0.000816488,-0.00214346,3.71986e-05,0.0272498,0.00145046,0.00042682,-0.00124973,-4.28006e-05,-0.000486503,-2.11262e-05,0.0015709,0.0253122,-6.76867e-05,-2.75802e-05,1.23288e-05,3.92313e-05,-3.12517e-06,0.000145642,0.000102122,0.04658,
0.00198461,1.35001e-05,-0.00100277,-2.33424e-05,-0.00102298,-0.00111709,-0.000195768,-0.000268247,0.000615052,0.000568734,-4.89154e-05,0.00105685,-2.16752e-05,-0.000377822,-0.0011768,0.000248391,0.00433393,-3.67389e-06,-0.00188059,-0.000625061,-1.05657e-05,0.000759564,6.90758e-05,-0.00082095,0.000126149,-0.000673595,-2.39234e-05,0.00101059,-0.00092358,0.000816034,-0.00214236,3.7209e-05,0.027248,0.00145312,0.000426686,-0.00124884,-4.25311e-05,-0.000488139,-2.11466e-05,0.00157309,0.0253138,-6.7816e-05,-2.7576e-05,1.23341e-05,3.91926e-05,-3.12339e-06,0.000145279,0.000102184,0.0465799,
0.0019839,1.33466e-05,-0.00100539,-2.33206e-05,-0.00102073,-0.00111652,-0.000195697,-0.000268165,0.000615082,0.000568768,-4.89061e-05,0.00105633,-2.21665e-05,-0.000377922,-0.00117924,0.000248639,0.00433219,-3.68338e-06,-0.00187949,-0.000626822,-1.06717e-05,0.000758868,6.91124e-05,-0.000820285,0.00012611,-0.000673421,-2.18952e-05,0.00101075,-0.00092129,0.000815576,-0.00214126,3.72196e-05,0.0272461,0.0014558,0.00042655,-0.00124794,-4.22579e-05,-0.000489778,-2.11674e-05,0.0015753,0.0253153,-6.79465e-05,-2.75719e-05,1.23394e-05,3.91542e-05,-3.1216e-06,0.000144913,0.000102247,0.0465798,
0.00198317,1.31916e-05,-0.00100799,-2.32991e-05,-0.00101847,-0.00111594,-0.000195627,-0.000268086,0.000615114,0.000568812,-4.8897e-05,0.00105581,-2.266e-05,-0.000378017,-0.00118167,0.000248888,0.00433046,-3.69274e-06,-0.00187839,-0.000628573,-1.07762e-05,0.000758175,6.9147e-05,-0.000819649,0.000126073,-0.000673218,-1.98572e-05,0.0010109,-0.000918994,0.000815119,-0.00214016,3.72303e-05,0.0272442,0.00145848,0.000426415,-0.00124703,-4.19826e-05,-0.000491402,-2.11882e-05,0.00157748,0.0253169,-6.8075e-05,-2.75682e-05,1.23451e-05,3.91167e-05,-3.11981e-06,0.000144549,0.000102311,0.0465797,
0.00198242,1.30352e-05,-0.00101056,-2.32778e-05,-0.00101623,-0.00111536,-0.000195555,-0.000268008,0.000615147,0.000568869,-4.8888e-05,0.00105527,-2.31538e-05,-0.000378108,-0.00118408,0.000249137,0.00432873,-3.70183e-06,-0.0018773,-0.000630298,-1.08776e-05,0.000757483,6.91792e-05,-0.000819047,0.000126036,-0.000672976,-1.78196e-05,0.00101104,-0.000916704,0.000814667,-0.00213907,3.7241e-05,0.0272424,0.00146112,0.00042628,-0.00124612,-4.17071e-05,-0.000492995,-2.12089e-05,0.00157963,0.0253184,-6.81991e-05,-2.75647e-05,1.23511e-05,3.90804e-05,-3.11803e-06,0.000144189,0.000102376,0.0465797,
0.00198165,1.28774e-05,-0.00101308,-2.3257e-05,-0.00101401,-0.00111477,-0.000195485,-0.000267932,0.000615182,0.000568937,-4.88792e-05,0.00105472,-2.36464e-05,-0.000378192,-0.00118644,0.000249383,0.00432704,-3.71053e-06,-0.00187622,-0.000631983,-1.0975e-05,0.000756794,6.92082e-05,-0.000818485,0.000126,-0.000672689,-1.57926e-05,0.00101116,-0.000914433,0.000814222,-0.00213802,3.72515e-05,0.0272405,0.00146371,0.000426145,-0.00124519,-4.14335e-05,-0.000494545,-2.12292e-05,0.00158172,0.0253199,-6.83167e-05,-2.75615e-05,1.23577e-05,3.90455e-05,-3.11625e-06,0.000143834,0.000102441,0.0465796,
0.00198085,1.27185e-05,-0.00101554,-2.32367e-05,-0.00101183,-0.00111418,-0.000195415,-0.000267857,0.000615218,0.000569017,-4.88707e-05,0.00105416,-2.41361e-05,-0.00037827,-0.00118875,0.000249626,0.00432539,-3.71874e-06,-0.00187518,-0.000633616,-1.10672e-05,0.000756104,6.92337e-05,-0.000817965,0.000125965,-0.000672351,-1.37857e-05,0.00101128,-0.000912194,0.000813787,-0.00213699,3.72618e-05,0.0272387,0.00146624,0.00042601,-0.00124427,-4.11636e-05,-0.00049604,-2.12491e-05,0.00158374,0.0253213,-6.84265e-05,-2.75585e-05,1.23649e-05,3.90121e-05,-3.11449e-06,0.000143486,0.000102508,0.0465795,
0.00198002,1.25588e-05,-0.00101791,-2.32171e-05,-0.00100969,-0.00111359,-0.000195346,-0.000267782,0.000615254,0.000569108,-4.88624e-05,0.00105359,-2.46215e-05,-0.000378341,-0.00119098,0.000249864,0.00432378,-3.72639e-06,-0.00187416,-0.000635189,-1.11537e-05,0.000755417,6.92555e-05,-0.000817492,0.000125931,-0.000671961,-1.18079e-05,0.00101138,-0.000909996,0.000813364,-0.002136,3.72718e-05,0.0272369,0.0014687,0.000425873,-0.00124335,-4.08996e-05,-0.000497473,-2.12683e-05,0.00158568,0.0253227,-6.85274e-05,-2.75558e-05,1.23725e-05,3.89805e-05,-3.11275e-06,0.000143144,0.000102575,0.0465794,
0.00197916,1.23988e-05,-0.0010202,-2.31983e-05,-0.00100761,-0.00111301,-0.000195278,-0.000267707,0.000615292,0.00056921,-4.88544e-05,0.00105302,-2.51013e-05,-0.000378404,-0.00119313,0.000250097,0.00432223,-3.73341e-06,-0.00187319,-0.000636692,-1.1234e-05,0.00075473,6.92733e-05,-0.000817064,0.000125898,-0.000671518,-9.86741e-06,0.00101147,-0.000907851,0.000812954,-0.00213505,3.72814e-05,0.0272351,0.00147106,0.000425732,-0.00124243,-4.0643e-05,-0.000498835,-2.12869e-05,0.00158752,0.0253241,-6.86185e-05,-2.75532e-05,1.23807e-05,3.89505e-05,-3.11104e-06,0.000142808,0.000102644,0.0465793,
0.00197827,1.2239e-05,-0.00102238,-2.31802e-05,-0.00100559,-0.00111243,-0.000195213,-0.000267632,0.000615329,0.000569322,-4.88467e-05,0.00105244,-2.55741e-05,-0.000378459,-0.00119519,0.000250324,0.00432075,-3.73977e-06,-0.00187226,-0.00063812,-1.13076e-05,0.000754047,6.92871e-05,-0.000816684,0.000125867,-0.000671023,-7.97204e-06,0.00101154,-0.000905767,0.000812559,-0.00213415,3.72904e-05,0.0272334,0.00147332,0.000425588,-0.00124153,-4.03956e-05,-0.000500122,-2.13047e-05,0.00158926,0.0253254,-6.86992e-05,-2.75508e-05,1.23894e-05,3.89223e-05,-3.10936e-06,0.000142477,0.000102715,0.0465792,
0.00197736,1.20799e-05,-0.00102445,-2.3163e-05,-0.00100364,-0.00111186,-0.00019515,-0.000267557,0.000615367,0.000569442,-4.88393e-05,0.00105186,-2.60387e-05,-0.000378508,-0.00119714,0.000250543,0.00431934,-3.74545e-06,-0.00187138,-0.000639467,-1.13745e-05,0.000753368,6.92968e-05,-0.000816351,0.000125838,-0.000670479,-6.12863e-06,0.00101161,-0.000903753,0.00081218,-0.0021333,3.72989e-05,0.0272318,0.00147547,0.000425438,-0.00124064,-4.01587e-05,-0.000501329,-2.13216e-05,0.0015909,0.0253266,-6.87691e-05,-2.75484e-05,1.23986e-05,3.88958e-05,-3.10771e-06,0.000142151,0.000102786,0.0465792,
0.00197642,1.1922e-05,-0.00102641,-2.31466e-05,-0.00100177,-0.00111131,-0.000195089,-0.000267481,0.000615404,0.000569569,-4.88323e-05,0.00105128,-2.64938e-05,-0.00037855,-0.00119899,0.000250754,0.004318,-3.75042e-06,-0.00187055,-0.000640731,-1.14345e-05,0.000752694,6.93028e-05,-0.000816062,0.00012581,-0.00066989,-4.34333e-06,0.00101166,-0.000901816,0.000811817,-0.00213251,3.73068e-05,0.0272303,0.00147752,0.000425281,-0.00123977,-3.99336e-05,-0.000502454,-2.13377e-05,0.00159242,0.0253278,-6.88279e-05,-2.75462e-05,1.24081e-05,3.88709e-05,-3.10609e-06,0.00014183,0.000102859,0.0465791,
0.00197546,1.17659e-05,-0.00102825,-2.31312e-05,-0.000999978,-0.00111078,-0.000195031,-0.000267405,0.00061544,0.000569703,-4.88256e-05,0.0010507,-2.69384e-05,-0.000378585,-0.00120072,0.000250957,0.00431674,-3.75469e-06,-0.00186978,-0.000641909,-1.14877e-05,0.000752027,6.93049e-05,-0.000815817,0.000125784,-0.000669259,-2.62163e-06,0.0010117,-0.000899962,0.000811472,-0.00213177,3.7314e-05,0.0272288,0.00147944,0.000425118,-0.00123892,-3.97211e-05,-0.000503495,-2.13528e-05,0.00159383,0.0253289,-6.88756e-05,-2.75441e-05,1.24181e-05,3.88475e-05,-3.10452e-06,0.000141513,0.000102934,0.046579,
0.00197449,1.1612e-05,-0.00102997,-2.31167e-05,-0.000998274,-0.00111026,-0.000194977,-0.000267328,0.000615476,0.000569841,-4.88193e-05,0.00105012,-2.73713e-05,-0.000378613,-0.00120235,0.000251151,0.00431557,-3.75826e-06,-0.00186906,-0.000642999,-1.15342e-05,0.000751368,6.93036e-05,-0.000815614,0.000125759,-0.000668591,-9.68101e-07,0.00101173,-0.000898195,0.000811144,-0.00213108,3.73206e-05,0.0272274,0.00148124,0.000424947,-0.0012381,-3.95221e-05,-0.000504451,-2.13671e-05,0.00159513,0.0253299,-6.89122e-05,-2.75419e-05,1.24284e-05,3.88256e-05,-3.10299e-06,0.000141199,0.00010301,0.0465789,
0.00197351,1.14609e-05,-0.00103156,-2.31032e-05,-0.00099666,-0.00110976,-0.000194925,-0.000267251,0.000615511,0.000569982,-4.88134e-05,0.00104955,-2.77917e-05,-0.000378636,-0.00120385,0.000251335,0.00431448,-3.76114e-06,-0.0018684,-0.000644002,-1.15742e-05,0.000750719,6.92988e-05,-0.00081545,0.000125736,-0.000667891,6.13259e-07,0.00101176,-0.000896519,0.000810835,-0.00213045,3.73264e-05,0.0272261,0.00148292,0.000424767,-0.0012373,-3.93372e-05,-0.000505323,-2.13803e-05,0.00159631,0.0253309,-6.89377e-05,-2.75398e-05,1.24391e-05,3.8805e-05,-3.10151e-06,0.000140889,0.000103087,0.0465788,
0.00197252,1.13132e-05,-0.00103304,-2.30905e-05,-0.000995138,-0.00110928,-0.000194877,-0.000267173,0.000615544,0.000570126,-4.88078e-05,0.00104899,-2.81985e-05,-0.000378654,-0.00120524,0.00025151,0.00431348,-3.76337e-06,-0.0018678,-0.000644917,-1.16081e-05,0.000750082,6.92911e-05,-0.000815321,0.000125715,-0.000667165,2.11937e-06,0.00101177,-0.000894938,0.000810543,-0.00212988,3.73316e-05,0.0272249,0.00148448,0.000424579,-0.00123653,-3.91668e-05,-0.000506112,-2.13926e-05,0.00159738,0.0253318,-6.89524e-05,-2.75376e-05,1.245e-05,3.87856e-05,-3.10007e-06,0.000140581,0.000103166,0.0465788,
0.00197153,1.11691e-05,-0.00103438,-2.30788e-05,-0.000993709,-0.00110883,-0.000194832,-0.000267095,0.000615576,0.00057027,-4.88025e-05,0.00104844,-2.85911e-05,-0.000378666,-0.00120652,0.000251674,0.00431256,-3.76497e-06,-0.00186725,-0.000645746,-1.1636e-05,0.000749457,6.92805e-05,-0.000815226,0.000125695,-0.000666418,3.54768e-06,0.00101178,-0.000893454,0.00081027,-0.00212936,3.7336e-05,0.0272238,0.00148591,0.000424382,-0.0012358,-3.9011e-05,-0.00050682,-2.14039e-05,0.00159834,0.0253326,-6.89565e-05,-2.75355e-05,1.24611e-05,3.87674e-05,-3.09869e-06,0.000140275,0.000103246,0.0465787,
0.00197053,1.10292e-05,-0.00103561,-2.30681e-05,-0.000992375,-0.0011084,-0.000194791,-0.000267017,0.000615606,0.000570414,-4.87976e-05,0.00104789,-2.89687e-05,-0.000378674,-0.00120768,0.000251829,0.00431172,-3.76596e-06,-0.00186676,-0.000646491,-1.16584e-05,0.000748846,6.92674e-05,-0.000815162,0.000125677,-0.000665655,4.89649e-06,0.00101178,-0.000892067,0.000810015,-0.0021289,3.73398e-05,0.0272228,0.00148723,0.000424176,-0.0012351,-3.88701e-05,-0.000507448,-2.14142e-05,0.00159919,0.0253334,-6.89503e-05,-2.75332e-05,1.24724e-05,3.87501e-05,-3.09735e-06,0.000139971,0.000103328,0.0465786,
0.00196955,1.08938e-05,-0.00103672,-2.30582e-05,-0.000991134,-0.001108,-0.000194754,-0.000266939,0.000615634,0.000570557,-4.8793e-05,0.00104737,-2.93308e-05,-0.000378679,-0.00120872,0.000251973,0.00431097,-3.7664e-06,-0.00186633,-0.000647153,-1.16757e-05,0.00074825,6.92521e-05,-0.000815125,0.00012566,-0.000664881,6.16465e-06,0.00101178,-0.000890777,0.000809778,-0.00212849,3.73428e-05,0.0272219,0.00148842,0.000423961,-0.00123443,-3.87438e-05,-0.000507999,-2.14236e-05,0.00159994,0.0253341,-6.89342e-05,-2.7531e-05,1.24839e-05,3.87337e-05,-3.09606e-06,0.000139668,0.000103411,0.0465785,
0.00197125,1.34371e-05,-0.00103913,-2.93352e-05,-0.00099324,-0.00110649,-0.000192562,-0.0002612,0.00062132,0.000567705,-6.20945e-05,0.00103997,-2.72869e-05,-0.000374111,-0.00120922,0.000252545,0.00431006,-4.79345e-06,-0.00186648,-0.000647553,-1.13355e-05,0.000733091,5.46591e-05,-0.000807409,0.000159911,-0.000646369,1.19697e-06,0.00100001,-0.000893919,0.000805226,-0.00212584,4.753e-05,0.0272263,0.00148766,0.00042024,-0.00123131,-3.61457e-05,-0.000509792,-2.72771e-05,0.00159756,0.0253358,-6.69017e-05,-2.71695e-05,1.28546e-05,3.85282e-05,-3.93883e-06,0.000138929,0.000103647,0.0465787,
0.00197757,2.06106e-05,-0.00104387,-4.64859e-05,-0.00100106,-0.00110304,-0.000186641,-0.000245674,0.0006368,0.000559674,-9.84245e-05,0.00102068,-2.10693e-05,-0.000361634,-0.00120886,0.000253862,0.00430884,-7.59732e-06,-0.00186761,-0.000647549,-1.03804e-05,0.000692747,1.48392e-05,-0.000786386,0.000253463,-0.00059719,-1.45603e-05,0.00096788,-0.000904654,0.000793192,-0.00211928,7.5348e-05,0.02724,0.00148361,0.000410457,-0.00122393,-2.92557e-05,-0.000513785,-4.32549e-05,0.00158985,0.0253393,-6.13837e-05,-2.61876e-05,1.38464e-05,3.79954e-05,-6.24145e-06,0.000137437,0.000104149,0.0465794,
0.00221483,0.00025891,-0.00117063,-0.000606975,-0.00128993,-0.00100157,5.79761e-06,0.00025891,0.00114175,0.00029294,-0.00128545,0.000406425,0.000192814,4.5868e-05,-0.00117063,0.00029294,0.00428775,-9.91986e-05,-0.00191471,-0.000631434,2.10635e-05,-0.000606975,-0.00128545,-9.91986e-05,0.00331022,0.00098416,-0.000565133,-8.14909e-05,-0.00128993,0.000406425,-0.00191471,0.00098416,0.0277093,0.00132044,9.82296e-05,-0.00100157,0.000192814,-0.000631434,-0.000565133,0.00132044,0.025434,0.000117815,5.79761e-06,4.5868e-05,2.10635e-05,-8.14909e-05,9.82296e-05,0.000117815,0.0466052,
0.00221357,0.000258781,-0.00117089,-0.000606966,-0.00128914,-0.00100113,5.77563e-06,0.000258781,0.00114178,0.00029298,-0.00128551,0.00040631,0.000192861,4.58744e-05,-0.00117089,0.00029298,0.00428765,-9.90925e-05,-0.00191465,-0.00063144,2.10558e-05,-0.000606966,-0.00128551,-9.90925e-05,0.0033104,0.000984171,-0.000565263,-8.14723e-05,-0.00128914,0.00040631,-0.00191465,0.000984171,0.0277087,0.00132045,9.80215e-05,-0.00100113,0.000192861,-0.00063144,-0.000565263,0.00132045,0.0254343,0.000117927,5.77563e-06,4.58744e-05,2.10558e-05,-8.14723e-05,9.80215e-05,0.000117927,0.0466051,
0.00221237,0.000258664,-0.00117106,-0.000606966,-0.00128844,-0.00100077,5.75588e-06,0.000258664,0.0011418,0.000293003,-0.00128556,0.000406236,0.000192888,4.5881e-05,-0.00117106,0.000293003,0.00428762,-9.89767e-05,-0.00191462,-0.000631394,2.10464e-05,-0.000606966,-0.00128556,-9.89767e-05,0.00331056,0.000984176,-0.000565328,-8.14546e-05,-0.00128844,0.000406236,-0.00191462,0.000984176,0.0277082,0.00132043,9.78047e-05,-0.00100077,0.000192888,-0.000631394,-0.000565328,0.00132043,0.0254346,0.000118035,5.75588e-06,4.5881e-05,2.10464e-05,-8.14546e-05,9.78047e-05,0.000118035,0.046605,
0.00221127,0.000258556,-0.00117119,-0.000606964,-0.0012878,-0.00100046,5.73808e-06,0.000258556,0.00114181,0.000293019,-0.00128561,0.000406177,0.000192907,4.5887e-05,-0.00117119,0.000293019,0.00428761,-9.88655e-05,-0.0019146,-0.000631347,2.10352e-05,-0.000606964,-0.00128561,-9.88655e-05,0.00331071,0.000984181,-0.000565371,-8.14377e-05,-0.0012878,0.000406177,-0.0019146,0.000984181,0.0277078,0.00132042,9.75658e-05,-0.00100046,0.000192907,-0.000631347,-0.000565371,0.00132042,0.0254349,0.000118141,5.73808e-06,4.5887e-05,2.10352e-05,-8.14377e-05,9.75658e-05,0.000118141,0.0466049,
0.00221027,0.000258455,-0.00117131,-0.000606957,-0.00128722,-0.00100019,5.72187e-06,0.000258455,0.00114182,0.00029303,-0.00128565,0.000406122,0.000192922,4.58924e-05,-0.00117131,0.00029303,0.00428761,-9.87618e-05,-0.00191457,-0.000631304,2.10225e-05,-0.000606957,-0.00128565,-9.87618e-05,0.00331084,0.000984181,-0.000565411,-8.14215e-05,-0.00128722,0.000406122,-0.00191457,0.000984181,0.0277074,0.00132041,9.73058e-05,-0.00100019,0.000192922,-0.000631304,-0.000565411,0.00132041,0.0254352,0.000118247,5.72187e-06,4.58924e-05,2.10225e-05,-8.14215e-05,9.73058e-05,0.000118247,0.0466048,
0.00220935,0.000258362,-0.00117141,-0.000606946,-0.0012867,-0.000999956,5.70698e-06,0.000258362,0.00114184,0.000293037,-0.0012857,0.000406069,0.000192932,4.58972e-05,-0.00117141,0.000293037,0.00428761,-9.86659e-05,-0.00191455,-0.000631266,2.10085e-05,-0.000606946,-0.0012857,-9.86659e-05,0.00331096,0.000984175,-0.000565454,-8.14056e-05,-0.0012867,0.000406069,-0.00191455,0.000984175,0.0277071,0.0013204,9.7029e-05,-0.000999956,0.000192932,-0.000631266,-0.000565454,0.0013204,0.0254355,0.000118352,5.70698e-06,4.58972e-05,2.10085e-05,-8.14056e-05,9.7029e-05,0.000118352,0.0466048,
0.00220851,0.000258276,-0.00117151,-0.000606932,-0.00128622,-0.000999749,5.69319e-06,0.000258276,0.00114185,0.000293042,-0.00128574,0.000406018,0.000192938,4.59017e-05,-0.00117151,0.000293042,0.00428761,-9.85776e-05,-0.00191453,-0.000631234,2.09937e-05,-0.000606932,-0.00128574,-9.85776e-05,0.00331108,0.000984164,-0.0005655,-8.13901e-05,-0.00128622,0.000406018,-0.00191453,0.000984164,0.0277069,0.00132039,9.67396e-05,-0.000999749,0.000192938,-0.000631234,-0.0005655,0.00132039,0.0254357,0.000118458,5.69319e-06,4.59017e-05,2.09937e-05,-8.13901e-05,9.67396e-05,0.000118458,0.0466047,
0.00220774,0.000258195,-0.00117159,-0.000606917,-0.00128579,-0.000999565,5.68035e-06,0.000258195,0.00114186,0.000293044,-0.00128577,0.000405969,0.000192941,4.59058e-05,-0.00117159,0.000293044,0.00428761,-9.84963e-05,-0.00191451,-0.000631204,2.09781e-05,-0.000606917,-0.00128577,-9.84963e-05,0.00331118,0.000984148,-0.000565549,-8.13749e-05,-0.00128579,0.000405969,-0.00191451,0.000984148,0.0277067,0.00132039,9.64408e-05,-0.000999565,0.000192941,-0.000631204,-0.000565549,0.00132039,0.025436,0.000118562,5.68035e-06,4.59058e-05,2.09781e-05,-8.13749e-05,9.64408e-05,0.000118562,0.0466046,
0.00220704,0.000258121,-0.00117167,-0.0006069,-0.0012854,-0.000999399,5.66833e-06,0.000258121,0.00114186,0.000293046,-0.00128581,0.000405922,0.000192942,4.59098e-05,-0.00117167,0.000293046,0.00428761,-9.84216e-05,-0.00191449,-0.000631179,2.09619e-05,-0.0006069,-0.00128581,-9.84216e-05,0.00331128,0.000984128,-0.000565599,-8.13599e-05,-0.0012854,0.000405922,-0.00191449,0.000984128,0.0277066,0.00132038,9.61352e-05,-0.000999399,0.000192942,-0.000631179,-0.000565599,0.00132038,0.0254363,0.000118667,5.66833e-06,4.59098e-05,2.09619e-05,-8.13599e-05,9.61352e-05,0.000118667,0.0466045,
0.00220639,0.000258052,-0.00117175,-0.000606883,-0.00128505,-0.000999248,5.65702e-06,0.000258052,0.00114187,0.000293047,-0.00128584,0.000405877,0.000192942,4.59137e-05,-0.00117175,0.000293047,0.00428761,-9.83528e-05,-0.00191447,-0.000631156,2.09453e-05,-0.000606883,-0.00128584,-9.83528e-05,0.00331137,0.000984107,-0.000565649,-8.13451e-05,-0.00128505,0.000405877,-0.00191447,0.000984107,0.0277065,0.00132038,9.58245e-05,-0.000999248,0.000192942,-0.000631156,-0.000565649,0.00132038,0.0254366,0.000118771,5.65702e-06,4.59137e-05,2.09453e-05,-8.13451e-05,9.58245e-05,0.000118771,0.0466044,
0.00220579,0.000257988,-0.00117182,-0.000606867,-0.00128472,-0.000999111,5.64636e-06,0.000257988,0.00114188,0.000293047,-0.00128587,0.000405834,0.000192941,4.59176e-05,-0.00117182,0.000293047,0.00428761,-9.82895e-05,-0.00191446,-0.000631136,2.09282e-05,-0.000606867,-0.00128587,-9.82895e-05,0.00331145,0.000984084,-0.000565698,-8.13305e-05,-0.00128472,0.000405834,-0.00191446,0.000984084,0.0277064,0.00132038,9.551e-05,-0.000999111,0.000192941,-0.000631136,-0.000565698,0.00132038,0.0254368,0.000118876,5.64636e-06,4.59176e-05,2.09282e-05,-8.13305e-05,9.551e-05,0.000118876,0.0466043,
0.00220524,0.000257928,-0.00117188,-0.00060685,-0.00128442,-0.000998985,5.63625e-06,0.000257928,0.00114189,0.000293047,-0.0012859,0.000405793,0.000192939,4.59215e-05,-0.00117188,0.000293047,0.0042876,-9.82312e-05,-0.00191444,-0.000631118,2.09108e-05,-0.00060685,-0.0012859,-9.82312e-05,0.00331153,0.000984061,-0.000565746,-8.1316e-05,-0.00128442,0.000405793,-0.00191444,0.000984061,0.0277063,0.00132037,9.51927e-05,-0.000998985,0.000192939,-0.000631118,-0.000565746,0.00132037,0.0254371,0.00011898,5.63625e-06,4.59215e-05,2.09108e-05,-8.1316e-05,9.51927e-05,0.00011898,0.0466042,
0.00220474,0.000257873,-0.00117195,-0.000606833,-0.00128414,-0.000998869,5.62666e-06,0.000257873,0.00114189,0.000293047,-0.00128593,0.000405754,0.000192937,4.59254e-05,-0.00117195,0.000293047,0.0042876,-9.81773e-05,-0.00191443,-0.000631102,2.08931e-05,-0.000606833,-0.00128593,-9.81773e-05,0.0033116,0.000984038,-0.000565792,-8.13017e-05,-0.00128414,0.000405754,-0.00191443,0.000984038,0.0277063,0.00132037,9.48732e-05,-0.000998869,0.000192937,-0.000631102,-0.000565792,0.00132037,0.0254373,0.000119084,5.62666e-06,4.59254e-05,2.08931e-05,-8.13017e-05,9.48732e-05,0.000119084,0.0466041,
0.00220427,0.000257821,-0.001172,-0.000606818,-0.00128389,-0.000998761,5.61751e-06,0.000257821,0.0011419,0.000293046,-0.00128596,0.000405717,0.000192935,4.59294e-05,-0.001172,0.000293046,0.0042876,-9.81275e-05,-0.00191442,-0.000631088,2.08751e-05,-0.000606818,-0.00128596,-9.81275e-05,0.00331166,0.000984015,-0.000565835,-8.12875e-05,-0.00128389,0.000405717,-0.00191442,0.000984015,0.0277062,0.00132036,9.4552e-05,-0.000998761,0.000192935,-0.000631088,-0.000565835,0.00132036,0.0254376,0.000119188,5.61751e-06,4.59294e-05,2.08751e-05,-8.12875e-05,9.4552e-05,0.000119188,0.0466041,
0.00220383,0.000257773,-0.00117206,-0.000606802,-0.00128365,-0.000998661,5.60876e-06,0.000257773,0.0011419,0.000293046,-0.00128598,0.000405682,0.000192933,4.59334e-05,-0.00117206,0.000293046,0.00428759,-9.80815e-05,-0.0019144,-0.000631076,2.08569e-05,-0.000606802,-0.00128598,-9.80815e-05,0.00331173,0.000983992,-0.000565877,-8.12735e-05,-0.00128365,0.000405682,-0.0019144,0.000983992,0.0277062,0.00132036,9.42294e-05,-0.000998661,0.000192933,-0.000631076,-0.000565877,0.00132036,0.0254378,0.000119292,5.60876e-06,4.59334e-05,2.08569e-05,-8.12735e-05,9.42294e-05,0.000119292,0.046604,
0.00220342,0.000257728,-0.00117211,-0.000606787,-0.00128342,-0.000998568,5.60037e-06,0.000257728,0.00114191,0.000293045,-0.00128601,0.000405648,0.000192931,4.59375e-05,-0.00117211,0.000293045,0.00428759,-9.80387e-05,-0.00191439,-0.000631066,2.08385e-05,-0.000606787,-0.00128601,-9.80387e-05,0.00331178,0.000983971,-0.000565916,-8.12595e-05,-0.00128342,0.000405648,-0.00191439,0.000983971,0.0277062,0.00132036,9.39056e-05,-0.000998568,0.000192931,-0.000631066,-0.000565916,0.00132036,0.025438,0.000119396,5.60037e-06,4.59375e-05,2.08385e-05,-8.12595e-05,9.39056e-05,0.000119396,0.0466039,
0.00220304,0.000257686,-0.00117216,-0.000606773,-0.00128321,-0.00099848,5.5923e-06,0.000257686,0.00114191,0.000293045,-0.00128603,0.000405616,0.00019293,4.59417e-05,-0.00117216,0.000293045,0.00428758,-9.7999e-05,-0.00191437,-0.000631057,2.08199e-05,-0.000606773,-0.00128603,-9.7999e-05,0.00331184,0.000983949,-0.000565953,-8.12456e-05,-0.00128321,0.000405616,-0.00191437,0.000983949,0.0277062,0.00132035,9.35809e-05,-0.00099848,0.00019293,-0.000631057,-0.000565953,0.00132035,0.0254382,0.0001195,5.59231e-06,4.59417e-05,2.08199e-05,-8.12456e-05,9.35809e-05,0.0001195,0.0466038,
0.00220269,0.000257646,-0.00117221,-0.00060676,-0.00128301,-0.000998398,5.58453e-06,0.000257646,0.00114192,0.000293045,-0.00128605,0.000405586,0.000192928,4.59459e-05,-0.00117221,0.000293045,0.00428758,-9.7962e-05,-0.00191436,-0.000631049,2.08011e-05,-0.00060676,-0.00128605,-9.7962e-05,0.00331189,0.000983929,-0.000565988,-8.12317e-05,-0.00128301,0.000405586,-0.00191436,0.000983929,0.0277062,0.00132035,9.32553e-05,-0.000998398,0.000192928,-0.000631049,-0.000565988,0.00132035,0.0254384,0.000119604,5.58453e-06,4.59459e-05,2.08011e-05,-8.12317e-05,9.32553e-05,0.000119604,0.0466037,
0.00220235,0.000257609,-0.00117226,-0.000606746,-0.00128283,-0.00099832,5.57701e-06,0.000257609,0.00114192,0.000293045,-0.00128607,0.000405557,0.000192927,4.59502e-05,-0.00117226,0.000293045,0.00428757,-9.79275e-05,-0.00191434,-0.000631043,2.07822e-05,-0.000606746,-0.00128607,-9.79275e-05,0.00331194,0.000983909,-0.000566021,-8.12179e-05,-0.00128283,0.000405557,-0.00191434,0.000983909,0.0277062,0.00132035,9.29289e-05,-0.00099832,0.000192927,-0.000631043,-0.000566021,0.00132035,0.0254387,0.000119708,5.57701e-06,4.59502e-05,2.07822e-05,-8.12179e-05,9.29289e-05,0.000119708,0.0466036,
0.00220204,0.000257574,-0.0011723,-0.000606734,-0.00128265,-0.000998246,5.56972e-06,0.000257574,0.00114193,0.000293045,-0.00128608,0.000405529,0.000192926,4.59546e-05,-0.0011723,0.000293045,0.00428757,-9.78951e-05,-0.00191433,-0.000631038,2.07631e-05,-0.000606734,-0.00128608,-9.78951e-05,0.00331198,0.00098389,-0.000566053,-8.12042e-05,-0.00128265,0.000405529,-0.00191433,0.00098389,0.0277062,0.00132034,9.26018e-05,-0.000998246,0.000192926,-0.000631038,-0.000566053,0.00132034,0.0254389,0.000119813,5.56972e-06,4.59546e-05,2.07631e-05,-8.12042e-05,9.26018e-05,0.000119813,0.0466035,
0.00220174,0.00025754,-0.00117234,-0.000606722,-0.00128248,-0.000998176,5.56264e-06,0.00025754,0.00114193,0.000293045,-0.0012861,0.000405503,0.000192926,4.5959e-05,-0.00117234,0.000293045,0.00428756,-9.78648e-05,-0.00191431,-0.000631033,2.07439e-05,-0.000606722,-0.0012861,-9.78648e-05,0.00331202,0.000983872,-0.000566082,-8.11906e-05,-0.00128248,0.000405503,-0.00191431,0.000983872,0.0277062,0.00132034,9.22741e-05,-0.000998176,0.000192926,-0.000631033,-0.000566082,0.00132034,0.0254391,0.000119917,5.56264e-06,4.5959e-05,2.07439e-05,-8.11906e-05,9.22741e-05,0.000119917,0.0466034,
0.00220146,0.000257509,-0.00117238,-0.00060671,-0.00128232,-0.00099811,5.55575e-06,0.000257509,0.00114194,0.000293046,-0.00128612,0.000405477,0.000192925,4.59636e-05,-0.00117238,0.000293046,0.00428755,-9.78363e-05,-0.00191429,-0.00063103,2.07245e-05,-0.00060671,-0.00128612,-9.78363e-05,0.00331206,0.000983854,-0.00056611,-8.11769e-05,-0.00128232,0.000405477,-0.00191429,0.000983854,0.0277062,0.00132034,9.19458e-05,-0.00099811,0.000192925,-0.00063103,-0.00056611,0.00132034,0.0254393,0.000120022,5.55575e-06,4.59636e-05,2.07245e-05,-8.11769e-05,9.19458e-05,0.000120022,0.0466033,
0.0022012,0.000257479,-0.00117242,-0.000606699,-0.00128217,-0.000998046,5.54903e-06,0.000257479,0.00114194,0.000293046,-0.00128613,0.000405453,0.000192925,4.59681e-05,-0.00117242,0.000293046,0.00428754,-9.78094e-05,-0.00191428,-0.000631027,2.07051e-05,-0.000606699,-0.00128613,-9.78094e-05,0.0033121,0.000983837,-0.000566136,-8.11633e-05,-0.00128217,0.000405453,-0.00191428,0.000983837,0.0277062,0.00132034,9.16169e-05,-0.000998046,0.000192925,-0.000631027,-0.000566136,0.00132034,0.0254395,0.000120126,5.54903e-06,4.59681e-05,2.07051e-05,-8.11633e-05,9.16169e-05,0.000120126,0.0466033,
0.00220094,0.00025745,-0.00117246,-0.000606688,-0.00128202,-0.000997985,5.54245e-06,0.00025745,0.00114194,0.000293047,-0.00128615,0.000405429,0.000192925,4.59727e-05,-0.00117246,0.000293047,0.00428754,-9.7784e-05,-0.00191426,-0.000631025,2.06855e-05,-0.000606688,-0.00128615,-9.7784e-05,0.00331214,0.000983821,-0.000566161,-8.11498e-05,-0.00128202,0.000405429,-0.00191426,0.000983821,0.0277063,0.00132033,9.12874e-05,-0.000997985,0.000192925,-0.000631025,-0.000566161,0.00132033,0.0254397,0.000120231,5.54245e-06,4.59727e-05,2.06855e-05,-8.11498e-05,9.12874e-05,0.000120231,0.0466032,
0.0022007,0.000257423,-0.0011725,-0.000606678,-0.00128188,-0.000997926,5.53601e-06,0.000257423,0.00114195,0.000293048,-0.00128616,0.000405406,0.000192925,4.59774e-05,-0.0011725,0.000293048,0.00428753,-9.77599e-05,-0.00191425,-0.000631023,2.06659e-05,-0.000606678,-0.00128616,-9.77599e-05,0.00331217,0.000983805,-0.000566184,-8.11362e-05,-0.00128188,0.000405406,-0.00191425,0.000983805,0.0277063,0.00132033,9.09574e-05,-0.000997926,0.000192925,-0.000631023,-0.000566184,0.00132033,0.0254399,0.000120336,5.53601e-06,4.59774e-05,2.06659e-05,-8.11362e-05,9.09574e-05,0.000120336,0.0466031,
0.00220047,0.000257397,-0.00117254,-0.000606668,-0.00128174,-0.000997869,5.52969e-06,0.000257397,0.00114195,0.000293049,-0.00128618,0.000405384,0.000192925,4.59821e-05,-0.00117254,0.000293049,0.00428752,-9.7737e-05,-0.00191423,-0.000631022,2.06461e-05,-0.000606668,-0.00128618,-9.7737e-05,0.00331221,0.00098379,-0.000566206,-8.11227e-05,-0.00128174,0.000405384,-0.00191423,0.00098379,0.0277063,0.00132033,9.06269e-05,-0.000997869,0.000192925,-0.000631022,-0.000566206,0.00132033,0.02544,0.000120441,5.52969e-06,4.59821e-05,2.06461e-05,-8.11227e-05,9.06269e-05,0.000120441,0.046603,
0.00220025,0.000257372,-0.00117257,-0.000606658,-0.00128161,-0.000997814,5.52348e-06,0.000257372,0.00114195,0.000293049,-0.00128619,0.000405362,0.000192926,4.59869e-05,-0.00117257,0.000293049,0.00428751,-9.77152e-05,-0.00191421,-0.000631022,2.06263e-05,-0.000606658,-0.00128619,-9.77152e-05,0.00331224,0.000983775,-0.000566228,-8.11092e-05,-0.00128161,0.000405362,-0.00191421,0.000983775,0.0277064,0.00132033,9.02959e-05,-0.000997814,0.000192926,-0.000631022,-0.000566228,0.00132033,0.0254402,0.000120546,5.52348e-06,4.59869e-05,2.06263e-05,-8.11092e-05,9.02959e-05,0.000120546,0.0466029,
0.00220004,0.000257348,-0.00117261,-0.000606648,-0.00128148,-0.000997761,5.51737e-06,0.000257348,0.00114196,0.00029305,-0.0012862,0.000405341,0.000192927,4.59917e-05,-0.00117261,0.00029305,0.0042875,-9.76943e-05,-0.0019142,-0.000631022,2.06064e-05,-0.000606648,-0.0012862,-9.76943e-05,0.00331227,0.000983761,-0.000566248,-8.10957e-05,-0.00128148,0.000405341,-0.0019142,0.000983761,0.0277064,0.00132033,8.99643e-05,-0.000997761,0.000192927,-0.000631022,-0.000566248,0.00132033,0.0254404,0.000120651,5.51737e-06,4.59917e-05,2.06064e-05,-8.10957e-05,8.99643e-05,0.000120651,0.0466028,
0.00219983,0.000257325,-0.00117264,-0.000606639,-0.00128136,-0.000997709,5.51135e-06,0.000257325,0.00114196,0.000293052,-0.00128622,0.000405321,0.000192928,4.59965e-05,-0.00117264,0.000293052,0.00428749,-9.76742e-05,-0.00191418,-0.000631022,2.05864e-05,-0.000606639,-0.00128622,-9.76742e-05,0.0033123,0.000983746,-0.000566268,-8.10822e-05,-0.00128136,0.000405321,-0.00191418,0.000983746,0.0277065,0.00132033,8.96323e-05,-0.000997709,0.000192928,-0.000631022,-0.000566268,0.00132033,0.0254406,0.000120757,5.51135e-06,4.59965e-05,2.05864e-05,-8.10822e-05,8.96323e-05,0.000120757,0.0466027,
0.00219963,0.000257302,-0.00117268,-0.00060663,-0.00128124,-0.000997659,5.5054e-06,0.000257302,0.00114196,0.000293053,-0.00128623,0.000405301,0.000192929,4.60014e-05,-0.00117268,0.000293053,0.00428748,-9.7655e-05,-0.00191416,-0.000631023,2.05664e-05,-0.00060663,-0.00128623,-9.7655e-05,0.00331233,0.000983733,-0.000566286,-8.10687e-05,-0.00128124,0.000405301,-0.00191416,0.000983733,0.0277065,0.00132033,8.92999e-05,-0.000997659,0.000192929,-0.000631023,-0.000566286,0.00132033,0.0254408,0.000120862,5.5054e-06,4.60014e-05,2.05664e-05,-8.10687e-05,8.92999e-05,0.000120862,0.0466026,
0.00219944,0.00025728,-0.00117271,-0.000606621,-0.00128112,-0.00099761,5.49952e-06,0.00025728,0.00114197,0.000293054,-0.00128624,0.000405281,0.00019293,4.60063e-05,-0.00117271,0.000293054,0.00428747,-9.76365e-05,-0.00191415,-0.000631025,2.05463e-05,-0.000606621,-0.00128624,-9.76365e-05,0.00331235,0.000983719,-0.000566304,-8.10553e-05,-0.00128112,0.000405281,-0.00191415,0.000983719,0.0277065,0.00132032,8.8967e-05,-0.00099761,0.00019293,-0.000631025,-0.000566304,0.00132032,0.025441,0.000120968,5.49952e-06,4.60063e-05,2.05463e-05,-8.10553e-05,8.8967e-05,0.000120968,0.0466025,
0.00219925,0.000257259,-0.00117275,-0.000606613,-0.001281,-0.000997562,5.49371e-06,0.000257259,0.00114197,0.000293055,-0.00128625,0.000405262,0.000192931,4.60112e-05,-0.00117275,0.000293055,0.00428746,-9.76185e-05,-0.00191413,-0.000631026,2.05261e-05,-0.000606613,-0.00128625,-9.76185e-05,0.00331238,0.000983706,-0.000566322,-8.10418e-05,-0.001281,0.000405262,-0.00191413,0.000983706,0.0277066,0.00132032,8.86336e-05,-0.000997562,0.000192931,-0.000631026,-0.000566322,0.00132032,0.0254412,0.000121074,5.49371e-06,4.60112e-05,2.05261e-05,-8.10418e-05,8.86336e-05,0.000121074,0.0466024,
0.00219907,0.000257238,-0.00117278,-0.000606604,-0.00128089,-0.000997515,5.48796e-06,0.000257238,0.00114197,0.000293057,-0.00128627,0.000405244,0.000192932,4.60161e-05,-0.00117278,0.000293057,0.00428745,-9.76012e-05,-0.00191411,-0.000631028,2.05059e-05,-0.000606604,-0.00128627,-9.76012e-05,0.00331241,0.000983693,-0.000566338,-8.10284e-05,-0.00128089,0.000405244,-0.00191411,0.000983693,0.0277066,0.00132032,8.82999e-05,-0.000997515,0.000192932,-0.000631028,-0.000566338,0.00132032,0.0254413,0.00012118,5.48796e-06,4.60161e-05,2.05059e-05,-8.10284e-05,8.82999e-05,0.00012118,0.0466023,
0.00219889,0.000257218,-0.00117281,-0.000606596,-0.00128078,-0.000997469,5.48225e-06,0.000257218,0.00114197,0.000293058,-0.00128628,0.000405225,0.000192934,4.60211e-05,-0.00117281,0.000293058,0.00428744,-9.75843e-05,-0.00191409,-0.00063103,2.04857e-05,-0.000606596,-0.00128628,-9.75843e-05,0.00331243,0.000983681,-0.000566354,-8.10149e-05,-0.00128078,0.000405225,-0.00191409,0.000983681,0.0277067,0.00132032,8.79657e-05,-0.000997469,0.000192934,-0.00063103,-0.000566354,0.00132032,0.0254415,0.000121286,5.48225e-06,4.60211e-05,2.04857e-05,-8.10149e-05,8.79657e-05,0.000121286,0.0466022,
0.00219872,0.000257198,-0.00117284,-0.000606588,-0.00128067,-0.000997424,5.47659e-06,0.000257198,0.00114198,0.00029306,-0.00128629,0.000405207,0.000192935,4.60261e-05,-0.00117284,0.00029306,0.00428743,-9.75679e-05,-0.00191408,-0.000631032,2.04654e-05,-0.000606588,-0.00128629,-9.75679e-05,0.00331246,0.000983668,-0.00056637,-8.10015e-05,-0.00128067,0.000405207,-0.00191408,0.000983668,0.0277067,0.00132032,8.76312e-05,-0.000997424,0.000192935,-0.000631032,-0.00056637,0.00132032,0.0254417,0.000121392,5.47659e-06,4.60261e-05,2.04654e-05,-8.10015e-05,8.76312e-05,0.000121392,0.0466022,
0.00219855,0.000257179,-0.00117287,-0.00060658,-0.00128056,-0.000997379,5.47097e-06,0.000257179,0.00114198,0.000293061,-0.0012863,0.000405189,0.000192937,4.60311e-05,-0.00117287,0.000293061,0.00428743,-9.75519e-05,-0.00191406,-0.000631035,2.0445e-05,-0.00060658,-0.0012863,-9.75519e-05,0.00331248,0.000983656,-0.000566386,-8.0988e-05,-0.00128056,0.000405189,-0.00191406,0.000983656,0.0277068,0.00132032,8.72963e-05,-0.000997379,0.000192937,-0.000631035,-0.000566386,0.00132032,0.0254419,0.000121498,5.47097e-06,4.60311e-05,2.0445e-05,-8.0988e-05,8.72963e-05,0.000121498,0.0466021,
0.00219838,0.000257159,-0.00117291,-0.000606572,-0.00128045,-0.000997335,5.46539e-06,0.000257159,0.00114198,0.000293063,-0.00128631,0.000405171,0.000192939,4.60362e-05,-0.00117291,0.000293063,0.00428742,-9.75363e-05,-0.00191404,-0.000631037,2.04246e-05,-0.000606572,-0.00128631,-9.75363e-05,0.00331251,0.000983644,-0.0005664,-8.09746e-05,-0.00128045,0.000405171,-0.00191404,0.000983644,0.0277068,0.00132032,8.6961e-05,-0.000997335,0.000192939,-0.000631037,-0.0005664,0.00132032,0.025442,0.000121604,5.46539e-06,4.60362e-05,2.04246e-05,-8.09746e-05,8.6961e-05,0.000121604,0.046602,
0.00219822,0.000257141,-0.00117294,-0.000606564,-0.00128035,-0.000997292,5.45985e-06,0.000257141,0.00114199,0.000293064,-0.00128632,0.000405154,0.00019294,4.60412e-05,-0.00117294,0.000293064,0.00428741,-9.75209e-05,-0.00191402,-0.00063104,2.04042e-05,-0.000606564,-0.00128632,-9.75209e-05,0.00331253,0.000983632,-0.000566415,-8.09612e-05,-0.00128035,0.000405154,-0.00191402,0.000983632,0.0277069,0.00132032,8.66255e-05,-0.000997292,0.00019294,-0.00063104,-0.000566415,0.00132032,0.0254422,0.00012171,5.45985e-06,4.60412e-05,2.04042e-05,-8.09612e-05,8.66255e-05,0.00012171,0.0466019,
0.00219806,0.000257122,-0.00117297,-0.000606556,-0.00128025,-0.000997249,5.45433e-06,0.000257122,0.00114199,0.000293066,-0.00128633,0.000405136,0.000192942,4.60463e-05,-0.00117297,0.000293066,0.0042874,-9.75059e-05,-0.001914,-0.000631043,2.03838e-05,-0.000606556,-0.00128633,-9.75059e-05,0.00331256,0.000983621,-0.000566429,-8.09477e-05,-0.00128025,0.000405136,-0.001914,0.000983621,0.0277069,0.00132032,8.62896e-05,-0.000997249,0.000192942,-0.000631043,-0.000566429,0.00132032,0.0254424,0.000121817,5.45433e-06,4.60463e-05,2.03838e-05,-8.09477e-05,8.62896e-05,0.000121817,0.0466018,
0.0021979,0.000257104,-0.001173,-0.000606548,-0.00128014,-0.000997207,5.44884e-06,0.000257104,0.00114199,0.000293067,-0.00128634,0.000405119,0.000192944,4.60514e-05,-0.001173,0.000293067,0.00428739,-9.74911e-05,-0.00191399,-0.000631046,2.03633e-05,-0.000606548,-0.00128634,-9.74911e-05,0.00331258,0.000983609,-0.000566443,-8.09343e-05,-0.00128014,0.000405119,-0.00191399,0.000983609,0.027707,0.00132032,8.59534e-05,-0.000997207,0.000192944,-0.000631046,-0.000566443,0.00132032,0.0254426,0.000121924,5.44884e-06,4.60514e-05,2.03633e-05,-8.09343e-05,8.59534e-05,0.000121924,0.0466017,
0.00219774,0.000257086,-0.00117303,-0.000606541,-0.00128004,-0.000997165,5.44337e-06,0.000257086,0.00114199,0.000293069,-0.00128635,0.000405102,0.000192946,4.60565e-05,-0.00117303,0.000293069,0.00428737,-9.74766e-05,-0.00191397,-0.00063105,2.03428e-05,-0.000606541,-0.00128635,-9.74766e-05,0.0033126,0.000983597,-0.000566457,-8.09208e-05,-0.00128004,0.000405102,-0.00191397,0.000983597,0.0277071,0.00132032,8.56169e-05,-0.000997165,0.000192946,-0.00063105,-0.000566457,0.00132032,0.0254427,0.00012203,5.44337e-06,4.60565e-05,2.03428e-05,-8.09208e-05,8.56169e-05,0.00012203,0.0466016,
0.00219758,0.000257068,-0.00117306,-0.000606533,-0.00127994,-0.000997123,5.43793e-06,0.000257068,0.001142,0.000293071,-0.00128636,0.000405085,0.000192948,4.60616e-05,-0.00117306,0.000293071,0.00428736,-9.74622e-05,-0.00191395,-0.000631053,2.03222e-05,-0.000606533,-0.00128636,-9.74622e-05,0.00331263,0.000983586,-0.000566471,-8.09074e-05,-0.00127994,0.000405085,-0.00191395,0.000983586,0.0277071,0.00132032,8.52801e-05,-0.000997123,0.000192948,-0.000631053,-0.000566471,0.00132032,0.0254429,0.000122137,5.43793e-06,4.60616e-05,2.03222e-05,-8.09074e-05,8.52801e-05,0.000122137,0.0466015,
