0.00240961,-0.0004991,-0.0013,0.00108674,-0.00106601,0.000462958,3.90754e-05,-0.0004991,0.00155618,-0.0010605,-0.000734129,0.000784807,-9.18595e-05,9.73949e-05,-0.0013,-0.0010605,0.00354017,-7.10201e-05,-0.00130332,0.000591815,-1.64888e-05,0.00108674,-0.000734129,-7.10201e-05,0.00250818,0.000863274,0.00230943,-8.7092e-05,-0.00106601,0.000784807,-0.00130332,0.000863274,0.0340297,0.000770143,-0.00203658,0.000462959,-9.18595e-05,0.000591815,0.00230943,0.000770143,0.0273968,-0.000294415,3.90754e-05,9.73949e-05,-1.64888e-05,-8.7092e-05,-0.00203658,-0.000294415,0.0467434,
0.0024083,-0.000498473,-0.00129994,0.00108681,-0.00106576,0.00046291,3.91621e-05,-0.000498473,0.00155628,-0.00106057,-0.000734229,0.000784558,-9.22901e-05,9.73636e-05,-0.00129994,-0.00106057,0.00353963,-7.14251e-05,-0.001304,0.000591331,-1.63805e-05,0.00108681,-0.000734229,-7.14251e-05,0.00250868,0.000863041,0.00230924,-8.70418e-05,-0.00106576,0.000784558,-0.001304,0.000863041,0.0340271,0.000769357,-0.00203656,0.00046291,-9.22901e-05,0.000591331,0.00230924,0.000769357,0.0273951,-0.000294297,3.91621e-05,9.73636e-05,-1.63805e-05,-8.70418e-05,-0.00203656,-0.000294297,0.0467434,
0.00240718,-0.000497939,-0.00129987,0.00108689,-0.00106552,0.000462871,3.92306e-05,-0.000497939,0.00155635,-0.00106063,-0.000734324,0.000784355,-9.26306e-05,9.73354e-05,-0.00129987,-0.00106063,0.00353921,-7.17534e-05,-0.00130455,0.000590964,-1.63025e-05,0.00108689,-0.000734324,-7.17534e-05,0.00250913,0.000862845,0.00230909,-8.70053e-05,-0.00106552,0.000784355,-0.00130455,0.000862845,0.0340249,0.000768756,-0.00203654,0.000462871,-9.26306e-05,0.000590964,0.00230909,0.000768756,0.0273937,-0.00029416,3.92306e-05,9.73354e-05,-1.63025e-05,-8.70053e-05,-0.00203654,-0.000294159,0.0467435,
0.00240621,-0.000497482,-0.00129981,0.00108697,-0.0010653,0.000462837,3.92846e-05,-0.000497482,0.00155638,-0.00106068,-0.000734413,0.000784187,-9.29018e-05,9.731e-05,-0.00129981,-0.00106068,0.00353886,-7.202e-05,-0.001305,0.000590683,-1.62481e-05,0.00108697,-0.000734413,-7.202e-05,0.00250953,0.000862677,0.00230898,-8.69794e-05,-0.0010653,0.000784187,-0.001305,0.000862677,0.0340232,0.000768302,-0.00203652,0.000462837,-9.29018e-05,0.000590683,0.00230898,0.000768302,0.0273926,-0.000294004,3.92846e-05,9.731e-05,-1.62481e-05,-8.69794e-05,-0.00203652,-0.000294004,0.0467435,
0.00240539,-0.00049709,-0.00129975,0.00108705,-0.0010651,0.000462809,3.9327e-05,-0.00049709,0.0015564,-0.00106073,-0.000734497,0.000784048,-9.31192e-05,9.7287e-05,-0.00129975,-0.00106073,0.00353858,-7.22371e-05,-0.00130537,0.000590466,-1.62123e-05,0.00108705,-0.000734497,-7.22371e-05,0.00250988,0.000862533,0.00230889,-8.6962e-05,-0.0010651,0.000784048,-0.00130537,0.000862533,0.0340218,0.000767965,-0.0020365,0.000462809,-9.31192e-05,0.000590466,0.00230889,0.000767965,0.0273917,-0.000293835,3.9327e-05,9.7287e-05,-1.62123e-05,-8.6962e-05,-0.0020365,-0.000293835,0.0467436,
0.00240467,-0.000496752,-0.0012997,0.00108712,-0.00106492,0.000462786,3.93599e-05,-0.000496752,0.0015564,-0.00106076,-0.000734575,0.000783932,-9.32942e-05,9.72659e-05,-0.0012997,-0.00106076,0.00353836,-7.24142e-05,-0.00130567,0.000590301,-1.61912e-05,0.00108712,-0.000734575,-7.24142e-05,0.00251019,0.000862408,0.00230881,-8.69514e-05,-0.00106492,0.000783932,-0.00130567,0.000862408,0.0340207,0.000767719,-0.00203648,0.000462786,-9.32942e-05,0.000590301,0.00230881,0.000767719,0.0273909,-0.000293653,3.93599e-05,9.72659e-05,-1.61912e-05,-8.69515e-05,-0.00203648,-0.000293653,0.0467436,
0.00240405,-0.000496461,-0.00129965,0.00108719,-0.00106476,0.000462767,3.9385e-05,-0.000496461,0.00155639,-0.00106079,-0.000734648,0.000783834,-9.34359e-05,9.72464e-05,-0.00129965,-0.00106079,0.00353817,-7.25592e-05,-0.00130593,0.000590175,-1.6182e-05,0.00108719,-0.000734648,-7.25592e-05,0.00251047,0.000862299,0.00230876,-8.69464e-05,-0.00106476,0.000783834,-0.00130593,0.000862299,0.0340197,0.000767547,-0.00203646,0.000462767,-9.34359e-05,0.000590175,0.00230876,0.000767547,0.0273903,-0.000293461,3.9385e-05,9.72464e-05,-1.6182e-05,-8.69464e-05,-0.00203646,-0.000293461,0.0467437,
0.00240351,-0.000496208,-0.00129961,0.00108725,-0.00106461,0.000462751,3.94037e-05,-0.000496208,0.00155637,-0.00106081,-0.000734716,0.000783753,-9.35511e-05,9.72284e-05,-0.00129961,-0.00106081,0.00353803,-7.26783e-05,-0.00130614,0.00059008,-1.61823e-05,0.00108725,-0.000734716,-7.26783e-05,0.00251072,0.000862204,0.00230871,-8.69457e-05,-0.00106461,0.000783753,-0.00130614,0.000862204,0.034019,0.000767434,-0.00203645,0.000462751,-9.35511e-05,0.00059008,0.00230871,0.000767434,0.0273898,-0.00029326,3.94037e-05,9.72284e-05,-1.61823e-05,-8.69457e-05,-0.00203645,-0.00029326,0.0467437,
0.00240304,-0.000495988,-0.00129956,0.00108731,-0.00106449,0.000462739,3.94171e-05,-0.000495988,0.00155635,-0.00106083,-0.000734778,0.000783684,-9.36452e-05,9.72115e-05,-0.00129956,-0.00106083,0.00353791,-7.27763e-05,-0.00130633,0.00059001,-1.61904e-05,0.00108731,-0.000734778,-7.27763e-05,0.00251094,0.000862121,0.00230867,-8.69487e-05,-0.00106449,0.000783684,-0.00130633,0.000862121,0.0340183,0.000767371,-0.00203643,0.000462739,-9.36452e-05,0.00059001,0.00230867,0.000767371,0.0273893,-0.000293051,3.94171e-05,9.72115e-05,-1.61904e-05,-8.69487e-05,-0.00203643,-0.000293051,0.0467438,
0.00240263,-0.000495795,-0.00129953,0.00108736,-0.00106437,0.000462729,3.9426e-05,-0.000495795,0.00155632,-0.00106084,-0.000734836,0.000783625,-9.37227e-05,9.71957e-05,-0.00129953,-0.00106084,0.00353781,-7.28575e-05,-0.00130648,0.000589958,-1.62047e-05,0.00108736,-0.000734836,-7.28575e-05,0.00251114,0.000862048,0.00230864,-8.69545e-05,-0.00106437,0.000783625,-0.00130648,0.000862048,0.0340178,0.000767346,-0.00203642,0.000462729,-9.37227e-05,0.000589958,0.00230864,0.000767346,0.0273889,-0.000292836,3.9426e-05,9.71957e-05,-1.62047e-05,-8.69545e-05,-0.00203642,-0.000292836,0.0467439,
0.00240226,-0.000495626,-0.00129949,0.00108741,-0.00106427,0.000462721,3.94311e-05,-0.000495626,0.0015563,-0.00106086,-0.000734889,0.000783575,-9.37867e-05,9.71808e-05,-0.00129949,-0.00106086,0.00353773,-7.29249e-05,-0.00130662,0.000589922,-1.62242e-05,0.00108741,-0.000734889,-7.29249e-05,0.00251132,0.000861982,0.00230862,-8.69628e-05,-0.00106427,0.000783575,-0.00130662,0.000861982,0.0340173,0.000767355,-0.0020364,0.000462721,-9.37867e-05,0.000589922,0.00230862,0.000767355,0.0273885,-0.000292615,3.94311e-05,9.71808e-05,-1.62242e-05,-8.69628e-05,-0.0020364,-0.000292615,0.046744,
0.00240194,-0.000495478,-0.00129946,0.00108745,-0.00106418,0.000462715,3.94331e-05,-0.000495478,0.00155627,-0.00106087,-0.000734937,0.000783532,-9.38401e-05,9.71666e-05,-0.00129946,-0.00106087,0.00353766,-7.29811e-05,-0.00130673,0.000589896,-1.62479e-05,0.00108745,-0.000734937,-7.29811e-05,0.00251148,0.000861923,0.0023086,-8.69729e-05,-0.00106418,0.000783532,-0.00130673,0.000861923,0.0340169,0.000767391,-0.00203639,0.000462715,-9.38401e-05,0.000589896,0.0023086,0.000767391,0.0273882,-0.000292389,3.94331e-05,9.71666e-05,-1.62479e-05,-8.69729e-05,-0.00203639,-0.000292389,0.046744,
0.00240166,-0.000495347,-0.00129943,0.00108749,-0.0010641,0.00046271,3.94325e-05,-0.000495347,0.00155624,-0.00106087,-0.000734982,0.000783495,-9.38851e-05,9.71532e-05,-0.00129943,-0.00106087,0.00353761,-7.30283e-05,-0.00130684,0.00058988,-1.6275e-05,0.00108749,-0.000734982,-7.30283e-05,0.00251162,0.00086187,0.00230859,-8.69846e-05,-0.0010641,0.000783495,-0.00130684,0.00086187,0.0340166,0.000767449,-0.00203637,0.00046271,-9.38851e-05,0.00058988,0.00230859,0.000767449,0.0273879,-0.000292158,3.94325e-05,9.71532e-05,-1.6275e-05,-8.69846e-05,-0.00203637,-0.000292158,0.0467441,
0.00240141,-0.000495231,-0.00129941,0.00108753,-0.00106403,0.000462707,3.94296e-05,-0.000495231,0.00155622,-0.00106088,-0.000735023,0.000783463,-9.39233e-05,9.71403e-05,-0.00129941,-0.00106088,0.00353756,-7.30682e-05,-0.00130693,0.00058987,-1.6305e-05,0.00108753,-0.000735023,-7.30682e-05,0.00251175,0.000861822,0.00230858,-8.69975e-05,-0.00106403,0.000783463,-0.00130693,0.000861822,0.0340163,0.000767527,-0.00203636,0.000462707,-9.39233e-05,0.00058987,0.00230858,0.000767527,0.0273877,-0.000291923,3.94296e-05,9.71403e-05,-1.6305e-05,-8.69975e-05,-0.00203636,-0.000291923,0.0467442,
0.00240119,-0.000495128,-0.00129938,0.00108757,-0.00106396,0.000462704,3.94247e-05,-0.000495128,0.00155619,-0.00106089,-0.00073506,0.000783435,-9.3956e-05,9.7128e-05,-0.00129938,-0.00106089,0.00353752,-7.31021e-05,-0.00130701,0.000589865,-1.63374e-05,0.00108757,-0.00073506,-7.31021e-05,0.00251186,0.000861778,0.00230857,-8.70115e-05,-0.00106396,0.000783435,-0.00130701,0.000861778,0.0340161,0.00076762,-0.00203635,0.000462704,-9.3956e-05,0.000589865,0.00230857,0.00076762,0.0273874,-0.000291685,3.94247e-05,9.7128e-05,-1.63374e-05,-8.70115e-05,-0.00203635,-0.000291685,0.0467443,
0.00240099,-0.000495036,-0.00129936,0.0010876,-0.00106391,0.000462702,3.94181e-05,-0.000495036,0.00155616,-0.00106089,-0.000735094,0.000783411,-9.39845e-05,9.71162e-05,-0.00129936,-0.00106089,0.00353749,-7.3131e-05,-0.00130709,0.000589864,-1.63718e-05,0.0010876,-0.000735094,-7.3131e-05,0.00251197,0.000861737,0.00230856,-8.70264e-05,-0.00106391,0.000783411,-0.00130709,0.000861737,0.0340159,0.000767727,-0.00203633,0.000462702,-9.39845e-05,0.000589864,0.00230856,0.000767727,0.0273872,-0.000291443,3.94181e-05,9.71162e-05,-1.63718e-05,-8.70264e-05,-0.00203633,-0.000291443,0.0467443,
0.00240081,-0.000494954,-0.00129934,0.00108763,-0.00106386,0.0004627,3.94101e-05,-0.000494954,0.00155614,-0.0010609,-0.000735125,0.000783389,-9.40095e-05,9.71047e-05,-0.00129934,-0.0010609,0.00353747,-7.31559e-05,-0.00130715,0.000589866,-1.64078e-05,0.00108763,-0.000735125,-7.31559e-05,0.00251206,0.0008617,0.00230856,-8.7042e-05,-0.00106386,0.000783389,-0.00130715,0.0008617,0.0340157,0.000767845,-0.00203632,0.0004627,-9.40095e-05,0.000589866,0.00230856,0.000767845,0.027387,-0.000291199,3.94101e-05,9.71047e-05,-1.64078e-05,-8.7042e-05,-0.00203632,-0.000291199,0.0467444,
0.00240066,-0.00049488,-0.00129932,0.00108765,-0.00106381,0.000462699,3.94009e-05,-0.00049488,0.00155612,-0.0010609,-0.000735153,0.00078337,-9.40318e-05,9.70936e-05,-0.00129932,-0.0010609,0.00353744,-7.31775e-05,-0.00130721,0.00058987,-1.64453e-05,0.00108765,-0.000735153,-7.31775e-05,0.00251215,0.000861664,0.00230856,-8.70582e-05,-0.00106381,0.00078337,-0.00130721,0.000861664,0.0340156,0.000767972,-0.0020363,0.000462699,-9.40318e-05,0.00058987,0.00230856,0.000767972,0.0273868,-0.000290951,3.94009e-05,9.70936e-05,-1.64453e-05,-8.70582e-05,-0.0020363,-0.000290951,0.0467445,
0.00240051,-0.000494815,-0.00129931,0.00108768,-0.00106377,0.000462699,3.93906e-05,-0.000494815,0.0015561,-0.0010609,-0.000735179,0.000783353,-9.40519e-05,9.70829e-05,-0.00129931,-0.0010609,0.00353742,-7.31964e-05,-0.00130727,0.000589875,-1.64839e-05,0.00108768,-0.000735179,-7.31964e-05,0.00251223,0.000861631,0.00230857,-8.70749e-05,-0.00106377,0.000783353,-0.00130727,0.000861631,0.0340154,0.000768109,-0.00203629,0.000462699,-9.40519e-05,0.000589875,0.00230857,0.000768109,0.0273866,-0.000290701,3.93906e-05,9.70829e-05,-1.64839e-05,-8.70749e-05,-0.00203629,-0.000290701,0.0467446,
0.00240038,-0.000494755,-0.00129929,0.0010877,-0.00106374,0.000462699,3.93793e-05,-0.000494755,0.00155608,-0.00106091,-0.000735202,0.000783337,-9.40703e-05,9.70724e-05,-0.00129929,-0.00106091,0.00353741,-7.32131e-05,-0.00130733,0.000589881,-1.65236e-05,0.0010877,-0.000735202,-7.32131e-05,0.0025123,0.0008616,0.00230857,-8.70919e-05,-0.00106374,0.000783337,-0.00130733,0.0008616,0.0340153,0.000768252,-0.00203628,0.000462699,-9.40703e-05,0.000589881,0.00230857,0.000768252,0.0273865,-0.000290449,3.93793e-05,9.70724e-05,-1.65236e-05,-8.70919e-05,-0.00203628,-0.000290449,0.0467447,
0.00240027,-0.000494702,-0.00129928,0.00108772,-0.00106371,0.000462699,3.93672e-05,-0.000494702,0.00155606,-0.00106091,-0.000735224,0.000783323,-9.40873e-05,9.70621e-05,-0.00129928,-0.00106091,0.00353739,-7.32279e-05,-0.00130738,0.000589888,-1.65641e-05,0.00108772,-0.000735224,-7.32279e-05,0.00251236,0.000861571,0.00230857,-8.71094e-05,-0.00106371,0.000783323,-0.00130738,0.000861571,0.0340152,0.000768401,-0.00203626,0.000462699,-9.40873e-05,0.000589888,0.00230857,0.000768401,0.0273863,-0.000290195,3.93672e-05,9.70621e-05,-1.65641e-05,-8.71094e-05,-0.00203626,-0.000290195,0.0467448,
0.00240016,-0.000494653,-0.00129926,0.00108774,-0.00106368,0.000462699,3.93543e-05,-0.000494653,0.00155604,-0.00106091,-0.000735243,0.000783311,-9.41032e-05,9.70521e-05,-0.00129926,-0.00106091,0.00353738,-7.32411e-05,-0.00130742,0.000589896,-1.66054e-05,0.00108774,-0.000735243,-7.32411e-05,0.00251242,0.000861542,0.00230858,-8.71271e-05,-0.00106368,0.000783311,-0.00130742,0.000861542,0.0340151,0.000768556,-0.00203625,0.000462699,-9.41032e-05,0.000589896,0.00230858,0.000768556,0.0273861,-0.000289939,3.93543e-05,9.70521e-05,-1.66054e-05,-8.71271e-05,-0.00203625,-0.000289939,0.0467449,
0.00240007,-0.000494609,-0.00129925,0.00108776,-0.00106366,0.0004627,3.93408e-05,-0.000494609,0.00155603,-0.00106091,-0.000735261,0.000783299,-9.41182e-05,9.70423e-05,-0.00129925,-0.00106091,0.00353737,-7.32531e-05,-0.00130747,0.000589903,-1.66473e-05,0.00108776,-0.000735261,-7.32531e-05,0.00251247,0.000861515,0.00230859,-8.71452e-05,-0.00106366,0.000783299,-0.00130747,0.000861515,0.0340151,0.000768716,-0.00203623,0.0004627,-9.41182e-05,0.000589903,0.00230859,0.000768716,0.027386,-0.000289681,3.93408e-05,9.70423e-05,-1.66473e-05,-8.71452e-05,-0.00203623,-0.000289681,0.0467449,
0.00239998,-0.000494569,-0.00129924,0.00108777,-0.00106364,0.0004627,3.93268e-05,-0.000494569,0.00155601,-0.00106091,-0.000735277,0.000783288,-9.41325e-05,9.70326e-05,-0.00129924,-0.00106091,0.00353736,-7.3264e-05,-0.00130751,0.000589911,-1.66898e-05,0.00108777,-0.000735277,-7.32639e-05,0.00251252,0.000861489,0.00230859,-8.71634e-05,-0.00106364,0.000783288,-0.00130751,0.000861489,0.034015,0.000768879,-0.00203622,0.0004627,-9.41325e-05,0.000589911,0.00230859,0.000768879,0.0273858,-0.000289421,3.93268e-05,9.70326e-05,-1.66898e-05,-8.71634e-05,-0.00203622,-0.000289421,0.046745,
0.0023999,-0.000494533,-0.00129923,0.00108779,-0.00106362,0.000462701,3.93122e-05,-0.000494533,0.001556,-0.00106091,-0.000735292,0.000783278,-9.41463e-05,9.70231e-05,-0.00129923,-0.00106091,0.00353735,-7.32739e-05,-0.00130756,0.000589918,-1.67329e-05,0.00108779,-0.000735292,-7.32739e-05,0.00251256,0.000861464,0.0023086,-8.71818e-05,-0.00106362,0.000783278,-0.00130756,0.000861464,0.0340149,0.000769047,-0.00203621,0.000462701,-9.41463e-05,0.000589918,0.0023086,0.000769047,0.0273857,-0.00028916,3.93122e-05,9.70231e-05,-1.67329e-05,-8.71818e-05,-0.00203621,-0.00028916,0.0467451,
0.00239987,-0.000494303,-0.00129976,0.00108787,-0.00106307,0.000460899,3.93614e-05,-0.000494509,0.00155594,-0.00106078,-0.000735322,0.000783132,-9.36989e-05,9.69973e-05,-0.00129919,-0.00106076,0.00353691,-7.32309e-05,-0.00130717,0.000588484,-1.6725e-05,0.00108775,-0.000735574,-7.25465e-05,0.00251251,0.000860703,0.00231108,-8.72884e-05,-0.00106362,0.000783207,-0.00130743,0.000861419,0.0340147,0.000769789,-0.00203621,0.000463037,-9.23847e-05,0.000585058,0.0023092,0.000774089,0.0273692,-0.000288316,3.92926e-05,9.69892e-05,-1.6709e-05,-8.72086e-05,-0.00203626,-0.000288671,0.0467452,
0.0023998,-0.000494273,-0.00129975,0.00108788,-0.00106305,0.000460901,3.93495e-05,-0.000494478,0.00155593,-0.00106078,-0.000735334,0.000783124,-9.37105e-05,9.69895e-05,-0.00129918,-0.00106076,0.0035369,-7.32393e-05,-0.0013072,0.00058849,-1.67601e-05,0.00108776,-0.000735586,-7.25549e-05,0.00251255,0.000860683,0.00231109,-8.73032e-05,-0.0010636,0.000783199,-0.00130746,0.000861399,0.0340146,0.000769923,-0.0020362,0.000463038,-9.23962e-05,0.000585064,0.00230921,0.000774224,0.0273691,-0.000288104,3.92808e-05,9.69814e-05,-1.6744e-05,-8.72237e-05,-0.00203625,-0.000288458,0.0467453,
0.00239974,-0.000494245,-0.00129974,0.00108789,-0.00106304,0.000460901,3.93398e-05,-0.00049445,0.00155592,-0.00106078,-0.000735346,0.000783116,-9.37205e-05,9.69829e-05,-0.00129918,-0.00106076,0.00353689,-7.3247e-05,-0.00130723,0.000588496,-1.67894e-05,0.00108777,-0.000735598,-7.25626e-05,0.00251258,0.000860665,0.00231109,-8.73157e-05,-0.00106359,0.000783192,-0.00130749,0.000861382,0.0340146,0.000770035,-0.00203619,0.000463039,-9.24062e-05,0.00058507,0.00230922,0.000774335,0.027369,-0.000287926,3.92712e-05,9.69747e-05,-1.67733e-05,-8.72363e-05,-0.00203624,-0.00028828,0.0467453,
0.0023997,-0.000494139,-0.00129996,0.00108793,-0.00106281,0.000460168,3.93574e-05,-0.000494428,0.00155589,-0.00106072,-0.000735363,0.000783054,-9.35417e-05,9.69704e-05,-0.00129916,-0.0010607,0.00353671,-7.32327e-05,-0.00130708,0.000587915,-1.67941e-05,0.00108776,-0.000735717,-7.22697e-05,0.00251257,0.000860349,0.0023121,-8.7362e-05,-0.00106358,0.00078316,-0.00130745,0.000861357,0.0340145,0.000770364,-0.00203619,0.000463176,-9.16924e-05,0.000583093,0.00230946,0.000776415,0.0273623,-0.000287537,3.92611e-05,9.69588e-05,-1.67713e-05,-8.72505e-05,-0.00203626,-0.000288032,0.0467454,
0.00239965,-0.000494115,-0.00129995,0.00108794,-0.00106279,0.000460168,3.93518e-05,-0.000494405,0.00155588,-0.00106073,-0.000735372,0.000783048,-9.35486e-05,9.69658e-05,-0.00129915,-0.0010607,0.00353671,-7.32392e-05,-0.00130711,0.000587919,-1.68127e-05,0.00108777,-0.000735727,-7.22761e-05,0.0025126,0.000860336,0.0023121,-8.73699e-05,-0.00106357,0.000783154,-0.00130747,0.000861345,0.0340144,0.000770432,-0.00203619,0.000463177,-9.16991e-05,0.000583097,0.00230946,0.000776484,0.0273622,-0.000287423,3.92556e-05,9.69542e-05,-1.67898e-05,-8.72585e-05,-0.00203625,-0.000287918,0.0467454,
0.0023996,-0.000494093,-0.00129994,0.00108794,-0.00106278,0.000460168,3.93482e-05,-0.000494383,0.00155587,-0.00106073,-0.000735381,0.000783043,-9.3554e-05,9.69622e-05,-0.00129914,-0.0010607,0.0035367,-7.32451e-05,-0.00130712,0.000587923,-1.68258e-05,0.00108778,-0.000735735,-7.22819e-05,0.00251263,0.000860326,0.00231211,-8.73754e-05,-0.00106355,0.000783149,-0.00130749,0.000861334,0.0340144,0.000770478,-0.00203618,0.000463177,-9.17043e-05,0.0005831,0.00230946,0.000776531,0.0273621,-0.000287342,3.92521e-05,9.69507e-05,-1.68029e-05,-8.72642e-05,-0.00203625,-0.000287836,0.0467454,
0.00239955,-0.000494073,-0.00129994,0.00108795,-0.00106276,0.000460167,3.93463e-05,-0.000494362,0.00155587,-0.00106073,-0.000735389,0.000783038,-9.3558e-05,9.69596e-05,-0.00129914,-0.0010607,0.0035367,-7.32504e-05,-0.00130714,0.000587926,-1.68345e-05,0.00108779,-0.000735743,-7.22871e-05,0.00251265,0.000860317,0.00231211,-8.73792e-05,-0.00106354,0.000783144,-0.0013075,0.000861326,0.0340143,0.000770508,-0.00203618,0.000463177,-9.17081e-05,0.000583103,0.00230947,0.000776561,0.0273621,-0.000287286,3.92502e-05,9.6948e-05,-1.68116e-05,-8.72679e-05,-0.00203624,-0.00028778,0.0467455,
0.00239951,-0.000494054,-0.00129993,0.00108796,-0.00106275,0.000460166,3.93457e-05,-0.000494343,0.00155586,-0.00106073,-0.000735396,0.000783034,-9.35609e-05,9.69576e-05,-0.00129913,-0.0010607,0.00353669,-7.32554e-05,-0.00130715,0.000587929,-1.68399e-05,0.0010878,-0.000735751,-7.22919e-05,0.00251268,0.00086031,0.00231211,-8.73814e-05,-0.00106352,0.00078314,-0.00130751,0.000861318,0.0340143,0.000770524,-0.00203618,0.000463176,-9.17108e-05,0.000583105,0.00230947,0.000776578,0.0273621,-0.00028725,3.92496e-05,9.6946e-05,-1.68169e-05,-8.72702e-05,-0.00203624,-0.000287744,0.0467455,
0.00239947,-0.000494036,-0.00129993,0.00108797,-0.00106273,0.000460165,3.93461e-05,-0.000494326,0.00155585,-0.00106073,-0.000735403,0.00078303,-9.3563e-05,9.69561e-05,-0.00129913,-0.0010607,0.00353669,-7.326e-05,-0.00130715,0.000587932,-1.68425e-05,0.0010878,-0.000735758,-7.22964e-05,0.0025127,0.000860304,0.00231211,-8.73825e-05,-0.00106351,0.000783136,-0.00130752,0.000861312,0.0340143,0.00077053,-0.00203618,0.000463175,-9.17126e-05,0.000583108,0.00230947,0.000776585,0.027362,-0.000287231,3.925e-05,9.69445e-05,-1.68196e-05,-8.72713e-05,-0.00203624,-0.000287725,0.0467455,
0.00239944,-0.00049402,-0.00129992,0.00108797,-0.00106272,0.000460163,3.93472e-05,-0.000494309,0.00155585,-0.00106073,-0.000735409,0.000783026,-9.35642e-05,9.69551e-05,-0.00129912,-0.0010607,0.00353668,-7.32642e-05,-0.00130716,0.000587934,-1.68431e-05,0.00108781,-0.000735764,-7.23006e-05,0.00251272,0.000860299,0.00231211,-8.73827e-05,-0.00106349,0.000783132,-0.00130753,0.000861307,0.0340143,0.000770529,-0.00203618,0.000463173,-9.17137e-05,0.00058311,0.00230946,0.000776584,0.027362,-0.000287224,3.92511e-05,9.69435e-05,-1.68202e-05,-8.72715e-05,-0.00203624,-0.000287718,0.0467455,
0.0023994,-0.000494004,-0.00129992,0.00108798,-0.0010627,0.000460162,3.93489e-05,-0.000494294,0.00155584,-0.00106073,-0.000735415,0.000783023,-9.35649e-05,9.69544e-05,-0.00129912,-0.00106071,0.00353668,-7.32682e-05,-0.00130716,0.000587937,-1.68421e-05,0.00108782,-0.00073577,-7.23045e-05,0.00251274,0.000860294,0.00231211,-8.73822e-05,-0.00106348,0.000783129,-0.00130753,0.000861303,0.0340143,0.000770521,-0.00203618,0.000463172,-9.17143e-05,0.000583112,0.00230946,0.000776576,0.027362,-0.000287228,3.92528e-05,9.69428e-05,-1.68191e-05,-8.7271e-05,-0.00203624,-0.000287722,0.0467455,
0.00239937,-0.00049399,-0.00129991,0.00108799,-0.00106269,0.00046016,3.9351e-05,-0.000494279,0.00155584,-0.00106073,-0.000735421,0.00078302,-9.35651e-05,9.6954e-05,-0.00129911,-0.00106071,0.00353668,-7.32719e-05,-0.00130716,0.000587939,-1.68399e-05,0.00108782,-0.000735775,-7.23081e-05,0.00251276,0.000860291,0.00231211,-8.73812e-05,-0.00106346,0.000783126,-0.00130753,0.000861299,0.0340142,0.000770509,-0.00203618,0.00046317,-9.17144e-05,0.000583114,0.00230946,0.000776564,0.027362,-0.000287238,3.92549e-05,9.69425e-05,-1.68169e-05,-8.72699e-05,-0.00203624,-0.000287733,0.0467455,
0.00239934,-0.000493976,-0.00129991,0.00108799,-0.00106268,0.000460158,3.93534e-05,-0.000494266,0.00155583,-0.00106073,-0.000735426,0.000783017,-9.35649e-05,9.69539e-05,-0.00129911,-0.00106071,0.00353667,-7.32753e-05,-0.00130717,0.000587941,-1.68367e-05,0.00108783,-0.00073578,-7.23116e-05,0.00251277,0.000860287,0.00231211,-8.73798e-05,-0.00106345,0.000783123,-0.00130753,0.000861296,0.0340142,0.000770493,-0.00203618,0.000463168,-9.17142e-05,0.000583116,0.00230946,0.000776549,0.027362,-0.000287255,3.92572e-05,9.69423e-05,-1.68138e-05,-8.72685e-05,-0.00203624,-0.000287749,0.0467455,
0.00239931,-0.000493963,-0.0012999,0.001088,-0.00106266,0.000460156,3.9356e-05,-0.000494253,0.00155583,-0.00106074,-0.00073543,0.000783014,-9.35644e-05,9.69539e-05,-0.00129911,-0.00106071,0.00353667,-7.32786e-05,-0.00130717,0.000587943,-1.6833e-05,0.00108784,-0.000735785,-7.23149e-05,0.00251279,0.000860285,0.00231211,-8.73781e-05,-0.00106344,0.000783121,-0.00130753,0.000861293,0.0340142,0.000770476,-0.00203618,0.000463166,-9.17137e-05,0.000583118,0.00230946,0.000776532,0.027362,-0.000287275,3.92598e-05,9.69423e-05,-1.68101e-05,-8.72667e-05,-0.00203625,-0.00028777,0.0467455,
0.00239928,-0.000493951,-0.0012999,0.001088,-0.00106265,0.000460154,3.93587e-05,-0.000494241,0.00155583,-0.00106074,-0.000735435,0.000783012,-9.35637e-05,9.6954e-05,-0.0012991,-0.00106071,0.00353667,-7.32818e-05,-0.00130717,0.000587945,-1.68288e-05,0.00108784,-0.00073579,-7.23181e-05,0.0025128,0.000860282,0.0023121,-8.73762e-05,-0.00106342,0.000783118,-0.00130753,0.000861291,0.0340142,0.000770457,-0.00203618,0.000463164,-9.1713e-05,0.00058312,0.00230946,0.000776513,0.027362,-0.000287298,3.92624e-05,9.69424e-05,-1.68059e-05,-8.72648e-05,-0.00203625,-0.000287793,0.0467455,
0.00239926,-0.00049394,-0.0012999,0.00108801,-0.00106264,0.000460152,3.93614e-05,-0.000494229,0.00155582,-0.00106074,-0.000735439,0.00078301,-9.35628e-05,9.69542e-05,-0.0012991,-0.00106071,0.00353666,-7.32848e-05,-0.00130716,0.000587947,-1.68244e-05,0.00108785,-0.000735794,-7.23211e-05,0.00251282,0.00086028,0.0023121,-8.73741e-05,-0.00106341,0.000783116,-0.00130753,0.000861289,0.0340142,0.000770438,-0.00203618,0.000463162,-9.17122e-05,0.000583123,0.00230946,0.000776493,0.027362,-0.000287323,3.92652e-05,9.69426e-05,-1.68015e-05,-8.72627e-05,-0.00203625,-0.000287818,0.0467454,
0.00239923,-0.000493929,-0.00129989,0.00108801,-0.00106262,0.00046015,3.93642e-05,-0.000494218,0.00155582,-0.00106074,-0.000735443,0.000783007,-9.35619e-05,9.69545e-05,-0.0012991,-0.00106071,0.00353666,-7.32877e-05,-0.00130716,0.000587949,-1.68198e-05,0.00108785,-0.000735798,-7.23241e-05,0.00251283,0.000860278,0.0023121,-8.7372e-05,-0.0010634,0.000783114,-0.00130753,0.000861287,0.0340142,0.000770418,-0.00203618,0.00046316,-9.17113e-05,0.000583125,0.00230946,0.000776473,0.0273621,-0.000287349,3.92679e-05,9.69429e-05,-1.67969e-05,-8.72606e-05,-0.00203625,-0.000287844,0.0467454,
0.00239921,-0.000493918,-0.00129989,0.00108802,-0.00106261,0.000460148,3.93669e-05,-0.000494208,0.00155581,-0.00106074,-0.000735447,0.000783005,-9.35608e-05,9.69548e-05,-0.00129909,-0.00106071,0.00353666,-7.32905e-05,-0.00130716,0.000587951,-1.68152e-05,0.00108786,-0.000735801,-7.23269e-05,0.00251284,0.000860276,0.0023121,-8.73699e-05,-0.00106339,0.000783112,-0.00130753,0.000861285,0.0340142,0.000770398,-0.00203619,0.000463158,-9.17103e-05,0.000583127,0.00230946,0.000776453,0.0273621,-0.000287375,3.92706e-05,9.69432e-05,-1.67923e-05,-8.72584e-05,-0.00203625,-0.000287871,0.0467454,
0.00239919,-0.000493908,-0.00129989,0.00108802,-0.0010626,0.000460146,3.93695e-05,-0.000494198,0.00155581,-0.00106074,-0.00073545,0.000783003,-9.35597e-05,9.69551e-05,-0.00129909,-0.00106071,0.00353665,-7.32932e-05,-0.00130716,0.000587953,-1.68106e-05,0.00108786,-0.000735805,-7.23297e-05,0.00251286,0.000860274,0.0023121,-8.73678e-05,-0.00106337,0.00078311,-0.00130753,0.000861283,0.0340142,0.000770379,-0.00203619,0.000463156,-9.17093e-05,0.000583129,0.00230946,0.000776434,0.0273621,-0.000287401,3.92732e-05,9.69436e-05,-1.67878e-05,-8.72563e-05,-0.00203625,-0.000287897,0.0467454,
0.00239916,-0.000493899,-0.00129988,0.00108803,-0.00106259,0.000460144,3.93721e-05,-0.000494188,0.00155581,-0.00106074,-0.000735453,0.000783001,-9.35586e-05,9.69555e-05,-0.00129909,-0.00106072,0.00353665,-7.32959e-05,-0.00130716,0.000587955,-1.68062e-05,0.00108786,-0.000735808,-7.23324e-05,0.00251287,0.000860273,0.0023121,-8.73657e-05,-0.00106336,0.000783108,-0.00130752,0.000861281,0.0340142,0.000770361,-0.00203619,0.000463153,-9.17083e-05,0.000583131,0.00230946,0.000776415,0.0273621,-0.000287426,3.92757e-05,9.69439e-05,-1.67834e-05,-8.72542e-05,-0.00203626,-0.000287922,0.0467454,
0.00239914,-0.000493889,-0.00129988,0.00108803,-0.00106258,0.000460141,3.93745e-05,-0.000494179,0.00155581,-0.00106074,-0.000735457,0.000782999,-9.35574e-05,9.69558e-05,-0.00129908,-0.00106072,0.00353665,-7.32985e-05,-0.00130715,0.000587956,-1.6802e-05,0.00108787,-0.000735811,-7.2335e-05,0.00251288,0.000860271,0.0023121,-8.73638e-05,-0.00106335,0.000783106,-0.00130752,0.00086128,0.0340142,0.000770343,-0.00203619,0.000463151,-9.17072e-05,0.000583133,0.00230946,0.000776397,0.0273621,-0.000287451,3.92781e-05,9.69443e-05,-1.67792e-05,-8.72522e-05,-0.00203626,-0.000287947,0.0467454,
0.00239912,-0.00049388,-0.00129988,0.00108804,-0.00106257,0.000460139,3.93769e-05,-0.00049417,0.0015558,-0.00106075,-0.00073546,0.000782998,-9.35563e-05,9.69561e-05,-0.00129908,-0.00106072,0.00353665,-7.3301e-05,-0.00130715,0.000587958,-1.67979e-05,0.00108787,-0.000735814,-7.23376e-05,0.00251289,0.000860269,0.0023121,-8.73618e-05,-0.00106334,0.000783104,-0.00130752,0.000861278,0.0340142,0.000770326,-0.00203619,0.000463149,-9.17062e-05,0.000583134,0.00230946,0.00077638,0.0273621,-0.000287474,3.92805e-05,9.69446e-05,-1.67752e-05,-8.72502e-05,-0.00203626,-0.000287971,0.0467454,
0.0023991,-0.000493872,-0.00129988,0.00108804,-0.00106256,0.000460137,3.93791e-05,-0.000494161,0.0015558,-0.00106075,-0.000735463,0.000782996,-9.35552e-05,9.69564e-05,-0.00129908,-0.00106072,0.00353664,-7.33035e-05,-0.00130715,0.00058796,-1.67941e-05,0.00108788,-0.000735817,-7.23402e-05,0.0025129,0.000860268,0.0023121,-8.736e-05,-0.00106333,0.000783102,-0.00130752,0.000861276,0.0340142,0.000770311,-0.00203619,0.000463147,-9.17052e-05,0.000583136,0.00230946,0.000776364,0.0273621,-0.000287497,3.92827e-05,9.69449e-05,-1.67713e-05,-8.72484e-05,-0.00203626,-0.000287993,0.0467454,
0.00239908,-0.000493863,-0.00129987,0.00108804,-0.00106255,0.000460135,3.93812e-05,-0.000494153,0.0015558,-0.00106075,-0.000735465,0.000782994,-9.35542e-05,9.69567e-05,-0.00129907,-0.00106072,0.00353664,-7.3306e-05,-0.00130715,0.000587961,-1.67905e-05,0.00108788,-0.00073582,-7.23427e-05,0.00251291,0.000860266,0.0023121,-8.73583e-05,-0.00106332,0.0007831,-0.00130751,0.000861274,0.0340142,0.000770297,-0.0020362,0.000463145,-9.17042e-05,0.000583138,0.00230946,0.00077635,0.0273621,-0.000287518,3.92847e-05,9.69452e-05,-1.67678e-05,-8.72466e-05,-0.00203626,-0.000288014,0.0467454,
0.00239906,-0.000493855,-0.00129987,0.00108805,-0.00106253,0.000460133,3.93831e-05,-0.000494144,0.0015558,-0.00106075,-0.000735468,0.000782992,-9.35531e-05,9.6957e-05,-0.00129907,-0.00106072,0.00353664,-7.33084e-05,-0.00130715,0.000587963,-1.67872e-05,0.00108788,-0.000735823,-7.23452e-05,0.00251292,0.000860264,0.00231211,-8.73567e-05,-0.00106331,0.000783099,-0.00130751,0.000861273,0.0340142,0.000770283,-0.0020362,0.000463142,-9.17032e-05,0.00058314,0.00230946,0.000776336,0.0273621,-0.000287537,3.92867e-05,9.69455e-05,-1.67645e-05,-8.7245e-05,-0.00203626,-0.000288034,0.0467454,
0.00239905,-0.000493847,-0.00129987,0.00108805,-0.00106253,0.000460131,3.9385e-05,-0.000494136,0.00155579,-0.00106075,-0.000735471,0.000782991,-9.35522e-05,9.69572e-05,-0.00129907,-0.00106072,0.00353664,-7.33108e-05,-0.00130714,0.000587964,-1.67841e-05,0.00108789,-0.000735825,-7.23476e-05,0.00251293,0.000860263,0.00231211,-8.73551e-05,-0.0010633,0.000783097,-0.00130751,0.000861271,0.0340142,0.000770271,-0.0020362,0.00046314,-9.17023e-05,0.000583141,0.00230946,0.000776324,0.0273622,-0.000287555,3.92885e-05,9.69457e-05,-1.67614e-05,-8.72434e-05,-0.00203626,-0.000288052,0.0467454,
0.00239903,-0.000493839,-0.00129986,0.00108806,-0.00106252,0.000460129,3.93867e-05,-0.000494128,0.00155579,-0.00106075,-0.000735473,0.000782989,-9.35512e-05,9.69574e-05,-0.00129907,-0.00106072,0.00353663,-7.33133e-05,-0.00130714,0.000587966,-1.67813e-05,0.00108789,-0.000735828,-7.23501e-05,0.00251294,0.000860261,0.00231211,-8.73537e-05,-0.00106329,0.000783095,-0.00130751,0.000861269,0.0340142,0.00077026,-0.0020362,0.000463138,-9.17015e-05,0.000583143,0.00230946,0.000776313,0.0273622,-0.000287572,3.92902e-05,9.69459e-05,-1.67586e-05,-8.7242e-05,-0.00203627,-0.000288069,0.0467454,
0.00239901,-0.000493831,-0.00129986,0.00108806,-0.00106251,0.000460127,3.93883e-05,-0.000494121,0.00155579,-0.00106075,-0.000735475,0.000782987,-9.35503e-05,9.69576e-05,-0.00129906,-0.00106073,0.00353663,-7.33156e-05,-0.00130714,0.000587967,-1.67787e-05,0.0010879,-0.00073583,-7.23525e-05,0.00251295,0.000860259,0.00231211,-8.73524e-05,-0.00106328,0.000783093,-0.00130751,0.000861267,0.0340142,0.000770251,-0.0020362,0.000463136,-9.17006e-05,0.000583144,0.00230947,0.000776303,0.0273622,-0.000287587,3.92918e-05,9.69461e-05,-1.6756e-05,-8.72406e-05,-0.00203627,-0.000288084,0.0467454,
0.00239899,-0.000493824,-0.00129986,0.00108806,-0.0010625,0.000460125,3.93898e-05,-0.000494113,0.00155579,-0.00106075,-0.000735478,0.000782985,-9.35495e-05,9.69577e-05,-0.00129906,-0.00106073,0.00353663,-7.3318e-05,-0.00130714,0.000587968,-1.67763e-05,0.0010879,-0.000735832,-7.23549e-05,0.00251296,0.000860257,0.00231211,-8.73512e-05,-0.00106327,0.000783092,-0.00130751,0.000861265,0.0340142,0.000770242,-0.0020362,0.000463134,-9.16998e-05,0.000583146,0.00230947,0.000776294,0.0273622,-0.000287601,3.92933e-05,9.69462e-05,-1.67536e-05,-8.72394e-05,-0.00203627,-0.000288098,0.0467454,
0.00239898,-0.000493816,-0.00129986,0.00108807,-0.00106249,0.000460123,3.93912e-05,-0.000494106,0.00155578,-0.00106075,-0.00073548,0.000782984,-9.35487e-05,9.69578e-05,-0.00129906,-0.00106073,0.00353663,-7.33204e-05,-0.00130714,0.00058797,-1.67742e-05,0.0010879,-0.000735834,-7.23573e-05,0.00251297,0.000860255,0.00231211,-8.735e-05,-0.00106326,0.00078309,-0.0013075,0.000861263,0.0340141,0.000770234,-0.0020362,0.000463132,-9.16991e-05,0.000583147,0.00230947,0.000776286,0.0273622,-0.000287614,3.92947e-05,9.69463e-05,-1.67515e-05,-8.72383e-05,-0.00203627,-0.000288111,0.0467454,
0.00239896,-0.000493809,-0.00129985,0.00108807,-0.00106248,0.000460121,3.93925e-05,-0.000494098,0.00155578,-0.00106076,-0.000735482,0.000782982,-9.3548e-05,9.69579e-05,-0.00129906,-0.00106073,0.00353663,-7.33228e-05,-0.00130714,0.000587971,-1.67723e-05,0.00108791,-0.000735837,-7.23597e-05,0.00251298,0.000860253,0.00231211,-8.7349e-05,-0.00106325,0.000783088,-0.0013075,0.000861261,0.0340141,0.000770227,-0.0020362,0.00046313,-9.16984e-05,0.000583149,0.00230947,0.000776279,0.0273622,-0.000287625,3.9296e-05,9.69464e-05,-1.67496e-05,-8.72372e-05,-0.00203627,-0.000288123,0.0467453,
0.00239894,-0.000493802,-0.00129985,0.00108807,-0.00106247,0.000460119,3.93938e-05,-0.000494091,0.00155578,-0.00106076,-0.000735484,0.00078298,-9.35473e-05,9.69579e-05,-0.00129905,-0.00106073,0.00353662,-7.33251e-05,-0.00130714,0.000587972,-1.67706e-05,0.00108791,-0.000735839,-7.23621e-05,0.00251299,0.000860251,0.00231211,-8.7348e-05,-0.00106324,0.000783087,-0.0013075,0.000861259,0.0340141,0.000770221,-0.0020362,0.000463128,-9.16977e-05,0.00058315,0.00230947,0.000776273,0.0273622,-0.000287636,3.92972e-05,9.69464e-05,-1.67479e-05,-8.72362e-05,-0.00203627,-0.000288133,0.0467453,
0.00239893,-0.000493795,-0.00129985,0.00108808,-0.00106246,0.000460117,3.93949e-05,-0.000494084,0.00155578,-0.00106076,-0.000735486,0.000782979,-9.35466e-05,9.6958e-05,-0.00129905,-0.00106073,0.00353662,-7.33275e-05,-0.00130713,0.000587974,-1.6769e-05,0.00108791,-0.000735841,-7.23645e-05,0.00251299,0.000860249,0.00231211,-8.73471e-05,-0.00106323,0.000783085,-0.0013075,0.000861257,0.0340141,0.000770216,-0.00203621,0.000463126,-9.16971e-05,0.000583152,0.00230947,0.000776267,0.0273622,-0.000287645,3.92983e-05,9.69465e-05,-1.67463e-05,-8.72353e-05,-0.00203627,-0.000288143,0.0467453,
0.00239891,-0.000493788,-0.00129985,0.00108808,-0.00106245,0.000460115,3.93959e-05,-0.000494077,0.00155578,-0.00106076,-0.000735489,0.000782977,-9.3546e-05,9.6958e-05,-0.00129905,-0.00106073,0.00353662,-7.33299e-05,-0.00130713,0.000587975,-1.67676e-05,0.00108792,-0.000735843,-7.23669e-05,0.002513,0.000860247,0.00231211,-8.73463e-05,-0.00106323,0.000783083,-0.0013075,0.000861255,0.0340141,0.000770211,-0.00203621,0.000463123,-9.16965e-05,0.000583153,0.00230947,0.000776263,0.0273622,-0.000287653,3.92994e-05,9.69465e-05,-1.6745e-05,-8.72345e-05,-0.00203627,-0.000288151,0.0467453,
0.00239889,-0.000493781,-0.00129984,0.00108808,-0.00106244,0.000460113,3.93969e-05,-0.00049407,0.00155577,-0.00106076,-0.000735491,0.000782976,-9.35454e-05,9.6958e-05,-0.00129905,-0.00106073,0.00353662,-7.33322e-05,-0.00130713,0.000587976,-1.67664e-05,0.00108792,-0.000735845,-7.23692e-05,0.00251301,0.000860245,0.00231212,-8.73455e-05,-0.00106322,0.000783082,-0.0013075,0.000861253,0.0340141,0.000770207,-0.00203621,0.000463121,-9.1696e-05,0.000583154,0.00230947,0.000776259,0.0273622,-0.000287661,3.93004e-05,9.69465e-05,-1.67438e-05,-8.72337e-05,-0.00203627,-0.000288159,0.0467453,
0.00239888,-0.000493774,-0.00129984,0.00108809,-0.00106244,0.000460111,3.93978e-05,-0.000494063,0.00155577,-0.00106076,-0.000735493,0.000782974,-9.35449e-05,9.69579e-05,-0.00129904,-0.00106073,0.00353661,-7.33346e-05,-0.00130713,0.000587977,-1.67654e-05,0.00108792,-0.000735847,-7.23716e-05,0.00251302,0.000860243,0.00231212,-8.73448e-05,-0.00106321,0.00078308,-0.0013075,0.000861251,0.0340141,0.000770204,-0.00203621,0.000463119,-9.16955e-05,0.000583155,0.00230948,0.000776255,0.0273622,-0.000287667,3.93013e-05,9.69464e-05,-1.67427e-05,-8.7233e-05,-0.00203627,-0.000288165,0.0467453,
0.00239886,-0.000493767,-0.00129984,0.00108809,-0.00106243,0.000460109,3.93987e-05,-0.000494056,0.00155577,-0.00106076,-0.000735495,0.000782972,-9.35444e-05,9.69579e-05,-0.00129904,-0.00106073,0.00353661,-7.3337e-05,-0.00130713,0.000587978,-1.67644e-05,0.00108793,-0.000735849,-7.2374e-05,0.00251303,0.000860241,0.00231212,-8.73442e-05,-0.0010632,0.000783079,-0.0013075,0.000861249,0.0340141,0.000770201,-0.00203621,0.000463117,-9.1695e-05,0.000583157,0.00230948,0.000776253,0.0273622,-0.000287673,3.93021e-05,9.69464e-05,-1.67418e-05,-8.72323e-05,-0.00203627,-0.000288171,0.0467453,
0.00239885,-0.00049376,-0.00129984,0.00108809,-0.00106242,0.000460107,3.93995e-05,-0.000494049,0.00155577,-0.00106076,-0.000735496,0.000782971,-9.35439e-05,9.69578e-05,-0.00129904,-0.00106074,0.00353661,-7.33393e-05,-0.00130713,0.00058798,-1.67636e-05,0.00108793,-0.000735851,-7.23764e-05,0.00251304,0.000860238,0.00231212,-8.73436e-05,-0.00106319,0.000783077,-0.0013075,0.000861246,0.0340141,0.000770199,-0.00203621,0.000463115,-9.16945e-05,0.000583158,0.00230948,0.00077625,0.0273622,-0.000287678,3.93029e-05,9.69463e-05,-1.6741e-05,-8.72317e-05,-0.00203627,-0.000288176,0.0467453,
0.00239883,-0.000493753,-0.00129983,0.00108809,-0.00106241,0.000460105,3.94002e-05,-0.000494042,0.00155577,-0.00106076,-0.000735498,0.000782969,-9.35435e-05,9.69577e-05,-0.00129904,-0.00106074,0.00353661,-7.33417e-05,-0.00130713,0.000587981,-1.67629e-05,0.00108793,-0.000735853,-7.23788e-05,0.00251304,0.000860236,0.00231212,-8.7343e-05,-0.00106318,0.000783075,-0.00130749,0.000861244,0.0340141,0.000770198,-0.00203621,0.000463113,-9.16941e-05,0.000583159,0.00230948,0.000776249,0.0273622,-0.000287683,3.93037e-05,9.69462e-05,-1.67403e-05,-8.72312e-05,-0.00203628,-0.000288181,0.0467453,
0.00239881,-0.000493746,-0.00129983,0.0010881,-0.0010624,0.000460103,3.94009e-05,-0.000494036,0.00155577,-0.00106076,-0.0007355,0.000782967,-9.3543e-05,9.69576e-05,-0.00129903,-0.00106074,0.0035366,-7.33441e-05,-0.00130713,0.000587982,-1.67623e-05,0.00108793,-0.000735855,-7.23811e-05,0.00251305,0.000860234,0.00231212,-8.73425e-05,-0.00106318,0.000783074,-0.00130749,0.000861242,0.0340141,0.000770196,-0.00203621,0.000463111,-9.16937e-05,0.00058316,0.00230948,0.000776247,0.0273622,-0.000287687,3.93044e-05,9.69461e-05,-1.67396e-05,-8.72307e-05,-0.00203628,-0.000288185,0.0467453,
0.0023988,-0.000493739,-0.00129983,0.0010881,-0.0010624,0.000460101,3.94016e-05,-0.000494029,0.00155576,-0.00106077,-0.000735502,0.000782966,-9.35426e-05,9.69575e-05,-0.00129903,-0.00106074,0.0035366,-7.33464e-05,-0.00130713,0.000587983,-1.67618e-05,0.00108794,-0.000735857,-7.23835e-05,0.00251306,0.000860231,0.00231213,-8.7342e-05,-0.00106317,0.000783072,-0.00130749,0.000861239,0.0340141,0.000770196,-0.00203621,0.000463109,-9.16933e-05,0.000583162,0.00230948,0.000776247,0.0273623,-0.00028769,3.9305e-05,9.6946e-05,-1.67391e-05,-8.72302e-05,-0.00203628,-0.000288188,0.0467453,
0.00239878,-0.000493733,-0.00129983,0.0010881,-0.00106239,0.000460099,3.94022e-05,-0.000494022,0.00155576,-0.00106077,-0.000735504,0.000782964,-9.35423e-05,9.69573e-05,-0.00129903,-0.00106074,0.0035366,-7.33488e-05,-0.00130713,0.000587984,-1.67613e-05,0.00108794,-0.000735859,-7.23859e-05,0.00251307,0.000860229,0.00231213,-8.73416e-05,-0.00106316,0.00078307,-0.00130749,0.000861237,0.0340141,0.000770195,-0.00203621,0.000463107,-9.16929e-05,0.000583163,0.00230949,0.000776246,0.0273623,-0.000287693,3.93056e-05,9.69459e-05,-1.67387e-05,-8.72297e-05,-0.00203628,-0.000288191,0.0467453,
0.00239877,-0.000493726,-0.00129983,0.00108811,-0.00106238,0.000460097,3.94028e-05,-0.000494015,0.00155576,-0.00106077,-0.000735506,0.000782962,-9.35419e-05,9.69572e-05,-0.00129903,-0.00106074,0.0035366,-7.33512e-05,-0.00130713,0.000587985,-1.6761e-05,0.00108794,-0.00073586,-7.23883e-05,0.00251308,0.000860227,0.00231213,-8.73412e-05,-0.00106315,0.000783069,-0.00130749,0.000861235,0.0340141,0.000770195,-0.00203621,0.000463105,-9.16926e-05,0.000583164,0.00230949,0.000776246,0.0273623,-0.000287696,3.93062e-05,9.69457e-05,-1.67383e-05,-8.72293e-05,-0.00203628,-0.000288194,0.0467453,
