0.00282179,0.000533629,-0.001421,-0.000931224,0.000157357,0.00152365,-1.71084e-05,0.000533629,0.00129204,0.000713496,-0.00108346,-0.00093561,-0.000356831,-1.536e-05,-0.001421,0.000713496,0.00381237,-0.000372577,-0.000327462,0.00168489,-3.87372e-05,-0.000931224,-0.00108346,-0.000372577,0.00254185,0.000264878,-0.000686186,0.000200085,0.000157357,-0.00093561,-0.000327462,0.000264878,0.0338562,0.00156133,-0.00124721,0.00152365,-0.000356831,0.00168489,-0.000686186,0.00156133,0.0290433,-9.60347e-05,-1.71084e-05,-1.536e-05,-3.87372e-05,0.000200085,-0.00124721,-9.60347e-05,0.0466692,
0.00282043,0.000533266,-0.00142125,-0.000931472,0.000157912,0.00152313,-1.70691e-05,0.000533266,0.00129209,0.000713528,-0.00108356,-0.000935479,-0.000356622,-1.53524e-05,-0.00142125,0.000713528,0.00381233,-0.00037216,-0.000327523,0.00168487,-3.87225e-05,-0.000931472,-0.00108356,-0.00037216,0.00254222,0.000264365,-0.000686838,0.000200059,0.000157912,-0.000935479,-0.000327523,0.000264365,0.0338559,0.00156175,-0.00124716,0.00152313,-0.000356622,0.00168487,-0.000686838,0.00156175,0.0290435,-9.60039e-05,-1.70691e-05,-1.53524e-05,-3.87225e-05,0.000200059,-0.00124716,-9.60039e-05,0.0466693,
0.00281921,0.00053294,-0.00142146,-0.000931701,0.000158393,0.00152266,-1.70348e-05,0.00053294,0.00129213,0.000713547,-0.00108365,-0.000935366,-0.000356462,-1.53461e-05,-0.00142146,0.000713547,0.00381232,-0.000371792,-0.000327602,0.00168484,-3.87106e-05,-0.000931701,-0.00108365,-0.000371792,0.00254257,0.000263899,-0.000687425,0.000200031,0.000158393,-0.000935366,-0.000327602,0.000263899,0.0338555,0.00156211,-0.00124713,0.00152266,-0.000356462,0.00168484,-0.000687425,0.00156211,0.0290437,-9.5981e-05,-1.70348e-05,-1.53461e-05,-3.87106e-05,0.000200031,-0.00124713,-9.5981e-05,0.0466693,
0.00281812,0.000532645,-0.00142164,-0.000931909,0.000158811,0.00152224,-1.70053e-05,0.000532645,0.00129215,0.000713557,-0.00108373,-0.000935268,-0.000356333,-1.53409e-05,-0.00142164,0.000713557,0.00381232,-0.00037147,-0.000327691,0.0016848,-3.87011e-05,-0.000931909,-0.00108373,-0.00037147,0.0025429,0.00026347,-0.000687947,0.000200001,0.000158811,-0.000935268,-0.000327691,0.00026347,0.0338551,0.0015624,-0.0012471,0.00152224,-0.000356333,0.0016848,-0.000687947,0.0015624,0.0290438,-9.59641e-05,-1.70053e-05,-1.53409e-05,-3.87011e-05,0.000200001,-0.0012471,-9.59641e-05,0.0466693,
0.00281714,0.00053238,-0.0014218,-0.000932096,0.000159175,0.00152187,-1.69803e-05,0.00053238,0.00129216,0.00071356,-0.00108381,-0.000935182,-0.000356225,-1.53367e-05,-0.0014218,0.00071356,0.00381232,-0.000371185,-0.000327786,0.00168476,-3.86938e-05,-0.000932096,-0.00108381,-0.000371185,0.00254321,0.000263071,-0.000688408,0.00019997,0.000159175,-0.000935182,-0.000327786,0.000263071,0.0338547,0.00156263,-0.00124708,0.00152187,-0.000356225,0.00168476,-0.000688408,0.00156263,0.0290439,-9.59519e-05,-1.69803e-05,-1.53367e-05,-3.86938e-05,0.00019997,-0.00124708,-9.59519e-05,0.0466694,
0.00281627,0.00053214,-0.00142194,-0.000932265,0.000159491,0.00152155,-1.69593e-05,0.00053214,0.00129216,0.000713557,-0.00108388,-0.000935108,-0.000356134,-1.53335e-05,-0.00142194,0.000713557,0.00381234,-0.000370934,-0.000327883,0.00168471,-3.86886e-05,-0.000932265,-0.00108388,-0.000370934,0.0025435,0.000262697,-0.000688815,0.000199938,0.000159491,-0.000935108,-0.000327883,0.000262697,0.0338543,0.00156282,-0.00124706,0.00152155,-0.000356134,0.00168471,-0.000688815,0.00156282,0.029044,-9.5944e-05,-1.69593e-05,-1.53335e-05,-3.86886e-05,0.000199938,-0.00124706,-9.5944e-05,0.0466694,
0.00281549,0.000531923,-0.00142206,-0.000932416,0.000159767,0.00152126,-1.69421e-05,0.000531923,0.00129216,0.00071355,-0.00108395,-0.000935043,-0.000356054,-1.53313e-05,-0.00142206,0.00071355,0.00381235,-0.000370711,-0.000327981,0.00168467,-3.86854e-05,-0.000932416,-0.00108395,-0.000370711,0.00254377,0.000262348,-0.000689175,0.000199904,0.000159767,-0.000935043,-0.000327981,0.000262348,0.0338538,0.00156297,-0.00124705,0.00152126,-0.000356054,0.00168467,-0.000689175,0.00156297,0.0290441,-9.59403e-05,-1.69421e-05,-1.53313e-05,-3.86854e-05,0.000199904,-0.00124705,-9.59403e-05,0.0466695,
0.00281478,0.000531726,-0.00142217,-0.000932553,0.000160007,0.001521,-1.69283e-05,0.000531726,0.00129216,0.000713541,-0.00108402,-0.000934987,-0.000355985,-1.533e-05,-0.00142217,0.000713541,0.00381237,-0.000370513,-0.000328079,0.00168464,-3.86842e-05,-0.000932553,-0.00108402,-0.000370513,0.00254402,0.000262022,-0.000689494,0.000199869,0.000160007,-0.000934987,-0.000328079,0.000262022,0.0338533,0.00156309,-0.00124705,0.001521,-0.000355985,0.00168464,-0.000689494,0.00156309,0.0290442,-9.59404e-05,-1.69283e-05,-1.533e-05,-3.86842e-05,0.000199869,-0.00124705,-9.59404e-05,0.0466695,
0.00281414,0.000531548,-0.00142226,-0.000932676,0.000160219,0.00152077,-1.69178e-05,0.000531548,0.00129215,0.00071353,-0.00108408,-0.000934939,-0.000355925,-1.53297e-05,-0.00142226,0.00071353,0.00381239,-0.000370336,-0.000328174,0.0016846,-3.86849e-05,-0.000932676,-0.00108408,-0.000370336,0.00254425,0.000261718,-0.000689778,0.000199832,0.000160219,-0.000934939,-0.000328174,0.000261718,0.0338528,0.00156318,-0.00124706,0.00152077,-0.000355925,0.0016846,-0.000689778,0.00156318,0.0290443,-9.59443e-05,-1.69178e-05,-1.53297e-05,-3.86849e-05,0.000199832,-0.00124706,-9.59443e-05,0.0466696,
0.00281357,0.000531386,-0.00142235,-0.000932788,0.000160404,0.00152057,-1.69103e-05,0.000531386,0.00129214,0.000713517,-0.00108414,-0.000934896,-0.000355871,-1.53303e-05,-0.00142235,0.000713517,0.00381241,-0.000370178,-0.000328267,0.00168456,-3.86875e-05,-0.000932788,-0.00108414,-0.000370178,0.00254446,0.000261435,-0.000690031,0.000199794,0.000160404,-0.000934896,-0.000328267,0.000261435,0.0338524,0.00156325,-0.00124709,0.00152057,-0.000355871,0.00168456,-0.000690031,0.00156325,0.0290444,-9.59518e-05,-1.69103e-05,-1.53303e-05,-3.86875e-05,0.000199794,-0.00124709,-9.59518e-05,0.0466696,
0.00281305,0.000531239,-0.00142243,-0.000932889,0.000160568,0.00152038,-1.69054e-05,0.000531239,0.00129213,0.000713505,-0.00108419,-0.000934859,-0.000355823,-1.53317e-05,-0.00142243,0.000713505,0.00381243,-0.000370036,-0.000328356,0.00168453,-3.86918e-05,-0.000932889,-0.00108419,-0.000370036,0.00254466,0.000261172,-0.000690257,0.000199754,0.000160568,-0.000934859,-0.000328356,0.000261172,0.0338519,0.0015633,-0.00124712,0.00152038,-0.000355823,0.00168453,-0.000690257,0.0015633,0.0290445,-9.59628e-05,-1.69054e-05,-1.53317e-05,-3.86918e-05,0.000199754,-0.00124712,-9.59628e-05,0.0466697,
0.00281258,0.000531106,-0.00142249,-0.00093298,0.000160712,0.00152022,-1.69031e-05,0.000531106,0.00129212,0.000713492,-0.00108423,-0.000934827,-0.000355779,-1.5334e-05,-0.00142249,0.000713492,0.00381245,-0.000369909,-0.000328441,0.00168449,-3.86977e-05,-0.00093298,-0.00108423,-0.000369909,0.00254484,0.000260928,-0.00069046,0.000199712,0.000160712,-0.000934827,-0.000328441,0.000260928,0.0338514,0.00156334,-0.00124717,0.00152022,-0.000355779,0.00168449,-0.00069046,0.00156334,0.0290446,-9.59769e-05,-1.69031e-05,-1.5334e-05,-3.86977e-05,0.000199712,-0.00124717,-9.59769e-05,0.0466698,
0.00281215,0.000530984,-0.00142256,-0.000933063,0.00016084,0.00152007,-1.69032e-05,0.000530984,0.0012921,0.000713479,-0.00108428,-0.000934799,-0.000355741,-1.5337e-05,-0.00142256,0.000713479,0.00381246,-0.000369794,-0.000328522,0.00168446,-3.87052e-05,-0.000933063,-0.00108428,-0.000369794,0.002545,0.000260701,-0.000690643,0.00019967,0.00016084,-0.000934799,-0.000328522,0.000260701,0.033851,0.00156337,-0.00124723,0.00152007,-0.000355741,0.00168446,-0.000690643,0.00156337,0.0290446,-9.59941e-05,-1.69032e-05,-1.5337e-05,-3.87052e-05,0.00019967,-0.00124723,-9.59941e-05,0.0466698,
0.00281177,0.000530873,-0.00142261,-0.000933139,0.000160953,0.00151993,-1.69053e-05,0.000530873,0.00129209,0.000713467,-0.00108432,-0.000934774,-0.000355705,-1.53408e-05,-0.00142261,0.000713467,0.00381248,-0.00036969,-0.000328599,0.00168443,-3.87142e-05,-0.000933139,-0.00108432,-0.00036969,0.00254516,0.000260492,-0.000690807,0.000199626,0.000160953,-0.000934774,-0.000328599,0.000260492,0.0338505,0.00156338,-0.00124731,0.00151993,-0.000355705,0.00168443,-0.000690807,0.00156338,0.0290447,-9.60142e-05,-1.69053e-05,-1.53408e-05,-3.87142e-05,0.000199626,-0.00124731,-9.60142e-05,0.0466699,
0.00281141,0.000530772,-0.00142266,-0.000933208,0.000161053,0.00151981,-1.69094e-05,0.000530772,0.00129208,0.000713455,-0.00108436,-0.000934753,-0.000355673,-1.53452e-05,-0.00142266,0.000713455,0.0038125,-0.000369595,-0.000328673,0.0016844,-3.87245e-05,-0.000933208,-0.00108436,-0.000369595,0.0025453,0.000260297,-0.000690955,0.00019958,0.000161053,-0.000934753,-0.000328673,0.000260297,0.0338501,0.00156339,-0.00124739,0.00151981,-0.000355673,0.0016844,-0.000690955,0.00156339,0.0290448,-9.60368e-05,-1.69094e-05,-1.53452e-05,-3.87245e-05,0.00019958,-0.00124739,-9.60368e-05,0.04667,
0.00281109,0.00053068,-0.00142271,-0.00093327,0.000161143,0.00151969,-1.69152e-05,0.00053068,0.00129207,0.000713443,-0.00108439,-0.000934735,-0.000355644,-1.53503e-05,-0.00142271,0.000713443,0.00381251,-0.00036951,-0.000328742,0.00168437,-3.8736e-05,-0.00093327,-0.00108439,-0.00036951,0.00254543,0.000260117,-0.00069109,0.000199534,0.000161143,-0.000934735,-0.000328742,0.000260117,0.0338497,0.00156339,-0.00124749,0.00151969,-0.000355644,0.00168437,-0.00069109,0.00156339,0.0290449,-9.6062e-05,-1.69152e-05,-1.53503e-05,-3.8736e-05,0.000199534,-0.00124749,-9.6062e-05,0.0466701,
0.0028108,0.000530595,-0.00142275,-0.000933328,0.000161222,0.00151959,-1.69227e-05,0.000530595,0.00129206,0.000713432,-0.00108442,-0.000934719,-0.000355617,-1.53559e-05,-0.00142275,0.000713432,0.00381253,-0.000369432,-0.000328808,0.00168435,-3.87487e-05,-0.000933328,-0.00108442,-0.000369432,0.00254555,0.00025995,-0.000691211,0.000199486,0.000161222,-0.000934719,-0.000328808,0.00025995,0.0338493,0.00156338,-0.0012476,0.00151959,-0.000355617,0.00168435,-0.000691211,0.00156338,0.029045,-9.60894e-05,-1.69227e-05,-1.53559e-05,-3.87487e-05,0.000199486,-0.0012476,-9.60894e-05,0.0466701,
0.00281053,0.000530518,-0.00142279,-0.00093338,0.000161293,0.00151949,-1.69316e-05,0.000530518,0.00129205,0.000713422,-0.00108445,-0.000934705,-0.000355592,-1.5362e-05,-0.00142279,0.000713422,0.00381254,-0.000369362,-0.00032887,0.00168432,-3.87625e-05,-0.00093338,-0.00108445,-0.000369362,0.00254566,0.000259795,-0.000691322,0.000199438,0.000161293,-0.000934705,-0.00032887,0.000259795,0.0338489,0.00156337,-0.00124772,0.00151949,-0.000355592,0.00168432,-0.000691322,0.00156337,0.0290451,-9.61189e-05,-1.69316e-05,-1.5362e-05,-3.87625e-05,0.000199438,-0.00124772,-9.61189e-05,0.0466702,
0.00281028,0.000530447,-0.00142282,-0.000933428,0.000161356,0.00151941,-1.69419e-05,0.000530447,0.00129204,0.000713413,-0.00108448,-0.000934693,-0.000355569,-1.53687e-05,-0.00142282,0.000713413,0.00381255,-0.000369297,-0.000328929,0.0016843,-3.87773e-05,-0.000933428,-0.00108448,-0.000369297,0.00254576,0.000259651,-0.000691423,0.000199388,0.000161356,-0.000934693,-0.000328929,0.000259651,0.0338485,0.00156336,-0.00124785,0.00151941,-0.000355569,0.0016843,-0.000691423,0.00156336,0.0290452,-9.61503e-05,-1.69419e-05,-1.53687e-05,-3.87773e-05,0.000199388,-0.00124785,-9.61503e-05,0.0466703,
0.00281006,0.000530382,-0.00142286,-0.000933472,0.000161412,0.00151933,-1.69535e-05,0.000530382,0.00129203,0.000713404,-0.0010845,-0.000934683,-0.000355548,-1.53758e-05,-0.00142286,0.000713404,0.00381256,-0.000369238,-0.000328985,0.00168427,-3.87929e-05,-0.000933472,-0.0010845,-0.000369238,0.00254585,0.000259518,-0.000691515,0.000199338,0.000161412,-0.000934683,-0.000328985,0.000259518,0.0338482,0.00156334,-0.00124799,0.00151933,-0.000355548,0.00168427,-0.000691515,0.00156334,0.0290453,-9.61835e-05,-1.69535e-05,-1.53758e-05,-3.87929e-05,0.000199338,-0.00124799,-9.61835e-05,0.0466704,
0.00280985,0.000530323,-0.00142289,-0.000933512,0.000161461,0.00151925,-1.69661e-05,0.000530323,0.00129202,0.000713395,-0.00108452,-0.000934674,-0.000355528,-1.53833e-05,-0.00142289,0.000713395,0.00381257,-0.000369184,-0.000329038,0.00168425,-3.88094e-05,-0.000933512,-0.00108452,-0.000369184,0.00254594,0.000259393,-0.000691599,0.000199287,0.000161461,-0.000934674,-0.000329038,0.000259393,0.0338478,0.00156331,-0.00124814,0.00151925,-0.000355528,0.00168425,-0.000691599,0.00156331,0.0290455,-9.62183e-05,-1.69661e-05,-1.53833e-05,-3.88094e-05,0.000199287,-0.00124814,-9.62183e-05,0.0466705,
0.00280966,0.000530268,-0.00142291,-0.000933549,0.000161506,0.00151918,-1.69798e-05,0.000530268,0.00129202,0.000713388,-0.00108455,-0.000934667,-0.00035551,-1.53911e-05,-0.00142291,0.000713388,0.00381258,-0.000369135,-0.000329089,0.00168423,-3.88266e-05,-0.000933549,-0.00108455,-0.000369135,0.00254602,0.000259278,-0.000691676,0.000199235,0.000161506,-0.000934667,-0.000329089,0.000259278,0.0338474,0.00156329,-0.00124829,0.00151918,-0.00035551,0.00168423,-0.000691676,0.00156329,0.0290456,-9.62545e-05,-1.69798e-05,-1.53911e-05,-3.88266e-05,0.000199235,-0.00124829,-9.62545e-05,0.0466706,
0.00280949,0.000530218,-0.00142294,-0.000933583,0.000161545,0.00151912,-1.69944e-05,0.000530218,0.00129201,0.00071338,-0.00108456,-0.000934661,-0.000355492,-1.53994e-05,-0.00142294,0.00071338,0.00381259,-0.000369089,-0.000329137,0.00168421,-3.88446e-05,-0.000933583,-0.00108456,-0.000369089,0.00254609,0.00025917,-0.000691746,0.000199182,0.000161545,-0.000934661,-0.000329137,0.00025917,0.0338471,0.00156326,-0.00124846,0.00151912,-0.000355492,0.00168421,-0.000691746,0.00156326,0.0290457,-9.62922e-05,-1.69944e-05,-1.53994e-05,-3.88446e-05,0.000199182,-0.00124846,-9.62922e-05,0.0466707,
0.00280933,0.000530172,-0.00142296,-0.000933614,0.00016158,0.00151906,-1.70098e-05,0.000530172,0.001292,0.000713374,-0.00108458,-0.000934656,-0.000355476,-1.54079e-05,-0.00142296,0.000713374,0.0038126,-0.000369048,-0.000329182,0.00168419,-3.88632e-05,-0.000933614,-0.00108458,-0.000369048,0.00254616,0.000259069,-0.000691811,0.000199129,0.00016158,-0.000934656,-0.000329182,0.000259069,0.0338468,0.00156323,-0.00124862,0.00151906,-0.000355476,0.00168419,-0.000691811,0.00156323,0.0290458,-9.63311e-05,-1.70098e-05,-1.54079e-05,-3.88632e-05,0.000199129,-0.00124862,-9.63311e-05,0.0466707,
0.00280918,0.000530129,-0.00142298,-0.000933643,0.000161611,0.001519,-1.70261e-05,0.000530129,0.001292,0.000713368,-0.0010846,-0.000934652,-0.00035546,-1.54167e-05,-0.00142298,0.000713368,0.00381261,-0.000369009,-0.000329226,0.00168417,-3.88823e-05,-0.000933643,-0.0010846,-0.000369009,0.00254623,0.000258975,-0.00069187,0.000199075,0.000161611,-0.000934652,-0.000329226,0.000258975,0.0338464,0.00156319,-0.0012488,0.001519,-0.00035546,0.00168417,-0.00069187,0.00156319,0.0290459,-9.63711e-05,-1.70261e-05,-1.54167e-05,-3.88823e-05,0.000199075,-0.0012488,-9.63711e-05,0.0466708,
0.00280904,0.000530089,-0.001423,-0.00093367,0.000161638,0.00151895,-1.7043e-05,0.000530089,0.00129199,0.000713362,-0.00108461,-0.000934649,-0.000355445,-1.54258e-05,-0.001423,0.000713362,0.00381261,-0.000368974,-0.000329267,0.00168415,-3.8902e-05,-0.00093367,-0.00108461,-0.000368974,0.00254629,0.000258887,-0.000691925,0.000199021,0.000161638,-0.000934649,-0.000329267,0.000258887,0.0338461,0.00156316,-0.00124898,0.00151895,-0.000355445,0.00168415,-0.000691925,0.00156316,0.029046,-9.64122e-05,-1.7043e-05,-1.54258e-05,-3.8902e-05,0.000199021,-0.00124898,-9.64122e-05,0.0466709,
0.00280891,0.000530053,-0.00142302,-0.000933695,0.000161662,0.0015189,-1.70605e-05,0.000530053,0.00129198,0.000713357,-0.00108463,-0.000934647,-0.000355431,-1.54352e-05,-0.00142302,0.000713357,0.00381262,-0.000368941,-0.000329307,0.00168413,-3.89221e-05,-0.000933695,-0.00108463,-0.000368941,0.00254634,0.000258804,-0.000691976,0.000198967,0.000161662,-0.000934647,-0.000329307,0.000258804,0.0338458,0.00156312,-0.00124916,0.0015189,-0.000355431,0.00168413,-0.000691976,0.00156312,0.0290462,-9.64542e-05,-1.70605e-05,-1.54352e-05,-3.89221e-05,0.000198967,-0.00124916,-9.64542e-05,0.046671,
0.0028088,0.000530019,-0.00142304,-0.000933718,0.000161684,0.00151886,-1.70787e-05,0.000530019,0.00129198,0.000713352,-0.00108464,-0.000934646,-0.000355418,-1.54447e-05,-0.00142304,0.000713352,0.00381263,-0.00036891,-0.000329345,0.00168411,-3.89427e-05,-0.000933718,-0.00108464,-0.00036891,0.00254639,0.000258726,-0.000692023,0.000198911,0.000161684,-0.000934646,-0.000329345,0.000258726,0.0338455,0.00156308,-0.00124935,0.00151886,-0.000355418,0.00168411,-0.000692023,0.00156308,0.0290463,-9.6497e-05,-1.70787e-05,-1.54447e-05,-3.89427e-05,0.000198911,-0.00124935,-9.6497e-05,0.0466711,
0.00280869,0.000529987,-0.00142305,-0.000933739,0.000161702,0.00151881,-1.70973e-05,0.000529987,0.00129197,0.000713347,-0.00108465,-0.000934645,-0.000355405,-1.54545e-05,-0.00142305,0.000713347,0.00381263,-0.000368882,-0.000329382,0.00168409,-3.89637e-05,-0.000933739,-0.00108465,-0.000368882,0.00254644,0.000258652,-0.000692066,0.000198856,0.000161702,-0.000934645,-0.000329382,0.000258652,0.0338452,0.00156304,-0.00124955,0.00151881,-0.000355405,0.00168409,-0.000692066,0.00156304,0.0290464,-9.65407e-05,-1.70973e-05,-1.54545e-05,-3.89637e-05,0.000198856,-0.00124955,-9.65407e-05,0.0466712,
0.00280858,0.000529958,-0.00142307,-0.000933759,0.000161719,0.00151877,-1.71165e-05,0.000529958,0.00129197,0.000713343,-0.00108466,-0.000934645,-0.000355393,-1.54644e-05,-0.00142307,0.000713343,0.00381264,-0.000368855,-0.000329417,0.00168407,-3.89851e-05,-0.000933759,-0.00108466,-0.000368855,0.00254649,0.000258583,-0.000692107,0.0001988,0.000161719,-0.000934645,-0.000329417,0.000258583,0.0338449,0.001563,-0.00124975,0.00151877,-0.000355393,0.00168407,-0.000692107,0.001563,0.0290466,-9.6585e-05,-1.71165e-05,-1.54644e-05,-3.89851e-05,0.0001988,-0.00124975,-9.6585e-05,0.0466713,
0.00280849,0.00052993,-0.00142308,-0.000933777,0.000161733,0.00151873,-1.71361e-05,0.00052993,0.00129196,0.000713339,-0.00108467,-0.000934645,-0.000355381,-1.54745e-05,-0.00142308,0.000713339,0.00381264,-0.000368831,-0.000329451,0.00168405,-3.90068e-05,-0.000933777,-0.00108467,-0.000368831,0.00254653,0.000258517,-0.000692144,0.000198744,0.000161733,-0.000934645,-0.000329451,0.000258517,0.0338446,0.00156296,-0.00124995,0.00151873,-0.000355381,0.00168405,-0.000692144,0.00156296,0.0290467,-9.66301e-05,-1.71361e-05,-1.54745e-05,-3.90068e-05,0.000198744,-0.00124995,-9.66301e-05,0.0466714,
0.0028084,0.000529905,-0.00142309,-0.000933795,0.000161745,0.0015187,-1.7156e-05,0.000529905,0.00129196,0.000713335,-0.00108468,-0.000934646,-0.000355369,-1.54847e-05,-0.00142309,0.000713335,0.00381265,-0.000368808,-0.000329484,0.00168404,-3.90288e-05,-0.000933795,-0.00108468,-0.000368808,0.00254657,0.000258455,-0.000692179,0.000198688,0.000161745,-0.000934646,-0.000329484,0.000258455,0.0338443,0.00156292,-0.00125015,0.0015187,-0.000355369,0.00168404,-0.000692179,0.00156292,0.0290468,-9.66757e-05,-1.7156e-05,-1.54847e-05,-3.90288e-05,0.000198688,-0.00125015,-9.66757e-05,0.0466715,
0.00280832,0.000529881,-0.00142311,-0.000933811,0.000161756,0.00151866,-1.71763e-05,0.000529881,0.00129196,0.000713332,-0.00108469,-0.000934648,-0.000355358,-1.54951e-05,-0.00142311,0.000713332,0.00381265,-0.000368786,-0.000329516,0.00168402,-3.90511e-05,-0.000933811,-0.00108469,-0.000368786,0.00254661,0.000258395,-0.000692212,0.000198631,0.000161756,-0.000934648,-0.000329516,0.000258395,0.033844,0.00156288,-0.00125036,0.00151866,-0.000355358,0.00168402,-0.000692212,0.00156288,0.029047,-9.67218e-05,-1.71763e-05,-1.54951e-05,-3.90511e-05,0.000198631,-0.00125036,-9.67218e-05,0.0466716,
0.00280824,0.000529859,-0.00142312,-0.000933826,0.000161764,0.00151863,-1.7197e-05,0.000529859,0.00129195,0.000713329,-0.0010847,-0.000934649,-0.000355348,-1.55056e-05,-0.00142312,0.000713329,0.00381265,-0.000368766,-0.000329547,0.001684,-3.90736e-05,-0.000933826,-0.0010847,-0.000368766,0.00254664,0.000258339,-0.000692243,0.000198574,0.000161764,-0.000934649,-0.000329547,0.000258339,0.0338438,0.00156283,-0.00125057,0.00151863,-0.000355348,0.001684,-0.000692243,0.00156283,0.0290471,-9.67685e-05,-1.7197e-05,-1.55056e-05,-3.90736e-05,0.000198574,-0.00125057,-9.67685e-05,0.0466717,
0.00280816,0.000529837,-0.00142313,-0.000933841,0.000161772,0.0015186,-1.7218e-05,0.000529837,0.00129195,0.000713326,-0.00108471,-0.000934652,-0.000355337,-1.55163e-05,-0.00142313,0.000713326,0.00381266,-0.000368747,-0.000329577,0.00168399,-3.90963e-05,-0.000933841,-0.00108471,-0.000368747,0.00254667,0.000258285,-0.000692272,0.000198517,0.000161772,-0.000934652,-0.000329577,0.000258285,0.0338435,0.00156279,-0.00125079,0.0015186,-0.000355337,0.00168399,-0.000692272,0.00156279,0.0290472,-9.68156e-05,-1.7218e-05,-1.55163e-05,-3.90963e-05,0.000198517,-0.00125079,-9.68156e-05,0.0466718,
0.00280809,0.000529818,-0.00142314,-0.000933854,0.000161778,0.00151856,-1.72392e-05,0.000529818,0.00129195,0.000713323,-0.00108472,-0.000934654,-0.000355327,-1.5527e-05,-0.00142314,0.000713323,0.00381266,-0.000368729,-0.000329606,0.00168397,-3.91193e-05,-0.000933854,-0.00108472,-0.000368729,0.00254671,0.000258233,-0.000692299,0.000198459,0.000161778,-0.000934654,-0.000329606,0.000258233,0.0338432,0.00156275,-0.001251,0.00151856,-0.000355327,0.00168397,-0.000692299,0.00156275,0.0290474,-9.68631e-05,-1.72392e-05,-1.5527e-05,-3.91193e-05,0.000198459,-0.001251,-9.68631e-05,0.0466719,
0.00280803,0.000529799,-0.00142315,-0.000933867,0.000161783,0.00151853,-1.72606e-05,0.000529799,0.00129194,0.000713321,-0.00108472,-0.000934657,-0.000355318,-1.55378e-05,-0.00142315,0.000713321,0.00381266,-0.000368712,-0.000329635,0.00168395,-3.91424e-05,-0.000933867,-0.00108472,-0.000368712,0.00254674,0.000258184,-0.000692325,0.000198402,0.000161783,-0.000934657,-0.000329635,0.000258184,0.0338429,0.0015627,-0.00125122,0.00151853,-0.000355318,0.00168395,-0.000692325,0.0015627,0.0290475,-9.6911e-05,-1.72606e-05,-1.55378e-05,-3.91424e-05,0.000198402,-0.00125122,-9.6911e-05,0.046672,
0.00280797,0.000529781,-0.00142316,-0.000933879,0.000161787,0.00151851,-1.72823e-05,0.000529781,0.00129194,0.000713318,-0.00108473,-0.00093466,-0.000355308,-1.55487e-05,-0.00142316,0.000713318,0.00381266,-0.000368696,-0.000329663,0.00168394,-3.91657e-05,-0.000933879,-0.00108473,-0.000368696,0.00254677,0.000258136,-0.000692349,0.000198344,0.000161787,-0.00093466,-0.000329663,0.000258136,0.0338427,0.00156266,-0.00125144,0.00151851,-0.000355308,0.00168394,-0.000692349,0.00156266,0.0290476,-9.69592e-05,-1.72823e-05,-1.55487e-05,-3.91657e-05,0.000198344,-0.00125144,-9.69592e-05,0.0466721,
0.00280791,0.000529764,-0.00142317,-0.000933891,0.00016179,0.00151848,-1.73042e-05,0.000529764,0.00129194,0.000713316,-0.00108474,-0.000934663,-0.000355299,-1.55597e-05,-0.00142317,0.000713316,0.00381267,-0.000368681,-0.00032969,0.00168392,-3.91892e-05,-0.000933891,-0.00108474,-0.000368681,0.00254679,0.00025809,-0.000692372,0.000198286,0.00016179,-0.000934663,-0.00032969,0.00025809,0.0338424,0.00156261,-0.00125166,0.00151848,-0.000355299,0.00168392,-0.000692372,0.00156261,0.0290478,-9.70077e-05,-1.73042e-05,-1.55597e-05,-3.91892e-05,0.000198286,-0.00125166,-9.70077e-05,0.0466722,
0.00280785,0.000529748,-0.00142317,-0.000933902,0.000161792,0.00151845,-1.73263e-05,0.000529748,0.00129193,0.000713314,-0.00108474,-0.000934667,-0.00035529,-1.55707e-05,-0.00142317,0.000713314,0.00381267,-0.000368666,-0.000329717,0.00168391,-3.92128e-05,-0.000933902,-0.00108474,-0.000368666,0.00254682,0.000258045,-0.000692394,0.000198228,0.000161792,-0.000934667,-0.000329717,0.000258045,0.0338421,0.00156256,-0.00125188,0.00151845,-0.00035529,0.00168391,-0.000692394,0.00156256,0.0290479,-9.70565e-05,-1.73263e-05,-1.55707e-05,-3.92128e-05,0.000198228,-0.00125188,-9.70565e-05,0.0466723,
0.00280779,0.000529733,-0.00142318,-0.000933912,0.000161794,0.00151843,-1.73485e-05,0.000529733,0.00129193,0.000713312,-0.00108475,-0.00093467,-0.000355281,-1.55819e-05,-0.00142318,0.000713312,0.00381267,-0.000368653,-0.000329743,0.00168389,-3.92365e-05,-0.000933912,-0.00108475,-0.000368653,0.00254685,0.000258002,-0.000692415,0.00019817,0.000161794,-0.00093467,-0.000329743,0.000258002,0.0338419,0.00156252,-0.0012521,0.00151843,-0.000355281,0.00168389,-0.000692415,0.00156252,0.0290481,-9.71056e-05,-1.73485e-05,-1.55819e-05,-3.92365e-05,0.00019817,-0.0012521,-9.71056e-05,0.0466724,
0.0028076,0.000529707,-0.00142289,-0.000933942,0.000161842,0.00152036,-1.74719e-05,0.000529621,0.00129192,0.000713518,-0.00108477,-0.000934642,-0.000353924,-1.56624e-05,-0.00142332,0.0007133,0.00381294,-0.000368657,-0.000329727,0.00168563,-3.93507e-05,-0.000933882,-0.00108475,-0.000368726,0.00254688,0.000257947,-0.000692999,0.000198141,0.000161701,-0.000934682,-0.00032957,0.000257947,0.0338416,0.00156377,-0.0012524,0.00152121,-0.000355044,0.00167787,-0.000692039,0.00156153,0.0290092,-9.51479e-05,-1.73675e-05,-1.55928e-05,-3.92676e-05,0.000198113,-0.00125233,-9.72018e-05,0.0466725,
0.00280755,0.000529693,-0.0014229,-0.000933952,0.000161843,0.00152034,-1.74897e-05,0.000529607,0.00129192,0.000713516,-0.00108477,-0.000934645,-0.000353915,-1.56713e-05,-0.00142332,0.000713298,0.00381294,-0.000368644,-0.000329751,0.00168562,-3.93697e-05,-0.000933892,-0.00108475,-0.000368713,0.0025469,0.000257905,-0.000693019,0.000198094,0.000161702,-0.000934685,-0.000329593,0.000257906,0.0338414,0.00156373,-0.00125257,0.00152118,-0.000355035,0.00167786,-0.000692059,0.00156149,0.0290093,-9.51867e-05,-1.73852e-05,-1.56017e-05,-3.92866e-05,0.000198065,-0.00125251,-9.72412e-05,0.0466726,
0.0028075,0.000529679,-0.0014229,-0.000933961,0.000161845,0.00152032,-1.75043e-05,0.000529594,0.00129192,0.000713514,-0.00108478,-0.000934648,-0.000353907,-1.56788e-05,-0.00142333,0.000713296,0.00381294,-0.000368632,-0.000329772,0.00168561,-3.93854e-05,-0.000933901,-0.00108476,-0.000368701,0.00254692,0.000257866,-0.000693039,0.000198054,0.000161705,-0.000934688,-0.000329615,0.000257867,0.0338412,0.00156369,-0.00125272,0.00152116,-0.000355028,0.00167785,-0.000692078,0.00156146,0.0290094,-9.5219e-05,-1.73998e-05,-1.56091e-05,-3.93023e-05,0.000198025,-0.00125266,-9.72741e-05,0.0466726,
0.0028074,0.000529661,-0.00142279,-0.000933978,0.000161868,0.0015211,-1.75579e-05,0.000529541,0.00129191,0.000713597,-0.00108479,-0.000934637,-0.000353352,-1.57134e-05,-0.00142339,0.00071329,0.00381306,-0.000368628,-0.000329775,0.00168631,-3.94357e-05,-0.000933893,-0.00108476,-0.000368725,0.00254694,0.000257825,-0.000693288,0.000198031,0.00016167,-0.000934693,-0.000329552,0.000257825,0.033841,0.0015642,-0.00125288,0.00152228,-0.000354928,0.00167539,-0.000691936,0.00156105,0.0289936,-9.44313e-05,-1.7411e-05,-1.56154e-05,-3.93188e-05,0.000197991,-0.00125278,-9.73216e-05,0.0466727,
0.00280736,0.000529649,-0.00142279,-0.000933987,0.000161873,0.00152108,-1.75668e-05,0.000529528,0.00129191,0.000713595,-0.00108479,-0.000934638,-0.000353346,-1.5718e-05,-0.0014234,0.000713289,0.00381306,-0.000368617,-0.000329792,0.0016863,-3.94455e-05,-0.000933902,-0.00108477,-0.000368714,0.00254696,0.000257791,-0.000693307,0.000198005,0.000161675,-0.000934694,-0.000329569,0.000257791,0.0338409,0.00156418,-0.00125297,0.00152226,-0.000354922,0.00167538,-0.000691955,0.00156103,0.0289937,-9.44514e-05,-1.74198e-05,-1.562e-05,-3.93286e-05,0.000197965,-0.00125287,-9.73422e-05,0.0466727,
0.00280731,0.000529636,-0.0014228,-0.000933996,0.000161879,0.00152106,-1.75728e-05,0.000529516,0.00129191,0.000713594,-0.0010848,-0.000934638,-0.00035334,-1.57212e-05,-0.0014234,0.000713287,0.00381306,-0.000368606,-0.000329806,0.00168629,-3.94523e-05,-0.000933911,-0.00108477,-0.000368703,0.00254698,0.000257759,-0.000693326,0.000197986,0.000161682,-0.000934694,-0.000329584,0.00025776,0.0338408,0.00156416,-0.00125303,0.00152225,-0.000354916,0.00167538,-0.000691974,0.00156102,0.0289937,-9.44653e-05,-1.74258e-05,-1.56231e-05,-3.93354e-05,0.000197946,-0.00125294,-9.73567e-05,0.0466728,
0.00280727,0.000529624,-0.00142281,-0.000934004,0.000161887,0.00152105,-1.75764e-05,0.000529504,0.00129191,0.000713592,-0.0010848,-0.000934638,-0.000353335,-1.57233e-05,-0.00142341,0.000713285,0.00381306,-0.000368595,-0.000329819,0.00168629,-3.94567e-05,-0.000933919,-0.00108478,-0.000368692,0.002547,0.00025773,-0.000693346,0.000197973,0.000161689,-0.000934694,-0.000329597,0.000257731,0.0338407,0.00156415,-0.00125307,0.00152223,-0.000354912,0.00167537,-0.000691993,0.00156101,0.0289937,-9.44745e-05,-1.74294e-05,-1.56252e-05,-3.93398e-05,0.000197933,-0.00125298,-9.73663e-05,0.0466728,
0.00280723,0.000529613,-0.00142281,-0.000934012,0.000161896,0.00152103,-1.75783e-05,0.000529492,0.0012919,0.000713591,-0.0010848,-0.000934637,-0.000353331,-1.57245e-05,-0.00142342,0.000713284,0.00381306,-0.000368584,-0.00032983,0.00168628,-3.94593e-05,-0.000933927,-0.00108478,-0.000368681,0.00254702,0.000257704,-0.000693365,0.000197964,0.000161698,-0.000934693,-0.000329608,0.000257704,0.0338406,0.00156415,-0.00125309,0.00152222,-0.000354908,0.00167536,-0.000692012,0.001561,0.0289937,-9.44799e-05,-1.74313e-05,-1.56264e-05,-3.93424e-05,0.000197924,-0.001253,-9.73721e-05,0.0466728,
0.00280719,0.000529601,-0.00142282,-0.00093402,0.000161905,0.00152102,-1.75787e-05,0.000529481,0.0012919,0.000713589,-0.00108481,-0.000934635,-0.000353327,-1.5725e-05,-0.00142342,0.000713283,0.00381307,-0.000368574,-0.00032984,0.00168628,-3.94604e-05,-0.000933935,-0.00108478,-0.000368671,0.00254703,0.000257679,-0.000693384,0.000197959,0.000161708,-0.000934691,-0.000329618,0.00025768,0.0338406,0.00156415,-0.0012531,0.0015222,-0.000354904,0.00167536,-0.000692031,0.001561,0.0289937,-9.44823e-05,-1.74317e-05,-1.56269e-05,-3.93434e-05,0.000197919,-0.00125301,-9.73749e-05,0.0466728,
0.00280715,0.00052959,-0.00142282,-0.000934028,0.000161916,0.00152101,-1.7578e-05,0.00052947,0.0012919,0.000713588,-0.00108481,-0.000934633,-0.000353324,-1.5725e-05,-0.00142343,0.000713281,0.00381307,-0.000368564,-0.000329849,0.00168628,-3.94603e-05,-0.000933943,-0.00108479,-0.000368661,0.00254705,0.000257656,-0.000693402,0.000197956,0.000161718,-0.000934689,-0.000329626,0.000257657,0.0338405,0.00156415,-0.0012531,0.00152219,-0.000354901,0.00167535,-0.00069205,0.001561,0.0289937,-9.44825e-05,-1.7431e-05,-1.56269e-05,-3.93434e-05,0.000197916,-0.00125301,-9.73753e-05,0.0466728,
0.00280711,0.000529579,-0.00142283,-0.000934036,0.000161926,0.00152099,-1.75765e-05,0.000529459,0.0012919,0.000713587,-0.00108482,-0.000934631,-0.000353322,-1.57245e-05,-0.00142343,0.00071328,0.00381307,-0.000368554,-0.000329856,0.00168628,-3.94594e-05,-0.00093395,-0.00108479,-0.000368651,0.00254706,0.000257635,-0.000693421,0.000197956,0.000161729,-0.000934687,-0.000329634,0.000257635,0.0338405,0.00156415,-0.00125309,0.00152218,-0.000354899,0.00167535,-0.000692068,0.00156101,0.0289937,-9.44809e-05,-1.74294e-05,-1.56264e-05,-3.93424e-05,0.000197916,-0.001253,-9.73739e-05,0.0466728,
0.00280708,0.000529569,-0.00142283,-0.000934043,0.000161937,0.00152098,-1.75742e-05,0.000529448,0.0012919,0.000713586,-0.00108482,-0.000934629,-0.000353319,-1.57238e-05,-0.00142344,0.000713279,0.00381307,-0.000368544,-0.000329863,0.00168627,-3.94577e-05,-0.000933958,-0.0010848,-0.000368641,0.00254708,0.000257615,-0.000693439,0.000197957,0.00016174,-0.000934685,-0.000329641,0.000257615,0.0338405,0.00156416,-0.00125307,0.00152216,-0.000354897,0.00167535,-0.000692086,0.00156101,0.0289937,-9.44779e-05,-1.74271e-05,-1.56256e-05,-3.93407e-05,0.000197917,-0.00125298,-9.7371e-05,0.0466728,
0.00280704,0.000529558,-0.00142284,-0.000934051,0.000161949,0.00152097,-1.75715e-05,0.000529438,0.0012919,0.000713584,-0.00108482,-0.000934626,-0.000353317,-1.57227e-05,-0.00142344,0.000713278,0.00381307,-0.000368534,-0.00032987,0.00168627,-3.94555e-05,-0.000933965,-0.0010848,-0.000368631,0.00254709,0.000257595,-0.000693457,0.00019796,0.000161751,-0.000934682,-0.000329647,0.000257596,0.0338404,0.00156417,-0.00125305,0.00152215,-0.000354895,0.00167535,-0.000692105,0.00156102,0.0289937,-9.4474e-05,-1.74244e-05,-1.56246e-05,-3.93385e-05,0.000197919,-0.00125296,-9.73671e-05,0.0466728,
0.002807,0.000529548,-0.00142284,-0.000934058,0.00016196,0.00152095,-1.75684e-05,0.000529428,0.0012919,0.000713583,-0.00108483,-0.000934623,-0.000353315,-1.57215e-05,-0.00142345,0.000713277,0.00381308,-0.000368525,-0.000329876,0.00168627,-3.94529e-05,-0.000933973,-0.0010848,-0.000368622,0.00254711,0.000257577,-0.000693475,0.000197963,0.000161763,-0.000934679,-0.000329653,0.000257577,0.0338404,0.00156417,-0.00125303,0.00152214,-0.000354893,0.00167534,-0.000692123,0.00156103,0.0289937,-9.44693e-05,-1.74213e-05,-1.56234e-05,-3.9336e-05,0.000197923,-0.00125294,-9.73624e-05,0.0466728,
0.00280697,0.000529538,-0.00142285,-0.000934065,0.000161972,0.00152094,-1.7565e-05,0.000529418,0.0012919,0.000713582,-0.00108483,-0.000934621,-0.000353314,-1.57202e-05,-0.00142345,0.000713275,0.00381308,-0.000368515,-0.000329881,0.00168627,-3.94501e-05,-0.00093398,-0.00108481,-0.000368613,0.00254712,0.000257559,-0.000693493,0.000197967,0.000161774,-0.000934677,-0.000329659,0.00025756,0.0338404,0.00156418,-0.001253,0.00152213,-0.000354891,0.00167534,-0.00069214,0.00156104,0.0289937,-9.44642e-05,-1.74179e-05,-1.56221e-05,-3.93331e-05,0.000197927,-0.00125291,-9.73571e-05,0.0466728,
0.00280693,0.000529528,-0.00142285,-0.000934072,0.000161984,0.00152093,-1.75615e-05,0.000529408,0.00129189,0.000713581,-0.00108483,-0.000934618,-0.000353312,-1.57187e-05,-0.00142346,0.000713274,0.00381308,-0.000368506,-0.000329887,0.00168627,-3.94471e-05,-0.000933987,-0.00108481,-0.000368603,0.00254713,0.000257542,-0.000693511,0.000197972,0.000161786,-0.000934674,-0.000329664,0.000257542,0.0338404,0.00156419,-0.00125297,0.00152212,-0.00035489,0.00167534,-0.000692158,0.00156105,0.0289937,-9.44587e-05,-1.74144e-05,-1.56206e-05,-3.93301e-05,0.000197931,-0.00125288,-9.73515e-05,0.0466728,
0.0028069,0.000529518,-0.00142286,-0.000934079,0.000161995,0.00152092,-1.75578e-05,0.000529398,0.00129189,0.00071358,-0.00108484,-0.000934615,-0.000353311,-1.57173e-05,-0.00142346,0.000713273,0.00381308,-0.000368497,-0.000329892,0.00168626,-3.9444e-05,-0.000933994,-0.00108481,-0.000368594,0.00254715,0.000257525,-0.000693528,0.000197976,0.000161797,-0.000934671,-0.000329669,0.000257526,0.0338404,0.0015642,-0.00125294,0.0015221,-0.000354888,0.00167534,-0.000692175,0.00156106,0.0289937,-9.4453e-05,-1.74108e-05,-1.56192e-05,-3.9327e-05,0.000197936,-0.00125285,-9.73456e-05,0.0466728,
0.00280687,0.000529509,-0.00142286,-0.000934086,0.000162007,0.00152091,-1.75542e-05,0.000529388,0.00129189,0.000713579,-0.00108484,-0.000934612,-0.000353309,-1.57158e-05,-0.00142346,0.000713273,0.00381308,-0.000368488,-0.000329896,0.00168626,-3.94408e-05,-0.000934001,-0.00108482,-0.000368585,0.00254716,0.000257509,-0.000693546,0.000197981,0.000161809,-0.000934668,-0.000329674,0.00025751,0.0338404,0.00156421,-0.00125292,0.00152209,-0.000354887,0.00167534,-0.000692193,0.00156106,0.0289937,-9.44472e-05,-1.74071e-05,-1.56177e-05,-3.93239e-05,0.000197941,-0.00125282,-9.73397e-05,0.0466728,
0.00280683,0.000529499,-0.00142287,-0.000934093,0.000162018,0.00152089,-1.75505e-05,0.000529379,0.00129189,0.000713578,-0.00108484,-0.000934609,-0.000353308,-1.57143e-05,-0.00142347,0.000713272,0.00381309,-0.000368479,-0.000329901,0.00168626,-3.94377e-05,-0.000934008,-0.00108482,-0.000368576,0.00254717,0.000257493,-0.000693563,0.000197986,0.000161821,-0.000934665,-0.000329679,0.000257494,0.0338404,0.00156422,-0.00125289,0.00152208,-0.000354885,0.00167534,-0.00069221,0.00156107,0.0289936,-9.44415e-05,-1.74035e-05,-1.56162e-05,-3.93207e-05,0.000197946,-0.00125279,-9.73338e-05,0.0466728,
0.0028068,0.00052949,-0.00142287,-0.0009341,0.00016203,0.00152088,-1.75469e-05,0.000529369,0.00129189,0.000713577,-0.00108485,-0.000934606,-0.000353307,-1.57128e-05,-0.00142347,0.000713271,0.00381309,-0.00036847,-0.000329906,0.00168626,-3.94346e-05,-0.000934015,-0.00108482,-0.000368567,0.00254718,0.000257478,-0.00069358,0.000197991,0.000161832,-0.000934662,-0.000329683,0.000257478,0.0338404,0.00156423,-0.00125286,0.00152207,-0.000354884,0.00167533,-0.000692227,0.00156108,0.0289936,-9.44358e-05,-1.73999e-05,-1.56147e-05,-3.93176e-05,0.000197951,-0.00125277,-9.73279e-05,0.0466728,
0.00280677,0.000529481,-0.00142287,-0.000934107,0.000162041,0.00152087,-1.75434e-05,0.00052936,0.00129189,0.000713577,-0.00108485,-0.000934603,-0.000353305,-1.57114e-05,-0.00142348,0.00071327,0.00381309,-0.000368461,-0.00032991,0.00168626,-3.94315e-05,-0.000934022,-0.00108483,-0.000368558,0.0025472,0.000257462,-0.000693597,0.000197996,0.000161843,-0.00093466,-0.000329688,0.000257463,0.0338404,0.00156424,-0.00125283,0.00152206,-0.000354883,0.00167533,-0.000692244,0.00156109,0.0289936,-9.44303e-05,-1.73963e-05,-1.56133e-05,-3.93146e-05,0.000197956,-0.00125274,-9.73222e-05,0.0466728,
0.00280673,0.000529471,-0.00142288,-0.000934114,0.000162052,0.00152086,-1.75399e-05,0.000529351,0.00129189,0.000713576,-0.00108485,-0.000934601,-0.000353304,-1.571e-05,-0.00142348,0.000713269,0.00381309,-0.000368453,-0.000329915,0.00168626,-3.94286e-05,-0.000934028,-0.00108483,-0.00036855,0.00254721,0.000257447,-0.000693614,0.000198001,0.000161855,-0.000934657,-0.000329692,0.000257447,0.0338404,0.00156425,-0.0012528,0.00152204,-0.000354882,0.00167533,-0.000692261,0.0015611,0.0289936,-9.4425e-05,-1.73929e-05,-1.56119e-05,-3.93116e-05,0.000197961,-0.00125271,-9.73167e-05,0.0466727,
0.0028067,0.000529462,-0.00142288,-0.00093412,0.000162063,0.00152085,-1.75366e-05,0.000529342,0.00129189,0.000713575,-0.00108486,-0.000934598,-0.000353303,-1.57086e-05,-0.00142349,0.000713268,0.00381309,-0.000368444,-0.000329919,0.00168625,-3.94257e-05,-0.000934035,-0.00108483,-0.000368541,0.00254722,0.000257432,-0.00069363,0.000198005,0.000161866,-0.000934654,-0.000329697,0.000257432,0.0338404,0.00156425,-0.00125278,0.00152203,-0.00035488,0.00167533,-0.000692278,0.00156111,0.0289936,-9.44198e-05,-1.73896e-05,-1.56106e-05,-3.93088e-05,0.000197965,-0.00125268,-9.73114e-05,0.0466727,
0.00280667,0.000529453,-0.00142289,-0.000934127,0.000162074,0.00152084,-1.75333e-05,0.000529333,0.00129189,0.000713574,-0.00108486,-0.000934595,-0.000353302,-1.57073e-05,-0.00142349,0.000713267,0.0038131,-0.000368435,-0.000329924,0.00168625,-3.9423e-05,-0.000934042,-0.00108484,-0.000368532,0.00254723,0.000257417,-0.000693647,0.000198009,0.000161877,-0.000934651,-0.000329701,0.000257417,0.0338404,0.00156426,-0.00125275,0.00152202,-0.000354879,0.00167533,-0.000692294,0.00156112,0.0289936,-9.44149e-05,-1.73863e-05,-1.56093e-05,-3.93061e-05,0.000197969,-0.00125266,-9.73063e-05,0.0466727,
0.00280664,0.000529444,-0.00142289,-0.000934133,0.000162085,0.00152083,-1.75302e-05,0.000529324,0.00129189,0.000713573,-0.00108486,-0.000934593,-0.0003533,-1.57061e-05,-0.00142349,0.000713267,0.0038131,-0.000368427,-0.000329928,0.00168625,-3.94204e-05,-0.000934048,-0.00108484,-0.000368524,0.00254724,0.000257402,-0.000693664,0.000198013,0.000161887,-0.000934649,-0.000329706,0.000257402,0.0338404,0.00156427,-0.00125273,0.00152201,-0.000354878,0.00167533,-0.000692311,0.00156113,0.0289936,-9.44102e-05,-1.73832e-05,-1.5608e-05,-3.93035e-05,0.000197973,-0.00125264,-9.73014e-05,0.0466727,
0.00280661,0.000529435,-0.00142289,-0.00093414,0.000162096,0.00152081,-1.75272e-05,0.000529315,0.00129189,0.000713573,-0.00108487,-0.00093459,-0.000353299,-1.57049e-05,-0.0014235,0.000713266,0.0038131,-0.000368418,-0.000329933,0.00168625,-3.94179e-05,-0.000934055,-0.00108484,-0.000368515,0.00254726,0.000257387,-0.00069368,0.000198017,0.000161898,-0.000934646,-0.000329711,0.000257387,0.0338404,0.00156428,-0.00125271,0.001522,-0.000354876,0.00167533,-0.000692327,0.00156114,0.0289936,-9.44058e-05,-1.73803e-05,-1.56069e-05,-3.9301e-05,0.000197977,-0.00125261,-9.72968e-05,0.0466727,
0.00280657,0.000529426,-0.0014229,-0.000934147,0.000162107,0.0015208,-1.75243e-05,0.000529306,0.00129188,0.000713572,-0.00108487,-0.000934588,-0.000353298,-1.57038e-05,-0.0014235,0.000713265,0.0038131,-0.00036841,-0.000329938,0.00168625,-3.94155e-05,-0.000934061,-0.00108484,-0.000368507,0.00254727,0.000257372,-0.000693696,0.00019802,0.000161909,-0.000934644,-0.000329715,0.000257373,0.0338404,0.00156429,-0.00125268,0.00152199,-0.000354875,0.00167532,-0.000692344,0.00156114,0.0289936,-9.44016e-05,-1.73774e-05,-1.56057e-05,-3.92986e-05,0.00019798,-0.00125259,-9.72925e-05,0.0466727,
