0.00418338,-0.000546809,-0.000778631,9.78496e-05,-0.00194043,0.000240228,7.69455e-05,-0.000546809,0.00116124,-0.000630495,-0.000976695,-0.000325254,0.000248003,-9.49734e-05,-0.000778631,-0.000630495,0.00375894,0.000606625,-0.00178252,0.000161778,6.23137e-05,9.78496e-05,-0.000976695,0.000606625,0.00279723,-0.00104506,-0.000709924,2.85049e-05,-0.00194043,-0.000325254,-0.00178252,-0.00104506,0.0276906,-0.000276064,0.0007806,0.000240228,0.000248003,0.000161778,-0.000709924,-0.000276064,0.02452,6.32207e-05,7.69455e-05,-9.49734e-05,6.23137e-05,2.85049e-05,0.0007806,6.32207e-05,0.0466393,
0.00418319,-0.000546875,-0.000778886,9.80857e-05,-0.00194016,0.000239978,7.69521e-05,-0.000546875,0.0011613,-0.000630493,-0.000976732,-0.000325293,0.000248157,-9.50164e-05,-0.000778886,-0.000630493,0.00375888,0.000606624,-0.00178233,0.000161319,6.23098e-05,9.80857e-05,-0.000976732,0.000606624,0.0027973,-0.00104507,-0.000709322,2.84985e-05,-0.00194016,-0.000325293,-0.00178233,-0.00104507,0.0276915,-0.000276279,0.00078116,0.000239978,0.000248157,0.000161319,-0.000709322,-0.000276279,0.0245196,6.31925e-05,7.69521e-05,-9.50164e-05,6.23098e-05,2.84985e-05,0.00078116,6.31925e-05,0.0466393,
0.00418301,-0.00054692,-0.000779117,9.83097e-05,-0.00193995,0.000239825,7.69481e-05,-0.00054692,0.00116135,-0.000630479,-0.000976774,-0.000325306,0.000248248,-9.50399e-05,-0.000779117,-0.000630479,0.00375885,0.000606609,-0.00178218,0.000161063,6.23021e-05,9.83097e-05,-0.000976774,0.000606609,0.00279735,-0.00104512,-0.000709001,2.84979e-05,-0.00193995,-0.000325306,-0.00178218,-0.00104512,0.0276919,-0.00027639,0.000781423,0.000239825,0.000248248,0.000161063,-0.000709001,-0.00027639,0.0245194,6.31854e-05,7.69481e-05,-9.50399e-05,6.23021e-05,2.84979e-05,0.000781423,6.31854e-05,0.0466393,
0.00418285,-0.000546952,-0.000779324,9.85174e-05,-0.00193978,0.000239722,7.69385e-05,-0.000546952,0.00116138,-0.000630459,-0.000976815,-0.00032531,0.000248306,-9.5053e-05,-0.000779324,-0.000630459,0.00375884,0.00060659,-0.00178206,0.000160914,6.22922e-05,9.85174e-05,-0.000976815,0.00060659,0.00279739,-0.00104518,-0.000708831,2.85003e-05,-0.00193978,-0.00032531,-0.00178206,-0.00104518,0.0276921,-0.000276443,0.000781523,0.000239722,0.000248306,0.000160914,-0.000708831,-0.000276443,0.0245193,6.31905e-05,7.69385e-05,-9.5053e-05,6.22922e-05,2.85003e-05,0.000781523,6.31905e-05,0.0466393,
0.00418271,-0.000546976,-0.000779509,9.87071e-05,-0.00193964,0.000239648,7.69262e-05,-0.000546976,0.0011614,-0.000630437,-0.000976856,-0.00032531,0.000248343,-9.50604e-05,-0.000779509,-0.000630437,0.00375884,0.000606568,-0.00178198,0.000160822,6.2281e-05,9.87071e-05,-0.000976856,0.000606568,0.00279742,-0.00104524,-0.000708742,2.85042e-05,-0.00193964,-0.00032531,-0.00178198,-0.00104524,0.0276922,-0.000276465,0.000781531,0.000239648,0.000248343,0.000160822,-0.000708742,-0.000276465,0.0245193,6.3203e-05,7.69262e-05,-9.50604e-05,6.2281e-05,2.85042e-05,0.000781531,6.3203e-05,0.0466393,
0.00418258,-0.000546994,-0.000779675,9.88792e-05,-0.00193952,0.00023959,7.69126e-05,-0.000546994,0.00116142,-0.000630415,-0.000976894,-0.000325309,0.00024837,-9.50649e-05,-0.000779675,-0.000630415,0.00375884,0.000606546,-0.00178191,0.000160762,6.22691e-05,9.88792e-05,-0.000976894,0.000606546,0.00279745,-0.00104529,-0.000708696,2.85088e-05,-0.00193952,-0.000325309,-0.00178191,-0.00104529,0.0276923,-0.00027647,0.000781487,0.00023959,0.00024837,0.000160762,-0.000708696,-0.00027647,0.0245193,6.32203e-05,7.69126e-05,-9.50649e-05,6.22691e-05,2.85088e-05,0.000781487,6.32203e-05,0.0466393,
0.00418246,-0.000547009,-0.000779824,9.90346e-05,-0.00193941,0.000239542,7.68983e-05,-0.000547009,0.00116144,-0.000630394,-0.000976929,-0.000325308,0.000248389,-9.50678e-05,-0.000779824,-0.000630394,0.00375884,0.000606525,-0.00178185,0.000160719,6.22566e-05,9.90346e-05,-0.000976929,0.000606525,0.00279748,-0.00104533,-0.000708674,2.85137e-05,-0.00193941,-0.000325308,-0.00178185,-0.00104533,0.0276924,-0.000276467,0.000781412,0.000239542,0.000248389,0.000160719,-0.000708674,-0.000276467,0.0245194,6.32409e-05,7.68983e-05,-9.50678e-05,6.22566e-05,2.85137e-05,0.000781412,6.32409e-05,0.0466392,
0.00418236,-0.000547021,-0.000779957,9.91747e-05,-0.00193932,0.000239501,7.68838e-05,-0.000547021,0.00116145,-0.000630374,-0.000976962,-0.000325308,0.000248405,-9.507e-05,-0.000779957,-0.000630374,0.00375885,0.000606506,-0.0017818,0.000160686,6.22439e-05,9.91747e-05,-0.000976962,0.000606506,0.0027975,-0.00104536,-0.000708664,2.85186e-05,-0.00193932,-0.000325308,-0.0017818,-0.00104536,0.0276924,-0.000276461,0.000781317,0.000239501,0.000248405,0.000160686,-0.000708664,-0.000276461,0.0245194,6.3264e-05,7.68838e-05,-9.507e-05,6.22439e-05,2.85186e-05,0.000781317,6.3264e-05,0.0466392,
0.00418227,-0.000547031,-0.000780077,9.9301e-05,-0.00193924,0.000239465,7.68693e-05,-0.000547031,0.00116146,-0.000630355,-0.000976992,-0.000325307,0.000248418,-9.50717e-05,-0.000780077,-0.000630355,0.00375885,0.000606488,-0.00178176,0.000160659,6.22309e-05,9.9301e-05,-0.000976992,0.000606488,0.00279752,-0.0010454,-0.00070866,2.85234e-05,-0.00193924,-0.000325307,-0.00178176,-0.0010454,0.0276925,-0.000276453,0.000781208,0.000239465,0.000248418,0.000160659,-0.00070866,-0.000276453,0.0245195,6.3289e-05,7.68693e-05,-9.50717e-05,6.22309e-05,2.85234e-05,0.000781208,6.3289e-05,0.0466391,
0.00418219,-0.00054704,-0.000780184,9.94148e-05,-0.00193916,0.000239432,7.68548e-05,-0.00054704,0.00116147,-0.000630338,-0.000977019,-0.000325308,0.000248429,-9.50732e-05,-0.000780184,-0.000630338,0.00375886,0.000606472,-0.00178172,0.000160636,6.22178e-05,9.94148e-05,-0.000977019,0.000606472,0.00279754,-0.00104542,-0.000708658,2.85281e-05,-0.00193916,-0.000325308,-0.00178172,-0.00104542,0.0276925,-0.000276446,0.00078109,0.000239432,0.000248429,0.000160636,-0.000708658,-0.000276446,0.0245195,6.33156e-05,7.68548e-05,-9.50732e-05,6.22178e-05,2.85281e-05,0.00078109,6.33156e-05,0.0466391,
0.00418211,-0.000547048,-0.000780281,9.95174e-05,-0.00193909,0.000239403,7.68404e-05,-0.000547048,0.00116148,-0.000630323,-0.000977043,-0.000325309,0.000248439,-9.50748e-05,-0.000780281,-0.000630323,0.00375886,0.000606457,-0.00178168,0.000160616,6.22046e-05,9.95174e-05,-0.000977043,0.000606457,0.00279756,-0.00104545,-0.000708657,2.85326e-05,-0.00193909,-0.000325309,-0.00178168,-0.00104545,0.0276926,-0.00027644,0.000780964,0.000239403,0.000248439,0.000160616,-0.000708657,-0.00027644,0.0245196,6.33436e-05,7.68404e-05,-9.50748e-05,6.22046e-05,2.85326e-05,0.000780964,6.33436e-05,0.046639,
0.00418205,-0.000547055,-0.000780368,9.96099e-05,-0.00193903,0.000239377,7.68261e-05,-0.000547055,0.00116149,-0.000630308,-0.000977065,-0.00032531,0.000248448,-9.50763e-05,-0.000780368,-0.000630308,0.00375886,0.000606444,-0.00178165,0.000160597,6.21914e-05,9.96099e-05,-0.000977065,0.000606444,0.00279758,-0.00104547,-0.000708656,2.8537e-05,-0.00193903,-0.00032531,-0.00178165,-0.00104547,0.0276926,-0.000276435,0.000780832,0.000239377,0.000248448,0.000160597,-0.000708656,-0.000276435,0.0245196,6.33729e-05,7.68261e-05,-9.50763e-05,6.21914e-05,2.8537e-05,0.000780832,6.33729e-05,0.046639,
0.00418198,-0.000547061,-0.000780446,9.96934e-05,-0.00193898,0.000239352,7.68119e-05,-0.000547061,0.0011615,-0.000630296,-0.000977085,-0.000325312,0.000248456,-9.50778e-05,-0.000780446,-0.000630296,0.00375887,0.000606431,-0.00178162,0.00016058,6.2178e-05,9.96934e-05,-0.000977085,0.000606431,0.00279759,-0.00104549,-0.000708655,2.85412e-05,-0.00193898,-0.000325312,-0.00178162,-0.00104549,0.0276927,-0.000276432,0.000780695,0.000239352,0.000248456,0.00016058,-0.000708655,-0.000276432,0.0245197,6.34034e-05,7.68119e-05,-9.50778e-05,6.2178e-05,2.85412e-05,0.000780695,6.34034e-05,0.0466389,
0.00418193,-0.000547067,-0.000780517,9.97688e-05,-0.00193892,0.00023933,7.67977e-05,-0.000547067,0.0011615,-0.000630284,-0.000977103,-0.000325313,0.000248464,-9.50795e-05,-0.000780517,-0.000630284,0.00375887,0.00060642,-0.00178159,0.000160564,6.21645e-05,9.97688e-05,-0.000977103,0.00060642,0.0027976,-0.00104551,-0.000708654,2.85452e-05,-0.00193892,-0.000325313,-0.00178159,-0.00104551,0.0276927,-0.000276429,0.000780553,0.00023933,0.000248464,0.000160564,-0.000708654,-0.000276429,0.0245198,6.34348e-05,7.67977e-05,-9.50795e-05,6.21645e-05,2.85452e-05,0.000780553,6.34348e-05,0.0466389,
0.00418188,-0.000547072,-0.000780581,9.98369e-05,-0.00193887,0.000239309,7.67837e-05,-0.000547072,0.00116151,-0.000630274,-0.00097712,-0.000325315,0.00024847,-9.50812e-05,-0.000780581,-0.000630274,0.00375887,0.00060641,-0.00178157,0.000160549,6.2151e-05,9.98369e-05,-0.00097712,0.00060641,0.00279762,-0.00104552,-0.000708651,2.85491e-05,-0.00193887,-0.000325315,-0.00178157,-0.00104552,0.0276928,-0.000276429,0.000780407,0.000239309,0.00024847,0.000160549,-0.000708651,-0.000276429,0.0245199,6.34673e-05,7.67837e-05,-9.50812e-05,6.2151e-05,2.85491e-05,0.000780407,6.34673e-05,0.0466388,
0.00418184,-0.000547076,-0.000780639,9.98985e-05,-0.00193883,0.00023929,7.67696e-05,-0.000547076,0.00116152,-0.000630264,-0.000977134,-0.000325318,0.000248476,-9.50829e-05,-0.000780639,-0.000630264,0.00375888,0.000606401,-0.00178154,0.000160535,6.21374e-05,9.98985e-05,-0.000977134,0.000606401,0.00279763,-0.00104553,-0.000708648,2.85529e-05,-0.00193883,-0.000325318,-0.00178154,-0.00104553,0.0276929,-0.000276429,0.000780258,0.00023929,0.000248476,0.000160535,-0.000708648,-0.000276429,0.0245199,6.35006e-05,7.67696e-05,-9.50829e-05,6.21374e-05,2.85529e-05,0.000780258,6.35006e-05,0.0466388,
0.0041818,-0.000547081,-0.000780691,9.99543e-05,-0.00193879,0.000239272,7.67556e-05,-0.000547081,0.00116152,-0.000630256,-0.000977148,-0.00032532,0.000248482,-9.50847e-05,-0.000780691,-0.000630256,0.00375888,0.000606393,-0.00178152,0.000160522,6.21237e-05,9.99543e-05,-0.000977148,0.000606393,0.00279764,-0.00104555,-0.000708644,2.85566e-05,-0.00193879,-0.00032532,-0.00178152,-0.00104555,0.027693,-0.000276431,0.000780105,0.000239272,0.000248482,0.000160522,-0.000708644,-0.000276431,0.02452,6.35347e-05,7.67556e-05,-9.50847e-05,6.21237e-05,2.85566e-05,0.000780105,6.35347e-05,0.0466387,
0.00418176,-0.000547084,-0.000780738,0.000100005,-0.00193875,0.000239256,7.67416e-05,-0.000547084,0.00116152,-0.000630248,-0.00097716,-0.000325323,0.000248487,-9.50866e-05,-0.000780738,-0.000630248,0.00375888,0.000606385,-0.0017815,0.000160509,6.211e-05,0.000100005,-0.00097716,0.000606385,0.00279765,-0.00104556,-0.00070864,2.85602e-05,-0.00193875,-0.000325323,-0.0017815,-0.00104556,0.0276931,-0.000276433,0.000779949,0.000239256,0.000248487,0.000160509,-0.00070864,-0.000276433,0.0245201,6.35696e-05,7.67416e-05,-9.50866e-05,6.211e-05,2.85602e-05,0.000779949,6.35696e-05,0.0466387,
0.00418173,-0.000547088,-0.00078078,0.000100051,-0.00193871,0.00023924,7.67277e-05,-0.000547088,0.00116153,-0.000630241,-0.000977171,-0.000325325,0.000248492,-9.50885e-05,-0.00078078,-0.000630241,0.00375889,0.000606378,-0.00178147,0.000160497,6.20962e-05,0.000100051,-0.000977171,0.000606378,0.00279765,-0.00104557,-0.000708635,2.85637e-05,-0.00193871,-0.000325325,-0.00178147,-0.00104557,0.0276932,-0.000276437,0.00077979,0.00023924,0.000248492,0.000160497,-0.000708635,-0.000276437,0.0245201,6.36051e-05,7.67277e-05,-9.50885e-05,6.20962e-05,2.85637e-05,0.00077979,6.36051e-05,0.0466386,
0.0041817,-0.000547091,-0.000780819,0.000100092,-0.00193868,0.000239226,7.67137e-05,-0.000547091,0.00116153,-0.000630235,-0.000977181,-0.000325328,0.000248497,-9.50905e-05,-0.000780819,-0.000630235,0.00375889,0.000606372,-0.00178145,0.000160485,6.20823e-05,0.000100092,-0.000977181,0.000606372,0.00279766,-0.00104557,-0.000708629,2.85672e-05,-0.00193868,-0.000325328,-0.00178145,-0.00104557,0.0276933,-0.000276441,0.000779628,0.000239226,0.000248497,0.000160485,-0.000708629,-0.000276441,0.0245202,6.36414e-05,7.67137e-05,-9.50905e-05,6.20823e-05,2.85672e-05,0.000779628,6.36414e-05,0.0466385,
0.00418167,-0.000547094,-0.000780854,0.00010013,-0.00193865,0.000239213,7.66998e-05,-0.000547094,0.00116154,-0.00063023,-0.00097719,-0.000325331,0.000248501,-9.50925e-05,-0.000780854,-0.00063023,0.00375889,0.000606366,-0.00178144,0.000160474,6.20683e-05,0.00010013,-0.00097719,0.000606366,0.00279767,-0.00104558,-0.000708623,2.85706e-05,-0.00193865,-0.000325331,-0.00178144,-0.00104558,0.0276934,-0.000276446,0.000779464,0.000239213,0.000248501,0.000160474,-0.000708623,-0.000276446,0.0245203,6.36782e-05,7.66998e-05,-9.50925e-05,6.20683e-05,2.85706e-05,0.000779464,6.36782e-05,0.0466385,
0.00418165,-0.000547097,-0.000780886,0.000100165,-0.00193862,0.0002392,7.66859e-05,-0.000547097,0.00116154,-0.000630225,-0.000977198,-0.000325334,0.000248505,-9.50946e-05,-0.000780886,-0.000630225,0.00375889,0.000606361,-0.00178142,0.000160463,6.20542e-05,0.000100165,-0.000977198,0.000606361,0.00279768,-0.00104559,-0.000708616,2.85739e-05,-0.00193862,-0.000325334,-0.00178142,-0.00104559,0.0276935,-0.000276452,0.000779297,0.0002392,0.000248505,0.000160463,-0.000708616,-0.000276452,0.0245204,6.37155e-05,7.66859e-05,-9.50946e-05,6.20542e-05,2.85739e-05,0.000779297,6.37155e-05,0.0466384,
0.00418162,-0.000547099,-0.000780915,0.000100196,-0.00193859,0.000239188,7.66719e-05,-0.000547099,0.00116154,-0.00063022,-0.000977206,-0.000325337,0.000248509,-9.50967e-05,-0.000780915,-0.00063022,0.0037589,0.000606356,-0.0017814,0.000160453,6.20401e-05,0.000100196,-0.000977206,0.000606356,0.00279768,-0.00104559,-0.000708609,2.85772e-05,-0.00193859,-0.000325337,-0.0017814,-0.00104559,0.0276936,-0.000276459,0.000779129,0.000239188,0.000248509,0.000160453,-0.000708609,-0.000276459,0.0245205,6.37534e-05,7.66719e-05,-9.50967e-05,6.20401e-05,2.85772e-05,0.000779129,6.37534e-05,0.0466383,
0.0041816,-0.000547102,-0.000780941,0.000100225,-0.00193856,0.000239177,7.66579e-05,-0.000547102,0.00116154,-0.000630216,-0.000977212,-0.00032534,0.000248513,-9.50988e-05,-0.000780941,-0.000630216,0.0037589,0.000606351,-0.00178138,0.000160443,6.2026e-05,0.000100225,-0.000977212,0.000606351,0.00279769,-0.0010456,-0.000708602,2.85804e-05,-0.00193856,-0.00032534,-0.00178138,-0.0010456,0.0276937,-0.000276466,0.000778958,0.000239177,0.000248513,0.000160443,-0.000708602,-0.000276466,0.0245205,6.37917e-05,7.66579e-05,-9.50988e-05,6.2026e-05,2.85804e-05,0.000778958,6.37917e-05,0.0466383,
0.00418159,-0.000547104,-0.000780965,0.000100251,-0.00193854,0.000239166,7.6644e-05,-0.000547104,0.00116155,-0.000630212,-0.000977219,-0.000325344,0.000248516,-9.5101e-05,-0.000780965,-0.000630212,0.0037589,0.000606347,-0.00178136,0.000160433,6.20117e-05,0.000100251,-0.000977219,0.000606347,0.00279769,-0.00104561,-0.000708594,2.85836e-05,-0.00193854,-0.000325344,-0.00178136,-0.00104561,0.0276938,-0.000276474,0.000778785,0.000239166,0.000248516,0.000160433,-0.000708594,-0.000276474,0.0245206,6.38305e-05,7.6644e-05,-9.5101e-05,6.20117e-05,2.85836e-05,0.000778785,6.38305e-05,0.0466382,
0.00418157,-0.000547106,-0.000780987,0.000100275,-0.00193851,0.000239155,7.663e-05,-0.000547106,0.00116155,-0.000630208,-0.000977224,-0.000325347,0.000248519,-9.51032e-05,-0.000780987,-0.000630208,0.0037589,0.000606344,-0.00178135,0.000160423,6.19974e-05,0.000100275,-0.000977224,0.000606344,0.0027977,-0.00104561,-0.000708586,2.85867e-05,-0.00193851,-0.000325347,-0.00178135,-0.00104561,0.0276939,-0.000276482,0.000778611,0.000239155,0.000248519,0.000160423,-0.000708586,-0.000276482,0.0245207,6.38697e-05,7.663e-05,-9.51032e-05,6.19974e-05,2.85867e-05,0.000778611,6.38697e-05,0.0466381,
0.00418155,-0.000547108,-0.000781007,0.000100297,-0.00193849,0.000239146,7.6616e-05,-0.000547108,0.00116155,-0.000630205,-0.00097723,-0.000325351,0.000248523,-9.51054e-05,-0.000781007,-0.000630205,0.0037589,0.00060634,-0.00178133,0.000160414,6.1983e-05,0.000100297,-0.00097723,0.00060634,0.0027977,-0.00104561,-0.000708577,2.85898e-05,-0.00193849,-0.000325351,-0.00178133,-0.00104561,0.027694,-0.00027649,0.000778435,0.000239146,0.000248523,0.000160414,-0.000708577,-0.00027649,0.0245208,6.39093e-05,7.6616e-05,-9.51054e-05,6.1983e-05,2.85898e-05,0.000778435,6.39093e-05,0.0466381,
0.00418154,-0.000547109,-0.000781026,0.000100317,-0.00193847,0.000239136,7.66019e-05,-0.000547109,0.00116155,-0.000630202,-0.000977235,-0.000325354,0.000248526,-9.51077e-05,-0.000781026,-0.000630202,0.00375891,0.000606337,-0.00178132,0.000160405,6.19686e-05,0.000100317,-0.000977235,0.000606337,0.00279771,-0.00104562,-0.000708569,2.85929e-05,-0.00193847,-0.000325354,-0.00178132,-0.00104562,0.0276942,-0.000276499,0.000778258,0.000239136,0.000248526,0.000160405,-0.000708569,-0.000276499,0.0245209,6.39492e-05,7.66019e-05,-9.51077e-05,6.19686e-05,2.85929e-05,0.000778258,6.39492e-05,0.046638,
0.00418153,-0.000547111,-0.000781043,0.000100336,-0.00193844,0.000239127,7.65879e-05,-0.000547111,0.00116155,-0.0006302,-0.000977239,-0.000325358,0.000248528,-9.511e-05,-0.000781043,-0.0006302,0.00375891,0.000606334,-0.0017813,0.000160396,6.19541e-05,0.000100336,-0.000977239,0.000606334,0.00279771,-0.00104562,-0.00070856,2.8596e-05,-0.00193844,-0.000325358,-0.0017813,-0.00104562,0.0276943,-0.000276508,0.000778079,0.000239127,0.000248528,0.000160396,-0.00070856,-0.000276508,0.024521,6.39894e-05,7.65879e-05,-9.511e-05,6.19541e-05,2.8596e-05,0.000778079,6.39894e-05,0.0466379,
0.00418152,-0.000547113,-0.000781058,0.000100354,-0.00193842,0.000239118,7.65738e-05,-0.000547113,0.00116155,-0.000630198,-0.000977243,-0.000325361,0.000248531,-9.51123e-05,-0.000781058,-0.000630198,0.00375891,0.000606331,-0.00178129,0.000160387,6.19396e-05,0.000100354,-0.000977243,0.000606331,0.00279771,-0.00104562,-0.000708551,2.85991e-05,-0.00193842,-0.000325361,-0.00178129,-0.00104562,0.0276944,-0.000276518,0.000777899,0.000239118,0.000248531,0.000160387,-0.000708551,-0.000276518,0.024521,6.403e-05,7.65738e-05,-9.51123e-05,6.19396e-05,2.85991e-05,0.000777899,6.403e-05,0.0466379,
0.0041815,-0.000547114,-0.000781073,0.00010037,-0.0019384,0.00023911,7.65597e-05,-0.000547114,0.00116156,-0.000630195,-0.000977247,-0.000325365,0.000248534,-9.51146e-05,-0.000781073,-0.000630195,0.00375891,0.000606328,-0.00178127,0.000160378,6.1925e-05,0.00010037,-0.000977247,0.000606328,0.00279772,-0.00104562,-0.000708541,2.86021e-05,-0.0019384,-0.000325365,-0.00178127,-0.00104562,0.0276945,-0.000276528,0.000777718,0.00023911,0.000248534,0.000160378,-0.000708541,-0.000276528,0.0245211,6.40708e-05,7.65597e-05,-9.51146e-05,6.1925e-05,2.86021e-05,0.000777718,6.40708e-05,0.0466378,
0.00418149,-0.000547116,-0.000781086,0.000100385,-0.00193838,0.000239102,7.65456e-05,-0.000547116,0.00116156,-0.000630193,-0.00097725,-0.000325369,0.000248536,-9.5117e-05,-0.000781086,-0.000630193,0.00375891,0.000606326,-0.00178126,0.000160369,6.19104e-05,0.000100385,-0.00097725,0.000606326,0.00279772,-0.00104563,-0.000708532,2.86051e-05,-0.00193838,-0.000325369,-0.00178126,-0.00104563,0.0276946,-0.000276538,0.000777536,0.000239102,0.000248536,0.000160369,-0.000708532,-0.000276538,0.0245212,6.41118e-05,7.65456e-05,-9.5117e-05,6.19104e-05,2.86051e-05,0.000777536,6.41118e-05,0.0466377,
0.00418148,-0.000547117,-0.000781098,0.000100398,-0.00193836,0.000239094,7.65314e-05,-0.000547117,0.00116156,-0.000630191,-0.000977254,-0.000325372,0.000248539,-9.51193e-05,-0.000781098,-0.000630191,0.00375891,0.000606323,-0.00178124,0.000160361,6.18957e-05,0.000100398,-0.000977254,0.000606323,0.00279772,-0.00104563,-0.000708522,2.86082e-05,-0.00193836,-0.000325372,-0.00178124,-0.00104563,0.0276948,-0.000276548,0.000777353,0.000239094,0.000248539,0.000160361,-0.000708522,-0.000276548,0.0245213,6.41532e-05,7.65314e-05,-9.51193e-05,6.18957e-05,2.86082e-05,0.000777353,6.41532e-05,0.0466377,
0.00418148,-0.000547118,-0.00078111,0.000100411,-0.00193834,0.000239086,7.65173e-05,-0.000547118,0.00116156,-0.00063019,-0.000977257,-0.000325376,0.000248541,-9.51217e-05,-0.00078111,-0.00063019,0.00375892,0.000606321,-0.00178123,0.000160352,6.1881e-05,0.000100411,-0.000977257,0.000606321,0.00279773,-0.00104563,-0.000708513,2.86112e-05,-0.00193834,-0.000325376,-0.00178123,-0.00104563,0.0276949,-0.000276559,0.000777169,0.000239086,0.000248541,0.000160352,-0.000708513,-0.000276559,0.0245214,6.41947e-05,7.65173e-05,-9.51217e-05,6.1881e-05,2.86112e-05,0.000777169,6.41947e-05,0.0466376,
0.00418147,-0.000547119,-0.00078112,0.000100424,-0.00193833,0.000239079,7.65031e-05,-0.000547119,0.00116156,-0.000630188,-0.00097726,-0.00032538,0.000248544,-9.51241e-05,-0.00078112,-0.000630188,0.00375892,0.000606319,-0.00178122,0.000160344,6.18663e-05,0.000100424,-0.00097726,0.000606319,0.00279773,-0.00104563,-0.000708503,2.86142e-05,-0.00193833,-0.00032538,-0.00178122,-0.00104563,0.027695,-0.00027657,0.000776984,0.000239079,0.000248544,0.000160344,-0.000708503,-0.00027657,0.0245215,6.42364e-05,7.65031e-05,-9.51241e-05,6.18663e-05,2.86142e-05,0.000776984,6.42364e-05,0.0466375,
0.00418146,-0.000547121,-0.00078113,0.000100435,-0.00193831,0.000239071,7.64889e-05,-0.000547121,0.00116156,-0.000630187,-0.000977262,-0.000325384,0.000248546,-9.51265e-05,-0.00078113,-0.000630187,0.00375892,0.000606317,-0.0017812,0.000160336,6.18515e-05,0.000100435,-0.000977262,0.000606317,0.00279773,-0.00104563,-0.000708493,2.86171e-05,-0.00193831,-0.000325384,-0.0017812,-0.00104563,0.0276951,-0.00027658,0.000776798,0.000239071,0.000248546,0.000160336,-0.000708493,-0.00027658,0.0245216,6.42783e-05,7.64889e-05,-9.51265e-05,6.18515e-05,2.86171e-05,0.000776798,6.42783e-05,0.0466374,
0.00418145,-0.000547122,-0.00078114,0.000100446,-0.00193829,0.000239064,7.64746e-05,-0.000547122,0.00116156,-0.000630185,-0.000977265,-0.000325388,0.000248548,-9.51289e-05,-0.00078114,-0.000630185,0.00375892,0.000606315,-0.00178119,0.000160328,6.18367e-05,0.000100446,-0.000977265,0.000606315,0.00279773,-0.00104563,-0.000708483,2.86201e-05,-0.00193829,-0.000325388,-0.00178119,-0.00104563,0.0276953,-0.000276592,0.000776612,0.000239064,0.000248548,0.000160328,-0.000708483,-0.000276592,0.0245216,6.43204e-05,7.64746e-05,-9.51289e-05,6.18367e-05,2.86201e-05,0.000776612,6.43204e-05,0.0466374,
0.00418145,-0.000547123,-0.000781148,0.000100456,-0.00193827,0.000239057,7.64604e-05,-0.000547123,0.00116156,-0.000630184,-0.000977267,-0.000325392,0.00024855,-9.51314e-05,-0.000781148,-0.000630184,0.00375892,0.000606313,-0.00178117,0.00016032,6.18218e-05,0.000100456,-0.000977267,0.000606313,0.00279774,-0.00104563,-0.000708472,2.86231e-05,-0.00193827,-0.000325392,-0.00178117,-0.00104563,0.0276954,-0.000276603,0.000776425,0.000239057,0.00024855,0.00016032,-0.000708472,-0.000276603,0.0245217,6.43627e-05,7.64604e-05,-9.51314e-05,6.18218e-05,2.86231e-05,0.000776425,6.43627e-05,0.0466373,
0.00418144,-0.000547124,-0.000781157,0.000100466,-0.00193826,0.00023905,7.64461e-05,-0.000547124,0.00116156,-0.000630183,-0.000977269,-0.000325395,0.000248553,-9.51338e-05,-0.000781157,-0.000630183,0.00375892,0.000606311,-0.00178116,0.000160311,6.18069e-05,0.000100466,-0.000977269,0.000606311,0.00279774,-0.00104564,-0.000708462,2.86261e-05,-0.00193826,-0.000325395,-0.00178116,-0.00104564,0.0276955,-0.000276614,0.000776237,0.00023905,0.000248553,0.000160311,-0.000708462,-0.000276614,0.0245218,6.44051e-05,7.64461e-05,-9.51338e-05,6.18069e-05,2.86261e-05,0.000776237,6.44051e-05,0.0466372,
0.00418144,-0.000547125,-0.000781164,0.000100475,-0.00193824,0.000239043,7.64318e-05,-0.000547125,0.00116156,-0.000630182,-0.000977272,-0.000325399,0.000248555,-9.51363e-05,-0.000781164,-0.000630182,0.00375893,0.00060631,-0.00178115,0.000160303,6.1792e-05,0.000100475,-0.000977272,0.00060631,0.00279774,-0.00104564,-0.000708452,2.8629e-05,-0.00193824,-0.000325399,-0.00178115,-0.00104564,0.0276956,-0.000276626,0.000776048,0.000239043,0.000248555,0.000160303,-0.000708452,-0.000276626,0.0245219,6.44477e-05,7.64318e-05,-9.51363e-05,6.1792e-05,2.8629e-05,0.000776048,6.44477e-05,0.0466372,
0.00418143,-0.000547126,-0.000781172,0.000100484,-0.00193822,0.000239036,7.64175e-05,-0.000547126,0.00116156,-0.000630181,-0.000977274,-0.000325403,0.000248557,-9.51387e-05,-0.000781172,-0.000630181,0.00375893,0.000606308,-0.00178113,0.000160295,6.1777e-05,0.000100484,-0.000977274,0.000606308,0.00279774,-0.00104564,-0.000708441,2.8632e-05,-0.00193822,-0.000325403,-0.00178113,-0.00104564,0.0276958,-0.000276637,0.000775859,0.000239036,0.000248557,0.000160295,-0.000708441,-0.000276637,0.024522,6.44903e-05,7.64175e-05,-9.51387e-05,6.1777e-05,2.8632e-05,0.000775859,6.44903e-05,0.0466371,
0.00418142,-0.000547127,-0.000781179,0.000100492,-0.00193821,0.00023903,7.64032e-05,-0.000547127,0.00116157,-0.00063018,-0.000977276,-0.000325407,0.000248559,-9.51412e-05,-0.000781179,-0.00063018,0.00375893,0.000606306,-0.00178112,0.000160288,6.17621e-05,0.000100492,-0.000977276,0.000606306,0.00279774,-0.00104564,-0.000708431,2.8635e-05,-0.00193821,-0.000325407,-0.00178112,-0.00104564,0.0276959,-0.000276649,0.00077567,0.00023903,0.000248559,0.000160288,-0.000708431,-0.000276649,0.0245221,6.45331e-05,7.64032e-05,-9.51412e-05,6.17621e-05,2.8635e-05,0.00077567,6.45331e-05,0.046637,
0.00418142,-0.000547128,-0.000781186,0.0001005,-0.00193819,0.000239023,7.63888e-05,-0.000547128,0.00116157,-0.000630179,-0.000977277,-0.000325411,0.000248561,-9.51437e-05,-0.000781186,-0.000630179,0.00375893,0.000606305,-0.00178111,0.00016028,6.17471e-05,0.0001005,-0.000977277,0.000606305,0.00279775,-0.00104564,-0.00070842,2.86379e-05,-0.00193819,-0.000325411,-0.00178111,-0.00104564,0.027696,-0.000276661,0.00077548,0.000239023,0.000248561,0.00016028,-0.00070842,-0.000276661,0.0245222,6.45761e-05,7.63888e-05,-9.51437e-05,6.17471e-05,2.86379e-05,0.00077548,6.45761e-05,0.0466369,
0.00418141,-0.000547128,-0.000781192,0.000100508,-0.00193817,0.000239016,7.63745e-05,-0.000547128,0.00116157,-0.000630178,-0.000977279,-0.000325415,0.000248563,-9.51462e-05,-0.000781192,-0.000630178,0.00375893,0.000606303,-0.0017811,0.000160272,6.1732e-05,0.000100508,-0.000977279,0.000606303,0.00279775,-0.00104564,-0.00070841,2.86409e-05,-0.00193817,-0.000325415,-0.0017811,-0.00104564,0.0276962,-0.000276672,0.00077529,0.000239016,0.000248563,0.000160272,-0.00070841,-0.000276672,0.0245223,6.46191e-05,7.63745e-05,-9.51462e-05,6.1732e-05,2.86409e-05,0.00077529,6.46191e-05,0.0466369,
0.00418141,-0.000547129,-0.000781198,0.000100515,-0.00193816,0.00023901,7.63601e-05,-0.000547129,0.00116157,-0.000630177,-0.000977281,-0.000325419,0.000248565,-9.51487e-05,-0.000781198,-0.000630177,0.00375893,0.000606302,-0.00178108,0.000160264,6.1717e-05,0.000100515,-0.000977281,0.000606302,0.00279775,-0.00104564,-0.000708399,2.86438e-05,-0.00193816,-0.000325419,-0.00178108,-0.00104564,0.0276963,-0.000276684,0.000775099,0.00023901,0.000248565,0.000160264,-0.000708399,-0.000276684,0.0245224,6.46622e-05,7.63601e-05,-9.51487e-05,6.1717e-05,2.86438e-05,0.000775099,6.46622e-05,0.0466368,
0.00418141,-0.00054713,-0.000781204,0.000100523,-0.00193814,0.000239003,7.63457e-05,-0.00054713,0.00116157,-0.000630177,-0.000977283,-0.000325423,0.000248567,-9.51512e-05,-0.000781204,-0.000630177,0.00375893,0.0006063,-0.00178107,0.000160256,6.17019e-05,0.000100523,-0.000977283,0.0006063,0.00279775,-0.00104564,-0.000708389,2.86468e-05,-0.00193814,-0.000325423,-0.00178107,-0.00104564,0.0276964,-0.000276696,0.000774908,0.000239003,0.000248567,0.000160256,-0.000708389,-0.000276696,0.0245224,6.47054e-05,7.63457e-05,-9.51512e-05,6.17019e-05,2.86468e-05,0.000774908,6.47054e-05,0.0466367,
0.0041814,-0.000547131,-0.00078121,0.00010053,-0.00193813,0.000238997,7.63313e-05,-0.000547131,0.00116157,-0.000630176,-0.000977284,-0.000325427,0.000248569,-9.51537e-05,-0.00078121,-0.000630176,0.00375894,0.000606299,-0.00178106,0.000160248,6.16868e-05,0.00010053,-0.000977284,0.000606299,0.00279775,-0.00104564,-0.000708378,2.86498e-05,-0.00193813,-0.000325427,-0.00178106,-0.00104564,0.0276966,-0.000276708,0.000774716,0.000238997,0.000248569,0.000160248,-0.000708378,-0.000276708,0.0245225,6.47487e-05,7.63313e-05,-9.51537e-05,6.16868e-05,2.86498e-05,0.000774716,6.47487e-05,0.0466366,
0.0041814,-0.000547132,-0.000781215,0.000100536,-0.00193811,0.000238991,7.63169e-05,-0.000547132,0.00116157,-0.000630175,-0.000977286,-0.000325431,0.000248571,-9.51562e-05,-0.000781215,-0.000630175,0.00375894,0.000606298,-0.00178104,0.000160241,6.16717e-05,0.000100536,-0.000977286,0.000606298,0.00279776,-0.00104564,-0.000708367,2.86527e-05,-0.00193811,-0.000325431,-0.00178104,-0.00104564,0.0276967,-0.000276721,0.000774525,0.000238991,0.000248571,0.000160241,-0.000708367,-0.000276721,0.0245226,6.4792e-05,7.63169e-05,-9.51562e-05,6.16717e-05,2.86527e-05,0.000774525,6.4792e-05,0.0466366,
0.00418139,-0.000547133,-0.000781221,0.000100543,-0.0019381,0.000238984,7.63025e-05,-0.000547133,0.00116157,-0.000630175,-0.000977287,-0.000325435,0.000248573,-9.51587e-05,-0.000781221,-0.000630175,0.00375894,0.000606296,-0.00178103,0.000160233,6.16566e-05,0.000100543,-0.000977287,0.000606296,0.00279776,-0.00104564,-0.000708357,2.86557e-05,-0.0019381,-0.000325435,-0.00178103,-0.00104564,0.0276968,-0.000276733,0.000774332,0.000238984,0.000248573,0.000160233,-0.000708357,-0.000276733,0.0245227,6.48355e-05,7.63025e-05,-9.51587e-05,6.16566e-05,2.86557e-05,0.000774332,6.48355e-05,0.0466365,
0.00418139,-0.000547134,-0.000781226,0.00010055,-0.00193808,0.000238978,7.6288e-05,-0.000547134,0.00116157,-0.000630174,-0.000977289,-0.000325439,0.000248575,-9.51613e-05,-0.000781226,-0.000630174,0.00375894,0.000606295,-0.00178102,0.000160225,6.16415e-05,0.00010055,-0.000977289,0.000606295,0.00279776,-0.00104564,-0.000708346,2.86586e-05,-0.00193808,-0.000325439,-0.00178102,-0.00104564,0.027697,-0.000276745,0.00077414,0.000238978,0.000248575,0.000160225,-0.000708346,-0.000276745,0.0245228,6.4879e-05,7.6288e-05,-9.51613e-05,6.16415e-05,2.86586e-05,0.00077414,6.4879e-05,0.0466364,
0.00418139,-0.000547134,-0.000781231,0.000100556,-0.00193806,0.000238972,7.62736e-05,-0.000547134,0.00116157,-0.000630173,-0.00097729,-0.000325443,0.000248577,-9.51638e-05,-0.000781231,-0.000630173,0.00375894,0.000606294,-0.001781,0.000160217,6.16263e-05,0.000100556,-0.00097729,0.000606294,0.00279776,-0.00104564,-0.000708335,2.86616e-05,-0.00193806,-0.000325443,-0.001781,-0.00104564,0.0276971,-0.000276757,0.000773947,0.000238972,0.000248577,0.000160217,-0.000708335,-0.000276757,0.0245229,6.49225e-05,7.62736e-05,-9.51638e-05,6.16263e-05,2.86616e-05,0.000773947,6.49225e-05,0.0466363,
0.00418138,-0.000547135,-0.000781236,0.000100562,-0.00193805,0.000238966,7.62591e-05,-0.000547135,0.00116157,-0.000630173,-0.000977292,-0.000325447,0.000248579,-9.51663e-05,-0.000781236,-0.000630173,0.00375894,0.000606292,-0.00178099,0.00016021,6.16112e-05,0.000100562,-0.000977292,0.000606292,0.00279776,-0.00104564,-0.000708324,2.86646e-05,-0.00193805,-0.000325447,-0.00178099,-0.00104564,0.0276972,-0.000276769,0.000773755,0.000238966,0.000248579,0.00016021,-0.000708324,-0.000276769,0.024523,6.49662e-05,7.62591e-05,-9.51663e-05,6.16112e-05,2.86646e-05,0.000773755,6.49662e-05,0.0466363,
0.00418138,-0.000547136,-0.000781241,0.000100568,-0.00193803,0.000238959,7.62446e-05,-0.000547136,0.00116157,-0.000630172,-0.000977293,-0.000325452,0.000248581,-9.51689e-05,-0.000781241,-0.000630172,0.00375894,0.000606291,-0.00178098,0.000160202,6.1596e-05,0.000100568,-0.000977293,0.000606291,0.00279777,-0.00104564,-0.000708313,2.86675e-05,-0.00193803,-0.000325452,-0.00178098,-0.00104564,0.0276974,-0.000276782,0.000773562,0.000238959,0.000248581,0.000160202,-0.000708313,-0.000276782,0.0245231,6.50098e-05,7.62446e-05,-9.51689e-05,6.1596e-05,2.86675e-05,0.000773562,6.50098e-05,0.0466362,
0.00418137,-0.000547137,-0.000781246,0.000100574,-0.00193802,0.000238953,7.62301e-05,-0.000547137,0.00116157,-0.000630171,-0.000977294,-0.000325456,0.000248583,-9.51714e-05,-0.000781246,-0.000630171,0.00375895,0.00060629,-0.00178097,0.000160194,6.15808e-05,0.000100574,-0.000977294,0.00060629,0.00279777,-0.00104564,-0.000708303,2.86705e-05,-0.00193802,-0.000325456,-0.00178097,-0.00104564,0.0276975,-0.000276794,0.000773368,0.000238953,0.000248583,0.000160194,-0.000708303,-0.000276794,0.0245232,6.50535e-05,7.62301e-05,-9.51714e-05,6.15808e-05,2.86705e-05,0.000773368,6.50535e-05,0.0466361,
0.00418137,-0.000547138,-0.000781251,0.00010058,-0.001938,0.000238947,7.62156e-05,-0.000547138,0.00116157,-0.000630171,-0.000977296,-0.00032546,0.000248585,-9.5174e-05,-0.000781251,-0.000630171,0.00375895,0.000606289,-0.00178095,0.000160187,6.15656e-05,0.00010058,-0.000977296,0.000606289,0.00279777,-0.00104564,-0.000708292,2.86735e-05,-0.001938,-0.00032546,-0.00178095,-0.00104564,0.0276976,-0.000276806,0.000773175,0.000238947,0.000248585,0.000160187,-0.000708292,-0.000276806,0.0245233,6.50973e-05,7.62156e-05,-9.5174e-05,6.15656e-05,2.86735e-05,0.000773175,6.50973e-05,0.046636,
0.00418137,-0.000547138,-0.000781255,0.000100586,-0.00193799,0.000238941,7.62011e-05,-0.000547138,0.00116157,-0.00063017,-0.000977297,-0.000325464,0.000248586,-9.51765e-05,-0.000781255,-0.00063017,0.00375895,0.000606287,-0.00178094,0.000160179,6.15504e-05,0.000100586,-0.000977297,0.000606287,0.00279777,-0.00104564,-0.000708281,2.86764e-05,-0.00193799,-0.000325464,-0.00178094,-0.00104564,0.0276978,-0.000276819,0.000772981,0.000238941,0.000248586,0.000160179,-0.000708281,-0.000276819,0.0245234,6.51411e-05,7.62011e-05,-9.51765e-05,6.15504e-05,2.86764e-05,0.000772981,6.51411e-05,0.046636,
0.00418136,-0.000547139,-0.00078126,0.000100592,-0.00193797,0.000238935,7.61866e-05,-0.000547139,0.00116157,-0.00063017,-0.000977298,-0.000325468,0.000248588,-9.51791e-05,-0.00078126,-0.00063017,0.00375895,0.000606286,-0.00178093,0.000160172,6.15352e-05,0.000100592,-0.000977298,0.000606286,0.00279777,-0.00104564,-0.00070827,2.86794e-05,-0.00193797,-0.000325468,-0.00178093,-0.00104564,0.0276979,-0.000276831,0.000772787,0.000238935,0.000248588,0.000160172,-0.00070827,-0.000276831,0.0245234,6.5185e-05,7.61866e-05,-9.51791e-05,6.15352e-05,2.86794e-05,0.000772787,6.5185e-05,0.0466359,
0.00418136,-0.00054714,-0.000781265,0.000100598,-0.00193796,0.000238929,7.61721e-05,-0.00054714,0.00116157,-0.000630169,-0.0009773,-0.000325472,0.00024859,-9.51816e-05,-0.000781265,-0.000630169,0.00375895,0.000606285,-0.00178091,0.000160164,6.15199e-05,0.000100598,-0.0009773,0.000606285,0.00279777,-0.00104564,-0.000708259,2.86824e-05,-0.00193796,-0.000325472,-0.00178091,-0.00104564,0.027698,-0.000276843,0.000772593,0.000238929,0.00024859,0.000160164,-0.000708259,-0.000276843,0.0245235,6.52289e-05,7.61721e-05,-9.51816e-05,6.15199e-05,2.86824e-05,0.000772593,6.52289e-05,0.0466358,
0.00418136,-0.000547141,-0.000781269,0.000100604,-0.00193794,0.000238923,7.61576e-05,-0.000547141,0.00116157,-0.000630169,-0.000977301,-0.000325476,0.000248592,-9.51842e-05,-0.000781269,-0.000630169,0.00375895,0.000606284,-0.0017809,0.000160156,6.15047e-05,0.000100604,-0.000977301,0.000606284,0.00279778,-0.00104564,-0.000708248,2.86853e-05,-0.00193794,-0.000325476,-0.0017809,-0.00104564,0.0276982,-0.000276856,0.000772399,0.000238923,0.000248592,0.000160156,-0.000708248,-0.000276856,0.0245236,6.52728e-05,7.61576e-05,-9.51842e-05,6.15047e-05,2.86853e-05,0.000772399,6.52728e-05,0.0466357,
0.00418135,-0.000547141,-0.000781273,0.000100609,-0.00193793,0.000238917,7.61431e-05,-0.000547141,0.00116157,-0.000630168,-0.000977302,-0.00032548,0.000248594,-9.51867e-05,-0.000781273,-0.000630168,0.00375895,0.000606282,-0.00178089,0.000160149,6.14895e-05,0.000100609,-0.000977302,0.000606282,0.00279778,-0.00104564,-0.000708238,2.86883e-05,-0.00193793,-0.00032548,-0.00178089,-0.00104564,0.0276983,-0.000276868,0.000772205,0.000238917,0.000248594,0.000160149,-0.000708238,-0.000276868,0.0245237,6.53167e-05,7.61431e-05,-9.51867e-05,6.14895e-05,2.86883e-05,0.000772205,6.53167e-05,0.0466357,
0.00418135,-0.000547142,-0.000781278,0.000100615,-0.00193791,0.000238911,7.61285e-05,-0.000547142,0.00116157,-0.000630168,-0.000977304,-0.000325484,0.000248596,-9.51893e-05,-0.000781278,-0.000630168,0.00375896,0.000606281,-0.00178088,0.000160141,6.14742e-05,0.000100615,-0.000977304,0.000606281,0.00279778,-0.00104564,-0.000708227,2.86913e-05,-0.00193791,-0.000325484,-0.00178088,-0.00104564,0.0276984,-0.000276881,0.000772011,0.000238911,0.000248596,0.000160141,-0.000708227,-0.000276881,0.0245238,6.53607e-05,7.61285e-05,-9.51893e-05,6.14742e-05,2.86913e-05,0.000772011,6.53607e-05,0.0466356,
0.00418135,-0.000547143,-0.000781282,0.000100621,-0.0019379,0.000238905,7.6114e-05,-0.000547143,0.00116157,-0.000630167,-0.000977305,-0.000325488,0.000248598,-9.51919e-05,-0.000781282,-0.000630167,0.00375896,0.00060628,-0.00178086,0.000160134,6.1459e-05,0.000100621,-0.000977305,0.00060628,0.00279778,-0.00104564,-0.000708216,2.86942e-05,-0.0019379,-0.000325488,-0.00178086,-0.00104564,0.0276986,-0.000276893,0.000771816,0.000238905,0.000248598,0.000160134,-0.000708216,-0.000276893,0.0245239,6.54047e-05,7.6114e-05,-9.51919e-05,6.1459e-05,2.86942e-05,0.000771816,6.54047e-05,0.0466355,
0.00418135,-0.000547144,-0.000781287,0.000100626,-0.00193788,0.000238898,7.60995e-05,-0.000547144,0.00116157,-0.000630167,-0.000977306,-0.000325492,0.000248599,-9.51944e-05,-0.000781287,-0.000630167,0.00375896,0.000606279,-0.00178085,0.000160126,6.14437e-05,0.000100626,-0.000977306,0.000606279,0.00279778,-0.00104564,-0.000708205,2.86972e-05,-0.00193788,-0.000325492,-0.00178085,-0.00104564,0.0276987,-0.000276906,0.000771622,0.000238898,0.000248599,0.000160126,-0.000708205,-0.000276906,0.024524,6.54487e-05,7.60995e-05,-9.51944e-05,6.14437e-05,2.86972e-05,0.000771622,6.54487e-05,0.0466354,
0.00418134,-0.000547144,-0.000781291,0.000100632,-0.00193787,0.000238892,7.60849e-05,-0.000547144,0.00116157,-0.000630166,-0.000977307,-0.000325496,0.000248601,-9.5197e-05,-0.000781291,-0.000630166,0.00375896,0.000606278,-0.00178084,0.000160118,6.14284e-05,0.000100632,-0.000977307,0.000606278,0.00279778,-0.00104564,-0.000708194,2.87002e-05,-0.00193787,-0.000325496,-0.00178084,-0.00104564,0.0276988,-0.000276918,0.000771427,0.000238892,0.000248601,0.000160118,-0.000708194,-0.000276918,0.0245241,6.54928e-05,7.60849e-05,-9.5197e-05,6.14284e-05,2.87002e-05,0.000771427,6.54928e-05,0.0466354,
0.00418134,-0.000547145,-0.000781295,0.000100637,-0.00193785,0.000238886,7.60704e-05,-0.000547145,0.00116158,-0.000630166,-0.000977309,-0.0003255,0.000248603,-9.51996e-05,-0.000781295,-0.000630166,0.00375896,0.000606276,-0.00178083,0.000160111,6.14132e-05,0.000100637,-0.000977309,0.000606276,0.00279779,-0.00104564,-0.000708183,2.87032e-05,-0.00193785,-0.0003255,-0.00178083,-0.00104564,0.027699,-0.000276931,0.000771233,0.000238886,0.000248603,0.000160111,-0.000708183,-0.000276931,0.0245242,6.55369e-05,7.60704e-05,-9.51996e-05,6.14132e-05,2.87032e-05,0.000771233,6.55369e-05,0.0466353,
0.00418134,-0.000547146,-0.0007813,0.000100643,-0.00193784,0.00023888,7.60558e-05,-0.000547146,0.00116158,-0.000630165,-0.00097731,-0.000325504,0.000248605,-9.52022e-05,-0.0007813,-0.000630165,0.00375896,0.000606275,-0.00178081,0.000160103,6.13979e-05,0.000100643,-0.00097731,0.000606275,0.00279779,-0.00104564,-0.000708173,2.87062e-05,-0.00193784,-0.000325504,-0.00178081,-0.00104564,0.0276991,-0.000276943,0.000771038,0.00023888,0.000248605,0.000160103,-0.000708173,-0.000276943,0.0245243,6.5581e-05,7.60558e-05,-9.52022e-05,6.13979e-05,2.87062e-05,0.000771038,6.5581e-05,0.0466352,
0.00418133,-0.000547147,-0.000781304,0.000100648,-0.00193782,0.000238874,7.60412e-05,-0.000547147,0.00116158,-0.000630165,-0.000977311,-0.000325508,0.000248607,-9.52047e-05,-0.000781304,-0.000630165,0.00375897,0.000606274,-0.0017808,0.000160096,6.13826e-05,0.000100648,-0.000977311,0.000606274,0.00279779,-0.00104564,-0.000708162,2.87091e-05,-0.00193782,-0.000325508,-0.0017808,-0.00104564,0.0276992,-0.000276956,0.000770843,0.000238874,0.000248607,0.000160096,-0.000708162,-0.000276956,0.0245244,6.56251e-05,7.60412e-05,-9.52047e-05,6.13826e-05,2.87091e-05,0.000770843,6.56251e-05,0.0466351,
