0.00324516,-4.53467e-05,0.000264251,-2.07833e-05,0.000196034,0.00184736,-0.00028727,-0.000238162,0.000553163,0.000272201,-6.17203e-05,-0.000666513,0.000625712,-0.000148673,0.000155918,-9.0178e-05,0.00447542,4.38296e-06,-0.0017955,-0.000303519,-0.000172309,0.000517414,8.67211e-05,-0.000923706,0.000156277,0.000755542,-4.75349e-05,0.000330353,0.000308584,-0.000366094,-0.00183824,3.64539e-06,0.0331065,0.000296562,-0.00202192,0.00204755,0.000641549,-0.000670845,6.23713e-05,0.000599215,0.0260741,0.000301231,-0.000255734,-2.02806e-05,-0.000159442,-3.74442e-06,-0.00204773,0.000170523,0.0467619,
0.00326102,-5.17719e-05,0.000290888,-2.05565e-05,0.00016581,0.00182639,-0.000289229,-0.000239439,0.000551706,0.000254682,-6.10791e-05,-0.000654574,0.00062426,-0.000149922,0.000186592,-9.78139e-05,0.00445433,4.66641e-06,-0.00183579,-0.000364043,-0.000169472,0.000504624,8.79095e-05,-0.000898981,0.000154608,0.000745503,-5.60825e-05,0.000334419,0.000276711,-0.000358005,-0.00187927,3.60929e-06,0.033154,0.00031989,-0.00201791,0.00202176,0.000637438,-0.000723676,6.21413e-05,0.000620838,0.0260493,0.000307591,-0.000256924,-1.99248e-05,-0.000157905,-3.72513e-06,-0.00204368,0.00017453,0.0467614,
0.00328074,-5.8988e-05,0.000318251,-2.0301e-05,0.000131523,0.00180114,-0.000291217,-0.000241924,0.000550305,0.000235592,-6.04014e-05,-0.00064107,0.000622984,-0.000150895,0.000218467,-0.000106063,0.0044294,4.96818e-06,-0.00187842,-0.000430138,-0.000166233,0.00049286,8.90799e-05,-0.000871886,0.000152845,0.000732843,-6.54734e-05,0.000337946,0.000240333,-0.000349391,-0.00192254,3.55817e-06,0.0332041,0.00034552,-0.00201376,0.00199204,0.000633186,-0.00078111,6.18998e-05,0.000643834,0.026022,0.000314362,-0.000258276,-1.95043e-05,-0.000156085,-3.70464e-06,-0.00203939,0.000179086,0.0467608,
0.00330413,-6.69033e-05,0.000345424,-2.00208e-05,9.36974e-05,0.0017716,-0.000293156,-0.000245748,0.000549028,0.000215257,-5.97039e-05,-0.000626057,0.00062208,-0.000151531,0.000250586,-0.000114742,0.00440065,5.28206e-06,-0.00192237,-0.000500604,-0.000162612,0.000482655,9.01679e-05,-0.000842768,0.000151032,0.000717352,-7.57248e-05,0.000340763,0.000199944,-0.000340399,-0.00196694,3.49051e-06,0.033256,0.000373285,-0.00200959,0.00195859,0.000628954,-0.000841989,6.16538e-05,0.000667871,0.0259931,0.000321387,-0.000259755,-1.90241e-05,-0.000153976,-3.68344e-06,-0.00203496,0.000184128,0.0467603,
0.00333094,-7.54191e-05,0.000371591,-1.97197e-05,5.28631e-05,0.00173789,-0.000294988,-0.000250982,0.000547931,0.000194012,-5.90014e-05,-0.000609584,0.000621744,-0.000151836,0.000282086,-0.00012367,0.00436819,5.60284e-06,-0.00196673,-0.000574298,-0.000158628,0.000474425,9.11191e-05,-0.00081202,0.000149205,0.000698892,-8.68976e-05,0.000342857,0.000156064,-0.000331134,-0.00201151,3.40633e-06,0.0333089,0.000403058,-0.00200552,0.00192166,0.000624884,-0.000905248,6.14099e-05,0.000692694,0.0259631,0.000328568,-0.000261318,-1.84937e-05,-0.000151573,-3.66212e-06,-0.0020305,0.000189586,0.0467597,
0.0033608,-8.44317e-05,0.000396056,-1.94014e-05,9.54846e-06,0.00170021,-0.000296665,-0.000257651,0.000547058,0.000172206,-5.83057e-05,-0.000591732,0.000622141,-0.000151844,0.000312209,-0.000132683,0.00433219,5.92615e-06,-0.00201069,-0.000650139,-0.000154304,0.000468466,9.18843e-05,-0.000780085,0.000147395,0.000677457,-9.9063e-05,0.000344283,0.00010923,-0.000321685,-0.00205542,3.30639e-06,0.0333621,0.000434708,-0.00200161,0.0018816,0.00062109,-0.00096992,6.11741e-05,0.0007181,0.0259327,0.000335833,-0.00026292,-1.79239e-05,-0.000148875,-3.64124e-06,-0.00202607,0.00019539,0.0467591,
0.00339329,-9.38347e-05,0.000418244,-1.90698e-05,-3.57312e-05,0.00165887,-0.00029815,-0.000265729,0.000546435,0.000150191,-5.76278e-05,-0.000572639,0.000623398,-0.000151601,0.000340316,-0.000141627,0.00429294,6.24847e-06,-0.00205356,-0.000727113,-0.000149666,0.000464971,9.24256e-05,-0.000747462,0.000145629,0.000653196,-0.000112269,0.000345129,5.9995e-05,-0.000312132,-0.00209797,3.19197e-06,0.0334152,0.000468078,-0.00199793,0.00183877,0.000617655,-0.00103514,6.09521e-05,0.00074393,0.0259027,0.000343127,-0.000264518,-1.7326e-05,-0.000145887,-3.62132e-06,-0.00202173,0.000201467,0.0467586,
0.00342794,-0.000103521,0.000437706,-1.87283e-05,-8.24827e-05,0.00161419,-0.00029941,-0.000275145,0.000546079,0.00012832,-5.69756e-05,-0.000552498,0.000625596,-0.000151156,0.000365881,-0.000150366,0.0042508,6.56684e-06,-0.0020948,-0.000804286,-0.000144744,0.000464022,9.27178e-05,-0.000714685,0.000143928,0.000626413,-0.00012653,0.000345489,8.9077e-06,-0.000302551,-0.0021386,3.06452e-06,0.0334679,0.000502979,-0.00199452,0.00179358,0.000614641,-0.00110016,6.07477e-05,0.000770063,0.0258733,0.000350398,-0.000266069,-1.6711e-05,-0.000142618,-3.60275e-06,-0.00201756,0.000207745,0.046758,
0.00346428,-0.000113385,0.00045412,-1.83799e-05,-0.000130241,0.0015666,-0.000300423,-0.000285789,0.000545992,0.000106933,-5.63554e-05,-0.000531557,0.000628768,-0.000150556,0.000388502,-0.000158785,0.0042062,6.87886e-06,-0.00213394,-0.000880805,-0.000139577,0.000465599,9.27503e-05,-0.000682304,0.000142307,0.000597542,-0.000141814,0.000345453,-4.34927e-05,-0.000293016,-0.00217685,2.92558e-06,0.0335196,0.000539186,-0.00199143,0.00174643,0.000612081,-0.00116433,6.05638e-05,0.000796407,0.0258452,0.000357599,-0.000267537,-1.60894e-05,-0.000139083,-3.58581e-06,-0.00201359,0.000214152,0.0467575,
0.00350183,-0.000123325,0.000467277,-1.80279e-05,-0.000178578,0.00151652,-0.00030117,-0.000297516,0.000546167,8.63416e-05,-5.57721e-05,-0.0005101,0.000632901,-0.000149839,0.00040789,-0.000166783,0.00415961,7.1827e-06,-0.00217064,-0.000955912,-0.000134206,0.000469598,9.25255e-05,-0.00065085,0.000140779,0.000567129,-0.000158033,0.000345095,-9.66893e-05,-0.000283597,-0.00221241,2.77681e-06,0.0335702,0.000576444,-0.00198868,0.00169777,0.000609993,-0.0012271,6.0403e-05,0.000822895,0.0258185,0.000364681,-0.000268889,-1.54707e-05,-0.000135305,-3.57074e-06,-0.00200987,0.000220623,0.046757,
0.00354013,-0.000133241,0.000477078,-1.76747e-05,-0.000227097,0.00146442,-0.000301639,-0.000310152,0.000546586,6.68197e-05,-5.52286e-05,-0.000488434,0.000637941,-0.000149035,0.000423868,-0.000174285,0.00411154,7.47682e-06,-0.00220465,-0.00102894,-0.000128676,0.000475838,9.20566e-05,-0.000620811,0.000139351,0.000535773,-0.000175056,0.000344468,-0.000150196,-0.000274362,-0.00224506,2.61979e-06,0.0336192,0.000614471,-0.00198628,0.001648,0.000608374,-0.00128804,6.02659e-05,0.000849471,0.0257935,0.000371596,-0.000270096,-1.48633e-05,-0.000131309,-3.55762e-06,-0.00200643,0.000227091,0.0467565,
0.00357873,-0.000143043,0.000483517,-1.73226e-05,-0.000275442,0.00141078,-0.000301824,-0.00032351,0.000547225,4.8594e-05,-5.47268e-05,-0.000466869,0.000643796,-0.000148165,0.000436361,-0.000181231,0.00406251,7.76013e-06,-0.0022358,-0.00109934,-0.000123035,0.000484082,9.13656e-05,-0.000592605,0.000138028,0.000504094,-0.000192705,0.000343611,-0.000203564,-0.000265375,-0.00227469,2.45612e-06,0.0336665,0.000652972,-0.00198423,0.00159756,0.000607208,-0.00134676,6.01531e-05,0.000876086,0.0257703,0.000378294,-0.000271139,-1.42743e-05,-0.000127126,-3.5465e-06,-0.0020033,0.000233499,0.046756,
0.00361724,-0.000152647,0.000486671,-1.69734e-05,-0.000323294,0.00135607,-0.000301724,-0.000337394,0.000548056,3.18389e-05,-5.4267e-05,-0.0004457,0.00065035,-0.000147241,0.000445384,-0.000187583,0.00401303,8.03174e-06,-0.00226403,-0.00116663,-0.000117332,0.000494061,9.04827e-05,-0.000566569,0.000136811,0.000472688,-0.000210775,0.00034254,-0.00025639,-0.000256692,-0.00230125,2.28727e-06,0.0337119,0.00069164,-0.00198255,0.00154682,0.000606469,-0.001403,6.00636e-05,0.000902687,0.0257492,0.000384727,-0.000272001,-1.37097e-05,-0.000122793,-3.53733e-06,-0.0020005,0.000239793,0.0467555,
0.0036553,-0.000161979,0.000486683,-1.66291e-05,-0.00037037,0.00130075,-0.000301343,-0.000351609,0.000549044,1.66736e-05,-5.38493e-05,-0.000425198,0.000657466,-0.000146268,0.000451034,-0.000193317,0.00396362,8.29114e-06,-0.00228932,-0.00123046,-0.000111618,0.000505489,8.94427e-05,-0.000542947,0.0001357,0.000442104,-0.000229041,0.00034126,-0.000308316,-0.000248366,-0.00232479,2.11474e-06,0.0337552,0.000730172,-0.00198121,0.00149618,0.000606121,-0.00145652,5.99971e-05,0.000929209,0.02573,0.000390849,-0.000272673,-1.31741e-05,-0.000118344,-3.53006e-06,-0.00199803,0.000245926,0.046755,
0.0036926,-0.000170974,0.000483753,-1.62908e-05,-0.000416423,0.00124528,-0.000300689,-0.000365971,0.000550158,3.16578e-06,-5.34726e-05,-0.000405596,0.000664999,-0.000145247,0.000453471,-0.000198429,0.00391474,8.53792e-06,-0.00231172,-0.00129056,-0.000105941,0.000518076,8.82807e-05,-0.000521893,0.000134692,0.000412811,-0.000247275,0.000339764,-0.000359033,-0.00024044,-0.00234541,1.93986e-06,0.0337963,0.000768271,-0.0019802,0.00144597,0.000606125,-0.00150718,5.99518e-05,0.000955576,0.0257127,0.000396618,-0.000273152,-1.26709e-05,-0.000113821,-3.52458e-06,-0.0019959,0.000251858,0.0467546,
0.00372888,-0.000179577,0.000478121,-1.59597e-05,-0.000461241,0.00119007,-0.000299778,-0.00038031,0.000551363,-8.66404e-06,-5.31352e-05,-0.000387087,0.000672802,-0.000144172,0.000452911,-0.000202925,0.00386683,8.77189e-06,-0.00233134,-0.00134674,-0.000100347,0.000531547,8.70342e-05,-0.000503478,0.000133784,0.000385198,-0.000265252,0.000338042,-0.000408281,-0.00023295,-0.00236324,1.7639e-06,0.033835,0.000805659,-0.00197951,0.00139652,0.000606437,-0.00155487,5.99262e-05,0.000981698,0.0256974,0.000401995,-0.00027344,-1.22022e-05,-0.000109261,-3.52074e-06,-0.0019941,0.000257556,0.0467541,
0.00376394,-0.000187746,0.000470057,-1.56368e-05,-0.000504646,0.0011355,-0.000298625,-0.000394474,0.000552628,-1.88358e-05,-5.28351e-05,-0.000369819,0.000680733,-0.000143039,0.000449608,-0.000206823,0.00382028,8.993e-06,-0.00234832,-0.0013989,-9.48784e-05,0.000545647,8.57359e-05,-0.000487703,0.000132971,0.00035956,-0.000282764,0.000336078,-0.000455847,-0.000225926,-0.00237846,1.58805e-06,0.0338713,0.000842074,-0.0019791,0.00134812,0.000607012,-0.00159955,5.99181e-05,0.00100747,0.0256838,0.000406952,-0.000273542,-1.17691e-05,-0.000104703,-3.51839e-06,-0.00199263,0.000262993,0.0467537,
0.00379759,-0.000195446,0.000459852,-1.53226e-05,-0.000546492,0.00108192,-0.000297254,-0.000408332,0.000553924,-2.74019e-05,-5.25698e-05,-0.0003539,0.000688659,-0.000141842,0.000443847,-0.000210153,0.00377544,9.20131e-06,-0.00236283,-0.00144703,-8.95747e-05,0.000560146,8.44174e-05,-0.000474507,0.000132246,0.000336113,-0.000299624,0.000333861,-0.000501562,-0.000219387,-0.00239128,1.41339e-06,0.0339051,0.000877285,-0.00197896,0.00130102,0.000607806,-0.0016412,5.99253e-05,0.00103279,0.025672,0.000411466,-0.000273469,-1.13719e-05,-0.000100183,-3.51736e-06,-0.00199147,0.000268151,0.0467534,
0.00382972,-0.000202651,0.000447805,-1.50179e-05,-0.000586665,0.00102963,-0.000295685,-0.000421775,0.000555225,-3.44401e-05,-5.23372e-05,-0.0003394,0.000696459,-0.000140573,0.000435926,-0.000212948,0.0037326,9.39702e-06,-0.00237506,-0.00149113,-8.44695e-05,0.000574842,8.31069e-05,-0.000463787,0.000131604,0.000314992,-0.000315672,0.000331378,-0.0005453,-0.000213348,-0.00240192,1.24095e-06,0.0339365,0.000911086,-0.00197905,0.00125545,0.000608776,-0.00167985,5.99459e-05,0.00105754,0.0256616,0.000415521,-0.000273235,-1.101e-05,-9.57351e-05,-3.5175e-06,-0.00199059,0.000273014,0.046753,
0.00386024,-0.000209348,0.000434218,-1.4723e-05,-0.000625079,0.0009789,-0.000293947,-0.000434714,0.000556508,-4.00462e-05,-5.21341e-05,-0.000326356,0.000704028,-0.00013923,0.000426154,-0.000215249,0.00369197,9.58032e-06,-0.00238522,-0.00153131,-7.95912e-05,0.000589562,8.18272e-05,-0.000455405,0.000131038,0.000296269,-0.000330773,0.000328626,-0.00058697,-0.000207815,-0.0024106,1.07164e-06,0.0339654,0.0009433,-0.00197934,0.00121158,0.000609882,-0.00171557,5.99773e-05,0.00108161,0.0256526,0.000419109,-0.000272854,-1.06819e-05,-9.13889e-05,-3.51861e-06,-0.00198998,0.000277576,0.0467527,
0.00388911,-0.000215529,0.000419386,-1.44381e-05,-0.000661674,0.000929958,-0.000292064,-0.000447081,0.000557753,-4.43276e-05,-5.19582e-05,-0.000314774,0.000711276,-0.000137809,0.000414834,-0.000217098,0.00365375,9.75151e-06,-0.00239351,-0.00156768,-7.49636e-05,0.00060416,8.05989e-05,-0.000449204,0.000130542,0.000279955,-0.000344821,0.000325605,-0.000626516,-0.000202787,-0.00241755,9.06301e-07,0.0339918,0.000973783,-0.00197981,0.00116959,0.000611086,-0.00174844,6.00174e-05,0.00110489,0.0256448,0.000422233,-0.000272345,-1.03862e-05,-8.71718e-05,-3.52056e-06,-0.00198962,0.000281834,0.0467524,
0.0039163,-0.000221193,0.000403593,-1.41637e-05,-0.000696413,0.000882984,-0.000290065,-0.000458825,0.000558945,-4.73982e-05,-5.18067e-05,-0.000304638,0.000718128,-0.00013631,0.000402264,-0.000218541,0.00361807,9.91091e-06,-0.00240016,-0.00160039,-7.06049e-05,0.000618515,7.94367e-05,-0.000445011,0.000130109,0.000266022,-0.000357739,0.000322318,-0.000663909,-0.000198258,-0.00242298,7.45688e-07,0.0340159,0.00100242,-0.00198041,0.00112957,0.000612356,-0.00177858,6.00641e-05,0.00112728,0.0256381,0.000424896,-0.000271726,-1.01205e-05,-8.31069e-05,-3.52317e-06,-0.00198947,0.000285787,0.0467522,
0.00394181,-0.000226347,0.000387108,-1.38997e-05,-0.000729281,0.000838125,-0.000287975,-0.000469908,0.00056007,-4.93741e-05,-5.1677e-05,-0.000295913,0.000724528,-0.000134733,0.000388725,-0.000219621,0.003585,1.00589e-05,-0.00240536,-0.00162964,-6.65286e-05,0.000632526,7.83535e-05,-0.00044265,0.000129733,0.000254402,-0.000369472,0.000318779,-0.000699145,-0.000194219,-0.0024271,5.90489e-07,0.0340377,0.00102912,-0.00198114,0.00109164,0.000613662,-0.0018061,6.01154e-05,0.00114869,0.0256323,0.000427114,-0.000271014,-9.88265e-06,-7.92134e-05,-3.52632e-06,-0.0019895,0.000289441,0.046752,
0.00396567,-0.000231003,0.00037018,-1.36464e-05,-0.00076028,0.000795492,-0.000285821,-0.00048031,0.000561119,-5.03705e-05,-5.15668e-05,-0.000288549,0.00073043,-0.000133083,0.000374482,-0.000220383,0.0035546,1.01959e-05,-0.00240931,-0.00165561,-6.27433e-05,0.000646114,7.73581e-05,-0.000441946,0.000129408,0.000245005,-0.00037999,0.000315002,-0.00073224,-0.000190655,-0.00243012,4.4131e-07,0.0340572,0.00105383,-0.00198195,0.00105584,0.00061498,-0.00183116,6.01695e-05,0.00116905,0.0256272,0.000428902,-0.000270228,-9.67013e-06,-7.55069e-05,-3.52986e-06,-0.00198971,0.000292804,0.0467518,
0.00409185,-9.09457e-05,0.000279749,-0.000341915,-0.000765542,0.000555289,-0.000241989,-9.09456e-05,0.00111597,-0.000331941,-0.00131304,-0.000190761,-3.17675e-05,2.8544e-05,0.000279749,-0.000331941,0.00358331,0.000263311,-0.00243057,-0.00152458,-9.13206e-05,-0.000341915,-0.00131304,0.000263311,0.00329393,7.61907e-06,0.00153628,-9.01405e-05,-0.000765542,-0.000190761,-0.00243057,7.61909e-06,0.034074,0.00108097,-0.00198375,0.000555289,-3.17675e-05,-0.00152458,0.00153628,0.00108097,0.0265208,0.00024319,-0.000241989,2.8544e-05,-9.13206e-05,-9.01406e-05,-0.00198375,0.000243189,0.0467627,
0.00411203,-9.56211e-05,0.0002622,-0.000337092,-0.000790046,0.000525428,-0.000241068,-9.56211e-05,0.00111651,-0.000332916,-0.00131305,-0.000190137,-3.2548e-05,2.89292e-05,0.0002622,-0.000332916,0.00357037,0.000266382,-0.0024333,-0.00153345,-8.89148e-05,-0.000337092,-0.00131305,0.000266382,0.00329341,4.33575e-06,0.00153871,-9.02749e-05,-0.000790046,-0.000190137,-0.0024333,4.33577e-06,0.0340762,0.00108746,-0.00198491,0.000525428,-3.2548e-05,-0.00153345,0.00153871,0.00108746,0.0265148,0.00024546,-0.000241068,2.89291e-05,-8.89148e-05,-9.02749e-05,-0.00198491,0.00024546,0.0467627,
0.00413034,-9.95426e-05,0.000245476,-0.000332312,-0.00081196,0.000499192,-0.000240159,-9.95427e-05,0.00111696,-0.000333413,-0.00131308,-0.000189719,-3.29269e-05,2.92359e-05,0.000245476,-0.000333413,0.00356071,0.000268888,-0.00243517,-0.00153996,-8.68755e-05,-0.000332312,-0.00131308,0.000268888,0.00329288,1.53538e-06,0.0015406,-9.04152e-05,-0.00081196,-0.000189719,-0.00243517,1.53536e-06,0.0340774,0.00109195,-0.00198584,0.000499192,-3.29269e-05,-0.00153996,0.0015406,0.00109195,0.0265086,0.000247455,-0.000240159,2.92359e-05,-8.68755e-05,-9.04152e-05,-0.00198584,0.000247455,0.0467627,
0.00414683,-0.000102986,0.000229842,-0.000327651,-0.00083189,0.000475434,-0.000239249,-0.000102986,0.00111736,-0.000333675,-0.00131317,-0.00018905,-3.29854e-05,2.94688e-05,0.000229842,-0.000333675,0.00355242,0.000271009,-0.00243629,-0.00154552,-8.50785e-05,-0.000327651,-0.00131317,0.000271009,0.00329245,-7.91311e-07,0.00154238,-9.05777e-05,-0.00083189,-0.00018905,-0.00243629,-7.91311e-07,0.0340794,0.00109632,-0.0019865,0.000475434,-3.29854e-05,-0.00154552,0.00154238,0.00109632,0.0265037,0.000249184,-0.000239249,2.94688e-05,-8.50785e-05,-9.05777e-05,-0.0019865,0.000249184,0.0467627,
0.00416164,-0.000106067,0.000215288,-0.000323194,-0.000850098,0.000453716,-0.000238352,-0.000106067,0.00111773,-0.00033381,-0.0013133,-0.000188194,-3.28509e-05,2.96501e-05,0.000215288,-0.00033381,0.00354503,0.000272852,-0.00243689,-0.00155043,-8.34689e-05,-0.000323194,-0.0013133,0.000272852,0.00329211,-2.76132e-06,0.0015441,-9.07494e-05,-0.000850098,-0.000188194,-0.00243689,-2.76133e-06,0.0340822,0.00110072,-0.00198699,0.000453716,-3.28509e-05,-0.00155043,0.0015441,0.00110072,0.0265,0.000250684,-0.000238352,2.96501e-05,-8.34689e-05,-9.07494e-05,-0.00198699,0.000250684,0.0467627,
0.00417495,-0.000108853,0.000201754,-0.000318985,-0.000866772,0.000433773,-0.00023748,-0.000108853,0.00111807,-0.00033387,-0.00131345,-0.000187253,-3.26125e-05,2.97974e-05,0.000201754,-0.00033387,0.00353836,0.000274481,-0.00243714,-0.0015548,-8.20118e-05,-0.000318985,-0.00131345,0.000274481,0.00329182,-4.48352e-06,0.00154573,-9.09183e-05,-0.000866772,-0.000187253,-0.00243714,-4.48355e-06,0.0340853,0.00110506,-0.00198736,0.000433773,-3.26125e-05,-0.0015548,0.00154573,0.00110506,0.0264972,0.000251993,-0.00023748,2.97975e-05,-8.20118e-05,-9.09183e-05,-0.00198736,0.000251993,0.0467627,
0.00418693,-0.000111388,0.000189174,-0.000315039,-0.000882072,0.00041541,-0.00023664,-0.000111388,0.00111838,-0.000333886,-0.0013136,-0.000186298,-3.23248e-05,2.99221e-05,0.000189174,-0.000333886,0.0035323,0.000275936,-0.00243719,-0.00155869,-8.06828e-05,-0.000315039,-0.0013136,0.000275936,0.00329157,-6.03326e-06,0.00154724,-9.10771e-05,-0.000882072,-0.000186298,-0.00243719,-6.03326e-06,0.0340885,0.00110925,-0.00198767,0.00041541,-3.23248e-05,-0.00155869,0.00154724,0.00110925,0.026495,0.000253142,-0.00023664,2.99221e-05,-8.06828e-05,-9.10771e-05,-0.00198767,0.000253142,0.0467626,
0.00419772,-0.000113708,0.000177478,-0.000311354,-0.000896133,0.000398465,-0.000235837,-0.000113708,0.00111868,-0.000333873,-0.00131376,-0.000185368,-3.20194e-05,3.0031e-05,0.000177478,-0.000333874,0.00352677,0.000277248,-0.00243709,-0.00156217,-7.94638e-05,-0.000311354,-0.00131376,0.000277248,0.00329135,-7.45781e-06,0.00154862,-9.12223e-05,-0.000896133,-0.000185368,-0.00243709,-7.45778e-06,0.0340916,0.00111326,-0.00198795,0.000398465,-3.20194e-05,-0.00156217,0.00154862,0.00111326,0.0264933,0.000254153,-0.000235837,3.0031e-05,-7.94638e-05,-9.12223e-05,-0.00198795,0.000254153,0.0467626,
0.00420746,-0.000115838,0.000166601,-0.000307922,-0.000909079,0.000382801,-0.000235073,-0.000115838,0.00111895,-0.000333844,-0.0013139,-0.000184484,-3.17144e-05,3.01287e-05,0.000166601,-0.000333844,0.00352171,0.000278437,-0.00243691,-0.00156529,-7.8341e-05,-0.000307922,-0.0013139,0.000278437,0.00329116,-8.78611e-06,0.00154988,-9.13526e-05,-0.000909079,-0.000184484,-0.00243691,-8.78612e-06,0.0340945,0.00111705,-0.0019882,0.000382801,-3.17144e-05,-0.00156529,0.00154988,0.00111705,0.0264918,0.000255047,-0.000235073,3.01287e-05,-7.8341e-05,-9.13526e-05,-0.0019882,0.000255047,0.0467626,
0.00421627,-0.000117799,0.000156479,-0.000304729,-0.000921018,0.000368298,-0.000234346,-0.000117799,0.0011192,-0.000333804,-0.00131404,-0.000183656,-3.14198e-05,3.02178e-05,0.000156479,-0.000333804,0.00351707,0.000279521,-0.00243668,-0.00156809,-7.73035e-05,-0.000304729,-0.00131404,0.000279521,0.00329098,-1.00362e-05,0.00155103,-9.14681e-05,-0.000921018,-0.000183656,-0.00243668,-1.00363e-05,0.0340973,0.00112063,-0.00198844,0.000368298,-3.14198e-05,-0.00156809,0.00155103,0.00112063,0.0264906,0.00025584,-0.000234346,3.02178e-05,-7.73035e-05,-9.14681e-05,-0.00198844,0.00025584,0.0467626,
0.00422426,-0.00011961,0.000147054,-0.000301758,-0.000932047,0.000354849,-0.000233657,-0.00011961,0.00111943,-0.000333757,-0.00131417,-0.000182887,-3.11408e-05,3.03003e-05,0.000147054,-0.000333757,0.0035128,0.000280512,-0.00243642,-0.00157061,-7.63419e-05,-0.000301758,-0.00131417,0.000280512,0.00329083,-1.12198e-05,0.00155206,-9.15695e-05,-0.000932047,-0.000182887,-0.00243642,-1.12198e-05,0.0340999,0.00112399,-0.00198867,0.000354849,-3.11408e-05,-0.00157061,0.00155206,0.00112399,0.0264896,0.000256543,-0.000233657,3.03003e-05,-7.63419e-05,-9.15695e-05,-0.00198867,0.000256543,0.0467626,
0.00423153,-0.000121287,0.000138269,-0.000298993,-0.000942254,0.000342357,-0.000233005,-0.000121287,0.00111965,-0.000333708,-0.00131429,-0.000182175,-3.08798e-05,3.03774e-05,0.000138269,-0.000333708,0.00350886,0.000281422,-0.00243615,-0.00157288,-7.54485e-05,-0.000298993,-0.00131429,0.000281422,0.00329068,-1.23449e-05,0.00155299,-9.16579e-05,-0.000942254,-0.000182175,-0.00243615,-1.23449e-05,0.0341022,0.00112713,-0.00198889,0.000342357,-3.08799e-05,-0.00157288,0.00155299,0.00112713,0.0264887,0.000257168,-0.000233005,3.03774e-05,-7.54485e-05,-9.16579e-05,-0.00198889,0.000257168,0.0467626,
0.00423814,-0.000122842,0.000130071,-0.000296419,-0.000951717,0.000330735,-0.000232388,-0.000122842,0.00111986,-0.000333657,-0.00131441,-0.000181519,-3.0638e-05,3.045e-05,0.000130071,-0.000333657,0.00350521,0.000282262,-0.00243587,-0.00157494,-7.46164e-05,-0.000296419,-0.00131441,0.000282262,0.00329055,-1.34173e-05,0.00155384,-9.17346e-05,-0.000951717,-0.000181519,-0.00243587,-1.34173e-05,0.0341044,0.00113008,-0.00198911,0.000330735,-3.0638e-05,-0.00157494,0.00155384,0.00113008,0.0264879,0.000257725,-0.000232388,3.045e-05,-7.46164e-05,-9.17346e-05,-0.00198911,0.000257725,0.0467626,
0.00424418,-0.000124289,0.000122411,-0.000294019,-0.000960508,0.000319904,-0.000231803,-0.000124289,0.00112005,-0.000333607,-0.00131451,-0.000180915,-3.04151e-05,3.05187e-05,0.000122411,-0.000333607,0.00350182,0.000283038,-0.00243559,-0.00157681,-7.38396e-05,-0.000294019,-0.00131451,0.000283038,0.00329043,-1.44419e-05,0.0015546,-9.18005e-05,-0.000960508,-0.000180915,-0.00243559,-1.44419e-05,0.0341064,0.00113285,-0.00198933,0.000319904,-3.0415e-05,-0.00157681,0.0015546,0.00113285,0.0264872,0.000258222,-0.000231803,3.05187e-05,-7.38396e-05,-9.18005e-05,-0.00198933,0.000258222,0.0467626,
0.00424972,-0.000125638,0.000115243,-0.00029178,-0.000968691,0.000309791,-0.00023125,-0.000125638,0.00112023,-0.000333557,-0.00131461,-0.00018036,-3.02106e-05,3.05841e-05,0.000115243,-0.000333558,0.00349866,0.000283758,-0.00243532,-0.00157852,-7.31127e-05,-0.00029178,-0.00131461,0.000283758,0.00329032,-1.54226e-05,0.00155529,-9.1857e-05,-0.000968691,-0.00018036,-0.00243532,-1.54226e-05,0.0341082,0.00113544,-0.00198954,0.000309791,-3.02106e-05,-0.00157852,0.00155529,0.00113544,0.0264866,0.000258666,-0.00023125,3.05841e-05,-7.31127e-05,-9.1857e-05,-0.00198954,0.000258666,0.0467626,
0.0042548,-0.000126898,0.000108525,-0.000289687,-0.000976325,0.00030033,-0.000230726,-0.000126898,0.0011204,-0.00033351,-0.00131471,-0.000179849,-3.00237e-05,3.06466e-05,0.000108525,-0.00033351,0.00349572,0.000284428,-0.00243505,-0.00158007,-7.2431e-05,-0.000289687,-0.00131471,0.000284428,0.00329022,-1.6363e-05,0.00155592,-9.19049e-05,-0.000976325,-0.000179849,-0.00243505,-1.63629e-05,0.0341098,0.00113788,-0.00198975,0.00030033,-3.00237e-05,-0.00158007,0.00155592,0.00113788,0.026486,0.000259064,-0.000230726,3.06466e-05,-7.2431e-05,-9.19049e-05,-0.00198975,0.000259064,0.0467626,
0.00425947,-0.000128079,0.000102218,-0.000287727,-0.000983461,0.000291461,-0.000230228,-0.000128079,0.00112056,-0.000333465,-0.00131479,-0.000179379,-2.98535e-05,3.07065e-05,0.000102218,-0.000333465,0.00349297,0.000285053,-0.0024348,-0.0015815,-7.179e-05,-0.000287727,-0.00131479,0.000285053,0.00329012,-1.72662e-05,0.00155648,-9.19453e-05,-0.000983461,-0.000179379,-0.0024348,-1.72662e-05,0.0341113,0.00114016,-0.00198995,0.000291461,-2.98535e-05,-0.0015815,0.00155648,0.00114016,0.0264855,0.000259422,-0.000230228,3.07065e-05,-7.179e-05,-9.19453e-05,-0.00198995,0.000259422,0.0467627,
0.00426379,-0.000129187,9.62858e-05,-0.00028589,-0.000990148,0.00028313,-0.000229757,-0.000129187,0.0011207,-0.000333422,-0.00131487,-0.000178946,-2.96988e-05,3.07641e-05,9.62858e-05,-0.000333422,0.00349038,0.000285639,-0.00243457,-0.00158282,-7.11859e-05,-0.00028589,-0.00131487,0.000285639,0.00329003,-1.81354e-05,0.001557,-9.19791e-05,-0.000990148,-0.000178946,-0.00243457,-1.81354e-05,0.0341127,0.00114231,-0.00199016,0.00028313,-2.96988e-05,-0.00158282,0.001557,0.00114231,0.0264851,0.000259745,-0.000229757,3.07641e-05,-7.11859e-05,-9.19791e-05,-0.00199016,0.000259745,0.0467627,
0.00426778,-0.000130231,9.06947e-05,-0.000284164,-0.000996429,0.000275285,-0.000229308,-0.000130231,0.00112085,-0.000333383,-0.00131495,-0.000178548,-2.95587e-05,3.08197e-05,9.06947e-05,-0.000333383,0.00348795,0.00028619,-0.00243434,-0.00158403,-7.06152e-05,-0.000284164,-0.00131495,0.00028619,0.00328994,-1.89732e-05,0.00155747,-9.20069e-05,-0.000996429,-0.000178548,-0.00243434,-1.89732e-05,0.0341139,0.00114434,-0.00199036,0.000275285,-2.95587e-05,-0.00158403,0.00155747,0.00114434,0.0264847,0.000260036,-0.000229308,3.08197e-05,-7.06152e-05,-9.20069e-05,-0.00199036,0.000260036,0.0467627,
0.00427149,-0.000131216,8.54143e-05,-0.000282539,-0.00100234,0.000267883,-0.000228881,-0.000131216,0.00112098,-0.000333345,-0.00131502,-0.000178181,-2.9432e-05,3.08734e-05,8.54143e-05,-0.000333345,0.00348565,0.000286708,-0.00243414,-0.00158515,-7.00746e-05,-0.000282539,-0.00131502,0.000286708,0.00328986,-1.97823e-05,0.0015579,-9.20295e-05,-0.00100234,-0.000178181,-0.00243414,-1.97823e-05,0.034115,0.00114626,-0.00199055,0.000267883,-2.9432e-05,-0.00158515,0.0015579,0.00114626,0.0264843,0.0002603,-0.000228881,3.08734e-05,-7.00746e-05,-9.20295e-05,-0.00199055,0.0002603,0.0467628,
0.00427495,-0.000132148,8.04167e-05,-0.000281006,-0.00100792,0.000260882,-0.000228474,-0.000132148,0.00112111,-0.000333311,-0.00131508,-0.000177842,-2.93178e-05,3.09255e-05,8.04167e-05,-0.000333311,0.00348348,0.000287199,-0.00243394,-0.00158619,-6.95612e-05,-0.000281006,-0.00131508,0.000287199,0.00328979,-2.05651e-05,0.00155829,-9.20475e-05,-0.00100792,-0.000177842,-0.00243394,-2.05651e-05,0.034116,0.00114807,-0.00199075,0.000260882,-2.93178e-05,-0.00158619,0.00155829,0.00114807,0.0264839,0.000260541,-0.000228474,3.09255e-05,-6.95612e-05,-9.20475e-05,-0.00199075,0.000260541,0.0467628,
0.00427817,-0.000133033,7.56761e-05,-0.000279557,-0.0010132,0.000254245,-0.000228085,-0.000133033,0.00112123,-0.000333279,-0.00131514,-0.00017753,-2.9215e-05,3.09761e-05,7.56761e-05,-0.000333279,0.00348141,0.000287663,-0.00243376,-0.00158716,-6.90725e-05,-0.000279557,-0.00131514,0.000287663,0.00328971,-2.13239e-05,0.00155864,-9.20614e-05,-0.0010132,-0.00017753,-0.00243376,-2.13239e-05,0.0341169,0.00114978,-0.00199094,0.000254245,-2.9215e-05,-0.00158716,0.00155864,0.00114978,0.0264836,0.000260761,-0.000228085,3.09761e-05,-6.90725e-05,-9.20614e-05,-0.00199094,0.000260761,0.0467628,
0.00428119,-0.000133874,7.11689e-05,-0.000278183,-0.00101821,0.000247936,-0.000227713,-0.000133874,0.00112135,-0.00033325,-0.0013152,-0.00017724,-2.91228e-05,3.10253e-05,7.11689e-05,-0.00033325,0.00347945,0.000288105,-0.0024336,-0.00158806,-6.86061e-05,-0.000278183,-0.0013152,0.000288105,0.00328964,-2.20608e-05,0.00155897,-9.20718e-05,-0.00101821,-0.00017724,-0.0024336,-2.20608e-05,0.0341178,0.00115142,-0.00199113,0.000247936,-2.91228e-05,-0.00158806,0.00155897,0.00115142,0.0264832,0.000260964,-0.000227713,3.10253e-05,-6.86061e-05,-9.20718e-05,-0.00199113,0.000260964,0.0467629,
0.00428402,-0.000134676,6.68737e-05,-0.000276879,-0.00102298,0.000241926,-0.000227356,-0.000134676,0.00112146,-0.000333223,-0.00131525,-0.000176973,-2.90403e-05,3.10733e-05,6.68737e-05,-0.000333223,0.00347757,0.000288527,-0.00243344,-0.00158891,-6.81599e-05,-0.000276879,-0.00131525,0.000288527,0.00328958,-2.27778e-05,0.00155927,-9.20791e-05,-0.00102298,-0.000176973,-0.00243344,-2.27778e-05,0.0341185,0.00115297,-0.00199132,0.000241926,-2.90403e-05,-0.00158891,0.00155927,0.00115297,0.0264829,0.00026115,-0.000227356,3.10733e-05,-6.81599e-05,-9.20791e-05,-0.00199132,0.00026115,0.0467629,
0.00428669,-0.000135443,6.27707e-05,-0.000275638,-0.00102752,0.000236187,-0.000227014,-0.000135443,0.00112156,-0.000333199,-0.0013153,-0.000176724,-2.89667e-05,3.11202e-05,6.27707e-05,-0.000333199,0.00347578,0.00028893,-0.0024333,-0.00158971,-6.77318e-05,-0.000275638,-0.0013153,0.00028893,0.00328951,-2.34766e-05,0.00155955,-9.20836e-05,-0.00102752,-0.000176724,-0.0024333,-2.34766e-05,0.0341192,0.00115446,-0.00199151,0.000236187,-2.89667e-05,-0.00158971,0.00155955,0.00115446,0.0264826,0.000261324,-0.000227014,3.11202e-05,-6.77318e-05,-9.20836e-05,-0.00199151,0.000261324,0.0467629,
0.00428921,-0.000136179,5.88419e-05,-0.000274453,-0.00103186,0.000230691,-0.000226684,-0.000136179,0.00112167,-0.000333177,-0.00131535,-0.000176493,-2.89013e-05,3.1166e-05,5.88419e-05,-0.000333177,0.00347405,0.000289316,-0.00243317,-0.00159046,-6.73202e-05,-0.000274453,-0.00131535,0.000289316,0.00328945,-2.4159e-05,0.0015598,-9.20857e-05,-0.00103186,-0.000176493,-0.00243317,-2.4159e-05,0.0341198,0.00115588,-0.00199169,0.000230691,-2.89013e-05,-0.00159046,0.0015598,0.00115588,0.0264823,0.000261485,-0.000226684,3.1166e-05,-6.73202e-05,-9.20857e-05,-0.00199169,0.000261485,0.046763,
0.0042916,-0.000136885,5.5071e-05,-0.000273319,-0.00103602,0.000225417,-0.000226365,-0.000136885,0.00112176,-0.000333156,-0.00131539,-0.000176278,-2.88433e-05,3.1211e-05,5.5071e-05,-0.000333156,0.0034724,0.000289688,-0.00243305,-0.00159117,-6.69234e-05,-0.000273319,-0.00131539,0.000289688,0.00328939,-2.48265e-05,0.00156004,-9.20857e-05,-0.00103602,-0.000176278,-0.00243305,-2.48265e-05,0.0341204,0.00115724,-0.00199188,0.000225417,-2.88433e-05,-0.00159117,0.00156004,0.00115724,0.026482,0.000261637,-0.000226365,3.1211e-05,-6.69234e-05,-9.20857e-05,-0.00199188,0.000261637,0.046763,
0.00429386,-0.000137566,5.14429e-05,-0.000272232,-0.00104002,0.000220344,-0.000226057,-0.000137566,0.00112186,-0.000333138,-0.00131543,-0.000176078,-2.87921e-05,3.1255e-05,5.14429e-05,-0.000333138,0.0034708,0.000290046,-0.00243294,-0.00159184,-6.65401e-05,-0.000272232,-0.00131543,0.000290046,0.00328933,-2.54806e-05,0.00156026,-9.2084e-05,-0.00104002,-0.000176078,-0.00243294,-2.54806e-05,0.0341209,0.00115856,-0.00199206,0.000220344,-2.87921e-05,-0.00159184,0.00156026,0.00115856,0.0264818,0.000261781,-0.000226057,3.1255e-05,-6.65401e-05,-9.2084e-05,-0.00199206,0.000261781,0.046763,
0.00429602,-0.000138223,4.7944e-05,-0.000271187,-0.00104386,0.000215452,-0.000225759,-0.000138223,0.00112195,-0.000333121,-0.00131547,-0.00017589,-2.8747e-05,3.12983e-05,4.7944e-05,-0.000333121,0.00346925,0.000290392,-0.00243284,-0.00159248,-6.61689e-05,-0.000271187,-0.00131547,0.000290392,0.00328928,-2.61226e-05,0.00156046,-9.20806e-05,-0.00104386,-0.00017589,-0.00243284,-2.61226e-05,0.0341213,0.00115982,-0.00199224,0.000215452,-2.8747e-05,-0.00159248,0.00156046,0.00115982,0.0264815,0.000261917,-0.000225759,3.12983e-05,-6.61689e-05,-9.20806e-05,-0.00199224,0.000261917,0.0467631,
0.00429808,-0.000138859,4.4562e-05,-0.00027018,-0.00104758,0.000210723,-0.00022547,-0.000138859,0.00112204,-0.000333106,-0.00131551,-0.000175715,-2.87077e-05,3.13408e-05,4.4562e-05,-0.000333106,0.00346775,0.000290727,-0.00243275,-0.00159309,-6.58086e-05,-0.00027018,-0.00131551,0.000290727,0.00328922,-2.67537e-05,0.00156065,-9.20758e-05,-0.00104758,-0.000175715,-0.00243275,-2.67537e-05,0.0341217,0.00116105,-0.00199243,0.000210723,-2.87077e-05,-0.00159309,0.00156065,0.00116105,0.0264812,0.000262047,-0.00022547,3.13408e-05,-6.58086e-05,-9.20758e-05,-0.00199243,0.000262047,0.0467631,
0.00430005,-0.000139476,4.12853e-05,-0.000269208,-0.00105118,0.000206143,-0.000225188,-0.000139476,0.00112213,-0.000333092,-0.00131555,-0.00017555,-2.86734e-05,3.13827e-05,4.12853e-05,-0.000333092,0.0034663,0.000291053,-0.00243266,-0.00159368,-6.54582e-05,-0.000269208,-0.00131555,0.000291053,0.00328917,-2.7375e-05,0.00156082,-9.20699e-05,-0.00105118,-0.00017555,-0.00243266,-2.7375e-05,0.0341221,0.00116224,-0.00199261,0.000206143,-2.86734e-05,-0.00159368,0.00156082,0.00116224,0.026481,0.000262171,-0.000225188,3.13827e-05,-6.54582e-05,-9.20699e-05,-0.00199261,0.000262171,0.0467631,
0.00430194,-0.000140076,3.81038e-05,-0.000268266,-0.00105466,0.000201696,-0.000224913,-0.000140076,0.00112221,-0.000333079,-0.00131558,-0.000175395,-2.86438e-05,3.14239e-05,3.81038e-05,-0.000333079,0.00346488,0.00029137,-0.00243258,-0.00159423,-6.51168e-05,-0.000268266,-0.00131558,0.00029137,0.00328912,-2.79876e-05,0.00156099,-9.2063e-05,-0.00105466,-0.000175395,-0.00243258,-2.79876e-05,0.0341224,0.00116339,-0.00199279,0.000201696,-2.86438e-05,-0.00159423,0.00156099,0.00116339,0.0264807,0.000262292,-0.000224913,3.1424e-05,-6.51168e-05,-9.2063e-05,-0.00199279,0.000262292,0.0467632,
0.00430376,-0.00014066,3.5008e-05,-0.000267353,-0.00105805,0.00019737,-0.000224644,-0.00014066,0.0011223,-0.000333068,-0.00131561,-0.000175248,-2.86184e-05,3.14646e-05,3.5008e-05,-0.000333068,0.0034635,0.000291678,-0.00243251,-0.00159477,-6.47833e-05,-0.000267353,-0.00131561,0.000291678,0.00328907,-2.85923e-05,0.00156114,-9.20552e-05,-0.00105805,-0.000175248,-0.00243251,-2.85923e-05,0.0341227,0.00116452,-0.00199297,0.00019737,-2.86184e-05,-0.00159477,0.00156114,0.00116452,0.0264804,0.000262408,-0.000224644,3.14646e-05,-6.47833e-05,-9.20552e-05,-0.00199297,0.000262408,0.0467632,
0.00430551,-0.00014123,3.19894e-05,-0.000266464,-0.00106135,0.000193153,-0.000224382,-0.00014123,0.00112238,-0.000333057,-0.00131565,-0.000175109,-2.85969e-05,3.15048e-05,3.19894e-05,-0.000333057,0.00346215,0.00029198,-0.00243244,-0.00159528,-6.44571e-05,-0.000266464,-0.00131565,0.00029198,0.00328902,-2.91902e-05,0.00156128,-9.20466e-05,-0.00106135,-0.000175109,-0.00243244,-2.91902e-05,0.034123,0.00116561,-0.00199315,0.000193153,-2.85969e-05,-0.00159528,0.00156128,0.00116561,0.0264802,0.000262522,-0.000224382,3.15048e-05,-6.44571e-05,-9.20466e-05,-0.00199315,0.000262522,0.0467632,
0.00430721,-0.000141787,2.90402e-05,-0.000265598,-0.00106457,0.000189035,-0.000224124,-0.000141787,0.00112246,-0.000333047,-0.00131568,-0.000174978,-2.85788e-05,3.15444e-05,2.90402e-05,-0.000333047,0.00346083,0.000292274,-0.00243237,-0.00159578,-6.41375e-05,-0.000265598,-0.00131568,0.000292274,0.00328897,-2.97819e-05,0.00156142,-9.20374e-05,-0.00106457,-0.000174978,-0.00243237,-2.97818e-05,0.0341232,0.00116669,-0.00199333,0.000189035,-2.85788e-05,-0.00159578,0.00156142,0.00116669,0.0264799,0.000262633,-0.000224124,3.15444e-05,-6.41375e-05,-9.20374e-05,-0.00199333,0.000262633,0.0467633,
0.00430885,-0.000142333,2.61534e-05,-0.000264753,-0.00106772,0.000185005,-0.000223871,-0.000142333,0.00112254,-0.000333038,-0.00131571,-0.000174852,-2.85638e-05,3.15836e-05,2.61534e-05,-0.000333038,0.00345954,0.000292564,-0.00243231,-0.00159626,-6.38237e-05,-0.000264753,-0.00131571,0.000292564,0.00328892,-3.03681e-05,0.00156154,-9.20277e-05,-0.00106772,-0.000174852,-0.00243231,-3.03681e-05,0.0341234,0.00116774,-0.0019935,0.000185005,-2.85638e-05,-0.00159626,0.00156154,0.00116774,0.0264797,0.000262743,-0.000223871,3.15836e-05,-6.38237e-05,-9.20277e-05,-0.0019935,0.000262743,0.0467633,
0.00431044,-0.000142868,2.33224e-05,-0.000263925,-0.0010708,0.000181055,-0.000223621,-0.000142868,0.00112261,-0.000333029,-0.00131573,-0.000174733,-2.85516e-05,3.16224e-05,2.33224e-05,-0.000333029,0.00345827,0.000292847,-0.00243225,-0.00159672,-6.35152e-05,-0.000263925,-0.00131573,0.000292847,0.00328887,-3.09496e-05,0.00156166,-9.20175e-05,-0.0010708,-0.000174733,-0.00243225,-3.09496e-05,0.0341236,0.00116878,-0.00199368,0.000181055,-2.85516e-05,-0.00159672,0.00156166,0.00116878,0.0264794,0.000262851,-0.000223621,3.16224e-05,-6.35152e-05,-9.20175e-05,-0.00199368,0.000262851,0.0467633,
0.00431199,-0.000143394,2.05414e-05,-0.000263114,-0.00107382,0.000177177,-0.000223376,-0.000143394,0.00112269,-0.000333021,-0.00131576,-0.000174618,-2.8542e-05,3.16607e-05,2.05414e-05,-0.000333021,0.00345702,0.000293126,-0.0024322,-0.00159717,-6.32114e-05,-0.000263114,-0.00131576,0.000293126,0.00328882,-3.15268e-05,0.00156177,-9.2007e-05,-0.00107382,-0.000174618,-0.0024322,-3.15268e-05,0.0341238,0.0011698,-0.00199386,0.000177177,-2.8542e-05,-0.00159717,0.00156177,0.0011698,0.0264792,0.000262957,-0.000223376,3.16607e-05,-6.32114e-05,-9.2007e-05,-0.00199386,0.000262957,0.0467634,
0.00431349,-0.000143912,1.78051e-05,-0.000262318,-0.0010768,0.000173364,-0.000223133,-0.000143912,0.00112276,-0.000333014,-0.00131579,-0.000174509,-2.85346e-05,3.16987e-05,1.78051e-05,-0.000333014,0.00345579,0.000293401,-0.00243215,-0.00159761,-6.29119e-05,-0.000262318,-0.00131579,0.000293401,0.00328878,-3.21005e-05,0.00156188,-9.19961e-05,-0.0010768,-0.000174509,-0.00243215,-3.21005e-05,0.0341239,0.00117081,-0.00199404,0.000173364,-2.85346e-05,-0.00159761,0.00156188,0.00117081,0.026479,0.000263063,-0.000223133,3.16987e-05,-6.29119e-05,-9.19961e-05,-0.00199404,0.000263063,0.0467634,
0.00431496,-0.000144422,1.51087e-05,-0.000261534,-0.00107972,0.000169609,-0.000222893,-0.000144422,0.00112284,-0.000333006,-0.00131581,-0.000174403,-2.85293e-05,3.17363e-05,1.51087e-05,-0.000333006,0.00345458,0.000293671,-0.00243209,-0.00159803,-6.26163e-05,-0.000261534,-0.00131581,0.000293671,0.00328873,-3.2671e-05,0.00156198,-9.1985e-05,-0.00107972,-0.000174403,-0.00243209,-3.2671e-05,0.0341241,0.0011718,-0.00199422,0.000169609,-2.85293e-05,-0.00159803,0.00156198,0.0011718,0.0264787,0.000263168,-0.000222893,3.17363e-05,-6.26163e-05,-9.1985e-05,-0.00199422,0.000263168,0.0467634,
0.00431639,-0.000144926,1.24478e-05,-0.000260762,-0.00108261,0.000165906,-0.000222655,-0.000144926,0.00112291,-0.000332999,-0.00131584,-0.000174301,-2.85258e-05,3.17736e-05,1.24478e-05,-0.000332999,0.00345339,0.000293938,-0.00243204,-0.00159844,-6.2324e-05,-0.000260762,-0.00131584,0.000293938,0.00328868,-3.32389e-05,0.00156208,-9.19737e-05,-0.00108261,-0.000174301,-0.00243204,-3.32389e-05,0.0341242,0.00117278,-0.0019944,0.000165906,-2.85258e-05,-0.00159844,0.00156208,0.00117278,0.0264785,0.000263273,-0.000222655,3.17736e-05,-6.2324e-05,-9.19738e-05,-0.0019944,0.000263273,0.0467635,
0.0043178,-0.000145423,9.81832e-06,-0.000260001,-0.00108545,0.00016225,-0.00022242,-0.000145423,0.00112298,-0.000332992,-0.00131586,-0.000174202,-2.8524e-05,3.18106e-05,9.81832e-06,-0.000332992,0.00345221,0.000294202,-0.00243199,-0.00159884,-6.20349e-05,-0.000260001,-0.00131586,0.000294202,0.00328864,-3.38045e-05,0.00156217,-9.19623e-05,-0.00108545,-0.000174202,-0.00243199,-3.38045e-05,0.0341243,0.00117376,-0.00199458,0.00016225,-2.8524e-05,-0.00159884,0.00156217,0.00117376,0.0264783,0.000263377,-0.00022242,3.18106e-05,-6.20349e-05,-9.19623e-05,-0.00199458,0.000263377,0.0467635,
0.00431917,-0.000145914,7.21668e-06,-0.000259248,-0.00108826,0.000158636,-0.000222186,-0.000145914,0.00112305,-0.000332985,-0.00131589,-0.000174106,-2.85236e-05,3.18473e-05,7.21668e-06,-0.000332985,0.00345104,0.000294462,-0.00243195,-0.00159923,-6.17485e-05,-0.000259248,-0.00131589,0.000294462,0.00328859,-3.43682e-05,0.00156226,-9.19507e-05,-0.00108826,-0.000174106,-0.00243195,-3.43682e-05,0.0341244,0.00117472,-0.00199475,0.000158636,-2.85236e-05,-0.00159923,0.00156226,0.00117472,0.026478,0.000263482,-0.000222186,3.18473e-05,-6.17485e-05,-9.19507e-05,-0.00199475,0.000263482,0.0467635,
