0.00362104,0.00103186,-0.00109282,0.00041926,-0.000997525,-0.00144422,-8.8777e-05,0.00103186,0.00169731,0.00110506,9.84856e-05,-0.000247093,0.000327247,-0.000121824,-0.00109282,0.00110506,0.00380257,-0.000151999,-0.00116404,-0.00163921,-8.94101e-05,0.00041926,9.84856e-05,-0.000151999,0.00162706,-0.000636622,-0.000112019,-0.000105631,-0.000997525,-0.000247093,-0.00116404,-0.000636622,0.0348963,0.00201686,-0.00173015,-0.00144422,0.000327247,-0.00163921,-0.000112019,0.00201686,0.0290011,-0.000223775,-8.8777e-05,-0.000121824,-8.94101e-05,-0.000105631,-0.00173015,-0.000223775,0.0467208,
0.00362051,0.0010318,-0.00109319,0.00041951,-0.000997279,-0.00144434,-8.87522e-05,0.0010318,0.0016977,0.00110506,9.86353e-05,-0.000247175,0.000326664,-0.000121835,-0.00109319,0.00110506,0.00380212,-0.000152084,-0.00116387,-0.0016395,-8.9386e-05,0.00041951,9.86353e-05,-0.000152084,0.00162713,-0.000636672,-0.000111812,-0.000105641,-0.000997279,-0.000247175,-0.00116387,-0.000636672,0.0348961,0.00201684,-0.00173022,-0.00144434,0.000326664,-0.0016395,-0.000111812,0.00201684,0.0290014,-0.000223822,-8.87522e-05,-0.000121835,-8.9386e-05,-0.000105641,-0.00173022,-0.000223822,0.0467207,
0.00362013,0.00103175,-0.00109344,0.000419724,-0.000997104,-0.00144443,-8.87342e-05,0.00103175,0.00169797,0.00110506,9.87644e-05,-0.00024723,0.000326266,-0.00012184,-0.00109344,0.00110506,0.00380181,-0.000152142,-0.00116376,-0.0016397,-8.93694e-05,0.000419724,9.87644e-05,-0.000152142,0.00162718,-0.000636643,-0.000111665,-0.000105664,-0.000997104,-0.00024723,-0.00116376,-0.000636643,0.034896,0.00201679,-0.00173021,-0.00144443,0.000326266,-0.0016397,-0.000111665,0.00201679,0.0290017,-0.000223884,-8.87342e-05,-0.00012184,-8.93694e-05,-0.000105664,-0.00173021,-0.000223884,0.0467207,
0.00361985,0.00103171,-0.00109361,0.000419909,-0.000996976,-0.00144449,-8.87218e-05,0.00103171,0.00169816,0.00110506,9.88755e-05,-0.000247265,0.000325996,-0.000121841,-0.00109361,0.00110506,0.0038016,-0.000152184,-0.00116368,-0.00163984,-8.93585e-05,0.000419909,9.88755e-05,-0.000152184,0.00162722,-0.000636591,-0.000111563,-0.000105691,-0.000996976,-0.000247265,-0.00116368,-0.000636591,0.0348959,0.00201674,-0.00173017,-0.00144449,0.000325996,-0.00163984,-0.000111563,0.00201674,0.0290019,-0.000223956,-8.87218e-05,-0.000121841,-8.93585e-05,-0.000105691,-0.00173017,-0.000223956,0.0467207,
0.00361964,0.00103167,-0.00109373,0.000420072,-0.000996882,-0.00144453,-8.87136e-05,0.00103167,0.00169829,0.00110507,9.89714e-05,-0.000247286,0.000325812,-0.00012184,-0.00109373,0.00110507,0.00380145,-0.000152215,-0.00116362,-0.00163995,-8.93521e-05,0.000420072,9.89714e-05,-0.000152215,0.00162726,-0.000636537,-0.000111493,-0.000105721,-0.000996882,-0.000247286,-0.00116362,-0.000636537,0.0348959,0.00201667,-0.00173012,-0.00144453,0.000325812,-0.00163995,-0.000111493,0.00201667,0.029002,-0.000224035,-8.87136e-05,-0.00012184,-8.93521e-05,-0.000105721,-0.00173012,-0.000224035,0.0467207,
0.00361948,0.00103164,-0.0010938,0.000420217,-0.00099681,-0.00144455,-8.87086e-05,0.00103164,0.00169837,0.00110507,9.90549e-05,-0.000247296,0.000325688,-0.000121839,-0.0010938,0.00110507,0.00380135,-0.000152239,-0.00116359,-0.00164003,-8.93488e-05,0.000420217,9.90549e-05,-0.000152239,0.00162729,-0.000636488,-0.000111446,-0.000105752,-0.00099681,-0.000247296,-0.00116359,-0.000636488,0.0348958,0.00201661,-0.00173006,-0.00144455,0.000325688,-0.00164003,-0.000111446,0.00201661,0.0290021,-0.000224119,-8.87086e-05,-0.000121839,-8.93488e-05,-0.000105752,-0.00173006,-0.000224119,0.0467206,
0.00361935,0.00103162,-0.00109385,0.000420347,-0.000996754,-0.00144456,-8.87058e-05,0.00103162,0.00169843,0.00110507,9.91281e-05,-0.0002473,0.000325604,-0.000121836,-0.00109385,0.00110507,0.00380127,-0.000152258,-0.00116357,-0.00164008,-8.93478e-05,0.000420347,9.91281e-05,-0.000152258,0.00162731,-0.000636446,-0.000111415,-0.000105783,-0.000996754,-0.0002473,-0.00116357,-0.000636446,0.0348958,0.00201653,-0.00172999,-0.00144456,0.000325604,-0.00164008,-0.000111415,0.00201653,0.0290021,-0.000224206,-8.87058e-05,-0.000121836,-8.93478e-05,-0.000105783,-0.00172999,-0.000224206,0.0467206,
0.00361925,0.0010316,-0.00109389,0.000420465,-0.00099671,-0.00144456,-8.87047e-05,0.0010316,0.00169847,0.00110508,9.91927e-05,-0.000247299,0.000325549,-0.000121833,-0.00109389,0.00110508,0.00380122,-0.000152274,-0.00116355,-0.00164013,-8.93484e-05,0.000420465,9.91927e-05,-0.000152274,0.00162734,-0.00063641,-0.000111396,-0.000105814,-0.00099671,-0.000247299,-0.00116355,-0.00063641,0.0348958,0.00201646,-0.00172993,-0.00144456,0.000325549,-0.00164013,-0.000111396,0.00201646,0.0290022,-0.000224297,-8.87047e-05,-0.000121833,-8.93484e-05,-0.000105814,-0.00172993,-0.000224297,0.0467206,
0.00361917,0.00103158,-0.00109391,0.00042057,-0.000996675,-0.00144456,-8.87048e-05,0.00103158,0.0016985,0.00110508,9.92501e-05,-0.000247294,0.000325512,-0.00012183,-0.00109391,0.00110508,0.00380119,-0.000152288,-0.00116355,-0.00164016,-8.93501e-05,0.00042057,9.92501e-05,-0.000152288,0.00162736,-0.000636381,-0.000111383,-0.000105844,-0.000996675,-0.000247294,-0.00116355,-0.000636381,0.0348958,0.00201638,-0.00172987,-0.00144456,0.000325512,-0.00164016,-0.000111383,0.00201638,0.0290022,-0.00022439,-8.87048e-05,-0.00012183,-8.93501e-05,-0.000105844,-0.00172987,-0.00022439,0.0467205,
0.00361911,0.00103156,-0.00109392,0.000420666,-0.000996645,-0.00144455,-8.87058e-05,0.00103156,0.00169851,0.00110508,9.93013e-05,-0.000247288,0.000325487,-0.000121827,-0.00109392,0.00110508,0.00380116,-0.000152299,-0.00116354,-0.00164019,-8.93527e-05,0.000420666,9.93013e-05,-0.000152299,0.00162738,-0.000636357,-0.000111376,-0.000105875,-0.000996645,-0.000247288,-0.00116354,-0.000636357,0.0348958,0.0020163,-0.0017298,-0.00144455,0.000325487,-0.00164019,-0.000111376,0.0020163,0.0290021,-0.000224485,-8.87058e-05,-0.000121827,-8.93527e-05,-0.000105875,-0.0017298,-0.000224485,0.0467205,
0.00361905,0.00103155,-0.00109392,0.000420753,-0.000996621,-0.00144454,-8.87075e-05,0.00103155,0.00169853,0.00110508,9.93472e-05,-0.000247281,0.000325471,-0.000121824,-0.00109392,0.00110508,0.00380114,-0.000152309,-0.00116354,-0.00164021,-8.93559e-05,0.000420753,9.93472e-05,-0.000152309,0.0016274,-0.000636338,-0.000111373,-0.000105905,-0.000996621,-0.000247281,-0.00116354,-0.000636338,0.0348958,0.00201622,-0.00172974,-0.00144454,0.000325471,-0.00164021,-0.000111373,0.00201622,0.0290021,-0.000224582,-8.87075e-05,-0.000121824,-8.93559e-05,-0.000105905,-0.00172974,-0.000224582,0.0467204,
0.00361901,0.00103153,-0.00109393,0.000420832,-0.000996601,-0.00144454,-8.87097e-05,0.00103153,0.00169853,0.00110509,9.93884e-05,-0.000247272,0.000325461,-0.000121821,-0.00109393,0.00110509,0.00380113,-0.000152318,-0.00116354,-0.00164023,-8.93595e-05,0.000420832,9.93884e-05,-0.000152318,0.00162741,-0.000636322,-0.000111372,-0.000105935,-0.000996601,-0.000247272,-0.00116354,-0.000636322,0.0348959,0.00201614,-0.00172968,-0.00144454,0.000325461,-0.00164023,-0.000111372,0.00201614,0.0290021,-0.00022468,-8.87097e-05,-0.000121821,-8.93595e-05,-0.000105935,-0.00172968,-0.00022468,0.0467204,
0.00361897,0.00103152,-0.00109393,0.000420904,-0.000996583,-0.00144453,-8.87122e-05,0.00103152,0.00169854,0.00110509,9.94255e-05,-0.000247264,0.000325454,-0.000121818,-0.00109393,0.00110509,0.00380112,-0.000152326,-0.00116355,-0.00164024,-8.93634e-05,0.000420904,9.94255e-05,-0.000152326,0.00162743,-0.00063631,-0.000111372,-0.000105964,-0.000996583,-0.000247264,-0.00116355,-0.00063631,0.0348959,0.00201606,-0.00172962,-0.00144453,0.000325454,-0.00164024,-0.000111372,0.00201606,0.0290021,-0.000224779,-8.87122e-05,-0.000121818,-8.93634e-05,-0.000105964,-0.00172962,-0.000224779,0.0467204,
0.00361893,0.00103151,-0.00109393,0.000420969,-0.000996568,-0.00144452,-8.87151e-05,0.00103151,0.00169854,0.00110509,9.9459e-05,-0.000247255,0.000325449,-0.000121815,-0.00109393,0.00110509,0.00380111,-0.000152333,-0.00116355,-0.00164026,-8.93676e-05,0.000420969,9.9459e-05,-0.000152333,0.00162744,-0.000636301,-0.000111374,-0.000105994,-0.000996568,-0.000247255,-0.00116355,-0.000636301,0.0348959,0.00201598,-0.00172957,-0.00144452,0.000325449,-0.00164026,-0.000111374,0.00201598,0.029002,-0.000224879,-8.87151e-05,-0.000121815,-8.93676e-05,-0.000105994,-0.00172957,-0.000224879,0.0467203,
0.0036189,0.0010315,-0.00109392,0.000421029,-0.000996555,-0.00144452,-8.87181e-05,0.0010315,0.00169854,0.00110509,9.94893e-05,-0.000247247,0.000325446,-0.000121812,-0.00109392,0.00110509,0.00380111,-0.000152339,-0.00116355,-0.00164027,-8.9372e-05,0.000421029,9.94893e-05,-0.000152339,0.00162745,-0.000636295,-0.000111376,-0.000106023,-0.000996555,-0.000247247,-0.00116355,-0.000636295,0.034896,0.00201589,-0.00172951,-0.00144452,0.000325446,-0.00164027,-0.000111376,0.00201589,0.029002,-0.00022498,-8.87181e-05,-0.000121812,-8.9372e-05,-0.000106023,-0.00172951,-0.00022498,0.0467203,
0.00361887,0.00103149,-0.00109392,0.000421083,-0.000996543,-0.00144451,-8.87214e-05,0.00103149,0.00169854,0.00110509,9.95167e-05,-0.000247238,0.000325443,-0.000121809,-0.00109392,0.00110509,0.0038011,-0.000152345,-0.00116356,-0.00164028,-8.93765e-05,0.000421083,9.95167e-05,-0.000152345,0.00162747,-0.00063629,-0.000111379,-0.000106052,-0.000996543,-0.000247238,-0.00116356,-0.00063629,0.034896,0.00201581,-0.00172945,-0.00144451,0.000325443,-0.00164028,-0.000111379,0.00201581,0.0290019,-0.000225082,-8.87214e-05,-0.000121809,-8.93765e-05,-0.000106052,-0.00172945,-0.000225082,0.0467202,
0.00361885,0.00103148,-0.00109392,0.000421132,-0.000996533,-0.00144451,-8.87248e-05,0.00103148,0.00169854,0.0011051,9.95416e-05,-0.00024723,0.000325441,-0.000121806,-0.00109392,0.0011051,0.0038011,-0.000152351,-0.00116356,-0.00164029,-8.93811e-05,0.000421132,9.95416e-05,-0.000152351,0.00162748,-0.000636288,-0.000111381,-0.00010608,-0.000996533,-0.00024723,-0.00116356,-0.000636288,0.0348961,0.00201573,-0.0017294,-0.00144451,0.000325441,-0.00164029,-0.000111381,0.00201573,0.0290019,-0.000225185,-8.87248e-05,-0.000121806,-8.93811e-05,-0.00010608,-0.0017294,-0.000225185,0.0467202,
0.00361883,0.00103148,-0.00109392,0.000421178,-0.000996524,-0.0014445,-8.87284e-05,0.00103148,0.00169854,0.0011051,9.95642e-05,-0.000247222,0.000325439,-0.000121803,-0.00109392,0.0011051,0.0038011,-0.000152356,-0.00116357,-0.0016403,-8.93858e-05,0.000421178,9.95642e-05,-0.000152356,0.00162748,-0.000636288,-0.000111385,-0.000106109,-0.000996524,-0.000247222,-0.00116357,-0.000636288,0.0348961,0.00201565,-0.00172934,-0.0014445,0.000325439,-0.0016403,-0.000111385,0.00201565,0.0290018,-0.000225288,-8.87284e-05,-0.000121803,-8.93858e-05,-0.000106109,-0.00172934,-0.000225288,0.0467202,
0.00361881,0.00103147,-0.00109391,0.000421219,-0.000996515,-0.0014445,-8.87321e-05,0.00103147,0.00169854,0.0011051,9.95847e-05,-0.000247214,0.000325436,-0.000121801,-0.00109391,0.0011051,0.00380109,-0.00015236,-0.00116357,-0.00164031,-8.93906e-05,0.000421219,9.95847e-05,-0.00015236,0.00162749,-0.000636289,-0.000111388,-0.000106137,-0.000996515,-0.000247214,-0.00116357,-0.000636289,0.0348962,0.00201557,-0.00172929,-0.0014445,0.000325436,-0.00164031,-0.000111388,0.00201557,0.0290018,-0.000225393,-8.87321e-05,-0.000121801,-8.93906e-05,-0.000106137,-0.00172929,-0.000225393,0.0467201,
0.00361879,0.00103146,-0.00109391,0.000421257,-0.000996508,-0.00144449,-8.87358e-05,0.00103146,0.00169854,0.0011051,9.96033e-05,-0.000247206,0.000325434,-0.000121798,-0.00109391,0.0011051,0.00380109,-0.000152364,-0.00116358,-0.00164032,-8.93954e-05,0.000421257,9.96033e-05,-0.000152364,0.0016275,-0.000636291,-0.000111391,-0.000106165,-0.000996508,-0.000247206,-0.00116358,-0.000636291,0.0348962,0.00201549,-0.00172924,-0.00144449,0.000325434,-0.00164032,-0.000111391,0.00201549,0.0290017,-0.000225498,-8.87358e-05,-0.000121798,-8.93954e-05,-0.000106165,-0.00172924,-0.000225498,0.0467201,
0.00361877,0.00103146,-0.00109391,0.000421291,-0.000996502,-0.00144449,-8.87397e-05,0.00103146,0.00169854,0.0011051,9.96203e-05,-0.000247198,0.000325431,-0.000121795,-0.00109391,0.0011051,0.00380109,-0.000152368,-0.00116358,-0.00164033,-8.94003e-05,0.000421291,9.96203e-05,-0.000152368,0.00162751,-0.000636295,-0.000111394,-0.000106193,-0.000996502,-0.000247198,-0.00116358,-0.000636295,0.0348963,0.0020154,-0.00172919,-0.00144449,0.000325431,-0.00164033,-0.000111394,0.0020154,0.0290017,-0.000225604,-8.87397e-05,-0.000121795,-8.94003e-05,-0.000106193,-0.00172919,-0.000225604,0.04672,
0.00361876,0.00103145,-0.00109391,0.000421323,-0.000996496,-0.00144449,-8.87436e-05,0.00103145,0.00169854,0.0011051,9.96357e-05,-0.000247191,0.000325428,-0.000121792,-0.00109391,0.0011051,0.00380109,-0.000152372,-0.00116359,-0.00164034,-8.94052e-05,0.000421323,9.96357e-05,-0.000152372,0.00162751,-0.0006363,-0.000111397,-0.000106221,-0.000996496,-0.000247191,-0.00116359,-0.0006363,0.0348963,0.00201532,-0.00172914,-0.00144449,0.000325428,-0.00164034,-0.000111397,0.00201532,0.0290016,-0.00022571,-8.87436e-05,-0.000121792,-8.94052e-05,-0.000106221,-0.00172914,-0.00022571,0.04672,
0.00361874,0.00103145,-0.00109391,0.000421352,-0.000996491,-0.00144449,-8.87476e-05,0.00103145,0.00169854,0.0011051,9.96498e-05,-0.000247184,0.000325425,-0.00012179,-0.00109391,0.0011051,0.00380109,-0.000152376,-0.00116359,-0.00164035,-8.94102e-05,0.000421352,9.96498e-05,-0.000152376,0.00162752,-0.000636306,-0.000111401,-0.000106249,-0.000996491,-0.000247184,-0.00116359,-0.000636306,0.0348964,0.00201524,-0.00172909,-0.00144449,0.000325425,-0.00164035,-0.000111401,0.00201524,0.0290016,-0.000225817,-8.87476e-05,-0.00012179,-8.94102e-05,-0.000106249,-0.00172909,-0.000225817,0.04672,
0.00361873,0.00103144,-0.0010939,0.000421379,-0.000996486,-0.00144449,-8.87517e-05,0.00103144,0.00169854,0.0011051,9.96626e-05,-0.000247177,0.000325421,-0.000121787,-0.0010939,0.0011051,0.00380108,-0.000152379,-0.0011636,-0.00164036,-8.94153e-05,0.000421379,9.96626e-05,-0.000152379,0.00162753,-0.000636313,-0.000111404,-0.000106276,-0.000996486,-0.000247177,-0.0011636,-0.000636313,0.0348964,0.00201516,-0.00172904,-0.00144449,0.000325421,-0.00164036,-0.000111404,0.00201516,0.0290015,-0.000225924,-8.87517e-05,-0.000121787,-8.94153e-05,-0.000106276,-0.00172904,-0.000225924,0.0467199,
0.00361872,0.00103144,-0.0010939,0.000421404,-0.000996482,-0.00144449,-8.87558e-05,0.00103144,0.00169854,0.0011051,9.96743e-05,-0.00024717,0.000325417,-0.000121785,-0.0010939,0.0011051,0.00380108,-0.000152382,-0.0011636,-0.00164037,-8.94203e-05,0.000421404,9.96743e-05,-0.000152382,0.00162753,-0.000636321,-0.000111407,-0.000106304,-0.000996482,-0.00024717,-0.0011636,-0.000636321,0.0348965,0.00201508,-0.00172899,-0.00144449,0.000325417,-0.00164037,-0.000111407,0.00201508,0.0290015,-0.000226032,-8.87558e-05,-0.000121785,-8.94203e-05,-0.000106304,-0.00172899,-0.000226032,0.0467199,
0.0036187,0.00103143,-0.0010939,0.000421427,-0.000996478,-0.00144449,-8.876e-05,0.00103143,0.00169854,0.0011051,9.96849e-05,-0.000247163,0.000325413,-0.000121782,-0.0010939,0.0011051,0.00380108,-0.000152385,-0.0011636,-0.00164037,-8.94254e-05,0.000421427,9.96849e-05,-0.000152385,0.00162753,-0.00063633,-0.00011141,-0.000106332,-0.000996478,-0.000247163,-0.0011636,-0.00063633,0.0348965,0.00201499,-0.00172894,-0.00144449,0.000325413,-0.00164037,-0.00011141,0.00201499,0.0290014,-0.00022614,-8.876e-05,-0.000121782,-8.94254e-05,-0.000106332,-0.00172894,-0.00022614,0.0467198,
0.00361869,0.00103143,-0.0010939,0.000421448,-0.000996475,-0.00144449,-8.87643e-05,0.00103143,0.00169854,0.0011051,9.96947e-05,-0.000247157,0.000325409,-0.000121779,-0.0010939,0.0011051,0.00380108,-0.000152388,-0.00116361,-0.00164038,-8.94306e-05,0.000421448,9.96947e-05,-0.000152388,0.00162754,-0.000636339,-0.000111413,-0.000106359,-0.000996475,-0.000247157,-0.00116361,-0.000636339,0.0348966,0.00201491,-0.00172889,-0.00144449,0.000325409,-0.00164038,-0.000111413,0.00201491,0.0290014,-0.000226249,-8.87643e-05,-0.000121779,-8.94306e-05,-0.000106359,-0.00172889,-0.000226249,0.0467198,
0.00361868,0.00103143,-0.0010939,0.000421467,-0.000996472,-0.00144449,-8.87685e-05,0.00103143,0.00169854,0.0011051,9.97036e-05,-0.00024715,0.000325404,-0.000121777,-0.0010939,0.0011051,0.00380108,-0.00015239,-0.00116361,-0.00164039,-8.94357e-05,0.000421467,9.97036e-05,-0.00015239,0.00162754,-0.000636349,-0.000111416,-0.000106387,-0.000996472,-0.00024715,-0.00116361,-0.000636349,0.0348967,0.00201483,-0.00172884,-0.00144449,0.000325404,-0.00164039,-0.000111416,0.00201483,0.0290013,-0.000226358,-8.87685e-05,-0.000121777,-8.94357e-05,-0.000106387,-0.00172884,-0.000226358,0.0467198,
0.00361867,0.00103142,-0.0010939,0.000421485,-0.00099647,-0.00144449,-8.87728e-05,0.00103142,0.00169854,0.0011051,9.97118e-05,-0.000247144,0.000325399,-0.000121774,-0.0010939,0.0011051,0.00380108,-0.000152393,-0.00116362,-0.0016404,-8.94409e-05,0.000421485,9.97118e-05,-0.000152393,0.00162755,-0.00063636,-0.000111418,-0.000106414,-0.00099647,-0.000247144,-0.00116362,-0.00063636,0.0348967,0.00201475,-0.00172879,-0.00144449,0.000325399,-0.0016404,-0.000111418,0.00201475,0.0290012,-0.000226468,-8.87728e-05,-0.000121774,-8.94409e-05,-0.000106414,-0.00172879,-0.000226468,0.0467197,
0.00361867,0.00103142,-0.0010939,0.000421502,-0.000996467,-0.00144449,-8.87772e-05,0.00103142,0.00169854,0.00110511,9.97192e-05,-0.000247138,0.000325394,-0.000121772,-0.0010939,0.00110511,0.00380107,-0.000152395,-0.00116362,-0.00164041,-8.94461e-05,0.000421502,9.97192e-05,-0.000152395,0.00162755,-0.000636371,-0.000111421,-0.000106442,-0.000996467,-0.000247138,-0.00116362,-0.000636371,0.0348968,0.00201466,-0.00172874,-0.00144449,0.000325394,-0.00164041,-0.000111421,0.00201466,0.0290012,-0.000226578,-8.87772e-05,-0.000121772,-8.94461e-05,-0.000106442,-0.00172874,-0.000226578,0.0467197,
0.00361866,0.00103142,-0.0010939,0.000421517,-0.000996465,-0.00144449,-8.87816e-05,0.00103142,0.00169854,0.00110511,9.97261e-05,-0.000247132,0.000325389,-0.000121769,-0.0010939,0.00110511,0.00380107,-0.000152397,-0.00116362,-0.00164042,-8.94513e-05,0.000421517,9.97261e-05,-0.000152397,0.00162755,-0.000636383,-0.000111424,-0.000106469,-0.000996465,-0.000247132,-0.00116362,-0.000636383,0.0348968,0.00201458,-0.00172869,-0.00144449,0.000325389,-0.00164042,-0.000111424,0.00201458,0.0290011,-0.000226688,-8.87816e-05,-0.000121769,-8.94513e-05,-0.000106469,-0.00172869,-0.000226688,0.0467196,
0.00361865,0.00103142,-0.0010939,0.000421532,-0.000996464,-0.00144449,-8.8786e-05,0.00103142,0.00169854,0.00110511,9.97324e-05,-0.000247125,0.000325384,-0.000121767,-0.0010939,0.00110511,0.00380107,-0.0001524,-0.00116363,-0.00164042,-8.94566e-05,0.000421532,9.97324e-05,-0.0001524,0.00162756,-0.000636395,-0.000111427,-0.000106497,-0.000996464,-0.000247125,-0.00116363,-0.000636395,0.0348969,0.0020145,-0.00172864,-0.00144449,0.000325384,-0.00164042,-0.000111427,0.0020145,0.0290011,-0.000226799,-8.8786e-05,-0.000121767,-8.94566e-05,-0.000106497,-0.00172864,-0.000226799,0.0467196,
0.00361864,0.00103141,-0.0010939,0.000421545,-0.000996462,-0.0014445,-8.87904e-05,0.00103141,0.00169854,0.00110511,9.97381e-05,-0.000247119,0.000325378,-0.000121764,-0.0010939,0.00110511,0.00380107,-0.000152402,-0.00116363,-0.00164043,-8.94619e-05,0.000421545,9.97381e-05,-0.000152402,0.00162756,-0.000636407,-0.00011143,-0.000106524,-0.000996462,-0.000247119,-0.00116363,-0.000636407,0.034897,0.00201441,-0.0017286,-0.0014445,0.000325378,-0.00164043,-0.00011143,0.00201441,0.029001,-0.00022691,-8.87904e-05,-0.000121764,-8.94619e-05,-0.000106524,-0.0017286,-0.00022691,0.0467195,
0.00361864,0.00103141,-0.0010939,0.000421558,-0.000996461,-0.0014445,-8.87949e-05,0.00103141,0.00169854,0.00110511,9.97435e-05,-0.000247113,0.000325372,-0.000121762,-0.0010939,0.00110511,0.00380107,-0.000152404,-0.00116364,-0.00164044,-8.94672e-05,0.000421558,9.97435e-05,-0.000152404,0.00162756,-0.00063642,-0.000111432,-0.000106552,-0.000996461,-0.000247113,-0.00116364,-0.00063642,0.034897,0.00201433,-0.00172855,-0.0014445,0.000325372,-0.00164044,-0.000111432,0.00201433,0.0290009,-0.000227021,-8.87949e-05,-0.000121762,-8.94672e-05,-0.000106552,-0.00172855,-0.000227021,0.0467195,
0.00361863,0.00103141,-0.0010939,0.000421569,-0.00099646,-0.0014445,-8.87994e-05,0.00103141,0.00169854,0.00110511,9.97484e-05,-0.000247108,0.000325366,-0.000121759,-0.0010939,0.00110511,0.00380107,-0.000152406,-0.00116364,-0.00164045,-8.94725e-05,0.000421569,9.97484e-05,-0.000152406,0.00162756,-0.000636434,-0.000111435,-0.000106579,-0.00099646,-0.000247108,-0.00116364,-0.000636434,0.0348971,0.00201425,-0.0017285,-0.0014445,0.000325366,-0.00164045,-0.000111435,0.00201425,0.0290009,-0.000227133,-8.87994e-05,-0.000121759,-8.94725e-05,-0.000106579,-0.0017285,-0.000227133,0.0467195,
0.00361862,0.00103141,-0.0010939,0.000421581,-0.000996458,-0.0014445,-8.88039e-05,0.00103141,0.00169855,0.00110511,9.97529e-05,-0.000247102,0.00032536,-0.000121757,-0.0010939,0.00110511,0.00380106,-0.000152408,-0.00116364,-0.00164046,-8.94778e-05,0.000421581,9.97529e-05,-0.000152408,0.00162756,-0.000636447,-0.000111437,-0.000106607,-0.000996458,-0.000247102,-0.00116364,-0.000636447,0.0348971,0.00201416,-0.00172845,-0.0014445,0.00032536,-0.00164046,-0.000111437,0.00201416,0.0290008,-0.000227245,-8.88039e-05,-0.000121757,-8.94778e-05,-0.000106607,-0.00172845,-0.000227245,0.0467194,
0.00361862,0.00103141,-0.0010939,0.000421591,-0.000996458,-0.00144451,-8.88085e-05,0.00103141,0.00169855,0.00110511,9.97571e-05,-0.000247096,0.000325354,-0.000121754,-0.0010939,0.00110511,0.00380106,-0.00015241,-0.00116365,-0.00164046,-8.94832e-05,0.000421591,9.97571e-05,-0.00015241,0.00162757,-0.000636461,-0.00011144,-0.000106634,-0.000996458,-0.000247096,-0.00116365,-0.000636461,0.0348972,0.00201408,-0.00172841,-0.00144451,0.000325354,-0.00164046,-0.00011144,0.00201408,0.0290008,-0.000227357,-8.88085e-05,-0.000121754,-8.94832e-05,-0.000106634,-0.00172841,-0.000227357,0.0467194,
0.00361861,0.0010314,-0.0010939,0.000421601,-0.000996457,-0.00144451,-8.8813e-05,0.0010314,0.00169855,0.00110511,9.97609e-05,-0.00024709,0.000325348,-0.000121752,-0.0010939,0.00110511,0.00380106,-0.000152411,-0.00116365,-0.00164047,-8.94885e-05,0.000421601,9.97609e-05,-0.000152411,0.00162757,-0.000636475,-0.000111443,-0.000106662,-0.000996457,-0.00024709,-0.00116365,-0.000636475,0.0348973,0.002014,-0.00172836,-0.00144451,0.000325348,-0.00164047,-0.000111443,0.002014,0.0290007,-0.000227469,-8.8813e-05,-0.000121752,-8.94885e-05,-0.000106662,-0.00172836,-0.000227469,0.0467193,
0.00361861,0.0010314,-0.0010939,0.00042161,-0.000996456,-0.00144451,-8.88176e-05,0.0010314,0.00169855,0.00110511,9.97645e-05,-0.000247084,0.000325342,-0.000121749,-0.0010939,0.00110511,0.00380106,-0.000152413,-0.00116366,-0.00164048,-8.94939e-05,0.00042161,9.97645e-05,-0.000152413,0.00162757,-0.000636489,-0.000111445,-0.000106689,-0.000996456,-0.000247084,-0.00116366,-0.000636489,0.0348973,0.00201391,-0.00172831,-0.00144451,0.000325342,-0.00164048,-0.000111445,0.00201391,0.0290006,-0.000227582,-8.88176e-05,-0.000121749,-8.94939e-05,-0.000106689,-0.00172831,-0.000227582,0.0467193,
0.0036186,0.0010314,-0.0010939,0.000421619,-0.000996456,-0.00144451,-8.88222e-05,0.0010314,0.00169855,0.00110511,9.97679e-05,-0.000247079,0.000325335,-0.000121747,-0.0010939,0.00110511,0.00380106,-0.000152415,-0.00116366,-0.00164049,-8.94993e-05,0.000421619,9.97679e-05,-0.000152415,0.00162757,-0.000636504,-0.000111448,-0.000106717,-0.000996456,-0.000247079,-0.00116366,-0.000636504,0.0348974,0.00201383,-0.00172827,-0.00144451,0.000325335,-0.00164049,-0.000111448,0.00201383,0.0290006,-0.000227695,-8.88222e-05,-0.000121747,-8.94993e-05,-0.000106717,-0.00172827,-0.000227695,0.0467192,
0.00361859,0.0010314,-0.0010939,0.000421627,-0.000996455,-0.00144452,-8.88268e-05,0.0010314,0.00169855,0.00110511,9.9771e-05,-0.000247073,0.000325329,-0.000121745,-0.0010939,0.00110511,0.00380106,-0.000152417,-0.00116366,-0.00164049,-8.95047e-05,0.000421627,9.9771e-05,-0.000152417,0.00162757,-0.000636519,-0.00011145,-0.000106744,-0.000996455,-0.000247073,-0.00116366,-0.000636519,0.0348975,0.00201374,-0.00172822,-0.00144452,0.000325329,-0.00164049,-0.00011145,0.00201374,0.0290005,-0.000227808,-8.88268e-05,-0.000121745,-8.95047e-05,-0.000106744,-0.00172822,-0.000227808,0.0467192,
0.00361859,0.0010314,-0.0010939,0.000421635,-0.000996455,-0.00144452,-8.88314e-05,0.0010314,0.00169855,0.00110511,9.97739e-05,-0.000247067,0.000325322,-0.000121742,-0.0010939,0.00110511,0.00380106,-0.000152418,-0.00116367,-0.0016405,-8.95101e-05,0.000421635,9.97739e-05,-0.000152418,0.00162757,-0.000636533,-0.000111453,-0.000106772,-0.000996455,-0.000247067,-0.00116367,-0.000636533,0.0348975,0.00201366,-0.00172817,-0.00144452,0.000325322,-0.0016405,-0.000111453,0.00201366,0.0290004,-0.000227921,-8.88314e-05,-0.000121742,-8.95101e-05,-0.000106772,-0.00172817,-0.000227921,0.0467192,
0.00361859,0.0010314,-0.0010939,0.000421643,-0.000996455,-0.00144452,-8.88361e-05,0.0010314,0.00169855,0.00110511,9.97766e-05,-0.000247062,0.000325316,-0.00012174,-0.0010939,0.00110511,0.00380105,-0.00015242,-0.00116367,-0.00164051,-8.95155e-05,0.000421643,9.97766e-05,-0.00015242,0.00162758,-0.000636549,-0.000111455,-0.000106799,-0.000996455,-0.000247062,-0.00116367,-0.000636549,0.0348976,0.00201358,-0.00172812,-0.00144452,0.000325316,-0.00164051,-0.000111455,0.00201358,0.0290004,-0.000228034,-8.88361e-05,-0.00012174,-8.95155e-05,-0.000106799,-0.00172812,-0.000228034,0.0467191,
0.00361858,0.00103139,-0.0010939,0.00042165,-0.000996455,-0.00144453,-8.88407e-05,0.00103139,0.00169855,0.00110511,9.97791e-05,-0.000247056,0.000325309,-0.000121737,-0.0010939,0.00110511,0.00380105,-0.000152422,-0.00116367,-0.00164052,-8.95209e-05,0.00042165,9.97791e-05,-0.000152422,0.00162758,-0.000636564,-0.000111457,-0.000106827,-0.000996455,-0.000247056,-0.00116367,-0.000636564,0.0348977,0.00201349,-0.00172808,-0.00144453,0.000325309,-0.00164052,-0.000111457,0.00201349,0.0290003,-0.000228148,-8.88407e-05,-0.000121737,-8.95209e-05,-0.000106827,-0.00172808,-0.000228148,0.0467191,
0.00361858,0.00103139,-0.0010939,0.000421658,-0.000996454,-0.00144453,-8.88454e-05,0.00103139,0.00169855,0.00110511,9.97815e-05,-0.000247051,0.000325302,-0.000121735,-0.0010939,0.00110511,0.00380105,-0.000152423,-0.00116368,-0.00164052,-8.95264e-05,0.000421658,9.97815e-05,-0.000152423,0.00162758,-0.000636579,-0.00011146,-0.000106854,-0.000996454,-0.000247051,-0.00116368,-0.000636579,0.0348977,0.00201341,-0.00172803,-0.00144453,0.000325302,-0.00164052,-0.00011146,0.00201341,0.0290002,-0.000228261,-8.88454e-05,-0.000121735,-8.95264e-05,-0.000106854,-0.00172803,-0.000228261,0.046719,
0.00361857,0.00103139,-0.0010939,0.000421664,-0.000996454,-0.00144454,-8.88501e-05,0.00103139,0.00169855,0.00110511,9.97838e-05,-0.000247045,0.000325296,-0.000121733,-0.0010939,0.00110511,0.00380105,-0.000152425,-0.00116368,-0.00164053,-8.95318e-05,0.000421664,9.97838e-05,-0.000152425,0.00162758,-0.000636594,-0.000111462,-0.000106882,-0.000996454,-0.000247045,-0.00116368,-0.000636594,0.0348978,0.00201332,-0.00172798,-0.00144454,0.000325296,-0.00164053,-0.000111462,0.00201332,0.0290002,-0.000228375,-8.88501e-05,-0.000121733,-8.95318e-05,-0.000106882,-0.00172798,-0.000228375,0.046719,
0.00361857,0.00103139,-0.0010939,0.000421671,-0.000996454,-0.00144454,-8.88548e-05,0.00103139,0.00169855,0.00110511,9.97859e-05,-0.000247039,0.000325289,-0.00012173,-0.0010939,0.00110511,0.00380105,-0.000152426,-0.00116369,-0.00164054,-8.95373e-05,0.000421671,9.97859e-05,-0.000152426,0.00162758,-0.00063661,-0.000111465,-0.000106909,-0.000996454,-0.000247039,-0.00116369,-0.00063661,0.0348979,0.00201324,-0.00172794,-0.00144454,0.000325289,-0.00164054,-0.000111465,0.00201324,0.0290001,-0.000228489,-8.88548e-05,-0.00012173,-8.95373e-05,-0.000106909,-0.00172794,-0.000228489,0.0467189,
0.00361856,0.00103139,-0.0010939,0.000421677,-0.000996454,-0.00144454,-8.88595e-05,0.00103139,0.00169856,0.0011051,9.97879e-05,-0.000247034,0.000325282,-0.000121728,-0.0010939,0.0011051,0.00380105,-0.000152428,-0.00116369,-0.00164055,-8.95427e-05,0.000421677,9.97879e-05,-0.000152428,0.00162758,-0.000636626,-0.000111467,-0.000106937,-0.000996454,-0.000247034,-0.00116369,-0.000636626,0.0348979,0.00201315,-0.00172789,-0.00144454,0.000325282,-0.00164055,-0.000111467,0.00201315,0.0290001,-0.000228603,-8.88595e-05,-0.000121728,-8.95427e-05,-0.000106937,-0.00172789,-0.000228603,0.0467189,
0.00361856,0.00103139,-0.0010939,0.000421683,-0.000996455,-0.00144455,-8.88642e-05,0.00103139,0.00169856,0.0011051,9.97898e-05,-0.000247028,0.000325275,-0.000121725,-0.0010939,0.0011051,0.00380104,-0.000152429,-0.00116369,-0.00164055,-8.95482e-05,0.000421683,9.97898e-05,-0.000152429,0.00162758,-0.000636641,-0.000111469,-0.000106964,-0.000996455,-0.000247028,-0.00116369,-0.000636641,0.034898,0.00201307,-0.00172784,-0.00144455,0.000325275,-0.00164055,-0.000111469,0.00201307,0.029,-0.000228717,-8.88642e-05,-0.000121725,-8.95482e-05,-0.000106964,-0.00172784,-0.000228717,0.0467188,
0.00361855,0.00103139,-0.0010939,0.000421689,-0.000996455,-0.00144455,-8.88689e-05,0.00103139,0.00169856,0.0011051,9.97916e-05,-0.000247023,0.000325268,-0.000121723,-0.0010939,0.0011051,0.00380104,-0.000152431,-0.0011637,-0.00164056,-8.95537e-05,0.000421689,9.97916e-05,-0.000152431,0.00162758,-0.000636657,-0.000111472,-0.000106992,-0.000996455,-0.000247023,-0.0011637,-0.000636657,0.0348981,0.00201298,-0.0017278,-0.00144455,0.000325268,-0.00164056,-0.000111472,0.00201298,0.0289999,-0.000228831,-8.88689e-05,-0.000121723,-8.95537e-05,-0.000106992,-0.0017278,-0.000228831,0.0467188,
0.00361855,0.00103138,-0.0010939,0.000421695,-0.000996455,-0.00144455,-8.88736e-05,0.00103138,0.00169856,0.0011051,9.97934e-05,-0.000247017,0.000325261,-0.00012172,-0.0010939,0.0011051,0.00380104,-0.000152432,-0.0011637,-0.00164057,-8.95591e-05,0.000421695,9.97934e-05,-0.000152432,0.00162759,-0.000636673,-0.000111474,-0.000107019,-0.000996455,-0.000247017,-0.0011637,-0.000636673,0.0348981,0.0020129,-0.00172775,-0.00144455,0.000325261,-0.00164057,-0.000111474,0.0020129,0.0289999,-0.000228945,-8.88736e-05,-0.00012172,-8.95591e-05,-0.000107019,-0.00172775,-0.000228945,0.0467188,
0.00361855,0.00103138,-0.0010939,0.000421701,-0.000996455,-0.00144456,-8.88783e-05,0.00103138,0.00169856,0.0011051,9.9795e-05,-0.000247012,0.000325254,-0.000121718,-0.0010939,0.0011051,0.00380104,-0.000152434,-0.00116371,-0.00164058,-8.95646e-05,0.000421701,9.9795e-05,-0.000152434,0.00162759,-0.000636689,-0.000111476,-0.000107047,-0.000996455,-0.000247012,-0.00116371,-0.000636689,0.0348982,0.00201281,-0.0017277,-0.00144456,0.000325254,-0.00164058,-0.000111476,0.00201281,0.0289998,-0.00022906,-8.88783e-05,-0.000121718,-8.95646e-05,-0.000107047,-0.0017277,-0.00022906,0.0467187,
0.00361854,0.00103138,-0.0010939,0.000421706,-0.000996455,-0.00144456,-8.88831e-05,0.00103138,0.00169856,0.0011051,9.97966e-05,-0.000247006,0.000325247,-0.000121716,-0.0010939,0.0011051,0.00380104,-0.000152435,-0.00116371,-0.00164058,-8.95701e-05,0.000421706,9.97966e-05,-0.000152435,0.00162759,-0.000636705,-0.000111479,-0.000107075,-0.000996455,-0.000247006,-0.00116371,-0.000636705,0.0348983,0.00201273,-0.00172766,-0.00144456,0.000325247,-0.00164058,-0.000111479,0.00201273,0.0289997,-0.000229174,-8.88831e-05,-0.000121716,-8.95701e-05,-0.000107075,-0.00172766,-0.000229174,0.0467187,
0.00361854,0.00103138,-0.0010939,0.000421712,-0.000996456,-0.00144457,-8.88878e-05,0.00103138,0.00169856,0.0011051,9.97982e-05,-0.000247001,0.00032524,-0.000121713,-0.0010939,0.0011051,0.00380104,-0.000152437,-0.00116371,-0.00164059,-8.95756e-05,0.000421712,9.97982e-05,-0.000152437,0.00162759,-0.000636721,-0.000111481,-0.000107102,-0.000996456,-0.000247001,-0.00116371,-0.000636721,0.0348983,0.00201264,-0.00172761,-0.00144457,0.00032524,-0.00164059,-0.000111481,0.00201264,0.0289997,-0.000229289,-8.88878e-05,-0.000121713,-8.95756e-05,-0.000107102,-0.00172761,-0.000229289,0.0467186,
0.00361854,0.00103138,-0.0010939,0.000421717,-0.000996456,-0.00144457,-8.88925e-05,0.00103138,0.00169856,0.0011051,9.97996e-05,-0.000246995,0.000325233,-0.000121711,-0.0010939,0.0011051,0.00380104,-0.000152438,-0.00116372,-0.0016406,-8.95811e-05,0.000421717,9.97996e-05,-0.000152438,0.00162759,-0.000636737,-0.000111483,-0.00010713,-0.000996456,-0.000246995,-0.00116372,-0.000636737,0.0348984,0.00201256,-0.00172756,-0.00144457,0.000325233,-0.0016406,-0.000111483,0.00201256,0.0289996,-0.000229403,-8.88925e-05,-0.000121711,-8.95811e-05,-0.00010713,-0.00172756,-0.000229403,0.0467186,
0.00361853,0.00103138,-0.0010939,0.000421722,-0.000996456,-0.00144457,-8.88973e-05,0.00103138,0.00169856,0.0011051,9.98011e-05,-0.00024699,0.000325226,-0.000121709,-0.0010939,0.0011051,0.00380103,-0.00015244,-0.00116372,-0.00164061,-8.95866e-05,0.000421722,9.98011e-05,-0.00015244,0.00162759,-0.000636754,-0.000111485,-0.000107157,-0.000996456,-0.00024699,-0.00116372,-0.000636754,0.0348985,0.00201247,-0.00172752,-0.00144457,0.000325226,-0.00164061,-0.000111485,0.00201247,0.0289995,-0.000229518,-8.88973e-05,-0.000121709,-8.95866e-05,-0.000107157,-0.00172752,-0.000229518,0.0467185,
0.00361853,0.00103138,-0.0010939,0.000421727,-0.000996457,-0.00144458,-8.89021e-05,0.00103138,0.00169857,0.0011051,9.98024e-05,-0.000246984,0.000325219,-0.000121706,-0.0010939,0.0011051,0.00380103,-0.000152441,-0.00116372,-0.00164062,-8.95922e-05,0.000421727,9.98024e-05,-0.000152441,0.00162759,-0.00063677,-0.000111488,-0.000107185,-0.000996457,-0.000246984,-0.00116372,-0.00063677,0.0348985,0.00201239,-0.00172747,-0.00144458,0.000325219,-0.00164062,-0.000111488,0.00201239,0.0289995,-0.000229633,-8.89021e-05,-0.000121706,-8.95922e-05,-0.000107185,-0.00172747,-0.000229633,0.0467185,
0.00361852,0.00103138,-0.0010939,0.000421732,-0.000996457,-0.00144458,-8.89068e-05,0.00103138,0.00169857,0.0011051,9.98038e-05,-0.000246979,0.000325212,-0.000121704,-0.0010939,0.0011051,0.00380103,-0.000152443,-0.00116373,-0.00164062,-8.95977e-05,0.000421732,9.98038e-05,-0.000152443,0.00162759,-0.000636786,-0.00011149,-0.000107213,-0.000996457,-0.000246979,-0.00116373,-0.000636786,0.0348986,0.0020123,-0.00172743,-0.00144458,0.000325212,-0.00164062,-0.00011149,0.0020123,0.0289994,-0.000229748,-8.89068e-05,-0.000121704,-8.95977e-05,-0.000107213,-0.00172743,-0.000229748,0.0467184,
0.00361852,0.00103138,-0.0010939,0.000421737,-0.000996457,-0.00144458,-8.89116e-05,0.00103138,0.00169857,0.0011051,9.98051e-05,-0.000246974,0.000325205,-0.000121701,-0.0010939,0.0011051,0.00380103,-0.000152444,-0.00116373,-0.00164063,-8.96032e-05,0.000421737,9.98051e-05,-0.000152444,0.00162759,-0.000636803,-0.000111492,-0.00010724,-0.000996457,-0.000246974,-0.00116373,-0.000636803,0.0348987,0.00201222,-0.00172738,-0.00144458,0.000325205,-0.00164063,-0.000111492,0.00201222,0.0289993,-0.000229862,-8.89116e-05,-0.000121701,-8.96032e-05,-0.00010724,-0.00172738,-0.000229862,0.0467184,
0.00361852,0.00103137,-0.0010939,0.000421742,-0.000996458,-0.00144459,-8.89164e-05,0.00103137,0.00169857,0.0011051,9.98064e-05,-0.000246968,0.000325198,-0.000121699,-0.0010939,0.0011051,0.00380103,-0.000152446,-0.00116374,-0.00164064,-8.96087e-05,0.000421742,9.98064e-05,-0.000152446,0.00162759,-0.000636819,-0.000111494,-0.000107268,-0.000996458,-0.000246968,-0.00116374,-0.000636819,0.0348987,0.00201213,-0.00172733,-0.00144459,0.000325198,-0.00164064,-0.000111494,0.00201213,0.0289993,-0.000229977,-8.89164e-05,-0.000121699,-8.96087e-05,-0.000107268,-0.00172733,-0.000229977,0.0467184,
0.00361851,0.00103137,-0.0010939,0.000421747,-0.000996458,-0.00144459,-8.89211e-05,0.00103137,0.00169857,0.0011051,9.98076e-05,-0.000246963,0.000325191,-0.000121697,-0.0010939,0.0011051,0.00380103,-0.000152447,-0.00116374,-0.00164065,-8.96143e-05,0.000421747,9.98076e-05,-0.000152447,0.00162759,-0.000636835,-0.000111496,-0.000107296,-0.000996458,-0.000246963,-0.00116374,-0.000636835,0.0348988,0.00201205,-0.00172729,-0.00144459,0.000325191,-0.00164065,-0.000111496,0.00201205,0.0289992,-0.000230092,-8.89211e-05,-0.000121697,-8.96143e-05,-0.000107296,-0.00172729,-0.000230092,0.0467183,
0.00361851,0.00103137,-0.0010939,0.000421752,-0.000996459,-0.0014446,-8.89259e-05,0.00103137,0.00169857,0.0011051,9.98088e-05,-0.000246957,0.000325183,-0.000121694,-0.0010939,0.0011051,0.00380103,-0.000152448,-0.00116374,-0.00164065,-8.96198e-05,0.000421752,9.98088e-05,-0.000152448,0.0016276,-0.000636852,-0.000111499,-0.000107323,-0.000996459,-0.000246957,-0.00116374,-0.000636852,0.0348989,0.00201196,-0.00172724,-0.0014446,0.000325183,-0.00164065,-0.000111499,0.00201196,0.0289991,-0.000230207,-8.89259e-05,-0.000121694,-8.96198e-05,-0.000107323,-0.00172724,-0.000230207,0.0467183,
0.00361851,0.00103137,-0.00109391,0.000421757,-0.000996459,-0.0014446,-8.89307e-05,0.00103137,0.00169857,0.0011051,9.981e-05,-0.000246952,0.000325176,-0.000121692,-0.00109391,0.0011051,0.00380102,-0.00015245,-0.00116375,-0.00164066,-8.96253e-05,0.000421757,9.981e-05,-0.00015245,0.0016276,-0.000636868,-0.000111501,-0.000107351,-0.000996459,-0.000246952,-0.00116375,-0.000636868,0.0348989,0.00201188,-0.00172719,-0.0014446,0.000325176,-0.00164066,-0.000111501,0.00201188,0.0289991,-0.000230322,-8.89307e-05,-0.000121692,-8.96253e-05,-0.000107351,-0.00172719,-0.000230322,0.0467182,
0.0036185,0.00103137,-0.00109391,0.000421762,-0.000996459,-0.0014446,-8.89355e-05,0.00103137,0.00169857,0.0011051,9.98112e-05,-0.000246946,0.000325169,-0.000121689,-0.00109391,0.0011051,0.00380102,-0.000152451,-0.00116375,-0.00164067,-8.96309e-05,0.000421762,9.98112e-05,-0.000152451,0.0016276,-0.000636885,-0.000111503,-0.000107379,-0.000996459,-0.000246946,-0.00116375,-0.000636885,0.034899,0.00201179,-0.00172715,-0.0014446,0.000325169,-0.00164067,-0.000111503,0.00201179,0.028999,-0.000230438,-8.89355e-05,-0.000121689,-8.96309e-05,-0.000107379,-0.00172715,-0.000230438,0.0467182,
0.0036185,0.00103137,-0.00109391,0.000421766,-0.00099646,-0.00144461,-8.89403e-05,0.00103137,0.00169857,0.0011051,9.98123e-05,-0.000246941,0.000325162,-0.000121687,-0.00109391,0.0011051,0.00380102,-0.000152453,-0.00116375,-0.00164068,-8.96364e-05,0.000421766,9.98123e-05,-0.000152453,0.0016276,-0.000636901,-0.000111505,-0.000107406,-0.00099646,-0.000246941,-0.00116375,-0.000636901,0.0348991,0.00201171,-0.0017271,-0.00144461,0.000325162,-0.00164068,-0.000111505,0.00201171,0.0289989,-0.000230553,-8.89403e-05,-0.000121687,-8.96364e-05,-0.000107406,-0.0017271,-0.000230553,0.0467181,
0.0036185,0.00103137,-0.00109391,0.000421771,-0.00099646,-0.00144461,-8.89451e-05,0.00103137,0.00169858,0.0011051,9.98135e-05,-0.000246935,0.000325155,-0.000121685,-0.00109391,0.0011051,0.00380102,-0.000152454,-0.00116376,-0.00164068,-8.9642e-05,0.000421771,9.98135e-05,-0.000152454,0.0016276,-0.000636918,-0.000111507,-0.000107434,-0.00099646,-0.000246935,-0.00116376,-0.000636918,0.0348991,0.00201162,-0.00172705,-0.00144461,0.000325155,-0.00164068,-0.000111507,0.00201162,0.0289989,-0.000230668,-8.89451e-05,-0.000121685,-8.9642e-05,-0.000107434,-0.00172705,-0.000230668,0.0467181,
0.00361849,0.00103137,-0.00109391,0.000421776,-0.000996461,-0.00144462,-8.89499e-05,0.00103137,0.00169858,0.0011051,9.98146e-05,-0.00024693,0.000325147,-0.000121682,-0.00109391,0.0011051,0.00380102,-0.000152456,-0.00116376,-0.00164069,-8.96475e-05,0.000421776,9.98146e-05,-0.000152456,0.0016276,-0.000636934,-0.000111509,-0.000107462,-0.000996461,-0.00024693,-0.00116376,-0.000636934,0.0348992,0.00201154,-0.00172701,-0.00144462,0.000325147,-0.00164069,-0.000111509,0.00201154,0.0289988,-0.000230783,-8.89499e-05,-0.000121682,-8.96475e-05,-0.000107462,-0.00172701,-0.000230783,0.046718,
0.00361849,0.00103137,-0.00109391,0.00042178,-0.000996461,-0.00144462,-8.89547e-05,0.00103137,0.00169858,0.0011051,9.98157e-05,-0.000246925,0.00032514,-0.00012168,-0.00109391,0.0011051,0.00380102,-0.000152457,-0.00116377,-0.0016407,-8.96531e-05,0.00042178,9.98157e-05,-0.000152457,0.0016276,-0.000636951,-0.000111512,-0.000107489,-0.000996461,-0.000246925,-0.00116377,-0.000636951,0.0348993,0.00201145,-0.00172696,-0.00144462,0.00032514,-0.0016407,-0.000111512,0.00201145,0.0289987,-0.000230898,-8.89547e-05,-0.00012168,-8.96531e-05,-0.000107489,-0.00172696,-0.000230898,0.046718,
