0.00379515,0.000388334,0.000188346,-0.000914298,-0.00139059,0.000625484,-9.80634e-05,0.000388334,0.00108138,0.000818028,0.000770942,-0.00117808,-0.000978174,6.68027e-06,0.000188346,0.000818028,0.00366387,0.000759878,-0.000558938,0.00179037,-0.000167297,-0.000914298,0.000770942,0.000759878,0.00255397,-0.000591428,0.000553822,0.000180561,-0.00139059,-0.00117808,-0.000558938,-0.000591428,0.0330622,0.00127536,-0.000821873,0.000625484,-0.000978174,0.00179037,0.000553822,0.00127536,0.0284371,4.50077e-05,-9.80634e-05,6.68027e-06,-0.000167297,0.000180561,-0.000821873,4.50077e-05,0.0466539,
0.00379441,0.000388236,0.000188724,-0.000914784,-0.0013907,0.000625196,-9.80099e-05,0.000388236,0.00108137,0.000818139,0.000770837,-0.00117811,-0.000978202,6.68392e-06,0.000188724,0.000818139,0.00366392,0.000759735,-0.000559069,0.00179048,-0.000167289,-0.000914784,0.000770837,0.000759735,0.00255413,-0.000591368,0.000553672,0.000180604,-0.0013907,-0.00117811,-0.000559069,-0.000591368,0.0330619,0.00127537,-0.000821591,0.000625196,-0.000978202,0.00179048,0.000553672,0.00127537,0.028437,4.5096e-05,-9.80099e-05,6.68392e-06,-0.000167289,0.000180604,-0.000821591,4.5096e-05,0.0466539,
0.00379377,0.000388119,0.000189069,-0.000915209,-0.00139084,0.000624884,-9.79591e-05,0.000388119,0.00108135,0.000818213,0.000770753,-0.00117814,-0.000978262,6.68983e-06,0.000189069,0.000818213,0.00366403,0.000759589,-0.000559217,0.00179054,-0.000167279,-0.000915209,0.000770753,0.000759589,0.00255427,-0.000591351,0.000553532,0.000180641,-0.00139084,-0.00117814,-0.000559217,-0.000591351,0.0330614,0.00127535,-0.000821326,0.000624884,-0.000978262,0.00179054,0.000553532,0.00127535,0.0284368,4.51714e-05,-9.79591e-05,6.68983e-06,-0.000167279,0.000180641,-0.000821326,4.51714e-05,0.0466539,
0.0037932,0.000387995,0.000189385,-0.000915584,-0.00139099,0.00062457,-9.79138e-05,0.000387995,0.00108131,0.000818262,0.000770684,-0.00117816,-0.000978335,6.69656e-06,0.000189385,0.000818262,0.00366416,0.000759449,-0.000559372,0.00179056,-0.00016727,-0.000915584,0.000770684,0.000759449,0.00255441,-0.000591341,0.000553417,0.000180668,-0.00139099,-0.00117816,-0.000559372,-0.000591341,0.033061,0.00127531,-0.000821103,0.00062457,-0.000978335,0.00179056,0.000553417,0.00127531,0.0284366,4.52298e-05,-9.79138e-05,6.69656e-06,-0.00016727,0.000180668,-0.000821103,4.52298e-05,0.0466538,
0.0037927,0.000387871,0.000189675,-0.000915918,-0.00139115,0.000624265,-9.78746e-05,0.000387871,0.00108128,0.000818298,0.000770627,-0.00117817,-0.000978413,6.70325e-06,0.000189675,0.000818298,0.00366429,0.000759318,-0.000559529,0.00179056,-0.000167261,-0.000915918,0.000770627,0.000759318,0.00255454,-0.000591329,0.000553326,0.000180687,-0.00139115,-0.00117817,-0.000559529,-0.000591329,0.0330606,0.00127527,-0.000820929,0.000624265,-0.000978413,0.00179056,0.000553326,0.00127527,0.0284364,4.52701e-05,-9.78746e-05,6.70325e-06,-0.000167261,0.000180687,-0.000820929,4.52701e-05,0.0466538,
0.00379225,0.000387751,0.00018994,-0.000916219,-0.00139129,0.000623975,-9.78412e-05,0.000387751,0.00108124,0.000818323,0.000770577,-0.00117818,-0.000978491,6.70938e-06,0.00018994,0.000818323,0.00366442,0.000759196,-0.000559681,0.00179055,-0.000167252,-0.000916219,0.000770577,0.000759196,0.00255466,-0.000591315,0.000553252,0.000180698,-0.00139129,-0.00117818,-0.000559681,-0.000591315,0.0330602,0.00127523,-0.000820801,0.000623975,-0.000978491,0.00179055,0.000553252,0.00127523,0.0284363,4.52931e-05,-9.78412e-05,6.70939e-06,-0.000167252,0.000180698,-0.000820801,4.52931e-05,0.0466538,
0.00379185,0.000387638,0.000190183,-0.000916489,-0.00139143,0.000623702,-9.78131e-05,0.000387638,0.0010812,0.000818342,0.000770534,-0.00117818,-0.000978566,6.71471e-06,0.000190183,0.000818342,0.00366455,0.000759084,-0.000559827,0.00179052,-0.000167244,-0.000916489,0.000770534,0.000759084,0.00255477,-0.000591299,0.00055319,0.000180702,-0.00139143,-0.00117818,-0.000559827,-0.000591299,0.0330598,0.00127518,-0.000820717,0.000623702,-0.000978566,0.00179052,0.00055319,0.00127518,0.0284362,4.52996e-05,-9.78131e-05,6.71471e-06,-0.000167244,0.000180702,-0.000820717,4.52996e-05,0.0466538,
0.00379148,0.000387531,0.000190405,-0.000916735,-0.00139156,0.000623447,-9.779e-05,0.000387531,0.00108117,0.000818357,0.000770497,-0.00117819,-0.000978637,6.71909e-06,0.000190405,0.000818357,0.00366467,0.00075898,-0.000559965,0.00179049,-0.000167236,-0.000916735,0.000770497,0.00075898,0.00255487,-0.000591282,0.000553138,0.0001807,-0.00139156,-0.00117819,-0.000559965,-0.000591282,0.0330595,0.00127514,-0.000820672,0.000623447,-0.000978637,0.00179049,0.000553138,0.00127514,0.0284361,4.52908e-05,-9.779e-05,6.71909e-06,-0.000167236,0.0001807,-0.000820672,4.52908e-05,0.0466538,
0.00379115,0.000387432,0.000190607,-0.000916957,-0.00139168,0.000623211,-9.77714e-05,0.000387432,0.00108114,0.000818369,0.000770463,-0.00117819,-0.000978704,6.7225e-06,0.000190607,0.000818369,0.00366478,0.000758885,-0.000560093,0.00179046,-0.000167227,-0.000916957,0.000770463,0.000758885,0.00255496,-0.000591266,0.000553092,0.000180692,-0.00139168,-0.00117819,-0.000560093,-0.000591266,0.0330591,0.00127509,-0.000820663,0.000623211,-0.000978704,0.00179046,0.000553092,0.00127509,0.028436,4.52679e-05,-9.77714e-05,6.7225e-06,-0.000167227,0.000180692,-0.000820663,4.52679e-05,0.0466539,
0.00379085,0.000387341,0.000190793,-0.00091716,-0.0013918,0.000622992,-9.77569e-05,0.000387341,0.00108111,0.000818379,0.000770433,-0.0011782,-0.000978765,6.72494e-06,0.000190793,0.000818379,0.00366489,0.000758798,-0.000560213,0.00179043,-0.000167219,-0.00091716,0.000770433,0.000758798,0.00255504,-0.000591251,0.000553053,0.000180678,-0.0013918,-0.0011782,-0.000560213,-0.000591251,0.0330588,0.00127503,-0.000820685,0.000622992,-0.000978765,0.00179043,0.000553053,0.00127503,0.0284359,4.5232e-05,-9.77569e-05,6.72494e-06,-0.000167219,0.000180678,-0.000820685,4.5232e-05,0.0466539,
0.00379057,0.000387257,0.000190962,-0.000917345,-0.0013919,0.000622791,-9.77462e-05,0.000387257,0.00108108,0.000818388,0.000770405,-0.0011782,-0.000978821,6.72645e-06,0.000190962,0.000818388,0.00366499,0.000758717,-0.000560324,0.00179039,-0.00016721,-0.000917345,0.000770405,0.000758717,0.00255512,-0.000591238,0.000553017,0.00018066,-0.0013919,-0.0011782,-0.000560324,-0.000591238,0.0330585,0.00127497,-0.000820737,0.000622791,-0.000978821,0.00179039,0.000553017,0.00127497,0.0284359,4.5184e-05,-9.77462e-05,6.72645e-06,-0.00016721,0.00018066,-0.000820737,4.5184e-05,0.0466539,
0.00379032,0.000387179,0.000191117,-0.000917513,-0.001392,0.000622605,-9.77388e-05,0.000387179,0.00108105,0.000818395,0.000770381,-0.0011782,-0.000978873,6.72707e-06,0.000191117,0.000818395,0.00366508,0.000758644,-0.000560427,0.00179036,-0.000167201,-0.000917513,0.000770381,0.000758644,0.00255519,-0.000591225,0.000552985,0.000180637,-0.001392,-0.0011782,-0.000560427,-0.000591225,0.0330582,0.00127491,-0.000820816,0.000622605,-0.000978873,0.00179036,0.000552985,0.00127491,0.0284359,4.5125e-05,-9.77388e-05,6.72707e-06,-0.000167201,0.000180637,-0.000820816,4.5125e-05,0.046654,
0.00379009,0.000387108,0.000191258,-0.000917667,-0.00139209,0.000622433,-9.77346e-05,0.000387108,0.00108103,0.000818401,0.000770358,-0.00117821,-0.00097892,6.72687e-06,0.000191258,0.000818401,0.00366516,0.000758576,-0.000560523,0.00179033,-0.000167192,-0.000917667,0.000770358,0.000758576,0.00255526,-0.000591215,0.000552956,0.000180611,-0.00139209,-0.00117821,-0.000560523,-0.000591215,0.0330579,0.00127485,-0.000820918,0.000622433,-0.00097892,0.00179033,0.000552956,0.00127485,0.0284359,4.50559e-05,-9.77346e-05,6.72687e-06,-0.000167192,0.000180611,-0.000820918,4.50559e-05,0.046654,
0.00378988,0.000387043,0.000191388,-0.000917808,-0.00139218,0.000622275,-9.77331e-05,0.000387043,0.00108101,0.000818407,0.000770338,-0.00117821,-0.000978962,6.7259e-06,0.000191388,0.000818407,0.00366523,0.000758514,-0.000560611,0.0017903,-0.000167182,-0.000917808,0.000770338,0.000758514,0.00255532,-0.000591205,0.00055293,0.00018058,-0.00139218,-0.00117821,-0.000560611,-0.000591205,0.0330576,0.00127478,-0.000821043,0.000622275,-0.000978962,0.0017903,0.00055293,0.00127478,0.0284359,4.49773e-05,-9.77331e-05,6.7259e-06,-0.000167182,0.00018058,-0.000821043,4.49773e-05,0.0466541,
0.00378969,0.000386983,0.000191506,-0.000917937,-0.00139226,0.000622129,-9.77343e-05,0.000386983,0.00108099,0.000818412,0.000770319,-0.00117821,-0.000979001,6.72423e-06,0.000191506,0.000818412,0.0036653,0.000758457,-0.000560692,0.00179026,-0.000167172,-0.000917937,0.000770319,0.000758457,0.00255538,-0.000591198,0.000552906,0.000180546,-0.00139226,-0.00117821,-0.000560692,-0.000591198,0.0330574,0.00127471,-0.000821189,0.000622129,-0.000979001,0.00179026,0.000552906,0.00127471,0.0284359,4.48902e-05,-9.77343e-05,6.72423e-06,-0.000167172,0.000180546,-0.000821189,4.48902e-05,0.0466541,
0.00378951,0.000386928,0.000191615,-0.000918055,-0.00139234,0.000621994,-9.77379e-05,0.000386928,0.00108097,0.000818417,0.000770302,-0.00117822,-0.000979036,6.72189e-06,0.000191615,0.000818417,0.00366536,0.000758404,-0.000560768,0.00179023,-0.000167162,-0.000918055,0.000770302,0.000758404,0.00255543,-0.000591192,0.000552885,0.000180509,-0.00139234,-0.00117822,-0.000560768,-0.000591192,0.0330571,0.00127464,-0.000821353,0.000621994,-0.000979036,0.00179023,0.000552885,0.00127464,0.028436,4.47952e-05,-9.77379e-05,6.72189e-06,-0.000167162,0.000180509,-0.000821353,4.47952e-05,0.0466542,
0.00378935,0.000386878,0.000191714,-0.000918164,-0.00139241,0.000621869,-9.77436e-05,0.000386878,0.00108095,0.000818421,0.000770287,-0.00117822,-0.000979068,6.71896e-06,0.000191714,0.000818421,0.00366542,0.000758355,-0.000560838,0.0017902,-0.000167152,-0.000918164,0.000770287,0.000758355,0.00255548,-0.000591187,0.000552865,0.000180469,-0.00139241,-0.00117822,-0.000560838,-0.000591187,0.0330568,0.00127456,-0.000821534,0.000621869,-0.000979068,0.0017902,0.000552865,0.00127456,0.028436,4.4693e-05,-9.77436e-05,6.71896e-06,-0.000167152,0.000180469,-0.000821534,4.4693e-05,0.0466543,
0.0037892,0.000386831,0.000191806,-0.000918264,-0.00139248,0.000621753,-9.77513e-05,0.000386831,0.00108093,0.000818425,0.000770273,-0.00117822,-0.000979096,6.71548e-06,0.000191806,0.000818425,0.00366548,0.00075831,-0.000560903,0.00179017,-0.000167141,-0.000918264,0.000770273,0.00075831,0.00255552,-0.000591183,0.000552846,0.000180427,-0.00139248,-0.00117822,-0.000560903,-0.000591183,0.0330565,0.00127448,-0.000821731,0.000621753,-0.000979096,0.00179017,0.000552846,0.00127448,0.0284361,4.4584e-05,-9.77513e-05,6.71548e-06,-0.000167141,0.000180427,-0.000821731,4.4584e-05,0.0466544,
0.00378906,0.000386789,0.00019189,-0.000918355,-0.00139254,0.000621646,-9.77608e-05,0.000386789,0.00108092,0.000818429,0.00077026,-0.00117823,-0.000979122,6.71148e-06,0.00019189,0.000818429,0.00366553,0.000758269,-0.000560963,0.00179014,-0.000167131,-0.000918355,0.00077026,0.000758269,0.00255556,-0.00059118,0.00055283,0.000180382,-0.00139254,-0.00117823,-0.000560963,-0.00059118,0.0330563,0.0012744,-0.000821942,0.000621646,-0.000979122,0.00179014,0.00055283,0.0012744,0.0284362,4.44689e-05,-9.77608e-05,6.71148e-06,-0.000167131,0.000180382,-0.000821942,4.44689e-05,0.0466545,
0.00378894,0.000386749,0.000191967,-0.00091844,-0.00139261,0.000621547,-9.77719e-05,0.000386749,0.00108091,0.000818432,0.000770248,-0.00117823,-0.000979146,6.70703e-06,0.000191967,0.000818432,0.00366557,0.00075823,-0.000561019,0.00179011,-0.00016712,-0.00091844,0.000770248,0.00075823,0.0025556,-0.000591179,0.000552814,0.000180334,-0.00139261,-0.00117823,-0.000561019,-0.000591179,0.033056,0.00127432,-0.000822167,0.000621547,-0.000979146,0.00179011,0.000552814,0.00127432,0.0284362,4.43481e-05,-9.77719e-05,6.70703e-06,-0.00016712,0.000180334,-0.000822167,4.43481e-05,0.0466545,
0.00378885,0.000386748,0.000192291,-0.000918475,-0.00139311,0.000623161,-9.77105e-05,0.000386713,0.00108089,0.000818433,0.000770237,-0.00117823,-0.000979182,6.70152e-06,0.000192046,0.000818448,0.0036657,0.00075821,-0.00056123,0.00179068,-0.000167082,-0.000918486,0.000770284,0.000758531,0.0025557,-0.000591772,0.000555067,0.000180384,-0.00139256,-0.00117808,-0.000559931,-0.000590985,0.0330537,0.00128192,-0.000822069,0.000620966,-0.000979876,0.00178492,0.000551927,0.00128331,0.0284016,4.27139e-05,-9.77872e-05,6.69842e-06,-0.000167136,0.00018028,-0.000822356,4.40394e-05,0.0466546,
0.00378875,0.000386729,0.000192459,-0.000918529,-0.00139335,0.000623771,-9.76897e-05,0.000386679,0.00108088,0.000818435,0.000770227,-0.00117823,-0.000979208,6.69747e-06,0.000192115,0.000818456,0.00366578,0.000758183,-0.000561341,0.0017909,-0.000167062,-0.000918545,0.000770292,0.000758635,0.00255575,-0.000592015,0.000555977,0.000180383,-0.00139257,-0.00117802,-0.000559513,-0.000590908,0.0330526,0.00128497,-0.000822123,0.000620683,-0.000980185,0.0017828,0.00055156,0.00128694,0.0283875,4.19973e-05,-9.77976e-05,6.6931e-06,-0.000167137,0.000180238,-0.000822525,4.38619e-05,0.0466547,
0.00378865,0.000386698,0.00019252,-0.000918596,-0.0013934,0.000623695,-9.76951e-05,0.000386648,0.00108087,0.000818438,0.000770217,-0.00117824,-0.000979227,6.69502e-06,0.000192176,0.000818458,0.00366581,0.000758152,-0.000561384,0.00179088,-0.000167055,-0.000918612,0.000770283,0.000758605,0.00255578,-0.000592017,0.000555966,0.000180353,-0.00139261,-0.00117802,-0.000559556,-0.00059091,0.0330524,0.00128492,-0.000822256,0.000620606,-0.000980204,0.00178278,0.000551548,0.00128688,0.0283876,4.19219e-05,-9.7803e-05,6.69065e-06,-0.00016713,0.000180208,-0.000822659,4.37861e-05,0.0466547,
0.00378856,0.000386669,0.000192577,-0.000918658,-0.00139344,0.000623624,-9.76976e-05,0.00038662,0.00108086,0.00081844,0.000770208,-0.00117824,-0.000979245,6.69356e-06,0.000192232,0.000818461,0.00366585,0.000758124,-0.000561422,0.00179086,-0.000167049,-0.000918673,0.000770274,0.000758577,0.00255581,-0.000592019,0.000555956,0.000180332,-0.00139266,-0.00117802,-0.000559594,-0.000590912,0.0330523,0.00128487,-0.000822348,0.000620535,-0.000980222,0.00178276,0.000551538,0.00128684,0.0283876,4.18675e-05,-9.78054e-05,6.68919e-06,-0.000167124,0.000180187,-0.000822751,4.37314e-05,0.0466548,
0.00378847,0.000386642,0.000192629,-0.000918715,-0.00139348,0.00062356,-9.76978e-05,0.000386593,0.00108085,0.000818443,0.0007702,-0.00117824,-0.000979262,6.69286e-06,0.000192284,0.000818463,0.00366588,0.000758098,-0.000561457,0.00179084,-0.000167044,-0.000918731,0.000770266,0.000758551,0.00255583,-0.00059202,0.000555947,0.000180317,-0.0013927,-0.00117803,-0.000559629,-0.000590913,0.0330521,0.00128484,-0.000822409,0.00062047,-0.00098024,0.00178274,0.000551528,0.0012868,0.0283876,4.18291e-05,-9.78057e-05,6.68849e-06,-0.000167119,0.000180172,-0.000822811,4.3693e-05,0.0466548,
0.00378839,0.000386617,0.000192678,-0.000918769,-0.00139351,0.0006235,-9.76965e-05,0.000386568,0.00108084,0.000818445,0.000770192,-0.00117824,-0.000979278,6.69272e-06,0.000192333,0.000818465,0.00366591,0.000758074,-0.00056149,0.00179083,-0.00016704,-0.000918784,0.000770258,0.000758527,0.00255586,-0.00059202,0.000555938,0.000180307,-0.00139273,-0.00117803,-0.000559661,-0.000590913,0.033052,0.00128481,-0.000822445,0.000620411,-0.000980256,0.00178273,0.000551519,0.00128678,0.0283876,4.18033e-05,-9.78044e-05,6.68835e-06,-0.000167115,0.000180162,-0.000822848,4.3667e-05,0.0466548,
0.00378832,0.000386594,0.000192724,-0.000918819,-0.00139354,0.000623445,-9.76939e-05,0.000386545,0.00108083,0.000818447,0.000770185,-0.00117824,-0.000979294,6.693e-06,0.000192379,0.000818467,0.00366594,0.000758052,-0.00056152,0.00179082,-0.000167037,-0.000918834,0.000770251,0.000758505,0.00255588,-0.000592019,0.000555929,0.000180301,-0.00139276,-0.00117803,-0.000559691,-0.000590912,0.0330519,0.00128479,-0.000822464,0.000620355,-0.000980271,0.00178272,0.00055151,0.00128676,0.0283876,4.17871e-05,-9.78018e-05,6.68863e-06,-0.000167112,0.000180156,-0.000822866,4.36508e-05,0.0466548,
0.00378825,0.000386573,0.000192767,-0.000918865,-0.00139357,0.000623395,-9.76905e-05,0.000386523,0.00108083,0.000818448,0.000770179,-0.00117825,-0.000979308,6.6936e-06,0.000192422,0.000818469,0.00366596,0.000758032,-0.000561547,0.00179081,-0.000167035,-0.00091888,0.000770244,0.000758484,0.0025559,-0.000592018,0.00055592,0.000180297,-0.00139279,-0.00117803,-0.000559718,-0.000590911,0.0330518,0.00128478,-0.000822468,0.000620304,-0.000980286,0.00178271,0.000551501,0.00128675,0.0283876,4.17783e-05,-9.77984e-05,6.68922e-06,-0.00016711,0.000180152,-0.00082287,4.36421e-05,0.0466548,
0.00378818,0.000386553,0.000192806,-0.000918908,-0.0013936,0.000623347,-9.76865e-05,0.000386503,0.00108082,0.00081845,0.000770172,-0.00117825,-0.000979322,6.69442e-06,0.000192462,0.00081847,0.00366598,0.000758013,-0.000561573,0.0017908,-0.000167034,-0.000918924,0.000770238,0.000758465,0.00255592,-0.000592016,0.000555912,0.000180296,-0.00139281,-0.00117803,-0.000559744,-0.000590909,0.0330517,0.00128477,-0.000822462,0.000620257,-0.0009803,0.0017827,0.000551493,0.00128674,0.0283876,4.17753e-05,-9.77944e-05,6.69004e-06,-0.000167109,0.000180151,-0.000822864,4.36391e-05,0.0466548,
0.00378812,0.000386534,0.000192844,-0.000918948,-0.00139362,0.000623304,-9.76821e-05,0.000386485,0.00108081,0.000818452,0.000770167,-0.00117825,-0.000979335,6.6954e-06,0.000192499,0.000818472,0.003666,0.000757995,-0.000561596,0.0017908,-0.000167032,-0.000918964,0.000770232,0.000758447,0.00255594,-0.000592014,0.000555905,0.000180297,-0.00139284,-0.00117803,-0.000559767,-0.000590907,0.0330517,0.00128476,-0.000822447,0.000620213,-0.000980313,0.00178269,0.000551485,0.00128673,0.0283875,4.17767e-05,-9.779e-05,6.69102e-06,-0.000167107,0.000180152,-0.00082285,4.36406e-05,0.0466548,
0.00378807,0.000386516,0.000192879,-0.000918986,-0.00139364,0.000623263,-9.76774e-05,0.000386467,0.00108081,0.000818453,0.000770161,-0.00117825,-0.000979347,6.6965e-06,0.000192534,0.000818474,0.00366602,0.000757978,-0.000561618,0.00179079,-0.000167032,-0.000919002,0.000770227,0.000758431,0.00255595,-0.000592012,0.000555897,0.000180299,-0.00139286,-0.00117803,-0.000559789,-0.000590905,0.0330516,0.00128476,-0.000822427,0.000620172,-0.000980325,0.00178269,0.000551477,0.00128673,0.0283875,4.17814e-05,-9.77853e-05,6.69212e-06,-0.000167107,0.000180154,-0.00082283,4.36453e-05,0.0466548,
0.00378801,0.0003865,0.000192912,-0.000919022,-0.00139366,0.000623225,-9.76726e-05,0.000386451,0.0010808,0.000818455,0.000770156,-0.00117825,-0.000979358,6.69767e-06,0.000192567,0.000818475,0.00366604,0.000757963,-0.000561638,0.00179079,-0.000167031,-0.000919037,0.000770222,0.000758415,0.00255597,-0.00059201,0.00055589,0.000180302,-0.00139288,-0.00117803,-0.000559809,-0.000590903,0.0330516,0.00128476,-0.000822403,0.000620134,-0.000980336,0.00178268,0.00055147,0.00128672,0.0283875,4.17886e-05,-9.77805e-05,6.69329e-06,-0.000167106,0.000180157,-0.000822805,4.36525e-05,0.0466548,
0.00378796,0.000386485,0.000192943,-0.000919055,-0.00139368,0.000623189,-9.76677e-05,0.000386435,0.0010808,0.000818456,0.000770152,-0.00117825,-0.000979369,6.69888e-06,0.000192598,0.000818476,0.00366606,0.000757948,-0.000561657,0.00179079,-0.00016703,-0.00091907,0.000770217,0.000758401,0.00255598,-0.000592008,0.000555883,0.000180306,-0.00139289,-0.00117803,-0.000559828,-0.000590901,0.0330516,0.00128476,-0.000822376,0.000620098,-0.000980347,0.00178268,0.000551463,0.00128672,0.0283875,4.17975e-05,-9.77756e-05,6.6945e-06,-0.000167105,0.000180161,-0.000822778,4.36615e-05,0.0466548,
0.00378792,0.00038647,0.000192972,-0.000919086,-0.00139369,0.000623155,-9.76628e-05,0.000386421,0.00108079,0.000818457,0.000770147,-0.00117825,-0.000979379,6.70011e-06,0.000192627,0.000818477,0.00366608,0.000757935,-0.000561675,0.00179078,-0.00016703,-0.000919102,0.000770213,0.000758387,0.00255599,-0.000592006,0.000555876,0.00018031,-0.00139291,-0.00117803,-0.000559846,-0.000590899,0.0330515,0.00128476,-0.000822346,0.000620064,-0.000980357,0.00178268,0.000551456,0.00128672,0.0283874,4.18077e-05,-9.77707e-05,6.69572e-06,-0.000167105,0.000180165,-0.000822749,4.36717e-05,0.0466548,
0.00378787,0.000386456,0.000192999,-0.000919116,-0.00139371,0.000623124,-9.7658e-05,0.000386407,0.00108079,0.000818458,0.000770143,-0.00117825,-0.000979389,6.70133e-06,0.000192654,0.000818479,0.00366609,0.000757922,-0.000561692,0.00179078,-0.00016703,-0.000919131,0.000770209,0.000758374,0.00255601,-0.000592004,0.00055587,0.000180314,-0.00139293,-0.00117803,-0.000559863,-0.000590896,0.0330515,0.00128476,-0.000822316,0.000620033,-0.000980367,0.00178267,0.00055145,0.00128672,0.0283874,4.18187e-05,-9.77659e-05,6.69695e-06,-0.000167105,0.000180169,-0.000822719,4.36827e-05,0.0466548,
0.00378783,0.000386443,0.000193025,-0.000919144,-0.00139372,0.000623094,-9.76532e-05,0.000386394,0.00108078,0.00081846,0.000770139,-0.00117825,-0.000979398,6.70255e-06,0.00019268,0.00081848,0.00366611,0.00075791,-0.000561708,0.00179078,-0.00016703,-0.000919159,0.000770205,0.000758362,0.00255602,-0.000592002,0.000555864,0.000180319,-0.00139294,-0.00117803,-0.000559878,-0.000590894,0.0330515,0.00128476,-0.000822286,0.000620003,-0.000980376,0.00178267,0.000551444,0.00128672,0.0283874,4.18301e-05,-9.77611e-05,6.69816e-06,-0.000167105,0.000180174,-0.000822688,4.36942e-05,0.0466548,
0.00378779,0.000386431,0.00019305,-0.00091917,-0.00139374,0.000623065,-9.76486e-05,0.000386382,0.00108078,0.000818461,0.000770135,-0.00117825,-0.000979406,6.70373e-06,0.000192705,0.000818481,0.00366612,0.000757898,-0.000561722,0.00179078,-0.00016703,-0.000919186,0.000770201,0.000758351,0.00255603,-0.000591999,0.000555858,0.000180323,-0.00139295,-0.00117803,-0.000559893,-0.000590892,0.0330514,0.00128476,-0.000822255,0.000619974,-0.000980384,0.00178267,0.000551438,0.00128673,0.0283874,4.18418e-05,-9.77565e-05,6.69935e-06,-0.000167105,0.000180178,-0.000822657,4.37059e-05,0.0466548,
0.00378775,0.00038642,0.000193074,-0.000919196,-0.00139375,0.000623039,-9.76441e-05,0.00038637,0.00108078,0.000818462,0.000770132,-0.00117825,-0.000979415,6.70489e-06,0.000192729,0.000818482,0.00366613,0.000757887,-0.000561736,0.00179078,-0.00016703,-0.000919211,0.000770198,0.00075834,0.00255604,-0.000591997,0.000555852,0.000180328,-0.00139297,-0.00117803,-0.000559907,-0.00059089,0.0330514,0.00128476,-0.000822225,0.000619948,-0.000980393,0.00178267,0.000551432,0.00128673,0.0283873,4.18534e-05,-9.7752e-05,6.7005e-06,-0.000167105,0.000180183,-0.000822627,4.37175e-05,0.0466548,
0.00378772,0.000386408,0.000193096,-0.00091922,-0.00139376,0.000623013,-9.76398e-05,0.000386359,0.00108077,0.000818463,0.000770129,-0.00117825,-0.000979422,6.70601e-06,0.000192751,0.000818483,0.00366615,0.000757877,-0.00056175,0.00179077,-0.00016703,-0.000919235,0.000770194,0.00075833,0.00255605,-0.000591995,0.000555846,0.000180333,-0.00139298,-0.00117803,-0.00055992,-0.000590888,0.0330514,0.00128476,-0.000822195,0.000619922,-0.0009804,0.00178267,0.000551426,0.00128673,0.0283873,4.18648e-05,-9.77477e-05,6.70162e-06,-0.000167105,0.000180188,-0.000822598,4.3729e-05,0.0466548,
0.00378768,0.000386398,0.000193117,-0.000919242,-0.00139377,0.000622989,-9.76356e-05,0.000386349,0.00108077,0.000818464,0.000770125,-0.00117825,-0.00097943,6.70708e-06,0.000192772,0.000818484,0.00366616,0.000757867,-0.000561762,0.00179077,-0.00016703,-0.000919258,0.000770191,0.00075832,0.00255606,-0.000591994,0.000555841,0.000180337,-0.00139299,-0.00117803,-0.000559933,-0.000590886,0.0330514,0.00128476,-0.000822166,0.000619898,-0.000980408,0.00178267,0.000551421,0.00128673,0.0283873,4.1876e-05,-9.77435e-05,6.70269e-06,-0.000167105,0.000180192,-0.000822569,4.37401e-05,0.0466548,
0.00378765,0.000386388,0.000193138,-0.000919264,-0.00139378,0.000622966,-9.76316e-05,0.000386339,0.00108077,0.000818464,0.000770122,-0.00117825,-0.000979437,6.70811e-06,0.000192793,0.000818485,0.00366617,0.000757858,-0.000561774,0.00179077,-0.00016703,-0.00091928,0.000770188,0.00075831,0.00255607,-0.000591992,0.000555835,0.000180342,-0.001393,-0.00117803,-0.000559945,-0.000590885,0.0330514,0.00128477,-0.000822139,0.000619875,-0.000980415,0.00178267,0.000551416,0.00128673,0.0283873,4.18868e-05,-9.77395e-05,6.70372e-06,-0.000167105,0.000180197,-0.000822541,4.37509e-05,0.0466548,
0.00378762,0.000386378,0.000193157,-0.000919285,-0.00139379,0.000622943,-9.76277e-05,0.000386329,0.00108076,0.000818465,0.00077012,-0.00117825,-0.000979444,6.7091e-06,0.000192812,0.000818486,0.00366618,0.000757849,-0.000561786,0.00179077,-0.00016703,-0.000919301,0.000770185,0.000758301,0.00255608,-0.00059199,0.00055583,0.000180346,-0.00139301,-0.00117803,-0.000559957,-0.000590883,0.0330514,0.00128477,-0.000822113,0.000619853,-0.000980422,0.00178266,0.000551411,0.00128673,0.0283873,4.18971e-05,-9.77356e-05,6.70471e-06,-0.000167105,0.000180201,-0.000822515,4.37612e-05,0.0466548,
0.00378759,0.000386369,0.000193176,-0.000919305,-0.0013938,0.000622922,-9.76241e-05,0.00038632,0.00108076,0.000818466,0.000770117,-0.00117825,-0.00097945,6.71003e-06,0.000192831,0.000818486,0.00366619,0.00075784,-0.000561797,0.00179077,-0.00016703,-0.000919321,0.000770183,0.000758293,0.00255609,-0.000591989,0.000555825,0.00018035,-0.00139302,-0.00117803,-0.000559968,-0.000590882,0.0330513,0.00128477,-0.000822087,0.000619831,-0.000980428,0.00178266,0.000551406,0.00128674,0.0283872,4.19069e-05,-9.7732e-05,6.70565e-06,-0.000167105,0.000180205,-0.00082249,4.3771e-05,0.0466548,
0.00378756,0.00038636,0.000193194,-0.000919325,-0.00139381,0.000622901,-9.76205e-05,0.000386311,0.00108076,0.000818467,0.000770114,-0.00117825,-0.000979456,6.71093e-06,0.000192849,0.000818487,0.0036662,0.000757832,-0.000561808,0.00179077,-0.00016703,-0.00091934,0.00077018,0.000758284,0.00255609,-0.000591987,0.00055582,0.000180353,-0.00139303,-0.00117803,-0.000559978,-0.00059088,0.0330513,0.00128477,-0.000822063,0.000619811,-0.000980434,0.00178266,0.000551401,0.00128674,0.0283872,4.19162e-05,-9.77284e-05,6.70654e-06,-0.000167105,0.000180208,-0.000822466,4.37802e-05,0.0466548,
0.00378753,0.000386351,0.000193211,-0.000919344,-0.00139382,0.000622881,-9.76172e-05,0.000386302,0.00108076,0.000818468,0.000770112,-0.00117825,-0.000979462,6.71178e-06,0.000192867,0.000818488,0.00366621,0.000757824,-0.000561818,0.00179077,-0.00016703,-0.000919359,0.000770177,0.000758276,0.0025561,-0.000591986,0.000555815,0.000180357,-0.00139304,-0.00117803,-0.000559989,-0.000590879,0.0330513,0.00128477,-0.000822041,0.000619791,-0.00098044,0.00178266,0.000551396,0.00128674,0.0283872,4.19249e-05,-9.77251e-05,6.70739e-06,-0.000167105,0.000180212,-0.000822443,4.3789e-05,0.0466548,
0.0037875,0.000386343,0.000193228,-0.000919362,-0.00139383,0.000622862,-9.7614e-05,0.000386294,0.00108075,0.000818469,0.000770109,-0.00117825,-0.000979468,6.71259e-06,0.000192883,0.000818489,0.00366622,0.000757816,-0.000561828,0.00179077,-0.00016703,-0.000919377,0.000770175,0.000758268,0.00255611,-0.000591985,0.000555811,0.00018036,-0.00139305,-0.00117803,-0.000559999,-0.000590877,0.0330513,0.00128477,-0.000822019,0.000619772,-0.000980446,0.00178266,0.000551391,0.00128674,0.0283872,4.19331e-05,-9.77219e-05,6.7082e-06,-0.000167105,0.000180215,-0.000822422,4.37972e-05,0.0466548,
0.00378747,0.000386335,0.000193245,-0.000919379,-0.00139384,0.000622843,-9.76109e-05,0.000386286,0.00108075,0.000818469,0.000770107,-0.00117825,-0.000979474,6.71335e-06,0.0001929,0.00081849,0.00366623,0.000757808,-0.000561837,0.00179077,-0.00016703,-0.000919395,0.000770173,0.000758261,0.00255612,-0.000591983,0.000555806,0.000180363,-0.00139306,-0.00117803,-0.000560008,-0.000590876,0.0330513,0.00128477,-0.000821999,0.000619753,-0.000980452,0.00178266,0.000551387,0.00128674,0.0283872,4.19408e-05,-9.77188e-05,6.70897e-06,-0.000167105,0.000180218,-0.000822402,4.38049e-05,0.0466548,
0.00378745,0.000386327,0.000193261,-0.000919396,-0.00139385,0.000622825,-9.7608e-05,0.000386278,0.00108075,0.00081847,0.000770105,-0.00117825,-0.000979479,6.71408e-06,0.000192916,0.00081849,0.00366624,0.000757801,-0.000561847,0.00179077,-0.00016703,-0.000919412,0.00077017,0.000758253,0.00255613,-0.000591982,0.000555801,0.000180366,-0.00139307,-0.00117803,-0.000560017,-0.000590875,0.0330513,0.00128477,-0.00082198,0.000619735,-0.000980457,0.00178266,0.000551383,0.00128674,0.0283872,4.1948e-05,-9.77159e-05,6.70969e-06,-0.000167105,0.000180221,-0.000822383,4.3812e-05,0.0466548,
0.00378742,0.00038632,0.000193276,-0.000919413,-0.00139386,0.000622807,-9.76052e-05,0.00038627,0.00108075,0.000818471,0.000770102,-0.00117825,-0.000979484,6.71477e-06,0.000192931,0.000818491,0.00366624,0.000757794,-0.000561856,0.00179077,-0.00016703,-0.000919429,0.000770168,0.000758246,0.00255613,-0.000591981,0.000555797,0.000180369,-0.00139308,-0.00117803,-0.000560026,-0.000590874,0.0330513,0.00128477,-0.000821962,0.000619717,-0.000980462,0.00178266,0.000551378,0.00128674,0.0283871,4.19547e-05,-9.77131e-05,6.71038e-06,-0.000167105,0.000180224,-0.000822365,4.38187e-05,0.0466547,
0.0037874,0.000386312,0.000193291,-0.000919429,-0.00139387,0.00062279,-9.76025e-05,0.000386263,0.00108074,0.000818472,0.0007701,-0.00117825,-0.00097949,6.71543e-06,0.000192946,0.000818492,0.00366625,0.000757787,-0.000561864,0.00179077,-0.00016703,-0.000919445,0.000770166,0.000758239,0.00255614,-0.00059198,0.000555793,0.000180371,-0.00139309,-0.00117803,-0.000560035,-0.000590873,0.0330512,0.00128477,-0.000821945,0.0006197,-0.000980467,0.00178266,0.000551374,0.00128674,0.0283871,4.19609e-05,-9.77104e-05,6.71104e-06,-0.000167105,0.000180227,-0.000822348,4.38249e-05,0.0466547,
0.00378738,0.000386305,0.000193306,-0.000919445,-0.00139387,0.000622773,-9.75999e-05,0.000386256,0.00108074,0.000818472,0.000770098,-0.00117825,-0.000979495,6.71606e-06,0.000192961,0.000818492,0.00366626,0.00075778,-0.000561873,0.00179077,-0.00016703,-0.000919461,0.000770164,0.000758232,0.00255615,-0.000591979,0.000555788,0.000180374,-0.00139309,-0.00117803,-0.000560044,-0.000590872,0.0330512,0.00128477,-0.00082193,0.000619683,-0.000980472,0.00178266,0.00055137,0.00128674,0.0283871,4.19666e-05,-9.77078e-05,6.71167e-06,-0.000167105,0.000180229,-0.000822332,4.38306e-05,0.0466547,
0.00378735,0.000386298,0.000193321,-0.000919461,-0.00139388,0.000622757,-9.75974e-05,0.000386249,0.00108074,0.000818473,0.000770096,-0.00117825,-0.000979499,6.71665e-06,0.000192976,0.000818493,0.00366627,0.000757773,-0.000561881,0.00179077,-0.000167029,-0.000919476,0.000770162,0.000758226,0.00255615,-0.000591978,0.000555784,0.000180376,-0.0013931,-0.00117803,-0.000560052,-0.000590871,0.0330512,0.00128477,-0.000821915,0.000619666,-0.000980477,0.00178266,0.000551365,0.00128674,0.0283871,4.1972e-05,-9.77053e-05,6.71226e-06,-0.000167104,0.000180231,-0.000822317,4.38359e-05,0.0466547,
0.00378733,0.000386291,0.000193335,-0.000919476,-0.00139389,0.00062274,-9.7595e-05,0.000386242,0.00108074,0.000818474,0.000770094,-0.00117825,-0.000979504,6.71722e-06,0.00019299,0.000818494,0.00366628,0.000757766,-0.00056189,0.00179076,-0.000167029,-0.000919491,0.00077016,0.000758219,0.00255616,-0.000591977,0.00055578,0.000180378,-0.00139311,-0.00117803,-0.000560061,-0.000590871,0.0330512,0.00128477,-0.000821901,0.00061965,-0.000980482,0.00178266,0.000551361,0.00128674,0.0283871,4.19769e-05,-9.77029e-05,6.71283e-06,-0.000167104,0.000180233,-0.000822303,4.38409e-05,0.0466547,
0.00378731,0.000386284,0.000193349,-0.000919491,-0.0013939,0.000622724,-9.75927e-05,0.000386235,0.00108073,0.000818474,0.000770092,-0.00117825,-0.000979509,6.71776e-06,0.000193004,0.000818494,0.00366628,0.00075776,-0.000561898,0.00179076,-0.000167029,-0.000919506,0.000770158,0.000758212,0.00255617,-0.000591977,0.000555776,0.00018038,-0.00139312,-0.00117803,-0.000560069,-0.00059087,0.0330512,0.00128477,-0.000821887,0.000619634,-0.000980487,0.00178266,0.000551357,0.00128674,0.0283871,4.19815e-05,-9.77006e-05,6.71337e-06,-0.000167104,0.000180235,-0.00082229,4.38454e-05,0.0466547,
0.00378728,0.000386278,0.000193362,-0.000919506,-0.00139391,0.000622709,-9.75905e-05,0.000386228,0.00108073,0.000818475,0.00077009,-0.00117825,-0.000979513,6.71828e-06,0.000193018,0.000818495,0.00366629,0.000757754,-0.000561906,0.00179076,-0.000167029,-0.000919521,0.000770156,0.000758206,0.00255617,-0.000591976,0.000555772,0.000180382,-0.00139313,-0.00117803,-0.000560077,-0.000590869,0.0330512,0.00128477,-0.000821875,0.000619619,-0.000980491,0.00178266,0.000551353,0.00128674,0.0283871,4.19857e-05,-9.76984e-05,6.71389e-06,-0.000167104,0.000180237,-0.000822277,4.38497e-05,0.0466547,
0.00378726,0.000386271,0.000193376,-0.00091952,-0.00139391,0.000622693,-9.75884e-05,0.000386222,0.00108073,0.000818476,0.000770088,-0.00117825,-0.000979518,6.71878e-06,0.000193031,0.000818496,0.0036663,0.000757747,-0.000561914,0.00179076,-0.000167029,-0.000919536,0.000770154,0.0007582,0.00255618,-0.000591975,0.000555768,0.000180383,-0.00139313,-0.00117803,-0.000560085,-0.000590868,0.0330512,0.00128477,-0.000821863,0.000619603,-0.000980496,0.00178266,0.000551349,0.00128674,0.0283871,4.19897e-05,-9.76962e-05,6.71439e-06,-0.000167104,0.000180238,-0.000822265,4.38536e-05,0.0466547,
0.00378724,0.000386264,0.000193389,-0.000919534,-0.00139392,0.000622678,-9.75863e-05,0.000386215,0.00108073,0.000818476,0.000770086,-0.00117825,-0.000979522,6.71926e-06,0.000193044,0.000818496,0.0036663,0.000757741,-0.000561921,0.00179076,-0.000167028,-0.00091955,0.000770152,0.000758194,0.00255618,-0.000591975,0.000555764,0.000180385,-0.00139314,-0.00117803,-0.000560092,-0.000590868,0.0330511,0.00128477,-0.000821852,0.000619588,-0.0009805,0.00178266,0.000551345,0.00128674,0.0283871,4.19933e-05,-9.76942e-05,6.71487e-06,-0.000167103,0.00018024,-0.000822254,4.38572e-05,0.0466547,
0.00378722,0.000386258,0.000193402,-0.000919549,-0.00139393,0.000622663,-9.75842e-05,0.000386209,0.00108073,0.000818477,0.000770085,-0.00117825,-0.000979527,6.71972e-06,0.000193058,0.000818497,0.00366631,0.000757735,-0.000561929,0.00179076,-0.000167028,-0.000919564,0.00077015,0.000758187,0.00255619,-0.000591974,0.00055576,0.000180386,-0.00139315,-0.00117803,-0.0005601,-0.000590867,0.0330511,0.00128477,-0.000821841,0.000619573,-0.000980504,0.00178266,0.000551341,0.00128673,0.028387,4.19967e-05,-9.76921e-05,6.71533e-06,-0.000167103,0.000180241,-0.000822243,4.38606e-05,0.0466547,
0.0037872,0.000386252,0.000193415,-0.000919563,-0.00139394,0.000622648,-9.75823e-05,0.000386202,0.00108072,0.000818477,0.000770083,-0.00117824,-0.000979531,6.72016e-06,0.000193071,0.000818498,0.00366632,0.000757729,-0.000561937,0.00179076,-0.000167028,-0.000919578,0.000770148,0.000758181,0.0025562,-0.000591973,0.000555756,0.000180388,-0.00139316,-0.00117803,-0.000560108,-0.000590867,0.0330511,0.00128476,-0.000821831,0.000619558,-0.000980509,0.00178266,0.000551337,0.00128673,0.028387,4.19999e-05,-9.76902e-05,6.71577e-06,-0.000167103,0.000180243,-0.000822233,4.38638e-05,0.0466547,
0.00378718,0.000386245,0.000193428,-0.000919576,-0.00139395,0.000622633,-9.75803e-05,0.000386196,0.00108072,0.000818478,0.000770081,-0.00117824,-0.000979535,6.72059e-06,0.000193083,0.000818498,0.00366633,0.000757723,-0.000561944,0.00179076,-0.000167028,-0.000919592,0.000770147,0.000758175,0.0025562,-0.000591973,0.000555752,0.000180389,-0.00139316,-0.00117803,-0.000560115,-0.000590866,0.0330511,0.00128476,-0.000821821,0.000619543,-0.000980513,0.00178265,0.000551334,0.00128673,0.028387,4.20028e-05,-9.76882e-05,6.7162e-06,-0.000167103,0.000180244,-0.000822223,4.38667e-05,0.0466547,
0.00378716,0.000386239,0.000193441,-0.00091959,-0.00139395,0.000622618,-9.75785e-05,0.00038619,0.00108072,0.000818479,0.000770079,-0.00117824,-0.000979539,6.72101e-06,0.000193096,0.000818499,0.00366633,0.000757717,-0.000561952,0.00179076,-0.000167027,-0.000919606,0.000770145,0.000758169,0.00255621,-0.000591972,0.000555748,0.00018039,-0.00139317,-0.00117803,-0.000560122,-0.000590866,0.0330511,0.00128476,-0.000821812,0.000619528,-0.000980517,0.00178265,0.00055133,0.00128673,0.028387,4.20056e-05,-9.76864e-05,6.71662e-06,-0.000167102,0.000180245,-0.000822214,4.38695e-05,0.0466547,
0.00378714,0.000386233,0.000193454,-0.000919604,-0.00139396,0.000622604,-9.75766e-05,0.000386184,0.00108072,0.000818479,0.000770077,-0.00117824,-0.000979544,6.72142e-06,0.000193109,0.0008185,0.00366634,0.000757711,-0.000561959,0.00179076,-0.000167027,-0.000919619,0.000770143,0.000758163,0.00255621,-0.000591972,0.000555744,0.000180391,-0.00139318,-0.00117803,-0.00056013,-0.000590865,0.0330511,0.00128476,-0.000821803,0.000619513,-0.000980521,0.00178265,0.000551326,0.00128673,0.028387,4.20082e-05,-9.76845e-05,6.71703e-06,-0.000167102,0.000180246,-0.000822205,4.38721e-05,0.0466547,
0.00378711,0.000386227,0.000193466,-0.000919617,-0.00139397,0.000622589,-9.75748e-05,0.000386178,0.00108072,0.00081848,0.000770076,-0.00117824,-0.000979548,6.72181e-06,0.000193122,0.0008185,0.00366635,0.000757705,-0.000561966,0.00179076,-0.000167027,-0.000919633,0.000770141,0.000758157,0.00255622,-0.000591971,0.00055574,0.000180392,-0.00139319,-0.00117803,-0.000560137,-0.000590865,0.033051,0.00128476,-0.000821794,0.000619499,-0.000980525,0.00178265,0.000551322,0.00128673,0.028387,4.20106e-05,-9.76827e-05,6.71742e-06,-0.000167102,0.000180247,-0.000822196,4.38745e-05,0.0466547,
0.00378709,0.000386221,0.000193479,-0.000919631,-0.00139398,0.000622575,-9.7573e-05,0.000386171,0.00108071,0.000818481,0.000770074,-0.00117824,-0.000979552,6.7222e-06,0.000193134,0.000818501,0.00366635,0.000757699,-0.000561974,0.00179076,-0.000167026,-0.000919646,0.00077014,0.000758152,0.00255623,-0.000591971,0.000555736,0.000180393,-0.00139319,-0.00117803,-0.000560144,-0.000590864,0.033051,0.00128476,-0.000821786,0.000619485,-0.00098053,0.00178265,0.000551318,0.00128672,0.028387,4.20129e-05,-9.76809e-05,6.71781e-06,-0.000167101,0.000180248,-0.000822188,4.38768e-05,0.0466547,
0.00378707,0.000386215,0.000193491,-0.000919644,-0.00139398,0.00062256,-9.75713e-05,0.000386165,0.00108071,0.000818481,0.000770072,-0.00117824,-0.000979556,6.72258e-06,0.000193147,0.000818501,0.00366636,0.000757693,-0.000561981,0.00179076,-0.000167026,-0.00091966,0.000770138,0.000758146,0.00255623,-0.00059197,0.000555732,0.000180394,-0.0013932,-0.00117803,-0.000560152,-0.000590864,0.033051,0.00128475,-0.000821778,0.00061947,-0.000980534,0.00178265,0.000551314,0.00128672,0.028387,4.20151e-05,-9.76792e-05,6.71819e-06,-0.000167101,0.000180249,-0.00082218,4.38789e-05,0.0466547,
0.00378705,0.000386209,0.000193504,-0.000919658,-0.00139399,0.000622546,-9.75696e-05,0.000386159,0.00108071,0.000818482,0.000770071,-0.00117824,-0.00097956,6.72295e-06,0.000193159,0.000818502,0.00366637,0.000757688,-0.000561988,0.00179076,-0.000167026,-0.000919673,0.000770136,0.00075814,0.00255624,-0.00059197,0.000555729,0.000180395,-0.00139321,-0.00117803,-0.000560159,-0.000590863,0.033051,0.00128475,-0.00082177,0.000619456,-0.000980538,0.00178265,0.00055131,0.00128672,0.028387,4.20172e-05,-9.76774e-05,6.71856e-06,-0.000167101,0.00018025,-0.000822172,4.3881e-05,0.0466547,
0.00378703,0.000386203,0.000193516,-0.000919671,-0.001394,0.000622532,-9.75678e-05,0.000386153,0.00108071,0.000818482,0.000770069,-0.00117824,-0.000979564,6.72332e-06,0.000193171,0.000818503,0.00366637,0.000757682,-0.000561995,0.00179076,-0.000167025,-0.000919686,0.000770134,0.000758134,0.00255624,-0.00059197,0.000555725,0.000180396,-0.00139322,-0.00117803,-0.000560166,-0.000590863,0.033051,0.00128475,-0.000821762,0.000619442,-0.000980542,0.00178265,0.000551307,0.00128672,0.028387,4.20192e-05,-9.76757e-05,6.71892e-06,-0.0001671,0.000180251,-0.000822165,4.3883e-05,0.0466547,
0.00378701,0.000386197,0.000193528,-0.000919684,-0.001394,0.000622518,-9.75662e-05,0.000386147,0.00108071,0.000818483,0.000770067,-0.00117824,-0.000979568,6.72368e-06,0.000193184,0.000818503,0.00366638,0.000757676,-0.000562002,0.00179076,-0.000167025,-0.0009197,0.000770133,0.000758128,0.00255625,-0.000591969,0.000555721,0.000180397,-0.00139322,-0.00117803,-0.000560173,-0.000590863,0.033051,0.00128475,-0.000821755,0.000619427,-0.000980546,0.00178265,0.000551303,0.00128672,0.028387,4.20211e-05,-9.7674e-05,6.71928e-06,-0.0001671,0.000180252,-0.000822157,4.38848e-05,0.0466547,
