0.00314477,0.000939577,-0.00116925,0.000607083,0.000182279,0.000104607,-4.16161e-05,0.000939577,0.00202451,0.000926128,-0.000377472,-0.00119406,0.00079214,-7.90361e-05,-0.00116925,0.000926128,0.00289099,-0.00061772,0.000874946,0.00134664,-2.8785e-05,0.000607083,-0.000377472,-0.00061772,0.00206504,0.000144918,0.0015721,2.46373e-05,0.000182279,-0.00119406,0.000874946,0.000144918,0.0264745,0.000253832,0.000269293,0.000104607,0.00079214,0.00134664,0.0015721,0.000253832,0.0268569,-6.42649e-05,-4.16161e-05,-7.90361e-05,-2.8785e-05,2.46373e-05,0.000269293,-6.42649e-05,0.0466094,
0.00314418,0.000939431,-0.00116947,0.000607242,0.000182762,0.000104173,-4.16433e-05,0.000939431,0.00202488,0.000926052,-0.000377156,-0.0011936,0.000792096,-7.90794e-05,-0.00116947,0.000926052,0.00289074,-0.000617528,0.000875337,0.0013467,-2.88081e-05,0.000607242,-0.000377156,-0.000617528,0.00206491,0.000144978,0.0015726,2.46235e-05,0.000182762,-0.0011936,0.000875337,0.000144978,0.0264753,0.000254485,0.00026881,0.000104173,0.000792096,0.0013467,0.0015726,0.000254485,0.0268578,-6.43021e-05,-4.16433e-05,-7.90794e-05,-2.88081e-05,2.46235e-05,0.00026881,-6.43021e-05,0.0466094,
0.00314377,0.000939331,-0.00116964,0.000607362,0.000183097,0.000103891,-4.16732e-05,0.000939331,0.00202514,0.000926014,-0.000376911,-0.00119325,0.000792022,-7.91201e-05,-0.00116964,0.000926014,0.0028906,-0.000617376,0.000875589,0.00134677,-2.88371e-05,0.000607362,-0.000376911,-0.000617376,0.0020648,0.000145066,0.00157314,2.46128e-05,0.000183097,-0.00119325,0.000875589,0.000145066,0.0264761,0.000255091,0.000268274,0.000103891,0.000792022,0.00134677,0.00157314,0.000255091,0.0268588,-6.43426e-05,-4.16732e-05,-7.91201e-05,-2.88371e-05,2.46128e-05,0.000268274,-6.43426e-05,0.0466093,
0.00314347,0.000939259,-0.00116976,0.000607462,0.000183328,0.00010369,-4.16995e-05,0.000939259,0.00202533,0.000925998,-0.000376722,-0.001193,0.000791944,-7.91552e-05,-0.00116976,0.000925998,0.0028905,-0.000617262,0.000875758,0.00134683,-2.88636e-05,0.000607462,-0.000376722,-0.000617262,0.00206473,0.000145148,0.00157359,2.46032e-05,0.000183328,-0.001193,0.000875758,0.000145148,0.0264767,0.000255588,0.000267778,0.00010369,0.000791944,0.00134683,0.00157359,0.000255588,0.0268597,-6.43833e-05,-4.16995e-05,-7.91552e-05,-2.88636e-05,2.46032e-05,0.000267778,-6.43833e-05,0.0466093,
0.00314324,0.000939206,-0.00116983,0.000607549,0.000183484,0.000103532,-4.1721e-05,0.000939206,0.00202547,0.000925996,-0.000376574,-0.00119282,0.000791869,-7.91849e-05,-0.00116983,0.000925996,0.00289044,-0.000617179,0.000875873,0.00134689,-2.88857e-05,0.000607549,-0.000376574,-0.000617179,0.00206467,0.000145218,0.00157395,2.45938e-05,0.000183484,-0.00119282,0.000875873,0.000145218,0.0264772,0.000255972,0.000267343,0.000103532,0.000791869,0.00134689,0.00157395,0.000255972,0.0268603,-6.44238e-05,-4.1721e-05,-7.91849e-05,-2.88857e-05,2.45938e-05,0.000267343,-6.44238e-05,0.0466092,
0.00314307,0.000939166,-0.00116987,0.000607628,0.000183587,0.000103401,-4.17381e-05,0.000939166,0.00202557,0.000926002,-0.000376457,-0.00119269,0.000791801,-7.92104e-05,-0.00116987,0.000926002,0.00289039,-0.000617119,0.000875952,0.00134693,-2.89034e-05,0.000607628,-0.000376457,-0.000617119,0.00206464,0.000145275,0.00157422,2.45843e-05,0.000183587,-0.00119269,0.000875952,0.000145275,0.0264777,0.000256263,0.000266961,0.000103401,0.000791801,0.00134693,0.00157422,0.000256263,0.0268609,-6.44646e-05,-4.17381e-05,-7.92104e-05,-2.89034e-05,2.45843e-05,0.000266961,-6.44646e-05,0.0466092,
0.00314293,0.000939136,-0.00116988,0.000607699,0.000183654,0.000103289,-4.17516e-05,0.000939136,0.00202564,0.000926012,-0.000376363,-0.00119261,0.000791738,-7.92327e-05,-0.00116988,0.000926012,0.00289035,-0.000617076,0.000876008,0.00134696,-2.89174e-05,0.000607699,-0.000376363,-0.000617076,0.00206461,0.000145323,0.00157442,2.45744e-05,0.000183654,-0.00119261,0.000876008,0.000145323,0.026478,0.00025648,0.000266622,0.000103289,0.000791738,0.00134696,0.00157442,0.00025648,0.0268613,-6.4506e-05,-4.17516e-05,-7.92327e-05,-2.89174e-05,2.45744e-05,0.000266622,-6.4506e-05,0.0466091,
0.00314282,0.000939113,-0.00116989,0.000607763,0.000183694,0.00010319,-4.17625e-05,0.000939113,0.00202569,0.000926026,-0.000376286,-0.00119255,0.000791681,-7.92528e-05,-0.00116989,0.000926026,0.00289033,-0.000617046,0.000876047,0.00134697,-2.89286e-05,0.000607763,-0.000376286,-0.000617046,0.0020646,0.000145364,0.00157457,2.45642e-05,0.000183694,-0.00119255,0.000876047,0.000145364,0.0264783,0.000256642,0.000266313,0.00010319,0.000791681,0.00134697,0.00157457,0.000256642,0.0268616,-6.45486e-05,-4.17625e-05,-7.92528e-05,-2.89286e-05,2.45642e-05,0.000266313,-6.45486e-05,0.0466091,
0.00314273,0.000939094,-0.00116988,0.000607822,0.000183717,0.000103101,-4.17715e-05,0.000939094,0.00202573,0.000926041,-0.000376223,-0.00119252,0.000791629,-7.92714e-05,-0.00116988,0.000926041,0.00289031,-0.000617025,0.000876075,0.00134699,-2.89377e-05,0.000607822,-0.000376223,-0.000617025,0.00206459,0.0001454,0.00157468,2.45535e-05,0.000183717,-0.00119252,0.000876075,0.0001454,0.0264785,0.000256764,0.000266023,0.000103101,0.000791629,0.00134699,0.00157468,0.000256764,0.0268618,-6.45926e-05,-4.17715e-05,-7.92714e-05,-2.89377e-05,2.45535e-05,0.000266023,-6.45926e-05,0.046609,
0.00314265,0.00093908,-0.00116986,0.000607876,0.000183728,0.000103021,-4.1779e-05,0.00093908,0.00202576,0.000926056,-0.00037617,-0.00119249,0.000791582,-7.92891e-05,-0.00116986,0.000926056,0.00289029,-0.000617011,0.000876095,0.00134699,-2.89452e-05,0.000607876,-0.00037617,-0.000617011,0.00206459,0.000145431,0.00157475,2.45424e-05,0.000183728,-0.00119249,0.000876095,0.000145431,0.0264787,0.000256855,0.000265745,0.000103021,0.000791582,0.00134699,0.00157475,0.000256855,0.026862,-6.46383e-05,-4.1779e-05,-7.92891e-05,-2.89452e-05,2.45424e-05,0.000265745,-6.46383e-05,0.046609,
0.00314259,0.000939068,-0.00116984,0.000607925,0.000183729,0.000102948,-4.17856e-05,0.000939068,0.00202578,0.000926072,-0.000376125,-0.00119248,0.000791539,-7.93063e-05,-0.00116984,0.000926072,0.00289028,-0.000617001,0.000876108,0.00134699,-2.89516e-05,0.000607925,-0.000376125,-0.000617001,0.00206459,0.00014546,0.00157481,2.4531e-05,0.000183729,-0.00119248,0.000876108,0.00014546,0.0264788,0.000256924,0.000265472,0.000102948,0.000791539,0.00134699,0.00157481,0.000256924,0.0268621,-6.46858e-05,-4.17856e-05,-7.93063e-05,-2.89516e-05,2.4531e-05,0.000265472,-6.46858e-05,0.0466089,
0.00314254,0.000939058,-0.00116982,0.000607969,0.000183726,0.000102882,-4.17916e-05,0.000939058,0.0020258,0.000926087,-0.000376086,-0.00119247,0.0007915,-7.93232e-05,-0.00116982,0.000926087,0.00289026,-0.000616994,0.000876118,0.00134699,-2.89571e-05,0.000607969,-0.000376086,-0.000616994,0.00206459,0.000145487,0.00157485,2.45192e-05,0.000183726,-0.00119247,0.000876118,0.000145487,0.026479,0.000256977,0.000265201,0.000102882,0.0007915,0.00134699,0.00157485,0.000256977,0.0268622,-6.4735e-05,-4.17916e-05,-7.93232e-05,-2.89571e-05,2.45192e-05,0.000265201,-6.4735e-05,0.0466088,
0.00314249,0.00093905,-0.0011698,0.00060801,0.000183718,0.000102822,-4.1797e-05,0.00093905,0.00202581,0.000926101,-0.000376053,-0.00119247,0.000791464,-7.934e-05,-0.0011698,0.000926101,0.00289025,-0.00061699,0.000876125,0.00134698,-2.89621e-05,0.00060801,-0.000376053,-0.00061699,0.00206459,0.000145511,0.00157488,2.45071e-05,0.000183718,-0.00119247,0.000876125,0.000145511,0.0264791,0.000257019,0.000264928,0.000102822,0.000791464,0.00134698,0.00157488,0.000257019,0.0268623,-6.47861e-05,-4.1797e-05,-7.934e-05,-2.89621e-05,2.45071e-05,0.000264928,-6.47861e-05,0.0466088,
0.00314246,0.000939043,-0.00116978,0.000608047,0.000183709,0.000102767,-4.18022e-05,0.000939043,0.00202582,0.000926114,-0.000376024,-0.00119247,0.000791431,-7.93569e-05,-0.00116978,0.000926114,0.00289025,-0.000616987,0.000876129,0.00134698,-2.89666e-05,0.000608047,-0.000376024,-0.000616987,0.0020646,0.000145535,0.00157489,2.44946e-05,0.000183709,-0.00119247,0.000876129,0.000145535,0.0264793,0.000257051,0.000264653,0.000102767,0.000791431,0.00134698,0.00157489,0.000257051,0.0268624,-6.48389e-05,-4.18022e-05,-7.93569e-05,-2.89666e-05,2.44946e-05,0.000264653,-6.48389e-05,0.0466087,
0.00314242,0.000939037,-0.00116976,0.000608081,0.000183698,0.000102716,-4.18072e-05,0.000939037,0.00202583,0.000926126,-0.000375999,-0.00119247,0.0007914,-7.93739e-05,-0.00116976,0.000926126,0.00289024,-0.000616986,0.000876132,0.00134697,-2.89708e-05,0.000608081,-0.000375999,-0.000616986,0.0020646,0.000145556,0.00157491,2.44819e-05,0.000183698,-0.00119247,0.000876132,0.000145556,0.0264794,0.000257078,0.000264374,0.000102716,0.0007914,0.00134697,0.00157491,0.000257078,0.0268625,-6.48934e-05,-4.18072e-05,-7.93739e-05,-2.89708e-05,2.44819e-05,0.000264374,-6.48934e-05,0.0466086,
0.00314239,0.000939031,-0.00116974,0.000608111,0.000183686,0.00010267,-4.1812e-05,0.000939031,0.00202584,0.000926138,-0.000375977,-0.00119248,0.000791372,-7.93911e-05,-0.00116974,0.000926138,0.00289023,-0.000616985,0.000876134,0.00134696,-2.89748e-05,0.000608111,-0.000375977,-0.000616985,0.00206461,0.000145577,0.00157491,2.44689e-05,0.000183686,-0.00119248,0.000876134,0.000145577,0.0264795,0.0002571,0.00026409,0.00010267,0.000791372,0.00134696,0.00157491,0.0002571,0.0268626,-6.49495e-05,-4.1812e-05,-7.93911e-05,-2.89748e-05,2.44689e-05,0.00026409,-6.49495e-05,0.0466086,
0.00314237,0.000939027,-0.00116972,0.000608139,0.000183675,0.000102627,-4.18168e-05,0.000939027,0.00202584,0.000926149,-0.000375957,-0.00119248,0.000791346,-7.94086e-05,-0.00116972,0.000926149,0.00289023,-0.000616985,0.000876135,0.00134695,-2.89786e-05,0.000608139,-0.000375957,-0.000616985,0.00206461,0.000145597,0.00157491,2.44556e-05,0.000183675,-0.00119248,0.000876135,0.000145597,0.0264797,0.000257118,0.000263801,0.000102627,0.000791346,0.00134695,0.00157491,0.000257118,0.0268627,-6.50071e-05,-4.18168e-05,-7.94086e-05,-2.89786e-05,2.44556e-05,0.000263801,-6.50071e-05,0.0466085,
0.00314234,0.000939023,-0.0011697,0.000608165,0.000183663,0.000102588,-4.18216e-05,0.000939023,0.00202585,0.000926158,-0.000375939,-0.00119249,0.000791322,-7.94263e-05,-0.0011697,0.000926158,0.00289022,-0.000616985,0.000876136,0.00134694,-2.89823e-05,0.000608165,-0.000375939,-0.000616985,0.00206461,0.000145617,0.00157491,2.44421e-05,0.000183663,-0.00119249,0.000876136,0.000145617,0.0264798,0.000257134,0.000263506,0.000102588,0.000791322,0.00134694,0.00157491,0.000257134,0.0268628,-6.50662e-05,-4.18216e-05,-7.94263e-05,-2.89823e-05,2.44421e-05,0.000263506,-6.50662e-05,0.0466084,
0.00314232,0.000939019,-0.00116969,0.000608189,0.000183651,0.000102552,-4.18264e-05,0.000939019,0.00202585,0.000926167,-0.000375923,-0.00119249,0.0007913,-7.94442e-05,-0.00116969,0.000926167,0.00289022,-0.000616985,0.000876136,0.00134693,-2.8986e-05,0.000608189,-0.000375923,-0.000616985,0.00206462,0.000145635,0.00157491,2.44283e-05,0.000183651,-0.00119249,0.000876136,0.000145635,0.0264799,0.000257148,0.000263206,0.000102552,0.0007913,0.00134693,0.00157491,0.000257148,0.0268628,-6.51266e-05,-4.18264e-05,-7.94442e-05,-2.8986e-05,2.44283e-05,0.000263206,-6.51266e-05,0.0466083,
0.0031423,0.000939016,-0.00116967,0.00060821,0.00018364,0.000102518,-4.18312e-05,0.000939016,0.00202585,0.000926175,-0.000375908,-0.0011925,0.00079128,-7.94625e-05,-0.00116967,0.000926175,0.00289021,-0.000616986,0.000876136,0.00134692,-2.89896e-05,0.00060821,-0.000375908,-0.000616986,0.00206462,0.000145653,0.0015749,2.44144e-05,0.00018364,-0.0011925,0.000876136,0.000145653,0.02648,0.000257161,0.000262901,0.000102518,0.00079128,0.00134692,0.0015749,0.000257161,0.0268629,-6.51882e-05,-4.18312e-05,-7.94625e-05,-2.89896e-05,2.44144e-05,0.000262901,-6.51882e-05,0.0466083,
0.00314229,0.000939013,-0.00116966,0.00060823,0.00018363,0.000102487,-4.18361e-05,0.000939013,0.00202586,0.000926183,-0.000375895,-0.00119251,0.00079126,-7.94809e-05,-0.00116966,0.000926183,0.00289021,-0.000616987,0.000876135,0.00134691,-2.89932e-05,0.00060823,-0.000375895,-0.000616987,0.00206463,0.000145671,0.00157489,2.44002e-05,0.00018363,-0.00119251,0.000876135,0.000145671,0.0264802,0.000257172,0.000262591,0.000102487,0.00079126,0.00134691,0.00157489,0.000257172,0.026863,-6.52509e-05,-4.18361e-05,-7.94809e-05,-2.89932e-05,2.44002e-05,0.000262591,-6.52509e-05,0.0466082,
0.00314227,0.00093901,-0.00116964,0.000608248,0.00018362,0.000102457,-4.18409e-05,0.00093901,0.00202586,0.00092619,-0.000375883,-0.00119251,0.000791242,-7.94996e-05,-0.00116964,0.00092619,0.00289021,-0.000616987,0.000876135,0.0013469,-2.89967e-05,0.000608248,-0.000375883,-0.000616987,0.00206463,0.000145688,0.00157488,2.43859e-05,0.00018362,-0.00119251,0.000876135,0.000145688,0.0264803,0.000257183,0.000262277,0.000102457,0.000791242,0.0013469,0.00157488,0.000257183,0.0268631,-6.53148e-05,-4.18409e-05,-7.94996e-05,-2.89967e-05,2.43859e-05,0.000262277,-6.53148e-05,0.0466081,
0.00314226,0.000939007,-0.00116963,0.000608265,0.00018361,0.00010243,-4.18459e-05,0.000939007,0.00202586,0.000926196,-0.000375872,-0.00119251,0.000791226,-7.95185e-05,-0.00116963,0.000926196,0.0028902,-0.000616988,0.000876134,0.00134689,-2.90003e-05,0.000608265,-0.000375872,-0.000616988,0.00206463,0.000145704,0.00157487,2.43714e-05,0.00018361,-0.00119251,0.000876134,0.000145704,0.0264804,0.000257192,0.000261958,0.00010243,0.000791226,0.00134689,0.00157487,0.000257192,0.0268632,-6.53797e-05,-4.18459e-05,-7.95185e-05,-2.90003e-05,2.43714e-05,0.000261958,-6.53797e-05,0.046608,
0.00314224,0.000939005,-0.00116962,0.00060828,0.000183601,0.000102405,-4.18508e-05,0.000939005,0.00202586,0.000926201,-0.000375862,-0.00119252,0.00079121,-7.95377e-05,-0.00116962,0.000926201,0.0028902,-0.000616989,0.000876133,0.00134687,-2.90038e-05,0.00060828,-0.000375862,-0.000616989,0.00206464,0.000145721,0.00157486,2.43567e-05,0.000183601,-0.00119252,0.000876133,0.000145721,0.0264806,0.000257202,0.000261634,0.000102405,0.00079121,0.00134687,0.00157486,0.000257202,0.0268632,-6.54455e-05,-4.18508e-05,-7.95377e-05,-2.90038e-05,2.43567e-05,0.000261634,-6.54455e-05,0.0466079,
0.00314223,0.000939003,-0.00116961,0.000608295,0.000183592,0.000102381,-4.18559e-05,0.000939003,0.00202586,0.000926206,-0.000375853,-0.00119252,0.000791195,-7.9557e-05,-0.00116961,0.000926206,0.0028902,-0.000616989,0.000876133,0.00134686,-2.90073e-05,0.000608295,-0.000375853,-0.000616989,0.00206464,0.000145737,0.00157485,2.43419e-05,0.000183592,-0.00119252,0.000876133,0.000145737,0.0264807,0.00025721,0.000261307,0.000102381,0.000791195,0.00134686,0.00157485,0.00025721,0.0268633,-6.55121e-05,-4.18559e-05,-7.9557e-05,-2.90073e-05,2.43419e-05,0.000261307,-6.55121e-05,0.0466078,
0.00314222,0.000939001,-0.0011696,0.000608308,0.000183583,0.000102358,-4.18609e-05,0.000939001,0.00202586,0.000926211,-0.000375844,-0.00119253,0.000791181,-7.95766e-05,-0.0011696,0.000926211,0.00289019,-0.00061699,0.000876132,0.00134685,-2.90109e-05,0.000608308,-0.000375844,-0.00061699,0.00206464,0.000145753,0.00157484,2.43269e-05,0.000183583,-0.00119253,0.000876132,0.000145753,0.0264809,0.000257219,0.000260976,0.000102358,0.000791181,0.00134685,0.00157484,0.000257219,0.0268634,-6.55796e-05,-4.18609e-05,-7.95766e-05,-2.90109e-05,2.43269e-05,0.000260976,-6.55796e-05,0.0466077,
0.00314221,0.000938999,-0.00116959,0.00060832,0.000183575,0.000102337,-4.1866e-05,0.000938999,0.00202587,0.000926215,-0.000375837,-0.00119253,0.000791168,-7.95963e-05,-0.00116959,0.000926215,0.00289019,-0.000616991,0.000876131,0.00134684,-2.90144e-05,0.00060832,-0.000375837,-0.000616991,0.00206464,0.000145769,0.00157482,2.43119e-05,0.000183575,-0.00119253,0.000876131,0.000145769,0.026481,0.000257227,0.000260642,0.000102337,0.000791168,0.00134684,0.00157482,0.000257227,0.0268635,-6.56478e-05,-4.1866e-05,-7.95963e-05,-2.90144e-05,2.43119e-05,0.000260642,-6.56478e-05,0.0466076,
0.0031422,0.000938997,-0.00116958,0.000608331,0.000183568,0.000102317,-4.18711e-05,0.000938997,0.00202587,0.000926219,-0.000375829,-0.00119253,0.000791155,-7.96162e-05,-0.00116958,0.000926219,0.00289019,-0.000616991,0.00087613,0.00134682,-2.9018e-05,0.000608331,-0.000375829,-0.000616991,0.00206465,0.000145784,0.00157481,2.42967e-05,0.000183568,-0.00119253,0.00087613,0.000145784,0.0264811,0.000257235,0.000260304,0.000102317,0.000791155,0.00134682,0.00157481,0.000257235,0.0268636,-6.57166e-05,-4.18711e-05,-7.96162e-05,-2.9018e-05,2.42967e-05,0.000260304,-6.57166e-05,0.0466076,
0.00314219,0.000938995,-0.00116958,0.000608342,0.00018356,0.000102298,-4.18763e-05,0.000938995,0.00202587,0.000926223,-0.000375823,-0.00119254,0.000791143,-7.96362e-05,-0.00116958,0.000926223,0.00289018,-0.000616992,0.000876129,0.00134681,-2.90215e-05,0.000608342,-0.000375823,-0.000616992,0.00206465,0.000145799,0.00157479,2.42813e-05,0.00018356,-0.00119254,0.000876129,0.000145799,0.0264813,0.000257243,0.000259964,0.000102298,0.000791143,0.00134681,0.00157479,0.000257243,0.0268636,-6.57861e-05,-4.18763e-05,-7.96362e-05,-2.90215e-05,2.42813e-05,0.000259964,-6.57861e-05,0.0466075,
0.00314218,0.000938994,-0.00116957,0.000608352,0.000183553,0.000102279,-4.18815e-05,0.000938994,0.00202587,0.000926226,-0.000375817,-0.00119254,0.000791131,-7.96564e-05,-0.00116957,0.000926226,0.00289018,-0.000616992,0.000876128,0.0013468,-2.90251e-05,0.000608352,-0.000375817,-0.000616992,0.00206465,0.000145815,0.00157478,2.42659e-05,0.000183553,-0.00119254,0.000876128,0.000145815,0.0264814,0.00025725,0.000259621,0.000102279,0.000791131,0.0013468,0.00157478,0.00025725,0.0268637,-6.58562e-05,-4.18815e-05,-7.96564e-05,-2.90251e-05,2.42659e-05,0.000259621,-6.58562e-05,0.0466074,
0.00314217,0.000938992,-0.00116956,0.000608361,0.000183546,0.000102262,-4.18868e-05,0.000938992,0.00202587,0.000926229,-0.000375811,-0.00119254,0.00079112,-7.96768e-05,-0.00116956,0.000926229,0.00289018,-0.000616993,0.000876127,0.00134678,-2.90287e-05,0.000608361,-0.000375811,-0.000616993,0.00206465,0.00014583,0.00157476,2.42504e-05,0.000183546,-0.00119254,0.000876127,0.00014583,0.0264816,0.000257257,0.000259275,0.000102262,0.00079112,0.00134678,0.00157476,0.000257257,0.0268638,-6.59269e-05,-4.18868e-05,-7.96768e-05,-2.90287e-05,2.42504e-05,0.000259275,-6.59269e-05,0.0466073,
0.00314217,0.000938991,-0.00116956,0.00060837,0.00018354,0.000102245,-4.18921e-05,0.000938991,0.00202587,0.000926232,-0.000375805,-0.00119255,0.00079111,-7.96972e-05,-0.00116956,0.000926232,0.00289018,-0.000616993,0.000876127,0.00134677,-2.90322e-05,0.00060837,-0.000375805,-0.000616993,0.00206466,0.000145845,0.00157475,2.42348e-05,0.00018354,-0.00119255,0.000876127,0.000145845,0.0264817,0.000257265,0.000258927,0.000102245,0.00079111,0.00134677,0.00157475,0.000257265,0.0268639,-6.5998e-05,-4.18921e-05,-7.96972e-05,-2.90322e-05,2.42348e-05,0.000258927,-6.5998e-05,0.0466072,
0.00314216,0.000938989,-0.00116955,0.000608378,0.000183533,0.000102229,-4.18974e-05,0.000938989,0.00202587,0.000926234,-0.0003758,-0.00119255,0.000791099,-7.97178e-05,-0.00116955,0.000926234,0.00289017,-0.000616994,0.000876126,0.00134676,-2.90358e-05,0.000608378,-0.0003758,-0.000616994,0.00206466,0.000145859,0.00157473,2.42191e-05,0.000183533,-0.00119255,0.000876126,0.000145859,0.0264819,0.000257272,0.000258576,0.000102229,0.000791099,0.00134676,0.00157473,0.000257272,0.026864,-6.60696e-05,-4.18974e-05,-7.97178e-05,-2.90358e-05,2.42191e-05,0.000258576,-6.60696e-05,0.0466071,
0.00314215,0.000938988,-0.00116955,0.000608386,0.000183527,0.000102214,-4.19027e-05,0.000938988,0.00202587,0.000926236,-0.000375796,-0.00119255,0.000791089,-7.97385e-05,-0.00116955,0.000926236,0.00289017,-0.000616994,0.000876125,0.00134674,-2.90394e-05,0.000608386,-0.000375796,-0.000616994,0.00206466,0.000145874,0.00157472,2.42034e-05,0.000183527,-0.00119255,0.000876125,0.000145874,0.026482,0.000257279,0.000258224,0.000102214,0.000791089,0.00134674,0.00157472,0.000257279,0.0268641,-6.61417e-05,-4.19027e-05,-7.97385e-05,-2.90394e-05,2.42034e-05,0.000258224,-6.61417e-05,0.046607,
0.00314215,0.000938987,-0.00116954,0.000608394,0.000183521,0.000102199,-4.19081e-05,0.000938987,0.00202587,0.000926239,-0.000375791,-0.00119255,0.00079108,-7.97593e-05,-0.00116954,0.000926239,0.00289017,-0.000616995,0.000876124,0.00134673,-2.9043e-05,0.000608394,-0.000375791,-0.000616995,0.00206466,0.000145889,0.0015747,2.41876e-05,0.000183521,-0.00119255,0.000876124,0.000145889,0.0264822,0.000257286,0.00025787,0.000102199,0.00079108,0.00134673,0.0015747,0.000257286,0.0268642,-6.62141e-05,-4.19081e-05,-7.97593e-05,-2.9043e-05,2.41876e-05,0.00025787,-6.62141e-05,0.0466069,
0.00314214,0.000938986,-0.00116954,0.000608401,0.000183516,0.000102185,-4.19134e-05,0.000938986,0.00202587,0.000926241,-0.000375787,-0.00119256,0.000791071,-7.97802e-05,-0.00116954,0.000926241,0.00289017,-0.000616995,0.000876123,0.00134672,-2.90466e-05,0.000608401,-0.000375787,-0.000616995,0.00206466,0.000145904,0.00157468,2.41717e-05,0.000183516,-0.00119256,0.000876123,0.000145904,0.0264823,0.000257292,0.000257514,0.000102185,0.000791071,0.00134672,0.00157468,0.000257292,0.0268643,-6.62869e-05,-4.19134e-05,-7.97802e-05,-2.90466e-05,2.41717e-05,0.000257514,-6.62869e-05,0.0466068,
0.00314214,0.000938984,-0.00116953,0.000608407,0.00018351,0.000102171,-4.19189e-05,0.000938984,0.00202587,0.000926242,-0.000375783,-0.00119256,0.000791062,-7.98012e-05,-0.00116953,0.000926242,0.00289016,-0.000616996,0.000876122,0.0013467,-2.90502e-05,0.000608407,-0.000375783,-0.000616996,0.00206466,0.000145918,0.00157467,2.41557e-05,0.00018351,-0.00119256,0.000876122,0.000145918,0.0264825,0.000257299,0.000257156,0.000102171,0.000791062,0.0013467,0.00157467,0.000257299,0.0268643,-6.63601e-05,-4.19189e-05,-7.98012e-05,-2.90502e-05,2.41557e-05,0.000257156,-6.63601e-05,0.0466067,
0.00314213,0.000938983,-0.00116953,0.000608414,0.000183504,0.000102157,-4.19243e-05,0.000938983,0.00202587,0.000926244,-0.000375779,-0.00119256,0.000791053,-7.98222e-05,-0.00116953,0.000926244,0.00289016,-0.000616996,0.000876121,0.00134669,-2.90539e-05,0.000608414,-0.000375779,-0.000616996,0.00206466,0.000145933,0.00157465,2.41397e-05,0.000183504,-0.00119256,0.000876121,0.000145933,0.0264826,0.000257306,0.000256797,0.000102157,0.000791053,0.00134669,0.00157465,0.000257306,0.0268644,-6.64336e-05,-4.19243e-05,-7.98222e-05,-2.90539e-05,2.41397e-05,0.000256797,-6.64336e-05,0.0466066,
0.00314212,0.000938982,-0.00116952,0.00060842,0.000183499,0.000102144,-4.19297e-05,0.000938982,0.00202587,0.000926246,-0.000375775,-0.00119256,0.000791044,-7.98434e-05,-0.00116952,0.000926246,0.00289016,-0.000616997,0.00087612,0.00134668,-2.90575e-05,0.00060842,-0.000375775,-0.000616997,0.00206467,0.000145947,0.00157463,2.41236e-05,0.000183499,-0.00119256,0.00087612,0.000145947,0.0264828,0.000257312,0.000256437,0.000102144,0.000791044,0.00134668,0.00157463,0.000257312,0.0268645,-6.65073e-05,-4.19297e-05,-7.98434e-05,-2.90575e-05,2.41236e-05,0.000256437,-6.65073e-05,0.0466065,
0.00314212,0.000938981,-0.00116952,0.000608426,0.000183494,0.000102131,-4.19352e-05,0.000938981,0.00202587,0.000926247,-0.000375772,-0.00119256,0.000791036,-7.98646e-05,-0.00116952,0.000926247,0.00289016,-0.000616997,0.000876119,0.00134666,-2.90611e-05,0.000608426,-0.000375772,-0.000616997,0.00206467,0.000145962,0.00157461,2.41075e-05,0.000183494,-0.00119256,0.000876119,0.000145962,0.0264829,0.000257319,0.000256075,0.000102131,0.000791036,0.00134666,0.00157461,0.000257319,0.0268646,-6.65813e-05,-4.19352e-05,-7.98646e-05,-2.90611e-05,2.41075e-05,0.000256075,-6.65813e-05,0.0466064,
0.00314212,0.00093898,-0.00116951,0.000608431,0.000183488,0.000102118,-4.19407e-05,0.00093898,0.00202588,0.000926248,-0.000375768,-0.00119257,0.000791027,-7.98859e-05,-0.00116951,0.000926248,0.00289016,-0.000616997,0.000876118,0.00134665,-2.90648e-05,0.000608431,-0.000375768,-0.000616997,0.00206467,0.000145976,0.00157459,2.40914e-05,0.000183488,-0.00119257,0.000876118,0.000145976,0.0264831,0.000257325,0.000255712,0.000102118,0.000791027,0.00134665,0.00157459,0.000257325,0.0268647,-6.66556e-05,-4.19407e-05,-7.98859e-05,-2.90648e-05,2.40914e-05,0.000255712,-6.66556e-05,0.0466063,
0.00314211,0.000938979,-0.00116951,0.000608437,0.000183483,0.000102105,-4.19462e-05,0.000938979,0.00202588,0.00092625,-0.000375765,-0.00119257,0.000791019,-7.99072e-05,-0.00116951,0.00092625,0.00289015,-0.000616998,0.000876117,0.00134664,-2.90684e-05,0.000608437,-0.000375765,-0.000616998,0.00206467,0.00014599,0.00157458,2.40752e-05,0.000183483,-0.00119257,0.000876117,0.00014599,0.0264832,0.000257332,0.000255348,0.000102105,0.000791019,0.00134664,0.00157458,0.000257332,0.0268648,-6.67301e-05,-4.19462e-05,-7.99072e-05,-2.90684e-05,2.40752e-05,0.000255348,-6.67301e-05,0.0466062,
0.00314211,0.000938978,-0.00116951,0.000608442,0.000183478,0.000102093,-4.19517e-05,0.000938978,0.00202588,0.000926251,-0.000375762,-0.00119257,0.000791011,-7.99286e-05,-0.00116951,0.000926251,0.00289015,-0.000616998,0.000876116,0.00134662,-2.90721e-05,0.000608442,-0.000375762,-0.000616998,0.00206467,0.000146005,0.00157456,2.40589e-05,0.000183478,-0.00119257,0.000876116,0.000146005,0.0264834,0.000257338,0.000254983,0.000102093,0.000791011,0.00134662,0.00157456,0.000257338,0.0268649,-6.68048e-05,-4.19517e-05,-7.99286e-05,-2.90721e-05,2.40589e-05,0.000254983,-6.68048e-05,0.0466061,
0.0031421,0.000938977,-0.0011695,0.000608447,0.000183473,0.000102081,-4.19572e-05,0.000938977,0.00202588,0.000926252,-0.000375759,-0.00119257,0.000791003,-7.99501e-05,-0.0011695,0.000926252,0.00289015,-0.000616998,0.000876115,0.00134661,-2.90758e-05,0.000608447,-0.000375759,-0.000616998,0.00206467,0.000146019,0.00157454,2.40426e-05,0.000183473,-0.00119257,0.000876115,0.000146019,0.0264835,0.000257345,0.000254618,0.000102081,0.000791003,0.00134661,0.00157454,0.000257345,0.026865,-6.68797e-05,-4.19572e-05,-7.99501e-05,-2.90758e-05,2.40426e-05,0.000254618,-6.68797e-05,0.046606,
0.0031421,0.000938976,-0.0011695,0.000608452,0.000183468,0.000102069,-4.19628e-05,0.000938976,0.00202588,0.000926253,-0.000375756,-0.00119257,0.000790995,-7.99716e-05,-0.0011695,0.000926253,0.00289015,-0.000616999,0.000876114,0.00134659,-2.90794e-05,0.000608452,-0.000375756,-0.000616999,0.00206467,0.000146033,0.00157452,2.40263e-05,0.000183468,-0.00119257,0.000876114,0.000146033,0.0264837,0.000257351,0.000254251,0.000102069,0.000790995,0.00134659,0.00157452,0.000257351,0.0268651,-6.69548e-05,-4.19628e-05,-7.99716e-05,-2.90794e-05,2.40263e-05,0.000254251,-6.69548e-05,0.0466059,
0.00314209,0.000938975,-0.0011695,0.000608457,0.000183463,0.000102057,-4.19683e-05,0.000938975,0.00202588,0.000926254,-0.000375753,-0.00119257,0.000790988,-7.99931e-05,-0.0011695,0.000926254,0.00289014,-0.000616999,0.000876113,0.00134658,-2.90831e-05,0.000608457,-0.000375753,-0.000616999,0.00206467,0.000146048,0.0015745,2.401e-05,0.000183463,-0.00119257,0.000876113,0.000146048,0.0264838,0.000257357,0.000253883,0.000102057,0.000790988,0.00134658,0.0015745,0.000257357,0.0268652,-6.70301e-05,-4.19683e-05,-7.99931e-05,-2.90831e-05,2.401e-05,0.000253883,-6.70301e-05,0.0466058,
0.00314209,0.000938974,-0.00116949,0.000608462,0.000183458,0.000102046,-4.19739e-05,0.000938974,0.00202588,0.000926255,-0.00037575,-0.00119258,0.00079098,-8.00147e-05,-0.00116949,0.000926255,0.00289014,-0.000616999,0.000876112,0.00134657,-2.90868e-05,0.000608462,-0.00037575,-0.000616999,0.00206468,0.000146062,0.00157448,2.39936e-05,0.000183458,-0.00119258,0.000876112,0.000146062,0.026484,0.000257364,0.000253515,0.000102046,0.00079098,0.00134657,0.00157448,0.000257364,0.0268652,-6.71055e-05,-4.19739e-05,-8.00147e-05,-2.90868e-05,2.39936e-05,0.000253515,-6.71055e-05,0.0466057,
0.00314208,0.000938973,-0.00116949,0.000608467,0.000183454,0.000102034,-4.19795e-05,0.000938973,0.00202588,0.000926256,-0.000375748,-0.00119258,0.000790973,-8.00364e-05,-0.00116949,0.000926256,0.00289014,-0.000617,0.000876111,0.00134655,-2.90905e-05,0.000608467,-0.000375748,-0.000617,0.00206468,0.000146076,0.00157447,2.39772e-05,0.000183454,-0.00119258,0.000876111,0.000146076,0.0264841,0.00025737,0.000253146,0.000102034,0.000790973,0.00134655,0.00157447,0.00025737,0.0268653,-6.71811e-05,-4.19795e-05,-8.00364e-05,-2.90905e-05,2.39772e-05,0.000253146,-6.71811e-05,0.0466056,
0.00314208,0.000938972,-0.00116949,0.000608471,0.000183449,0.000102023,-4.19851e-05,0.000938972,0.00202588,0.000926257,-0.000375745,-0.00119258,0.000790965,-8.00581e-05,-0.00116949,0.000926257,0.00289014,-0.000617,0.00087611,0.00134654,-2.90942e-05,0.000608471,-0.000375745,-0.000617,0.00206468,0.000146091,0.00157445,2.39608e-05,0.000183449,-0.00119258,0.00087611,0.000146091,0.0264843,0.000257376,0.000252777,0.000102023,0.000790965,0.00134654,0.00157445,0.000257376,0.0268654,-6.72568e-05,-4.19851e-05,-8.00581e-05,-2.90942e-05,2.39608e-05,0.000252777,-6.72568e-05,0.0466055,
0.00314208,0.000938971,-0.00116949,0.000608476,0.000183444,0.000102012,-4.19907e-05,0.000938971,0.00202588,0.000926258,-0.000375742,-0.00119258,0.000790958,-8.00798e-05,-0.00116949,0.000926258,0.00289014,-0.000617001,0.000876109,0.00134652,-2.90978e-05,0.000608476,-0.000375742,-0.000617001,0.00206468,0.000146105,0.00157443,2.39444e-05,0.000183444,-0.00119258,0.000876109,0.000146105,0.0264845,0.000257382,0.000252407,0.000102012,0.000790958,0.00134652,0.00157443,0.000257382,0.0268655,-6.73326e-05,-4.19907e-05,-8.00798e-05,-2.90978e-05,2.39444e-05,0.000252407,-6.73326e-05,0.0466054,
0.00314207,0.00093897,-0.00116948,0.000608481,0.000183439,0.000102,-4.19963e-05,0.00093897,0.00202588,0.000926259,-0.00037574,-0.00119258,0.00079095,-8.01015e-05,-0.00116948,0.000926259,0.00289013,-0.000617001,0.000876108,0.00134651,-2.91015e-05,0.000608481,-0.00037574,-0.000617001,0.00206468,0.000146119,0.00157441,2.39279e-05,0.000183439,-0.00119258,0.000876108,0.000146119,0.0264846,0.000257388,0.000252036,0.000102,0.00079095,0.00134651,0.00157441,0.000257388,0.0268656,-6.74086e-05,-4.19963e-05,-8.01015e-05,-2.91015e-05,2.39279e-05,0.000252036,-6.74085e-05,0.0466053,
0.00314207,0.000938969,-0.00116948,0.000608485,0.000183435,0.000101989,-4.20019e-05,0.000938969,0.00202588,0.000926259,-0.000375737,-0.00119258,0.000790943,-8.01233e-05,-0.00116948,0.000926259,0.00289013,-0.000617001,0.000876107,0.0013465,-2.91052e-05,0.000608485,-0.000375737,-0.000617001,0.00206468,0.000146134,0.00157439,2.39114e-05,0.000183435,-0.00119258,0.000876107,0.000146134,0.0264848,0.000257395,0.000251665,0.000101989,0.000790943,0.0013465,0.00157439,0.000257395,0.0268657,-6.74846e-05,-4.20019e-05,-8.01233e-05,-2.91052e-05,2.39114e-05,0.000251665,-6.74846e-05,0.0466052,
0.00314207,0.000938968,-0.00116948,0.000608489,0.00018343,0.000101978,-4.20075e-05,0.000938968,0.00202588,0.00092626,-0.000375735,-0.00119259,0.000790936,-8.01451e-05,-0.00116948,0.00092626,0.00289013,-0.000617002,0.000876106,0.00134648,-2.91089e-05,0.000608489,-0.000375735,-0.000617002,0.00206468,0.000146148,0.00157437,2.38949e-05,0.00018343,-0.00119259,0.000876106,0.000146148,0.0264849,0.000257401,0.000251294,0.000101978,0.000790936,0.00134648,0.00157437,0.000257401,0.0268658,-6.75607e-05,-4.20075e-05,-8.01451e-05,-2.91089e-05,2.38949e-05,0.000251294,-6.75607e-05,0.0466051,
0.00314206,0.000938968,-0.00116947,0.000608494,0.000183425,0.000101967,-4.20131e-05,0.000938968,0.00202588,0.000926261,-0.000375733,-0.00119259,0.000790928,-8.01669e-05,-0.00116947,0.000926261,0.00289013,-0.000617002,0.000876105,0.00134647,-2.91126e-05,0.000608494,-0.000375733,-0.000617002,0.00206468,0.000146162,0.00157435,2.38784e-05,0.000183425,-0.00119259,0.000876105,0.000146162,0.0264851,0.000257407,0.000250922,0.000101967,0.000790928,0.00134647,0.00157435,0.000257407,0.0268659,-6.7637e-05,-4.20131e-05,-8.01669e-05,-2.91126e-05,2.38784e-05,0.000250922,-6.7637e-05,0.046605,
0.00314206,0.000938967,-0.00116947,0.000608498,0.000183421,0.000101956,-4.20188e-05,0.000938967,0.00202588,0.000926262,-0.00037573,-0.00119259,0.000790921,-8.01888e-05,-0.00116947,0.000926262,0.00289013,-0.000617002,0.000876105,0.00134645,-2.91163e-05,0.000608498,-0.00037573,-0.000617002,0.00206468,0.000146177,0.00157433,2.38619e-05,0.000183421,-0.00119259,0.000876105,0.000146177,0.0264852,0.000257413,0.00025055,0.000101956,0.000790921,0.00134645,0.00157433,0.000257413,0.026866,-6.77133e-05,-4.20188e-05,-8.01888e-05,-2.91163e-05,2.38619e-05,0.00025055,-6.77133e-05,0.0466049,
0.00314205,0.000938966,-0.00116947,0.000608502,0.000183416,0.000101945,-4.20244e-05,0.000938966,0.00202588,0.000926262,-0.000375728,-0.00119259,0.000790914,-8.02106e-05,-0.00116947,0.000926262,0.00289012,-0.000617003,0.000876104,0.00134644,-2.91201e-05,0.000608502,-0.000375728,-0.000617003,0.00206469,0.000146191,0.00157431,2.38453e-05,0.000183416,-0.00119259,0.000876104,0.000146191,0.0264854,0.000257419,0.000250177,0.000101945,0.000790914,0.00134644,0.00157431,0.000257419,0.0268661,-6.77896e-05,-4.20244e-05,-8.02106e-05,-2.91201e-05,2.38453e-05,0.000250177,-6.77896e-05,0.0466048,
0.00314205,0.000938965,-0.00116947,0.000608506,0.000183411,0.000101934,-4.20301e-05,0.000938965,0.00202588,0.000926263,-0.000375725,-0.00119259,0.000790907,-8.02325e-05,-0.00116947,0.000926263,0.00289012,-0.000617003,0.000876103,0.00134642,-2.91238e-05,0.000608506,-0.000375725,-0.000617003,0.00206469,0.000146205,0.00157429,2.38288e-05,0.000183411,-0.00119259,0.000876103,0.000146205,0.0264856,0.000257425,0.000249804,0.000101934,0.000790907,0.00134642,0.00157429,0.000257425,0.0268662,-6.78661e-05,-4.20301e-05,-8.02325e-05,-2.91238e-05,2.38288e-05,0.000249804,-6.78661e-05,0.0466047,
0.00314205,0.000938964,-0.00116946,0.00060851,0.000183407,0.000101923,-4.20357e-05,0.000938964,0.00202588,0.000926264,-0.000375723,-0.00119259,0.000790899,-8.02545e-05,-0.00116946,0.000926264,0.00289012,-0.000617003,0.000876102,0.00134641,-2.91275e-05,0.00060851,-0.000375723,-0.000617003,0.00206469,0.00014622,0.00157428,2.38122e-05,0.000183407,-0.00119259,0.000876102,0.00014622,0.0264857,0.000257431,0.000249431,0.000101923,0.000790899,0.00134641,0.00157428,0.000257431,0.0268663,-6.79426e-05,-4.20357e-05,-8.02545e-05,-2.91275e-05,2.38122e-05,0.000249431,-6.79426e-05,0.0466046,
0.00314204,0.000938963,-0.00116946,0.000608515,0.000183402,0.000101913,-4.20414e-05,0.000938963,0.00202588,0.000926264,-0.000375721,-0.00119259,0.000790892,-8.02764e-05,-0.00116946,0.000926264,0.00289012,-0.000617004,0.000876101,0.0013464,-2.91312e-05,0.000608515,-0.000375721,-0.000617004,0.00206469,0.000146234,0.00157426,2.37956e-05,0.000183402,-0.00119259,0.000876101,0.000146234,0.0264859,0.000257437,0.000249057,0.000101913,0.000790892,0.0013464,0.00157426,0.000257437,0.0268664,-6.80192e-05,-4.20414e-05,-8.02764e-05,-2.91312e-05,2.37956e-05,0.000249057,-6.80192e-05,0.0466045,
0.00314204,0.000938962,-0.00116946,0.000608519,0.000183398,0.000101902,-4.20471e-05,0.000938962,0.00202588,0.000926265,-0.000375718,-0.0011926,0.000790885,-8.02984e-05,-0.00116946,0.000926265,0.00289012,-0.000617004,0.0008761,0.00134638,-2.91349e-05,0.000608519,-0.000375718,-0.000617004,0.00206469,0.000146248,0.00157424,2.3779e-05,0.000183398,-0.0011926,0.0008761,0.000146248,0.026486,0.000257443,0.000248684,0.000101902,0.000790885,0.00134638,0.00157424,0.000257443,0.0268664,-6.80958e-05,-4.20471e-05,-8.02984e-05,-2.91349e-05,2.3779e-05,0.000248684,-6.80958e-05,0.0466044,
0.00314204,0.000938961,-0.00116946,0.000608523,0.000183393,0.000101891,-4.20527e-05,0.000938961,0.00202588,0.000926266,-0.000375716,-0.0011926,0.000790878,-8.03203e-05,-0.00116946,0.000926266,0.00289011,-0.000617004,0.000876099,0.00134637,-2.91387e-05,0.000608523,-0.000375716,-0.000617004,0.00206469,0.000146263,0.00157422,2.37624e-05,0.000183393,-0.0011926,0.000876099,0.000146263,0.0264862,0.00025745,0.00024831,0.000101891,0.000790878,0.00134637,0.00157422,0.00025745,0.0268665,-6.81725e-05,-4.20527e-05,-8.03203e-05,-2.91387e-05,2.37624e-05,0.00024831,-6.81725e-05,0.0466043,
0.00314203,0.000938961,-0.00116945,0.000608527,0.000183388,0.00010188,-4.20584e-05,0.000938961,0.00202588,0.000926266,-0.000375714,-0.0011926,0.000790871,-8.03423e-05,-0.00116945,0.000926266,0.00289011,-0.000617005,0.000876098,0.00134635,-2.91424e-05,0.000608527,-0.000375714,-0.000617005,0.00206469,0.000146277,0.0015742,2.37458e-05,0.000183388,-0.0011926,0.000876098,0.000146277,0.0264863,0.000257456,0.000247936,0.00010188,0.000790871,0.00134635,0.0015742,0.000257456,0.0268666,-6.82493e-05,-4.20584e-05,-8.03423e-05,-2.91424e-05,2.37458e-05,0.000247936,-6.82493e-05,0.0466041,
0.00314203,0.00093896,-0.00116945,0.000608531,0.000183384,0.000101869,-4.20641e-05,0.00093896,0.00202588,0.000926267,-0.000375712,-0.0011926,0.000790864,-8.03643e-05,-0.00116945,0.000926267,0.00289011,-0.000617005,0.000876097,0.00134634,-2.91461e-05,0.000608531,-0.000375712,-0.000617005,0.00206469,0.000146291,0.00157418,2.37292e-05,0.000183384,-0.0011926,0.000876097,0.000146291,0.0264865,0.000257462,0.000247561,0.000101869,0.000790864,0.00134634,0.00157418,0.000257462,0.0268667,-6.8326e-05,-4.20641e-05,-8.03643e-05,-2.91461e-05,2.37292e-05,0.000247561,-6.8326e-05,0.046604,
0.00314203,0.000938959,-0.00116945,0.000608535,0.000183379,0.000101858,-4.20698e-05,0.000938959,0.00202588,0.000926268,-0.000375709,-0.0011926,0.000790857,-8.03863e-05,-0.00116945,0.000926268,0.00289011,-0.000617005,0.000876096,0.00134632,-2.91498e-05,0.000608535,-0.000375709,-0.000617005,0.00206469,0.000146306,0.00157416,2.37125e-05,0.000183379,-0.0011926,0.000876096,0.000146306,0.0264866,0.000257468,0.000247187,0.000101858,0.000790857,0.00134632,0.00157416,0.000257468,0.0268668,-6.84028e-05,-4.20698e-05,-8.03863e-05,-2.91498e-05,2.37125e-05,0.000247187,-6.84028e-05,0.0466039,
0.00314202,0.000938958,-0.00116944,0.000608539,0.000183375,0.000101848,-4.20754e-05,0.000938958,0.00202588,0.000926268,-0.000375707,-0.0011926,0.00079085,-8.04084e-05,-0.00116944,0.000926268,0.00289011,-0.000617006,0.000876095,0.00134631,-2.91536e-05,0.000608539,-0.000375707,-0.000617006,0.00206469,0.00014632,0.00157414,2.36959e-05,0.000183375,-0.0011926,0.000876095,0.00014632,0.0264868,0.000257474,0.000246812,0.000101848,0.00079085,0.00134631,0.00157414,0.000257474,0.0268669,-6.84797e-05,-4.20754e-05,-8.04084e-05,-2.91536e-05,2.36959e-05,0.000246812,-6.84797e-05,0.0466038,
0.00314202,0.000938957,-0.00116944,0.000608543,0.00018337,0.000101837,-4.20811e-05,0.000938957,0.00202588,0.000926269,-0.000375705,-0.0011926,0.000790842,-8.04304e-05,-0.00116944,0.000926269,0.0028901,-0.000617006,0.000876094,0.00134629,-2.91573e-05,0.000608543,-0.000375705,-0.000617006,0.0020647,0.000146335,0.00157412,2.36793e-05,0.00018337,-0.0011926,0.000876094,0.000146335,0.026487,0.00025748,0.000246438,0.000101837,0.000790842,0.00134629,0.00157412,0.00025748,0.026867,-6.85566e-05,-4.20811e-05,-8.04304e-05,-2.91573e-05,2.36793e-05,0.000246438,-6.85566e-05,0.0466037,
0.00314202,0.000938956,-0.00116944,0.000608547,0.000183365,0.000101826,-4.20868e-05,0.000938956,0.00202588,0.00092627,-0.000375703,-0.0011926,0.000790835,-8.04524e-05,-0.00116944,0.00092627,0.0028901,-0.000617006,0.000876093,0.00134628,-2.9161e-05,0.000608547,-0.000375703,-0.000617006,0.0020647,0.000146349,0.0015741,2.36626e-05,0.000183365,-0.0011926,0.000876093,0.000146349,0.0264871,0.000257486,0.000246063,0.000101826,0.000790835,0.00134628,0.0015741,0.000257486,0.0268671,-6.86335e-05,-4.20868e-05,-8.04524e-05,-2.9161e-05,2.36626e-05,0.000246063,-6.86335e-05,0.0466036,
0.00314201,0.000938955,-0.00116944,0.000608551,0.000183361,0.000101815,-4.20925e-05,0.000938955,0.00202588,0.00092627,-0.0003757,-0.00119261,0.000790828,-8.04745e-05,-0.00116944,0.00092627,0.0028901,-0.000617007,0.000876092,0.00134627,-2.91648e-05,0.000608551,-0.0003757,-0.000617007,0.0020647,0.000146363,0.00157408,2.3646e-05,0.000183361,-0.00119261,0.000876092,0.000146363,0.0264873,0.000257492,0.000245688,0.000101815,0.000790828,0.00134627,0.00157408,0.000257492,0.0268672,-6.87104e-05,-4.20925e-05,-8.04745e-05,-2.91648e-05,2.3646e-05,0.000245688,-6.87104e-05,0.0466035,
