0.00352835,-0.00100975,-0.00118738,-0.000311915,-0.000383437,0.00137381,-9.4236e-05,-0.00100975,0.00172381,-0.00109351,1.19316e-05,0.00117775,-0.000123337,8.98703e-05,-0.00118738,-0.00109351,0.00368182,0.000297225,-0.000621714,0.00164748,-7.99821e-05,-0.000311915,1.19316e-05,0.000297225,0.00171478,0.00174368,0.000401276,-0.000173893,-0.000383437,0.00117775,-0.000621714,0.00174368,0.0339578,0.000853488,-0.00202221,0.00137381,-0.000123337,0.00164748,0.000401276,0.000853488,0.0279989,-0.000169782,-9.4236e-05,8.98703e-05,-7.99821e-05,-0.000173893,-0.00202221,-0.000169782,0.0467429,
0.00352784,-0.00100968,-0.00118778,-0.000312089,-0.000383304,0.00137351,-9.41643e-05,-0.00100968,0.00172422,-0.00109348,1.20271e-05,0.00117756,-0.000123858,8.98795e-05,-0.00118778,-0.00109348,0.00368134,0.000297275,-0.000621721,0.00164737,-7.99019e-05,-0.000312089,1.20271e-05,0.000297275,0.00171492,0.00174426,0.000401834,-0.000173941,-0.000383304,0.00117756,-0.000621721,0.00174426,0.0339565,0.000853207,-0.00202218,0.00137351,-0.000123858,0.00164737,0.000401834,0.000853207,0.0279982,-0.000169719,-9.41643e-05,8.98795e-05,-7.99019e-05,-0.000173941,-0.00202218,-0.000169719,0.0467429,
0.00352748,-0.00100963,-0.00118806,-0.000312223,-0.000383191,0.00137332,-9.41158e-05,-0.00100963,0.00172451,-0.00109346,1.21081e-05,0.00117742,-0.000124211,8.98869e-05,-0.00118806,-0.00109346,0.003681,0.000297304,-0.000621704,0.00164732,-7.98481e-05,-0.000312223,1.21081e-05,0.000297304,0.00171501,0.0017446,0.000402245,-0.000173965,-0.000383191,0.00117742,-0.000621704,0.0017446,0.0339559,0.000853081,-0.00202217,0.00137332,-0.000124211,0.00164732,0.000402245,0.000853081,0.0279979,-0.00016968,-9.41158e-05,8.98869e-05,-7.98481e-05,-0.000173965,-0.00202217,-0.00016968,0.0467429,
0.00352722,-0.00100959,-0.00118825,-0.000312332,-0.0003831,0.00137319,-9.40829e-05,-0.00100959,0.00172471,-0.00109344,1.21765e-05,0.00117731,-0.000124452,8.98927e-05,-0.00118825,-0.00109344,0.00368077,0.000297323,-0.000621683,0.00164729,-7.98117e-05,-0.000312332,1.21765e-05,0.000297323,0.00171506,0.00174482,0.000402543,-0.000173975,-0.0003831,0.00117731,-0.000621683,0.00174482,0.0339555,0.000853031,-0.00202216,0.00137319,-0.000124452,0.00164729,0.000402543,0.000853031,0.0279977,-0.000169655,-9.40829e-05,8.98927e-05,-7.98117e-05,-0.000173975,-0.00202216,-0.000169655,0.0467429,
0.00352703,-0.00100956,-0.00118839,-0.000312425,-0.000383026,0.0013731,-9.40607e-05,-0.00100956,0.00172485,-0.00109343,1.22347e-05,0.00117723,-0.000124615,8.98972e-05,-0.00118839,-0.00109343,0.00368061,0.000297336,-0.000621663,0.00164727,-7.97869e-05,-0.000312425,1.22347e-05,0.000297336,0.0017151,0.00174495,0.000402755,-0.000173979,-0.000383026,0.00117723,-0.000621663,0.00174495,0.0339553,0.00085302,-0.00202216,0.0013731,-0.000124615,0.00164727,0.000402755,0.00085302,0.0279976,-0.000169639,-9.40607e-05,8.98972e-05,-7.97869e-05,-0.000173979,-0.00202216,-0.000169639,0.0467429,
0.00352689,-0.00100954,-0.00118848,-0.000312505,-0.000382965,0.00137304,-9.40459e-05,-0.00100954,0.00172494,-0.00109343,1.22845e-05,0.00117717,-0.000124725,8.99007e-05,-0.00118848,-0.00109343,0.00368049,0.000297346,-0.000621647,0.00164727,-7.97703e-05,-0.000312505,1.22845e-05,0.000297346,0.00171513,0.00174504,0.000402902,-0.000173978,-0.000382965,0.00117717,-0.000621647,0.00174504,0.0339552,0.000853027,-0.00202216,0.00137304,-0.000124725,0.00164727,0.000402902,0.000853027,0.0279976,-0.000169628,-9.40459e-05,8.99007e-05,-7.97703e-05,-0.000173978,-0.00202216,-0.000169628,0.0467429,
0.00352679,-0.00100953,-0.00118854,-0.000312577,-0.000382914,0.00137299,-9.40363e-05,-0.00100953,0.00172501,-0.00109342,1.23276e-05,0.00117713,-0.000124798,8.99034e-05,-0.00118854,-0.00109342,0.00368041,0.000297354,-0.000621635,0.00164727,-7.97591e-05,-0.000312577,1.23276e-05,0.000297354,0.00171515,0.0017451,0.000403003,-0.000173974,-0.000382914,0.00117713,-0.000621635,0.0017451,0.0339551,0.000853043,-0.00202216,0.00137299,-0.000124798,0.00164727,0.000403003,0.000853043,0.0279976,-0.00016962,-9.40363e-05,8.99034e-05,-7.97591e-05,-0.000173974,-0.00202216,-0.00016962,0.0467429,
0.00352672,-0.00100951,-0.00118858,-0.000312641,-0.000382872,0.00137296,-9.40302e-05,-0.00100951,0.00172506,-0.00109342,1.2365e-05,0.0011771,-0.000124847,8.99055e-05,-0.00118858,-0.00109342,0.00368035,0.000297362,-0.000621625,0.00164727,-7.97519e-05,-0.000312641,1.2365e-05,0.000297362,0.00171516,0.00174514,0.000403071,-0.000173969,-0.000382872,0.0011771,-0.000621625,0.00174514,0.0339551,0.000853064,-0.00202216,0.00137296,-0.000124847,0.00164727,0.000403071,0.000853064,0.0279976,-0.000169615,-9.40302e-05,8.99055e-05,-7.97519e-05,-0.000173969,-0.00202216,-0.000169615,0.0467429,
0.00352666,-0.0010095,-0.00118861,-0.000312699,-0.000382836,0.00137293,-9.40265e-05,-0.0010095,0.00172509,-0.00109342,1.2398e-05,0.00117707,-0.000124879,8.99072e-05,-0.00118861,-0.00109342,0.00368031,0.000297368,-0.000621618,0.00164727,-7.97474e-05,-0.000312699,1.2398e-05,0.000297368,0.00171518,0.00174516,0.000403115,-0.000173962,-0.000382836,0.00117707,-0.000621618,0.00174516,0.0339551,0.000853086,-0.00202216,0.00137293,-0.000124879,0.00164727,0.000403115,0.000853086,0.0279976,-0.000169611,-9.40265e-05,8.99072e-05,-7.97474e-05,-0.000173962,-0.00202216,-0.000169611,0.0467429,
0.00352661,-0.00100949,-0.00118863,-0.000312751,-0.000382805,0.0013729,-9.40246e-05,-0.00100949,0.00172512,-0.00109342,1.24271e-05,0.00117705,-0.000124898,8.99085e-05,-0.00118863,-0.00109342,0.00368028,0.000297374,-0.000621613,0.00164728,-7.97447e-05,-0.000312751,1.24271e-05,0.000297374,0.00171519,0.00174518,0.000403142,-0.000173955,-0.000382805,0.00117705,-0.000621613,0.00174518,0.0339551,0.000853109,-0.00202216,0.0013729,-0.000124898,0.00164728,0.000403142,0.000853109,0.0279976,-0.000169608,-9.40246e-05,8.99085e-05,-7.97447e-05,-0.000173955,-0.00202216,-0.000169608,0.0467429,
0.00352658,-0.00100948,-0.00118864,-0.000312798,-0.000382778,0.00137288,-9.40238e-05,-0.00100948,0.00172513,-0.00109342,1.24529e-05,0.00117703,-0.00012491,8.99096e-05,-0.00118864,-0.00109342,0.00368026,0.00029738,-0.000621609,0.00164728,-7.97434e-05,-0.000312798,1.24529e-05,0.00029738,0.00171519,0.0017452,0.000403158,-0.000173946,-0.000382778,0.00117703,-0.000621609,0.0017452,0.0339551,0.00085313,-0.00202216,0.00137288,-0.00012491,0.00164728,0.000403158,0.00085313,0.0279976,-0.000169605,-9.40238e-05,8.99096e-05,-7.97434e-05,-0.000173946,-0.00202216,-0.000169605,0.0467429,
0.00352655,-0.00100948,-0.00118864,-0.000312842,-0.000382754,0.00137286,-9.40239e-05,-0.00100948,0.00172514,-0.00109343,1.2476e-05,0.00117702,-0.000124917,8.99104e-05,-0.00118864,-0.00109343,0.00368025,0.000297385,-0.000621607,0.00164729,-7.97431e-05,-0.000312842,1.2476e-05,0.000297385,0.0017152,0.00174521,0.000403166,-0.000173938,-0.000382754,0.00117702,-0.000621607,0.00174521,0.0339551,0.00085315,-0.00202216,0.00137286,-0.000124917,0.00164729,0.000403166,0.00085315,0.0279976,-0.000169602,-9.40239e-05,8.99104e-05,-7.97431e-05,-0.000173938,-0.00202216,-0.000169602,0.0467429,
0.00352652,-0.00100947,-0.00118864,-0.000312881,-0.000382733,0.00137285,-9.40245e-05,-0.00100947,0.00172515,-0.00109343,1.24967e-05,0.00117701,-0.00012492,8.99111e-05,-0.00118864,-0.00109343,0.00368023,0.000297389,-0.000621605,0.0016473,-7.97434e-05,-0.000312881,1.24967e-05,0.000297389,0.00171521,0.00174522,0.000403169,-0.000173929,-0.000382733,0.00117701,-0.000621605,0.00174522,0.0339551,0.000853169,-0.00202216,0.00137285,-0.00012492,0.0016473,0.000403169,0.000853169,0.0279975,-0.0001696,-9.40245e-05,8.99111e-05,-7.97434e-05,-0.000173929,-0.00202216,-0.0001696,0.0467429,
0.0035265,-0.00100947,-0.00118865,-0.000312917,-0.000382715,0.00137284,-9.40255e-05,-0.00100947,0.00172516,-0.00109343,1.25153e-05,0.001177,-0.000124921,8.99116e-05,-0.00118865,-0.00109343,0.00368023,0.000297394,-0.000621603,0.0016473,-7.97443e-05,-0.000312917,1.25153e-05,0.000297394,0.00171521,0.00174523,0.000403169,-0.000173919,-0.000382715,0.001177,-0.000621603,0.00174523,0.0339551,0.000853187,-0.00202216,0.00137284,-0.000124921,0.0016473,0.000403169,0.000853187,0.0279975,-0.000169598,-9.40255e-05,8.99116e-05,-7.97443e-05,-0.000173919,-0.00202216,-0.000169598,0.0467429,
0.00352648,-0.00100946,-0.00118864,-0.000312949,-0.000382699,0.00137283,-9.40267e-05,-0.00100946,0.00172516,-0.00109343,1.25321e-05,0.00117699,-0.00012492,8.99121e-05,-0.00118864,-0.00109343,0.00368022,0.000297398,-0.000621603,0.00164731,-7.97454e-05,-0.000312949,1.25321e-05,0.000297398,0.00171522,0.00174523,0.000403166,-0.00017391,-0.000382699,0.00117699,-0.000621603,0.00174523,0.0339551,0.000853203,-0.00202216,0.00137283,-0.00012492,0.00164731,0.000403166,0.000853203,0.0279975,-0.000169595,-9.40267e-05,8.99121e-05,-7.97454e-05,-0.00017391,-0.00202216,-0.000169595,0.0467429,
0.00352647,-0.00100946,-0.00118864,-0.000312979,-0.000382684,0.00137282,-9.40281e-05,-0.00100946,0.00172516,-0.00109343,1.25473e-05,0.00117698,-0.000124919,8.99124e-05,-0.00118864,-0.00109343,0.00368022,0.000297401,-0.000621603,0.00164731,-7.97469e-05,-0.000312979,1.25473e-05,0.000297401,0.00171522,0.00174524,0.000403163,-0.0001739,-0.000382684,0.00117698,-0.000621603,0.00174524,0.0339551,0.000853218,-0.00202215,0.00137282,-0.000124919,0.00164731,0.000403163,0.000853218,0.0279975,-0.000169593,-9.40281e-05,8.99124e-05,-7.97469e-05,-0.0001739,-0.00202215,-0.000169593,0.0467429,
0.00352646,-0.00100946,-0.00118864,-0.000313006,-0.000382671,0.00137281,-9.40296e-05,-0.00100946,0.00172517,-0.00109343,1.25611e-05,0.00117698,-0.000124917,8.99127e-05,-0.00118864,-0.00109343,0.00368021,0.000297405,-0.000621603,0.00164732,-7.97485e-05,-0.000313006,1.25611e-05,0.000297405,0.00171522,0.00174525,0.000403158,-0.00017389,-0.000382671,0.00117698,-0.000621603,0.00174525,0.0339551,0.000853232,-0.00202215,0.00137281,-0.000124917,0.00164732,0.000403158,0.000853232,0.0279975,-0.00016959,-9.40296e-05,8.99127e-05,-7.97485e-05,-0.00017389,-0.00202215,-0.00016959,0.0467429,
0.00352645,-0.00100945,-0.00118864,-0.000313031,-0.000382659,0.0013728,-9.40312e-05,-0.00100945,0.00172517,-0.00109343,1.25736e-05,0.00117697,-0.000124915,8.9913e-05,-0.00118864,-0.00109343,0.00368021,0.000297408,-0.000621603,0.00164732,-7.97503e-05,-0.000313031,1.25736e-05,0.000297408,0.00171523,0.00174525,0.000403154,-0.000173879,-0.000382659,0.00117697,-0.000621603,0.00174525,0.0339552,0.000853245,-0.00202215,0.0013728,-0.000124915,0.00164732,0.000403154,0.000853245,0.0279975,-0.000169587,-9.40312e-05,8.9913e-05,-7.97503e-05,-0.000173879,-0.00202215,-0.000169587,0.0467429,
0.00352644,-0.00100945,-0.00118864,-0.000313054,-0.000382649,0.00137279,-9.40328e-05,-0.00100945,0.00172517,-0.00109344,1.25849e-05,0.00117697,-0.000124912,8.99132e-05,-0.00118864,-0.00109344,0.00368021,0.000297411,-0.000621604,0.00164733,-7.97521e-05,-0.000313054,1.25849e-05,0.000297411,0.00171523,0.00174526,0.000403149,-0.000173869,-0.000382649,0.00117697,-0.000621604,0.00174526,0.0339552,0.000853257,-0.00202215,0.00137279,-0.000124912,0.00164733,0.000403149,0.000853257,0.0279975,-0.000169584,-9.40328e-05,8.99132e-05,-7.97521e-05,-0.000173869,-0.00202215,-0.000169584,0.046743,
0.00352643,-0.00100945,-0.00118864,-0.000313074,-0.000382639,0.00137278,-9.40344e-05,-0.00100945,0.00172517,-0.00109344,1.25952e-05,0.00117696,-0.00012491,8.99133e-05,-0.00118864,-0.00109344,0.0036802,0.000297414,-0.000621605,0.00164733,-7.97541e-05,-0.000313074,1.25952e-05,0.000297414,0.00171523,0.00174527,0.000403145,-0.000173858,-0.000382639,0.00117696,-0.000621605,0.00174527,0.0339552,0.000853267,-0.00202214,0.00137278,-0.00012491,0.00164733,0.000403145,0.000853267,0.0279975,-0.000169581,-9.40344e-05,8.99133e-05,-7.97541e-05,-0.000173858,-0.00202214,-0.000169581,0.046743,
0.00352642,-0.00100945,-0.00118863,-0.000313093,-0.000382631,0.00137278,-9.40361e-05,-0.00100945,0.00172517,-0.00109344,1.26046e-05,0.00117696,-0.000124909,8.99134e-05,-0.00118863,-0.00109344,0.0036802,0.000297416,-0.000621606,0.00164734,-7.97561e-05,-0.000313093,1.26046e-05,0.000297416,0.00171524,0.00174527,0.00040314,-0.000173847,-0.000382631,0.00117696,-0.000621606,0.00174527,0.0339552,0.000853277,-0.00202214,0.00137278,-0.000124909,0.00164734,0.00040314,0.000853277,0.0279975,-0.000169578,-9.40361e-05,8.99134e-05,-7.97561e-05,-0.000173847,-0.00202214,-0.000169578,0.046743,
0.00352641,-0.00100944,-0.00118863,-0.000313111,-0.000382623,0.00137277,-9.40378e-05,-0.00100944,0.00172517,-0.00109344,1.26132e-05,0.00117696,-0.000124907,8.99135e-05,-0.00118863,-0.00109344,0.0036802,0.000297419,-0.000621607,0.00164734,-7.97582e-05,-0.000313111,1.26132e-05,0.000297419,0.00171524,0.00174528,0.000403136,-0.000173835,-0.000382623,0.00117696,-0.000621607,0.00174528,0.0339552,0.000853286,-0.00202214,0.00137277,-0.000124907,0.00164734,0.000403136,0.000853286,0.0279974,-0.000169575,-9.40378e-05,8.99135e-05,-7.97582e-05,-0.000173835,-0.00202214,-0.000169575,0.046743,
0.0035264,-0.00100944,-0.00118863,-0.000313127,-0.000382616,0.00137276,-9.40394e-05,-0.00100944,0.00172517,-0.00109344,1.26211e-05,0.00117695,-0.000124905,8.99135e-05,-0.00118863,-0.00109344,0.0036802,0.000297421,-0.000621608,0.00164734,-7.97604e-05,-0.000313127,1.26211e-05,0.000297421,0.00171524,0.00174529,0.000403133,-0.000173824,-0.000382616,0.00117695,-0.000621608,0.00174529,0.0339552,0.000853295,-0.00202213,0.00137276,-0.000124905,0.00164734,0.000403133,0.000853295,0.0279974,-0.000169571,-9.40394e-05,8.99135e-05,-7.97604e-05,-0.000173824,-0.00202213,-0.000169571,0.046743,
0.0035264,-0.00100944,-0.00118863,-0.000313142,-0.00038261,0.00137276,-9.40411e-05,-0.00100944,0.00172517,-0.00109344,1.26282e-05,0.00117695,-0.000124904,8.99135e-05,-0.00118863,-0.00109344,0.0036802,0.000297423,-0.00062161,0.00164735,-7.97625e-05,-0.000313142,1.26282e-05,0.000297423,0.00171524,0.00174529,0.000403129,-0.000173813,-0.00038261,0.00117695,-0.00062161,0.00174529,0.0339552,0.000853302,-0.00202213,0.00137276,-0.000124904,0.00164735,0.000403129,0.000853302,0.0279974,-0.000169568,-9.40411e-05,8.99135e-05,-7.97625e-05,-0.000173813,-0.00202213,-0.000169568,0.046743,
0.00352639,-0.00100944,-0.00118863,-0.000313155,-0.000382604,0.00137275,-9.40428e-05,-0.00100944,0.00172517,-0.00109344,1.26348e-05,0.00117695,-0.000124903,8.99135e-05,-0.00118863,-0.00109344,0.00368019,0.000297425,-0.000621611,0.00164735,-7.97648e-05,-0.000313155,1.26348e-05,0.000297425,0.00171525,0.0017453,0.000403126,-0.000173801,-0.000382604,0.00117695,-0.000621611,0.0017453,0.0339552,0.000853309,-0.00202213,0.00137275,-0.000124903,0.00164735,0.000403126,0.000853309,0.0279974,-0.000169564,-9.40428e-05,8.99135e-05,-7.97648e-05,-0.000173801,-0.00202213,-0.000169564,0.046743,
0.00352638,-0.00100944,-0.00118863,-0.000313168,-0.000382599,0.00137275,-9.40444e-05,-0.00100944,0.00172517,-0.00109344,1.26408e-05,0.00117694,-0.000124902,8.99135e-05,-0.00118863,-0.00109344,0.00368019,0.000297427,-0.000621613,0.00164735,-7.9767e-05,-0.000313168,1.26408e-05,0.000297427,0.00171525,0.00174531,0.000403124,-0.000173789,-0.000382599,0.00117694,-0.000621613,0.00174531,0.0339552,0.000853316,-0.00202212,0.00137275,-0.000124902,0.00164735,0.000403124,0.000853316,0.0279973,-0.00016956,-9.40444e-05,8.99135e-05,-7.9767e-05,-0.000173789,-0.00202212,-0.00016956,0.046743,
0.00352638,-0.00100943,-0.00118863,-0.000313179,-0.000382595,0.00137275,-9.40461e-05,-0.00100943,0.00172517,-0.00109344,1.26463e-05,0.00117694,-0.000124901,8.99134e-05,-0.00118863,-0.00109344,0.00368019,0.000297429,-0.000621614,0.00164735,-7.97693e-05,-0.000313179,1.26463e-05,0.000297429,0.00171525,0.00174532,0.000403121,-0.000173777,-0.000382595,0.00117694,-0.000621614,0.00174532,0.0339552,0.000853322,-0.00202212,0.00137275,-0.000124901,0.00164735,0.000403121,0.000853322,0.0279973,-0.000169557,-9.40461e-05,8.99134e-05,-7.97693e-05,-0.000173777,-0.00202212,-0.000169557,0.0467431,
0.00352637,-0.00100943,-0.00118862,-0.00031319,-0.000382591,0.00137274,-9.40478e-05,-0.00100943,0.00172517,-0.00109344,1.26514e-05,0.00117694,-0.000124901,8.99134e-05,-0.00118862,-0.00109344,0.00368019,0.000297431,-0.000621616,0.00164736,-7.97716e-05,-0.00031319,1.26514e-05,0.000297431,0.00171525,0.00174533,0.000403119,-0.000173765,-0.000382591,0.00117694,-0.000621616,0.00174533,0.0339552,0.000853327,-0.00202211,0.00137274,-0.000124901,0.00164736,0.000403119,0.000853327,0.0279973,-0.000169553,-9.40478e-05,8.99134e-05,-7.97716e-05,-0.000173765,-0.00202211,-0.000169553,0.0467431,
0.00352637,-0.00100943,-0.00118862,-0.0003132,-0.000382587,0.00137274,-9.40494e-05,-0.00100943,0.00172517,-0.00109344,1.2656e-05,0.00117694,-0.000124901,8.99133e-05,-0.00118862,-0.00109344,0.00368019,0.000297433,-0.000621618,0.00164736,-7.9774e-05,-0.0003132,1.2656e-05,0.000297433,0.00171525,0.00174534,0.000403117,-0.000173753,-0.000382587,0.00117694,-0.000621618,0.00174534,0.0339552,0.000853333,-0.00202211,0.00137274,-0.000124901,0.00164736,0.000403117,0.000853333,0.0279973,-0.000169549,-9.40494e-05,8.99133e-05,-7.9774e-05,-0.000173753,-0.00202211,-0.000169549,0.0467431,
0.00352636,-0.00100943,-0.00118862,-0.000313209,-0.000382584,0.00137273,-9.40511e-05,-0.00100943,0.00172518,-0.00109344,1.26603e-05,0.00117694,-0.000124901,8.99132e-05,-0.00118862,-0.00109344,0.00368019,0.000297434,-0.00062162,0.00164736,-7.97763e-05,-0.000313209,1.26603e-05,0.000297434,0.00171526,0.00174535,0.000403116,-0.000173741,-0.000382584,0.00117694,-0.00062162,0.00174535,0.0339552,0.000853337,-0.0020221,0.00137273,-0.000124901,0.00164736,0.000403116,0.000853337,0.0279973,-0.000169544,-9.40511e-05,8.99132e-05,-7.97763e-05,-0.000173741,-0.0020221,-0.000169544,0.0467431,
0.00352636,-0.00100943,-0.00118862,-0.000313217,-0.000382581,0.00137273,-9.40527e-05,-0.00100943,0.00172518,-0.00109344,1.26643e-05,0.00117693,-0.000124901,8.99131e-05,-0.00118862,-0.00109344,0.00368019,0.000297436,-0.000621622,0.00164736,-7.97787e-05,-0.000313217,1.26643e-05,0.000297436,0.00171526,0.00174536,0.000403114,-0.000173728,-0.000382581,0.00117693,-0.000621622,0.00174536,0.0339552,0.000853342,-0.0020221,0.00137273,-0.000124901,0.00164736,0.000403114,0.000853342,0.0279972,-0.00016954,-9.40527e-05,8.99131e-05,-7.97787e-05,-0.000173728,-0.0020221,-0.00016954,0.0467431,
0.00352636,-0.00100943,-0.00118862,-0.000313225,-0.000382578,0.00137273,-9.40544e-05,-0.00100943,0.00172518,-0.00109344,1.2668e-05,0.00117693,-0.000124901,8.9913e-05,-0.00118862,-0.00109344,0.00368018,0.000297438,-0.000621624,0.00164736,-7.97811e-05,-0.000313225,1.2668e-05,0.000297438,0.00171526,0.00174537,0.000403113,-0.000173716,-0.000382578,0.00117693,-0.000621624,0.00174537,0.0339552,0.000853346,-0.00202209,0.00137273,-0.000124901,0.00164736,0.000403113,0.000853346,0.0279972,-0.000169536,-9.40544e-05,8.9913e-05,-7.97811e-05,-0.000173716,-0.00202209,-0.000169536,0.0467431,
0.00352635,-0.00100943,-0.00118862,-0.000313233,-0.000382576,0.00137272,-9.4056e-05,-0.00100943,0.00172518,-0.00109344,1.26714e-05,0.00117693,-0.000124901,8.99128e-05,-0.00118862,-0.00109344,0.00368018,0.000297439,-0.000621627,0.00164737,-7.97835e-05,-0.000313233,1.26714e-05,0.000297439,0.00171526,0.00174537,0.000403112,-0.000173703,-0.000382576,0.00117693,-0.000621627,0.00174537,0.0339552,0.00085335,-0.00202209,0.00137272,-0.000124901,0.00164737,0.000403112,0.00085335,0.0279972,-0.000169532,-9.4056e-05,8.99128e-05,-7.97835e-05,-0.000173703,-0.00202209,-0.000169532,0.0467431,
0.00352635,-0.00100943,-0.00118862,-0.00031324,-0.000382574,0.00137272,-9.40577e-05,-0.00100943,0.00172518,-0.00109344,1.26745e-05,0.00117693,-0.000124901,8.99127e-05,-0.00118862,-0.00109344,0.00368018,0.000297441,-0.000621629,0.00164737,-7.9786e-05,-0.00031324,1.26745e-05,0.000297441,0.00171526,0.00174538,0.000403111,-0.00017369,-0.000382574,0.00117693,-0.000621629,0.00174538,0.0339552,0.000853354,-0.00202208,0.00137272,-0.000124901,0.00164737,0.000403111,0.000853354,0.0279971,-0.000169527,-9.40577e-05,8.99127e-05,-7.9786e-05,-0.00017369,-0.00202208,-0.000169527,0.0467432,
0.00352634,-0.00100943,-0.00118862,-0.000313246,-0.000382572,0.00137272,-9.40593e-05,-0.00100943,0.00172518,-0.00109345,1.26775e-05,0.00117693,-0.000124902,8.99125e-05,-0.00118862,-0.00109345,0.00368018,0.000297442,-0.000621631,0.00164737,-7.97884e-05,-0.000313246,1.26775e-05,0.000297442,0.00171527,0.00174539,0.000403111,-0.000173678,-0.000382572,0.00117693,-0.000621631,0.00174539,0.0339552,0.000853357,-0.00202208,0.00137272,-0.000124902,0.00164737,0.000403111,0.000853357,0.0279971,-0.000169523,-9.40593e-05,8.99125e-05,-7.97884e-05,-0.000173678,-0.00202208,-0.000169523,0.0467432,
0.00352634,-0.00100942,-0.00118862,-0.000313252,-0.000382571,0.00137271,-9.4061e-05,-0.00100942,0.00172518,-0.00109345,1.26802e-05,0.00117692,-0.000124903,8.99124e-05,-0.00118862,-0.00109345,0.00368018,0.000297443,-0.000621633,0.00164737,-7.97909e-05,-0.000313252,1.26802e-05,0.000297443,0.00171527,0.0017454,0.00040311,-0.000173665,-0.000382571,0.00117692,-0.000621633,0.0017454,0.0339552,0.00085336,-0.00202207,0.00137271,-0.000124903,0.00164737,0.00040311,0.00085336,0.0279971,-0.000169519,-9.4061e-05,8.99124e-05,-7.97909e-05,-0.000173665,-0.00202207,-0.000169519,0.0467432,
0.00352634,-0.00100942,-0.00118862,-0.000313258,-0.000382569,0.00137271,-9.40627e-05,-0.00100942,0.00172518,-0.00109345,1.26827e-05,0.00117692,-0.000124903,8.99122e-05,-0.00118862,-0.00109345,0.00368018,0.000297445,-0.000621636,0.00164737,-7.97934e-05,-0.000313258,1.26827e-05,0.000297445,0.00171527,0.00174541,0.00040311,-0.000173652,-0.000382569,0.00117692,-0.000621636,0.00174541,0.0339552,0.000853363,-0.00202207,0.00137271,-0.000124903,0.00164737,0.00040311,0.000853363,0.0279971,-0.000169514,-9.40627e-05,8.99122e-05,-7.97934e-05,-0.000173652,-0.00202207,-0.000169514,0.0467432,
0.00352633,-0.00100942,-0.00118862,-0.000313264,-0.000382568,0.00137271,-9.40643e-05,-0.00100942,0.00172518,-0.00109345,1.26851e-05,0.00117692,-0.000124904,8.9912e-05,-0.00118862,-0.00109345,0.00368018,0.000297446,-0.000621638,0.00164737,-7.97959e-05,-0.000313264,1.26851e-05,0.000297446,0.00171527,0.00174543,0.00040311,-0.000173639,-0.000382568,0.00117692,-0.000621638,0.00174543,0.0339552,0.000853366,-0.00202206,0.00137271,-0.000124904,0.00164737,0.00040311,0.000853366,0.027997,-0.00016951,-9.40643e-05,8.9912e-05,-7.97959e-05,-0.000173639,-0.00202206,-0.00016951,0.0467432,
0.00352633,-0.00100942,-0.00118862,-0.000313269,-0.000382567,0.00137271,-9.4066e-05,-0.00100942,0.00172518,-0.00109345,1.26873e-05,0.00117692,-0.000124905,8.99118e-05,-0.00118862,-0.00109345,0.00368017,0.000297447,-0.00062164,0.00164737,-7.97984e-05,-0.000313269,1.26873e-05,0.000297447,0.00171527,0.00174544,0.000403109,-0.000173626,-0.000382567,0.00117692,-0.00062164,0.00174544,0.0339552,0.000853369,-0.00202206,0.00137271,-0.000124905,0.00164737,0.000403109,0.000853369,0.027997,-0.000169505,-9.4066e-05,8.99118e-05,-7.97984e-05,-0.000173626,-0.00202206,-0.000169505,0.0467432,
0.00352633,-0.00100942,-0.00118862,-0.000313274,-0.000382566,0.0013727,-9.40676e-05,-0.00100942,0.00172518,-0.00109345,1.26894e-05,0.00117692,-0.000124906,8.99117e-05,-0.00118862,-0.00109345,0.00368017,0.000297448,-0.000621643,0.00164737,-7.9801e-05,-0.000313274,1.26894e-05,0.000297448,0.00171528,0.00174545,0.000403109,-0.000173612,-0.000382566,0.00117692,-0.000621643,0.00174545,0.0339552,0.000853372,-0.00202205,0.0013727,-0.000124906,0.00164737,0.000403109,0.000853372,0.027997,-0.0001695,-9.40676e-05,8.99117e-05,-7.9801e-05,-0.000173612,-0.00202205,-0.0001695,0.0467432,
0.00352633,-0.00100942,-0.00118862,-0.000313278,-0.000382565,0.0013727,-9.40693e-05,-0.00100942,0.00172518,-0.00109345,1.26914e-05,0.00117692,-0.000124907,8.99115e-05,-0.00118862,-0.00109345,0.00368017,0.00029745,-0.000621645,0.00164738,-7.98035e-05,-0.000313278,1.26914e-05,0.00029745,0.00171528,0.00174546,0.000403109,-0.000173599,-0.000382565,0.00117692,-0.000621645,0.00174546,0.0339552,0.000853374,-0.00202205,0.0013727,-0.000124907,0.00164738,0.000403109,0.000853374,0.0279969,-0.000169496,-9.40693e-05,8.99115e-05,-7.98035e-05,-0.000173599,-0.00202205,-0.000169496,0.0467433,
0.00352632,-0.00100942,-0.00118862,-0.000313283,-0.000382564,0.0013727,-9.40709e-05,-0.00100942,0.00172518,-0.00109345,1.26933e-05,0.00117692,-0.000124908,8.99113e-05,-0.00118862,-0.00109345,0.00368017,0.000297451,-0.000621648,0.00164738,-7.98061e-05,-0.000313283,1.26933e-05,0.000297451,0.00171528,0.00174547,0.000403109,-0.000173586,-0.000382564,0.00117692,-0.000621648,0.00174547,0.0339552,0.000853377,-0.00202204,0.0013727,-0.000124908,0.00164738,0.000403109,0.000853377,0.0279969,-0.000169491,-9.40709e-05,8.99113e-05,-7.98061e-05,-0.000173586,-0.00202204,-0.000169491,0.0467433,
0.00352632,-0.00100942,-0.00118862,-0.000313287,-0.000382564,0.0013727,-9.40726e-05,-0.00100942,0.00172518,-0.00109345,1.2695e-05,0.00117692,-0.000124909,8.99111e-05,-0.00118862,-0.00109345,0.00368017,0.000297452,-0.00062165,0.00164738,-7.98086e-05,-0.000313287,1.2695e-05,0.000297452,0.00171528,0.00174548,0.00040311,-0.000173572,-0.000382564,0.00117692,-0.00062165,0.00174548,0.0339552,0.000853379,-0.00202204,0.0013727,-0.000124909,0.00164738,0.00040311,0.000853379,0.0279969,-0.000169486,-9.40726e-05,8.99111e-05,-7.98086e-05,-0.000173572,-0.00202204,-0.000169486,0.0467433,
0.00352632,-0.00100942,-0.00118862,-0.000313291,-0.000382563,0.00137269,-9.40743e-05,-0.00100942,0.00172518,-0.00109345,1.26967e-05,0.00117691,-0.00012491,8.99109e-05,-0.00118862,-0.00109345,0.00368017,0.000297453,-0.000621653,0.00164738,-7.98112e-05,-0.000313291,1.26967e-05,0.000297453,0.00171528,0.00174549,0.00040311,-0.000173559,-0.000382563,0.00117691,-0.000621653,0.00174549,0.0339552,0.000853381,-0.00202203,0.00137269,-0.00012491,0.00164738,0.00040311,0.000853381,0.0279968,-0.000169481,-9.40743e-05,8.99109e-05,-7.98112e-05,-0.000173559,-0.00202203,-0.000169481,0.0467433,
0.00352631,-0.00100942,-0.00118862,-0.000313295,-0.000382563,0.00137269,-9.40759e-05,-0.00100942,0.00172519,-0.00109345,1.26983e-05,0.00117691,-0.000124911,8.99107e-05,-0.00118862,-0.00109345,0.00368017,0.000297454,-0.000621655,0.00164738,-7.98138e-05,-0.000313295,1.26983e-05,0.000297454,0.00171528,0.0017455,0.00040311,-0.000173546,-0.000382563,0.00117691,-0.000621655,0.0017455,0.0339552,0.000853383,-0.00202203,0.00137269,-0.000124911,0.00164738,0.00040311,0.000853383,0.0279968,-0.000169477,-9.40759e-05,8.99107e-05,-7.98138e-05,-0.000173546,-0.00202203,-0.000169477,0.0467433,
0.00352631,-0.00100942,-0.00118862,-0.000313299,-0.000382562,0.00137269,-9.40776e-05,-0.00100942,0.00172519,-0.00109345,1.26998e-05,0.00117691,-0.000124912,8.99105e-05,-0.00118862,-0.00109345,0.00368016,0.000297455,-0.000621658,0.00164738,-7.98164e-05,-0.000313299,1.26998e-05,0.000297455,0.00171529,0.00174551,0.000403111,-0.000173532,-0.000382562,0.00117691,-0.000621658,0.00174551,0.0339552,0.000853385,-0.00202202,0.00137269,-0.000124912,0.00164738,0.000403111,0.000853385,0.0279968,-0.000169472,-9.40776e-05,8.99105e-05,-7.98164e-05,-0.000173532,-0.00202202,-0.000169472,0.0467433,
0.00352631,-0.00100942,-0.00118862,-0.000313303,-0.000382562,0.00137269,-9.40793e-05,-0.00100942,0.00172519,-0.00109345,1.27013e-05,0.00117691,-0.000124913,8.99102e-05,-0.00118862,-0.00109345,0.00368016,0.000297456,-0.000621661,0.00164738,-7.9819e-05,-0.000313303,1.27013e-05,0.000297456,0.00171529,0.00174552,0.000403111,-0.000173519,-0.000382562,0.00117691,-0.000621661,0.00174552,0.0339552,0.000853387,-0.00202202,0.00137269,-0.000124913,0.00164738,0.000403111,0.000853387,0.0279967,-0.000169467,-9.40793e-05,8.99102e-05,-7.9819e-05,-0.000173519,-0.00202202,-0.000169467,0.0467434,
0.00352631,-0.00100942,-0.00118862,-0.000313306,-0.000382562,0.00137269,-9.4081e-05,-0.00100942,0.00172519,-0.00109345,1.27027e-05,0.00117691,-0.000124915,8.991e-05,-0.00118862,-0.00109345,0.00368016,0.000297458,-0.000621663,0.00164738,-7.98216e-05,-0.000313306,1.27027e-05,0.000297458,0.00171529,0.00174553,0.000403111,-0.000173505,-0.000382562,0.00117691,-0.000621663,0.00174553,0.0339552,0.000853389,-0.00202201,0.00137269,-0.000124915,0.00164738,0.000403111,0.000853389,0.0279967,-0.000169462,-9.4081e-05,8.991e-05,-7.98216e-05,-0.000173505,-0.00202201,-0.000169462,0.0467434,
0.0035263,-0.00100942,-0.00118863,-0.00031331,-0.000382561,0.00137268,-9.40826e-05,-0.00100942,0.00172519,-0.00109345,1.2704e-05,0.00117691,-0.000124916,8.99098e-05,-0.00118863,-0.00109345,0.00368016,0.000297459,-0.000621666,0.00164738,-7.98242e-05,-0.00031331,1.2704e-05,0.000297459,0.00171529,0.00174554,0.000403112,-0.000173491,-0.000382561,0.00117691,-0.000621666,0.00174554,0.0339552,0.000853391,-0.00202201,0.00137268,-0.000124916,0.00164738,0.000403112,0.000853391,0.0279967,-0.000169457,-9.40826e-05,8.99098e-05,-7.98242e-05,-0.000173491,-0.00202201,-0.000169457,0.0467434,
0.0035263,-0.00100942,-0.00118863,-0.000313313,-0.000382561,0.00137268,-9.40843e-05,-0.00100942,0.00172519,-0.00109345,1.27053e-05,0.00117691,-0.000124917,8.99096e-05,-0.00118863,-0.00109345,0.00368016,0.00029746,-0.000621669,0.00164738,-7.98269e-05,-0.000313313,1.27053e-05,0.00029746,0.00171529,0.00174555,0.000403112,-0.000173478,-0.000382561,0.00117691,-0.000621669,0.00174555,0.0339552,0.000853393,-0.002022,0.00137268,-0.000124917,0.00164738,0.000403112,0.000853393,0.0279967,-0.000169453,-9.40843e-05,8.99096e-05,-7.98269e-05,-0.000173478,-0.002022,-0.000169453,0.0467434,
0.0035263,-0.00100941,-0.00118863,-0.000313316,-0.000382561,0.00137268,-9.4086e-05,-0.00100941,0.00172519,-0.00109345,1.27065e-05,0.00117691,-0.000124918,8.99094e-05,-0.00118863,-0.00109345,0.00368016,0.000297461,-0.000621671,0.00164739,-7.98295e-05,-0.000313316,1.27065e-05,0.000297461,0.00171529,0.00174557,0.000403113,-0.000173464,-0.000382561,0.00117691,-0.000621671,0.00174557,0.0339552,0.000853395,-0.00202199,0.00137268,-0.000124918,0.00164739,0.000403113,0.000853395,0.0279966,-0.000169448,-9.4086e-05,8.99094e-05,-7.98295e-05,-0.000173464,-0.00202199,-0.000169448,0.0467434,
0.0035263,-0.00100941,-0.00118863,-0.000313319,-0.000382561,0.00137268,-9.40877e-05,-0.00100941,0.00172519,-0.00109345,1.27078e-05,0.00117691,-0.00012492,8.99091e-05,-0.00118863,-0.00109345,0.00368016,0.000297462,-0.000621674,0.00164739,-7.98321e-05,-0.000313319,1.27078e-05,0.000297462,0.0017153,0.00174558,0.000403114,-0.00017345,-0.000382561,0.00117691,-0.000621674,0.00174558,0.0339552,0.000853396,-0.00202199,0.00137268,-0.00012492,0.00164739,0.000403114,0.000853396,0.0279966,-0.000169443,-9.40877e-05,8.99091e-05,-7.98321e-05,-0.00017345,-0.00202199,-0.000169443,0.0467434,
0.00352629,-0.00100941,-0.00118863,-0.000313322,-0.000382561,0.00137267,-9.40894e-05,-0.00100941,0.00172519,-0.00109345,1.27089e-05,0.0011769,-0.000124921,8.99089e-05,-0.00118863,-0.00109345,0.00368015,0.000297463,-0.000621677,0.00164739,-7.98348e-05,-0.000313322,1.27089e-05,0.000297463,0.0017153,0.00174559,0.000403114,-0.000173437,-0.000382561,0.0011769,-0.000621677,0.00174559,0.0339552,0.000853398,-0.00202198,0.00137267,-0.000124921,0.00164739,0.000403114,0.000853398,0.0279966,-0.000169438,-9.40894e-05,8.99089e-05,-7.98348e-05,-0.000173437,-0.00202198,-0.000169438,0.0467435,
0.00352629,-0.00100941,-0.00118863,-0.000313326,-0.000382561,0.00137267,-9.40911e-05,-0.00100941,0.00172519,-0.00109345,1.27101e-05,0.0011769,-0.000124923,8.99087e-05,-0.00118863,-0.00109345,0.00368015,0.000297464,-0.000621679,0.00164739,-7.98374e-05,-0.000313326,1.27101e-05,0.000297464,0.0017153,0.0017456,0.000403115,-0.000173423,-0.000382561,0.0011769,-0.000621679,0.0017456,0.0339551,0.0008534,-0.00202198,0.00137267,-0.000124923,0.00164739,0.000403115,0.0008534,0.0279965,-0.000169433,-9.40911e-05,8.99087e-05,-7.98374e-05,-0.000173423,-0.00202198,-0.000169433,0.0467435,
0.00352629,-0.00100941,-0.00118863,-0.000313328,-0.000382561,0.00137267,-9.40927e-05,-0.00100941,0.00172519,-0.00109345,1.27112e-05,0.0011769,-0.000124924,8.99085e-05,-0.00118863,-0.00109345,0.00368015,0.000297465,-0.000621682,0.00164739,-7.98401e-05,-0.000313329,1.27112e-05,0.000297465,0.0017153,0.00174561,0.000403116,-0.000173409,-0.000382561,0.0011769,-0.000621682,0.00174561,0.0339551,0.000853401,-0.00202197,0.00137267,-0.000124924,0.00164739,0.000403116,0.000853401,0.0279965,-0.000169428,-9.40927e-05,8.99085e-05,-7.98401e-05,-0.000173409,-0.00202197,-0.000169428,0.0467435,
0.00352629,-0.00100941,-0.00118863,-0.000313331,-0.000382562,0.00137267,-9.40944e-05,-0.00100941,0.00172519,-0.00109345,1.27123e-05,0.0011769,-0.000124925,8.99082e-05,-0.00118863,-0.00109345,0.00368015,0.000297466,-0.000621685,0.00164739,-7.98427e-05,-0.000313331,1.27123e-05,0.000297466,0.0017153,0.00174562,0.000403116,-0.000173395,-0.000382562,0.0011769,-0.000621685,0.00174562,0.0339551,0.000853403,-0.00202197,0.00137267,-0.000124925,0.00164739,0.000403116,0.000853403,0.0279965,-0.000169423,-9.40944e-05,8.99082e-05,-7.98427e-05,-0.000173395,-0.00202197,-0.000169423,0.0467435,
0.00352628,-0.00100941,-0.00118863,-0.000313334,-0.000382562,0.00137267,-9.40961e-05,-0.00100941,0.00172519,-0.00109345,1.27133e-05,0.0011769,-0.000124927,8.9908e-05,-0.00118863,-0.00109345,0.00368015,0.000297467,-0.000621687,0.00164739,-7.98454e-05,-0.000313334,1.27133e-05,0.000297467,0.0017153,0.00174563,0.000403117,-0.000173382,-0.000382562,0.0011769,-0.000621687,0.00174563,0.0339551,0.000853404,-0.00202196,0.00137267,-0.000124927,0.00164739,0.000403117,0.000853404,0.0279964,-0.000169418,-9.40961e-05,8.9908e-05,-7.98454e-05,-0.000173382,-0.00202196,-0.000169418,0.0467435,
0.00352628,-0.00100941,-0.00118863,-0.000313337,-0.000382562,0.00137266,-9.40978e-05,-0.00100941,0.0017252,-0.00109345,1.27143e-05,0.0011769,-0.000124928,8.99078e-05,-0.00118863,-0.00109345,0.00368015,0.000297468,-0.00062169,0.00164739,-7.98481e-05,-0.000313337,1.27143e-05,0.000297468,0.00171531,0.00174564,0.000403118,-0.000173368,-0.000382562,0.0011769,-0.00062169,0.00174564,0.0339551,0.000853406,-0.00202196,0.00137266,-0.000124928,0.00164739,0.000403118,0.000853406,0.0279964,-0.000169413,-9.40978e-05,8.99078e-05,-7.98481e-05,-0.000173368,-0.00202196,-0.000169413,0.0467435,
0.00352628,-0.00100941,-0.00118863,-0.00031334,-0.000382562,0.00137266,-9.40995e-05,-0.00100941,0.0017252,-0.00109345,1.27154e-05,0.0011769,-0.00012493,8.99076e-05,-0.00118863,-0.00109345,0.00368015,0.000297469,-0.000621693,0.00164739,-7.98507e-05,-0.00031334,1.27154e-05,0.000297469,0.00171531,0.00174566,0.000403119,-0.000173354,-0.000382562,0.0011769,-0.000621693,0.00174566,0.0339551,0.000853407,-0.00202195,0.00137266,-0.00012493,0.00164739,0.000403119,0.000853407,0.0279964,-0.000169408,-9.40995e-05,8.99076e-05,-7.98507e-05,-0.000173354,-0.00202195,-0.000169408,0.0467436,
0.00352628,-0.00100941,-0.00118863,-0.000313343,-0.000382562,0.00137266,-9.41012e-05,-0.00100941,0.0017252,-0.00109345,1.27164e-05,0.0011769,-0.000124931,8.99073e-05,-0.00118863,-0.00109345,0.00368014,0.00029747,-0.000621696,0.00164739,-7.98534e-05,-0.000313343,1.27164e-05,0.00029747,0.00171531,0.00174567,0.000403119,-0.00017334,-0.000382562,0.0011769,-0.000621696,0.00174567,0.0339551,0.000853409,-0.00202194,0.00137266,-0.000124931,0.00164739,0.000403119,0.000853409,0.0279963,-0.000169403,-9.41012e-05,8.99073e-05,-7.98534e-05,-0.00017334,-0.00202194,-0.000169403,0.0467436,
0.00352628,-0.00100941,-0.00118863,-0.000313346,-0.000382562,0.00137266,-9.41029e-05,-0.00100941,0.0017252,-0.00109345,1.27174e-05,0.0011769,-0.000124932,8.99071e-05,-0.00118863,-0.00109345,0.00368014,0.000297471,-0.000621699,0.00164739,-7.98561e-05,-0.000313346,1.27174e-05,0.000297471,0.00171531,0.00174568,0.00040312,-0.000173326,-0.000382562,0.0011769,-0.000621699,0.00174568,0.0339551,0.00085341,-0.00202194,0.00137266,-0.000124932,0.00164739,0.00040312,0.00085341,0.0279963,-0.000169398,-9.41029e-05,8.99071e-05,-7.98561e-05,-0.000173326,-0.00202194,-0.000169398,0.0467436,
0.00352627,-0.00100941,-0.00118863,-0.000313348,-0.000382563,0.00137266,-9.41046e-05,-0.00100941,0.0017252,-0.00109345,1.27183e-05,0.00117689,-0.000124934,8.99069e-05,-0.00118863,-0.00109345,0.00368014,0.000297472,-0.000621701,0.00164739,-7.98588e-05,-0.000313348,1.27183e-05,0.000297472,0.00171531,0.00174569,0.000403121,-0.000173312,-0.000382563,0.00117689,-0.000621701,0.00174569,0.0339551,0.000853412,-0.00202193,0.00137266,-0.000124934,0.00164739,0.000403121,0.000853412,0.0279963,-0.000169393,-9.41046e-05,8.99069e-05,-7.98588e-05,-0.000173312,-0.00202193,-0.000169393,0.0467436,
0.00352627,-0.00100941,-0.00118863,-0.000313351,-0.000382563,0.00137265,-9.41063e-05,-0.00100941,0.0017252,-0.00109345,1.27193e-05,0.00117689,-0.000124935,8.99066e-05,-0.00118863,-0.00109345,0.00368014,0.000297474,-0.000621704,0.00164739,-7.98614e-05,-0.000313351,1.27193e-05,0.000297474,0.00171531,0.0017457,0.000403122,-0.000173298,-0.000382563,0.00117689,-0.000621704,0.0017457,0.0339551,0.000853413,-0.00202193,0.00137265,-0.000124935,0.00164739,0.000403122,0.000853413,0.0279962,-0.000169388,-9.41063e-05,8.99066e-05,-7.98614e-05,-0.000173298,-0.00202193,-0.000169388,0.0467436,
0.00352627,-0.00100941,-0.00118863,-0.000313354,-0.000382563,0.00137265,-9.4108e-05,-0.00100941,0.0017252,-0.00109345,1.27202e-05,0.00117689,-0.000124937,8.99064e-05,-0.00118863,-0.00109345,0.00368014,0.000297475,-0.000621707,0.0016474,-7.98641e-05,-0.000313354,1.27202e-05,0.000297475,0.00171531,0.00174571,0.000403123,-0.000173284,-0.000382563,0.00117689,-0.000621707,0.00174571,0.0339551,0.000853415,-0.00202192,0.00137265,-0.000124937,0.0016474,0.000403123,0.000853415,0.0279962,-0.000169383,-9.4108e-05,8.99064e-05,-7.98641e-05,-0.000173284,-0.00202192,-0.000169383,0.0467436,
0.00352627,-0.00100941,-0.00118863,-0.000313356,-0.000382563,0.00137265,-9.41097e-05,-0.00100941,0.0017252,-0.00109345,1.27212e-05,0.00117689,-0.000124938,8.99062e-05,-0.00118863,-0.00109345,0.00368014,0.000297476,-0.00062171,0.0016474,-7.98668e-05,-0.000313356,1.27212e-05,0.000297476,0.00171532,0.00174573,0.000403124,-0.00017327,-0.000382563,0.00117689,-0.00062171,0.00174573,0.0339551,0.000853416,-0.00202192,0.00137265,-0.000124938,0.0016474,0.000403124,0.000853416,0.0279962,-0.000169378,-9.41097e-05,8.99062e-05,-7.98668e-05,-0.00017327,-0.00202192,-0.000169378,0.0467437,
0.00352626,-0.00100941,-0.00118863,-0.000313359,-0.000382564,0.00137265,-9.41114e-05,-0.00100941,0.0017252,-0.00109345,1.27221e-05,0.00117689,-0.00012494,8.99059e-05,-0.00118863,-0.00109345,0.00368013,0.000297477,-0.000621712,0.0016474,-7.98695e-05,-0.000313359,1.27221e-05,0.000297477,0.00171532,0.00174574,0.000403125,-0.000173256,-0.000382564,0.00117689,-0.000621712,0.00174574,0.0339551,0.000853417,-0.00202191,0.00137265,-0.00012494,0.0016474,0.000403125,0.000853417,0.0279961,-0.000169373,-9.41114e-05,8.99059e-05,-7.98695e-05,-0.000173256,-0.00202191,-0.000169373,0.0467437,
0.00352626,-0.00100941,-0.00118864,-0.000313362,-0.000382564,0.00137264,-9.41131e-05,-0.00100941,0.0017252,-0.00109345,1.2723e-05,0.00117689,-0.000124941,8.99057e-05,-0.00118864,-0.00109345,0.00368013,0.000297478,-0.000621715,0.0016474,-7.98722e-05,-0.000313362,1.2723e-05,0.000297478,0.00171532,0.00174575,0.000403125,-0.000173242,-0.000382564,0.00117689,-0.000621715,0.00174575,0.0339551,0.000853419,-0.0020219,0.00137264,-0.000124941,0.0016474,0.000403125,0.000853419,0.0279961,-0.000169368,-9.41131e-05,8.99057e-05,-7.98722e-05,-0.000173242,-0.0020219,-0.000169368,0.0467437,
0.00352626,-0.00100941,-0.00118864,-0.000313364,-0.000382564,0.00137264,-9.41148e-05,-0.00100941,0.0017252,-0.00109345,1.27239e-05,0.00117689,-0.000124943,8.99055e-05,-0.00118864,-0.00109345,0.00368013,0.000297479,-0.000621718,0.0016474,-7.98749e-05,-0.000313364,1.27239e-05,0.000297479,0.00171532,0.00174576,0.000403126,-0.000173228,-0.000382564,0.00117689,-0.000621718,0.00174576,0.0339551,0.00085342,-0.0020219,0.00137264,-0.000124943,0.0016474,0.000403126,0.00085342,0.0279961,-0.000169363,-9.41148e-05,8.99055e-05,-7.98749e-05,-0.000173228,-0.0020219,-0.000169363,0.0467437,
