0.0028364,0.000291401,-0.00189985,0.000306129,-0.000224592,-0.0013175,-2.14001e-05,0.000291401,0.00122186,0.000339243,0.00115972,-0.000676733,-0.000760853,-3.7752e-06,-0.00189985,0.000339243,0.00313133,0.000242496,-0.000309255,-0.00134603,-3.02808e-05,0.000306129,0.00115972,0.000242496,0.00291012,0.00109828,0.00090099,-9.97077e-05,-0.000224592,-0.000676733,-0.000309255,0.00109828,0.0276127,0.00206592,-0.00032258,-0.0013175,-0.000760853,-0.00134603,0.00090099,0.00206592,0.0293257,0.000341013,-2.14001e-05,-3.7752e-06,-3.02808e-05,-9.97077e-05,-0.00032258,0.000341013,0.0466198,
0.00283523,0.000291117,-0.00190007,0.000306257,-0.000224366,-0.00131751,-2.13403e-05,0.000291117,0.00122184,0.000339276,0.00115964,-0.000676473,-0.000760841,-3.75326e-06,-0.00190007,0.000339276,0.00313184,0.000242163,-0.000309553,-0.00134595,-3.02751e-05,0.000306257,0.00115964,0.000242163,0.00290992,0.0010985,0.000900297,-9.97122e-05,-0.000224366,-0.000676473,-0.000309553,0.0010985,0.0276134,0.0020657,-0.000322817,-0.00131751,-0.000760841,-0.00134595,0.000900297,0.0020657,0.0293263,0.000341052,-2.13403e-05,-3.75327e-06,-3.02751e-05,-9.97122e-05,-0.000322817,0.000341052,0.0466198,
0.00283416,0.000290859,-0.00190026,0.000306379,-0.000224162,-0.00131753,-2.12861e-05,0.000290859,0.00122182,0.00033931,0.00115958,-0.000676226,-0.000760785,-3.7358e-06,-0.00190026,0.00033931,0.00313233,0.000241858,-0.000309834,-0.00134589,-3.0272e-05,0.000306379,0.00115958,0.000241858,0.00290975,0.00109865,0.000899782,-9.97239e-05,-0.000224162,-0.000676226,-0.000309834,0.00109865,0.0276144,0.00206551,-0.000323106,-0.00131753,-0.000760785,-0.00134589,0.000899782,0.00206551,0.029327,0.000341029,-2.12861e-05,-3.7358e-06,-3.0272e-05,-9.97239e-05,-0.000323106,0.000341029,0.0466198,
0.00283319,0.000290623,-0.00190044,0.000306488,-0.000223967,-0.00131755,-2.12381e-05,0.000290623,0.0012218,0.000339337,0.00115953,-0.000676002,-0.000760723,-3.7217e-06,-0.00190044,0.000339337,0.00313278,0.000241583,-0.000310078,-0.00134583,-3.02707e-05,0.000306488,0.00115953,0.000241583,0.00290962,0.00109878,0.000899374,-9.97375e-05,-0.000223967,-0.000676002,-0.000310078,0.00109878,0.0276154,0.00206535,-0.000323373,-0.00131755,-0.000760723,-0.00134583,0.000899374,0.00206535,0.0293277,0.000340956,-2.12381e-05,-3.7217e-06,-3.02707e-05,-9.97375e-05,-0.000323373,0.000340956,0.0466198,
0.00283232,0.000290409,-0.00190059,0.000306585,-0.000223782,-0.00131755,-2.11959e-05,0.000290409,0.00122178,0.00033936,0.00115949,-0.000675801,-0.000760667,-3.71032e-06,-0.00190059,0.00033936,0.00313318,0.000241333,-0.000310289,-0.00134577,-3.02706e-05,0.000306585,0.00115949,0.000241333,0.0029095,0.00109888,0.000899032,-9.97515e-05,-0.000223782,-0.000675801,-0.000310289,0.00109888,0.0276163,0.00206519,-0.000323596,-0.00131755,-0.000760667,-0.00134577,0.000899032,0.00206519,0.0293283,0.000340839,-2.11959e-05,-3.71032e-06,-3.02706e-05,-9.97515e-05,-0.000323596,0.000340839,0.0466198,
0.00283154,0.000290214,-0.00190073,0.00030667,-0.000223609,-0.00131755,-2.11587e-05,0.000290214,0.00122176,0.000339377,0.00115945,-0.000675621,-0.000760618,-3.70128e-06,-0.00190073,0.000339377,0.00313354,0.000241108,-0.000310472,-0.0013457,-3.02713e-05,0.00030667,0.00115945,0.000241108,0.00290941,0.00109898,0.000898735,-9.97653e-05,-0.000223609,-0.000675621,-0.000310472,0.00109898,0.0276172,0.00206505,-0.000323771,-0.00131755,-0.000760618,-0.0013457,0.000898735,0.00206505,0.0293288,0.000340684,-2.11587e-05,-3.70128e-06,-3.02713e-05,-9.97653e-05,-0.000323771,0.000340684,0.0466198,
0.00283084,0.000290037,-0.00190085,0.000306745,-0.00022345,-0.00131755,-2.11261e-05,0.000290037,0.00122173,0.000339389,0.00115942,-0.000675461,-0.000760577,-3.69426e-06,-0.00190085,0.000339389,0.00313386,0.000240906,-0.000310631,-0.00134564,-3.02726e-05,0.000306745,0.00115942,0.000240906,0.00290932,0.00109907,0.000898472,-9.97791e-05,-0.00022345,-0.000675461,-0.000310631,0.00109907,0.0276179,0.00206491,-0.000323901,-0.00131755,-0.000760577,-0.00134564,0.000898472,0.00206491,0.0293293,0.000340496,-2.11261e-05,-3.69426e-06,-3.02726e-05,-9.97791e-05,-0.000323901,0.000340496,0.0466199,
0.00283021,0.000289877,-0.00190096,0.000306811,-0.000223304,-0.00131754,-2.10974e-05,0.000289877,0.00122171,0.000339399,0.00115939,-0.000675319,-0.000760541,-3.68904e-06,-0.00190096,0.000339399,0.00313415,0.000240723,-0.000310773,-0.00134559,-3.02743e-05,0.000306811,0.00115939,0.000240723,0.00290926,0.00109915,0.000898236,-9.97927e-05,-0.000223304,-0.000675319,-0.000310773,0.00109915,0.0276185,0.00206477,-0.00032399,-0.00131754,-0.000760541,-0.00134559,0.000898236,0.00206477,0.0293296,0.000340278,-2.10974e-05,-3.68904e-06,-3.02743e-05,-9.97927e-05,-0.00032399,0.000340278,0.0466199,
0.00282964,0.000289732,-0.00190106,0.000306869,-0.000223171,-0.00131753,-2.10722e-05,0.000289732,0.0012217,0.000339406,0.00115936,-0.000675192,-0.000760512,-3.68541e-06,-0.00190106,0.000339406,0.00313441,0.000240558,-0.000310898,-0.00134553,-3.02763e-05,0.000306869,0.00115936,0.000240558,0.0029092,0.00109923,0.000898022,-9.98063e-05,-0.000223171,-0.000675192,-0.000310898,0.00109923,0.0276191,0.00206464,-0.000324042,-0.00131753,-0.000760512,-0.00134553,0.000898022,0.00206464,0.02933,0.000340034,-2.10722e-05,-3.68541e-06,-3.02763e-05,-9.98063e-05,-0.000324042,0.000340034,0.04662,
0.00282912,0.0002896,-0.00190115,0.00030692,-0.000223051,-0.00131752,-2.105e-05,0.0002896,0.00122168,0.00033941,0.00115934,-0.000675079,-0.000760487,-3.68321e-06,-0.00190115,0.00033941,0.00313464,0.000240409,-0.000311009,-0.00134548,-3.02786e-05,0.00030692,0.00115934,0.000240409,0.00290915,0.00109931,0.000897828,-9.98199e-05,-0.000223051,-0.000675079,-0.000311009,0.00109931,0.0276195,0.00206452,-0.000324064,-0.00131752,-0.000760487,-0.00134548,0.000897828,0.00206452,0.0293303,0.000339765,-2.105e-05,-3.68321e-06,-3.02786e-05,-9.98199e-05,-0.000324064,0.000339765,0.04662,
0.00282866,0.00028948,-0.00190123,0.000306965,-0.000222941,-0.00131751,-2.10307e-05,0.00028948,0.00122166,0.000339413,0.00115932,-0.000674978,-0.000760466,-3.68228e-06,-0.00190123,0.000339413,0.00313485,0.000240275,-0.000311109,-0.00134543,-3.02812e-05,0.000306965,0.00115932,0.000240275,0.00290911,0.00109938,0.000897651,-9.98336e-05,-0.000222941,-0.000674978,-0.000311109,0.00109938,0.02762,0.0020644,-0.000324058,-0.00131751,-0.000760466,-0.00134543,0.000897651,0.0020644,0.0293305,0.000339474,-2.10307e-05,-3.68228e-06,-3.02812e-05,-9.98336e-05,-0.000324058,0.000339474,0.0466201,
0.00282827,0.00028937,-0.00190144,0.000307045,-0.000221672,-0.00131677,-2.10316e-05,0.000289341,0.00122165,0.000339593,0.00115925,-0.000676533,-0.000761466,-3.65743e-06,-0.00190129,0.000339414,0.00313494,0.000240187,-0.00031022,-0.00134479,-3.02988e-05,0.000307027,0.0011593,0.000240027,0.00290911,0.00110062,0.000898215,-9.98654e-05,-0.000223454,-0.000674846,-0.000307613,0.00109831,0.0275872,0.00204381,-0.000323523,-0.00131777,-0.00076043,-0.00134378,0.00089698,0.00204938,0.0293215,0.000339391,-2.10158e-05,-3.68236e-06,-3.0272e-05,-9.98513e-05,-0.000324137,0.000339096,0.0466201,
0.0028279,0.000289271,-0.0019015,0.000307081,-0.000221582,-0.00131676,-2.10163e-05,0.000289242,0.00122163,0.000339594,0.00115923,-0.000676452,-0.000761451,-3.65713e-06,-0.00190136,0.000339414,0.00313511,0.000240078,-0.0003103,-0.00134475,-3.03012e-05,0.000307063,0.00115929,0.000239917,0.00290908,0.00110068,0.000898068,-9.98771e-05,-0.000223365,-0.000674765,-0.000307692,0.00109837,0.0275876,0.00204371,-0.000323499,-0.00131776,-0.000760414,-0.00134373,0.000896833,0.00204928,0.0293217,0.00033913,-2.10004e-05,-3.68214e-06,-3.02743e-05,-9.98629e-05,-0.000324115,0.000338834,0.0466202,
0.00282757,0.000289181,-0.00190161,0.000307129,-0.000221023,-0.00131645,-2.10097e-05,0.00028914,0.00122162,0.000339666,0.0011592,-0.000677049,-0.000761852,-3.64648e-06,-0.00190141,0.000339414,0.00313522,0.000239992,-0.000309974,-0.00134446,-3.03094e-05,0.000307103,0.00115928,0.000239766,0.00290907,0.00110121,0.000898229,-9.98946e-05,-0.000223534,-0.000674675,-0.000306302,0.00109797,0.0275744,0.00203529,-0.000323271,-0.00131786,-0.000760393,-0.00134304,0.000896492,0.00204312,0.0293181,0.000338994,-2.09873e-05,-3.68174e-06,-3.02715e-05,-9.98746e-05,-0.000324139,0.000338577,0.0466202,
0.00282726,0.000289099,-0.00190167,0.000307158,-0.000220946,-0.00131644,-2.09971e-05,0.000289059,0.0012216,0.000339666,0.00115919,-0.000676984,-0.00076184,-3.64538e-06,-0.00190146,0.000339413,0.00313535,0.000239902,-0.000310037,-0.00134443,-3.03111e-05,0.000307132,0.00115926,0.000239676,0.00290905,0.00110125,0.000898108,-9.99025e-05,-0.000223459,-0.00067461,-0.000306363,0.00109801,0.0275746,0.00203521,-0.000323262,-0.00131785,-0.000760381,-0.001343,0.000896371,0.00204304,0.0293182,0.000338818,-2.09746e-05,-3.68073e-06,-3.02732e-05,-9.98825e-05,-0.000324132,0.000338401,0.0466203,
0.00282698,0.000289025,-0.00190172,0.000307183,-0.000220876,-0.00131643,-2.09855e-05,0.000288984,0.00122159,0.000339664,0.00115918,-0.000676926,-0.00076183,-3.64384e-06,-0.00190151,0.000339412,0.00313548,0.000239821,-0.000310092,-0.00134439,-3.03125e-05,0.000307158,0.00115925,0.000239595,0.00290903,0.0011013,0.000897999,-9.99086e-05,-0.00022339,-0.000674551,-0.000306416,0.00109806,0.0275748,0.00203514,-0.000323262,-0.00131784,-0.000760371,-0.00134297,0.000896261,0.00204297,0.0293184,0.000338685,-2.0963e-05,-3.67926e-06,-3.02746e-05,-9.98885e-05,-0.000324133,0.000338267,0.0466203,
0.00282673,0.000288958,-0.00190176,0.000307206,-0.00022081,-0.00131641,-2.09748e-05,0.000288917,0.00122158,0.000339663,0.00115917,-0.000676873,-0.000761821,-3.64198e-06,-0.00190156,0.00033941,0.00313559,0.000239748,-0.000310141,-0.00134436,-3.03137e-05,0.000307181,0.00115924,0.000239522,0.00290901,0.00110133,0.000897901,-9.99132e-05,-0.000223326,-0.000674499,-0.000306463,0.00109809,0.027575,0.00203508,-0.00032327,-0.00131782,-0.000760362,-0.00134293,0.000896163,0.00204291,0.0293185,0.000338586,-2.09523e-05,-3.67746e-06,-3.02758e-05,-9.9893e-05,-0.000324142,0.000338167,0.0466203,
0.00282651,0.000288896,-0.0019018,0.000307227,-0.000220749,-0.0013164,-2.09651e-05,0.000288855,0.00122157,0.000339661,0.00115916,-0.000676826,-0.000761814,-3.63991e-06,-0.0019016,0.000339408,0.0031357,0.000239681,-0.000310184,-0.00134433,-3.03147e-05,0.000307202,0.00115924,0.000239455,0.002909,0.00110137,0.000897813,-9.99166e-05,-0.000223266,-0.000674451,-0.000306504,0.00109812,0.0275751,0.00203503,-0.000323282,-0.00131781,-0.000760355,-0.0013429,0.000896074,0.00204286,0.0293186,0.000338514,-2.09425e-05,-3.67545e-06,-3.02767e-05,-9.98964e-05,-0.000324155,0.000338094,0.0466203,
0.0028263,0.000288841,-0.00190184,0.000307246,-0.000220692,-0.00131638,-2.09562e-05,0.000288799,0.00122156,0.00033966,0.00115915,-0.000676784,-0.000761807,-3.63772e-06,-0.00190164,0.000339407,0.00313579,0.000239621,-0.000310222,-0.0013443,-3.03156e-05,0.000307221,0.00115923,0.000239394,0.00290898,0.00110139,0.000897733,-9.9919e-05,-0.000223211,-0.000674409,-0.000306541,0.00109815,0.0275752,0.00203498,-0.000323298,-0.0013178,-0.000760348,-0.00134287,0.000895994,0.00204281,0.0293187,0.000338463,-2.09336e-05,-3.6733e-06,-3.02775e-05,-9.98988e-05,-0.000324173,0.000338043,0.0466203,
0.00282611,0.00028879,-0.00190187,0.000307263,-0.000220639,-0.00131637,-2.09481e-05,0.000288748,0.00122155,0.000339658,0.00115915,-0.000676746,-0.000761801,-3.63546e-06,-0.00190167,0.000339405,0.00313587,0.000239566,-0.000310255,-0.00134427,-3.03163e-05,0.000307238,0.00115922,0.000239339,0.00290897,0.00110142,0.000897662,-9.99207e-05,-0.000223159,-0.00067437,-0.000306572,0.00109818,0.0275753,0.00203494,-0.000323317,-0.00131778,-0.000760342,-0.00134284,0.000895923,0.00204277,0.0293188,0.00033843,-2.09254e-05,-3.67108e-06,-3.02782e-05,-9.99004e-05,-0.000324192,0.00033801,0.0466203,
0.00282594,0.000288743,-0.0019019,0.000307278,-0.00022059,-0.00131636,-2.09406e-05,0.000288702,0.00122154,0.000339656,0.00115914,-0.000676711,-0.000761797,-3.63318e-06,-0.0019017,0.000339403,0.00313595,0.000239516,-0.000310285,-0.00134425,-3.03169e-05,0.000307253,0.00115922,0.000239289,0.00290896,0.00110144,0.000897597,-9.99217e-05,-0.000223112,-0.000674336,-0.000306601,0.0010982,0.0275754,0.0020349,-0.000323338,-0.00131777,-0.000760337,-0.00134282,0.000895858,0.00204273,0.0293188,0.00033841,-2.0918e-05,-3.66883e-06,-3.02788e-05,-9.99014e-05,-0.000324214,0.00033799,0.0466203,
0.00282579,0.000288701,-0.00190193,0.000307292,-0.000220545,-0.00131634,-2.09338e-05,0.000288659,0.00122154,0.000339654,0.00115913,-0.00067668,-0.000761792,-3.63092e-06,-0.00190173,0.000339401,0.00313602,0.00023947,-0.000310311,-0.00134422,-3.03174e-05,0.000307267,0.00115921,0.000239244,0.00290895,0.00110146,0.000897539,-9.99223e-05,-0.000223067,-0.000674304,-0.000306625,0.00109822,0.0275755,0.00203487,-0.00032336,-0.00131776,-0.000760333,-0.00134279,0.0008958,0.0020427,0.0293189,0.000338402,-2.09111e-05,-3.66659e-06,-3.02793e-05,-9.99019e-05,-0.000324236,0.000337981,0.0466203,
0.00282564,0.000288662,-0.00190196,0.000307305,-0.000220503,-0.00131633,-2.09275e-05,0.00028862,0.00122153,0.000339652,0.00115913,-0.000676652,-0.000761788,-3.62869e-06,-0.00190175,0.000339399,0.00313608,0.000239429,-0.000310334,-0.0013442,-3.03178e-05,0.00030728,0.00115921,0.000239202,0.00290895,0.00110148,0.000897487,-9.99225e-05,-0.000223026,-0.000674276,-0.000306647,0.00109824,0.0275755,0.00203484,-0.000323383,-0.00131775,-0.000760329,-0.00134277,0.000895747,0.00204267,0.029319,0.000338401,-2.09048e-05,-3.66439e-06,-3.02797e-05,-9.99021e-05,-0.000324259,0.000337981,0.0466203,
0.00282551,0.000288626,-0.00190198,0.000307317,-0.000220464,-0.00131632,-2.09218e-05,0.000288585,0.00122152,0.00033965,0.00115913,-0.000676626,-0.000761785,-3.62652e-06,-0.00190178,0.000339397,0.00313614,0.000239391,-0.000310355,-0.00134418,-3.03182e-05,0.000307292,0.0011592,0.000239164,0.00290894,0.0011015,0.000897439,-9.99223e-05,-0.000222988,-0.00067425,-0.000306667,0.00109825,0.0275756,0.00203482,-0.000323406,-0.00131773,-0.000760325,-0.00134275,0.0008957,0.00204265,0.029319,0.000338408,-2.08991e-05,-3.66223e-06,-3.02801e-05,-9.99019e-05,-0.000324283,0.000337987,0.0466203,
0.0028254,0.000288594,-0.001902,0.000307327,-0.000220428,-0.00131631,-2.09165e-05,0.000288552,0.00122152,0.000339649,0.00115912,-0.000676603,-0.000761782,-3.62443e-06,-0.0019018,0.000339395,0.00313619,0.000239356,-0.000310373,-0.00134416,-3.03185e-05,0.000307302,0.0011592,0.00023913,0.00290894,0.00110151,0.000897396,-9.9922e-05,-0.000222953,-0.000674227,-0.000306685,0.00109827,0.0275756,0.0020348,-0.000323429,-0.00131772,-0.000760322,-0.00134273,0.000895657,0.00204263,0.0293191,0.000338419,-2.08938e-05,-3.66015e-06,-3.02804e-05,-9.99016e-05,-0.000324306,0.000337998,0.0466203,
0.00282529,0.000288564,-0.00190202,0.000307337,-0.000220394,-0.0013163,-2.09116e-05,0.000288522,0.00122151,0.000339647,0.00115912,-0.000676581,-0.00076178,-3.62241e-06,-0.00190182,0.000339394,0.00313624,0.000239325,-0.000310389,-0.00134414,-3.03188e-05,0.000307312,0.0011592,0.000239098,0.00290893,0.00110152,0.000897358,-9.99215e-05,-0.00022292,-0.000674205,-0.0003067,0.00109828,0.0275757,0.00203478,-0.000323451,-0.00131771,-0.00076032,-0.00134271,0.000895618,0.00204261,0.0293191,0.000338434,-2.08889e-05,-3.65815e-06,-3.02807e-05,-9.9901e-05,-0.000324329,0.000338013,0.0466203,
0.00282519,0.000288536,-0.00190204,0.000307346,-0.000220363,-0.00131629,-2.09071e-05,0.000288495,0.00122151,0.000339646,0.00115912,-0.000676562,-0.000761777,-3.62049e-06,-0.00190183,0.000339392,0.00313629,0.000239295,-0.000310404,-0.00134412,-3.0319e-05,0.000307321,0.00115919,0.000239069,0.00290893,0.00110154,0.000897323,-9.99208e-05,-0.000222889,-0.000674186,-0.000306714,0.00109829,0.0275757,0.00203476,-0.000323473,-0.0013177,-0.000760318,-0.00134269,0.000895583,0.00204259,0.0293192,0.000338451,-2.08844e-05,-3.65623e-06,-3.02809e-05,-9.99004e-05,-0.000324351,0.00033803,0.0466203,
0.00282509,0.000288511,-0.00190206,0.000307354,-0.000220334,-0.00131628,-2.0903e-05,0.00028847,0.0012215,0.000339644,0.00115911,-0.000676544,-0.000761775,-3.61865e-06,-0.00190185,0.000339391,0.00313633,0.000239269,-0.000310417,-0.0013441,-3.03192e-05,0.000307329,0.00115919,0.000239042,0.00290892,0.00110155,0.000897291,-9.99201e-05,-0.00022286,-0.000674168,-0.000306727,0.0010983,0.0275757,0.00203474,-0.000323495,-0.00131769,-0.000760316,-0.00134267,0.000895551,0.00204258,0.0293192,0.000338471,-2.08803e-05,-3.65441e-06,-3.02811e-05,-9.98996e-05,-0.000324372,0.000338049,0.0466203,
0.00282501,0.000288488,-0.00190207,0.000307362,-0.000220307,-0.00131627,-2.08992e-05,0.000288446,0.0012215,0.000339643,0.00115911,-0.000676528,-0.000761774,-3.61691e-06,-0.00190187,0.000339389,0.00313637,0.000239244,-0.000310429,-0.00134409,-3.03194e-05,0.000307337,0.00115919,0.000239017,0.00290892,0.00110155,0.000897262,-9.99193e-05,-0.000222834,-0.000674152,-0.000306738,0.00109831,0.0275758,0.00203473,-0.000323515,-0.00131768,-0.000760314,-0.00134265,0.000895522,0.00204256,0.0293193,0.000338491,-2.08765e-05,-3.65267e-06,-3.02813e-05,-9.98988e-05,-0.000324393,0.00033807,0.0466203,
0.00282493,0.000288466,-0.00190209,0.000307369,-0.000220281,-0.00131626,-2.08957e-05,0.000288425,0.00122149,0.000339641,0.00115911,-0.000676513,-0.000761772,-3.61527e-06,-0.00190188,0.000339388,0.0031364,0.000239221,-0.000310439,-0.00134407,-3.03196e-05,0.000307344,0.00115918,0.000238995,0.00290892,0.00110156,0.000897236,-9.99185e-05,-0.000222808,-0.000674137,-0.000306748,0.00109832,0.0275758,0.00203472,-0.000323535,-0.00131768,-0.000760312,-0.00134264,0.000895496,0.00204255,0.0293193,0.000338512,-2.08729e-05,-3.65103e-06,-3.02815e-05,-9.9898e-05,-0.000324413,0.00033809,0.0466203,
0.00282486,0.000288446,-0.0019021,0.000307376,-0.000220258,-0.00131625,-2.08924e-05,0.000288405,0.00122149,0.00033964,0.00115911,-0.000676499,-0.000761771,-3.61372e-06,-0.00190189,0.000339387,0.00313644,0.0002392,-0.000310449,-0.00134406,-3.03198e-05,0.00030735,0.00115918,0.000238973,0.00290891,0.00110157,0.000897212,-9.99176e-05,-0.000222785,-0.000674123,-0.000306757,0.00109833,0.0275758,0.00203471,-0.000323554,-0.00131767,-0.000760311,-0.00134263,0.000895472,0.00204254,0.0293193,0.000338533,-2.08697e-05,-3.64949e-06,-3.02817e-05,-9.98972e-05,-0.000324431,0.000338111,0.0466203,
0.00282479,0.000288427,-0.00190211,0.000307382,-0.000220235,-0.00131624,-2.08894e-05,0.000288386,0.00122149,0.000339639,0.0011591,-0.000676486,-0.000761769,-3.61225e-06,-0.00190191,0.000339386,0.00313647,0.000239181,-0.000310457,-0.00134404,-3.032e-05,0.000307356,0.00115918,0.000238954,0.00290891,0.00110158,0.000897191,-9.99168e-05,-0.000222763,-0.000674111,-0.000306765,0.00109833,0.0275758,0.0020347,-0.000323571,-0.00131766,-0.00076031,-0.00134261,0.000895451,0.00204253,0.0293194,0.000338553,-2.08667e-05,-3.64803e-06,-3.02819e-05,-9.98963e-05,-0.000324449,0.000338132,0.0466203,
0.00282473,0.00028841,-0.00190212,0.000307387,-0.000220214,-0.00131624,-2.08866e-05,0.000288369,0.00122148,0.000339638,0.0011591,-0.000676475,-0.000761768,-3.61088e-06,-0.00190192,0.000339384,0.00313649,0.000239163,-0.000310465,-0.00134403,-3.03201e-05,0.000307362,0.00115918,0.000238936,0.00290891,0.00110158,0.000897171,-9.9916e-05,-0.000222742,-0.000674099,-0.000306773,0.00109834,0.0275759,0.00203469,-0.000323588,-0.00131765,-0.000760308,-0.0013426,0.000895431,0.00204252,0.0293194,0.000338573,-2.08638e-05,-3.64666e-06,-3.0282e-05,-9.98955e-05,-0.000324466,0.000338152,0.0466203,
0.00282467,0.000288394,-0.00190213,0.000307393,-0.000220194,-0.00131623,-2.0884e-05,0.000288353,0.00122148,0.000339637,0.0011591,-0.000676464,-0.000761767,-3.60959e-06,-0.00190193,0.000339384,0.00313652,0.000239146,-0.000310472,-0.00134402,-3.03203e-05,0.000307368,0.00115918,0.000238919,0.00290891,0.00110159,0.000897153,-9.99152e-05,-0.000222723,-0.000674088,-0.000306779,0.00109835,0.0275759,0.00203468,-0.000323604,-0.00131765,-0.000760307,-0.00134259,0.000895413,0.00204251,0.0293194,0.000338593,-2.08612e-05,-3.64537e-06,-3.02822e-05,-9.98947e-05,-0.000324482,0.000338171,0.0466203,
0.00282462,0.000288379,-0.00190214,0.000307398,-0.000220176,-0.00131622,-2.08815e-05,0.000288338,0.00122148,0.000339636,0.0011591,-0.000676453,-0.000761766,-3.60838e-06,-0.00190194,0.000339383,0.00313654,0.00023913,-0.000310478,-0.00134401,-3.03205e-05,0.000307373,0.00115918,0.000238903,0.00290891,0.00110159,0.000897136,-9.99144e-05,-0.000222704,-0.000674078,-0.000306786,0.00109835,0.0275759,0.00203467,-0.000323619,-0.00131764,-0.000760306,-0.00134258,0.000895396,0.0020425,0.0293194,0.000338611,-2.08588e-05,-3.64416e-06,-3.02823e-05,-9.9894e-05,-0.000324497,0.00033819,0.0466203,
0.00282457,0.000288365,-0.00190215,0.000307402,-0.000220158,-0.00131621,-2.08792e-05,0.000288324,0.00122148,0.000339635,0.0011591,-0.000676444,-0.000761765,-3.60725e-06,-0.00190195,0.000339382,0.00313657,0.000239115,-0.000310484,-0.001344,-3.03206e-05,0.000307377,0.00115917,0.000238888,0.0029089,0.0011016,0.000897121,-9.99137e-05,-0.000222687,-0.000674068,-0.000306791,0.00109836,0.0275759,0.00203466,-0.000323633,-0.00131763,-0.000760306,-0.00134256,0.000895381,0.00204249,0.0293195,0.000338629,-2.08565e-05,-3.64304e-06,-3.02825e-05,-9.98932e-05,-0.000324511,0.000338207,0.0466203,
0.00282452,0.000288352,-0.00190216,0.000307407,-0.000220141,-0.00131621,-2.08771e-05,0.00028831,0.00122147,0.000339635,0.0011591,-0.000676435,-0.000761764,-3.60619e-06,-0.00190195,0.000339381,0.00313659,0.000239101,-0.00031049,-0.00134399,-3.03208e-05,0.000307382,0.00115917,0.000238874,0.0029089,0.0011016,0.000897107,-9.9913e-05,-0.000222671,-0.000674059,-0.000306796,0.00109836,0.0275759,0.00203466,-0.000323646,-0.00131763,-0.000760305,-0.00134255,0.000895367,0.00204248,0.0293195,0.000338645,-2.08543e-05,-3.64198e-06,-3.02827e-05,-9.98926e-05,-0.000324524,0.000338224,0.0466203,
0.00282447,0.000288339,-0.00190217,0.000307411,-0.000220126,-0.0013162,-2.08751e-05,0.000288298,0.00122147,0.000339634,0.00115909,-0.000676427,-0.000761764,-3.6052e-06,-0.00190196,0.00033938,0.00313661,0.000239088,-0.000310495,-0.00134398,-3.03209e-05,0.000307386,0.00115917,0.000238861,0.0029089,0.00110161,0.000897094,-9.99124e-05,-0.000222655,-0.000674051,-0.000306801,0.00109836,0.0275759,0.00203465,-0.000323659,-0.00131762,-0.000760304,-0.00134254,0.000895354,0.00204248,0.0293195,0.00033866,-2.08523e-05,-3.64099e-06,-3.02828e-05,-9.98919e-05,-0.000324537,0.000338239,0.0466203,
0.00282443,0.000288328,-0.00190218,0.000307415,-0.00022011,-0.0013162,-2.08732e-05,0.000288286,0.00122147,0.000339633,0.00115909,-0.000676419,-0.000761763,-3.60428e-06,-0.00190197,0.00033938,0.00313663,0.000239076,-0.000310499,-0.00134397,-3.03211e-05,0.00030739,0.00115917,0.000238849,0.0029089,0.00110161,0.000897082,-9.99118e-05,-0.00022264,-0.000674043,-0.000306806,0.00109837,0.0275759,0.00203464,-0.00032367,-0.00131761,-0.000760303,-0.00134254,0.000895342,0.00204247,0.0293195,0.000338675,-2.08504e-05,-3.64007e-06,-3.0283e-05,-9.98913e-05,-0.000324548,0.000338253,0.0466203,
0.00282439,0.000288316,-0.00190218,0.000307419,-0.000220096,-0.00131619,-2.08714e-05,0.000288275,0.00122147,0.000339633,0.00115909,-0.000676412,-0.000761762,-3.60341e-06,-0.00190198,0.000339379,0.00313665,0.000239064,-0.000310504,-0.00134396,-3.03213e-05,0.000307394,0.00115917,0.000238837,0.0029089,0.00110162,0.000897071,-9.99113e-05,-0.000222626,-0.000674036,-0.00030681,0.00109837,0.0275759,0.00203464,-0.000323681,-0.00131761,-0.000760303,-0.00134253,0.000895331,0.00204246,0.0293196,0.000338688,-2.08486e-05,-3.6392e-06,-3.02831e-05,-9.98908e-05,-0.000324559,0.000338266,0.0466203,
0.00282435,0.000288306,-0.00190219,0.000307423,-0.000220082,-0.00131619,-2.08697e-05,0.000288264,0.00122146,0.000339632,0.00115909,-0.000676405,-0.000761762,-3.6026e-06,-0.00190198,0.000339379,0.00313667,0.000239053,-0.000310508,-0.00134395,-3.03214e-05,0.000307397,0.00115917,0.000238826,0.0029089,0.00110162,0.000897061,-9.99108e-05,-0.000222612,-0.000674029,-0.000306814,0.00109838,0.027576,0.00203463,-0.000323691,-0.0013176,-0.000760302,-0.00134252,0.000895321,0.00204246,0.0293196,0.0003387,-2.0847e-05,-3.6384e-06,-3.02833e-05,-9.98903e-05,-0.000324569,0.000338278,0.0466203,
0.00282431,0.000288296,-0.0019022,0.000307426,-0.000220069,-0.00131618,-2.08681e-05,0.000288254,0.00122146,0.000339632,0.00115909,-0.000676398,-0.000761761,-3.60184e-06,-0.00190199,0.000339378,0.00313668,0.000239042,-0.000310511,-0.00134394,-3.03216e-05,0.000307401,0.00115917,0.000238815,0.0029089,0.00110162,0.000897051,-9.99103e-05,-0.000222599,-0.000674022,-0.000306817,0.00109838,0.027576,0.00203462,-0.000323701,-0.0013176,-0.000760302,-0.00134251,0.000895312,0.00204245,0.0293196,0.00033871,-2.08453e-05,-3.63764e-06,-3.02835e-05,-9.98898e-05,-0.000324579,0.000338289,0.0466203,
0.00282428,0.000288286,-0.0019022,0.000307429,-0.000220056,-0.00131618,-2.08666e-05,0.000288244,0.00122146,0.000339631,0.00115909,-0.000676392,-0.000761761,-3.60113e-06,-0.001902,0.000339378,0.0031367,0.000239032,-0.000310515,-0.00134394,-3.03218e-05,0.000307404,0.00115917,0.000238805,0.00290889,0.00110163,0.000897042,-9.99099e-05,-0.000222586,-0.000674016,-0.00030682,0.00109838,0.027576,0.00203462,-0.00032371,-0.00131759,-0.000760301,-0.0013425,0.000895303,0.00204245,0.0293196,0.00033872,-2.08438e-05,-3.63693e-06,-3.02837e-05,-9.98894e-05,-0.000324588,0.000338299,0.0466203,
0.00282424,0.000288277,-0.00190221,0.000307433,-0.000220044,-0.00131617,-2.08651e-05,0.000288235,0.00122146,0.000339631,0.00115909,-0.000676386,-0.00076176,-3.60047e-06,-0.001902,0.000339377,0.00313671,0.000239022,-0.000310518,-0.00134393,-3.03219e-05,0.000307408,0.00115916,0.000238795,0.00290889,0.00110163,0.000897034,-9.99095e-05,-0.000222574,-0.00067401,-0.000306824,0.00109839,0.027576,0.00203461,-0.000323718,-0.00131759,-0.000760301,-0.00134249,0.000895294,0.00204244,0.0293196,0.000338729,-2.08424e-05,-3.63626e-06,-3.02838e-05,-9.9889e-05,-0.000324596,0.000338308,0.0466203,
0.00282421,0.000288268,-0.00190221,0.000307436,-0.000220032,-0.00131617,-2.08637e-05,0.000288226,0.00122146,0.000339631,0.00115909,-0.00067638,-0.00076176,-3.59984e-06,-0.00190201,0.000339377,0.00313673,0.000239013,-0.000310521,-0.00134392,-3.03221e-05,0.000307411,0.00115916,0.000238786,0.00290889,0.00110163,0.000897026,-9.99091e-05,-0.000222562,-0.000674004,-0.000306827,0.00109839,0.027576,0.00203461,-0.000323726,-0.00131758,-0.000760301,-0.00134249,0.000895287,0.00204244,0.0293196,0.000338737,-2.0841e-05,-3.63564e-06,-3.0284e-05,-9.98886e-05,-0.000324604,0.000338316,0.0466203,
0.00282418,0.000288259,-0.00190222,0.000307439,-0.00022002,-0.00131616,-2.08624e-05,0.000288218,0.00122146,0.00033963,0.00115909,-0.000676374,-0.00076176,-3.59925e-06,-0.00190201,0.000339376,0.00313674,0.000239004,-0.000310524,-0.00134391,-3.03223e-05,0.000307414,0.00115916,0.000238777,0.00290889,0.00110164,0.000897019,-9.99088e-05,-0.000222551,-0.000673999,-0.000306829,0.00109839,0.027576,0.0020346,-0.000323733,-0.00131758,-0.0007603,-0.00134248,0.000895279,0.00204243,0.0293197,0.000338745,-2.08396e-05,-3.63505e-06,-3.02842e-05,-9.98883e-05,-0.000324611,0.000338323,0.0466203,
0.00282415,0.000288251,-0.00190222,0.000307442,-0.000220009,-0.00131616,-2.08611e-05,0.000288209,0.00122145,0.00033963,0.00115908,-0.000676369,-0.000761759,-3.59869e-06,-0.00190202,0.000339376,0.00313676,0.000238995,-0.000310527,-0.00134391,-3.03225e-05,0.000307417,0.00115916,0.000238768,0.00290889,0.00110164,0.000897012,-9.99085e-05,-0.00022254,-0.000673993,-0.000306832,0.00109839,0.027576,0.0020346,-0.00032374,-0.00131758,-0.0007603,-0.00134247,0.000895272,0.00204242,0.0293197,0.000338751,-2.08383e-05,-3.6345e-06,-3.02844e-05,-9.9888e-05,-0.000324618,0.000338329,0.0466203,
0.00282412,0.000288243,-0.00190223,0.000307445,-0.000219998,-0.00131615,-2.08599e-05,0.000288201,0.00122145,0.00033963,0.00115908,-0.000676364,-0.000761759,-3.59817e-06,-0.00190202,0.000339376,0.00313677,0.000238987,-0.00031053,-0.0013439,-3.03227e-05,0.00030742,0.00115916,0.00023876,0.00290889,0.00110164,0.000897005,-9.99083e-05,-0.000222529,-0.000673988,-0.000306835,0.0010984,0.027576,0.00203459,-0.000323746,-0.00131757,-0.000760299,-0.00134247,0.000895266,0.00204242,0.0293197,0.000338757,-2.08371e-05,-3.63397e-06,-3.02846e-05,-9.98878e-05,-0.000324625,0.000338335,0.0466203,
0.00282409,0.000288235,-0.00190223,0.000307448,-0.000219987,-0.00131615,-2.08587e-05,0.000288194,0.00122145,0.000339629,0.00115908,-0.000676359,-0.000761758,-3.59767e-06,-0.00190203,0.000339376,0.00313678,0.000238978,-0.000310533,-0.00134389,-3.03229e-05,0.000307423,0.00115916,0.000238752,0.00290889,0.00110164,0.000896999,-9.9908e-05,-0.000222518,-0.000673983,-0.000306837,0.0010984,0.027576,0.00203458,-0.000323752,-0.00131757,-0.000760299,-0.00134246,0.000895259,0.00204241,0.0293197,0.000338762,-2.08359e-05,-3.63348e-06,-3.02847e-05,-9.98875e-05,-0.000324631,0.00033834,0.0466203,
0.00282406,0.000288228,-0.00190224,0.00030745,-0.000219977,-0.00131615,-2.08575e-05,0.000288186,0.00122145,0.000339629,0.00115908,-0.000676354,-0.000761758,-3.5972e-06,-0.00190203,0.000339375,0.0031368,0.00023897,-0.000310535,-0.00134389,-3.03231e-05,0.000307425,0.00115916,0.000238743,0.00290889,0.00110165,0.000896993,-9.99078e-05,-0.000222508,-0.000673978,-0.000306839,0.0010984,0.027576,0.00203458,-0.000323758,-0.00131756,-0.000760299,-0.00134245,0.000895253,0.00204241,0.0293197,0.000338766,-2.08347e-05,-3.63301e-06,-3.02849e-05,-9.98873e-05,-0.000324636,0.000338344,0.0466203,
0.00282403,0.00028822,-0.00190224,0.000307453,-0.000219967,-0.00131614,-2.08564e-05,0.000288179,0.00122145,0.000339629,0.00115908,-0.000676349,-0.000761758,-3.59675e-06,-0.00190204,0.000339375,0.00313681,0.000238963,-0.000310538,-0.00134388,-3.03233e-05,0.000307428,0.00115916,0.000238736,0.00290889,0.00110165,0.000896988,-9.99076e-05,-0.000222498,-0.000673974,-0.000306842,0.0010984,0.027576,0.00203457,-0.000323763,-0.00131756,-0.000760298,-0.00134245,0.000895248,0.0020424,0.0293197,0.00033877,-2.08336e-05,-3.63256e-06,-3.02851e-05,-9.98871e-05,-0.000324642,0.000338348,0.0466203,
0.00282401,0.000288213,-0.00190225,0.000307456,-0.000219957,-0.00131614,-2.08553e-05,0.000288171,0.00122145,0.000339629,0.00115908,-0.000676344,-0.000761757,-3.59632e-06,-0.00190204,0.000339375,0.00313682,0.000238955,-0.00031054,-0.00134387,-3.03234e-05,0.000307431,0.00115916,0.000238728,0.00290889,0.00110165,0.000896982,-9.99075e-05,-0.000222488,-0.000673969,-0.000306844,0.00109841,0.0275761,0.00203457,-0.000323768,-0.00131756,-0.000760298,-0.00134244,0.000895242,0.0020424,0.0293197,0.000338773,-2.08325e-05,-3.63214e-06,-3.02853e-05,-9.9887e-05,-0.000324647,0.000338352,0.0466203,
0.00282398,0.000288206,-0.00190225,0.000307459,-0.000219947,-0.00131613,-2.08542e-05,0.000288164,0.00122145,0.000339628,0.00115908,-0.00067634,-0.000761757,-3.59591e-06,-0.00190205,0.000339375,0.00313683,0.000238948,-0.000310542,-0.00134387,-3.03236e-05,0.000307434,0.00115916,0.000238721,0.00290889,0.00110165,0.000896977,-9.99073e-05,-0.000222478,-0.000673964,-0.000306846,0.00109841,0.0275761,0.00203456,-0.000323773,-0.00131755,-0.000760298,-0.00134243,0.000895237,0.00204239,0.0293197,0.000338776,-2.08314e-05,-3.63173e-06,-3.02855e-05,-9.98868e-05,-0.000324652,0.000338355,0.0466203,
0.00282395,0.000288199,-0.00190226,0.000307461,-0.000219937,-0.00131613,-2.08531e-05,0.000288157,0.00122145,0.000339628,0.00115908,-0.000676335,-0.000761757,-3.59552e-06,-0.00190205,0.000339374,0.00313685,0.00023894,-0.000310544,-0.00134386,-3.03238e-05,0.000307436,0.00115916,0.000238713,0.00290889,0.00110166,0.000896972,-9.99072e-05,-0.000222469,-0.00067396,-0.000306848,0.00109841,0.0275761,0.00203456,-0.000323778,-0.00131755,-0.000760297,-0.00134243,0.000895232,0.00204239,0.0293198,0.000338779,-2.08303e-05,-3.63134e-06,-3.02857e-05,-9.98867e-05,-0.000324657,0.000338357,0.0466203,
0.00282393,0.000288192,-0.00190226,0.000307464,-0.000219927,-0.00131613,-2.08521e-05,0.00028815,0.00122144,0.000339628,0.00115908,-0.000676331,-0.000761757,-3.59514e-06,-0.00190206,0.000339374,0.00313686,0.000238933,-0.000310547,-0.00134386,-3.03241e-05,0.000307439,0.00115916,0.000238706,0.00290888,0.00110166,0.000896967,-9.99071e-05,-0.000222459,-0.000673956,-0.00030685,0.00109841,0.0275761,0.00203455,-0.000323782,-0.00131754,-0.000760297,-0.00134242,0.000895227,0.00204238,0.0293198,0.000338781,-2.08293e-05,-3.63096e-06,-3.02859e-05,-9.98866e-05,-0.000324661,0.000338359,0.0466203,
0.0028239,0.000288185,-0.00190227,0.000307466,-0.000219918,-0.00131612,-2.08511e-05,0.000288144,0.00122144,0.000339628,0.00115908,-0.000676327,-0.000761756,-3.59477e-06,-0.00190206,0.000339374,0.00313687,0.000238926,-0.000310549,-0.00134385,-3.03243e-05,0.000307441,0.00115915,0.000238699,0.00290888,0.00110166,0.000896962,-9.9907e-05,-0.00022245,-0.000673951,-0.000306852,0.00109842,0.0275761,0.00203455,-0.000323787,-0.00131754,-0.000760297,-0.00134242,0.000895222,0.00204238,0.0293198,0.000338783,-2.08283e-05,-3.6306e-06,-3.02861e-05,-9.98864e-05,-0.000324666,0.000338361,0.0466203,
0.00282388,0.000288179,-0.00190227,0.000307469,-0.000219909,-0.00131612,-2.08501e-05,0.000288137,0.00122144,0.000339628,0.00115908,-0.000676322,-0.000761756,-3.59442e-06,-0.00190207,0.000339374,0.00313688,0.000238919,-0.000310551,-0.00134384,-3.03245e-05,0.000307444,0.00115915,0.000238692,0.00290888,0.00110166,0.000896958,-9.99069e-05,-0.000222441,-0.000673947,-0.000306854,0.00109842,0.0275761,0.00203454,-0.000323791,-0.00131754,-0.000760297,-0.00134241,0.000895218,0.00204237,0.0293198,0.000338784,-2.08273e-05,-3.63025e-06,-3.02863e-05,-9.98864e-05,-0.00032467,0.000338362,0.0466203,
0.00282385,0.000288172,-0.00190228,0.000307471,-0.000219899,-0.00131611,-2.08491e-05,0.000288131,0.00122144,0.000339628,0.00115908,-0.000676318,-0.000761756,-3.59408e-06,-0.00190207,0.000339374,0.00313689,0.000238912,-0.000310553,-0.00134384,-3.03247e-05,0.000307446,0.00115915,0.000238685,0.00290888,0.00110166,0.000896953,-9.99068e-05,-0.000222432,-0.000673943,-0.000306856,0.00109842,0.0275761,0.00203454,-0.000323795,-0.00131753,-0.000760296,-0.0013424,0.000895213,0.00204237,0.0293198,0.000338785,-2.08263e-05,-3.62991e-06,-3.02865e-05,-9.98863e-05,-0.000324674,0.000338363,0.0466203,
0.00282383,0.000288166,-0.00190228,0.000307474,-0.00021989,-0.00131611,-2.08481e-05,0.000288124,0.00122144,0.000339627,0.00115908,-0.000676314,-0.000761755,-3.59375e-06,-0.00190207,0.000339374,0.0031369,0.000238905,-0.000310555,-0.00134383,-3.03249e-05,0.000307449,0.00115915,0.000238678,0.00290888,0.00110167,0.000896949,-9.99067e-05,-0.000222423,-0.000673939,-0.000306858,0.00109842,0.0275761,0.00203453,-0.000323799,-0.00131753,-0.000760296,-0.0013424,0.000895209,0.00204236,0.0293198,0.000338786,-2.08253e-05,-3.62958e-06,-3.02867e-05,-9.98862e-05,-0.000324678,0.000338364,0.0466203,
0.00282381,0.000288159,-0.00190228,0.000307476,-0.000219881,-0.00131611,-2.08472e-05,0.000288118,0.00122144,0.000339627,0.00115907,-0.00067631,-0.000761755,-3.59342e-06,-0.00190208,0.000339374,0.00313691,0.000238898,-0.000310557,-0.00134383,-3.03251e-05,0.000307451,0.00115915,0.000238671,0.00290888,0.00110167,0.000896945,-9.99067e-05,-0.000222414,-0.000673935,-0.00030686,0.00109842,0.0275761,0.00203453,-0.000323802,-0.00131753,-0.000760296,-0.00134239,0.000895205,0.00204236,0.0293198,0.000338787,-2.08244e-05,-3.62926e-06,-3.0287e-05,-9.98861e-05,-0.000324682,0.000338365,0.0466203,
0.00282378,0.000288153,-0.00190229,0.000307479,-0.000219872,-0.0013161,-2.08462e-05,0.000288111,0.00122144,0.000339627,0.00115907,-0.000676306,-0.000761755,-3.59311e-06,-0.00190208,0.000339373,0.00313692,0.000238891,-0.000310559,-0.00134382,-3.03253e-05,0.000307454,0.00115915,0.000238664,0.00290888,0.00110167,0.00089694,-9.99066e-05,-0.000222405,-0.000673931,-0.000306861,0.00109843,0.0275761,0.00203452,-0.000323806,-0.00131752,-0.000760296,-0.00134239,0.0008952,0.00204235,0.0293198,0.000338787,-2.08234e-05,-3.62895e-06,-3.02872e-05,-9.98861e-05,-0.000324685,0.000338365,0.0466203,
0.00282376,0.000288147,-0.00190229,0.000307481,-0.000219863,-0.0013161,-2.08453e-05,0.000288105,0.00122144,0.000339627,0.00115907,-0.000676302,-0.000761755,-3.5928e-06,-0.00190209,0.000339373,0.00313694,0.000238885,-0.000310561,-0.00134382,-3.03255e-05,0.000307456,0.00115915,0.000238658,0.00290888,0.00110167,0.000896936,-9.99066e-05,-0.000222396,-0.000673927,-0.000306863,0.00109843,0.0275761,0.00203452,-0.00032381,-0.00131752,-0.000760295,-0.00134238,0.000895196,0.00204235,0.0293198,0.000338788,-2.08225e-05,-3.62864e-06,-3.02874e-05,-9.9886e-05,-0.000324689,0.000338366,0.0466203,
0.00282374,0.00028814,-0.0019023,0.000307483,-0.000219854,-0.0013161,-2.08444e-05,0.000288099,0.00122143,0.000339627,0.00115907,-0.000676298,-0.000761754,-3.59249e-06,-0.00190209,0.000339373,0.00313695,0.000238878,-0.000310562,-0.00134381,-3.03257e-05,0.000307458,0.00115915,0.000238651,0.00290888,0.00110167,0.000896932,-9.99065e-05,-0.000222387,-0.000673923,-0.000306865,0.00109843,0.0275761,0.00203451,-0.000323813,-0.00131752,-0.000760295,-0.00134238,0.000895192,0.00204234,0.0293199,0.000338788,-2.08216e-05,-3.62834e-06,-3.02876e-05,-9.9886e-05,-0.000324692,0.000338366,0.0466203,
0.00282371,0.000288134,-0.0019023,0.000307486,-0.000219845,-0.00131609,-2.08434e-05,0.000288093,0.00122143,0.000339627,0.00115907,-0.000676294,-0.000761754,-3.59219e-06,-0.00190209,0.000339373,0.00313696,0.000238871,-0.000310564,-0.00134381,-3.03259e-05,0.000307461,0.00115915,0.000238644,0.00290888,0.00110168,0.000896928,-9.99065e-05,-0.000222379,-0.000673919,-0.000306867,0.00109843,0.0275762,0.00203451,-0.000323817,-0.00131751,-0.000760295,-0.00134237,0.000895188,0.00204234,0.0293199,0.000338788,-2.08206e-05,-3.62805e-06,-3.02878e-05,-9.9886e-05,-0.000324696,0.000338366,0.0466203,
0.00282369,0.000288128,-0.0019023,0.000307488,-0.000219836,-0.00131609,-2.08425e-05,0.000288086,0.00122143,0.000339627,0.00115907,-0.00067629,-0.000761754,-3.5919e-06,-0.0019021,0.000339373,0.00313697,0.000238865,-0.000310566,-0.0013438,-3.03261e-05,0.000307463,0.00115915,0.000238638,0.00290888,0.00110168,0.000896924,-9.99065e-05,-0.00022237,-0.000673915,-0.000306868,0.00109844,0.0275762,0.0020345,-0.00032382,-0.00131751,-0.000760294,-0.00134236,0.000895184,0.00204233,0.0293199,0.000338788,-2.08197e-05,-3.62775e-06,-3.0288e-05,-9.98859e-05,-0.000324699,0.000338366,0.0466203,
0.00282367,0.000288122,-0.00190231,0.000307491,-0.000219828,-0.00131609,-2.08416e-05,0.00028808,0.00122143,0.000339627,0.00115907,-0.000676286,-0.000761754,-3.59161e-06,-0.0019021,0.000339373,0.00313698,0.000238858,-0.000310568,-0.00134379,-3.03264e-05,0.000307466,0.00115915,0.000238631,0.00290888,0.00110168,0.000896921,-9.99065e-05,-0.000222361,-0.000673911,-0.00030687,0.00109844,0.0275762,0.0020345,-0.000323824,-0.00131751,-0.000760294,-0.00134236,0.000895181,0.00204233,0.0293199,0.000338788,-2.08188e-05,-3.62747e-06,-3.02882e-05,-9.98859e-05,-0.000324703,0.000338366,0.0466203,
0.00282364,0.000288116,-0.00190231,0.000307493,-0.000219819,-0.00131608,-2.08407e-05,0.000288074,0.00122143,0.000339627,0.00115907,-0.000676282,-0.000761753,-3.59132e-06,-0.00190211,0.000339373,0.00313699,0.000238852,-0.00031057,-0.00134379,-3.03266e-05,0.000307468,0.00115915,0.000238625,0.00290888,0.00110168,0.000896917,-9.99064e-05,-0.000222353,-0.000673907,-0.000306872,0.00109844,0.0275762,0.00203449,-0.000323827,-0.0013175,-0.000760294,-0.00134235,0.000895177,0.00204232,0.0293199,0.000338788,-2.08179e-05,-3.62718e-06,-3.02884e-05,-9.98859e-05,-0.000324706,0.000338366,0.0466203,
0.00282362,0.00028811,-0.00190232,0.000307495,-0.00021981,-0.00131608,-2.08398e-05,0.000288068,0.00122143,0.000339627,0.00115907,-0.000676278,-0.000761753,-3.59104e-06,-0.00190211,0.000339373,0.003137,0.000238845,-0.000310572,-0.00134378,-3.03268e-05,0.00030747,0.00115915,0.000238618,0.00290888,0.00110169,0.000896913,-9.99064e-05,-0.000222344,-0.000673903,-0.000306873,0.00109844,0.0275762,0.00203449,-0.00032383,-0.0013175,-0.000760294,-0.00134235,0.000895173,0.00204232,0.0293199,0.000338788,-2.0817e-05,-3.6269e-06,-3.02886e-05,-9.98859e-05,-0.00032471,0.000338365,0.0466203,
