0.00160953,-7.9478e-06,-0.000647678,6.42335e-06,0.000400923,-0.000898519,4.1383e-05,-2.01371e-05,0.000632864,3.98586e-05,4.74496e-05,-0.0012659,-0.00163081,0.000321967,-0.000660796,-5.18779e-05,0.00459489,2.72282e-06,-0.00170128,-8.82965e-05,-1.44193e-05,-3.54466e-05,-2.92015e-05,0.000235344,0.000122595,-0.000553388,-0.00150655,0.00080603,0.000423131,-0.00105731,-0.00164393,2.34715e-05,0.026845,0.00167596,1.04171e-05,-0.000839942,-0.00106448,8.03329e-05,7.04124e-05,0.00164655,0.0257423,0.000231365,-3.96195e-07,1.03725e-05,-3.53254e-05,-1.565e-06,-0.000136837,-0.000212345,0.0465974,
0.00160862,-7.72897e-06,-0.000663565,6.37655e-06,0.000412035,-0.000894742,4.13647e-05,-2.10336e-05,0.000632248,4.36714e-05,4.73016e-05,-0.00126658,-0.00163044,0.000321548,-0.000677052,-5.0696e-05,0.00459234,2.72198e-06,-0.00168397,-9.74227e-05,-1.46844e-05,-3.83652e-05,-2.96946e-05,0.000242017,0.000122167,-0.00055455,-0.00150028,0.000805049,0.00043365,-0.00105754,-0.00162537,2.3341e-05,0.0268215,0.00167979,1.25571e-05,-0.000838379,-0.00106654,7.44373e-05,6.9879e-05,0.00164923,0.0257568,0.000228967,-1.64875e-07,1.02227e-05,-3.57134e-05,-1.56078e-06,-0.000134169,-0.00021235,0.0465973,
0.00160759,-7.45493e-06,-0.000680991,6.32462e-06,0.000423792,-0.000890862,4.13352e-05,-2.20005e-05,0.000631598,4.78839e-05,4.71427e-05,-0.0012674,-0.0016304,0.000321249,-0.000694881,-4.93955e-05,0.00458925,2.72057e-06,-0.0016647,-0.000107298,-1.50187e-05,-4.16023e-05,-3.01921e-05,0.0002494,0.000121706,-0.000556144,-0.00149358,0.000804339,0.00044476,-0.00105774,-0.00160471,2.32048e-05,0.0267982,0.00168421,1.43691e-05,-0.000836936,-0.00106906,6.81094e-05,6.93056e-05,0.00165229,0.0257737,0.00022655,6.88777e-08,1.00766e-05,-3.61887e-05,-1.55678e-06,-0.000131874,-0.000212375,0.0465972,
0.0016064,-7.14106e-06,-0.000699631,6.26875e-06,0.000436049,-0.000886838,4.1298e-05,-2.30441e-05,0.000630926,5.24339e-05,4.69767e-05,-0.00126834,-0.00163059,0.000321034,-0.000713954,-4.80027e-05,0.00458561,2.7185e-06,-0.00164383,-0.000117713,-1.54059e-05,-4.51335e-05,-3.06901e-05,0.000257403,0.000121224,-0.000558104,-0.0014865,0.000803819,0.000456322,-0.0010579,-0.00158234,2.30665e-05,0.0267751,0.00168897,1.59481e-05,-0.000835547,-0.00107194,6.15037e-05,6.8703e-05,0.00165551,0.0257927,0.000224104,3.09134e-07,9.93243e-06,-3.67295e-05,-1.55303e-06,-0.000129852,-0.000212411,0.046597,
0.00160503,-6.79732e-06,-0.000719193,6.20992e-06,0.000448632,-0.000882681,4.12562e-05,-2.41632e-05,0.000630244,5.72624e-05,4.68068e-05,-0.00126937,-0.00163097,0.000320888,-0.000733972,-4.65402e-05,0.00458139,2.71571e-06,-0.0016217,-0.000128485,-1.58348e-05,-4.89295e-05,-3.11842e-05,0.000265931,0.00012073,-0.000560393,-0.00147911,0.000803456,0.000468164,-0.00105803,-0.00155859,2.29293e-05,0.0267524,0.00169388,1.73337e-05,-0.000834193,-0.00107511,5.4749e-05,6.80813e-05,0.00165878,0.0258134,0.000221639,5.57226e-07,9.79033e-06,-3.7321e-05,-1.54957e-06,-0.000128068,-0.000212456,0.0465969,
0.00160345,-6.43108e-06,-0.000739409,6.149e-06,0.000461366,-0.00087842,4.1212e-05,-2.53529e-05,0.000629563,6.23126e-05,4.66359e-05,-0.0012705,-0.00163152,0.000320806,-0.000754663,-4.50285e-05,0.00457663,2.71216e-06,-0.00159861,-0.000139454,-1.62969e-05,-5.29579e-05,-3.16689e-05,0.000274894,0.000120232,-0.000562979,-0.0014715,0.000803238,0.000480118,-0.00105814,-0.00153379,2.27963e-05,0.0267302,0.00169881,1.85421e-05,-0.000832872,-0.00107851,4.79531e-05,6.74492e-05,0.00166198,0.0258354,0.000219178,8.13226e-07,9.65099e-06,-3.7952e-05,-1.54648e-06,-0.000126513,-0.000212505,0.0465967,
0.00160166,-6.04837e-06,-0.000760035,6.08682e-06,0.000474091,-0.000874089,4.11675e-05,-2.6606e-05,0.000628894,6.75296e-05,4.64668e-05,-0.00127171,-0.0016322,0.000320783,-0.000775775,-4.34854e-05,0.00457133,2.70787e-06,-0.00157483,-0.000150482,-1.67854e-05,-5.7184e-05,-3.21372e-05,0.000284197,0.000119738,-0.000565834,-0.00146373,0.000803162,0.000492028,-0.00105821,-0.00150823,2.26699e-05,0.0267089,0.00170367,1.95803e-05,-0.00083159,-0.0010821,4.12051e-05,6.68154e-05,0.00166505,0.0258586,0.000216742,1.07659e-06,9.51529e-06,-3.8613e-05,-1.54383e-06,-0.000125186,-0.000212559,0.0465966,
0.00159967,-5.65447e-06,-0.000780848,6.02403e-06,0.000486665,-0.000869724,4.11244e-05,-2.79138e-05,0.000628244,7.28608e-05,4.63015e-05,-0.00127299,-0.00163301,0.000320819,-0.000797082,-4.1927e-05,0.00456555,2.7028e-06,-0.00155064,-0.00016145,-1.72941e-05,-6.1571e-05,-3.25848e-05,0.000293748,0.000119255,-0.000568925,-0.00145589,0.000803224,0.00050376,-0.00105826,-0.0014822,2.2552e-05,0.0266885,0.00170837,2.04521e-05,-0.000830353,-0.00108583,3.45766e-05,6.61866e-05,0.00166794,0.0258826,0.000214351,1.34645e-06,9.38411e-06,-3.92959e-05,-1.54169e-06,-0.000124089,-0.000212616,0.0465964,
0.00159747,-5.25394e-06,-0.000801649,5.96125e-06,0.000498966,-0.000865361,4.10841e-05,-2.92665e-05,0.000627621,7.82557e-05,4.61418e-05,-0.00127432,-0.00163392,0.000320912,-0.000818378,-4.03676e-05,0.00455934,2.697e-06,-0.00152628,-0.000172254,-1.7818e-05,-6.6082e-05,-3.30078e-05,0.000303453,0.000118787,-0.00057222,-0.00144803,0.000803421,0.000515197,-0.00105829,-0.00145595,2.24441e-05,0.0266693,0.00171286,2.11604e-05,-0.000829169,-0.00108967,2.81236e-05,6.55686e-05,0.0016706,0.0259071,0.000212025,1.62177e-06,9.25821e-06,-3.99935e-05,-1.54007e-06,-0.000123222,-0.000212676,0.0465962,
0.00159509,-4.85074e-06,-0.000822261,5.89903e-06,0.000510893,-0.000861032,4.10479e-05,-3.0653e-05,0.000627028,8.3667e-05,4.59894e-05,-0.00127571,-0.00163492,0.00032106,-0.000839482,-3.88194e-05,0.00455275,2.6905e-06,-0.00150198,-0.000182813,-1.83523e-05,-7.06784e-05,-3.34028e-05,0.000313226,0.000118339,-0.000575684,-0.00144022,0.00080375,0.000526243,-0.00105829,-0.00142974,2.23472e-05,0.0266515,0.0017171,2.17092e-05,-0.000828041,-0.00109356,2.18887e-05,6.49668e-05,0.00167302,0.0259321,0.00020978,1.90136e-06,9.13823e-06,-4.06994e-05,-1.539e-06,-0.000122584,-0.000212739,0.0465961,
0.00159252,-4.44824e-06,-0.000842526,5.83788e-06,0.000522363,-0.000856769,4.10169e-05,-3.20611e-05,0.000626472,8.90507e-05,4.58455e-05,-0.00127713,-0.00163601,0.000321261,-0.000860231,-3.72932e-05,0.00454586,2.68337e-06,-0.00147794,-0.000193056,-1.88927e-05,-7.53206e-05,-3.3767e-05,0.000322982,0.000117915,-0.000579281,-0.00143251,0.000804209,0.000536822,-0.00105828,-0.00140378,2.2262e-05,0.026635,0.00172104,2.2103e-05,-0.000826974,-0.00109748,1.59018e-05,6.43855e-05,0.00167519,0.0259573,0.000207628,2.18395e-06,9.02467e-06,-4.14079e-05,-1.53849e-06,-0.000122171,-0.000212805,0.0465959,
0.00158978,-4.04933e-06,-0.00086231,5.77816e-06,0.000533312,-0.0008526,4.09918e-05,-3.34791e-05,0.000625954,9.43665e-05,4.57109e-05,-0.00127857,-0.00163716,0.000321513,-0.000880487,-3.57982e-05,0.00453874,2.67566e-06,-0.00145435,-0.00020293,-1.94356e-05,-7.99707e-05,-3.40996e-05,0.000332641,0.000117517,-0.000582979,-0.00142496,0.000804792,0.000546877,-0.00105825,-0.00137827,2.21888e-05,0.0266201,0.00172468,2.23472e-05,-0.000825972,-0.00110141,1.01831e-05,6.38277e-05,0.00167709,0.0259826,0.000205581,2.46823e-06,8.91793e-06,-4.21143e-05,-1.53854e-06,-0.000121976,-0.000212875,0.0465957,
0.00158689,-3.65632e-06,-0.000881498,5.72017e-06,0.000543692,-0.000848553,4.09734e-05,-3.48943e-05,0.000625476,9.95784e-05,4.55857e-05,-0.00128003,-0.00163836,0.000321815,-0.00090013,-3.43421e-05,0.00453147,2.66743e-06,-0.00143137,-0.000212395,-1.99776e-05,-8.45912e-05,-3.43994e-05,0.000342134,0.000117145,-0.000586746,-0.00141761,0.000805495,0.000556364,-0.00105821,-0.00135338,2.21274e-05,0.0266066,0.001728,2.2448e-05,-0.000825038,-0.0011053,4.74483e-06,6.32957e-05,0.00167874,0.0260076,0.00020365,2.75283e-06,8.8183e-06,-4.28141e-05,-1.53912e-06,-0.000121992,-0.000212948,0.0465956,
0.00158384,-3.27109e-06,-0.000899991,5.66422e-06,0.000553469,-0.000844652,4.09622e-05,-3.62945e-05,0.000625039,0.000104655,4.54708e-05,-0.0012815,-0.0016396,0.000322163,-0.000919061,-3.29312e-05,0.00452411,2.6588e-06,-0.00140913,-0.000221421,-2.05159e-05,-8.91469e-05,-3.4666e-05,0.000351397,0.000116803,-0.000590552,-0.0014105,0.000806315,0.000565257,-0.00105816,-0.00132927,2.20778e-05,0.0265947,0.00173101,2.24122e-05,-0.000824176,-0.00110914,-4.06886e-07,6.27917e-05,0.00168015,0.0260324,0.00020184,3.03642e-06,8.72595e-06,-4.3504e-05,-1.54023e-06,-0.000122208,-0.000213025,0.0465954,
0.00158067,-2.89509e-06,-0.000917713,5.6105e-06,0.000562623,-0.000840916,4.09586e-05,-3.76681e-05,0.000624643,0.00010957,4.53659e-05,-0.00128298,-0.00164088,0.000322557,-0.000937199,-3.15709e-05,0.00451675,2.64983e-06,-0.00138776,-0.000229988,-2.1048e-05,-9.36047e-05,-3.48999e-05,0.000360376,0.000116489,-0.000594373,-0.00140366,0.000807246,0.00057354,-0.0010581,-0.00130606,2.20394e-05,0.0265844,0.00173372,2.22468e-05,-0.000823386,-0.0011129,-5.27111e-06,6.23166e-05,0.00168132,0.0260568,0.000200158,3.31765e-06,8.64101e-06,-4.41807e-05,-1.54181e-06,-0.000122616,-0.000213107,0.0465953,
0.00157736,-2.52943e-06,-0.000934599,5.55916e-06,0.000571141,-0.000837366,4.09625e-05,-3.90042e-05,0.000624287,0.0001143,4.5271e-05,-0.00128444,-0.00164218,0.000322994,-0.000954478,-3.02652e-05,0.00450945,2.64061e-06,-0.00136735,-0.000238083,-2.15715e-05,-9.79345e-05,-3.51021e-05,0.000369027,0.000116203,-0.000598186,-0.00139712,0.000808284,0.000581207,-0.00105805,-0.00128385,2.20116e-05,0.0265756,0.00173613,2.19593e-05,-0.000822672,-0.00111657,-9.84949e-06,6.18712e-05,0.00168228,0.0260805,0.000198607,3.59524e-06,8.56352e-06,-4.48419e-05,-1.54385e-06,-0.000123202,-0.000213195,0.0465951,
0.00157394,-2.17484e-06,-0.000950601,5.51031e-06,0.000579025,-0.000834015,4.09743e-05,-4.02928e-05,0.00062397,0.000118829,4.5186e-05,-0.0012859,-0.00164349,0.000323472,-0.000970851,-2.90173e-05,0.00450228,2.63122e-06,-0.00134797,-0.000245703,-2.20847e-05,-0.00010211,-3.52728e-05,0.000377311,0.000115945,-0.000601973,-0.0013909,0.000809423,0.000588264,-0.00105799,-0.00126274,2.19937e-05,0.0265682,0.00173826,2.15572e-05,-0.000822035,-0.00112012,-1.41469e-05,6.14557e-05,0.00168303,0.0261037,0.00019719,3.86795e-06,8.49344e-06,-4.54856e-05,-1.5463e-06,-0.000123955,-0.000213289,0.0465949,
0.00157042,-1.83191e-06,-0.000965686,5.46399e-06,0.000586279,-0.000830877,4.09936e-05,-4.15254e-05,0.00062369,0.000123142,4.51101e-05,-0.00128735,-0.0016448,0.000323988,-0.00098628,-2.78297e-05,0.00449529,2.62173e-06,-0.00132969,-0.000252848,-2.25858e-05,-0.000106108,-3.54151e-05,0.000385202,0.000115713,-0.000605717,-0.00138503,0.000810658,0.000594721,-0.00105794,-0.00124278,2.19848e-05,0.0265622,0.00174014,2.1048e-05,-0.000821476,-0.00112354,-1.81694e-05,6.10695e-05,0.00168361,0.0261261,0.000195907,4.13465e-06,8.43071e-06,-4.611e-05,-1.54911e-06,-0.000124863,-0.000213389,0.0465948,
0.00156679,-1.50085e-06,-0.000979831,5.42026e-06,0.000592917,-0.000827962,4.10203e-05,-4.26945e-05,0.000623444,0.00012723,4.50431e-05,-0.00128878,-0.00164611,0.000324539,-0.00100074,-2.6704e-05,0.00448854,2.61223e-06,-0.00131254,-0.000259523,-2.30736e-05,-0.00010991,-3.55291e-05,0.000392679,0.000115506,-0.000609405,-0.00137952,0.000811981,0.000600595,-0.0010579,-0.00122402,2.19841e-05,0.0265576,0.00174177,2.04392e-05,-0.000820998,-0.00112682,-2.19239e-05,6.07125e-05,0.00168402,0.0261477,0.000194758,4.39429e-06,8.3752e-06,-4.67139e-05,-1.55224e-06,-0.000125914,-0.000213497,0.0465946,
0.00156309,-1.18183e-06,-0.000993022,5.37911e-06,0.000598957,-0.000825277,4.10541e-05,-4.37938e-05,0.000623232,0.000131085,4.49843e-05,-0.0012902,-0.00164741,0.000325125,-0.00101423,-2.56411e-05,0.00448208,2.60277e-06,-0.00129656,-0.000265736,-2.35467e-05,-0.000113501,-3.56173e-05,0.000399729,0.000115324,-0.000613026,-0.00137438,0.000813387,0.000605907,-0.00105787,-0.00120651,2.19907e-05,0.0265543,0.00174319,1.97384e-05,-0.0008206,-0.00112995,-2.54183e-05,6.03838e-05,0.00168429,0.0261684,0.00019374,4.64589e-06,8.32675e-06,-4.72964e-05,-1.55565e-06,-0.000127094,-0.000213612,0.0465945,
0.0015593,-8.74842e-07,-0.00100526,5.3405e-06,0.000604419,-0.000822826,4.10947e-05,-4.48181e-05,0.000623049,0.000134706,4.4933e-05,-0.0012916,-0.00164869,0.00032574,-0.00102673,-2.46416e-05,0.00447594,2.59342e-06,-0.00128176,-0.0002715,-2.40043e-05,-0.000116867,-3.5682e-05,0.000406344,0.000115162,-0.00061657,-0.00136961,0.000814869,0.000610682,-0.00105785,-0.00119024,2.20035e-05,0.0265522,0.00174442,1.89528e-05,-0.000820283,-0.00113292,-2.86603e-05,6.00822e-05,0.00168443,0.0261881,0.000192851,4.88861e-06,8.28516e-06,-4.78567e-05,-1.55928e-06,-0.000128392,-0.000213736,0.0465943,
0.00155546,-5.79739e-07,-0.00101654,5.30441e-06,0.000609328,-0.000820612,4.11416e-05,-4.57642e-05,0.000622894,0.00013809,4.48887e-05,-0.00129297,-0.00164994,0.000326384,-0.00103826,-2.37055e-05,0.00447016,2.58424e-06,-0.00126814,-0.000276828,-2.44455e-05,-0.000120001,-3.57248e-05,0.000412523,0.000115022,-0.000620031,-0.00136522,0.000816421,0.000614947,-0.00105784,-0.00117523,2.20218e-05,0.0265512,0.00174547,1.80897e-05,-0.000820049,-0.00113572,-3.16582e-05,5.9807e-05,0.00168446,0.0262069,0.000192088,5.12173e-06,8.2502e-06,-4.83944e-05,-1.56309e-06,-0.000129795,-0.000213868,0.0465942,
0.00155155,-2.96339e-07,-0.00102689,5.27077e-06,0.00061371,-0.000818635,4.11942e-05,-4.66292e-05,0.000622764,0.00014124,4.48507e-05,-0.00129433,-0.00165116,0.000327052,-0.00104883,-2.28322e-05,0.00446475,2.57528e-06,-0.00125569,-0.000281734,-2.48697e-05,-0.000122897,-3.57476e-05,0.000418269,0.000114899,-0.000623402,-0.00136121,0.000818034,0.000618729,-0.00105785,-0.00116146,2.20446e-05,0.0265512,0.00174636,1.7156e-05,-0.000819895,-0.00113835,-3.44201e-05,5.95566e-05,0.00168439,0.0262247,0.000191444,5.3446e-06,8.22164e-06,-4.89091e-05,-1.56705e-06,-0.00013129,-0.000214009,0.046594,
0.00154761,-2.43954e-08,-0.00103632,5.23951e-06,0.000617593,-0.000816894,4.12521e-05,-4.74117e-05,0.000622657,0.000144158,4.48181e-05,-0.00129567,-0.00165235,0.000327743,-0.00105846,-2.20213e-05,0.00445974,2.56657e-06,-0.00124438,-0.000286235,-2.52762e-05,-0.000125553,-3.57528e-05,0.000423586,0.000114793,-0.000626678,-0.00135757,0.000819701,0.000622057,-0.00105787,-0.00114893,2.20711e-05,0.0265522,0.00174711,1.61587e-05,-0.000819821,-0.0011408,-3.6954e-05,5.93298e-05,0.00168424,0.0262415,0.000190917,5.55671e-06,8.19918e-06,-4.94007e-05,-1.57109e-06,-0.000132868,-0.00021416,0.0465939,
0.00154363,2.36379e-07,-0.00104485,5.21054e-06,0.000621004,-0.000815383,4.13147e-05,-4.81113e-05,0.000622569,0.000146848,4.47906e-05,-0.00129698,-0.00165351,0.000328452,-0.00106717,-2.12715e-05,0.00445514,2.55817e-06,-0.00123421,-0.000290346,-2.56649e-05,-0.000127968,-3.57423e-05,0.000428485,0.000114701,-0.000629853,-0.0013543,0.000821415,0.00062496,-0.00105791,-0.0011376,2.21005e-05,0.0265541,0.00174775,1.51043e-05,-0.000819826,-0.00114308,-3.92681e-05,5.91255e-05,0.00168403,0.0262572,0.000190499,5.75767e-06,8.18255e-06,-4.98692e-05,-1.57519e-06,-0.000134515,-0.000214321,0.0465938,
0.00155262,6.34412e-05,-0.0010686,0.000157055,0.000682921,-0.000672221,1.99005e-06,6.34412e-05,0.00116618,1.03882e-05,0.00135633,-0.00078919,-0.000429352,-1.10086e-05,-0.0010686,1.03882e-05,0.00444305,7.72609e-05,-0.00119613,-0.000224289,-4.54133e-05,0.000157055,0.00135633,7.7261e-05,0.00347276,0.000670541,0.00178579,-4.78487e-05,0.000682921,-0.00078919,-0.00119613,0.000670541,0.0268084,0.00235403,-0.000154182,-0.000672221,-0.000429352,-0.000224289,0.00178579,0.00235403,0.0278852,-0.000257716,1.99005e-06,-1.10086e-05,-4.54133e-05,-4.78487e-05,-0.000154181,-0.000257716,0.0466056,
0.00154652,6.35788e-05,-0.00107083,0.000156575,0.000682871,-0.00067393,2.04834e-06,6.35789e-05,0.00116629,1.06943e-05,0.00135658,-0.000788839,-0.00043136,-1.10143e-05,-0.00107083,1.06943e-05,0.004442,7.70753e-05,-0.00119408,-0.000226217,-4.58236e-05,0.000156575,0.00135658,7.70753e-05,0.00347306,0.000672092,0.00178448,-4.8032e-05,0.000682871,-0.000788839,-0.00119408,0.000672092,0.0268241,0.002356,-0.000157993,-0.00067393,-0.00043136,-0.000226217,0.00178448,0.002356,0.0278943,-0.000258101,2.04833e-06,-1.10143e-05,-4.58236e-05,-4.8032e-05,-0.000157993,-0.000258101,0.0466056,
0.00154056,6.37025e-05,-0.00107203,0.000156191,0.000682718,-0.000675439,2.10812e-06,6.37025e-05,0.00116636,1.09194e-05,0.00135675,-0.000788597,-0.000432821,-1.10185e-05,-0.00107203,1.09194e-05,0.00444151,7.6912e-05,-0.00119331,-0.000227591,-4.61602e-05,0.000156191,0.00135675,7.6912e-05,0.00347326,0.000673455,0.00178348,-4.8187e-05,0.000682718,-0.000788597,-0.00119331,0.000673455,0.0268379,0.00235749,-0.000161176,-0.000675439,-0.000432821,-0.000227591,0.00178348,0.00235749,0.0279016,-0.000258476,2.10812e-06,-1.10185e-05,-4.61602e-05,-4.8187e-05,-0.000161176,-0.000258476,0.0466055,
0.00153504,6.38016e-05,-0.00107295,0.000155854,0.000682662,-0.000676678,2.17431e-06,6.38016e-05,0.00116643,1.11074e-05,0.0013569,-0.000788407,-0.000434013,-1.10272e-05,-0.00107295,1.11074e-05,0.00444115,7.67676e-05,-0.00119285,-0.000228753,-4.64407e-05,0.000155854,0.0013569,7.67676e-05,0.00347344,0.000674689,0.00178251,-4.83212e-05,0.000682662,-0.000788407,-0.00119285,0.000674689,0.0268494,0.00235859,-0.000163789,-0.000676678,-0.000434013,-0.000228753,0.00178251,0.00235859,0.0279075,-0.000258828,2.17432e-06,-1.10271e-05,-4.64407e-05,-4.83211e-05,-0.000163789,-0.000258828,0.0466055,
0.00152999,6.38826e-05,-0.00107376,0.000155547,0.000682652,-0.00067774,2.24324e-06,6.38826e-05,0.00116648,1.12716e-05,0.00135703,-0.000788245,-0.00043504,-1.10383e-05,-0.00107376,1.12716e-05,0.00444084,7.66378e-05,-0.0011925,-0.000229799,-4.66846e-05,0.000155547,0.00135703,7.66378e-05,0.0034736,0.000675824,0.00178156,-4.8441e-05,0.000682652,-0.000788245,-0.0011925,0.000675824,0.0268594,0.00235947,-0.000166042,-0.00067774,-0.00043504,-0.000229799,0.00178156,0.00235947,0.0279125,-0.000259167,2.24324e-06,-1.10383e-05,-4.66846e-05,-4.84411e-05,-0.000166042,-0.000259167,0.0466054,
0.00152537,6.39507e-05,-0.0010745,0.000155261,0.00068265,-0.000678684,2.31243e-06,6.39507e-05,0.00116654,1.14181e-05,0.00135715,-0.000788101,-0.000435954,-1.10504e-05,-0.0010745,1.14181e-05,0.00444055,7.65195e-05,-0.00119221,-0.000230762,-4.6903e-05,0.000155261,0.00135715,7.65195e-05,0.00347375,0.000676877,0.00178065,-4.85501e-05,0.00068265,-0.000788101,-0.00119221,0.000676878,0.0268682,0.00236021,-0.000168062,-0.000678684,-0.000435954,-0.000230762,0.00178065,0.00236021,0.0279169,-0.000259499,2.31243e-06,-1.10504e-05,-4.6903e-05,-4.85501e-05,-0.000168062,-0.000259499,0.0466053,
0.00152115,6.40089e-05,-0.00107517,0.000154994,0.000682643,-0.000679539,2.38072e-06,6.40089e-05,0.00116659,1.155e-05,0.00135727,-0.000787969,-0.000436781,-1.10625e-05,-0.00107517,1.155e-05,0.00444028,7.64108e-05,-0.00119194,-0.000231655,-4.71021e-05,0.000154994,0.00135727,7.64108e-05,0.00347389,0.000677856,0.00177978,-4.86499e-05,0.000682643,-0.000787969,-0.00119194,0.000677856,0.0268762,0.00236087,-0.000169917,-0.000679539,-0.000436781,-0.000231655,0.00177978,0.00236087,0.0279208,-0.000259829,2.38072e-06,-1.10625e-05,-4.71021e-05,-4.86499e-05,-0.000169917,-0.000259829,0.0466053,
0.00151728,6.40592e-05,-0.00107579,0.000154742,0.000682627,-0.000680322,2.44763e-06,6.40592e-05,0.00116663,1.16696e-05,0.00135737,-0.000787846,-0.000437537,-1.1074e-05,-0.00107579,1.16696e-05,0.00444002,7.63106e-05,-0.0011917,-0.000232487,-4.72858e-05,0.000154742,0.00135737,7.63106e-05,0.00347402,0.000678766,0.00177897,-4.87417e-05,0.000682627,-0.000787846,-0.0011917,0.000678766,0.0268835,0.00236146,-0.000171647,-0.000680322,-0.000437537,-0.000232487,0.00177897,0.00236146,0.0279243,-0.000260159,2.44763e-06,-1.1074e-05,-4.72858e-05,-4.87417e-05,-0.000171647,-0.000260159,0.0466052,
0.00151373,6.4103e-05,-0.00107638,0.000154506,0.000682602,-0.000681042,2.51299e-06,6.4103e-05,0.00116667,1.17786e-05,0.00135746,-0.00078773,-0.000438231,-1.10847e-05,-0.00107638,1.17786e-05,0.00443978,7.62177e-05,-0.00119146,-0.000233263,-4.74563e-05,0.000154506,0.00135746,7.62177e-05,0.00347414,0.000679612,0.0017782,-4.88262e-05,0.000682602,-0.00078773,-0.00119146,0.000679612,0.0268902,0.00236201,-0.000173274,-0.000681042,-0.000438231,-0.000233263,0.0017782,0.00236201,0.0279276,-0.000260491,2.51299e-06,-1.10847e-05,-4.74563e-05,-4.88262e-05,-0.000173274,-0.000260491,0.0466051,
0.00151047,6.41412e-05,-0.00107692,0.000154283,0.000682569,-0.000681706,2.57682e-06,6.41412e-05,0.00116671,1.18781e-05,0.00135755,-0.000787621,-0.000438873,-1.10947e-05,-0.00107692,1.18781e-05,0.00443955,7.61316e-05,-0.00119124,-0.000233989,-4.76154e-05,0.000154283,0.00135755,7.61316e-05,0.00347425,0.000680399,0.00177748,-4.89041e-05,0.000682569,-0.000787621,-0.00119124,0.000680399,0.0268964,0.00236251,-0.000174813,-0.000681706,-0.000438873,-0.000233989,0.00177748,0.00236251,0.0279306,-0.000260824,2.57682e-06,-1.10947e-05,-4.76154e-05,-4.89041e-05,-0.000174813,-0.000260824,0.046605,
0.00150747,6.41747e-05,-0.00107743,0.000154073,0.000682529,-0.000682321,2.63916e-06,6.41747e-05,0.00116674,1.19694e-05,0.00135764,-0.000787517,-0.000439468,-1.11038e-05,-0.00107743,1.19694e-05,0.00443934,7.60514e-05,-0.00119102,-0.000234669,-4.77644e-05,0.000154073,0.00135764,7.60514e-05,0.00347435,0.000681132,0.00177681,-4.8976e-05,0.000682529,-0.000787517,-0.00119102,0.000681132,0.0269021,0.00236297,-0.000176277,-0.000682321,-0.000439468,-0.000234669,0.00177681,0.00236297,0.0279334,-0.000261159,2.63916e-06,-1.11038e-05,-4.77644e-05,-4.8976e-05,-0.000176276,-0.000261159,0.046605,
0.00150471,6.42042e-05,-0.00107791,0.000153874,0.000682485,-0.00068289,2.70013e-06,6.42042e-05,0.00116678,1.20533e-05,0.00135771,-0.000787419,-0.000440022,-1.11121e-05,-0.00107791,1.20533e-05,0.00443913,7.59768e-05,-0.00119081,-0.000235306,-4.79044e-05,0.000153874,0.00135771,7.59768e-05,0.00347444,0.000681815,0.00177618,-4.90424e-05,0.000682485,-0.000787419,-0.00119081,0.000681815,0.0269074,0.0023634,-0.000177673,-0.00068289,-0.000440022,-0.000235306,0.00177618,0.0023634,0.027936,-0.000261497,2.70013e-06,-1.11121e-05,-4.79044e-05,-4.90424e-05,-0.000177673,-0.000261497,0.0466049,
0.00150216,6.423e-05,-0.00107837,0.000153687,0.000682436,-0.000683419,2.75981e-06,6.42301e-05,0.00116681,1.21306e-05,0.00135778,-0.000787325,-0.000440537,-1.11196e-05,-0.00107837,1.21306e-05,0.00443893,7.59071e-05,-0.00119061,-0.000235905,-4.80363e-05,0.000153687,0.00135778,7.59071e-05,0.00347453,0.000682454,0.00177559,-4.91037e-05,0.000682436,-0.000787325,-0.00119061,0.000682454,0.0269124,0.0023638,-0.00017901,-0.000683419,-0.000440537,-0.000235905,0.00177559,0.0023638,0.0279384,-0.000261838,2.75981e-06,-1.11196e-05,-4.80363e-05,-4.91037e-05,-0.00017901,-0.000261838,0.0466048,
0.00149981,6.42528e-05,-0.0010788,0.00015351,0.000682385,-0.000683911,2.81833e-06,6.42528e-05,0.00116684,1.22019e-05,0.00135785,-0.000787236,-0.000441019,-1.11264e-05,-0.0010788,1.22019e-05,0.00443874,7.5842e-05,-0.00119041,-0.000236469,-4.8161e-05,0.00015351,0.00135785,7.5842e-05,0.00347461,0.00068305,0.00177503,-4.91605e-05,0.000682385,-0.000787236,-0.00119041,0.00068305,0.026917,0.00236418,-0.000180295,-0.000683911,-0.000441019,-0.000236469,0.00177503,0.00236418,0.0279407,-0.000262181,2.81833e-06,-1.11264e-05,-4.8161e-05,-4.91605e-05,-0.000180295,-0.000262181,0.0466047,
0.00149763,6.42729e-05,-0.0010792,0.000153342,0.000682331,-0.000684371,2.87577e-06,6.42729e-05,0.00116687,1.2268e-05,0.00135791,-0.000787151,-0.000441471,-1.11326e-05,-0.0010792,1.2268e-05,0.00443856,7.5781e-05,-0.00119021,-0.000237001,-4.82791e-05,0.000153342,0.00135791,7.5781e-05,0.00347469,0.000683609,0.0017745,-4.92132e-05,0.000682331,-0.000787151,-0.00119021,0.000683609,0.0269213,0.00236453,-0.000181531,-0.000684371,-0.000441471,-0.000237001,0.0017745,0.00236453,0.0279429,-0.000262526,2.87577e-06,-1.11326e-05,-4.82791e-05,-4.92132e-05,-0.000181531,-0.000262526,0.0466046,
0.0014956,6.42906e-05,-0.00107959,0.000153182,0.000682274,-0.0006848,2.93223e-06,6.42906e-05,0.00116689,1.23293e-05,0.00135797,-0.00078707,-0.000441894,-1.11381e-05,-0.00107959,1.23293e-05,0.00443838,7.57238e-05,-0.00119002,-0.000237503,-4.83914e-05,0.000153182,0.00135797,7.57238e-05,0.00347476,0.000684134,0.00177401,-4.92621e-05,0.000682274,-0.00078707,-0.00119002,0.000684134,0.0269253,0.00236486,-0.000182726,-0.0006848,-0.000441894,-0.000237503,0.00177401,0.00236486,0.0279449,-0.000262874,2.93223e-06,-1.11381e-05,-4.83914e-05,-4.92621e-05,-0.000182726,-0.000262874,0.0466045,
0.00149372,6.43063e-05,-0.00107996,0.000153031,0.000682217,-0.000685203,2.98782e-06,6.43063e-05,0.00116692,1.23863e-05,0.00135803,-0.000786992,-0.000442293,-1.11431e-05,-0.00107996,1.23863e-05,0.00443821,7.567e-05,-0.00118983,-0.000237978,-4.84983e-05,0.000153031,0.00135803,7.567e-05,0.00347483,0.000684627,0.00177354,-4.93076e-05,0.000682217,-0.000786992,-0.00118983,0.000684627,0.0269291,0.00236517,-0.000183882,-0.000685203,-0.000442293,-0.000237978,0.00177354,0.00236517,0.0279468,-0.000263224,2.98782e-06,-1.11431e-05,-4.84983e-05,-4.93076e-05,-0.000183882,-0.000263224,0.0466044,
0.00149197,6.432e-05,-0.00108032,0.000152886,0.000682158,-0.000685582,3.0426e-06,6.432e-05,0.00116694,1.24394e-05,0.00135808,-0.000786918,-0.000442669,-1.11476e-05,-0.00108032,1.24394e-05,0.00443804,7.56193e-05,-0.00118965,-0.00023843,-4.86004e-05,0.000152886,0.00135808,7.56193e-05,0.00347489,0.000685092,0.0017731,-4.93499e-05,0.000682158,-0.000786918,-0.00118965,0.000685092,0.0269327,0.00236546,-0.000185004,-0.000685582,-0.000442669,-0.00023843,0.0017731,0.00236546,0.0279485,-0.000263577,3.0426e-06,-1.11476e-05,-4.86004e-05,-4.93499e-05,-0.000185004,-0.000263577,0.0466043,
0.00149033,6.43321e-05,-0.00108066,0.000152748,0.000682099,-0.000685938,3.09666e-06,6.43321e-05,0.00116696,1.2489e-05,0.00135813,-0.000786847,-0.000443025,-1.11516e-05,-0.00108066,1.2489e-05,0.00443788,7.55714e-05,-0.00118946,-0.000238859,-4.86982e-05,0.000152748,0.00135813,7.55714e-05,0.00347495,0.00068553,0.00177268,-4.93895e-05,0.000682099,-0.000786847,-0.00118946,0.00068553,0.026936,0.00236574,-0.000186095,-0.000685938,-0.000443025,-0.000238859,0.00177268,0.00236574,0.0279502,-0.000263932,3.09666e-06,-1.11516e-05,-4.86982e-05,-4.93895e-05,-0.000186095,-0.000263932,0.0466042,
0.0014888,6.43428e-05,-0.00108098,0.000152617,0.000682039,-0.000686275,3.15006e-06,6.43428e-05,0.00116698,1.25355e-05,0.00135818,-0.000786778,-0.000443363,-1.11551e-05,-0.00108098,1.25355e-05,0.00443773,7.55261e-05,-0.00118928,-0.000239268,-4.8792e-05,0.000152617,0.00135818,7.55261e-05,0.00347501,0.000685946,0.00177227,-4.94264e-05,0.000682039,-0.000786778,-0.00118928,0.000685946,0.0269392,0.002366,-0.000187159,-0.000686275,-0.000443363,-0.000239268,0.00177227,0.002366,0.0279519,-0.000264289,3.15006e-06,-1.11551e-05,-4.8792e-05,-4.94264e-05,-0.000187159,-0.000264289,0.046604,
0.00148737,6.43521e-05,-0.0010813,0.00015249,0.000681978,-0.000686593,3.20288e-06,6.43521e-05,0.001167,1.2579e-05,0.00135822,-0.000786712,-0.000443683,-1.11583e-05,-0.0010813,1.2579e-05,0.00443758,7.54832e-05,-0.0011891,-0.000239658,-4.88823e-05,0.00015249,0.00135822,7.54832e-05,0.00347506,0.00068634,0.00177189,-4.9461e-05,0.000681978,-0.000786712,-0.0011891,0.00068634,0.0269422,0.00236625,-0.000188197,-0.000686593,-0.000443683,-0.000239658,0.00177189,0.00236625,0.0279534,-0.000264649,3.20288e-06,-1.11583e-05,-4.88823e-05,-4.9461e-05,-0.000188197,-0.000264649,0.0466039,
0.00148602,6.43603e-05,-0.0010816,0.000152369,0.000681917,-0.000686895,3.25518e-06,6.43603e-05,0.00116702,1.262e-05,0.00135827,-0.000786649,-0.000443989,-1.11611e-05,-0.0010816,1.262e-05,0.00443743,7.54423e-05,-0.00118892,-0.000240032,-4.89693e-05,0.000152369,0.00135827,7.54423e-05,0.00347511,0.000686714,0.00177153,-4.94935e-05,0.000681917,-0.000786649,-0.00118892,0.000686714,0.0269451,0.00236649,-0.000189214,-0.000686895,-0.000443989,-0.000240032,0.00177153,0.00236649,0.0279549,-0.00026501,3.25518e-06,-1.11611e-05,-4.89693e-05,-4.94935e-05,-0.000189214,-0.00026501,0.0466038,
0.00148475,6.43674e-05,-0.0010819,0.000152252,0.000681857,-0.000687183,3.307e-06,6.43674e-05,0.00116704,1.26587e-05,0.00135831,-0.000786587,-0.00044428,-1.11635e-05,-0.0010819,1.26587e-05,0.00443729,7.54034e-05,-0.00118875,-0.000240391,-4.90535e-05,0.000152252,0.00135831,7.54034e-05,0.00347516,0.000687071,0.00177118,-4.9524e-05,0.000681857,-0.000786587,-0.00118875,0.000687071,0.0269478,0.00236672,-0.00019021,-0.000687183,-0.00044428,-0.000240391,0.00177118,0.00236672,0.0279563,-0.000265374,3.307e-06,-1.11635e-05,-4.90535e-05,-4.9524e-05,-0.00019021,-0.000265374,0.0466037,
0.00148355,6.43735e-05,-0.00108218,0.00015214,0.000681795,-0.000687457,3.35839e-06,6.43735e-05,0.00116706,1.26952e-05,0.00135835,-0.000786528,-0.00044456,-1.11657e-05,-0.00108218,1.26952e-05,0.00443715,7.53662e-05,-0.00118857,-0.000240736,-4.9135e-05,0.00015214,0.00135835,7.53662e-05,0.0034752,0.000687411,0.00177084,-4.95528e-05,0.000681795,-0.000786528,-0.00118857,0.000687411,0.0269504,0.00236694,-0.000191188,-0.000687457,-0.00044456,-0.000240736,0.00177084,0.00236694,0.0279576,-0.000265739,3.35839e-06,-1.11657e-05,-4.9135e-05,-4.95528e-05,-0.000191188,-0.000265739,0.0466036,
0.00148241,6.43789e-05,-0.00108246,0.000152031,0.000681734,-0.000687719,3.40941e-06,6.43789e-05,0.00116707,1.27298e-05,0.00135838,-0.00078647,-0.000444828,-1.11675e-05,-0.00108246,1.27298e-05,0.00443702,7.53307e-05,-0.0011884,-0.000241069,-4.92141e-05,0.000152031,0.00135838,7.53307e-05,0.00347525,0.000687737,0.00177052,-4.958e-05,0.000681734,-0.00078647,-0.0011884,0.000687737,0.0269529,0.00236715,-0.00019215,-0.000687719,-0.000444828,-0.000241069,0.00177052,0.00236715,0.0279589,-0.000266106,3.40941e-06,-1.11675e-05,-4.92141e-05,-4.958e-05,-0.00019215,-0.000266106,0.0466035,
0.00148134,6.43834e-05,-0.00108273,0.000151925,0.000681673,-0.00068797,3.46009e-06,6.43834e-05,0.00116709,1.27626e-05,0.00135842,-0.000786414,-0.000445085,-1.11691e-05,-0.00108273,1.27626e-05,0.00443688,7.52965e-05,-0.00118823,-0.00024139,-4.92911e-05,0.000151925,0.00135842,7.52965e-05,0.00347529,0.00068805,0.00177021,-4.96057e-05,0.000681673,-0.000786414,-0.00118823,0.00068805,0.0269553,0.00236735,-0.000193097,-0.00068797,-0.000445085,-0.00024139,0.00177021,0.00236735,0.0279602,-0.000266475,3.46009e-06,-1.11691e-05,-4.92911e-05,-4.96057e-05,-0.000193097,-0.000266475,0.0466033,
0.00148031,6.43873e-05,-0.00108299,0.000151823,0.000681612,-0.000688211,3.51046e-06,6.43873e-05,0.0011671,1.27939e-05,0.00135845,-0.000786359,-0.000445334,-1.11705e-05,-0.00108299,1.27939e-05,0.00443675,7.52637e-05,-0.00118805,-0.000241701,-4.93661e-05,0.000151823,0.00135845,7.52637e-05,0.00347533,0.000688351,0.00176991,-4.96301e-05,0.000681612,-0.000786359,-0.00118805,0.000688351,0.0269576,0.00236755,-0.00019403,-0.000688211,-0.000445334,-0.000241701,0.00176991,0.00236755,0.0279614,-0.000266845,3.51046e-06,-1.11705e-05,-4.93661e-05,-4.96301e-05,-0.00019403,-0.000266845,0.0466032,
0.00147934,6.43905e-05,-0.00108325,0.000151724,0.000681551,-0.000688443,3.56057e-06,6.43905e-05,0.00116712,1.28237e-05,0.00135849,-0.000786306,-0.000445574,-1.11717e-05,-0.00108325,1.28237e-05,0.00443662,7.5232e-05,-0.00118788,-0.000242002,-4.94394e-05,0.000151724,0.00135849,7.5232e-05,0.00347537,0.00068864,0.00176962,-4.96533e-05,0.000681551,-0.000786306,-0.00118788,0.00068864,0.0269598,0.00236773,-0.000194952,-0.000688443,-0.000445574,-0.000242002,0.00176962,0.00236773,0.0279625,-0.000267217,3.56057e-06,-1.11717e-05,-4.94394e-05,-4.96533e-05,-0.000194952,-0.000267217,0.0466031,
0.00147841,6.43932e-05,-0.00108351,0.000151627,0.00068149,-0.000688667,3.61044e-06,6.43932e-05,0.00116713,1.28522e-05,0.00135852,-0.000786254,-0.000445807,-1.11727e-05,-0.00108351,1.28522e-05,0.00443649,7.52015e-05,-0.00118771,-0.000242295,-4.9511e-05,0.000151627,0.00135852,7.52015e-05,0.00347541,0.00068892,0.00176934,-4.96754e-05,0.00068149,-0.000786254,-0.00118771,0.00068892,0.0269619,0.00236792,-0.000195864,-0.000688667,-0.000445807,-0.000242295,0.00176934,0.00236792,0.0279637,-0.000267591,3.61044e-06,-1.11727e-05,-4.9511e-05,-4.96754e-05,-0.000195864,-0.000267591,0.046603,
0.00147751,6.43954e-05,-0.00108375,0.000151532,0.00068143,-0.000688883,3.6601e-06,6.43954e-05,0.00116715,1.28795e-05,0.00135855,-0.000786203,-0.000446033,-1.11735e-05,-0.00108375,1.28795e-05,0.00443637,7.51719e-05,-0.00118755,-0.00024258,-4.95813e-05,0.000151532,0.00135855,7.51719e-05,0.00347545,0.000689191,0.00176906,-4.96965e-05,0.00068143,-0.000786203,-0.00118755,0.000689191,0.026964,0.0023681,-0.000196766,-0.000688883,-0.000446033,-0.00024258,0.00176906,0.0023681,0.0279648,-0.000267965,3.6601e-06,-1.11735e-05,-4.95813e-05,-4.96966e-05,-0.000196766,-0.000267965,0.0466028,
0.00147666,6.43971e-05,-0.001084,0.00015144,0.000681369,-0.000689093,3.70957e-06,6.43971e-05,0.00116716,1.29058e-05,0.00135858,-0.000786153,-0.000446252,-1.11742e-05,-0.001084,1.29058e-05,0.00443625,7.51431e-05,-0.00118738,-0.000242858,-4.96502e-05,0.00015144,0.00135858,7.51431e-05,0.00347548,0.000689454,0.00176879,-4.97168e-05,0.000681369,-0.000786153,-0.00118738,0.000689454,0.026966,0.00236827,-0.000197659,-0.000689093,-0.000446252,-0.000242858,0.00176879,0.00236827,0.0279659,-0.000268341,3.70957e-06,-1.11742e-05,-4.96502e-05,-4.97168e-05,-0.000197659,-0.000268341,0.0466027,
0.00147583,6.43984e-05,-0.00108424,0.000151349,0.000681308,-0.000689296,3.75888e-06,6.43984e-05,0.00116718,1.2931e-05,0.00135861,-0.000786104,-0.000446466,-1.11747e-05,-0.00108424,1.2931e-05,0.00443612,7.51152e-05,-0.00118721,-0.00024313,-4.97179e-05,0.000151349,0.00135861,7.51152e-05,0.00347552,0.000689709,0.00176853,-4.97362e-05,0.000681308,-0.000786104,-0.00118721,0.000689709,0.0269679,0.00236844,-0.000198545,-0.000689296,-0.000446466,-0.00024313,0.00176853,0.00236844,0.0279669,-0.000268718,3.75888e-06,-1.11747e-05,-4.97179e-05,-4.97362e-05,-0.000198545,-0.000268718,0.0466026,
0.00147503,6.43994e-05,-0.00108447,0.00015126,0.000681247,-0.000689495,3.80804e-06,6.43994e-05,0.00116719,1.29554e-05,0.00135864,-0.000786055,-0.000446675,-1.11751e-05,-0.00108447,1.29554e-05,0.004436,7.5088e-05,-0.00118704,-0.000243396,-4.97846e-05,0.00015126,0.00135864,7.5088e-05,0.00347555,0.000689958,0.00176828,-4.97548e-05,0.000681247,-0.000786055,-0.00118704,0.000689958,0.0269698,0.0023686,-0.000199423,-0.000689495,-0.000446675,-0.000243396,0.00176828,0.0023686,0.0279679,-0.000269096,3.80804e-06,-1.11751e-05,-4.97846e-05,-4.97548e-05,-0.000199423,-0.000269096,0.0466024,
0.00147427,6.43999e-05,-0.0010847,0.000151173,0.000681187,-0.000689688,3.85708e-06,6.44e-05,0.0011672,1.2979e-05,0.00135867,-0.000786008,-0.000446879,-1.11754e-05,-0.0010847,1.2979e-05,0.00443588,7.50614e-05,-0.00118687,-0.000243657,-4.98504e-05,0.000151173,0.00135867,7.50614e-05,0.00347558,0.0006902,0.00176803,-4.97728e-05,0.000681187,-0.000786008,-0.00118687,0.0006902,0.0269717,0.00236877,-0.000200296,-0.000689688,-0.000446879,-0.000243657,0.00176803,0.00236877,0.0279689,-0.000269476,3.85708e-06,-1.11754e-05,-4.98504e-05,-4.97728e-05,-0.000200296,-0.000269476,0.0466023,
0.00147352,6.44002e-05,-0.00108493,0.000151087,0.000681126,-0.000689876,3.90601e-06,6.44002e-05,0.00116722,1.30019e-05,0.0013587,-0.000785961,-0.000447079,-1.11755e-05,-0.00108493,1.30019e-05,0.00443577,7.50355e-05,-0.00118671,-0.000243913,-4.99153e-05,0.000151087,0.0013587,7.50355e-05,0.00347562,0.000690437,0.00176779,-4.97902e-05,0.000681126,-0.000785961,-0.00118671,0.000690437,0.0269735,0.00236892,-0.000201163,-0.000689876,-0.000447079,-0.000243913,0.00176779,0.00236892,0.0279699,-0.000269856,3.90601e-06,-1.11755e-05,-4.99153e-05,-4.97902e-05,-0.000201163,-0.000269856,0.0466022,
0.0014728,6.44002e-05,-0.00108516,0.000151002,0.000681065,-0.000690061,3.95484e-06,6.44002e-05,0.00116723,1.30242e-05,0.00135873,-0.000785914,-0.000447275,-1.11756e-05,-0.00108516,1.30242e-05,0.00443565,7.501e-05,-0.00118654,-0.000244165,-4.99794e-05,0.000151002,0.00135873,7.501e-05,0.00347565,0.000690669,0.00176755,-4.9807e-05,0.000681065,-0.000785914,-0.00118654,0.000690669,0.0269752,0.00236908,-0.000202025,-0.000690061,-0.000447275,-0.000244165,0.00176755,0.00236908,0.0279709,-0.000270237,3.95484e-06,-1.11756e-05,-4.99794e-05,-4.9807e-05,-0.000202025,-0.000270237,0.046602,
0.00147209,6.44e-05,-0.00108539,0.000150919,0.000681005,-0.000690242,4.00359e-06,6.44e-05,0.00116724,1.30458e-05,0.00135875,-0.000785869,-0.000447468,-1.11756e-05,-0.00108539,1.30458e-05,0.00443553,7.4985e-05,-0.00118638,-0.000244413,-5.00428e-05,0.000150919,0.00135875,7.4985e-05,0.00347568,0.000690897,0.00176731,-4.98233e-05,0.000681005,-0.000785869,-0.00118638,0.000690897,0.026977,0.00236923,-0.000202883,-0.000690242,-0.000447468,-0.000244413,0.00176731,0.00236923,0.0279719,-0.000270619,4.00359e-06,-1.11756e-05,-5.00428e-05,-4.98233e-05,-0.000202883,-0.000270619,0.0466019,
0.00147141,6.43995e-05,-0.00108561,0.000150837,0.000680944,-0.000690419,4.05227e-06,6.43995e-05,0.00116725,1.30669e-05,0.00135878,-0.000785823,-0.000447658,-1.11755e-05,-0.00108561,1.30669e-05,0.00443542,7.49605e-05,-0.00118621,-0.000244658,-5.01055e-05,0.000150837,0.00135878,7.49605e-05,0.00347571,0.00069112,0.00176708,-4.98392e-05,0.000680944,-0.000785823,-0.00118621,0.00069112,0.0269787,0.00236938,-0.000203737,-0.000690419,-0.000447658,-0.000244658,0.00176708,0.00236938,0.0279728,-0.000271001,4.05227e-06,-1.11755e-05,-5.01055e-05,-4.98392e-05,-0.000203737,-0.000271001,0.0466018,
0.00147074,6.43988e-05,-0.00108583,0.000150755,0.000680884,-0.000690593,4.10089e-06,6.43988e-05,0.00116726,1.30875e-05,0.00135881,-0.000785778,-0.000447845,-1.11753e-05,-0.00108583,1.30875e-05,0.0044353,7.49363e-05,-0.00118605,-0.000244899,-5.01677e-05,0.000150755,0.00135881,7.49363e-05,0.00347574,0.00069134,0.00176685,-4.98546e-05,0.000680884,-0.000785778,-0.00118605,0.00069134,0.0269803,0.00236953,-0.000204587,-0.000690593,-0.000447845,-0.000244899,0.00176685,0.00236953,0.0279737,-0.000271385,4.10089e-06,-1.11753e-05,-5.01677e-05,-4.98546e-05,-0.000204587,-0.000271385,0.0466016,
0.00147008,6.43979e-05,-0.00108605,0.000150674,0.000680823,-0.000690765,4.14946e-06,6.43979e-05,0.00116728,1.31077e-05,0.00135883,-0.000785733,-0.00044803,-1.11751e-05,-0.00108605,1.31077e-05,0.00443519,7.49125e-05,-0.00118588,-0.000245138,-5.02294e-05,0.000150674,0.00135883,7.49125e-05,0.00347577,0.000691556,0.00176662,-4.98697e-05,0.000680823,-0.000785733,-0.00118588,0.000691556,0.026982,0.00236968,-0.000205434,-0.000690765,-0.00044803,-0.000245138,0.00176662,0.00236968,0.0279746,-0.000271769,4.14946e-06,-1.11751e-05,-5.02294e-05,-4.98697e-05,-0.000205434,-0.000271769,0.0466015,
0.00146944,6.43969e-05,-0.00108626,0.000150595,0.000680762,-0.000690934,4.19799e-06,6.43969e-05,0.00116729,1.31275e-05,0.00135886,-0.000785689,-0.000448212,-1.11749e-05,-0.00108626,1.31275e-05,0.00443507,7.4889e-05,-0.00118572,-0.000245374,-5.02907e-05,0.000150595,0.00135886,7.4889e-05,0.0034758,0.00069177,0.0017664,-4.98845e-05,0.000680762,-0.000785689,-0.00118572,0.00069177,0.0269836,0.00236983,-0.000206279,-0.000690934,-0.000448212,-0.000245374,0.0017664,0.00236983,0.0279756,-0.000272154,4.19799e-06,-1.11749e-05,-5.02907e-05,-4.98845e-05,-0.000206279,-0.000272154,0.0466014,
0.00146881,6.43957e-05,-0.00108648,0.000150515,0.000680701,-0.000691101,4.24648e-06,6.43957e-05,0.0011673,1.31469e-05,0.00135888,-0.000785645,-0.000448393,-1.11745e-05,-0.00108648,1.31469e-05,0.00443496,7.48658e-05,-0.00118555,-0.000245608,-5.03515e-05,0.000150515,0.00135888,7.48658e-05,0.00347583,0.00069198,0.00176618,-4.98989e-05,0.000680701,-0.000785645,-0.00118555,0.00069198,0.0269852,0.00236997,-0.000207121,-0.000691101,-0.000448393,-0.000245608,0.00176618,0.00236997,0.0279765,-0.000272539,4.24648e-06,-1.11745e-05,-5.03515e-05,-4.98989e-05,-0.000207121,-0.000272539,0.0466012,
0.00146819,6.43943e-05,-0.00108669,0.000150437,0.00068064,-0.000691266,4.29494e-06,6.43943e-05,0.00116731,1.3166e-05,0.00135891,-0.000785601,-0.000448571,-1.11742e-05,-0.00108669,1.3166e-05,0.00443485,7.48428e-05,-0.00118539,-0.00024584,-5.04119e-05,0.000150437,0.00135891,7.48428e-05,0.00347586,0.000692188,0.00176596,-4.9913e-05,0.00068064,-0.000785601,-0.00118539,0.000692188,0.0269868,0.00237011,-0.000207961,-0.000691266,-0.000448571,-0.00024584,0.00176596,0.00237011,0.0279774,-0.000272926,4.29494e-06,-1.11742e-05,-5.04119e-05,-4.9913e-05,-0.000207961,-0.000272926,0.0466011,
