0.00392902,-0.000783208,-0.000904054,0.000465163,-0.0019115,-0.000988016,5.92581e-06,-0.000783208,0.00114782,-0.000825713,-0.000710799,0.000631735,-0.000285238,-1.41064e-05,-0.000904054,-0.000825713,0.00403923,0.000544516,-0.00201397,-0.00104952,4.51577e-06,0.000465163,-0.000710799,0.000544516,0.00226525,0.00118815,0.000109024,-5.1307e-05,-0.0019115,0.000631735,-0.00201397,0.00118815,0.0275096,0.00146007,0.000119295,-0.000988016,-0.000285238,-0.00104952,0.000109024,0.00146007,0.0261529,0.000309117,5.92581e-06,-1.41064e-05,4.51577e-06,-5.1307e-05,0.000119295,0.000309117,0.0466101,
0.00392849,-0.000783241,-0.000904418,0.000465604,-0.00191156,-0.000988128,5.93442e-06,-0.000783241,0.00114798,-0.000825757,-0.00071095,0.000631823,-0.000284677,-1.41428e-05,-0.000904418,-0.000825757,0.00403909,0.000544373,-0.0020139,-0.00104942,4.54424e-06,0.000465604,-0.00071095,0.000544373,0.00226544,0.00118776,0.00010825,-5.12556e-05,-0.00191156,0.000631823,-0.0020139,0.00118776,0.0275088,0.00146006,0.000119672,-0.000988128,-0.000284677,-0.00104942,0.00010825,0.00146006,0.0261522,0.000309189,5.93442e-06,-1.41428e-05,4.54423e-06,-5.12556e-05,0.000119672,0.000309189,0.0466101,
0.00392803,-0.000783252,-0.000904715,0.000466029,-0.00191159,-0.000988266,5.93364e-06,-0.000783252,0.0011481,-0.000825779,-0.000711086,0.000631864,-0.000284324,-1.41623e-05,-0.000904715,-0.000825779,0.00403901,0.000544245,-0.00201381,-0.00104936,4.56228e-06,0.000466029,-0.000711086,0.000544245,0.00226558,0.0011874,0.000107647,-5.12291e-05,-0.00191159,0.000631864,-0.00201381,0.0011874,0.0275084,0.00146012,0.00011984,-0.000988266,-0.000284324,-0.00104936,0.000107647,0.00146012,0.0261519,0.000309255,5.93364e-06,-1.41623e-05,4.56228e-06,-5.12291e-05,0.00011984,0.000309255,0.0466101,
0.00392763,-0.000783251,-0.000904964,0.000466423,-0.0019116,-0.000988406,5.92819e-06,-0.000783251,0.00114819,-0.000825787,-0.000711209,0.000631891,-0.000284083,-1.4173e-05,-0.000904964,-0.000825787,0.00403896,0.000544131,-0.00201371,-0.00104933,4.57403e-06,0.000466423,-0.000711209,0.000544131,0.0022657,0.00118708,0.000107183,-5.12144e-05,-0.0019116,0.000631891,-0.00201371,0.00118708,0.0275082,0.00146021,0.000119913,-0.000988406,-0.000284083,-0.00104933,0.000107183,0.00146021,0.0261517,0.000309314,5.92819e-06,-1.4173e-05,4.57403e-06,-5.12144e-05,0.000119913,0.000309314,0.0466101,
0.00392728,-0.000783243,-0.000905174,0.000466782,-0.00191161,-0.000988538,5.92058e-06,-0.000783243,0.00114826,-0.000825787,-0.000711319,0.000631916,-0.000283904,-1.41791e-05,-0.000905174,-0.000825787,0.00403893,0.000544032,-0.00201361,-0.0010493,4.58187e-06,0.000466782,-0.000711319,0.000544032,0.00226581,0.0011868,0.000106826,-5.12053e-05,-0.00191161,0.000631916,-0.00201361,0.0011868,0.0275082,0.0014603,0.000119946,-0.000988538,-0.000283904,-0.0010493,0.000106826,0.0014603,0.0261517,0.000309367,5.92058e-06,-1.41791e-05,4.58187e-06,-5.12053e-05,0.000119946,0.000309367,0.0466101,
0.00392698,-0.00078323,-0.000905353,0.000467106,-0.00191161,-0.000988656,5.91212e-06,-0.00078323,0.00114831,-0.000825782,-0.000711418,0.000631942,-0.000283764,-1.41826e-05,-0.000905353,-0.000825782,0.00403892,0.000543945,-0.00201352,-0.00104927,4.58721e-06,0.000467106,-0.000711418,0.000543945,0.00226592,0.00118657,0.000106548,-5.1199e-05,-0.00191161,0.000631942,-0.00201352,0.00118657,0.0275081,0.00146038,0.000119962,-0.000988656,-0.000283764,-0.00104927,0.000106548,0.00146038,0.0261517,0.000309415,5.91212e-06,-1.41826e-05,4.58721e-06,-5.1199e-05,0.000119962,0.000309415,0.0466101,
0.00392672,-0.000783215,-0.000905508,0.000467397,-0.0019116,-0.000988762,5.90349e-06,-0.000783215,0.00114835,-0.000825774,-0.000711508,0.000631969,-0.00028365,-1.41848e-05,-0.000905508,-0.000825774,0.00403891,0.000543869,-0.00201344,-0.00104925,4.59088e-06,0.000467397,-0.000711508,0.000543869,0.00226601,0.00118636,0.00010633,-5.11941e-05,-0.0019116,0.000631969,-0.00201344,0.00118636,0.0275081,0.00146047,0.00011997,-0.000988762,-0.00028365,-0.00104925,0.00010633,0.00146047,0.0261517,0.000309459,5.90349e-06,-1.41848e-05,4.59088e-06,-5.11941e-05,0.00011997,0.000309459,0.04661,
0.00392648,-0.000783199,-0.000905642,0.000467659,-0.0019116,-0.000988855,5.89502e-06,-0.000783199,0.00114838,-0.000825764,-0.000711588,0.000631996,-0.000283554,-1.41861e-05,-0.000905642,-0.000825764,0.0040389,0.000543802,-0.00201336,-0.00104923,4.59338e-06,0.000467659,-0.000711588,0.000543802,0.0022661,0.00118618,0.000106156,-5.119e-05,-0.0019116,0.000631996,-0.00201336,0.00118618,0.0275081,0.00146054,0.000119975,-0.000988855,-0.000283554,-0.00104923,0.000106156,0.00146054,0.0261517,0.0003095,5.89502e-06,-1.41861e-05,4.59338e-06,-5.119e-05,0.000119975,0.0003095,0.04661,
0.00392628,-0.000783183,-0.000905759,0.000467894,-0.00191159,-0.000988937,5.88689e-06,-0.000783183,0.0011484,-0.000825753,-0.000711659,0.000632022,-0.000283473,-1.41868e-05,-0.000905759,-0.000825753,0.0040389,0.000543743,-0.00201329,-0.00104921,4.59504e-06,0.000467894,-0.000711659,0.000543743,0.00226618,0.00118603,0.000106017,-5.11863e-05,-0.00191159,0.000632022,-0.00201329,0.00118603,0.0275081,0.0014606,0.000119978,-0.000988937,-0.000283473,-0.00104921,0.000106017,0.0014606,0.0261517,0.00030954,5.88689e-06,-1.41868e-05,4.59504e-06,-5.11863e-05,0.000119978,0.00030954,0.04661,
0.00392609,-0.000783167,-0.000905862,0.000468106,-0.00191159,-0.00098901,5.87917e-06,-0.000783167,0.00114842,-0.000825742,-0.000711724,0.000632048,-0.000283402,-1.41873e-05,-0.000905862,-0.000825742,0.00403891,0.00054369,-0.00201323,-0.00104919,4.59606e-06,0.000468106,-0.000711724,0.00054369,0.00226625,0.00118589,0.000105903,-5.1183e-05,-0.00191159,0.000632048,-0.00201323,0.00118589,0.027508,0.00146066,0.00011998,-0.00098901,-0.000283402,-0.00104919,0.000105903,0.00146066,0.0261518,0.000309578,5.87917e-06,-1.41873e-05,4.59606e-06,-5.1183e-05,0.00011998,0.000309578,0.04661,
0.00392593,-0.000783152,-0.000905953,0.000468296,-0.00191159,-0.000989074,5.87188e-06,-0.000783152,0.00114844,-0.00082573,-0.000711782,0.000632073,-0.000283339,-1.41875e-05,-0.000905953,-0.00082573,0.00403891,0.000543643,-0.00201317,-0.00104917,4.5966e-06,0.000468296,-0.000711782,0.000543643,0.00226632,0.00118577,0.000105809,-5.11799e-05,-0.00191159,0.000632073,-0.00201317,0.00118577,0.027508,0.00146071,0.00011998,-0.000989074,-0.000283339,-0.00104917,0.000105809,0.00146071,0.0261518,0.000309616,5.87188e-06,-1.41875e-05,4.59661e-06,-5.11799e-05,0.00011998,0.000309616,0.04661,
0.00392579,-0.000783137,-0.000906033,0.000468467,-0.00191158,-0.000989131,5.86503e-06,-0.000783137,0.00114845,-0.00082572,-0.000711834,0.000632096,-0.000283285,-1.41876e-05,-0.000906033,-0.00082572,0.00403891,0.000543602,-0.00201312,-0.00104915,4.59676e-06,0.000468467,-0.000711834,0.000543602,0.00226638,0.00118567,0.000105731,-5.11769e-05,-0.00191158,0.000632096,-0.00201312,0.00118567,0.027508,0.00146076,0.000119978,-0.000989131,-0.000283285,-0.00104915,0.000105731,0.00146076,0.0261518,0.000309653,5.86503e-06,-1.41876e-05,4.59676e-06,-5.11769e-05,0.000119978,0.000309653,0.04661,
0.00392566,-0.000783123,-0.000906105,0.000468621,-0.00191158,-0.000989182,5.85859e-06,-0.000783123,0.00114846,-0.000825709,-0.000711882,0.000632117,-0.000283236,-1.41876e-05,-0.000906105,-0.000825709,0.00403892,0.000543564,-0.00201307,-0.00104914,4.59661e-06,0.000468621,-0.000711882,0.000543564,0.00226644,0.00118558,0.000105665,-5.11742e-05,-0.00191158,0.000632117,-0.00201307,0.00118558,0.027508,0.0014608,0.000119974,-0.000989182,-0.000283236,-0.00104914,0.000105665,0.0014608,0.0261518,0.00030969,5.85859e-06,-1.41876e-05,4.59661e-06,-5.11742e-05,0.000119974,0.00030969,0.04661,
0.00392554,-0.00078311,-0.000906169,0.000468759,-0.00191158,-0.000989227,5.85255e-06,-0.00078311,0.00114847,-0.0008257,-0.000711924,0.000632138,-0.000283193,-1.41876e-05,-0.000906169,-0.0008257,0.00403892,0.000543531,-0.00201303,-0.00104912,4.59621e-06,0.000468759,-0.000711924,0.000543531,0.00226649,0.00118549,0.000105609,-5.11716e-05,-0.00191158,0.000632138,-0.00201303,0.00118549,0.027508,0.00146083,0.000119969,-0.000989227,-0.000283193,-0.00104912,0.000105609,0.00146083,0.0261518,0.000309728,5.85255e-06,-1.41876e-05,4.59621e-06,-5.11716e-05,0.000119969,0.000309728,0.04661,
0.00392543,-0.000783099,-0.000906226,0.000468885,-0.00191157,-0.000989268,5.84686e-06,-0.000783099,0.00114847,-0.000825691,-0.000711962,0.000632156,-0.000283154,-1.41874e-05,-0.000906226,-0.000825691,0.00403893,0.000543501,-0.002013,-0.00104911,4.5956e-06,0.000468885,-0.000711962,0.000543501,0.00226654,0.00118542,0.000105561,-5.11691e-05,-0.00191157,0.000632156,-0.002013,0.00118542,0.027508,0.00146086,0.000119962,-0.000989268,-0.000283154,-0.00104911,0.000105561,0.00146086,0.0261518,0.000309765,5.84686e-06,-1.41874e-05,4.5956e-06,-5.11691e-05,0.000119962,0.000309765,0.04661,
0.00392534,-0.000783088,-0.000906277,0.000468998,-0.00191157,-0.000989304,5.84151e-06,-0.000783088,0.00114848,-0.000825683,-0.000711997,0.000632174,-0.000283119,-1.41873e-05,-0.000906277,-0.000825683,0.00403893,0.000543474,-0.00201296,-0.0010491,4.59482e-06,0.000468998,-0.000711997,0.000543474,0.00226658,0.00118535,0.000105519,-5.11668e-05,-0.00191157,0.000632174,-0.00201296,0.00118535,0.0275079,0.00146089,0.000119953,-0.000989304,-0.000283119,-0.0010491,0.000105519,0.00146089,0.0261518,0.000309803,5.84151e-06,-1.41873e-05,4.59482e-06,-5.11668e-05,0.000119953,0.000309803,0.04661,
0.00392526,-0.000783078,-0.000906323,0.0004691,-0.00191157,-0.000989336,5.83646e-06,-0.000783078,0.00114848,-0.000825675,-0.000712028,0.00063219,-0.000283088,-1.41871e-05,-0.000906323,-0.000825675,0.00403894,0.00054345,-0.00201293,-0.00104909,4.59388e-06,0.0004691,-0.000712028,0.00054345,0.00226662,0.00118529,0.000105483,-5.11645e-05,-0.00191157,0.00063219,-0.00201293,0.00118529,0.0275079,0.00146092,0.000119942,-0.000989336,-0.000283088,-0.00104909,0.000105483,0.00146092,0.0261518,0.000309841,5.83646e-06,-1.41871e-05,4.59388e-06,-5.11645e-05,0.000119942,0.000309841,0.0466099,
0.00392518,-0.000783069,-0.000906365,0.000469192,-0.00191156,-0.000989366,5.83168e-06,-0.000783069,0.00114849,-0.000825668,-0.000712056,0.000632204,-0.00028306,-1.41869e-05,-0.000906365,-0.000825668,0.00403894,0.000543428,-0.0020129,-0.00104908,4.59281e-06,0.000469192,-0.000712056,0.000543428,0.00226666,0.00118524,0.000105451,-5.11624e-05,-0.00191156,0.000632204,-0.0020129,0.00118524,0.0275079,0.00146094,0.00011993,-0.000989366,-0.00028306,-0.00104908,0.000105451,0.00146094,0.0261518,0.000309879,5.83168e-06,-1.41869e-05,4.59281e-06,-5.11624e-05,0.00011993,0.000309879,0.0466099,
0.00392511,-0.00078306,-0.000906402,0.000469276,-0.00191156,-0.000989392,5.82715e-06,-0.00078306,0.00114849,-0.000825662,-0.000712082,0.000632218,-0.000283034,-1.41866e-05,-0.000906402,-0.000825662,0.00403894,0.000543408,-0.00201288,-0.00104907,4.59163e-06,0.000469276,-0.000712082,0.000543408,0.00226669,0.00118519,0.000105423,-5.11603e-05,-0.00191156,0.000632218,-0.00201288,0.00118519,0.0275079,0.00146096,0.000119916,-0.000989392,-0.000283034,-0.00104907,0.000105423,0.00146096,0.0261518,0.000309917,5.82715e-06,-1.41866e-05,4.59163e-06,-5.11603e-05,0.000119916,0.000309917,0.0466099,
0.00392505,-0.000783053,-0.000906436,0.000469352,-0.00191156,-0.000989416,5.82284e-06,-0.000783053,0.0011485,-0.000825656,-0.000712105,0.00063223,-0.000283011,-1.41864e-05,-0.000906436,-0.000825656,0.00403895,0.00054339,-0.00201285,-0.00104906,4.59035e-06,0.000469352,-0.000712105,0.00054339,0.00226672,0.00118515,0.000105398,-5.11584e-05,-0.00191156,0.00063223,-0.00201285,0.00118515,0.0275079,0.00146098,0.0001199,-0.000989416,-0.000283011,-0.00104906,0.000105398,0.00146098,0.0261518,0.000309956,5.82284e-06,-1.41864e-05,4.59035e-06,-5.11584e-05,0.0001199,0.000309956,0.0466099,
0.00392499,-0.000783046,-0.000906467,0.000469421,-0.00191156,-0.000989438,5.81874e-06,-0.000783046,0.0011485,-0.000825651,-0.000712126,0.000632242,-0.00028299,-1.41862e-05,-0.000906467,-0.000825651,0.00403895,0.000543374,-0.00201283,-0.00104905,4.58899e-06,0.000469421,-0.000712126,0.000543374,0.00226675,0.00118511,0.000105376,-5.11565e-05,-0.00191156,0.000632242,-0.00201283,0.00118511,0.0275079,0.00146099,0.000119883,-0.000989438,-0.00028299,-0.00104905,0.000105376,0.00146099,0.0261518,0.000309996,5.81874e-06,-1.41862e-05,4.58899e-06,-5.11565e-05,0.000119883,0.000309996,0.0466099,
0.00392494,-0.00078304,-0.000906495,0.000469484,-0.00191155,-0.000989457,5.81481e-06,-0.00078304,0.0011485,-0.000825646,-0.000712145,0.000632253,-0.00028297,-1.41859e-05,-0.000906495,-0.000825646,0.00403895,0.000543359,-0.00201281,-0.00104904,4.58754e-06,0.000469484,-0.000712145,0.000543359,0.00226677,0.00118507,0.000105356,-5.11547e-05,-0.00191155,0.000632253,-0.00201281,0.00118507,0.0275079,0.00146101,0.000119865,-0.000989457,-0.00028297,-0.00104904,0.000105356,0.00146101,0.0261518,0.000310035,5.81481e-06,-1.41859e-05,4.58754e-06,-5.11547e-05,0.000119865,0.000310035,0.0466099,
0.00392489,-0.000783034,-0.00090652,0.000469541,-0.00191155,-0.000989475,5.81105e-06,-0.000783034,0.0011485,-0.000825641,-0.000712163,0.000632263,-0.000282953,-1.41856e-05,-0.00090652,-0.000825641,0.00403896,0.000543346,-0.0020128,-0.00104903,4.58603e-06,0.000469541,-0.000712163,0.000543346,0.00226679,0.00118504,0.000105338,-5.11529e-05,-0.00191155,0.000632263,-0.0020128,0.00118504,0.0275079,0.00146102,0.000119846,-0.000989475,-0.000282953,-0.00104903,0.000105338,0.00146102,0.0261518,0.000310075,5.81105e-06,-1.41856e-05,4.58603e-06,-5.11529e-05,0.000119846,0.000310075,0.0466099,
0.00392485,-0.000783029,-0.000906544,0.000469593,-0.00191155,-0.000989491,5.80743e-06,-0.000783029,0.00114851,-0.000825637,-0.000712179,0.000632272,-0.000282936,-1.41854e-05,-0.000906544,-0.000825637,0.00403896,0.000543333,-0.00201278,-0.00104903,4.58445e-06,0.000469593,-0.000712179,0.000543333,0.00226681,0.001185,0.000105322,-5.11512e-05,-0.00191155,0.000632272,-0.00201278,0.001185,0.0275078,0.00146103,0.000119826,-0.000989491,-0.000282936,-0.00104903,0.000105322,0.00146103,0.0261518,0.000310115,5.80743e-06,-1.41854e-05,4.58445e-06,-5.11512e-05,0.000119826,0.000310115,0.0466099,
0.00392481,-0.000783024,-0.000906565,0.000469641,-0.00191155,-0.000989506,5.80394e-06,-0.000783024,0.00114851,-0.000825634,-0.000712193,0.00063228,-0.000282921,-1.41851e-05,-0.000906565,-0.000825634,0.00403896,0.000543322,-0.00201276,-0.00104902,4.58282e-06,0.000469641,-0.000712193,0.000543322,0.00226683,0.00118498,0.000105308,-5.11496e-05,-0.00191155,0.00063228,-0.00201276,0.00118498,0.0275078,0.00146104,0.000119804,-0.000989506,-0.000282921,-0.00104902,0.000105308,0.00146104,0.0261518,0.000310156,5.80394e-06,-1.41851e-05,4.58282e-06,-5.11496e-05,0.000119804,0.000310156,0.0466099,
0.00392477,-0.00078302,-0.000906584,0.000469685,-0.00191154,-0.00098952,5.80056e-06,-0.00078302,0.00114851,-0.00082563,-0.000712206,0.000632288,-0.000282908,-1.41848e-05,-0.000906584,-0.00082563,0.00403896,0.000543312,-0.00201275,-0.00104902,4.58114e-06,0.000469685,-0.000712206,0.000543312,0.00226685,0.00118495,0.000105295,-5.1148e-05,-0.00191154,0.000632288,-0.00201275,0.00118495,0.0275078,0.00146105,0.000119782,-0.00098952,-0.000282908,-0.00104902,0.000105295,0.00146105,0.0261518,0.000310197,5.80056e-06,-1.41848e-05,4.58114e-06,-5.1148e-05,0.000119782,0.000310197,0.0466098,
0.00392474,-0.000783016,-0.000906602,0.000469725,-0.00191154,-0.000989532,5.79728e-06,-0.000783016,0.00114851,-0.000825627,-0.000712219,0.000632296,-0.000282895,-1.41846e-05,-0.000906602,-0.000825627,0.00403896,0.000543302,-0.00201274,-0.00104901,4.57941e-06,0.000469725,-0.000712219,0.000543302,0.00226686,0.00118493,0.000105283,-5.11464e-05,-0.00191154,0.000632296,-0.00201274,0.00118493,0.0275078,0.00146106,0.000119759,-0.000989532,-0.000282895,-0.00104901,0.000105283,0.00146106,0.0261519,0.000310238,5.79728e-06,-1.41846e-05,4.57941e-06,-5.11464e-05,0.000119759,0.000310238,0.0466098,
0.00392471,-0.000783012,-0.000906619,0.000469762,-0.00191154,-0.000989543,5.7941e-06,-0.000783012,0.00114851,-0.000825624,-0.00071223,0.000632302,-0.000282883,-1.41843e-05,-0.000906619,-0.000825624,0.00403897,0.000543294,-0.00201272,-0.00104901,4.57764e-06,0.000469762,-0.00071223,0.000543294,0.00226688,0.0011849,0.000105272,-5.11449e-05,-0.00191154,0.000632302,-0.00201272,0.0011849,0.0275078,0.00146107,0.000119735,-0.000989543,-0.000282883,-0.00104901,0.000105272,0.00146107,0.0261519,0.00031028,5.7941e-06,-1.41843e-05,4.57764e-06,-5.11449e-05,0.000119735,0.00031028,0.0466098,
0.00392468,-0.000783009,-0.000906634,0.000469796,-0.00191154,-0.000989554,5.791e-06,-0.000783009,0.00114852,-0.000825622,-0.00071224,0.000632309,-0.000282872,-1.4184e-05,-0.000906634,-0.000825622,0.00403897,0.000543286,-0.00201271,-0.001049,4.57584e-06,0.000469796,-0.00071224,0.000543286,0.00226689,0.00118488,0.000105262,-5.11434e-05,-0.00191154,0.000632309,-0.00201271,0.00118488,0.0275078,0.00146108,0.000119711,-0.000989554,-0.000282872,-0.001049,0.000105262,0.00146108,0.0261519,0.000310321,5.791e-06,-1.4184e-05,4.57584e-06,-5.11434e-05,0.000119711,0.000310321,0.0466098,
0.00392466,-0.000783006,-0.000906648,0.000469828,-0.00191154,-0.000989563,5.78797e-06,-0.000783006,0.00114852,-0.00082562,-0.00071225,0.000632315,-0.000282862,-1.41837e-05,-0.000906648,-0.00082562,0.00403897,0.000543278,-0.0020127,-0.001049,4.574e-06,0.000469828,-0.00071225,0.000543278,0.0022669,0.00118486,0.000105253,-5.11419e-05,-0.00191154,0.000632315,-0.0020127,0.00118486,0.0275078,0.00146108,0.000119686,-0.000989563,-0.000282862,-0.001049,0.000105253,0.00146108,0.0261519,0.000310363,5.78797e-06,-1.41837e-05,4.574e-06,-5.11419e-05,0.000119686,0.000310363,0.0466098,
0.00392463,-0.000783003,-0.000906661,0.000469857,-0.00191153,-0.000989572,5.785e-06,-0.000783003,0.00114852,-0.000825617,-0.000712258,0.000632321,-0.000282852,-1.41835e-05,-0.000906661,-0.000825617,0.00403897,0.000543271,-0.00201269,-0.001049,4.57212e-06,0.000469857,-0.000712258,0.000543271,0.00226692,0.00118485,0.000105245,-5.11404e-05,-0.00191153,0.000632321,-0.00201269,0.00118485,0.0275078,0.00146109,0.00011966,-0.000989572,-0.000282852,-0.001049,0.000105245,0.00146109,0.0261519,0.000310406,5.785e-06,-1.41835e-05,4.57212e-06,-5.11404e-05,0.00011966,0.000310406,0.0466098,
0.00392461,-0.000783,-0.000906673,0.000469884,-0.00191153,-0.000989581,5.78209e-06,-0.000783,0.00114852,-0.000825615,-0.000712267,0.000632326,-0.000282843,-1.41832e-05,-0.000906673,-0.000825615,0.00403897,0.000543265,-0.00201268,-0.00104899,4.57023e-06,0.000469884,-0.000712267,0.000543265,0.00226693,0.00118483,0.000105237,-5.1139e-05,-0.00191153,0.000632326,-0.00201268,0.00118483,0.0275078,0.00146109,0.000119634,-0.000989581,-0.000282843,-0.00104899,0.000105237,0.00146109,0.0261519,0.000310448,5.78209e-06,-1.41832e-05,4.57023e-06,-5.1139e-05,0.000119634,0.000310448,0.0466098,
0.00392459,-0.000782998,-0.000906685,0.000469909,-0.00191153,-0.000989588,5.77923e-06,-0.000782998,0.00114852,-0.000825614,-0.000712274,0.000632331,-0.000282835,-1.41829e-05,-0.000906685,-0.000825614,0.00403897,0.000543259,-0.00201267,-0.00104899,4.5683e-06,0.000469909,-0.000712274,0.000543259,0.00226694,0.00118481,0.00010523,-5.11376e-05,-0.00191153,0.000632331,-0.00201267,0.00118481,0.0275078,0.0014611,0.000119607,-0.000989588,-0.000282835,-0.00104899,0.00010523,0.0014611,0.0261519,0.000310491,5.77923e-06,-1.41829e-05,4.5683e-06,-5.11376e-05,0.000119607,0.000310491,0.0466098,
0.00392457,-0.000782996,-0.000906695,0.000469933,-0.00191153,-0.000989596,5.77641e-06,-0.000782996,0.00114852,-0.000825612,-0.000712281,0.000632336,-0.000282827,-1.41826e-05,-0.000906695,-0.000825612,0.00403897,0.000543253,-0.00201267,-0.00104899,4.56635e-06,0.000469933,-0.000712281,0.000543253,0.00226695,0.0011848,0.000105224,-5.11362e-05,-0.00191153,0.000632336,-0.00201267,0.0011848,0.0275078,0.0014611,0.00011958,-0.000989596,-0.000282827,-0.00104899,0.000105224,0.0014611,0.0261519,0.000310534,5.77641e-06,-1.41826e-05,4.56635e-06,-5.11362e-05,0.00011958,0.000310534,0.0466098,
0.00392455,-0.000782993,-0.000906705,0.000469955,-0.00191153,-0.000989602,5.77364e-06,-0.000782993,0.00114852,-0.00082561,-0.000712288,0.000632341,-0.000282819,-1.41823e-05,-0.000906705,-0.00082561,0.00403897,0.000543248,-0.00201266,-0.00104898,4.56438e-06,0.000469955,-0.000712288,0.000543248,0.00226695,0.00118479,0.000105217,-5.11348e-05,-0.00191153,0.000632341,-0.00201266,0.00118479,0.0275078,0.00146111,0.000119553,-0.000989602,-0.000282819,-0.00104898,0.000105217,0.00146111,0.0261519,0.000310577,5.77364e-06,-1.41823e-05,4.56438e-06,-5.11348e-05,0.000119553,0.000310577,0.0466097,
0.00392453,-0.000782992,-0.000906715,0.000469976,-0.00191152,-0.000989609,5.7709e-06,-0.000782992,0.00114852,-0.000825609,-0.000712294,0.000632346,-0.000282812,-1.4182e-05,-0.000906715,-0.000825609,0.00403898,0.000543243,-0.00201265,-0.00104898,4.56239e-06,0.000469976,-0.000712294,0.000543243,0.00226696,0.00118477,0.000105212,-5.11334e-05,-0.00191152,0.000632346,-0.00201265,0.00118477,0.0275078,0.00146111,0.000119525,-0.000989609,-0.000282812,-0.00104898,0.000105212,0.00146111,0.0261519,0.00031062,5.7709e-06,-1.4182e-05,4.56239e-06,-5.11334e-05,0.000119525,0.00031062,0.0466097,
0.00392452,-0.00078299,-0.000906724,0.000469996,-0.00191152,-0.000989615,5.76818e-06,-0.00078299,0.00114853,-0.000825608,-0.0007123,0.00063235,-0.000282805,-1.41818e-05,-0.000906724,-0.000825608,0.00403898,0.000543239,-0.00201264,-0.00104898,4.56038e-06,0.000469996,-0.0007123,0.000543239,0.00226697,0.00118476,0.000105206,-5.1132e-05,-0.00191152,0.00063235,-0.00201264,0.00118476,0.0275078,0.00146111,0.000119497,-0.000989615,-0.000282805,-0.00104898,0.000105206,0.00146111,0.026152,0.000310663,5.76818e-06,-1.41818e-05,4.56038e-06,-5.1132e-05,0.000119497,0.000310663,0.0466097,
0.0039245,-0.000782988,-0.000906732,0.000470014,-0.00191152,-0.00098962,5.7655e-06,-0.000782988,0.00114853,-0.000825606,-0.000712306,0.000632354,-0.000282799,-1.41815e-05,-0.000906732,-0.000825606,0.00403898,0.000543234,-0.00201264,-0.00104898,4.55836e-06,0.000470014,-0.000712306,0.000543234,0.00226698,0.00118475,0.000105201,-5.11307e-05,-0.00191152,0.000632354,-0.00201264,0.00118475,0.0275078,0.00146112,0.000119468,-0.00098962,-0.000282799,-0.00104898,0.000105201,0.00146112,0.026152,0.000310707,5.7655e-06,-1.41815e-05,4.55836e-06,-5.11307e-05,0.000119468,0.000310707,0.0466097,
0.00392449,-0.000782986,-0.00090674,0.000470032,-0.00191152,-0.000989625,5.76284e-06,-0.000782986,0.00114853,-0.000825605,-0.000712311,0.000632358,-0.000282792,-1.41812e-05,-0.00090674,-0.000825605,0.00403898,0.00054323,-0.00201263,-0.00104897,4.55632e-06,0.000470032,-0.000712311,0.00054323,0.00226698,0.00118474,0.000105197,-5.11293e-05,-0.00191152,0.000632358,-0.00201263,0.00118474,0.0275078,0.00146112,0.00011944,-0.000989625,-0.000282792,-0.00104897,0.000105197,0.00146112,0.026152,0.00031075,5.76284e-06,-1.41812e-05,4.55632e-06,-5.11293e-05,0.00011944,0.00031075,0.0466097,
0.00392447,-0.000782985,-0.000906748,0.000470049,-0.00191152,-0.00098963,5.76021e-06,-0.000782985,0.00114853,-0.000825604,-0.000712316,0.000632362,-0.000282786,-1.41809e-05,-0.000906748,-0.000825604,0.00403898,0.000543226,-0.00201262,-0.00104897,4.55427e-06,0.000470049,-0.000712316,0.000543226,0.00226699,0.00118473,0.000105192,-5.1128e-05,-0.00191152,0.000632362,-0.00201262,0.00118473,0.0275078,0.00146112,0.000119411,-0.00098963,-0.000282786,-0.00104897,0.000105192,0.00146112,0.026152,0.000310794,5.76021e-06,-1.41809e-05,4.55427e-06,-5.1128e-05,0.000119411,0.000310794,0.0466097,
0.00392446,-0.000782983,-0.000906755,0.000470065,-0.00191151,-0.000989635,5.75759e-06,-0.000782983,0.00114853,-0.000825603,-0.000712321,0.000632366,-0.00028278,-1.41806e-05,-0.000906755,-0.000825603,0.00403898,0.000543222,-0.00201262,-0.00104897,4.5522e-06,0.000470065,-0.000712321,0.000543222,0.002267,0.00118471,0.000105188,-5.11267e-05,-0.00191151,0.000632366,-0.00201262,0.00118471,0.0275078,0.00146112,0.000119381,-0.000989635,-0.00028278,-0.00104897,0.000105188,0.00146112,0.026152,0.000310838,5.75759e-06,-1.41806e-05,4.5522e-06,-5.11267e-05,0.000119381,0.000310838,0.0466097,
0.00392445,-0.000782982,-0.000906762,0.000470081,-0.00191151,-0.00098964,5.75498e-06,-0.000782982,0.00114853,-0.000825602,-0.000712325,0.00063237,-0.000282775,-1.41803e-05,-0.000906762,-0.000825602,0.00403898,0.000543219,-0.00201261,-0.00104897,4.55013e-06,0.000470081,-0.000712325,0.000543219,0.002267,0.0011847,0.000105184,-5.11253e-05,-0.00191151,0.00063237,-0.00201261,0.0011847,0.0275078,0.00146113,0.000119352,-0.00098964,-0.000282775,-0.00104897,0.000105184,0.00146113,0.026152,0.000310882,5.75498e-06,-1.41803e-05,4.55013e-06,-5.11253e-05,0.000119352,0.000310882,0.0466097,
0.00392443,-0.000782981,-0.000906769,0.000470095,-0.00191151,-0.000989644,5.7524e-06,-0.000782981,0.00114853,-0.000825601,-0.00071233,0.000632373,-0.000282769,-1.418e-05,-0.000906769,-0.000825601,0.00403898,0.000543215,-0.0020126,-0.00104897,4.54804e-06,0.000470095,-0.00071233,0.000543215,0.00226701,0.00118469,0.00010518,-5.1124e-05,-0.00191151,0.000632373,-0.0020126,0.00118469,0.0275078,0.00146113,0.000119323,-0.000989644,-0.000282769,-0.00104897,0.00010518,0.00146113,0.026152,0.000310926,5.7524e-06,-1.418e-05,4.54804e-06,-5.1124e-05,0.000119323,0.000310926,0.0466096,
0.00392442,-0.00078298,-0.000906775,0.00047011,-0.00191151,-0.000989649,5.74982e-06,-0.00078298,0.00114853,-0.0008256,-0.000712334,0.000632377,-0.000282764,-1.41797e-05,-0.000906775,-0.0008256,0.00403898,0.000543212,-0.0020126,-0.00104896,4.54595e-06,0.00047011,-0.000712334,0.000543212,0.00226701,0.00118468,0.000105177,-5.11227e-05,-0.00191151,0.000632377,-0.0020126,0.00118468,0.0275078,0.00146113,0.000119293,-0.000989649,-0.000282764,-0.00104896,0.000105177,0.00146113,0.026152,0.000310971,5.74982e-06,-1.41797e-05,4.54595e-06,-5.11227e-05,0.000119293,0.000310971,0.0466096,
0.00392441,-0.000782978,-0.000906782,0.000470124,-0.00191151,-0.000989653,5.74725e-06,-0.000782978,0.00114853,-0.000825599,-0.000712338,0.00063238,-0.000282759,-1.41794e-05,-0.000906782,-0.000825599,0.00403898,0.000543209,-0.00201259,-0.00104896,4.54384e-06,0.000470124,-0.000712338,0.000543209,0.00226702,0.00118468,0.000105173,-5.11214e-05,-0.00191151,0.00063238,-0.00201259,0.00118468,0.0275078,0.00146113,0.000119263,-0.000989653,-0.000282759,-0.00104896,0.000105173,0.00146113,0.026152,0.000311015,5.74725e-06,-1.41794e-05,4.54384e-06,-5.11214e-05,0.000119263,0.000311015,0.0466096,
0.0039244,-0.000782977,-0.000906788,0.000470137,-0.0019115,-0.000989657,5.7447e-06,-0.000782977,0.00114853,-0.000825598,-0.000712342,0.000632384,-0.000282754,-1.41791e-05,-0.000906788,-0.000825598,0.00403898,0.000543206,-0.00201259,-0.00104896,4.54173e-06,0.000470137,-0.000712342,0.000543206,0.00226702,0.00118467,0.00010517,-5.11201e-05,-0.0019115,0.000632384,-0.00201259,0.00118467,0.0275078,0.00146114,0.000119233,-0.000989657,-0.000282754,-0.00104896,0.00010517,0.00146114,0.0261521,0.00031106,5.7447e-06,-1.41791e-05,4.54173e-06,-5.11201e-05,0.000119233,0.00031106,0.0466096,
0.00392439,-0.000782976,-0.000906794,0.00047015,-0.0019115,-0.00098966,5.74215e-06,-0.000782976,0.00114853,-0.000825598,-0.000712346,0.000632387,-0.000282749,-1.41788e-05,-0.000906794,-0.000825598,0.00403898,0.000543202,-0.00201258,-0.00104896,4.53961e-06,0.00047015,-0.000712346,0.000543203,0.00226703,0.00118466,0.000105167,-5.11188e-05,-0.0019115,0.000632387,-0.00201258,0.00118466,0.0275078,0.00146114,0.000119203,-0.00098966,-0.000282749,-0.00104896,0.000105167,0.00146114,0.0261521,0.000311104,5.74215e-06,-1.41788e-05,4.53961e-06,-5.11188e-05,0.000119203,0.000311104,0.0466096,
0.00392438,-0.000782975,-0.0009068,0.000470163,-0.0019115,-0.000989664,5.73961e-06,-0.000782975,0.00114853,-0.000825597,-0.000712349,0.00063239,-0.000282744,-1.41785e-05,-0.0009068,-0.000825597,0.00403898,0.0005432,-0.00201258,-0.00104896,4.53748e-06,0.000470163,-0.000712349,0.0005432,0.00226703,0.00118465,0.000105164,-5.11175e-05,-0.0019115,0.00063239,-0.00201258,0.00118465,0.0275078,0.00146114,0.000119172,-0.000989664,-0.000282744,-0.00104896,0.000105164,0.00146114,0.0261521,0.000311149,5.73961e-06,-1.41785e-05,4.53748e-06,-5.11175e-05,0.000119172,0.000311149,0.0466096,
0.00392437,-0.000782974,-0.000906805,0.000470175,-0.0019115,-0.000989668,5.73708e-06,-0.000782974,0.00114854,-0.000825596,-0.000712353,0.000632393,-0.000282739,-1.41782e-05,-0.000906805,-0.000825596,0.00403898,0.000543197,-0.00201257,-0.00104895,4.53535e-06,0.000470175,-0.000712353,0.000543197,0.00226704,0.00118464,0.000105161,-5.11162e-05,-0.0019115,0.000632393,-0.00201257,0.00118464,0.0275078,0.00146114,0.000119142,-0.000989668,-0.000282739,-0.00104895,0.000105161,0.00146114,0.0261521,0.000311193,5.73708e-06,-1.41782e-05,4.53535e-06,-5.11162e-05,0.000119142,0.000311193,0.0466096,
0.00392436,-0.000782973,-0.000906811,0.000470187,-0.0019115,-0.000989671,5.73455e-06,-0.000782973,0.00114854,-0.000825595,-0.000712357,0.000632397,-0.000282734,-1.41779e-05,-0.000906811,-0.000825595,0.00403898,0.000543194,-0.00201257,-0.00104895,4.53321e-06,0.000470187,-0.000712357,0.000543194,0.00226704,0.00118463,0.000105158,-5.11149e-05,-0.0019115,0.000632397,-0.00201257,0.00118463,0.0275078,0.00146114,0.000119111,-0.000989671,-0.000282734,-0.00104895,0.000105158,0.00146114,0.0261521,0.000311238,5.73455e-06,-1.41779e-05,4.53321e-06,-5.11149e-05,0.000119111,0.000311238,0.0466096,
0.00392435,-0.000782972,-0.000906816,0.000470199,-0.0019115,-0.000989675,5.73203e-06,-0.000782972,0.00114854,-0.000825595,-0.00071236,0.0006324,-0.00028273,-1.41776e-05,-0.000906816,-0.000825595,0.00403898,0.000543191,-0.00201256,-0.00104895,4.53106e-06,0.000470199,-0.00071236,0.000543191,0.00226705,0.00118462,0.000105155,-5.11136e-05,-0.0019115,0.0006324,-0.00201256,0.00118462,0.0275078,0.00146114,0.000119081,-0.000989675,-0.00028273,-0.00104895,0.000105155,0.00146114,0.0261521,0.000311283,5.73203e-06,-1.41776e-05,4.53106e-06,-5.11136e-05,0.000119081,0.000311283,0.0466095,
0.00392434,-0.000782971,-0.000906822,0.000470211,-0.00191149,-0.000989678,5.72951e-06,-0.000782971,0.00114854,-0.000825594,-0.000712363,0.000632403,-0.000282725,-1.41774e-05,-0.000906822,-0.000825594,0.00403898,0.000543188,-0.00201256,-0.00104895,4.52891e-06,0.000470211,-0.000712363,0.000543188,0.00226705,0.00118461,0.000105152,-5.11123e-05,-0.00191149,0.000632403,-0.00201256,0.00118461,0.0275078,0.00146114,0.00011905,-0.000989678,-0.000282725,-0.00104895,0.000105152,0.00146114,0.0261521,0.000311328,5.72951e-06,-1.41774e-05,4.52891e-06,-5.11123e-05,0.00011905,0.000311328,0.0466095,
0.00392433,-0.00078297,-0.000906827,0.000470222,-0.00191149,-0.000989682,5.72699e-06,-0.00078297,0.00114854,-0.000825593,-0.000712367,0.000632406,-0.000282721,-1.41771e-05,-0.000906827,-0.000825593,0.00403898,0.000543186,-0.00201255,-0.00104895,4.52676e-06,0.000470222,-0.000712367,0.000543186,0.00226705,0.00118461,0.00010515,-5.1111e-05,-0.00191149,0.000632406,-0.00201255,0.00118461,0.0275078,0.00146115,0.000119019,-0.000989682,-0.000282721,-0.00104895,0.00010515,0.00146115,0.0261521,0.000311373,5.72699e-06,-1.41771e-05,4.52676e-06,-5.1111e-05,0.000119019,0.000311373,0.0466095,
0.00392432,-0.000782969,-0.000906832,0.000470234,-0.00191149,-0.000989685,5.72448e-06,-0.000782969,0.00114854,-0.000825593,-0.00071237,0.000632409,-0.000282716,-1.41768e-05,-0.000906832,-0.000825593,0.00403898,0.000543183,-0.00201255,-0.00104895,4.5246e-06,0.000470234,-0.00071237,0.000543183,0.00226706,0.0011846,0.000105147,-5.11097e-05,-0.00191149,0.000632409,-0.00201255,0.0011846,0.0275078,0.00146115,0.000118989,-0.000989685,-0.000282716,-0.00104895,0.000105147,0.00146115,0.0261522,0.000311418,5.72448e-06,-1.41768e-05,4.5246e-06,-5.11097e-05,0.000118989,0.000311418,0.0466095,
0.00392431,-0.000782968,-0.000906838,0.000470245,-0.00191149,-0.000989688,5.72197e-06,-0.000782968,0.00114854,-0.000825592,-0.000712373,0.000632412,-0.000282712,-1.41765e-05,-0.000906838,-0.000825592,0.00403898,0.00054318,-0.00201254,-0.00104895,4.52244e-06,0.000470245,-0.000712373,0.00054318,0.00226706,0.00118459,0.000105144,-5.11084e-05,-0.00191149,0.000632412,-0.00201254,0.00118459,0.0275078,0.00146115,0.000118958,-0.000989688,-0.000282712,-0.00104895,0.000105144,0.00146115,0.0261522,0.000311463,5.72197e-06,-1.41765e-05,4.52244e-06,-5.11084e-05,0.000118958,0.000311463,0.0466095,
0.0039243,-0.000782967,-0.000906843,0.000470256,-0.00191149,-0.000989691,5.71946e-06,-0.000782967,0.00114854,-0.000825591,-0.000712376,0.000632415,-0.000282707,-1.41762e-05,-0.000906843,-0.000825591,0.00403898,0.000543178,-0.00201254,-0.00104894,4.52028e-06,0.000470256,-0.000712376,0.000543178,0.00226707,0.00118458,0.000105142,-5.11071e-05,-0.00191149,0.000632415,-0.00201254,0.00118458,0.0275078,0.00146115,0.000118927,-0.000989691,-0.000282707,-0.00104894,0.000105142,0.00146115,0.0261522,0.000311508,5.71946e-06,-1.41762e-05,4.52028e-06,-5.11071e-05,0.000118927,0.000311508,0.0466095,
0.00392429,-0.000782967,-0.000906848,0.000470267,-0.00191148,-0.000989695,5.71696e-06,-0.000782967,0.00114854,-0.000825591,-0.00071238,0.000632418,-0.000282703,-1.41759e-05,-0.000906848,-0.000825591,0.00403899,0.000543175,-0.00201253,-0.00104894,4.51811e-06,0.000470267,-0.00071238,0.000543175,0.00226707,0.00118457,0.000105139,-5.11058e-05,-0.00191148,0.000632418,-0.00201253,0.00118457,0.0275078,0.00146115,0.000118896,-0.000989695,-0.000282703,-0.00104894,0.000105139,0.00146115,0.0261522,0.000311553,5.71696e-06,-1.41759e-05,4.51811e-06,-5.11058e-05,0.000118896,0.000311553,0.0466095,
0.00392428,-0.000782966,-0.000906853,0.000470278,-0.00191148,-0.000989698,5.71445e-06,-0.000782966,0.00114854,-0.00082559,-0.000712383,0.000632421,-0.000282699,-1.41756e-05,-0.000906853,-0.00082559,0.00403899,0.000543173,-0.00201253,-0.00104894,4.51594e-06,0.000470278,-0.000712383,0.000543173,0.00226707,0.00118457,0.000105137,-5.11045e-05,-0.00191148,0.000632421,-0.00201253,0.00118457,0.0275078,0.00146115,0.000118865,-0.000989698,-0.000282699,-0.00104894,0.000105137,0.00146115,0.0261522,0.000311598,5.71445e-06,-1.41756e-05,4.51594e-06,-5.11045e-05,0.000118865,0.000311598,0.0466095,
0.00392427,-0.000782965,-0.000906858,0.000470288,-0.00191148,-0.000989701,5.71195e-06,-0.000782965,0.00114854,-0.00082559,-0.000712386,0.000632424,-0.000282694,-1.41752e-05,-0.000906858,-0.00082559,0.00403899,0.00054317,-0.00201252,-0.00104894,4.51376e-06,0.000470288,-0.000712386,0.00054317,0.00226708,0.00118456,0.000105134,-5.11032e-05,-0.00191148,0.000632424,-0.00201252,0.00118456,0.0275078,0.00146115,0.000118834,-0.000989701,-0.000282694,-0.00104894,0.000105134,0.00146115,0.0261522,0.000311644,5.71195e-06,-1.41752e-05,4.51376e-06,-5.11032e-05,0.000118834,0.000311644,0.0466094,
0.00392426,-0.000782964,-0.000906863,0.000470299,-0.00191148,-0.000989704,5.70944e-06,-0.000782964,0.00114854,-0.000825589,-0.000712389,0.000632427,-0.00028269,-1.41749e-05,-0.000906863,-0.000825589,0.00403899,0.000543168,-0.00201252,-0.00104894,4.51159e-06,0.000470299,-0.000712389,0.000543168,0.00226708,0.00118455,0.000105132,-5.11019e-05,-0.00191148,0.000632427,-0.00201252,0.00118455,0.0275078,0.00146115,0.000118802,-0.000989704,-0.00028269,-0.00104894,0.000105132,0.00146115,0.0261522,0.000311689,5.70944e-06,-1.41749e-05,4.51159e-06,-5.11019e-05,0.000118802,0.000311689,0.0466094,
0.00392425,-0.000782963,-0.000906868,0.00047031,-0.00191148,-0.000989707,5.70694e-06,-0.000782963,0.00114854,-0.000825588,-0.000712392,0.00063243,-0.000282686,-1.41746e-05,-0.000906868,-0.000825588,0.00403899,0.000543165,-0.00201251,-0.00104894,4.50941e-06,0.00047031,-0.000712392,0.000543165,0.00226709,0.00118454,0.000105129,-5.11006e-05,-0.00191148,0.00063243,-0.00201251,0.00118454,0.0275078,0.00146115,0.000118771,-0.000989707,-0.000282686,-0.00104894,0.000105129,0.00146115,0.0261522,0.000311734,5.70694e-06,-1.41746e-05,4.50941e-06,-5.11006e-05,0.000118771,0.000311734,0.0466094,
0.00392424,-0.000782962,-0.000906872,0.00047032,-0.00191147,-0.00098971,5.70444e-06,-0.000782962,0.00114854,-0.000825588,-0.000712395,0.000632433,-0.000282681,-1.41743e-05,-0.000906872,-0.000825588,0.00403899,0.000543163,-0.00201251,-0.00104893,4.50723e-06,0.00047032,-0.000712395,0.000543163,0.00226709,0.00118454,0.000105127,-5.10993e-05,-0.00191147,0.000632433,-0.00201251,0.00118454,0.0275078,0.00146116,0.00011874,-0.00098971,-0.000282681,-0.00104893,0.000105127,0.00146116,0.0261522,0.000311779,5.70444e-06,-1.41743e-05,4.50723e-06,-5.10993e-05,0.00011874,0.000311779,0.0466094,
0.00392424,-0.000782961,-0.000906877,0.000470331,-0.00191147,-0.000989713,5.70194e-06,-0.000782961,0.00114854,-0.000825587,-0.000712398,0.000632436,-0.000282677,-1.4174e-05,-0.000906877,-0.000825587,0.00403899,0.00054316,-0.0020125,-0.00104893,4.50505e-06,0.000470331,-0.000712398,0.00054316,0.00226709,0.00118453,0.000105124,-5.10981e-05,-0.00191147,0.000632436,-0.0020125,0.00118453,0.0275078,0.00146116,0.000118709,-0.000989713,-0.000282677,-0.00104893,0.000105124,0.00146116,0.0261523,0.000311825,5.70194e-06,-1.4174e-05,4.50505e-06,-5.10981e-05,0.000118709,0.000311825,0.0466094,
0.00392423,-0.000782961,-0.000906882,0.000470341,-0.00191147,-0.000989716,5.69943e-06,-0.000782961,0.00114855,-0.000825587,-0.000712401,0.000632439,-0.000282673,-1.41737e-05,-0.000906882,-0.000825587,0.00403899,0.000543158,-0.0020125,-0.00104893,4.50287e-06,0.000470341,-0.000712401,0.000543158,0.0022671,0.00118452,0.000105122,-5.10968e-05,-0.00191147,0.000632439,-0.0020125,0.00118452,0.0275078,0.00146116,0.000118678,-0.000989716,-0.000282673,-0.00104893,0.000105122,0.00146116,0.0261523,0.00031187,5.69943e-06,-1.41737e-05,4.50287e-06,-5.10968e-05,0.000118678,0.00031187,0.0466094,
0.00392422,-0.00078296,-0.000906887,0.000470352,-0.00191147,-0.000989719,5.69693e-06,-0.00078296,0.00114855,-0.000825586,-0.000712404,0.000632442,-0.000282669,-1.41734e-05,-0.000906887,-0.000825586,0.00403899,0.000543155,-0.00201249,-0.00104893,4.50068e-06,0.000470352,-0.000712404,0.000543155,0.0022671,0.00118451,0.00010512,-5.10955e-05,-0.00191147,0.000632442,-0.00201249,0.00118451,0.0275078,0.00146116,0.000118646,-0.000989719,-0.000282669,-0.00104893,0.00010512,0.00146116,0.0261523,0.000311915,5.69693e-06,-1.41734e-05,4.50068e-06,-5.10955e-05,0.000118646,0.000311915,0.0466094,
0.00392421,-0.000782959,-0.000906892,0.000470362,-0.00191147,-0.000989722,5.69443e-06,-0.000782959,0.00114855,-0.000825586,-0.000712407,0.000632445,-0.000282665,-1.41731e-05,-0.000906892,-0.000825586,0.00403899,0.000543153,-0.00201249,-0.00104893,4.4985e-06,0.000470362,-0.000712407,0.000543153,0.0022671,0.00118451,0.000105117,-5.10942e-05,-0.00191147,0.000632445,-0.00201249,0.00118451,0.0275078,0.00146116,0.000118615,-0.000989722,-0.000282665,-0.00104893,0.000105117,0.00146116,0.0261523,0.000311961,5.69443e-06,-1.41731e-05,4.4985e-06,-5.10942e-05,0.000118615,0.000311961,0.0466094,
0.0039242,-0.000782958,-0.000906897,0.000470372,-0.00191146,-0.000989725,5.69193e-06,-0.000782958,0.00114855,-0.000825585,-0.00071241,0.000632448,-0.00028266,-1.41728e-05,-0.000906897,-0.000825585,0.00403899,0.00054315,-0.00201248,-0.00104893,4.49631e-06,0.000470372,-0.00071241,0.00054315,0.00226711,0.0011845,0.000105115,-5.10929e-05,-0.00191146,0.000632448,-0.00201248,0.0011845,0.0275078,0.00146116,0.000118584,-0.000989725,-0.00028266,-0.00104893,0.000105115,0.00146116,0.0261523,0.000312006,5.69193e-06,-1.41728e-05,4.49631e-06,-5.10929e-05,0.000118584,0.000312006,0.0466093,
0.00392419,-0.000782957,-0.000906902,0.000470383,-0.00191146,-0.000989728,5.68942e-06,-0.000782957,0.00114855,-0.000825584,-0.000712413,0.000632451,-0.000282656,-1.41725e-05,-0.000906902,-0.000825584,0.00403899,0.000543148,-0.00201248,-0.00104893,4.49412e-06,0.000470383,-0.000712413,0.000543148,0.00226711,0.00118449,0.000105112,-5.10916e-05,-0.00191146,0.000632451,-0.00201248,0.00118449,0.0275078,0.00146116,0.000118552,-0.000989728,-0.000282656,-0.00104893,0.000105112,0.00146116,0.0261523,0.000312052,5.68942e-06,-1.41725e-05,4.49412e-06,-5.10916e-05,0.000118552,0.000312052,0.0466093,
