0.00416577,-0.000340517,-0.000172043,0.000636147,-0.00186257,0.000230334,5.09228e-05,-0.000340517,0.000899755,-0.000630803,0.000570125,0.00171953,0.000297628,-7.90226e-06,-0.000172043,-0.000630803,0.00427267,-0.000567737,-0.00136223,0.000779071,5.99686e-05,0.000636147,0.000570125,-0.000567737,0.00232187,-1.36078e-05,0.00166827,9.33317e-05,-0.00186257,0.00171953,-0.00136223,-1.36078e-05,0.0266718,-3.73535e-05,0.00105489,0.000230334,0.000297628,0.000779071,0.00166827,-3.73535e-05,0.0255177,0.000287033,5.09228e-05,-7.90226e-06,5.99686e-05,9.33317e-05,0.00105489,0.000287033,0.0466693,
0.00416545,-0.000340349,-0.000171831,0.000636573,-0.00186277,0.000230142,5.09518e-05,-0.000340349,0.00089972,-0.000630761,0.00057007,0.00171956,0.000297498,-7.87929e-06,-0.000171831,-0.000630761,0.00427271,-0.000567693,-0.00136247,0.000778738,6.00156e-05,0.000636573,0.00057007,-0.000567693,0.00232199,-1.38099e-05,0.00166784,9.33141e-05,-0.00186277,0.00171956,-0.00136247,-1.38099e-05,0.0266717,-3.74386e-05,0.00105513,0.000230142,0.000297498,0.000778738,0.00166784,-3.74386e-05,0.0255169,0.000286898,5.09518e-05,-7.87929e-06,6.00156e-05,9.33141e-05,0.00105513,0.000286898,0.0466694,
0.00416516,-0.000340194,-0.000171642,0.00063695,-0.00186296,0.000229939,5.0958e-05,-0.000340194,0.00089968,-0.000630719,0.000570031,0.00171955,0.000297456,-7.86408e-06,-0.000171642,-0.000630719,0.00427277,-0.000567639,-0.00136266,0.000778522,6.00287e-05,0.00063695,0.000570031,-0.000567639,0.0023221,-1.39563e-05,0.00166766,9.32982e-05,-0.00186296,0.00171955,-0.00136266,-1.39563e-05,0.0266719,-3.74059e-05,0.00105513,0.000229939,0.000297456,0.000778522,0.00166766,-3.74059e-05,0.0255165,0.000286746,5.0958e-05,-7.86408e-06,6.00287e-05,9.32982e-05,0.00105513,0.000286746,0.0466695,
0.0041649,-0.000340057,-0.000171473,0.000637289,-0.00186312,0.000229745,5.09529e-05,-0.000340057,0.000899643,-0.000630683,0.000569999,0.00171953,0.000297449,-7.85209e-06,-0.000171473,-0.000630683,0.00427282,-0.000567585,-0.00136281,0.000778369,6.00241e-05,0.000637289,0.000569999,-0.000567585,0.0023222,-1.40748e-05,0.00166759,9.32824e-05,-0.00186312,0.00171953,-0.00136281,-1.40748e-05,0.0266721,-3.73272e-05,0.001055,0.000229745,0.000297449,0.000778369,0.00166759,-3.73272e-05,0.0255164,0.000286577,5.09529e-05,-7.85209e-06,6.00241e-05,9.32824e-05,0.001055,0.000286577,0.0466695,
0.00416467,-0.000339936,-0.00017132,0.000637595,-0.00186327,0.000229567,5.09416e-05,-0.000339936,0.00089961,-0.000630654,0.000569972,0.0017195,0.000297456,-7.84133e-06,-0.00017132,-0.000630654,0.00427286,-0.000567536,-0.00136293,0.000778255,6.00094e-05,0.000637595,0.000569972,-0.000567536,0.00232228,-1.41755e-05,0.00166756,9.32659e-05,-0.00186327,0.0017195,-0.00136293,-1.41755e-05,0.0266723,-3.7233e-05,0.00105479,0.000229567,0.000297456,0.000778255,0.00166756,-3.7233e-05,0.0255164,0.000286394,5.09416e-05,-7.84133e-06,6.00094e-05,9.32659e-05,0.00105479,0.000286394,0.0466695,
0.00416446,-0.00033983,-0.000171183,0.000637872,-0.00186339,0.000229404,5.09267e-05,-0.00033983,0.00089958,-0.000630631,0.000569947,0.00171948,0.000297467,-7.83091e-06,-0.000171183,-0.000630631,0.0042729,-0.000567492,-0.00136304,0.000778165,5.99882e-05,0.000637872,0.000569947,-0.000567492,0.00232236,-1.42625e-05,0.00166755,9.32484e-05,-0.00186339,0.00171948,-0.00136304,-1.42625e-05,0.0266725,-3.71359e-05,0.00105455,0.000229404,0.000297467,0.000778165,0.00166755,-3.71359e-05,0.0255165,0.000286197,5.09267e-05,-7.83091e-06,5.99882e-05,9.32484e-05,0.00105455,0.000286197,0.0466696,
0.00416427,-0.000339737,-0.000171059,0.000638123,-0.0018635,0.000229257,5.09094e-05,-0.000339737,0.000899554,-0.000630612,0.000569925,0.00171945,0.00029748,-7.82044e-06,-0.000171059,-0.000630612,0.00427294,-0.000567453,-0.00136312,0.00077809,5.99626e-05,0.000638123,0.000569925,-0.000567453,0.00232243,-1.43379e-05,0.00166755,9.32298e-05,-0.0018635,0.00171945,-0.00136312,-1.43379e-05,0.0266728,-3.70413e-05,0.00105426,0.000229257,0.00029748,0.00077809,0.00166755,-3.70413e-05,0.0255166,0.000285988,5.09094e-05,-7.82044e-06,5.99626e-05,9.32298e-05,0.00105426,0.000285988,0.0466696,
0.0041641,-0.000339654,-0.000170947,0.00063835,-0.00186359,0.000229124,5.08905e-05,-0.000339654,0.000899531,-0.000630597,0.000569905,0.00171943,0.000297491,-7.80971e-06,-0.000170947,-0.000630597,0.00427297,-0.000567419,-0.00136319,0.000778026,5.99335e-05,0.00063835,0.000569905,-0.000567419,0.00232249,-1.44032e-05,0.00166756,9.321e-05,-0.00186359,0.00171943,-0.00136319,-1.44032e-05,0.026673,-3.69511e-05,0.00105396,0.000229124,0.000297491,0.000778026,0.00166756,-3.69511e-05,0.0255167,0.000285767,5.08905e-05,-7.80971e-06,5.99335e-05,9.321e-05,0.00105396,0.000285767,0.0466697,
0.00416394,-0.00033958,-0.000170846,0.000638555,-0.00186367,0.000229004,5.08704e-05,-0.00033958,0.000899511,-0.000630585,0.000569887,0.00171941,0.000297501,-7.79865e-06,-0.000170846,-0.000630585,0.004273,-0.000567387,-0.00136325,0.00077797,5.99018e-05,0.000638555,0.000569887,-0.000567387,0.00232254,-1.44592e-05,0.00166757,9.31893e-05,-0.00186367,0.00171941,-0.00136325,-1.44592e-05,0.0266732,-3.6866e-05,0.00105363,0.000229004,0.000297501,0.00077797,0.00166757,-3.6866e-05,0.0255168,0.000285536,5.08704e-05,-7.79866e-06,5.99018e-05,9.31893e-05,0.00105363,0.000285536,0.0466697,
0.0041638,-0.000339513,-0.000170754,0.000638741,-0.00186374,0.000228896,5.08494e-05,-0.000339513,0.000899493,-0.000630574,0.000569871,0.0017194,0.00029751,-7.78723e-06,-0.000170754,-0.000630574,0.00427302,-0.000567359,-0.0013633,0.00077792,5.98677e-05,0.000638741,0.000569871,-0.000567359,0.00232259,-1.4507e-05,0.00166757,9.31675e-05,-0.00186374,0.0017194,-0.0013633,-1.4507e-05,0.0266735,-3.67861e-05,0.00105328,0.000228896,0.00029751,0.00077792,0.00166757,-3.67861e-05,0.025517,0.000285294,5.08494e-05,-7.78723e-06,5.98677e-05,9.31675e-05,0.00105328,0.000285294,0.0466698,
0.00416367,-0.000339454,-0.000170671,0.000638909,-0.00186381,0.000228799,5.08275e-05,-0.000339454,0.000899477,-0.000630565,0.000569856,0.00171938,0.000297517,-7.77544e-06,-0.000170671,-0.000630565,0.00427304,-0.000567334,-0.00136334,0.000777874,5.98318e-05,0.000638909,0.000569856,-0.000567334,0.00232264,-1.45473e-05,0.00166757,9.31448e-05,-0.00186381,0.00171938,-0.00136334,-1.45473e-05,0.0266737,-3.6711e-05,0.00105292,0.000228799,0.000297517,0.000777874,0.00166757,-3.6711e-05,0.0255171,0.000285044,5.08275e-05,-7.77544e-06,5.98318e-05,9.31448e-05,0.00105292,0.000285044,0.0466698,
0.00416361,-0.000339381,-0.000170501,0.00063919,-0.00186467,0.000230353,5.05198e-05,-0.000339447,0.000899445,-0.000630639,0.000569731,0.00172007,0.000296093,-7.51513e-06,-0.000170577,-0.000630549,0.00427309,-0.000567264,-0.00136367,0.000778425,5.96911e-05,0.00063904,0.000569835,-0.000567349,0.00232262,-1.42581e-05,0.00166692,9.32349e-05,-0.00186343,0.00171953,-0.0013626,-1.35263e-05,0.0266673,-2.31603e-05,0.00105021,0.000227732,0.00029716,0.000776078,0.00166521,-2.17131e-05,0.025487,0.000290038,5.08251e-05,-7.75582e-06,5.98303e-05,9.317e-05,0.00105224,0.000285409,0.0466698,
0.00416351,-0.000339333,-0.000170434,0.000639328,-0.00186473,0.000230273,5.05012e-05,-0.000339399,0.000899432,-0.000630632,0.000569719,0.00172006,0.000296097,-7.50501e-06,-0.00017051,-0.000630542,0.00427311,-0.000567244,-0.0013637,0.000778386,5.96604e-05,0.000639179,0.000569823,-0.000567328,0.00232266,-1.4289e-05,0.00166692,9.32154e-05,-0.00186348,0.00171952,-0.00136263,-1.35571e-05,0.0266675,-2.30977e-05,0.0010499,0.000227653,0.000297164,0.00077604,0.00166521,-2.16504e-05,0.0254871,0.000289826,5.08066e-05,-7.74574e-06,5.97996e-05,9.31505e-05,0.00105193,0.000285195,0.0466698,
0.00416341,-0.00033929,-0.000170372,0.000639453,-0.00186477,0.000230201,5.04852e-05,-0.000339355,0.00089942,-0.000630626,0.000569708,0.00172005,0.000296101,-7.49633e-06,-0.000170448,-0.000630536,0.00427313,-0.000567225,-0.00136373,0.000778352,5.96342e-05,0.000639304,0.000569812,-0.000567309,0.00232269,-1.43174e-05,0.00166693,9.31987e-05,-0.00186353,0.00171951,-0.00136266,-1.35854e-05,0.0266677,-2.3042e-05,0.00104964,0.00022758,0.000297168,0.000776005,0.00166521,-2.15947e-05,0.0254872,0.000289643,5.07906e-05,-7.7371e-06,5.97734e-05,9.31338e-05,0.00105167,0.000285011,0.0466699,
0.00416335,-0.000339242,-0.000170278,0.000639619,-0.00186515,0.000230805,5.03547e-05,-0.000339335,0.000899403,-0.000630654,0.000569652,0.00172033,0.000295523,-7.38751e-06,-0.000170385,-0.000630527,0.00427315,-0.000567189,-0.00136388,0.000778563,5.95688e-05,0.000639409,0.000569799,-0.000567308,0.0023227,-1.42122e-05,0.00166666,9.323e-05,-0.00186339,0.00171956,-0.00136237,-1.31821e-05,0.0266651,-1.75058e-05,0.00104845,0.000227117,0.000297024,0.000775261,0.00166425,-1.54701e-05,0.025475,0.000291621,5.07846e-05,-7.72636e-06,5.97648e-05,9.31388e-05,0.00105131,0.000285102,0.0466698,
0.00416327,-0.000339206,-0.000170227,0.000639722,-0.00186518,0.000230746,5.03438e-05,-0.000339299,0.000899393,-0.000630649,0.000569643,0.00172032,0.000295526,-7.38161e-06,-0.000170334,-0.000630522,0.00427317,-0.000567174,-0.00136391,0.000778535,5.95516e-05,0.000639512,0.00056979,-0.000567293,0.00232273,-1.42374e-05,0.00166666,9.32189e-05,-0.00186343,0.00171956,-0.0013624,-1.32071e-05,0.0266652,-1.74604e-05,0.00104827,0.000227057,0.000297027,0.000775233,0.00166425,-1.54245e-05,0.0254751,0.000291499,5.07739e-05,-7.72054e-06,5.97477e-05,9.31276e-05,0.00105114,0.000284979,0.0466699,
0.0041632,-0.000339174,-0.000170181,0.000639816,-0.00186522,0.000230692,5.03357e-05,-0.000339266,0.000899385,-0.000630644,0.000569635,0.00172031,0.000295529,-7.37722e-06,-0.000170288,-0.000630517,0.00427318,-0.000567161,-0.00136393,0.000778511,5.95393e-05,0.000639605,0.000569781,-0.000567279,0.00232276,-1.4262e-05,0.00166667,9.32107e-05,-0.00186347,0.00171955,-0.00136242,-1.32314e-05,0.0266653,-1.74199e-05,0.00104815,0.000227003,0.000297031,0.000775209,0.00166426,-1.53837e-05,0.0254751,0.000291409,5.07658e-05,-7.71622e-06,5.97354e-05,9.31195e-05,0.00105101,0.000284888,0.0466699,
0.00416313,-0.000339144,-0.00017014,0.000639901,-0.00186526,0.000230643,5.03297e-05,-0.000339237,0.000899377,-0.00063064,0.000569628,0.00172031,0.000295533,-7.37406e-06,-0.000170247,-0.000630513,0.00427319,-0.000567148,-0.00136396,0.000778491,5.95308e-05,0.00063969,0.000569774,-0.000567267,0.00232278,-1.42859e-05,0.00166667,9.3205e-05,-0.0018635,0.00171954,-0.00136245,-1.32551e-05,0.0266654,-1.73839e-05,0.00104806,0.000226954,0.000297034,0.000775188,0.00166426,-1.53473e-05,0.0254752,0.000291346,5.076e-05,-7.71313e-06,5.97269e-05,9.31137e-05,0.00105092,0.000284823,0.0466699,
0.00416308,-0.000339117,-0.000170102,0.000639978,-0.00186529,0.000230599,5.03255e-05,-0.00033921,0.000899369,-0.000630636,0.000569621,0.0017203,0.000295536,-7.37187e-06,-0.000170209,-0.000630509,0.00427319,-0.000567137,-0.00136398,0.000778472,5.95253e-05,0.000639768,0.000569767,-0.000567256,0.0023228,-1.43091e-05,0.00166668,9.32012e-05,-0.00186353,0.00171953,-0.00136247,-1.3278e-05,0.0266654,-1.73521e-05,0.00104799,0.000226909,0.000297038,0.000775169,0.00166426,-1.53151e-05,0.0254752,0.000291303,5.07559e-05,-7.71101e-06,5.97215e-05,9.31099e-05,0.00105086,0.000284778,0.0466699,
0.00416302,-0.000339092,-0.000170067,0.000640049,-0.00186532,0.000230559,5.03227e-05,-0.000339185,0.000899363,-0.000630633,0.000569615,0.00172029,0.00029554,-7.37049e-06,-0.000170174,-0.000630506,0.0042732,-0.000567127,-0.001364,0.000778457,5.95222e-05,0.000639838,0.000569761,-0.000567246,0.00232282,-1.43315e-05,0.00166668,9.31989e-05,-0.00186356,0.00171953,-0.00136249,-1.33002e-05,0.0266655,-1.7324e-05,0.00104796,0.000226868,0.000297042,0.000775153,0.00166427,-1.52867e-05,0.0254752,0.000291276,5.07532e-05,-7.70968e-06,5.97184e-05,9.31076e-05,0.00105082,0.00028475,0.0466699,
0.00416297,-0.00033907,-0.000170036,0.000640113,-0.00186534,0.000230522,5.03211e-05,-0.000339163,0.000899357,-0.00063063,0.000569609,0.00172029,0.000295544,-7.36973e-06,-0.000170143,-0.000630503,0.00427321,-0.000567118,-0.00136402,0.000778443,5.95211e-05,0.000639902,0.000569755,-0.000567237,0.00232284,-1.4353e-05,0.00166669,9.31978e-05,-0.00186359,0.00171952,-0.00136251,-1.33216e-05,0.0266655,-1.72994e-05,0.00104794,0.00022683,0.000297046,0.000775139,0.00166427,-1.52618e-05,0.0254752,0.000291262,5.07516e-05,-7.70897e-06,5.97173e-05,9.31065e-05,0.00105081,0.000284736,0.0466699,
0.00416293,-0.000339049,-0.000170007,0.000640172,-0.00186537,0.000230488,5.03203e-05,-0.000339142,0.000899351,-0.000630627,0.000569604,0.00172028,0.000295547,-7.36948e-06,-0.000170114,-0.0006305,0.00427322,-0.00056711,-0.00136404,0.000778431,5.95214e-05,0.000639961,0.00056975,-0.000567229,0.00232285,-1.43737e-05,0.00166669,9.31977e-05,-0.00186361,0.00171952,-0.00136253,-1.33421e-05,0.0266655,-1.7278e-05,0.00104794,0.000226796,0.000297049,0.000775127,0.00166428,-1.52402e-05,0.0254752,0.000291259,5.07509e-05,-7.70875e-06,5.97177e-05,9.31064e-05,0.0010508,0.000284731,0.0466699,
0.00416288,-0.00033903,-0.000169981,0.000640226,-0.00186539,0.000230458,5.03202e-05,-0.000339123,0.000899346,-0.000630624,0.000569599,0.00172028,0.000295551,-7.36962e-06,-0.000170088,-0.000630498,0.00427322,-0.000567103,-0.00136406,0.000778421,5.95229e-05,0.000640015,0.000569745,-0.000567222,0.00232287,-1.43934e-05,0.0016667,9.31983e-05,-0.00186364,0.00171951,-0.00136255,-1.33617e-05,0.0266656,-1.72593e-05,0.00104795,0.000226765,0.000297053,0.000775116,0.00166429,-1.52213e-05,0.0254752,0.000291263,5.07509e-05,-7.70891e-06,5.97192e-05,9.3107e-05,0.00105081,0.000284735,0.0466699,
0.00416285,-0.000339013,-0.000169957,0.000640275,-0.00186541,0.000230429,5.03207e-05,-0.000339106,0.000899341,-0.000630622,0.000569595,0.00172027,0.000295555,-7.37006e-06,-0.000170064,-0.000630495,0.00427323,-0.000567096,-0.00136408,0.000778412,5.95253e-05,0.000640064,0.000569741,-0.000567215,0.00232288,-1.44122e-05,0.00166671,9.31995e-05,-0.00186366,0.00171951,-0.00136257,-1.33804e-05,0.0266656,-1.7243e-05,0.00104796,0.000226736,0.000297057,0.000775107,0.00166429,-1.52049e-05,0.0254752,0.000291273,5.07514e-05,-7.70936e-06,5.97216e-05,9.31082e-05,0.00105083,0.000284745,0.0466699,
0.00416281,-0.000338997,-0.000169934,0.00064032,-0.00186543,0.000230403,5.03216e-05,-0.00033909,0.000899337,-0.00063062,0.000569591,0.00172027,0.000295559,-7.37073e-06,-0.000170041,-0.000630493,0.00427323,-0.00056709,-0.0013641,0.000778404,5.95283e-05,0.000640109,0.000569737,-0.000567209,0.00232289,-1.443e-05,0.00166671,9.32011e-05,-0.00186368,0.0017195,-0.00136258,-1.33982e-05,0.0266656,-1.72289e-05,0.00104799,0.00022671,0.000297061,0.000775099,0.0016643,-1.51907e-05,0.0254752,0.000291287,5.07523e-05,-7.71003e-06,5.97246e-05,9.31098e-05,0.00105085,0.000284759,0.0466699,
0.00416278,-0.000338983,-0.000169914,0.000640362,-0.00186545,0.000230379,5.03227e-05,-0.000339076,0.000899333,-0.000630618,0.000569587,0.00172026,0.000295562,-7.37156e-06,-0.000170021,-0.000630491,0.00427324,-0.000567085,-0.00136411,0.000778397,5.95317e-05,0.000640151,0.000569733,-0.000567203,0.0023229,-1.4447e-05,0.00166672,9.3203e-05,-0.0018637,0.0017195,-0.0013626,-1.34151e-05,0.0266656,-1.72165e-05,0.00104801,0.000226686,0.000297064,0.000775092,0.0016643,-1.51783e-05,0.0254752,0.000291305,5.07535e-05,-7.71086e-06,5.9728e-05,9.31117e-05,0.00105088,0.000284777,0.0466699,
0.00416275,-0.000338969,-0.000169895,0.0006404,-0.00186547,0.000230357,5.03241e-05,-0.000339062,0.00089933,-0.000630616,0.000569584,0.00172026,0.000295566,-7.37251e-06,-0.000170002,-0.00063049,0.00427324,-0.000567079,-0.00136413,0.000778391,5.95355e-05,0.000640189,0.00056973,-0.000567198,0.00232292,-1.4463e-05,0.00166672,9.32051e-05,-0.00186371,0.0017195,-0.00136261,-1.34312e-05,0.0266656,-1.72057e-05,0.00104805,0.000226664,0.000297068,0.000775086,0.00166431,-1.51675e-05,0.0254751,0.000291324,5.07548e-05,-7.71179e-06,5.97318e-05,9.31138e-05,0.00105091,0.000284797,0.0466699,
0.00416272,-0.000338957,-0.000169878,0.000640436,-0.00186549,0.000230337,5.03257e-05,-0.00033905,0.000899326,-0.000630615,0.00056958,0.00172026,0.000295569,-7.37353e-06,-0.000169985,-0.000630488,0.00427324,-0.000567075,-0.00136414,0.000778385,5.95394e-05,0.000640225,0.000569727,-0.000567194,0.00232292,-1.44782e-05,0.00166673,9.32073e-05,-0.00186373,0.00171949,-0.00136263,-1.34464e-05,0.0266656,-1.71962e-05,0.00104808,0.000226644,0.000297071,0.00077508,0.00166431,-1.51581e-05,0.0254751,0.000291345,5.07564e-05,-7.7128e-06,5.97357e-05,9.3116e-05,0.00105095,0.000284818,0.0466699,
0.0041627,-0.000338946,-0.000169862,0.000640468,-0.0018655,0.000230318,5.03273e-05,-0.000339038,0.000899323,-0.000630613,0.000569577,0.00172025,0.000295572,-7.37459e-06,-0.000169969,-0.000630487,0.00427325,-0.000567071,-0.00136415,0.00077838,5.95434e-05,0.000640257,0.000569724,-0.000567189,0.00232293,-1.44925e-05,0.00166673,9.32096e-05,-0.00186374,0.00171949,-0.00136264,-1.34607e-05,0.0266656,-1.71878e-05,0.00104811,0.000226625,0.000297074,0.000775075,0.00166432,-1.51497e-05,0.0254751,0.000291367,5.0758e-05,-7.71384e-06,5.97397e-05,9.31183e-05,0.00105098,0.00028484,0.0466699,
0.00416267,-0.000338935,-0.000169847,0.000640499,-0.00186551,0.0002303,5.0329e-05,-0.000339028,0.00089932,-0.000630612,0.000569575,0.00172025,0.000295575,-7.37566e-06,-0.000169954,-0.000630485,0.00427325,-0.000567067,-0.00136417,0.000778376,5.95474e-05,0.000640288,0.000569721,-0.000567185,0.00232294,-1.45061e-05,0.00166674,9.32119e-05,-0.00186376,0.00171949,-0.00136265,-1.34743e-05,0.0266656,-1.71804e-05,0.00104815,0.000226607,0.000297077,0.000775071,0.00166432,-1.51423e-05,0.0254751,0.000291389,5.07596e-05,-7.71489e-06,5.97436e-05,9.31206e-05,0.00105102,0.000284862,0.0466699,
0.00416265,-0.000338925,-0.000169833,0.000640527,-0.00186553,0.000230284,5.03307e-05,-0.000339018,0.000899318,-0.000630611,0.000569572,0.00172025,0.000295578,-7.37673e-06,-0.00016994,-0.000630484,0.00427325,-0.000567063,-0.00136418,0.000778372,5.95513e-05,0.000640316,0.000569719,-0.000567182,0.00232295,-1.45189e-05,0.00166674,9.32141e-05,-0.00186377,0.00171948,-0.00136266,-1.34872e-05,0.0266656,-1.71737e-05,0.00104818,0.000226591,0.00029708,0.000775067,0.00166433,-1.51357e-05,0.0254751,0.000291411,5.07613e-05,-7.71593e-06,5.97475e-05,9.31229e-05,0.00105105,0.000284885,0.0466699,
0.00416263,-0.000338916,-0.000169821,0.000640553,-0.00186554,0.000230268,5.03323e-05,-0.000339009,0.000899315,-0.000630609,0.00056957,0.00172025,0.000295581,-7.37777e-06,-0.000169928,-0.000630483,0.00427326,-0.00056706,-0.00136419,0.000778368,5.95551e-05,0.000640342,0.000569716,-0.000567178,0.00232296,-1.4531e-05,0.00166675,9.32163e-05,-0.00186378,0.00171948,-0.00136268,-1.34993e-05,0.0266656,-1.71676e-05,0.00104822,0.000226576,0.000297083,0.000775063,0.00166433,-1.51297e-05,0.0254751,0.000291432,5.07629e-05,-7.71695e-06,5.97514e-05,9.31251e-05,0.00105108,0.000284906,0.0466699,
0.00416261,-0.000338907,-0.000169808,0.000640578,-0.00186555,0.000230254,5.03339e-05,-0.000339,0.000899313,-0.000630608,0.000569568,0.00172024,0.000295584,-7.37877e-06,-0.000169915,-0.000630482,0.00427326,-0.000567056,-0.0013642,0.000778365,5.95588e-05,0.000640367,0.000569714,-0.000567175,0.00232296,-1.45425e-05,0.00166675,9.32184e-05,-0.00186379,0.00171948,-0.00136269,-1.35108e-05,0.0266656,-1.71621e-05,0.00104825,0.000226562,0.000297085,0.00077506,0.00166434,-1.51242e-05,0.0254751,0.000291453,5.07645e-05,-7.71793e-06,5.9755e-05,9.31272e-05,0.00105112,0.000284927,0.0466699,
0.00416259,-0.000338899,-0.000169797,0.000640601,-0.00186556,0.000230241,5.03354e-05,-0.000338992,0.00089931,-0.000630607,0.000569566,0.00172024,0.000295586,-7.37973e-06,-0.000169904,-0.000630481,0.00427326,-0.000567053,-0.00136421,0.000778361,5.95623e-05,0.00064039,0.000569712,-0.000567172,0.00232297,-1.45533e-05,0.00166675,9.32205e-05,-0.0018638,0.00171948,-0.0013627,-1.35216e-05,0.0266656,-1.7157e-05,0.00104828,0.000226549,0.000297088,0.000775057,0.00166434,-1.51192e-05,0.0254751,0.000291472,5.0766e-05,-7.71887e-06,5.97585e-05,9.31292e-05,0.00105115,0.000284947,0.0466699,
0.00416258,-0.000338892,-0.000169787,0.000640623,-0.00186557,0.000230228,5.03369e-05,-0.000338984,0.000899308,-0.000630606,0.000569564,0.00172024,0.000295589,-7.38063e-06,-0.000169894,-0.00063048,0.00427326,-0.000567051,-0.00136422,0.000778358,5.95656e-05,0.000640412,0.00056971,-0.000567169,0.00232298,-1.45635e-05,0.00166676,9.32224e-05,-0.00186381,0.00171947,-0.0013627,-1.35319e-05,0.0266656,-1.71522e-05,0.00104831,0.000226536,0.00029709,0.000775054,0.00166434,-1.51145e-05,0.0254751,0.000291491,5.07674e-05,-7.71975e-06,5.97618e-05,9.31312e-05,0.00105118,0.000284966,0.0466699,
0.00416256,-0.000338884,-0.000169777,0.000640643,-0.00186558,0.000230216,5.03382e-05,-0.000338977,0.000899306,-0.000630605,0.000569562,0.00172024,0.000295591,-7.38148e-06,-0.000169884,-0.000630479,0.00427326,-0.000567048,-0.00136422,0.000778356,5.95687e-05,0.000640432,0.000569708,-0.000567167,0.00232298,-1.45732e-05,0.00166676,9.32242e-05,-0.00186382,0.00171947,-0.00136271,-1.35416e-05,0.0266656,-1.71477e-05,0.00104834,0.000226524,0.000297092,0.000775052,0.00166435,-1.51101e-05,0.025475,0.000291508,5.07688e-05,-7.72058e-06,5.97649e-05,9.3133e-05,0.0010512,0.000284984,0.0466699,
0.00416255,-0.000338878,-0.000169767,0.000640663,-0.00186559,0.000230205,5.03395e-05,-0.00033897,0.000899305,-0.000630605,0.00056956,0.00172023,0.000295593,-7.38228e-06,-0.000169874,-0.000630478,0.00427327,-0.000567046,-0.00136423,0.000778353,5.95716e-05,0.000640452,0.000569707,-0.000567164,0.00232299,-1.45824e-05,0.00166676,9.32259e-05,-0.00186383,0.00171947,-0.00136272,-1.35509e-05,0.0266656,-1.71435e-05,0.00104836,0.000226513,0.000297094,0.000775049,0.00166435,-1.51059e-05,0.025475,0.000291525,5.077e-05,-7.72136e-06,5.97678e-05,9.31347e-05,0.00105123,0.000285001,0.0466699,
0.00416253,-0.000338871,-0.000169758,0.000640681,-0.00186559,0.000230194,5.03407e-05,-0.000338964,0.000899303,-0.000630604,0.000569559,0.00172023,0.000295595,-7.38301e-06,-0.000169865,-0.000630477,0.00427327,-0.000567043,-0.00136424,0.00077835,5.95743e-05,0.00064047,0.000569705,-0.000567162,0.00232299,-1.45912e-05,0.00166677,9.32275e-05,-0.00186384,0.00171947,-0.00136273,-1.35596e-05,0.0266656,-1.71395e-05,0.00104839,0.000226503,0.000297096,0.000775047,0.00166435,-1.5102e-05,0.025475,0.00029154,5.07712e-05,-7.72207e-06,5.97705e-05,9.31363e-05,0.00105125,0.000285016,0.0466699,
0.00416252,-0.000338865,-0.000169749,0.000640699,-0.0018656,0.000230184,5.03418e-05,-0.000338958,0.000899301,-0.000630603,0.000569557,0.00172023,0.000295597,-7.38368e-06,-0.000169856,-0.000630476,0.00427327,-0.000567041,-0.00136425,0.000778348,5.95769e-05,0.000640488,0.000569703,-0.00056716,0.002323,-1.45995e-05,0.00166677,9.32289e-05,-0.00186385,0.00171947,-0.00136274,-1.3568e-05,0.0266656,-1.71356e-05,0.00104841,0.000226493,0.000297098,0.000775044,0.00166436,-1.50981e-05,0.025475,0.000291554,5.07722e-05,-7.72273e-06,5.9773e-05,9.31377e-05,0.00105127,0.00028503,0.0466699,
0.0041625,-0.000338859,-0.000169741,0.000640716,-0.00186561,0.000230174,5.03427e-05,-0.000338952,0.0008993,-0.000630602,0.000569555,0.00172023,0.000295599,-7.3843e-06,-0.000169848,-0.000630476,0.00427327,-0.000567039,-0.00136425,0.000778346,5.95792e-05,0.000640505,0.000569702,-0.000567158,0.002323,-1.46074e-05,0.00166677,9.32302e-05,-0.00186385,0.00171946,-0.00136274,-1.35759e-05,0.0266656,-1.71318e-05,0.00104843,0.000226483,0.0002971,0.000775042,0.00166436,-1.50944e-05,0.025475,0.000291566,5.07732e-05,-7.72333e-06,5.97754e-05,9.31391e-05,0.0010513,0.000285043,0.0466699,
0.00416249,-0.000338853,-0.000169733,0.000640732,-0.00186562,0.000230165,5.03437e-05,-0.000338946,0.000899298,-0.000630602,0.000569554,0.00172023,0.0002956,-7.38486e-06,-0.00016984,-0.000630475,0.00427327,-0.000567037,-0.00136426,0.000778343,5.95813e-05,0.000640521,0.0005697,-0.000567156,0.00232301,-1.46149e-05,0.00166677,9.32315e-05,-0.00186386,0.00171946,-0.00136275,-1.35835e-05,0.0266656,-1.71282e-05,0.00104845,0.000226474,0.000297101,0.00077504,0.00166436,-1.50908e-05,0.025475,0.000291578,5.07741e-05,-7.72388e-06,5.97775e-05,9.31403e-05,0.00105131,0.000285055,0.0466699,
0.00416248,-0.000338848,-0.000169726,0.000640747,-0.00186562,0.000230156,5.03445e-05,-0.000338941,0.000899297,-0.000630601,0.000569553,0.00172023,0.000295602,-7.38537e-06,-0.000169833,-0.000630474,0.00427327,-0.000567035,-0.00136427,0.000778341,5.95833e-05,0.000640536,0.000569699,-0.000567154,0.00232301,-1.46222e-05,0.00166678,9.32326e-05,-0.00186387,0.00171946,-0.00136276,-1.35908e-05,0.0266656,-1.71246e-05,0.00104847,0.000226465,0.000297103,0.000775038,0.00166436,-1.50873e-05,0.025475,0.000291589,5.07749e-05,-7.72438e-06,5.97794e-05,9.31414e-05,0.00105133,0.000285066,0.0466699,
0.00416247,-0.000338843,-0.000169719,0.000640762,-0.00186563,0.000230148,5.03452e-05,-0.000338936,0.000899295,-0.0006306,0.000569551,0.00172022,0.000295603,-7.38582e-06,-0.000169826,-0.000630474,0.00427328,-0.000567033,-0.00136427,0.000778339,5.95851e-05,0.000640551,0.000569698,-0.000567152,0.00232301,-1.46291e-05,0.00166678,9.32336e-05,-0.00186388,0.00171946,-0.00136276,-1.35977e-05,0.0266656,-1.71211e-05,0.00104848,0.000226457,0.000297104,0.000775036,0.00166436,-1.50838e-05,0.025475,0.000291598,5.07757e-05,-7.72482e-06,5.97812e-05,9.31424e-05,0.00105135,0.000285076,0.0466698,
0.00416246,-0.000338838,-0.000169712,0.000640776,-0.00186564,0.000230139,5.03459e-05,-0.000338931,0.000899294,-0.0006306,0.00056955,0.00172022,0.000295605,-7.38623e-06,-0.000169819,-0.000630473,0.00427328,-0.000567031,-0.00136428,0.000778337,5.95867e-05,0.000640565,0.000569696,-0.00056715,0.00232302,-1.46358e-05,0.00166678,9.32345e-05,-0.00186388,0.00171946,-0.00136277,-1.36044e-05,0.0266656,-1.71177e-05,0.0010485,0.000226449,0.000297106,0.000775033,0.00166437,-1.50804e-05,0.025475,0.000291607,5.07763e-05,-7.72522e-06,5.97829e-05,9.31434e-05,0.00105136,0.000285084,0.0466698,
0.00416245,-0.000338833,-0.000169705,0.00064079,-0.00186564,0.000230131,5.03465e-05,-0.000338926,0.000899293,-0.000630599,0.000569549,0.00172022,0.000295606,-7.3866e-06,-0.000169812,-0.000630473,0.00427328,-0.000567029,-0.00136428,0.000778334,5.95882e-05,0.000640579,0.000569695,-0.000567148,0.00232302,-1.46422e-05,0.00166678,9.32354e-05,-0.00186389,0.00171946,-0.00136277,-1.36108e-05,0.0266656,-1.71143e-05,0.00104851,0.000226441,0.000297107,0.000775031,0.00166437,-1.50771e-05,0.025475,0.000291614,5.07769e-05,-7.72558e-06,5.97844e-05,9.31442e-05,0.00105137,0.000285092,0.0466698,
0.00416244,-0.000338828,-0.000169698,0.000640804,-0.00186565,0.000230124,5.0347e-05,-0.000338921,0.000899291,-0.000630598,0.000569548,0.00172022,0.000295607,-7.38692e-06,-0.000169805,-0.000630472,0.00427328,-0.000567028,-0.00136429,0.000778332,5.95896e-05,0.000640593,0.000569694,-0.000567146,0.00232303,-1.46484e-05,0.00166678,9.32361e-05,-0.00186389,0.00171945,-0.00136278,-1.3617e-05,0.0266656,-1.71109e-05,0.00104852,0.000226433,0.000297108,0.000775029,0.00166437,-1.50737e-05,0.025475,0.000291621,5.07774e-05,-7.72589e-06,5.97857e-05,9.3145e-05,0.00105138,0.000285099,0.0466698,
0.00416243,-0.000338824,-0.000169692,0.000640817,-0.00186565,0.000230116,5.03475e-05,-0.000338916,0.00089929,-0.000630598,0.000569546,0.00172022,0.000295609,-7.38721e-06,-0.000169799,-0.000630471,0.00427328,-0.000567026,-0.00136429,0.00077833,5.95908e-05,0.000640606,0.000569693,-0.000567145,0.00232303,-1.46544e-05,0.00166678,9.32368e-05,-0.0018639,0.00171945,-0.00136278,-1.3623e-05,0.0266656,-1.71076e-05,0.00104853,0.000226426,0.00029711,0.000775027,0.00166437,-1.50704e-05,0.025475,0.000291628,5.07779e-05,-7.72617e-06,5.97869e-05,9.31456e-05,0.00105139,0.000285106,0.0466698,
0.00416242,-0.000338819,-0.000169685,0.00064083,-0.00186566,0.000230109,5.03479e-05,-0.000338912,0.000899289,-0.000630597,0.000569545,0.00172022,0.00029561,-7.38746e-06,-0.000169792,-0.000630471,0.00427328,-0.000567024,-0.0013643,0.000778328,5.95919e-05,0.000640619,0.000569692,-0.000567143,0.00232303,-1.46602e-05,0.00166679,9.32374e-05,-0.0018639,0.00171945,-0.00136279,-1.36288e-05,0.0266656,-1.71043e-05,0.00104854,0.000226418,0.000297111,0.000775025,0.00166437,-1.50671e-05,0.025475,0.000291633,5.07783e-05,-7.72642e-06,5.9788e-05,9.31463e-05,0.0010514,0.000285111,0.0466698,
0.00416241,-0.000338815,-0.000169679,0.000640842,-0.00186567,0.000230102,5.03482e-05,-0.000338908,0.000899288,-0.000630597,0.000569544,0.00172022,0.000295611,-7.38768e-06,-0.000169786,-0.00063047,0.00427328,-0.000567023,-0.0013643,0.000778326,5.95929e-05,0.000640631,0.000569691,-0.000567142,0.00232304,-1.46658e-05,0.00166679,9.32379e-05,-0.00186391,0.00171945,-0.00136279,-1.36345e-05,0.0266656,-1.7101e-05,0.00104855,0.000226411,0.000297112,0.000775023,0.00166437,-1.50638e-05,0.025475,0.000291638,5.07786e-05,-7.72663e-06,5.97891e-05,9.31468e-05,0.00105141,0.000285116,0.0466698,
0.0041624,-0.00033881,-0.000169673,0.000640855,-0.00186567,0.000230095,5.03485e-05,-0.000338903,0.000899287,-0.000630596,0.000569543,0.00172021,0.000295612,-7.38787e-06,-0.00016978,-0.00063047,0.00427329,-0.000567021,-0.00136431,0.000778324,5.95938e-05,0.000640644,0.000569689,-0.00056714,0.00232304,-1.46713e-05,0.00166679,9.32384e-05,-0.00186392,0.00171945,-0.0013628,-1.364e-05,0.0266656,-1.70978e-05,0.00104855,0.000226404,0.000297113,0.000775021,0.00166437,-1.50606e-05,0.025475,0.000291642,5.07789e-05,-7.72681e-06,5.979e-05,9.31473e-05,0.00105142,0.00028512,0.0466698,
0.00416239,-0.000338806,-0.000169667,0.000640867,-0.00186568,0.000230088,5.03488e-05,-0.000338899,0.000899285,-0.000630596,0.000569542,0.00172021,0.000295613,-7.38803e-06,-0.000169774,-0.000630469,0.00427329,-0.00056702,-0.00136431,0.000778322,5.95947e-05,0.000640656,0.000569688,-0.000567138,0.00232304,-1.46767e-05,0.00166679,9.32389e-05,-0.00186392,0.00171945,-0.0013628,-1.36453e-05,0.0266656,-1.70945e-05,0.00104856,0.000226397,0.000297114,0.000775019,0.00166437,-1.50573e-05,0.025475,0.000291646,5.07792e-05,-7.72697e-06,5.97908e-05,9.31477e-05,0.00105143,0.000285124,0.0466698,
0.00416238,-0.000338802,-0.000169661,0.000640879,-0.00186568,0.000230081,5.0349e-05,-0.000338895,0.000899284,-0.000630595,0.000569541,0.00172021,0.000295614,-7.38817e-06,-0.000169768,-0.000630469,0.00427329,-0.000567018,-0.00136432,0.00077832,5.95954e-05,0.000640668,0.000569687,-0.000567137,0.00232305,-1.46819e-05,0.00166679,9.32392e-05,-0.00186393,0.00171945,-0.00136281,-1.36506e-05,0.0266656,-1.70913e-05,0.00104857,0.00022639,0.000297115,0.000775017,0.00166438,-1.50541e-05,0.025475,0.000291649,5.07794e-05,-7.72711e-06,5.97915e-05,9.31481e-05,0.00105143,0.000285127,0.0466698,
0.00416237,-0.000338798,-0.000169656,0.00064089,-0.00186569,0.000230074,5.03492e-05,-0.000338891,0.000899283,-0.000630595,0.00056954,0.00172021,0.000295615,-7.38829e-06,-0.000169763,-0.000630468,0.00427329,-0.000567017,-0.00136432,0.000778318,5.95961e-05,0.000640679,0.000569686,-0.000567135,0.00232305,-1.4687e-05,0.00166679,9.32396e-05,-0.00186393,0.00171945,-0.00136281,-1.36557e-05,0.0266656,-1.7088e-05,0.00104857,0.000226384,0.000297116,0.000775015,0.00166438,-1.50509e-05,0.025475,0.000291652,5.07796e-05,-7.72722e-06,5.97922e-05,9.31485e-05,0.00105144,0.00028513,0.0466698,
0.00416236,-0.000338794,-0.00016965,0.000640902,-0.00186569,0.000230068,5.03494e-05,-0.000338887,0.000899282,-0.000630594,0.000569539,0.00172021,0.000295616,-7.38838e-06,-0.000169757,-0.000630468,0.00427329,-0.000567015,-0.00136433,0.000778316,5.95967e-05,0.000640691,0.000569685,-0.000567134,0.00232305,-1.46921e-05,0.00166679,9.32399e-05,-0.00186394,0.00171945,-0.00136282,-1.36608e-05,0.0266656,-1.70848e-05,0.00104858,0.000226377,0.000297117,0.000775013,0.00166438,-1.50476e-05,0.025475,0.000291654,5.07798e-05,-7.72732e-06,5.97928e-05,9.31488e-05,0.00105144,0.000285133,0.0466698,
0.00416235,-0.00033879,-0.000169644,0.000640913,-0.0018657,0.000230061,5.03495e-05,-0.000338883,0.000899281,-0.000630594,0.000569538,0.00172021,0.000295617,-7.38846e-06,-0.000169751,-0.000630467,0.00427329,-0.000567014,-0.00136433,0.000778314,5.95973e-05,0.000640702,0.000569684,-0.000567132,0.00232306,-1.46971e-05,0.00166679,9.32402e-05,-0.00186394,0.00171944,-0.00136282,-1.36657e-05,0.0266656,-1.70816e-05,0.00104858,0.000226371,0.000297118,0.000775011,0.00166438,-1.50444e-05,0.0254749,0.000291656,5.07799e-05,-7.72739e-06,5.97934e-05,9.3149e-05,0.00105144,0.000285135,0.0466698,
0.00416234,-0.000338786,-0.000169639,0.000640925,-0.0018657,0.000230055,5.03496e-05,-0.000338879,0.00089928,-0.000630593,0.000569537,0.00172021,0.000295618,-7.38853e-06,-0.000169746,-0.000630467,0.00427329,-0.000567012,-0.00136434,0.000778312,5.95978e-05,0.000640714,0.000569683,-0.000567131,0.00232306,-1.4702e-05,0.00166679,9.32404e-05,-0.00186395,0.00171944,-0.00136282,-1.36706e-05,0.0266656,-1.70784e-05,0.00104858,0.000226364,0.000297119,0.000775009,0.00166438,-1.50412e-05,0.0254749,0.000291658,5.078e-05,-7.72746e-06,5.97939e-05,9.31493e-05,0.00105145,0.000285137,0.0466698,
0.00416233,-0.000338782,-0.000169633,0.000640936,-0.0018657,0.000230048,5.03497e-05,-0.000338875,0.000899279,-0.000630593,0.000569536,0.00172021,0.000295619,-7.38858e-06,-0.00016974,-0.000630466,0.00427329,-0.000567011,-0.00136434,0.00077831,5.95983e-05,0.000640725,0.000569682,-0.00056713,0.00232306,-1.47068e-05,0.00166679,9.32406e-05,-0.00186395,0.00171944,-0.00136283,-1.36754e-05,0.0266656,-1.70751e-05,0.00104859,0.000226358,0.00029712,0.000775007,0.00166438,-1.5038e-05,0.0254749,0.000291659,5.07801e-05,-7.72751e-06,5.97944e-05,9.31495e-05,0.00105145,0.000285138,0.0466698,
0.00416232,-0.000338778,-0.000169628,0.000640947,-0.00186571,0.000230042,5.03498e-05,-0.000338871,0.000899278,-0.000630592,0.000569535,0.00172021,0.00029562,-7.38862e-06,-0.000169735,-0.000630466,0.00427329,-0.000567009,-0.00136434,0.000778308,5.95987e-05,0.000640736,0.000569681,-0.000567128,0.00232306,-1.47116e-05,0.00166679,9.32408e-05,-0.00186395,0.00171944,-0.00136283,-1.36802e-05,0.0266656,-1.70719e-05,0.00104859,0.000226352,0.00029712,0.000775005,0.00166438,-1.50348e-05,0.0254749,0.000291661,5.07802e-05,-7.72755e-06,5.97948e-05,9.31497e-05,0.00105145,0.000285139,0.0466698,
0.00416232,-0.000338774,-0.000169622,0.000640958,-0.00186571,0.000230036,5.03498e-05,-0.000338867,0.000899277,-0.000630592,0.000569534,0.0017202,0.000295621,-7.38865e-06,-0.000169729,-0.000630465,0.0042733,-0.000567008,-0.00136435,0.000778306,5.95991e-05,0.000640747,0.00056968,-0.000567127,0.00232307,-1.47163e-05,0.0016668,9.3241e-05,-0.00186396,0.00171944,-0.00136284,-1.36849e-05,0.0266656,-1.70687e-05,0.00104859,0.000226345,0.000297121,0.000775003,0.00166438,-1.50316e-05,0.0254749,0.000291662,5.07802e-05,-7.72757e-06,5.97952e-05,9.31499e-05,0.00105146,0.00028514,0.0466698,
0.00416231,-0.00033877,-0.000169617,0.000640969,-0.00186572,0.000230029,5.03499e-05,-0.000338863,0.000899276,-0.000630591,0.000569533,0.0017202,0.000295621,-7.38867e-06,-0.000169724,-0.000630465,0.0042733,-0.000567007,-0.00136435,0.000778304,5.95994e-05,0.000640758,0.000569679,-0.000567125,0.00232307,-1.4721e-05,0.0016668,9.32411e-05,-0.00186396,0.00171944,-0.00136284,-1.36896e-05,0.0266656,-1.70655e-05,0.00104859,0.000226339,0.000297122,0.000775001,0.00166438,-1.50284e-05,0.0254749,0.000291662,5.07803e-05,-7.72759e-06,5.97956e-05,9.315e-05,0.00105146,0.000285141,0.0466698,
0.0041623,-0.000338767,-0.000169612,0.00064098,-0.00186572,0.000230023,5.03499e-05,-0.000338859,0.000899275,-0.000630591,0.000569532,0.0017202,0.000295622,-7.38868e-06,-0.000169719,-0.000630464,0.0042733,-0.000567005,-0.00136436,0.000778302,5.95998e-05,0.000640769,0.000569678,-0.000567124,0.00232307,-1.47256e-05,0.0016668,9.32413e-05,-0.00186397,0.00171944,-0.00136284,-1.36942e-05,0.0266656,-1.70623e-05,0.0010486,0.000226333,0.000297123,0.000774999,0.00166438,-1.50252e-05,0.0254749,0.000291663,5.07803e-05,-7.7276e-06,5.97959e-05,9.31502e-05,0.00105146,0.000285142,0.0466698,
0.00416229,-0.000338763,-0.000169606,0.000640991,-0.00186573,0.000230017,5.03499e-05,-0.000338856,0.000899274,-0.00063059,0.000569531,0.0017202,0.000295623,-7.38869e-06,-0.000169713,-0.000630464,0.0042733,-0.000567004,-0.00136436,0.0007783,5.96001e-05,0.00064078,0.000569677,-0.000567122,0.00232308,-1.47302e-05,0.0016668,9.32414e-05,-0.00186397,0.00171944,-0.00136285,-1.36988e-05,0.0266656,-1.70591e-05,0.0010486,0.000226327,0.000297124,0.000774997,0.00166438,-1.5022e-05,0.0254749,0.000291664,5.07803e-05,-7.72761e-06,5.97962e-05,9.31503e-05,0.00105146,0.000285143,0.0466698,
0.00416228,-0.000338759,-0.000169601,0.000641002,-0.00186573,0.000230011,5.03499e-05,-0.000338852,0.000899273,-0.00063059,0.00056953,0.0017202,0.000295624,-7.38869e-06,-0.000169708,-0.000630463,0.0042733,-0.000567002,-0.00136436,0.000778298,5.96004e-05,0.000640791,0.000569676,-0.000567121,0.00232308,-1.47348e-05,0.0016668,9.32415e-05,-0.00186398,0.00171944,-0.00136285,-1.37034e-05,0.0266656,-1.70559e-05,0.0010486,0.000226321,0.000297125,0.000774995,0.00166438,-1.50188e-05,0.0254749,0.000291664,5.07803e-05,-7.72761e-06,5.97965e-05,9.31504e-05,0.00105146,0.000285143,0.0466698,
0.00416227,-0.000338755,-0.000169596,0.000641013,-0.00186574,0.000230005,5.03499e-05,-0.000338848,0.000899272,-0.000630589,0.000569529,0.0017202,0.000295625,-7.38868e-06,-0.000169703,-0.000630463,0.0042733,-0.000567001,-0.00136437,0.000778296,5.96007e-05,0.000640802,0.000569675,-0.00056712,0.00232308,-1.47394e-05,0.0016668,9.32416e-05,-0.00186398,0.00171943,-0.00136286,-1.3708e-05,0.0266656,-1.70527e-05,0.0010486,0.000226314,0.000297125,0.000774993,0.00166438,-1.50156e-05,0.0254749,0.000291664,5.07803e-05,-7.7276e-06,5.97968e-05,9.31505e-05,0.00105146,0.000285143,0.0466698,
0.00416227,-0.000338751,-0.00016959,0.000641023,-0.00186574,0.000229999,5.03499e-05,-0.000338844,0.000899271,-0.000630589,0.000569528,0.0017202,0.000295625,-7.38867e-06,-0.000169697,-0.000630462,0.0042733,-0.000567,-0.00136437,0.000778294,5.9601e-05,0.000640812,0.000569674,-0.000567118,0.00232309,-1.47439e-05,0.0016668,9.32417e-05,-0.00186399,0.00171943,-0.00136286,-1.37125e-05,0.0266656,-1.70495e-05,0.0010486,0.000226308,0.000297126,0.000774991,0.00166439,-1.50124e-05,0.0254749,0.000291665,5.07803e-05,-7.72759e-06,5.97971e-05,9.31506e-05,0.00105147,0.000285144,0.0466698,
0.00416226,-0.000338748,-0.000169585,0.000641034,-0.00186575,0.000229993,5.03499e-05,-0.00033884,0.00089927,-0.000630588,0.000569527,0.0017202,0.000295626,-7.38866e-06,-0.000169692,-0.000630462,0.0042733,-0.000566998,-0.00136438,0.000778291,5.96012e-05,0.000640823,0.000569673,-0.000567117,0.00232309,-1.47484e-05,0.0016668,9.32418e-05,-0.00186399,0.00171943,-0.00136286,-1.3717e-05,0.0266657,-1.70464e-05,0.0010486,0.000226302,0.000297127,0.000774989,0.00166439,-1.50092e-05,0.0254749,0.000291665,5.07803e-05,-7.72758e-06,5.97974e-05,9.31507e-05,0.00105147,0.000285144,0.0466698,
0.00416225,-0.000338744,-0.00016958,0.000641045,-0.00186575,0.000229987,5.03498e-05,-0.000338837,0.000899269,-0.000630588,0.000569526,0.0017202,0.000295627,-7.38864e-06,-0.000169687,-0.000630461,0.0042733,-0.000566997,-0.00136438,0.000778289,5.96015e-05,0.000640834,0.000569672,-0.000567116,0.00232309,-1.4753e-05,0.0016668,9.32419e-05,-0.001864,0.00171943,-0.00136287,-1.37216e-05,0.0266657,-1.70432e-05,0.0010486,0.000226296,0.000297128,0.000774987,0.00166439,-1.5006e-05,0.0254749,0.000291665,5.07802e-05,-7.72756e-06,5.97976e-05,9.31508e-05,0.00105147,0.000285144,0.0466698,
0.00416224,-0.00033874,-0.000169575,0.000641055,-0.00186575,0.000229981,5.03498e-05,-0.000338833,0.000899268,-0.000630587,0.000569525,0.0017202,0.000295628,-7.38862e-06,-0.000169682,-0.000630461,0.00427331,-0.000566995,-0.00136438,0.000778287,5.96017e-05,0.000640845,0.000569672,-0.000567114,0.00232309,-1.47575e-05,0.0016668,9.32419e-05,-0.001864,0.00171943,-0.00136287,-1.37261e-05,0.0266657,-1.704e-05,0.00104861,0.00022629,0.000297128,0.000774985,0.00166439,-1.50028e-05,0.0254749,0.000291665,5.07802e-05,-7.72754e-06,5.97978e-05,9.31508e-05,0.00105147,0.000285144,0.0466698,
