0.00355058,0.00039278,0.000136813,0.0010741,-0.00163711,-0.000282462,0.000129126,0.00039278,0.00107993,0.000852773,-0.000645539,0.00036099,0.000364062,6.92239e-05,0.000136813,0.000852773,0.00382849,-0.00057303,-0.00260191,-0.000642094,0.000116725,0.0010741,-0.000645539,-0.00057303,0.00275926,0.000149241,-0.000805963,-8.70988e-05,-0.00163711,0.00036099,-0.00260191,0.000149241,0.0269233,0.00115748,0.00118071,-0.000282462,0.000364062,-0.000642094,-0.000805963,0.00115748,0.0244059,0.000137748,0.000129126,6.92239e-05,0.000116725,-8.70988e-05,0.00118071,0.000137748,0.046694,
0.00354965,0.000392657,0.000137165,0.00107454,-0.00163667,-0.000282781,0.000129147,0.000392657,0.00107994,0.000852901,-0.000645392,0.00036109,0.000363833,6.92803e-05,0.000137165,0.000852901,0.00382852,-0.0005729,-0.00260193,-0.000641718,0.000116748,0.00107454,-0.000645392,-0.0005729,0.00275958,0.000149151,-0.000805296,-8.70427e-05,-0.00163667,0.00036109,-0.00260193,0.00014915,0.026923,0.00115729,0.0011813,-0.000282781,0.000363833,-0.000641718,-0.000805296,0.00115729,0.0244052,0.000137705,0.000129147,6.92803e-05,0.000116748,-8.70427e-05,0.0011813,0.000137705,0.0466941,
0.00354884,0.000392519,0.000137477,0.00107494,-0.00163628,-0.000282914,0.000129146,0.000392519,0.00107992,0.00085299,-0.000645275,0.000361192,0.000363716,6.93115e-05,0.000137477,0.00085299,0.00382859,-0.000572767,-0.00260195,-0.000641512,0.000116762,0.00107494,-0.000645275,-0.000572767,0.00275983,0.000149107,-0.000804863,-8.70024e-05,-0.00163628,0.000361192,-0.00260195,0.000149107,0.0269228,0.00115718,0.00118159,-0.000282914,0.000363716,-0.000641512,-0.000804863,0.00115718,0.0244049,0.000137664,0.000129146,6.93115e-05,0.000116762,-8.70024e-05,0.00118159,0.000137664,0.0466941,
0.00354815,0.000392377,0.000137756,0.00107529,-0.00163593,-0.000282942,0.000129133,0.000392377,0.00107989,0.000853051,-0.000645181,0.000361297,0.000363662,6.93279e-05,0.000137756,0.000853051,0.00382868,-0.000572637,-0.00260197,-0.000641399,0.000116771,0.00107529,-0.000645181,-0.000572637,0.00276005,0.000149086,-0.000804565,-8.69712e-05,-0.00163593,0.000361297,-0.00260197,0.000149086,0.0269227,0.0011571,0.00118172,-0.000282942,0.000363662,-0.000641399,-0.000804565,0.0011571,0.0244046,0.000137622,0.000129133,6.93279e-05,0.000116771,-8.69712e-05,0.00118172,0.000137622,0.0466941,
0.00354753,0.000392238,0.000138007,0.0010756,-0.00163561,-0.000282912,0.000129113,0.000392238,0.00107986,0.000853095,-0.000645104,0.000361401,0.000363642,6.93357e-05,0.000138007,0.000853095,0.00382879,-0.000572513,-0.00260199,-0.000641337,0.000116777,0.0010756,-0.000645104,-0.000572513,0.00276024,0.000149073,-0.000804349,-8.69455e-05,-0.00163561,0.000361401,-0.00260199,0.000149073,0.0269226,0.00115704,0.00118174,-0.000282912,0.000363642,-0.000641337,-0.000804349,0.00115704,0.0244045,0.000137578,0.000129113,6.93357e-05,0.000116777,-8.69455e-05,0.00118174,0.000137578,0.0466942,
0.00354699,0.000392105,0.000138232,0.00107587,-0.00163532,-0.000282852,0.000129089,0.000392105,0.00107982,0.000853126,-0.00064504,0.000361503,0.00036364,6.93384e-05,0.000138232,0.000853126,0.00382889,-0.000572398,-0.00260201,-0.000641302,0.000116779,0.00107587,-0.00064504,-0.000572398,0.00276041,0.000149064,-0.000804184,-8.69232e-05,-0.00163532,0.000361503,-0.00260201,0.000149064,0.0269225,0.00115699,0.0011817,-0.000282852,0.00036364,-0.000641302,-0.000804184,0.00115699,0.0244045,0.000137529,0.000129089,6.93384e-05,0.000116779,-8.69232e-05,0.0011817,0.000137529,0.0466942,
0.00354651,0.00039198,0.000138435,0.00107611,-0.00163505,-0.000282777,0.000129063,0.00039198,0.00107978,0.000853149,-0.000644986,0.0003616,0.000363647,6.93379e-05,0.000138435,0.000853149,0.003829,-0.000572291,-0.00260203,-0.000641282,0.00011678,0.00107611,-0.000644986,-0.000572291,0.00276056,0.000149055,-0.000804053,-8.69031e-05,-0.00163505,0.0003616,-0.00260203,0.000149055,0.0269224,0.00115695,0.00118161,-0.000282777,0.000363647,-0.000641282,-0.000804053,0.00115695,0.0244045,0.000137477,0.000129063,6.93379e-05,0.00011678,-8.69031e-05,0.00118161,0.000137477,0.0466942,
0.00354608,0.000391865,0.000138618,0.00107633,-0.00163481,-0.000282698,0.000129036,0.000391865,0.00107974,0.000853166,-0.000644939,0.000361692,0.000363659,6.93355e-05,0.000138618,0.000853166,0.00382909,-0.000572194,-0.00260205,-0.00064127,0.000116779,0.00107633,-0.000644939,-0.000572194,0.00276069,0.000149045,-0.000803944,-8.68843e-05,-0.00163481,0.000361692,-0.00260205,0.000149045,0.0269224,0.00115691,0.00118149,-0.000282698,0.000363659,-0.00064127,-0.000803944,0.00115691,0.0244045,0.000137421,0.000129036,6.93355e-05,0.000116779,-8.68843e-05,0.00118149,0.000137421,0.0466942,
0.0035457,0.000391759,0.000138783,0.00107653,-0.00163459,-0.000282619,0.000129007,0.000391759,0.00107971,0.00085318,-0.000644898,0.000361777,0.000363672,6.9332e-05,0.000138783,0.00085318,0.00382918,-0.000572105,-0.00260206,-0.000641261,0.000116776,0.00107653,-0.000644898,-0.000572105,0.00276081,0.000149035,-0.000803852,-8.68665e-05,-0.00163459,0.000361777,-0.00260206,0.000149035,0.0269224,0.00115688,0.00118135,-0.000282619,0.000363672,-0.000641261,-0.000803852,0.00115688,0.0244045,0.00013736,0.000129007,6.9332e-05,0.000116776,-8.68665e-05,0.00118135,0.00013736,0.0466943,
0.00354536,0.000391663,0.000138932,0.00107671,-0.00163439,-0.000282544,0.000128978,0.000391663,0.00107968,0.000853191,-0.000644862,0.000361856,0.000363686,6.93277e-05,0.000138932,0.000853191,0.00382927,-0.000572025,-0.00260208,-0.000641255,0.000116772,0.00107671,-0.000644862,-0.000572025,0.00276091,0.000149024,-0.000803771,-8.68494e-05,-0.00163439,0.000361856,-0.00260208,0.000149024,0.0269224,0.00115684,0.00118118,-0.000282544,0.000363686,-0.000641255,-0.000803771,0.00115684,0.0244046,0.000137296,0.000128978,6.93277e-05,0.000116772,-8.68494e-05,0.00118118,0.000137296,0.0466943,
0.00354504,0.000391575,0.000139067,0.00107686,-0.0016342,-0.000282473,0.000128948,0.000391575,0.00107965,0.0008532,-0.00064483,0.00036193,0.000363699,6.93228e-05,0.000139067,0.0008532,0.00382935,-0.000571951,-0.00260209,-0.000641249,0.000116766,0.00107686,-0.00064483,-0.000571951,0.00276101,0.000149013,-0.0008037,-8.68329e-05,-0.0016342,0.00036193,-0.00260209,0.000149013,0.0269224,0.00115681,0.00118101,-0.000282473,0.000363699,-0.000641249,-0.0008037,0.00115681,0.0244046,0.000137228,0.000128948,6.93228e-05,0.000116766,-8.68329e-05,0.00118101,0.000137228,0.0466943,
0.00354477,0.000391495,0.000139189,0.00107701,-0.00163403,-0.000282407,0.000128917,0.000391495,0.00107962,0.000853207,-0.000644802,0.000361997,0.000363711,6.93177e-05,0.000139189,0.000853207,0.00382942,-0.000571885,-0.00260211,-0.000641244,0.000116759,0.00107701,-0.000644802,-0.000571885,0.00276109,0.000149001,-0.000803636,-8.68167e-05,-0.00163403,0.000361997,-0.00260211,0.000149001,0.0269224,0.00115679,0.00118082,-0.000282407,0.000363711,-0.000641244,-0.000803636,0.00115679,0.0244047,0.000137157,0.000128917,6.93177e-05,0.000116759,-8.68167e-05,0.00118082,0.000137157,0.0466943,
0.00354451,0.000391423,0.000139299,0.00107713,-0.00163388,-0.000282347,0.000128886,0.000391423,0.0010796,0.000853214,-0.000644777,0.00036206,0.000363722,6.93123e-05,0.000139299,0.000853214,0.00382948,-0.000571825,-0.00260212,-0.000641238,0.000116752,0.00107713,-0.000644777,-0.000571825,0.00276117,0.000148988,-0.000803578,-8.68008e-05,-0.00163388,0.00036206,-0.00260212,0.000148988,0.0269225,0.00115676,0.00118061,-0.000282347,0.000363722,-0.000641238,-0.000803578,0.00115676,0.0244048,0.000137082,0.000128886,6.93123e-05,0.000116752,-8.68008e-05,0.00118061,0.000137082,0.0466944,
0.00354429,0.000391358,0.000139398,0.00107725,-0.00163374,-0.000282292,0.000128855,0.000391358,0.00107957,0.00085322,-0.000644755,0.000362117,0.000363732,6.93067e-05,0.000139398,0.00085322,0.00382954,-0.000571771,-0.00260212,-0.000641232,0.000116743,0.00107725,-0.000644755,-0.000571771,0.00276124,0.000148976,-0.000803525,-8.67851e-05,-0.00163374,0.000362117,-0.00260212,0.000148976,0.0269225,0.00115674,0.0011804,-0.000282292,0.000363732,-0.000641232,-0.000803525,0.00115674,0.0244049,0.000137004,0.000128855,6.93067e-05,0.000116743,-8.67851e-05,0.0011804,0.000137004,0.0466944,
0.00354408,0.000391299,0.000139489,0.00107736,-0.00163361,-0.000282242,0.000128824,0.000391299,0.00107955,0.000853225,-0.000644735,0.00036217,0.000363741,6.9301e-05,0.000139489,0.000853225,0.00382959,-0.000571722,-0.00260213,-0.000641225,0.000116733,0.00107736,-0.000644735,-0.000571722,0.00276131,0.000148963,-0.000803476,-8.67697e-05,-0.00163361,0.00036217,-0.00260213,0.000148963,0.0269226,0.00115672,0.00118018,-0.000282242,0.000363741,-0.000641225,-0.000803476,0.00115672,0.0244049,0.000136924,0.000128824,6.9301e-05,0.000116733,-8.67697e-05,0.00118018,0.000136924,0.0466944,
0.00354389,0.000391245,0.000139571,0.00107745,-0.00163349,-0.000282197,0.000128792,0.000391245,0.00107953,0.00085323,-0.000644717,0.000362219,0.000363748,6.92952e-05,0.000139571,0.00085323,0.00382964,-0.000571678,-0.00260214,-0.000641218,0.000116723,0.00107745,-0.000644717,-0.000571678,0.00276137,0.00014895,-0.000803431,-8.67544e-05,-0.00163349,0.000362219,-0.00260214,0.00014895,0.0269227,0.0011567,0.00117995,-0.000282197,0.000363748,-0.000641218,-0.000803431,0.0011567,0.024405,0.000136841,0.000128792,6.92952e-05,0.000116723,-8.67544e-05,0.00117995,0.000136841,0.0466945,
0.00354373,0.000391197,0.000139645,0.00107754,-0.00163338,-0.000282156,0.000128759,0.000391197,0.00107952,0.000853234,-0.000644701,0.000362265,0.000363754,6.92893e-05,0.000139645,0.000853234,0.00382969,-0.000571637,-0.00260214,-0.00064121,0.000116712,0.00107754,-0.000644701,-0.000571637,0.00276142,0.000148937,-0.000803389,-8.67392e-05,-0.00163338,0.000362265,-0.00260214,0.000148937,0.0269227,0.00115668,0.00117971,-0.000282156,0.000363754,-0.00064121,-0.000803389,0.00115668,0.0244051,0.000136755,0.000128759,6.92893e-05,0.000116712,-8.67392e-05,0.00117971,0.000136755,0.0466945,
0.00354357,0.000391153,0.000139713,0.00107761,-0.00163328,-0.000282119,0.000128727,0.000391153,0.0010795,0.000853238,-0.000644686,0.000362307,0.000363759,6.92833e-05,0.000139713,0.000853238,0.00382973,-0.000571601,-0.00260214,-0.000641202,0.0001167,0.00107761,-0.000644686,-0.000571601,0.00276147,0.000148924,-0.000803351,-8.67241e-05,-0.00163328,0.000362307,-0.00260214,0.000148924,0.0269228,0.00115666,0.00117947,-0.000282119,0.000363759,-0.000641202,-0.000803351,0.00115666,0.0244052,0.000136667,0.000128727,6.92833e-05,0.0001167,-8.67241e-05,0.00117947,0.000136667,0.0466945,
0.00354344,0.000391113,0.000139775,0.00107768,-0.00163319,-0.000282085,0.000128694,0.000391113,0.00107949,0.000853241,-0.000644673,0.000362346,0.000363764,6.92772e-05,0.000139775,0.000853241,0.00382976,-0.000571568,-0.00260215,-0.000641193,0.000116688,0.00107768,-0.000644673,-0.000571568,0.00276151,0.000148911,-0.000803315,-8.67091e-05,-0.00163319,0.000362346,-0.00260215,0.000148911,0.0269229,0.00115665,0.00117922,-0.000282085,0.000363764,-0.000641193,-0.000803315,0.00115665,0.0244054,0.000136577,0.000128694,6.92772e-05,0.000116688,-8.67091e-05,0.00117922,0.000136577,0.0466945,
0.00354331,0.000391077,0.000139831,0.00107775,-0.0016331,-0.000282055,0.000128661,0.000391077,0.00107948,0.000853244,-0.000644661,0.000362383,0.000363767,6.92711e-05,0.000139831,0.000853244,0.0038298,-0.000571538,-0.00260215,-0.000641184,0.000116675,0.00107775,-0.000644661,-0.000571538,0.00276155,0.000148898,-0.000803281,-8.66941e-05,-0.0016331,0.000362383,-0.00260215,0.000148898,0.026923,0.00115663,0.00117896,-0.000282055,0.000363767,-0.000641184,-0.000803281,0.00115663,0.0244055,0.000136485,0.000128661,6.92711e-05,0.000116675,-8.66941e-05,0.00117896,0.000136485,0.0466946,
0.00354319,0.000391044,0.000139883,0.00107781,-0.00163302,-0.000282027,0.000128627,0.000391044,0.00107947,0.000853247,-0.00064465,0.000362417,0.00036377,6.92649e-05,0.000139883,0.000853247,0.00382983,-0.00057151,-0.00260215,-0.000641174,0.000116662,0.00107781,-0.00064465,-0.00057151,0.00276159,0.000148884,-0.000803249,-8.66792e-05,-0.00163302,0.000362417,-0.00260215,0.000148884,0.0269231,0.00115662,0.0011787,-0.000282027,0.00036377,-0.000641174,-0.000803249,0.00115662,0.0244056,0.000136391,0.000128627,6.92649e-05,0.000116662,-8.66792e-05,0.0011787,0.000136391,0.0466946,
0.00354309,0.000391014,0.00013993,0.00107786,-0.00163294,-0.000282002,0.000128594,0.000391014,0.00107945,0.00085325,-0.000644641,0.000362449,0.000363772,6.92586e-05,0.00013993,0.00085325,0.00382985,-0.000571486,-0.00260215,-0.000641164,0.000116648,0.00107786,-0.000644641,-0.000571486,0.00276162,0.000148871,-0.000803218,-8.66643e-05,-0.00163294,0.000362449,-0.00260215,0.000148871,0.0269232,0.00115661,0.00117844,-0.000282002,0.000363772,-0.000641164,-0.000803218,0.00115661,0.0244057,0.000136295,0.000128594,6.92586e-05,0.000116648,-8.66643e-05,0.00117844,0.000136295,0.0466946,
0.003543,0.000390987,0.000139973,0.00107791,-0.00163287,-0.00028198,0.00012856,0.000390987,0.00107945,0.000853252,-0.000644632,0.000362479,0.000363774,6.92523e-05,0.000139973,0.000853252,0.00382988,-0.000571463,-0.00260215,-0.000641154,0.000116634,0.00107791,-0.000644632,-0.000571463,0.00276165,0.000148858,-0.00080319,-8.66495e-05,-0.00163287,0.000362479,-0.00260215,0.000148858,0.0269233,0.0011566,0.00117816,-0.00028198,0.000363774,-0.000641154,-0.00080319,0.0011566,0.0244058,0.000136198,0.00012856,6.92523e-05,0.000116634,-8.66495e-05,0.00117816,0.000136198,0.0466947,
0.00354291,0.000390962,0.000140012,0.00107795,-0.00163281,-0.000281959,0.000128526,0.000390962,0.00107944,0.000853255,-0.000644624,0.000362507,0.000363775,6.9246e-05,0.000140012,0.000853255,0.0038299,-0.000571442,-0.00260214,-0.000641143,0.000116619,0.00107795,-0.000644624,-0.000571442,0.00276168,0.000148844,-0.000803163,-8.66347e-05,-0.00163281,0.000362507,-0.00260214,0.000148844,0.0269235,0.00115659,0.00117789,-0.000281959,0.000363775,-0.000641143,-0.000803163,0.00115659,0.024406,0.000136099,0.000128526,6.9246e-05,0.000116619,-8.66347e-05,0.00117789,0.000136099,0.0466947,
0.00354283,0.000390939,0.000140049,0.00107799,-0.00163274,-0.00028194,0.000128491,0.000390939,0.00107943,0.000853257,-0.000644617,0.000362534,0.000363775,6.92395e-05,0.000140049,0.000853257,0.00382992,-0.000571423,-0.00260214,-0.000641132,0.000116604,0.00107799,-0.000644617,-0.000571423,0.00276171,0.000148831,-0.000803137,-8.66198e-05,-0.00163274,0.000362534,-0.00260214,0.000148831,0.0269236,0.00115658,0.00117761,-0.00028194,0.000363775,-0.000641132,-0.000803137,0.00115658,0.0244061,0.000135999,0.000128491,6.92395e-05,0.000116604,-8.66198e-05,0.00117761,0.000135999,0.0466947,
0.00354276,0.000390919,0.000140083,0.00107803,-0.00163268,-0.000281923,0.000128457,0.000390919,0.00107942,0.000853259,-0.000644611,0.00036256,0.000363775,6.92331e-05,0.000140083,0.000853259,0.00382994,-0.000571406,-0.00260214,-0.000641121,0.000116589,0.00107803,-0.000644611,-0.000571406,0.00276173,0.000148817,-0.000803112,-8.6605e-05,-0.00163268,0.00036256,-0.00260214,0.000148817,0.0269237,0.00115657,0.00117732,-0.000281923,0.000363775,-0.000641121,-0.000803112,0.00115657,0.0244062,0.000135898,0.000128457,6.92331e-05,0.000116589,-8.6605e-05,0.00117732,0.000135898,0.0466948,
0.00354269,0.0003909,0.000140114,0.00107806,-0.00163263,-0.000281908,0.000128422,0.0003909,0.00107942,0.000853261,-0.000644605,0.000362584,0.000363775,6.92266e-05,0.000140114,0.000853261,0.00382996,-0.00057139,-0.00260213,-0.000641109,0.000116574,0.00107806,-0.000644605,-0.00057139,0.00276175,0.000148803,-0.000803088,-8.65901e-05,-0.00163263,0.000362584,-0.00260213,0.000148803,0.0269238,0.00115656,0.00117704,-0.000281908,0.000363775,-0.000641109,-0.000803088,0.00115656,0.0244063,0.000135796,0.000128422,6.92266e-05,0.000116574,-8.65901e-05,0.00117704,0.000135796,0.0466948,
0.00354263,0.000390882,0.000140143,0.00107809,-0.00163258,-0.000281894,0.000128387,0.000390882,0.00107941,0.000853262,-0.000644599,0.000362607,0.000363774,6.922e-05,0.000140143,0.000853262,0.00382998,-0.000571375,-0.00260213,-0.000641098,0.000116558,0.00107809,-0.000644599,-0.000571375,0.00276177,0.00014879,-0.000803065,-8.65753e-05,-0.00163258,0.000362607,-0.00260213,0.00014879,0.026924,0.00115655,0.00117675,-0.000281894,0.000363774,-0.000641098,-0.000803065,0.00115655,0.0244065,0.000135692,0.000128387,6.922e-05,0.000116558,-8.65753e-05,0.00117675,0.000135692,0.0466948,
0.00354257,0.000390866,0.000140169,0.00107812,-0.00163252,-0.000281881,0.000128351,0.000390866,0.0010794,0.000853264,-0.000644595,0.000362629,0.000363773,6.92134e-05,0.000140169,0.000853264,0.00382999,-0.000571362,-0.00260213,-0.000641086,0.000116542,0.00107812,-0.000644595,-0.000571362,0.00276179,0.000148776,-0.000803043,-8.65604e-05,-0.00163252,0.000362629,-0.00260213,0.000148776,0.0269241,0.00115655,0.00117645,-0.000281881,0.000363773,-0.000641086,-0.000803043,0.00115655,0.0244066,0.000135587,0.000128351,6.92134e-05,0.000116542,-8.65604e-05,0.00117645,0.000135587,0.0466949,
0.00354252,0.000390851,0.000140194,0.00107815,-0.00163248,-0.000281869,0.000128316,0.000390851,0.0010794,0.000853266,-0.00064459,0.000362651,0.000363772,6.92068e-05,0.000140194,0.000853266,0.00383001,-0.000571349,-0.00260212,-0.000641073,0.000116525,0.00107815,-0.00064459,-0.000571349,0.00276181,0.000148762,-0.000803022,-8.65456e-05,-0.00163248,0.000362651,-0.00260212,0.000148762,0.0269242,0.00115654,0.00117616,-0.000281869,0.000363772,-0.000641073,-0.000803022,0.00115654,0.0244068,0.000135482,0.000128316,6.92068e-05,0.000116525,-8.65456e-05,0.00117616,0.000135482,0.0466949,
0.00354247,0.000390838,0.000140218,0.00107817,-0.00163243,-0.000281858,0.00012828,0.000390838,0.0010794,0.000853267,-0.000644586,0.000362671,0.00036377,6.92002e-05,0.000140218,0.000853267,0.00383002,-0.000571337,-0.00260211,-0.000641061,0.000116509,0.00107817,-0.000644586,-0.000571337,0.00276182,0.000148748,-0.000803001,-8.65307e-05,-0.00163243,0.000362671,-0.00260211,0.000148748,0.0269244,0.00115653,0.00117586,-0.000281858,0.00036377,-0.000641061,-0.000803001,0.00115653,0.0244069,0.000135375,0.00012828,6.92002e-05,0.000116509,-8.65307e-05,0.00117586,0.000135375,0.0466949,
0.00354242,0.000390825,0.00014024,0.0010782,-0.00163239,-0.000281849,0.000128245,0.000390825,0.00107939,0.000853268,-0.000644583,0.000362691,0.000363768,6.91935e-05,0.00014024,0.000853268,0.00383003,-0.000571327,-0.00260211,-0.000641049,0.000116492,0.0010782,-0.000644583,-0.000571327,0.00276184,0.000148734,-0.000802981,-8.65158e-05,-0.00163239,0.000362691,-0.00260211,0.000148734,0.0269245,0.00115653,0.00117556,-0.000281849,0.000363768,-0.000641049,-0.000802981,0.00115653,0.024407,0.000135268,0.000128245,6.91935e-05,0.000116492,-8.65158e-05,0.00117556,0.000135268,0.046695,
0.00354238,0.000390813,0.00014026,0.00107822,-0.00163234,-0.000281839,0.000128209,0.000390813,0.00107939,0.00085327,-0.000644579,0.00036271,0.000363766,6.91868e-05,0.00014026,0.00085327,0.00383005,-0.000571317,-0.0026021,-0.000641036,0.000116475,0.00107822,-0.000644579,-0.000571317,0.00276186,0.00014872,-0.000802962,-8.65008e-05,-0.00163234,0.00036271,-0.0026021,0.00014872,0.0269246,0.00115652,0.00117526,-0.000281839,0.000363766,-0.000641036,-0.000802962,0.00115652,0.0244072,0.00013516,0.000128209,6.91868e-05,0.000116475,-8.65008e-05,0.00117526,0.00013516,0.046695,
0.00354234,0.000390802,0.00014028,0.00107824,-0.0016323,-0.000281831,0.000128173,0.000390802,0.00107938,0.000853271,-0.000644576,0.000362729,0.000363764,6.918e-05,0.00014028,0.000853271,0.00383006,-0.000571307,-0.0026021,-0.000641023,0.000116458,0.00107824,-0.000644576,-0.000571307,0.00276187,0.000148706,-0.000802943,-8.64859e-05,-0.0016323,0.000362729,-0.0026021,0.000148706,0.0269248,0.00115652,0.00117495,-0.000281831,0.000363764,-0.000641023,-0.000802943,0.00115652,0.0244073,0.000135052,0.000128173,6.918e-05,0.000116458,-8.64859e-05,0.00117495,0.000135052,0.046695,
0.0035423,0.000390792,0.000140298,0.00107826,-0.00163226,-0.000281823,0.000128136,0.000390792,0.00107938,0.000853272,-0.000644574,0.000362747,0.000363761,6.91732e-05,0.000140298,0.000853272,0.00383007,-0.000571299,-0.00260209,-0.000641011,0.000116441,0.00107826,-0.000644574,-0.000571299,0.00276188,0.000148692,-0.000802924,-8.64709e-05,-0.00163226,0.000362747,-0.00260209,0.000148692,0.0269249,0.00115651,0.00117464,-0.000281823,0.000363761,-0.000641011,-0.000802924,0.00115651,0.0244075,0.000134942,0.000128136,6.91732e-05,0.000116441,-8.64709e-05,0.00117464,0.000134942,0.0466951,
0.00354227,0.000390783,0.000140315,0.00107827,-0.00163222,-0.000281816,0.0001281,0.000390783,0.00107938,0.000853273,-0.000644571,0.000362765,0.000363759,6.91664e-05,0.000140315,0.000853273,0.00383008,-0.00057129,-0.00260208,-0.000640998,0.000116424,0.00107827,-0.000644571,-0.00057129,0.00276189,0.000148678,-0.000802906,-8.64559e-05,-0.00163222,0.000362765,-0.00260208,0.000148678,0.0269251,0.00115651,0.00117434,-0.000281816,0.000363759,-0.000640998,-0.000802906,0.00115651,0.0244076,0.000134832,0.0001281,6.91664e-05,0.000116424,-8.64559e-05,0.00117434,0.000134832,0.0466951,
0.00354223,0.000390773,0.000140332,0.00107829,-0.00163218,-0.000281809,0.000128064,0.000390773,0.00107937,0.000853275,-0.000644569,0.000362782,0.000363756,6.91596e-05,0.000140332,0.000853275,0.00383009,-0.000571283,-0.00260208,-0.000640985,0.000116406,0.00107829,-0.000644569,-0.000571283,0.00276191,0.000148664,-0.000802888,-8.64409e-05,-0.00163218,0.000362782,-0.00260208,0.000148664,0.0269252,0.0011565,0.00117403,-0.000281809,0.000363756,-0.000640985,-0.000802888,0.0011565,0.0244078,0.000134722,0.000128064,6.91596e-05,0.000116406,-8.64409e-05,0.00117403,0.000134722,0.0466951,
0.0035422,0.000390765,0.000140348,0.00107831,-0.00163215,-0.000281803,0.000128027,0.000390765,0.00107937,0.000853276,-0.000644566,0.000362799,0.000363753,6.91528e-05,0.000140348,0.000853276,0.0038301,-0.000571275,-0.00260207,-0.000640971,0.000116389,0.00107831,-0.000644566,-0.000571275,0.00276192,0.00014865,-0.00080287,-8.64259e-05,-0.00163215,0.000362799,-0.00260207,0.00014865,0.0269254,0.0011565,0.00117371,-0.000281803,0.000363753,-0.000640971,-0.00080287,0.0011565,0.0244079,0.000134611,0.000128027,6.91528e-05,0.000116389,-8.64259e-05,0.00117371,0.000134611,0.0466952,
0.00354217,0.000390757,0.000140363,0.00107832,-0.00163211,-0.000281797,0.00012799,0.000390757,0.00107937,0.000853277,-0.000644564,0.000362816,0.00036375,6.91459e-05,0.000140363,0.000853277,0.0038301,-0.000571268,-0.00260206,-0.000640958,0.000116371,0.00107832,-0.000644564,-0.000571268,0.00276193,0.000148635,-0.000802852,-8.64108e-05,-0.00163211,0.000362816,-0.00260206,0.000148635,0.0269255,0.00115649,0.0011734,-0.000281797,0.00036375,-0.000640958,-0.000802852,0.00115649,0.0244081,0.0001345,0.00012799,6.91459e-05,0.000116371,-8.64108e-05,0.0011734,0.0001345,0.0466952,
0.00354214,0.000390749,0.000140377,0.00107834,-0.00163208,-0.000281792,0.000127954,0.000390749,0.00107937,0.000853278,-0.000644563,0.000362832,0.000363747,6.9139e-05,0.000140377,0.000853278,0.00383011,-0.000571262,-0.00260206,-0.000640945,0.000116353,0.00107834,-0.000644563,-0.000571262,0.00276194,0.000148621,-0.000802835,-8.63958e-05,-0.00163208,0.000362832,-0.00260206,0.000148621,0.0269257,0.00115649,0.00117309,-0.000281792,0.000363747,-0.000640945,-0.000802835,0.00115649,0.0244082,0.000134388,0.000127954,6.9139e-05,0.000116353,-8.63958e-05,0.00117309,0.000134388,0.0466952,
0.00354212,0.000390742,0.000140391,0.00107835,-0.00163204,-0.000281787,0.000127917,0.000390742,0.00107936,0.000853279,-0.000644561,0.000362848,0.000363744,6.91321e-05,0.000140391,0.000853279,0.00383012,-0.000571255,-0.00260205,-0.000640932,0.000116335,0.00107835,-0.000644561,-0.000571255,0.00276195,0.000148607,-0.000802818,-8.63807e-05,-0.00163204,0.000362848,-0.00260205,0.000148607,0.0269258,0.00115648,0.00117277,-0.000281787,0.000363744,-0.000640932,-0.000802818,0.00115648,0.0244084,0.000134275,0.000127917,6.91321e-05,0.000116335,-8.63807e-05,0.00117277,0.000134275,0.0466953,
0.00354209,0.000390735,0.000140405,0.00107836,-0.00163201,-0.000281782,0.00012788,0.000390735,0.00107936,0.00085328,-0.000644559,0.000362864,0.000363741,6.91252e-05,0.000140405,0.00085328,0.00383013,-0.000571249,-0.00260204,-0.000640918,0.000116317,0.00107836,-0.000644559,-0.000571249,0.00276196,0.000148592,-0.000802801,-8.63656e-05,-0.00163201,0.000362864,-0.00260204,0.000148592,0.026926,0.00115648,0.00117246,-0.000281782,0.000363741,-0.000640918,-0.000802801,0.00115648,0.0244085,0.000134163,0.00012788,6.91252e-05,0.000116317,-8.63656e-05,0.00117246,0.000134163,0.0466953,
0.00354207,0.000390729,0.000140418,0.00107837,-0.00163197,-0.000281777,0.000127843,0.000390729,0.00107936,0.000853281,-0.000644558,0.00036288,0.000363737,6.91183e-05,0.000140418,0.000853281,0.00383013,-0.000571244,-0.00260203,-0.000640905,0.000116299,0.00107837,-0.000644558,-0.000571244,0.00276197,0.000148578,-0.000802785,-8.63504e-05,-0.00163197,0.00036288,-0.00260203,0.000148578,0.0269261,0.00115647,0.00117214,-0.000281777,0.000363737,-0.000640905,-0.000802785,0.00115647,0.0244087,0.00013405,0.000127843,6.91183e-05,0.000116299,-8.63504e-05,0.00117214,0.00013405,0.0466953,
0.00354204,0.000390722,0.00014043,0.00107839,-0.00163194,-0.000281773,0.000127806,0.000390722,0.00107936,0.000853282,-0.000644556,0.000362895,0.000363734,6.91113e-05,0.00014043,0.000853282,0.00383014,-0.000571238,-0.00260203,-0.000640891,0.000116281,0.00107839,-0.000644556,-0.000571238,0.00276198,0.000148564,-0.000802768,-8.63353e-05,-0.00163194,0.000362895,-0.00260203,0.000148564,0.0269263,0.00115647,0.00117182,-0.000281773,0.000363734,-0.000640891,-0.000802768,0.00115647,0.0244088,0.000133936,0.000127806,6.91113e-05,0.000116281,-8.63353e-05,0.00117182,0.000133936,0.0466954,
0.00354202,0.000390716,0.000140443,0.0010784,-0.00163191,-0.000281769,0.000127768,0.000390716,0.00107936,0.000853283,-0.000644555,0.000362911,0.00036373,6.91044e-05,0.000140443,0.000853283,0.00383015,-0.000571233,-0.00260202,-0.000640878,0.000116263,0.0010784,-0.000644555,-0.000571233,0.00276198,0.000148549,-0.000802752,-8.63201e-05,-0.00163191,0.000362911,-0.00260202,0.000148549,0.0269264,0.00115647,0.0011715,-0.000281769,0.00036373,-0.000640878,-0.000802752,0.00115647,0.024409,0.000133823,0.000127768,6.91044e-05,0.000116263,-8.63201e-05,0.0011715,0.000133823,0.0466954,
0.003542,0.00039071,0.000140455,0.00107841,-0.00163187,-0.000281765,0.000127731,0.00039071,0.00107935,0.000853283,-0.000644554,0.000362926,0.000363727,6.90974e-05,0.000140455,0.000853283,0.00383016,-0.000571227,-0.00260201,-0.000640864,0.000116245,0.00107841,-0.000644554,-0.000571227,0.00276199,0.000148535,-0.000802736,-8.6305e-05,-0.00163187,0.000362926,-0.00260201,0.000148535,0.0269266,0.00115646,0.00117118,-0.000281765,0.000363727,-0.000640864,-0.000802736,0.00115646,0.0244091,0.000133709,0.000127731,6.90974e-05,0.000116245,-8.6305e-05,0.00117118,0.000133709,0.0466954,
0.00354197,0.000390705,0.000140466,0.00107842,-0.00163184,-0.000281761,0.000127694,0.000390705,0.00107935,0.000853284,-0.000644552,0.000362941,0.000363723,6.90904e-05,0.000140466,0.000853284,0.00383016,-0.000571222,-0.002602,-0.00064085,0.000116227,0.00107842,-0.000644552,-0.000571222,0.002762,0.00014852,-0.000802719,-8.62898e-05,-0.00163184,0.000362941,-0.002602,0.00014852,0.0269267,0.00115646,0.00117086,-0.000281761,0.000363723,-0.00064085,-0.000802719,0.00115646,0.0244093,0.000133595,0.000127694,6.90904e-05,0.000116227,-8.62898e-05,0.00117086,0.000133595,0.0466955,
0.00354195,0.000390699,0.000140478,0.00107843,-0.00163181,-0.000281757,0.000127656,0.000390699,0.00107935,0.000853285,-0.000644551,0.000362956,0.00036372,6.90834e-05,0.000140478,0.000853285,0.00383017,-0.000571218,-0.002602,-0.000640837,0.000116208,0.00107843,-0.000644551,-0.000571218,0.00276201,0.000148506,-0.000802703,-8.62746e-05,-0.00163181,0.000362956,-0.002602,0.000148506,0.0269269,0.00115646,0.00117054,-0.000281757,0.00036372,-0.000640837,-0.000802703,0.00115646,0.0244094,0.00013348,0.000127656,6.90834e-05,0.000116208,-8.62746e-05,0.00117054,0.00013348,0.0466955,
0.00354193,0.000390694,0.000140489,0.00107844,-0.00163178,-0.000281754,0.000127619,0.000390694,0.00107935,0.000853286,-0.00064455,0.000362971,0.000363716,6.90764e-05,0.000140489,0.000853286,0.00383017,-0.000571213,-0.00260199,-0.000640823,0.00011619,0.00107844,-0.00064455,-0.000571213,0.00276202,0.000148492,-0.000802687,-8.62593e-05,-0.00163178,0.000362971,-0.00260199,0.000148492,0.0269271,0.00115645,0.00117022,-0.000281754,0.000363716,-0.000640823,-0.000802687,0.00115645,0.0244096,0.000133365,0.000127619,6.90764e-05,0.00011619,-8.62593e-05,0.00117022,0.000133365,0.0466955,
0.00354191,0.000390688,0.0001405,0.00107845,-0.00163175,-0.00028175,0.000127581,0.000390688,0.00107935,0.000853287,-0.000644549,0.000362986,0.000363713,6.90694e-05,0.0001405,0.000853287,0.00383018,-0.000571208,-0.00260198,-0.000640809,0.000116172,0.00107845,-0.000644549,-0.000571208,0.00276203,0.000148477,-0.000802672,-8.62441e-05,-0.00163175,0.000362986,-0.00260198,0.000148477,0.0269272,0.00115645,0.00116989,-0.00028175,0.000363713,-0.000640809,-0.000802672,0.00115645,0.0244097,0.00013325,0.000127581,6.90694e-05,0.000116172,-8.62441e-05,0.00116989,0.00013325,0.0466956,
0.00354192,0.000390676,0.000140588,0.00107851,-0.00163164,-0.000282531,0.000127625,0.000390704,0.00107934,0.000853359,-0.000644498,0.000363074,0.000362973,6.91382e-05,0.000140465,0.000853302,0.00383003,-0.000571316,-0.00260214,-0.000639149,0.000115984,0.00107842,-0.000644537,-0.000571328,0.00276195,0.000148334,-0.000801373,-8.6361e-05,-0.00163197,0.000363078,-0.00260283,0.000147861,0.0269265,0.00116527,0.00116866,-0.000280777,0.000363409,-0.00063745,-0.000800313,0.00115989,0.0243755,0.000136679,0.000127533,6.90657e-05,0.000116116,-8.62549e-05,0.00116953,0.000133518,0.0466956,
0.0035419,0.000390671,0.000140598,0.00107852,-0.00163161,-0.000282529,0.000127594,0.000390699,0.00107934,0.00085336,-0.000644497,0.000363088,0.00036297,6.91326e-05,0.000140475,0.000853303,0.00383003,-0.000571311,-0.00260213,-0.000639136,0.000115969,0.00107843,-0.000644536,-0.000571324,0.00276195,0.000148321,-0.000801358,-8.63485e-05,-0.00163194,0.000363091,-0.00260282,0.000147848,0.0269266,0.00116527,0.0011684,-0.000280774,0.000363406,-0.000637437,-0.000800298,0.00115989,0.0243756,0.000136587,0.000127503,6.90601e-05,0.000116101,-8.62424e-05,0.00116927,0.000133425,0.0466956,
0.00354188,0.000390666,0.000140608,0.00107853,-0.00163158,-0.000282526,0.000127569,0.000390693,0.00107934,0.000853361,-0.000644496,0.000363099,0.000362966,6.9128e-05,0.000140485,0.000853303,0.00383004,-0.000571307,-0.00260213,-0.000639125,0.000115956,0.00107844,-0.000644535,-0.000571319,0.00276196,0.00014831,-0.000801345,-8.63379e-05,-0.00163191,0.000363103,-0.00260282,0.000147837,0.0269267,0.00116526,0.00116818,-0.000280771,0.000363402,-0.000637426,-0.000800285,0.00115988,0.0243757,0.00013651,0.000127477,6.90555e-05,0.000116089,-8.62318e-05,0.00116906,0.000133347,0.0466956,
0.00354186,0.000390661,0.000140618,0.00107854,-0.00163156,-0.000282523,0.000127547,0.000390688,0.00107933,0.000853361,-0.000644495,0.00036311,0.000362964,6.9124e-05,0.000140495,0.000853304,0.00383004,-0.000571302,-0.00260212,-0.000639115,0.000115946,0.00107845,-0.000644534,-0.000571315,0.00276197,0.0001483,-0.000801333,-8.63287e-05,-0.00163189,0.000363113,-0.00260282,0.000147827,0.0269268,0.00116526,0.001168,-0.000280768,0.0003634,-0.000637416,-0.000800273,0.00115988,0.0243758,0.000136442,0.000127455,6.90514e-05,0.000116078,-8.62226e-05,0.00116887,0.00013328,0.0466956,
0.00354185,0.000390653,0.000140659,0.00107857,-0.00163151,-0.000282838,0.00012756,0.000390691,0.00107933,0.000853391,-0.000644474,0.00036315,0.000362662,6.91512e-05,0.000140486,0.00085331,0.00382998,-0.000571344,-0.00260219,-0.000638437,0.000115867,0.00107845,-0.000644528,-0.000571361,0.00276194,0.000148238,-0.000800801,-8.63743e-05,-0.00163197,0.000363155,-0.00260316,0.000147573,0.0269265,0.00116885,0.00116746,-0.00028037,0.000363276,-0.000636047,-0.00079931,0.00116128,0.0243619,0.000137827,0.000127431,6.90492e-05,0.000116054,-8.62249e-05,0.00116868,0.000133375,0.0466956,
0.00354183,0.000390647,0.000140668,0.00107858,-0.00163149,-0.000282835,0.000127545,0.000390686,0.00107933,0.000853391,-0.000644472,0.000363159,0.000362661,6.91486e-05,0.000140496,0.000853311,0.00382999,-0.000571339,-0.00260219,-0.00063843,0.00011586,0.00107846,-0.000644527,-0.000571357,0.00276195,0.00014823,-0.000800792,-8.6368e-05,-0.00163195,0.000363163,-0.00260316,0.000147565,0.0269266,0.00116884,0.00116733,-0.000280367,0.000363274,-0.00063604,-0.0007993,0.00116128,0.0243619,0.000137784,0.000127416,6.90465e-05,0.000116047,-8.62186e-05,0.00116856,0.00013333,0.0466957,
0.00354181,0.000390642,0.000140677,0.00107859,-0.00163147,-0.000282831,0.000127535,0.000390681,0.00107933,0.000853392,-0.000644471,0.000363166,0.000362659,6.91467e-05,0.000140505,0.000853311,0.00382999,-0.000571335,-0.00260219,-0.000638425,0.000115855,0.00107846,-0.000644526,-0.000571353,0.00276195,0.000148224,-0.000800785,-8.63634e-05,-0.00163193,0.000363171,-0.00260316,0.000147559,0.0269266,0.00116884,0.00116725,-0.000280363,0.000363273,-0.000636035,-0.000799293,0.00116128,0.024362,0.000137753,0.000127406,6.90446e-05,0.000116042,-8.62139e-05,0.00116847,0.000133299,0.0466957,
0.00354179,0.000390637,0.000140686,0.0010786,-0.00163146,-0.000282827,0.000127528,0.000390675,0.00107933,0.000853392,-0.00064447,0.000363173,0.000362659,6.91454e-05,0.000140514,0.000853312,0.00383,-0.000571331,-0.00260219,-0.000638421,0.000115852,0.00107847,-0.000644525,-0.000571348,0.00276196,0.000148219,-0.000800778,-8.63601e-05,-0.00163192,0.000363177,-0.00260316,0.000147554,0.0269266,0.00116884,0.00116719,-0.000280359,0.000363272,-0.00063603,-0.000799286,0.00116127,0.024362,0.000137732,0.000127399,6.90433e-05,0.000116039,-8.62106e-05,0.00116842,0.000133277,0.0466957,
0.00354177,0.000390631,0.000140695,0.00107861,-0.00163144,-0.000282823,0.000127523,0.00039067,0.00107932,0.000853393,-0.000644469,0.000363178,0.000362658,6.91446e-05,0.000140522,0.000853312,0.00383,-0.000571326,-0.00260219,-0.000638418,0.000115851,0.00107848,-0.000644523,-0.000571344,0.00276197,0.000148215,-0.000800774,-8.63579e-05,-0.0016319,0.000363183,-0.00260317,0.00014755,0.0269267,0.00116884,0.00116715,-0.000280355,0.000363272,-0.000636028,-0.000799281,0.00116127,0.024362,0.00013772,0.000127394,6.90425e-05,0.000116037,-8.62084e-05,0.00116838,0.000133265,0.0466957,
0.00354175,0.000390626,0.000140704,0.00107862,-0.00163143,-0.000282819,0.000127521,0.000390664,0.00107932,0.000853393,-0.000644467,0.000363183,0.000362659,6.91442e-05,0.000140531,0.000853312,0.00383001,-0.000571322,-0.00260219,-0.000638417,0.00011585,0.00107849,-0.000644522,-0.00057134,0.00276197,0.000148212,-0.00080077,-8.63566e-05,-0.00163189,0.000363187,-0.00260317,0.000147546,0.0269267,0.00116883,0.00116714,-0.00028035,0.000363272,-0.000636026,-0.000799278,0.00116127,0.024362,0.000137714,0.000127392,6.9042e-05,0.000116037,-8.62071e-05,0.00116836,0.000133258,0.0466957,
0.00354173,0.00039062,0.000140712,0.00107863,-0.00163142,-0.000282814,0.00012752,0.000390659,0.00107932,0.000853393,-0.000644466,0.000363187,0.000362659,6.9144e-05,0.00014054,0.000853313,0.00383001,-0.000571318,-0.00260219,-0.000638416,0.00011585,0.0010785,-0.000644521,-0.000571335,0.00276198,0.000148209,-0.000800767,-8.6356e-05,-0.00163188,0.000363192,-0.00260317,0.000147544,0.0269266,0.00116883,0.00116713,-0.000280345,0.000363273,-0.000636025,-0.000799275,0.00116126,0.024362,0.000137713,0.000127391,6.90419e-05,0.000116037,-8.62065e-05,0.00116836,0.000133257,0.0466957,
0.00354171,0.000390615,0.000140721,0.00107864,-0.00163141,-0.00028281,0.000127521,0.000390654,0.00107932,0.000853394,-0.000644464,0.000363191,0.00036266,6.91441e-05,0.000140548,0.000853313,0.00383001,-0.000571313,-0.0026022,-0.000638417,0.000115851,0.00107851,-0.000644519,-0.000571331,0.00276199,0.000148207,-0.000800766,-8.63559e-05,-0.00163187,0.000363196,-0.00260317,0.000147542,0.0269266,0.00116883,0.00116714,-0.00028034,0.000363274,-0.000636025,-0.000799273,0.00116126,0.024362,0.000137717,0.000127391,6.90419e-05,0.000116038,-8.62064e-05,0.00116837,0.00013326,0.0466957,
0.00354169,0.000390609,0.000140729,0.00107865,-0.00163139,-0.000282805,0.000127522,0.000390648,0.00107932,0.000853394,-0.000644463,0.000363195,0.000362661,6.91443e-05,0.000140556,0.000853314,0.00383002,-0.000571309,-0.0026022,-0.000638417,0.000115852,0.00107852,-0.000644518,-0.000571327,0.00276199,0.000148206,-0.000800764,-8.63562e-05,-0.00163186,0.000363199,-0.00260318,0.000147541,0.0269266,0.00116883,0.00116716,-0.000280335,0.000363275,-0.000636026,-0.000799272,0.00116126,0.024362,0.000137723,0.000127393,6.90422e-05,0.000116039,-8.62067e-05,0.00116839,0.000133267,0.0466957,
0.00354167,0.000390604,0.000140737,0.00107866,-0.00163138,-0.000282799,0.000127524,0.000390643,0.00107931,0.000853394,-0.000644462,0.000363198,0.000362663,6.91447e-05,0.000140565,0.000853314,0.00383002,-0.000571305,-0.0026022,-0.000638419,0.000115854,0.00107853,-0.000644516,-0.000571323,0.002762,0.000148205,-0.000800763,-8.63569e-05,-0.00163185,0.000363202,-0.00260318,0.00014754,0.0269266,0.00116882,0.00116718,-0.00028033,0.000363276,-0.000636027,-0.000799271,0.00116126,0.024362,0.000137731,0.000127395,6.90425e-05,0.000116041,-8.62073e-05,0.00116841,0.000133275,0.0466957,
0.00354165,0.000390598,0.000140746,0.00107867,-0.00163137,-0.000282794,0.000127527,0.000390637,0.00107931,0.000853395,-0.00064446,0.000363201,0.000362664,6.91451e-05,0.000140573,0.000853314,0.00383003,-0.000571301,-0.00260221,-0.00063842,0.000115856,0.00107854,-0.000644515,-0.000571318,0.002762,0.000148204,-0.000800763,-8.63577e-05,-0.00163184,0.000363205,-0.00260318,0.000147539,0.0269266,0.00116882,0.00116721,-0.000280325,0.000363278,-0.000636029,-0.00079927,0.00116125,0.024362,0.000137741,0.000127398,6.9043e-05,0.000116043,-8.62082e-05,0.00116844,0.000133285,0.0466957,
0.00354164,0.000390593,0.000140754,0.00107868,-0.00163137,-0.000282789,0.00012753,0.000390632,0.00107931,0.000853395,-0.000644459,0.000363204,0.000362666,6.91456e-05,0.000140581,0.000853315,0.00383003,-0.000571296,-0.00260221,-0.000638422,0.000115858,0.00107855,-0.000644513,-0.000571314,0.00276201,0.000148204,-0.000800763,-8.63587e-05,-0.00163183,0.000363208,-0.00260319,0.000147538,0.0269266,0.00116882,0.00116725,-0.00028032,0.00036328,-0.000636031,-0.00079927,0.00116125,0.0243619,0.000137752,0.000127401,6.90434e-05,0.000116045,-8.62092e-05,0.00116847,0.000133297,0.0466957,
0.00354162,0.000390587,0.000140762,0.00107869,-0.00163136,-0.000282783,0.000127534,0.000390626,0.00107931,0.000853396,-0.000644457,0.000363207,0.000362668,6.91461e-05,0.000140589,0.000853315,0.00383003,-0.000571292,-0.00260221,-0.000638424,0.000115861,0.00107856,-0.000644512,-0.00057131,0.00276202,0.000148203,-0.000800763,-8.63598e-05,-0.00163182,0.000363211,-0.00260319,0.000147538,0.0269265,0.00116882,0.00116728,-0.000280314,0.000363281,-0.000636033,-0.00079927,0.00116125,0.0243619,0.000137764,0.000127405,6.9044e-05,0.000116047,-8.62103e-05,0.00116851,0.000133309,0.0466957,
0.0035416,0.000390582,0.00014077,0.00107869,-0.00163135,-0.000282778,0.000127537,0.000390621,0.00107931,0.000853396,-0.000644456,0.00036321,0.000362669,6.91467e-05,0.000140598,0.000853315,0.00383004,-0.000571288,-0.00260222,-0.000638427,0.000115863,0.00107857,-0.000644511,-0.000571305,0.00276202,0.000148203,-0.000800763,-8.6361e-05,-0.00163181,0.000363214,-0.00260319,0.000147537,0.0269265,0.00116881,0.00116731,-0.000280309,0.000363283,-0.000636035,-0.00079927,0.00116125,0.0243619,0.000137776,0.000127408,6.90445e-05,0.00011605,-8.62115e-05,0.00116854,0.000133321,0.0466957,
