0.00183802,-9.3506e-05,-0.00150332,-0.000354338,0.00106528,0.000948364,-9.12143e-05,-9.3506e-05,0.00116778,-0.000148482,0.00137002,0.000419795,0.000697029,2.85487e-06,-0.00150332,-0.000148482,0.00406436,-0.000127442,-0.000167277,0.000970537,-0.000153787,-0.000354338,0.00137002,-0.000127442,0.00335856,0.000252403,-0.00157817,2.28421e-05,0.00106528,0.000419795,-0.000167276,0.000252403,0.0339211,0.00143511,-0.00208194,0.000948364,0.000697029,0.000970537,-0.00157817,0.00143511,0.0293622,8.41352e-07,-9.12143e-05,2.85487e-06,-0.000153787,2.28421e-05,-0.00208194,8.41353e-07,0.0467476,
0.00183682,-9.34245e-05,-0.00150331,-0.000354274,0.00106528,0.000947834,-9.11346e-05,-9.34245e-05,0.00116778,-0.000148492,0.00137,0.000419795,0.000697044,2.85547e-06,-0.00150331,-0.000148492,0.00406446,-0.000127324,-0.000167709,0.000970474,-0.00015378,-0.000354274,0.00137,-0.000127324,0.00335858,0.000252005,-0.00157835,2.28535e-05,0.00106528,0.000419795,-0.000167709,0.000252005,0.0339221,0.00143572,-0.00208196,0.000947834,0.000697044,0.000970474,-0.00157835,0.00143572,0.0293626,9.34784e-07,-9.11346e-05,2.85546e-06,-0.00015378,2.28535e-05,-0.00208196,9.34783e-07,0.0467476,
0.00183574,-9.33477e-05,-0.00150332,-0.000354213,0.00106518,0.000947386,-9.10593e-05,-9.33477e-05,0.00116778,-0.000148498,0.00136999,0.000419807,0.00069705,2.8578e-06,-0.00150332,-0.000148498,0.00406453,-0.000127226,-0.000168154,0.000970447,-0.000153768,-0.000354213,0.00136999,-0.000127226,0.00335859,0.000251557,-0.00157853,2.28698e-05,0.00106518,0.000419807,-0.000168154,0.000251557,0.0339231,0.00143632,-0.00208196,0.000947386,0.00069705,0.000970447,-0.00157853,0.00143632,0.029363,1.05055e-06,-9.10593e-05,2.85781e-06,-0.000153768,2.28698e-05,-0.00208196,1.05055e-06,0.0467475,
0.00183476,-9.32759e-05,-0.00150334,-0.000354156,0.00106504,0.000946994,-9.09933e-05,-9.32759e-05,0.00116778,-0.000148501,0.00136998,0.000419822,0.00069705,2.86132e-06,-0.00150334,-0.000148501,0.00406458,-0.000127139,-0.000168587,0.000970436,-0.000153759,-0.000354156,0.00136998,-0.000127139,0.00335859,0.000251111,-0.00157869,2.28852e-05,0.00106504,0.000419822,-0.000168587,0.000251111,0.0339241,0.00143691,-0.00208197,0.000946994,0.00069705,0.000970436,-0.00157869,0.00143691,0.0293635,1.18738e-06,-9.09933e-05,2.86132e-06,-0.000153759,2.28852e-05,-0.00208197,1.18738e-06,0.0467475,
0.00183387,-9.32093e-05,-0.00150336,-0.000354101,0.00106489,0.000946646,-9.0938e-05,-9.32093e-05,0.00116778,-0.000148503,0.00136997,0.000419836,0.000697048,2.86563e-06,-0.00150336,-0.000148503,0.00406463,-0.00012706,-0.000168999,0.000970434,-0.000153755,-0.000354101,0.00136997,-0.00012706,0.0033586,0.000250684,-0.00157885,2.28978e-05,0.00106489,0.000419837,-0.000168999,0.000250684,0.0339251,0.00143747,-0.00208199,0.000946646,0.000697048,0.000970434,-0.00157885,0.00143747,0.029364,1.34374e-06,-9.0938e-05,2.86563e-06,-0.000153755,2.28978e-05,-0.00208199,1.34374e-06,0.0467474,
0.00183305,-9.31477e-05,-0.00150338,-0.00035405,0.00106474,0.000946332,-9.08936e-05,-9.31477e-05,0.00116778,-0.000148503,0.00136996,0.00041985,0.000697044,2.87055e-06,-0.00150338,-0.000148503,0.00406466,-0.000126989,-0.000169385,0.000970434,-0.000153758,-0.00035405,0.00136996,-0.000126989,0.00335861,0.000250283,-0.00157899,2.29069e-05,0.00106474,0.00041985,-0.000169385,0.000250283,0.0339259,0.001438,-0.00208202,0.000946332,0.000697044,0.000970434,-0.00157899,0.001438,0.0293645,1.51802e-06,-9.08936e-05,2.87055e-06,-0.000153758,2.29069e-05,-0.00208202,1.51802e-06,0.0467473,
0.00183231,-9.30909e-05,-0.00150341,-0.000354002,0.00106459,0.000946046,-9.08594e-05,-9.30909e-05,0.00116778,-0.000148502,0.00136995,0.000419862,0.000697039,2.87597e-06,-0.00150341,-0.000148502,0.0040647,-0.000126924,-0.000169747,0.000970436,-0.000153766,-0.000354002,0.00136995,-0.000126924,0.00335861,0.00024991,-0.00157912,2.29123e-05,0.00106459,0.000419862,-0.000169747,0.00024991,0.0339267,0.00143851,-0.00208206,0.000946046,0.000697039,0.000970436,-0.00157912,0.00143851,0.0293649,1.70862e-06,-9.08594e-05,2.87598e-06,-0.000153766,2.29123e-05,-0.00208206,1.70862e-06,0.0467472,
0.00183163,-9.30385e-05,-0.00150343,-0.000353956,0.00106444,0.000945786,-9.08347e-05,-9.30385e-05,0.00116778,-0.0001485,0.00136994,0.000419874,0.000697033,2.88182e-06,-0.00150343,-0.0001485,0.00406472,-0.000126865,-0.000170084,0.000970438,-0.00015378,-0.000353956,0.00136994,-0.000126865,0.00335862,0.000249564,-0.00157924,2.29143e-05,0.00106444,0.000419874,-0.000170084,0.000249564,0.0339273,0.001439,-0.00208213,0.000945786,0.000697033,0.000970438,-0.00157924,0.001439,0.0293654,1.91403e-06,-9.08347e-05,2.88182e-06,-0.00015378,2.29143e-05,-0.00208213,1.91403e-06,0.0467472,
0.00183101,-9.29902e-05,-0.00150344,-0.000353914,0.0010643,0.000945547,-9.08187e-05,-9.29902e-05,0.00116778,-0.000148498,0.00136994,0.000419884,0.000697027,2.88805e-06,-0.00150344,-0.000148498,0.00406475,-0.00012681,-0.000170399,0.000970441,-0.0001538,-0.000353914,0.00136994,-0.00012681,0.00335863,0.000249244,-0.00157935,2.2913e-05,0.0010643,0.000419884,-0.000170399,0.000249244,0.0339279,0.00143946,-0.0020822,0.000945547,0.000697027,0.000970441,-0.00157935,0.00143946,0.0293658,2.13285e-06,-9.08187e-05,2.88806e-06,-0.0001538,2.2913e-05,-0.0020822,2.13286e-06,0.0467471,
0.00183044,-9.29458e-05,-0.00150346,-0.000353874,0.00106417,0.000945329,-9.08106e-05,-9.29458e-05,0.00116778,-0.000148496,0.00136993,0.000419894,0.00069702,2.89463e-06,-0.00150346,-0.000148496,0.00406477,-0.00012676,-0.000170693,0.000970443,-0.000153825,-0.000353874,0.00136993,-0.00012676,0.00335863,0.000248947,-0.00157946,2.29088e-05,0.00106417,0.000419894,-0.000170693,0.000248947,0.0339284,0.00143991,-0.00208229,0.000945329,0.00069702,0.000970443,-0.00157946,0.00143991,0.0293662,2.36382e-06,-9.08106e-05,2.89463e-06,-0.000153825,2.29088e-05,-0.00208229,2.36383e-06,0.046747,
0.00182992,-9.2905e-05,-0.00150348,-0.000353837,0.00106405,0.00094513,-9.08099e-05,-9.2905e-05,0.00116778,-0.000148494,0.00136992,0.000419902,0.000697014,2.90152e-06,-0.00150348,-0.000148494,0.00406479,-0.000126714,-0.000170968,0.000970446,-0.000153854,-0.000353837,0.00136992,-0.000126714,0.00335864,0.000248672,-0.00157955,2.29018e-05,0.00106405,0.000419902,-0.000170968,0.000248672,0.0339289,0.00144034,-0.00208239,0.00094513,0.000697014,0.000970446,-0.00157955,0.00144034,0.0293666,2.60577e-06,-9.08099e-05,2.90152e-06,-0.000153854,2.29018e-05,-0.00208239,2.60577e-06,0.0467469,
0.00182945,-9.28675e-05,-0.00150349,-0.000353803,0.00106393,0.000944946,-9.08157e-05,-9.28675e-05,0.00116778,-0.000148491,0.00136992,0.00041991,0.000697007,2.9087e-06,-0.00150349,-0.000148491,0.00406481,-0.000126673,-0.000171225,0.000970448,-0.000153888,-0.000353803,0.00136992,-0.000126673,0.00335864,0.000248418,-0.00157964,2.28924e-05,0.00106393,0.00041991,-0.000171225,0.000248418,0.0339293,0.00144075,-0.0020825,0.000944946,0.000697007,0.000970448,-0.00157964,0.00144075,0.029367,2.85765e-06,-9.08157e-05,2.9087e-06,-0.000153888,2.28924e-05,-0.0020825,2.85765e-06,0.0467468,
0.00182901,-9.2833e-05,-0.00150351,-0.000353771,0.00106381,0.000944778,-9.08276e-05,-9.2833e-05,0.00116778,-0.000148489,0.00136992,0.000419918,0.000697,2.91615e-06,-0.00150351,-0.000148489,0.00406483,-0.000126634,-0.000171466,0.00097045,-0.000153925,-0.000353771,0.00136992,-0.000126634,0.00335865,0.000248183,-0.00157972,2.28806e-05,0.00106381,0.000419918,-0.000171466,0.000248183,0.0339296,0.00144115,-0.00208262,0.000944778,0.000697,0.00097045,-0.00157972,0.00144115,0.0293674,3.11849e-06,-9.08276e-05,2.91615e-06,-0.000153925,2.28806e-05,-0.00208262,3.11849e-06,0.0467467,
0.00182861,-9.28013e-05,-0.00150352,-0.000353741,0.0010637,0.000944623,-9.0845e-05,-9.28013e-05,0.00116778,-0.000148486,0.00136991,0.000419925,0.000696992,2.92383e-06,-0.00150352,-0.000148486,0.00406484,-0.000126599,-0.000171692,0.000970452,-0.000153966,-0.000353741,0.00136991,-0.000126599,0.00335865,0.000247965,-0.00157979,2.28668e-05,0.0010637,0.000419925,-0.000171692,0.000247965,0.0339299,0.00144153,-0.00208274,0.000944623,0.000696992,0.000970452,-0.00157979,0.00144153,0.0293678,3.38744e-06,-9.0845e-05,2.92383e-06,-0.000153966,2.28668e-05,-0.00208274,3.38744e-06,0.0467466,
0.00182824,-9.27721e-05,-0.00150353,-0.000353714,0.00106359,0.000944481,-9.08673e-05,-9.27721e-05,0.00116777,-0.000148484,0.00136991,0.000419931,0.000696985,2.93174e-06,-0.00150353,-0.000148484,0.00406485,-0.000126566,-0.000171904,0.000970455,-0.00015401,-0.000353714,0.00136991,-0.000126566,0.00335866,0.000247763,-0.00157986,2.28511e-05,0.00106359,0.000419931,-0.000171904,0.000247763,0.0339302,0.0014419,-0.00208288,0.000944481,0.000696985,0.000970455,-0.00157986,0.0014419,0.0293681,3.6637e-06,-9.08673e-05,2.93174e-06,-0.00015401,2.28511e-05,-0.00208288,3.6637e-06,0.0467465,
0.00182791,-9.27454e-05,-0.00150354,-0.000353688,0.00106349,0.00094435,-9.08942e-05,-9.27454e-05,0.00116777,-0.000148482,0.0013699,0.000419937,0.000696977,2.93984e-06,-0.00150354,-0.000148482,0.00406486,-0.000126537,-0.000172105,0.000970457,-0.000154057,-0.000353688,0.0013699,-0.000126537,0.00335866,0.000247575,-0.00157992,2.28336e-05,0.00106349,0.000419937,-0.000172105,0.000247575,0.0339304,0.00144226,-0.00208302,0.00094435,0.000696977,0.000970457,-0.00157992,0.00144226,0.0293685,3.94658e-06,-9.08942e-05,2.93984e-06,-0.000154057,2.28336e-05,-0.00208302,3.94658e-06,0.0467464,
0.0018276,-9.27208e-05,-0.00150356,-0.000353664,0.00106339,0.00094423,-9.09251e-05,-9.27208e-05,0.00116777,-0.00014848,0.0013699,0.000419942,0.000696969,2.94813e-06,-0.00150356,-0.00014848,0.00406487,-0.000126509,-0.000172294,0.000970459,-0.000154106,-0.000353664,0.0013699,-0.000126509,0.00335867,0.000247401,-0.00157998,2.28147e-05,0.00106339,0.000419942,-0.000172294,0.000247401,0.0339306,0.00144261,-0.00208317,0.00094423,0.000696969,0.000970459,-0.00157998,0.00144261,0.0293688,4.23541e-06,-9.09251e-05,2.94813e-06,-0.000154106,2.28146e-05,-0.00208317,4.23541e-06,0.0467462,
0.00182731,-9.26982e-05,-0.00150357,-0.000353642,0.00106329,0.000944119,-9.09599e-05,-9.26982e-05,0.00116777,-0.000148478,0.0013699,0.000419948,0.000696962,2.95659e-06,-0.00150357,-0.000148478,0.00406488,-0.000126484,-0.000172472,0.000970461,-0.000154158,-0.000353642,0.0013699,-0.000126484,0.00335867,0.000247238,-0.00158003,2.27942e-05,0.00106329,0.000419948,-0.000172472,0.000247238,0.0339307,0.00144295,-0.00208333,0.000944119,0.000696962,0.000970461,-0.00158003,0.00144295,0.0293691,4.52963e-06,-9.09599e-05,2.95659e-06,-0.000154158,2.27942e-05,-0.00208333,4.52963e-06,0.0467461,
0.00182705,-9.26774e-05,-0.00150358,-0.000353622,0.0010632,0.000944016,-9.0998e-05,-9.26774e-05,0.00116777,-0.000148476,0.00136989,0.000419953,0.000696954,2.96519e-06,-0.00150358,-0.000148476,0.00406489,-0.000126461,-0.000172641,0.000970464,-0.000154212,-0.000353622,0.00136989,-0.000126461,0.00335868,0.000247087,-0.00158008,2.27725e-05,0.0010632,0.000419953,-0.000172641,0.000247087,0.0339308,0.00144329,-0.00208349,0.000944016,0.000696954,0.000970464,-0.00158008,0.00144329,0.0293695,4.8287e-06,-9.0998e-05,2.96519e-06,-0.000154212,2.27725e-05,-0.00208349,4.8287e-06,0.046746,
0.00182681,-9.26582e-05,-0.00150359,-0.000353603,0.00106311,0.000943921,-9.10393e-05,-9.26582e-05,0.00116777,-0.000148474,0.00136989,0.000419957,0.000696946,2.97394e-06,-0.00150359,-0.000148474,0.00406489,-0.000126439,-0.000172802,0.000970466,-0.000154267,-0.000353603,0.00136989,-0.000126439,0.00335868,0.000246946,-0.00158012,2.27496e-05,0.00106311,0.000419957,-0.000172802,0.000246946,0.0339309,0.00144361,-0.00208366,0.000943921,0.000696946,0.000970466,-0.00158012,0.00144361,0.0293698,5.13216e-06,-9.10393e-05,2.97394e-06,-0.000154267,2.27496e-05,-0.00208366,5.13216e-06,0.0467459,
0.00182658,-9.26406e-05,-0.0015036,-0.000353585,0.00106302,0.000943833,-9.10833e-05,-9.26406e-05,0.00116777,-0.000148473,0.00136989,0.000419961,0.000696938,2.98281e-06,-0.0015036,-0.000148473,0.0040649,-0.00012642,-0.000172955,0.000970468,-0.000154325,-0.000353585,0.00136989,-0.00012642,0.00335868,0.000246815,-0.00158016,2.27257e-05,0.00106302,0.000419961,-0.000172955,0.000246815,0.0339309,0.00144393,-0.00208383,0.000943833,0.000696938,0.000970468,-0.00158016,0.00144393,0.0293701,5.43956e-06,-9.10833e-05,2.98281e-06,-0.000154325,2.27257e-05,-0.00208383,5.43956e-06,0.0467458,
0.00182638,-9.26244e-05,-0.0015036,-0.000353569,0.00106294,0.000943752,-9.11299e-05,-9.26244e-05,0.00116777,-0.000148471,0.00136989,0.000419966,0.00069693,2.99179e-06,-0.0015036,-0.000148471,0.0040649,-0.000126402,-0.0001731,0.000970471,-0.000154384,-0.000353569,0.00136989,-0.000126402,0.00335869,0.000246692,-0.0015802,2.27007e-05,0.00106294,0.000419966,-0.0001731,0.000246692,0.033931,0.00144424,-0.00208401,0.000943752,0.00069693,0.000970471,-0.0015802,0.00144424,0.0293704,5.75052e-06,-9.11299e-05,2.99179e-06,-0.000154384,2.27007e-05,-0.00208401,5.75052e-06,0.0467457,
0.00182619,-9.26095e-05,-0.00150361,-0.000353554,0.00106286,0.000943677,-9.11789e-05,-9.26095e-05,0.00116777,-0.00014847,0.00136988,0.00041997,0.000696922,3.00088e-06,-0.00150361,-0.00014847,0.00406491,-0.000126385,-0.000173239,0.000970473,-0.000154445,-0.000353554,0.00136988,-0.000126385,0.00335869,0.000246577,-0.00158023,2.26749e-05,0.00106286,0.00041997,-0.000173239,0.000246577,0.033931,0.00144454,-0.00208419,0.000943677,0.000696922,0.000970473,-0.00158023,0.00144454,0.0293707,6.06469e-06,-9.11789e-05,3.00088e-06,-0.000154445,2.26749e-05,-0.00208419,6.06469e-06,0.0467456,
0.00182601,-9.25958e-05,-0.00150362,-0.00035354,0.00106278,0.000943606,-9.12299e-05,-9.25957e-05,0.00116777,-0.000148469,0.00136988,0.000419973,0.000696914,3.01005e-06,-0.00150362,-0.000148469,0.00406491,-0.000126369,-0.000173372,0.000970476,-0.000154507,-0.00035354,0.00136988,-0.000126369,0.00335869,0.000246469,-0.00158026,2.26483e-05,0.00106278,0.000419973,-0.000173372,0.000246469,0.033931,0.00144484,-0.00208437,0.000943606,0.000696914,0.000970476,-0.00158026,0.00144484,0.029371,6.38174e-06,-9.12299e-05,3.01005e-06,-0.000154507,2.26483e-05,-0.00208437,6.38174e-06,0.0467454,
0.00182585,-9.25831e-05,-0.00150363,-0.000353527,0.0010627,0.000943541,-9.12829e-05,-9.25831e-05,0.00116777,-0.000148468,0.00136988,0.000419977,0.000696905,3.01931e-06,-0.00150363,-0.000148468,0.00406491,-0.000126355,-0.0001735,0.000970478,-0.00015457,-0.000353527,0.00136988,-0.000126355,0.0033587,0.000246367,-0.00158029,2.2621e-05,0.0010627,0.000419977,-0.0001735,0.000246367,0.0339309,0.00144514,-0.00208456,0.000943541,0.000696905,0.000970478,-0.00158029,0.00144514,0.0293713,6.70139e-06,-9.12829e-05,3.01931e-06,-0.00015457,2.2621e-05,-0.00208456,6.70139e-06,0.0467453,
0.0018257,-9.25713e-05,-0.00150364,-0.000353514,0.00106262,0.00094348,-9.13376e-05,-9.25713e-05,0.00116777,-0.000148467,0.00136988,0.00041998,0.000696897,3.02865e-06,-0.00150364,-0.000148467,0.00406491,-0.000126342,-0.000173622,0.000970481,-0.000154635,-0.000353514,0.00136988,-0.000126342,0.0033587,0.000246272,-0.00158032,2.2593e-05,0.00106262,0.00041998,-0.000173622,0.000246272,0.0339309,0.00144543,-0.00208475,0.00094348,0.000696897,0.000970481,-0.00158032,0.00144543,0.0293716,7.02338e-06,-9.13376e-05,3.02865e-06,-0.000154635,2.2593e-05,-0.00208475,7.02338e-06,0.0467452,
0.00182556,-9.25605e-05,-0.00150364,-0.000353503,0.00106255,0.000943424,-9.13939e-05,-9.25605e-05,0.00116777,-0.000148466,0.00136988,0.000419984,0.000696889,3.03805e-06,-0.00150364,-0.000148466,0.00406491,-0.000126329,-0.00017374,0.000970483,-0.0001547,-0.000353503,0.00136988,-0.000126329,0.0033587,0.000246182,-0.00158034,2.25644e-05,0.00106255,0.000419984,-0.00017374,0.000246182,0.0339308,0.00144571,-0.00208494,0.000943424,0.000696889,0.000970483,-0.00158034,0.00144571,0.0293719,7.34748e-06,-9.13939e-05,3.03805e-06,-0.0001547,2.25644e-05,-0.00208494,7.34748e-06,0.0467451,
0.00182543,-9.25505e-05,-0.00150365,-0.000353492,0.00106247,0.000943371,-9.14516e-05,-9.25505e-05,0.00116777,-0.000148465,0.00136988,0.000419987,0.000696881,3.04752e-06,-0.00150365,-0.000148465,0.00406491,-0.000126318,-0.000173854,0.000970486,-0.000154766,-0.000353492,0.00136988,-0.000126318,0.00335871,0.000246097,-0.00158037,2.25352e-05,0.00106247,0.000419987,-0.000173854,0.000246097,0.0339308,0.00144599,-0.00208513,0.000943371,0.000696881,0.000970486,-0.00158037,0.00144599,0.0293722,7.67347e-06,-9.14516e-05,3.04752e-06,-0.000154766,2.25352e-05,-0.00208513,7.67347e-06,0.0467449,
0.0018253,-9.25412e-05,-0.00150366,-0.000353482,0.0010624,0.000943321,-9.15107e-05,-9.25412e-05,0.00116776,-0.000148465,0.00136987,0.00041999,0.000696873,3.05704e-06,-0.00150366,-0.000148465,0.00406491,-0.000126307,-0.000173964,0.000970488,-0.000154833,-0.000353482,0.00136987,-0.000126307,0.00335871,0.000246016,-0.00158039,2.25056e-05,0.0010624,0.00041999,-0.000173964,0.000246016,0.0339307,0.00144627,-0.00208533,0.000943321,0.000696873,0.000970488,-0.00158039,0.00144627,0.0293725,8.00115e-06,-9.15107e-05,3.05704e-06,-0.000154833,2.25056e-05,-0.00208533,8.00115e-06,0.0467448,
0.00182519,-9.25326e-05,-0.00150366,-0.000353473,0.00106233,0.000943274,-9.15709e-05,-9.25326e-05,0.00116776,-0.000148464,0.00136987,0.000419993,0.000696864,3.06661e-06,-0.00150366,-0.000148464,0.00406491,-0.000126297,-0.00017407,0.000970491,-0.000154901,-0.000353473,0.00136987,-0.000126297,0.00335871,0.00024594,-0.00158041,2.24756e-05,0.00106233,0.000419993,-0.00017407,0.00024594,0.0339306,0.00144655,-0.00208553,0.000943274,0.000696864,0.000970491,-0.00158041,0.00144655,0.0293727,8.33037e-06,-9.15709e-05,3.06662e-06,-0.000154901,2.24756e-05,-0.00208553,8.33037e-06,0.0467447,
0.00182508,-9.25246e-05,-0.00150367,-0.000353464,0.00106226,0.00094323,-9.16322e-05,-9.25246e-05,0.00116776,-0.000148464,0.00136987,0.000419996,0.000696856,3.07623e-06,-0.00150367,-0.000148464,0.00406491,-0.000126288,-0.000174173,0.000970493,-0.000154969,-0.000353464,0.00136987,-0.000126288,0.00335872,0.000245867,-0.00158043,2.24451e-05,0.00106226,0.000419996,-0.000174173,0.000245867,0.0339305,0.00144682,-0.00208573,0.00094323,0.000696856,0.000970493,-0.00158043,0.00144682,0.029373,8.66095e-06,-9.16322e-05,3.07623e-06,-0.000154969,2.24451e-05,-0.00208573,8.66095e-06,0.0467446,
0.00182498,-9.25171e-05,-0.00150368,-0.000353456,0.00106219,0.000943189,-9.16945e-05,-9.25171e-05,0.00116776,-0.000148463,0.00136987,0.000419999,0.000696848,3.08589e-06,-0.00150368,-0.000148463,0.00406491,-0.000126279,-0.000174274,0.000970496,-0.000155038,-0.000353456,0.00136987,-0.000126279,0.00335872,0.000245798,-0.00158044,2.24143e-05,0.00106219,0.000419999,-0.000174274,0.000245798,0.0339303,0.00144709,-0.00208593,0.000943189,0.000696848,0.000970496,-0.00158044,0.00144709,0.0293733,8.99276e-06,-9.16945e-05,3.08589e-06,-0.000155038,2.24143e-05,-0.00208593,8.99276e-06,0.0467444,
0.00182489,-9.25102e-05,-0.00150368,-0.000353448,0.00106212,0.00094315,-9.17576e-05,-9.25102e-05,0.00116776,-0.000148463,0.00136987,0.000420001,0.000696839,3.09558e-06,-0.00150368,-0.000148463,0.00406491,-0.000126271,-0.000174372,0.000970498,-0.000155108,-0.000353448,0.00136987,-0.000126271,0.00335872,0.000245731,-0.00158046,2.23831e-05,0.00106212,0.000420001,-0.000174372,0.000245731,0.0339302,0.00144735,-0.00208614,0.00094315,0.000696839,0.000970498,-0.00158046,0.00144735,0.0293736,9.32568e-06,-9.17576e-05,3.09558e-06,-0.000155108,2.23831e-05,-0.00208614,9.32568e-06,0.0467443,
0.0018248,-9.25038e-05,-0.00150369,-0.000353441,0.00106205,0.000943113,-9.18216e-05,-9.25038e-05,0.00116776,-0.000148463,0.00136987,0.000420004,0.000696831,3.10531e-06,-0.00150369,-0.000148463,0.00406491,-0.000126264,-0.000174467,0.000970501,-0.000155178,-0.000353441,0.00136987,-0.000126264,0.00335872,0.000245668,-0.00158047,2.23516e-05,0.00106205,0.000420004,-0.000174467,0.000245668,0.0339301,0.00144762,-0.00208635,0.000943113,0.000696831,0.000970501,-0.00158047,0.00144762,0.0293738,9.65958e-06,-9.18216e-05,3.10531e-06,-0.000155178,2.23516e-05,-0.00208635,9.65958e-06,0.0467442,
0.00182472,-9.24977e-05,-0.00150369,-0.000353434,0.00106199,0.000943078,-9.18863e-05,-9.24977e-05,0.00116776,-0.000148463,0.00136987,0.000420006,0.000696823,3.11507e-06,-0.00150369,-0.000148463,0.00406491,-0.000126257,-0.000174561,0.000970503,-0.000155249,-0.000353434,0.00136987,-0.000126257,0.00335873,0.000245607,-0.00158049,2.23199e-05,0.00106199,0.000420006,-0.000174561,0.000245607,0.0339299,0.00144788,-0.00208655,0.000943078,0.000696823,0.000970503,-0.00158049,0.00144788,0.0293741,9.99437e-06,-9.18863e-05,3.11507e-06,-0.000155249,2.23199e-05,-0.00208655,9.99437e-06,0.046744,
0.00182464,-9.24921e-05,-0.0015037,-0.000353427,0.00106192,0.000943044,-9.19517e-05,-9.24921e-05,0.00116776,-0.000148462,0.00136987,0.000420009,0.000696814,3.12485e-06,-0.0015037,-0.000148462,0.0040649,-0.00012625,-0.000174652,0.000970506,-0.00015532,-0.000353427,0.00136987,-0.00012625,0.00335873,0.000245549,-0.0015805,2.22879e-05,0.00106192,0.000420009,-0.000174652,0.000245549,0.0339298,0.00144814,-0.00208676,0.000943044,0.000696814,0.000970506,-0.0015805,0.00144814,0.0293744,1.03299e-05,-9.19517e-05,3.12485e-06,-0.00015532,2.22879e-05,-0.00208676,1.03299e-05,0.0467439,
0.00182457,-9.24868e-05,-0.0015037,-0.000353421,0.00106186,0.000943013,-9.20176e-05,-9.24868e-05,0.00116776,-0.000148462,0.00136987,0.000420011,0.000696806,3.13466e-06,-0.0015037,-0.000148462,0.0040649,-0.000126243,-0.000174741,0.000970508,-0.000155391,-0.000353421,0.00136987,-0.000126243,0.00335873,0.000245493,-0.00158051,2.22557e-05,0.00106186,0.000420011,-0.000174741,0.000245493,0.0339296,0.0014484,-0.00208697,0.000943013,0.000696806,0.000970508,-0.00158051,0.0014484,0.0293746,1.06662e-05,-9.20176e-05,3.13466e-06,-0.000155391,2.22557e-05,-0.00208697,1.06662e-05,0.0467438,
0.0018245,-9.24818e-05,-0.00150371,-0.000353415,0.00106179,0.000942982,-9.20841e-05,-9.24818e-05,0.00116776,-0.000148462,0.00136986,0.000420014,0.000696798,3.14449e-06,-0.00150371,-0.000148462,0.0040649,-0.000126237,-0.000174829,0.000970511,-0.000155463,-0.000353415,0.00136986,-0.000126237,0.00335873,0.000245438,-0.00158052,2.22234e-05,0.00106179,0.000420014,-0.000174829,0.000245438,0.0339295,0.00144866,-0.00208718,0.000942982,0.000696798,0.000970511,-0.00158052,0.00144866,0.0293749,1.10031e-05,-9.20841e-05,3.14449e-06,-0.000155463,2.22234e-05,-0.00208718,1.10031e-05,0.0467436,
0.00182443,-9.24772e-05,-0.00150372,-0.000353409,0.00106173,0.000942953,-9.21512e-05,-9.24772e-05,0.00116776,-0.000148462,0.00136986,0.000420016,0.000696789,3.15433e-06,-0.00150372,-0.000148462,0.0040649,-0.000126232,-0.000174916,0.000970514,-0.000155535,-0.000353409,0.00136986,-0.000126232,0.00335874,0.000245386,-0.00158053,2.21908e-05,0.00106173,0.000420016,-0.000174916,0.000245386,0.0339293,0.00144891,-0.0020874,0.000942953,0.000696789,0.000970514,-0.00158053,0.00144891,0.0293751,1.13406e-05,-9.21512e-05,3.15433e-06,-0.000155535,2.21908e-05,-0.0020874,1.13406e-05,0.0467435,
0.00182437,-9.24728e-05,-0.00150372,-0.000353404,0.00106166,0.000942926,-9.22186e-05,-9.24728e-05,0.00116776,-0.000148462,0.00136986,0.000420019,0.000696781,3.1642e-06,-0.00150372,-0.000148462,0.00406489,-0.000126226,-0.000175001,0.000970516,-0.000155607,-0.000353404,0.00136986,-0.000126226,0.00335874,0.000245335,-0.00158054,2.21581e-05,0.00106166,0.000420019,-0.000175001,0.000245335,0.0339291,0.00144916,-0.00208761,0.000942926,0.000696781,0.000970516,-0.00158054,0.00144916,0.0293754,1.16786e-05,-9.22186e-05,3.1642e-06,-0.000155607,2.21581e-05,-0.00208761,1.16786e-05,0.0467434,
0.00182431,-9.24686e-05,-0.00150373,-0.000353399,0.0010616,0.000942899,-9.22865e-05,-9.24686e-05,0.00116775,-0.000148462,0.00136986,0.000420021,0.000696773,3.17407e-06,-0.00150373,-0.000148462,0.00406489,-0.000126221,-0.000175084,0.000970519,-0.00015568,-0.000353399,0.00136986,-0.000126221,0.00335874,0.000245286,-0.00158055,2.21252e-05,0.0010616,0.000420021,-0.000175084,0.000245286,0.033929,0.00144942,-0.00208782,0.000942899,0.000696773,0.000970519,-0.00158055,0.00144942,0.0293757,1.2017e-05,-9.22865e-05,3.17407e-06,-0.00015568,2.21252e-05,-0.00208782,1.2017e-05,0.0467432,
0.00182425,-9.24647e-05,-0.00150373,-0.000353394,0.00106154,0.000942873,-9.23547e-05,-9.24647e-05,0.00116775,-0.000148462,0.00136986,0.000420023,0.000696764,3.18397e-06,-0.00150373,-0.000148462,0.00406489,-0.000126216,-0.000175167,0.000970521,-0.000155752,-0.000353394,0.00136986,-0.000126216,0.00335874,0.000245238,-0.00158056,2.20922e-05,0.00106154,0.000420023,-0.000175167,0.000245238,0.0339288,0.00144967,-0.00208804,0.000942873,0.000696764,0.000970521,-0.00158056,0.00144967,0.0293759,1.23558e-05,-9.23547e-05,3.18397e-06,-0.000155752,2.20922e-05,-0.00208804,1.23558e-05,0.0467431,
0.0018242,-9.24609e-05,-0.00150374,-0.000353389,0.00106147,0.000942848,-9.24233e-05,-9.24609e-05,0.00116775,-0.000148462,0.00136986,0.000420026,0.000696756,3.19387e-06,-0.00150374,-0.000148462,0.00406489,-0.000126211,-0.000175249,0.000970524,-0.000155825,-0.000353389,0.00136986,-0.000126211,0.00335874,0.000245191,-0.00158057,2.20591e-05,0.00106147,0.000420026,-0.000175249,0.000245191,0.0339286,0.00144992,-0.00208825,0.000942848,0.000696756,0.000970524,-0.00158057,0.00144992,0.0293762,1.2695e-05,-9.24233e-05,3.19387e-06,-0.000155825,2.20591e-05,-0.00208825,1.2695e-05,0.046743,
0.00182414,-9.24574e-05,-0.00150374,-0.000353384,0.00106141,0.000942824,-9.24921e-05,-9.24574e-05,0.00116775,-0.000148462,0.00136986,0.000420028,0.000696748,3.20379e-06,-0.00150374,-0.000148462,0.00406488,-0.000126207,-0.000175329,0.000970526,-0.000155899,-0.000353384,0.00136986,-0.000126207,0.00335875,0.000245146,-0.00158058,2.20258e-05,0.00106141,0.000420028,-0.000175329,0.000245146,0.0339284,0.00145017,-0.00208847,0.000942824,0.000696748,0.000970526,-0.00158058,0.00145017,0.0293764,1.30345e-05,-9.24921e-05,3.20379e-06,-0.000155899,2.20258e-05,-0.00208847,1.30345e-05,0.0467428,
0.00182409,-9.2454e-05,-0.00150375,-0.00035338,0.00106135,0.000942801,-9.25613e-05,-9.2454e-05,0.00116775,-0.000148463,0.00136986,0.00042003,0.000696739,3.21371e-06,-0.00150375,-0.000148463,0.00406488,-0.000126203,-0.000175409,0.000970529,-0.000155972,-0.00035338,0.00136986,-0.000126203,0.00335875,0.000245101,-0.00158059,2.19925e-05,0.00106135,0.00042003,-0.000175409,0.000245101,0.0339283,0.00145042,-0.00208869,0.000942801,0.000696739,0.000970529,-0.00158059,0.00145042,0.0293767,1.33742e-05,-9.25613e-05,3.21371e-06,-0.000155972,2.19925e-05,-0.00208869,1.33742e-05,0.0467427,
0.00182404,-9.24507e-05,-0.00150375,-0.000353375,0.00106129,0.000942778,-9.26307e-05,-9.24507e-05,0.00116775,-0.000148463,0.00136986,0.000420032,0.000696731,3.22364e-06,-0.00150375,-0.000148463,0.00406487,-0.000126198,-0.000175488,0.000970532,-0.000156046,-0.000353375,0.00136986,-0.000126198,0.00335875,0.000245057,-0.00158059,2.19591e-05,0.00106129,0.000420032,-0.000175488,0.000245057,0.0339281,0.00145066,-0.0020889,0.000942778,0.000696731,0.000970532,-0.00158059,0.00145066,0.0293769,1.37142e-05,-9.26307e-05,3.22364e-06,-0.000156046,2.19591e-05,-0.0020889,1.37142e-05,0.0467426,
0.001824,-9.24476e-05,-0.00150376,-0.000353371,0.00106123,0.000942756,-9.27003e-05,-9.24476e-05,0.00116775,-0.000148463,0.00136986,0.000420034,0.000696722,3.23358e-06,-0.00150376,-0.000148463,0.00406487,-0.000126194,-0.000175566,0.000970534,-0.000156119,-0.000353371,0.00136986,-0.000126194,0.00335875,0.000245014,-0.0015806,2.19257e-05,0.00106123,0.000420034,-0.000175566,0.000245014,0.0339279,0.00145091,-0.00208912,0.000942756,0.000696722,0.000970534,-0.0015806,0.00145091,0.0293772,1.40545e-05,-9.27003e-05,3.23358e-06,-0.000156119,2.19257e-05,-0.00208912,1.40545e-05,0.0467424,
0.00182395,-9.24447e-05,-0.00150376,-0.000353367,0.00106117,0.000942735,-9.27701e-05,-9.24447e-05,0.00116775,-0.000148463,0.00136986,0.000420036,0.000696714,3.24353e-06,-0.00150376,-0.000148463,0.00406487,-0.000126191,-0.000175644,0.000970537,-0.000156193,-0.000353367,0.00136986,-0.000126191,0.00335875,0.000244972,-0.00158061,2.18921e-05,0.00106117,0.000420036,-0.000175644,0.000244972,0.0339277,0.00145116,-0.00208934,0.000942735,0.000696714,0.000970537,-0.00158061,0.00145116,0.0293774,1.43949e-05,-9.27701e-05,3.24353e-06,-0.000156193,2.18921e-05,-0.00208934,1.43949e-05,0.0467423,
0.0018239,-9.24418e-05,-0.00150377,-0.000353363,0.00106111,0.000942714,-9.28401e-05,-9.24418e-05,0.00116775,-0.000148463,0.00136986,0.000420039,0.000696706,3.25348e-06,-0.00150377,-0.000148463,0.00406486,-0.000126187,-0.000175721,0.000970539,-0.000156267,-0.000353363,0.00136986,-0.000126187,0.00335876,0.000244931,-0.00158061,2.18585e-05,0.00106111,0.000420039,-0.000175721,0.000244931,0.0339275,0.0014514,-0.00208956,0.000942714,0.000696706,0.000970539,-0.00158061,0.0014514,0.0293777,1.47354e-05,-9.28401e-05,3.25348e-06,-0.000156267,2.18585e-05,-0.00208956,1.47354e-05,0.0467422,
0.00182386,-9.2439e-05,-0.00150377,-0.000353359,0.00106105,0.000942693,-9.29102e-05,-9.2439e-05,0.00116775,-0.000148464,0.00136986,0.000420041,0.000696697,3.26344e-06,-0.00150377,-0.000148464,0.00406486,-0.000126183,-0.000175798,0.000970542,-0.000156341,-0.000353359,0.00136986,-0.000126183,0.00335876,0.00024489,-0.00158062,2.18249e-05,0.00106105,0.000420041,-0.000175798,0.00024489,0.0339273,0.00145165,-0.00208978,0.000942693,0.000696697,0.000970542,-0.00158062,0.00145165,0.0293779,1.50761e-05,-9.29102e-05,3.26344e-06,-0.000156341,2.18249e-05,-0.00208978,1.50761e-05,0.046742,
0.00182382,-9.24364e-05,-0.00150378,-0.000353356,0.00106099,0.000942673,-9.29806e-05,-9.24364e-05,0.00116775,-0.000148464,0.00136985,0.000420043,0.000696689,3.27341e-06,-0.00150378,-0.000148464,0.00406486,-0.00012618,-0.000175874,0.000970544,-0.000156415,-0.000353356,0.00136985,-0.00012618,0.00335876,0.00024485,-0.00158063,2.17912e-05,0.00106099,0.000420043,-0.000175874,0.00024485,0.0339271,0.00145189,-0.00209,0.000942673,0.000696689,0.000970544,-0.00158063,0.00145189,0.0293782,1.5417e-05,-9.29806e-05,3.27341e-06,-0.000156415,2.17912e-05,-0.00209,1.5417e-05,0.0467419,
0.00182378,-9.24338e-05,-0.00150378,-0.000353352,0.00106093,0.000942654,-9.3051e-05,-9.24338e-05,0.00116774,-0.000148464,0.00136985,0.000420045,0.00069668,3.28337e-06,-0.00150378,-0.000148464,0.00406485,-0.000126176,-0.00017595,0.000970547,-0.000156489,-0.000353352,0.00136985,-0.000126176,0.00335876,0.00024481,-0.00158063,2.17574e-05,0.00106093,0.000420045,-0.00017595,0.00024481,0.0339269,0.00145214,-0.00209022,0.000942654,0.00069668,0.000970547,-0.00158063,0.00145214,0.0293784,1.57579e-05,-9.3051e-05,3.28337e-06,-0.000156489,2.17574e-05,-0.00209022,1.57579e-05,0.0467417,
0.00182374,-9.24313e-05,-0.00150379,-0.000353348,0.00106087,0.000942634,-9.31216e-05,-9.24313e-05,0.00116774,-0.000148464,0.00136985,0.000420047,0.000696672,3.29334e-06,-0.00150379,-0.000148464,0.00406485,-0.000126173,-0.000176025,0.000970549,-0.000156564,-0.000353348,0.00136985,-0.000126173,0.00335876,0.000244771,-0.00158064,2.17236e-05,0.00106087,0.000420047,-0.000176025,0.000244771,0.0339267,0.00145238,-0.00209044,0.000942634,0.000696672,0.000970549,-0.00158064,0.00145238,0.0293787,1.60989e-05,-9.31216e-05,3.29334e-06,-0.000156564,2.17236e-05,-0.00209044,1.60989e-05,0.0467416,
0.0018237,-9.24289e-05,-0.00150379,-0.000353345,0.00106081,0.000942615,-9.31923e-05,-9.24289e-05,0.00116774,-0.000148465,0.00136985,0.000420049,0.000696664,3.30331e-06,-0.00150379,-0.000148465,0.00406484,-0.000126169,-0.0001761,0.000970552,-0.000156638,-0.000353345,0.00136985,-0.000126169,0.00335877,0.000244732,-0.00158064,2.16898e-05,0.00106081,0.000420049,-0.0001761,0.000244732,0.0339265,0.00145262,-0.00209067,0.000942615,0.000696664,0.000970552,-0.00158064,0.00145262,0.0293789,1.64401e-05,-9.31923e-05,3.30331e-06,-0.000156638,2.16898e-05,-0.00209067,1.64401e-05,0.0467415,
0.00182366,-9.24265e-05,-0.0015038,-0.000353341,0.00106075,0.000942596,-9.3263e-05,-9.24265e-05,0.00116774,-0.000148465,0.00136985,0.000420051,0.000696655,3.31329e-06,-0.0015038,-0.000148465,0.00406484,-0.000126166,-0.000176175,0.000970554,-0.000156712,-0.000353341,0.00136985,-0.000126166,0.00335877,0.000244694,-0.00158065,2.1656e-05,0.00106075,0.000420051,-0.000176175,0.000244694,0.0339263,0.00145287,-0.00209089,0.000942596,0.000696655,0.000970554,-0.00158065,0.00145287,0.0293792,1.67812e-05,-9.3263e-05,3.31329e-06,-0.000156712,2.1656e-05,-0.00209089,1.67812e-05,0.0467413,
0.00182362,-9.24242e-05,-0.0015038,-0.000353338,0.00106069,0.000942578,-9.33339e-05,-9.24242e-05,0.00116774,-0.000148465,0.00136985,0.000420053,0.000696647,3.32327e-06,-0.0015038,-0.000148465,0.00406484,-0.000126163,-0.000176249,0.000970556,-0.000156787,-0.000353338,0.00136985,-0.000126163,0.00335877,0.000244656,-0.00158065,2.16221e-05,0.00106069,0.000420053,-0.000176249,0.000244656,0.0339261,0.00145311,-0.00209111,0.000942578,0.000696647,0.000970556,-0.00158065,0.00145311,0.0293794,1.71225e-05,-9.33339e-05,3.32327e-06,-0.000156787,2.16221e-05,-0.00209111,1.71225e-05,0.0467412,
0.00182358,-9.24219e-05,-0.00150381,-0.000353335,0.00106063,0.000942559,-9.34049e-05,-9.24219e-05,0.00116774,-0.000148466,0.00136985,0.000420055,0.000696638,3.33325e-06,-0.00150381,-0.000148466,0.00406483,-0.00012616,-0.000176323,0.000970559,-0.000156862,-0.000353335,0.00136985,-0.00012616,0.00335877,0.000244618,-0.00158066,2.15883e-05,0.00106063,0.000420055,-0.000176323,0.000244618,0.0339259,0.00145335,-0.00209133,0.000942559,0.000696638,0.000970559,-0.00158066,0.00145335,0.0293797,1.74638e-05,-9.34049e-05,3.33325e-06,-0.000156862,2.15883e-05,-0.00209133,1.74638e-05,0.046741,
0.00182354,-9.24197e-05,-0.00150381,-0.000353331,0.00106057,0.000942541,-9.34759e-05,-9.24197e-05,0.00116774,-0.000148466,0.00136985,0.000420057,0.00069663,3.34323e-06,-0.00150381,-0.000148466,0.00406483,-0.000126157,-0.000176397,0.000970561,-0.000156936,-0.000353331,0.00136985,-0.000126157,0.00335877,0.00024458,-0.00158066,2.15544e-05,0.00106057,0.000420057,-0.000176397,0.00024458,0.0339257,0.00145359,-0.00209156,0.000942541,0.00069663,0.000970561,-0.00158066,0.00145359,0.0293799,1.78051e-05,-9.34759e-05,3.34323e-06,-0.000156936,2.15544e-05,-0.00209156,1.78051e-05,0.0467409,
0.00182351,-9.24175e-05,-0.00150381,-0.000353328,0.00106051,0.000942523,-9.3547e-05,-9.24175e-05,0.00116774,-0.000148466,0.00136985,0.00042006,0.000696621,3.35321e-06,-0.00150381,-0.000148466,0.00406482,-0.000126154,-0.000176471,0.000970564,-0.000157011,-0.000353328,0.00136985,-0.000126154,0.00335878,0.000244543,-0.00158067,2.15205e-05,0.00106051,0.00042006,-0.000176471,0.000244543,0.0339255,0.00145383,-0.00209178,0.000942523,0.000696621,0.000970564,-0.00158067,0.00145383,0.0293802,1.81465e-05,-9.3547e-05,3.35321e-06,-0.000157011,2.15205e-05,-0.00209178,1.81465e-05,0.0467407,
0.00182347,-9.24154e-05,-0.00150382,-0.000353325,0.00106045,0.000942505,-9.36181e-05,-9.24154e-05,0.00116774,-0.000148467,0.00136985,0.000420062,0.000696613,3.3632e-06,-0.00150382,-0.000148467,0.00406482,-0.000126151,-0.000176544,0.000970566,-0.000157086,-0.000353325,0.00136985,-0.000126151,0.00335878,0.000244506,-0.00158067,2.14865e-05,0.00106045,0.000420062,-0.000176544,0.000244506,0.0339253,0.00145407,-0.002092,0.000942505,0.000696613,0.000970566,-0.00158067,0.00145407,0.0293804,1.84878e-05,-9.36181e-05,3.3632e-06,-0.000157086,2.14865e-05,-0.002092,1.84878e-05,0.0467406,
0.00182344,-9.24133e-05,-0.00150382,-0.000353321,0.00106039,0.000942488,-9.36893e-05,-9.24133e-05,0.00116774,-0.000148467,0.00136985,0.000420064,0.000696605,3.37318e-06,-0.00150382,-0.000148467,0.00406482,-0.000126148,-0.000176617,0.000970569,-0.00015716,-0.000353321,0.00136985,-0.000126148,0.00335878,0.00024447,-0.00158068,2.14526e-05,0.00106039,0.000420064,-0.000176617,0.00024447,0.0339251,0.00145431,-0.00209223,0.000942488,0.000696605,0.000970569,-0.00158068,0.00145431,0.0293807,1.88292e-05,-9.36893e-05,3.37318e-06,-0.00015716,2.14526e-05,-0.00209223,1.88292e-05,0.0467405,
0.0018234,-9.24113e-05,-0.00150383,-0.000353318,0.00106033,0.00094247,-9.37605e-05,-9.24113e-05,0.00116774,-0.000148467,0.00136985,0.000420066,0.000696596,3.38317e-06,-0.00150383,-0.000148467,0.00406481,-0.000126145,-0.00017669,0.000970571,-0.000157235,-0.000353318,0.00136985,-0.000126145,0.00335878,0.000244433,-0.00158068,2.14187e-05,0.00106033,0.000420066,-0.00017669,0.000244433,0.0339248,0.00145455,-0.00209245,0.00094247,0.000696596,0.000970571,-0.00158068,0.00145455,0.0293809,1.91706e-05,-9.37605e-05,3.38317e-06,-0.000157235,2.14187e-05,-0.00209245,1.91706e-05,0.0467403,
0.00182336,-9.24092e-05,-0.00150383,-0.000353315,0.00106027,0.000942453,-9.38318e-05,-9.24092e-05,0.00116774,-0.000148468,0.00136985,0.000420068,0.000696588,3.39315e-06,-0.00150383,-0.000148468,0.00406481,-0.000126142,-0.000176764,0.000970573,-0.00015731,-0.000353315,0.00136985,-0.000126142,0.00335878,0.000244397,-0.00158069,2.13847e-05,0.00106027,0.000420068,-0.000176764,0.000244397,0.0339246,0.0014548,-0.00209268,0.000942453,0.000696588,0.000970573,-0.00158069,0.0014548,0.0293812,1.95121e-05,-9.38318e-05,3.39315e-06,-0.00015731,2.13847e-05,-0.00209268,1.95121e-05,0.0467402,
0.00182333,-9.24072e-05,-0.00150384,-0.000353312,0.00106021,0.000942435,-9.39032e-05,-9.24072e-05,0.00116773,-0.000148468,0.00136985,0.00042007,0.000696579,3.40314e-06,-0.00150384,-0.000148468,0.0040648,-0.000126139,-0.000176836,0.000970576,-0.000157385,-0.000353312,0.00136985,-0.000126139,0.00335879,0.00024436,-0.00158069,2.13508e-05,0.00106021,0.00042007,-0.000176836,0.00024436,0.0339244,0.00145504,-0.0020929,0.000942435,0.000696579,0.000970576,-0.00158069,0.00145504,0.0293814,1.98535e-05,-9.39032e-05,3.40314e-06,-0.000157385,2.13508e-05,-0.0020929,1.98535e-05,0.04674,
0.0018233,-9.24052e-05,-0.00150384,-0.000353309,0.00106015,0.000942418,-9.39745e-05,-9.24052e-05,0.00116773,-0.000148468,0.00136985,0.000420072,0.000696571,3.41313e-06,-0.00150384,-0.000148468,0.0040648,-0.000126136,-0.000176909,0.000970578,-0.00015746,-0.000353309,0.00136985,-0.000126136,0.00335879,0.000244324,-0.0015807,2.13168e-05,0.00106015,0.000420072,-0.000176909,0.000244324,0.0339242,0.00145528,-0.00209313,0.000942418,0.000696571,0.000970578,-0.0015807,0.00145528,0.0293817,2.01949e-05,-9.39745e-05,3.41313e-06,-0.00015746,2.13168e-05,-0.00209313,2.01949e-05,0.0467399,
0.00182326,-9.24032e-05,-0.00150385,-0.000353306,0.00106009,0.000942401,-9.40459e-05,-9.24032e-05,0.00116773,-0.000148469,0.00136985,0.000420074,0.000696562,3.42312e-06,-0.00150385,-0.000148469,0.0040648,-0.000126133,-0.000176982,0.00097058,-0.000157535,-0.000353306,0.00136985,-0.000126133,0.00335879,0.000244288,-0.0015807,2.12829e-05,0.00106009,0.000420074,-0.000176982,0.000244288,0.033924,0.00145552,-0.00209336,0.000942401,0.000696562,0.00097058,-0.0015807,0.00145552,0.0293819,2.05364e-05,-9.40459e-05,3.42311e-06,-0.000157535,2.12829e-05,-0.00209336,2.05364e-05,0.0467397,
0.00182323,-9.24013e-05,-0.00150385,-0.000353303,0.00106003,0.000942384,-9.41173e-05,-9.24013e-05,0.00116773,-0.000148469,0.00136984,0.000420076,0.000696554,3.4331e-06,-0.00150385,-0.000148469,0.00406479,-0.000126131,-0.000177055,0.000970583,-0.000157609,-0.000353303,0.00136984,-0.000126131,0.00335879,0.000244252,-0.00158071,2.12489e-05,0.00106003,0.000420076,-0.000177055,0.000244252,0.0339238,0.00145575,-0.00209358,0.000942384,0.000696554,0.000970583,-0.00158071,0.00145575,0.0293821,2.08778e-05,-9.41173e-05,3.4331e-06,-0.000157609,2.12489e-05,-0.00209358,2.08778e-05,0.0467396,
0.00182319,-9.23994e-05,-0.00150386,-0.000353299,0.00105997,0.000942367,-9.41887e-05,-9.23994e-05,0.00116773,-0.000148469,0.00136984,0.000420078,0.000696545,3.44309e-06,-0.00150386,-0.000148469,0.00406479,-0.000126128,-0.000177127,0.000970585,-0.000157684,-0.000353299,0.00136984,-0.000126128,0.00335879,0.000244216,-0.00158071,2.12149e-05,0.00105997,0.000420078,-0.000177127,0.000244216,0.0339236,0.00145599,-0.00209381,0.000942367,0.000696545,0.000970585,-0.00158071,0.00145599,0.0293824,2.12192e-05,-9.41887e-05,3.44309e-06,-0.000157684,2.12149e-05,-0.00209381,2.12192e-05,0.0467394,
