0.00410932,-0.000816748,-0.000693551,-0.000319991,-0.000860981,0.000790555,-5.86399e-05,-0.000816748,0.00108476,-0.00086153,0.000450051,0.00172605,0.000115664,3.78122e-05,-0.000693551,-0.00086153,0.004284,-0.00032208,-0.000919673,0.000818538,-6.15275e-05,-0.000319991,0.000450051,-0.00032208,0.00194349,0.000366882,0.00212789,4.99609e-05,-0.000860981,0.00172605,-0.000919673,0.000366882,0.027202,-0.000105808,-2.56162e-06,0.000790555,0.000115664,0.000818538,0.00212789,-0.000105808,0.0276913,0.000311489,-5.86399e-05,3.78122e-05,-6.15275e-05,4.99609e-05,-2.56162e-06,0.000311489,0.0466092,
0.00410908,-0.000816822,-0.000693725,-0.0003203,-0.000860633,0.000790752,-5.86458e-05,-0.000816822,0.00108489,-0.000861604,0.00045015,0.00172605,0.000115478,3.78367e-05,-0.000693725,-0.000861604,0.00428389,-0.000322063,-0.000919465,0.000818586,-6.15326e-05,-0.0003203,0.00045015,-0.000322063,0.00194355,0.000366895,0.00212768,4.99668e-05,-0.000860633,0.00172605,-0.000919465,0.000366895,0.0272016,-0.000105885,-2.6392e-06,0.000790752,0.000115478,0.000818586,0.00212768,-0.000105885,0.0276913,0.000311683,-5.86458e-05,3.78367e-05,-6.15326e-05,4.99668e-05,-2.6392e-06,0.000311683,0.0466092,
0.00410889,-0.00081687,-0.000693855,-0.000320582,-0.000860354,0.000790956,-5.86626e-05,-0.00081687,0.00108497,-0.000861651,0.000450239,0.001726,0.000115369,3.78605e-05,-0.000693855,-0.000861651,0.00428382,-0.000322038,-0.000919319,0.000818648,-6.15492e-05,-0.000320582,0.000450239,-0.000322038,0.00194361,0.000366914,0.00212758,4.99703e-05,-0.000860354,0.001726,-0.000919319,0.000366914,0.0272015,-0.000105895,-2.85827e-06,0.000790956,0.000115369,0.000818648,0.00212758,-0.000105895,0.0276915,0.000311895,-5.86626e-05,3.78605e-05,-6.15492e-05,4.99703e-05,-2.85827e-06,0.000311895,0.0466091,
0.00410873,-0.000816902,-0.000693957,-0.000320839,-0.000860128,0.000791142,-5.86817e-05,-0.000816902,0.00108503,-0.000861681,0.000450317,0.00172595,0.000115296,3.78842e-05,-0.000693957,-0.000861681,0.00428377,-0.000322011,-0.000919217,0.000818704,-6.15682e-05,-0.000320839,0.000450317,-0.000322011,0.00194366,0.000366928,0.0021275,4.99726e-05,-0.000860128,0.00172595,-0.000919217,0.000366928,0.0272016,-0.000105892,-3.12032e-06,0.000791142,0.000115296,0.000818704,0.0021275,-0.000105892,0.0276918,0.000312127,-5.86817e-05,3.78842e-05,-6.15682e-05,4.99726e-05,-3.12032e-06,0.000312127,0.046609,
0.0041086,-0.000816923,-0.000694041,-0.000321073,-0.000859942,0.000791308,-5.87006e-05,-0.000816923,0.00108508,-0.0008617,0.000450386,0.00172591,0.000115241,3.79079e-05,-0.000694041,-0.0008617,0.00428374,-0.000321987,-0.000919146,0.00081875,-6.15871e-05,-0.000321073,0.000450386,-0.000321987,0.0019437,0.000366937,0.00212742,4.9974e-05,-0.000859942,0.00172591,-0.000919146,0.000366937,0.0272017,-0.00010589,-3.39417e-06,0.000791308,0.000115241,0.00081875,0.00212742,-0.00010589,0.027692,0.000312379,-5.87006e-05,3.79079e-05,-6.15871e-05,4.9974e-05,-3.39417e-06,0.000312379,0.046609,
0.00410848,-0.000816938,-0.000694112,-0.000321286,-0.000859787,0.000791452,-5.87188e-05,-0.000816938,0.00108511,-0.000861713,0.000450448,0.00172587,0.000115198,3.79321e-05,-0.000694112,-0.000861713,0.00428372,-0.000321964,-0.000919096,0.000818787,-6.16054e-05,-0.000321286,0.000450448,-0.000321964,0.00194374,0.000366942,0.00212735,4.99747e-05,-0.000859787,0.00172587,-0.000919096,0.000366942,0.0272017,-0.000105893,-3.67151e-06,0.000791452,0.000115198,0.000818787,0.00212735,-0.000105893,0.0276922,0.000312648,-5.87188e-05,3.79321e-05,-6.16054e-05,4.99747e-05,-3.67151e-06,0.000312648,0.0466089,
0.00410838,-0.000816948,-0.000694173,-0.000321479,-0.000859658,0.000791579,-5.87363e-05,-0.000816948,0.00108513,-0.000861721,0.000450503,0.00172584,0.000115162,3.79567e-05,-0.000694173,-0.000861721,0.0042837,-0.000321945,-0.000919062,0.000818815,-6.16231e-05,-0.000321479,0.000450503,-0.000321945,0.00194378,0.000366943,0.00212727,4.99748e-05,-0.000859658,0.00172584,-0.000919062,0.000366943,0.0272018,-0.000105901,-3.95136e-06,0.000791579,0.000115162,0.000818815,0.00212727,-0.000105901,0.0276923,0.000312934,-5.87363e-05,3.79567e-05,-6.16231e-05,4.99748e-05,-3.95136e-06,0.000312934,0.0466088,
0.00410828,-0.000816955,-0.000694225,-0.000321655,-0.000859549,0.00079169,-5.87535e-05,-0.000816955,0.00108515,-0.000861725,0.000450552,0.00172581,0.000115131,3.7982e-05,-0.000694225,-0.000861725,0.00428369,-0.000321927,-0.000919039,0.000818837,-6.16405e-05,-0.000321655,0.000450552,-0.000321927,0.00194381,0.000366943,0.0021272,4.99743e-05,-0.000859549,0.00172581,-0.000919039,0.000366943,0.0272018,-0.000105911,-4.23467e-06,0.00079169,0.000115131,0.000818837,0.0021272,-0.000105911,0.0276925,0.000313235,-5.87535e-05,3.7982e-05,-6.16405e-05,4.99743e-05,-4.23467e-06,0.000313235,0.0466087,
0.0041082,-0.000816959,-0.000694271,-0.000321813,-0.000859456,0.000791788,-5.87705e-05,-0.000816959,0.00108517,-0.000861728,0.000450596,0.00172578,0.000115104,3.80079e-05,-0.000694271,-0.000861728,0.00428368,-0.000321912,-0.000919024,0.000818855,-6.16579e-05,-0.000321813,0.000450596,-0.000321912,0.00194384,0.00036694,0.00212712,4.99733e-05,-0.000859456,0.00172578,-0.000919024,0.00036694,0.0272018,-0.000105924,-4.5226e-06,0.000791788,0.000115104,0.000818855,0.00212712,-0.000105924,0.0276926,0.000313549,-5.87705e-05,3.80079e-05,-6.16579e-05,4.99733e-05,-4.5226e-06,0.000313549,0.0466086,
0.00410813,-0.000816962,-0.000694311,-0.000321957,-0.000859377,0.000791875,-5.87875e-05,-0.000816962,0.00108518,-0.000861728,0.000450636,0.00172576,0.00011508,3.80344e-05,-0.000694311,-0.000861728,0.00428367,-0.000321898,-0.000919016,0.000818869,-6.16753e-05,-0.000321957,0.000450636,-0.000321898,0.00194387,0.000366936,0.00212705,4.99717e-05,-0.000859377,0.00172576,-0.000919016,0.000366936,0.0272018,-0.000105937,-4.81604e-06,0.000791875,0.00011508,0.000818869,0.00212705,-0.000105937,0.0276927,0.000313877,-5.87875e-05,3.80344e-05,-6.16753e-05,4.99717e-05,-4.81604e-06,0.000313877,0.0466085,
0.00410807,-0.000816963,-0.000694347,-0.000322088,-0.000859309,0.000791952,-5.88047e-05,-0.000816963,0.0010852,-0.000861728,0.000450672,0.00172574,0.000115058,3.80616e-05,-0.000694347,-0.000861728,0.00428366,-0.000321886,-0.000919013,0.00081888,-6.16929e-05,-0.000322088,0.000450672,-0.000321886,0.0019439,0.00036693,0.00212698,4.99697e-05,-0.000859309,0.00172574,-0.000919013,0.00036693,0.0272018,-0.000105951,-5.11555e-06,0.000791952,0.000115058,0.00081888,0.00212698,-0.000105951,0.0276928,0.000314216,-5.88047e-05,3.80616e-05,-6.16929e-05,4.99697e-05,-5.11555e-06,0.000314216,0.0466084,
0.00410801,-0.000816964,-0.000694379,-0.000322206,-0.000859251,0.000792021,-5.88221e-05,-0.000816964,0.0010852,-0.000861728,0.000450704,0.00172572,0.000115039,3.80894e-05,-0.000694379,-0.000861728,0.00428366,-0.000321876,-0.000919013,0.000818889,-6.17109e-05,-0.000322206,0.000450704,-0.000321876,0.00194392,0.000366923,0.00212691,4.99673e-05,-0.000859251,0.00172572,-0.000919013,0.000366923,0.0272018,-0.000105965,-5.42138e-06,0.000792021,0.000115039,0.000818889,0.00212691,-0.000105965,0.0276929,0.000314565,-5.88221e-05,3.80894e-05,-6.17109e-05,4.99673e-05,-5.42138e-06,0.000314565,0.0466083,
0.00410796,-0.000816965,-0.000694408,-0.000322313,-0.000859201,0.000792083,-5.88397e-05,-0.000816965,0.00108521,-0.000861727,0.000450732,0.00172571,0.00011502,3.81178e-05,-0.000694408,-0.000861727,0.00428365,-0.000321867,-0.000919017,0.000818896,-6.17291e-05,-0.000322313,0.000450732,-0.000321867,0.00194394,0.000366915,0.00212685,4.99645e-05,-0.000859201,0.00172571,-0.000919017,0.000366915,0.0272018,-0.000105978,-5.73357e-06,0.000792083,0.00011502,0.000818896,0.00212685,-0.000105978,0.027693,0.000314925,-5.88397e-05,3.81178e-05,-6.17291e-05,4.99645e-05,-5.73357e-06,0.000314925,0.0466082,
0.00410791,-0.000816965,-0.000694434,-0.000322411,-0.000859158,0.000792138,-5.88576e-05,-0.000816965,0.00108522,-0.000861725,0.000450758,0.00172569,0.000115004,3.81468e-05,-0.000694434,-0.000861725,0.00428365,-0.000321859,-0.000919022,0.000818902,-6.17477e-05,-0.000322411,0.000450758,-0.000321859,0.00194396,0.000366906,0.00212679,4.99614e-05,-0.000859158,0.00172569,-0.000919022,0.000366906,0.0272018,-0.00010599,-6.05203e-06,0.000792138,0.000115004,0.000818902,0.00212679,-0.00010599,0.0276931,0.000315293,-5.88576e-05,3.81468e-05,-6.17477e-05,4.99614e-05,-6.05203e-06,0.000315293,0.0466081,
0.00410786,-0.000816965,-0.000694458,-0.000322499,-0.000859121,0.000792188,-5.88758e-05,-0.000816965,0.00108522,-0.000861724,0.000450782,0.00172568,0.000114988,3.81764e-05,-0.000694458,-0.000861724,0.00428364,-0.000321852,-0.000919029,0.000818908,-6.17666e-05,-0.000322499,0.000450782,-0.000321852,0.00194398,0.000366896,0.00212673,4.99579e-05,-0.000859121,0.00172568,-0.000919029,0.000366896,0.0272018,-0.000106002,-6.37655e-06,0.000792188,0.000114988,0.000818908,0.00212673,-0.000106002,0.0276932,0.00031567,-5.88758e-05,3.81764e-05,-6.17666e-05,4.99579e-05,-6.37655e-06,0.00031567,0.046608,
0.00410782,-0.000816964,-0.00069448,-0.00032258,-0.00085909,0.000792233,-5.88943e-05,-0.000816964,0.00108523,-0.000861722,0.000450803,0.00172566,0.000114973,3.82064e-05,-0.00069448,-0.000861722,0.00428364,-0.000321846,-0.000919038,0.000818913,-6.17859e-05,-0.00032258,0.000450803,-0.000321846,0.00194399,0.000366885,0.00212667,4.99541e-05,-0.00085909,0.00172566,-0.000919038,0.000366885,0.0272019,-0.000106013,-6.70684e-06,0.000792233,0.000114973,0.000818913,0.00212667,-0.000106013,0.0276933,0.000316055,-5.88943e-05,3.82064e-05,-6.17859e-05,4.99541e-05,-6.70684e-06,0.000316055,0.0466079,
0.00410779,-0.000816964,-0.0006945,-0.000322653,-0.000859064,0.000792274,-5.89131e-05,-0.000816964,0.00108523,-0.000861721,0.000450822,0.00172565,0.00011496,3.8237e-05,-0.0006945,-0.000861721,0.00428363,-0.00032184,-0.000919048,0.000818917,-6.18055e-05,-0.000322653,0.000450822,-0.00032184,0.00194401,0.000366873,0.00212661,4.99501e-05,-0.000859064,0.00172565,-0.000919048,0.000366873,0.0272019,-0.000106023,-7.04263e-06,0.000792274,0.00011496,0.000818917,0.00212661,-0.000106023,0.0276934,0.000316446,-5.89131e-05,3.8237e-05,-6.18055e-05,4.99501e-05,-7.04263e-06,0.000316446,0.0466077,
0.00410776,-0.000816963,-0.000694518,-0.00032272,-0.000859042,0.000792311,-5.89322e-05,-0.000816963,0.00108524,-0.00086172,0.000450839,0.00172564,0.000114947,3.8268e-05,-0.000694518,-0.00086172,0.00428363,-0.000321836,-0.000919059,0.000818921,-6.18255e-05,-0.00032272,0.000450839,-0.000321836,0.00194402,0.000366861,0.00212656,4.99459e-05,-0.000859042,0.00172564,-0.000919059,0.000366861,0.0272019,-0.000106033,-7.38357e-06,0.000792311,0.000114947,0.000818921,0.00212656,-0.000106033,0.0276935,0.000316844,-5.89322e-05,3.8268e-05,-6.18255e-05,4.99459e-05,-7.38357e-06,0.000316844,0.0466076,
0.00410773,-0.000816963,-0.000694535,-0.000322781,-0.000859024,0.000792344,-5.89515e-05,-0.000816963,0.00108524,-0.000861718,0.000450855,0.00172563,0.000114935,3.82994e-05,-0.000694535,-0.000861718,0.00428363,-0.000321832,-0.00091907,0.000818924,-6.18458e-05,-0.000322781,0.000450855,-0.000321832,0.00194403,0.000366848,0.0021265,4.99414e-05,-0.000859024,0.00172563,-0.00091907,0.000366848,0.0272019,-0.000106041,-7.72935e-06,0.000792344,0.000114935,0.000818924,0.0021265,-0.000106041,0.0276936,0.000317249,-5.89515e-05,3.82994e-05,-6.18458e-05,4.99414e-05,-7.72935e-06,0.000317249,0.0466075,
0.0041077,-0.000816962,-0.00069455,-0.000322837,-0.000859009,0.000792375,-5.89711e-05,-0.000816962,0.00108525,-0.000861717,0.000450869,0.00172562,0.000114923,3.83312e-05,-0.00069455,-0.000861717,0.00428362,-0.000321829,-0.000919083,0.000818927,-6.18663e-05,-0.000322837,0.000450869,-0.000321829,0.00194404,0.000366835,0.00212645,4.99368e-05,-0.000859009,0.00172562,-0.000919083,0.000366835,0.0272019,-0.00010605,-8.07965e-06,0.000792375,0.000114923,0.000818927,0.00212645,-0.00010605,0.0276937,0.000317658,-5.89711e-05,3.83312e-05,-6.18663e-05,4.99368e-05,-8.07965e-06,0.000317658,0.0466074,
0.00410767,-0.000816962,-0.000694565,-0.000322888,-0.000858997,0.000792403,-5.89909e-05,-0.000816962,0.00108525,-0.000861716,0.000450882,0.00172561,0.000114912,3.83634e-05,-0.000694565,-0.000861716,0.00428362,-0.000321826,-0.000919096,0.00081893,-6.18871e-05,-0.000322888,0.000450882,-0.000321826,0.00194405,0.000366821,0.0021264,4.99319e-05,-0.000858997,0.00172561,-0.000919096,0.000366821,0.0272019,-0.000106057,-8.43415e-06,0.000792403,0.000114912,0.00081893,0.0021264,-0.000106057,0.0276938,0.000318073,-5.89909e-05,3.83634e-05,-6.18871e-05,4.99319e-05,-8.43415e-06,0.000318073,0.0466073,
0.00410765,-0.000816962,-0.000694579,-0.000322935,-0.000858987,0.000792428,-5.9011e-05,-0.000816962,0.00108525,-0.000861715,0.000450894,0.0017256,0.000114901,3.83959e-05,-0.000694579,-0.000861715,0.00428362,-0.000321824,-0.000919109,0.000818933,-6.19082e-05,-0.000322935,0.000450894,-0.000321824,0.00194406,0.000366806,0.00212635,4.99269e-05,-0.000858987,0.0017256,-0.000919109,0.000366806,0.0272019,-0.000106064,-8.79256e-06,0.000792428,0.000114901,0.000818933,0.00212635,-0.000106064,0.0276939,0.000318493,-5.9011e-05,3.83959e-05,-6.19082e-05,4.99269e-05,-8.79256e-06,0.000318493,0.0466071,
0.00410763,-0.000816961,-0.000694591,-0.000322978,-0.000858981,0.000792452,-5.90312e-05,-0.000816961,0.00108525,-0.000861714,0.000450905,0.00172559,0.000114891,3.84287e-05,-0.000694591,-0.000861714,0.00428361,-0.000321822,-0.000919123,0.000818936,-6.19296e-05,-0.000322978,0.000450905,-0.000321822,0.00194407,0.000366791,0.0021263,4.99218e-05,-0.000858981,0.00172559,-0.000919123,0.000366791,0.0272019,-0.000106071,-9.15459e-06,0.000792452,0.000114891,0.000818936,0.0021263,-0.000106071,0.027694,0.000318917,-5.90312e-05,3.84287e-05,-6.19296e-05,4.99218e-05,-9.15459e-06,0.000318917,0.046607,
0.00410761,-0.000816961,-0.000694603,-0.000323018,-0.000858976,0.000792473,-5.90517e-05,-0.000816961,0.00108526,-0.000861713,0.000450915,0.00172558,0.000114881,3.84619e-05,-0.000694603,-0.000861713,0.00428361,-0.00032182,-0.000919137,0.000818938,-6.19511e-05,-0.000323018,0.000450915,-0.00032182,0.00194408,0.000366776,0.00212625,4.99166e-05,-0.000858976,0.00172558,-0.000919137,0.000366776,0.0272019,-0.000106077,-9.51999e-06,0.000792473,0.000114881,0.000818938,0.00212625,-0.000106077,0.0276941,0.000319345,-5.90517e-05,3.84619e-05,-6.19511e-05,4.99166e-05,-9.51999e-06,0.000319345,0.0466069,
0.00410759,-0.00081696,-0.000694614,-0.000323054,-0.000858973,0.000792493,-5.90723e-05,-0.00081696,0.00108526,-0.000861712,0.000450923,0.00172557,0.000114871,3.84952e-05,-0.000694614,-0.000861712,0.00428361,-0.000321819,-0.000919152,0.00081894,-6.19728e-05,-0.000323054,0.000450923,-0.000321819,0.00194408,0.00036676,0.00212621,4.99112e-05,-0.000858973,0.00172557,-0.000919152,0.00036676,0.0272019,-0.000106083,-9.8885e-06,0.000792493,0.000114871,0.00081894,0.00212621,-0.000106083,0.0276942,0.000319776,-5.90723e-05,3.84952e-05,-6.19728e-05,4.99112e-05,-9.8885e-06,0.000319776,0.0466067,
0.00410757,-0.00081696,-0.000694625,-0.000323088,-0.000858972,0.000792511,-5.90931e-05,-0.00081696,0.00108526,-0.000861711,0.000450932,0.00172556,0.000114862,3.85289e-05,-0.000694625,-0.000861711,0.0042836,-0.000321819,-0.000919167,0.000818943,-6.19948e-05,-0.000323088,0.000450932,-0.000321819,0.00194409,0.000366744,0.00212616,4.99057e-05,-0.000858972,0.00172556,-0.000919167,0.000366744,0.0272019,-0.000106089,-1.02599e-05,0.000792511,0.000114862,0.000818943,0.00212616,-0.000106089,0.0276943,0.000320212,-5.90931e-05,3.85289e-05,-6.19948e-05,4.99057e-05,-1.02599e-05,0.000320212,0.0466066,
0.00410755,-0.00081696,-0.000694635,-0.00032312,-0.000858972,0.000792528,-5.9114e-05,-0.00081696,0.00108526,-0.000861711,0.000450939,0.00172555,0.000114853,3.85627e-05,-0.000694635,-0.000861711,0.0042836,-0.000321818,-0.000919183,0.000818945,-6.20169e-05,-0.00032312,0.000450939,-0.000321818,0.0019441,0.000366727,0.00212611,4.99001e-05,-0.000858972,0.00172555,-0.000919183,0.000366727,0.027202,-0.000106094,-1.06339e-05,0.000792528,0.000114853,0.000818945,0.00212611,-0.000106094,0.0276944,0.00032065,-5.9114e-05,3.85627e-05,-6.20169e-05,4.99001e-05,-1.06339e-05,0.00032065,0.0466065,
0.00410754,-0.000816959,-0.000694644,-0.000323149,-0.000858974,0.000792544,-5.91351e-05,-0.000816959,0.00108526,-0.00086171,0.000450946,0.00172555,0.000114844,3.85968e-05,-0.000694644,-0.00086171,0.0042836,-0.000321818,-0.000919198,0.000818947,-6.20392e-05,-0.000323149,0.000450946,-0.000321818,0.0019441,0.000366711,0.00212607,4.98944e-05,-0.000858974,0.00172555,-0.000919198,0.000366711,0.027202,-0.000106099,-1.10104e-05,0.000792544,0.000114844,0.000818947,0.00212607,-0.000106099,0.0276945,0.000321091,-5.91351e-05,3.85968e-05,-6.20392e-05,4.98944e-05,-1.10104e-05,0.000321091,0.0466063,
0.00410752,-0.000816959,-0.000694654,-0.000323176,-0.000858977,0.000792558,-5.91564e-05,-0.000816959,0.00108526,-0.000861709,0.000450952,0.00172554,0.000114836,3.86311e-05,-0.000694654,-0.000861709,0.00428359,-0.000321818,-0.000919214,0.000818949,-6.20616e-05,-0.000323176,0.000450952,-0.000321818,0.00194411,0.000366694,0.00212603,4.98887e-05,-0.000858977,0.00172554,-0.000919214,0.000366694,0.027202,-0.000106104,-1.13892e-05,0.000792558,0.000114836,0.000818949,0.00212603,-0.000106104,0.0276947,0.000321535,-5.91564e-05,3.86311e-05,-6.20616e-05,4.98887e-05,-1.13892e-05,0.000321535,0.0466062,
0.00410751,-0.000816959,-0.000694662,-0.000323202,-0.000858981,0.000792572,-5.91777e-05,-0.000816959,0.00108527,-0.000861709,0.000450958,0.00172553,0.000114827,3.86656e-05,-0.000694662,-0.000861709,0.00428359,-0.000321818,-0.00091923,0.000818951,-6.20842e-05,-0.000323202,0.000450958,-0.000321818,0.00194411,0.000366677,0.00212598,4.98829e-05,-0.000858981,0.00172553,-0.00091923,0.000366677,0.027202,-0.000106108,-1.17701e-05,0.000792572,0.000114827,0.000818951,0.00212598,-0.000106108,0.0276948,0.000321982,-5.91777e-05,3.86656e-05,-6.20842e-05,4.98829e-05,-1.17701e-05,0.000321982,0.0466061,
0.0041075,-0.000816959,-0.000694671,-0.000323226,-0.000858986,0.000792585,-5.91992e-05,-0.000816959,0.00108527,-0.000861708,0.000450963,0.00172552,0.000114819,3.87002e-05,-0.000694671,-0.000861708,0.00428358,-0.000321819,-0.000919247,0.000818953,-6.21069e-05,-0.000323226,0.000450963,-0.000321819,0.00194412,0.000366659,0.00212594,4.9877e-05,-0.000858986,0.00172552,-0.000919247,0.000366659,0.027202,-0.000106113,-1.21529e-05,0.000792585,0.000114819,0.000818953,0.00212594,-0.000106113,0.0276949,0.00032243,-5.91992e-05,3.87002e-05,-6.21069e-05,4.9877e-05,-1.21529e-05,0.00032243,0.0466059,
0.00410748,-0.000816958,-0.000694679,-0.000323248,-0.000858992,0.000792596,-5.92208e-05,-0.000816958,0.00108527,-0.000861708,0.000450968,0.00172551,0.000114811,3.8735e-05,-0.000694679,-0.000861708,0.00428358,-0.000321819,-0.000919263,0.000818955,-6.21297e-05,-0.000323248,0.000450968,-0.000321819,0.00194412,0.000366641,0.00212589,4.9871e-05,-0.000858992,0.00172551,-0.000919263,0.000366641,0.027202,-0.000106117,-1.25375e-05,0.000792596,0.000114811,0.000818955,0.00212589,-0.000106117,0.027695,0.000322881,-5.92208e-05,3.8735e-05,-6.21297e-05,4.9871e-05,-1.25375e-05,0.000322881,0.0466058,
0.00410747,-0.000816958,-0.000694686,-0.000323269,-0.000858998,0.000792608,-5.92425e-05,-0.000816958,0.00108527,-0.000861707,0.000450973,0.00172551,0.000114803,3.87699e-05,-0.000694686,-0.000861707,0.00428358,-0.00032182,-0.00091928,0.000818957,-6.21526e-05,-0.000323269,0.000450973,-0.00032182,0.00194412,0.000366624,0.00212585,4.98651e-05,-0.000858998,0.00172551,-0.00091928,0.000366624,0.0272021,-0.000106121,-1.29238e-05,0.000792608,0.000114803,0.000818957,0.00212585,-0.000106121,0.0276951,0.000323334,-5.92425e-05,3.87699e-05,-6.21526e-05,4.98651e-05,-1.29238e-05,0.000323334,0.0466056,
0.00410746,-0.000816958,-0.000694694,-0.000323289,-0.000859006,0.000792618,-5.92642e-05,-0.000816958,0.00108527,-0.000861707,0.000450977,0.0017255,0.000114795,3.8805e-05,-0.000694694,-0.000861707,0.00428357,-0.000321821,-0.000919297,0.000818958,-6.21757e-05,-0.000323289,0.000450977,-0.000321821,0.00194413,0.000366606,0.00212581,4.9859e-05,-0.000859006,0.0017255,-0.000919297,0.000366606,0.0272021,-0.000106125,-1.33116e-05,0.000792618,0.000114795,0.000818958,0.00212581,-0.000106125,0.0276952,0.000323789,-5.92642e-05,3.8805e-05,-6.21757e-05,4.9859e-05,-1.33116e-05,0.000323789,0.0466055,
0.00410745,-0.000816958,-0.000694701,-0.000323308,-0.000859014,0.000792628,-5.92861e-05,-0.000816958,0.00108527,-0.000861706,0.000450981,0.00172549,0.000114787,3.88402e-05,-0.000694701,-0.000861706,0.00428357,-0.000321822,-0.000919314,0.00081896,-6.21988e-05,-0.000323308,0.000450981,-0.000321822,0.00194413,0.000366588,0.00212577,4.98529e-05,-0.000859014,0.00172549,-0.000919314,0.000366588,0.0272021,-0.000106129,-1.37008e-05,0.000792628,0.000114787,0.00081896,0.00212577,-0.000106129,0.0276953,0.000324246,-5.92861e-05,3.88402e-05,-6.21988e-05,4.98529e-05,-1.37008e-05,0.000324246,0.0466054,
0.00410744,-0.000816958,-0.000694708,-0.000323327,-0.000859023,0.000792638,-5.9308e-05,-0.000816958,0.00108527,-0.000861706,0.000450985,0.00172548,0.00011478,3.88755e-05,-0.000694708,-0.000861706,0.00428357,-0.000321823,-0.000919331,0.000818962,-6.2222e-05,-0.000323327,0.000450985,-0.000321823,0.00194413,0.000366569,0.00212572,4.98468e-05,-0.000859023,0.00172548,-0.000919331,0.000366569,0.0272021,-0.000106133,-1.40913e-05,0.000792638,0.00011478,0.000818962,0.00212572,-0.000106133,0.0276954,0.000324704,-5.9308e-05,3.88755e-05,-6.2222e-05,4.98468e-05,-1.40913e-05,0.000324704,0.0466052,
0.00410743,-0.000816958,-0.000694715,-0.000323344,-0.000859032,0.000792647,-5.933e-05,-0.000816958,0.00108527,-0.000861706,0.000450989,0.00172548,0.000114772,3.89109e-05,-0.000694715,-0.000861706,0.00428356,-0.000321824,-0.000919348,0.000818964,-6.22453e-05,-0.000323344,0.000450989,-0.000321824,0.00194414,0.000366551,0.00212568,4.98407e-05,-0.000859032,0.00172548,-0.000919348,0.000366551,0.0272021,-0.000106137,-1.4483e-05,0.000792647,0.000114772,0.000818964,0.00212568,-0.000106137,0.0276955,0.000325163,-5.933e-05,3.89109e-05,-6.22453e-05,4.98407e-05,-1.4483e-05,0.000325163,0.0466051,
0.00410742,-0.000816957,-0.000694722,-0.00032336,-0.000859042,0.000792655,-5.93521e-05,-0.000816957,0.00108527,-0.000861705,0.000450992,0.00172547,0.000114765,3.89465e-05,-0.000694722,-0.000861705,0.00428356,-0.000321825,-0.000919365,0.000818965,-6.22687e-05,-0.00032336,0.000450992,-0.000321825,0.00194414,0.000366532,0.00212564,4.98345e-05,-0.000859042,0.00172547,-0.000919365,0.000366532,0.0272021,-0.00010614,-1.48758e-05,0.000792655,0.000114765,0.000818965,0.00212564,-0.00010614,0.0276956,0.000325624,-5.93521e-05,3.89465e-05,-6.22687e-05,4.98345e-05,-1.48758e-05,0.000325624,0.0466049,
0.00410741,-0.000816957,-0.000694728,-0.000323376,-0.000859052,0.000792664,-5.93742e-05,-0.000816957,0.00108528,-0.000861705,0.000450995,0.00172546,0.000114757,3.89821e-05,-0.000694728,-0.000861705,0.00428356,-0.000321826,-0.000919383,0.000818967,-6.22921e-05,-0.000323376,0.000450995,-0.000321826,0.00194414,0.000366514,0.0021256,4.98283e-05,-0.000859052,0.00172546,-0.000919383,0.000366514,0.0272022,-0.000106144,-1.52696e-05,0.000792664,0.000114757,0.000818967,0.0021256,-0.000106144,0.0276957,0.000326086,-5.93742e-05,3.89821e-05,-6.22921e-05,4.98283e-05,-1.52696e-05,0.000326086,0.0466048,
0.0041074,-0.000816957,-0.000694735,-0.000323392,-0.000859063,0.000792672,-5.93964e-05,-0.000816957,0.00108528,-0.000861705,0.000450998,0.00172545,0.00011475,3.90178e-05,-0.000694735,-0.000861705,0.00428355,-0.000321828,-0.0009194,0.000818969,-6.23156e-05,-0.000323392,0.000450998,-0.000321828,0.00194415,0.000366495,0.00212556,4.98221e-05,-0.000859063,0.00172545,-0.0009194,0.000366495,0.0272022,-0.000106148,-1.56644e-05,0.000792672,0.00011475,0.000818969,0.00212556,-0.000106148,0.0276958,0.00032655,-5.93964e-05,3.90178e-05,-6.23156e-05,4.98221e-05,-1.56644e-05,0.00032655,0.0466046,
0.00410739,-0.000816957,-0.000694741,-0.000323406,-0.000859074,0.000792679,-5.94187e-05,-0.000816957,0.00108528,-0.000861704,0.000451001,0.00172545,0.000114742,3.90536e-05,-0.000694741,-0.000861704,0.00428355,-0.000321829,-0.000919418,0.00081897,-6.23392e-05,-0.000323406,0.000451001,-0.000321829,0.00194415,0.000366476,0.00212552,4.98158e-05,-0.000859074,0.00172545,-0.000919418,0.000366476,0.0272022,-0.000106152,-1.606e-05,0.000792679,0.000114742,0.00081897,0.00212552,-0.000106152,0.0276959,0.000327014,-5.94187e-05,3.90536e-05,-6.23392e-05,4.98158e-05,-1.606e-05,0.000327014,0.0466045,
0.00410738,-0.000816957,-0.000694747,-0.000323421,-0.000859085,0.000792687,-5.9441e-05,-0.000816957,0.00108528,-0.000861704,0.000451004,0.00172544,0.000114735,3.90894e-05,-0.000694747,-0.000861704,0.00428354,-0.000321831,-0.000919436,0.000818972,-6.23628e-05,-0.000323421,0.000451004,-0.000321831,0.00194415,0.000366457,0.00212547,4.98095e-05,-0.000859085,0.00172544,-0.000919436,0.000366457,0.0272022,-0.000106155,-1.64565e-05,0.000792687,0.000114735,0.000818972,0.00212547,-0.000106155,0.027696,0.000327479,-5.9441e-05,3.90894e-05,-6.23628e-05,4.98095e-05,-1.64565e-05,0.000327479,0.0466043,
0.00410738,-0.000816957,-0.000694753,-0.000323435,-0.000859097,0.000792694,-5.94633e-05,-0.000816957,0.00108528,-0.000861704,0.000451006,0.00172543,0.000114728,3.91253e-05,-0.000694753,-0.000861704,0.00428354,-0.000321833,-0.000919453,0.000818973,-6.23865e-05,-0.000323435,0.000451006,-0.000321833,0.00194415,0.000366438,0.00212543,4.98033e-05,-0.000859097,0.00172543,-0.000919453,0.000366438,0.0272022,-0.000106159,-1.68536e-05,0.000792694,0.000114728,0.000818973,0.00212543,-0.000106159,0.0276961,0.000327945,-5.94633e-05,3.91253e-05,-6.23865e-05,4.98033e-05,-1.68536e-05,0.000327945,0.0466042,
0.00410737,-0.000816957,-0.000694759,-0.000323448,-0.000859108,0.000792701,-5.94857e-05,-0.000816957,0.00108528,-0.000861703,0.000451009,0.00172543,0.000114721,3.91613e-05,-0.000694759,-0.000861703,0.00428354,-0.000321834,-0.000919471,0.000818975,-6.24102e-05,-0.000323448,0.000451009,-0.000321834,0.00194415,0.000366419,0.00212539,4.9797e-05,-0.000859108,0.00172543,-0.000919471,0.000366419,0.0272022,-0.000106163,-1.72515e-05,0.000792701,0.000114721,0.000818975,0.00212539,-0.000106163,0.0276962,0.000328413,-5.94857e-05,3.91613e-05,-6.24102e-05,4.9797e-05,-1.72515e-05,0.000328413,0.046604,
0.00410736,-0.000816957,-0.000694765,-0.000323461,-0.00085912,0.000792708,-5.95082e-05,-0.000816957,0.00108528,-0.000861703,0.000451011,0.00172542,0.000114714,3.91974e-05,-0.000694765,-0.000861703,0.00428353,-0.000321836,-0.000919489,0.000818976,-6.2434e-05,-0.000323461,0.000451011,-0.000321836,0.00194416,0.0003664,0.00212535,4.97906e-05,-0.00085912,0.00172542,-0.000919489,0.0003664,0.0272023,-0.000106167,-1.765e-05,0.000792708,0.000114714,0.000818976,0.00212535,-0.000106167,0.0276963,0.00032888,-5.95082e-05,3.91974e-05,-6.2434e-05,4.97906e-05,-1.765e-05,0.00032888,0.0466039,
0.00410735,-0.000816956,-0.000694771,-0.000323474,-0.000859133,0.000792714,-5.95306e-05,-0.000816956,0.00108528,-0.000861703,0.000451014,0.00172541,0.000114706,3.92335e-05,-0.000694771,-0.000861703,0.00428353,-0.000321838,-0.000919507,0.000818978,-6.24578e-05,-0.000323474,0.000451014,-0.000321838,0.00194416,0.000366381,0.00212531,4.97843e-05,-0.000859133,0.00172541,-0.000919507,0.000366381,0.0272023,-0.00010617,-1.80491e-05,0.000792714,0.000114706,0.000818978,0.00212531,-0.00010617,0.0276964,0.000329349,-5.95306e-05,3.92335e-05,-6.24578e-05,4.97843e-05,-1.80491e-05,0.000329349,0.0466037,
0.00410734,-0.000816956,-0.000694777,-0.000323487,-0.000859145,0.000792721,-5.95531e-05,-0.000816956,0.00108528,-0.000861703,0.000451016,0.0017254,0.000114699,3.92696e-05,-0.000694777,-0.000861703,0.00428353,-0.000321839,-0.000919525,0.000818979,-6.24817e-05,-0.000323487,0.000451016,-0.000321839,0.00194416,0.000366362,0.00212527,4.9778e-05,-0.000859145,0.0017254,-0.000919525,0.000366362,0.0272023,-0.000106174,-1.84487e-05,0.000792721,0.000114699,0.000818979,0.00212527,-0.000106174,0.0276965,0.000329818,-5.95531e-05,3.92696e-05,-6.24817e-05,4.9778e-05,-1.84487e-05,0.000329818,0.0466036,
0.00410733,-0.000816956,-0.000694783,-0.000323499,-0.000859158,0.000792727,-5.95757e-05,-0.000816956,0.00108528,-0.000861702,0.000451018,0.0017254,0.000114692,3.93058e-05,-0.000694783,-0.000861702,0.00428352,-0.000321841,-0.000919543,0.000818981,-6.25055e-05,-0.000323499,0.000451018,-0.000321841,0.00194416,0.000366342,0.00212523,4.97717e-05,-0.000859158,0.0017254,-0.000919543,0.000366342,0.0272023,-0.000106178,-1.88487e-05,0.000792727,0.000114692,0.000818981,0.00212523,-0.000106178,0.0276966,0.000330288,-5.95757e-05,3.93058e-05,-6.25055e-05,4.97717e-05,-1.88487e-05,0.000330288,0.0466034,
0.00410733,-0.000816956,-0.000694788,-0.000323512,-0.00085917,0.000792733,-5.95983e-05,-0.000816956,0.00108528,-0.000861702,0.00045102,0.00172539,0.000114685,3.93421e-05,-0.000694788,-0.000861702,0.00428352,-0.000321843,-0.000919561,0.000818983,-6.25295e-05,-0.000323512,0.00045102,-0.000321843,0.00194417,0.000366323,0.00212518,4.97653e-05,-0.00085917,0.00172539,-0.000919561,0.000366323,0.0272023,-0.000106182,-1.92493e-05,0.000792733,0.000114685,0.000818983,0.00212518,-0.000106182,0.0276967,0.000330758,-5.95983e-05,3.93421e-05,-6.25295e-05,4.97653e-05,-1.92493e-05,0.000330758,0.0466033,
0.00410732,-0.000816956,-0.000694794,-0.000323524,-0.000859183,0.000792739,-5.96209e-05,-0.000816956,0.00108528,-0.000861702,0.000451022,0.00172538,0.000114678,3.93783e-05,-0.000694794,-0.000861702,0.00428351,-0.000321845,-0.000919579,0.000818984,-6.25534e-05,-0.000323524,0.000451022,-0.000321845,0.00194417,0.000366304,0.00212514,4.9759e-05,-0.000859183,0.00172538,-0.000919579,0.000366304,0.0272024,-0.000106186,-1.96502e-05,0.000792739,0.000114678,0.000818984,0.00212514,-0.000106186,0.0276969,0.000331229,-5.96209e-05,3.93783e-05,-6.25534e-05,4.9759e-05,-1.96502e-05,0.000331229,0.0466031,
0.00410731,-0.000816956,-0.0006948,-0.000323535,-0.000859196,0.000792745,-5.96435e-05,-0.000816956,0.00108528,-0.000861702,0.000451024,0.00172538,0.000114671,3.94147e-05,-0.0006948,-0.000861702,0.00428351,-0.000321847,-0.000919597,0.000818985,-6.25774e-05,-0.000323535,0.000451024,-0.000321847,0.00194417,0.000366284,0.0021251,4.97526e-05,-0.000859196,0.00172538,-0.000919597,0.000366284,0.0272024,-0.00010619,-2.00516e-05,0.000792745,0.000114671,0.000818985,0.0021251,-0.00010619,0.027697,0.000331701,-5.96435e-05,3.94147e-05,-6.25774e-05,4.97526e-05,-2.00516e-05,0.000331701,0.046603,
0.0041073,-0.000816956,-0.000694806,-0.000323547,-0.000859209,0.000792751,-5.96661e-05,-0.000816956,0.00108529,-0.000861701,0.000451026,0.00172537,0.000114664,3.9451e-05,-0.000694806,-0.000861701,0.00428351,-0.000321848,-0.000919616,0.000818987,-6.26014e-05,-0.000323547,0.000451026,-0.000321848,0.00194417,0.000366265,0.00212506,4.97463e-05,-0.000859209,0.00172537,-0.000919616,0.000366265,0.0272024,-0.000106194,-2.04532e-05,0.000792751,0.000114664,0.000818987,0.00212506,-0.000106194,0.0276971,0.000332173,-5.96661e-05,3.9451e-05,-6.26014e-05,4.97463e-05,-2.04532e-05,0.000332173,0.0466028,
0.0041073,-0.000816956,-0.000694811,-0.000323559,-0.000859222,0.000792757,-5.96888e-05,-0.000816956,0.00108529,-0.000861701,0.000451028,0.00172536,0.000114657,3.94874e-05,-0.000694811,-0.000861701,0.0042835,-0.00032185,-0.000919634,0.000818988,-6.26255e-05,-0.000323559,0.000451028,-0.00032185,0.00194417,0.000366245,0.00212502,4.97399e-05,-0.000859222,0.00172536,-0.000919634,0.000366245,0.0272024,-0.000106198,-2.08552e-05,0.000792757,0.000114657,0.000818988,0.00212502,-0.000106198,0.0276972,0.000332645,-5.96888e-05,3.94874e-05,-6.26255e-05,4.97399e-05,-2.08552e-05,0.000332645,0.0466027,
0.00410729,-0.000816956,-0.000694817,-0.00032357,-0.000859236,0.000792763,-5.97115e-05,-0.000816956,0.00108529,-0.000861701,0.00045103,0.00172536,0.00011465,3.95238e-05,-0.000694817,-0.000861701,0.0042835,-0.000321852,-0.000919652,0.00081899,-6.26495e-05,-0.00032357,0.00045103,-0.000321852,0.00194417,0.000366226,0.00212498,4.97335e-05,-0.000859236,0.00172536,-0.000919652,0.000366226,0.0272024,-0.000106203,-2.12575e-05,0.000792763,0.00011465,0.00081899,0.00212498,-0.000106203,0.0276973,0.000333118,-5.97115e-05,3.95238e-05,-6.26495e-05,4.97335e-05,-2.12575e-05,0.000333118,0.0466025,
0.00410728,-0.000816955,-0.000694822,-0.000323582,-0.000859249,0.000792768,-5.97343e-05,-0.000816955,0.00108529,-0.000861701,0.000451032,0.00172535,0.000114643,3.95603e-05,-0.000694822,-0.000861701,0.0042835,-0.000321854,-0.00091967,0.000818991,-6.26736e-05,-0.000323582,0.000451032,-0.000321854,0.00194418,0.000366206,0.00212494,4.97272e-05,-0.000859249,0.00172535,-0.00091967,0.000366206,0.0272025,-0.000106207,-2.16601e-05,0.000792768,0.000114643,0.000818991,0.00212494,-0.000106207,0.0276974,0.000333591,-5.97343e-05,3.95603e-05,-6.26736e-05,4.97272e-05,-2.16601e-05,0.000333591,0.0466024,
0.00410727,-0.000816955,-0.000694828,-0.000323593,-0.000859262,0.000792774,-5.9757e-05,-0.000816955,0.00108529,-0.000861701,0.000451034,0.00172534,0.000114636,3.95967e-05,-0.000694828,-0.000861701,0.00428349,-0.000321856,-0.000919689,0.000818993,-6.26977e-05,-0.000323593,0.000451034,-0.000321856,0.00194418,0.000366186,0.0021249,4.97208e-05,-0.000859262,0.00172534,-0.000919689,0.000366186,0.0272025,-0.000106211,-2.20629e-05,0.000792774,0.000114636,0.000818993,0.0021249,-0.000106211,0.0276975,0.000334064,-5.9757e-05,3.95967e-05,-6.26977e-05,4.97208e-05,-2.20629e-05,0.000334064,0.0466022,
0.00410727,-0.000816955,-0.000694833,-0.000323604,-0.000859276,0.00079278,-5.97798e-05,-0.000816955,0.00108529,-0.0008617,0.000451035,0.00172534,0.000114629,3.96332e-05,-0.000694833,-0.0008617,0.00428349,-0.000321858,-0.000919707,0.000818994,-6.27218e-05,-0.000323604,0.000451035,-0.000321858,0.00194418,0.000366167,0.00212486,4.97145e-05,-0.000859276,0.00172534,-0.000919707,0.000366167,0.0272025,-0.000106216,-2.2466e-05,0.00079278,0.000114629,0.000818994,0.00212486,-0.000106216,0.0276976,0.000334538,-5.97798e-05,3.96332e-05,-6.27218e-05,4.97145e-05,-2.2466e-05,0.000334538,0.0466021,
0.00410726,-0.000816955,-0.000694839,-0.000323615,-0.00085929,0.000792785,-5.98025e-05,-0.000816955,0.00108529,-0.0008617,0.000451037,0.00172533,0.000114622,3.96697e-05,-0.000694839,-0.0008617,0.00428348,-0.00032186,-0.000919725,0.000818996,-6.2746e-05,-0.000323615,0.000451037,-0.00032186,0.00194418,0.000366147,0.00212481,4.97081e-05,-0.00085929,0.00172533,-0.000919725,0.000366147,0.0272025,-0.00010622,-2.28692e-05,0.000792785,0.000114622,0.000818996,0.00212481,-0.00010622,0.0276977,0.000335012,-5.98025e-05,3.96697e-05,-6.2746e-05,4.97081e-05,-2.28692e-05,0.000335012,0.0466019,
0.00410725,-0.000816955,-0.000694844,-0.000323626,-0.000859303,0.000792791,-5.98253e-05,-0.000816955,0.00108529,-0.0008617,0.000451039,0.00172532,0.000114615,3.97063e-05,-0.000694844,-0.0008617,0.00428348,-0.000321862,-0.000919744,0.000818997,-6.27701e-05,-0.000323626,0.000451039,-0.000321862,0.00194418,0.000366127,0.00212477,4.97017e-05,-0.000859303,0.00172532,-0.000919744,0.000366127,0.0272025,-0.000106224,-2.32726e-05,0.000792791,0.000114615,0.000818997,0.00212477,-0.000106224,0.0276978,0.000335486,-5.98253e-05,3.97063e-05,-6.27701e-05,4.97017e-05,-2.32726e-05,0.000335486,0.0466018,
0.00410724,-0.000816955,-0.00069485,-0.000323638,-0.000859317,0.000792796,-5.98481e-05,-0.000816955,0.00108529,-0.0008617,0.000451041,0.00172531,0.000114608,3.97428e-05,-0.00069485,-0.0008617,0.00428348,-0.000321864,-0.000919762,0.000818999,-6.27943e-05,-0.000323638,0.000451041,-0.000321864,0.00194419,0.000366107,0.00212473,4.96954e-05,-0.000859317,0.00172531,-0.000919762,0.000366107,0.0272026,-0.000106229,-2.36763e-05,0.000792796,0.000114608,0.000818999,0.00212473,-0.000106229,0.0276979,0.000335961,-5.98481e-05,3.97428e-05,-6.27943e-05,4.96954e-05,-2.36763e-05,0.000335961,0.0466016,
0.00410724,-0.000816955,-0.000694855,-0.000323649,-0.00085933,0.000792802,-5.9871e-05,-0.000816955,0.00108529,-0.000861699,0.000451043,0.00172531,0.000114601,3.97794e-05,-0.000694855,-0.000861699,0.00428347,-0.000321866,-0.000919781,0.000819,-6.28185e-05,-0.000323649,0.000451043,-0.000321866,0.00194419,0.000366088,0.00212469,4.9689e-05,-0.00085933,0.00172531,-0.000919781,0.000366088,0.0272026,-0.000106234,-2.408e-05,0.000792802,0.000114601,0.000819,0.00212469,-0.000106234,0.027698,0.000336435,-5.9871e-05,3.97794e-05,-6.28185e-05,4.9689e-05,-2.408e-05,0.000336435,0.0466014,
0.00410723,-0.000816955,-0.000694861,-0.00032366,-0.000859344,0.000792807,-5.98938e-05,-0.000816955,0.00108529,-0.000861699,0.000451044,0.0017253,0.000114594,3.9816e-05,-0.000694861,-0.000861699,0.00428347,-0.000321868,-0.000919799,0.000819001,-6.28427e-05,-0.00032366,0.000451044,-0.000321868,0.00194419,0.000366068,0.00212465,4.96827e-05,-0.000859344,0.0017253,-0.000919799,0.000366068,0.0272026,-0.000106238,-2.44839e-05,0.000792807,0.000114594,0.000819001,0.00212465,-0.000106238,0.0276981,0.00033691,-5.98938e-05,3.9816e-05,-6.28427e-05,4.96827e-05,-2.44839e-05,0.00033691,0.0466013,
0.00410722,-0.000816955,-0.000694866,-0.000323671,-0.000859358,0.000792813,-5.99166e-05,-0.000816955,0.00108529,-0.000861699,0.000451046,0.00172529,0.000114587,3.98526e-05,-0.000694866,-0.000861699,0.00428347,-0.00032187,-0.000919818,0.000819003,-6.28669e-05,-0.000323671,0.000451046,-0.00032187,0.00194419,0.000366048,0.00212461,4.96763e-05,-0.000859358,0.00172529,-0.000919818,0.000366048,0.0272026,-0.000106243,-2.4888e-05,0.000792813,0.000114587,0.000819003,0.00212461,-0.000106243,0.0276982,0.000337386,-5.99166e-05,3.98526e-05,-6.28669e-05,4.96763e-05,-2.4888e-05,0.000337386,0.0466011,
0.00410722,-0.000816955,-0.000694872,-0.000323681,-0.000859372,0.000792818,-5.99395e-05,-0.000816955,0.00108529,-0.000861699,0.000451048,0.00172529,0.00011458,3.98892e-05,-0.000694872,-0.000861699,0.00428346,-0.000321872,-0.000919836,0.000819004,-6.28912e-05,-0.000323681,0.000451048,-0.000321872,0.00194419,0.000366028,0.00212457,4.967e-05,-0.000859372,0.00172529,-0.000919836,0.000366028,0.0272026,-0.000106248,-2.52921e-05,0.000792818,0.00011458,0.000819004,0.00212457,-0.000106248,0.0276983,0.000337861,-5.99395e-05,3.98892e-05,-6.28912e-05,4.967e-05,-2.52921e-05,0.000337861,0.046601,
0.00410721,-0.000816954,-0.000694877,-0.000323692,-0.000859385,0.000792823,-5.99624e-05,-0.000816954,0.00108529,-0.000861699,0.00045105,0.00172528,0.000114574,3.99258e-05,-0.000694877,-0.000861699,0.00428346,-0.000321874,-0.000919855,0.000819006,-6.29154e-05,-0.000323692,0.00045105,-0.000321874,0.00194419,0.000366008,0.00212453,4.96636e-05,-0.000859385,0.00172528,-0.000919855,0.000366008,0.0272026,-0.000106253,-2.56964e-05,0.000792823,0.000114574,0.000819006,0.00212453,-0.000106253,0.0276984,0.000338336,-5.99624e-05,3.99258e-05,-6.29154e-05,4.96636e-05,-2.56964e-05,0.000338336,0.0466008,
0.0041072,-0.000816954,-0.000694883,-0.000323703,-0.000859399,0.000792829,-5.99853e-05,-0.000816954,0.00108529,-0.000861698,0.000451051,0.00172527,0.000114567,3.99625e-05,-0.000694883,-0.000861698,0.00428345,-0.000321876,-0.000919873,0.000819007,-6.29397e-05,-0.000323703,0.000451051,-0.000321876,0.0019442,0.000365988,0.00212448,4.96573e-05,-0.000859399,0.00172527,-0.000919873,0.000365988,0.0272027,-0.000106258,-2.61008e-05,0.000792829,0.000114567,0.000819007,0.00212448,-0.000106258,0.0276985,0.000338812,-5.99853e-05,3.99625e-05,-6.29397e-05,4.96573e-05,-2.61008e-05,0.000338812,0.0466007,
0.00410719,-0.000816954,-0.000694888,-0.000323714,-0.000859413,0.000792834,-6.00082e-05,-0.000816954,0.0010853,-0.000861698,0.000451053,0.00172527,0.00011456,3.99991e-05,-0.000694888,-0.000861698,0.00428345,-0.000321878,-0.000919892,0.000819008,-6.29639e-05,-0.000323714,0.000451053,-0.000321878,0.0019442,0.000365968,0.00212444,4.9651e-05,-0.000859413,0.00172527,-0.000919892,0.000365968,0.0272027,-0.000106263,-2.65052e-05,0.000792834,0.00011456,0.000819008,0.00212444,-0.000106263,0.0276987,0.000339288,-6.00082e-05,3.99991e-05,-6.29639e-05,4.9651e-05,-2.65052e-05,0.000339288,0.0466005,
