0.00184354,-0.000288487,0.000994989,6.34902e-05,-9.06116e-05,0.00199666,-0.00043984,-8.24254e-05,0.000669245,-0.000763558,-1.41558e-05,-0.000174495,0.000171174,0.000100746,-0.000128658,-0.000487441,0.00441158,-7.88401e-06,-0.00194102,0.000114797,-6.56786e-06,-0.00120277,-0.000111242,0.00221828,0.000116902,-0.000615939,-2.33755e-05,-0.000705572,0.00100727,-0.000178478,-0.00339043,-7.41935e-05,0.0300499,-0.000146761,-0.000412844,0.00300901,0.000260799,-0.00173044,-9.71598e-05,0.000350324,0.026164,0.000519747,-7.54309e-05,1.35698e-05,-1.94952e-05,1.82642e-06,-0.000870268,-6.70343e-05,0.0466244,
0.00183812,-0.00029607,0.000997337,6.31924e-05,-9.31974e-05,0.00200036,-0.000441003,-8.55525e-05,0.000673899,-0.000780719,-1.42555e-05,-0.000161798,0.000165591,0.000102267,-0.000132651,-0.000499689,0.00440796,-7.83797e-06,-0.00194069,0.000124093,-6.0342e-06,-0.0012052,-0.00011554,0.00222918,0.000116299,-0.000623313,-1.68034e-05,-0.000707857,0.00101128,-0.000164797,-0.00339891,-7.3887e-05,0.0300746,-0.000150818,-0.000415804,0.00300649,0.000258928,-0.00172497,-9.63175e-05,0.000350695,0.0261075,0.00052385,-7.53888e-05,1.36966e-05,-1.86997e-05,1.82644e-06,-0.000875164,-6.70714e-05,0.0466246,
0.00183227,-0.000304494,0.000999477,6.28518e-05,-9.62604e-05,0.0020063,-0.000441994,-8.9063e-05,0.00067926,-0.000799646,-1.43613e-05,-0.000148304,0.00015849,0.000103891,-0.000137253,-0.000513216,0.00440372,-7.78614e-06,-0.00194047,0.000133589,-5.37503e-06,-0.00120781,-0.000120345,0.00224099,0.000115631,-0.00063152,-7.7145e-06,-0.000709894,0.00101516,-0.000150211,-0.00340801,-7.35299e-05,0.0300987,-0.000158898,-0.000418633,0.00300968,0.000256933,-0.00172483,-9.57648e-05,0.000355333,0.0261087,0.000525478,-7.52813e-05,1.38332e-05,-1.7758e-05,1.82585e-06,-0.000879884,-6.69995e-05,0.0466247,
0.00182586,-0.000313599,0.00100145,6.24881e-05,-9.98281e-05,0.00201226,-0.000442687,-9.28426e-05,0.000685279,-0.000819977,-1.44727e-05,-0.000134308,0.000150328,0.000105561,-0.000142342,-0.000527739,0.00439881,-7.73378e-06,-0.00194036,0.0001436,-4.61075e-06,-0.00121066,-0.000125592,0.00225351,0.000114924,-0.000640493,2.0659e-06,-0.000711542,0.00101912,-0.000135029,-0.00341779,-7.31498e-05,0.0301216,-0.000167854,-0.000421318,0.0030126,0.000254352,-0.00172451,-9.51694e-05,0.000360132,0.0261089,0.000526777,-7.51059e-05,1.39715e-05,-1.66749e-05,1.82499e-06,-0.000884245,-6.68508e-05,0.0466248,
0.00181898,-0.000323206,0.00100311,6.21087e-05,-0.000103761,0.00201813,-0.000443063,-9.68088e-05,0.000691891,-0.000841328,-1.45877e-05,-0.000120077,0.000141244,0.000107241,-0.000147845,-0.000542987,0.00439326,-7.68259e-06,-0.00194038,0.000153912,-3.74655e-06,-0.00121364,-0.000131193,0.00226638,0.000114194,-0.000650004,1.24045e-05,-0.000712771,0.0010231,-0.000119529,-0.00342801,-7.27548e-05,0.0301424,-0.000177554,-0.000423785,0.00301509,0.000251235,-0.00172391,-9.45416e-05,0.00036494,0.0261082,0.000527713,-7.48627e-05,1.41048e-05,-1.54664e-05,1.82394e-06,-0.000888143,-6.66236e-05,0.0466249,
0.0018117,-0.00033314,0.00100435,6.17204e-05,-0.000107912,0.00202379,-0.000443124,-0.000100883,0.000699016,-0.000863332,-1.47044e-05,-0.000105836,0.000131386,0.000108903,-0.000153688,-0.000558704,0.00438712,-7.63398e-06,-0.00194051,0.000164329,-2.79108e-06,-0.00121666,-0.000137058,0.00227927,0.000113453,-0.000659812,2.31759e-05,-0.000713579,0.00102704,-0.00010395,-0.00343842,-7.23526e-05,0.0301607,-0.000187854,-0.000425991,0.00301704,0.000247645,-0.00172293,-9.38928e-05,0.000369612,0.0261064,0.000528285,-7.45555e-05,1.42276e-05,-1.41522e-05,1.82278e-06,-0.000891524,-6.63198e-05,0.046625,
0.00180414,-0.000343238,0.00100508,6.13293e-05,-0.000112135,0.00202916,-0.000442888,-0.000104992,0.000706572,-0.000885651,-1.48212e-05,-9.17755e-05,0.000120911,0.000110521,-0.000159794,-0.000574652,0.00438044,-7.589e-06,-0.00194074,0.00017468,-1.75531e-06,-0.00121965,-0.000143099,0.00229188,0.000112713,-0.000669681,3.4257e-05,-0.000713987,0.0010309,-8.84939e-05,-0.00344878,-7.19497e-05,0.0301763,-0.000198609,-0.000427913,0.00301837,0.000243647,-0.00172152,-9.32336e-05,0.000374016,0.0261037,0.000528508,-7.41905e-05,1.43355e-05,-1.27535e-05,1.82159e-06,-0.000894364,-6.59443e-05,0.046625,
0.00179636,-0.00035335,0.00100522,6.09407e-05,-0.000116303,0.00203419,-0.00044238,-0.000109074,0.000714467,-0.000907978,-1.49369e-05,-7.80532e-05,0.000109977,0.000112077,-0.00016609,-0.000590621,0.0043733,-7.54836e-06,-0.00194108,0.000184816,-6.51654e-07,-0.00122253,-0.000149228,0.00230395,0.000111985,-0.000679393,4.55311e-05,-0.000714028,0.00103462,-7.33309e-05,-0.00345889,-7.15516e-05,0.0301891,-0.000209678,-0.000429538,0.00301904,0.000239314,-0.00171962,-9.25736e-05,0.000378041,0.0261001,0.000528415,-7.37751e-05,1.44253e-05,-1.12921e-05,1.82044e-06,-0.000896663,-6.55036e-05,0.046625,
0.00178848,-0.000363344,0.00100473,6.0559e-05,-0.000120305,0.00203883,-0.000441631,-0.000113074,0.000722607,-0.000930043,-1.50501e-05,-6.48e-05,9.8735e-05,0.000113555,-0.000172503,-0.000606423,0.00436577,-7.51248e-06,-0.00194151,0.000194617,5.06472e-07,-0.00122524,-0.000155363,0.00231527,0.000111277,-0.000688765,5.68861e-05,-0.00071374,0.00103818,-5.86053e-05,-0.00346858,-7.11628e-05,0.0301991,-0.000220925,-0.000430867,0.00301904,0.000234712,-0.00171722,-9.1921e-05,0.0003816,0.0260957,0.00052804,-7.33173e-05,1.4495e-05,-9.78904e-06,1.81936e-06,-0.000898436,-6.50054e-05,0.0466249,
0.00178056,-0.000373104,0.00100361,6.01881e-05,-0.000124055,0.00204306,-0.000440676,-0.000116948,0.000730901,-0.000951614,-1.51601e-05,-5.21203e-05,8.73304e-05,0.000114944,-0.000178964,-0.0006219,0.00435795,-7.48156e-06,-0.00194202,0.000203985,1.70523e-06,-0.00122774,-0.00016143,0.00232569,0.000110594,-0.000697645,6.82152e-05,-0.000713167,0.00104154,-4.44349e-05,-0.00347772,-7.0787e-05,0.0302063,-0.000232223,-0.000431905,0.00301838,0.00022991,-0.00171431,-9.1283e-05,0.000384631,0.0260905,0.000527424,-7.28251e-05,1.45432e-05,-8.26407e-06,1.8184e-06,-0.00089971,-6.44583e-05,0.0466248,
0.00177268,-0.000382535,0.00100187,5.98312e-05,-0.000127491,0.00204686,-0.000439549,-0.000120661,0.000739256,-0.000972497,-1.52661e-05,-4.00948e-05,7.58974e-05,0.000116237,-0.000185408,-0.000636919,0.00434994,-7.45553e-06,-0.00194261,0.000212846,2.9307e-06,-0.00123,-0.000167364,0.0023351,0.000109943,-0.000705922,7.94205e-05,-0.000712354,0.00104467,-3.09143e-05,-0.00348621,-7.04272e-05,0.0302109,-0.000243456,-0.000432662,0.00301708,0.000224971,-0.00171092,-9.06654e-05,0.000387102,0.0260847,0.000526607,-7.23065e-05,1.457e-05,-6.73544e-06,1.81758e-06,-0.000900516,-6.38712e-05,0.0466247,
0.00176512,-0.000391551,0.000999411,5.94788e-05,-0.000130483,0.00205237,-0.000438362,-0.000124228,0.000747585,-0.000992507,-1.53652e-05,-2.88012e-05,6.41237e-05,0.000117444,-0.00019184,-0.000651374,0.00434186,-7.4307e-06,-0.00194331,0.000220508,4.1926e-06,-0.00123183,-0.0001731,0.00234332,0.000109318,-0.000713452,9.21065e-05,-0.000711403,0.00104727,-1.81294e-05,-0.0034938,-7.00692e-05,0.030213,-0.000257494,-0.000433045,0.00302083,0.000220203,-0.00171088,-9.03927e-05,0.000391484,0.0261368,0.000523505,-7.17647e-05,1.4576e-05,-5.22224e-06,1.81666e-06,-0.000900889,-6.32104e-05,0.0466245,
0.00175752,-0.000400111,0.000996573,5.91563e-05,-0.000133198,0.00205531,-0.000436992,-0.000127548,0.000755809,-0.00101158,-1.54616e-05,-1.82426e-05,5.29775e-05,0.000118532,-0.000198081,-0.000665175,0.00433373,-7.41374e-06,-0.00194404,0.000228213,5.43055e-06,-0.00123355,-0.000178606,0.00235058,0.000108739,-0.000720341,0.000102803,-0.000710231,0.0010499,-6.10698e-06,-0.00350085,-6.9747e-05,0.0302129,-0.000268289,-0.000433298,0.00301838,0.000215136,-0.00170652,-8.98265e-05,0.000392703,0.0261301,0.000522413,-7.12153e-05,1.45616e-05,-3.7344e-06,1.8161e-06,-0.000900881,-6.25716e-05,0.0466244,
0.00175014,-0.000408162,0.000993285,5.88531e-05,-0.000135541,0.00205783,-0.000435547,-0.000130651,0.000763854,-0.00102959,-1.55528e-05,-8.46127e-06,4.21261e-05,0.000119516,-0.000204146,-0.000678259,0.00432567,-7.40073e-06,-0.00194485,0.000235312,6.65466e-06,-0.00123498,-0.000183839,0.00235676,0.000108201,-0.000726505,0.000113137,-0.000708937,0.00105226,5.10204e-06,-0.00350715,-6.94452e-05,0.0302108,-0.000278743,-0.000433339,0.00301544,0.000210098,-0.00170182,-8.92907e-05,0.000393407,0.026123,0.000521219,-7.06606e-05,1.45284e-05,-2.2885e-06,1.81563e-06,-0.00090054,-6.19217e-05,0.0466242,
0.00174301,-0.000415676,0.000989626,5.857e-05,-0.000137525,0.00205994,-0.000434054,-0.00013353,0.000771655,-0.00104649,-1.56384e-05,5.33084e-07,3.16489e-05,0.000120398,-0.000209993,-0.000690581,0.00431778,-7.3912e-06,-0.00194572,0.000241801,7.85298e-06,-0.00123613,-0.00018877,0.00236191,0.000107701,-0.000731958,0.000123049,-0.000707553,0.00105435,1.54768e-05,-0.00351273,-6.9164e-05,0.0302069,-0.000288789,-0.000433197,0.00301207,0.000205134,-0.00169686,-8.87867e-05,0.000393643,0.0261156,0.000519949,-7.01066e-05,1.44781e-05,-8.96047e-07,1.81522e-06,-0.000899913,-6.12698e-05,0.046624,
0.00173618,-0.000422636,0.00098568,5.83074e-05,-0.000139174,0.00206167,-0.000432535,-0.000136184,0.000779155,-0.00106223,-1.57185e-05,8.74305e-06,2.16112e-05,0.00012118,-0.00021559,-0.000702112,0.0043101,-7.38466e-06,-0.00194664,0.000247688,9.01485e-06,-0.00123701,-0.000193382,0.0023661,0.000107242,-0.000736732,0.000132492,-0.000706106,0.00105618,2.50092e-05,-0.00351761,-6.89035e-05,0.0302014,-0.000298373,-0.000432901,0.00300833,0.000200284,-0.00169171,-8.83151e-05,0.000393465,0.0261082,0.000518623,-6.95583e-05,1.44128e-05,4.33487e-07,1.81483e-06,-0.000899047,-6.06242e-05,0.0466238,
0.00172966,-0.000429037,0.000981532,5.80654e-05,-0.000140517,0.00206304,-0.000431013,-0.000138615,0.000786307,-0.00107679,-1.57929e-05,1.61811e-05,1.20651e-05,0.000121866,-0.000220907,-0.000712835,0.00430272,-7.38062e-06,-0.00194763,0.00025299,1.0131e-05,-0.00123763,-0.000197663,0.0023694,0.000106821,-0.000740874,0.000141427,-0.000704619,0.00105774,3.37026e-05,-0.00352184,-6.86632e-05,0.0301946,-0.00030745,-0.00043248,0.0030043,0.000195582,-0.00168642,-8.78761e-05,0.000392936,0.0261007,0.00051726,-6.90204e-05,1.43347e-05,1.69261e-06,1.81444e-06,-0.000897985,-5.99923e-05,0.0466236,
0.00172347,-0.000434884,0.000977265,5.78438e-05,-0.000141589,0.00206407,-0.000429504,-0.000140829,0.000793071,-0.00109019,-1.58617e-05,2.28673e-05,3.0503e-06,0.000122462,-0.000225923,-0.000722747,0.00429569,-7.37859e-06,-0.00194866,0.000257728,1.11934e-05,-0.00123801,-0.000201608,0.0023719,0.000106438,-0.000744436,0.000149826,-0.000703113,0.00105905,4.15696e-05,-0.00352547,-6.84428e-05,0.0301868,-0.00031599,-0.000431959,0.00300002,0.000191056,-0.00168108,-8.74693e-05,0.000392118,0.0260933,0.000515873,-6.84965e-05,1.42461e-05,2.87561e-06,1.81401e-06,-0.000896768,-5.93805e-05,0.0466233,
0.00171764,-0.000440187,0.000972953,5.7642e-05,-0.000142426,0.0020648,-0.000428022,-0.000142833,0.000799419,-0.00110243,-1.59249e-05,2.88284e-05,-5.4048e-06,0.000122971,-0.00023062,-0.000731855,0.00428905,-7.37812e-06,-0.00194974,0.000261932,1.21959e-05,-0.00123817,-0.000205219,0.0023737,0.000106092,-0.000747479,0.000157668,-0.000701604,0.00106012,4.86311e-05,-0.00352855,-6.82412e-05,0.030178,-0.000323969,-0.000431365,0.00299558,0.000186732,-0.00167573,-8.70936e-05,0.000391072,0.026086,0.000514476,-6.79901e-05,1.41492e-05,3.97838e-06,1.8135e-06,-0.000895433,-5.87943e-05,0.0466231,
0.00171216,-0.000444964,0.000968668,5.74594e-05,-0.000143064,0.00206527,-0.000426579,-0.000144636,0.000805329,-0.00111354,-1.59827e-05,3.40956e-05,-1.32821e-05,0.000123401,-0.000234989,-0.000740172,0.00428283,-7.37879e-06,-0.00195085,0.000265631,1.31332e-05,-0.00123812,-0.000208501,0.00237488,0.00010578,-0.00075006,0.000164942,-0.000700106,0.00106096,5.49139e-05,-0.00353114,-6.80577e-05,0.0301686,-0.000331373,-0.00043072,0.00299102,0.000182627,-0.00167045,-8.67481e-05,0.000389857,0.0260789,0.000513077,-6.75036e-05,1.40463e-05,4.99827e-06,1.8129e-06,-0.000894014,-5.82383e-05,0.0466228,
0.00170704,-0.000449235,0.00096447,5.72953e-05,-0.000143535,0.00206549,-0.000425185,-0.000146249,0.000810786,-0.00112357,-1.60352e-05,3.87034e-05,-2.05725e-05,0.000123756,-0.000239022,-0.000747719,0.00427707,-7.38026e-06,-0.001952,0.00026886,1.40016e-05,-0.00123789,-0.000211463,0.00237552,0.000105501,-0.000752237,0.000171645,-0.00069863,0.00106158,6.04496e-05,-0.00353329,-6.78915e-05,0.0301587,-0.000338195,-0.000430046,0.00298641,0.000178756,-0.00166527,-8.64316e-05,0.000388527,0.026072,0.000511685,-6.70393e-05,1.39393e-05,5.93391e-06,1.8122e-06,-0.000892543,-5.77161e-05,0.0466226,
0.00170229,-0.000453026,0.000960412,5.71489e-05,-0.000143872,0.0020655,-0.000423848,-0.000147682,0.000815783,-0.00113254,-1.60825e-05,4.26889e-05,-2.72747e-05,0.000124043,-0.000242718,-0.000754522,0.00427177,-7.38218e-06,-0.00195316,0.000271651,1.47987e-05,-0.0012375,-0.000214116,0.00237571,0.000105254,-0.000754065,0.000177777,-0.000697185,0.00106201,6.52744e-05,-0.00353506,-6.77412e-05,0.0301485,-0.000344437,-0.000429362,0.00298178,0.000175128,-0.00166023,-8.61427e-05,0.000387129,0.0260654,0.000510307,-6.65988e-05,1.38303e-05,6.78503e-06,1.81136e-06,-0.000891047,-5.72306e-05,0.0466223,
0.00169789,-0.000456362,0.000956536,5.70191e-05,-0.000144102,0.00206534,-0.000422573,-0.000148947,0.000820321,-0.00114052,-1.6125e-05,4.60905e-05,-3.33944e-05,0.000124268,-0.00024608,-0.000760611,0.00426696,-7.3843e-06,-0.00195435,0.000274038,1.55231e-05,-0.00123697,-0.000216474,0.00237553,0.000105035,-0.000755593,0.000183348,-0.000695781,0.00106226,6.94264e-05,-0.00353649,-6.76061e-05,0.0301381,-0.000350104,-0.000428684,0.00297719,0.00017175,-0.00165539,-8.588e-05,0.000385706,0.0260591,0.000508949,-6.61833e-05,1.37208e-05,7.55231e-06,1.81039e-06,-0.00088955,-5.67837e-05,0.0466221,
0.00169384,-0.000459271,0.000952878,5.69051e-05,-0.00014425,0.00206502,-0.000421366,-0.000150056,0.000824402,-0.00114756,-1.61627e-05,4.89473e-05,-3.8943e-05,0.000124437,-0.000249111,-0.00076602,0.00426262,-7.38639e-06,-0.00195553,0.000276056,1.61745e-05,-0.00123631,-0.000218554,0.00237504,0.000104843,-0.000756868,0.000188368,-0.000694422,0.00106234,7.29459e-05,-0.00353762,-6.74851e-05,0.0301277,-0.000355209,-0.000428028,0.00297267,0.000168624,-0.00165075,-8.56419e-05,0.000384293,0.0260532,0.000507617,-6.57936e-05,1.36124e-05,8.23726e-06,1.80927e-06,-0.000888073,-5.63769e-05,0.0466218,
0.00306805,-0.000543881,-0.000431037,0.00130354,-0.000572076,0.000896085,-2.15738e-05,-0.000543881,0.000851445,-0.000760106,-0.000371655,0.000173253,0.000289214,1.08933e-05,-0.000431037,-0.000760106,0.00443832,-0.000169541,-0.00190109,0.000429712,-3.50964e-05,0.00130354,-0.000371655,-0.000169541,0.00240204,-0.00154613,-0.00196033,4.1489e-05,-0.000572076,0.000173253,-0.00190109,-0.00154613,0.0306247,0.00102618,-0.00090025,0.000896085,0.000289214,0.000429712,-0.00196033,0.00102618,0.027805,-9.32014e-05,-2.15738e-05,1.08933e-05,-3.50964e-05,4.1489e-05,-0.00090025,-9.32015e-05,0.0466343,
0.00306416,-0.000545215,-0.000432952,0.00130431,-0.00057227,0.000893564,-2.11892e-05,-0.000545215,0.000853823,-0.00076308,-0.000372666,0.000173283,0.000286047,1.07886e-05,-0.000432952,-0.00076308,0.00443599,-0.000169726,-0.00190318,0.00043017,-3.45496e-05,0.00130431,-0.000372666,-0.000169726,0.00240359,-0.00154655,-0.00195929,4.14925e-05,-0.00057227,0.000173283,-0.00190318,-0.00154655,0.0306084,0.00102362,-0.000897481,0.000893564,0.000286047,0.00043017,-0.00195929,0.00102362,0.0277981,-9.2839e-05,-2.11892e-05,1.07886e-05,-3.45496e-05,4.14926e-05,-0.000897481,-9.2839e-05,0.0466339,
0.00306085,-0.000546165,-0.000434381,0.00130502,-0.000572435,0.000891379,-2.08675e-05,-0.000546165,0.000855643,-0.000765333,-0.000373425,0.000172975,0.000283534,1.0688e-05,-0.000434381,-0.000765333,0.00443418,-0.000169882,-0.00190515,0.000430375,-3.41009e-05,0.00130502,-0.000373425,-0.000169882,0.00240495,-0.00154696,-0.00195815,4.14885e-05,-0.000572435,0.000172975,-0.00190515,-0.00154696,0.0305933,0.00102131,-0.000894986,0.000891379,0.000283534,0.000430375,-0.00195815,0.00102131,0.0277917,-9.25234e-05,-2.08675e-05,1.06881e-05,-3.41009e-05,4.14885e-05,-0.000894986,-9.25234e-05,0.0466336,
0.00305805,-0.000546883,-0.000435502,0.00130564,-0.000572511,0.000889581,-2.06131e-05,-0.000546883,0.000857088,-0.00076711,-0.000374039,0.00017266,0.000281563,1.05962e-05,-0.000435502,-0.00076711,0.00443274,-0.000170013,-0.00190681,0.000430527,-3.37516e-05,0.00130564,-0.000374039,-0.000170013,0.0024061,-0.00154733,-0.00195706,4.14795e-05,-0.000572511,0.00017266,-0.00190681,-0.00154733,0.0305804,0.00101937,-0.000893018,0.000889581,0.000281563,0.000430527,-0.00195706,0.00101937,0.0277862,-9.22791e-05,-2.06131e-05,1.05962e-05,-3.37516e-05,4.14795e-05,-0.000893018,-9.22791e-05,0.0466333,
0.00305567,-0.000547435,-0.000436397,0.00130618,-0.000572501,0.000888118,-2.04182e-05,-0.000547435,0.000858251,-0.000768533,-0.000374552,0.000172385,0.000279993,1.05142e-05,-0.000436397,-0.000768533,0.00443158,-0.000170118,-0.00190817,0.00043065,-3.34874e-05,0.00130618,-0.000374552,-0.000170118,0.0024071,-0.00154763,-0.00195611,4.14651e-05,-0.000572501,0.000172385,-0.00190817,-0.00154763,0.0305698,0.00101778,-0.000891562,0.000888118,0.000279993,0.00043065,-0.00195611,0.00101778,0.0277818,-9.20997e-05,-2.04182e-05,1.05142e-05,-3.34874e-05,4.14651e-05,-0.000891562,-9.20997e-05,0.046633,
0.00305362,-0.000547864,-0.000437121,0.00130666,-0.000572424,0.000886929,-2.02724e-05,-0.000547864,0.000859194,-0.000769686,-0.000374989,0.00017215,0.000278717,1.04416e-05,-0.000437121,-0.000769686,0.00443064,-0.000170202,-0.00190928,0.00043075,-3.3292e-05,0.00130666,-0.000374989,-0.000170202,0.00240796,-0.00154786,-0.0019553,4.14456e-05,-0.000572424,0.00017215,-0.00190928,-0.00154786,0.0305611,0.00101648,-0.000890542,0.000886929,0.000278717,0.00043075,-0.0019553,0.00101648,0.0277782,-9.19733e-05,-2.02724e-05,1.04416e-05,-3.3292e-05,4.14456e-05,-0.000890542,-9.19733e-05,0.0466328,
0.00305184,-0.000548202,-0.000437713,0.00130708,-0.000572298,0.000885956,-2.01658e-05,-0.000548202,0.000859969,-0.00077063,-0.000375368,0.000171951,0.000277663,1.03772e-05,-0.000437713,-0.00077063,0.00442986,-0.000170266,-0.00191019,0.00043083,-3.3151e-05,0.00130708,-0.000375368,-0.000170266,0.00240872,-0.00154802,-0.00195462,4.14218e-05,-0.000572298,0.000171951,-0.00191019,-0.00154802,0.0305539,0.00101543,-0.000889873,0.000885956,0.000277663,0.00043083,-0.00195462,0.00101543,0.0277753,-9.18888e-05,-2.01658e-05,1.03772e-05,-3.3151e-05,4.14218e-05,-0.000889873,-9.18888e-05,0.0466325,
0.00305028,-0.00054847,-0.000438205,0.00130746,-0.000572135,0.000885155,-2.00899e-05,-0.00054847,0.000860612,-0.000771413,-0.000375701,0.000171779,0.000276777,1.03195e-05,-0.000438205,-0.000771413,0.00442922,-0.000170315,-0.00191093,0.000430893,-3.30524e-05,0.00130746,-0.000375701,-0.000170315,0.00240939,-0.00154813,-0.00195405,4.13946e-05,-0.000572135,0.000171779,-0.00191093,-0.00154813,0.030548,0.00101457,-0.00088948,0.000885155,0.000276777,0.000430893,-0.00195405,0.00101457,0.027773,-9.18369e-05,-2.00899e-05,1.03195e-05,-3.30524e-05,4.13946e-05,-0.00088948,-9.18369e-05,0.0466323,
0.0030489,-0.000548686,-0.00043862,0.0013078,-0.000571949,0.000884487,-2.00379e-05,-0.000548686,0.000861153,-0.00077207,-0.000375998,0.000171629,0.000276021,1.02675e-05,-0.00043862,-0.00077207,0.00442868,-0.000170352,-0.00191154,0.000430943,-3.29865e-05,0.0013078,-0.000375998,-0.000170352,0.00240999,-0.0015482,-0.00195356,4.13649e-05,-0.000571949,0.000171629,-0.00191154,-0.0015482,0.0305431,0.00101387,-0.000889301,0.000884488,0.000276021,0.000430943,-0.00195356,0.00101387,0.0277712,-9.18101e-05,-2.00379e-05,1.02675e-05,-3.29865e-05,4.13649e-05,-0.000889301,-9.18101e-05,0.0466321,
0.00304765,-0.000548862,-0.000438974,0.0013081,-0.000571747,0.000883925,-2.00043e-05,-0.000548862,0.000861614,-0.000772629,-0.000376267,0.000171497,0.000275363,1.022e-05,-0.000438974,-0.000772629,0.00442822,-0.000170379,-0.00191205,0.000430983,-3.29458e-05,0.0013081,-0.000376267,-0.000170379,0.00241054,-0.00154824,-0.00195316,4.13333e-05,-0.000571747,0.000171497,-0.00191205,-0.00154824,0.030539,0.00101327,-0.000889287,0.000883925,0.000275363,0.000430983,-0.00195316,0.00101327,0.0277697,-9.18024e-05,-2.00043e-05,1.022e-05,-3.29458e-05,4.13333e-05,-0.000889287,-9.18025e-05,0.0466319,
0.00304652,-0.000549008,-0.000439282,0.00130839,-0.000571535,0.000883444,-1.99849e-05,-0.000549008,0.000862013,-0.000773113,-0.000376514,0.000171378,0.000274783,1.01761e-05,-0.000439282,-0.000773113,0.00442782,-0.000170398,-0.00191248,0.000431014,-3.29244e-05,0.00130839,-0.000376514,-0.000170398,0.00241104,-0.00154826,-0.00195281,4.13004e-05,-0.000571535,0.000171378,-0.00191248,-0.00154826,0.0305355,0.00101277,-0.000889398,0.000883444,0.000274783,0.000431014,-0.00195281,0.00101277,0.0277684,-9.18094e-05,-1.99849e-05,1.01761e-05,-3.29244e-05,4.13004e-05,-0.000889398,-9.18094e-05,0.0466317,
0.00304548,-0.000549131,-0.000439554,0.00130865,-0.000571318,0.000883026,-1.99762e-05,-0.000549131,0.000862365,-0.000773538,-0.000376743,0.000171272,0.000274264,1.01353e-05,-0.000439554,-0.000773538,0.00442748,-0.000170411,-0.00191285,0.000431039,-3.29176e-05,0.00130865,-0.000376743,-0.000170411,0.0024115,-0.00154826,-0.00195251,4.12666e-05,-0.000571318,0.000171272,-0.00191285,-0.00154826,0.0305325,0.00101234,-0.000889604,0.000883026,0.000274264,0.000431039,-0.00195251,0.00101234,0.0277674,-9.18274e-05,-1.99762e-05,1.01352e-05,-3.29176e-05,4.12666e-05,-0.000889604,-9.18274e-05,0.0466315,
0.00304451,-0.000549236,-0.000439799,0.00130889,-0.0005711,0.000882658,-1.99757e-05,-0.000549236,0.000862679,-0.000773917,-0.000376957,0.000171174,0.000273791,1.00968e-05,-0.000439799,-0.000773917,0.00442716,-0.000170418,-0.00191317,0.000431059,-3.29219e-05,0.00130889,-0.000376957,-0.000170418,0.00241193,-0.00154824,-0.00195224,4.12323e-05,-0.0005711,0.000171174,-0.00191317,-0.00154824,0.0305298,0.00101197,-0.00088988,0.000882658,0.000273791,0.000431059,-0.00195224,0.00101197,0.0277666,-9.18536e-05,-1.99757e-05,1.00968e-05,-3.29219e-05,4.12323e-05,-0.00088988,-9.18536e-05,0.0466314,
0.00304361,-0.000549329,-0.000440023,0.00130912,-0.000570882,0.000882328,-1.99815e-05,-0.000549329,0.000862964,-0.00077426,-0.00037716,0.000171083,0.000273355,1.00603e-05,-0.000440023,-0.00077426,0.00442688,-0.000170422,-0.00191345,0.000431076,-3.29345e-05,0.00130912,-0.00037716,-0.000170422,0.00241234,-0.00154821,-0.001952,4.11977e-05,-0.000570882,0.000171083,-0.00191345,-0.00154821,0.0305274,0.00101164,-0.000890209,0.000882328,0.000273355,0.000431076,-0.001952,0.00101164,0.0277658,-9.1886e-05,-1.99815e-05,1.00603e-05,-3.29345e-05,4.11977e-05,-0.000890209,-9.1886e-05,0.0466312,
0.00304276,-0.000549412,-0.000440231,0.00130934,-0.000570666,0.000882028,-1.99919e-05,-0.000549412,0.000863226,-0.000774575,-0.000377354,0.000170999,0.000272947,1.00254e-05,-0.000440231,-0.000774575,0.00442662,-0.000170423,-0.00191371,0.00043109,-3.29533e-05,0.00130934,-0.000377354,-0.000170423,0.00241272,-0.00154818,-0.00195179,4.1163e-05,-0.000570666,0.000170999,-0.00191371,-0.00154818,0.0305252,0.00101134,-0.000890577,0.000882028,0.000272947,0.00043109,-0.00195179,0.00101134,0.0277652,-9.19229e-05,-1.99919e-05,1.00254e-05,-3.29533e-05,4.1163e-05,-0.000890577,-9.19229e-05,0.046631,
0.00304194,-0.000549488,-0.000440426,0.00130955,-0.000570453,0.000881751,-2.00057e-05,-0.000549488,0.000863471,-0.000774868,-0.00037754,0.00017092,0.000272562,9.99183e-06,-0.000440426,-0.000774868,0.00442638,-0.000170421,-0.00191394,0.000431101,-3.29767e-05,0.00130955,-0.00037754,-0.000170421,0.00241309,-0.00154814,-0.0019516,4.11284e-05,-0.000570453,0.00017092,-0.00191394,-0.00154814,0.0305233,0.00101106,-0.000890973,0.000881751,0.000272562,0.000431101,-0.0019516,0.00101106,0.0277646,-9.1963e-05,-2.00057e-05,9.99183e-06,-3.29767e-05,4.11284e-05,-0.000890973,-9.1963e-05,0.0466309,
0.00304117,-0.000549559,-0.000440612,0.00130974,-0.000570244,0.000881492,-2.00221e-05,-0.000549559,0.000863702,-0.000775144,-0.00037772,0.000170844,0.000272195,9.95933e-06,-0.000440612,-0.000775144,0.00442616,-0.000170418,-0.00191415,0.000431111,-3.30034e-05,0.00130974,-0.00037772,-0.000170418,0.00241344,-0.00154809,-0.00195142,4.10939e-05,-0.000570244,0.000170844,-0.00191415,-0.00154809,0.0305214,0.00101081,-0.000891388,0.000881492,0.000272195,0.000431111,-0.00195142,0.00101081,0.0277641,-9.20055e-05,-2.00221e-05,9.95933e-06,-3.30034e-05,4.10939e-05,-0.000891388,-9.20055e-05,0.0466307,
0.00304042,-0.000549626,-0.000440791,0.00130993,-0.000570039,0.000881247,-2.00403e-05,-0.000549626,0.000863923,-0.000775407,-0.000377895,0.000170772,0.000271842,9.92774e-06,-0.000440791,-0.000775407,0.00442594,-0.000170413,-0.00191435,0.000431119,-3.30325e-05,0.00130993,-0.000377895,-0.000170413,0.00241378,-0.00154805,-0.00195125,4.10595e-05,-0.000570039,0.000170772,-0.00191435,-0.00154805,0.0305197,0.00101056,-0.000891817,0.000881247,0.000271842,0.000431119,-0.00195125,0.00101056,0.0277637,-9.20495e-05,-2.00403e-05,9.92774e-06,-3.30325e-05,4.10595e-05,-0.000891817,-9.20495e-05,0.0466305,
0.00303969,-0.00054969,-0.000440964,0.00131012,-0.000569838,0.000881012,-2.00598e-05,-0.00054969,0.000864136,-0.00077566,-0.000378067,0.000170703,0.0002715,9.8969e-06,-0.000440964,-0.00077566,0.00442573,-0.000170406,-0.00191454,0.000431127,-3.30632e-05,0.00131012,-0.000378067,-0.000170406,0.00241411,-0.001548,-0.00195109,4.10255e-05,-0.000569838,0.000170703,-0.00191454,-0.001548,0.030518,0.00101033,-0.000892254,0.000881012,0.0002715,0.000431127,-0.00195109,0.00101033,0.0277632,-9.20945e-05,-2.00598e-05,9.8969e-06,-3.30632e-05,4.10255e-05,-0.000892254,-9.20945e-05,0.0466304,
0.00303899,-0.000549753,-0.000441133,0.0013103,-0.000569641,0.000880785,-2.00802e-05,-0.000549753,0.000864343,-0.000775904,-0.000378235,0.000170636,0.000271166,9.8667e-06,-0.000441133,-0.000775904,0.00442553,-0.000170399,-0.00191472,0.000431134,-3.30951e-05,0.0013103,-0.000378235,-0.000170399,0.00241444,-0.00154795,-0.00195094,4.09917e-05,-0.000569641,0.000170636,-0.00191472,-0.00154795,0.0305164,0.00101011,-0.000892697,0.000880785,0.000271166,0.000431134,-0.00195094,0.00101011,0.0277628,-9.21401e-05,-2.00802e-05,9.8667e-06,-3.30951e-05,4.09917e-05,-0.000892697,-9.21401e-05,0.0466302,
0.0030383,-0.000549814,-0.000441299,0.00131047,-0.000569448,0.000880565,-2.01011e-05,-0.000549814,0.000864545,-0.000776142,-0.0003784,0.00017057,0.000270839,9.83704e-06,-0.000441299,-0.000776142,0.00442534,-0.000170391,-0.00191489,0.00043114,-3.31275e-05,0.00131047,-0.0003784,-0.000170391,0.00241475,-0.0015479,-0.00195079,4.09582e-05,-0.000569448,0.00017057,-0.00191489,-0.0015479,0.0305149,0.0010099,-0.000893141,0.000880565,0.000270839,0.00043114,-0.00195079,0.0010099,0.0277624,-9.2186e-05,-2.01011e-05,9.83704e-06,-3.31275e-05,4.09582e-05,-0.000893141,-9.2186e-05,0.0466301,
0.00303763,-0.000549874,-0.000441463,0.00131064,-0.000569259,0.000880349,-2.01224e-05,-0.000549874,0.000864743,-0.000776376,-0.000378563,0.000170507,0.000270517,9.80784e-06,-0.000441463,-0.000776376,0.00442515,-0.000170382,-0.00191506,0.000431146,-3.31604e-05,0.00131064,-0.000378563,-0.000170382,0.00241506,-0.00154785,-0.00195065,4.0925e-05,-0.000569259,0.000170507,-0.00191506,-0.00154785,0.0305134,0.00100969,-0.000893586,0.000880349,0.000270517,0.000431146,-0.00195065,0.00100969,0.0277621,-9.2232e-05,-2.01224e-05,9.80784e-06,-3.31604e-05,4.09249e-05,-0.000893586,-9.2232e-05,0.0466299,
0.00303697,-0.000549934,-0.000441625,0.0013108,-0.000569074,0.000880137,-2.01439e-05,-0.000549934,0.000864938,-0.000776605,-0.000378725,0.000170445,0.0002702,9.77904e-06,-0.000441625,-0.000776605,0.00442496,-0.000170373,-0.00191523,0.000431152,-3.31933e-05,0.0013108,-0.000378725,-0.000170373,0.00241536,-0.0015478,-0.00195052,4.0892e-05,-0.000569074,0.000170445,-0.00191523,-0.0015478,0.0305119,0.00100948,-0.000894031,0.000880137,0.0002702,0.000431152,-0.00195052,0.00100948,0.0277617,-9.22779e-05,-2.01439e-05,9.77904e-06,-3.31933e-05,4.0892e-05,-0.000894031,-9.22779e-05,0.0466298,
0.00303631,-0.000549994,-0.000441786,0.00131097,-0.000568892,0.000879927,-2.01654e-05,-0.000549994,0.000865131,-0.000776832,-0.000378885,0.000170383,0.000269886,9.75059e-06,-0.000441786,-0.000776832,0.00442477,-0.000170363,-0.00191539,0.000431157,-3.32262e-05,0.00131097,-0.000378885,-0.000170363,0.00241566,-0.00154775,-0.00195039,4.08594e-05,-0.000568892,0.000170383,-0.00191539,-0.00154775,0.0305105,0.00100928,-0.000894473,0.000879927,0.000269886,0.000431157,-0.00195039,0.00100928,0.0277613,-9.23236e-05,-2.01654e-05,9.75059e-06,-3.32262e-05,4.08594e-05,-0.000894473,-9.23236e-05,0.0466296,
0.00303567,-0.000550053,-0.000441946,0.00131113,-0.000568713,0.00087972,-2.01868e-05,-0.000550053,0.000865322,-0.000777056,-0.000379044,0.000170323,0.000269575,9.72245e-06,-0.000441946,-0.000777056,0.00442459,-0.000170353,-0.00191555,0.000431162,-3.3259e-05,0.00131113,-0.000379044,-0.000170353,0.00241595,-0.0015477,-0.00195026,4.08271e-05,-0.000568713,0.000170323,-0.00191555,-0.0015477,0.030509,0.00100908,-0.000894912,0.00087972,0.000269575,0.000431162,-0.00195026,0.00100908,0.027761,-9.23689e-05,-2.01868e-05,9.72245e-06,-3.3259e-05,4.08271e-05,-0.000894912,-9.23689e-05,0.0466295,
0.00303503,-0.000550113,-0.000442106,0.00131128,-0.000568537,0.000879514,-2.02081e-05,-0.000550113,0.000865513,-0.000777279,-0.000379201,0.000170264,0.000269265,9.69458e-06,-0.000442106,-0.000777279,0.0044244,-0.000170343,-0.0019157,0.000431167,-3.32914e-05,0.00131128,-0.000379201,-0.000170343,0.00241624,-0.00154765,-0.00195013,4.0795e-05,-0.000568537,0.000170264,-0.0019157,-0.00154765,0.0305076,0.00100888,-0.000895349,0.000879514,0.000269265,0.000431167,-0.00195013,0.00100888,0.0277606,-9.24139e-05,-2.02081e-05,9.69458e-06,-3.32914e-05,4.0795e-05,-0.000895349,-9.24139e-05,0.0466293,
0.0030344,-0.000550172,-0.000442266,0.00131144,-0.000568363,0.000879308,-2.02293e-05,-0.000550172,0.000865702,-0.0007775,-0.000379358,0.000170205,0.000268957,9.66694e-06,-0.000442266,-0.0007775,0.00442422,-0.000170333,-0.00191586,0.000431172,-3.33236e-05,0.00131144,-0.000379358,-0.000170333,0.00241653,-0.0015476,-0.00195001,4.07633e-05,-0.000568363,0.000170205,-0.00191586,-0.0015476,0.0305062,0.00100868,-0.000895782,0.000879308,0.000268957,0.000431172,-0.00195001,0.00100868,0.0277603,-9.24585e-05,-2.02293e-05,9.66694e-06,-3.33236e-05,4.07633e-05,-0.000895782,-9.24585e-05,0.0466292,
0.00303378,-0.000550232,-0.000442425,0.00131159,-0.000568192,0.000879104,-2.02502e-05,-0.000550232,0.000865891,-0.00077772,-0.000379514,0.000170147,0.000268651,9.63952e-06,-0.000442425,-0.00077772,0.00442404,-0.000170322,-0.00191601,0.000431176,-3.33554e-05,0.00131159,-0.000379514,-0.000170322,0.00241681,-0.00154755,-0.00194988,4.07317e-05,-0.000568192,0.000170147,-0.00191601,-0.00154755,0.0305048,0.00100849,-0.000896212,0.000879104,0.000268651,0.000431176,-0.00194988,0.00100849,0.02776,-9.25027e-05,-2.02502e-05,9.63952e-06,-3.33554e-05,4.07317e-05,-0.000896212,-9.25027e-05,0.046629,
0.00303316,-0.000550291,-0.000442584,0.00131175,-0.000568023,0.000878899,-2.02709e-05,-0.000550291,0.000866079,-0.000777939,-0.00037967,0.000170089,0.000268346,9.61229e-06,-0.000442584,-0.000777939,0.00442386,-0.000170311,-0.00191616,0.000431181,-3.33869e-05,0.00131175,-0.00037967,-0.000170311,0.00241709,-0.0015475,-0.00194976,4.07004e-05,-0.000568023,0.000170089,-0.00191616,-0.0015475,0.0305034,0.00100829,-0.000896638,0.000878899,0.000268346,0.000431181,-0.00194976,0.00100829,0.0277596,-9.25465e-05,-2.02709e-05,9.61229e-06,-3.33869e-05,4.07004e-05,-0.000896638,-9.25465e-05,0.0466289,
0.00303254,-0.000550351,-0.000442743,0.0013119,-0.000567856,0.000878695,-2.02914e-05,-0.000550351,0.000866267,-0.000778158,-0.000379825,0.000170032,0.000268041,9.58524e-06,-0.000442743,-0.000778158,0.00442368,-0.0001703,-0.00191632,0.000431185,-3.34179e-05,0.0013119,-0.000379825,-0.0001703,0.00241738,-0.00154745,-0.00194964,4.06694e-05,-0.000567856,0.000170032,-0.00191632,-0.00154745,0.030502,0.0010081,-0.000897061,0.000878695,0.000268041,0.000431185,-0.00194964,0.00100809,0.0277593,-9.25899e-05,-2.02914e-05,9.58524e-06,-3.34179e-05,4.06694e-05,-0.000897061,-9.25899e-05,0.0466288,
0.00303192,-0.000550412,-0.000442903,0.00131205,-0.00056769,0.000878492,-2.03116e-05,-0.000550412,0.000866455,-0.000778376,-0.00037998,0.000169975,0.000267737,9.55835e-06,-0.000442903,-0.000778376,0.0044235,-0.000170289,-0.00191647,0.00043119,-3.34486e-05,0.00131205,-0.00037998,-0.000170289,0.00241766,-0.0015474,-0.00194952,4.06385e-05,-0.00056769,0.000169975,-0.00191647,-0.0015474,0.0305006,0.0010079,-0.00089748,0.000878492,0.000267737,0.00043119,-0.00194952,0.0010079,0.0277589,-9.26328e-05,-2.03116e-05,9.55835e-06,-3.34486e-05,4.06385e-05,-0.00089748,-9.26328e-05,0.0466286,
0.00303131,-0.000550472,-0.000443062,0.00131219,-0.000567526,0.000878287,-2.03316e-05,-0.000550472,0.000866643,-0.000778594,-0.000380135,0.000169918,0.000267433,9.53159e-06,-0.000443062,-0.000778594,0.00442332,-0.000170278,-0.00191662,0.000431194,-3.34789e-05,0.00131219,-0.000380135,-0.000170278,0.00241793,-0.00154735,-0.0019494,4.06079e-05,-0.000567526,0.000169918,-0.00191662,-0.00154735,0.0304993,0.0010077,-0.000897895,0.000878287,0.000267433,0.000431194,-0.0019494,0.0010077,0.0277586,-9.26754e-05,-2.03316e-05,9.5316e-06,-3.34789e-05,4.06079e-05,-0.000897895,-9.26754e-05,0.0466285,
0.0030307,-0.000550532,-0.000443222,0.00131234,-0.000567363,0.000878083,-2.03514e-05,-0.000550532,0.00086683,-0.000778812,-0.000380289,0.000169862,0.00026713,9.50498e-06,-0.000443222,-0.000778812,0.00442314,-0.000170267,-0.00191677,0.000431198,-3.35088e-05,0.00131234,-0.000380289,-0.000170267,0.00241821,-0.0015473,-0.00194928,4.05774e-05,-0.000567363,0.000169862,-0.00191677,-0.0015473,0.0304979,0.00100751,-0.000898308,0.000878083,0.00026713,0.000431198,-0.00194928,0.00100751,0.0277582,-9.27176e-05,-2.03514e-05,9.50498e-06,-3.35088e-05,4.05774e-05,-0.000898308,-9.27176e-05,0.0466283,
0.00303009,-0.000550593,-0.000443382,0.00131249,-0.000567202,0.000877879,-2.03709e-05,-0.000550593,0.000867018,-0.00077903,-0.000380443,0.000169806,0.000266827,9.47848e-06,-0.000443382,-0.00077903,0.00442296,-0.000170256,-0.00191692,0.000431202,-3.35384e-05,0.00131249,-0.000380443,-0.000170256,0.00241849,-0.00154725,-0.00194916,4.05472e-05,-0.000567202,0.000169806,-0.00191692,-0.00154725,0.0304965,0.00100731,-0.000898717,0.000877879,0.000266827,0.000431202,-0.00194916,0.00100731,0.0277579,-9.27593e-05,-2.03709e-05,9.47848e-06,-3.35384e-05,4.05472e-05,-0.000898717,-9.27593e-05,0.0466282,
0.00302949,-0.000550654,-0.000443542,0.00131264,-0.000567041,0.000877674,-2.03902e-05,-0.000550654,0.000867206,-0.000779247,-0.000380597,0.000169749,0.000266524,9.4521e-06,-0.000443542,-0.000779247,0.00442278,-0.000170244,-0.00191708,0.000431206,-3.35676e-05,0.00131264,-0.000380597,-0.000170244,0.00241876,-0.00154721,-0.00194904,4.05171e-05,-0.000567041,0.000169749,-0.00191708,-0.00154721,0.0304951,0.00100712,-0.000899123,0.000877674,0.000266524,0.000431206,-0.00194904,0.00100712,0.0277575,-9.28008e-05,-2.03902e-05,9.4521e-06,-3.35676e-05,4.05171e-05,-0.000899123,-9.28008e-05,0.046628,
0.00302888,-0.000550714,-0.000443702,0.00131278,-0.000566881,0.000877469,-2.04093e-05,-0.000550714,0.000867394,-0.000779464,-0.000380751,0.000169693,0.000266221,9.42581e-06,-0.000443702,-0.000779464,0.0044226,-0.000170233,-0.00191723,0.00043121,-3.35965e-05,0.00131278,-0.000380751,-0.000170233,0.00241904,-0.00154716,-0.00194893,4.04871e-05,-0.000566881,0.000169693,-0.00191723,-0.00154716,0.0304938,0.00100692,-0.000899527,0.000877469,0.000266221,0.000431209,-0.00194893,0.00100692,0.0277572,-9.28419e-05,-2.04093e-05,9.42581e-06,-3.35965e-05,4.04871e-05,-0.000899527,-9.28419e-05,0.0466279,
0.00302828,-0.000550775,-0.000443863,0.00131293,-0.000566722,0.000877264,-2.04281e-05,-0.000550775,0.000867582,-0.000779682,-0.000380905,0.000169637,0.000265919,9.39963e-06,-0.000443863,-0.000779682,0.00442242,-0.000170222,-0.00191738,0.000431213,-3.3625e-05,0.00131293,-0.000380905,-0.000170222,0.00241931,-0.00154711,-0.00194881,4.04573e-05,-0.000566722,0.000169637,-0.00191738,-0.00154711,0.0304924,0.00100673,-0.000899928,0.000877264,0.000265919,0.000431213,-0.00194881,0.00100673,0.0277568,-9.28826e-05,-2.04281e-05,9.39963e-06,-3.3625e-05,4.04573e-05,-0.000899928,-9.28826e-05,0.0466277,
0.00302768,-0.000550836,-0.000444024,0.00131307,-0.000566563,0.000877058,-2.04468e-05,-0.000550836,0.00086777,-0.000779899,-0.000381059,0.000169581,0.000265616,9.37353e-06,-0.000444024,-0.000779899,0.00442224,-0.00017021,-0.00191753,0.000431217,-3.36533e-05,0.00131307,-0.000381059,-0.00017021,0.00241959,-0.00154706,-0.00194869,4.04277e-05,-0.000566563,0.000169581,-0.00191753,-0.00154706,0.030491,0.00100653,-0.000900326,0.000877058,0.000265616,0.000431217,-0.00194869,0.00100653,0.0277565,-9.29231e-05,-2.04468e-05,9.37353e-06,-3.36533e-05,4.04277e-05,-0.000900326,-9.29231e-05,0.0466276,
0.00302707,-0.000550897,-0.000444185,0.00131322,-0.000566405,0.000876852,-2.04653e-05,-0.000550897,0.000867958,-0.000780117,-0.000381213,0.000169525,0.000265313,9.34752e-06,-0.000444185,-0.000780117,0.00442206,-0.000170199,-0.00191768,0.00043122,-3.36813e-05,0.00131322,-0.000381213,-0.000170199,0.00241986,-0.00154702,-0.00194858,4.03981e-05,-0.000566405,0.000169525,-0.00191768,-0.00154702,0.0304896,0.00100634,-0.000900722,0.000876852,0.000265313,0.00043122,-0.00194858,0.00100634,0.0277561,-9.29633e-05,-2.04653e-05,9.34752e-06,-3.36813e-05,4.03981e-05,-0.000900722,-9.29633e-05,0.0466275,
0.00302647,-0.000550958,-0.000444346,0.00131336,-0.000566247,0.000876646,-2.04836e-05,-0.000550958,0.000868147,-0.000780334,-0.000381367,0.00016947,0.000265011,9.32159e-06,-0.000444346,-0.000780334,0.00442188,-0.000170187,-0.00191783,0.000431223,-3.3709e-05,0.00131336,-0.000381367,-0.000170187,0.00242013,-0.00154697,-0.00194846,4.03687e-05,-0.000566247,0.00016947,-0.00191783,-0.00154697,0.0304882,0.00100614,-0.000901116,0.000876646,0.000265011,0.000431223,-0.00194846,0.00100614,0.0277557,-9.30032e-05,-2.04836e-05,9.32159e-06,-3.3709e-05,4.03687e-05,-0.000901116,-9.30032e-05,0.0466273,
0.00302587,-0.000551019,-0.000444507,0.00131351,-0.000566089,0.000876439,-2.05017e-05,-0.000551019,0.000868336,-0.000780552,-0.000381521,0.000169414,0.000264708,9.29573e-06,-0.000444507,-0.000780552,0.00442169,-0.000170176,-0.00191798,0.000431227,-3.37364e-05,0.00131351,-0.000381521,-0.000170176,0.00242041,-0.00154692,-0.00194834,4.03395e-05,-0.000566089,0.000169414,-0.00191798,-0.00154692,0.0304869,0.00100595,-0.000901508,0.000876439,0.000264708,0.000431227,-0.00194834,0.00100595,0.0277554,-9.30428e-05,-2.05017e-05,9.29573e-06,-3.37364e-05,4.03395e-05,-0.000901508,-9.30428e-05,0.0466272,
0.00302526,-0.00055108,-0.000444669,0.00131365,-0.000565932,0.000876231,-2.05197e-05,-0.00055108,0.000868524,-0.000780769,-0.000381675,0.000169358,0.000264405,9.26993e-06,-0.000444669,-0.000780769,0.00442151,-0.000170164,-0.00191813,0.00043123,-3.37636e-05,0.00131365,-0.000381675,-0.000170164,0.00242068,-0.00154687,-0.00194823,4.03103e-05,-0.000565932,0.000169358,-0.00191813,-0.00154687,0.0304855,0.00100575,-0.000901898,0.000876231,0.000264405,0.00043123,-0.00194823,0.00100575,0.027755,-9.30822e-05,-2.05197e-05,9.26993e-06,-3.37636e-05,4.03103e-05,-0.000901898,-9.30822e-05,0.046627,
0.00302466,-0.000551141,-0.000444831,0.00131379,-0.000565775,0.000876023,-2.05375e-05,-0.000551141,0.000868713,-0.000780987,-0.000381829,0.000169302,0.000264102,9.2442e-06,-0.000444831,-0.000780987,0.00442133,-0.000170153,-0.00191829,0.000431233,-3.37906e-05,0.00131379,-0.000381829,-0.000170153,0.00242095,-0.00154682,-0.00194811,4.02812e-05,-0.000565775,0.000169302,-0.00191829,-0.00154682,0.0304841,0.00100556,-0.000902286,0.000876023,0.000264102,0.000431233,-0.00194811,0.00100556,0.0277547,-9.31214e-05,-2.05375e-05,9.2442e-06,-3.37906e-05,4.02812e-05,-0.000902286,-9.31214e-05,0.0466269,
