0.00206564,1.69604e-05,-0.00195402,6.58731e-05,0.00037321,-0.000170956,-1.14934e-05,1.69603e-05,0.00115344,4.77365e-05,0.00105706,-0.000522915,-0.0010454,-1.96308e-05,-0.00195402,4.77365e-05,0.003294,3.00503e-05,-0.000272948,-0.000641732,-7.98764e-06,6.58731e-05,0.00105706,3.00503e-05,0.00297606,0.00158287,-1.82569e-05,2.55715e-05,0.00037321,-0.000522915,-0.000272948,0.00158287,0.0254202,0.00117326,0.000781945,-0.000170956,-0.0010454,-0.000641732,-1.82569e-05,0.00117326,0.026214,0.000249303,-1.14934e-05,-1.96308e-05,-7.98764e-06,2.55715e-05,0.000781945,0.000249303,0.0466298,
0.00206487,1.69252e-05,-0.00195377,6.58165e-05,0.000373189,-0.00017062,-1.15109e-05,1.69252e-05,0.00115345,4.77632e-05,0.0010569,-0.000522752,-0.0010456,-1.96084e-05,-0.00195377,4.77632e-05,0.00329402,2.99847e-05,-0.000273557,-0.000642259,-7.99684e-06,6.58165e-05,0.0010569,2.99847e-05,0.00297576,0.00158318,-1.85687e-05,2.55722e-05,0.000373189,-0.000522752,-0.000273557,0.00158318,0.0254201,0.0011732,0.000781763,-0.00017062,-0.0010456,-0.000642259,-1.85687e-05,0.0011732,0.0262143,0.000249323,-1.15109e-05,-1.96084e-05,-7.99684e-06,2.55722e-05,0.000781763,0.000249323,0.0466298,
0.00206419,1.68971e-05,-0.00195355,6.57673e-05,0.000373166,-0.000170394,-1.15248e-05,1.68971e-05,0.00115347,4.77914e-05,0.00105676,-0.000522608,-0.00104578,-1.95855e-05,-0.00195355,4.77914e-05,0.00329403,2.99265e-05,-0.000274101,-0.000642799,-8.00813e-06,6.57673e-05,0.00105676,2.99265e-05,0.00297548,0.00158346,-1.87859e-05,2.55603e-05,0.000373166,-0.000522608,-0.000274101,0.00158346,0.0254197,0.0011732,0.000781504,-0.000170394,-0.00104578,-0.000642799,-1.87859e-05,0.0011732,0.0262148,0.000249322,-1.15248e-05,-1.95855e-05,-8.00813e-06,2.55604e-05,0.000781504,0.000249322,0.0466298,
0.00206358,1.68735e-05,-0.00195336,6.57245e-05,0.000373149,-0.000170227,-1.15363e-05,1.68735e-05,0.00115348,4.78187e-05,0.00105663,-0.00052248,-0.00104595,-1.95636e-05,-0.00195336,4.78187e-05,0.00329405,2.98753e-05,-0.000274579,-0.000643311,-8.01947e-06,6.57245e-05,0.00105663,2.98753e-05,0.00297522,0.0015837,-1.89459e-05,2.55436e-05,0.000373149,-0.00052248,-0.000274579,0.0015837,0.0254194,0.00117323,0.00078124,-0.000170227,-0.00104595,-0.000643311,-1.89459e-05,0.00117323,0.0262153,0.0002493,-1.15363e-05,-1.95636e-05,-8.01947e-06,2.55436e-05,0.00078124,0.0002493,0.0466298,
0.00206305,1.68533e-05,-0.00195318,6.56872e-05,0.000373136,-0.000170096,-1.15461e-05,1.68533e-05,0.00115349,4.7844e-05,0.00105652,-0.000522368,-0.00104609,-1.95433e-05,-0.00195318,4.7844e-05,0.00329406,2.98301e-05,-0.000275,-0.000643781,-8.02998e-06,6.56872e-05,0.00105652,2.98301e-05,0.002975,0.00158392,-1.90702e-05,2.55253e-05,0.000373136,-0.000522368,-0.000275,0.00158392,0.025419,0.00117328,0.000781004,-0.000170096,-0.00104609,-0.000643781,-1.90702e-05,0.00117328,0.0262158,0.000249261,-1.15461e-05,-1.95433e-05,-8.02998e-06,2.55253e-05,0.000781004,0.000249261,0.0466298,
0.00206257,1.68357e-05,-0.00195303,6.56546e-05,0.000373128,-0.000169988,-1.15548e-05,1.68357e-05,0.0011535,4.78671e-05,0.00105643,-0.000522269,-0.00104623,-1.95245e-05,-0.00195303,4.78671e-05,0.00329407,2.97903e-05,-0.00027537,-0.000644206,-8.03934e-06,6.56546e-05,0.00105643,2.97903e-05,0.0029748,0.00158411,-1.91708e-05,2.55071e-05,0.000373128,-0.000522269,-0.00027537,0.00158411,0.0254186,0.00117334,0.000780805,-0.000169988,-0.00104623,-0.000644206,-1.91708e-05,0.00117334,0.0262163,0.000249206,-1.15548e-05,-1.95246e-05,-8.03934e-06,2.55071e-05,0.000780805,0.000249206,0.0466298,
0.00206215,1.68203e-05,-0.00195289,6.56261e-05,0.000373122,-0.000169897,-1.15626e-05,1.68203e-05,0.00115351,4.78881e-05,0.00105634,-0.000522181,-0.00104635,-1.95075e-05,-0.00195289,4.78881e-05,0.00329408,2.97551e-05,-0.000275697,-0.000644588,-8.04749e-06,6.56261e-05,0.00105634,2.97551e-05,0.00297462,0.00158428,-1.92545e-05,2.54895e-05,0.000373122,-0.000522181,-0.000275697,0.00158428,0.0254182,0.0011734,0.000780646,-0.000169897,-0.00104635,-0.000644588,-1.92545e-05,0.0011734,0.0262167,0.000249137,-1.15626e-05,-1.95075e-05,-8.04749e-06,2.54895e-05,0.000780646,0.000249137,0.0466298,
0.00206177,1.68067e-05,-0.00195277,6.56011e-05,0.000373118,-0.000169819,-1.15699e-05,1.68067e-05,0.00115351,4.7907e-05,0.00105627,-0.000522104,-0.00104645,-1.94918e-05,-0.00195277,4.7907e-05,0.00329409,2.9724e-05,-0.000275986,-0.000644929,-8.05448e-06,6.56011e-05,0.00105627,2.9724e-05,0.00297446,0.00158443,-1.93255e-05,2.54728e-05,0.000373118,-0.000522104,-0.000275986,0.00158443,0.0254179,0.00117346,0.000780527,-0.000169819,-0.00104645,-0.000644929,-1.93255e-05,0.00117346,0.0262171,0.000249056,-1.15699e-05,-1.94918e-05,-8.05448e-06,2.54728e-05,0.000780527,0.000249056,0.0466298,
0.00206144,1.67947e-05,-0.00195266,6.55791e-05,0.000373115,-0.000169752,-1.15766e-05,1.67947e-05,0.00115352,4.79241e-05,0.0010562,-0.000522036,-0.00104655,-1.94776e-05,-0.00195266,4.79241e-05,0.00329409,2.96965e-05,-0.000276242,-0.000645234,-8.06038e-06,6.55791e-05,0.0010562,2.96965e-05,0.00297431,0.00158456,-1.93865e-05,2.54569e-05,0.000373115,-0.000522036,-0.000276242,0.00158456,0.0254176,0.00117352,0.000780443,-0.000169752,-0.00104655,-0.000645234,-1.93865e-05,0.00117352,0.0262175,0.000248965,-1.15766e-05,-1.94776e-05,-8.06038e-06,2.54569e-05,0.000780443,0.000248965,0.0466298,
0.00206114,1.67842e-05,-0.00195257,6.55598e-05,0.000373113,-0.000169694,-1.1583e-05,1.67842e-05,0.00115353,4.79395e-05,0.00105614,-0.000521977,-0.00104663,-1.94646e-05,-0.00195257,4.79395e-05,0.0032941,2.96721e-05,-0.000276469,-0.000645506,-8.06531e-06,6.55598e-05,0.00105614,2.96721e-05,0.00297419,0.00158468,-1.9439e-05,2.54419e-05,0.000373113,-0.000521977,-0.000276469,0.00158468,0.0254173,0.00117358,0.000780393,-0.000169694,-0.00104663,-0.000645506,-1.9439e-05,0.00117358,0.0262178,0.000248864,-1.1583e-05,-1.94646e-05,-8.06531e-06,2.54419e-05,0.000780393,0.000248864,0.0466299,
0.00206088,1.67749e-05,-0.00195248,6.55428e-05,0.000373111,-0.000169644,-1.1589e-05,1.67749e-05,0.00115353,4.79533e-05,0.00105609,-0.000521924,-0.00104671,-1.94527e-05,-0.00195248,4.79533e-05,0.0032941,2.96505e-05,-0.00027667,-0.000645749,-8.06937e-06,6.55428e-05,0.00105609,2.96505e-05,0.00297408,0.00158478,-1.94845e-05,2.54278e-05,0.000373111,-0.000521924,-0.00027667,0.00158478,0.025417,0.00117364,0.000780372,-0.000169644,-0.00104671,-0.000645749,-1.94845e-05,0.00117364,0.026218,0.000248755,-1.1589e-05,-1.94527e-05,-8.06937e-06,2.54278e-05,0.000780372,0.000248755,0.0466299,
0.00206065,1.67667e-05,-0.00195241,6.55279e-05,0.00037311,-0.000169601,-1.15947e-05,1.67667e-05,0.00115354,4.79658e-05,0.00105604,-0.000521879,-0.00104678,-1.94417e-05,-0.00195241,4.79658e-05,0.00329411,2.96315e-05,-0.000276849,-0.000645966,-8.07264e-06,6.55279e-05,0.00105604,2.96315e-05,0.00297398,0.00158488,-1.95238e-05,2.54143e-05,0.00037311,-0.000521879,-0.000276849,0.00158488,0.0254167,0.0011737,0.000780378,-0.000169601,-0.00104678,-0.000645966,-1.95238e-05,0.0011737,0.0262182,0.000248638,-1.15947e-05,-1.94417e-05,-8.07264e-06,2.54143e-05,0.000780378,0.000248638,0.04663,
0.00206044,1.67595e-05,-0.00195234,6.55148e-05,0.000373109,-0.000169563,-1.16002e-05,1.67595e-05,0.00115354,4.7977e-05,0.001056,-0.000521838,-0.00104684,-1.94316e-05,-0.00195234,4.7977e-05,0.00329411,2.96145e-05,-0.000277008,-0.00064616,-8.07522e-06,6.55148e-05,0.001056,2.96145e-05,0.00297389,0.00158496,-1.95578e-05,2.54015e-05,0.000373109,-0.000521838,-0.000277008,0.00158496,0.0254165,0.00117376,0.000780407,-0.000169563,-0.00104684,-0.00064616,-1.95578e-05,0.00117376,0.0262184,0.000248515,-1.16002e-05,-1.94316e-05,-8.07522e-06,2.54015e-05,0.000780407,0.000248515,0.04663,
0.00206025,1.67531e-05,-0.00195228,6.55032e-05,0.000373109,-0.000169531,-1.16055e-05,1.67531e-05,0.00115354,4.79871e-05,0.00105597,-0.000521803,-0.00104689,-1.94223e-05,-0.00195228,4.79871e-05,0.00329412,2.95996e-05,-0.000277149,-0.000646333,-8.07718e-06,6.55032e-05,0.00105597,2.95996e-05,0.00297381,0.00158504,-1.95871e-05,2.53893e-05,0.000373109,-0.000521803,-0.000277149,0.00158504,0.0254162,0.00117382,0.000780457,-0.000169531,-0.00104689,-0.000646333,-1.95871e-05,0.00117382,0.0262186,0.000248386,-1.16055e-05,-1.94223e-05,-8.07718e-06,2.53893e-05,0.000780457,0.000248386,0.0466301,
0.00206009,1.67475e-05,-0.00195222,6.5493e-05,0.000373108,-0.000169504,-1.16105e-05,1.67475e-05,0.00115355,4.79962e-05,0.00105593,-0.000521772,-0.00104694,-1.94137e-05,-0.00195222,4.79962e-05,0.00329412,2.95863e-05,-0.000277275,-0.000646489,-8.0786e-06,6.5493e-05,0.00105593,2.95863e-05,0.00297374,0.00158511,-1.96122e-05,2.53776e-05,0.000373108,-0.000521772,-0.000277275,0.00158511,0.025416,0.00117388,0.000780526,-0.000169504,-0.00104694,-0.000646489,-1.96122e-05,0.00117388,0.0262187,0.000248251,-1.16105e-05,-1.94137e-05,-8.0786e-06,2.53776e-05,0.000780526,0.000248251,0.0466301,
0.00205995,1.67425e-05,-0.00195218,6.5484e-05,0.000373109,-0.00016948,-1.16154e-05,1.67425e-05,0.00115355,4.80043e-05,0.0010559,-0.000521745,-0.00104699,-1.94057e-05,-0.00195218,4.80043e-05,0.00329412,2.95745e-05,-0.000277387,-0.000646628,-8.07953e-06,6.54839e-05,0.0010559,2.95745e-05,0.00297368,0.00158517,-1.96337e-05,2.53664e-05,0.000373109,-0.000521745,-0.000277387,0.00158517,0.0254158,0.00117394,0.00078061,-0.00016948,-0.00104699,-0.000646628,-1.96337e-05,0.00117394,0.0262188,0.000248112,-1.16154e-05,-1.94057e-05,-8.07953e-06,2.53664e-05,0.00078061,0.000248112,0.0466302,
0.00205982,1.67382e-05,-0.00195214,6.5476e-05,0.000373109,-0.000169461,-1.16201e-05,1.67382e-05,0.00115355,4.80117e-05,0.00105588,-0.000521722,-0.00104703,-1.93982e-05,-0.00195214,4.80117e-05,0.00329412,2.95641e-05,-0.000277487,-0.000646754,-8.08003e-06,6.5476e-05,0.00105588,2.95641e-05,0.00297363,0.00158522,-1.96519e-05,2.53556e-05,0.000373109,-0.000521722,-0.000277487,0.00158522,0.0254156,0.001174,0.00078071,-0.000169461,-0.00104703,-0.000646754,-1.96519e-05,0.001174,0.0262189,0.00024797,-1.16201e-05,-1.93982e-05,-8.08003e-06,2.53556e-05,0.00078071,0.00024797,0.0466302,
0.0020597,1.67344e-05,-0.0019521,6.5469e-05,0.000373109,-0.000169444,-1.16247e-05,1.67344e-05,0.00115356,4.80183e-05,0.00105586,-0.000521702,-0.00104706,-1.93912e-05,-0.0019521,4.80183e-05,0.00329413,2.95548e-05,-0.000277576,-0.000646867,-8.08015e-06,6.5469e-05,0.00105586,2.95548e-05,0.00297358,0.00158527,-1.96672e-05,2.53451e-05,0.000373109,-0.000521702,-0.000277576,0.00158527,0.0254154,0.00117406,0.000780822,-0.000169444,-0.00104706,-0.000646867,-1.96672e-05,0.00117406,0.026219,0.000247823,-1.16247e-05,-1.93912e-05,-8.08015e-06,2.53451e-05,0.000780822,0.000247823,0.0466303,
0.0020596,1.6731e-05,-0.00195206,6.54628e-05,0.00037311,-0.00016943,-1.16292e-05,1.6731e-05,0.00115356,4.80243e-05,0.00105583,-0.000521684,-0.00104709,-1.93846e-05,-0.00195206,4.80243e-05,0.00329413,2.95466e-05,-0.000277656,-0.000646968,-8.07993e-06,6.54628e-05,0.00105583,2.95466e-05,0.00297353,0.00158531,-1.968e-05,2.5335e-05,0.00037311,-0.000521684,-0.000277656,0.00158531,0.0254152,0.00117412,0.000780946,-0.00016943,-0.00104709,-0.000646968,-1.968e-05,0.00117412,0.0262191,0.000247673,-1.16292e-05,-1.93846e-05,-8.07993e-06,2.5335e-05,0.000780945,0.000247673,0.0466304,
0.0020595,1.67281e-05,-0.00195203,6.54573e-05,0.000373111,-0.000169419,-1.16336e-05,1.67281e-05,0.00115356,4.80296e-05,0.00105582,-0.000521669,-0.00104712,-1.93783e-05,-0.00195203,4.80296e-05,0.00329413,2.95393e-05,-0.000277727,-0.00064706,-8.07942e-06,6.54573e-05,0.00105582,2.95393e-05,0.0029735,0.00158535,-1.96905e-05,2.53251e-05,0.000373111,-0.000521669,-0.000277727,0.00158535,0.025415,0.00117418,0.000781079,-0.000169419,-0.00104712,-0.00064706,-1.96905e-05,0.00117418,0.0262191,0.000247521,-1.16336e-05,-1.93783e-05,-8.07942e-06,2.53251e-05,0.000781079,0.000247521,0.0466304,
0.00205942,1.67255e-05,-0.00195201,6.54524e-05,0.000373112,-0.00016941,-1.16379e-05,1.67255e-05,0.00115356,4.80345e-05,0.0010558,-0.000521656,-0.00104715,-1.93724e-05,-0.00195201,4.80345e-05,0.00329413,2.95328e-05,-0.00027779,-0.000647143,-8.07864e-06,6.54524e-05,0.0010558,2.95328e-05,0.00297346,0.00158539,-1.9699e-05,2.53155e-05,0.000373112,-0.000521656,-0.00027779,0.00158539,0.0254148,0.00117424,0.000781222,-0.00016941,-0.00104715,-0.000647143,-1.9699e-05,0.00117424,0.0262191,0.000247366,-1.16379e-05,-1.93724e-05,-8.07864e-06,2.53155e-05,0.000781222,0.000247366,0.0466305,
0.00205935,1.67233e-05,-0.00195198,6.54481e-05,0.000373113,-0.000169403,-1.16421e-05,1.67233e-05,0.00115357,4.80388e-05,0.00105579,-0.000521644,-0.00104718,-1.93668e-05,-0.00195198,4.80388e-05,0.00329413,2.95271e-05,-0.000277847,-0.000647218,-8.07762e-06,6.54481e-05,0.00105579,2.95271e-05,0.00297343,0.00158542,-1.97057e-05,2.53061e-05,0.000373113,-0.000521644,-0.000277847,0.00158542,0.0254146,0.0011743,0.000781373,-0.000169403,-0.00104718,-0.000647218,-1.97057e-05,0.0011743,0.0262192,0.000247209,-1.16421e-05,-1.93668e-05,-8.07762e-06,2.53061e-05,0.000781373,0.000247209,0.0466306,
0.00205928,1.67213e-05,-0.00195196,6.54442e-05,0.000373114,-0.000169397,-1.16462e-05,1.67213e-05,0.00115357,4.80427e-05,0.00105577,-0.000521635,-0.0010472,-1.93615e-05,-0.00195196,4.80427e-05,0.00329413,2.95219e-05,-0.000277898,-0.000647286,-8.0764e-06,6.54442e-05,0.00105577,2.95219e-05,0.00297341,0.00158545,-1.97109e-05,2.52969e-05,0.000373114,-0.000521635,-0.000277898,0.00158545,0.0254144,0.00117436,0.000781531,-0.000169397,-0.0010472,-0.000647286,-1.97109e-05,0.00117436,0.0262192,0.00024705,-1.16462e-05,-1.93615e-05,-8.0764e-06,2.52969e-05,0.000781531,0.00024705,0.0466307,
0.00205922,1.67196e-05,-0.00195194,6.54408e-05,0.000373116,-0.000169393,-1.16503e-05,1.67196e-05,0.00115357,4.80463e-05,0.00105576,-0.000521627,-0.00104722,-1.93564e-05,-0.00195194,4.80463e-05,0.00329413,2.95174e-05,-0.000277944,-0.000647349,-8.07499e-06,6.54408e-05,0.00105576,2.95174e-05,0.00297338,0.00158548,-1.97146e-05,2.52879e-05,0.000373116,-0.000521627,-0.000277944,0.00158548,0.0254142,0.00117441,0.000781695,-0.000169393,-0.00104722,-0.000647349,-1.97146e-05,0.00117441,0.0262192,0.000246889,-1.16503e-05,-1.93564e-05,-8.07499e-06,2.52879e-05,0.000781695,0.000246889,0.0466307,
0.00205917,1.67181e-05,-0.00195193,6.54377e-05,0.000373117,-0.000169391,-1.16543e-05,1.67181e-05,0.00115357,4.80495e-05,0.00105575,-0.00052162,-0.00104724,-1.93515e-05,-0.00195193,4.80495e-05,0.00329414,2.95133e-05,-0.000277985,-0.000647406,-8.07342e-06,6.54377e-05,0.00105575,2.95133e-05,0.00297336,0.0015855,-1.97172e-05,2.5279e-05,0.000373117,-0.00052162,-0.000277985,0.0015855,0.0254141,0.00117447,0.000781864,-0.000169391,-0.00104724,-0.000647406,-1.97172e-05,0.00117447,0.0262192,0.000246726,-1.16543e-05,-1.93515e-05,-8.07342e-06,2.5279e-05,0.000781864,0.000246726,0.0466308,
0.00205912,1.67168e-05,-0.00195191,6.5435e-05,0.000373119,-0.000169389,-1.16582e-05,1.67168e-05,0.00115357,4.80524e-05,0.00105574,-0.000521614,-0.00104726,-1.93467e-05,-0.00195191,4.80524e-05,0.00329414,2.95097e-05,-0.000278022,-0.000647458,-8.0717e-06,6.5435e-05,0.00105574,2.95097e-05,0.00297334,0.00158552,-1.97186e-05,2.52703e-05,0.000373119,-0.000521614,-0.000278022,0.00158552,0.0254139,0.00117453,0.000782039,-0.000169389,-0.00104726,-0.000647458,-1.97186e-05,0.00117453,0.0262192,0.000246563,-1.16582e-05,-1.93467e-05,-8.0717e-06,2.52703e-05,0.000782039,0.000246563,0.0466309,
0.00205908,1.67157e-05,-0.0019519,6.54326e-05,0.00037312,-0.000169389,-1.16621e-05,1.67157e-05,0.00115357,4.8055e-05,0.00105573,-0.00052161,-0.00104727,-1.93422e-05,-0.0019519,4.8055e-05,0.00329414,2.95065e-05,-0.000278056,-0.000647505,-8.06986e-06,6.54326e-05,0.00105573,2.95065e-05,0.00297332,0.00158554,-1.97191e-05,2.52617e-05,0.00037312,-0.00052161,-0.000278056,0.00158554,0.0254137,0.00117459,0.000782218,-0.000169389,-0.00104727,-0.000647505,-1.97191e-05,0.00117459,0.0262192,0.000246398,-1.16621e-05,-1.93422e-05,-8.06986e-06,2.52617e-05,0.000782218,0.000246398,0.046631,
0.00205904,1.67148e-05,-0.00195188,6.54304e-05,0.000373122,-0.00016939,-1.1666e-05,1.67148e-05,0.00115357,4.80574e-05,0.00105573,-0.000521606,-0.00104729,-1.93377e-05,-0.00195188,4.80574e-05,0.00329414,2.95037e-05,-0.000278086,-0.000647549,-8.0679e-06,6.54304e-05,0.00105573,2.95037e-05,0.00297331,0.00158556,-1.97187e-05,2.52532e-05,0.000373122,-0.000521606,-0.000278086,0.00158556,0.0254136,0.00117465,0.000782401,-0.00016939,-0.00104729,-0.000647549,-1.97187e-05,0.00117465,0.0262191,0.000246232,-1.1666e-05,-1.93377e-05,-8.0679e-06,2.52532e-05,0.000782401,0.000246232,0.046631,
0.00205901,1.67139e-05,-0.00195187,6.54284e-05,0.000373124,-0.000169391,-1.16698e-05,1.67139e-05,0.00115358,4.80595e-05,0.00105572,-0.000521603,-0.0010473,-1.93334e-05,-0.00195187,4.80595e-05,0.00329414,2.95011e-05,-0.000278113,-0.00064759,-8.06585e-06,6.54284e-05,0.00105572,2.95011e-05,0.00297329,0.00158558,-1.97175e-05,2.52448e-05,0.000373124,-0.000521603,-0.000278113,0.00158558,0.0254134,0.00117471,0.000782587,-0.000169391,-0.0010473,-0.00064759,-1.97175e-05,0.00117471,0.0262191,0.000246065,-1.16698e-05,-1.93334e-05,-8.06585e-06,2.52448e-05,0.000782587,0.000246065,0.0466311,
0.00205897,1.67132e-05,-0.00195186,6.54267e-05,0.000373126,-0.000169393,-1.16737e-05,1.67132e-05,0.00115358,4.80615e-05,0.00105572,-0.000521601,-0.00104732,-1.93292e-05,-0.00195186,4.80615e-05,0.00329414,2.94988e-05,-0.000278138,-0.000647628,-8.0637e-06,6.54267e-05,0.00105572,2.94988e-05,0.00297328,0.00158559,-1.97157e-05,2.52365e-05,0.000373126,-0.000521601,-0.000278138,0.00158559,0.0254132,0.00117477,0.000782776,-0.000169393,-0.00104732,-0.000647628,-1.97157e-05,0.00117477,0.0262191,0.000245897,-1.16737e-05,-1.93292e-05,-8.0637e-06,2.52365e-05,0.000782776,0.000245897,0.0466312,
0.00205894,1.67126e-05,-0.00195185,6.54251e-05,0.000373128,-0.000169396,-1.16774e-05,1.67126e-05,0.00115358,4.80632e-05,0.00105571,-0.000521599,-0.00104733,-1.93252e-05,-0.00195185,4.80632e-05,0.00329414,2.94968e-05,-0.000278161,-0.000647663,-8.06147e-06,6.54251e-05,0.00105571,2.94968e-05,0.00297327,0.00158561,-1.97132e-05,2.52283e-05,0.000373128,-0.000521599,-0.000278161,0.00158561,0.0254131,0.00117482,0.000782968,-0.000169396,-0.00104733,-0.000647663,-1.97132e-05,0.00117482,0.026219,0.000245728,-1.16774e-05,-1.93252e-05,-8.06147e-06,2.52283e-05,0.000782968,0.000245728,0.0466313,
0.00205892,1.67121e-05,-0.00195184,6.54236e-05,0.00037313,-0.000169399,-1.16812e-05,1.67121e-05,0.00115358,4.80648e-05,0.00105571,-0.000521598,-0.00104734,-1.93212e-05,-0.00195184,4.80648e-05,0.00329414,2.9495e-05,-0.000278182,-0.000647696,-8.05918e-06,6.54236e-05,0.00105571,2.9495e-05,0.00297326,0.00158562,-1.97103e-05,2.52201e-05,0.00037313,-0.000521598,-0.000278182,0.00158562,0.0254129,0.00117488,0.000783163,-0.000169399,-0.00104734,-0.000647696,-1.97103e-05,0.00117488,0.026219,0.000245559,-1.16812e-05,-1.93212e-05,-8.05918e-06,2.52201e-05,0.000783163,0.000245559,0.0466314,
0.00205889,1.67117e-05,-0.00195184,6.54223e-05,0.000373132,-0.000169403,-1.16849e-05,1.67117e-05,0.00115358,4.80663e-05,0.0010557,-0.000521597,-0.00104735,-1.93172e-05,-0.00195184,4.80663e-05,0.00329414,2.94933e-05,-0.000278201,-0.000647727,-8.05682e-06,6.54223e-05,0.0010557,2.94933e-05,0.00297325,0.00158564,-1.97068e-05,2.5212e-05,0.000373132,-0.000521597,-0.000278201,0.00158564,0.0254128,0.00117494,0.000783359,-0.000169403,-0.00104735,-0.000647727,-1.97068e-05,0.00117494,0.026219,0.000245389,-1.16849e-05,-1.93172e-05,-8.05682e-06,2.5212e-05,0.000783359,0.000245389,0.0466314,
0.00205887,1.67114e-05,-0.00195183,6.54211e-05,0.000373134,-0.000169407,-1.16886e-05,1.67114e-05,0.00115358,4.80677e-05,0.0010557,-0.000521597,-0.00104736,-1.93134e-05,-0.00195183,4.80677e-05,0.00329414,2.94918e-05,-0.000278218,-0.000647756,-8.05441e-06,6.54211e-05,0.0010557,2.94918e-05,0.00297324,0.00158565,-1.9703e-05,2.52039e-05,0.000373134,-0.000521597,-0.000278218,0.00158565,0.0254126,0.001175,0.000783558,-0.000169407,-0.00104736,-0.000647756,-1.9703e-05,0.001175,0.0262189,0.000245218,-1.16886e-05,-1.93134e-05,-8.05441e-06,2.52039e-05,0.000783558,0.000245218,0.0466315,
0.00205885,1.67111e-05,-0.00195182,6.54199e-05,0.000373136,-0.000169412,-1.16924e-05,1.67111e-05,0.00115358,4.80689e-05,0.00105569,-0.000521597,-0.00104737,-1.93096e-05,-0.00195182,4.80689e-05,0.00329414,2.94905e-05,-0.000278234,-0.000647783,-8.05195e-06,6.54199e-05,0.00105569,2.94905e-05,0.00297324,0.00158566,-1.96988e-05,2.51959e-05,0.000373136,-0.000521597,-0.000278234,0.00158566,0.0254124,0.00117506,0.000783758,-0.000169412,-0.00104737,-0.000647783,-1.96988e-05,0.00117506,0.0262189,0.000245048,-1.16924e-05,-1.93096e-05,-8.05195e-06,2.51959e-05,0.000783758,0.000245048,0.0466316,
0.00205883,1.67109e-05,-0.00195182,6.54189e-05,0.000373138,-0.000169417,-1.1696e-05,1.67109e-05,0.00115358,4.807e-05,0.00105569,-0.000521598,-0.00104738,-1.93058e-05,-0.00195182,4.807e-05,0.00329415,2.94893e-05,-0.000278249,-0.000647809,-8.04944e-06,6.54189e-05,0.00105569,2.94893e-05,0.00297323,0.00158567,-1.96942e-05,2.51879e-05,0.000373138,-0.000521598,-0.000278249,0.00158567,0.0254123,0.00117512,0.00078396,-0.000169417,-0.00104738,-0.000647809,-1.96942e-05,0.00117512,0.0262188,0.000244876,-1.1696e-05,-1.93058e-05,-8.04944e-06,2.51879e-05,0.00078396,0.000244876,0.0466317,
0.00205881,1.67107e-05,-0.00195181,6.5418e-05,0.00037314,-0.000169422,-1.16997e-05,1.67107e-05,0.00115358,4.8071e-05,0.00105569,-0.000521599,-0.00104739,-1.93021e-05,-0.00195181,4.8071e-05,0.00329415,2.94882e-05,-0.000278263,-0.000647834,-8.0469e-06,6.5418e-05,0.00105569,2.94882e-05,0.00297323,0.00158568,-1.96894e-05,2.518e-05,0.00037314,-0.000521599,-0.000278263,0.00158568,0.0254121,0.00117517,0.000784163,-0.000169422,-0.00104739,-0.000647834,-1.96894e-05,0.00117517,0.0262188,0.000244705,-1.16997e-05,-1.93021e-05,-8.0469e-06,2.518e-05,0.000784163,0.000244705,0.0466318,
0.0020588,1.67106e-05,-0.00195181,6.54171e-05,0.000373142,-0.000169427,-1.17034e-05,1.67106e-05,0.00115358,4.8072e-05,0.00105569,-0.0005216,-0.0010474,-1.92985e-05,-0.00195181,4.8072e-05,0.00329415,2.94872e-05,-0.000278276,-0.000647857,-8.04432e-06,6.54171e-05,0.00105569,2.94872e-05,0.00297322,0.00158569,-1.96843e-05,2.51721e-05,0.000373142,-0.0005216,-0.000278276,0.00158569,0.025412,0.00117523,0.000784367,-0.000169427,-0.0010474,-0.000647857,-1.96843e-05,0.00117523,0.0262187,0.000244533,-1.17034e-05,-1.92985e-05,-8.04432e-06,2.51721e-05,0.000784367,0.000244533,0.0466318,
0.00205878,1.67106e-05,-0.0019518,6.54163e-05,0.000373145,-0.000169433,-1.1707e-05,1.67106e-05,0.00115359,4.80729e-05,0.00105568,-0.000521601,-0.00104741,-1.92949e-05,-0.0019518,4.80729e-05,0.00329415,2.94864e-05,-0.000278288,-0.00064788,-8.04172e-06,6.54163e-05,0.00105568,2.94864e-05,0.00297321,0.0015857,-1.9679e-05,2.51642e-05,0.000373145,-0.000521601,-0.000278288,0.0015857,0.0254118,0.00117529,0.000784572,-0.000169433,-0.00104741,-0.00064788,-1.9679e-05,0.00117529,0.0262187,0.00024436,-1.1707e-05,-1.92949e-05,-8.04172e-06,2.51642e-05,0.000784572,0.00024436,0.0466319,
0.00205877,1.67105e-05,-0.0019518,6.54155e-05,0.000373147,-0.000169439,-1.17107e-05,1.67105e-05,0.00115359,4.80737e-05,0.00105568,-0.000521603,-0.00104742,-1.92913e-05,-0.0019518,4.80737e-05,0.00329415,2.94855e-05,-0.000278299,-0.000647902,-8.03909e-06,6.54155e-05,0.00105568,2.94855e-05,0.00297321,0.00158571,-1.96735e-05,2.51563e-05,0.000373147,-0.000521603,-0.000278299,0.00158571,0.0254117,0.00117535,0.000784778,-0.000169439,-0.00104742,-0.000647902,-1.96735e-05,0.00117535,0.0262186,0.000244188,-1.17107e-05,-1.92913e-05,-8.03909e-06,2.51563e-05,0.000784778,0.000244188,0.046632,
0.00205876,1.67105e-05,-0.00195179,6.54148e-05,0.000373149,-0.000169445,-1.17143e-05,1.67105e-05,0.00115359,4.80745e-05,0.00105568,-0.000521605,-0.00104742,-1.92877e-05,-0.00195179,4.80745e-05,0.00329415,2.94848e-05,-0.000278309,-0.000647923,-8.03643e-06,6.54148e-05,0.00105568,2.94848e-05,0.00297321,0.00158572,-1.96678e-05,2.51485e-05,0.000373149,-0.000521605,-0.000278309,0.00158572,0.0254115,0.00117541,0.000784985,-0.000169445,-0.00104742,-0.000647923,-1.96678e-05,0.00117541,0.0262186,0.000244015,-1.17143e-05,-1.92877e-05,-8.03643e-06,2.51485e-05,0.000784985,0.000244015,0.0466321,
0.00205874,1.67105e-05,-0.00195179,6.54141e-05,0.000373151,-0.000169452,-1.1718e-05,1.67105e-05,0.00115359,4.80752e-05,0.00105568,-0.000521606,-0.00104743,-1.92842e-05,-0.00195179,4.80752e-05,0.00329415,2.94841e-05,-0.000278319,-0.000647943,-8.03376e-06,6.54141e-05,0.00105568,2.94841e-05,0.0029732,0.00158573,-1.96619e-05,2.51407e-05,0.000373151,-0.000521606,-0.000278319,0.00158573,0.0254114,0.00117547,0.000785193,-0.000169452,-0.00104743,-0.000647943,-1.96619e-05,0.00117547,0.0262185,0.000243842,-1.1718e-05,-1.92842e-05,-8.03376e-06,2.51407e-05,0.000785193,0.000243842,0.0466322,
0.00205873,1.67106e-05,-0.00195179,6.54134e-05,0.000373154,-0.000169458,-1.17216e-05,1.67106e-05,0.00115359,4.80758e-05,0.00105568,-0.000521608,-0.00104744,-1.92807e-05,-0.00195179,4.80758e-05,0.00329415,2.94835e-05,-0.000278329,-0.000647963,-8.03106e-06,6.54134e-05,0.00105568,2.94835e-05,0.0029732,0.00158574,-1.96559e-05,2.51329e-05,0.000373154,-0.000521608,-0.000278329,0.00158574,0.0254112,0.00117552,0.000785401,-0.000169458,-0.00104744,-0.000647963,-1.96559e-05,0.00117552,0.0262185,0.000243669,-1.17216e-05,-1.92807e-05,-8.03106e-06,2.51329e-05,0.000785401,0.000243669,0.0466322,
0.00205872,1.67106e-05,-0.00195178,6.54128e-05,0.000373156,-0.000169465,-1.17252e-05,1.67106e-05,0.00115359,4.80765e-05,0.00105567,-0.000521611,-0.00104745,-1.92772e-05,-0.00195178,4.80765e-05,0.00329415,2.94829e-05,-0.000278338,-0.000647982,-8.02835e-06,6.54128e-05,0.00105567,2.94829e-05,0.0029732,0.00158574,-1.96498e-05,2.51251e-05,0.000373156,-0.000521611,-0.000278338,0.00158574,0.0254111,0.00117558,0.00078561,-0.000169465,-0.00104745,-0.000647982,-1.96498e-05,0.00117558,0.0262184,0.000243496,-1.17252e-05,-1.92772e-05,-8.02835e-06,2.51251e-05,0.00078561,0.000243496,0.0466323,
0.00205871,1.67107e-05,-0.00195178,6.54122e-05,0.000373158,-0.000169471,-1.17288e-05,1.67107e-05,0.00115359,4.80771e-05,0.00105567,-0.000521613,-0.00104746,-1.92737e-05,-0.00195178,4.80771e-05,0.00329415,2.94824e-05,-0.000278347,-0.000648001,-8.02563e-06,6.54122e-05,0.00105567,2.94824e-05,0.00297319,0.00158575,-1.96435e-05,2.51173e-05,0.000373158,-0.000521613,-0.000278347,0.00158575,0.0254109,0.00117564,0.000785819,-0.000169471,-0.00104746,-0.000648001,-1.96435e-05,0.00117564,0.0262184,0.000243322,-1.17288e-05,-1.92737e-05,-8.02563e-06,2.51173e-05,0.000785819,0.000243322,0.0466324,
0.0020587,1.67108e-05,-0.00195178,6.54117e-05,0.00037316,-0.000169478,-1.17324e-05,1.67108e-05,0.00115359,4.80776e-05,0.00105567,-0.000521615,-0.00104746,-1.92703e-05,-0.00195178,4.80776e-05,0.00329415,2.94819e-05,-0.000278355,-0.000648019,-8.02289e-06,6.54117e-05,0.00105567,2.94819e-05,0.00297319,0.00158576,-1.96372e-05,2.51095e-05,0.00037316,-0.000521615,-0.000278355,0.00158576,0.0254108,0.0011757,0.000786029,-0.000169478,-0.00104746,-0.000648019,-1.96372e-05,0.0011757,0.0262183,0.000243149,-1.17324e-05,-1.92703e-05,-8.02289e-06,2.51095e-05,0.000786029,0.000243149,0.0466325,
0.00205869,1.67109e-05,-0.00195177,6.54111e-05,0.000373163,-0.000169485,-1.1736e-05,1.67109e-05,0.00115359,4.80781e-05,0.00105567,-0.000521618,-0.00104747,-1.92668e-05,-0.00195177,4.80781e-05,0.00329415,2.94815e-05,-0.000278363,-0.000648037,-8.02014e-06,6.54111e-05,0.00105567,2.94815e-05,0.00297319,0.00158577,-1.96308e-05,2.51018e-05,0.000373163,-0.000521618,-0.000278363,0.00158577,0.0254106,0.00117576,0.00078624,-0.000169485,-0.00104747,-0.000648037,-1.96308e-05,0.00117576,0.0262182,0.000242975,-1.1736e-05,-1.92668e-05,-8.02014e-06,2.51018e-05,0.00078624,0.000242975,0.0466326,
0.00205868,1.67111e-05,-0.00195177,6.54106e-05,0.000373165,-0.000169492,-1.17397e-05,1.67111e-05,0.00115359,4.80786e-05,0.00105567,-0.00052162,-0.00104748,-1.92634e-05,-0.00195177,4.80786e-05,0.00329415,2.9481e-05,-0.00027837,-0.000648054,-8.01739e-06,6.54106e-05,0.00105567,2.9481e-05,0.00297319,0.00158577,-1.96243e-05,2.5094e-05,0.000373165,-0.00052162,-0.00027837,0.00158577,0.0254105,0.00117581,0.00078645,-0.000169492,-0.00104748,-0.000648054,-1.96243e-05,0.00117581,0.0262182,0.000242801,-1.17397e-05,-1.92634e-05,-8.01739e-06,2.5094e-05,0.00078645,0.000242801,0.0466326,
0.00205867,1.67112e-05,-0.00195177,6.54101e-05,0.000373167,-0.000169499,-1.17433e-05,1.67112e-05,0.00115359,4.80791e-05,0.00105567,-0.000521623,-0.00104748,-1.926e-05,-0.00195177,4.80791e-05,0.00329415,2.94806e-05,-0.000278378,-0.000648072,-8.01462e-06,6.54101e-05,0.00105567,2.94806e-05,0.00297318,0.00158578,-1.96177e-05,2.50863e-05,0.000373167,-0.000521623,-0.000278378,0.00158578,0.0254103,0.00117587,0.000786661,-0.000169499,-0.00104748,-0.000648072,-1.96177e-05,0.00117587,0.0262181,0.000242628,-1.17433e-05,-1.926e-05,-8.01462e-06,2.50863e-05,0.000786661,0.000242628,0.0466327,
0.00205871,1.66863e-05,-0.00195197,6.5536e-05,0.000374393,-0.000167512,-1.09439e-05,1.67016e-05,0.0011536,4.81198e-05,0.00105564,-0.000521863,-0.00104788,-1.94128e-05,-0.00195175,4.80711e-05,0.00329408,2.95231e-05,-0.00027797,-0.000647412,-7.73948e-06,6.53926e-05,0.00105567,2.95505e-05,0.00297314,0.00158537,-2.02894e-05,2.48055e-05,0.000372728,-0.000521404,-0.000276564,0.00158467,0.0253994,0.00115834,0.000779792,-0.000170315,-0.00104709,-0.000644755,-2.1651e-05,0.00115618,0.0261859,0.000229495,-1.1769e-05,-1.92455e-05,-7.92079e-06,2.50228e-05,0.000786333,0.000241574,0.0466324,
0.0020587,1.66864e-05,-0.00195197,6.55355e-05,0.000374395,-0.000167519,-1.09468e-05,1.67018e-05,0.0011536,4.81202e-05,0.00105564,-0.000521865,-0.00104788,-1.94099e-05,-0.00195174,4.80715e-05,0.00329408,2.95227e-05,-0.000277977,-0.000647428,-7.73731e-06,6.53921e-05,0.00105567,2.95501e-05,0.00297314,0.00158538,-2.02831e-05,2.47989e-05,0.00037273,-0.000521406,-0.000276571,0.00158468,0.0253992,0.00115839,0.000779961,-0.000170322,-0.00104709,-0.000644771,-2.16447e-05,0.00115623,0.0261858,0.000229353,-1.17719e-05,-1.92427e-05,-7.91862e-06,2.50163e-05,0.000786503,0.000241433,0.0466325,
0.0020587,1.66865e-05,-0.00195197,6.5535e-05,0.000374397,-0.000167525,-1.09493e-05,1.67019e-05,0.0011536,4.81207e-05,0.00105564,-0.000521867,-0.00104789,-1.94075e-05,-0.00195174,4.8072e-05,0.00329409,2.95223e-05,-0.000277984,-0.000647444,-7.73553e-06,6.53916e-05,0.00105567,2.95497e-05,0.00297313,0.00158538,-2.02772e-05,2.47932e-05,0.000372732,-0.000521407,-0.000276577,0.00158469,0.0253991,0.00115843,0.000780102,-0.000170328,-0.0010471,-0.000644786,-2.16388e-05,0.00115627,0.0261858,0.000229233,-1.17743e-05,-1.92402e-05,-7.91684e-06,2.50106e-05,0.000786643,0.000241313,0.0466326,
0.00205869,1.66866e-05,-0.00195196,6.55346e-05,0.000374399,-0.00016753,-1.09514e-05,1.67019e-05,0.0011536,4.81211e-05,0.00105564,-0.000521868,-0.00104789,-1.94053e-05,-0.00195174,4.80724e-05,0.00329409,2.95219e-05,-0.00027799,-0.000647458,-7.73401e-06,6.53911e-05,0.00105567,2.95493e-05,0.00297313,0.00158539,-2.02715e-05,2.47882e-05,0.000372734,-0.000521409,-0.000276583,0.00158469,0.025399,0.00115847,0.000780224,-0.000170333,-0.0010471,-0.0006448,-2.16332e-05,0.00115631,0.0261858,0.00022913,-1.17764e-05,-1.9238e-05,-7.91531e-06,2.50056e-05,0.000786765,0.000241209,0.0466326,
0.0020587,1.66764e-05,-0.00195204,6.55856e-05,0.000374899,-0.000166724,-1.06269e-05,1.6698e-05,0.0011536,4.81378e-05,0.00105563,-0.000521966,-0.00104806,-1.94668e-05,-0.00195173,4.80693e-05,0.00329406,2.9539e-05,-0.000277826,-0.000647195,-7.62194e-06,6.53838e-05,0.00105567,2.95775e-05,0.00297311,0.00158522,-2.0542e-05,2.46727e-05,0.000372556,-0.00052132,-0.000275848,0.00158424,0.0253946,0.00115135,0.000777455,-0.000170667,-0.00104694,-0.000643457,-2.24572e-05,0.00114831,0.0261727,0.000223768,-1.17873e-05,-1.92316e-05,-7.87694e-06,2.49784e-05,0.000786655,0.000240759,0.0466325,
0.00205869,1.66764e-05,-0.00195204,6.55852e-05,0.000374901,-0.000166728,-1.06282e-05,1.6698e-05,0.0011536,4.81382e-05,0.00105563,-0.000521966,-0.00104806,-1.94653e-05,-0.00195173,4.80697e-05,0.00329406,2.95386e-05,-0.000277831,-0.000647207,-7.62099e-06,6.53834e-05,0.00105567,2.95772e-05,0.00297311,0.00158523,-2.0537e-05,2.4669e-05,0.000372558,-0.00052132,-0.000275853,0.00158425,0.0253945,0.00115137,0.000777535,-0.000170671,-0.00104694,-0.000643469,-2.24523e-05,0.00114834,0.0261726,0.000223697,-1.17886e-05,-1.923e-05,-7.87599e-06,2.49747e-05,0.000786735,0.000240688,0.0466325,
0.00205868,1.66764e-05,-0.00195204,6.55848e-05,0.000374903,-0.000166731,-1.06291e-05,1.6698e-05,0.0011536,4.81386e-05,0.00105563,-0.000521967,-0.00104806,-1.94641e-05,-0.00195172,4.807e-05,0.00329406,2.95383e-05,-0.000277836,-0.000647218,-7.62035e-06,6.53831e-05,0.00105567,2.95768e-05,0.00297311,0.00158523,-2.05323e-05,2.46661e-05,0.000372561,-0.00052132,-0.000275857,0.00158425,0.0253945,0.00115139,0.000777591,-0.000170675,-0.00104695,-0.00064348,-2.24477e-05,0.00114836,0.0261726,0.000223645,-1.17896e-05,-1.92288e-05,-7.87536e-06,2.49718e-05,0.000786791,0.000240636,0.0466326,
0.00205868,1.66763e-05,-0.00195204,6.55845e-05,0.000374906,-0.000166733,-1.06297e-05,1.66979e-05,0.0011536,4.81389e-05,0.00105563,-0.000521966,-0.00104807,-1.94632e-05,-0.00195172,4.80704e-05,0.00329406,2.95379e-05,-0.00027784,-0.000647228,-7.61996e-06,6.53827e-05,0.00105567,2.95765e-05,0.00297311,0.00158523,-2.0528e-05,2.46638e-05,0.000372563,-0.00052132,-0.000275861,0.00158425,0.0253944,0.00115141,0.000777628,-0.000170677,-0.00104695,-0.000643489,-2.24435e-05,0.00114837,0.0261726,0.000223607,-1.17903e-05,-1.92279e-05,-7.87498e-06,2.49696e-05,0.000786828,0.000240599,0.0466326,
0.00205867,1.66763e-05,-0.00195203,6.55842e-05,0.000374909,-0.000166735,-1.06301e-05,1.66979e-05,0.0011536,4.81392e-05,0.00105563,-0.000521966,-0.00104807,-1.94625e-05,-0.00195172,4.80707e-05,0.00329406,2.95376e-05,-0.000277844,-0.000647237,-7.61977e-06,6.53824e-05,0.00105567,2.95761e-05,0.0029731,0.00158524,-2.05239e-05,2.46621e-05,0.000372566,-0.00052132,-0.000275865,0.00158425,0.0253944,0.00115141,0.00077765,-0.000170679,-0.00104695,-0.000643498,-2.24395e-05,0.00114838,0.0261726,0.000223582,-1.17907e-05,-1.92272e-05,-7.8748e-06,2.49679e-05,0.000786851,0.000240575,0.0466326,
0.00205866,1.66761e-05,-0.00195203,6.5584e-05,0.000374911,-0.000166736,-1.06302e-05,1.66977e-05,0.0011536,4.81395e-05,0.00105562,-0.000521966,-0.00104807,-1.9462e-05,-0.00195172,4.80709e-05,0.00329406,2.95373e-05,-0.000277848,-0.000647245,-7.61975e-06,6.53822e-05,0.00105567,2.95758e-05,0.0029731,0.00158524,-2.052e-05,2.46608e-05,0.000372568,-0.000521319,-0.000275868,0.00158425,0.0253944,0.00115142,0.00077766,-0.000170681,-0.00104695,-0.000643506,-2.24358e-05,0.00114839,0.0261727,0.000223566,-1.17908e-05,-1.92266e-05,-7.87478e-06,2.49666e-05,0.000786861,0.00024056,0.0466326,
0.00205865,1.6676e-05,-0.00195203,6.55837e-05,0.000374914,-0.000166737,-1.06302e-05,1.66976e-05,0.0011536,4.81398e-05,0.00105562,-0.000521965,-0.00104807,-1.94616e-05,-0.00195171,4.80712e-05,0.00329406,2.9537e-05,-0.000277851,-0.000647253,-7.61986e-06,6.53819e-05,0.00105567,2.95755e-05,0.0029731,0.00158524,-2.05163e-05,2.46598e-05,0.000372571,-0.000521319,-0.000275871,0.00158426,0.0253943,0.00115143,0.00077766,-0.000170682,-0.00104695,-0.000643513,-2.24321e-05,0.00114839,0.0261727,0.000223559,-1.17909e-05,-1.92263e-05,-7.8749e-06,2.49656e-05,0.000786862,0.000240553,0.0466326,
0.00205865,1.66759e-05,-0.00195203,6.55835e-05,0.000374917,-0.000166738,-1.063e-05,1.66975e-05,0.0011536,4.814e-05,0.00105562,-0.000521964,-0.00104807,-1.94613e-05,-0.00195171,4.80715e-05,0.00329407,2.95367e-05,-0.000277854,-0.00064726,-7.62007e-06,6.53817e-05,0.00105567,2.95752e-05,0.0029731,0.00158524,-2.05127e-05,2.46591e-05,0.000372574,-0.000521318,-0.000275874,0.00158426,0.0253943,0.00115143,0.000777653,-0.000170683,-0.00104696,-0.00064352,-2.24286e-05,0.00114839,0.0261727,0.000223557,-1.17907e-05,-1.9226e-05,-7.87511e-06,2.49649e-05,0.000786855,0.000240552,0.0466326,
0.00205864,1.66757e-05,-0.00195202,6.55833e-05,0.00037492,-0.000166739,-1.06298e-05,1.66973e-05,0.0011536,4.81403e-05,0.00105562,-0.000521963,-0.00104807,-1.94612e-05,-0.00195171,4.80717e-05,0.00329407,2.95364e-05,-0.000277856,-0.000647267,-7.62037e-06,6.53815e-05,0.00105567,2.95749e-05,0.0029731,0.00158524,-2.05092e-05,2.46587e-05,0.000372577,-0.000521317,-0.000275877,0.00158426,0.0253943,0.00115143,0.000777641,-0.000170684,-0.00104696,-0.000643527,-2.24252e-05,0.00114839,0.0261727,0.000223561,-1.17905e-05,-1.92258e-05,-7.87541e-06,2.49645e-05,0.000786843,0.000240556,0.0466326,
0.00205863,1.66755e-05,-0.00195202,6.55831e-05,0.000374923,-0.000166739,-1.06294e-05,1.66971e-05,0.0011536,4.81405e-05,0.00105562,-0.000521962,-0.00104807,-1.94611e-05,-0.00195171,4.8072e-05,0.00329407,2.95361e-05,-0.000277859,-0.000647273,-7.62072e-06,6.53813e-05,0.00105567,2.95746e-05,0.00297309,0.00158524,-2.05057e-05,2.46584e-05,0.00037258,-0.000521316,-0.00027588,0.00158426,0.0253943,0.00115143,0.000777623,-0.000170684,-0.00104696,-0.000643533,-2.24217e-05,0.00114839,0.0261727,0.000223569,-1.17902e-05,-1.92257e-05,-7.87576e-06,2.49642e-05,0.000786826,0.000240564,0.0466326,
0.00205862,1.66754e-05,-0.00195202,6.5583e-05,0.000374927,-0.000166739,-1.06291e-05,1.6697e-05,0.0011536,4.81407e-05,0.00105562,-0.000521962,-0.00104807,-1.94611e-05,-0.00195171,4.80722e-05,0.00329407,2.95358e-05,-0.000277862,-0.000647279,-7.62113e-06,6.53811e-05,0.00105567,2.95743e-05,0.00297309,0.00158524,-2.05024e-05,2.46582e-05,0.000372583,-0.000521315,-0.000275882,0.00158426,0.0253943,0.00115143,0.000777603,-0.000170684,-0.00104696,-0.000643539,-2.24184e-05,0.00114839,0.0261727,0.000223579,-1.17898e-05,-1.92257e-05,-7.87615e-06,2.4964e-05,0.000786805,0.000240575,0.0466326,
0.00205862,1.66752e-05,-0.00195202,6.55828e-05,0.00037493,-0.000166739,-1.06287e-05,1.66968e-05,0.0011536,4.8141e-05,0.00105562,-0.000521961,-0.00104807,-1.94611e-05,-0.0019517,4.80724e-05,0.00329407,2.95355e-05,-0.000277864,-0.000647285,-7.62156e-06,6.53809e-05,0.00105567,2.95741e-05,0.00297309,0.00158524,-2.0499e-05,2.46581e-05,0.000372586,-0.000521314,-0.000275884,0.00158426,0.0253943,0.00115143,0.000777581,-0.000170684,-0.00104696,-0.000643545,-2.2415e-05,0.00114839,0.0261727,0.000223592,-1.17894e-05,-1.92257e-05,-7.87658e-06,2.49639e-05,0.000786783,0.000240587,0.0466326,
0.00205861,1.6675e-05,-0.00195202,6.55826e-05,0.000374933,-0.000166739,-1.06282e-05,1.66966e-05,0.0011536,4.81412e-05,0.00105562,-0.00052196,-0.00104807,-1.94611e-05,-0.0019517,4.80726e-05,0.00329407,2.95353e-05,-0.000277866,-0.000647291,-7.62202e-06,6.53808e-05,0.00105567,2.95738e-05,0.00297309,0.00158524,-2.04957e-05,2.46581e-05,0.000372589,-0.000521313,-0.000275887,0.00158426,0.0253943,0.00115142,0.000777557,-0.000170684,-0.00104696,-0.000643551,-2.24117e-05,0.00114839,0.0261728,0.000223606,-1.1789e-05,-1.92257e-05,-7.87703e-06,2.49639e-05,0.000786759,0.000240601,0.0466326,
0.0020586,1.66748e-05,-0.00195201,6.55825e-05,0.000374936,-0.000166739,-1.06278e-05,1.66964e-05,0.0011536,4.81414e-05,0.00105562,-0.000521959,-0.00104808,-1.94611e-05,-0.0019517,4.80729e-05,0.00329407,2.9535e-05,-0.000277868,-0.000647296,-7.62249e-06,6.53806e-05,0.00105567,2.95735e-05,0.00297309,0.00158524,-2.04923e-05,2.46581e-05,0.000372593,-0.000521312,-0.000275889,0.00158426,0.0253943,0.00115142,0.000777532,-0.000170684,-0.00104696,-0.000643556,-2.24083e-05,0.00114839,0.0261728,0.000223621,-1.17885e-05,-1.92258e-05,-7.87749e-06,2.49639e-05,0.000786734,0.000240615,0.0466326,
0.00205859,1.66746e-05,-0.00195201,6.55823e-05,0.000374939,-0.000166739,-1.06273e-05,1.66962e-05,0.0011536,4.81416e-05,0.00105562,-0.000521958,-0.00104808,-1.94612e-05,-0.0019517,4.80731e-05,0.00329407,2.95347e-05,-0.000277871,-0.000647302,-7.62296e-06,6.53805e-05,0.00105567,2.95733e-05,0.00297309,0.00158524,-2.0489e-05,2.46582e-05,0.000372596,-0.000521311,-0.000275891,0.00158426,0.0253943,0.00115142,0.000777506,-0.000170684,-0.00104696,-0.000643562,-2.2405e-05,0.00114838,0.0261728,0.000223636,-1.1788e-05,-1.92258e-05,-7.87795e-06,2.49639e-05,0.000786708,0.00024063,0.0466326,
