Optimisation time (ms),derivs time (ms),BP time (ms),FP time (ms),% derivs,surprise,expected,new cost
11.599,8.226,1.12,1.004,98.5556,0.976633,53.7926,2.2264
10.162,6.937,1.112,1.061,98.2222,0.747442,6.56498,0.460803
11.066,7.708,1.164,1.053,98.8889,0.831293,2.77746,0.299319
10.546,7.158,1.149,1.12,98.8889,1.1984,1.15514,0.146213
13.141,7.482,1.187,3.287,99,1.98991,0.852127,0.908409
10.625,7.222,1.201,1.065,98.6667,1.36493,1.39032,0.219523
10.564,7.067,1.164,1.185,98.7778,1.2345,1.97338,0.545869
10.511,7.024,1.172,1.157,99,1.03847,23.6325,0.212123
10.967,7.48,1.218,1.093,99,0.944741,59.5796,3.15218
10.841,7.286,1.22,1.172,99,1.48549,1.82374,0.630743
10.498,6.948,1.232,1.144,98.8889,1.10726,0.385252,0.328012
10.882,7.292,1.255,1.139,98.8889,1.33545,1.21816,0.0998023
11.762,7.133,1.193,2.26,99,0.699518,0.120643,0.152636
10.588,7.012,1.225,1.183,97.7778,0.158602,1.15124,1.11287
12.913,7.392,1.212,3.126,99,2.13607,0.290742,0.54197
10.857,7.387,1.218,1.09,98.8889,1.74855,2.44937,0.364616
10.435,7.05,1.211,1.067,98.8889,0.890135,1.22577,0.527138
10.379,6.96,1.23,1.038,99,0.71951,1.48102,1.02685
9.647,6.33,1.218,1.05,99,1.07459,5.31131,0.568189
10.189,6.784,1.219,1.077,98.7778,1.2,0.768578,0.199969
10.316,6.975,1.21,1.043,99,1.31666,1.11719,0.215518
9.557,6.205,1.24,1.064,99,1.03879,11.4035,0.402881
10.311,6.913,1.209,1.067,99,1.63718,3.23978,0.204664
10.384,6.947,1.261,1.074,98.8889,1.10392,4.12114,0.189806
10.157,6.623,1.246,1.133,97.2222,1.10075,4.8939,0.115315
10.578,7.06,1.224,1.117,98.8889,1.09529,1.30397,0.0878896
10.491,7.037,1.264,1.049,99,0.973088,15.9262,1.08192
10.741,7.188,1.281,1.112,99,0.748845,20.0658,3.93654
10.456,6.964,1.226,1.102,99,1.17634,4.64916,1.2336
10.243,6.766,1.244,1.084,99,0.882463,65.9796,8.92965
10.5,7.086,1.22,1.089,99,1.14767,47.7819,0.421576
10.116,6.663,1.224,1.099,98.8889,1.4151,0.261676,0.124266
10.468,7.031,1.213,1.073,98.8889,0.904693,0.294468,0.163395
9.805,6.405,1.244,1.052,99,1.34927,1.13135,0.110142
10.454,7.021,1.221,1.087,98.8889,0.7942,0.968462,0.152738
10.357,7.044,1.201,1.018,99,0.756277,0.284432,0.283153
9.71,6.4,1.217,1.044,98.8889,0.45621,0.379303,0.324055
10.06,6.576,1.264,1.128,98.8889,1.16974,4.0613,0.204705
10.161,6.708,1.211,1.15,98.8889,1.01541,6.31876,0.321921
10.242,6.834,1.214,1.069,98.8889,0.640382,0.771097,0.486558
10.089,6.683,1.22,1.078,98.8889,0.607022,24.4851,9.09686
9.653,6.29,1.21,1.071,98.8889,1.31225,8.83979,1.57763
10.295,6.903,1.228,1.05,99,0.386437,1.00447,1.29924
9.684,6.342,1.233,1.051,98.7778,1.04968,2.39334,0.272646
10.247,6.781,1.213,1.122,99,1.04291,15.1806,0.426328
10.568,7.107,1.22,1.075,98.8889,0.894098,1.80386,0.261546
10.578,7.013,1.261,1.173,98.7778,1.04598,3.73036,0.246576
10.42,6.907,1.282,1.096,99,0.971455,12.4583,0.126295
9.767,6.246,1.237,1.065,98.8889,1.15751,0.51118,0.213219
10.583,7.057,1.296,1.107,99,0.93051,2.79429,0.360163
10.107,6.638,1.274,1.057,99,0.926576,57.7021,3.48593
10.169,6.783,1.22,1.061,99,1.17071,13.588,0.588804
9.739,6.368,1.211,1.011,98.8889,1.17485,1.78651,0.212329
10.214,6.745,1.233,1.131,99,0.711885,26.6601,5.77496
10.266,6.796,1.223,1.107,99,1.61316,2.75733,0.143304
9.691,6.265,1.222,1.115,99,1.1729,2.94524,0.375734
9.859,6.555,1.198,1.01,99,1.01688,26.9511,0.778342
9.754,6.414,1.234,1.051,99,1.05859,8.5591,2.09676
10.635,6.312,1.209,2.06,98.8889,0.445624,1.18174,1.8203
9.603,6.305,1.191,1.035,99,1.3599,0.951016,0.118363
12.102,6.636,1.207,2.969,99,1.22278,0.120762,0.280108
10.717,6.442,1.174,2.031,99,0.171803,0.67479,1.009
9.775,6.463,1.201,1.042,99,1.0448,7.49781,0.825978
9.492,6.233,1.184,1.018,99,1.02493,11.0685,0.450523
9.672,6.319,1.171,1.08,98.8889,0.90179,10.4731,1.01612
9.613,6.317,1.167,1.059,98.8889,0.786834,2.27136,1.07476
11.105,6.641,1.218,2.125,99,0.491609,6.39964,7.87467
10.202,6.817,1.213,1.037,99,1.22924,8.02984,8.40685
10.095,6.788,1.193,1.005,98.4444,0.893265,4.35113,1.37714
10.345,6.924,1.225,1.077,98.8889,1.14914,1.73969,0.552154
13.278,6.764,1.222,4.085,99,3.74316,0.574522,1.45962
16.306,11.472,1.219,2.094,98.7778,0.432716,1.02683,1.0037
10.405,6.708,1.249,1.1,99,0.882852,1.07635,0.628494
9.989,6.632,1.203,1.048,99,0.688014,3.9056,2.52407
10.14,6.716,1.202,1.113,98.8889,0.991115,8.8988,1.36573
9.743,6.34,1.203,1.045,99,0.759185,3.5105,1.57879
9.898,6.504,1.206,1.101,99,0.930373,6.57306,3.29594
10.045,6.628,1.213,1.057,99,1.07121,4.56968,0.522724
10.212,6.703,1.262,1.122,98.8889,0.817223,2.07973,0.924088
9.998,6.575,1.209,1.069,99,1.01388,44.8236,1.49411
10.134,6.722,1.224,1.079,98.8889,0.976822,47.3696,3.36571
10.443,6.974,1.23,1.119,99,1.07716,12.8956,0.518571
10.288,6.756,1.248,1.139,99,1.10617,10.0941,0.99131
10.245,6.837,1.248,1.04,99,1.12711,2.77893,0.964221
12.251,6.639,1.23,3.223,99,1.37328,0.210233,0.514635
11.115,6.649,1.236,2.146,99,0.585426,0.276033,0.478651
10.236,6.853,1.215,1.051,98.8889,1.18364,1.86486,0.181171
11.148,6.748,1.21,2.105,99,0.890114,0.144515,0.150443
10.229,6.831,1.219,1.078,99,1.09218,2.92785,0.58721
10.23,6.8,1.224,1.102,99,1.10735,0.742189,0.357979
10.246,6.756,1.219,1.181,99,1.04167,2.70534,0.778768
10.933,7.446,1.226,1.077,98.8889,1.57669,2.59145,0.740125
13.677,6.96,1.209,4.349,99,0.555047,0.0940468,0.627295
9.988,6.578,1.196,1.015,98.8889,1.0929,0.919335,0.13807
9.53,6.335,1.177,0.96,99,1.05184,4.35479,0.115734
9.889,6.597,1.183,1.024,99,0.885772,32.4275,1.3999
9.924,6.522,1.183,1.121,99,0.988352,14.3002,0.510275
9.807,6.426,1.214,1.053,98.8889,0.951024,2.06121,0.604477
9.851,6.555,1.188,1.043,98.8889,1.31333,1.83893,0.156866
9.782,6.43,1.178,1.057,98.6667,1.10506,3.84303,0.157377
9.793,6.475,1.195,1.044,98.6667,0.978251,1.70334,0.126297
10.063,6.667,1.236,1.079,99,1.01981,9.8988,0.0825089
10.347,6.946,1.243,1.088,99,1.13234,3.97952,0.134532
9.999,6.583,1.252,1.103,99,1.64435,0.235767,0.067733
10.382,7.017,1.211,1.074,98.8889,0.806121,0.0566417,0.0363235
10.398,6.886,1.273,1.088,98.7778,1.00933,1.84615,0.0656874
11.045,7.364,1.31,1.247,99,0.773716,0.0505919,0.0380228
10.635,7.254,1.179,1.03,99,0.980937,1.8614,0.0204595
10.281,6.657,1.253,1.219,98,1.04317,1.57817,0.277021
11.89,7.879,1.463,1.27,99,0.74644,0.273063,0.209828
11.092,7.446,1.176,1.118,98.8889,1.3318,0.456117,0.0834592
10.112,6.702,1.184,1.117,99,1.02081,0.499768,0.0400437
10.687,7.232,1.199,1.098,98.8889,1.38613,1.21939,0.0719845
10.52,7.086,1.176,1.108,99,0.881355,11.3195,1.59703
9.895,6.568,1.174,1.043,98.8889,1.29861,2.54624,0.230016
9.77,6.451,1.17,1.077,99,0.867871,30.2502,1.12479
10.225,6.913,1.175,1.053,98.8889,0.912601,5.9981,0.226372
10.248,6.851,1.201,1.069,99,0.817247,19.8259,0.718856
10.312,6.989,1.17,1.059,98.6667,1.03384,12.1033,0.721531
9.746,6.452,1.17,1.024,98.8889,1.40211,0.939352,0.371197
9.839,6.512,1.213,1.04,98.7778,0.967028,0.519737,0.118533
9.81,6.465,1.23,1.067,98.8889,0.893542,1.07936,0.0882382
10.194,6.818,1.27,1.037,98.8889,0.871796,2.17179,0.0288814
10.42,6.907,1.215,1.196,99,0.828182,7.75456,0.0852326
10.035,6.453,1.417,1.082,99,0.793918,10.3453,0.964461
10.469,6.903,1.312,1.137,99,0.977973,13.0999,0.097147
11.816,7.582,1.366,1.551,98.6667,0.831299,8.73861,1.8361
12.872,8.373,1.528,1.579,99,0.689144,9.56274,4.03785
11.103,7.443,1.18,1.038,99,1.71314,3.1745,0.614686
9.971,6.706,1.157,1.017,99,1.22628,1.85571,0.0564106
9.794,6.491,1.203,1.021,98.8889,1.18367,1.79781,0.0557292
9.962,6.591,1.195,1.089,98.5556,1.10307,3.05847,0.30447
10.324,6.96,1.196,1.058,99,0.999367,0.277461,0.117647
10.128,6.777,1.181,1.03,98.8889,1.12792,16.7894,2.29026
9.587,6.292,1.186,1.025,99,0.881681,12.1668,0.526589
9.962,6.639,1.192,1.036,99,0.889284,23.6394,0.960395
9.797,6.464,1.184,1.049,99,0.917668,11.2596,1.9916
10.072,6.718,1.179,1.08,99,0.885538,25.2293,3.30201
9.945,6.561,1.194,1.07,99,0.32611,4.2383,4.41126
9.93,6.616,1.171,1.056,98.7778,0.919453,6.90799,3.88432
9.778,6.442,1.185,1.052,99,0.782484,7.07236,1.11223
9.919,6.556,1.214,1.064,98.8889,1.17585,5.46947,0.391117
9.8,6.38,1.235,1.102,99,1.05544,6.3274,0.322402
10.11,6.663,1.241,1.142,99,1.69354,0.350051,0.0587405
10.367,6.902,1.231,1.086,98.8889,1.33122,0.851084,0.072458
11.544,7.015,1.261,2.127,99,0.636165,1.09752,0.940534
9.665,6.255,1.217,1.118,99,0.894996,12.1791,1.2084
10.03,6.554,1.225,1.119,98.7778,0.878725,20.0119,0.27583
9.91,6.547,1.207,1.044,98.8889,1.21187,4.22309,0.143959
9.844,6.42,1.226,1.095,99,0.835987,2.92999,0.973066
10.629,7.157,1.266,1.07,98.7778,0.905379,31.3703,1.52536
10.19,6.71,1.237,1.127,99,1.31662,0.988642,0.227259
11.202,7.465,1.31,1.31,98.8889,0.854888,17.5696,0.581676
10.104,6.703,1.176,1.05,98.8889,0.985448,5.17603,0.0721522
10.083,6.737,1.18,1.06,99,0.91979,15.663,0.745869
10.323,6.82,1.18,1.157,99,0.910051,24.711,0.736823
9.661,6.31,1.191,1.032,98.8889,1.15956,15.7097,0.163039
9.813,6.568,1.174,0.996,98.8889,0.786155,0.128412,0.0749678
9.668,6.399,1.186,1.041,99,0.975149,7.49348,0.378387
9.805,6.502,1.197,1.007,98.8889,0.964663,13.4223,0.199275
10.4,6.966,1.193,1.059,98.5556,0.831912,48.3837,4.41969
9.966,6.591,1.262,1.039,99,0.979087,21.5976,0.525534
10.274,6.807,1.227,1.144,98.8889,0.860017,7.47166,0.507702
10.333,6.605,1.52,1.064,98.8889,0.411166,1.4278,0.896035
10.17,6.658,1.268,1.112,98.8889,0.801865,4.38317,1.13549
11.959,7.453,1.235,2.094,98.7778,1.49583,0.316601,0.247109
14.079,6.75,1.234,5.06,98.8889,0,0.0355426,0.87622
9.788,6.454,1.217,1.026,98.7778,0.564076,0.939575,0.444464
9.968,6.643,1.214,1.022,99,0.817896,1.60213,0.282614
9.736,6.332,1.27,1.09,98.8889,0.81237,0.658641,0.242408
15.652,7.781,1.506,5.213,99,1.35505,0.0485765,0.283951
10.178,6.71,1.148,0.947,98.8889,1.28548,6.59206,0.350284
9.199,6.03,1.144,0.987,99,0.894572,21.3888,5.22795
13.372,6.517,1.161,4.725,99,0,0.0734678,1.68503
9.067,5.966,1.146,0.961,99,0.668081,1.75209,0.573223
9.294,6.159,1.149,0.97,98.8889,0.915535,4.91295,0.6568
9.132,5.991,1.151,0.981,98.5556,0.45325,2.2805,1.39546
9.32,6.23,1.145,0.946,99,0.926584,1.42731,0.138731
9.296,6.116,1.171,1.005,99,1.50403,5.06843,0.0751059
11.678,6.421,1.21,2.987,99,2.22949,0.502484,0.471007
9.599,6.349,1.183,1.006,99,1.04843,2.58722,0.108258
9.548,6.309,1.175,1.011,98.8889,0.992672,5.50765,0.140426
9.657,6.37,1.179,1.037,98.7778,1.01818,1.08572,0.234272
9.421,6.137,1.203,1.031,99,1.11562,5.36715,0.542796
9.774,6.493,1.179,1.031,99,0.656762,1.56456,1.81784
10.147,6.726,1.239,1.078,98.7778,0.712943,10.9375,2.42984
12.156,6.65,1.222,3.207,98.8889,2.35551,1.10014,1.77265
13.438,6.912,1.181,4.241,99,1.13703,0.481465,2.36284
12.426,6.915,1.215,3.149,99,0.589372,3.09972,9.62625
9.971,6.596,1.217,1.051,98.8889,0.495704,24.9356,15.076
10.177,6.839,1.191,1.036,98.8889,0.825484,21.6735,9.3953
10.021,6.654,1.182,1.06,99,1.1844,10.7797,3.95024
10.116,6.817,1.172,1.022,99,1.0933,14.7422,0.48627
9.422,6.185,1.188,0.99,98.8889,0.599047,2.24601,1.37874
9.88,6.601,1.184,1.023,99,1.34416,4.88389,0.333913
9.672,6.335,1.22,1.054,98.8889,0.823758,0.315064,0.092996
9.705,6.319,1.22,1.094,99,1.18631,0.783106,0.0833926
10.099,6.707,1.204,1.084,98.6667,0.371369,2.27638,1.6211
10.359,6.939,1.219,1.081,99,0.951258,6.00743,0.35392
10.996,6.522,1.297,2.093,98.8889,0.80041,2.09956,1.39622
10.271,6.85,1.217,1.103,98.8889,0.830021,7.5807,0.361664
10.358,6.92,1.228,1.089,99,1.04833,0.521947,0.434388
10.18,6.698,1.244,1.098,98.4444,0.869833,0.822682,0.199489
10.325,6.86,1.251,1.079,98.8889,1.03416,5.61008,0.42635
10.338,6.704,1.31,1.132,98.8889,0.685091,0.842938,0.351667
10.912,7.236,1.24,1.182,98.7778,0.642163,0.501207,0.208277
10.711,7.217,1.19,1.085,98.7778,0.543124,1.63745,0.918986
10.434,6.832,1.312,1.179,99,0.741988,1.03854,0.39373
10.08,6.678,1.172,1.115,99,0.979888,1.82573,0.133616
10.618,7.152,1.197,1.117,99,1.0779,3.47625,0.240119
14.15,7.426,1.216,4.347,98.8889,0.916551,0.0341428,0.136755
11.175,7.115,1.178,1.672,98.8889,1.47589,0.812405,0.127157
11.542,7.514,1.199,1.136,98.6667,1.11493,1.08471,0.155609
10.78,7.324,1.185,1.09,99,1.38951,1.13328,0.107663
10.283,6.829,1.177,1.128,98.8889,0.37697,0.0698855,0.0745651
10.704,7.238,1.177,1.125,98.6667,0.930326,1.4873,0.330174
10.853,7.325,1.213,1.139,99,1.24882,1.57967,0.210933
10.671,7.162,1.219,1.14,98.8889,1.22455,2.55401,0.154475
10.389,6.896,1.221,1.13,98.8889,1.08914,1.09616,0.245558
10.787,7.203,1.25,1.151,99,1.38002,0.259149,0.071842
11.381,7.799,1.231,1.163,99,0.977122,14.3355,0.782871
11.158,7.54,1.22,1.139,99,0.752079,1.26357,0.397244
15.442,8.245,1.263,4.701,99,2.69572,0.147484,0.565013
13.878,7.929,1.254,3.473,98.8889,1.90023,0.212662,0.372504
11.366,7.721,1.261,1.185,99,0.967335,5.5708,0.710088
11.374,7.672,1.247,1.219,98.7778,0.844312,0.692448,0.343805
11.422,7.713,1.231,1.267,99,0.485488,1.45686,0.925616
11.442,7.656,1.224,1.238,98.8889,0.474917,2.41555,3.01271
11.644,8.022,1.216,1.085,98.8889,0.245202,7.05876,13.809
10.617,7.046,1.225,1.155,99,0.754939,18.6411,7.49248
11.185,7.545,1.221,1.181,99,0.267282,11.3304,18.0195
10.915,7.29,1.211,1.215,99,1.13711,14.4396,3.26072
13.362,7.561,1.214,3.304,98.7778,1.1404,1.3538,2.15251
11.003,7.435,1.174,1.169,98.3333,0.880873,2.60167,0.73128
10.652,7.082,1.221,1.133,99,0.838582,2.79748,0.964949
10.828,7.255,1.235,1.161,98.8889,0.98674,2.2984,1.02467
15.505,7.515,1.236,5.549,99,1.31381,0.0773055,1.04123
13.148,7.387,1.186,3.388,99,1.00178,0.761266,1.28077
11.057,7.445,1.199,1.183,99,0.695447,1.81116,0.885958
11.268,7.716,1.193,1.127,98.6667,1.10536,7.86382,0.743652
12.945,7.139,1.244,3.393,99,0.707053,0.325734,0.922646
10.932,7.407,1.224,1.118,99,0.722917,10.9661,3.33002
10.907,7.337,1.254,1.161,99,0.968833,15.0851,2.99099
10.305,6.804,1.268,1.122,98.7778,0.899574,21.2918,2.78043
10.512,7.001,1.224,1.15,98.7778,0.790279,3.74038,1.83749
10.445,6.931,1.215,1.154,99,1.00484,3.62685,1.75054
10.955,7.391,1.235,1.095,98.8889,0.426375,1.54098,1.27495
10.396,6.873,1.215,1.178,99,0.424457,0.987149,0.791617
10.674,7.11,1.228,1.149,98.8889,0.283706,0.564066,0.627329
11.692,7.089,1.243,2.171,98.6667,0.15097,0.336685,0.573492
14.644,6.959,1.239,5.392,98.7778,0,0.0241416,0.540104
10.278,6.862,1.192,1.103,98.6667,0.171045,0.125548,0.485394
10.028,6.698,1.173,1.051,99,0.722155,3.44451,0.718163
9.871,6.505,1.17,1.088,99,0.931555,6.51503,0.61586
14.404,6.867,1.172,5.296,98.7778,0,0.0250018,0.570376
10.614,7.123,1.276,1.104,98.7778,0.527992,0.245065,0.416753
13.43,7.054,1.179,4.081,99,0.0264685,0.0404071,0.385618
11.238,6.802,1.176,2.134,98.8889,1.73462,0.23543,0.321769
14.55,7.033,1.188,5.238,98.7778,0,0.00920181,0.27483
10.379,7.009,1.177,1.093,98.7778,0.357266,0.105856,0.194198
10.312,6.966,1.183,1.036,99,0.549617,0.201214,0.180801
10.983,6.546,1.195,2.132,98.1111,0.382409,0.0598054,0.169267
10.512,7.214,1.165,1.02,99,0.451044,30.2958,16.3264
9.77,6.451,1.171,1.095,98.8889,0.9126,16.3376,0.942352
9.988,6.671,1.171,1.015,98.7778,1.17426,3.73984,0.398133
10.132,6.772,1.215,1.048,99,1.2199,10.1638,0.791483
9.186,5.901,1.176,1.047,99,0.711741,2.92742,2.00273
10.289,6.825,1.241,1.089,98.8889,1.19927,1.41998,0.643066
9.659,6.302,1.203,1.056,99,1.13048,1.18201,0.234659
9.985,6.604,1.21,1.071,98.8889,1.34014,6.26782,0.234474
9.516,6.147,1.232,1.063,98.5556,0.707711,1.15667,0.74275
12.03,6.616,1.215,3.113,98.8889,2.11948,0.184697,0.354106
10.337,6.951,1.174,1.092,99,1.93402,0.885453,0.214903
10.469,7.045,1.169,1.093,99,1.39538,0.202123,0.0940555
10.983,7.483,1.224,1.132,98.8889,1.18835,2.40553,0.260668
10.913,7.394,1.217,1.165,99,0.740475,2.10633,1.52908
11.016,7.46,1.21,1.166,99,0.55534,0.532653,0.717688
10.955,7.373,1.248,1.106,99,1.2904,5.64133,0.205649
10.683,7.146,1.224,1.151,99,0.880515,16.8847,2.98234
10.571,6.992,1.25,1.164,98.8889,1.16909,2.43663,0.220601
10.802,7.223,1.212,1.123,99,1.12331,7.81508,0.301854
10.446,6.753,1.232,1.129,99,1.09618,35.2438,1.73219
11.033,7.548,1.213,1.104,98.8889,0.978337,18.5944,0.701164
10.587,7.176,1.196,1.084,99,1.22627,4.15722,0.763242
10.372,6.805,1.215,1.201,99,0.620432,17.1975,9.06985
10.759,7.155,1.198,1.16,98.8889,1.43976,4.88893,4.32151
10.752,7.149,1.213,1.14,98.7778,0.0414192,2.9727,3.53414
10.861,7.221,1.271,1.158,99,1.11234,2.69222,0.519155
10.557,7.004,1.223,1.126,98.4444,0.263838,2.83673,2.93704
10.789,7.264,1.203,1.129,98.6667,1.66709,2.4961,0.804517
10.474,6.889,1.276,1.165,98.6667,1.40247,4.91822,0.177562
11.956,7.296,1.193,2.254,99,1.27355,1.13131,0.8013
11.163,7.51,1.25,1.187,99,1.08451,16.2828,0.739078
10.943,7.166,1.205,1.218,98.8889,1.46752,2.11997,0.598444
10.259,6.777,1.215,1.112,98.7778,1.35335,3.70321,0.178164
10.516,6.78,1.24,1.359,99,1.20904,1.28639,0.340412
10.629,7.103,1.223,1.157,98.8889,0.393205,3.80309,2.27938
10.62,7.068,1.213,1.155,98.8889,1.04977,2.94967,0.490011
11.045,7.464,1.219,1.153,99,0.210316,0.580626,0.728542
10.8,7.202,1.198,1.181,99,0.632387,0.534949,0.45851
10.488,6.845,1.269,1.165,99,1.19564,22.8462,2.37118
13.488,7.592,1.205,3.487,98.8889,0.848009,1.25417,2.57093
11.165,7.589,1.202,1.19,99,0.486034,7.60635,5.96789
11.349,7.766,1.21,1.161,99,1.00758,5.72608,2.39582
11.228,7.575,1.238,1.178,98.8889,0.91629,12.6526,3.70304
11.189,7.579,1.206,1.192,98.8889,1.10126,2.48286,1.6213
11.067,7.397,1.217,1.251,99,0.862511,1.3067,0.611218
11.856,7.768,1.28,1.308,99,0.988269,49.7861,2.62514
11.296,7.61,1.23,1.169,99,0.931238,22.9811,2.1791
11.237,7.59,1.226,1.204,99,0.903276,2.50532,1.12075
16.069,7.619,1.292,5.961,98.7778,0,0.0662745,1.28263
14.123,7.715,1.274,3.914,98.4444,1.25985,0.622378,0.705897
11.134,7.536,1.192,1.194,98.3333,0.690342,0.921127,0.225155
11.845,8.114,1.233,1.225,98.5556,0.69271,1.82908,2.42178
11.333,7.63,1.205,1.231,98.7778,1.22543,6.15403,1.00295
11.177,7.542,1.223,1.175,99,1.63175,2.46473,0.418383
11.442,7.684,1.228,1.255,99,1.72542,7.64181,0.980841
11.756,8.073,1.205,1.17,98.8889,1.23097,1.75386,1.00694
10.947,7.325,1.214,1.2,98.8889,0.242679,0.493025,0.57924
10.906,7.256,1.211,1.207,98.6667,0.947596,0.747865,0.306663
11.481,7.777,1.238,1.196,99,0.65209,0.352541,0.333801
11.103,7.475,1.227,1.183,98.8889,0.526334,0.258695,0.331068
12.429,7.595,1.251,2.309,99,0.268897,0.172559,0.340588
10.857,7.164,1.213,1.255,98.7778,0.857281,0.297185,0.209176
11.182,7.587,1.202,1.175,99,0.482101,0.428447,0.519029
14.239,7.396,1.213,4.452,98.7778,0.926624,0.116397,0.597343
10.378,6.87,1.165,1.185,99,1.31446,1.04515,0.288348
12.573,7.733,1.172,2.436,98.8889,1.13751,0.294304,0.300876
11.419,7.843,1.198,1.175,98.7778,1.02779,0.225792,0.178983
11.06,7.519,1.17,1.148,98.8889,0.261309,0.334258,0.543238
11.212,7.522,1.201,1.233,99,1.27576,0.525185,0.102918
11.086,7.358,1.219,1.236,98.8889,1.0341,0.178769,0.137364
11.112,7.35,1.259,1.263,98.8889,1.02279,6.96887,1.30938
11.724,8.023,1.235,1.189,98.8889,1.88251,1.19973,0.389435
11.105,7.416,1.23,1.279,98.8889,1.39692,2.48723,0.257207
11.781,8.055,1.218,1.222,98.8889,1.03336,0.112632,0.122348
15.748,7.739,1.211,5.605,99,0,0.00285875,0.0929605
11.432,7.754,1.219,1.207,99,0.0411212,0.0753819,0.105648
11.358,7.696,1.223,1.202,98.6667,0.856367,0.127302,0.0346346
10.969,7.335,1.243,1.184,98.2222,0.598374,0.0725885,0.0718086
11.35,7.694,1.228,1.203,99,0.921267,0.125419,0.0793277
10.32,6.781,1.224,1.156,98.5556,1.13592,0.51908,0.254863
10.529,6.938,1.263,1.153,99,0.902239,9.20832,0.130403
11.034,7.4,1.217,1.221,98.8889,1.05219,2.00156,0.24955
10.946,7.363,1.223,1.152,99,1.17655,3.26599,0.581584
11.373,7.157,1.402,1.621,99,1.03118,2.92021,1.35126
11.664,7.759,1.24,1.404,98.8889,1.25879,1.90577,0.166214
10.717,7.09,1.221,1.164,98.8889,1.51943,8.41301,0.213042
12.646,8.55,1.437,1.404,99,1.07453,6.99594,0.263336
11.195,7.55,1.24,1.101,99,1.26466,0.659718,0.0657762
10.976,7.323,1.322,1.209,99,0.926662,2.87207,0.346756
11.956,8.235,1.349,1.134,98.8889,1.10613,0.531377,0.12018
11.198,7.704,1.203,1.114,99,1.28494,1.64411,0.0505825
10.588,7.188,1.176,1.098,98.8889,0.915523,0.184833,0.0579967
10.494,7.001,1.176,1.156,98.8889,1.07082,0.446467,0.0373916
10.169,6.73,1.192,1.14,99,0.897237,5.93948,0.058958
10.493,7.074,1.169,1.07,98.5556,1.3113,1.01339,0.068821
9.968,6.664,1.173,1.062,99,0.828263,26.807,1.46899
9.682,6.293,1.21,1.097,98.8889,0.792901,34.9051,4.41194
10.366,6.935,1.185,1.115,98.8889,0.764171,17.0864,2.39542
10.142,6.72,1.186,1.103,98.5556,0.442498,8.44537,5.27191
10.398,6.965,1.195,1.115,98.8889,0.848597,39.0926,4.44166
10.206,6.88,1.163,1.076,99,0.965392,6.21823,3.35472
10.168,6.772,1.189,1.093,99,0.975933,4.56795,1.08842
10.777,7.318,1.218,1.098,98.7778,0.976766,7.5785,1.66154
10.508,6.841,1.397,1.139,99,1.18331,4.15446,0.30543
12.457,6.811,1.215,3.298,98.7778,1.47039,3.42383,4.33819
10.989,7.226,1.399,1.191,98.7778,1.22447,5.30856,1.76225
10.686,7.084,1.227,1.154,99,1.08618,0.982737,0.706928
9.983,6.56,1.224,1.105,98.7778,1.38193,2.92105,0.267948
10.437,6.78,1.239,1.233,98.7778,1.00083,9.22738,0.23624
10.501,7.048,1.203,1.11,99,0.738481,5.50371,1.42633
10.465,6.903,1.247,1.15,98.8889,0.864971,1.24142,0.71983
10.405,6.866,1.222,1.164,99,0.486029,22.342,11.0739
10.269,6.857,1.222,1.07,99,0.74405,27.8732,6.71105
10.029,6.594,1.2,1.11,98.8889,0.636519,17.8766,5.60018
10.409,6.954,1.216,1.109,99,0.462547,5.87272,4.40251
11.167,7.569,1.234,1.164,99,0.889558,4.32505,2.92568
11.014,7.448,1.22,1.129,98.7778,0.984342,2.82039,0.448215
10.414,6.873,1.248,1.129,98.8889,1.20103,7.30109,0.0988103
10.552,6.972,1.234,1.161,98.8889,0.725201,19.1722,4.39501
10.297,6.831,1.209,1.094,98.8889,0.926346,9.58919,3.06075
10.432,6.96,1.217,1.086,99,1.23711,8.52341,0.762922
11.069,7.537,1.23,1.108,98.8889,1.2923,3.7188,1.63764
10.519,7.034,1.222,1.11,99,1.04006,13.8931,0.692326
10.441,6.926,1.216,1.126,98.8889,0.914517,34.4103,2.29672
10.732,7.158,1.248,1.151,99,0.82407,33.1225,4.41442
10.977,7.411,1.219,1.165,98.8889,0.889649,12.5043,3.45554
10.868,7.323,1.228,1.148,98.7778,0.471196,7.87234,4.55485
10.786,7.173,1.222,1.199,98.7778,0.0183424,10.5895,10.3899
10.954,7.388,1.245,1.127,99,0.694329,11.2605,4.47595
11.198,7.597,1.249,1.188,99,1.41871,3.17484,0.188327
10.844,7.345,1.215,1.13,99,0.887673,0.14196,0.0620928
10.892,7.365,1.218,1.133,98.8889,1.11992,6.1968,0.148648
11.828,7.219,1.204,2.214,99,1.2553,3.26112,0.885359
10.408,6.877,1.213,1.165,98.6667,1.00014,6.42546,0.270554
11.82,6.929,1.421,2.216,98.8889,0.930828,0.475497,0.264779
10.167,6.669,1.249,1.134,98.8889,1.14921,2.73502,0.581551
10.557,7.037,1.218,1.166,99,1.40667,3.92107,1.05116
10.626,7.13,1.188,1.159,99,1.0568,4.15326,0.728862
10.523,6.91,1.259,1.176,99,1.08298,10.9077,0.25668
10.825,7.204,1.221,1.219,99,1.01255,0.735804,0.0263533
11.004,7.351,1.223,1.23,98.8889,0.998177,2.83148,0.446621
11.082,7.464,1.211,1.199,98.7778,1.37306,1.92929,0.277953
10.394,6.803,1.234,1.171,99,1.13912,1.72036,0.329121
10.64,7.123,1.213,1.121,99,0.882458,41.0103,4.34259
10.871,7.335,1.218,1.149,99,0.958786,18.6134,2.77615
10.885,7.261,1.217,1.198,99,1.005,3.8617,1.7465
11.445,7.858,1.238,1.121,98.8889,0.973188,1.84009,0.921186
10.795,7.255,1.239,1.158,99,1.23101,4.55512,0.374055
10.631,7.145,1.202,1.128,99,1.17273,3.75268,0.179578
10.707,7.171,1.236,1.097,98.8889,1.26147,1.31192,0.250157
10.756,7.234,1.242,1.116,98.8889,0.962141,54.6183,0.567084
10.512,7.035,1.21,1.098,99,0.561973,1.36317,1.75043
10.51,6.99,1.224,1.131,98.4444,0.464185,4.91506,3.2915
10.682,7.165,1.225,1.109,98.8889,1.85509,1.75218,0.776377
10.304,6.866,1.202,1.096,99,0.0553178,0.649195,0.789068
10.188,6.707,1.212,1.112,98.6667,0.967893,3.91919,0.954652
10.614,7.11,1.217,1.132,99,1.15306,5.78166,1.47685
10.294,6.765,1.22,1.123,98.8889,0.790973,2.98236,1.3497
10.694,7.142,1.214,1.168,99,0.806258,8.2284,3.20225
12.629,7.039,1.217,3.216,98.8889,0.374067,0.982313,2.71695
10.478,6.989,1.225,1.147,98.8889,0.468484,3.99182,2.65486
10.785,7.223,1.208,1.162,98.8889,0.95233,2.05862,1.06442
10.765,7.163,1.223,1.173,99,0.963873,1.25186,0.451521
11.466,7.694,1.223,1.282,99,0.550083,0.532908,0.431132
11.163,7.534,1.246,1.18,98.8889,1.33984,1.66694,0.178712
15.867,7.552,1.211,5.93,99,0,0.0210006,0.443137
11.266,7.576,1.19,1.147,99,0.776641,0.467278,0.123938
13.503,7.668,1.245,3.377,98.8889,0.550582,0.179696,0.336413
10.797,7.253,1.202,1.106,98.7778,0.706927,1.41889,1.40481
10.625,7.148,1.186,1.107,99,0.513438,1.42152,1.35947
9.783,6.436,1.165,1.06,98.8889,1.08442,10.936,1.61235
10.12,6.74,1.197,1.067,99,0.818824,12.8191,4.07903
10.337,6.869,1.168,1.162,99,1.21883,2.18707,1.60074
10.806,7.342,1.172,1.141,99,0.962283,10.3464,2.05661
10.438,6.901,1.195,1.153,98.8889,1.21991,3.00089,0.348035
15.054,7.279,1.217,5.447,98.6667,0,0.028687,0.757836
14.882,7.359,1.177,5.24,98.6667,0,0.0616737,0.80161
10.606,7.134,1.171,1.146,97.3333,0.636841,0.867012,0.310583
10.401,6.969,1.173,1.099,99,0.0844421,0.412281,0.4027
10.236,6.836,1.185,1.086,98.8889,0.341455,0.389932,0.285639
11.371,6.978,1.199,2.066,98.3333,0.514324,0.178534,0.312047
10.018,6.65,1.177,1.087,98.6667,1.11555,0.7264,0.241382
10.473,6.984,1.223,1.145,99,0.971493,0.154923,0.0915319
11.669,7.397,1.215,1.077,99,1.08068,0.473719,0.128173
10.13,6.206,1.726,1.148,97,1.00345,0.811784,0.222173
10.615,7.103,1.221,1.131,99,1.22341,2.12254,0.195608
11.206,7.612,1.244,1.116,99,1.37292,2.19748,0.806642
10.761,7.215,1.228,1.129,99,0.811187,0.845107,0.411671
10.746,7.184,1.199,1.218,99,0.76065,0.316386,0.334809
10.402,6.865,1.221,1.147,98.7778,1.206,1.07663,0.388851
10.346,6.844,1.225,1.145,99,1.01926,0.297851,0.327447
10.315,6.903,1.204,1.071,99,1.57759,3.24991,0.941484
9.966,6.536,1.29,1.031,99,0.262234,2.0442,2.42761
9.615,6.28,1.21,1.097,99,0.945568,1.9065,0.685893
12.414,6.849,1.246,3.186,99,1.89158,0.20868,0.294936
10.283,6.935,1.187,1.034,99,1.08475,0.448123,0.213807
9.91,6.55,1.172,1.092,99,1.01971,2.30133,0.177182
10.851,7.305,1.234,1.125,99,0.879112,0.256027,0.122811
10.792,7.25,1.246,1.099,99,0.404042,0.58748,0.576979
10.26,6.68,1.23,1.216,99,1.07038,1.95453,0.158858
10.651,7.049,1.234,1.173,99,1.27188,1.57982,0.192011
10.774,7.145,1.258,1.166,98.7778,1.23502,1.95178,0.773483
10.567,7.089,1.23,1.081,97.8889,1.1357,1.05272,0.395938
10.461,7.005,1.208,1.088,99,1.06622,0.468826,0.119304
10.313,6.906,1.211,1.083,99,1.00234,19.6288,0.45603
10.468,7.021,1.209,1.116,98.8889,1.20318,7.19072,0.104794
10.424,6.933,1.25,1.065,99,1.09029,5.75322,0.2277
10.185,6.664,1.215,1.179,98.8889,0.505914,22.0696,8.7054
10.644,7.045,1.213,1.135,98.7778,0.991228,6.07731,2.6602
10.544,7.004,1.22,1.135,99,0.136258,3.58829,3.49635
10.387,6.933,1.205,1.084,99,0.996136,5.31833,1.29482
10.485,7.017,1.229,1.07,99,0.95926,16.3365,1.64024
9.962,6.481,1.236,1.122,99,1.09014,3.87142,0.686401
10.507,7.046,1.207,1.069,99,1.29339,2.56752,0.357416
12.141,6.643,1.236,3.14,99,0.294588,0.271655,0.745227
10.165,6.781,1.182,1.098,99,1.07025,2.11152,0.433034
10.246,6.796,1.22,1.12,98.8889,1.0083,5.73661,0.415726
10.543,7.01,1.226,1.154,99,0.64121,0.503828,0.156952
10.555,7.022,1.217,1.144,98.7778,0.985193,4.96536,0.551166
10.715,7.179,1.217,1.158,99,1.02786,2.79489,0.245846
13.054,7.354,1.251,3.293,99,0.90133,2.80602,3.48936
12.617,7.02,1.254,3.243,98.7778,0.929559,8.60792,14.1392
10.31,6.889,1.199,1.113,98.7778,0.559254,31.5148,16.0905
11.163,6.998,1.602,1.1,99,0.185069,11.7282,9.60138
10.646,7.048,1.221,1.22,98.8889,0.888143,6.58313,1.60165
10.365,6.849,1.226,1.094,99,1.28111,2.94423,0.611818
10.512,7.067,1.249,1.064,99,0.930661,6.13326,0.66988
9.972,6.572,1.2,1.114,98.8889,0.389509,12.3104,7.78928
10.319,6.837,1.231,1.072,98.7778,0.955925,16.7772,3.16392
9.487,6.13,1.204,1.075,98.7778,1.07472,2.18406,0.584619
9.954,6.518,1.254,1.045,99,1.23897,1.34444,0.474312
9.338,6.044,1.211,1.019,99,1.10341,5.21696,0.941541
10.79,6.392,1.215,2.143,99,0.784362,11.817,8.95389
9.531,6.246,1.169,1.061,99,0.908524,32.2784,5.87221
10.189,6.803,1.179,1.035,99,1.3924,4.28735,3.42688
10.12,6.612,1.231,1.19,99,0.27635,3.8373,4.09725
10.595,7.079,1.257,1.106,99,0.892281,11.1071,7.46488
10.015,6.56,1.22,1.146,98.7778,0.937471,2.49171,1.95274
11.107,6.552,1.238,2.213,99,0.475179,1.48684,1.83276
10.566,7.01,1.23,1.179,99,0.932361,6.26732,3.16496
10.713,7.221,1.209,1.117,98.7778,0.880751,7.14519,3.54336
10.64,7.07,1.254,1.132,99,1.78312,3.83104,2.00384
12.854,7.169,1.265,3.185,98.5556,2.34841,2.80505,3.73214
10.571,7.056,1.215,1.137,99,1.08842,9.75514,2.52356
10.344,6.787,1.249,1.143,99,0.697904,6.98307,2.4952
10.445,6.817,1.202,1.243,99,0.56155,6.78116,2.49993
10.926,7.224,1.207,1.148,99,0.866884,4.23915,0.836252
10.015,6.601,1.169,1.078,98.6667,0.825015,2.20681,0.506523
13.934,6.617,1.167,5.114,99,0,0.222221,3.3558
9.934,6.547,1.165,1.102,99,0.372853,4.43701,2.04444
10.099,6.748,1.179,1.066,98.8889,0.708538,3.17525,0.788892
13.057,6.708,1.178,4.033,99,1.05574,0.237146,0.71261
9.629,6.329,1.194,1.043,98.2222,0.586092,4.1294,1.42709
12.528,7.116,1.183,3.108,98.8889,1.20385,0.827972,1.2608
10.004,6.635,1.195,1.092,99,0.523533,1.34504,0.771445
10.562,7.126,1.186,1.127,99,0.183865,0.605363,0.56075
10.311,6.925,1.174,1.087,99,0.858146,1.86015,0.489346
9.98,6.63,1.172,1.088,99,0.770727,2.03777,0.512961
10.77,7.171,1.383,1.107,98.8889,0.931389,5.29064,0.630171
10.427,6.768,1.222,1.085,99,0.976775,20.5543,2.46193
10.095,6.76,1.232,1.043,98.8889,0.782161,7.30122,1.80922
10.548,7.007,1.286,1.154,99,0.778199,1.8711,0.972751
10.737,7.289,1.234,1.099,99,0.460717,0.742748,0.661855
14.189,6.875,1.217,5.01,99,1.52504,0.0329947,0.602625
9.592,6.27,1.187,1.063,98.8889,0.108662,0.413786,0.593856
10.003,6.67,1.198,1.02,99,0.0630489,0.422477,0.557292
11.186,6.57,1.169,2.364,99,0.24799,0.739878,1.18836
10.18,6.814,1.175,1.08,99,1.26934,8.96661,1.03564
10.121,6.708,1.183,1.107,98.7778,1.30911,0.838708,0.412156
10.716,7.329,1.197,1.074,99,1.06763,22.2793,0.921628
10.14,6.684,1.231,1.111,98.8889,1.13286,0.944388,0.356885
10.56,7.109,1.196,1.128,99,0.176355,0.123036,0.265228
10.835,7.325,1.231,1.143,99,0.850296,0.124607,0.172714
23.584,15.692,1.203,5.291,99,0,0.00395369,0.151956
10.83,7.275,1.241,1.136,99,0.68131,0.0628048,0.0957317
10.99,7.337,1.267,1.234,99,0.873159,0.231754,0.0626236
10.318,6.804,1.211,1.159,98.8889,0.938673,0.943788,0.0605113
11.112,7.43,1.408,1.098,99,0.799089,16.7278,1.10426
10.152,6.654,1.215,1.167,99,1.03765,0.651113,0.204016
10.71,7.141,1.252,1.053,99,0.502832,0.143112,0.193514
10.698,7.243,1.226,1.073,98.8889,1.15493,6.40889,0.903042
10.584,7.116,1.221,1.127,99,1.10052,6.71079,1.28404
10.362,6.758,1.321,1.139,99,1.55555,2.89078,0.34857
10.037,6.482,1.232,1.125,98.7778,1.11763,2.22258,0.245871
10.45,7.04,1.217,1.06,99,0.994243,12.0702,0.240775
9.228,5.954,1.208,1.046,99,0.716132,20.8589,5.38641
9.445,6.071,1.243,1.1,98.6667,1.25922,7.81928,0.913064
10.268,6.806,1.212,1.14,99,0.519828,0.434693,0.73961
10.519,7.082,1.228,1.078,99,1.30946,15.7333,4.07195
9.855,6.472,1.208,1.098,98.8889,0.968688,21.8038,0.533177
10.165,6.762,1.211,1.043,98.7778,0.929332,40.7422,3.64045
10.055,6.671,1.22,1.101,99,0.770394,13.6725,4.77189
10.489,7.027,1.215,1.126,99,1.27596,3.41365,0.903345
10.175,6.695,1.234,1.104,98.8889,1.02426,4.01197,1.05048
12.455,7.098,1.221,3.031,99,0.50533,2.72455,7.22573
10.216,6.743,1.215,1.1,99,0.994316,22.6432,1.33885
10.129,6.662,1.239,1.062,99,1.03747,43.0728,3.01093
10.206,6.735,1.241,1.127,98.8889,0.890186,28.0434,6.84955
10.452,7.057,1.206,1.027,99,0.961831,16.2921,1.19017
13.508,6.253,1.232,5.013,98.8889,0,0.0639374,1.22775
9.393,6.178,1.166,0.998,98.8889,0.345081,1.11642,0.938568
9.77,6.493,1.175,1.026,98.8889,0.668943,5.1041,1.11021
9.701,6.369,1.21,1.069,98.7778,0.763134,3.0471,1.34662
13.757,6.433,1.192,5.042,98.8889,2.81118,0.0853105,1.47394
10.58,6.289,1.185,2.014,99,0.800851,1.00854,0.718916
9.954,6.585,1.183,1.092,99,0.167854,4.50584,4.56713
9.619,6.356,1.191,1.036,99,0.55368,2.67513,2.28525
11.07,6.638,1.187,2.123,99,0.495095,4.83095,8.25268
9.835,6.452,1.176,1.116,99,0.982203,16.7548,1.74981
9.883,6.496,1.167,1.093,98.7778,1.14238,23.487,0.780858
10.154,6.817,1.217,1.022,98.7778,1.05397,38.2478,2.08354
10.346,6.462,1.21,1.383,99,1.22887,6.42573,0.79067
9.527,6.246,1.171,1.072,98.8889,0.517176,0.69479,0.708848
10.387,6.87,1.279,1.115,98.8889,0.658728,0.570106,0.78734
10.603,7.109,1.235,1.11,99,1.09563,1.24016,0.357077
10.399,6.826,1.263,1.152,99,1.0474,2.77446,0.416336
13.849,7.142,1.227,4.234,99,1.13065,0.188746,1.05157
10.233,6.74,1.258,1.147,98.8889,0.823916,1.4678,0.515196
10.882,7.373,1.261,1.101,99,0.230734,0.980287,1.74537
11.516,6.907,1.255,2.224,99,0.183596,0.378477,1.12622
10.381,6.948,1.198,1.119,99,0.519929,2.25917,2.50623
10.628,7.074,1.231,1.122,98.7778,0.882498,4.15585,1.84727
10.285,6.83,1.211,1.123,98.4444,1.06551,1.96288,0.629807
10.519,6.917,1.236,1.206,99,1.06871,0.983411,1.36388
13.344,7.641,1.219,3.278,98.8889,0.828004,0.586205,1.51934
10.414,7.019,1.188,1.078,98.8889,0.921522,3.29527,0.946169
10.339,6.928,1.23,1.064,98.8889,1.56911,1.28843,0.440152
10.37,6.942,1.249,1.07,99,0.441356,0.750408,0.709646
11.009,6.548,1.242,2.097,98.8889,0.0856506,0.813671,1.57059
10.538,7.118,1.217,1.086,99,0.958095,7.24283,2.79576
10.292,6.873,1.234,1.091,99,0.834893,3.27542,2.11717
10.794,7.294,1.229,1.118,99,0.885158,0.912572,0.732556
10.475,6.987,1.218,1.127,99,0.647945,1.59314,0.79467
10.507,6.955,1.244,1.107,99,0.968601,0.541939,0.561704
10.634,7.093,1.228,1.116,99,0.371925,5.18835,4.71067
10.715,7.187,1.225,1.154,98.8889,1.12804,35.3682,0.967463
12.373,7.585,1.266,2.319,98.8889,1.05867,0.44651,0.602856
14.934,7.109,1.245,5.441,98.8889,0,0.0336726,0.689099
10.18,6.731,1.205,1.103,98.8889,0.777284,4.35036,1.24585
10.475,6.987,1.177,1.152,99,0.33142,1.56,0.997524
12.261,7.639,1.171,2.277,98.8889,0.515597,1.47885,1.75167
11.801,7.206,1.17,2.241,99,1.27092,0.766036,0.994366
20.254,7.695,1.998,9.397,98.8889,0,0.0634946,1.42912
12.992,6.952,1.145,3.312,98.4444,0.65083,0.605734,1.12759
14.705,7.222,1.154,5.204,99,0,0.0614522,1.08538
15.179,7.52,1.157,5.377,99,0,0.055702,1.15603
15.371,7.561,1.155,5.512,99,0,0.054353,1.2153
15.165,7.301,1.173,5.503,98.5556,0,0.0524626,1.28827
14.503,7.617,1.2,4.49,98.5556,0.0402055,0.156113,1.35651
16.079,7.891,1.32,5.723,99,0,0.0493678,1.42438
16.073,7.877,1.152,5.9,99,0,0.0409109,1.4808
16.105,8.135,1.145,5.623,99,1.70919,0.0406674,1.46997
13.443,7.685,1.157,3.425,96.1111,0.206181,0.207216,1.46401
13.425,7.659,1.167,3.406,95.7778,0.0465602,0.313974,1.47429
11.647,8.081,1.155,1.201,98,0.217966,0.644495,1.26167
11.821,8.155,1.194,1.256,98.6667,0.64122,3.52822,1.32934
12.263,7.587,1.192,2.144,98.7778,0.00277373,1.84542,2.14262
10.509,6.969,1.175,1.159,98.5556,0.355926,2.34898,2.66804
11.003,7.351,1.172,1.209,98.8889,0.910007,3.46262,1.59014
11.242,7.543,1.184,1.254,98.4444,0.896427,3.77855,2.05694
16.066,7.81,1.177,5.821,98.8889,0,0.0664364,1.38486
11.601,7.727,1.203,1.375,98.8889,0.486236,1.64246,0.868041
11.843,7.973,1.195,1.347,99,0.213429,1.07968,0.859193
11.445,7.551,1.223,1.311,98.7778,0.139147,1.46657,1.41686
12.3,8.362,1.25,1.402,99,0.911144,1.74594,0.665708
11.588,7.858,1.245,1.245,98.8889,0.386633,0.517578,0.492935
11.06,7.385,1.208,1.221,98.2222,0.726917,0.601778,0.588793
13.531,7.672,1.227,3.409,99,0.674616,0.170443,0.482327
15.292,7.469,1.21,5.498,99,0,0.0325004,0.785371
10.764,7.229,1.175,1.12,99,0.385357,0.839597,0.484808
10.526,7.039,1.174,1.135,99,0.908809,0.719101,0.0888633
10.753,7.198,1.213,1.183,98.7778,0.202136,0.10328,0.134273
11.53,7.852,1.207,1.22,99,1.11445,2.9747,0.690488
11.238,7.556,1.208,1.234,98.8889,1.13724,0.72497,0.447049
11.027,7.391,1.23,1.176,98.8889,1.25305,18.5159,3.23029
12.096,7.271,1.213,2.379,98.7778,0.980672,0.437396,0.789347
11.179,7.504,1.213,1.235,98.8889,1.25481,4.18581,0.657569
12.258,7.432,1.209,2.402,98.8889,0.777665,0.32591,0.424035
11.591,7.745,1.23,1.257,98.8889,0.513182,0.325027,0.263743
11.657,7.913,1.23,1.252,98.8889,1.37901,0.51365,0.174701
12.986,7.938,1.226,2.483,98.6667,0.476803,0.0805734,0.165951
11.846,8.031,1.249,1.286,98.5556,0.791177,0.212084,0.215779
11.977,8.187,1.244,1.234,98.8889,0.435868,0.193181,0.283287
11.864,7.955,1.248,1.255,99,0.300325,0.181925,0.257829
12.162,8.457,1.21,1.225,98.7778,0.484885,0.124802,0.150376
11.744,8.001,1.212,1.211,98.7778,0.703318,0.0768738,0.0968408
11.641,7.903,1.251,1.248,99,0.825045,0.28549,0.211287
11.332,7.63,1.223,1.23,99,0.757663,0.174683,0.166518
13.614,7.584,1.198,3.562,99,1.36121,0.0414828,0.102267
11.14,7.546,1.194,1.197,98.8889,1.15279,0.270952,0.127936
11.217,7.568,1.233,1.203,99,0.586451,0.209842,0.274655
10.917,7.293,1.207,1.239,98.8889,0.630922,0.175065,0.222662
11.243,7.546,1.211,1.255,98.5556,0.772748,0.531209,0.232279
11.74,7.981,1.235,1.26,99,0.745599,0.184552,0.112612
11.606,7.85,1.234,1.197,98.8889,0.997757,0.158484,0.130837
11.541,7.846,1.248,1.179,99,0.981329,0.875141,0.222308
12.042,7.338,1.215,2.278,99,0.00697454,0.123512,0.230048
11.191,7.497,1.219,1.247,99,1.19638,0.232585,0.0705969
10.937,7.237,1.224,1.263,99,1.05355,6.48803,0.135466
12.353,8.442,1.242,1.321,99,0.723736,0.129998,0.146367
13.683,8.625,1.275,2.428,98.8889,0.721425,0.0773932,0.161237
11.915,8.162,1.254,1.182,99,1.08485,1.36128,0.165837
10.843,7.172,1.238,1.235,98.7778,1.05758,3.07808,0.0774595
11.721,7.808,1.361,1.345,98.6667,1.08635,7.2714,0.0800538
11.176,7.455,1.226,1.251,99,0.917464,1.20558,0.0774201
11.222,7.48,1.203,1.27,99,0.942874,1.43406,0.355674
12.07,7.997,1.393,1.419,99,1.21494,0.461913,0.0954203
11.277,7.588,1.234,1.23,99,1.02418,18.6475,0.409811
10.795,7.002,1.205,1.354,99,0.73341,0.665057,0.268494
10.066,6.589,1.207,1.157,99,0.952032,41.8153,0.215877
10.55,7.018,1.237,1.118,98.8889,0.925938,24.855,4.26769
10.315,6.599,1.208,1.352,99,0.750368,20.6884,8.69645
10.331,6.595,1.293,1.289,99,1.13333,9.23382,0.788348
10.922,7.349,1.248,1.165,98.8889,1.05798,20.0769,0.31433
11.382,7.77,1.22,1.164,99,1.02159,8.80959,0.320442
10.51,6.898,1.229,1.162,98.8889,1.33672,2.39775,0.19432
10.837,7.22,1.258,1.105,98.8889,1.20422,0.21128,0.0757358
10.745,7.121,1.313,1.143,98.8889,0.936608,2.13938,0.221001
11.532,7.826,1.373,1.113,99,0.996362,1.75219,0.195052
10.381,6.879,1.22,1.163,98.6667,0.75823,1.97815,0.574923
10.766,7.189,1.252,1.117,99,0.920314,0.790734,0.345074
10.776,7.236,1.232,1.131,98.7778,0.738285,1.21766,0.388419
10.71,7.161,1.226,1.108,99,0.999343,2.8933,0.788347
10.535,6.961,1.251,1.155,98.8889,0.906691,37.9952,5.02683
10.793,7.201,1.215,1.168,99,1.16459,7.82423,0.562456
10.498,6.961,1.207,1.128,99,0.888683,15.9053,0.943501
10.272,6.755,1.208,1.17,99,0.99301,15.8641,1.47003
10.333,6.869,1.214,1.137,99,0.673758,15.3345,4.60877
12.374,6.644,1.22,3.363,98.7778,0.715753,2.92604,4.61348
10.42,7.034,1.184,1.072,99,0.757498,13.6015,2.45955
10.431,6.995,1.184,1.115,99,1.28145,4.2977,2.17873
10.29,6.849,1.212,1.114,99,1.36981,7.74325,1.93424
11.576,6.81,1.244,2.387,99,0.786625,2.90545,2.20473
12.606,6.95,1.233,3.276,99,0.501599,0.933951,2.01835
10.469,6.993,1.25,1.087,98.8889,0.503008,4.34209,2.37742
14.526,6.864,1.228,5.279,99,1.00768,0.145713,2.39534
10.87,7.398,1.179,1.131,98.7778,0.566018,8.89507,5.04683
12.992,7.369,1.207,3.22,98.7778,1.1287,2.65853,3.825
10.37,6.962,1.178,1.091,98.8889,0.67025,8.52398,7.69245
14.97,7.067,1.199,5.518,98.5556,1.895,0.40138,6.35056
15.104,7.432,1.202,5.199,98.7778,0.250598,0.441972,7.30046
14.685,7.306,1.183,5.123,98.7778,0,0.527419,8.38203
10.33,6.935,1.165,1.051,98.7778,0.538787,11.2781,3.50032
9.584,6.272,1.137,1.115,99,0.627119,18.6481,4.09795
12.844,7.217,1.198,3.257,99,1.34644,4.05402,10.5305
14.652,6.991,1.171,5.323,99,2.0383,0.268248,4.25972
