0.0030886,0.000887835,-0.00104626,-0.000628099,-0.00138999,0.000152848,8.00899e-05,0.000887835,0.00184986,0.000747937,0.000593447,-0.000826663,5.56638e-05,3.80722e-05,-0.00104626,0.000747937,0.00238207,0.000735767,-0.00101833,3.48121e-05,3.80386e-05,-0.000628099,0.000593447,0.000735767,0.00234594,-0.000898699,-0.00251907,2.43381e-05,-0.00138999,-0.000826663,-0.00101833,-0.000898699,0.030026,0.00143927,-0.000811003,0.000152848,5.56638e-05,3.48121e-05,-0.00251907,0.00143927,0.0279258,-0.000328991,8.00899e-05,3.80722e-05,3.80386e-05,2.43381e-05,-0.000811003,-0.000328991,0.0466315,
0.00308803,0.000887781,-0.00104639,-0.000628235,-0.00139006,0.000152961,8.01255e-05,0.000887781,0.00185024,0.000747895,0.000593149,-0.00082702,5.51932e-05,3.81296e-05,-0.00104639,0.000747895,0.00238204,0.000735694,-0.00101907,3.39476e-05,3.80178e-05,-0.000628235,0.000593149,0.000735694,0.00234565,-0.000898303,-0.00251856,2.43414e-05,-0.00139006,-0.00082702,-0.00101907,-0.000898303,0.0300214,0.00143876,-0.000810441,0.000152961,5.51932e-05,3.39476e-05,-0.00251856,0.00143876,0.0279238,-0.000329413,8.01255e-05,3.81296e-05,3.80178e-05,2.43414e-05,-0.000810441,-0.000329413,0.0466313,
0.00308764,0.000887745,-0.0010465,-0.000628329,-0.00139011,0.000153112,8.01462e-05,0.000887745,0.00185052,0.000747877,0.000592923,-0.000827291,5.48622e-05,3.81643e-05,-0.0010465,0.000747877,0.00238206,0.000735637,-0.0010196,3.3392e-05,3.79871e-05,-0.000628329,0.000592923,0.000735637,0.00234543,-0.000898069,-0.00251817,2.43511e-05,-0.00139011,-0.000827291,-0.0010196,-0.000898069,0.0300179,0.00143829,-0.000810112,0.000153112,5.48622e-05,3.3392e-05,-0.00251817,0.00143829,0.0279223,-0.000329851,8.01462e-05,3.81643e-05,3.79871e-05,2.43511e-05,-0.000810112,-0.000329851,0.0466312,
0.00308736,0.000887721,-0.00104658,-0.0006284,-0.00139016,0.000153264,8.01558e-05,0.000887721,0.00185073,0.000747872,0.000592753,-0.000827494,5.46324e-05,3.81811e-05,-0.00104658,0.000747872,0.00238209,0.000735592,-0.00101997,3.30397e-05,3.7949e-05,-0.0006284,0.000592753,0.000735592,0.00234527,-0.000897937,-0.00251788,2.43638e-05,-0.00139016,-0.000827494,-0.00101997,-0.000897937,0.0300152,0.00143789,-0.000809974,0.000153264,5.46324e-05,3.30397e-05,-0.00251788,0.00143789,0.0279213,-0.0003303,8.01558e-05,3.81811e-05,3.7949e-05,2.43638e-05,-0.000809974,-0.0003303,0.0466311,
0.00308716,0.000887705,-0.00104664,-0.000628458,-0.00139019,0.0001534,8.01575e-05,0.000887705,0.00185089,0.000747874,0.000592624,-0.000827644,5.44727e-05,3.81847e-05,-0.00104664,0.000747874,0.00238212,0.000735559,-0.00102024,3.28147e-05,3.79058e-05,-0.000628458,0.000592624,0.000735559,0.00234515,-0.000897863,-0.00251766,2.43776e-05,-0.00139019,-0.000827644,-0.00102024,-0.000897863,0.0300133,0.00143754,-0.000809978,0.0001534,5.44727e-05,3.28147e-05,-0.00251766,0.00143754,0.0279206,-0.000330757,8.01575e-05,3.81847e-05,3.79058e-05,2.43776e-05,-0.000809978,-0.000330757,0.0466309,
0.00308701,0.000887693,-0.00104668,-0.000628506,-0.00139021,0.000153515,8.01535e-05,0.000887693,0.001851,0.000747881,0.000592524,-0.000827754,5.43614e-05,3.81787e-05,-0.00104668,0.000747881,0.00238214,0.000735533,-0.00102042,3.267e-05,3.78591e-05,-0.000628506,0.000592524,0.000735533,0.00234506,-0.000897823,-0.0025175,2.43914e-05,-0.00139021,-0.000827754,-0.00102042,-0.000897823,0.0300118,0.00143724,-0.000810087,0.000153515,5.43614e-05,3.267e-05,-0.0025175,0.00143724,0.0279201,-0.000331218,8.01535e-05,3.81787e-05,3.78591e-05,2.43914e-05,-0.000810087,-0.000331218,0.0466308,
0.00308689,0.000887685,-0.0010467,-0.000628547,-0.00139022,0.00015361,8.01455e-05,0.000887685,0.00185108,0.000747891,0.000592448,-0.000827835,5.42837e-05,3.81657e-05,-0.0010467,0.000747891,0.00238216,0.000735515,-0.00102055,3.25766e-05,3.78101e-05,-0.000628547,0.000592448,0.000735515,0.002345,-0.000897804,-0.00251737,2.44049e-05,-0.00139022,-0.000827835,-0.00102055,-0.000897804,0.0300107,0.00143698,-0.00081027,0.00015361,5.42837e-05,3.25766e-05,-0.00251737,0.00143698,0.0279197,-0.00033168,8.01455e-05,3.81656e-05,3.78101e-05,2.44049e-05,-0.00081027,-0.00033168,0.0466307,
0.0030868,0.00088768,-0.00104671,-0.000628583,-0.00139023,0.000153688,8.01346e-05,0.00088768,0.00185115,0.000747903,0.000592388,-0.000827893,5.42296e-05,3.81476e-05,-0.00104671,0.000747903,0.00238217,0.000735502,-0.00102064,3.25167e-05,3.77597e-05,-0.000628583,0.000592388,0.000735502,0.00234495,-0.000897797,-0.00251728,2.4418e-05,-0.00139023,-0.000827893,-0.00102064,-0.000897797,0.0300099,0.00143675,-0.000810506,0.000153688,5.42296e-05,3.25167e-05,-0.00251728,0.00143675,0.0279195,-0.000332141,8.01346e-05,3.81476e-05,3.77597e-05,2.4418e-05,-0.000810506,-0.000332141,0.0466306,
0.00308674,0.000887676,-0.00104671,-0.000628614,-0.00139023,0.000153752,8.01219e-05,0.000887676,0.00185119,0.000747915,0.000592341,-0.000827935,5.4192e-05,3.81261e-05,-0.00104671,0.000747915,0.00238218,0.000735493,-0.00102071,3.24793e-05,3.77084e-05,-0.000628614,0.000592341,0.000735493,0.00234492,-0.000897797,-0.0025172,2.44307e-05,-0.00139023,-0.000827935,-0.00102071,-0.000897797,0.0300093,0.00143655,-0.000810779,0.000153752,5.4192e-05,3.24793e-05,-0.0025172,0.00143655,0.0279194,-0.000332599,8.01219e-05,3.81261e-05,3.77084e-05,2.44307e-05,-0.000810779,-0.000332599,0.0466305,
0.00308668,0.000887673,-0.0010467,-0.000628642,-0.00139024,0.000153804,8.01077e-05,0.000887673,0.00185123,0.000747927,0.000592303,-0.000827965,5.41662e-05,3.8102e-05,-0.0010467,0.000747927,0.00238219,0.000735486,-0.00102076,3.2457e-05,3.76567e-05,-0.000628642,0.000592303,0.000735486,0.0023449,-0.000897803,-0.00251714,2.4443e-05,-0.00139024,-0.000827965,-0.00102076,-0.000897803,0.0300088,0.00143636,-0.000811078,0.000153804,5.41662e-05,3.2457e-05,-0.00251714,0.00143636,0.0279193,-0.000333055,8.01077e-05,3.8102e-05,3.76567e-05,2.4443e-05,-0.000811078,-0.000333055,0.0466304,
0.00308664,0.000887672,-0.00104669,-0.000628667,-0.00139024,0.000153848,8.00927e-05,0.000887672,0.00185126,0.00074794,0.000592273,-0.000827987,5.41487e-05,3.80763e-05,-0.00104669,0.00074794,0.0023822,0.000735482,-0.00102079,3.24449e-05,3.76048e-05,-0.000628667,0.000592273,0.000735482,0.00234488,-0.000897812,-0.00251709,2.44549e-05,-0.00139024,-0.000827987,-0.00102079,-0.000897812,0.0300084,0.00143619,-0.000811394,0.000153848,5.41487e-05,3.24449e-05,-0.00251709,0.00143619,0.0279193,-0.000333507,8.00927e-05,3.80763e-05,3.76048e-05,2.44549e-05,-0.000811394,-0.000333507,0.0466303,
0.0030866,0.000887671,-0.00104668,-0.00062869,-0.00139024,0.000153885,8.0077e-05,0.000887671,0.00185128,0.000747952,0.000592248,-0.000828001,5.41371e-05,3.80494e-05,-0.00104668,0.000747952,0.0023822,0.000735479,-0.00102082,3.24399e-05,3.7553e-05,-0.00062869,0.000592248,0.000735479,0.00234487,-0.000897824,-0.00251705,2.44666e-05,-0.00139024,-0.000828001,-0.00102082,-0.000897824,0.0300081,0.00143604,-0.000811722,0.000153885,5.41371e-05,3.24399e-05,-0.00251705,0.00143604,0.0279193,-0.000333954,8.0077e-05,3.80494e-05,3.7553e-05,2.44666e-05,-0.000811722,-0.000333954,0.0466302,
0.00308658,0.00088767,-0.00104666,-0.00062871,-0.00139024,0.000153917,8.0061e-05,0.00088767,0.0018513,0.000747963,0.000592227,-0.000828011,5.41297e-05,3.80218e-05,-0.00104666,0.000747963,0.0023822,0.000735477,-0.00102083,3.24397e-05,3.75014e-05,-0.00062871,0.000592227,0.000735477,0.00234486,-0.000897837,-0.00251701,2.4478e-05,-0.00139024,-0.000828011,-0.00102083,-0.000897837,0.0300079,0.00143589,-0.000812057,0.000153917,5.41297e-05,3.24397e-05,-0.00251701,0.00143589,0.0279193,-0.000334397,8.0061e-05,3.80218e-05,3.75014e-05,2.4478e-05,-0.000812057,-0.000334397,0.0466301,
0.00308655,0.00088767,-0.00104665,-0.000628728,-0.00139023,0.000153946,8.00447e-05,0.00088767,0.00185131,0.000747974,0.00059221,-0.000828017,5.41253e-05,3.79937e-05,-0.00104665,0.000747974,0.0023822,0.000735476,-0.00102084,3.24427e-05,3.745e-05,-0.000628728,0.00059221,0.000735476,0.00234486,-0.000897851,-0.00251698,2.44892e-05,-0.00139023,-0.000828017,-0.00102084,-0.000897851,0.0300077,0.00143574,-0.000812396,0.000153946,5.41253e-05,3.24427e-05,-0.00251698,0.00143574,0.0279193,-0.000334836,8.00447e-05,3.79937e-05,3.745e-05,2.44892e-05,-0.000812396,-0.000334836,0.04663,
0.00308653,0.00088767,-0.00104663,-0.000628745,-0.00139023,0.000153972,8.00283e-05,0.00088767,0.00185132,0.000747984,0.000592195,-0.00082802,5.41229e-05,3.79653e-05,-0.00104663,0.000747984,0.0023822,0.000735475,-0.00102085,3.24479e-05,3.73989e-05,-0.000628745,0.000592195,0.000735475,0.00234486,-0.000897867,-0.00251695,2.45002e-05,-0.00139023,-0.00082802,-0.00102085,-0.000897867,0.0300075,0.00143561,-0.000812737,0.000153972,5.41229e-05,3.24479e-05,-0.00251695,0.00143561,0.0279194,-0.000335271,8.00283e-05,3.79653e-05,3.73989e-05,2.45002e-05,-0.000812737,-0.000335271,0.0466299,
0.00308652,0.000887671,-0.00104662,-0.00062876,-0.00139023,0.000153995,8.00118e-05,0.000887671,0.00185133,0.000747994,0.000592182,-0.000828021,5.4122e-05,3.79367e-05,-0.00104662,0.000747994,0.0023822,0.000735475,-0.00102085,3.24544e-05,3.73482e-05,-0.00062876,0.000592182,0.000735475,0.00234485,-0.000897883,-0.00251692,2.45111e-05,-0.00139023,-0.000828021,-0.00102085,-0.000897883,0.0300074,0.00143547,-0.00081308,0.000153995,5.4122e-05,3.24544e-05,-0.00251692,0.00143547,0.0279194,-0.000335702,8.00118e-05,3.79367e-05,3.73482e-05,2.45111e-05,-0.00081308,-0.000335702,0.0466297,
0.0030865,0.000887671,-0.0010466,-0.000628774,-0.00139023,0.000154017,7.99953e-05,0.000887671,0.00185134,0.000748003,0.000592171,-0.00082802,5.41221e-05,3.79082e-05,-0.0010466,0.000748003,0.0023822,0.000735475,-0.00102086,3.24619e-05,3.72979e-05,-0.000628774,0.000592171,0.000735475,0.00234485,-0.000897899,-0.0025169,2.45219e-05,-0.00139023,-0.00082802,-0.00102086,-0.000897899,0.0300072,0.00143534,-0.000813422,0.000154017,5.41221e-05,3.24619e-05,-0.0025169,0.00143534,0.0279195,-0.000336129,7.99953e-05,3.79082e-05,3.72979e-05,2.45219e-05,-0.000813422,-0.000336129,0.0466296,
0.00308649,0.000887672,-0.00104659,-0.000628786,-0.00139022,0.000154037,7.99789e-05,0.000887672,0.00185134,0.000748011,0.000592161,-0.000828019,5.41228e-05,3.78797e-05,-0.00104659,0.000748011,0.0023822,0.000735475,-0.00102086,3.24698e-05,3.72479e-05,-0.000628786,0.000592161,0.000735475,0.00234485,-0.000897916,-0.00251687,2.45326e-05,-0.00139022,-0.000828019,-0.00102086,-0.000897916,0.0300071,0.00143521,-0.000813763,0.000154037,5.41228e-05,3.24698e-05,-0.00251687,0.00143521,0.0279196,-0.000336552,7.99789e-05,3.78797e-05,3.72479e-05,2.45326e-05,-0.000813763,-0.000336552,0.0466296,
0.00308648,0.000887672,-0.00104658,-0.000628798,-0.00139022,0.000154056,7.99625e-05,0.000887672,0.00185135,0.000748019,0.000592152,-0.000828016,5.4124e-05,3.78513e-05,-0.00104658,0.000748019,0.0023822,0.000735476,-0.00102085,3.2478e-05,3.71983e-05,-0.000628798,0.000592152,0.000735476,0.00234485,-0.000897933,-0.00251685,2.45431e-05,-0.00139022,-0.000828016,-0.00102085,-0.000897933,0.030007,0.00143509,-0.000814102,0.000154056,5.4124e-05,3.2478e-05,-0.00251685,0.00143509,0.0279196,-0.000336971,7.99625e-05,3.78513e-05,3.71983e-05,2.45431e-05,-0.000814102,-0.000336971,0.0466295,
0.00308647,0.000887673,-0.00104657,-0.000628808,-0.00139022,0.000154075,7.99462e-05,0.000887673,0.00185136,0.000748026,0.000592144,-0.000828013,5.41255e-05,3.78229e-05,-0.00104657,0.000748026,0.0023822,0.000735476,-0.00102085,3.24862e-05,3.71491e-05,-0.000628808,0.000592144,0.000735476,0.00234485,-0.00089795,-0.00251683,2.45536e-05,-0.00139022,-0.000828013,-0.00102085,-0.00089795,0.0300068,0.00143497,-0.00081444,0.000154075,5.41255e-05,3.24862e-05,-0.00251683,0.00143497,0.0279197,-0.000337388,7.99462e-05,3.78229e-05,3.71491e-05,2.45536e-05,-0.00081444,-0.000337388,0.0466294,
0.00308646,0.000887674,-0.00104655,-0.000628818,-0.00139022,0.000154092,7.993e-05,0.000887674,0.00185136,0.000748033,0.000592137,-0.00082801,5.41271e-05,3.77948e-05,-0.00104655,0.000748033,0.0023822,0.000735476,-0.00102085,3.24944e-05,3.71002e-05,-0.000628818,0.000592137,0.000735476,0.00234485,-0.000897968,-0.0025168,2.4564e-05,-0.00139022,-0.00082801,-0.00102085,-0.000897968,0.0300067,0.00143484,-0.000814776,0.000154092,5.41271e-05,3.24944e-05,-0.0025168,0.00143484,0.0279198,-0.000337801,7.993e-05,3.77948e-05,3.71002e-05,2.4564e-05,-0.000814776,-0.000337801,0.0466293,
0.00308645,0.000887675,-0.00104654,-0.000628827,-0.00139021,0.000154109,7.99139e-05,0.000887675,0.00185136,0.00074804,0.000592131,-0.000828006,5.41288e-05,3.77667e-05,-0.00104654,0.00074804,0.0023822,0.000735477,-0.00102084,3.25025e-05,3.70516e-05,-0.000628827,0.000592131,0.000735477,0.00234485,-0.000897985,-0.00251678,2.45743e-05,-0.00139021,-0.000828006,-0.00102084,-0.000897985,0.0300066,0.00143472,-0.000815111,0.000154109,5.41288e-05,3.25025e-05,-0.00251678,0.00143472,0.0279199,-0.000338211,7.99139e-05,3.77667e-05,3.70516e-05,2.45743e-05,-0.000815111,-0.000338211,0.0466292,
0.00308644,0.000887675,-0.00104653,-0.000628835,-0.00139021,0.000154126,7.98979e-05,0.000887675,0.00185137,0.000748046,0.000592125,-0.000828001,5.41306e-05,3.77388e-05,-0.00104653,0.000748046,0.0023822,0.000735477,-0.00102084,3.25104e-05,3.70033e-05,-0.000628835,0.000592125,0.000735477,0.00234485,-0.000898003,-0.00251676,2.45845e-05,-0.00139021,-0.000828001,-0.00102084,-0.000898003,0.0300065,0.00143461,-0.000815443,0.000154126,5.41306e-05,3.25104e-05,-0.00251676,0.00143461,0.0279199,-0.000338618,7.98979e-05,3.77388e-05,3.70033e-05,2.45845e-05,-0.000815443,-0.000338618,0.0466291,
0.00308644,0.000887676,-0.00104652,-0.000628843,-0.00139021,0.000154142,7.98819e-05,0.000887676,0.00185137,0.000748052,0.000592119,-0.000827996,5.41323e-05,3.7711e-05,-0.00104652,0.000748052,0.0023822,0.000735478,-0.00102084,3.25181e-05,3.69553e-05,-0.000628843,0.000592119,0.000735478,0.00234485,-0.00089802,-0.00251674,2.45947e-05,-0.00139021,-0.000827996,-0.00102084,-0.00089802,0.0300064,0.00143449,-0.000815774,0.000154142,5.41323e-05,3.25181e-05,-0.00251674,0.00143449,0.02792,-0.000339023,7.98819e-05,3.7711e-05,3.69553e-05,2.45947e-05,-0.000815774,-0.000339023,0.046629,
0.00308643,0.000887677,-0.00104651,-0.00062885,-0.0013902,0.000154158,7.98661e-05,0.000887677,0.00185137,0.000748057,0.000592114,-0.000827992,5.4134e-05,3.76834e-05,-0.00104651,0.000748057,0.0023822,0.000735478,-0.00102083,3.25256e-05,3.69076e-05,-0.00062885,0.000592114,0.000735478,0.00234485,-0.000898038,-0.00251672,2.46048e-05,-0.0013902,-0.000827992,-0.00102083,-0.000898038,0.0300063,0.00143437,-0.000816103,0.000154158,5.4134e-05,3.25256e-05,-0.00251672,0.00143437,0.0279201,-0.000339425,7.98661e-05,3.76834e-05,3.69076e-05,2.46048e-05,-0.000816103,-0.000339425,0.0466289,
0.00308643,0.000887678,-0.0010465,-0.000628856,-0.0013902,0.000154174,7.98503e-05,0.000887678,0.00185138,0.000748062,0.000592109,-0.000827987,5.41357e-05,3.76559e-05,-0.0010465,0.000748062,0.0023822,0.000735479,-0.00102083,3.2533e-05,3.68601e-05,-0.000628856,0.000592109,0.000735479,0.00234485,-0.000898056,-0.0025167,2.46149e-05,-0.0013902,-0.000827987,-0.00102083,-0.000898056,0.0300062,0.00143425,-0.00081643,0.000154174,5.41357e-05,3.2533e-05,-0.0025167,0.00143425,0.0279202,-0.000339826,7.98503e-05,3.76559e-05,3.68601e-05,2.46149e-05,-0.00081643,-0.000339826,0.0466288,
0.00308642,0.000887678,-0.0010465,-0.000628863,-0.0013902,0.000154189,7.98346e-05,0.000887678,0.00185138,0.000748067,0.000592105,-0.000827981,5.41373e-05,3.76286e-05,-0.0010465,0.000748067,0.0023822,0.000735479,-0.00102082,3.25401e-05,3.68129e-05,-0.000628863,0.000592105,0.000735479,0.00234486,-0.000898073,-0.00251668,2.46249e-05,-0.0013902,-0.000827981,-0.00102082,-0.000898073,0.0300061,0.00143414,-0.000816756,0.000154189,5.41373e-05,3.25401e-05,-0.00251668,0.00143414,0.0279203,-0.000340224,7.98346e-05,3.76286e-05,3.68129e-05,2.46249e-05,-0.000816756,-0.000340224,0.0466287,
0.00308642,0.000887679,-0.00104649,-0.000628868,-0.0013902,0.000154205,7.9819e-05,0.000887679,0.00185138,0.000748072,0.000592101,-0.000827976,5.41389e-05,3.76014e-05,-0.00104649,0.000748072,0.0023822,0.000735479,-0.00102081,3.2547e-05,3.67659e-05,-0.000628868,0.000592101,0.000735479,0.00234486,-0.000898091,-0.00251665,2.46349e-05,-0.0013902,-0.000827976,-0.00102081,-0.000898091,0.030006,0.00143403,-0.00081708,0.000154205,5.41389e-05,3.2547e-05,-0.00251665,0.00143403,0.0279203,-0.00034062,7.9819e-05,3.76014e-05,3.67659e-05,2.46349e-05,-0.00081708,-0.00034062,0.0466286,
0.00308641,0.00088768,-0.00104648,-0.000628874,-0.00139019,0.00015422,7.98035e-05,0.00088768,0.00185139,0.000748076,0.000592097,-0.000827971,5.41404e-05,3.75742e-05,-0.00104648,0.000748076,0.0023822,0.00073548,-0.00102081,3.25537e-05,3.67191e-05,-0.000628874,0.000592097,0.00073548,0.00234486,-0.000898109,-0.00251663,2.46448e-05,-0.00139019,-0.000827971,-0.00102081,-0.000898109,0.0300059,0.00143391,-0.000817402,0.00015422,5.41404e-05,3.25537e-05,-0.00251663,0.00143391,0.0279204,-0.000341014,7.98035e-05,3.75742e-05,3.67191e-05,2.46448e-05,-0.000817402,-0.000341014,0.0466285,
0.00308641,0.000887681,-0.00104647,-0.000628879,-0.00139019,0.000154234,7.9788e-05,0.000887681,0.00185139,0.000748081,0.000592093,-0.000827965,5.41419e-05,3.75472e-05,-0.00104647,0.000748081,0.00238221,0.00073548,-0.0010208,3.25602e-05,3.66725e-05,-0.000628879,0.000592093,0.00073548,0.00234486,-0.000898127,-0.00251661,2.46547e-05,-0.00139019,-0.000827965,-0.0010208,-0.000898127,0.0300058,0.0014338,-0.000817724,0.000154234,5.41419e-05,3.25602e-05,-0.00251661,0.0014338,0.0279205,-0.000341407,7.9788e-05,3.75472e-05,3.66725e-05,2.46547e-05,-0.000817724,-0.000341407,0.0466284,
0.00308641,0.000887682,-0.00104647,-0.000628884,-0.00139019,0.000154249,7.97726e-05,0.000887682,0.00185139,0.000748085,0.000592089,-0.00082796,5.41433e-05,3.75203e-05,-0.00104647,0.000748085,0.00238221,0.00073548,-0.0010208,3.25666e-05,3.66261e-05,-0.000628884,0.000592089,0.00073548,0.00234486,-0.000898144,-0.00251659,2.46646e-05,-0.00139019,-0.00082796,-0.0010208,-0.000898144,0.0300057,0.00143369,-0.000818044,0.000154249,5.41433e-05,3.25666e-05,-0.00251659,0.00143369,0.0279206,-0.000341798,7.97726e-05,3.75203e-05,3.66261e-05,2.46646e-05,-0.000818044,-0.000341798,0.0466283,
0.0030864,0.000887683,-0.00104646,-0.000628888,-0.00139019,0.000154264,7.97573e-05,0.000887683,0.00185139,0.000748089,0.000592086,-0.000827954,5.41446e-05,3.74935e-05,-0.00104646,0.000748089,0.00238221,0.000735481,-0.00102079,3.25728e-05,3.65798e-05,-0.000628888,0.000592086,0.000735481,0.00234486,-0.000898162,-0.00251657,2.46744e-05,-0.00139019,-0.000827954,-0.00102079,-0.000898162,0.0300056,0.00143357,-0.000818363,0.000154264,5.41446e-05,3.25728e-05,-0.00251657,0.00143357,0.0279206,-0.000342188,7.97573e-05,3.74935e-05,3.65798e-05,2.46744e-05,-0.000818363,-0.000342188,0.0466282,
0.0030864,0.000887683,-0.00104645,-0.000628893,-0.00139018,0.000154278,7.9742e-05,0.000887683,0.0018514,0.000748093,0.000592082,-0.000827948,5.41459e-05,3.74668e-05,-0.00104645,0.000748093,0.00238221,0.000735481,-0.00102078,3.25789e-05,3.65337e-05,-0.000628893,0.000592082,0.000735481,0.00234486,-0.00089818,-0.00251655,2.46842e-05,-0.00139018,-0.000827948,-0.00102078,-0.00089818,0.0300055,0.00143346,-0.000818681,0.000154278,5.41459e-05,3.25789e-05,-0.00251655,0.00143346,0.0279207,-0.000342576,7.9742e-05,3.74668e-05,3.65337e-05,2.46842e-05,-0.000818681,-0.000342576,0.0466281,
0.0030864,0.000887684,-0.00104645,-0.000628897,-0.00139018,0.000154292,7.97268e-05,0.000887684,0.0018514,0.000748096,0.000592079,-0.000827943,5.41472e-05,3.74402e-05,-0.00104645,0.000748096,0.00238221,0.000735481,-0.00102078,3.25849e-05,3.64878e-05,-0.000628897,0.000592079,0.000735481,0.00234486,-0.000898197,-0.00251653,2.4694e-05,-0.00139018,-0.000827943,-0.00102078,-0.000898197,0.0300054,0.00143335,-0.000818997,0.000154292,5.41472e-05,3.25849e-05,-0.00251653,0.00143335,0.0279208,-0.000342963,7.97268e-05,3.74402e-05,3.64878e-05,2.4694e-05,-0.000818997,-0.000342963,0.046628,
0.00308639,0.000887685,-0.00104644,-0.000628901,-0.00139018,0.000154306,7.97116e-05,0.000887685,0.0018514,0.0007481,0.000592076,-0.000827937,5.41485e-05,3.74136e-05,-0.00104644,0.0007481,0.00238221,0.000735481,-0.00102077,3.25907e-05,3.6442e-05,-0.000628901,0.000592076,0.000735481,0.00234486,-0.000898215,-0.00251651,2.47038e-05,-0.00139018,-0.000827937,-0.00102077,-0.000898215,0.0300053,0.00143324,-0.000819313,0.000154306,5.41485e-05,3.25907e-05,-0.00251651,0.00143324,0.0279208,-0.000343349,7.97116e-05,3.74136e-05,3.6442e-05,2.47038e-05,-0.000819313,-0.000343349,0.0466279,
0.00308639,0.000887686,-0.00104643,-0.000628905,-0.00139018,0.00015432,7.96965e-05,0.000887686,0.0018514,0.000748103,0.000592073,-0.000827931,5.41497e-05,3.73872e-05,-0.00104643,0.000748103,0.00238221,0.000735482,-0.00102077,3.25964e-05,3.63963e-05,-0.000628905,0.000592073,0.000735482,0.00234486,-0.000898233,-0.00251649,2.47135e-05,-0.00139018,-0.000827931,-0.00102077,-0.000898233,0.0300052,0.00143313,-0.000819628,0.00015432,5.41497e-05,3.25964e-05,-0.00251649,0.00143313,0.0279209,-0.000343734,7.96965e-05,3.73872e-05,3.63963e-05,2.47135e-05,-0.000819628,-0.000343734,0.0466278,
0.00308639,0.000887687,-0.00104643,-0.000628909,-0.00139017,0.000154334,7.96814e-05,0.000887687,0.00185141,0.000748107,0.00059207,-0.000827925,5.41508e-05,3.73607e-05,-0.00104643,0.000748107,0.00238221,0.000735482,-0.00102076,3.2602e-05,3.63508e-05,-0.000628909,0.00059207,0.000735482,0.00234486,-0.00089825,-0.00251647,2.47232e-05,-0.00139017,-0.000827925,-0.00102076,-0.00089825,0.0300051,0.00143302,-0.000819943,0.000154334,5.41508e-05,3.2602e-05,-0.00251647,0.00143302,0.027921,-0.000344118,7.96814e-05,3.73607e-05,3.63508e-05,2.47232e-05,-0.000819943,-0.000344118,0.0466277,
0.00308639,0.000887687,-0.00104642,-0.000628912,-0.00139017,0.000154348,7.96663e-05,0.000887687,0.00185141,0.00074811,0.000592068,-0.00082792,5.4152e-05,3.73344e-05,-0.00104642,0.00074811,0.00238221,0.000735482,-0.00102075,3.26076e-05,3.63053e-05,-0.000628912,0.000592068,0.000735482,0.00234486,-0.000898268,-0.00251645,2.47328e-05,-0.00139017,-0.00082792,-0.00102075,-0.000898268,0.030005,0.00143291,-0.000820256,0.000154348,5.4152e-05,3.26076e-05,-0.00251645,0.00143291,0.0279211,-0.000344501,7.96663e-05,3.73344e-05,3.63053e-05,2.47328e-05,-0.000820256,-0.000344501,0.0466277,
0.00308638,0.000887688,-0.00104642,-0.000628916,-0.00139017,0.000154362,7.96513e-05,0.000887688,0.00185141,0.000748113,0.000592065,-0.000827914,5.41531e-05,3.73081e-05,-0.00104642,0.000748113,0.00238221,0.000735482,-0.00102075,3.2613e-05,3.626e-05,-0.000628916,0.000592065,0.000735482,0.00234486,-0.000898285,-0.00251643,2.47425e-05,-0.00139017,-0.000827914,-0.00102075,-0.000898285,0.0300049,0.0014328,-0.000820569,0.000154362,5.41531e-05,3.2613e-05,-0.00251643,0.0014328,0.0279211,-0.000344883,7.96513e-05,3.73081e-05,3.626e-05,2.47425e-05,-0.000820569,-0.000344883,0.0466276,
0.00308638,0.000887689,-0.00104641,-0.000628919,-0.00139017,0.000154376,7.96363e-05,0.000887689,0.00185141,0.000748116,0.000592062,-0.000827908,5.41542e-05,3.72819e-05,-0.00104641,0.000748116,0.00238221,0.000735482,-0.00102074,3.26184e-05,3.62147e-05,-0.000628919,0.000592062,0.000735482,0.00234486,-0.000898303,-0.00251641,2.47521e-05,-0.00139017,-0.000827908,-0.00102074,-0.000898303,0.0300048,0.00143269,-0.000820881,0.000154376,5.41542e-05,3.26184e-05,-0.00251641,0.00143269,0.0279212,-0.000345265,7.96363e-05,3.72819e-05,3.62147e-05,2.47521e-05,-0.000820881,-0.000345265,0.0466275,
0.00308638,0.00088769,-0.00104641,-0.000628922,-0.00139016,0.000154389,7.96214e-05,0.00088769,0.00185142,0.000748119,0.00059206,-0.000827902,5.41552e-05,3.72557e-05,-0.00104641,0.000748119,0.00238221,0.000735483,-0.00102073,3.26237e-05,3.61696e-05,-0.000628922,0.00059206,0.000735483,0.00234486,-0.00089832,-0.00251639,2.47617e-05,-0.00139016,-0.000827902,-0.00102073,-0.00089832,0.0300047,0.00143258,-0.000821193,0.000154389,5.41552e-05,3.26237e-05,-0.00251639,0.00143258,0.0279213,-0.000345645,7.96214e-05,3.72557e-05,3.61696e-05,2.47617e-05,-0.000821193,-0.000345645,0.0466274,
0.00308638,0.000887691,-0.0010464,-0.000628925,-0.00139016,0.000154403,7.96065e-05,0.000887691,0.00185142,0.000748122,0.000592057,-0.000827896,5.41563e-05,3.72296e-05,-0.0010464,0.000748122,0.00238221,0.000735483,-0.00102073,3.26289e-05,3.61245e-05,-0.000628925,0.000592057,0.000735483,0.00234486,-0.000898338,-0.00251637,2.47713e-05,-0.00139016,-0.000827896,-0.00102073,-0.000898338,0.0300046,0.00143248,-0.000821504,0.000154403,5.41563e-05,3.26289e-05,-0.00251637,0.00143248,0.0279214,-0.000346025,7.96065e-05,3.72296e-05,3.61245e-05,2.47713e-05,-0.000821504,-0.000346025,0.0466273,
0.00308638,0.000887691,-0.0010464,-0.000628928,-0.00139016,0.000154417,7.95916e-05,0.000887691,0.00185142,0.000748125,0.000592055,-0.00082789,5.41573e-05,3.72035e-05,-0.0010464,0.000748125,0.00238222,0.000735483,-0.00102072,3.26341e-05,3.60796e-05,-0.000628928,0.000592055,0.000735483,0.00234486,-0.000898355,-0.00251635,2.47809e-05,-0.00139016,-0.00082789,-0.00102072,-0.000898355,0.0300045,0.00143237,-0.000821815,0.000154417,5.41573e-05,3.26341e-05,-0.00251635,0.00143237,0.0279214,-0.000346404,7.95916e-05,3.72035e-05,3.60796e-05,2.47809e-05,-0.000821815,-0.000346404,0.0466272,
0.00308637,0.000887692,-0.00104639,-0.000628931,-0.00139016,0.00015443,7.95768e-05,0.000887692,0.00185142,0.000748128,0.000592052,-0.000827884,5.41584e-05,3.71775e-05,-0.00104639,0.000748128,0.00238222,0.000735483,-0.00102071,3.26392e-05,3.60347e-05,-0.000628931,0.000592052,0.000735483,0.00234486,-0.000898373,-0.00251633,2.47905e-05,-0.00139016,-0.000827884,-0.00102071,-0.000898373,0.0300044,0.00143226,-0.000822125,0.00015443,5.41584e-05,3.26392e-05,-0.00251633,0.00143226,0.0279215,-0.000346783,7.95768e-05,3.71775e-05,3.60347e-05,2.47905e-05,-0.000822125,-0.000346783,0.0466271,
0.00308637,0.000887693,-0.00104639,-0.000628934,-0.00139015,0.000154443,7.95619e-05,0.000887693,0.00185143,0.000748131,0.00059205,-0.000827878,5.41594e-05,3.71515e-05,-0.00104639,0.000748131,0.00238222,0.000735483,-0.00102071,3.26442e-05,3.59898e-05,-0.000628934,0.00059205,0.000735483,0.00234486,-0.00089839,-0.00251631,2.48001e-05,-0.00139015,-0.000827878,-0.00102071,-0.00089839,0.0300043,0.00143215,-0.000822435,0.000154443,5.41594e-05,3.26442e-05,-0.00251631,0.00143215,0.0279216,-0.000347161,7.95619e-05,3.71515e-05,3.59898e-05,2.48001e-05,-0.000822435,-0.000347161,0.046627,
0.00308637,0.000887694,-0.00104638,-0.000628937,-0.00139015,0.000154457,7.95471e-05,0.000887694,0.00185143,0.000748134,0.000592047,-0.000827872,5.41604e-05,3.71255e-05,-0.00104638,0.000748134,0.00238222,0.000735484,-0.0010207,3.26492e-05,3.5945e-05,-0.000628937,0.000592047,0.000735484,0.00234486,-0.000898408,-0.00251629,2.48096e-05,-0.00139015,-0.000827872,-0.0010207,-0.000898408,0.0300042,0.00143204,-0.000822744,0.000154457,5.41604e-05,3.26492e-05,-0.00251629,0.00143204,0.0279216,-0.000347539,7.95471e-05,3.71255e-05,3.5945e-05,2.48096e-05,-0.000822744,-0.000347539,0.0466269,
0.00308637,0.000887695,-0.00104638,-0.00062894,-0.00139015,0.00015447,7.95324e-05,0.000887695,0.00185143,0.000748137,0.000592045,-0.000827866,5.41614e-05,3.70996e-05,-0.00104638,0.000748137,0.00238222,0.000735484,-0.00102069,3.26542e-05,3.59003e-05,-0.00062894,0.000592045,0.000735484,0.00234486,-0.000898425,-0.00251627,2.48191e-05,-0.00139015,-0.000827866,-0.00102069,-0.000898425,0.0300041,0.00143194,-0.000823053,0.00015447,5.41614e-05,3.26542e-05,-0.00251627,0.00143194,0.0279217,-0.000347916,7.95324e-05,3.70996e-05,3.59003e-05,2.48191e-05,-0.000823053,-0.000347916,0.0466268,
0.00308637,0.000887695,-0.00104637,-0.000628943,-0.00139015,0.000154483,7.95176e-05,0.000887695,0.00185143,0.000748139,0.000592043,-0.000827861,5.41624e-05,3.70737e-05,-0.00104637,0.000748139,0.00238222,0.000735484,-0.00102069,3.26591e-05,3.58557e-05,-0.000628943,0.000592043,0.000735484,0.00234486,-0.000898442,-0.00251625,2.48287e-05,-0.00139015,-0.000827861,-0.00102069,-0.000898442,0.030004,0.00143183,-0.000823362,0.000154483,5.41624e-05,3.26591e-05,-0.00251625,0.00143183,0.0279218,-0.000348292,7.95176e-05,3.70737e-05,3.58557e-05,2.48287e-05,-0.000823362,-0.000348292,0.0466267,
0.00308636,0.000887696,-0.00104637,-0.000628946,-0.00139014,0.000154497,7.95029e-05,0.000887696,0.00185143,0.000748142,0.00059204,-0.000827855,5.41633e-05,3.70479e-05,-0.00104637,0.000748142,0.00238222,0.000735484,-0.00102068,3.2664e-05,3.58111e-05,-0.000628946,0.00059204,0.000735484,0.00234486,-0.00089846,-0.00251623,2.48382e-05,-0.00139014,-0.000827855,-0.00102068,-0.00089846,0.0300039,0.00143172,-0.00082367,0.000154497,5.41633e-05,3.2664e-05,-0.00251623,0.00143172,0.0279219,-0.000348669,7.95029e-05,3.70479e-05,3.58111e-05,2.48382e-05,-0.00082367,-0.000348669,0.0466266,
0.00308636,0.000887697,-0.00104637,-0.000628948,-0.00139014,0.00015451,7.94882e-05,0.000887697,0.00185144,0.000748145,0.000592038,-0.000827849,5.41643e-05,3.7022e-05,-0.00104637,0.000748145,0.00238222,0.000735484,-0.00102067,3.26689e-05,3.57665e-05,-0.000628948,0.000592038,0.000735484,0.00234486,-0.000898477,-0.00251621,2.48477e-05,-0.00139014,-0.000827849,-0.00102067,-0.000898477,0.0300038,0.00143162,-0.000823978,0.00015451,5.41643e-05,3.26689e-05,-0.00251621,0.00143162,0.0279219,-0.000349044,7.94882e-05,3.7022e-05,3.57665e-05,2.48477e-05,-0.000823978,-0.000349044,0.0466265,
0.00308636,0.000887698,-0.00104636,-0.000628951,-0.00139014,0.000154523,7.94735e-05,0.000887698,0.00185144,0.000748148,0.000592036,-0.000827843,5.41653e-05,3.69962e-05,-0.00104636,0.000748148,0.00238222,0.000735485,-0.00102067,3.26737e-05,3.5722e-05,-0.000628951,0.000592036,0.000735485,0.00234486,-0.000898494,-0.00251619,2.48572e-05,-0.00139014,-0.000827843,-0.00102067,-0.000898494,0.0300037,0.00143151,-0.000824286,0.000154523,5.41653e-05,3.26737e-05,-0.00251619,0.00143151,0.027922,-0.00034942,7.94735e-05,3.69962e-05,3.5722e-05,2.48572e-05,-0.000824286,-0.00034942,0.0466264,
0.00308636,0.000887699,-0.00104636,-0.000628954,-0.00139014,0.000154536,7.94588e-05,0.000887699,0.00185144,0.00074815,0.000592034,-0.000827837,5.41663e-05,3.69704e-05,-0.00104636,0.00074815,0.00238222,0.000735485,-0.00102066,3.26785e-05,3.56775e-05,-0.000628954,0.000592034,0.000735485,0.00234486,-0.000898512,-0.00251617,2.48667e-05,-0.00139014,-0.000827837,-0.00102066,-0.000898512,0.0300037,0.0014314,-0.000824594,0.000154536,5.41663e-05,3.26785e-05,-0.00251617,0.0014314,0.0279221,-0.000349795,7.94588e-05,3.69704e-05,3.56775e-05,2.48667e-05,-0.000824594,-0.000349795,0.0466263,
0.00308636,0.000887699,-0.00104635,-0.000628956,-0.00139013,0.000154549,7.94441e-05,0.000887699,0.00185144,0.000748153,0.000592031,-0.000827831,5.41672e-05,3.69447e-05,-0.00104635,0.000748153,0.00238222,0.000735485,-0.00102065,3.26832e-05,3.56331e-05,-0.000628956,0.000592031,0.000735485,0.00234486,-0.000898529,-0.00251615,2.48761e-05,-0.00139013,-0.000827831,-0.00102065,-0.000898529,0.0300036,0.0014313,-0.000824901,0.000154549,5.41672e-05,3.26832e-05,-0.00251615,0.0014313,0.0279221,-0.00035017,7.94441e-05,3.69447e-05,3.56331e-05,2.48761e-05,-0.000824901,-0.00035017,0.0466263,
0.00308636,0.0008877,-0.00104635,-0.000628959,-0.00139013,0.000154562,7.94295e-05,0.0008877,0.00185144,0.000748156,0.000592029,-0.000827825,5.41682e-05,3.69189e-05,-0.00104635,0.000748156,0.00238223,0.000735485,-0.00102065,3.2688e-05,3.55887e-05,-0.000628959,0.000592029,0.000735485,0.00234486,-0.000898546,-0.00251613,2.48856e-05,-0.00139013,-0.000827825,-0.00102065,-0.000898546,0.0300035,0.00143119,-0.000825208,0.000154562,5.41682e-05,3.2688e-05,-0.00251613,0.00143119,0.0279222,-0.000350545,7.94295e-05,3.69189e-05,3.55887e-05,2.48856e-05,-0.000825208,-0.000350545,0.0466262,
0.00308635,0.000887701,-0.00104634,-0.000628962,-0.00139013,0.000154575,7.94148e-05,0.000887701,0.00185145,0.000748158,0.000592027,-0.000827819,5.41691e-05,3.68932e-05,-0.00104634,0.000748158,0.00238223,0.000735485,-0.00102064,3.26927e-05,3.55443e-05,-0.000628962,0.000592027,0.000735485,0.00234486,-0.000898563,-0.00251611,2.48951e-05,-0.00139013,-0.000827819,-0.00102064,-0.000898563,0.0300034,0.00143108,-0.000825515,0.000154575,5.41691e-05,3.26927e-05,-0.00251611,0.00143108,0.0279223,-0.000350919,7.94148e-05,3.68932e-05,3.55443e-05,2.48951e-05,-0.000825515,-0.000350919,0.0466261,
0.00308635,0.000887702,-0.00104634,-0.000628964,-0.00139013,0.000154588,7.94002e-05,0.000887702,0.00185145,0.000748161,0.000592025,-0.000827813,5.41701e-05,3.68675e-05,-0.00104634,0.000748161,0.00238223,0.000735485,-0.00102063,3.26974e-05,3.55e-05,-0.000628964,0.000592025,0.000735485,0.00234486,-0.000898581,-0.00251609,2.49045e-05,-0.00139013,-0.000827813,-0.00102063,-0.000898581,0.0300033,0.00143098,-0.000825822,0.000154588,5.41701e-05,3.26974e-05,-0.00251609,0.00143098,0.0279224,-0.000351293,7.94002e-05,3.68675e-05,3.55e-05,2.49045e-05,-0.000825822,-0.000351293,0.046626,
0.00308635,0.000887703,-0.00104633,-0.000628967,-0.00139012,0.000154601,7.93856e-05,0.000887703,0.00185145,0.000748164,0.000592023,-0.000827807,5.4171e-05,3.68419e-05,-0.00104633,0.000748164,0.00238223,0.000735486,-0.00102063,3.2702e-05,3.54557e-05,-0.000628967,0.000592023,0.000735486,0.00234486,-0.000898598,-0.00251607,2.4914e-05,-0.00139012,-0.000827807,-0.00102063,-0.000898598,0.0300032,0.00143087,-0.000826129,0.000154601,5.4171e-05,3.2702e-05,-0.00251607,0.00143087,0.0279224,-0.000351667,7.93856e-05,3.68419e-05,3.54557e-05,2.4914e-05,-0.000826129,-0.000351667,0.0466259,
0.00308635,0.000887703,-0.00104633,-0.000628969,-0.00139012,0.000154614,7.9371e-05,0.000887703,0.00185145,0.000748166,0.00059202,-0.000827801,5.4172e-05,3.68162e-05,-0.00104633,0.000748166,0.00238223,0.000735486,-0.00102062,3.27067e-05,3.54115e-05,-0.000628969,0.00059202,0.000735486,0.00234486,-0.000898615,-0.00251605,2.49235e-05,-0.00139012,-0.000827801,-0.00102062,-0.000898615,0.0300031,0.00143077,-0.000826436,0.000154614,5.4172e-05,3.27067e-05,-0.00251605,0.00143077,0.0279225,-0.000352041,7.9371e-05,3.68162e-05,3.54115e-05,2.49235e-05,-0.000826436,-0.000352041,0.0466258,
0.00308635,0.000887704,-0.00104633,-0.000628972,-0.00139012,0.000154627,7.93564e-05,0.000887704,0.00185146,0.000748169,0.000592018,-0.000827795,5.4173e-05,3.67905e-05,-0.00104633,0.000748169,0.00238223,0.000735486,-0.00102061,3.27113e-05,3.53672e-05,-0.000628972,0.000592018,0.000735486,0.00234486,-0.000898632,-0.00251603,2.49329e-05,-0.00139012,-0.000827795,-0.00102061,-0.000898632,0.030003,0.00143066,-0.000826742,0.000154627,5.4173e-05,3.27113e-05,-0.00251603,0.00143066,0.0279226,-0.000352414,7.93564e-05,3.67905e-05,3.53672e-05,2.49329e-05,-0.000826742,-0.000352414,0.0466257,
0.00308635,0.000887705,-0.00104632,-0.000628975,-0.00139012,0.00015464,7.93419e-05,0.000887705,0.00185146,0.000748171,0.000592016,-0.000827789,5.41739e-05,3.67649e-05,-0.00104632,0.000748171,0.00238223,0.000735486,-0.00102061,3.27159e-05,3.5323e-05,-0.000628975,0.000592016,0.000735486,0.00234486,-0.000898649,-0.00251601,2.49423e-05,-0.00139012,-0.000827789,-0.00102061,-0.000898649,0.0300029,0.00143055,-0.000827048,0.00015464,5.41739e-05,3.27159e-05,-0.00251601,0.00143055,0.0279226,-0.000352787,7.93419e-05,3.67649e-05,3.5323e-05,2.49423e-05,-0.000827048,-0.000352787,0.0466256,
0.00308634,0.000887706,-0.00104632,-0.000628977,-0.00139011,0.000154653,7.93273e-05,0.000887706,0.00185146,0.000748174,0.000592014,-0.000827783,5.41749e-05,3.67393e-05,-0.00104632,0.000748174,0.00238223,0.000735486,-0.0010206,3.27205e-05,3.52788e-05,-0.000628977,0.000592014,0.000735486,0.00234486,-0.000898666,-0.00251599,2.49518e-05,-0.00139011,-0.000827783,-0.0010206,-0.000898666,0.0300028,0.00143045,-0.000827355,0.000154653,5.41749e-05,3.27205e-05,-0.00251599,0.00143045,0.0279227,-0.000353161,7.93273e-05,3.67393e-05,3.52788e-05,2.49518e-05,-0.000827355,-0.000353161,0.0466255,
0.00308634,0.000887707,-0.00104631,-0.00062898,-0.00139011,0.000154666,7.93128e-05,0.000887707,0.00185146,0.000748177,0.000592012,-0.000827777,5.41758e-05,3.67137e-05,-0.00104631,0.000748177,0.00238223,0.000735486,-0.00102059,3.27251e-05,3.52347e-05,-0.00062898,0.000592012,0.000735486,0.00234486,-0.000898683,-0.00251597,2.49612e-05,-0.00139011,-0.000827777,-0.00102059,-0.000898683,0.0300027,0.00143034,-0.000827661,0.000154666,5.41758e-05,3.27251e-05,-0.00251597,0.00143034,0.0279228,-0.000353534,7.93128e-05,3.67137e-05,3.52347e-05,2.49612e-05,-0.000827661,-0.000353534,0.0466254,
0.00308634,0.000887707,-0.00104631,-0.000628982,-0.00139011,0.000154678,7.92982e-05,0.000887707,0.00185146,0.000748179,0.00059201,-0.000827771,5.41768e-05,3.66881e-05,-0.00104631,0.000748179,0.00238223,0.000735487,-0.00102059,3.27296e-05,3.51905e-05,-0.000628982,0.00059201,0.000735487,0.00234486,-0.000898701,-0.00251595,2.49706e-05,-0.00139011,-0.000827771,-0.00102059,-0.000898701,0.0300026,0.00143024,-0.000827967,0.000154678,5.41768e-05,3.27296e-05,-0.00251595,0.00143024,0.0279229,-0.000353906,7.92982e-05,3.66881e-05,3.51905e-05,2.49706e-05,-0.000827967,-0.000353906,0.0466253,
0.00308634,0.000887708,-0.0010463,-0.000628985,-0.00139011,0.000154691,7.92837e-05,0.000887708,0.00185147,0.000748182,0.000592007,-0.000827765,5.41778e-05,3.66625e-05,-0.0010463,0.000748182,0.00238224,0.000735487,-0.00102058,3.27342e-05,3.51464e-05,-0.000628985,0.000592007,0.000735487,0.00234486,-0.000898718,-0.00251593,2.49801e-05,-0.00139011,-0.000827765,-0.00102058,-0.000898718,0.0300025,0.00143013,-0.000828273,0.000154691,5.41778e-05,3.27342e-05,-0.00251593,0.00143013,0.0279229,-0.000354279,7.92837e-05,3.66625e-05,3.51464e-05,2.49801e-05,-0.000828273,-0.000354279,0.0466252,
0.00308634,0.000887709,-0.0010463,-0.000628987,-0.0013901,0.000154704,7.92692e-05,0.000887709,0.00185147,0.000748184,0.000592005,-0.000827759,5.41787e-05,3.66369e-05,-0.0010463,0.000748184,0.00238224,0.000735487,-0.00102057,3.27387e-05,3.51023e-05,-0.000628987,0.000592005,0.000735487,0.00234486,-0.000898735,-0.00251591,2.49895e-05,-0.0013901,-0.000827759,-0.00102057,-0.000898735,0.0300024,0.00143003,-0.000828579,0.000154704,5.41787e-05,3.27387e-05,-0.00251591,0.00143003,0.027923,-0.000354652,7.92692e-05,3.66369e-05,3.51023e-05,2.49895e-05,-0.000828579,-0.000354652,0.0466251,
0.00308634,0.00088771,-0.0010463,-0.00062899,-0.0013901,0.000154717,7.92547e-05,0.00088771,0.00185147,0.000748187,0.000592003,-0.000827753,5.41797e-05,3.66114e-05,-0.0010463,0.000748187,0.00238224,0.000735487,-0.00102057,3.27432e-05,3.50582e-05,-0.00062899,0.000592003,0.000735487,0.00234486,-0.000898752,-0.00251589,2.49989e-05,-0.0013901,-0.000827753,-0.00102057,-0.000898752,0.0300023,0.00142992,-0.000828885,0.000154717,5.41797e-05,3.27432e-05,-0.00251589,0.00142992,0.0279231,-0.000355024,7.92547e-05,3.66114e-05,3.50582e-05,2.49989e-05,-0.000828885,-0.000355024,0.046625,
0.00308633,0.00088771,-0.00104629,-0.000628992,-0.0013901,0.000154729,7.92402e-05,0.00088771,0.00185147,0.00074819,0.000592001,-0.000827747,5.41807e-05,3.65858e-05,-0.00104629,0.00074819,0.00238224,0.000735487,-0.00102056,3.27477e-05,3.50141e-05,-0.000628992,0.000592001,0.000735487,0.00234486,-0.000898769,-0.00251587,2.50083e-05,-0.0013901,-0.000827747,-0.00102056,-0.000898769,0.0300022,0.00142982,-0.000829191,0.000154729,5.41807e-05,3.27477e-05,-0.00251587,0.00142982,0.0279231,-0.000355397,7.92402e-05,3.65858e-05,3.50141e-05,2.50083e-05,-0.000829191,-0.000355397,0.0466249,
0.00308633,0.000887711,-0.00104629,-0.000628995,-0.0013901,0.000154742,7.92257e-05,0.000887711,0.00185147,0.000748192,0.000591999,-0.000827741,5.41816e-05,3.65603e-05,-0.00104629,0.000748192,0.00238224,0.000735488,-0.00102055,3.27522e-05,3.49701e-05,-0.000628995,0.000591999,0.000735488,0.00234486,-0.000898786,-0.00251585,2.50177e-05,-0.0013901,-0.000827741,-0.00102055,-0.000898786,0.0300021,0.00142971,-0.000829497,0.000154742,5.41816e-05,3.27522e-05,-0.00251585,0.00142971,0.0279232,-0.000355769,7.92257e-05,3.65603e-05,3.49701e-05,2.50177e-05,-0.000829497,-0.000355769,0.0466248,
