0.00357679,-0.000234236,-0.000921751,5.03634e-05,-0.000105548,-0.000771892,-0.000302145,0.000278012,0.000607777,7.29417e-05,-6.82365e-05,-0.00200382,-0.0012671,0.00032525,-0.000811171,-0.000335757,0.00433747,2.54523e-05,-0.000744265,-0.000533925,-0.000242813,-0.00172384,0.000253042,-0.00132075,0.000204754,0.00387057,0.000687022,-0.000614887,-0.000541832,-0.000789617,-0.000830244,-6.12609e-05,0.0339292,0.00197656,-0.00180901,-0.00146814,-0.000960752,-0.00102329,6.26267e-05,0.00336598,0.0270735,-0.000166235,-0.000155181,0.000120961,-0.000169658,5.08344e-07,-0.00198337,2.35418e-05,0.0467475,
0.00360104,-0.00023791,-0.000983847,4.98151e-05,-7.81657e-05,-0.000774094,-0.000304216,0.000231385,0.000605275,0.000133752,-6.77854e-05,-0.00203495,-0.00128081,0.000331462,-0.000816716,-0.000340167,0.00429171,2.61654e-05,-0.000707399,-0.000556952,-0.000246224,-0.00159863,0.000268801,-0.00151865,0.000202375,0.00396423,0.00074761,-0.000627856,-0.00057144,-0.000788267,-0.000761549,-6.10851e-05,0.0338848,0.0019731,-0.00180435,-0.00144094,-0.000949218,-0.00111228,6.11211e-05,0.00339604,0.0271178,-0.00016599,-0.000153339,0.000121779,-0.000168535,4.6482e-07,-0.00198476,2.53519e-05,0.0467473,
0.00362323,-0.000241645,-0.00104426,4.9259e-05,-5.1126e-05,-0.0007763,-0.000306962,0.000184807,0.000603024,0.000190897,-6.72687e-05,-0.00206375,-0.00129533,0.000338648,-0.000822247,-0.000344607,0.00424456,2.68353e-05,-0.000669929,-0.000579487,-0.000250037,-0.00147462,0.000284283,-0.00170371,0.00019977,0.00404878,0.00081177,-0.000643319,-0.000599973,-0.00078705,-0.000694478,-6.08943e-05,0.0338403,0.00196867,-0.00179878,-0.00141562,-0.000937319,-0.00119591,5.94928e-05,0.00342187,0.0271644,-0.000166126,-0.000151453,0.000122624,-0.000167224,4.22644e-07,-0.00198632,2.71767e-05,0.0467472,
0.00364249,-0.000245331,-0.00110128,4.87165e-05,-2.51062e-05,-0.000778562,-0.0003103,0.000139864,0.000601122,0.000242394,-6.67097e-05,-0.00208928,-0.00131008,0.000346611,-0.000827889,-0.000348975,0.00419765,2.74442e-05,-0.000633043,-0.000600981,-0.000254162,-0.00135605,0.000298984,-0.00186967,0.000197034,0.0041215,0.000877243,-0.000660781,-0.000626413,-0.000785968,-0.000631161,-6.06962e-05,0.0337971,0.00196346,-0.00179246,-0.0013932,-0.000925379,-0.00127156,5.77917e-05,0.00344256,0.0272118,-0.00016655,-0.000149556,0.000123471,-0.000165755,3.82662e-07,-0.00198801,2.89659e-05,0.046747,
0.00365828,-0.00024887,-0.0011539,4.82061e-05,-5.06158e-07,-0.000780947,-0.000314102,9.77184e-05,0.00059962,0.00028712,-6.61326e-05,-0.00211109,-0.00132456,0.000355106,-0.000833806,-0.000353206,0.0041523,2.79841e-05,-0.000597665,-0.000621124,-0.000258488,-0.00124592,0.000312562,-0.00201317,0.00019426,0.00418126,0.000942046,-0.000679611,-0.000650091,-0.000784993,-0.000573051,-6.04966e-05,0.0337561,0.0019577,-0.00178557,-0.0013743,-0.000913644,-0.00133785,5.60652e-05,0.00345782,0.027259,-0.000167132,-0.000147667,0.000124298,-0.000164162,3.4501e-07,-0.00198979,3.06831e-05,0.0467469,
0.00367038,-0.000252187,-0.0012016,4.77409e-05,2.24983e-05,-0.000783507,-0.000318234,5.91427e-05,0.000598531,0.000324642,-6.55583e-05,-0.0021291,-0.00133835,0.000363895,-0.000840152,-0.000357256,0.00410953,2.84532e-05,-0.000564456,-0.000639776,-0.000262901,-0.00114606,0.000324821,-0.00213308,0.000191523,0.00422809,0.00100459,-0.000699191,-0.000670604,-0.000784089,-0.000521005,-6.03e-05,0.0337181,0.00195166,-0.00177832,-0.00135917,-0.000902294,-0.00139438,5.43531e-05,0.00346785,0.0273051,-0.000167747,-0.0001458,0.000125087,-0.000162474,3.0954e-07,-0.00199163,3.23032e-05,0.0467467,
0.00367878,-0.000255222,-0.00124427,4.733e-05,4.38864e-05,-0.000786267,-0.000322575,2.45754e-05,0.000597841,0.000355036,-6.5004e-05,-0.00214345,-0.00135115,0.000372767,-0.000847041,-0.000361103,0.00407003,2.88543e-05,-0.000533844,-0.000656908,-0.000267297,-0.00105743,0.000335673,-0.00222991,0.000188885,0.00426288,0.0010637,-0.000718976,-0.000687774,-0.000783226,-0.000475397,-6.01109e-05,0.0336835,0.00194555,-0.00177091,-0.00134776,-0.000891452,-0.0014414,5.26867e-05,0.00347314,0.0273493,-0.000168293,-0.000143962,0.000125825,-0.000160724,2.76031e-07,-0.00199348,3.38098e-05,0.0467466,
0.00368362,-0.000257933,-0.00128203,4.69783e-05,6.37308e-05,-0.000789227,-0.000327019,-5.80913e-06,0.000597516,0.00037871,-6.44817e-05,-0.00215449,-0.00136279,0.000381545,-0.000854528,-0.000364737,0.00403421,2.91919e-05,-0.000506063,-0.000672562,-0.000271585,-0.000980208,0.000345115,-0.00230521,0.000186387,0.00428692,0.00111862,-0.000738519,-0.00070159,-0.000782381,-0.000436246,-5.99324e-05,0.0336523,0.00193958,-0.00176348,-0.00133985,-0.000881198,-0.00147962,5.10889e-05,0.00347431,0.0273913,-0.000168701,-0.000142162,0.000126503,-0.000158939,2.44248e-07,-0.00199534,3.51939e-05,0.0467465,
0.00368516,-0.000260292,-0.00131515,4.6687e-05,8.21498e-05,-0.000792365,-0.000331478,-3.20321e-05,0.000597512,0.000396273,-6.39992e-05,-0.00216261,-0.00137316,0.000390088,-0.00086262,-0.000368155,0.00400227,2.94721e-05,-0.000481195,-0.000686819,-0.00027569,-0.00091412,0.000353201,-0.0023611,0.000184058,0.00430172,0.00116891,-0.00075747,-0.000712169,-0.000781538,-0.000403317,-5.97667e-05,0.0336247,0.00193387,-0.0017562,-0.00133508,-0.00087158,-0.00150994,4.95748e-05,0.00347208,0.0274307,-0.000168927,-0.000140406,0.000127116,-0.000157146,2.13969e-07,-0.00199716,3.64516e-05,0.0467465,
0.00368372,-0.000262289,-0.00134399,4.64549e-05,9.92756e-05,-0.000795645,-0.000335883,-5.4251e-05,0.000597779,0.00040842,-6.35608e-05,-0.00216823,-0.00138224,0.000398286,-0.000871277,-0.000371363,0.00397423,2.97011e-05,-0.000459214,-0.000699777,-0.000279554,-0.000858535,0.000360019,-0.00239997,0.000181911,0.00430881,0.00121442,-0.00077557,-0.000719717,-0.000780689,-0.000376219,-5.96148e-05,0.0336003,0.00192855,-0.00174915,-0.00133304,-0.000862618,-0.00153336,4.81538e-05,0.00346712,0.0274673,-0.000168953,-0.000138698,0.000127663,-0.000155366,1.85016e-07,-0.00199894,3.75835e-05,0.0467464,
0.00367963,-0.000263923,-0.00136891,4.62787e-05,0.000115235,-0.000799024,-0.000340179,-7.27108e-05,0.000598267,0.000415868,-6.31673e-05,-0.00217174,-0.00139007,0.00040606,-0.000880423,-0.000374365,0.00395,2.98846e-05,-0.000440016,-0.00071154,-0.000283135,-0.000812633,0.000365678,-0.00242421,0.000179951,0.00430959,0.00125517,-0.000792638,-0.000724493,-0.000779829,-0.000354471,-5.94766e-05,0.0335792,0.00192368,-0.00174244,-0.0013333,-0.000854315,-0.00155086,4.68299e-05,0.00346005,0.0275013,-0.000168777,-0.000137043,0.000128143,-0.00015362,1.57228e-07,-0.00200065,3.85935e-05,0.0467464,
0.00367326,-0.000265203,-0.00139031,4.61541e-05,0.00013014,-0.00080246,-0.000344325,-8.77077e-05,0.00059893,0.000419305,-6.2818e-05,-0.00217353,-0.00139672,0.000413356,-0.000889964,-0.000377172,0.00392937,3.00281e-05,-0.000423446,-0.00072221,-0.000286406,-0.000775503,0.000370293,-0.0024361,0.000178174,0.00430535,0.00129133,-0.000808554,-0.000726789,-0.000778957,-0.000337553,-5.93514e-05,0.033561,0.00191929,-0.00173611,-0.00133546,-0.000846664,-0.00156337,4.56043e-05,0.00345142,0.0275324,-0.00016841,-0.000135446,0.000128559,-0.000151922,1.30483e-07,-0.0020023,3.94874e-05,0.0467464,
0.00366495,-0.000266147,-0.00140854,4.6076e-05,0.000144084,-0.00080591,-0.000348289,-9.95624e-05,0.000599723,0.000419368,-6.25104e-05,-0.0021739,-0.00140227,0.000420139,-0.000899792,-0.000379793,0.00391211,3.01368e-05,-0.000409322,-0.000731882,-0.00028935,-0.000746208,0.000373978,-0.00243769,0.000176573,0.00429718,0.00132317,-0.000823248,-0.000726905,-0.000778074,-0.000324937,-5.92377e-05,0.0335454,0.00191541,-0.00173023,-0.00133914,-0.000839647,-0.00157172,4.44752e-05,0.00344169,0.027561,-0.000167871,-0.000133908,0.000128914,-0.000150287,1.04682e-07,-0.00200387,4.02727e-05,0.0467464,
0.00365502,-0.000266778,-0.00142392,4.60388e-05,0.000157142,-0.000809339,-0.000352048,-0.000108602,0.000600611,0.000416632,-6.22411e-05,-0.00217313,-0.00140683,0.000426389,-0.000909793,-0.000382238,0.00389795,3.02148e-05,-0.000397445,-0.000740645,-0.000291964,-0.000723829,0.000376844,-0.00243083,0.000175137,0.004286,0.00135098,-0.000836693,-0.000725138,-0.000777181,-0.000316114,-5.91339e-05,0.0335324,0.00191203,-0.0017248,-0.00134401,-0.000833239,-0.00157664,4.34394e-05,0.00343125,0.0275869,-0.000167184,-0.000132433,0.000129212,-0.000148723,7.97442e-08,-0.00200535,4.09575e-05,0.0467464,
0.00364376,-0.000267123,-0.00143677,4.60372e-05,0.000169376,-0.000812718,-0.000355588,-0.000115146,0.000601561,0.000411604,-6.20063e-05,-0.00217145,-0.00141049,0.000432102,-0.00091986,-0.000384517,0.00388659,3.02663e-05,-0.000387613,-0.000748579,-0.000294251,-0.000707498,0.000378993,-0.00241714,0.000173852,0.00427258,0.00137511,-0.000848889,-0.000721775,-0.000776281,-0.0003106,-5.90384e-05,0.0335216,0.00190914,-0.00171985,-0.00134978,-0.000827413,-0.00157877,4.24925e-05,0.0034204,0.0276104,-0.000166373,-0.000131023,0.000129456,-0.000147239,5.561e-08,-0.00200675,4.15508e-05,0.0467464,
0.00363146,-0.000267213,-0.00144735,4.6066e-05,0.000180833,-0.000816023,-0.000358899,-0.000119502,0.000602547,0.000404727,-6.18023e-05,-0.00216905,-0.00141338,0.000437281,-0.00092989,-0.00038664,0.00387774,3.02946e-05,-0.000379627,-0.000755757,-0.000296221,-0.000696404,0.00038052,-0.00239798,0.000172705,0.00425753,0.00139588,-0.000859859,-0.000717084,-0.000775377,-0.000307947,-5.89494e-05,0.0335128,0.0019067,-0.00171537,-0.00135621,-0.000822139,-0.00157863,4.16295e-05,0.00340941,0.0276317,-0.000165463,-0.000129677,0.000129653,-0.000145839,3.22398e-08,-0.00200807,4.20612e-05,0.0467464,
0.00361836,-0.000267076,-0.00145592,4.61202e-05,0.000191553,-0.000819236,-0.000361977,-0.000121957,0.000603546,0.000396383,-6.16252e-05,-0.00216609,-0.00141557,0.000441941,-0.00093979,-0.000388617,0.00387114,3.03029e-05,-0.000373292,-0.000762243,-0.000297889,-0.000689811,0.000381508,-0.00237455,0.000171684,0.00424137,0.00141364,-0.000869645,-0.000711311,-0.000774472,-0.000307747,-5.88653e-05,0.0335058,0.00190471,-0.00171136,-0.0013631,-0.000817384,-0.00157669,4.08453e-05,0.00339847,0.0276508,-0.000164479,-0.000128398,0.000129806,-0.000144526,9.6043e-09,-0.0020093,4.24974e-05,0.0467465,
0.00360468,-0.000266743,-0.00146271,4.61954e-05,0.000201568,-0.000822346,-0.000364819,-0.000122777,0.000604542,0.000386903,-6.14715e-05,-0.0021627,-0.00141717,0.000446098,-0.00094948,-0.000390455,0.0038665,3.0294e-05,-0.000368427,-0.000768098,-0.000299274,-0.000687048,0.000382034,-0.00234786,0.000170774,0.00422449,0.00142868,-0.0008783,-0.000704681,-0.000773567,-0.000309626,-5.87848e-05,0.0335004,0.00190311,-0.00170781,-0.00137028,-0.000813118,-0.00157331,4.01344e-05,0.00338771,0.0276679,-0.000163442,-0.000127185,0.00012992,-0.000143301,-1.23168e-08,-0.00201045,4.28678e-05,0.0467465,
0.00359061,-0.000266243,-0.00146792,4.62875e-05,0.000210906,-0.000825344,-0.000367431,-0.000122207,0.000605521,0.000376568,-6.13379e-05,-0.00215898,-0.00141825,0.000449777,-0.000958892,-0.000392164,0.00386359,3.02703e-05,-0.000364859,-0.000773373,-0.000300396,-0.000687517,0.000382167,-0.00231873,0.000169966,0.00420721,0.00144131,-0.000885885,-0.000697394,-0.000772667,-0.000313251,-5.87067e-05,0.0334965,0.00190188,-0.0017047,-0.00137761,-0.000809306,-0.00156883,3.94917e-05,0.00337726,0.0276832,-0.000162372,-0.000126038,0.00013,-0.000142165,-3.3529e-08,-0.00201152,4.31802e-05,0.0467466,
0.00357633,-0.000265605,-0.00147173,4.6393e-05,0.000219593,-0.000828224,-0.000369816,-0.000120466,0.000606473,0.000365618,-6.12214e-05,-0.00215503,-0.0014189,0.000453005,-0.000967968,-0.00039375,0.00386216,3.02342e-05,-0.000362428,-0.000778119,-0.000301278,-0.000690685,0.000381965,-0.0022879,0.000169246,0.0041898,0.0014518,-0.00089247,-0.000689627,-0.000771773,-0.000318322,-5.86301e-05,0.0334938,0.00190098,-0.001702,-0.00138498,-0.000805917,-0.00156349,3.8912e-05,0.0033672,0.0276968,-0.000161286,-0.000124955,0.00013005,-0.000141117,-5.40336e-08,-0.0020125,4.34419e-05,0.0467467,
0.00356198,-0.000264854,-0.00147432,4.65086e-05,0.000227655,-0.000830986,-0.000371981,-0.000117754,0.000607389,0.000354256,-6.11196e-05,-0.00215091,-0.00141917,0.00045581,-0.000976666,-0.000395221,0.00386201,3.01876e-05,-0.000360989,-0.000782377,-0.000301943,-0.00069608,0.000381483,-0.00225595,0.000168606,0.00417243,0.00146041,-0.000898126,-0.000681535,-0.000770889,-0.000324573,-5.85544e-05,0.0334923,0.00190038,-0.00169968,-0.00139232,-0.000802918,-0.00155751,3.83903e-05,0.00335759,0.0277088,-0.000160197,-0.000123937,0.000130073,-0.000140153,-7.3827e-08,-0.00201342,4.36597e-05,0.0467467,
0.0035477,-0.000264013,-0.00147584,4.66315e-05,0.000235117,-0.000833628,-0.000373938,-0.000114249,0.000608266,0.000342654,-6.10301e-05,-0.00214668,-0.00141914,0.000458222,-0.000984951,-0.000396583,0.00386294,3.01323e-05,-0.000360406,-0.00078619,-0.000302413,-0.000703287,0.000380767,-0.00222337,0.000168037,0.00415528,0.00146735,-0.000902924,-0.000673252,-0.000770016,-0.000331767,-5.8479e-05,0.0334917,0.00190005,-0.00169773,-0.00139954,-0.000800279,-0.00155108,3.7922e-05,0.00334846,0.0277194,-0.000159118,-0.000122981,0.000130075,-0.000139272,-9.29025e-08,-0.00201426,4.38397e-05,0.0467468,
0.00353358,-0.000263104,-0.00147643,4.67595e-05,0.000242003,-0.000836152,-0.000375694,-0.000110106,0.000609098,0.000330957,-6.09512e-05,-0.0021424,-0.00141885,0.000460274,-0.000992801,-0.000397842,0.00386477,3.007e-05,-0.000360556,-0.000789594,-0.000302711,-0.000711943,0.000379859,-0.00219058,0.00016753,0.00413846,0.00147284,-0.000906939,-0.000664892,-0.000769159,-0.000339698,-5.84038e-05,0.033492,0.00189995,-0.00169611,-0.00140661,-0.000797969,-0.00154433,3.75028e-05,0.00333982,0.0277287,-0.000158059,-0.000122085,0.000130057,-0.00013847,-1.11248e-07,-0.00201503,4.39875e-05,0.0467469,
0.00351971,-0.000262146,-0.00147621,4.68905e-05,0.000248339,-0.00083856,-0.000377264,-0.000105466,0.000609885,0.000319284,-6.08812e-05,-0.0021381,-0.00141836,0.000461995,-0.0010002,-0.000399005,0.00386736,3.00021e-05,-0.00036133,-0.000792623,-0.000302858,-0.000721733,0.000378796,-0.00215791,0.000167079,0.00412207,0.00147706,-0.000910243,-0.00065655,-0.000768319,-0.000348184,-5.83284e-05,0.033493,0.00190005,-0.00169479,-0.00141348,-0.00079596,-0.00153739,3.71284e-05,0.00333171,0.0277369,-0.000157027,-0.000121249,0.000130024,-0.000137743,-1.28854e-07,-0.00201574,4.4108e-05,0.046747,
0.00350618,-0.000261155,-0.00147531,4.70228e-05,0.000254153,-0.000840854,-0.000378657,-0.000100448,0.000610624,0.000307735,-6.08186e-05,-0.00213382,-0.00141769,0.000463417,-0.00100715,-0.000400075,0.00387056,2.993e-05,-0.000362626,-0.000795308,-0.000302874,-0.000732382,0.000377611,-0.00212563,0.000166677,0.00410617,0.00148019,-0.000912906,-0.000648307,-0.000767498,-0.000357067,-5.8253e-05,0.0334947,0.00190032,-0.00169375,-0.00142012,-0.000794225,-0.00153035,3.6795e-05,0.0033241,0.0277439,-0.000156029,-0.000120469,0.000129978,-0.000137087,-1.45711e-07,-0.00201639,4.42058e-05,0.046747,
0.00349305,-0.000260145,-0.00147383,4.71549e-05,0.000259472,-0.000843038,-0.000379888,-9.51587e-05,0.000611316,0.00029639,-6.07625e-05,-0.00212958,-0.00141688,0.000464569,-0.00101364,-0.00040106,0.00387425,2.98547e-05,-0.000364356,-0.00079768,-0.000302778,-0.000743655,0.000376331,-0.00209397,0.00016632,0.00409081,0.00148237,-0.000914995,-0.000640229,-0.000766699,-0.000366209,-5.81776e-05,0.0334969,0.00190074,-0.00169295,-0.00142651,-0.000792737,-0.00152329,3.64989e-05,0.003317,0.02775,-0.000155069,-0.000119745,0.000129922,-0.000136497,-1.61809e-07,-0.00201699,4.42847e-05,0.0467471,
0.00348035,-0.00025913,-0.00147186,4.72857e-05,0.000264324,-0.000845116,-0.000380968,-8.96878e-05,0.000611961,0.000285315,-6.07119e-05,-0.00212542,-0.00141598,0.00046548,-0.00101968,-0.000401964,0.00387831,2.97774e-05,-0.000366439,-0.000799765,-0.000302588,-0.00075535,0.00037498,-0.0020631,0.000166001,0.00407604,0.00148373,-0.000916577,-0.000632366,-0.000765924,-0.000375494,-5.81023e-05,0.0334995,0.00190129,-0.00169236,-0.00143265,-0.000791472,-0.00151628,3.62368e-05,0.00331039,0.0277553,-0.000154151,-0.000119072,0.000129857,-0.00013597,-1.77142e-07,-0.00201753,4.43482e-05,0.0467472,
0.00346814,-0.000258119,-0.00146949,4.74143e-05,0.000268737,-0.00084709,-0.00038191,-8.41129e-05,0.000612561,0.000274561,-6.0666e-05,-0.00212135,-0.00141499,0.000466178,-0.00102528,-0.000402791,0.00388267,2.96988e-05,-0.000368804,-0.00080159,-0.00030232,-0.000767297,0.000373582,-0.00203315,0.000165716,0.00406188,0.00148441,-0.00091771,-0.000624759,-0.000765173,-0.000384821,-5.80275e-05,0.0335025,0.00190193,-0.00169197,-0.00143852,-0.000790407,-0.00150936,3.60055e-05,0.00330425,0.0277597,-0.000153276,-0.00011845,0.000129787,-0.000135501,-1.91703e-07,-0.00201802,4.43993e-05,0.0467472,
0.00348516,-0.000281359,-0.00141857,9.01067e-05,0.00017584,-0.000868679,-0.000364446,-0.00011515,0.000644025,0.000202665,-0.000114907,-0.00199381,-0.00138881,0.000443374,-0.00101256,-0.000418648,0.00391727,5.61412e-05,-0.000431762,-0.000815462,-0.000290598,-0.000679319,0.000287795,-0.00183638,0.000313618,0.00371109,0.00141588,-0.000854824,-0.000652475,-0.000734903,-0.0004529,-0.000109844,0.0336239,0.00192669,-0.00171404,-0.00142247,-0.000807774,-0.00146627,6.78591e-05,0.00322559,0.0277486,-0.000138679,-0.000117999,0.000129817,-0.000135294,-3.89486e-07,-0.00201805,4.45259e-05,0.0467472,
0.00386478,-0.000606215,-0.000775188,0.000663145,-0.00111993,-0.00113584,-0.00011927,-0.000606215,0.00105863,-0.000621207,-0.000842951,-0.000338634,-0.00105046,0.00013124,-0.000775188,-0.000621207,0.00431875,0.000411007,-0.00123957,-0.00098124,-0.000137878,0.000663145,-0.000842951,0.000411007,0.00229901,-0.000805307,0.000495662,-3.03986e-06,-0.00111993,-0.000338634,-0.00123957,-0.000805307,0.0352049,0.00224967,-0.00201247,-0.00113584,-0.00105046,-0.00098124,0.000495662,0.00224967,0.0275535,4.57807e-05,-0.00011927,0.00013124,-0.000137878,-3.03986e-06,-0.00201247,4.57807e-05,0.0467461,
0.00385996,-0.00060642,-0.000777195,0.000666106,-0.00111844,-0.00113862,-0.000118923,-0.00060642,0.0010592,-0.000621404,-0.000844009,-0.000338172,-0.00104907,0.000131251,-0.000777195,-0.000621404,0.00431825,0.00041061,-0.00123916,-0.000982026,-0.000137716,0.000666106,-0.000844009,0.00041061,0.00230054,-0.000805825,0.000494532,-3.21358e-06,-0.00111844,-0.000338172,-0.00123916,-0.000805825,0.0352044,0.00225054,-0.00201249,-0.00113862,-0.00104907,-0.000982026,0.000494532,0.00225054,0.0275564,4.58768e-05,-0.000118923,0.000131251,-0.000137716,-3.21359e-06,-0.00201249,4.58768e-05,0.0467461,
0.00385554,-0.000606554,-0.000778958,0.000668854,-0.00111709,-0.0011411,-0.000118611,-0.000606554,0.00105967,-0.000621516,-0.000844968,-0.000337803,-0.00104787,0.000131255,-0.000778958,-0.000621516,0.00431789,0.000410187,-0.00123881,-0.000982591,-0.000137578,0.000668854,-0.000844968,0.000410187,0.00230197,-0.000806212,0.000493535,-3.37706e-06,-0.00111709,-0.000337803,-0.00123881,-0.000806212,0.035204,0.00225126,-0.00201249,-0.0011411,-0.00104787,-0.000982591,0.000493535,0.00225126,0.0275589,4.59646e-05,-0.000118611,0.000131255,-0.000137578,-3.37707e-06,-0.00201249,4.59646e-05,0.0467461,
0.00385147,-0.000606643,-0.000780537,0.00067139,-0.00111587,-0.00114335,-0.000118325,-0.000606643,0.00106008,-0.000621579,-0.000845853,-0.000337485,-0.00104682,0.000131255,-0.000780537,-0.000621579,0.00431762,0.000409771,-0.00123852,-0.000983041,-0.000137456,0.00067139,-0.000845853,0.000409771,0.0023033,-0.000806464,0.000492664,-3.53369e-06,-0.00111587,-0.000337485,-0.00123852,-0.000806464,0.0352036,0.00225187,-0.00201248,-0.00114335,-0.00104682,-0.000983041,0.000492664,0.00225187,0.0275611,4.605e-05,-0.000118325,0.000131255,-0.000137456,-3.53368e-06,-0.00201248,4.605e-05,0.0467461,
0.00384771,-0.000606705,-0.000781972,0.00067373,-0.00111476,-0.00114542,-0.000118063,-0.000606705,0.00106044,-0.000621616,-0.000846672,-0.000337202,-0.00104588,0.000131253,-0.000781972,-0.000621616,0.00431739,0.000409375,-0.00123828,-0.000983423,-0.000137346,0.00067373,-0.000846672,0.000409375,0.00230453,-0.000806611,0.000491902,-3.6828e-06,-0.00111476,-0.000337202,-0.00123828,-0.000806611,0.0352033,0.00225239,-0.00201246,-0.00114542,-0.00104588,-0.000983423,0.000491902,0.00225239,0.0275632,4.6135e-05,-0.000118063,0.000131253,-0.000137346,-3.6828e-06,-0.00201246,4.6135e-05,0.0467461,
0.00384423,-0.000606749,-0.000783286,0.000675891,-0.00111375,-0.00114733,-0.00011782,-0.000606749,0.00106077,-0.000621637,-0.000847434,-0.000336944,-0.00104502,0.000131251,-0.000783286,-0.000621637,0.0043172,0.000409003,-0.00123806,-0.000983761,-0.000137245,0.000675891,-0.000847434,0.000409003,0.00230569,-0.000806687,0.000491226,-3.8229e-06,-0.00111375,-0.000336944,-0.00123806,-0.000806687,0.0352031,0.00225285,-0.00201244,-0.00114733,-0.00104502,-0.000983761,0.000491226,0.00225285,0.0275651,4.622e-05,-0.00011782,0.000131251,-0.000137245,-3.8229e-06,-0.00201244,4.622e-05,0.046746,
0.003841,-0.000606782,-0.000784499,0.00067789,-0.00111283,-0.0011491,-0.000117595,-0.000606782,0.00106106,-0.00062165,-0.000848144,-0.000336705,-0.00104423,0.000131248,-0.000784499,-0.00062165,0.00431703,0.000408655,-0.00123787,-0.00098407,-0.000137152,0.00067789,-0.000848144,0.000408655,0.00230676,-0.000806719,0.000490618,-3.95284e-06,-0.00111283,-0.000336705,-0.00123787,-0.000806719,0.0352029,0.00225326,-0.00201242,-0.0011491,-0.00104423,-0.00098407,0.000490618,0.00225326,0.0275668,4.6305e-05,-0.000117595,0.000131248,-0.000137152,-3.95284e-06,-0.00201242,4.6305e-05,0.046746,
0.00383799,-0.000606808,-0.000785625,0.000679744,-0.00111197,-0.00115073,-0.000117386,-0.000606808,0.00106134,-0.00062166,-0.000848807,-0.000336482,-0.00104349,0.000131246,-0.000785625,-0.00062166,0.00431687,0.000408332,-0.00123769,-0.000984358,-0.000137065,0.000679744,-0.000848807,0.000408332,0.00230777,-0.000806727,0.000490064,-4.0721e-06,-0.00111197,-0.000336482,-0.00123769,-0.000806727,0.0352027,0.00225364,-0.00201241,-0.00115073,-0.00104349,-0.000984358,0.000490064,0.00225364,0.0275685,4.639e-05,-0.000117386,0.000131246,-0.000137065,-4.0721e-06,-0.00201241,4.63899e-05,0.046746,
0.00383518,-0.000606831,-0.000786676,0.000681467,-0.00111117,-0.00115226,-0.00011719,-0.000606831,0.0010616,-0.00062167,-0.000849427,-0.000336271,-0.0010428,0.000131245,-0.000786676,-0.00062167,0.00431672,0.000408031,-0.00123753,-0.000984631,-0.000136985,0.000681467,-0.000849427,0.000408031,0.00230871,-0.000806725,0.000489552,-4.18066e-06,-0.00111117,-0.000336271,-0.00123753,-0.000806725,0.0352025,0.002254,-0.0020124,-0.00115226,-0.0010428,-0.000984631,0.000489552,0.002254,0.02757,4.64747e-05,-0.00011719,0.000131245,-0.000136985,-4.18066e-06,-0.0020124,4.64747e-05,0.0467459,
0.00383255,-0.000606852,-0.000787661,0.000683072,-0.00111043,-0.00115369,-0.000117008,-0.000606852,0.00106184,-0.000621681,-0.000850008,-0.000336073,-0.00104215,0.000131245,-0.000787661,-0.000621681,0.00431657,0.000407751,-0.00123738,-0.000984893,-0.00013691,0.000683072,-0.000850008,0.000407751,0.0023096,-0.000806721,0.000489077,-4.27887e-06,-0.00111043,-0.000336073,-0.00123738,-0.000806721,0.0352023,0.00225434,-0.0020124,-0.00115369,-0.00104215,-0.000984893,0.000489077,0.00225434,0.0275714,4.65591e-05,-0.000117008,0.000131245,-0.00013691,-4.27886e-06,-0.0020124,4.65591e-05,0.0467459,
0.00383009,-0.000606871,-0.000788588,0.000684571,-0.00110973,-0.00115502,-0.000116836,-0.000606871,0.00106207,-0.000621694,-0.000850554,-0.000335884,-0.00104154,0.000131247,-0.000788588,-0.000621694,0.00431643,0.000407491,-0.00123724,-0.000985145,-0.00013684,0.000684571,-0.000850554,0.000407491,0.00231043,-0.00080672,0.000488631,-4.36725e-06,-0.00110973,-0.000335884,-0.00123724,-0.00080672,0.0352022,0.00225466,-0.00201241,-0.00115502,-0.00104154,-0.000985145,0.000488631,0.00225466,0.0275728,4.66433e-05,-0.000116836,0.000131247,-0.00013684,-4.36725e-06,-0.00201241,4.66433e-05,0.0467459,
0.00382776,-0.000606891,-0.000789463,0.000685975,-0.00110907,-0.00115628,-0.000116675,-0.000606891,0.00106229,-0.000621711,-0.000851068,-0.000335704,-0.00104096,0.00013125,-0.000789463,-0.000621711,0.00431628,0.000407249,-0.00123711,-0.00098539,-0.000136774,0.000685975,-0.000851068,0.000407249,0.00231121,-0.000806726,0.000488211,-4.44647e-06,-0.00110907,-0.000335704,-0.00123711,-0.000806726,0.035202,0.00225497,-0.00201243,-0.00115628,-0.00104096,-0.00098539,0.000488211,0.00225497,0.0275741,4.67271e-05,-0.000116675,0.00013125,-0.000136774,-4.44647e-06,-0.00201243,4.67271e-05,0.0467458,
0.00382557,-0.000606911,-0.000790293,0.000687292,-0.00110845,-0.00115746,-0.000116524,-0.000606911,0.0010625,-0.000621729,-0.000851554,-0.000335532,-0.0010404,0.000131253,-0.000790293,-0.000621729,0.00431614,0.000407023,-0.00123698,-0.000985629,-0.000136712,0.000687292,-0.000851554,0.000407023,0.00231195,-0.000806739,0.000487813,-4.51723e-06,-0.00110845,-0.000335532,-0.00123698,-0.000806739,0.0352018,0.00225527,-0.00201246,-0.00115746,-0.0010404,-0.000985629,0.000487813,0.00225527,0.0275753,4.68106e-05,-0.000116524,0.000131253,-0.000136712,-4.51723e-06,-0.00201246,4.68106e-05,0.0467458,
0.00382349,-0.000606932,-0.000791081,0.000688533,-0.00110786,-0.00115858,-0.000116381,-0.000606932,0.0010627,-0.000621751,-0.000852014,-0.000335367,-0.00103987,0.000131259,-0.000791081,-0.000621751,0.004316,0.000406812,-0.00123686,-0.000985863,-0.000136653,0.000688533,-0.000852014,0.000406812,0.00231264,-0.000806761,0.000487434,-4.58024e-06,-0.00110786,-0.000335367,-0.00123686,-0.000806761,0.0352016,0.00225556,-0.00201249,-0.00115858,-0.00103987,-0.000985863,0.000487434,0.00225556,0.0275765,4.68938e-05,-0.000116381,0.000131259,-0.000136653,-4.58024e-06,-0.00201249,4.68938e-05,0.0467458,
0.00382152,-0.000606953,-0.000791832,0.000689704,-0.0011073,-0.00115964,-0.000116245,-0.000606953,0.0010629,-0.000621776,-0.000852451,-0.000335208,-0.00103936,0.000131265,-0.000791832,-0.000621776,0.00431587,0.000406614,-0.00123674,-0.000986093,-0.000136597,0.000689704,-0.000852451,0.000406614,0.00231331,-0.000806791,0.000487072,-4.63618e-06,-0.0011073,-0.000335208,-0.00123674,-0.000806791,0.0352014,0.00225584,-0.00201253,-0.00115964,-0.00103936,-0.000986093,0.000487072,0.00225584,0.0275776,4.69767e-05,-0.000116245,0.000131265,-0.000136597,-4.63618e-06,-0.00201253,4.69767e-05,0.0467457,
0.00381965,-0.000606975,-0.000792551,0.000690812,-0.00110676,-0.00116064,-0.000116116,-0.000606975,0.00106308,-0.000621803,-0.000852867,-0.000335054,-0.00103887,0.000131272,-0.000792551,-0.000621803,0.00431573,0.000406429,-0.00123663,-0.00098632,-0.000136544,0.000690812,-0.000852867,0.000406429,0.00231394,-0.00080683,0.000486724,-4.68569e-06,-0.00110676,-0.000335054,-0.00123663,-0.00080683,0.0352012,0.00225612,-0.00201258,-0.00116064,-0.00103887,-0.00098632,0.000486724,0.00225612,0.0275787,4.70593e-05,-0.000116116,0.000131272,-0.000136544,-4.68569e-06,-0.00201258,4.70593e-05,0.0467457,
0.00381786,-0.000606998,-0.00079324,0.000691864,-0.00110625,-0.0011616,-0.000115993,-0.000606998,0.00106326,-0.000621833,-0.000853264,-0.000334906,-0.00103839,0.000131279,-0.00079324,-0.000621833,0.00431559,0.000406254,-0.00123652,-0.000986543,-0.000136493,0.000691864,-0.000853264,0.000406254,0.00231454,-0.000806876,0.000486391,-4.72939e-06,-0.00110625,-0.000334906,-0.00123652,-0.000806876,0.035201,0.00225639,-0.00201263,-0.0011616,-0.00103839,-0.000986543,0.000486391,0.00225639,0.0275798,4.71417e-05,-0.000115993,0.000131279,-0.000136493,-4.72939e-06,-0.00201263,4.71417e-05,0.0467456,
0.00381614,-0.000607022,-0.000793902,0.000692865,-0.00110576,-0.00116252,-0.000115876,-0.000607022,0.00106344,-0.000621865,-0.000853644,-0.000334762,-0.00103793,0.000131288,-0.000793902,-0.000621865,0.00431545,0.00040609,-0.00123641,-0.000986763,-0.000136444,0.000692865,-0.000853644,0.00040609,0.00231511,-0.000806931,0.000486069,-4.76783e-06,-0.00110576,-0.000334762,-0.00123641,-0.000806931,0.0352008,0.00225666,-0.00201269,-0.00116252,-0.00103793,-0.000986763,0.000486069,0.00225666,0.0275807,4.72238e-05,-0.000115876,0.000131288,-0.000136444,-4.76783e-06,-0.00201269,4.72238e-05,0.0467456,
0.0038145,-0.000607046,-0.000794541,0.000693821,-0.00110528,-0.0011634,-0.000115764,-0.000607046,0.00106361,-0.000621899,-0.000854008,-0.000334622,-0.00103749,0.000131298,-0.000794541,-0.000621899,0.00431531,0.000405934,-0.0012363,-0.000986981,-0.000136398,0.000693821,-0.000854008,0.000405934,0.00231566,-0.000806992,0.000485758,-4.80151e-06,-0.00110528,-0.000334622,-0.0012363,-0.000806992,0.0352006,0.00225692,-0.00201275,-0.0011634,-0.00103749,-0.000986981,0.000485758,0.00225692,0.0275817,4.73056e-05,-0.000115764,0.000131298,-0.000136398,-4.80151e-06,-0.00201275,4.73056e-05,0.0467456,
0.00381292,-0.000607071,-0.000795158,0.000694735,-0.00110483,-0.00116424,-0.000115656,-0.000607071,0.00106378,-0.000621935,-0.000854359,-0.000334486,-0.00103705,0.000131308,-0.000795158,-0.000621935,0.00431518,0.000405787,-0.0012362,-0.000987197,-0.000136353,0.000694735,-0.000854359,0.000405787,0.00231619,-0.00080706,0.000485456,-4.83091e-06,-0.00110483,-0.000334486,-0.0012362,-0.00080706,0.0352004,0.00225718,-0.00201282,-0.00116424,-0.00103705,-0.000987197,0.000485456,0.00225718,0.0275826,4.73873e-05,-0.000115656,0.000131308,-0.000136353,-4.83091e-06,-0.00201282,4.73873e-05,0.0467455,
0.0038114,-0.000607097,-0.000795757,0.000695613,-0.00110439,-0.00116505,-0.000115552,-0.000607097,0.00106394,-0.000621972,-0.000854697,-0.000334353,-0.00103663,0.000131318,-0.000795757,-0.000621972,0.00431504,0.000405647,-0.0012361,-0.000987411,-0.000136309,0.000695613,-0.000854697,0.000405647,0.0023167,-0.000807133,0.000485163,-4.85645e-06,-0.00110439,-0.000334353,-0.0012361,-0.000807133,0.0352002,0.00225744,-0.00201289,-0.00116505,-0.00103663,-0.000987411,0.000485163,0.00225744,0.0275835,4.74687e-05,-0.000115552,0.000131318,-0.000136309,-4.85645e-06,-0.00201289,4.74687e-05,0.0467455,
0.00380993,-0.000607123,-0.000796337,0.000696457,-0.00110396,-0.00116583,-0.000115452,-0.000607123,0.0010641,-0.000622011,-0.000855024,-0.000334224,-0.00103622,0.000131329,-0.000796337,-0.000622011,0.0043149,0.000405513,-0.001236,-0.000987623,-0.000136268,0.000696457,-0.000855024,0.000405513,0.0023172,-0.000807212,0.000484877,-4.87851e-06,-0.00110396,-0.000334224,-0.001236,-0.000807212,0.0352,0.00225769,-0.00201297,-0.00116583,-0.00103622,-0.000987623,0.000484877,0.00225769,0.0275844,4.755e-05,-0.000115452,0.000131329,-0.000136268,-4.87851e-06,-0.00201297,4.755e-05,0.0467454,
0.0038085,-0.00060715,-0.000796903,0.000697272,-0.00110354,-0.00116659,-0.000115355,-0.00060715,0.00106426,-0.000622052,-0.000855341,-0.000334096,-0.00103581,0.000131341,-0.000796903,-0.000622052,0.00431476,0.000405386,-0.0012359,-0.000987834,-0.000136227,0.000697272,-0.000855341,0.000405386,0.00231767,-0.000807296,0.000484598,-4.89743e-06,-0.00110354,-0.000334096,-0.0012359,-0.000807296,0.0351997,0.00225794,-0.00201304,-0.00116659,-0.00103581,-0.000987834,0.000484598,0.00225794,0.0275853,4.7631e-05,-0.000115355,0.000131341,-0.000136227,-4.89743e-06,-0.00201304,4.7631e-05,0.0467454,
0.00380712,-0.000607177,-0.000797454,0.000698059,-0.00110314,-0.00116733,-0.000115262,-0.000607177,0.00106441,-0.000622094,-0.000855649,-0.000333972,-0.00103542,0.000131353,-0.000797454,-0.000622094,0.00431462,0.000405263,-0.00123581,-0.000988043,-0.000136187,0.000698059,-0.000855649,0.000405263,0.00231814,-0.000807385,0.000484326,-4.91354e-06,-0.00110314,-0.000333972,-0.00123581,-0.000807385,0.0351995,0.00225818,-0.00201313,-0.00116733,-0.00103542,-0.000988043,0.000484326,0.00225818,0.0275861,4.77119e-05,-0.000115262,0.000131353,-0.000136187,-4.91354e-06,-0.00201313,4.77119e-05,0.0467453,
0.00380577,-0.000607205,-0.000797993,0.000698823,-0.00110274,-0.00116804,-0.00011517,-0.000607205,0.00106456,-0.000622137,-0.000855949,-0.000333849,-0.00103503,0.000131366,-0.000797993,-0.000622137,0.00431449,0.000405146,-0.00123571,-0.000988251,-0.000136149,0.000698823,-0.000855949,0.000405146,0.00231859,-0.000807477,0.000484059,-4.92711e-06,-0.00110274,-0.000333849,-0.00123571,-0.000807477,0.0351993,0.00225843,-0.00201321,-0.00116804,-0.00103503,-0.000988251,0.000484059,0.00225843,0.0275869,4.77927e-05,-0.00011517,0.000131366,-0.000136149,-4.92711e-06,-0.00201321,4.77927e-05,0.0467453,
0.00380446,-0.000607233,-0.00079852,0.000699564,-0.00110235,-0.00116874,-0.000115081,-0.000607233,0.00106471,-0.000622181,-0.000856242,-0.000333728,-0.00103465,0.000131379,-0.00079852,-0.000622181,0.00431435,0.000405032,-0.00123562,-0.000988458,-0.000136111,0.000699564,-0.000856242,0.000405032,0.00231902,-0.000807573,0.000483796,-4.9384e-06,-0.00110235,-0.000333728,-0.00123562,-0.000807573,0.0351991,0.00225867,-0.0020133,-0.00116874,-0.00103465,-0.000988458,0.000483796,0.00225867,0.0275877,4.78733e-05,-0.000115081,0.000131379,-0.000136111,-4.9384e-06,-0.0020133,4.78733e-05,0.0467453,
0.00380317,-0.000607262,-0.000799038,0.000700286,-0.00110197,-0.00116942,-0.000114995,-0.000607262,0.00106486,-0.000622226,-0.000856528,-0.000333609,-0.00103427,0.000131392,-0.000799038,-0.000622226,0.00431421,0.000404923,-0.00123552,-0.000988663,-0.000136075,0.000700286,-0.000856528,0.000404923,0.00231945,-0.000807673,0.000483539,-4.94764e-06,-0.00110197,-0.000333609,-0.00123552,-0.000807673,0.0351989,0.00225891,-0.00201338,-0.00116942,-0.00103427,-0.000988663,0.000483539,0.00225891,0.0275885,4.79537e-05,-0.000114995,0.000131392,-0.000136075,-4.94764e-06,-0.00201338,4.79537e-05,0.0467452,
0.00380192,-0.00060729,-0.000799546,0.000700991,-0.0011016,-0.00117008,-0.00011491,-0.00060729,0.001065,-0.000622272,-0.000856808,-0.000333492,-0.0010339,0.000131405,-0.000799546,-0.000622272,0.00431407,0.000404817,-0.00123543,-0.000988868,-0.000136039,0.000700991,-0.000856808,0.000404817,0.00231987,-0.000807775,0.000483285,-4.95504e-06,-0.0011016,-0.000333492,-0.00123543,-0.000807775,0.0351986,0.00225915,-0.00201347,-0.00117008,-0.0010339,-0.000988868,0.000483285,0.00225915,0.0275893,4.8034e-05,-0.00011491,0.000131405,-0.000136039,-4.95505e-06,-0.00201347,4.8034e-05,0.0467452,
0.00380068,-0.000607319,-0.000800047,0.00070168,-0.00110124,-0.00117074,-0.000114826,-0.000607319,0.00106514,-0.000622318,-0.000857083,-0.000333376,-0.00103353,0.000131419,-0.000800047,-0.000622318,0.00431393,0.000404714,-0.00123534,-0.000989072,-0.000136004,0.00070168,-0.000857083,0.000404714,0.00232029,-0.00080788,0.000483034,-4.96079e-06,-0.00110124,-0.000333376,-0.00123534,-0.00080788,0.0351984,0.00225939,-0.00201357,-0.00117074,-0.00103353,-0.000989072,0.000483034,0.00225939,0.0275901,4.81142e-05,-0.000114826,0.000131419,-0.000136004,-4.96079e-06,-0.00201357,4.81142e-05,0.0467451,
0.00379947,-0.000607348,-0.00080054,0.000702355,-0.00110087,-0.00117138,-0.000114745,-0.000607348,0.00106529,-0.000622365,-0.000857353,-0.000333261,-0.00103317,0.000131433,-0.00080054,-0.000622365,0.00431379,0.000404613,-0.00123525,-0.000989276,-0.000135969,0.000702355,-0.000857353,0.000404613,0.00232069,-0.000807987,0.000482787,-4.96506e-06,-0.00110087,-0.000333261,-0.00123525,-0.000807987,0.0351982,0.00225962,-0.00201366,-0.00117138,-0.00103317,-0.000989276,0.000482787,0.00225962,0.0275908,4.81943e-05,-0.000114745,0.000131433,-0.000135969,-4.96506e-06,-0.00201366,4.81943e-05,0.0467451,
0.00379828,-0.000607378,-0.000801027,0.000703017,-0.00110052,-0.001172,-0.000114664,-0.000607378,0.00106543,-0.000622413,-0.000857619,-0.000333148,-0.00103281,0.000131447,-0.000801027,-0.000622413,0.00431366,0.000404515,-0.00123516,-0.000989478,-0.000135935,0.000703017,-0.000857619,0.000404515,0.00232109,-0.000808097,0.000482542,-4.96798e-06,-0.00110052,-0.000333148,-0.00123516,-0.000808097,0.035198,0.00225986,-0.00201376,-0.001172,-0.00103281,-0.000989478,0.000482542,0.00225986,0.0275916,4.82742e-05,-0.000114664,0.000131447,-0.000135935,-4.96799e-06,-0.00201376,4.82742e-05,0.046745,
0.0037971,-0.000607407,-0.000801508,0.000703667,-0.00110017,-0.00117262,-0.000114585,-0.000607407,0.00106557,-0.000622461,-0.000857881,-0.000333035,-0.00103245,0.000131461,-0.000801508,-0.000622461,0.00431352,0.00040442,-0.00123507,-0.00098968,-0.000135901,0.000703667,-0.000857881,0.00040442,0.00232148,-0.000808209,0.0004823,-4.96972e-06,-0.00110017,-0.000333035,-0.00123507,-0.000808209,0.0351977,0.00226009,-0.00201385,-0.00117262,-0.00103245,-0.00098968,0.0004823,0.00226009,0.0275923,4.83541e-05,-0.000114585,0.000131461,-0.000135901,-4.96972e-06,-0.00201385,4.83541e-05,0.046745,
0.00379594,-0.000607436,-0.000801984,0.000704308,-0.00109982,-0.00117323,-0.000114507,-0.000607436,0.00106571,-0.00062251,-0.000858139,-0.000332924,-0.0010321,0.000131476,-0.000801984,-0.00062251,0.00431338,0.000404326,-0.00123499,-0.000989882,-0.000135868,0.000704308,-0.000858139,0.000404326,0.00232187,-0.000808322,0.00048206,-4.97039e-06,-0.00109982,-0.000332924,-0.00123499,-0.000808322,0.0351975,0.00226033,-0.00201395,-0.00117323,-0.0010321,-0.000989882,0.00048206,0.00226033,0.027593,4.84338e-05,-0.000114507,0.000131476,-0.000135868,-4.97039e-06,-0.00201395,4.84338e-05,0.0467449,
0.00379479,-0.000607466,-0.000802455,0.000704939,-0.00109948,-0.00117384,-0.00011443,-0.000607466,0.00106584,-0.000622559,-0.000858395,-0.000332813,-0.00103175,0.00013149,-0.000802455,-0.000622559,0.00431324,0.000404234,-0.0012349,-0.000990083,-0.000135835,0.000704939,-0.000858395,0.000404234,0.00232225,-0.000808437,0.000481821,-4.97009e-06,-0.00109948,-0.000332813,-0.0012349,-0.000808437,0.0351973,0.00226056,-0.00201405,-0.00117384,-0.00103175,-0.000990083,0.000481821,0.00226056,0.0275938,4.85135e-05,-0.00011443,0.00013149,-0.000135835,-4.97009e-06,-0.00201405,4.85135e-05,0.0467449,
0.00379365,-0.000607495,-0.000802922,0.000705562,-0.00109914,-0.00117443,-0.000114354,-0.000607495,0.00106598,-0.000622609,-0.000858648,-0.000332703,-0.0010314,0.000131505,-0.000802922,-0.000622609,0.0043131,0.000404143,-0.00123481,-0.000990283,-0.000135802,0.000705562,-0.000858648,0.000404143,0.00232263,-0.000808553,0.000481585,-4.96894e-06,-0.00109914,-0.000332703,-0.00123481,-0.000808553,0.035197,0.00226079,-0.00201415,-0.00117443,-0.0010314,-0.000990283,0.000481585,0.00226079,0.0275945,4.85931e-05,-0.000114354,0.000131505,-0.000135802,-4.96894e-06,-0.00201415,4.85931e-05,0.0467449,
0.00379253,-0.000607525,-0.000803385,0.000706178,-0.0010988,-0.00117502,-0.000114278,-0.000607525,0.00106612,-0.000622659,-0.000858899,-0.000332593,-0.00103106,0.00013152,-0.000803385,-0.000622659,0.00431296,0.000404053,-0.00123472,-0.000990483,-0.00013577,0.000706178,-0.000858899,0.000404053,0.002323,-0.000808671,0.00048135,-4.96702e-06,-0.0010988,-0.000332593,-0.00123472,-0.000808671,0.0351968,0.00226102,-0.00201425,-0.00117502,-0.00103106,-0.000990483,0.00048135,0.00226102,0.0275952,4.86725e-05,-0.000114278,0.00013152,-0.00013577,-4.96702e-06,-0.00201425,4.86725e-05,0.0467448,
0.00379141,-0.000607554,-0.000803846,0.000706787,-0.00109846,-0.0011756,-0.000114203,-0.000607554,0.00106625,-0.000622709,-0.000859148,-0.000332485,-0.00103071,0.000131535,-0.000803846,-0.000622709,0.00431282,0.000403965,-0.00123464,-0.000990683,-0.000135738,0.000706787,-0.000859148,0.000403965,0.00232337,-0.00080879,0.000481116,-4.96441e-06,-0.00109846,-0.000332485,-0.00123464,-0.00080879,0.0351966,0.00226125,-0.00201435,-0.0011756,-0.00103071,-0.000990683,0.000481116,0.00226125,0.0275959,4.8752e-05,-0.000114203,0.000131535,-0.000135738,-4.96441e-06,-0.00201435,4.8752e-05,0.0467448,
0.0037903,-0.000607583,-0.000804303,0.000707391,-0.00109813,-0.00117618,-0.000114129,-0.000607583,0.00106639,-0.00062276,-0.000859394,-0.000332376,-0.00103037,0.00013155,-0.000804303,-0.00062276,0.00431268,0.000403877,-0.00123455,-0.000990883,-0.000135706,0.000707391,-0.000859394,0.000403877,0.00232374,-0.00080891,0.000480883,-4.96119e-06,-0.00109813,-0.000332376,-0.00123455,-0.00080891,0.0351963,0.00226148,-0.00201445,-0.00117618,-0.00103037,-0.000990883,0.000480883,0.00226148,0.0275966,4.88313e-05,-0.000114129,0.00013155,-0.000135706,-4.96119e-06,-0.00201445,4.88313e-05,0.0467447,
