Optimisation time (ms),num dofs,% derivs,derivs time (ms),BP time (ms),FP time (ms),surprise,expected,new cost
3.386,0,22,1.793,0.366,0.727,0,0,0
2.868,0,22,1.451,0.388,0.548,0,0,0
3.084,0,22,1.552,0.387,0.636,0,0,0
3.096,0,22,1.414,0.433,0.698,0,0,0
3.104,0,22,1.676,0.387,0.571,0,0,0
3.406,0,22,1.641,0.693,0.574,0,0,0
2.948,0,22,1.442,0.403,0.552,0,0,0
2.634,0,22,1.284,0.388,0.501,0,0,0
2.967,0,22,1.508,0.365,0.624,0,0,0
2.89,0,22,1.526,0.387,0.516,0,0,0
2.901,0,22,1.502,0.387,0.537,0,0,0
3.312,0,22,1.344,0.597,0.844,0,0,0
3.015,0,22,1.531,0.409,0.554,0,0,0
2.965,0,22,1.464,0.391,0.6,0,0,0
3.107,0,22,1.526,0.389,0.683,0,0,0
2.873,0,22,1.48,0.392,0.521,0,0,0
3.179,0,22,1.569,0.47,0.638,0,0,0
3.271,0,22,1.455,0.692,0.615,0,0,0
3.147,0,22,1.647,0.401,0.548,0,0,0
2.89,0,22,1.458,0.391,0.54,0,0,0
3.024,0,22,1.593,0.388,0.548,0,0,0
3.062,0,22,1.531,0.416,0.642,0,0,0
3.248,0,22,1.722,0.384,0.634,0,0,0
3.451,0,22,1.499,0.714,0.593,0,0,0
3.062,0,22,1.408,0.403,0.716,0,0,0
2.869,0,22,1.442,0.394,0.543,0,0,0
3.283,0,22,1.809,0.367,0.597,0,0,0
2.936,0,22,1.502,0.389,0.549,0,0,0
2.988,0,22,1.494,0.392,0.556,0,0,0
3.597,0,22,1.515,0.713,0.763,0,0,0
2.955,0,22,1.354,0.402,0.546,0,0,0
3.004,0,22,1.328,0.53,0.642,0,0,0
3.216,0,22,1.69,0.457,0.56,0,0,0
2.915,0,22,1.455,0.39,0.552,0,0,0
2.972,0,22,1.51,0.39,0.555,0,0,0
3.433,0,22,1.622,0.699,0.6,0,0,0
2.956,0,22,1.444,0.407,0.559,0,0,0
3.082,0,22,1.6,0.389,0.566,0,0,0
2.94,0,22,1.475,0.389,0.556,0,0,0
2.858,0,22,1.411,0.388,0.564,0,0,0
2.816,0,22,1.385,0.389,0.569,0,0,0
7.09,0,22,2.16,0.401,3.986,0,0,0
3.225,0,22,1.685,0.401,0.577,0,0,0
2.956,0,22,1.442,0.396,0.567,0,0,0
3.194,0,22,1.59,0.393,0.703,0,0,0
3.101,0,22,1.519,0.391,0.672,0,0,0
3.232,0,22,1.692,0.377,0.623,0,0,0
3.617,0,22,1.517,0.67,0.731,0,0,0
3.281,0,22,1.6,0.403,0.607,0,0,0
3.067,0,22,1.543,0.39,0.609,0,0,0
3.23,0,22,1.491,0.501,0.682,0,0,0
3.293,0,22,1.764,0.398,0.604,0,0,0
3.039,0,22,1.485,0.394,0.605,0,0,0
4.428,0,22,1.669,0.668,1.373,0,0,0
3.082,0,22,1.456,0.411,0.635,0,0,0
3.496,0,22,1.587,0.666,0.691,0,0,0
3.184,0,22,1.647,0.392,0.589,0,0,0
3.131,0,22,1.53,0.393,0.64,0,0,0
3.144,0,22,1.578,0.378,0.652,0,0,0
3.802,0,22,1.784,0.702,0.683,0,0,0
3.133,0,22,1.581,0.399,0.596,0,0,0
3.059,0,22,1.469,0.391,0.682,0,0,0
3.157,0,22,1.636,0.362,0.624,0,0,0
3.259,0,22,1.729,0.387,0.598,0,0,0
3.135,0,22,1.635,0.389,0.596,0,0,0
3.576,0,22,1.76,0.66,0.627,0,0,0
3.214,0,22,1.519,0.407,0.622,0,0,0
3.179,0,22,1.648,0.391,0.589,0,0,0
3.095,0,22,1.566,0.392,0.569,0,0,0
3.057,0,22,1.489,0.392,0.663,0,0,0
3.021,0,22,1.427,0.37,0.72,0,0,0
4.989,0,22,2.167,0.397,1.815,0,0,0
3.157,0,22,1.585,0.399,0.603,0,0,0
3.221,0,22,1.64,0.39,0.644,0,0,0
3.252,0,22,1.706,0.392,0.586,0,0,0
3.098,0,22,1.581,0.387,0.592,0,0,0
3.062,0,22,1.475,0.392,0.637,0,0,0
4.567,0,22,1.644,0.583,1.378,0,0,0
3.204,0,22,1.542,0.399,0.69,0,0,0
3.204,0,22,1.657,0.381,0.615,0,0,0
3.021,0,22,1.532,0.391,0.577,0,0,0
3.001,0,22,1.531,0.393,0.558,0,0,0
2.807,0,22,1.289,0.392,0.614,0,0,0
7.244,0,22,1.494,0.685,4.514,0,0,0
2.985,0,22,1.483,0.427,0.569,0,0,0
2.768,0,22,1.31,0.389,0.562,0,0,0
2.929,0,22,1.5,0.391,0.542,0,0,0
2.899,0,22,1.462,0.389,0.563,0,0,0
2.802,0,22,1.353,0.397,0.584,0,0,0
3.274,0,22,1.441,0.659,0.667,0,0,0
3.023,0,22,1.537,0.402,0.558,0,0,0
2.957,0,22,1.448,0.392,0.615,0,0,0
2.86,0,22,1.362,0.392,0.608,0,0,0
2.849,0,22,1.395,0.364,0.589,0,0,0
2.935,0,22,1.483,0.39,0.536,0,0,0
3.173,0,22,1.446,0.646,0.558,0,0,0
2.952,0,22,1.484,0.396,0.533,0,0,0
2.894,0,22,1.409,0.389,0.601,0,0,0
2.901,0,22,1.495,0.392,0.53,0,0,0
2.944,0,22,1.475,0.388,0.546,0,0,0
2.864,0,22,1.477,0.389,0.52,0,0,0
3.615,0,22,1.664,0.743,0.632,0,0,0
2.908,0,22,1.468,0.421,0.503,0,0,0
2.977,0,22,1.523,0.39,0.545,0,0,0
2.781,0,22,1.341,0.389,0.54,0,0,0
2.836,0,22,1.429,0.389,0.539,0,0,0
2.863,0,22,1.364,0.389,0.651,0,0,0
7.394,0,22,1.786,0.576,4.534,0,0,0
3.024,0,22,1.557,0.4,0.535,0,0,0
2.98,0,22,1.513,0.393,0.561,0,0,0
2.844,0,22,1.361,0.388,0.601,0,0,0
2.992,0,22,1.486,0.381,0.628,0,0,0
3.182,0,22,1.709,0.391,0.573,0,0,0
6.655,0,22,1.831,0.724,3.288,0,0,0
2.898,0,22,1.42,0.404,0.551,0,0,0
2.953,0,22,1.453,0.369,0.627,0,0,0
3.17,0,22,1.749,0.389,0.558,0,0,0
2.943,0,22,1.48,0.39,0.56,0,0,0
2.902,0,22,1.366,0.39,0.605,0,0,0
3.215,0,22,1.475,0.702,0.558,0,0,0
3.031,0,22,1.445,0.438,0.617,0,0,0
2.911,0,22,1.482,0.379,0.561,0,0,0
3.079,0,22,1.494,0.393,0.548,0,0,0
2.858,0,22,1.262,0.392,0.749,0,0,0
2.731,0,22,1.228,0.412,0.603,0,0,0
3.303,0,22,1.606,0.66,0.556,0,0,0
2.889,0,22,1.399,0.397,0.54,0,0,0
2.96,0,22,1.56,0.389,0.509,0,0,0
2.73,0,22,1.31,0.387,0.541,0,0,0
2.998,0,22,1.517,0.382,0.61,0,0,0
3.019,0,22,1.59,0.39,0.561,0,0,0
3.115,0,22,1.365,0.621,0.638,0,0,0
2.879,0,22,1.435,0.401,0.519,0,0,0
2.781,0,22,1.349,0.394,0.551,0,0,0
3.095,0,22,1.413,0.382,0.701,0,0,0
2.999,0,22,1.592,0.394,0.538,0,0,0
2.838,0,22,1.38,0.391,0.557,0,0,0
3.252,0,22,1.431,0.678,0.66,0,0,0
2.919,0,22,1.391,0.408,0.552,0,0,0
3.029,0,22,1.533,0.415,0.552,0,0,0
2.933,0,22,1.469,0.398,0.546,0,0,0
2.852,0,22,1.469,0.393,0.538,0,0,0
2.873,0,22,1.406,0.393,0.595,0,0,0
5.085,0,22,2.056,0.423,2.046,0,0,0
3.045,0,22,1.579,0.402,0.537,0,0,0
2.798,0,22,1.387,0.392,0.554,0,0,0
2.747,0,22,1.271,0.389,0.521,0,0,0
2.857,0,22,1.391,0.364,0.627,0,0,0
2.99,0,22,1.587,0.392,0.539,0,0,0
3.342,0,22,1.475,0.664,0.685,0,0,0
2.953,0,22,1.503,0.403,0.54,0,0,0
3.011,0,22,1.563,0.392,0.618,0,0,0
3.332,0,22,1.789,0.39,0.651,0,0,0
3.025,0,22,1.563,0.392,0.552,0,0,0
3.032,0,22,1.544,0.392,0.604,0,0,0
3.597,0,22,1.509,0.797,0.789,0,0,0
2.913,0,22,1.423,0.42,0.523,0,0,0
3.049,0,22,1.537,0.397,0.592,0,0,0
3.062,0,22,1.601,0.393,0.549,0,0,0
3.079,0,22,1.563,0.392,0.637,0,0,0
3.193,0,22,1.67,0.383,0.623,0,0,0
5.21,0,22,1.712,0.71,2.182,0,0,0
3.391,0,22,1.691,0.491,0.606,0,0,0
3.129,0,22,1.647,0.391,0.582,0,0,0
3.121,0,22,1.567,0.39,0.649,0,0,0
3.068,0,22,1.539,0.381,0.642,0,0,0
2.963,0,22,1.473,0.392,0.586,0,0,0
7.755,0,22,1.901,0.535,4.734,0,0,0
3.349,0,22,1.677,0.404,0.59,0,0,0
2.991,0,22,1.396,0.39,0.707,0,0,0
3.448,0,22,1.715,0.394,0.65,0,0,0
3.239,0,22,1.675,0.393,0.598,0,0,0
3.233,0,22,1.636,0.395,0.655,0,0,0
3.56,0,22,1.821,0.577,0.593,0,0,0
3.18,0,22,1.621,0.403,0.599,0,0,0
3.01,0,22,1.456,0.398,0.586,0,0,0
2.981,0,22,1.458,0.393,0.61,0,0,0
3.178,0,22,1.577,0.368,0.686,0,0,0
3.098,0,22,1.549,0.383,0.625,0,0,0
3.284,0,22,1.435,0.653,0.64,0,0,0
2.957,0,22,1.422,0.402,0.572,0,0,0
3.08,0,22,1.364,0.391,0.805,0,0,0
3.039,0,22,1.514,0.384,0.611,0,0,0
3.019,0,22,1.469,0.389,0.604,0,0,0
2.843,0,22,1.37,0.391,0.568,0,0,0
3.687,0,22,1.437,0.714,0.97,0,0,0
3.19,0,22,1.619,0.381,0.628,0,0,0
3.203,0,22,1.645,0.392,0.546,0,0,0
3.093,0,22,1.562,0.391,0.572,0,0,0
2.869,0,22,1.4,0.39,0.613,0,0,0
3.04,0,22,1.531,0.384,0.634,0,0,0
7.33,0,22,1.922,0.421,4.437,0,0,0
3.184,0,22,1.599,0.401,0.59,0,0,0
2.991,0,22,1.512,0.395,0.557,0,0,0
2.986,0,22,1.359,0.418,0.649,0,0,0
3.296,0,22,1.661,0.386,0.685,0,0,0
3.232,0,22,1.67,0.397,0.61,0,0,0
3.68,0,22,1.559,0.66,0.939,0,0,0
3.077,0,22,1.515,0.41,0.578,0,0,0
2.831,0,22,1.354,0.39,0.564,0,0,0
3.012,0,22,1.534,0.397,0.558,0,0,0
3.261,0,22,1.561,0.397,0.762,0,0,0
3.097,0,22,1.576,0.408,0.622,0,0,0
7.671,0,22,1.986,0.415,4.482,0,0,0
3.031,0,22,1.575,0.403,0.528,0,0,0
3.111,0,22,1.623,0.389,0.517,0,0,0
2.764,0,22,1.367,0.391,0.509,0,0,0
3.017,0,22,1.406,0.535,0.601,0,0,0
2.875,0,22,1.486,0.385,0.543,0,0,0
3.091,0,22,1.388,0.65,0.562,0,0,0
3.018,0,22,1.547,0.402,0.558,0,0,0
2.811,0,22,1.379,0.366,0.595,0,0,0
2.902,0,22,1.536,0.395,0.517,0,0,0
2.926,0,22,1.545,0.394,0.509,0,0,0
2.814,0,22,1.383,0.393,0.573,0,0,0
3.275,0,22,1.578,0.681,0.542,0,0,0
3.07,0,22,1.658,0.4,0.527,0,0,0
2.824,0,22,1.452,0.388,0.506,0,0,0
2.649,0,22,1.318,0.388,0.497,0,0,0
2.689,0,22,1.298,0.397,0.547,0,0,0
3.049,0,22,1.638,0.381,0.577,0,0,0
3.441,0,22,1.47,0.665,0.735,0,0,0
2.956,0,22,1.512,0.4,0.528,0,0,0
2.83,0,22,1.406,0.409,0.555,0,0,0
2.934,0,22,1.552,0.386,0.539,0,0,0
2.687,0,22,1.346,0.398,0.491,0,0,0
2.823,0,22,1.479,0.391,0.497,0,0,0
3.502,0,22,1.324,0.554,1.152,0,0,0
2.802,0,22,1.404,0.401,0.506,0,0,0
2.758,0,22,1.398,0.389,0.505,0,0,0
2.883,0,22,1.468,0.389,0.525,0,0,0
2.698,0,22,1.324,0.39,0.53,0,0,0
2.733,0,22,1.303,0.385,0.56,0,0,0
3.529,0,22,1.522,0.668,0.854,0,0,0
2.819,0,22,1.398,0.405,0.521,0,0,0
2.86,0,22,1.462,0.39,0.539,0,0,0
2.853,0,22,1.439,0.382,0.552,0,0,0
3.213,0,22,1.603,0.607,0.505,0,0,0
2.76,0,22,1.4,0.392,0.499,0,0,0
3.262,0,22,1.48,0.673,0.641,0,0,0
3.061,0,22,1.606,0.38,0.564,0,0,0
2.895,0,22,1.458,0.394,0.511,0,0,0
2.86,0,22,1.488,0.393,0.516,0,0,0
2.881,0,22,1.455,0.407,0.546,0,0,0
3.133,0,22,1.741,0.384,0.545,0,0,0
3.586,0,22,1.532,0.662,0.824,0,0,0
3.043,0,22,1.561,0.402,0.538,0,0,0
3.076,0,22,1.535,0.432,0.593,0,0,0
2.97,0,22,1.516,0.379,0.58,0,0,0
3.014,0,22,1.609,0.389,0.539,0,0,0
2.869,0,22,1.51,0.387,0.516,0,0,0
3.458,0,22,1.678,0.682,0.601,0,0,0
3.205,0,22,1.563,0.405,0.588,0,0,0
2.827,0,22,1.367,0.389,0.565,0,0,0
2.99,0,22,1.604,0.394,0.518,0,0,0
2.858,0,22,1.417,0.393,0.55,0,0,0
3.208,0,22,1.686,0.386,0.605,0,0,0
3.503,0,22,1.639,0.794,0.549,0,0,0
2.894,0,22,1.404,0.403,0.535,0,0,0
2.903,0,22,1.464,0.395,0.545,0,0,0
2.895,0,22,1.357,0.389,0.621,0,0,0
3.102,0,22,1.668,0.381,0.534,0,0,0
3.056,0,22,1.505,0.389,0.586,0,0,0
3.94,0,22,1.9,0.576,0.907,0,0,0
2.965,0,22,1.357,0.405,0.618,0,0,0
3.416,0,22,1.674,0.651,0.586,0,0,0
3.052,0,22,1.533,0.397,0.544,0,0,0
2.931,0,22,1.441,0.394,0.577,0,0,0
3.21,0,22,1.658,0.395,0.594,0,0,0
5.276,0,22,1.747,0.648,2.341,0,0,0
2.817,0,22,1.343,0.405,0.537,0,0,0
2.913,0,22,1.426,0.397,0.575,0,0,0
3.066,0,22,1.497,0.388,0.655,0,0,0
2.924,0,22,1.452,0.367,0.61,0,0,0
3.281,0,22,1.826,0.394,0.553,0,0,0
3.715,0,22,1.951,0.581,0.594,0,0,0
3.256,0,22,1.673,0.407,0.592,0,0,0
3.181,0,22,1.596,0.392,0.645,0,0,0
3.525,0,22,1.869,0.386,0.608,0,0,0
3.354,0,22,1.657,0.393,0.724,0,0,0
3.049,0,22,1.575,0.391,0.53,0,0,0
3.725,0,22,1.689,0.64,0.751,0,0,0
3.23,0,22,1.624,0.407,0.628,0,0,0
3.338,0,22,1.769,0.392,0.619,0,0,0
3.14,0,22,1.55,0.39,0.601,0,0,0
3.33,0,22,1.74,0.392,0.655,0,0,0
3.187,0,22,1.681,0.365,0.637,0,0,0
7.552,0,22,1.85,0.512,4.593,0,0,0
3.263,0,22,1.719,0.404,0.572,0,0,0
3.302,0,22,1.696,0.396,0.645,0,0,0
3.316,0,22,1.62,0.392,0.688,0,0,0
3.27,0,22,1.706,0.392,0.601,0,0,0
3.491,0,22,1.843,0.393,0.655,0,0,0
7.698,0,22,2.061,0.426,4.545,0,0,0
3.053,0,22,1.481,0.401,0.56,0,0,0
3.615,0,22,1.598,0.42,0.777,0,0,0
3.701,0,22,1.882,0.535,0.668,0,0,0
3.488,0,22,1.75,0.393,0.641,0,0,0
3.333,0,22,1.621,0.465,0.638,0,0,0
3.617,0,22,1.654,0.677,0.735,0,0,0
3.183,0,22,1.507,0.411,0.654,0,0,0
3.176,0,22,1.647,0.39,0.567,0,0,0
2.996,0,22,1.482,0.391,0.591,0,0,0
2.93,0,22,1.494,0.393,0.51,0,0,0
3.074,0,22,1.481,0.366,0.715,0,0,0
7.849,0,22,2.298,0.404,4.555,0,0,0
3.611,0,22,1.849,0.403,0.755,0,0,0
3.358,0,22,1.687,0.453,0.583,0,0,0
3.371,0,22,1.74,0.395,0.664,0,0,0
3.428,0,22,1.826,0.393,0.625,0,0,0
3.096,0,22,1.596,0.387,0.561,0,0,0
7.817,0,22,1.808,0.584,4.729,0,0,0
3.481,0,22,1.776,0.408,0.723,0,0,0
3.413,0,22,1.796,0.382,0.653,0,0,0
3.428,0,22,1.826,0.386,0.614,0,0,0
3.098,0,22,1.613,0.389,0.585,0,0,0
3.155,0,22,1.554,0.403,0.663,0,0,0
4.402,0,22,2.098,0.406,1.192,0,0,0
3.243,0,22,1.701,0.404,0.556,0,0,0
3.285,0,22,1.636,0.399,0.619,0,0,0
2.949,0,22,1.463,0.396,0.555,0,0,0
3.196,0,22,1.547,0.371,0.707,0,0,0
3.337,0,22,1.826,0.391,0.575,0,0,0
3.475,0,22,1.642,0.687,0.602,0,0,0
3.342,0,22,1.687,0.402,0.588,0,0,0
3.266,0,22,1.687,0.393,0.662,0,0,0
3.291,0,22,1.769,0.378,0.633,0,0,0
3.182,0,22,1.606,0.396,0.618,0,0,0
3.016,0,22,1.511,0.389,0.591,0,0,0
3.625,0,22,1.968,0.453,0.673,0,0,0
3.193,0,22,1.523,0.408,0.641,0,0,0
3.205,0,22,1.666,0.392,0.602,0,0,0
3.221,0,22,1.689,0.405,0.59,0,0,0
3.107,0,22,1.521,0.395,0.644,0,0,0
3.131,0,22,1.59,0.401,0.622,0,0,0
6.694,0,22,1.541,0.686,3.62,0,0,0
3.45,0,22,1.763,0.404,0.579,0,0,0
3.181,0,22,1.649,0.393,0.608,0,0,0
3.083,0,22,1.539,0.391,0.597,0,0,0
3.092,0,22,1.581,0.385,0.612,0,0,0
2.873,0,22,1.394,0.39,0.563,0,0,0
3.488,0,22,1.556,0.662,0.683,0,0,0
3.124,0,22,1.557,0.404,0.59,0,0,0
3.039,0,22,1.539,0.389,0.623,0,0,0
3.031,0,22,1.558,0.39,0.597,0,0,0
2.974,0,22,1.543,0.393,0.546,0,0,0
2.752,0,22,1.321,0.39,0.552,0,0,0
3.382,0,22,1.476,0.717,0.645,0,0,0
2.975,0,22,1.437,0.42,0.565,0,0,0
2.766,0,22,1.367,0.388,0.538,0,0,0
2.94,0,22,1.506,0.389,0.553,0,0,0
2.968,0,22,1.527,0.392,0.591,0,0,0
2.836,0,22,1.393,0.363,0.628,0,0,0
3.391,0,22,1.758,0.604,0.531,0,0,0
2.931,0,22,1.476,0.409,0.514,0,0,0
2.789,0,22,1.418,0.388,0.508,0,0,0
2.689,0,22,1.338,0.388,0.51,0,0,0
2.909,0,22,1.526,0.362,0.548,0,0,0
3.065,0,22,1.463,0.406,0.729,0,0,0
3.206,0,22,1.505,0.681,0.538,0,0,0
3.039,0,22,1.602,0.401,0.514,0,0,0
2.908,0,22,1.537,0.388,0.504,0,0,0
2.736,0,22,1.377,0.387,0.509,0,0,0
2.944,0,22,1.569,0.388,0.526,0,0,0
2.857,0,22,1.481,0.39,0.515,0,0,0
3.463,0,22,1.715,0.686,0.59,0,0,0
3.021,0,22,1.572,0.403,0.522,0,0,0
2.852,0,22,1.363,0.417,0.587,0,0,0
2.881,0,22,1.455,0.399,0.533,0,0,0
2.985,0,22,1.599,0.395,0.526,0,0,0
3.138,0,22,1.662,0.399,0.608,0,0,0
7.463,0,22,1.54,0.487,4.902,0,0,0
3.126,0,22,1.599,0.423,0.568,0,0,0
3.093,0,22,1.674,0.397,0.527,0,0,0
2.962,0,22,1.543,0.393,0.512,0,0,0
3.07,0,22,1.515,0.389,0.667,0,0,0
3.205,0,22,1.553,0.385,0.779,0,0,0
3.401,0,22,1.624,0.702,0.55,0,0,0
2.915,0,22,1.405,0.407,0.579,0,0,0
2.921,0,22,1.556,0.393,0.509,0,0,0
2.751,0,22,1.359,0.388,0.554,0,0,0
2.911,0,22,1.51,0.362,0.597,0,0,0
2.926,0,22,1.543,0.39,0.523,0,0,0
4.966,0,22,1.624,0.687,2.118,0,0,0
2.959,0,22,1.423,0.406,0.519,0,0,0
2.735,0,22,1.294,0.392,0.571,0,0,0
3.134,0,22,1.706,0.381,0.56,0,0,0
3.06,0,22,1.634,0.389,0.528,0,0,0
2.698,0,22,1.329,0.39,0.527,0,0,0
3.368,0,22,1.362,0.675,0.847,0,0,0
3.012,0,22,1.492,0.44,0.549,0,0,0
3.017,0,22,1.589,0.391,0.538,0,0,0
3.131,0,22,1.648,0.392,0.565,0,0,0
2.843,0,22,1.368,0.39,0.569,0,0,0
3.184,0,22,1.727,0.382,0.585,0,0,0
5.222,0,22,2.396,0.419,1.742,0,0,0
3.29,0,22,1.585,0.401,0.694,0,0,0
3.681,0,22,1.765,0.397,0.65,0,0,0
3.438,0,22,1.827,0.398,0.637,0,0,0
3.267,0,22,1.707,0.385,0.633,0,0,0
3.235,0,22,1.741,0.388,0.55,0,0,0
7.626,0,22,2.009,0.415,4.44,0,0,0
3.551,0,22,1.928,0.412,0.646,0,0,0
3.316,0,22,1.714,0.368,0.707,0,0,0
3.07,0,22,1.478,0.386,0.64,0,0,0
3.284,0,22,1.719,0.393,0.636,0,0,0
3.366,0,22,1.716,0.394,0.653,0,0,0
5.028,0,22,2.102,0.499,1.713,0,0,0
3.402,0,22,1.794,0.4,0.609,0,0,0
3.549,0,22,1.848,0.399,0.664,0,0,0
3.469,0,22,1.802,0.395,0.658,0,0,0
3.693,0,22,2.072,0.38,0.634,0,0,0
3.076,0,22,1.633,0.383,0.542,0,0,0
3.643,0,22,1.46,0.684,0.903,0,0,0
3.048,0,22,1.535,0.407,0.548,0,0,0
3.145,0,22,1.547,0.395,0.688,0,0,0
3.399,0,22,1.73,0.382,0.647,0,0,0
3.174,0,22,1.611,0.389,0.637,0,0,0
3.492,0,22,1.919,0.397,0.6,0,0,0
3.543,0,22,1.554,0.728,0.619,0,0,0
3.45,0,22,1.777,0.408,0.636,0,0,0
3.261,0,22,1.747,0.396,0.567,0,0,0
3.281,0,22,1.702,0.395,0.591,0,0,0
3.153,0,22,1.662,0.398,0.57,0,0,0
3.12,0,22,1.468,0.393,0.722,0,0,0
5.384,0,22,2.153,0.416,2.259,0,0,0
3.257,0,22,1.599,0.4,0.646,0,0,0
3.275,0,22,1.669,0.406,0.593,0,0,0
3.187,0,22,1.656,0.397,0.635,0,0,0
3.336,0,22,1.637,0.398,0.75,0,0,0
3.53,0,22,1.845,0.394,0.653,0,0,0
5.231,0,22,1.939,0.49,2.076,0,0,0
3.588,0,22,1.885,0.404,0.66,0,0,0
3.601,0,22,1.965,0.397,0.625,0,0,0
3.483,0,22,1.804,0.384,0.689,0,0,0
3.497,0,22,1.867,0.391,0.631,0,0,0
3.159,0,22,1.655,0.393,0.564,0,0,0
4.722,0,22,2.244,0.457,1.238,0,0,0
3.521,0,22,1.897,0.395,0.617,0,0,0
3.36,0,22,1.739,0.392,0.633,0,0,0
3.258,0,22,1.646,0.392,0.605,0,0,0
3.232,0,22,1.612,0.391,0.702,0,0,0
3.492,0,22,1.947,0.384,0.619,0,0,0
6.364,0,22,2.595,0.401,2.527,0,0,0
3.46,0,22,1.775,0.399,0.632,0,0,0
3.315,0,22,1.624,0.396,0.69,0,0,0
3.494,0,22,1.858,0.392,0.637,0,0,0
3.438,0,22,1.86,0.39,0.609,0,0,0
3.6,0,22,1.938,0.392,0.703,0,0,0
3.611,0,22,1.635,0.7,0.681,0,0,0
3.15,0,22,1.536,0.422,0.598,0,0,0
3.351,0,22,1.766,0.389,0.627,0,0,0
3.133,0,22,1.625,0.391,0.576,0,0,0
3.105,0,22,1.563,0.39,0.612,0,0,0
3.536,0,22,1.949,0.378,0.666,0,0,0
7.589,0,22,2.121,0.411,4.454,0,0,0
3.956,0,22,1.994,0.4,0.884,0,0,0
3.411,0,22,1.754,0.395,0.679,0,0,0
3.397,0,22,1.776,0.379,0.662,0,0,0
3.231,0,22,1.694,0.388,0.584,0,0,0
3.25,0,22,1.483,0.397,0.773,0,0,0
4.048,0,22,1.954,0.491,0.919,0,0,0
3.221,0,22,1.557,0.443,0.616,0,0,0
3.256,0,22,1.656,0.393,0.634,0,0,0
3.174,0,22,1.551,0.39,0.628,0,0,0
3.311,0,22,1.671,0.389,0.664,0,0,0
3.366,0,22,1.746,0.429,0.625,0,0,0
5.033,0,22,1.695,0.459,2.13,0,0,0
3.697,0,22,1.872,0.55,0.635,0,0,0
3.3,0,22,1.785,0.392,0.599,0,0,0
3.222,0,22,1.555,0.369,0.649,0,0,0
3.35,0,22,1.799,0.391,0.613,0,0,0
3.435,0,22,1.838,0.392,0.588,0,0,0
5.366,0,22,1.691,0.709,2.36,0,0,0
2.959,0,22,1.374,0.4,0.578,0,0,0
2.874,0,22,1.347,0.382,0.61,0,0,0
3.124,0,22,1.685,0.391,0.533,0,0,0
2.866,0,22,1.402,0.39,0.563,0,0,0
2.964,0,22,1.495,0.387,0.601,0,0,0
3.388,0,22,1.806,0.546,0.548,0,0,0
3.145,0,22,1.605,0.405,0.557,0,0,0
2.886,0,22,1.503,0.391,0.516,0,0,0
3.039,0,22,1.583,0.389,0.604,0,0,0
2.955,0,22,1.498,0.362,0.624,0,0,0
3.032,0,22,1.627,0.378,0.558,0,0,0
4.287,0,22,1.774,0.855,1.139,0,0,0
3.087,0,22,1.531,0.407,0.511,0,0,0
2.922,0,22,1.422,0.395,0.616,0,0,0
3.048,0,22,1.566,0.451,0.559,0,0,0
3.099,0,22,1.509,0.392,0.724,0,0,0
2.907,0,22,1.579,0.388,0.497,0,0,0
3.369,0,22,1.638,0.633,0.603,0,0,0
2.989,0,22,1.581,0.404,0.502,0,0,0
2.909,0,22,1.55,0.39,0.501,0,0,0
2.86,0,22,1.423,0.408,0.58,0,0,0
2.827,0,22,1.462,0.386,0.523,0,0,0
2.969,0,22,1.642,0.39,0.492,0,0,0
3.176,0,22,1.361,0.576,0.741,0,0,0
3.036,0,22,1.604,0.404,0.527,0,0,0
2.667,0,22,1.328,0.391,0.491,0,0,0
2.766,0,22,1.442,0.39,0.49,0,0,0
2.963,0,22,1.46,0.394,0.606,0,0,0
2.713,0,22,1.334,0.384,0.539,0,0,0
3.221,0,22,1.617,0.647,0.504,0,0,0
2.945,0,22,1.546,0.403,0.506,0,0,0
2.712,0,22,1.39,0.387,0.48,0,0,0
2.891,0,22,1.465,0.391,0.588,0,0,0
2.71,0,22,1.362,0.38,0.521,0,0,0
2.634,0,22,1.314,0.39,0.48,0,0,0
3.089,0,22,1.519,0.667,0.497,0,0,0
2.844,0,22,1.43,0.405,0.496,0,0,0
2.84,0,22,1.437,0.396,0.566,0,0,0
2.757,0,22,1.388,0.378,0.527,0,0,0
2.783,0,22,1.338,0.393,0.556,0,0,0
2.949,0,22,1.528,0.387,0.531,0,0,0
3.613,0,22,1.882,0.453,0.65,0,0,0
3.112,0,22,1.631,0.412,0.539,0,0,0
2.982,0,22,1.566,0.392,0.539,0,0,0
2.995,0,22,1.51,0.406,0.602,0,0,0
3.41,0,22,1.706,0.377,0.836,0,0,0
3.05,0,22,1.594,0.395,0.555,0,0,0
3.72,0,22,1.922,0.564,0.654,0,0,0
3.156,0,22,1.581,0.419,0.607,0,0,0
2.958,0,22,1.474,0.38,0.586,0,0,0
3.297,0,22,1.76,0.394,0.578,0,0,0
2.874,0,22,1.397,0.399,0.567,0,0,0
3.134,0,22,1.529,0.383,0.61,0,0,0
5.231,0,22,2.384,0.416,1.849,0,0,0
3.313,0,22,1.703,0.512,0.582,0,0,0
3.15,0,22,1.532,0.389,0.711,0,0,0
3.144,0,22,1.617,0.388,0.636,0,0,0
2.936,0,22,1.465,0.402,0.596,0,0,0
3.076,0,22,1.508,0.41,0.621,0,0,0
3.337,0,22,1.7,0.6,0.573,0,0,0
3.305,0,22,1.724,0.402,0.56,0,0,0
3.06,0,22,1.632,0.39,0.551,0,0,0
3.273,0,22,1.728,0.379,0.673,0,0,0
3.175,0,22,1.661,0.4,0.604,0,0,0
3.091,0,22,1.58,0.388,0.594,0,0,0
4.641,0,22,2.175,0.457,1.291,0,0,0
3.13,0,22,1.523,0.4,0.623,0,0,0
3.043,0,22,1.476,0.381,0.653,0,0,0
3.13,0,22,1.627,0.397,0.528,0,0,0
3.036,0,22,1.578,0.393,0.541,0,0,0
3.374,0,22,1.749,0.395,0.641,0,0,0
3.55,0,22,1.861,0.554,0.61,0,0,0
3.357,0,22,1.738,0.406,0.591,0,0,0
3.204,0,22,1.645,0.401,0.575,0,0,0
2.932,0,22,1.468,0.396,0.57,0,0,0
3.036,0,22,1.483,0.434,0.619,0,0,0
3.021,0,22,1.504,0.394,0.612,0,0,0
3.418,0,22,1.561,0.636,0.626,0,0,0
3.238,0,22,1.562,0.404,0.586,0,0,0
2.947,0,22,1.531,0.389,0.524,0,0,0
3.1,0,22,1.462,0.444,0.68,0,0,0
3.089,0,22,1.608,0.387,0.596,0,0,0
2.924,0,22,1.463,0.39,0.575,0,0,0
4.204,0,22,1.407,0.643,1.571,0,0,0
3.206,0,22,1.527,0.404,0.601,0,0,0
2.839,0,22,1.414,0.384,0.538,0,0,0
2.866,0,22,1.423,0.39,0.545,0,0,0
2.984,0,22,1.471,0.391,0.614,0,0,0
3.003,0,22,1.533,0.388,0.585,0,0,0
4.582,0,22,2.078,0.638,1.166,0,0,0
3.423,0,22,1.922,0.402,0.544,0,0,0
3.143,0,22,1.687,0.391,0.525,0,0,0
3.017,0,22,1.515,0.391,0.589,0,0,0
3.072,0,22,1.574,0.363,0.653,0,0,0
3.458,0,22,1.93,0.397,0.594,0,0,0
3.431,0,22,1.735,0.618,0.571,0,0,0
3.198,0,22,1.616,0.406,0.592,0,0,0
3.098,0,22,1.602,0.39,0.604,0,0,0
3.085,0,22,1.619,0.364,0.586,0,0,0
3.269,0,22,1.755,0.388,0.585,0,0,0
3.162,0,22,1.602,0.387,0.64,0,0,0
3.819,0,22,2.003,0.599,0.699,0,0,0
3.299,0,22,1.622,0.406,0.649,0,0,0
3.224,0,22,1.717,0.391,0.555,0,0,0
3.314,0,22,1.718,0.392,0.614,0,0,0
3.325,0,22,1.726,0.392,0.639,0,0,0
3.12,0,22,1.528,0.389,0.661,0,0,0
4.782,0,22,2.097,0.422,1.652,0,0,0
3.293,0,22,1.649,0.401,0.627,0,0,0
3.138,0,22,1.565,0.391,0.593,0,0,0
3.247,0,22,1.487,0.396,0.809,0,0,0
3.275,0,22,1.817,0.386,0.556,0,0,0
3.269,0,22,1.721,0.389,0.589,0,0,0
3.766,0,22,1.71,0.656,0.764,0,0,0
3.127,0,22,1.549,0.401,0.585,0,0,0
3.012,0,22,1.498,0.407,0.58,0,0,0
3.24,0,22,1.653,0.399,0.61,0,0,0
3.123,0,22,1.551,0.393,0.612,0,0,0
3.213,0,22,1.594,0.392,0.668,0,0,0
3.708,0,22,1.898,0.549,0.649,0,0,0
3.911,0,22,2.305,0.403,0.611,0,0,0
3.053,0,22,1.46,0.39,0.65,0,0,0
3.205,0,22,1.603,0.363,0.713,0,0,0
3.11,0,22,1.544,0.386,0.639,0,0,0
3.222,0,22,1.673,0.393,0.611,0,0,0
3.652,0,22,1.683,0.64,0.711,0,0,0
3.121,0,22,1.488,0.401,0.641,0,0,0
3.182,0,22,1.608,0.383,0.627,0,0,0
3.235,0,22,1.652,0.388,0.604,0,0,0
3.202,0,22,1.679,0.387,0.606,0,0,0
3.191,0,22,1.544,0.396,0.681,0,0,0
3.442,0,22,1.733,0.551,0.604,0,0,0
3.269,0,22,1.677,0.402,0.605,0,0,0
3.195,0,22,1.664,0.39,0.573,0,0,0
3.141,0,22,1.637,0.387,0.591,0,0,0
3.322,0,22,1.771,0.382,0.682,0,0,0
2.983,0,22,1.504,0.398,0.579,0,0,0
3.519,0,22,1.709,0.694,0.605,0,0,0
3.09,0,22,1.537,0.412,0.577,0,0,0
2.93,0,22,1.46,0.397,0.584,0,0,0
2.903,0,22,1.377,0.365,0.639,0,0,0
2.907,0,22,1.461,0.385,0.572,0,0,0
2.98,0,22,1.568,0.392,0.53,0,0,0
4.388,0,22,1.27,0.487,2.117,0,0,0
2.9,0,22,1.398,0.403,0.569,0,0,0
2.975,0,22,1.497,0.388,0.59,0,0,0
2.796,0,22,1.44,0.391,0.51,0,0,0
2.911,0,22,1.4,0.413,0.609,0,0,0
2.914,0,22,1.508,0.39,0.527,0,0,0
3.349,0,22,1.567,0.651,0.612,0,0,0
2.797,0,22,1.378,0.398,0.523,0,0,0
2.738,0,22,1.304,0.389,0.58,0,0,0
2.724,0,22,1.343,0.381,0.528,0,0,0
2.715,0,22,1.35,0.387,0.504,0,0,0
2.7,0,22,1.377,0.386,0.499,0,0,0
3.212,0,22,1.381,0.671,0.709,0,0,0
2.824,0,22,1.415,0.394,0.513,0,0,0
2.761,0,22,1.403,0.391,0.508,0,0,0
2.801,0,22,1.461,0.393,0.492,0,0,0
2.875,0,22,1.496,0.388,0.557,0,0,0
2.616,0,22,1.284,0.364,0.539,0,0,0
3.268,0,22,1.349,0.663,0.747,0,0,0
2.859,0,22,1.437,0.402,0.506,0,0,0
2.676,0,22,1.339,0.389,0.504,0,0,0
2.875,0,22,1.474,0.391,0.557,0,0,0
2.693,0,22,1.358,0.379,0.512,0,0,0
2.803,0,22,1.473,0.388,0.501,0,0,0
3.196,0,22,1.491,0.706,0.573,0,0,0
2.92,0,22,1.484,0.41,0.528,0,0,0
2.642,0,22,1.32,0.389,0.485,0,0,0
2.754,0,22,1.443,0.391,0.48,0,0,0
2.63,0,22,1.35,0.388,0.466,0,0,0
2.598,0,22,1.262,0.361,0.548,0,0,0
3.082,0,22,1.398,0.668,0.578,0,0,0
2.811,0,22,1.437,0.404,0.496,0,0,0
2.632,0,22,1.34,0.395,0.47,0,0,0
2.646,0,22,1.302,0.392,0.533,0,0,0
2.783,0,22,1.316,0.371,0.624,0,0,0
2.788,0,22,1.377,0.395,0.509,0,0,0
4.06,0,22,1.369,0.479,1.569,0,0,0
2.771,0,22,1.317,0.401,0.557,0,0,0
3.009,0,22,1.558,0.388,0.585,0,0,0
2.954,0,22,1.534,0.379,0.573,0,0,0
2.675,0,22,1.358,0.389,0.498,0,0,0
2.652,0,22,1.284,0.39,0.499,0,0,0
7.487,0,22,1.31,0.419,5.156,0,0,0
2.901,0,22,1.474,0.395,0.538,0,0,0
2.876,0,22,1.532,0.387,0.496,0,0,0
2.605,0,22,1.297,0.387,0.492,0,0,0
2.745,0,22,1.358,0.388,0.568,0,0,0
2.745,0,22,1.376,0.394,0.526,0,0,0
3.167,0,22,1.388,0.652,0.654,0,0,0
2.966,0,22,1.457,0.402,0.565,0,0,0
2.846,0,22,1.383,0.389,0.614,0,0,0
3.188,0,22,1.677,0.363,0.672,0,0,0
3.026,0,22,1.631,0.381,0.542,0,0,0
3.014,0,22,1.606,0.388,0.544,0,0,0
3.698,0,22,1.762,0.458,0.935,0,0,0
3.114,0,22,1.659,0.407,0.521,0,0,0
3.041,0,22,1.63,0.389,0.518,0,0,0
3.727,0,22,2.121,0.402,0.654,0,0,0
3.284,0,22,1.726,0.398,0.582,0,0,0
3.574,0,22,2.086,0.38,0.587,0,0,0
4.175,0,22,2.023,0.408,1.081,0,0,0
3.385,0,22,1.752,0.401,0.554,0,0,0
3.233,0,22,1.564,0.406,0.663,0,0,0
3.294,0,22,1.834,0.387,0.541,0,0,0
3,0,22,1.478,0.392,0.563,0,0,0
3.006,0,22,1.623,0.389,0.508,0,0,0
3.44,0,22,1.717,0.594,0.647,0,0,0
3.053,0,22,1.496,0.403,0.604,0,0,0
3.611,0,22,1.794,0.679,0.593,0,0,0
3.121,0,22,1.541,0.395,0.596,0,0,0
3.452,0,22,1.872,0.395,0.642,0,0,0
3.017,0,22,1.475,0.407,0.63,0,0,0
3.729,0,22,2.048,0.456,0.621,0,0,0
3.302,0,22,1.718,0.432,0.574,0,0,0
3.334,0,22,1.774,0.391,0.587,0,0,0
3.176,0,22,1.606,0.391,0.635,0,0,0
3.13,0,22,1.623,0.386,0.6,0,0,0
3.014,0,22,1.489,0.39,0.596,0,0,0
3.522,0,22,1.674,0.565,0.613,0,0,0
3.048,0,22,1.543,0.404,0.544,0,0,0
3.3,0,22,1.741,0.398,0.633,0,0,0
3.118,0,22,1.585,0.363,0.633,0,0,0
3.109,0,22,1.63,0.389,0.569,0,0,0
2.949,0,22,1.53,0.386,0.554,0,0,0
3.352,0,22,1.663,0.448,0.686,0,0,0
3.013,0,22,1.456,0.396,0.598,0,0,0
3.061,0,22,1.567,0.389,0.57,0,0,0
3.117,0,22,1.525,0.395,0.555,0,0,0
3.232,0,22,1.497,0.512,0.695,0,0,0
3.058,0,22,1.535,0.392,0.603,0,0,0
3.457,0,22,1.472,0.664,0.789,0,0,0
3.055,0,22,1.583,0.403,0.521,0,0,0
2.835,0,22,1.404,0.396,0.53,0,0,0
3.001,0,22,1.353,0.431,0.697,0,0,0
3.039,0,22,1.484,0.398,0.66,0,0,0
2.88,0,22,1.516,0.39,0.493,0,0,0
3.301,0,22,1.496,0.659,0.619,0,0,0
3.075,0,22,1.5,0.403,0.634,0,0,0
3.398,0,22,1.952,0.382,0.548,0,0,0
3.245,0,22,1.656,0.388,0.67,0,0,0
3.248,0,22,1.729,0.39,0.579,0,0,0
3.499,0,22,1.816,0.402,0.718,0,0,0
6.164,0,22,2.221,0.401,2.737,0,0,0
3.293,0,22,1.741,0.401,0.581,0,0,0
3.311,0,22,1.684,0.391,0.615,0,0,0
3.387,0,22,1.791,0.391,0.578,0,0,0
2.987,0,22,1.489,0.397,0.637,0,0,0
3.099,0,22,1.635,0.401,0.57,0,0,0
3.812,0,22,1.939,0.402,0.842,0,0,0
3.226,0,22,1.588,0.404,0.587,0,0,0
2.925,0,22,1.518,0.391,0.52,0,0,0
3.129,0,22,1.513,0.382,0.702,0,0,0
3.245,0,22,1.745,0.38,0.621,0,0,0
3.13,0,22,1.612,0.386,0.618,0,0,0
7.4,0,22,1.971,0.433,4.478,0,0,0
3.248,0,22,1.707,0.4,0.578,0,0,0
3.281,0,22,1.701,0.378,0.634,0,0,0
3.29,0,22,1.777,0.389,0.585,0,0,0
3.359,0,22,1.82,0.389,0.587,0,0,0
3.104,0,22,1.542,0.391,0.675,0,0,0
5.557,0,22,2.35,0.404,2.264,0,0,0
3.325,0,22,1.824,0.402,0.52,0,0,0
3.274,0,22,1.698,0.391,0.601,0,0,0
2.924,0,22,1.496,0.393,0.561,0,0,0
3.012,0,22,1.366,0.403,0.707,0,0,0
3.391,0,22,1.819,0.399,0.645,0,0,0
3.473,0,22,1.747,0.577,0.596,0,0,0
3.227,0,22,1.645,0.402,0.6,0,0,0
3.311,0,22,1.67,0.41,0.652,0,0,0
3.528,0,22,1.915,0.392,0.603,0,0,0
3.311,0,22,1.686,0.397,0.63,0,0,0
3.455,0,22,1.85,0.399,0.615,0,0,0
4.368,0,22,2.078,0.426,1.269,0,0,0
3.446,0,22,1.816,0.412,0.624,0,0,0
3.249,0,22,1.707,0.393,0.586,0,0,0
3.4,0,22,1.846,0.391,0.595,0,0,0
3.275,0,22,1.749,0.391,0.612,0,0,0
3.342,0,22,1.757,0.386,0.65,0,0,0
4.193,0,22,1.979,0.482,1.041,0,0,0
3.284,0,22,1.709,0.409,0.591,0,0,0
3.018,0,22,1.536,0.39,0.586,0,0,0
3.207,0,22,1.617,0.389,0.667,0,0,0
3.271,0,22,1.756,0.38,0.599,0,0,0
3.013,0,22,1.499,0.391,0.595,0,0,0
4.172,0,22,1.427,0.424,1.653,0,0,0
3.174,0,22,1.516,0.403,0.595,0,0,0
3.436,0,22,1.688,0.437,0.768,0,0,0
3.346,0,22,1.706,0.397,0.553,0,0,0
3.17,0,22,1.598,0.394,0.577,0,0,0
3.028,0,22,1.567,0.395,0.576,0,0,0
3.836,0,22,1.618,0.696,0.937,0,0,0
3.046,0,22,1.415,0.389,0.659,0,0,0
3.639,0,22,2.066,0.394,0.606,0,0,0
3.172,0,22,1.619,0.401,0.612,0,0,0
3.6,0,22,1.929,0.366,0.606,0,0,0
3.519,0,22,1.891,0.4,0.645,0,0,0
3.86,0,22,1.926,0.688,0.63,0,0,0
3.603,0,22,1.945,0.408,0.628,0,0,0
3.467,0,22,1.765,0.395,0.72,0,0,0
3.432,0,22,1.9,0.389,0.584,0,0,0
3.407,0,22,1.718,0.391,0.705,0,0,0
2.964,0,22,1.449,0.392,0.604,0,0,0
3.601,0,22,1.629,0.688,0.684,0,0,0
3.244,0,22,1.6,0.413,0.634,0,0,0
3.299,0,22,1.691,0.391,0.592,0,0,0
3.235,0,22,1.692,0.396,0.596,0,0,0
3.355,0,22,1.729,0.372,0.678,0,0,0
3.365,0,22,1.851,0.386,0.616,0,0,0
3.5,0,22,1.535,0.687,0.622,0,0,0
3.204,0,22,1.573,0.402,0.637,0,0,0
3.444,0,22,1.724,0.389,0.715,0,0,0
3.074,0,22,1.548,0.364,0.635,0,0,0
3.164,0,22,1.612,0.387,0.613,0,0,0
2.924,0,22,1.473,0.388,0.606,0,0,0
7.587,0,22,1.985,0.43,4.622,0,0,0
3.267,0,22,1.653,0.402,0.622,0,0,0
3.11,0,22,1.522,0.389,0.641,0,0,0
3.061,0,22,1.568,0.389,0.575,0,0,0
3.021,0,22,1.542,0.387,0.61,0,0,0
3.216,0,22,1.67,0.409,0.666,0,0,0
3.376,0,22,1.617,0.578,0.621,0,0,0
3.017,0,22,1.462,0.4,0.589,0,0,0
3.121,0,22,1.604,0.388,0.576,0,0,0
3.155,0,22,1.609,0.395,0.595,0,0,0
3.284,0,22,1.669,0.406,0.655,0,0,0
3.286,0,22,1.803,0.385,0.576,0,0,0
3.416,0,22,1.649,0.599,0.597,0,0,0
3.214,0,22,1.678,0.403,0.567,0,0,0
3.098,0,22,1.613,0.389,0.56,0,0,0
3.267,0,22,1.698,0.4,0.609,0,0,0
3.237,0,22,1.699,0.386,0.624,0,0,0
3.156,0,22,1.724,0.387,0.525,0,0,0
3.38,0,22,1.569,0.663,0.654,0,0,0
3.158,0,22,1.583,0.402,0.663,0,0,0
3.21,0,22,1.738,0.383,0.588,0,0,0
2.997,0,22,1.483,0.389,0.616,0,0,0
2.81,0,22,1.437,0.389,0.503,0,0,0
3.01,0,22,1.515,0.393,0.631,0,0,0
3.332,0,22,1.614,0.671,0.554,0,0,0
2.98,0,22,1.518,0.411,0.517,0,0,0
2.817,0,22,1.408,0.395,0.509,0,0,0
2.622,0,22,1.279,0.394,0.502,0,0,0
2.885,0,22,1.41,0.406,0.626,0,0,0
2.908,0,22,1.543,0.38,0.526,0,0,0
3.144,0,22,1.376,0.668,0.617,0,0,0
2.793,0,22,1.393,0.402,0.487,0,0,0
2.651,0,22,1.358,0.387,0.48,0,0,0
2.699,0,22,1.356,0.393,0.53,0,0,0
2.807,0,22,1.469,0.376,0.53,0,0,0
2.688,0,22,1.372,0.389,0.49,0,0,0
3.247,0,22,1.404,0.598,0.801,0,0,0
2.879,0,22,1.446,0.4,0.517,0,0,0
2.834,0,22,1.436,0.379,0.538,0,0,0
2.701,0,22,1.371,0.385,0.487,0,0,0
2.678,0,22,1.38,0.388,0.487,0,0,0
2.744,0,22,1.331,0.401,0.582,0,0,0
3.211,0,22,1.528,0.685,0.518,0,0,0
2.824,0,22,1.373,0.409,0.533,0,0,0
2.799,0,22,1.417,0.393,0.516,0,0,0
2.705,0,22,1.331,0.389,0.517,0,0,0
2.769,0,22,1.317,0.387,0.604,0,0,0
2.942,0,22,1.55,0.383,0.538,0,0,0
3.836,0,22,1.355,0.433,1.473,0,0,0
2.857,0,22,1.444,0.402,0.51,0,0,0
2.701,0,22,1.3,0.389,0.551,0,0,0
3,0,22,1.301,0.4,0.832,0,0,0
2.852,0,22,1.447,0.395,0.552,0,0,0
2.658,0,22,1.358,0.389,0.489,0,0,0
3.415,0,22,1.328,0.559,1.044,0,0,0
2.867,0,22,1.335,0.433,0.609,0,0,0
2.838,0,22,1.468,0.385,0.512,0,0,0
2.941,0,22,1.633,0.385,0.489,0,0,0
2.651,0,22,1.347,0.385,0.492,0,0,0
3.068,0,22,1.614,0.365,0.634,0,0,0
7.368,0,22,1.616,0.669,4.603,0,0,0
2.977,0,22,1.582,0.401,0.496,0,0,0
2.747,0,22,1.403,0.39,0.491,0,0,0
2.873,0,22,1.486,0.388,0.566,0,0,0
2.906,0,22,1.523,0.371,0.567,0,0,0
2.902,0,22,1.551,0.391,0.497,0,0,0
3.194,0,22,1.467,0.786,0.503,0,0,0
3.099,0,22,1.535,0.399,0.531,0,0,0
3.11,0,22,1.506,0.389,0.737,0,0,0
2.944,0,22,1.509,0.366,0.564,0,0,0
2.994,0,22,1.583,0.389,0.532,0,0,0
2.832,0,22,1.452,0.386,0.528,0,0,0
3.704,0,22,1.748,0.806,0.629,0,0,0
2.784,0,22,1.315,0.427,0.55,0,0,0
2.862,0,22,1.434,0.382,0.555,0,0,0
2.757,0,22,1.418,0.39,0.506,0,0,0
2.921,0,22,1.361,0.391,0.521,0,0,0
2.77,0,22,1.331,0.379,0.583,0,0,0
3.25,0,22,1.517,0.711,0.526,0,0,0
3.021,0,22,1.499,0.403,0.525,0,0,0
2.666,0,22,1.327,0.391,0.499,0,0,0
2.898,0,22,1.286,0.551,0.589,0,0,0
3.203,0,22,1.495,0.387,0.845,0,0,0
2.637,0,22,1.292,0.393,0.502,0,0,0
3.353,0,22,1.568,0.725,0.6,0,0,0
2.778,0,22,1.393,0.411,0.503,0,0,0
2.753,0,22,1.331,0.393,0.574,0,0,0
2.678,0,22,1.306,0.384,0.527,0,0,0
2.689,0,22,1.325,0.392,0.502,0,0,0
2.898,0,22,1.348,0.388,0.532,0,0,0
3.297,0,22,1.325,0.471,1.046,0,0,0
2.688,0,22,1.204,0.4,0.551,0,0,0
3.001,0,22,1.562,0.39,0.546,0,0,0
3.247,0,22,1.754,0.396,0.544,0,0,0
3.011,0,22,1.564,0.394,0.551,0,0,0
3.175,0,22,1.621,0.37,0.657,0,0,0
4.663,0,22,2.275,0.401,1.46,0,0,0
3.307,0,22,1.768,0.403,0.575,0,0,0
3.157,0,22,1.619,0.399,0.577,0,0,0
2.999,0,22,1.451,0.395,0.676,0,0,0
3.111,0,22,1.629,0.355,0.643,0,0,0
3.156,0,22,1.668,0.371,0.594,0,0,0
3.512,0,22,1.726,0.686,0.536,0,0,0
3.019,0,22,1.532,0.409,0.536,0,0,0
2.818,0,22,1.358,0.394,0.594,0,0,0
2.941,0,22,1.425,0.386,0.609,0,0,0
2.862,0,22,1.433,0.394,0.523,0,0,0
2.933,0,22,1.503,0.394,0.555,0,0,0
3.626,0,22,1.818,0.714,0.586,0,0,0
3.061,0,22,1.558,0.409,0.55,0,0,0
2.845,0,22,1.446,0.395,0.507,0,0,0
2.754,0,22,1.303,0.394,0.534,0,0,0
2.825,0,22,1.342,0.398,0.609,0,0,0
2.776,0,22,1.356,0.415,0.529,0,0,0
3.168,0,22,1.354,0.662,0.68,0,0,0
3.097,0,22,1.659,0.404,0.526,0,0,0
2.927,0,22,1.501,0.391,0.527,0,0,0
2.822,0,22,1.381,0.389,0.585,0,0,0
2.85,0,22,1.495,0.379,0.521,0,0,0
2.724,0,22,1.311,0.391,0.498,0,0,0
3.349,0,22,1.244,0.464,1.115,0,0,0
2.928,0,22,1.443,0.401,0.539,0,0,0
3.013,0,22,1.473,0.39,0.563,0,0,0
2.865,0,22,1.414,0.38,0.568,0,0,0
2.991,0,22,1.54,0.388,0.527,0,0,0
2.698,0,22,1.363,0.387,0.487,0,0,0
4.325,0,22,1.391,0.436,1.838,0,0,0
2.928,0,22,1.408,0.421,0.561,0,0,0
2.812,0,22,1.463,0.39,0.508,0,0,0
2.842,0,22,1.48,0.39,0.512,0,0,0
2.807,0,22,1.301,0.387,0.667,0,0,0
2.955,0,22,1.55,0.362,0.566,0,0,0
3.374,0,22,1.603,0.687,0.569,0,0,0
3.038,0,22,1.526,0.41,0.553,0,0,0
2.658,0,22,1.291,0.389,0.53,0,0,0
2.852,0,22,1.376,0.39,0.604,0,0,0
3.056,0,22,1.397,0.631,0.571,0,0,0
2.756,0,22,1.366,0.396,0.503,0,0,0
3.597,0,22,1.446,0.567,1.118,0,0,0
2.67,0,22,1.234,0.405,0.545,0,0,0
2.671,0,22,1.216,0.379,0.611,0,0,0
2.812,0,22,1.409,0.388,0.522,0,0,0
2.643,0,22,1.336,0.388,0.496,0,0,0
2.63,0,22,1.234,0.387,0.554,0,0,0
3.321,0,22,1.376,0.675,0.789,0,0,0
3.197,0,22,1.602,0.401,0.692,0,0,0
3.146,0,22,1.53,0.564,0.546,0,0,0
2.877,0,22,1.479,0.392,0.531,0,0,0
3.004,0,22,1.48,0.415,0.612,0,0,0
2.906,0,22,1.509,0.382,0.53,0,0,0
3.281,0,22,1.503,0.693,0.577,0,0,0
2.829,0,22,1.366,0.402,0.525,0,0,0
2.805,0,22,1.391,0.393,0.538,0,0,0
2.885,0,22,1.385,0.401,0.627,0,0,0
3.095,0,22,1.66,0.393,0.542,0,0,0
2.77,0,22,1.398,0.392,0.515,0,0,0
3.224,0,22,1.422,0.666,0.639,0,0,0
2.902,0,22,1.446,0.403,0.524,0,0,0
2.874,0,22,1.394,0.413,0.614,0,0,0
3.04,0,22,1.634,0.393,0.526,0,0,0
2.779,0,22,1.354,0.39,0.549,0,0,0
2.831,0,22,1.392,0.389,0.606,0,0,0
3.391,0,22,1.601,0.707,0.565,0,0,0
2.934,0,22,1.447,0.396,0.575,0,0,0
2.887,0,22,1.411,0.398,0.555,0,0,0
3.189,0,22,1.738,0.397,0.558,0,0,0
3.167,0,22,1.588,0.392,0.654,0,0,0
3.264,0,22,1.813,0.37,0.58,0,0,0
4.034,0,22,1.767,0.498,1.059,0,0,0
3.405,0,22,1.876,0.405,0.569,0,0,0
3.195,0,22,1.67,0.394,0.581,0,0,0
3.036,0,22,1.564,0.389,0.534,0,0,0
3.23,0,22,1.598,0.398,0.671,0,0,0
3.343,0,22,1.899,0.393,0.554,0,0,0
3.51,0,22,1.677,0.676,0.622,0,0,0
3.304,0,22,1.662,0.403,0.567,0,0,0
3.016,0,22,1.594,0.394,0.525,0,0,0
3.063,0,22,1.548,0.389,0.613,0,0,0
2.933,0,22,1.507,0.393,0.53,0,0,0
3.083,0,22,1.551,0.392,0.586,0,0,0
3.395,0,22,1.546,0.665,0.625,0,0,0
3.411,0,22,1.831,0.408,0.57,0,0,0
3.359,0,22,1.734,0.4,0.699,0,0,0
3.2,0,22,1.662,0.387,0.619,0,0,0
3.152,0,22,1.61,0.39,0.598,0,0,0
3.116,0,22,1.58,0.392,0.604,0,0,0
3.777,0,22,1.916,0.574,0.69,0,0,0
3.339,0,22,1.65,0.411,0.635,0,0,0
3.272,0,22,1.773,0.394,0.566,0,0,0
3.279,0,22,1.704,0.389,0.603,0,0,0
3.441,0,22,1.829,0.4,0.652,0,0,0
3.281,0,22,1.739,0.381,0.618,0,0,0
3.715,0,22,1.792,0.552,0.712,0,0,0
3.08,0,22,1.517,0.411,0.571,0,0,0
3.049,0,22,1.505,0.389,0.596,0,0,0
3.097,0,22,1.505,0.389,0.642,0,0,0
3.194,0,22,1.681,0.362,0.619,0,0,0
3.209,0,22,1.674,0.388,0.614,0,0,0
3.964,0,22,1.902,0.579,0.825,0,0,0
3.375,0,22,1.744,0.399,0.623,0,0,0
3.292,0,22,1.664,0.404,0.644,0,0,0
3.158,0,22,1.585,0.377,0.637,0,0,0
3.451,0,22,1.845,0.395,0.625,0,0,0
3.412,0,22,1.755,0.389,0.687,0,0,0
3.57,0,22,1.804,0.546,0.642,0,0,0
3.407,0,22,1.723,0.402,0.673,0,0,0
3.199,0,22,1.573,0.393,0.646,0,0,0
3.21,0,22,1.615,0.389,0.668,0,0,0
3.305,0,22,1.627,0.4,0.701,0,0,0
3.285,0,22,1.715,0.388,0.625,0,0,0
7.514,0,22,1.725,0.59,4.566,0,0,0
3.489,0,22,1.84,0.4,0.623,0,0,0
3.169,0,22,1.574,0.393,0.613,0,0,0
3.335,0,22,1.718,0.413,0.666,0,0,0
3.304,0,22,1.706,0.376,0.637,0,0,0
3.083,0,22,1.512,0.388,0.599,0,0,0
3.539,0,22,1.57,0.663,0.787,0,0,0
3.155,0,22,1.609,0.4,0.584,0,0,0
3.006,0,22,1.407,0.391,0.666,0,0,0
3.089,0,22,1.611,0.374,0.592,0,0,0
3.033,0,22,1.538,0.394,0.58,0,0,0
3.114,0,22,1.523,0.396,0.661,0,0,0
3.645,0,22,1.643,0.65,0.846,0,0,0
3.057,0,22,1.52,0.392,0.592,0,0,0
3.169,0,22,1.656,0.465,0.556,0,0,0
2.825,0,22,1.387,0.388,0.551,0,0,0
2.814,0,22,1.344,0.388,0.606,0,0,0
2.887,0,22,1.427,0.365,0.587,0,0,0
3.529,0,22,1.49,0.66,0.79,0,0,0
3.005,0,22,1.567,0.412,0.516,0,0,0
2.838,0,22,1.425,0.391,0.543,0,0,0
2.878,0,22,1.501,0.387,0.513,0,0,0
2.654,0,22,1.282,0.39,0.507,0,0,0
2.675,0,22,1.339,0.393,0.504,0,0,0
3.09,0,22,1.372,0.705,0.574,0,0,0
2.992,0,22,1.483,0.41,0.583,0,0,0
2.738,0,22,1.324,0.392,0.534,0,0,0
2.745,0,22,1.388,0.387,0.493,0,0,0
2.678,0,22,1.28,0.402,0.504,0,0,0
2.624,0,22,1.195,0.406,0.57,0,0,0
3.183,0,22,1.652,0.563,0.515,0,0,0
3.011,0,22,1.431,0.404,0.493,0,0,0
2.729,0,22,1.305,0.392,0.582,0,0,0
2.769,0,22,1.348,0.399,0.553,0,0,0
2.873,0,22,1.433,0.461,0.504,0,0,0
2.795,0,22,1.458,0.391,0.49,0,0,0
3.536,0,22,1.353,0.523,1.227,0,0,0
2.809,0,22,1.339,0.407,0.561,0,0,0
2.767,0,22,1.4,0.381,0.524,0,0,0
2.737,0,22,1.376,0.39,0.499,0,0,0
2.611,0,22,1.292,0.394,0.494,0,0,0
2.782,0,22,1.353,0.403,0.604,0,0,0
3.203,0,22,1.423,0.67,0.66,0,0,0
2.832,0,22,1.444,0.403,0.495,0,0,0
2.637,0,22,1.328,0.394,0.478,0,0,0
2.645,0,22,1.3,0.391,0.535,0,0,0
2.691,0,22,1.378,0.363,0.53,0,0,0
2.677,0,22,1.36,0.389,0.482,0,0,0
3.497,0,22,1.316,0.551,1.097,0,0,0
2.686,0,22,1.296,0.403,0.503,0,0,0
2.726,0,22,1.367,0.393,0.532,0,0,0
2.798,0,22,1.455,0.391,0.505,0,0,0
2.625,0,22,1.304,0.386,0.486,0,0,0
2.901,0,22,1.462,0.387,0.626,0,0,0
4.71,0,22,2.271,0.43,1.483,0,0,0
2.84,0,22,1.417,0.431,0.497,0,0,0
2.914,0,22,1.481,0.393,0.506,0,0,0
2.716,0,22,1.338,0.393,0.5,0,0,0
2.645,0,22,1.289,0.388,0.494,0,0,0
3.145,0,22,1.527,0.481,0.669,0,0,0
3.356,0,22,1.656,0.68,0.545,0,0,0
2.9,0,22,1.466,0.404,0.508,0,0,0
2.75,0,22,1.382,0.391,0.517,0,0,0
2.826,0,22,1.385,0.407,0.594,0,0,0
2.859,0,22,1.482,0.397,0.517,0,0,0
2.903,0,22,1.501,0.388,0.543,0,0,0
3.442,0,22,1.683,0.705,0.586,0,0,0
2.915,0,22,1.448,0.4,0.555,0,0,0
2.718,0,22,1.314,0.395,0.53,0,0,0
2.894,0,22,1.479,0.384,0.532,0,0,0
2.905,0,22,1.501,0.388,0.551,0,0,0
2.832,0,22,1.406,0.387,0.555,0,0,0
3.352,0,22,1.624,0.669,0.575,0,0,0
2.861,0,22,1.365,0.399,0.569,0,0,0
2.82,0,22,1.375,0.39,0.529,0,0,0
2.81,0,22,1.396,0.396,0.537,0,0,0
2.952,0,22,1.417,0.42,0.627,0,0,0
2.884,0,22,1.438,0.381,0.57,0,0,0
3.143,0,22,1.422,0.68,0.553,0,0,0
3.184,0,22,1.652,0.402,0.562,0,0,0
2.894,0,22,1.459,0.39,0.553,0,0,0
2.999,0,22,1.394,0.4,0.695,0,0,0
3.097,0,22,1.687,0.39,0.524,0,0,0
3.276,0,22,1.695,0.579,0.526,0,0,0
7.202,0,22,1.45,0.771,4.454,0,0,0
3.182,0,22,1.587,0.399,0.603,0,0,0
3.026,0,22,1.576,0.393,0.556,0,0,0
3.012,0,22,1.566,0.389,0.58,0,0,0
3.204,0,22,1.74,0.378,0.583,0,0,0
3.352,0,22,1.596,0.383,0.86,0,0,0
3.45,0,22,1.664,0.694,0.585,0,0,0
2.843,0,22,1.355,0.399,0.545,0,0,0
2.907,0,22,1.438,0.39,0.58,0,0,0
2.799,0,22,1.404,0.391,0.52,0,0,0
3.333,0,22,1.596,0.533,0.551,0,0,0
3.218,0,22,1.446,0.394,0.89,0,0,0
3.248,0,22,1.563,0.671,0.527,0,0,0
2.887,0,22,1.391,0.399,0.552,0,0,0
2.999,0,22,1.509,0.4,0.555,0,0,0
2.962,0,22,1.611,0.389,0.498,0,0,0
2.829,0,22,1.314,0.414,0.624,0,0,0
3.093,0,22,1.576,0.39,0.605,0,0,0
3.603,0,22,1.571,0.691,0.594,0,0,0
2.863,0,22,1.45,0.402,0.518,0,0,0
2.609,0,22,1.203,0.39,0.52,0,0,0
2.835,0,22,1.462,0.394,0.535,0,0,0
3.029,0,22,1.612,0.387,0.585,0,0,0
3.041,0,22,1.698,0.389,0.521,0,0,0
3.379,0,22,1.435,0.718,0.647,0,0,0
3.066,0,22,1.597,0.409,0.549,0,0,0
3.082,0,22,1.388,0.379,0.84,0,0,0
3.076,0,22,1.688,0.388,0.515,0,0,0
3.266,0,22,1.694,0.391,0.738,0,0,0
3.031,0,22,1.545,0.4,0.583,0,0,0
5.031,0,22,1.568,0.601,2.369,0,0,0
3.01,0,22,1.566,0.404,0.523,0,0,0
2.934,0,22,1.524,0.389,0.539,0,0,0
3.074,0,22,1.608,0.389,0.583,0,0,0
3.12,0,22,1.673,0.38,0.574,0,0,0
2.94,0,22,1.558,0.39,0.495,0,0,0
3.54,0,22,1.605,0.679,0.719,0,0,0
2.773,0,22,1.372,0.403,0.509,0,0,0
2.677,0,22,1.316,0.381,0.527,0,0,0
2.691,0,22,1.278,0.395,0.54,0,0,0
3.011,0,22,1.599,0.397,0.522,0,0,0
3.044,0,22,1.41,0.41,0.768,0,0,0
3.385,0,22,1.597,0.693,0.575,0,0,0
2.935,0,22,1.393,0.403,0.592,0,0,0
2.895,0,22,1.505,0.395,0.508,0,0,0
2.842,0,22,1.472,0.388,0.532,0,0,0
2.801,0,22,1.293,0.398,0.637,0,0,0
2.883,0,22,1.481,0.395,0.549,0,0,0
3.377,0,22,1.426,0.565,0.91,0,0,0
2.863,0,22,1.398,0.397,0.534,0,0,0
2.984,0,22,1.499,0.388,0.606,0,0,0
2.659,0,22,1.246,0.362,0.58,0,0,0
2.851,0,22,1.44,0.387,0.527,0,0,0
2.724,0,22,1.328,0.388,0.54,0,0,0
3.862,0,22,1.297,0.511,1.552,0,0,0
2.777,0,22,1.303,0.401,0.57,0,0,0
2.703,0,22,1.288,0.387,0.551,0,0,0
2.99,0,22,1.587,0.389,0.51,0,0,0
2.928,0,22,1.554,0.39,0.512,0,0,0
3.038,0,22,1.548,0.379,0.614,0,0,0
3.54,0,22,1.849,0.612,0.563,0,0,0
3.309,0,22,1.722,0.4,0.613,0,0,0
3.196,0,22,1.687,0.402,0.586,0,0,0
3.104,0,22,1.588,0.396,0.599,0,0,0
3.385,0,22,1.855,0.397,0.585,0,0,0
3.037,0,22,1.512,0.39,0.563,0,0,0
3.328,0,22,1.567,0.675,0.58,0,0,0
2.958,0,22,1.429,0.404,0.563,0,0,0
3.356,0,22,1.794,0.37,0.672,0,0,0
3.342,0,22,1.895,0.392,0.562,0,0,0
3.393,0,22,1.966,0.392,0.531,0,0,0
3.199,0,22,1.611,0.391,0.611,0,0,0
7.448,0,22,2.053,0.417,4.38,0,0,0
3.266,0,22,1.566,0.434,0.655,0,0,0
3.284,0,22,1.746,0.384,0.593,0,0,0
3.132,0,22,1.5,0.391,0.669,0,0,0
2.986,0,22,1.473,0.39,0.601,0,0,0
3.3,0,22,1.671,0.386,0.717,0,0,0
7.516,0,22,2.238,0.405,4.298,0,0,0
3.228,0,22,1.728,0.398,0.54,0,0,0
3.149,0,22,1.537,0.394,0.629,0,0,0
2.91,0,22,1.418,0.391,0.582,0,0,0
3.105,0,22,1.461,0.354,0.745,0,0,0
3.398,0,22,1.829,0.388,0.613,0,0,0
3.515,0,22,1.647,0.676,0.581,0,0,0
3.121,0,22,1.484,0.402,0.605,0,0,0
3.179,0,22,1.593,0.392,0.638,0,0,0
3.074,0,22,1.56,0.367,0.586,0,0,0
3.388,0,22,1.78,0.391,0.602,0,0,0
2.939,0,22,1.408,0.393,0.621,0,0,0
4.673,0,22,2.173,0.425,1.37,0,0,0
3.62,0,22,1.907,0.401,0.631,0,0,0
3.269,0,22,1.638,0.394,0.644,0,0,0
3.318,0,22,1.672,0.393,0.672,0,0,0
3.439,0,22,1.773,0.394,0.689,0,0,0
3.152,0,22,1.539,0.382,0.669,0,0,0
4.856,0,22,2.068,0.56,1.493,0,0,0
3.373,0,22,1.76,0.402,0.63,0,0,0
3.297,0,22,1.597,0.393,0.722,0,0,0
3.347,0,22,1.743,0.382,0.651,0,0,0
3.348,0,22,1.758,0.388,0.606,0,0,0
3.281,0,22,1.731,0.393,0.592,0,0,0
3.544,0,22,1.629,0.636,0.723,0,0,0
3.256,0,22,1.575,0.407,0.594,0,0,0
3.3,0,22,1.613,0.463,0.635,0,0,0
3.164,0,22,1.576,0.397,0.603,0,0,0
2.972,0,22,1.475,0.403,0.588,0,0,0
3.154,0,22,1.493,0.404,0.712,0,0,0
3.754,0,22,1.824,0.526,0.741,0,0,0
3.248,0,22,1.685,0.408,0.588,0,0,0
3.196,0,22,1.587,0.398,0.604,0,0,0
3.017,0,22,1.553,0.397,0.567,0,0,0
3.212,0,22,1.537,0.412,0.734,0,0,0
3.205,0,22,1.723,0.389,0.573,0,0,0
3.597,0,22,1.569,0.67,0.826,0,0,0
3.275,0,22,1.808,0.4,0.546,0,0,0
3.022,0,22,1.53,0.389,0.597,0,0,0
3.054,0,22,1.607,0.383,0.565,0,0,0
2.905,0,22,1.479,0.388,0.529,0,0,0
2.9,0,22,1.503,0.389,0.526,0,0,0
3.249,0,22,1.444,0.655,0.652,0,0,0
2.985,0,22,1.436,0.425,0.594,0,0,0
2.995,0,22,1.576,0.394,0.531,0,0,0
3.636,0,22,1.77,0.777,0.547,0,0,0
2.79,0,22,1.379,0.391,0.526,0,0,0
2.793,0,22,1.34,0.424,0.563,0,0,0
3.522,0,22,1.549,0.677,0.812,0,0,0
2.907,0,22,1.415,0.404,0.525,0,0,0
2.733,0,22,1.329,0.391,0.516,0,0,0
2.818,0,22,1.329,0.402,0.623,0,0,0
2.863,0,22,1.464,0.389,0.548,0,0,0
2.935,0,22,1.51,0.4,0.508,0,0,0
3.228,0,22,1.488,0.665,0.537,0,0,0
2.85,0,22,1.356,0.409,0.577,0,0,0
2.812,0,22,1.442,0.371,0.538,0,0,0
2.892,0,22,1.501,0.395,0.516,0,0,0
2.852,0,22,1.47,0.394,0.509,0,0,0
2.78,0,22,1.354,0.394,0.579,0,0,0
3.362,0,22,1.545,0.755,0.589,0,0,0
2.866,0,22,1.42,0.4,0.518,0,0,0
3.034,0,22,1.453,0.569,0.513,0,0,0
2.815,0,22,1.443,0.39,0.507,0,0,0
2.883,0,22,1.41,0.4,0.606,0,0,0
2.858,0,22,1.489,0.366,0.559,0,0,0
3.193,0,22,1.439,0.643,0.653,0,0,0
2.892,0,22,1.458,0.402,0.517,0,0,0
2.816,0,22,1.453,0.389,0.514,0,0,0
3.034,0,22,1.653,0.38,0.537,0,0,0
2.894,0,22,1.508,0.383,0.539,0,0,0
2.753,0,22,1.396,0.387,0.513,0,0,0
3.313,0,22,1.549,0.669,0.621,0,0,0
2.91,0,22,1.464,0.396,0.53,0,0,0
3.133,0,22,1.751,0.392,0.509,0,0,0
2.999,0,22,1.529,0.388,0.549,0,0,0
2.906,0,22,1.512,0.39,0.543,0,0,0
2.9,0,22,1.429,0.402,0.558,0,0,0
3.562,0,22,1.69,0.469,0.588,0,0,0
3.481,0,22,1.852,0.404,0.546,0,0,0
3.096,0,22,1.527,0.393,0.693,0,0,0
3.077,0,22,1.533,0.427,0.66,0,0,0
3.016,0,22,1.558,0.385,0.569,0,0,0
2.736,0,22,1.394,0.388,0.519,0,0,0
4.579,0,22,1.401,0.505,2.131,0,0,0
3.076,0,22,1.57,0.401,0.596,0,0,0
2.882,0,22,1.352,0.417,0.643,0,0,0
2.885,0,22,1.504,0.393,0.518,0,0,0
2.993,0,22,1.614,0.391,0.503,0,0,0
3.514,0,22,1.756,0.399,0.875,0,0,0
7.577,0,22,2.373,0.406,4.286,0,0,0
3.145,0,22,1.67,0.405,0.522,0,0,0
2.952,0,22,1.535,0.394,0.53,0,0,0
3.147,0,22,1.691,0.391,0.548,0,0,0
3.091,0,22,1.633,0.379,0.581,0,0,0
3.168,0,22,1.736,0.387,0.543,0,0,0
3.254,0,22,1.565,0.644,0.568,0,0,0
3.078,0,22,1.608,0.399,0.542,0,0,0
2.955,0,22,1.491,0.388,0.596,0,0,0
3.214,0,22,1.794,0.379,0.557,0,0,0
3.492,0,22,1.967,0.388,0.579,0,0,0
2.88,0,22,1.428,0.388,0.566,0,0,0
7.674,0,22,2.382,0.399,4.352,0,0,0
3.225,0,22,1.7,0.403,0.575,0,0,0
3.244,0,22,1.727,0.386,0.586,0,0,0
2.96,0,22,1.508,0.391,0.524,0,0,0
3.04,0,22,1.533,0.387,0.598,0,0,0
3.076,0,22,1.567,0.363,0.62,0,0,0
3.349,0,22,1.781,0.56,0.553,0,0,0
2.924,0,22,1.332,0.403,0.628,0,0,0
2.975,0,22,1.458,0.393,0.617,0,0,0
2.852,0,22,1.369,0.392,0.617,0,0,0
3.019,0,22,1.577,0.38,0.581,0,0,0
2.987,0,22,1.543,0.388,0.543,0,0,0
3.386,0,22,1.571,0.651,0.644,0,0,0
3.094,0,22,1.574,0.404,0.552,0,0,0
2.771,0,22,1.29,0.396,0.594,0,0,0
3.041,0,22,1.5,0.389,0.632,0,0,0
3.243,0,22,1.761,0.39,0.536,0,0,0
3.22,0,22,1.619,0.392,0.646,0,0,0
4.891,0,22,2.037,0.437,1.68,0,0,0
3.268,0,22,1.602,0.4,0.592,0,0,0
3.062,0,22,1.625,0.391,0.539,0,0,0
3.02,0,22,1.544,0.386,0.586,0,0,0
3.098,0,22,1.547,0.389,0.649,0,0,0
3.159,0,22,1.68,0.385,0.571,0,0,0
7.465,0,22,1.952,0.513,4.443,0,0,0
3.281,0,22,1.753,0.401,0.55,0,0,0
3.138,0,22,1.625,0.386,0.592,0,0,0
3.205,0,22,1.54,0.401,0.718,0,0,0
3.481,0,22,1.852,0.401,0.639,0,0,0
3.038,0,22,1.483,0.39,0.604,0,0,0
3.532,0,22,1.59,0.793,0.645,0,0,0
3.319,0,22,1.585,0.406,0.728,0,0,0
3.459,0,22,1.873,0.385,0.64,0,0,0
3.365,0,22,1.853,0.392,0.585,0,0,0
3.012,0,22,1.554,0.387,0.575,0,0,0
3.08,0,22,1.562,0.387,0.622,0,0,0
3.356,0,22,1.594,0.696,0.552,0,0,0
3.009,0,22,1.494,0.399,0.565,0,0,0
3.056,0,22,1.573,0.392,0.583,0,0,0
3.121,0,22,1.664,0.386,0.56,0,0,0
3.273,0,22,1.586,0.417,0.725,0,0,0
3.447,0,22,1.946,0.387,0.576,0,0,0
3.347,0,22,1.641,0.638,0.544,0,0,0
3.078,0,22,1.575,0.402,0.56,0,0,0
3.068,0,22,1.567,0.39,0.569,0,0,0
3.116,0,22,1.587,0.39,0.617,0,0,0
3.165,0,22,1.589,0.397,0.643,0,0,0
3.462,0,22,1.911,0.388,0.595,0,0,0
3.739,0,22,1.753,0.56,0.714,0,0,0
2.915,0,22,1.399,0.402,0.555,0,0,0
2.805,0,22,1.31,0.387,0.582,0,0,0
3.24,0,22,1.604,0.39,0.696,0,0,0
3.09,0,22,1.517,0.388,0.594,0,0,0
3.13,0,22,1.607,0.391,0.594,0,0,0
3.538,0,22,1.763,0.581,0.656,0,0,0
3.172,0,22,1.516,0.42,0.61,0,0,0
3.224,0,22,1.63,0.393,0.636,0,0,0
3.049,0,22,1.529,0.39,0.573,0,0,0
3.239,0,22,1.639,0.388,0.657,0,0,0
2.959,0,22,1.465,0.386,0.597,0,0,0
7.72,0,22,2.194,0.405,4.551,0,0,0
3.285,0,22,1.67,0.412,0.621,0,0,0
3.187,0,22,1.576,0.39,0.603,0,0,0
3.23,0,22,1.559,0.392,0.74,0,0,0
3.055,0,22,1.489,0.401,0.641,0,0,0
3.186,0,22,1.61,0.383,0.642,0,0,0
3.509,0,22,1.619,0.667,0.641,0,0,0
3.189,0,22,1.614,0.403,0.574,0,0,0
3.236,0,22,1.596,0.391,0.68,0,0,0
3.483,0,22,1.875,0.363,0.671,0,0,0
3.287,0,22,1.672,0.391,0.624,0,0,0
3.113,0,22,1.525,0.389,0.616,0,0,0
4.155,0,22,1.998,0.473,0.916,0,0,0
3.005,0,22,1.401,0.413,0.617,0,0,0
3.026,0,22,1.525,0.388,0.591,0,0,0
3.048,0,22,1.545,0.392,0.558,0,0,0
3.011,0,22,1.484,0.391,0.617,0,0,0
3.122,0,22,1.531,0.398,0.637,0,0,0
3.826,0,22,1.77,0.577,0.809,0,0,0
3.174,0,22,1.553,0.401,0.644,0,0,0
3.107,0,22,1.488,0.396,0.688,0,0,0
3.091,0,22,1.607,0.385,0.569,0,0,0
3.048,0,22,1.53,0.392,0.557,0,0,0
2.975,0,22,1.39,0.46,0.638,0,0,0
7.443,0,22,1.824,0.738,4.335,0,0,0
3.005,0,22,1.504,0.395,0.552,0,0,0
3.18,0,22,1.69,0.393,0.548,0,0,0
3.082,0,22,1.619,0.391,0.556,0,0,0
3.015,0,22,1.424,0.412,0.667,0,0,0
2.924,0,22,1.441,0.369,0.606,0,0,0
3.367,0,22,1.688,0.562,0.599,0,0,0
3.127,0,22,1.569,0.402,0.542,0,0,0
2.904,0,22,1.508,0.388,0.536,0,0,0
3.049,0,22,1.53,0.4,0.626,0,0,0
2.981,0,22,1.558,0.385,0.559,0,0,0
2.871,0,22,1.429,0.424,0.54,0,0,0
3.351,0,22,1.632,0.457,0.766,0,0,0
2.884,0,22,1.405,0.404,0.537,0,0,0
2.812,0,22,1.407,0.377,0.542,0,0,0
2.911,0,22,1.505,0.39,0.534,0,0,0
2.809,0,22,1.432,0.392,0.52,0,0,0
2.832,0,22,1.415,0.386,0.578,0,0,0
3.222,0,22,1.538,0.657,0.531,0,0,0
2.978,0,22,1.528,0.401,0.522,0,0,0
3.156,0,22,1.451,0.389,0.819,0,0,0
2.68,0,22,1.25,0.389,0.559,0,0,0
2.989,0,22,1.46,0.414,0.629,0,0,0
3.002,0,22,1.561,0.391,0.562,0,0,0
3.366,0,22,1.395,0.642,0.873,0,0,0
2.986,0,22,1.504,0.4,0.577,0,0,0
2.876,0,22,1.473,0.378,0.548,0,0,0
2.875,0,22,1.499,0.391,0.512,0,0,0
2.715,0,22,1.364,0.39,0.516,0,0,0
3.036,0,22,1.49,0.422,0.641,0,0,0
3.412,0,22,1.604,0.71,0.58,0,0,0
3.08,0,22,1.597,0.401,0.54,0,0,0
2.792,0,22,1.334,0.391,0.565,0,0,0
2.787,0,22,1.373,0.387,0.579,0,0,0
2.943,0,22,1.487,0.397,0.595,0,0,0
3.257,0,22,1.852,0.391,0.512,0,0,0
3.202,0,22,1.513,0.647,0.554,0,0,0
2.99,0,22,1.487,0.403,0.567,0,0,0
3.146,0,22,1.623,0.389,0.605,0,0,0
3.148,0,22,1.702,0.363,0.582,0,0,0
3.134,0,22,1.62,0.388,0.588,0,0,0
2.968,0,22,1.514,0.388,0.575,0,0,0
3.441,0,22,1.477,0.74,0.679,0,0,0
3.455,0,22,1.763,0.413,0.579,0,0,0
3.339,0,22,1.747,0.389,0.603,0,0,0
3.24,0,22,1.642,0.393,0.626,0,0,0
3.131,0,22,1.608,0.389,0.586,0,0,0
3.536,0,22,1.883,0.366,0.733,0,0,0
7.718,0,22,2.131,0.401,4.197,0,0,0
3.537,0,22,1.932,0.4,0.588,0,0,0
3.632,0,22,1.953,0.398,0.662,0,0,0
3.55,0,22,1.834,0.395,0.696,0,0,0
3.365,0,22,1.729,0.383,0.658,0,0,0
3.275,0,22,1.65,0.389,0.631,0,0,0
3.75,0,22,1.918,0.554,0.661,0,0,0
3.155,0,22,1.571,0.405,0.602,0,0,0
3.218,0,22,1.711,0.39,0.57,0,0,0
3.13,0,22,1.565,0.389,0.609,0,0,0
3.31,0,22,1.683,0.397,0.554,0,0,0
3.323,0,22,1.566,0.406,0.715,0,0,0
7.795,0,22,2.048,0.434,4.725,0,0,0
3.268,0,22,1.637,0.403,0.624,0,0,0
3.203,0,22,1.654,0.388,0.577,0,0,0
3.254,0,22,1.619,0.389,0.667,0,0,0
3.134,0,22,1.553,0.394,0.65,0,0,0
3.254,0,22,1.665,0.377,0.647,0,0,0
3.651,0,22,1.744,0.656,0.657,0,0,0
3.105,0,22,1.478,0.4,0.645,0,0,0
3.305,0,22,1.717,0.396,0.651,0,0,0
3.463,0,22,1.927,0.388,0.606,0,0,0
3.041,0,22,1.567,0.39,0.58,0,0,0
3.109,0,22,1.573,0.392,0.598,0,0,0
3.651,0,22,1.884,0.533,0.607,0,0,0
3.276,0,22,1.613,0.403,0.574,0,0,0
3.375,0,22,1.767,0.39,0.624,0,0,0
3.234,0,22,1.696,0.391,0.614,0,0,0
3.191,0,22,1.583,0.411,0.688,0,0,0
3.223,0,22,1.609,0.388,0.66,0,0,0
7.575,0,22,2.029,0.426,4.537,0,0,0
3.27,0,22,1.644,0.402,0.6,0,0,0
3.211,0,22,1.609,0.387,0.649,0,0,0
3.251,0,22,1.556,0.399,0.651,0,0,0
3.146,0,22,1.583,0.394,0.609,0,0,0
3.254,0,22,1.624,0.394,0.677,0,0,0
3.771,0,22,1.551,0.686,0.964,0,0,0
3.216,0,22,1.607,0.42,0.593,0,0,0
3.091,0,22,1.6,0.397,0.569,0,0,0
3.172,0,22,1.692,0.393,0.568,0,0,0
3.376,0,22,1.631,0.39,0.834,0,0,0
3.087,0,22,1.479,0.407,0.644,0,0,0
3.688,0,22,1.75,0.446,0.907,0,0,0
3.395,0,22,1.625,0.481,0.639,0,0,0
3.11,0,22,1.598,0.393,0.587,0,0,0
3.192,0,22,1.486,0.421,0.799,0,0,0
3.182,0,22,1.635,0.389,0.605,0,0,0
3.171,0,22,1.635,0.392,0.594,0,0,0
3.686,0,22,1.61,0.643,0.835,0,0,0
3.347,0,22,1.761,0.403,0.601,0,0,0
3.298,0,22,1.789,0.393,0.553,0,0,0
2.935,0,22,1.436,0.393,0.587,0,0,0
3.221,0,22,1.639,0.394,0.68,0,0,0
3.225,0,22,1.739,0.383,0.589,0,0,0
3.408,0,22,1.642,0.648,0.579,0,0,0
3.171,0,22,1.581,0.4,0.584,0,0,0
3.017,0,22,1.521,0.407,0.563,0,0,0
3.261,0,22,1.694,0.393,0.624,0,0,0
3.119,0,22,1.586,0.396,0.593,0,0,0
3.012,0,22,1.507,0.395,0.578,0,0,0
3.477,0,22,1.461,0.713,0.813,0,0,0
3.152,0,22,1.635,0.404,0.544,0,0,0
3.124,0,22,1.611,0.392,0.58,0,0,0
3.01,0,22,1.579,0.391,0.534,0,0,0
3.116,0,22,1.4,0.389,0.867,0,0,0
3.057,0,22,1.615,0.397,0.559,0,0,0
3.329,0,22,1.489,0.672,0.652,0,0,0
3.215,0,22,1.585,0.512,0.586,0,0,0
3.07,0,22,1.459,0.411,0.713,0,0,0
2.881,0,22,1.452,0.392,0.556,0,0,0
2.94,0,22,1.503,0.388,0.514,0,0,0
2.718,0,22,1.386,0.387,0.503,0,0,0
3.429,0,22,1.802,0.579,0.564,0,0,0
2.964,0,22,1.423,0.4,0.629,0,0,0
2.879,0,22,1.5,0.39,0.512,0,0,0
2.859,0,22,1.47,0.393,0.509,0,0,0
2.681,0,22,1.264,0.387,0.561,0,0,0
3.057,0,22,1.444,0.384,0.739,0,0,0
3.25,0,22,1.544,0.685,0.531,0,0,0
2.992,0,22,1.55,0.401,0.509,0,0,0
2.734,0,22,1.385,0.389,0.505,0,0,0
3.217,0,22,1.587,0.382,0.604,0,0,0
2.933,0,22,1.453,0.393,0.58,0,0,0
2.788,0,22,1.358,0.388,0.56,0,0,0
3.485,0,22,1.609,0.694,0.64,0,0,0
3.029,0,22,1.537,0.403,0.561,0,0,0
3.002,0,22,1.538,0.387,0.557,0,0,0
2.874,0,22,1.458,0.391,0.531,0,0,0
2.905,0,22,1.521,0.392,0.525,0,0,0
3.016,0,22,1.457,0.417,0.682,0,0,0
3.635,0,22,1.862,0.456,0.562,0,0,0
3.023,0,22,1.556,0.405,0.527,0,0,0
3.092,0,22,1.467,0.388,0.749,0,0,0
3.161,0,22,1.721,0.388,0.583,0,0,0
2.82,0,22,1.329,0.481,0.543,0,0,0
3.016,0,22,1.598,0.391,0.537,0,0,0
4.131,0,22,2.114,0.588,0.858,0,0,0
2.848,0,22,1.395,0.402,0.516,0,0,0
2.797,0,22,1.347,0.39,0.592,0,0,0
3.244,0,22,1.679,0.393,0.524,0,0,0
2.797,0,22,1.392,0.39,0.517,0,0,0
2.834,0,22,1.456,0.386,0.525,0,0,0
3.452,0,22,1.564,0.701,0.719,0,0,0
2.787,0,22,1.33,0.404,0.532,0,0,0
