0.003774,0.000885966,-0.000648683,0.00058517,-0.00110979,-0.00117831,-2.67467e-05,0.000885966,0.00149597,0.000901333,-0.000748282,-0.000307172,0.000314579,-6.68088e-05,-0.000648683,0.000901333,0.00302273,-0.000781324,-0.0013482,-0.00216501,6.08156e-06,0.00058517,-0.000748282,-0.000781324,0.00227514,0.000103974,-0.00102911,-0.000133674,-0.00110979,-0.000307172,-0.0013482,0.000103974,0.0334777,0.00289711,-0.00112314,-0.00117831,0.000314579,-0.00216501,-0.00102911,0.00289711,0.0287784,0.000166889,-2.67467e-05,-6.68088e-05,6.08156e-06,-0.000133674,-0.00112314,0.000166889,0.0466659,
0.00377361,0.000886087,-0.00064887,0.000585345,-0.00110984,-0.00117863,-2.67017e-05,0.000886087,0.00149625,0.000901392,-0.000748068,-0.000307241,0.00031437,-6.67804e-05,-0.00064887,0.000901392,0.0030225,-0.000781297,-0.00134798,-0.00216485,6.08558e-06,0.000585345,-0.000748068,-0.000781297,0.00227494,0.000104649,-0.00102882,-0.000133715,-0.00110984,-0.000307241,-0.00134798,0.000104649,0.0334758,0.00289725,-0.00112266,-0.00117863,0.00031437,-0.00216485,-0.00102882,0.00289725,0.0287791,0.0001668,-2.67017e-05,-6.67804e-05,6.08558e-06,-0.000133715,-0.00112266,0.0001668,0.0466658,
0.00377334,0.000886172,-0.000649001,0.00058547,-0.00110993,-0.00117886,-2.66738e-05,0.000886172,0.00149644,0.000901442,-0.000747904,-0.000307282,0.000314258,-6.67574e-05,-0.000649001,0.000901442,0.00302238,-0.000781277,-0.00134784,-0.00216471,6.08549e-06,0.000585471,-0.000747904,-0.000781277,0.00227479,0.000105224,-0.0010286,-0.000133738,-0.00110993,-0.000307282,-0.00134784,0.000105224,0.0334742,0.00289733,-0.00112229,-0.00117886,0.000314258,-0.00216471,-0.0010286,0.00289733,0.0287795,0.000166682,-2.66738e-05,-6.67574e-05,6.08549e-06,-0.000133738,-0.00112229,0.000166682,0.0466659,
0.00377315,0.000886231,-0.000649084,0.000585568,-0.00111001,-0.00117902,-2.66609e-05,0.000886231,0.00149657,0.000901483,-0.000747781,-0.000307307,0.000314195,-6.67403e-05,-0.000649084,0.000901483,0.0030223,-0.000781263,-0.00134774,-0.00216459,6.08303e-06,0.000585568,-0.000747781,-0.000781263,0.00227468,0.000105675,-0.00102844,-0.000133744,-0.00111001,-0.000307307,-0.00134774,0.000105675,0.0334729,0.00289734,-0.00112204,-0.00117902,0.000314195,-0.00216459,-0.00102844,0.00289734,0.0287798,0.000166539,-2.66609e-05,-6.67403e-05,6.08303e-06,-0.000133744,-0.00112204,0.000166539,0.0466659,
0.00377301,0.000886271,-0.000649132,0.000585648,-0.00111007,-0.00117912,-2.66604e-05,0.000886271,0.00149666,0.000901516,-0.000747688,-0.000307324,0.00031416,-6.67284e-05,-0.000649132,0.000901516,0.00302225,-0.000781254,-0.00134768,-0.0021645,6.07908e-06,0.000585648,-0.000747688,-0.000781254,0.0022746,0.000106013,-0.00102832,-0.000133734,-0.00111007,-0.000307324,-0.00134768,0.000106013,0.0334719,0.00289731,-0.0011219,-0.00117912,0.00031416,-0.0021645,-0.00102832,0.00289731,0.0287801,0.00016637,-2.66604e-05,-6.67284e-05,6.07908e-06,-0.000133734,-0.0011219,0.00016637,0.0466659,
0.00377291,0.000886299,-0.000649153,0.000585717,-0.00111013,-0.00117919,-2.66695e-05,0.000886299,0.00149673,0.000901543,-0.000747617,-0.000307336,0.00031414,-6.67207e-05,-0.000649153,0.000901543,0.00302221,-0.000781247,-0.00134765,-0.00216443,6.0741e-06,0.000585717,-0.000747617,-0.000781247,0.00227455,0.000106264,-0.00102823,-0.000133711,-0.00111013,-0.000307336,-0.00134765,0.000106264,0.0334711,0.00289724,-0.00112185,-0.00117919,0.00031414,-0.00216443,-0.00102823,0.00289724,0.0287803,0.00016618,-2.66695e-05,-6.67207e-05,6.0741e-06,-0.000133711,-0.00112185,0.00016618,0.046666,
0.00377283,0.000886317,-0.000649158,0.000585776,-0.00111017,-0.00117922,-2.66861e-05,0.000886317,0.00149677,0.000901566,-0.000747563,-0.000307344,0.000314129,-6.67161e-05,-0.000649158,0.000901566,0.00302219,-0.000781243,-0.00134764,-0.00216437,6.06833e-06,0.000585776,-0.000747563,-0.000781243,0.00227451,0.000106447,-0.00102817,-0.000133678,-0.00111017,-0.000307344,-0.00134764,0.000106447,0.0334705,0.00289713,-0.00112187,-0.00117922,0.000314129,-0.00216437,-0.00102817,0.00289713,0.0287804,0.00016597,-2.66861e-05,-6.67161e-05,6.06833e-06,-0.000133678,-0.00112187,0.00016597,0.0466661,
0.00377277,0.00088633,-0.000649151,0.000585828,-0.00111021,-0.00117924,-2.67086e-05,0.00088633,0.00149681,0.000901586,-0.00074752,-0.000307351,0.000314124,-6.67139e-05,-0.000649151,0.000901586,0.00302217,-0.00078124,-0.00134763,-0.00216434,6.06194e-06,0.000585828,-0.00074752,-0.00078124,0.00227449,0.000106582,-0.00102813,-0.000133636,-0.00111021,-0.000307351,-0.00134763,0.000106582,0.03347,0.002897,-0.00112194,-0.00117924,0.000314124,-0.00216434,-0.00102813,0.002897,0.0287806,0.000165742,-2.67086e-05,-6.67139e-05,6.06194e-06,-0.000133636,-0.00112194,0.000165742,0.0466661,
0.00377272,0.000886338,-0.000649138,0.000585874,-0.00111024,-0.00117925,-2.67357e-05,0.000886338,0.00149683,0.000901603,-0.000747485,-0.000307357,0.000314123,-6.67134e-05,-0.000649138,0.000901603,0.00302216,-0.000781239,-0.00134764,-0.0021643,6.05504e-06,0.000585874,-0.000747485,-0.000781239,0.00227448,0.000106683,-0.00102809,-0.000133588,-0.00111024,-0.000307357,-0.00134764,0.000106683,0.0334696,0.00289686,-0.00112206,-0.00117925,0.000314123,-0.0021643,-0.00102809,0.00289686,0.0287807,0.000165497,-2.67357e-05,-6.67134e-05,6.05504e-06,-0.000133588,-0.00112206,0.000165497,0.0466662,
0.00377268,0.000886343,-0.00064912,0.000585915,-0.00111027,-0.00117925,-2.67665e-05,0.000886343,0.00149684,0.000901618,-0.000747458,-0.000307361,0.000314123,-6.67142e-05,-0.00064912,0.000901618,0.00302215,-0.000781237,-0.00134765,-0.00216428,6.04771e-06,0.000585915,-0.000747458,-0.000781237,0.00227447,0.000106759,-0.00102807,-0.000133534,-0.00111027,-0.000307361,-0.00134765,0.000106759,0.0334693,0.00289669,-0.00112221,-0.00117925,0.000314123,-0.00216428,-0.00102807,0.00289669,0.0287808,0.000165238,-2.67665e-05,-6.67142e-05,6.04771e-06,-0.000133534,-0.00112221,0.000165238,0.0466663,
0.00377265,0.000886346,-0.0006491,0.000585952,-0.00111029,-0.00117925,-2.68004e-05,0.000886346,0.00149686,0.000901631,-0.000747435,-0.000307366,0.000314125,-6.6716e-05,-0.0006491,0.000901631,0.00302214,-0.000781237,-0.00134767,-0.00216426,6.04002e-06,0.000585952,-0.000747435,-0.000781237,0.00227446,0.000106817,-0.00102806,-0.000133476,-0.00111029,-0.000307366,-0.00134767,0.000106817,0.033469,0.00289652,-0.00112239,-0.00117925,0.000314125,-0.00216426,-0.00102806,0.00289652,0.028781,0.000164965,-2.68004e-05,-6.6716e-05,6.04002e-06,-0.000133476,-0.00112239,0.000164965,0.0466664,
0.00377262,0.000886347,-0.000649079,0.000585985,-0.00111032,-0.00117924,-2.68368e-05,0.000886347,0.00149686,0.000901643,-0.000747415,-0.000307371,0.000314127,-6.67185e-05,-0.000649079,0.000901643,0.00302214,-0.000781236,-0.00134769,-0.00216424,6.03201e-06,0.000585985,-0.000747415,-0.000781236,0.00227446,0.000106864,-0.00102804,-0.000133413,-0.00111032,-0.000307371,-0.00134769,0.000106864,0.0334687,0.00289633,-0.00112259,-0.00117924,0.000314127,-0.00216424,-0.00102804,0.00289633,0.0287811,0.00016468,-2.68368e-05,-6.67185e-05,6.03201e-06,-0.000133413,-0.00112259,0.00016468,0.0466665,
0.0037726,0.000886347,-0.000649058,0.000586015,-0.00111034,-0.00117923,-2.68752e-05,0.000886347,0.00149687,0.000901653,-0.000747399,-0.000307375,0.000314128,-6.67215e-05,-0.000649058,0.000901653,0.00302213,-0.000781236,-0.00134771,-0.00216422,6.02373e-06,0.000586015,-0.000747399,-0.000781236,0.00227446,0.000106902,-0.00102804,-0.000133347,-0.00111034,-0.000307375,-0.00134771,0.000106902,0.0334685,0.00289613,-0.0011228,-0.00117923,0.000314128,-0.00216422,-0.00102804,0.00289613,0.0287812,0.000164384,-2.68752e-05,-6.67215e-05,6.02373e-06,-0.000133347,-0.0011228,0.000164384,0.0466666,
0.00377259,0.000886339,-0.000649059,0.00058606,-0.00111042,-0.00117911,-2.68857e-05,0.000886377,0.00149684,0.000901567,-0.000747307,-0.000307611,0.000314641,-6.65928e-05,-0.000649038,0.000901663,0.00302213,-0.000781239,-0.00134772,-0.00216422,6.01128e-06,0.000585853,-0.000747171,-0.000780632,0.00227398,0.000108398,-0.00103127,-0.000134115,-0.00110956,-0.000308282,-0.00135028,0.00010899,0.033462,0.00290963,-0.00111949,-0.00118058,0.000315662,-0.00215987,-0.00103152,0.00290644,0.0287581,0.000158066,-2.69398e-05,-6.66975e-05,6.09262e-06,-0.00013334,-0.00112284,0.000163662,0.0466667,
0.00377257,0.000886339,-0.000649039,0.000586085,-0.00111044,-0.0011791,-2.69188e-05,0.000886376,0.00149684,0.000901575,-0.000747295,-0.000307615,0.000314643,-6.65954e-05,-0.000649019,0.000901671,0.00302213,-0.000781239,-0.00134774,-0.00216421,6.0044e-06,0.000585878,-0.000747158,-0.000780632,0.00227398,0.000108427,-0.00103127,-0.000134058,-0.00110958,-0.000308286,-0.0013503,0.000109018,0.0334618,0.00290946,-0.00111968,-0.00118057,0.000315664,-0.00215986,-0.00103152,0.00290627,0.0287582,0.000157813,-2.69728e-05,-6.67001e-05,6.08573e-06,-0.000133283,-0.00112303,0.000163408,0.0466667,
0.00377256,0.000886335,-0.00064903,0.000586114,-0.00111048,-0.00117904,-2.69349e-05,0.000886388,0.00149683,0.000901544,-0.000747252,-0.000307712,0.000314853,-6.65439e-05,-0.000649001,0.000901679,0.00302213,-0.000781239,-0.00134776,-0.0021642,5.99695e-06,0.000585823,-0.00074706,-0.000780386,0.00227379,0.000109047,-0.00103259,-0.000134351,-0.00110928,-0.000308657,-0.00135136,0.00010988,0.0334591,0.00291489,-0.0011184,-0.00118112,0.00031629,-0.00215808,-0.00103294,0.0029104,0.0287489,0.00015515,-2.7011e-05,-6.66912e-05,6.11134e-06,-0.00013326,-0.00112311,0.000163022,0.0466668,
0.00377255,0.000886334,-0.000649013,0.000586136,-0.00111049,-0.00117903,-2.6956e-05,0.000886387,0.00149683,0.000901551,-0.000747242,-0.000307715,0.000314856,-6.65454e-05,-0.000648984,0.000901686,0.00302213,-0.000781239,-0.00134777,-0.00216419,5.9926e-06,0.000585844,-0.00074705,-0.000780386,0.00227379,0.000109069,-0.00103259,-0.000134314,-0.00110929,-0.000308659,-0.00135138,0.000109901,0.033459,0.00291478,-0.00111851,-0.00118111,0.000316293,-0.00215807,-0.00103294,0.0029103,0.0287489,0.000154985,-2.70321e-05,-6.66927e-05,6.107e-06,-0.000133223,-0.00112323,0.000162858,0.0466668,
0.00377253,0.000886334,-0.000648997,0.000586155,-0.0011105,-0.00117902,-2.69715e-05,0.000886387,0.00149683,0.000901557,-0.000747233,-0.000307716,0.00031486,-6.65463e-05,-0.000648968,0.000901692,0.00302212,-0.000781239,-0.00134779,-0.00216419,5.98939e-06,0.000585864,-0.000747041,-0.000780385,0.00227379,0.000109086,-0.00103259,-0.000134288,-0.0011093,-0.000308661,-0.00135139,0.000109919,0.0334589,0.0029147,-0.00111859,-0.0011811,0.000316297,-0.00215806,-0.00103294,0.00291022,0.028749,0.000154863,-2.70476e-05,-6.66936e-05,6.1038e-06,-0.000133197,-0.00112331,0.000162737,0.0466669,
0.00377252,0.000886333,-0.000648982,0.000586173,-0.00111051,-0.00117901,-2.69827e-05,0.000886386,0.00149684,0.000901563,-0.000747225,-0.000307717,0.000314863,-6.65469e-05,-0.000648953,0.000901698,0.00302212,-0.000781239,-0.0013478,-0.00216418,5.98706e-06,0.000585881,-0.000747033,-0.000780385,0.00227379,0.000109101,-0.00103259,-0.000134269,-0.00110931,-0.000308663,-0.0013514,0.000109934,0.0334588,0.00291465,-0.00111865,-0.00118109,0.000316301,-0.00215806,-0.00103295,0.00291016,0.028749,0.000154774,-2.70588e-05,-6.66942e-05,6.10148e-06,-0.000133177,-0.00112337,0.000162649,0.0466669,
0.00377251,0.000886333,-0.000648968,0.000586189,-0.00111051,-0.001179,-2.69904e-05,0.000886386,0.00149684,0.000901568,-0.000747218,-0.000307718,0.000314867,-6.65471e-05,-0.000648939,0.000901704,0.00302212,-0.000781239,-0.0013478,-0.00216418,5.98541e-06,0.000585898,-0.000747025,-0.000780384,0.0022738,0.000109113,-0.0010326,-0.000134256,-0.00110931,-0.000308663,-0.00135141,0.000109946,0.0334587,0.00291461,-0.00111869,-0.00118108,0.000316306,-0.00215805,-0.00103295,0.00291012,0.028749,0.00015471,-2.70665e-05,-6.66945e-05,6.09984e-06,-0.000133164,-0.00112341,0.000162587,0.0466669,
0.0037725,0.000886333,-0.000648955,0.000586204,-0.00111052,-0.00117899,-2.69954e-05,0.000886385,0.00149684,0.000901573,-0.000747211,-0.000307718,0.000314871,-6.65472e-05,-0.000648926,0.000901708,0.00302212,-0.000781238,-0.00134781,-0.00216418,5.9843e-06,0.000585913,-0.000747019,-0.000780384,0.0022738,0.000109123,-0.0010326,-0.000134247,-0.00110932,-0.000308664,-0.00135142,0.000109956,0.0334586,0.00291458,-0.00111871,-0.00118107,0.00031631,-0.00215805,-0.00103295,0.00291009,0.028749,0.000154668,-2.70715e-05,-6.66946e-05,6.09875e-06,-0.000133156,-0.00112343,0.000162546,0.046667,
0.0037725,0.000886332,-0.000648943,0.000586218,-0.00111052,-0.00117898,-2.69982e-05,0.000886385,0.00149684,0.000901577,-0.000747205,-0.000307718,0.000314875,-6.65471e-05,-0.000648914,0.000901713,0.00302212,-0.000781238,-0.00134782,-0.00216418,5.98362e-06,0.000585926,-0.000747012,-0.000780384,0.0022738,0.000109131,-0.0010326,-0.000134243,-0.00110932,-0.000308664,-0.00135142,0.000109964,0.0334586,0.00291457,-0.00111872,-0.00118106,0.000316314,-0.00215805,-0.00103296,0.00291008,0.028749,0.000154642,-2.70744e-05,-6.66946e-05,6.09808e-06,-0.000133151,-0.00112344,0.000162522,0.046667,
0.00377249,0.000886332,-0.000648932,0.00058623,-0.00111052,-0.00117898,-2.69995e-05,0.000886385,0.00149684,0.000901582,-0.0007472,-0.000307718,0.000314879,-6.65469e-05,-0.000648903,0.000901717,0.00302212,-0.000781238,-0.00134782,-0.00216418,5.98328e-06,0.000585939,-0.000747007,-0.000780384,0.0022738,0.000109137,-0.00103261,-0.000134241,-0.00110932,-0.000308664,-0.00135143,0.00010997,0.0334586,0.00291456,-0.00111872,-0.00118105,0.000316318,-0.00215805,-0.00103296,0.00291007,0.028749,0.00015463,-2.70757e-05,-6.66944e-05,6.09775e-06,-0.000133149,-0.00112344,0.00016251,0.046667,
0.00377248,0.000886332,-0.000648922,0.000586242,-0.00111052,-0.00117897,-2.69994e-05,0.000886385,0.00149684,0.000901586,-0.000747195,-0.000307717,0.000314883,-6.65466e-05,-0.000648893,0.000901721,0.00302212,-0.000781238,-0.00134782,-0.00216418,5.9832e-06,0.000585951,-0.000747002,-0.000780383,0.0022738,0.000109142,-0.00103261,-0.000134242,-0.00110932,-0.000308663,-0.00135143,0.000109976,0.0334585,0.00291456,-0.00111871,-0.00118105,0.000316322,-0.00215805,-0.00103296,0.00291007,0.028749,0.000154627,-2.70756e-05,-6.66941e-05,6.09768e-06,-0.000133149,-0.00112344,0.000162508,0.046667,
0.00377247,0.000886332,-0.000648912,0.000586253,-0.00111052,-0.00117896,-2.69984e-05,0.000886384,0.00149684,0.000901589,-0.00074719,-0.000307717,0.000314887,-6.65462e-05,-0.000648883,0.000901725,0.00302211,-0.000781238,-0.00134783,-0.00216418,5.98332e-06,0.000585962,-0.000746997,-0.000780383,0.0022738,0.000109147,-0.00103261,-0.000134244,-0.00110932,-0.000308663,-0.00135143,0.00010998,0.0334585,0.00291456,-0.0011187,-0.00118104,0.000316326,-0.00215805,-0.00103296,0.00291007,0.028749,0.000154632,-2.70746e-05,-6.66937e-05,6.0978e-06,-0.000133152,-0.00112342,0.000162514,0.046667,
0.00377247,0.000886331,-0.000648903,0.000586263,-0.00111052,-0.00117895,-2.69966e-05,0.000886384,0.00149684,0.000901593,-0.000747186,-0.000307716,0.00031489,-6.65458e-05,-0.000648874,0.000901728,0.00302211,-0.000781238,-0.00134783,-0.00216418,5.98359e-06,0.000585972,-0.000746993,-0.000780383,0.0022738,0.00010915,-0.00103261,-0.000134247,-0.00110932,-0.000308662,-0.00135144,0.000109984,0.0334585,0.00291457,-0.00111869,-0.00118103,0.000316329,-0.00215805,-0.00103297,0.00291008,0.028749,0.000154643,-2.70728e-05,-6.66933e-05,6.09808e-06,-0.000133155,-0.00112341,0.000162525,0.046667,
0.00377246,0.000886331,-0.000648895,0.000586273,-0.00111052,-0.00117895,-2.69943e-05,0.000886384,0.00149684,0.000901596,-0.000747182,-0.000307715,0.000314893,-6.65454e-05,-0.000648866,0.000901731,0.00302211,-0.000781237,-0.00134783,-0.00216418,5.98398e-06,0.000585981,-0.000746989,-0.000780383,0.0022738,0.000109153,-0.00103262,-0.000134251,-0.00110932,-0.000308662,-0.00135144,0.000109986,0.0334585,0.00291458,-0.00111867,-0.00118103,0.000316333,-0.00215805,-0.00103297,0.00291009,0.028749,0.000154659,-2.70705e-05,-6.66929e-05,6.09847e-06,-0.000133159,-0.00112339,0.000162541,0.046667,
0.00377246,0.000886331,-0.000648887,0.000586281,-0.00111051,-0.00117894,-2.69915e-05,0.000886384,0.00149684,0.000901599,-0.000747178,-0.000307715,0.000314896,-6.65449e-05,-0.000648858,0.000901734,0.00302211,-0.000781237,-0.00134783,-0.00216419,5.98446e-06,0.00058599,-0.000746985,-0.000780383,0.0022738,0.000109155,-0.00103262,-0.000134256,-0.00110931,-0.000308661,-0.00135144,0.000109989,0.0334585,0.00291459,-0.00111865,-0.00118102,0.000316336,-0.00215805,-0.00103297,0.0029101,0.0287489,0.000154677,-2.70678e-05,-6.66924e-05,6.09895e-06,-0.000133164,-0.00112337,0.000162559,0.046667,
0.00377245,0.000886331,-0.00064888,0.00058629,-0.00111051,-0.00117893,-2.69886e-05,0.000886384,0.00149685,0.000901601,-0.000747175,-0.000307714,0.000314899,-6.65444e-05,-0.000648851,0.000901737,0.00302211,-0.000781237,-0.00134783,-0.00216419,5.98499e-06,0.000585998,-0.000746982,-0.000780383,0.00227381,0.000109157,-0.00103262,-0.000134261,-0.00110931,-0.00030866,-0.00135144,0.00010999,0.0334585,0.0029146,-0.00111863,-0.00118101,0.000316339,-0.00215806,-0.00103297,0.00291011,0.0287489,0.000154698,-2.70648e-05,-6.66919e-05,6.09948e-06,-0.000133169,-0.00112335,0.00016258,0.0466669,
0.00377245,0.000886331,-0.000648873,0.000586297,-0.00111051,-0.00117893,-2.69855e-05,0.000886384,0.00149685,0.000901604,-0.000747172,-0.000307713,0.000314902,-6.65439e-05,-0.000648844,0.000901739,0.00302211,-0.000781237,-0.00134784,-0.00216419,5.98557e-06,0.000586006,-0.000746979,-0.000780382,0.00227381,0.000109158,-0.00103262,-0.000134267,-0.00110931,-0.000308659,-0.00135144,0.000109992,0.0334585,0.00291461,-0.0011186,-0.00118101,0.000316341,-0.00215806,-0.00103298,0.00291012,0.0287489,0.00015472,-2.70617e-05,-6.66914e-05,6.10005e-06,-0.000133175,-0.00112333,0.000162602,0.0466669,
0.00377244,0.000886331,-0.000648867,0.000586305,-0.00111051,-0.00117892,-2.69823e-05,0.000886384,0.00149685,0.000901606,-0.000747169,-0.000307713,0.000314904,-6.65435e-05,-0.000648837,0.000901742,0.00302211,-0.000781237,-0.00134784,-0.00216419,5.98616e-06,0.000586013,-0.000746976,-0.000780382,0.00227381,0.00010916,-0.00103262,-0.000134273,-0.00110931,-0.000308659,-0.00135144,0.000109993,0.0334585,0.00291463,-0.00111858,-0.001181,0.000316344,-0.00215806,-0.00103298,0.00291013,0.0287489,0.000154742,-2.70585e-05,-6.6691e-05,6.10064e-06,-0.00013318,-0.0011233,0.000162625,0.0466669,
0.00377244,0.000886331,-0.000648861,0.000586311,-0.00111051,-0.00117892,-2.69791e-05,0.000886384,0.00149685,0.000901608,-0.000747166,-0.000307712,0.000314907,-6.6543e-05,-0.000648831,0.000901744,0.00302211,-0.000781237,-0.00134784,-0.00216419,5.98676e-06,0.00058602,-0.000746973,-0.000780382,0.00227381,0.000109161,-0.00103263,-0.000134278,-0.00110931,-0.000308658,-0.00135144,0.000109994,0.0334585,0.00291464,-0.00111856,-0.001181,0.000316346,-0.00215806,-0.00103298,0.00291015,0.0287489,0.000154765,-2.70553e-05,-6.66905e-05,6.10123e-06,-0.000133186,-0.00112328,0.000162647,0.0466669,
0.00377244,0.000886331,-0.000648855,0.000586318,-0.0011105,-0.00117891,-2.69759e-05,0.000886384,0.00149685,0.000901611,-0.000747163,-0.000307711,0.000314909,-6.65425e-05,-0.000648826,0.000901746,0.00302211,-0.000781237,-0.00134784,-0.0021642,5.98736e-06,0.000586026,-0.00074697,-0.000780382,0.00227381,0.000109162,-0.00103263,-0.000134284,-0.0011093,-0.000308657,-0.00135144,0.000109995,0.0334585,0.00291465,-0.00111854,-0.00118099,0.000316348,-0.00215807,-0.00103298,0.00291016,0.0287489,0.000154788,-2.70522e-05,-6.669e-05,6.10183e-06,-0.000133192,-0.00112326,0.000162669,0.0466669,
0.00377243,0.000886331,-0.00064885,0.000586324,-0.0011105,-0.00117891,-2.69729e-05,0.000886384,0.00149685,0.000901612,-0.000747161,-0.000307711,0.000314911,-6.65421e-05,-0.00064882,0.000901748,0.00302211,-0.000781237,-0.00134784,-0.0021642,5.98795e-06,0.000586033,-0.000746968,-0.000780382,0.00227381,0.000109163,-0.00103263,-0.000134289,-0.0011093,-0.000308657,-0.00135144,0.000109996,0.0334585,0.00291466,-0.00111852,-0.00118099,0.00031635,-0.00215807,-0.00103298,0.00291017,0.0287489,0.00015481,-2.70491e-05,-6.66896e-05,6.10241e-06,-0.000133197,-0.00112324,0.000162691,0.0466669,
0.00377243,0.000886331,-0.000648845,0.00058633,-0.0011105,-0.00117891,-2.69699e-05,0.000886384,0.00149685,0.000901614,-0.000747158,-0.00030771,0.000314913,-6.65417e-05,-0.000648815,0.00090175,0.00302211,-0.000781236,-0.00134784,-0.0021642,5.98852e-06,0.000586038,-0.000746966,-0.000780382,0.00227381,0.000109164,-0.00103263,-0.000134294,-0.0011093,-0.000308656,-0.00135144,0.000109997,0.0334585,0.00291468,-0.0011185,-0.00118098,0.000316352,-0.00215807,-0.00103298,0.00291018,0.0287489,0.000154831,-2.70461e-05,-6.66891e-05,6.10298e-06,-0.000133202,-0.00112322,0.000162712,0.0466669,
0.00377243,0.000886331,-0.00064884,0.000586335,-0.0011105,-0.0011789,-2.69671e-05,0.000886384,0.00149685,0.000901616,-0.000747156,-0.00030771,0.000314914,-6.65413e-05,-0.000648811,0.000901752,0.00302211,-0.000781236,-0.00134784,-0.0021642,5.98907e-06,0.000586044,-0.000746963,-0.000780382,0.00227381,0.000109164,-0.00103263,-0.000134299,-0.0011093,-0.000308656,-0.00135145,0.000109998,0.0334585,0.00291469,-0.00111848,-0.00118098,0.000316353,-0.00215807,-0.00103299,0.0029102,0.0287489,0.000154851,-2.70433e-05,-6.66887e-05,6.10352e-06,-0.000133207,-0.0011232,0.000162732,0.0466669,
0.00377242,0.000886331,-0.000648835,0.00058634,-0.0011105,-0.0011789,-2.69644e-05,0.000886384,0.00149685,0.000901618,-0.000747154,-0.000307709,0.000314916,-6.65409e-05,-0.000648806,0.000901753,0.0030221,-0.000781236,-0.00134784,-0.0021642,5.9896e-06,0.000586049,-0.000746961,-0.000780382,0.00227381,0.000109165,-0.00103264,-0.000134304,-0.0011093,-0.000308655,-0.00135145,0.000109999,0.0334585,0.0029147,-0.00111846,-0.00118098,0.000316355,-0.00215807,-0.00103299,0.00291021,0.0287488,0.00015487,-2.70406e-05,-6.66883e-05,6.10404e-06,-0.000133212,-0.00112318,0.00016275,0.0466669,
0.00377242,0.000886331,-0.000648831,0.000586345,-0.0011105,-0.00117889,-2.69619e-05,0.000886384,0.00149685,0.000901619,-0.000747152,-0.000307709,0.000314917,-6.65405e-05,-0.000648802,0.000901755,0.0030221,-0.000781236,-0.00134784,-0.0021642,5.99011e-06,0.000586054,-0.000746959,-0.000780382,0.00227381,0.000109166,-0.00103264,-0.000134308,-0.00110929,-0.000308655,-0.00135145,0.000109999,0.0334585,0.00291471,-0.00111844,-0.00118097,0.000316356,-0.00215808,-0.00103299,0.00291022,0.0287488,0.000154888,-2.70381e-05,-6.6688e-05,6.10454e-06,-0.000133216,-0.00112316,0.000162768,0.0466669,
0.00377242,0.000886331,-0.000648827,0.00058635,-0.00111049,-0.00117889,-2.69596e-05,0.000886384,0.00149685,0.000901621,-0.00074715,-0.000307709,0.000314919,-6.65401e-05,-0.000648798,0.000901757,0.0030221,-0.000781236,-0.00134784,-0.00216421,5.99058e-06,0.000586059,-0.000746957,-0.000780382,0.00227381,0.000109167,-0.00103264,-0.000134312,-0.00110929,-0.000308654,-0.00135145,0.00011,0.0334585,0.00291472,-0.00111843,-0.00118097,0.000316357,-0.00215808,-0.00103299,0.00291023,0.0287488,0.000154905,-2.70358e-05,-6.66876e-05,6.10501e-06,-0.00013322,-0.00112315,0.000162784,0.0466669,
0.00377241,0.000886331,-0.000648823,0.000586355,-0.00111049,-0.00117889,-2.69574e-05,0.000886384,0.00149685,0.000901622,-0.000747148,-0.000307708,0.00031492,-6.65398e-05,-0.000648794,0.000901758,0.0030221,-0.000781236,-0.00134784,-0.00216421,5.99103e-06,0.000586064,-0.000746955,-0.000780381,0.00227381,0.000109168,-0.00103264,-0.000134316,-0.00110929,-0.000308654,-0.00135145,0.000110001,0.0334585,0.00291473,-0.00111841,-0.00118097,0.000316358,-0.00215808,-0.00103299,0.00291023,0.0287488,0.00015492,-2.70336e-05,-6.66873e-05,6.10545e-06,-0.000133224,-0.00112313,0.000162799,0.0466669,
0.00377241,0.000886331,-0.00064882,0.000586359,-0.00111049,-0.00117889,-2.69553e-05,0.000886384,0.00149685,0.000901624,-0.000747146,-0.000307708,0.000314921,-6.65395e-05,-0.000648791,0.000901759,0.0030221,-0.000781236,-0.00134784,-0.00216421,5.99145e-06,0.000586068,-0.000746954,-0.000780381,0.00227381,0.000109169,-0.00103264,-0.000134319,-0.00110929,-0.000308654,-0.00135145,0.000110002,0.0334585,0.00291473,-0.0011184,-0.00118096,0.00031636,-0.00215808,-0.00103299,0.00291024,0.0287488,0.000154934,-2.70315e-05,-6.66869e-05,6.10587e-06,-0.000133228,-0.00112312,0.000162813,0.0466669,
0.00377241,0.000886331,-0.000648816,0.000586364,-0.00111049,-0.00117888,-2.69534e-05,0.000886384,0.00149685,0.000901625,-0.000747145,-0.000307708,0.000314922,-6.65392e-05,-0.000648787,0.000901761,0.0030221,-0.000781235,-0.00134784,-0.00216421,5.99184e-06,0.000586072,-0.000746952,-0.000780381,0.00227381,0.00010917,-0.00103264,-0.000134322,-0.00110929,-0.000308653,-0.00135145,0.000110003,0.0334585,0.00291474,-0.00111839,-0.00118096,0.00031636,-0.00215808,-0.00103299,0.00291025,0.0287488,0.000154947,-2.70296e-05,-6.66866e-05,6.10626e-06,-0.000133231,-0.00112311,0.000162826,0.0466668,
0.00377241,0.000886331,-0.000648813,0.000586368,-0.00111049,-0.00117888,-2.69517e-05,0.000886384,0.00149685,0.000901626,-0.000747143,-0.000307708,0.000314923,-6.65389e-05,-0.000648784,0.000901762,0.0030221,-0.000781235,-0.00134784,-0.00216421,5.99221e-06,0.000586077,-0.00074695,-0.000780381,0.00227381,0.000109171,-0.00103264,-0.000134325,-0.00110929,-0.000308653,-0.00135145,0.000110004,0.0334585,0.00291475,-0.00111837,-0.00118096,0.000316361,-0.00215808,-0.001033,0.00291026,0.0287488,0.000154959,-2.70279e-05,-6.66863e-05,6.10662e-06,-0.000133234,-0.00112309,0.000162838,0.0466668,
0.0037724,0.000886331,-0.000648809,0.000586372,-0.00111049,-0.00117888,-2.69501e-05,0.000886384,0.00149685,0.000901628,-0.000747141,-0.000307707,0.000314924,-6.65386e-05,-0.00064878,0.000901763,0.0030221,-0.000781235,-0.00134784,-0.00216421,5.99255e-06,0.000586081,-0.000746948,-0.000780381,0.00227381,0.000109172,-0.00103265,-0.000134328,-0.00110929,-0.000308653,-0.00135145,0.000110005,0.0334585,0.00291475,-0.00111836,-0.00118095,0.000316362,-0.00215808,-0.001033,0.00291026,0.0287488,0.00015497,-2.70263e-05,-6.6686e-05,6.10696e-06,-0.000133236,-0.00112308,0.000162848,0.0466668,
0.0037724,0.000886331,-0.000648806,0.000586376,-0.00111049,-0.00117887,-2.69486e-05,0.000886384,0.00149685,0.000901629,-0.00074714,-0.000307707,0.000314925,-6.65383e-05,-0.000648777,0.000901764,0.0030221,-0.000781235,-0.00134784,-0.00216421,5.99287e-06,0.000586085,-0.000746947,-0.000780381,0.00227381,0.000109173,-0.00103265,-0.000134331,-0.00110929,-0.000308653,-0.00135145,0.000110006,0.0334585,0.00291476,-0.00111835,-0.00118095,0.000316363,-0.00215808,-0.001033,0.00291027,0.0287488,0.00015498,-2.70248e-05,-6.66858e-05,6.10727e-06,-0.000133239,-0.00112307,0.000162858,0.0466668,
0.0037724,0.000886331,-0.000648803,0.00058638,-0.00111049,-0.00117887,-2.69473e-05,0.000886384,0.00149686,0.00090163,-0.000747138,-0.000307707,0.000314925,-6.65381e-05,-0.000648774,0.000901766,0.0030221,-0.000781235,-0.00134784,-0.00216421,5.99317e-06,0.000586088,-0.000746945,-0.000780381,0.00227381,0.000109174,-0.00103265,-0.000134333,-0.00110929,-0.000308653,-0.00135145,0.000110007,0.0334585,0.00291476,-0.00111834,-0.00118095,0.000316364,-0.00215809,-0.001033,0.00291027,0.0287488,0.000154988,-2.70235e-05,-6.66855e-05,6.10757e-06,-0.000133241,-0.00112306,0.000162867,0.0466668,
0.0037724,0.000886331,-0.0006488,0.000586383,-0.00111049,-0.00117887,-2.69461e-05,0.000886384,0.00149686,0.000901631,-0.000747136,-0.000307707,0.000314926,-6.65378e-05,-0.000648771,0.000901767,0.0030221,-0.000781235,-0.00134784,-0.00216421,5.99345e-06,0.000586092,-0.000746944,-0.000780381,0.00227381,0.000109175,-0.00103265,-0.000134335,-0.00110929,-0.000308653,-0.00135145,0.000110008,0.0334585,0.00291477,-0.00111834,-0.00118095,0.000316364,-0.00215809,-0.001033,0.00291028,0.0287488,0.000154996,-2.70223e-05,-6.66853e-05,6.10784e-06,-0.000133243,-0.00112305,0.000162874,0.0466668,
0.00377239,0.000886331,-0.000648798,0.000586387,-0.00111049,-0.00117887,-2.69449e-05,0.000886384,0.00149686,0.000901632,-0.000747135,-0.000307707,0.000314927,-6.65376e-05,-0.000648768,0.000901768,0.0030221,-0.000781235,-0.00134784,-0.00216421,5.99371e-06,0.000586096,-0.000746942,-0.000780381,0.00227381,0.000109177,-0.00103265,-0.000134337,-0.00110928,-0.000308653,-0.00135145,0.00011001,0.0334585,0.00291477,-0.00111833,-0.00118094,0.000316365,-0.00215809,-0.001033,0.00291028,0.0287488,0.000155003,-2.70211e-05,-6.6685e-05,6.10809e-06,-0.000133245,-0.00112305,0.000162881,0.0466668,
0.00377239,0.000886331,-0.000648795,0.000586391,-0.00111048,-0.00117887,-2.69439e-05,0.000886384,0.00149686,0.000901633,-0.000747133,-0.000307707,0.000314927,-6.65374e-05,-0.000648766,0.000901769,0.00302209,-0.000781234,-0.00134784,-0.00216421,5.99395e-06,0.000586099,-0.000746941,-0.00078038,0.00227381,0.000109178,-0.00103265,-0.000134338,-0.00110928,-0.000308653,-0.00135145,0.000110011,0.0334585,0.00291477,-0.00111832,-0.00118094,0.000316365,-0.00215809,-0.00103301,0.00291028,0.0287488,0.00015501,-2.70201e-05,-6.66848e-05,6.10833e-06,-0.000133247,-0.00112304,0.000162888,0.0466668,
0.00377239,0.000886332,-0.000648792,0.000586394,-0.00111048,-0.00117886,-2.6943e-05,0.000886384,0.00149686,0.000901635,-0.000747132,-0.000307707,0.000314928,-6.65372e-05,-0.000648763,0.00090177,0.00302209,-0.000781234,-0.00134785,-0.00216422,5.99417e-06,0.000586103,-0.000746939,-0.00078038,0.00227381,0.000109179,-0.00103265,-0.00013434,-0.00110928,-0.000308653,-0.00135145,0.000110012,0.0334584,0.00291478,-0.00111831,-0.00118094,0.000316366,-0.00215809,-0.00103301,0.00291029,0.0287488,0.000155015,-2.70192e-05,-6.66846e-05,6.10855e-06,-0.000133248,-0.00112303,0.000162893,0.0466668,
0.00377239,0.000886332,-0.000648789,0.000586398,-0.00111048,-0.00117886,-2.69421e-05,0.000886384,0.00149686,0.000901636,-0.00074713,-0.000307707,0.000314928,-6.6537e-05,-0.00064876,0.000901771,0.00302209,-0.000781234,-0.00134785,-0.00216422,5.99438e-06,0.000586106,-0.000746938,-0.00078038,0.00227381,0.00010918,-0.00103266,-0.000134341,-0.00110928,-0.000308653,-0.00135145,0.000110013,0.0334584,0.00291478,-0.00111831,-0.00118094,0.000316366,-0.00215809,-0.00103301,0.00291029,0.0287488,0.00015502,-2.70183e-05,-6.66844e-05,6.10876e-06,-0.00013325,-0.00112303,0.000162898,0.0466668,
0.00377238,0.000886332,-0.000648787,0.000586401,-0.00111048,-0.00117886,-2.69414e-05,0.000886384,0.00149686,0.000901637,-0.000747129,-0.000307707,0.000314929,-6.65368e-05,-0.000648758,0.000901772,0.00302209,-0.000781234,-0.00134785,-0.00216422,5.99457e-06,0.00058611,-0.000746936,-0.00078038,0.00227381,0.000109182,-0.00103266,-0.000134342,-0.00110928,-0.000308653,-0.00135145,0.000110015,0.0334584,0.00291478,-0.0011183,-0.00118094,0.000316367,-0.00215809,-0.00103301,0.00291029,0.0287488,0.000155025,-2.70176e-05,-6.66842e-05,6.10895e-06,-0.000133251,-0.00112302,0.000162902,0.0466668,
0.00377238,0.000886332,-0.000648784,0.000586404,-0.00111048,-0.00117886,-2.69407e-05,0.000886384,0.00149686,0.000901638,-0.000747127,-0.000307707,0.000314929,-6.65366e-05,-0.000648755,0.000901773,0.00302209,-0.000781234,-0.00134785,-0.00216422,5.99476e-06,0.000586113,-0.000746935,-0.00078038,0.00227381,0.000109183,-0.00103266,-0.000134343,-0.00110928,-0.000308653,-0.00135145,0.000110016,0.0334584,0.00291478,-0.0011183,-0.00118093,0.000316367,-0.00215809,-0.00103301,0.00291029,0.0287488,0.000155029,-2.70169e-05,-6.6684e-05,6.10913e-06,-0.000133252,-0.00112301,0.000162906,0.0466668,
0.00377238,0.000886332,-0.000648782,0.000586408,-0.00111048,-0.00117886,-2.694e-05,0.000886385,0.00149686,0.000901639,-0.000747126,-0.000307707,0.000314929,-6.65364e-05,-0.000648753,0.000901774,0.00302209,-0.000781234,-0.00134785,-0.00216422,5.99493e-06,0.000586117,-0.000746933,-0.00078038,0.00227381,0.000109185,-0.00103266,-0.000134344,-0.00110928,-0.000308653,-0.00135145,0.000110018,0.0334584,0.00291478,-0.00111829,-0.00118093,0.000316367,-0.00215809,-0.00103301,0.00291029,0.0287488,0.000155032,-2.70162e-05,-6.66838e-05,6.1093e-06,-0.000133253,-0.00112301,0.000162909,0.0466668,
0.00377238,0.000886332,-0.000648779,0.000586411,-0.00111048,-0.00117885,-2.69394e-05,0.000886385,0.00149686,0.00090164,-0.000747125,-0.000307707,0.00031493,-6.65362e-05,-0.00064875,0.000901775,0.00302209,-0.000781234,-0.00134785,-0.00216422,5.99509e-06,0.00058612,-0.000746932,-0.00078038,0.00227381,0.000109186,-0.00103266,-0.000134345,-0.00110928,-0.000308653,-0.00135145,0.000110019,0.0334584,0.00291479,-0.00111829,-0.00118093,0.000316368,-0.00215809,-0.00103301,0.0029103,0.0287488,0.000155035,-2.70156e-05,-6.66836e-05,6.10946e-06,-0.000133254,-0.001123,0.000162912,0.0466668,
0.00377237,0.000886332,-0.000648777,0.000586414,-0.00111048,-0.00117885,-2.69389e-05,0.000886385,0.00149686,0.000901641,-0.000747123,-0.000307707,0.00031493,-6.6536e-05,-0.000648748,0.000901776,0.00302209,-0.000781233,-0.00134785,-0.00216422,5.99525e-06,0.000586123,-0.000746931,-0.000780379,0.00227381,0.000109188,-0.00103266,-0.000134346,-0.00110928,-0.000308653,-0.00135145,0.000110021,0.0334584,0.00291479,-0.00111828,-0.00118093,0.000316368,-0.00215809,-0.00103302,0.0029103,0.0287488,0.000155037,-2.70151e-05,-6.66835e-05,6.10961e-06,-0.000133255,-0.001123,0.000162915,0.0466668,
0.00377237,0.000886332,-0.000648775,0.000586418,-0.00111048,-0.00117885,-2.69384e-05,0.000886385,0.00149686,0.000901642,-0.000747122,-0.000307708,0.00031493,-6.65359e-05,-0.000648746,0.000901777,0.00302209,-0.000781233,-0.00134785,-0.00216422,5.99539e-06,0.000586126,-0.000746929,-0.000780379,0.00227381,0.000109189,-0.00103266,-0.000134347,-0.00110928,-0.000308653,-0.00135145,0.000110022,0.0334584,0.00291479,-0.00111828,-0.00118093,0.000316368,-0.00215809,-0.00103302,0.0029103,0.0287488,0.00015504,-2.70146e-05,-6.66833e-05,6.10976e-06,-0.000133255,-0.00112299,0.000162917,0.0466668,
0.00377237,0.000886332,-0.000648772,0.000586421,-0.00111048,-0.00117885,-2.69379e-05,0.000886385,0.00149686,0.000901642,-0.00074712,-0.000307708,0.000314931,-6.65357e-05,-0.000648743,0.000901778,0.00302209,-0.000781233,-0.00134785,-0.00216422,5.99553e-06,0.00058613,-0.000746928,-0.000780379,0.00227381,0.000109191,-0.00103267,-0.000134347,-0.00110928,-0.000308653,-0.00135145,0.000110024,0.0334584,0.00291479,-0.00111827,-0.00118093,0.000316369,-0.00215809,-0.00103302,0.0029103,0.0287488,0.000155041,-2.70141e-05,-6.66831e-05,6.10989e-06,-0.000133256,-0.00112299,0.000162919,0.0466668,
0.00377237,0.000886332,-0.00064877,0.000586424,-0.00111048,-0.00117885,-2.69375e-05,0.000886385,0.00149686,0.000901643,-0.000747119,-0.000307708,0.000314931,-6.65355e-05,-0.000648741,0.000901779,0.00302208,-0.000781233,-0.00134785,-0.00216422,5.99567e-06,0.000586133,-0.000746926,-0.000780379,0.00227381,0.000109192,-0.00103267,-0.000134348,-0.00110928,-0.000308653,-0.00135145,0.000110025,0.0334584,0.00291479,-0.00111827,-0.00118092,0.000316369,-0.00215809,-0.00103302,0.0029103,0.0287488,0.000155043,-2.70137e-05,-6.6683e-05,6.11002e-06,-0.000133257,-0.00112299,0.00016292,0.0466668,
0.00377236,0.000886332,-0.000648768,0.000586427,-0.00111048,-0.00117884,-2.69371e-05,0.000886385,0.00149686,0.000901644,-0.000747118,-0.000307708,0.000314931,-6.65354e-05,-0.000648739,0.00090178,0.00302208,-0.000781233,-0.00134785,-0.00216422,5.99579e-06,0.000586136,-0.000746925,-0.000780379,0.00227381,0.000109194,-0.00103267,-0.000134349,-0.00110928,-0.000308653,-0.00135146,0.000110027,0.0334584,0.00291479,-0.00111827,-0.00118092,0.000316369,-0.00215809,-0.00103302,0.0029103,0.0287488,0.000155045,-2.70133e-05,-6.66828e-05,6.11015e-06,-0.000133257,-0.00112298,0.000162922,0.0466668,
0.00377236,0.000886332,-0.000648765,0.00058643,-0.00111048,-0.00117884,-2.69367e-05,0.000886385,0.00149686,0.000901645,-0.000747116,-0.000307708,0.000314931,-6.65352e-05,-0.000648736,0.000901781,0.00302208,-0.000781233,-0.00134785,-0.00216422,5.99592e-06,0.000586139,-0.000746924,-0.000780379,0.00227381,0.000109195,-0.00103267,-0.000134349,-0.00110928,-0.000308654,-0.00135146,0.000110028,0.0334584,0.00291479,-0.00111826,-0.00118092,0.000316369,-0.00215809,-0.00103302,0.0029103,0.0287488,0.000155046,-2.70129e-05,-6.66826e-05,6.11027e-06,-0.000133258,-0.00112298,0.000162923,0.0466668,
0.00377236,0.000886332,-0.000648763,0.000586434,-0.00111048,-0.00117884,-2.69364e-05,0.000886385,0.00149687,0.000901646,-0.000747115,-0.000307708,0.000314932,-6.65351e-05,-0.000648734,0.000901782,0.00302208,-0.000781232,-0.00134785,-0.00216422,5.99604e-06,0.000586142,-0.000746922,-0.000780378,0.00227382,0.000109197,-0.00103267,-0.000134349,-0.00110928,-0.000308654,-0.00135146,0.00011003,0.0334584,0.00291479,-0.00111826,-0.00118092,0.00031637,-0.00215809,-0.00103302,0.0029103,0.0287488,0.000155047,-2.70126e-05,-6.66825e-05,6.11039e-06,-0.000133258,-0.00112298,0.000162924,0.0466668,
0.00377236,0.000886333,-0.000648761,0.000586437,-0.00111048,-0.00117884,-2.69361e-05,0.000886385,0.00149687,0.000901647,-0.000747114,-0.000307708,0.000314932,-6.65349e-05,-0.000648732,0.000901783,0.00302208,-0.000781232,-0.00134785,-0.00216422,5.99615e-06,0.000586146,-0.000746921,-0.000780378,0.00227382,0.000109199,-0.00103267,-0.00013435,-0.00110928,-0.000308654,-0.00135146,0.000110032,0.0334584,0.00291479,-0.00111826,-0.00118092,0.00031637,-0.00215809,-0.00103303,0.0029103,0.0287488,0.000155048,-2.70123e-05,-6.66823e-05,6.1105e-06,-0.000133258,-0.00112297,0.000162925,0.0466668,
0.00377235,0.000886333,-0.000648759,0.00058644,-0.00111048,-0.00117884,-2.69358e-05,0.000886385,0.00149687,0.000901648,-0.000747112,-0.000307709,0.000314932,-6.65348e-05,-0.00064873,0.000901784,0.00302208,-0.000781232,-0.00134785,-0.00216422,5.99626e-06,0.000586149,-0.00074692,-0.000780378,0.00227382,0.0001092,-0.00103267,-0.00013435,-0.00110928,-0.000308654,-0.00135146,0.000110033,0.0334584,0.00291479,-0.00111825,-0.00118091,0.00031637,-0.00215809,-0.00103303,0.0029103,0.0287488,0.000155048,-2.7012e-05,-6.66822e-05,6.11061e-06,-0.000133259,-0.00112297,0.000162925,0.0466668,
0.00377235,0.000886333,-0.000648756,0.000586443,-0.00111048,-0.00117884,-2.69355e-05,0.000886385,0.00149687,0.000901649,-0.000747111,-0.000307709,0.000314932,-6.65346e-05,-0.000648727,0.000901784,0.00302208,-0.000781232,-0.00134785,-0.00216422,5.99637e-06,0.000586152,-0.000746918,-0.000780378,0.00227382,0.000109202,-0.00103268,-0.000134351,-0.00110928,-0.000308654,-0.00135146,0.000110035,0.0334583,0.00291479,-0.00111825,-0.00118091,0.00031637,-0.00215809,-0.00103303,0.0029103,0.0287488,0.000155049,-2.70117e-05,-6.6682e-05,6.11072e-06,-0.000133259,-0.00112297,0.000162926,0.0466668,
0.00377235,0.000886333,-0.000648754,0.000586446,-0.00111048,-0.00117883,-2.69352e-05,0.000886386,0.00149687,0.00090165,-0.00074711,-0.000307709,0.000314932,-6.65344e-05,-0.000648725,0.000901785,0.00302208,-0.000781232,-0.00134786,-0.00216422,5.99648e-06,0.000586155,-0.000746917,-0.000780378,0.00227382,0.000109204,-0.00103268,-0.000134351,-0.00110928,-0.000308654,-0.00135146,0.000110037,0.0334583,0.00291479,-0.00111825,-0.00118091,0.00031637,-0.0021581,-0.00103303,0.0029103,0.0287488,0.000155049,-2.70114e-05,-6.66819e-05,6.11083e-06,-0.000133259,-0.00112297,0.000162926,0.0466668,
0.00377235,0.000886333,-0.000648752,0.000586449,-0.00111048,-0.00117883,-2.69349e-05,0.000886386,0.00149687,0.000901651,-0.000747108,-0.000307709,0.000314933,-6.65343e-05,-0.000648723,0.000901786,0.00302208,-0.000781232,-0.00134786,-0.00216422,5.99659e-06,0.000586158,-0.000746916,-0.000780378,0.00227382,0.000109205,-0.00103268,-0.000134351,-0.00110928,-0.000308654,-0.00135146,0.000110038,0.0334583,0.00291479,-0.00111824,-0.00118091,0.000316371,-0.0021581,-0.00103303,0.0029103,0.0287488,0.00015505,-2.70111e-05,-6.66817e-05,6.11093e-06,-0.00013326,-0.00112296,0.000162927,0.0466668,
0.00377235,0.000886333,-0.00064875,0.000586452,-0.00111048,-0.00117883,-2.69347e-05,0.000886386,0.00149687,0.000901652,-0.000747107,-0.000307709,0.000314933,-6.65341e-05,-0.000648721,0.000901787,0.00302208,-0.000781231,-0.00134786,-0.00216422,5.99669e-06,0.000586161,-0.000746914,-0.000780378,0.00227382,0.000109207,-0.00103268,-0.000134351,-0.00110928,-0.000308655,-0.00135146,0.00011004,0.0334583,0.00291479,-0.00111824,-0.00118091,0.000316371,-0.0021581,-0.00103303,0.0029103,0.0287488,0.00015505,-2.70109e-05,-6.66816e-05,6.11103e-06,-0.00013326,-0.00112296,0.000162927,0.0466668,
