0.00323818,-0.000500601,-0.00173941,-0.00027054,-0.000899733,-0.0010399,1.83281e-05,-0.000500599,0.00140623,-0.000460524,0.00106783,1.7285e-05,-0.000453662,-2.69335e-05,-0.00173939,-0.000460535,0.00300495,-0.000455634,-0.000770681,-0.000958791,1.22294e-05,-0.000270616,0.00106784,-0.00045579,0.00264025,0.00172892,-0.000284363,-0.000155104,-0.000899709,1.7303e-05,-0.000770348,0.00172817,0.0265314,0.00173506,0.000705037,-0.00103922,-0.000453746,-0.000956532,-0.00028662,0.00172891,0.0264525,-0.000107074,1.82249e-05,-2.69055e-05,1.2075e-05,-0.000155263,0.000706123,-0.000102556,0.0466474,
0.00323778,-0.000501126,-0.0017388,0,-0.000899889,-0.00103907,1.81707e-05,-0.000501126,0.00140653,-0.000461806,0,1.7406e-05,-0.000453462,-2.70247e-05,-0.0017388,-0.000461806,0.00300746,0,-0.000772444,-0.00095975,1.20315e-05,-0.000271922,0.00106772,-0.000455804,0,0.00172964,-0.000284735,-0.000155202,-0.000899889,1.7406e-05,-0.000772444,0,0.0265309,0.00175136,0.000709253,-0.00103907,-0.000453462,-0.00095975,0,0.00175136,0.026504,-0.000100581,1.81708e-05,-2.70247e-05,1.20315e-05,0,0.000709253,-0.000100581,0.0466476,
0.00323796,-0.000502246,-0.00173772,0,-0.000899257,-0.00103626,1.80962e-05,-0.000502246,0.00140714,-0.000463658,0,1.74965e-05,-0.000453716,-2.72097e-05,-0.00173772,-0.000463658,0.00301021,0,-0.000772817,-0.000957701,1.19793e-05,-0.000273417,0.0010674,-0.000456388,0,0.0017323,-0.000281224,-0.000155064,-0.000899257,1.74965e-05,-0.000772817,0,0.0265209,0.00175219,0.000713613,-0.00103626,-0.000453716,-0.000957701,0,0.00175219,0.0264929,-9.90569e-05,1.80962e-05,-2.72097e-05,1.19793e-05,0,0.000713613,-9.90569e-05,0.0466477,
0.00323902,-0.000503946,-0.0017361,0,-0.000898655,-0.00103346,1.8002e-05,-0.000503946,0.00140803,-0.000465883,0,1.77675e-05,-0.000453934,-2.74321e-05,-0.0017361,-0.000465883,0.00301281,0,-0.000772541,-0.000955157,1.18845e-05,-0.000274674,0.00106687,-0.000457424,0,0.00173586,-0.000276265,-0.000154872,-0.000898655,1.77675e-05,-0.000772541,0,0.0265082,0.00175285,0.000718812,-0.00103346,-0.000453934,-0.000955157,0,0.00175285,0.0264805,-9.75397e-05,1.8002e-05,-2.74321e-05,1.18845e-05,0,0.000718812,-9.75397e-05,0.046648,
0.00324109,-0.000506117,-0.00173399,0,-0.00089831,-0.00103132,1.78969e-05,-0.000506117,0.00140911,-0.000468232,0,1.82117e-05,-0.000454018,-2.76485e-05,-0.00173399,-0.000468232,0.00301485,0,-0.000771603,-0.000952666,1.17462e-05,-0.000275429,0.00106619,-0.000458899,0,0.00173981,-0.000270416,-0.000154677,-0.00089831,1.82117e-05,-0.000771603,0,0.0264956,0.00175387,0.000723955,-0.00103132,-0.000454018,-0.000952666,0,0.00175387,0.026469,-9.60486e-05,1.78969e-05,-2.76485e-05,1.17462e-05,0,0.000723955,-9.60486e-05,0.0466482,
0.00324433,-0.000508718,-0.00173137,0,-0.000898331,-0.00102992,1.77843e-05,-0.000508718,0.0014103,-0.000470577,0,1.87717e-05,-0.000454012,-2.78571e-05,-0.00173137,-0.000470577,0.00301606,0,-0.000769895,-0.000950152,1.1557e-05,-0.000275511,0.0010654,-0.000460835,0,0.00174408,-0.000263797,-0.000154469,-0.000898331,1.87717e-05,-0.000769895,0,0.0264828,0.00175527,0.000729104,-0.00102992,-0.000454012,-0.000950152,0,0.00175527,0.0264585,-9.45781e-05,1.77843e-05,-2.78571e-05,1.1557e-05,0,0.000729104,-9.45781e-05,0.0466484,
0.00324859,-0.00051168,-0.0017283,0,-0.000898836,-0.00102916,1.76783e-05,-0.00051168,0.00141156,-0.000472925,0,1.94414e-05,-0.0004539,-2.80637e-05,-0.0017283,-0.000472925,0.00301661,0,-0.000767717,-0.00094765,1.13368e-05,-0.000275023,0.00106452,-0.000463176,0,0.00174848,-0.000256783,-0.000154255,-0.000898836,1.94414e-05,-0.000767717,0,0.0264702,0.00175705,0.000734226,-0.00102916,-0.0004539,-0.00094765,0,0.00175705,0.0264486,-9.31254e-05,1.76783e-05,-2.80637e-05,1.13368e-05,0,0.000734226,-9.31254e-05,0.0466486,
0.00325373,-0.000514957,-0.00172482,-0.000273986,-0.000899779,-0.00102898,1.75794e-05,-0.000514957,0.0014129,-0.000475261,0.00106356,2.02334e-05,-0.000453686,-2.82679e-05,-0.00172482,-0.000475261,0.00301651,-0.000465866,-0.000765101,-0.000945135,1.10889e-05,-0.000273986,0.00106356,-0.000465866,0.0026379,0.00175296,-0.000249464,-0.000154033,-0.000899779,2.02334e-05,-0.000765101,0.00175296,0.0264577,0.00175912,0.000739308,-0.00102898,-0.000453686,-0.000945135,-0.000249464,0.00175912,0.0264393,-9.16858e-05,1.75794e-05,-2.82679e-05,1.10889e-05,-0.000154033,0.000739308,-9.16858e-05,0.0466488,
0.00325964,-0.000518508,-0.00172101,-0.000272425,-0.000901095,-0.00102931,1.74867e-05,-0.000518508,0.00141432,-0.000477576,0.00106249,2.11597e-05,-0.000453372,-2.84692e-05,-0.00172101,-0.000477576,0.00301581,-0.000468853,-0.000762062,-0.000942588,1.08156e-05,-0.000272425,0.00106249,-0.000468853,0.00263707,0.00175752,-0.000241888,-0.000153801,-0.000901095,2.11597e-05,-0.000762062,0.00175752,0.0264453,0.0017614,0.000744345,-0.00102931,-0.000453372,-0.000942588,-0.000241888,0.0017614,0.0264306,-9.02549e-05,1.74867e-05,-2.84692e-05,1.08156e-05,-0.000153801,0.000744345,-9.02549e-05,0.046649,
0.0032662,-0.000522291,-0.0017169,-0.000270426,-0.000902784,-0.00103006,1.74036e-05,-0.000522291,0.00141581,-0.000479888,0.00106134,2.22069e-05,-0.000452963,-2.86701e-05,-0.0017169,-0.000479888,0.00301461,-0.000472093,-0.000758737,-0.000940025,1.05258e-05,-0.000270426,0.00106134,-0.000472093,0.00263615,0.00176209,-0.000234181,-0.000153563,-0.000902784,2.22069e-05,-0.000758737,0.00176209,0.0264331,0.00176387,0.00074933,-0.00103006,-0.000452963,-0.000940025,-0.000234181,0.00176387,0.0264223,-8.88313e-05,1.74036e-05,-2.86701e-05,1.05258e-05,-0.000153563,0.00074933,-8.88313e-05,0.0466492,
0.00327329,-0.00052627,-0.0017125,-0.00026804,-0.000904809,-0.00103117,1.733e-05,-0.00052627,0.00141734,-0.000482206,0.00106012,2.33666e-05,-0.000452467,-2.88713e-05,-0.0017125,-0.000482206,0.00301301,-0.00047555,-0.000755184,-0.000937453,1.02232e-05,-0.00026804,0.00106012,-0.00047555,0.00263516,0.00176665,-0.000226386,-0.000153318,-0.000904809,2.33666e-05,-0.000755184,0.00176665,0.026421,0.00176651,0.000754261,-0.00103117,-0.000452467,-0.000937453,-0.000226386,0.00176651,0.0264144,-8.74134e-05,1.733e-05,-2.88713e-05,1.02232e-05,-0.000153318,0.000754261,-8.74134e-05,0.0466494,
0.00328085,-0.000530419,-0.00170784,-0.000265315,-0.000907134,-0.00103257,1.72656e-05,-0.000530419,0.00141893,-0.000484541,0.00105882,2.46328e-05,-0.000451889,-2.90737e-05,-0.00170784,-0.000484541,0.00301107,-0.000479191,-0.000751449,-0.000934871,9.91136e-06,-0.000265315,0.00105882,-0.000479191,0.00263409,0.0017712,-0.000218532,-0.000153067,-0.000907134,2.46328e-05,-0.000751449,0.0017712,0.0264091,0.00176928,0.000759145,-0.00103257,-0.000451889,-0.000934871,-0.000218532,0.00176928,0.0264067,-8.59998e-05,1.72656e-05,-2.90736e-05,9.91136e-06,-0.000153067,0.000759145,-8.59998e-05,0.0466496,
0.00328878,-0.000534714,-0.00170293,-0.000262296,-0.000909731,-0.00103422,1.72102e-05,-0.000534714,0.00142055,-0.000486905,0.00105746,2.60018e-05,-0.000451234,-2.92773e-05,-0.00170293,-0.000486905,0.00300886,-0.00048299,-0.000747582,-0.000932295,9.59334e-06,-0.000262296,0.00105746,-0.00048299,0.00263296,0.00177572,-0.000210648,-0.000152811,-0.000909731,2.60018e-05,-0.000747582,0.00177572,0.0263973,0.00177217,0.000763967,-0.00103422,-0.000451234,-0.000932295,-0.000210648,0.00177217,0.0263994,-8.45901e-05,1.72102e-05,-2.92773e-05,9.59334e-06,-0.000152811,0.000763967,-8.45901e-05,0.0466498,
0.00329697,-0.000539106,-0.00169784,-0.000259055,-0.000912541,-0.00103601,1.71637e-05,-0.000539106,0.00142219,-0.0004893,0.00105605,2.74511e-05,-0.000450523,-2.94856e-05,-0.00169784,-0.0004893,0.00300648,-0.000486893,-0.000743645,-0.000929686,9.27365e-06,-0.000259055,0.00105605,-0.000486893,0.0026318,0.00178021,-0.00020278,-0.000152547,-0.000912541,2.74511e-05,-0.000743645,0.00178021,0.0263856,0.0017751,0.000768786,-0.00103601,-0.000450523,-0.000929686,-0.00020278,0.0017751,0.0263921,-8.31805e-05,1.71637e-05,-2.94856e-05,9.27365e-06,-0.000152547,0.000768786,-8.31805e-05,0.04665,
0.00330519,-0.000543512,-0.00169266,-0.000255724,-0.000915426,-0.00103789,1.71209e-05,-0.000543512,0.00142384,-0.000491723,0.0010546,2.89584e-05,-0.000449764,-2.96898e-05,-0.00169266,-0.000491723,0.00300407,-0.00049081,-0.000739721,-0.000927173,8.95744e-06,-0.000255724,0.0010546,-0.00049081,0.0026306,0.00178461,-0.000194988,-0.000152286,-0.000915426,2.89584e-05,-0.000739721,0.00178461,0.0263744,0.0017781,0.000773419,-0.00103789,-0.000449764,-0.000927173,-0.000194988,0.0017781,0.0263852,-8.17723e-05,1.71209e-05,-2.96898e-05,8.95744e-06,-0.000152286,0.000773419,-8.17723e-05,0.0466502,
0.00331337,-0.000547906,-0.00168742,-0.000252344,-0.00091836,-0.00103958,1.70857e-05,-0.000547906,0.00142548,-0.000494173,0.00105313,3.0482e-05,-0.000449015,-2.99099e-05,-0.00168742,-0.000494173,0.00300168,-0.000494711,-0.000735825,-0.000924456,8.64726e-06,-0.000252344,0.00105313,-0.000494711,0.00262944,0.001789,-0.000187244,-0.000152002,-0.00091836,3.0482e-05,-0.000735825,0.001789,0.0263625,0.00178088,0.000778294,-0.00103958,-0.000449015,-0.000924456,-0.000187244,0.00178088,0.0263775,-8.03528e-05,1.70857e-05,-2.99099e-05,8.64726e-06,-0.000152002,0.000778294,-8.03528e-05,0.0466504,
0.00332152,-0.000552284,-0.00168213,-0.000248897,-0.00092125,-0.00104158,1.7042e-05,-0.000552284,0.0014271,-0.000496635,0.00105164,3.20638e-05,-0.000448198,-3.01021e-05,-0.00168213,-0.000496635,0.0029993,-0.000498596,-0.000731884,-0.000922144,8.33489e-06,-0.000248897,0.00105164,-0.000498596,0.00262818,0.00179327,-0.000179528,-0.000151749,-0.00092125,3.20638e-05,-0.000731884,0.00179327,0.0263522,0.00178399,0.000782545,-0.00104158,-0.000448198,-0.000922144,-0.000179528,0.00178399,0.0263714,-7.89464e-05,1.7042e-05,-3.01021e-05,8.33488e-06,-0.000151749,0.000782545,-7.89464e-05,0.0466507,
0.0033296,-0.000556636,-0.00167679,-0.000245429,-0.000924316,-0.00104299,1.70243e-05,-0.000556636,0.00142871,-0.000499128,0.00105011,3.36338e-05,-0.000447441,-3.03463e-05,-0.00167679,-0.000499128,0.00299697,-0.000502456,-0.000728109,-0.000919155,8.04068e-06,-0.000245429,0.00105011,-0.000502456,0.00262709,0.00179757,-0.000171997,-0.000151431,-0.000924316,3.36338e-05,-0.000728109,0.00179757,0.0263395,0.00178647,0.000787707,-0.00104299,-0.000447441,-0.000919155,-0.000171997,0.00178647,0.0263628,-7.75121e-05,1.70243e-05,-3.03463e-05,8.04068e-06,-0.000151431,0.000787707,-7.75121e-05,0.0466509,
0.00333766,-0.000560977,-0.0016714,-0.000241869,-0.000927148,-0.00104525,1.69717e-05,-0.000560977,0.00143032,-0.000501623,0.00104858,3.52927e-05,-0.00044656,-3.05132e-05,-0.0016714,-0.000501623,0.00299462,-0.000506303,-0.000724103,-0.000917209,7.72765e-06,-0.000241869,0.00104858,-0.000506303,0.00262574,0.0018017,-0.000164305,-0.000151201,-0.000927148,3.52927e-05,-0.000724103,0.0018017,0.0263307,0.00178982,0.000791356,-0.00104525,-0.00044656,-0.000917209,-0.000164305,0.00178982,0.0263581,-7.61155e-05,1.69717e-05,-3.05132e-05,7.72765e-06,-0.000151201,0.000791356,-7.61155e-05,0.0466511,
0.00334565,-0.000565287,-0.00166597,-0.000238312,-0.000930384,-0.00104628,1.69772e-05,-0.000565287,0.0014319,-0.000504159,0.00104701,3.69031e-05,-0.000445801,-3.07914e-05,-0.00166597,-0.000504159,0.00299234,-0.000510121,-0.000720478,-0.000913824,7.45261e-06,-0.000238312,0.00104701,-0.000510121,0.00262474,0.00180591,-0.000157012,-0.000150838,-0.000930384,3.69031e-05,-0.000720478,0.00180591,0.0263167,0.00179188,0.000796986,-0.00104628,-0.000445801,-0.000913824,-0.000157012,0.00179188,0.026348,-7.4664e-05,1.69772e-05,-3.07914e-05,7.45261e-06,-0.000150838,0.000796986,-7.4664e-05,0.0466514,
0.00335363,-0.000569589,-0.00166047,-0.000234636,-0.000933357,-0.00104883,1.69303e-05,-0.000569589,0.00143348,-0.000506685,0.00104544,3.86734e-05,-0.000444817,-3.09362e-05,-0.00166047,-0.000506685,0.00299002,-0.000513935,-0.000716636,-0.000912299,7.15235e-06,-0.000234636,0.00104544,-0.000513935,0.00262329,0.00180975,-0.000149669,-0.000150641,-0.000933357,3.86734e-05,-0.000716636,0.00180975,0.0263097,0.00179553,0.000799974,-0.00104883,-0.000444817,-0.000912299,-0.000149669,0.00179553,0.0263447,-7.32818e-05,1.69303e-05,-3.09362e-05,7.15235e-06,-0.000150641,0.000799974,-7.32818e-05,0.0466515,
0.00336153,-0.00057386,-0.00165494,-0.000230984,-0.00093661,-0.00104973,1.69421e-05,-0.00057386,0.00143504,-0.000509264,0.00104382,4.03272e-05,-0.000444042,-3.12239e-05,-0.00165494,-0.000509264,0.00298779,-0.00051771,-0.000713003,-0.000908807,6.88444e-06,-0.000230984,0.00104382,-0.00051771,0.00262232,0.00181391,-0.000142414,-0.000150259,-0.00093661,4.03272e-05,-0.000713003,0.00181391,0.0262956,0.00179742,0.00080567,-0.00104973,-0.000444042,-0.000908807,-0.000142414,0.00179742,0.0263344,-7.18248e-05,1.69421e-05,-3.12239e-05,6.88444e-06,-0.000150259,0.00080567,-7.18248e-05,0.0466518,
0.00336942,-0.000578122,-0.00164935,-0.000227205,-0.000939614,-0.00105227,1.68974e-05,-0.000578122,0.0014366,-0.000511828,0.00104221,4.21558e-05,-0.000443036,-3.13675e-05,-0.00164935,-0.000511828,0.00298551,-0.000521486,-0.000709181,-0.000907331,6.59029e-06,-0.000227205,0.00104221,-0.000521486,0.00262085,0.00181765,-0.000135165,-0.000150057,-0.000939614,4.21558e-05,-0.000709181,0.00181765,0.0262888,0.00180105,0.000808525,-0.00105227,-0.000443036,-0.000907331,-0.000135165,0.00180105,0.0263312,-7.04451e-05,1.68974e-05,-3.13675e-05,6.59029e-06,-0.000150057,0.000808525,-7.04451e-05,0.046652,
0.00337722,-0.000582352,-0.00164372,-0.000223453,-0.000942935,-0.0010531,1.69181e-05,-0.000582352,0.00143813,-0.000514446,0.00104054,4.38692e-05,-0.000442222,-3.16605e-05,-0.00164372,-0.000514446,0.00298333,-0.000525218,-0.000705599,-0.000903821,6.33267e-06,-0.000223453,0.00104054,-0.000525218,0.00261989,0.0018217,-0.000128041,-0.000149664,-0.000942935,4.38692e-05,-0.000705599,0.0018217,0.0262748,0.00180285,0.000814172,-0.0010531,-0.000442222,-0.000903821,-0.000128041,0.00180285,0.0263209,-6.89883e-05,1.69181e-05,-3.16605e-05,6.33267e-06,-0.000149664,0.000814172,-6.89883e-05,0.0466523,
0.00338501,-0.000586573,-0.00163803,-0.000219573,-0.000945985,-0.00105562,1.68769e-05,-0.000586573,0.00143967,-0.000517048,0.00103888,4.57569e-05,-0.000441192,-3.18036e-05,-0.00163803,-0.000517048,0.00298109,-0.000528955,-0.000701814,-0.00090239,6.04574e-06,-0.000219573,0.00103888,-0.000528955,0.00261842,0.00182533,-0.000120906,-0.000149459,-0.000945985,4.57569e-05,-0.000701814,0.00182533,0.0262683,0.00180645,0.000816906,-0.00105562,-0.000441192,-0.00090239,-0.000120906,0.00180645,0.0263179,-6.7612e-05,1.68769e-05,-3.18036e-05,6.04574e-06,-0.000149459,0.000816906,-6.7612e-05,0.0466525,
0.00339272,-0.000590759,-0.00163231,-0.000215722,-0.000949365,-0.00105641,1.69054e-05,-0.000590759,0.00144118,-0.000519704,0.00103717,4.7529e-05,-0.00044034,-3.21005e-05,-0.00163231,-0.000519704,0.00297895,-0.000532644,-0.000698276,-0.000898877,5.79782e-06,-0.000215722,0.00103717,-0.000532644,0.00261746,0.00182928,-0.000113903,-0.000149057,-0.000949365,4.7529e-05,-0.000698276,0.00182928,0.0262544,0.00180817,0.000822484,-0.00105641,-0.00044034,-0.000898877,-0.000113903,0.00180817,0.0263075,-6.61575e-05,1.69054e-05,-3.21005e-05,5.79782e-06,-0.000149057,0.000822484,-6.61575e-05,0.0466528,
0.00340041,-0.000594937,-0.00162652,-0.000211744,-0.000952453,-0.00105889,1.68674e-05,-0.000594937,0.00144269,-0.000522344,0.00103547,4.94719e-05,-0.000439293,-3.22445e-05,-0.00162652,-0.000522344,0.00297676,-0.000536339,-0.000694519,-0.000897469,5.51768e-06,-0.000211744,0.00103547,-0.000536339,0.00261599,0.00183282,-0.000106864,-0.000148846,-0.000952453,4.94719e-05,-0.000694519,0.00183282,0.0262481,0.00181173,0.000825135,-0.00105889,-0.000439293,-0.000897469,-0.000106864,0.00181173,0.0263047,-6.47851e-05,1.68674e-05,-3.22445e-05,5.51768e-06,-0.000148846,0.000825135,-6.47851e-05,0.046653,
0.00340801,-0.000599077,-0.0016207,-0.000207795,-0.000955894,-0.00105964,1.69039e-05,-0.000599077,0.00144417,-0.000525037,0.00103371,5.13026e-05,-0.000438403,-3.25451e-05,-0.0016207,-0.000525037,0.00297467,-0.000539982,-0.00069103,-0.000893958,5.27968e-06,-0.000207795,0.00103371,-0.000539982,0.00261504,0.00183666,-9.9983e-05,-0.000148437,-0.000955894,5.13026e-05,-0.00069103,0.00183666,0.0262344,0.00181337,0.000830644,-0.00105964,-0.000438403,-0.000893958,-9.9983e-05,0.00181337,0.0262944,-6.33341e-05,1.69039e-05,-3.25451e-05,5.27968e-06,-0.000148437,0.000830644,-6.33341e-05,0.0466533,
0.0034156,-0.00060321,-0.00161483,-0.000203721,-0.000959019,-0.00106205,1.68694e-05,-0.00060321,0.00144566,-0.000527715,0.00103197,5.32979e-05,-0.000437342,-3.26913e-05,-0.00161483,-0.000527715,0.00297253,-0.000543633,-0.0006873,-0.000892548,5.00648e-06,-0.000203721,0.00103197,-0.000543633,0.00261357,0.00184012,-9.30316e-05,-0.000148217,-0.000959019,5.32979e-05,-0.0006873,0.00184012,0.0262281,0.00181686,0.000833247,-0.00106205,-0.000437342,-0.000892548,-9.30316e-05,0.00181686,0.0262915,-6.19655e-05,1.68694e-05,-3.26913e-05,5.00648e-06,-0.000148217,0.000833247,-6.19655e-05,0.0466534,
0.0034231,-0.000607303,-0.00160892,-0.000199677,-0.000962517,-0.00106276,1.69135e-05,-0.000607303,0.00144711,-0.000530444,0.00103016,5.51858e-05,-0.000436417,-3.29954e-05,-0.00160892,-0.000530444,0.0029705,-0.000547228,-0.000683856,-0.000889041,4.77821e-06,-0.000199677,0.00103016,-0.000547228,0.00261263,0.00184384,-8.62663e-05,-0.0001478,-0.000962517,5.51857e-05,-0.000683856,0.00184384,0.0262147,0.00181844,0.000838691,-0.00106276,-0.000436417,-0.000889041,-8.62663e-05,0.00181844,0.0262812,-6.0519e-05,1.69135e-05,-3.29954e-05,4.77821e-06,-0.0001478,0.000838691,-6.0519e-05,0.0466538,
0.00343057,-0.000611388,-0.00160295,-0.00019551,-0.000965674,-0.00106509,1.68828e-05,-0.000611388,0.00144858,-0.00053316,0.00102837,5.72298e-05,-0.000435347,-3.31461e-05,-0.00160295,-0.00053316,0.00296841,-0.000550833,-0.000680145,-0.000887595,4.51195e-06,-0.00019551,0.00102837,-0.000550833,0.00261118,0.00184724,-7.93863e-05,-0.000147569,-0.000965674,5.72298e-05,-0.000680145,0.00184724,0.0262083,0.00182182,0.000841295,-0.00106509,-0.000435347,-0.000887595,-7.93863e-05,0.00182182,0.0262783,-5.91537e-05,1.68828e-05,-3.31461e-05,4.51195e-06,-0.000147569,0.000841295,-5.91537e-05,0.0466539,
0.00343797,-0.000615432,-0.00159695,-0.00019137,-0.000969227,-0.0010658,1.69331e-05,-0.000615432,0.00145,-0.000535925,0.00102653,5.9178e-05,-0.000434381,-3.345e-05,-0.00159695,-0.000535925,0.00296642,-0.00055438,-0.00067675,-0.000884142,4.29287e-06,-0.00019137,0.00102653,-0.00055438,0.00261023,0.00185085,-7.27418e-05,-0.00014715,-0.000969227,5.9178e-05,-0.00067675,0.00185085,0.0261953,0.00182338,0.000846606,-0.0010658,-0.000434381,-0.000884142,-7.27418e-05,0.00182338,0.0262682,-5.77147e-05,1.6933e-05,-3.345e-05,4.29287e-06,-0.00014715,0.000846606,-5.77147e-05,0.0466543,
0.00344532,-0.000619468,-0.0015909,-0.000187114,-0.000972405,-0.00106799,1.69068e-05,-0.000619468,0.00145144,-0.000538679,0.00102469,6.12649e-05,-0.000433309,-3.36084e-05,-0.0015909,-0.000538679,0.00296439,-0.000557935,-0.000673043,-0.000882607,4.03341e-06,-0.000187114,0.00102469,-0.000557935,0.00260882,0.00185419,-6.59048e-05,-0.000146902,-0.000972405,6.12649e-05,-0.000673043,0.00185419,0.0261887,0.00182662,0.000849286,-0.00106799,-0.000433309,-0.000882607,-6.59048e-05,0.00182662,0.026265,-5.63513e-05,1.69068e-05,-3.36084e-05,4.03341e-06,-0.000146902,0.000849286,-5.63513e-05,0.0466545,
0.00345261,-0.000623461,-0.00158481,-0.000182875,-0.000976012,-0.0010688,1.69599e-05,-0.000623461,0.00145283,-0.000541474,0.00102281,6.32818e-05,-0.000432297,-3.39036e-05,-0.00158481,-0.000541474,0.00296246,-0.000561436,-0.000669704,-0.000879331,3.82233e-06,-0.000182875,0.00102281,-0.000561436,0.00260784,0.00185765,-5.94035e-05,-0.000146492,-0.000976012,6.32818e-05,-0.000669704,0.00185765,0.0261764,0.00182825,0.000854306,-0.0010688,-0.000432297,-0.000879331,-5.94035e-05,0.00182825,0.0262555,-5.49259e-05,1.69599e-05,-3.39036e-05,3.82233e-06,-0.000146492,0.000854306,-5.49259e-05,0.0466548,
0.00345985,-0.000627446,-0.00157868,-0.000178535,-0.000979195,-0.0010708,1.69388e-05,-0.000627446,0.00145424,-0.000544269,0.00102093,6.54031e-05,-0.000431232,-3.40751e-05,-0.00157868,-0.000544269,0.00296048,-0.000564937,-0.000665973,-0.000877616,3.56949e-06,-0.000178535,0.00102093,-0.000564937,0.00260649,0.00186099,-5.25633e-05,-0.000146219,-0.000979195,6.54031e-05,-0.000665973,0.00186099,0.0261692,0.00183126,0.000857178,-0.0010708,-0.000431232,-0.000877616,-5.25633e-05,0.00183126,0.0262518,-5.35612e-05,1.69388e-05,-3.40751e-05,3.56948e-06,-0.000146219,0.000857178,-5.35612e-05,0.046655,
0.00346702,-0.000631387,-0.0015725,-0.000174196,-0.000982852,-0.00107172,1.69934e-05,-0.000631387,0.00145561,-0.000547093,0.00101901,6.74895e-05,-0.000430174,-3.43591e-05,-0.0015725,-0.000547093,0.0029586,-0.000568392,-0.000662693,-0.000874551,3.36567e-06,-0.000174196,0.00101901,-0.000568392,0.00260547,0.0018643,-4.62063e-05,-0.000145822,-0.000982852,6.74895e-05,-0.000662693,0.0018643,0.0261578,0.00183301,0.000861868,-0.00107172,-0.000430174,-0.000874551,-4.62063e-05,0.00183301,0.026243,-5.21515e-05,1.69934e-05,-3.43591e-05,3.36566e-06,-0.000145822,0.000861868,-5.21515e-05,0.0466553,
0.00347414,-0.000635319,-0.00156629,-0.000169775,-0.000986037,-0.00107353,1.69774e-05,-0.000635319,0.00145699,-0.000549926,0.00101708,6.96462e-05,-0.000429113,-3.4543e-05,-0.00156629,-0.000549926,0.00295669,-0.000571836,-0.000658936,-0.000872662,3.11955e-06,-0.000169775,0.00101708,-0.000571836,0.00260417,0.00186762,-3.93603e-05,-0.000145524,-0.000986037,6.96462e-05,-0.000658936,0.00186762,0.0261501,0.0018358,0.000864923,-0.00107353,-0.000429113,-0.000872662,-3.93603e-05,0.0018358,0.0262388,-5.07866e-05,1.69774e-05,-3.4543e-05,3.11955e-06,-0.000145524,0.000864923,-5.07866e-05,0.0466555,
0.0034812,-0.000639206,-0.00156003,-0.000165339,-0.000989747,-0.00107453,1.70339e-05,-0.000639206,0.00145833,-0.00055278,0.00101512,7.17983e-05,-0.000428016,-3.48179e-05,-0.00156003,-0.00055278,0.00295485,-0.000575242,-0.000655717,-0.000869775,2.92324e-06,-0.000165339,0.00101512,-0.000575242,0.00260312,0.00187079,-3.31441e-05,-0.000145137,-0.000989747,7.17983e-05,-0.000655717,0.00187079,0.0261395,0.00183764,0.000869332,-0.00107453,-0.000428016,-0.000869775,-3.31441e-05,0.00183764,0.0262306,-4.93918e-05,1.70339e-05,-3.48179e-05,2.92324e-06,-0.000145137,0.000869332,-4.93918e-05,0.0466558,
0.00348819,-0.000643083,-0.00155373,-0.000160835,-0.000992963,-0.00107619,1.70245e-05,-0.000643083,0.00145968,-0.000555649,0.00101315,7.39971e-05,-0.000426949,-3.50121e-05,-0.00155373,-0.000555649,0.00295301,-0.00057863,-0.00065197,-0.000867762,2.68563e-06,-0.000160835,0.00101315,-0.00057863,0.00260187,0.00187407,-2.63458e-05,-0.00014482,-0.000992963,7.39971e-05,-0.00065197,0.00187407,0.0261314,0.00184025,0.000872507,-0.00107619,-0.000426949,-0.000867762,-2.63458e-05,0.00184025,0.026226,-4.80294e-05,1.70245e-05,-3.50121e-05,2.68563e-06,-0.00014482,0.000872507,-4.80294e-05,0.046656,
0.00349513,-0.000646914,-0.00154739,-0.000156308,-0.000996713,-0.00107725,1.70827e-05,-0.000646914,0.00146099,-0.000558532,0.00101115,7.6209e-05,-0.000425822,-3.52804e-05,-0.00154739,-0.000558532,0.00295122,-0.000581985,-0.000648797,-0.000865008,2.49632e-06,-0.000156308,0.00101115,-0.000581985,0.00260081,0.00187712,-2.02418e-05,-0.000144439,-0.000996713,7.6209e-05,-0.000648797,0.00187712,0.0261214,0.00184213,0.000876699,-0.00107725,-0.000425822,-0.000865008,-2.02418e-05,0.00184213,0.0262183,-4.66479e-05,1.70827e-05,-3.52804e-05,2.49632e-06,-0.000144439,0.000876699,-4.66479e-05,0.0466563,
0.00350199,-0.000650733,-0.00154102,-0.000151722,-0.00100001,-0.0010788,1.7083e-05,-0.000650733,0.00146231,-0.000561433,0.00100914,7.84568e-05,-0.000424737,-3.54835e-05,-0.00154102,-0.000561433,0.00294944,-0.000585317,-0.000645126,-0.00086292,2.27029e-06,-0.000151722,0.00100914,-0.000585317,0.0025996,0.0018803,-1.35763e-05,-0.000144108,-0.00100001,7.84568e-05,-0.000645126,0.0018803,0.0261132,0.0018446,0.000879938,-0.0010788,-0.000424737,-0.00086292,-1.35763e-05,0.0018446,0.0262134,-4.52906e-05,1.7083e-05,-3.54835e-05,2.27028e-06,-0.000144108,0.000879938,-4.52906e-05,0.0466565,
0.0035088,-0.000654507,-0.0015346,-0.000147107,-0.00100377,-0.00107988,1.71412e-05,-0.000654507,0.00146359,-0.000564346,0.00100711,8.07224e-05,-0.000423588,-3.57464e-05,-0.0015346,-0.000564346,0.00294772,-0.000588618,-0.000641965,-0.000860264,2.08642e-06,-0.000147107,0.00100711,-0.000588618,0.00259852,0.00188326,-7.53452e-06,-0.000143729,-0.00100377,8.07224e-05,-0.000641965,0.00188326,0.0261036,0.00184651,0.000883958,-0.00107988,-0.000423588,-0.000860264,-7.53452e-06,0.00184651,0.0262061,-4.39209e-05,1.71412e-05,-3.57464e-05,2.08641e-06,-0.000143729,0.000883958,-4.39209e-05,0.0466568,
0.00351554,-0.000658265,-0.00152815,-0.000142439,-0.00100715,-0.00108133,1.71514e-05,-0.000658265,0.00146487,-0.000567278,0.00100506,8.30208e-05,-0.000422481,-3.5957e-05,-0.00152815,-0.000567278,0.002946,-0.000591894,-0.000638385,-0.000858127,1.8725e-06,-0.000142439,0.00100506,-0.000591894,0.00259734,0.00188633,-1.02295e-06,-0.000143388,-0.00100715,8.30208e-05,-0.000638385,0.00188633,0.0260954,0.00184886,0.000887227,-0.00108133,-0.000422481,-0.000858127,-1.02295e-06,0.00184886,0.026201,-4.25706e-05,1.71514e-05,-3.5957e-05,1.8725e-06,-0.000143388,0.000887227,-4.25706e-05,0.046657,
0.00352223,-0.000661981,-0.00152166,-0.000137741,-0.00101093,-0.00108242,1.72098e-05,-0.000661981,0.00146612,-0.00057022,0.00100299,8.53377e-05,-0.000421315,-3.62158e-05,-0.00152166,-0.00057022,0.00294434,-0.000595139,-0.000635235,-0.000855547,1.6942e-06,-0.000137741,0.00100299,-0.000595139,0.00259627,0.0018892,4.96304e-06,-0.000143008,-0.00101093,8.53377e-05,-0.000635235,0.0018892,0.0260862,0.00185077,0.000891108,-0.00108242,-0.000421315,-0.000855547,4.96304e-06,0.00185077,0.026194,-4.12121e-05,1.72098e-05,-3.62158e-05,1.6942e-06,-0.000143008,0.000891108,-4.12121e-05,0.0466573,
0.00352884,-0.000665677,-0.00151514,-0.000132992,-0.00101439,-0.00108379,1.72289e-05,-0.000665677,0.00146737,-0.00057318,0.0010009,8.76864e-05,-0.000420186,-3.64322e-05,-0.00151514,-0.00057318,0.00294269,-0.000598357,-0.000631744,-0.000853384,1.49182e-06,-0.000132992,0.0010009,-0.000598357,0.00259512,0.00189217,1.13266e-05,-0.000142659,-0.00101439,8.76864e-05,-0.000631744,0.00189217,0.0260781,0.00185303,0.00089438,-0.00108379,-0.000420186,-0.000853384,1.13266e-05,0.00185303,0.0261887,-3.987e-05,1.72289e-05,-3.64322e-05,1.49182e-06,-0.000142659,0.00089438,-3.987e-05,0.0466576,
0.00353539,-0.000669333,-0.00150857,-0.000128213,-0.00101819,-0.00108487,1.72888e-05,-0.000669333,0.00146859,-0.00057615,0.000998792,9.0053e-05,-0.000419004,-3.66887e-05,-0.00150857,-0.00057615,0.00294109,-0.000601545,-0.000628617,-0.000850859,1.32004e-06,-0.000128213,0.000998792,-0.000601545,0.00259406,0.00189496,1.72459e-05,-0.000142277,-0.00101819,9.0053e-05,-0.000628617,0.00189496,0.0260691,0.00185491,0.000898151,-0.00108487,-0.000419004,-0.000850859,1.72459e-05,0.00185491,0.0261819,-3.85223e-05,1.72888e-05,-3.66887e-05,1.32004e-06,-0.000142277,0.000898151,-3.85223e-05,0.0466578,
0.00354186,-0.000672966,-0.00150198,-0.000123385,-0.00102172,-0.00108619,1.73148e-05,-0.000672966,0.00146981,-0.000579138,0.000996668,9.24512e-05,-0.000417855,-3.69085e-05,-0.00150198,-0.000579138,0.0029395,-0.000604705,-0.000625201,-0.000848693,1.12797e-06,-0.000123385,0.000996668,-0.000604705,0.00259292,0.00189781,2.34798e-05,-0.000141921,-0.00102172,9.24512e-05,-0.000625201,0.00189781,0.0260611,0.0018571,0.000901398,-0.00108619,-0.000417855,-0.000848693,2.34798e-05,0.0018571,0.0261766,-3.71896e-05,1.73148e-05,-3.69085e-05,1.12797e-06,-0.000141921,0.000901398,-3.71896e-05,0.0466581,
0.00354828,-0.000676559,-0.00149534,-0.000118528,-0.00102555,-0.00108723,1.73782e-05,-0.000676559,0.001471,-0.000582135,0.000994525,9.48661e-05,-0.000416655,-3.71648e-05,-0.00149534,-0.000582135,0.00293797,-0.000607833,-0.000622116,-0.0008462,9.64109e-07,-0.000118528,0.000994525,-0.000607833,0.00259188,0.00190051,2.93127e-05,-0.000141536,-0.00102555,9.48661e-05,-0.000622116,0.00190051,0.0260523,0.00185895,0.000905092,-0.00108723,-0.000416655,-0.0008462,2.93127e-05,0.00185895,0.02617,-3.58523e-05,1.73782e-05,-3.71648e-05,9.64107e-07,-0.000141536,0.000905092,-3.58523e-05,0.0466584,
0.00355462,-0.000680128,-0.00148868,-0.000113623,-0.00102914,-0.0010885,1.74089e-05,-0.000680128,0.00147218,-0.000585149,0.000992366,9.73132e-05,-0.00041549,-3.73859e-05,-0.00148868,-0.000585149,0.00293645,-0.000610934,-0.000618758,-0.000844051,7.80892e-07,-0.000113623,0.000992366,-0.000610934,0.00259076,0.00190328,3.54396e-05,-0.000141176,-0.00102914,9.73132e-05,-0.000618758,0.00190328,0.0260445,0.00186109,0.000908285,-0.0010885,-0.00041549,-0.000844051,3.54396e-05,0.00186109,0.0261647,-3.45297e-05,1.74089e-05,-3.73859e-05,7.80892e-07,-0.000141176,0.000908285,-3.45297e-05,0.0466586,
0.0035609,-0.000683656,-0.00148198,-0.000108691,-0.00103302,-0.00108951,1.74774e-05,-0.000683656,0.00147333,-0.000588172,0.000990189,9.97748e-05,-0.000414271,-3.76438e-05,-0.00148198,-0.000588172,0.00293499,-0.000614002,-0.000615733,-0.000841575,6.26207e-07,-0.000108691,0.000990189,-0.000614002,0.00258973,0.00190588,4.11679e-05,-0.000140786,-0.00103302,9.97748e-05,-0.000615733,0.00190588,0.0260359,0.00186288,0.000911928,-0.00108951,-0.000414271,-0.000841575,4.11679e-05,0.00186288,0.0261581,-3.32027e-05,1.74774e-05,-3.76438e-05,6.2621e-07,-0.000140786,0.000911928,-3.32027e-05,0.0466589,
0.0035671,-0.000687161,-0.00147526,-0.000103711,-0.00103664,-0.00109074,1.75113e-05,-0.000687161,0.00147448,-0.000591211,0.000987996,0.00010227,-0.000413093,-3.78647e-05,-0.00147526,-0.000591211,0.00293354,-0.000617043,-0.000612422,-0.000839455,4.50953e-07,-0.000103711,0.000987996,-0.000617043,0.00258864,0.00190855,4.72028e-05,-0.000140422,-0.00103664,0.00010227,-0.000612422,0.00190855,0.0260283,0.00186497,0.000915053,-0.00109074,-0.000413093,-0.000839455,4.72028e-05,0.00186497,0.0261529,-3.18909e-05,1.75113e-05,-3.78647e-05,4.5095e-07,-0.000140422,0.000915053,-3.18909e-05,0.0466591,
0.00357324,-0.000690623,-0.0014685,-9.87054e-05,-0.00104058,-0.0010917,1.75854e-05,-0.000690623,0.0014756,-0.000594258,0.000985785,0.000104777,-0.000411855,-3.81244e-05,-0.0014685,-0.000594258,0.00293214,-0.000620049,-0.000609463,-0.000836993,3.05769e-07,-9.87055e-05,0.000985785,-0.000620049,0.00258763,0.00191106,5.28216e-05,-0.000140028,-0.00104058,0.000104777,-0.000609463,0.00191106,0.0260199,0.00186671,0.000918651,-0.0010917,-0.000411855,-0.000836993,5.28216e-05,0.00186671,0.0261463,-3.05744e-05,1.75854e-05,-3.81244e-05,3.05772e-07,-0.000140028,0.000918651,-3.05744e-05,0.0466594,
0.0035793,-0.000694062,-0.00146171,-9.36541e-05,-0.00104424,-0.0010929,1.76228e-05,-0.000694062,0.00147672,-0.000597321,0.000983558,0.000107318,-0.000410664,-3.83456e-05,-0.00146171,-0.000597321,0.00293076,-0.000623028,-0.000606204,-0.000834896,1.38708e-07,-9.36541e-05,0.000983558,-0.000623028,0.00258656,0.00191364,5.8763e-05,-0.00013966,-0.00104424,0.000107318,-0.000606204,0.00191364,0.0260124,0.00186876,0.000921716,-0.0010929,-0.000410664,-0.000834896,5.8763e-05,0.00186876,0.0261413,-2.92734e-05,1.76228e-05,-3.83456e-05,1.38706e-07,-0.00013966,0.000921716,-2.92734e-05,0.0466596,
0.00358529,-0.000697456,-0.00145488,-8.85772e-05,-0.00104822,-0.00109382,1.7701e-05,-0.000697456,0.0014778,-0.000600391,0.000981315,0.00010987,-0.00040941,-3.86058e-05,-0.00145488,-0.000600391,0.00292943,-0.000625973,-0.000603302,-0.000832461,2.20657e-09,-8.85772e-05,0.000981315,-0.000625973,0.00258557,0.00191605,6.42839e-05,-0.000139262,-0.00104822,0.00010987,-0.000603302,0.00191605,0.0260042,0.00187045,0.000925252,-0.00109382,-0.00040941,-0.000832461,6.42839e-05,0.00187045,0.0261347,-2.7968e-05,1.7701e-05,-3.86058e-05,2.20934e-09,-0.000139262,0.000925252,-2.7968e-05,0.0466599,
0.00359121,-0.000700827,-0.00144804,-8.34568e-05,-0.00105194,-0.00109497,1.77435e-05,-0.000700827,0.00147888,-0.000603476,0.000979057,0.000112456,-0.000408204,-3.88289e-05,-0.00144804,-0.000603476,0.00292812,-0.000628889,-0.00060011,-0.000830371,-1.55481e-07,-8.34568e-05,0.000979057,-0.000628889,0.00258452,0.00191854,7.01163e-05,-0.000138889,-0.00105194,0.000112456,-0.00060011,0.00191854,0.0259969,0.00187244,0.000928282,-0.00109497,-0.000408204,-0.000830371,7.01163e-05,0.00187244,0.0261297,-2.66776e-05,1.77435e-05,-3.88289e-05,-1.55481e-07,-0.000138889,0.000928282,-2.66776e-05,0.0466602,
0.00359706,-0.000704154,-0.00144116,-7.83108e-05,-0.00105594,-0.00109587,1.78236e-05,-0.000704154,0.00147993,-0.000606568,0.000976782,0.000115052,-0.000406939,-3.90874e-05,-0.00144116,-0.000606568,0.00292686,-0.000631771,-0.00059725,-0.00082798,-2.84739e-07,-7.83108e-05,0.000976782,-0.000631771,0.00258356,0.00192086,7.55601e-05,-0.000138489,-0.00105594,0.000115052,-0.00059725,0.00192086,0.025989,0.0018741,0.000931732,-0.00109587,-0.000406939,-0.00082798,7.55601e-05,0.0018741,0.0261233,-2.5384e-05,1.78236e-05,-3.90874e-05,-2.84739e-07,-0.000138489,0.000931732,-2.5384e-05,0.0466604,
0.00360284,-0.000707455,-0.00143425,-7.31244e-05,-0.00105973,-0.00109695,1.78732e-05,-0.000707455,0.00148098,-0.000609674,0.000974493,0.000117681,-0.000405716,-3.93143e-05,-0.00143425,-0.000609674,0.00292562,-0.000634623,-0.000594144,-0.000825881,-4.31691e-07,-7.31244e-05,0.000974493,-0.000634623,0.00258254,0.00192325,8.12654e-05,-0.00013811,-0.00105973,0.000117681,-0.000594144,0.00192325,0.0259817,0.00187601,0.000934752,-0.00109695,-0.000405716,-0.000825881,8.12654e-05,0.00187601,0.0261182,-2.41038e-05,1.78732e-05,-3.93143e-05,-4.31694e-07,-0.00013811,0.000934752,-2.41038e-05,0.0466607,
0.00360854,-0.000710713,-0.00142732,-6.79115e-05,-0.00106375,-0.00109784,1.79533e-05,-0.000710713,0.00148199,-0.000612787,0.000972188,0.000120321,-0.000404443,-3.95693e-05,-0.00142732,-0.000612787,0.00292444,-0.000637441,-0.000591312,-0.000823549,-5.54923e-07,-6.79115e-05,0.000972188,-0.000637441,0.00258159,0.00192549,8.66496e-05,-0.000137709,-0.00106375,0.000120321,-0.000591312,0.00192549,0.0259741,0.00187767,0.000938097,-0.00109784,-0.000404443,-0.000823549,8.66496e-05,0.00187767,0.026112,-2.28226e-05,1.79533e-05,-3.95693e-05,-5.54923e-07,-0.000137709,0.000938097,-2.28226e-05,0.046661,
0.00361417,-0.000713942,-0.00142036,-6.26617e-05,-0.00106761,-0.00109885,1.8011e-05,-0.000713942,0.001483,-0.000615912,0.000969869,0.000122991,-0.000403202,-3.9801e-05,-0.00142036,-0.000615912,0.00292327,-0.000640228,-0.000588303,-0.000821432,-6.90328e-07,-6.26617e-05,0.000969869,-0.000640228,0.0025806,0.00192777,9.22174e-05,-0.000137322,-0.00106761,0.000122991,-0.000588303,0.00192777,0.0259669,0.0018795,0.000941121,-0.00109885,-0.000403202,-0.000821432,9.22174e-05,0.0018795,0.0261068,-2.15526e-05,1.8011e-05,-3.9801e-05,-6.90331e-07,-0.000137322,0.000941121,-2.15526e-05,0.0466612,
0.00361972,-0.000717131,-0.00141338,-5.73845e-05,-0.00107163,-0.00109973,1.80903e-05,-0.000717131,0.00148398,-0.000619044,0.000967535,0.000125673,-0.000401923,-4.00519e-05,-0.00141338,-0.000619044,0.00292215,-0.000642982,-0.000585494,-0.000819162,-8.08018e-07,-5.73845e-05,0.000967535,-0.000642982,0.00257967,0.00192994,9.75491e-05,-0.000136921,-0.00107163,0.000125673,-0.000585494,0.00192994,0.0259595,0.00188114,0.000944357,-0.00109973,-0.000401923,-0.000819162,9.75491e-05,0.00188114,0.0261008,-2.0284e-05,1.80903e-05,-4.00519e-05,-8.0802e-07,-0.000136921,0.000944357,-2.0284e-05,0.0466615,
0.0036252,-0.000720289,-0.00140637,-5.20738e-05,-0.00107557,-0.00110067,1.81559e-05,-0.000720289,0.00148495,-0.000622188,0.000965187,0.000128382,-0.000400664,-4.02882e-05,-0.00140637,-0.000622188,0.00292107,-0.000645704,-0.000582584,-0.000817028,-9.31882e-07,-5.20738e-05,0.000965187,-0.000645704,0.00257871,0.00193211,0.00010298,-0.000136528,-0.00107557,0.000128382,-0.000582584,0.00193211,0.0259525,0.00188289,0.000947384,-0.00110067,-0.000400664,-0.000817028,0.00010298,0.00188289,0.0260955,-1.90245e-05,1.81559e-05,-4.02882e-05,-9.31882e-07,-0.000136528,0.000947384,-1.90245e-05,0.0466617,
0.00363061,-0.000723407,-0.00139934,-4.67352e-05,-0.0010796,-0.00110154,1.82347e-05,-0.000723407,0.00148589,-0.000625338,0.000962826,0.000131107,-0.000399381,-4.05355e-05,-0.00139934,-0.000625338,0.00292002,-0.000648392,-0.000579803,-0.000814815,-1.04375e-06,-4.67352e-05,0.000962826,-0.000648392,0.0025778,0.0019342,0.000108256,-0.000136126,-0.0010796,0.000131107,-0.000579803,0.0019342,0.0259453,0.00188452,0.000950519,-0.00110154,-0.000399381,-0.000814815,0.000108256,0.00188452,0.0260897,-1.77685e-05,1.82347e-05,-4.05355e-05,-1.04375e-06,-0.000136126,0.000950519,-1.77685e-05,0.046662,
0.00363593,-0.000726491,-0.00139229,-4.13659e-05,-0.0010836,-0.00110242,1.83072e-05,-0.000726491,0.00148682,-0.000628497,0.000960451,0.000133854,-0.000398105,-4.07753e-05,-0.00139229,-0.000628497,0.00291901,-0.000651048,-0.000576985,-0.000812674,-1.15672e-06,-4.1366e-05,0.000960451,-0.000651048,0.00257688,0.00193627,0.00011356,-0.000135727,-0.0010836,0.000133854,-0.000576985,0.00193627,0.0259384,0.00188619,0.000953538,-0.00110242,-0.000398105,-0.000812674,0.00011356,0.00188619,0.0260843,-1.65199e-05,1.83073e-05,-4.07753e-05,-1.15672e-06,-0.000135727,0.000953538,-1.65199e-05,0.0466623,
0.00364119,-0.000729538,-0.00138521,-3.59688e-05,-0.00108766,-0.00110326,1.83866e-05,-0.000729538,0.00148773,-0.000631664,0.000958063,0.000136618,-0.000396816,-4.102e-05,-0.00138521,-0.000631664,0.00291804,-0.00065367,-0.000574243,-0.000810506,-1.262e-06,-3.59688e-05,0.000958063,-0.00065367,0.00257598,0.00193828,0.00011877,-0.000135323,-0.00108766,0.000136618,-0.000574243,0.00193828,0.0259315,0.0018878,0.00095659,-0.00110326,-0.000396816,-0.000810506,0.00011877,0.0018878,0.0260788,-1.52762e-05,1.83866e-05,-4.102e-05,-1.262e-06,-0.000135323,0.00095659,-1.52762e-05,0.0466625,
0.00364636,-0.000732549,-0.00137811,-3.05433e-05,-0.00109171,-0.00110409,1.84644e-05,-0.000732549,0.00148863,-0.000634839,0.000955662,0.000139402,-0.000395528,-4.12619e-05,-0.00137811,-0.000634839,0.0029171,-0.000656258,-0.000571507,-0.000808371,-1.36509e-06,-3.05433e-05,0.000955662,-0.000656258,0.0025751,0.00194026,0.000123962,-0.00013492,-0.00109171,0.000139402,-0.000571507,0.00194026,0.0259247,0.00188942,0.000959582,-0.00110409,-0.000395528,-0.000808371,0.000123962,0.00188942,0.0260733,-1.4039e-05,1.84644e-05,-4.12619e-05,-1.3651e-06,-0.00013492,0.000959582,-1.4039e-05,0.0466628,
0.00365143,-0.000735516,-0.00137103,-2.50781e-05,-0.00109569,-0.0011044,1.85728e-05,-0.000735557,0.00148951,-0.000638054,0.000953262,0.000142317,-0.000393678,-4.14746e-05,-0.00137111,-0.000637997,0.00291609,-0.000658765,-0.000568443,-0.000804384,-1.35974e-06,-2.51419e-05,0.000953258,-0.000658863,0.00257425,0.00194235,0.000129908,-0.000134468,-0.00109562,0.00014217,-0.000568654,0.00194211,0.0259174,0.00188828,0.00096242,-0.00110215,-0.000394787,-0.00080358,0.000127947,0.00188211,0.0260241,-1.52444e-05,1.85523e-05,-4.15068e-05,-1.45632e-06,-0.000134516,0.00096255,-1.29137e-05,0.046663,
0.00365645,-0.000738453,-0.00136389,-1.95986e-05,-0.00109979,-0.00110521,1.86544e-05,-0.000738494,0.00149036,-0.000641243,0.000950837,0.00014514,-0.000392369,-4.17178e-05,-0.00136398,-0.000641185,0.00291522,-0.000661286,-0.000565779,-0.000802273,-1.45592e-06,-1.96618e-05,0.000950832,-0.000661384,0.00257339,0.00194423,0.000134995,-0.000134066,-0.00109972,0.000144993,-0.000565993,0.001944,0.0259108,0.00188996,0.000965421,-0.00110294,-0.000393491,-0.000801464,0.000133034,0.00188377,0.0260187,-1.39919e-05,1.86345e-05,-4.17502e-05,-1.55145e-06,-0.000134113,0.000965543,-1.1686e-05,0.0466633,
0.0036614,-0.000741352,-0.00135673,-1.40938e-05,-0.00110391,-0.00110598,1.87401e-05,-0.000741394,0.0014912,-0.000644439,0.000948399,0.00014798,-0.000391053,-4.19636e-05,-0.00135682,-0.00064438,0.0029144,-0.000663773,-0.000563162,-0.000800158,-1.54706e-06,-1.41563e-05,0.000948394,-0.000663871,0.00257255,0.00194607,0.000140023,-0.000133662,-0.00110385,0.000147833,-0.000563378,0.00194584,0.0259043,0.0018916,0.000968451,-0.0011037,-0.000392189,-0.000799344,0.000138063,0.00188539,0.0260132,-1.27452e-05,1.87208e-05,-4.19961e-05,-1.64153e-06,-0.000133708,0.000968567,-1.04642e-05,0.0466635,
