0.00257634,-0.000690484,-0.00112464,-0.000943698,6.47842e-06,0.000935426,-0.000117797,-0.000690514,0.00194963,-0.00112235,0.000236247,0.000917795,-0.000288973,0.000113014,-0.00112483,-0.0011221,0.00310787,0.000564975,-0.000537404,0.00174264,-0.000121829,-0.000943165,0.000235578,0.000565072,0.00202596,0.00133265,0.00120783,-1.13987e-05,7.18522e-06,0.000916721,-0.000538488,0.00133598,0.0343633,0.00178075,-0.00198635,0.000934616,-0.000287958,0.00174249,0.00120784,0.00178581,0.0290463,0.000100013,-0.000117813,0.000113231,-0.000120563,-1.48846e-05,-0.00199087,0.000105302,0.0467495,
0.00257625,-0.000690328,-0.00112417,-0.000944123,8.69409e-06,0.000939605,-0.000117837,-0.000690328,0.00194942,-0.00112258,0.000236694,0.000918733,-0.000289352,0.000113017,-0.00112417,-0.00112258,0.00310882,0.000564235,-0.000533992,0.00174779,-0.000120906,-0.000944123,0.000236694,0.000564235,0.00202648,0.00133105,0.00119966,-1.36103e-05,8.69409e-06,0.000918733,-0.000533992,0.00133105,0.034376,0.00178414,-0.00198839,0.000939605,-0.000289352,0.00174779,0.00119966,0.00178414,0.0290602,0.000104877,-0.000117837,0.000113017,-0.000120906,-1.36103e-05,-0.00198839,0.000104877,0.0467493,
0.00257648,-0.000690308,-0.00112356,-0.000944658,1.10641e-05,0.000944153,-0.000117911,-0.000690308,0.00194902,-0.00112294,0.00023728,0.000920349,-0.000289663,0.000112779,-0.00112356,-0.00112294,0.00311005,0.000563933,-0.000528324,0.00175329,-0.000121306,-0.000944658,0.00023728,0.000563933,0.00202528,0.00132406,0.0011913,-1.21957e-05,1.10641e-05,0.000920349,-0.000528324,0.00132406,0.0343814,0.00179054,-0.00198577,0.000944153,-0.000289663,0.00175329,0.0011913,0.00179054,0.0290708,0.000104345,-0.000117911,0.000112779,-0.000121306,-1.21957e-05,-0.00198577,0.000104345,0.046749,
0.002577,-0.000690445,-0.00112282,-0.00094521,1.33317e-05,0.000948959,-0.000118008,-0.000690445,0.00194853,-0.00112335,0.000237748,0.000922132,-0.000289898,0.000112527,-0.00112282,-0.00112335,0.00311146,0.00056366,-0.00052263,0.00175899,-0.000121715,-0.00094521,0.000237748,0.00056366,0.002024,0.00131682,0.00118244,-1.07548e-05,1.33317e-05,0.000922132,-0.00052263,0.00131682,0.0343869,0.00179698,-0.00198309,0.000948959,-0.000289898,0.00175899,0.00118244,0.00179698,0.0290816,0.000103857,-0.000118008,0.000112527,-0.000121715,-1.07548e-05,-0.00198309,0.000103857,0.0467486,
0.00257778,-0.000690713,-0.00112205,-0.000945732,1.54295e-05,0.000953858,-0.000118124,-0.000690713,0.00194798,-0.00112376,0.000238112,0.000923973,-0.000290069,0.000112275,-0.00112205,-0.00112376,0.00311297,0.000563408,-0.000517093,0.00176456,-0.000122124,-0.000945732,0.000238112,0.000563408,0.00202267,0.00130955,0.00117364,-9.32293e-06,1.54295e-05,0.000923973,-0.000517093,0.00130955,0.0343923,0.00180334,-0.00198039,0.000953858,-0.000290069,0.00176456,0.00117364,0.00180334,0.0290923,0.000103411,-0.000118124,0.000112275,-0.000122124,-9.32293e-06,-0.00198039,0.000103411,0.0467482,
0.00257878,-0.000691086,-0.00112127,-0.000946208,1.73924e-05,0.000958848,-0.000118251,-0.000691086,0.0019474,-0.00112417,0.000238396,0.000925867,-0.000290208,0.000112022,-0.00112127,-0.00112417,0.00311457,0.000563159,-0.000511656,0.00177006,-0.000122528,-0.000946208,0.000238396,0.000563159,0.00202128,0.00130224,0.00116483,-7.89722e-06,1.73924e-05,0.000925867,-0.000511656,0.00130224,0.0343977,0.00180963,-0.00197767,0.000958848,-0.000290208,0.00177006,0.00116483,0.00180963,0.029103,0.000103,-0.000118251,0.000112022,-0.000122528,-7.89722e-06,-0.00197767,0.000103,0.0467478,
0.00257996,-0.000691545,-0.00112051,-0.000946638,1.92384e-05,0.000963907,-0.000118385,-0.000691545,0.00194681,-0.00112457,0.000238613,0.000927801,-0.000290326,0.000111768,-0.00112051,-0.00112457,0.00311624,0.00056291,-0.000506303,0.00177547,-0.000122925,-0.000946638,0.000238613,0.00056291,0.00201985,0.00129489,0.00115602,-6.47813e-06,1.92384e-05,0.000927801,-0.000506303,0.00129489,0.034403,0.00181588,-0.00197492,0.000963907,-0.000290326,0.00177547,0.00115602,0.00181588,0.0291137,0.000102617,-0.000118385,0.000111768,-0.000122925,-6.47812e-06,-0.00197492,0.000102617,0.0467473,
0.0025813,-0.000692073,-0.00111977,-0.000947026,2.09829e-05,0.000969018,-0.000118525,-0.000692073,0.00194621,-0.00112496,0.000238773,0.000929768,-0.000290433,0.000111513,-0.00111977,-0.00112496,0.00311795,0.000562659,-0.000501021,0.00178081,-0.000123315,-0.000947026,0.000238773,0.000562659,0.00201837,0.00128751,0.00114721,-5.06534e-06,2.09829e-05,0.000929768,-0.000501021,0.00128751,0.0344081,0.00182206,-0.00197216,0.000969018,-0.000290433,0.00178081,0.00114721,0.00182206,0.0291243,0.000102259,-0.000118525,0.000111513,-0.000123315,-5.06534e-06,-0.00197216,0.000102259,0.0467469,
0.00258277,-0.000692658,-0.00111905,-0.000947374,2.26378e-05,0.000974165,-0.000118667,-0.000692658,0.0019456,-0.00112534,0.000238883,0.000931762,-0.000290534,0.000111258,-0.00111905,-0.00112534,0.00311969,0.000562403,-0.0004958,0.00178608,-0.000123696,-0.000947374,0.000238883,0.000562403,0.00201685,0.0012801,0.00113841,-3.65858e-06,2.26378e-05,0.000931762,-0.0004958,0.0012801,0.0344132,0.0018282,-0.00196938,0.000974165,-0.000290534,0.00178608,0.00113841,0.0018282,0.0291349,0.000101923,-0.000118667,0.000111258,-0.000123696,-3.65857e-06,-0.00196938,0.000101923,0.0467465,
0.00258434,-0.000693289,-0.00111836,-0.000947688,2.42123e-05,0.000979337,-0.000118809,-0.000693289,0.001945,-0.0011257,0.000238949,0.000933778,-0.000290631,0.000111001,-0.00111836,-0.0011257,0.00312145,0.000562143,-0.000490637,0.00179129,-0.000124068,-0.000947688,0.000238949,0.000562143,0.00201529,0.00127267,0.00112961,-2.25758e-06,2.42123e-05,0.000933778,-0.000490637,0.00127267,0.0344182,0.00183428,-0.00196658,0.000979337,-0.000290631,0.00179129,0.00112961,0.00183428,0.0291454,0.000101607,-0.000118809,0.000111001,-0.000124068,-2.25758e-06,-0.00196658,0.000101607,0.046746,
0.00258601,-0.00069396,-0.00111768,-0.00094797,2.5714e-05,0.000984525,-0.000118952,-0.00069396,0.0019444,-0.00112604,0.000238978,0.000935813,-0.000290727,0.000110743,-0.00111768,-0.00112604,0.00312322,0.000561878,-0.000485526,0.00179644,-0.000124431,-0.00094797,0.000238978,0.000561878,0.00201371,0.00126522,0.00112081,-8.62138e-07,2.5714e-05,0.000935813,-0.000485526,0.00126522,0.0344231,0.00184032,-0.00196377,0.000984525,-0.000290727,0.00179644,0.00112081,0.00184032,0.0291558,0.000101309,-0.000118952,0.000110743,-0.000124431,-8.62138e-07,-0.00196377,0.000101309,0.0467456,
0.00258775,-0.000694663,-0.00111702,-0.000948225,2.71488e-05,0.000989722,-0.000119092,-0.000694663,0.0019438,-0.00112638,0.000238973,0.000937864,-0.000290822,0.000110485,-0.00111702,-0.00112638,0.00312501,0.000561608,-0.000480465,0.00180153,-0.000124784,-0.000948225,0.000238973,0.000561608,0.00201211,0.00125774,0.00111201,5.2795e-07,2.71488e-05,0.000937864,-0.000480465,0.00125774,0.0344279,0.00184631,-0.00196094,0.000989722,-0.000290822,0.00180153,0.00111201,0.00184631,0.0291661,0.000101027,-0.000119092,0.000110485,-0.000124784,5.2795e-07,-0.00196094,0.000101027,0.0467452,
0.00258955,-0.000695393,-0.00111638,-0.000948455,2.85217e-05,0.00099492,-0.000119231,-0.000695393,0.00194321,-0.0011267,0.000238937,0.000939927,-0.000290916,0.000110225,-0.00111638,-0.0011267,0.0031268,0.000561332,-0.000475453,0.00180657,-0.000125128,-0.000948455,0.000238937,0.000561332,0.00201048,0.00125023,0.00110321,1.91284e-06,2.85217e-05,0.000939927,-0.000475453,0.00125023,0.0344326,0.00185225,-0.00195809,0.00099492,-0.000290916,0.00180657,0.00110321,0.00185225,0.0291764,0.00010076,-0.000119231,0.000110225,-0.000125128,1.91284e-06,-0.00195809,0.00010076,0.0467447,
0.00259141,-0.000696146,-0.00111576,-0.000948664,2.98367e-05,0.00100012,-0.000119367,-0.000696146,0.00194263,-0.00112701,0.000238876,0.000942001,-0.00029101,0.000109964,-0.00111576,-0.00112701,0.0031286,0.000561051,-0.000470488,0.00181155,-0.000125461,-0.000948664,0.000238876,0.000561051,0.00200885,0.00124271,0.00109441,3.29266e-06,2.98367e-05,0.000942001,-0.000470488,0.00124271,0.0344372,0.00185815,-0.00195523,0.00100012,-0.00029101,0.00181155,0.00109441,0.00185815,0.0291866,0.000100507,-0.000119367,0.000109964,-0.000125461,3.29266e-06,-0.00195523,0.000100507,0.0467443,
0.00259332,-0.000696919,-0.00111515,-0.000948853,3.10973e-05,0.00100531,-0.000119499,-0.000696919,0.00194205,-0.00112731,0.00023879,0.000944084,-0.000291102,0.000109702,-0.00111515,-0.00112731,0.00313039,0.000560763,-0.000465571,0.00181648,-0.000125785,-0.000948853,0.00023879,0.000560763,0.00200719,0.00123517,0.00108562,4.66753e-06,3.10973e-05,0.000944084,-0.000465571,0.00123517,0.0344417,0.00186399,-0.00195235,0.00100531,-0.000291102,0.00181648,0.00108562,0.00186399,0.0291968,0.000100267,-0.000119499,0.000109702,-0.000125785,4.66753e-06,-0.00195235,0.000100267,0.0467438,
0.00259528,-0.000697708,-0.00111456,-0.000949024,3.23065e-05,0.00101048,-0.000119628,-0.000697708,0.00194148,-0.00112759,0.000238683,0.000946175,-0.000291194,0.000109438,-0.00111456,-0.00112759,0.00313219,0.000560468,-0.0004607,0.00182136,-0.0001261,-0.000949024,0.000238683,0.000560468,0.00200553,0.00122761,0.00107683,6.03753e-06,3.23065e-05,0.000946175,-0.0004607,0.00122761,0.0344461,0.00186979,-0.00194946,0.00101048,-0.000291194,0.00182136,0.00107683,0.00186979,0.0292068,0.000100039,-0.000119628,0.000109438,-0.0001261,6.03753e-06,-0.00194946,0.000100039,0.0467433,
0.00259727,-0.000698512,-0.00111398,-0.000949181,3.34667e-05,0.00101565,-0.000119754,-0.000698512,0.00194092,-0.00112787,0.000238557,0.000948271,-0.000291283,0.000109174,-0.00111398,-0.00112787,0.00313398,0.000560168,-0.000455875,0.00182619,-0.000126405,-0.000949181,0.000238557,0.000560168,0.00200386,0.00122004,0.00106804,7.40274e-06,3.34667e-05,0.000948271,-0.000455875,0.00122004,0.0344504,0.00187555,-0.00194656,0.00101565,-0.000291283,0.00182619,0.00106804,0.00187555,0.0292168,9.98236e-05,-0.000119754,0.000109174,-0.000126405,7.40274e-06,-0.00194656,9.98236e-05,0.0467429,
0.00259929,-0.000699327,-0.00111342,-0.000949324,3.458e-05,0.0010208,-0.000119875,-0.000699327,0.00194036,-0.00112814,0.000238413,0.000950372,-0.000291369,0.000108908,-0.00111342,-0.00112814,0.00313577,0.00055986,-0.000451097,0.00183097,-0.0001267,-0.000949324,0.000238413,0.00055986,0.00200218,0.00121244,0.00105926,8.76321e-06,3.458e-05,0.000950372,-0.000451097,0.00121244,0.0344546,0.00188125,-0.00194364,0.0010208,-0.000291369,0.00183097,0.00105926,0.00188125,0.0292267,9.96193e-05,-0.000119875,0.000108908,-0.0001267,8.76321e-06,-0.00194364,9.96193e-05,0.0467424,
0.00260133,-0.000700153,-0.00111287,-0.000949455,3.56484e-05,0.00102593,-0.000119991,-0.000700153,0.0019398,-0.0011284,0.000238254,0.000952476,-0.000291452,0.000108641,-0.00111287,-0.0011284,0.00313756,0.000559545,-0.000446366,0.00183571,-0.000126986,-0.000949455,0.000238254,0.000559545,0.0020005,0.00120484,0.00105047,1.0119e-05,3.56485e-05,0.000952476,-0.000446366,0.00120484,0.0344587,0.00188691,-0.00194071,0.00102593,-0.000291452,0.00183571,0.00105047,0.00188691,0.0292365,9.94257e-05,-0.000119991,0.000108641,-0.000126986,1.0119e-05,-0.00194071,9.94257e-05,0.046742,
0.00260341,-0.000700988,-0.00111232,-0.000949575,3.66737e-05,0.00103104,-0.000120104,-0.000700988,0.00193925,-0.00112865,0.000238081,0.000954584,-0.000291531,0.000108374,-0.00111232,-0.00112865,0.00313934,0.000559224,-0.00044168,0.00184039,-0.000127263,-0.000949575,0.000238081,0.000559224,0.00199882,0.00119722,0.00104169,1.14701e-05,3.66737e-05,0.000954584,-0.00044168,0.00119722,0.0344627,0.00189252,-0.00193776,0.00103104,-0.000291531,0.00184039,0.00104169,0.00189252,0.0292462,9.92424e-05,-0.000120104,0.000108374,-0.000127263,1.14701e-05,-0.00193776,9.92424e-05,0.0467415,
0.0026055,-0.00070183,-0.00111179,-0.000949686,3.76571e-05,0.00103612,-0.000120211,-0.00070183,0.0019387,-0.00112889,0.000237895,0.000956693,-0.000291605,0.000108104,-0.00111179,-0.00112889,0.00314112,0.000558896,-0.000437042,0.00184503,-0.00012753,-0.000949686,0.000237895,0.000558896,0.00199713,0.00118958,0.00103292,1.28166e-05,3.76571e-05,0.000956693,-0.000437042,0.00118958,0.0344666,0.00189808,-0.00193481,0.00103612,-0.000291605,0.00184503,0.00103292,0.00189808,0.0292559,9.90691e-05,-0.000120211,0.000108104,-0.00012753,1.28166e-05,-0.00193481,9.90691e-05,0.046741,
0.00260761,-0.000702678,-0.00111127,-0.000949789,3.86002e-05,0.00104119,-0.000120314,-0.000702678,0.00193816,-0.00112913,0.000237697,0.000958803,-0.000291675,0.000107834,-0.00111127,-0.00112913,0.0031429,0.00055856,-0.00043245,0.00184963,-0.000127789,-0.000949789,0.000237697,0.00055856,0.00199545,0.00118194,0.00102414,1.41585e-05,3.86002e-05,0.000958803,-0.00043245,0.00118194,0.0344704,0.00190359,-0.00193184,0.00104119,-0.000291675,0.00184963,0.00102414,0.00190359,0.0292655,9.89053e-05,-0.000120314,0.000107834,-0.000127789,1.41585e-05,-0.00193184,9.89053e-05,0.0467405,
0.00260974,-0.000703532,-0.00111075,-0.000949885,3.9504e-05,0.00104623,-0.000120412,-0.000703532,0.00193762,-0.00112936,0.000237489,0.000960915,-0.000291739,0.000107563,-0.00111075,-0.00112936,0.00314467,0.000558217,-0.000427904,0.00185417,-0.000128038,-0.000949885,0.000237489,0.000558217,0.00199376,0.00117429,0.00101537,1.54957e-05,3.9504e-05,0.000960915,-0.000427904,0.00117428,0.0344742,0.00190906,-0.00192885,0.00104623,-0.000291739,0.00185417,0.00101537,0.00190906,0.0292749,9.87508e-05,-0.000120412,0.000107563,-0.000128038,1.54957e-05,-0.00192885,9.87508e-05,0.0467401,
0.00261189,-0.000704389,-0.00111024,-0.000949974,4.03696e-05,0.00105124,-0.000120505,-0.000704389,0.00193708,-0.00112958,0.000237271,0.000963026,-0.000291797,0.00010729,-0.00111024,-0.00112958,0.00314643,0.000557867,-0.000423406,0.00185868,-0.000128279,-0.000949974,0.000237271,0.000557867,0.00199208,0.00116662,0.00100661,1.68283e-05,4.03696e-05,0.000963026,-0.000423406,0.00116662,0.0344778,0.00191447,-0.00192586,0.00105124,-0.000291797,0.00185868,0.00100661,0.00191447,0.0292843,9.86052e-05,-0.000120505,0.00010729,-0.000128279,1.68283e-05,-0.00192586,9.86052e-05,0.0467396,
0.00261404,-0.00070525,-0.00110975,-0.000950058,4.11982e-05,0.00105623,-0.000120593,-0.00070525,0.00193655,-0.0011298,0.000237044,0.000965136,-0.000291849,0.000107017,-0.00110975,-0.0011298,0.00314819,0.00055751,-0.000418954,0.00186313,-0.00012851,-0.000950058,0.000237044,0.00055751,0.0019904,0.00115895,0.00099785,1.81563e-05,4.11982e-05,0.000965136,-0.000418954,0.00115895,0.0344813,0.00191984,-0.00192285,0.00105623,-0.000291849,0.00186313,0.00099785,0.00191984,0.0292936,9.84684e-05,-0.000120593,0.000107017,-0.00012851,1.81563e-05,-0.00192285,9.84684e-05,0.0467391,
0.00261621,-0.000706113,-0.00110925,-0.000950136,4.19904e-05,0.00106119,-0.000120677,-0.000706113,0.00193602,-0.00113001,0.00023681,0.000967246,-0.000291894,0.000106742,-0.00110925,-0.00113001,0.00314995,0.000557146,-0.000414549,0.00186755,-0.000128733,-0.000950136,0.00023681,0.000557146,0.00198873,0.00115126,0.000989095,1.94797e-05,4.19904e-05,0.000967246,-0.000414549,0.00115126,0.0344847,0.00192515,-0.00191984,0.00106119,-0.000291894,0.00186755,0.000989095,0.00192515,0.0293029,9.83399e-05,-0.000120677,0.000106742,-0.000128733,1.94797e-05,-0.00191984,9.83399e-05,0.0467386,
0.00261838,-0.000706979,-0.00110877,-0.000950211,4.27472e-05,0.00106612,-0.000120755,-0.000706979,0.00193549,-0.00113021,0.000236568,0.000969354,-0.000291932,0.000106467,-0.00110877,-0.00113021,0.0031517,0.000556775,-0.00041019,0.00187191,-0.000128948,-0.000950211,0.000236568,0.000556775,0.00198706,0.00114357,0.000980345,2.07984e-05,4.27472e-05,0.000969354,-0.00041019,0.00114357,0.034488,0.00193042,-0.00191681,0.00106612,-0.000291932,0.00187191,0.000980345,0.00193042,0.029312,9.82196e-05,-0.000120755,0.000106467,-0.000128948,2.07984e-05,-0.00191681,9.82196e-05,0.0467381,
0.00262056,-0.000707846,-0.00110829,-0.000950282,4.34692e-05,0.00107102,-0.000120828,-0.000707846,0.00193496,-0.00113041,0.000236319,0.00097146,-0.000291964,0.00010619,-0.00110829,-0.00113041,0.00315344,0.000556397,-0.000405878,0.00187624,-0.000129154,-0.000950282,0.000236319,0.000556397,0.0019854,0.00113588,0.000971601,2.21124e-05,4.34692e-05,0.00097146,-0.000405878,0.00113588,0.0344912,0.00193563,-0.00191377,0.00107102,-0.000291964,0.00187624,0.000971601,0.00193563,0.029321,9.81072e-05,-0.000120828,0.00010619,-0.000129154,2.21124e-05,-0.00191377,9.81072e-05,0.0467377,
0.00262275,-0.000708714,-0.00110781,-0.00095035,4.41573e-05,0.0010759,-0.000120896,-0.000708714,0.00193444,-0.00113061,0.000236064,0.000973564,-0.000291988,0.000105912,-0.00110781,-0.00113061,0.00315518,0.000556012,-0.000401613,0.00188052,-0.000129351,-0.00095035,0.000236064,0.000556012,0.00198374,0.00112817,0.000962862,2.34217e-05,4.41573e-05,0.000973564,-0.000401613,0.00112817,0.0344944,0.0019408,-0.00191072,0.0010759,-0.000291988,0.00188052,0.000962862,0.0019408,0.02933,9.80026e-05,-0.000120896,0.000105912,-0.000129351,2.34217e-05,-0.00191072,9.80026e-05,0.0467372,
0.00262495,-0.000709582,-0.00110734,-0.000950415,4.4812e-05,0.00108074,-0.000120959,-0.000709582,0.00193391,-0.0011308,0.000235803,0.000975666,-0.000292004,0.000105633,-0.00110734,-0.0011308,0.00315691,0.00055562,-0.000397394,0.00188476,-0.00012954,-0.000950415,0.000235803,0.00055562,0.00198209,0.00112046,0.000954129,2.47263e-05,4.4812e-05,0.000975666,-0.000397394,0.00112046,0.0344974,0.00194592,-0.00190766,0.00108074,-0.000292004,0.00188476,0.000954129,0.00194592,0.0293389,9.79054e-05,-0.000120959,0.000105633,-0.00012954,2.47263e-05,-0.00190766,9.79054e-05,0.0467367,
0.00262715,-0.000710451,-0.00110688,-0.000950478,4.54339e-05,0.00108555,-0.000121017,-0.000710451,0.00193339,-0.00113099,0.000235537,0.000977764,-0.000292012,0.000105354,-0.00110688,-0.00113099,0.00315864,0.000555221,-0.000393222,0.00188895,-0.000129721,-0.000950478,0.000235537,0.000555221,0.00198045,0.00111275,0.000945403,2.60261e-05,4.54339e-05,0.000977764,-0.000393222,0.00111275,0.0345004,0.00195098,-0.00190459,0.00108555,-0.000292012,0.00188895,0.000945403,0.00195098,0.0293476,9.78157e-05,-0.000121017,0.000105354,-0.000129721,2.60261e-05,-0.00190459,9.78157e-05,0.0467362,
0.00262935,-0.000711319,-0.00110642,-0.000950539,4.60236e-05,0.00109033,-0.00012107,-0.000711319,0.00193287,-0.00113117,0.000235266,0.00097986,-0.000292013,0.000105073,-0.00110642,-0.00113117,0.00316037,0.000554815,-0.000389096,0.00189311,-0.000129894,-0.000950539,0.000235266,0.000554815,0.00197881,0.00110503,0.000936684,2.73211e-05,4.60236e-05,0.00097986,-0.000389096,0.00110503,0.0345032,0.001956,-0.00190151,0.00109033,-0.000292013,0.00189311,0.000936684,0.001956,0.0293563,9.77331e-05,-0.00012107,0.000105073,-0.000129894,2.73211e-05,-0.00190151,9.77331e-05,0.0467357,
0.00263155,-0.000712187,-0.00110597,-0.000950598,4.65817e-05,0.00109508,-0.000121118,-0.000712187,0.00193235,-0.00113134,0.00023499,0.000981952,-0.000292006,0.000104791,-0.00110597,-0.00113134,0.00316208,0.000554402,-0.000385016,0.00189722,-0.000130058,-0.000950598,0.00023499,0.000554402,0.00197719,0.00109731,0.000927972,2.86113e-05,4.65817e-05,0.000981952,-0.000385016,0.00109731,0.034506,0.00196096,-0.00189842,0.00109508,-0.000292006,0.00189722,0.000927972,0.00196096,0.029365,9.76575e-05,-0.000121118,0.000104791,-0.000130058,2.86113e-05,-0.00189842,9.76575e-05,0.0467352,
0.00263376,-0.000713054,-0.00110552,-0.000950655,4.71085e-05,0.0010998,-0.000121161,-0.000713054,0.00193183,-0.00113152,0.00023471,0.00098404,-0.000291991,0.000104509,-0.00110552,-0.00113152,0.00316379,0.000553983,-0.000380982,0.00190128,-0.000130215,-0.000950655,0.00023471,0.000553983,0.00197557,0.00108959,0.000919268,2.98966e-05,4.71085e-05,0.00098404,-0.000380982,0.00108959,0.0345087,0.00196587,-0.00189532,0.0010998,-0.000291991,0.00190128,0.000919268,0.00196587,0.0293735,9.75887e-05,-0.000121161,0.000104509,-0.000130215,2.98966e-05,-0.00189532,9.75887e-05,0.0467347,
0.00263597,-0.00071392,-0.00110507,-0.000950712,4.76045e-05,0.00110449,-0.000121198,-0.00071392,0.00193131,-0.00113169,0.000234425,0.000986125,-0.000291967,0.000104225,-0.00110507,-0.00113169,0.0031655,0.000553557,-0.000376994,0.00190531,-0.000130363,-0.000950712,0.000234425,0.000553557,0.00197396,0.00108186,0.000910571,3.1177e-05,4.76045e-05,0.000986125,-0.000376994,0.00108186,0.0345113,0.00197073,-0.00189221,0.00110449,-0.000291967,0.00190531,0.000910571,0.00197073,0.0293819,9.75267e-05,-0.000121198,0.000104225,-0.000130363,3.1177e-05,-0.00189221,9.75267e-05,0.0467342,
0.00263818,-0.000714784,-0.00110463,-0.000950767,4.80702e-05,0.00110915,-0.000121231,-0.000714784,0.00193079,-0.00113185,0.000234137,0.000988205,-0.000291936,0.000103941,-0.00110463,-0.00113185,0.0031672,0.000553125,-0.000373052,0.0019093,-0.000130504,-0.000950767,0.000234137,0.000553125,0.00197236,0.00107414,0.000901882,3.24525e-05,4.80702e-05,0.000988205,-0.000373052,0.00107414,0.0345138,0.00197554,-0.0018891,0.00110915,-0.000291936,0.0019093,0.000901882,0.00197554,0.0293902,9.74712e-05,-0.000121231,0.000103941,-0.000130504,3.24525e-05,-0.0018891,9.74712e-05,0.0467337,
0.00264039,-0.000715647,-0.00110419,-0.000950821,4.8506e-05,0.00111377,-0.000121259,-0.000715647,0.00193027,-0.00113201,0.000233845,0.000990282,-0.000291896,0.000103656,-0.00110419,-0.00113201,0.00316889,0.000552686,-0.000369155,0.00191324,-0.000130637,-0.000950821,0.000233845,0.000552686,0.00197076,0.00106641,0.000893203,3.3723e-05,4.8506e-05,0.000990282,-0.000369155,0.00106641,0.0345162,0.0019803,-0.00188597,0.00111377,-0.000291896,0.00191324,0.000893203,0.0019803,0.0293985,9.74221e-05,-0.000121259,0.000103656,-0.000130637,3.3723e-05,-0.00188597,9.74221e-05,0.0467332,
0.0026426,-0.000716509,-0.00110375,-0.000950875,4.89123e-05,0.00111836,-0.000121281,-0.000716509,0.00192975,-0.00113217,0.00023355,0.000992353,-0.000291848,0.00010337,-0.00110375,-0.00113217,0.00317058,0.000552241,-0.000365303,0.00191714,-0.000130763,-0.000950875,0.00023355,0.000552241,0.00196918,0.00105868,0.000884532,3.49885e-05,4.89124e-05,0.000992353,-0.000365303,0.00105868,0.0345185,0.00198501,-0.00188284,0.00111836,-0.000291848,0.00191714,0.000884532,0.00198501,0.0294067,9.73793e-05,-0.000121281,0.00010337,-0.000130763,3.49885e-05,-0.00188284,9.73793e-05,0.0467327,
0.00264481,-0.000717368,-0.00110332,-0.000950928,4.92895e-05,0.00112292,-0.000121299,-0.000717368,0.00192924,-0.00113233,0.000233252,0.000994421,-0.000291792,0.000103083,-0.00110332,-0.00113233,0.00317226,0.00055179,-0.000361496,0.00192101,-0.00013088,-0.000950928,0.000233252,0.00055179,0.00196761,0.00105095,0.00087587,3.62489e-05,4.92895e-05,0.000994421,-0.000361496,0.00105095,0.0345207,0.00198966,-0.00187969,0.00112292,-0.000291792,0.00192101,0.00087587,0.00198966,0.0294148,9.73426e-05,-0.000121299,0.000103083,-0.00013088,3.62489e-05,-0.00187969,9.73426e-05,0.0467322,
0.00264702,-0.000718226,-0.0011029,-0.000950981,4.96379e-05,0.00112745,-0.000121312,-0.000718226,0.00192872,-0.00113248,0.00023295,0.000996483,-0.000291728,0.000102795,-0.0011029,-0.00113248,0.00317394,0.000551333,-0.000357734,0.00192483,-0.000130991,-0.000950981,0.00023295,0.000551333,0.00196605,0.00104323,0.000867218,3.75042e-05,4.96379e-05,0.000996483,-0.000357734,0.00104323,0.0345229,0.00199427,-0.00187654,0.00112745,-0.000291728,0.00192483,0.000867218,0.00199427,0.0294228,9.7312e-05,-0.000121312,0.000102795,-0.000130991,3.75042e-05,-0.00187654,9.7312e-05,0.0467317,
0.00264923,-0.000719081,-0.00110247,-0.000951034,4.99578e-05,0.00113194,-0.00012132,-0.000719081,0.00192821,-0.00113263,0.000232646,0.000998541,-0.000291655,0.000102507,-0.00110247,-0.00113263,0.00317561,0.00055087,-0.000354017,0.00192861,-0.000131094,-0.000951034,0.000232646,0.00055087,0.00196449,0.0010355,0.000858575,3.87543e-05,4.99578e-05,0.000998541,-0.000354017,0.0010355,0.0345249,0.00199882,-0.00187338,0.00113194,-0.000291655,0.00192861,0.000858575,0.00199882,0.0294307,9.72873e-05,-0.00012132,0.000102507,-0.000131094,3.87543e-05,-0.00187338,9.72873e-05,0.0467312,
0.00265143,-0.000719935,-0.00110205,-0.000951086,5.02496e-05,0.00113641,-0.000121323,-0.000719935,0.00192769,-0.00113277,0.000232338,0.00100059,-0.000291574,0.000102218,-0.00110205,-0.00113277,0.00317727,0.000550401,-0.000350345,0.00193235,-0.000131189,-0.000951086,0.000232338,0.000550401,0.00196295,0.00102778,0.000849943,3.99993e-05,5.02496e-05,0.00100059,-0.000350345,0.00102778,0.0345269,0.00200332,-0.00187022,0.00113641,-0.000291574,0.00193235,0.000849943,0.00200332,0.0294385,9.72684e-05,-0.000121323,0.000102218,-0.000131189,3.99993e-05,-0.00187022,9.72684e-05,0.0467307,
0.00265364,-0.000720786,-0.00110164,-0.000951138,5.05136e-05,0.00114084,-0.000121321,-0.000720786,0.00192718,-0.00113292,0.000232028,0.00100264,-0.000291486,0.000101928,-0.00110164,-0.00113292,0.00317893,0.000549927,-0.000346716,0.00193605,-0.000131277,-0.000951138,0.000232028,0.000549927,0.00196142,0.00102005,0.000841322,4.12391e-05,5.05136e-05,0.00100264,-0.000346716,0.00102005,0.0345288,0.00200777,-0.00186704,0.00114084,-0.000291486,0.00193605,0.000841322,0.00200777,0.0294462,9.72551e-05,-0.000121321,0.000101928,-0.000131277,4.12391e-05,-0.00186704,9.72551e-05,0.0467302,
0.00265584,-0.000721635,-0.00110122,-0.000951189,5.07502e-05,0.00114524,-0.000121314,-0.000721635,0.00192667,-0.00113306,0.000231715,0.00100468,-0.000291389,0.000101638,-0.00110122,-0.00113306,0.00318058,0.000549446,-0.000343131,0.00193971,-0.000131358,-0.000951189,0.000231715,0.000549446,0.0019599,0.00101234,0.000832711,4.24736e-05,5.07502e-05,0.00100468,-0.000343131,0.00101234,0.0345306,0.00201216,-0.00186386,0.00114524,-0.000291389,0.00193971,0.000832711,0.00201216,0.0294539,9.72475e-05,-0.000121314,0.000101638,-0.000131358,4.24736e-05,-0.00186386,9.72475e-05,0.0467297,
0.00265804,-0.000722481,-0.00110081,-0.000951241,5.09595e-05,0.0011496,-0.000121303,-0.000722481,0.00192615,-0.00113319,0.000231399,0.00100672,-0.000291284,0.000101347,-0.00110081,-0.00113319,0.00318222,0.00054896,-0.000339591,0.00194333,-0.000131432,-0.000951241,0.000231399,0.00054896,0.00195839,0.00100462,0.000824112,4.37028e-05,5.09595e-05,0.00100672,-0.000339591,0.00100462,0.0345324,0.00201651,-0.00186068,0.0011496,-0.000291284,0.00194333,0.000824112,0.00201651,0.0294614,9.72454e-05,-0.000121303,0.000101347,-0.000131432,4.37028e-05,-0.00186068,9.72454e-05,0.0467292,
0.00266024,-0.000723325,-0.0011004,-0.000951292,5.11419e-05,0.00115393,-0.000121287,-0.000723325,0.00192564,-0.00113333,0.000231081,0.00100875,-0.000291171,0.000101055,-0.0011004,-0.00113333,0.00318386,0.000548469,-0.000336093,0.00194692,-0.000131499,-0.000951292,0.000231081,0.000548469,0.00195689,0.000996908,0.000815524,4.49267e-05,5.11419e-05,0.00100875,-0.000336093,0.000996908,0.034534,0.0020208,-0.00185748,0.00115393,-0.000291171,0.00194692,0.000815524,0.0020208,0.0294689,9.72487e-05,-0.000121287,0.000101055,-0.000131499,4.49267e-05,-0.00185748,9.72487e-05,0.0467287,
0.00266244,-0.000724167,-0.0011,-0.000951344,5.12977e-05,0.00115824,-0.000121266,-0.000724167,0.00192513,-0.00113346,0.000230761,0.00101078,-0.00029105,0.000100763,-0.0011,-0.00113346,0.0031855,0.000547972,-0.000332639,0.00195046,-0.000131559,-0.000951344,0.000230761,0.000547972,0.0019554,0.0009892,0.000806948,4.61452e-05,5.12977e-05,0.00101078,-0.000332639,0.0009892,0.0345356,0.00202504,-0.00185428,0.00115824,-0.00029105,0.00195046,0.000806948,0.00202504,0.0294763,9.72572e-05,-0.000121266,0.000100763,-0.000131559,4.61452e-05,-0.00185428,9.72572e-05,0.0467282,
0.00266463,-0.000725006,-0.0010996,-0.000951395,5.14272e-05,0.0011625,-0.000121241,-0.000725006,0.00192461,-0.00113359,0.000230438,0.0010128,-0.000290921,0.00010047,-0.0010996,-0.00113359,0.00318712,0.000547471,-0.000329228,0.00195397,-0.000131612,-0.000951395,0.000230438,0.000547471,0.00195392,0.000981497,0.000798385,4.73583e-05,5.14272e-05,0.0010128,-0.000329228,0.000981497,0.0345371,0.00202922,-0.00185107,0.0011625,-0.000290921,0.00195397,0.000798385,0.00202922,0.0294836,9.7271e-05,-0.000121241,0.00010047,-0.000131612,4.73583e-05,-0.00185107,9.7271e-05,0.0467277,
0.00266682,-0.000725842,-0.0010992,-0.000951446,5.15305e-05,0.00116674,-0.000121211,-0.000725842,0.0019241,-0.00113371,0.000230113,0.00101481,-0.000290784,0.000100177,-0.0010992,-0.00113371,0.00318874,0.000546964,-0.000325859,0.00195743,-0.000131658,-0.000951446,0.000230113,0.000546964,0.00195245,0.0009738,0.000789834,4.8566e-05,5.15305e-05,0.00101481,-0.000325859,0.0009738,0.0345385,0.00203336,-0.00184786,0.00116674,-0.000290784,0.00195743,0.000789834,0.00203336,0.0294908,9.72899e-05,-0.000121211,0.000100177,-0.000131658,4.8566e-05,-0.00184786,9.72899e-05,0.0467272,
0.00266901,-0.000726676,-0.0010988,-0.000951497,5.16081e-05,0.00117095,-0.000121176,-0.000726676,0.00192359,-0.00113383,0.000229785,0.00101682,-0.00029064,9.98833e-05,-0.0010988,-0.00113383,0.00319036,0.000546452,-0.000322533,0.00196086,-0.000131697,-0.000951497,0.000229785,0.000546452,0.00195099,0.000966108,0.000781296,4.97682e-05,5.16081e-05,0.00101682,-0.000322533,0.000966108,0.0345398,0.00203744,-0.00184464,0.00117095,-0.00029064,0.00196086,0.000781296,0.00203744,0.029498,9.73138e-05,-0.000121176,9.98833e-05,-0.000131697,4.97682e-05,-0.00184464,9.73138e-05,0.0467267,
0.00267119,-0.000727507,-0.00109841,-0.000951548,5.16601e-05,0.00117512,-0.000121137,-0.000727507,0.00192308,-0.00113395,0.000229455,0.00101882,-0.000290487,9.9589e-05,-0.00109841,-0.00113395,0.00319197,0.000545935,-0.000319249,0.00196425,-0.00013173,-0.000951548,0.000229455,0.000545935,0.00194955,0.000958422,0.000772771,5.09649e-05,5.16601e-05,0.00101882,-0.000319249,0.000958422,0.0345411,0.00204147,-0.00184141,0.00117512,-0.000290487,0.00196425,0.000772771,0.00204147,0.029505,9.73427e-05,-0.000121137,9.9589e-05,-0.00013173,5.09649e-05,-0.00184141,9.73427e-05,0.0467262,
0.00267337,-0.000728335,-0.00109802,-0.000951599,5.16868e-05,0.00117926,-0.000121094,-0.000728335,0.00192256,-0.00113407,0.000229123,0.00102082,-0.000290328,9.92942e-05,-0.00109802,-0.00113407,0.00319357,0.000545414,-0.000316007,0.00196761,-0.000131756,-0.000951599,0.000229123,0.000545414,0.00194811,0.000950742,0.000764259,5.2156e-05,5.16868e-05,0.00102082,-0.000316007,0.000950742,0.0345423,0.00204545,-0.00183818,0.00117926,-0.000290328,0.00196761,0.000764259,0.00204545,0.029512,9.73764e-05,-0.000121094,9.92942e-05,-0.000131756,5.2156e-05,-0.00183818,9.73764e-05,0.0467257,
0.00267555,-0.000729161,-0.00109763,-0.000951649,5.16885e-05,0.00118337,-0.000121046,-0.000729161,0.00192205,-0.00113418,0.000228789,0.00102281,-0.00029016,9.8999e-05,-0.00109763,-0.00113418,0.00319516,0.000544887,-0.000312807,0.00197092,-0.000131775,-0.000951649,0.000228789,0.000544887,0.00194668,0.00094307,0.000755762,5.33416e-05,5.16885e-05,0.00102281,-0.000312807,0.00094307,0.0345434,0.00204938,-0.00183495,0.00118337,-0.00029016,0.00197092,0.000755762,0.00204938,0.0295189,9.74149e-05,-0.000121046,9.8999e-05,-0.000131775,5.33416e-05,-0.00183495,9.74149e-05,0.0467252,
0.00267773,-0.000729984,-0.00109725,-0.0009517,5.16653e-05,0.00118744,-0.000120993,-0.000729984,0.00192154,-0.0011343,0.000228452,0.00102479,-0.000289986,9.87033e-05,-0.00109725,-0.0011343,0.00319675,0.000544357,-0.000309648,0.0019742,-0.000131788,-0.0009517,0.000228452,0.000544357,0.00194527,0.000935405,0.000747278,5.45216e-05,5.16653e-05,0.00102479,-0.000309648,0.000935405,0.0345444,0.00205325,-0.00183171,0.00118744,-0.000289986,0.0019742,0.000747278,0.00205325,0.0295257,9.74581e-05,-0.000120993,9.87033e-05,-0.000131788,5.45216e-05,-0.00183171,9.74581e-05,0.0467247,
0.0026799,-0.000730805,-0.00109687,-0.00095175,5.16176e-05,0.00119149,-0.000120937,-0.000730805,0.00192103,-0.00113441,0.000228114,0.00102677,-0.000289804,9.84073e-05,-0.00109687,-0.00113441,0.00319833,0.000543822,-0.00030653,0.00197744,-0.000131795,-0.00095175,0.000228114,0.000543822,0.00194387,0.000927747,0.000738809,5.5696e-05,5.16176e-05,0.00102677,-0.00030653,0.000927747,0.0345453,0.00205708,-0.00182846,0.00119149,-0.000289804,0.00197744,0.000738809,0.00205708,0.0295324,9.7506e-05,-0.000120937,9.84073e-05,-0.000131795,5.5696e-05,-0.00182846,9.7506e-05,0.0467242,
0.00268207,-0.000731623,-0.00109649,-0.0009518,5.15455e-05,0.0011955,-0.000120875,-0.000731623,0.00192052,-0.00113451,0.000227773,0.00102874,-0.000289614,9.81108e-05,-0.00109649,-0.00113451,0.00319991,0.000543282,-0.000303453,0.00198065,-0.000131795,-0.0009518,0.000227773,0.000543282,0.00194247,0.000920098,0.000730354,5.68647e-05,5.15455e-05,0.00102874,-0.000303453,0.000920098,0.0345462,0.00206085,-0.00182521,0.0011955,-0.000289614,0.00198065,0.000730354,0.00206085,0.029539,9.75584e-05,-0.000120875,9.81108e-05,-0.000131795,5.68647e-05,-0.00182521,9.75584e-05,0.0467237,
0.00268423,-0.000732438,-0.00109611,-0.00095185,5.14494e-05,0.00119949,-0.00012081,-0.000732438,0.00192001,-0.00113462,0.00022743,0.00103071,-0.000289417,9.7814e-05,-0.00109611,-0.00113462,0.00320148,0.000542738,-0.000300417,0.00198381,-0.000131789,-0.00095185,0.00022743,0.000542738,0.00194109,0.000912457,0.000721915,5.80277e-05,5.14494e-05,0.00103071,-0.000300417,0.000912457,0.034547,0.00206457,-0.00182195,0.00119949,-0.000289417,0.00198381,0.000721915,0.00206457,0.0295456,9.76152e-05,-0.00012081,9.7814e-05,-0.000131789,5.80277e-05,-0.00182195,9.76152e-05,0.0467232,
0.00268639,-0.00073325,-0.00109574,-0.0009519,5.13294e-05,0.00120344,-0.000120741,-0.00073325,0.0019195,-0.00113472,0.000227085,0.00103267,-0.000289214,9.75169e-05,-0.00109574,-0.00113472,0.00320304,0.000542191,-0.000297421,0.00198694,-0.000131777,-0.0009519,0.000227085,0.000542191,0.00193972,0.000904826,0.00071349,5.9185e-05,5.13294e-05,0.00103267,-0.000297421,0.000904826,0.0345477,0.00206823,-0.00181869,0.00120344,-0.000289214,0.00198694,0.00071349,0.00206823,0.029552,9.76765e-05,-0.000120741,9.75169e-05,-0.000131777,5.9185e-05,-0.00181869,9.76765e-05,0.0467227,
0.00268855,-0.00073406,-0.00109537,-0.000951949,5.11858e-05,0.00120736,-0.000120667,-0.00073406,0.00191899,-0.00113482,0.000226738,0.00103462,-0.000289003,9.72195e-05,-0.00109537,-0.00113482,0.0032046,0.000541639,-0.000294465,0.00199004,-0.000131759,-0.000951949,0.000226738,0.000541639,0.00193836,0.000897203,0.000705082,6.03366e-05,5.11858e-05,0.00103462,-0.000294465,0.000897203,0.0345484,0.00207185,-0.00181543,0.00120736,-0.000289003,0.00199004,0.000705082,0.00207185,0.0295584,9.7742e-05,-0.000120667,9.72195e-05,-0.000131759,6.03366e-05,-0.00181543,9.7742e-05,0.0467222,
0.00269071,-0.000734867,-0.001095,-0.000951998,5.10188e-05,0.00121125,-0.000120589,-0.000734867,0.00191848,-0.00113492,0.000226389,0.00103656,-0.000288785,9.69218e-05,-0.001095,-0.00113492,0.00320615,0.000541083,-0.000291548,0.00199309,-0.000131735,-0.000951998,0.000226389,0.000541083,0.00193701,0.00088959,0.000696689,6.14824e-05,5.10188e-05,0.00103656,-0.000291548,0.00088959,0.034549,0.00207542,-0.00181216,0.00121125,-0.000288785,0.00199309,0.000696689,0.00207542,0.0295647,9.78119e-05,-0.000120589,9.69218e-05,-0.000131735,6.14824e-05,-0.00181216,9.78118e-05,0.0467217,
0.00269286,-0.000735672,-0.00109464,-0.000952047,5.08286e-05,0.00121511,-0.000120508,-0.000735672,0.00191797,-0.00113502,0.000226038,0.0010385,-0.00028856,9.66239e-05,-0.00109464,-0.00113502,0.00320769,0.000540524,-0.000288672,0.00199612,-0.000131705,-0.000952047,0.000226038,0.000540524,0.00193567,0.000881987,0.000688312,6.26224e-05,5.08286e-05,0.0010385,-0.000288672,0.000881987,0.0345495,0.00207893,-0.00180889,0.00121511,-0.00028856,0.00199612,0.000688312,0.00207893,0.029571,9.78859e-05,-0.000120508,9.66239e-05,-0.000131705,6.26224e-05,-0.00180889,9.78859e-05,0.0467212,
0.002695,-0.000736473,-0.00109428,-0.000952095,5.06155e-05,0.00121894,-0.000120422,-0.000736473,0.00191746,-0.00113511,0.000225684,0.00104043,-0.000288329,9.63257e-05,-0.00109428,-0.00113511,0.00320923,0.00053996,-0.000285834,0.0019991,-0.000131669,-0.000952095,0.000225684,0.00053996,0.00193434,0.000874395,0.000679951,6.37566e-05,5.06155e-05,0.00104043,-0.000285834,0.000874395,0.03455,0.00208239,-0.00180561,0.00121894,-0.000288329,0.0019991,0.000679951,0.00208239,0.0295771,9.7964e-05,-0.000120422,9.63257e-05,-0.000131669,6.37566e-05,-0.00180561,9.7964e-05,0.0467207,
0.00269715,-0.000737273,-0.00109392,-0.000952143,5.03796e-05,0.00122273,-0.000120332,-0.000737273,0.00191695,-0.0011352,0.000225329,0.00104236,-0.000288091,9.60273e-05,-0.00109392,-0.0011352,0.00321076,0.000539394,-0.000283035,0.00200205,-0.000131627,-0.000952143,0.000225329,0.000539394,0.00193303,0.000866813,0.000671607,6.4885e-05,5.03796e-05,0.00104236,-0.000283035,0.000866813,0.0345503,0.0020858,-0.00180234,0.00122273,-0.000288091,0.00200205,0.000671607,0.0020858,0.0295832,9.80461e-05,-0.000120332,9.60273e-05,-0.000131627,6.4885e-05,-0.00180234,9.80461e-05,0.0467202,
0.00269928,-0.000738069,-0.00109356,-0.00095219,5.01213e-05,0.0012265,-0.000120238,-0.000738069,0.00191644,-0.00113529,0.000224971,0.00104428,-0.000287846,9.57287e-05,-0.00109356,-0.00113529,0.00321229,0.000538823,-0.000280275,0.00200497,-0.000131579,-0.00095219,0.000224971,0.000538823,0.00193172,0.000859242,0.00066328,6.60075e-05,5.01213e-05,0.00104428,-0.000280275,0.000859242,0.0345506,0.00208916,-0.00179905,0.0012265,-0.000287846,0.00200497,0.00066328,0.00208916,0.0295892,9.81323e-05,-0.000120238,9.57287e-05,-0.000131579,6.60075e-05,-0.00179905,9.81323e-05,0.0467197,
0.00270142,-0.000738863,-0.00109321,-0.000952237,4.98407e-05,0.00123024,-0.000120141,-0.000738863,0.00191593,-0.00113538,0.000224612,0.00104619,-0.000287594,9.54299e-05,-0.00109321,-0.00113538,0.00321381,0.00053825,-0.000277553,0.00200785,-0.000131526,-0.000952237,0.000224612,0.00053825,0.00193043,0.000851683,0.000654971,6.71242e-05,4.98407e-05,0.00104619,-0.000277553,0.000851683,0.0345509,0.00209247,-0.00179577,0.00123024,-0.000287594,0.00200785,0.000654971,0.00209247,0.0295951,9.82223e-05,-0.000120141,9.54299e-05,-0.000131526,6.71242e-05,-0.00179577,9.82223e-05,0.0467192,
0.00270355,-0.000739654,-0.00109285,-0.000952283,4.95381e-05,0.00123394,-0.000120039,-0.000739654,0.00191542,-0.00113546,0.00022425,0.0010481,-0.000287336,9.5131e-05,-0.00109285,-0.00113546,0.00321532,0.000537673,-0.00027487,0.0020107,-0.000131467,-0.000952283,0.00022425,0.000537673,0.00192914,0.000844135,0.000646678,6.82349e-05,4.95381e-05,0.0010481,-0.00027487,0.000844135,0.0345511,0.00209573,-0.00179248,0.00123394,-0.000287336,0.0020107,0.000646678,0.00209573,0.0296009,9.83162e-05,-0.000120039,9.5131e-05,-0.000131467,6.82349e-05,-0.00179248,9.83162e-05,0.0467187,
0.00270568,-0.000740443,-0.00109251,-0.000952328,4.92136e-05,0.00123762,-0.000119934,-0.000740443,0.00191491,-0.00113554,0.000223887,0.00104999,-0.000287072,9.48319e-05,-0.00109251,-0.00113554,0.00321683,0.000537093,-0.000272224,0.00201351,-0.000131403,-0.000952328,0.000223887,0.000537093,0.00192787,0.0008366,0.000638403,6.93398e-05,4.92136e-05,0.00104999,-0.000272224,0.0008366,0.0345512,0.00209894,-0.00178919,0.00123762,-0.000287072,0.00201351,0.000638403,0.00209894,0.0296067,9.84139e-05,-0.000119934,9.48319e-05,-0.000131403,6.93398e-05,-0.00178919,9.84139e-05,0.0467182,
0.0027078,-0.000741229,-0.00109216,-0.000952373,4.88675e-05,0.00124127,-0.000119825,-0.000741229,0.0019144,-0.00113562,0.000223521,0.00105188,-0.000286802,9.45328e-05,-0.00109216,-0.00113562,0.00321833,0.000536509,-0.000269616,0.00201628,-0.000131333,-0.000952373,0.000223521,0.000536509,0.0019266,0.000829076,0.000630146,7.04388e-05,4.88675e-05,0.00105188,-0.000269616,0.000829076,0.0345512,0.0021021,-0.0017859,0.00124127,-0.000286802,0.00201628,0.000630146,0.0021021,0.0296123,9.85152e-05,-0.000119825,9.45328e-05,-0.000131333,7.04387e-05,-0.0017859,9.85152e-05,0.0467177,
0.00270992,-0.000742012,-0.00109182,-0.000952417,4.85e-05,0.00124489,-0.000119712,-0.000742012,0.00191389,-0.0011357,0.000223153,0.00105377,-0.000286525,9.42335e-05,-0.00109182,-0.0011357,0.00321982,0.000535923,-0.000267045,0.00201903,-0.000131258,-0.000952417,0.000223153,0.000535923,0.00192535,0.000821566,0.000621907,7.15318e-05,4.85e-05,0.00105377,-0.000267045,0.000821566,0.0345512,0.0021052,-0.0017826,0.00124489,-0.000286525,0.00201903,0.000621907,0.0021052,0.0296179,9.86203e-05,-0.000119712,9.42335e-05,-0.000131258,7.15318e-05,-0.0017826,9.86203e-05,0.0467172,
