0.00292906,-4.67353e-05,-0.00204153,3.7512e-06,-0.000491211,-0.000368907,1.13789e-05,-4.67353e-05,0.00111339,-4.82765e-05,0.00109993,0.00029003,0.000305603,-2.73356e-05,-0.00204153,-4.82765e-05,0.00273535,-1.79879e-05,-0.000411654,-0.000395857,1.24146e-05,3.75119e-06,0.00109993,-1.79879e-05,0.00293758,-0.000616755,-0.0025132,3.95806e-06,-0.000491211,0.00029003,-0.000411654,-0.000616755,0.0326974,0.00200023,-0.00147981,-0.000368907,0.000305603,-0.000395857,-0.0025132,0.00200023,0.0290114,-0.000275722,1.13789e-05,-2.73356e-05,1.24146e-05,3.95805e-06,-0.00147981,-0.000275722,0.046674,
0.00292811,-4.6686e-05,-0.0020418,3.7374e-06,-0.000491226,-0.000369104,1.14164e-05,-4.6686e-05,0.00111338,-4.82792e-05,0.00109981,0.000289809,0.000305094,-2.73349e-05,-0.0020418,-4.82792e-05,0.0027361,-1.79008e-05,-0.000412397,-0.000395957,1.24433e-05,3.7374e-06,0.00109981,-1.79008e-05,0.00293731,-0.000616529,-0.00251332,3.93666e-06,-0.000491226,0.000289809,-0.000412397,-0.000616529,0.0326944,0.00199988,-0.00147924,-0.000369104,0.000305094,-0.000395957,-0.00251332,0.00199988,0.0290104,-0.000275755,1.14164e-05,-2.73349e-05,1.24433e-05,3.93666e-06,-0.00147924,-0.000275755,0.046674,
0.00292721,-4.66407e-05,-0.00204206,3.71292e-06,-0.000491154,-0.000369214,1.1441e-05,-4.66407e-05,0.00111336,-4.82842e-05,0.00109972,0.000289635,0.000304687,-2.73366e-05,-0.00204206,-4.82842e-05,0.00273682,-1.78298e-05,-0.000413012,-0.00039598,1.24606e-05,3.71293e-06,0.00109972,-1.78298e-05,0.00293709,-0.000616357,-0.00251341,3.92139e-06,-0.000491154,0.000289635,-0.000413012,-0.000616357,0.0326919,0.00199956,-0.00147882,-0.000369214,0.000304687,-0.00039598,-0.00251341,0.00199956,0.0290096,-0.000275819,1.1441e-05,-2.73366e-05,1.24606e-05,3.92139e-06,-0.00147882,-0.000275819,0.0466739,
0.00292639,-4.65992e-05,-0.0020423,3.68619e-06,-0.000491036,-0.000369288,1.14557e-05,-4.65992e-05,0.00111335,-4.82894e-05,0.00109964,0.000289493,0.000304354,-2.73404e-05,-0.0020423,-4.82894e-05,0.00273748,-1.77687e-05,-0.000413525,-0.000395975,1.24694e-05,3.68619e-06,0.00109964,-1.77687e-05,0.00293691,-0.000616225,-0.0025135,3.91044e-06,-0.000491036,0.000289493,-0.000413525,-0.000616225,0.0326898,0.00199927,-0.00147853,-0.000369288,0.000304354,-0.000395975,-0.0025135,0.00199927,0.0290089,-0.000275911,1.14557e-05,-2.73404e-05,1.24694e-05,3.91044e-06,-0.00147853,-0.000275911,0.0466738,
0.00292564,-4.65614e-05,-0.00204251,3.6604e-06,-0.000490903,-0.000369345,1.1463e-05,-4.65614e-05,0.00111334,-4.82943e-05,0.00109957,0.00028937,0.000304071,-2.73459e-05,-0.00204251,-4.82943e-05,0.00273808,-1.77146e-05,-0.000413965,-0.000395961,1.24719e-05,3.6604e-06,0.00109957,-1.77146e-05,0.00293676,-0.000616119,-0.00251357,3.90239e-06,-0.000490903,0.00028937,-0.000413965,-0.000616119,0.032688,0.001999,-0.00147833,-0.000369345,0.000304071,-0.000395961,-0.00251357,0.001999,0.0290084,-0.000276025,1.1463e-05,-2.73459e-05,1.24719e-05,3.90239e-06,-0.00147833,-0.000276025,0.0466738,
0.00292497,-4.65269e-05,-0.0020427,3.63661e-06,-0.00049077,-0.000369393,1.14646e-05,-4.65269e-05,0.00111333,-4.82985e-05,0.00109951,0.000289263,0.000303826,-2.73528e-05,-0.0020427,-4.82985e-05,0.00273862,-1.7666e-05,-0.000414349,-0.000395945,1.24695e-05,3.63661e-06,0.00109951,-1.7666e-05,0.00293662,-0.00061603,-0.00251363,3.89643e-06,-0.00049077,0.000289263,-0.000414349,-0.00061603,0.0326864,0.00199875,-0.00147821,-0.000369393,0.000303826,-0.000395945,-0.00251363,0.00199875,0.0290079,-0.000276158,1.14646e-05,-2.73528e-05,1.24695e-05,3.89643e-06,-0.00147821,-0.000276158,0.0466737,
0.00292436,-4.64954e-05,-0.00204288,3.61507e-06,-0.000490644,-0.000369434,1.14615e-05,-4.64954e-05,0.00111333,-4.83021e-05,0.00109946,0.000289168,0.00030361,-2.7361e-05,-0.00204288,-4.83021e-05,0.00273911,-1.76222e-05,-0.00041469,-0.000395929,1.24631e-05,3.61506e-06,0.00109946,-1.76222e-05,0.0029365,-0.000615953,-0.00251368,3.89208e-06,-0.000490644,0.000289168,-0.00041469,-0.000615953,0.032685,0.0019985,-0.00147814,-0.000369434,0.00030361,-0.000395929,-0.00251368,0.0019985,0.0290075,-0.000276308,1.14615e-05,-2.7361e-05,1.24631e-05,3.89208e-06,-0.00147814,-0.000276308,0.0466737,
0.00292381,-4.64667e-05,-0.00204303,3.5957e-06,-0.000490527,-0.000369469,1.14545e-05,-4.64667e-05,0.00111332,-4.83051e-05,0.00109941,0.000289083,0.000303417,-2.73703e-05,-0.00204303,-4.83051e-05,0.00273955,-1.75826e-05,-0.000414993,-0.000395913,1.24533e-05,3.5957e-06,0.00109941,-1.75826e-05,0.00293639,-0.000615887,-0.00251373,3.88905e-06,-0.000490527,0.000289083,-0.000414993,-0.000615887,0.0326838,0.00199827,-0.00147812,-0.000369469,0.000303417,-0.000395913,-0.00251373,0.00199827,0.0290072,-0.000276473,1.14545e-05,-2.73703e-05,1.24533e-05,3.88905e-06,-0.00147812,-0.000276473,0.0466736,
0.00292332,-4.64406e-05,-0.00204317,3.57834e-06,-0.000490421,-0.0003695,1.14439e-05,-4.64406e-05,0.00111331,-4.83076e-05,0.00109937,0.000289007,0.000303243,-2.73807e-05,-0.00204317,-4.83076e-05,0.00273995,-1.75468e-05,-0.000415266,-0.000395898,1.24406e-05,3.57834e-06,0.00109937,-1.75468e-05,0.00293629,-0.00061583,-0.00251377,3.88716e-06,-0.000490421,0.000289007,-0.000415266,-0.00061583,0.0326826,0.00199805,-0.00147814,-0.0003695,0.000303243,-0.000395898,-0.00251377,0.00199805,0.0290069,-0.000276651,1.14439e-05,-2.73807e-05,1.24406e-05,3.88716e-06,-0.00147814,-0.000276651,0.0466735,
0.00292287,-4.64168e-05,-0.00204329,3.5628e-06,-0.000490325,-0.000369526,1.14303e-05,-4.64168e-05,0.00111331,-4.83097e-05,0.00109933,0.000288938,0.000303086,-2.7392e-05,-0.00204329,-4.83097e-05,0.0027403,-1.75145e-05,-0.00041551,-0.000395883,1.24253e-05,3.5628e-06,0.00109933,-1.75145e-05,0.0029362,-0.000615779,-0.0025138,3.88626e-06,-0.000490325,0.000288938,-0.00041551,-0.000615779,0.0326815,0.00199783,-0.0014782,-0.000369526,0.000303086,-0.000395883,-0.0025138,0.00199783,0.0290067,-0.000276842,1.14303e-05,-2.7392e-05,1.24253e-05,3.88626e-06,-0.0014782,-0.000276842,0.0466734,
0.00292248,-4.63951e-05,-0.00204341,3.54886e-06,-0.000490239,-0.000369549,1.14139e-05,-4.63951e-05,0.0011133,-4.83113e-05,0.00109929,0.000288877,0.000302944,-2.74041e-05,-0.00204341,-4.83113e-05,0.00274063,-1.74852e-05,-0.000415731,-0.000395868,1.24076e-05,3.54886e-06,0.00109929,-1.74852e-05,0.00293612,-0.000615734,-0.00251383,3.88622e-06,-0.000490239,0.000288877,-0.000415731,-0.000615734,0.0326806,0.00199762,-0.00147829,-0.000369549,0.000302944,-0.000395868,-0.00251383,0.00199762,0.0290065,-0.000277045,1.14139e-05,-2.74041e-05,1.24076e-05,3.88622e-06,-0.00147829,-0.000277045,0.0466734,
0.00292212,-4.63754e-05,-0.00204351,3.53637e-06,-0.000490162,-0.000369568,1.13951e-05,-4.63754e-05,0.0011133,-4.83126e-05,0.00109926,0.000288822,0.000302816,-2.74169e-05,-0.00204351,-4.83126e-05,0.00274091,-1.74587e-05,-0.00041593,-0.000395854,1.23878e-05,3.53637e-06,0.00109926,-1.74587e-05,0.00293605,-0.000615696,-0.00251385,3.88697e-06,-0.000490162,0.000288822,-0.00041593,-0.000615696,0.0326797,0.00199742,-0.00147841,-0.000369568,0.000302816,-0.000395854,-0.00251385,0.00199742,0.0290063,-0.000277257,1.13951e-05,-2.74169e-05,1.23878e-05,3.88697e-06,-0.00147841,-0.000277257,0.0466733,
0.00292179,-4.63574e-05,-0.0020436,3.52515e-06,-0.000490093,-0.000369584,1.13741e-05,-4.63574e-05,0.00111329,-4.83136e-05,0.00109923,0.000288772,0.000302699,-2.74305e-05,-0.0020436,-4.83136e-05,0.00274117,-1.74347e-05,-0.000416109,-0.00039584,1.23661e-05,3.52515e-06,0.00109923,-1.74347e-05,0.00293598,-0.000615662,-0.00251387,3.88842e-06,-0.000490093,0.000288772,-0.000416109,-0.000615662,0.0326788,0.00199722,-0.00147856,-0.000369584,0.000302699,-0.00039584,-0.00251387,0.00199722,0.0290061,-0.000277478,1.13741e-05,-2.74305e-05,1.23661e-05,3.88842e-06,-0.00147856,-0.000277478,0.0466732,
0.0029215,-4.6341e-05,-0.00204368,3.51505e-06,-0.000490031,-0.000369598,1.13511e-05,-4.6341e-05,0.00111329,-4.83144e-05,0.00109921,0.000288727,0.000302592,-2.74446e-05,-0.00204368,-4.83144e-05,0.00274141,-1.74131e-05,-0.000416272,-0.000395827,1.23428e-05,3.51505e-06,0.00109921,-1.74131e-05,0.00293593,-0.000615632,-0.00251388,3.89048e-06,-0.000490031,0.000288727,-0.000416272,-0.000615632,0.032678,0.00199702,-0.00147873,-0.000369598,0.000302592,-0.000395827,-0.00251388,0.00199702,0.029006,-0.000277708,1.13511e-05,-2.74446e-05,1.23428e-05,3.89048e-06,-0.00147873,-0.000277708,0.0466731,
0.00292124,-4.63261e-05,-0.00204375,3.50596e-06,-0.000489975,-0.000369609,1.13263e-05,-4.63261e-05,0.00111329,-4.8315e-05,0.00109918,0.000288687,0.000302495,-2.74593e-05,-0.00204375,-4.8315e-05,0.00274162,-1.73935e-05,-0.000416419,-0.000395813,1.23179e-05,3.50596e-06,0.00109918,-1.73935e-05,0.00293587,-0.000615606,-0.0025139,3.89311e-06,-0.000489975,0.000288687,-0.000416419,-0.000615606,0.0326773,0.00199683,-0.00147892,-0.000369609,0.000302495,-0.000395813,-0.0025139,0.00199683,0.0290059,-0.000277945,1.13263e-05,-2.74593e-05,1.23179e-05,3.89311e-06,-0.00147892,-0.000277945,0.0466731,
0.002921,-4.63125e-05,-0.00204382,3.49776e-06,-0.000489926,-0.000369619,1.13e-05,-4.63125e-05,0.00111328,-4.83154e-05,0.00109916,0.000288651,0.000302406,-2.74745e-05,-0.00204382,-4.83154e-05,0.00274181,-1.73758e-05,-0.000416552,-0.0003958,1.22916e-05,3.49776e-06,0.00109916,-1.73758e-05,0.00293583,-0.000615583,-0.00251391,3.89625e-06,-0.000489926,0.000288651,-0.000416552,-0.000615583,0.0326766,0.00199664,-0.00147913,-0.000369619,0.000302406,-0.0003958,-0.00251391,0.00199664,0.0290058,-0.000278189,1.13e-05,-2.74745e-05,1.22916e-05,3.89625e-06,-0.00147913,-0.000278189,0.046673,
0.00292079,-4.63001e-05,-0.00204388,3.49035e-06,-0.000489882,-0.000369626,1.12721e-05,-4.63001e-05,0.00111328,-4.83157e-05,0.00109915,0.000288618,0.000302325,-2.74902e-05,-0.00204388,-4.83157e-05,0.00274199,-1.73598e-05,-0.000416673,-0.000395788,1.22641e-05,3.49035e-06,0.00109915,-1.73598e-05,0.00293578,-0.000615564,-0.00251391,3.89983e-06,-0.000489882,0.000288618,-0.000416673,-0.000615564,0.032676,0.00199645,-0.00147936,-0.000369626,0.000302325,-0.000395788,-0.00251391,0.00199645,0.0290057,-0.000278439,1.12721e-05,-2.74902e-05,1.22641e-05,3.89983e-06,-0.00147936,-0.000278439,0.0466729,
0.00292059,-4.62887e-05,-0.00204393,3.48363e-06,-0.000489843,-0.000369632,1.1243e-05,-4.62887e-05,0.00111328,-4.83158e-05,0.00109913,0.000288589,0.00030225,-2.75063e-05,-0.00204393,-4.83158e-05,0.00274214,-1.73452e-05,-0.000416783,-0.000395775,1.22354e-05,3.48363e-06,0.00109913,-1.73452e-05,0.00293575,-0.000615547,-0.00251392,3.90382e-06,-0.000489843,0.000288589,-0.000416783,-0.000615547,0.0326754,0.00199626,-0.0014796,-0.000369632,0.00030225,-0.000395775,-0.00251392,0.00199626,0.0290057,-0.000278695,1.1243e-05,-2.75063e-05,1.22354e-05,3.90382e-06,-0.0014796,-0.000278695,0.0466728,
0.00292042,-4.62784e-05,-0.00204398,3.47754e-06,-0.000489808,-0.000369636,1.12127e-05,-4.62784e-05,0.00111328,-4.83159e-05,0.00109911,0.000288562,0.000302181,-2.75228e-05,-0.00204398,-4.83159e-05,0.00274228,-1.73321e-05,-0.000416884,-0.000395762,1.22057e-05,3.47754e-06,0.00109911,-1.73321e-05,0.00293571,-0.000615533,-0.00251392,3.90818e-06,-0.000489808,0.000288562,-0.000416884,-0.000615533,0.0326748,0.00199608,-0.00147986,-0.000369636,0.000302181,-0.000395762,-0.00251392,0.00199608,0.0290056,-0.000278956,1.12127e-05,-2.75228e-05,1.22057e-05,3.90818e-06,-0.00147986,-0.000278956,0.0466727,
0.00292026,-4.62689e-05,-0.00204402,3.472e-06,-0.000489778,-0.000369639,1.11813e-05,-4.62689e-05,0.00111327,-4.83159e-05,0.0010991,0.000288538,0.000302118,-2.75396e-05,-0.00204402,-4.83159e-05,0.00274241,-1.73202e-05,-0.000416975,-0.00039575,1.21751e-05,3.472e-06,0.0010991,-1.73202e-05,0.00293568,-0.000615521,-0.00251392,3.91287e-06,-0.000489778,0.000288538,-0.000416975,-0.000615521,0.0326743,0.0019959,-0.00148013,-0.000369639,0.000302118,-0.00039575,-0.00251392,0.0019959,0.0290056,-0.000279221,1.11813e-05,-2.75396e-05,1.21751e-05,3.91287e-06,-0.00148013,-0.000279221,0.0466727,
0.00292011,-4.62603e-05,-0.00204406,3.46694e-06,-0.00048975,-0.00036964,1.1149e-05,-4.62603e-05,0.00111327,-4.83158e-05,0.00109909,0.000288517,0.000302059,-2.75567e-05,-0.00204406,-4.83158e-05,0.00274253,-1.73095e-05,-0.000417059,-0.000395738,1.21437e-05,3.46694e-06,0.00109909,-1.73095e-05,0.00293565,-0.000615511,-0.00251392,3.91785e-06,-0.00048975,0.000288517,-0.000417059,-0.000615511,0.0326738,0.00199572,-0.00148041,-0.00036964,0.000302059,-0.000395738,-0.00251392,0.00199572,0.0290056,-0.000279491,1.1149e-05,-2.75567e-05,1.21437e-05,3.91785e-06,-0.00148041,-0.000279491,0.0466726,
0.00291998,-4.62523e-05,-0.0020441,3.46233e-06,-0.000489726,-0.000369641,1.11158e-05,-4.62523e-05,0.00111327,-4.83157e-05,0.00109908,0.000288497,0.000302005,-2.75741e-05,-0.0020441,-4.83157e-05,0.00274264,-1.72997e-05,-0.000417135,-0.000395726,1.21115e-05,3.46233e-06,0.00109908,-1.72997e-05,0.00293563,-0.000615502,-0.00251392,3.92311e-06,-0.000489726,0.000288497,-0.000417135,-0.000615502,0.0326733,0.00199554,-0.0014807,-0.000369641,0.000302005,-0.000395726,-0.00251392,0.00199554,0.0290056,-0.000279765,1.11158e-05,-2.75741e-05,1.21115e-05,3.92311e-06,-0.0014807,-0.000279765,0.0466725,
0.00291987,-4.6245e-05,-0.00204413,3.4581e-06,-0.000489705,-0.000369641,1.10818e-05,-4.6245e-05,0.00111327,-4.83155e-05,0.00109907,0.00028848,0.000301955,-2.75918e-05,-0.00204413,-4.83155e-05,0.00274273,-1.72908e-05,-0.000417205,-0.000395714,1.20786e-05,3.45809e-06,0.00109907,-1.72908e-05,0.0029356,-0.000615495,-0.00251392,3.9286e-06,-0.000489705,0.00028848,-0.000417205,-0.000615495,0.0326729,0.00199536,-0.001481,-0.000369641,0.000301955,-0.000395714,-0.00251392,0.00199536,0.0290056,-0.000280042,1.10818e-05,-2.75918e-05,1.20786e-05,3.9286e-06,-0.001481,-0.000280042,0.0466724,
0.00291976,-4.62383e-05,-0.00204416,3.45421e-06,-0.000489686,-0.000369639,1.10471e-05,-4.62383e-05,0.00111327,-4.83153e-05,0.00109906,0.000288464,0.000301908,-2.76097e-05,-0.00204416,-4.83153e-05,0.00274282,-1.72828e-05,-0.00041727,-0.000395703,1.20452e-05,3.45421e-06,0.00109906,-1.72828e-05,0.00293558,-0.00061549,-0.00251391,3.9343e-06,-0.000489686,0.000288464,-0.00041727,-0.00061549,0.0326724,0.00199518,-0.00148131,-0.000369639,0.000301908,-0.000395703,-0.00251391,0.00199518,0.0290056,-0.000280323,1.10471e-05,-2.76097e-05,1.20452e-05,3.9343e-06,-0.00148131,-0.000280323,0.0466723,
0.00291966,-4.62322e-05,-0.00204419,3.45063e-06,-0.00048967,-0.000369638,1.10118e-05,-4.62322e-05,0.00111327,-4.83151e-05,0.00109905,0.000288449,0.000301864,-2.76278e-05,-0.00204419,-4.83151e-05,0.0027429,-1.72755e-05,-0.000417329,-0.000395691,1.20111e-05,3.45063e-06,0.00109905,-1.72755e-05,0.00293556,-0.000615485,-0.00251391,3.94021e-06,-0.00048967,0.000288449,-0.000417329,-0.000615485,0.032672,0.00199501,-0.00148163,-0.000369638,0.000301864,-0.000395691,-0.00251391,0.00199501,0.0290056,-0.000280606,1.10118e-05,-2.76278e-05,1.20111e-05,3.94021e-06,-0.00148163,-0.000280606,0.0466722,
0.00291957,-4.62265e-05,-0.00204421,3.44732e-06,-0.000489656,-0.000369635,1.09759e-05,-4.62265e-05,0.00111326,-4.83148e-05,0.00109904,0.000288436,0.000301822,-2.76461e-05,-0.00204421,-4.83148e-05,0.00274297,-1.72689e-05,-0.000417384,-0.00039568,1.19766e-05,3.44732e-06,0.00109904,-1.72689e-05,0.00293555,-0.000615482,-0.0025139,3.94628e-06,-0.000489656,0.000288436,-0.000417384,-0.000615482,0.0326716,0.00199483,-0.00148195,-0.000369635,0.000301822,-0.00039568,-0.0025139,0.00199483,0.0290056,-0.000280892,1.09759e-05,-2.76461e-05,1.19766e-05,3.94628e-06,-0.00148195,-0.000280892,0.0466721,
0.00291949,-4.62213e-05,-0.00204423,3.44426e-06,-0.000489643,-0.000369632,1.09394e-05,-4.62213e-05,0.00111326,-4.83145e-05,0.00109904,0.000288425,0.000301784,-2.76646e-05,-0.00204423,-4.83145e-05,0.00274304,-1.72628e-05,-0.000417435,-0.000395669,1.19416e-05,3.44426e-06,0.00109904,-1.72628e-05,0.00293553,-0.00061548,-0.00251389,3.95252e-06,-0.000489643,0.000288425,-0.000417435,-0.00061548,0.0326712,0.00199466,-0.00148228,-0.000369632,0.000301784,-0.000395669,-0.00251389,0.00199466,0.0290057,-0.00028118,1.09394e-05,-2.76646e-05,1.19416e-05,3.95252e-06,-0.00148228,-0.00028118,0.0466721,
0.00291941,-4.62164e-05,-0.00204425,3.44141e-06,-0.000489633,-0.000369628,1.09025e-05,-4.62164e-05,0.00111326,-4.83142e-05,0.00109903,0.000288414,0.000301747,-2.76832e-05,-0.00204425,-4.83142e-05,0.0027431,-1.72573e-05,-0.000417482,-0.000395657,1.19062e-05,3.44141e-06,0.00109903,-1.72573e-05,0.00293552,-0.000615479,-0.00251389,3.9589e-06,-0.000489633,0.000288414,-0.000417482,-0.000615479,0.0326708,0.00199449,-0.00148262,-0.000369628,0.000301747,-0.000395657,-0.00251389,0.00199449,0.0290057,-0.000281471,1.09025e-05,-2.76832e-05,1.19062e-05,3.9589e-06,-0.00148262,-0.000281471,0.046672,
0.00291935,-4.62119e-05,-0.00204427,3.43875e-06,-0.000489623,-0.000369624,1.08652e-05,-4.62119e-05,0.00111326,-4.83139e-05,0.00109902,0.000288404,0.000301713,-2.7702e-05,-0.00204427,-4.83139e-05,0.00274316,-1.72523e-05,-0.000417526,-0.000395646,1.18704e-05,3.43875e-06,0.00109902,-1.72523e-05,0.0029355,-0.000615478,-0.00251388,3.96541e-06,-0.000489623,0.000288404,-0.000417526,-0.000615478,0.0326704,0.00199432,-0.00148296,-0.000369624,0.000301713,-0.000395646,-0.00251388,0.00199432,0.0290057,-0.000281764,1.08652e-05,-2.7702e-05,1.18704e-05,3.96541e-06,-0.00148296,-0.000281764,0.0466719,
0.00291928,-4.62077e-05,-0.00204429,3.43627e-06,-0.000489615,-0.00036962,1.08274e-05,-4.62077e-05,0.00111326,-4.83136e-05,0.00109902,0.000288396,0.00030168,-2.77209e-05,-0.00204429,-4.83136e-05,0.00274321,-1.72477e-05,-0.000417567,-0.000395635,1.18343e-05,3.43627e-06,0.00109902,-1.72477e-05,0.00293549,-0.000615478,-0.00251387,3.97203e-06,-0.000489615,0.000288396,-0.000417567,-0.000615478,0.0326701,0.00199414,-0.0014833,-0.00036962,0.00030168,-0.000395635,-0.00251387,0.00199414,0.0290058,-0.000282058,1.08274e-05,-2.77209e-05,1.18343e-05,3.97203e-06,-0.0014833,-0.000282058,0.0466718,
0.00291923,-4.62038e-05,-0.00204431,3.43394e-06,-0.000489609,-0.000369615,1.07894e-05,-4.62038e-05,0.00111326,-4.83133e-05,0.00109901,0.000288388,0.000301649,-2.774e-05,-0.00204431,-4.83133e-05,0.00274326,-1.72435e-05,-0.000417605,-0.000395624,1.17979e-05,3.43394e-06,0.00109901,-1.72435e-05,0.00293548,-0.000615479,-0.00251386,3.97876e-06,-0.000489609,0.000288388,-0.000417605,-0.000615479,0.0326697,0.00199397,-0.00148365,-0.000369615,0.000301649,-0.000395624,-0.00251386,0.00199397,0.0290058,-0.000282354,1.07894e-05,-2.774e-05,1.17979e-05,3.97876e-06,-0.00148365,-0.000282354,0.0466717,
0.00291917,-4.62002e-05,-0.00204432,3.43174e-06,-0.000489603,-0.000369609,1.0751e-05,-4.62002e-05,0.00111326,-4.83129e-05,0.00109901,0.00028838,0.000301619,-2.77591e-05,-0.00204432,-4.83129e-05,0.00274331,-1.72396e-05,-0.000417641,-0.000395614,1.17612e-05,3.43174e-06,0.00109901,-1.72396e-05,0.00293547,-0.00061548,-0.00251385,3.98558e-06,-0.000489603,0.00028838,-0.000417641,-0.00061548,0.0326694,0.0019938,-0.001484,-0.000369609,0.000301619,-0.000395614,-0.00251385,0.0019938,0.0290059,-0.000282652,1.0751e-05,-2.77591e-05,1.17612e-05,3.98558e-06,-0.001484,-0.000282652,0.0466716,
0.00291912,-4.61968e-05,-0.00204433,3.42967e-06,-0.000489598,-0.000369604,1.07123e-05,-4.61968e-05,0.00111326,-4.83126e-05,0.00109901,0.000288374,0.000301591,-2.77784e-05,-0.00204433,-4.83126e-05,0.00274335,-1.72361e-05,-0.000417675,-0.000395603,1.17242e-05,3.42967e-06,0.00109901,-1.72361e-05,0.00293546,-0.000615482,-0.00251384,3.99249e-06,-0.000489598,0.000288374,-0.000417675,-0.000615482,0.032669,0.00199363,-0.00148436,-0.000369604,0.000301591,-0.000395603,-0.00251384,0.00199363,0.0290059,-0.000282951,1.07123e-05,-2.77784e-05,1.17242e-05,3.99249e-06,-0.00148436,-0.000282951,0.0466715,
0.00291908,-4.61936e-05,-0.00204434,3.42771e-06,-0.000489595,-0.000369598,1.06733e-05,-4.61936e-05,0.00111326,-4.83123e-05,0.001099,0.000288368,0.000301563,-2.77977e-05,-0.00204434,-4.83123e-05,0.00274339,-1.72328e-05,-0.000417707,-0.000395592,1.1687e-05,3.42771e-06,0.001099,-1.72328e-05,0.00293545,-0.000615484,-0.00251382,3.99947e-06,-0.000489595,0.000288368,-0.000417707,-0.000615484,0.0326687,0.00199346,-0.00148472,-0.000369598,0.000301563,-0.000395592,-0.00251382,0.00199346,0.029006,-0.000283251,1.06733e-05,-2.77977e-05,1.1687e-05,3.99947e-06,-0.00148472,-0.000283251,0.0466714,
0.00291903,-4.61905e-05,-0.00204436,3.42584e-06,-0.000489592,-0.000369592,1.06342e-05,-4.61905e-05,0.00111325,-4.83119e-05,0.001099,0.000288362,0.000301537,-2.78171e-05,-0.00204436,-4.83119e-05,0.00274342,-1.72298e-05,-0.000417737,-0.000395581,1.16496e-05,3.42584e-06,0.001099,-1.72298e-05,0.00293544,-0.000615487,-0.00251381,4.00653e-06,-0.000489592,0.000288362,-0.000417737,-0.000615487,0.0326684,0.00199329,-0.00148508,-0.000369592,0.000301537,-0.000395581,-0.00251381,0.00199329,0.0290061,-0.000283553,1.06342e-05,-2.78171e-05,1.16496e-05,4.00653e-06,-0.00148508,-0.000283553,0.0466713,
0.00291899,-4.61877e-05,-0.00204437,3.42406e-06,-0.000489589,-0.000369586,1.05948e-05,-4.61877e-05,0.00111325,-4.83116e-05,0.001099,0.000288357,0.000301512,-2.78366e-05,-0.00204437,-4.83116e-05,0.00274346,-1.72271e-05,-0.000417766,-0.000395571,1.16121e-05,3.42406e-06,0.001099,-1.72271e-05,0.00293544,-0.00061549,-0.0025138,4.01364e-06,-0.000489589,0.000288357,-0.000417766,-0.00061549,0.032668,0.00199312,-0.00148545,-0.000369586,0.000301512,-0.000395571,-0.0025138,0.00199312,0.0290061,-0.000283855,1.05948e-05,-2.78366e-05,1.16121e-05,4.01364e-06,-0.00148545,-0.000283855,0.0466712,
0.00291896,-4.6185e-05,-0.00204438,3.42235e-06,-0.000489588,-0.000369579,1.05552e-05,-4.6185e-05,0.00111325,-4.83112e-05,0.00109899,0.000288353,0.000301487,-2.78562e-05,-0.00204438,-4.83112e-05,0.00274349,-1.72245e-05,-0.000417793,-0.00039556,1.15743e-05,3.42235e-06,0.00109899,-1.72245e-05,0.00293543,-0.000615493,-0.00251379,4.02082e-06,-0.000489588,0.000288353,-0.000417793,-0.000615493,0.0326677,0.00199295,-0.00148582,-0.000369579,0.000301487,-0.00039556,-0.00251379,0.00199295,0.0290062,-0.000284159,1.05552e-05,-2.78562e-05,1.15743e-05,4.02082e-06,-0.00148582,-0.000284159,0.0466712,
0.00291892,-4.61824e-05,-0.00204438,3.42072e-06,-0.000489586,-0.000369573,1.05154e-05,-4.61824e-05,0.00111325,-4.83109e-05,0.00109899,0.000288349,0.000301464,-2.78758e-05,-0.00204438,-4.83109e-05,0.00274352,-1.72221e-05,-0.00041782,-0.000395549,1.15364e-05,3.42072e-06,0.00109899,-1.72221e-05,0.00293542,-0.000615497,-0.00251378,4.02804e-06,-0.000489586,0.000288349,-0.00041782,-0.000615497,0.0326674,0.00199278,-0.00148618,-0.000369573,0.000301464,-0.000395549,-0.00251378,0.00199278,0.0290062,-0.000284463,1.05154e-05,-2.78758e-05,1.15364e-05,4.02804e-06,-0.00148618,-0.000284463,0.0466711,
0.00291889,-4.618e-05,-0.00204439,3.41914e-06,-0.000489586,-0.000369566,1.04755e-05,-4.618e-05,0.00111325,-4.83105e-05,0.00109899,0.000288345,0.00030144,-2.78955e-05,-0.00204439,-4.83105e-05,0.00274355,-1.72199e-05,-0.000417845,-0.000395539,1.14984e-05,3.41914e-06,0.00109899,-1.72199e-05,0.00293542,-0.000615501,-0.00251376,4.03531e-06,-0.000489586,0.000288345,-0.000417845,-0.000615501,0.0326671,0.00199261,-0.00148656,-0.000369566,0.00030144,-0.000395539,-0.00251376,0.00199261,0.0290063,-0.000284769,1.04755e-05,-2.78955e-05,1.14984e-05,4.03531e-06,-0.00148656,-0.000284769,0.046671,
0.00291886,-4.61777e-05,-0.0020444,3.41762e-06,-0.000489586,-0.000369559,1.04355e-05,-4.61777e-05,0.00111325,-4.83102e-05,0.00109899,0.000288341,0.000301418,-2.79153e-05,-0.0020444,-4.83102e-05,0.00274357,-1.72178e-05,-0.000417869,-0.000395528,1.14602e-05,3.41762e-06,0.00109899,-1.72178e-05,0.00293541,-0.000615505,-0.00251375,4.04262e-06,-0.000489586,0.000288341,-0.000417869,-0.000615505,0.0326668,0.00199244,-0.00148693,-0.000369559,0.000301418,-0.000395528,-0.00251375,0.00199244,0.0290064,-0.000285074,1.04355e-05,-2.79153e-05,1.14602e-05,4.04262e-06,-0.00148693,-0.000285074,0.0466709,
0.00291883,-4.61754e-05,-0.00204441,3.41615e-06,-0.000489586,-0.000369552,1.03953e-05,-4.61754e-05,0.00111325,-4.83098e-05,0.00109899,0.000288338,0.000301396,-2.7935e-05,-0.00204441,-4.83098e-05,0.0027436,-1.72159e-05,-0.000417892,-0.000395518,1.14219e-05,3.41615e-06,0.00109899,-1.72159e-05,0.00293541,-0.00061551,-0.00251374,4.04997e-06,-0.000489586,0.000288338,-0.000417892,-0.00061551,0.0326665,0.00199227,-0.0014873,-0.000369552,0.000301396,-0.000395518,-0.00251374,0.00199227,0.0290065,-0.000285381,1.03953e-05,-2.7935e-05,1.14219e-05,4.04997e-06,-0.0014873,-0.000285381,0.0466708,
0.0029188,-4.61733e-05,-0.00204441,3.41472e-06,-0.000489586,-0.000369545,1.0355e-05,-4.61733e-05,0.00111325,-4.83095e-05,0.00109898,0.000288335,0.000301374,-2.79549e-05,-0.00204441,-4.83095e-05,0.00274363,-1.72141e-05,-0.000417915,-0.000395507,1.13836e-05,3.41472e-06,0.00109898,-1.72141e-05,0.0029354,-0.000615514,-0.00251372,4.05736e-06,-0.000489586,0.000288335,-0.000417915,-0.000615514,0.0326662,0.0019921,-0.00148768,-0.000369545,0.000301374,-0.000395507,-0.00251372,0.0019921,0.0290065,-0.000285688,1.0355e-05,-2.79549e-05,1.13836e-05,4.05736e-06,-0.00148768,-0.000285688,0.0466707,
0.00291877,-4.61712e-05,-0.00204442,3.41333e-06,-0.000489587,-0.000369537,1.03146e-05,-4.61712e-05,0.00111325,-4.83091e-05,0.00109898,0.000288332,0.000301353,-2.79747e-05,-0.00204442,-4.83091e-05,0.00274365,-1.72123e-05,-0.000417936,-0.000395497,1.13451e-05,3.41333e-06,0.00109898,-1.72123e-05,0.0029354,-0.000615519,-0.00251371,4.06478e-06,-0.000489587,0.000288332,-0.000417936,-0.000615519,0.0326659,0.00199193,-0.00148806,-0.000369537,0.000301353,-0.000395497,-0.00251371,0.00199193,0.0290066,-0.000285996,1.03146e-05,-2.79747e-05,1.13451e-05,4.06478e-06,-0.00148806,-0.000285996,0.0466706,
0.00291875,-4.61692e-05,-0.00204443,3.41198e-06,-0.000489588,-0.00036953,1.0274e-05,-4.61692e-05,0.00111325,-4.83088e-05,0.00109898,0.000288329,0.000301333,-2.79947e-05,-0.00204443,-4.83088e-05,0.00274367,-1.72107e-05,-0.000417958,-0.000395487,1.13065e-05,3.41198e-06,0.00109898,-1.72107e-05,0.00293539,-0.000615524,-0.00251369,4.07222e-06,-0.000489588,0.000288329,-0.000417958,-0.000615524,0.0326656,0.00199177,-0.00148844,-0.00036953,0.000301333,-0.000395487,-0.00251369,0.00199177,0.0290067,-0.000286304,1.0274e-05,-2.79947e-05,1.13065e-05,4.07222e-06,-0.00148844,-0.000286304,0.0466705,
0.00291872,-4.61673e-05,-0.00204443,3.41066e-06,-0.00048959,-0.000369523,1.02334e-05,-4.61673e-05,0.00111325,-4.83084e-05,0.00109898,0.000288327,0.000301312,-2.80146e-05,-0.00204443,-4.83084e-05,0.00274369,-1.72092e-05,-0.000417978,-0.000395476,1.12679e-05,3.41066e-06,0.00109898,-1.72092e-05,0.00293539,-0.000615529,-0.00251368,4.07969e-06,-0.00048959,0.000288327,-0.000417978,-0.000615529,0.0326653,0.0019916,-0.00148882,-0.000369523,0.000301312,-0.000395476,-0.00251368,0.0019916,0.0290067,-0.000286613,1.02334e-05,-2.80146e-05,1.12679e-05,4.07969e-06,-0.00148882,-0.000286613,0.0466704,
0.0029187,-4.61654e-05,-0.00204444,3.40936e-06,-0.000489591,-0.000369515,1.01928e-05,-4.61654e-05,0.00111325,-4.83081e-05,0.00109898,0.000288324,0.000301292,-2.80346e-05,-0.00204444,-4.83081e-05,0.00274371,-1.72077e-05,-0.000417998,-0.000395466,1.12292e-05,3.40936e-06,0.00109898,-1.72077e-05,0.00293538,-0.000615534,-0.00251367,4.08718e-06,-0.000489591,0.000288324,-0.000417998,-0.000615534,0.032665,0.00199143,-0.0014892,-0.000369515,0.000301292,-0.000395466,-0.00251367,0.00199143,0.0290068,-0.000286922,1.01928e-05,-2.80346e-05,1.12292e-05,4.08718e-06,-0.0014892,-0.000286922,0.0466703,
0.00291868,-4.61636e-05,-0.00204444,3.40809e-06,-0.000489593,-0.000369508,1.0152e-05,-4.61636e-05,0.00111325,-4.83078e-05,0.00109898,0.000288322,0.000301272,-2.80546e-05,-0.00204444,-4.83078e-05,0.00274373,-1.72063e-05,-0.000418018,-0.000395456,1.11904e-05,3.40809e-06,0.00109898,-1.72063e-05,0.00293538,-0.000615539,-0.00251365,4.0947e-06,-0.000489593,0.000288322,-0.000418018,-0.000615539,0.0326647,0.00199126,-0.00148958,-0.000369508,0.000301272,-0.000395456,-0.00251365,0.00199126,0.0290069,-0.000287232,1.0152e-05,-2.80546e-05,1.11904e-05,4.0947e-06,-0.00148958,-0.000287232,0.0466702,
0.00291866,-4.61618e-05,-0.00204445,3.40684e-06,-0.000489595,-0.0003695,1.01112e-05,-4.61618e-05,0.00111325,-4.83074e-05,0.00109897,0.00028832,0.000301253,-2.80746e-05,-0.00204445,-4.83074e-05,0.00274375,-1.7205e-05,-0.000418037,-0.000395445,1.11516e-05,3.40684e-06,0.00109897,-1.7205e-05,0.00293538,-0.000615545,-0.00251364,4.10223e-06,-0.000489595,0.00028832,-0.000418037,-0.000615545,0.0326644,0.00199109,-0.00148996,-0.0003695,0.000301253,-0.000395445,-0.00251364,0.00199109,0.029007,-0.000287542,1.01112e-05,-2.80746e-05,1.11516e-05,4.10223e-06,-0.00148996,-0.000287542,0.0466701,
0.00291864,-4.61601e-05,-0.00204445,3.40561e-06,-0.000489597,-0.000369493,1.00704e-05,-4.61601e-05,0.00111325,-4.83071e-05,0.00109897,0.000288318,0.000301233,-2.80946e-05,-0.00204445,-4.83071e-05,0.00274377,-1.72037e-05,-0.000418056,-0.000395435,1.11127e-05,3.40561e-06,0.00109897,-1.72037e-05,0.00293537,-0.00061555,-0.00251362,4.10978e-06,-0.000489597,0.000288318,-0.000418056,-0.00061555,0.0326641,0.00199092,-0.00149034,-0.000369493,0.000301233,-0.000395435,-0.00251362,0.00199092,0.029007,-0.000287852,1.00704e-05,-2.80946e-05,1.11127e-05,4.10978e-06,-0.00149034,-0.000287852,0.04667,
0.00291862,-4.61584e-05,-0.00204446,3.4044e-06,-0.0004896,-0.000369485,1.00294e-05,-4.61584e-05,0.00111325,-4.83067e-05,0.00109897,0.000288316,0.000301214,-2.81147e-05,-0.00204446,-4.83067e-05,0.00274379,-1.72025e-05,-0.000418074,-0.000395425,1.10738e-05,3.4044e-06,0.00109897,-1.72025e-05,0.00293537,-0.000615556,-0.00251361,4.11735e-06,-0.0004896,0.000288316,-0.000418074,-0.000615556,0.0326638,0.00199075,-0.00149073,-0.000369485,0.000301214,-0.000395425,-0.00251361,0.00199075,0.0290071,-0.000288163,1.00294e-05,-2.81147e-05,1.10738e-05,4.11735e-06,-0.00149073,-0.000288163,0.0466699,
0.0029186,-4.61567e-05,-0.00204446,3.40321e-06,-0.000489602,-0.000369477,9.98847e-06,-4.61567e-05,0.00111324,-4.83064e-05,0.00109897,0.000288314,0.000301195,-2.81348e-05,-0.00204446,-4.83064e-05,0.00274381,-1.72013e-05,-0.000418093,-0.000395414,1.10348e-05,3.40321e-06,0.00109897,-1.72013e-05,0.00293537,-0.000615561,-0.00251359,4.12493e-06,-0.000489602,0.000288314,-0.000418093,-0.000615561,0.0326635,0.00199059,-0.00149111,-0.000369477,0.000301195,-0.000395414,-0.00251359,0.00199059,0.0290072,-0.000288474,9.98847e-06,-2.81348e-05,1.10348e-05,4.12493e-06,-0.00149111,-0.000288474,0.0466698,
0.00291858,-4.6155e-05,-0.00204447,3.40202e-06,-0.000489604,-0.00036947,9.94747e-06,-4.6155e-05,0.00111324,-4.8306e-05,0.00109897,0.000288313,0.000301177,-2.81549e-05,-0.00204447,-4.8306e-05,0.00274383,-1.72002e-05,-0.000418111,-0.000395404,1.09958e-05,3.40202e-06,0.00109897,-1.72002e-05,0.00293536,-0.000615567,-0.00251358,4.13253e-06,-0.000489604,0.000288313,-0.000418111,-0.000615567,0.0326632,0.00199042,-0.0014915,-0.00036947,0.000301177,-0.000395404,-0.00251358,0.00199042,0.0290073,-0.000288785,9.94747e-06,-2.81549e-05,1.09958e-05,4.13253e-06,-0.0014915,-0.000288785,0.0466697,
0.00291856,-4.61534e-05,-0.00204447,3.40085e-06,-0.000489607,-0.000369462,9.90642e-06,-4.61534e-05,0.00111324,-4.83057e-05,0.00109897,0.000288311,0.000301158,-2.8175e-05,-0.00204447,-4.83057e-05,0.00274385,-1.71991e-05,-0.000418128,-0.000395394,1.09568e-05,3.40085e-06,0.00109897,-1.71991e-05,0.00293536,-0.000615573,-0.00251357,4.14013e-06,-0.000489607,0.000288311,-0.000418128,-0.000615573,0.032663,0.00199025,-0.00149189,-0.000369462,0.000301158,-0.000395394,-0.00251357,0.00199025,0.0290073,-0.000289096,9.90642e-06,-2.8175e-05,1.09568e-05,4.14013e-06,-0.00149189,-0.000289096,0.0466696,
0.00291854,-4.61518e-05,-0.00204448,3.39969e-06,-0.00048961,-0.000369454,9.86534e-06,-4.61518e-05,0.00111324,-4.83054e-05,0.00109897,0.00028831,0.00030114,-2.81952e-05,-0.00204448,-4.83054e-05,0.00274386,-1.7198e-05,-0.000418146,-0.000395384,1.09177e-05,3.39969e-06,0.00109897,-1.7198e-05,0.00293536,-0.000615579,-0.00251355,4.14775e-06,-0.00048961,0.00028831,-0.000418146,-0.000615579,0.0326627,0.00199008,-0.00149227,-0.000369454,0.00030114,-0.000395384,-0.00251355,0.00199008,0.0290074,-0.000289408,9.86534e-06,-2.81952e-05,1.09177e-05,4.14775e-06,-0.00149227,-0.000289408,0.0466695,
0.00291852,-4.61503e-05,-0.00204448,3.39854e-06,-0.000489612,-0.000369446,9.82423e-06,-4.61503e-05,0.00111324,-4.8305e-05,0.00109897,0.000288308,0.000301121,-2.82153e-05,-0.00204448,-4.8305e-05,0.00274388,-1.71969e-05,-0.000418163,-0.000395373,1.08786e-05,3.39854e-06,0.00109897,-1.71969e-05,0.00293535,-0.000615584,-0.00251354,4.15538e-06,-0.000489612,0.000288308,-0.000418163,-0.000615584,0.0326624,0.00198991,-0.00149266,-0.000369446,0.000301121,-0.000395373,-0.00251354,0.00198991,0.0290075,-0.00028972,9.82423e-06,-2.82153e-05,1.08786e-05,4.15538e-06,-0.00149266,-0.00028972,0.0466694,
0.0029185,-4.61487e-05,-0.00204448,3.3974e-06,-0.000489615,-0.000369439,9.78309e-06,-4.61487e-05,0.00111324,-4.83047e-05,0.00109896,0.000288307,0.000301103,-2.82355e-05,-0.00204448,-4.83047e-05,0.0027439,-1.71959e-05,-0.00041818,-0.000395363,1.08395e-05,3.3974e-06,0.00109896,-1.71959e-05,0.00293535,-0.00061559,-0.00251352,4.16301e-06,-0.000489615,0.000288307,-0.00041818,-0.00061559,0.0326621,0.00198974,-0.00149305,-0.000369439,0.000301103,-0.000395363,-0.00251352,0.00198974,0.0290076,-0.000290032,9.78309e-06,-2.82355e-05,1.08395e-05,4.16301e-06,-0.00149305,-0.000290032,0.0466693,
0.00291848,-4.61472e-05,-0.00204449,3.39627e-06,-0.000489618,-0.000369431,9.74192e-06,-4.61472e-05,0.00111324,-4.83043e-05,0.00109896,0.000288305,0.000301085,-2.82557e-05,-0.00204449,-4.83043e-05,0.00274391,-1.71949e-05,-0.000418197,-0.000395353,1.08004e-05,3.39627e-06,0.00109896,-1.71949e-05,0.00293535,-0.000615596,-0.00251351,4.17066e-06,-0.000489618,0.000288305,-0.000418197,-0.000615596,0.0326618,0.00198958,-0.00149343,-0.000369431,0.000301085,-0.000395353,-0.00251351,0.00198958,0.0290077,-0.000290344,9.74192e-06,-2.82557e-05,1.08004e-05,4.17066e-06,-0.00149343,-0.000290344,0.0466692,
0.00291847,-4.61457e-05,-0.00204449,3.39515e-06,-0.000489621,-0.000369423,9.70073e-06,-4.61457e-05,0.00111324,-4.8304e-05,0.00109896,0.000288304,0.000301067,-2.82759e-05,-0.00204449,-4.8304e-05,0.00274393,-1.71939e-05,-0.000418214,-0.000395343,1.07612e-05,3.39515e-06,0.00109896,-1.71939e-05,0.00293534,-0.000615602,-0.00251349,4.17831e-06,-0.000489621,0.000288304,-0.000418214,-0.000615602,0.0326615,0.00198941,-0.00149382,-0.000369423,0.000301067,-0.000395343,-0.00251349,0.00198941,0.0290077,-0.000290656,9.70073e-06,-2.82759e-05,1.07612e-05,4.17831e-06,-0.00149382,-0.000290656,0.0466691,
0.00291845,-4.61441e-05,-0.0020445,3.39403e-06,-0.000489624,-0.000369415,9.65952e-06,-4.61441e-05,0.00111324,-4.83037e-05,0.00109896,0.000288303,0.000301049,-2.82961e-05,-0.0020445,-4.83037e-05,0.00274394,-1.7193e-05,-0.000418231,-0.000395333,1.0722e-05,3.39403e-06,0.00109896,-1.7193e-05,0.00293534,-0.000615608,-0.00251348,4.18597e-06,-0.000489624,0.000288303,-0.000418231,-0.000615608,0.0326612,0.00198924,-0.00149421,-0.000369415,0.000301049,-0.000395333,-0.00251348,0.00198924,0.0290078,-0.000290969,9.65952e-06,-2.82961e-05,1.0722e-05,4.18597e-06,-0.00149421,-0.000290969,0.046669,
0.00291843,-4.61427e-05,-0.0020445,3.39291e-06,-0.000489627,-0.000369407,9.6183e-06,-4.61427e-05,0.00111324,-4.83033e-05,0.00109896,0.000288301,0.000301031,-2.83163e-05,-0.0020445,-4.83033e-05,0.00274396,-1.7192e-05,-0.000418247,-0.000395322,1.06828e-05,3.39291e-06,0.00109896,-1.7192e-05,0.00293534,-0.000615614,-0.00251346,4.19364e-06,-0.000489627,0.000288301,-0.000418247,-0.000615614,0.032661,0.00198907,-0.0014946,-0.000369407,0.000301031,-0.000395322,-0.00251346,0.00198907,0.0290079,-0.000291281,9.6183e-06,-2.83163e-05,1.06828e-05,4.19364e-06,-0.0014946,-0.000291281,0.0466689,
0.00291842,-4.61412e-05,-0.0020445,3.3918e-06,-0.00048963,-0.000369399,9.57706e-06,-4.61412e-05,0.00111324,-4.8303e-05,0.00109896,0.0002883,0.000301013,-2.83365e-05,-0.0020445,-4.8303e-05,0.00274398,-1.71911e-05,-0.000418264,-0.000395312,1.06436e-05,3.3918e-06,0.00109896,-1.71911e-05,0.00293534,-0.00061562,-0.00251345,4.20131e-06,-0.00048963,0.0002883,-0.000418264,-0.00061562,0.0326607,0.0019889,-0.00149499,-0.000369399,0.000301013,-0.000395312,-0.00251345,0.0019889,0.029008,-0.000291594,9.57706e-06,-2.83365e-05,1.06436e-05,4.20131e-06,-0.00149499,-0.000291594,0.0466688,
0.0029184,-4.61397e-05,-0.00204451,3.3907e-06,-0.000489633,-0.000369392,9.5358e-06,-4.61397e-05,0.00111324,-4.83027e-05,0.00109896,0.000288299,0.000300995,-2.83567e-05,-0.00204451,-4.83027e-05,0.00274399,-1.71901e-05,-0.00041828,-0.000395302,1.06044e-05,3.3907e-06,0.00109896,-1.71901e-05,0.00293533,-0.000615626,-0.00251343,4.20899e-06,-0.000489633,0.000288299,-0.00041828,-0.000615626,0.0326604,0.00198874,-0.00149538,-0.000369392,0.000300995,-0.000395302,-0.00251343,0.00198874,0.0290081,-0.000291907,9.5358e-06,-2.83567e-05,1.06044e-05,4.20899e-06,-0.00149538,-0.000291907,0.0466687,
0.00291838,-4.61382e-05,-0.00204451,3.38959e-06,-0.000489636,-0.000369384,9.49454e-06,-4.61382e-05,0.00111324,-4.83023e-05,0.00109896,0.000288298,0.000300977,-2.8377e-05,-0.00204451,-4.83023e-05,0.00274401,-1.71892e-05,-0.000418297,-0.000395292,1.05651e-05,3.38959e-06,0.00109896,-1.71892e-05,0.00293533,-0.000615633,-0.00251342,4.21667e-06,-0.000489636,0.000288298,-0.000418297,-0.000615633,0.0326601,0.00198857,-0.00149577,-0.000369384,0.000300977,-0.000395292,-0.00251342,0.00198857,0.0290081,-0.00029222,9.49454e-06,-2.8377e-05,1.05651e-05,4.21667e-06,-0.00149577,-0.00029222,0.0466686,
0.00291837,-4.61367e-05,-0.00204452,3.3885e-06,-0.000489639,-0.000369376,9.45326e-06,-4.61367e-05,0.00111324,-4.8302e-05,0.00109896,0.000288297,0.00030096,-2.83972e-05,-0.00204452,-4.8302e-05,0.00274402,-1.71883e-05,-0.000418313,-0.000395282,1.05259e-05,3.3885e-06,0.00109896,-1.71883e-05,0.00293533,-0.000615639,-0.0025134,4.22436e-06,-0.000489639,0.000288297,-0.000418313,-0.000615639,0.0326598,0.0019884,-0.00149616,-0.000369376,0.00030096,-0.000395282,-0.0025134,0.0019884,0.0290082,-0.000292533,9.45326e-06,-2.83972e-05,1.05259e-05,4.22436e-06,-0.00149616,-0.000292533,0.0466685,
0.00291835,-4.61353e-05,-0.00204452,3.3874e-06,-0.000489642,-0.000369368,9.41197e-06,-4.61353e-05,0.00111324,-4.83016e-05,0.00109896,0.000288296,0.000300942,-2.84174e-05,-0.00204452,-4.83016e-05,0.00274404,-1.71874e-05,-0.000418329,-0.000395272,1.04866e-05,3.3874e-06,0.00109896,-1.71874e-05,0.00293532,-0.000615645,-0.00251339,4.23205e-06,-0.000489642,0.000288296,-0.000418329,-0.000615645,0.0326595,0.00198823,-0.00149655,-0.000369368,0.000300942,-0.000395272,-0.00251339,0.00198823,0.0290083,-0.000292846,9.41197e-06,-2.84174e-05,1.04866e-05,4.23205e-06,-0.00149655,-0.000292846,0.0466684,
0.00291833,-4.61338e-05,-0.00204452,3.38631e-06,-0.000489645,-0.00036936,9.37067e-06,-4.61338e-05,0.00111324,-4.83013e-05,0.00109896,0.000288294,0.000300924,-2.84377e-05,-0.00204452,-4.83013e-05,0.00274405,-1.71865e-05,-0.000418345,-0.000395262,1.04474e-05,3.38631e-06,0.00109896,-1.71865e-05,0.00293532,-0.000615651,-0.00251337,4.23974e-06,-0.000489645,0.000288294,-0.000418345,-0.000615651,0.0326593,0.00198806,-0.00149694,-0.00036936,0.000300924,-0.000395262,-0.00251337,0.00198806,0.0290084,-0.000293159,9.37067e-06,-2.84377e-05,1.04474e-05,4.23974e-06,-0.00149694,-0.000293159,0.0466683,
0.00291832,-4.61324e-05,-0.00204453,3.38522e-06,-0.000489648,-0.000369352,9.32937e-06,-4.61324e-05,0.00111324,-4.8301e-05,0.00109895,0.000288293,0.000300907,-2.84579e-05,-0.00204453,-4.8301e-05,0.00274407,-1.71856e-05,-0.000418361,-0.000395252,1.04081e-05,3.38522e-06,0.00109895,-1.71856e-05,0.00293532,-0.000615657,-0.00251336,4.24744e-06,-0.000489648,0.000288293,-0.000418361,-0.000615657,0.032659,0.0019879,-0.00149733,-0.000369352,0.000300907,-0.000395252,-0.00251336,0.0019879,0.0290085,-0.000293472,9.32937e-06,-2.84579e-05,1.04081e-05,4.24744e-06,-0.00149733,-0.000293472,0.0466682,
