0.00243551,0.000499386,-0.0013587,0.000973556,0.000291358,0.00102583,-1.38452e-05,0.000499386,0.0017334,0.00103409,0.000707246,-0.000998303,6.39341e-05,-1.82177e-05,-0.0013587,0.00103409,0.00342976,-0.000193234,-0.000288769,0.00195334,-4.80897e-05,0.000973556,0.000707246,-0.000193234,0.00212756,-0.00121724,0.000108347,3.69239e-05,0.000291358,-0.000998303,-0.000288769,-0.00121724,0.0318042,0.00159428,-0.00121709,0.00102583,6.39341e-05,0.00195334,0.000108347,0.00159428,0.0290509,-0.000125282,-1.38452e-05,-1.82177e-05,-4.80897e-05,3.69239e-05,-0.00121709,-0.000125282,0.0466527,
0.00243425,0.000498727,-0.00135865,0.000973689,0.000291884,0.00102495,-1.38204e-05,0.000498727,0.00173349,0.00103413,0.00070732,-0.000998023,6.40702e-05,-1.8207e-05,-0.00135865,0.00103413,0.0034292,-0.000193553,-0.000288564,0.00195371,-4.80753e-05,0.000973689,0.00070732,-0.000193553,0.00212798,-0.00121705,0.000108081,3.69211e-05,0.000291884,-0.000998023,-0.000288564,-0.00121705,0.0318043,0.00159464,-0.0012172,0.00102495,6.40702e-05,0.00195371,0.000108081,0.00159464,0.0290505,-0.000125272,-1.38204e-05,-1.8207e-05,-4.80753e-05,3.69211e-05,-0.0012172,-0.000125272,0.0466527,
0.00243319,0.000498176,-0.0013586,0.000973818,0.000292325,0.00102425,-1.38008e-05,0.000498176,0.00173353,0.00103416,0.000707399,-0.000997793,6.41568e-05,-1.82e-05,-0.0013586,0.00103416,0.00342877,-0.000193802,-0.000288388,0.00195402,-4.80684e-05,0.000973818,0.000707399,-0.000193802,0.00212835,-0.00121683,0.000107914,3.69143e-05,0.000292325,-0.000997793,-0.000288388,-0.00121683,0.0318046,0.00159498,-0.00121733,0.00102425,6.41568e-05,0.00195402,0.000107914,0.00159498,0.0290503,-0.000125269,-1.38008e-05,-1.82e-05,-4.80684e-05,3.69143e-05,-0.00121733,-0.000125269,0.0466527,
0.0024323,0.000497714,-0.00135855,0.000973937,0.000292697,0.00102368,-1.37849e-05,0.000497714,0.00173354,0.00103419,0.000707479,-0.000997602,6.42078e-05,-1.81952e-05,-0.00135855,0.00103419,0.00342844,-0.000193996,-0.00028824,0.00195428,-4.80658e-05,0.000973937,0.000707479,-0.000193996,0.00212867,-0.0012166,0.00010781,3.6906e-05,0.000292697,-0.000997602,-0.00028824,-0.0012166,0.031805,0.00159528,-0.00121747,0.00102368,6.42078e-05,0.00195428,0.00010781,0.00159528,0.0290502,-0.00012527,-1.37849e-05,-1.81952e-05,-4.80658e-05,3.6906e-05,-0.00121747,-0.00012527,0.0466527,
0.00243155,0.000497325,-0.0013585,0.000974046,0.000293012,0.00102321,-1.37719e-05,0.000497325,0.00173353,0.00103421,0.00070756,-0.000997442,6.42331e-05,-1.81919e-05,-0.0013585,0.00103421,0.00342818,-0.000194148,-0.000288115,0.0019545,-4.8066e-05,0.000974046,0.00070756,-0.000194148,0.00212895,-0.00121638,0.00010775,3.68974e-05,0.000293012,-0.000997442,-0.000288115,-0.00121638,0.0318054,0.00159554,-0.0012176,0.00102321,6.42331e-05,0.0019545,0.00010775,0.00159554,0.0290501,-0.000125272,-1.37719e-05,-1.81919e-05,-4.8066e-05,3.68974e-05,-0.0012176,-0.000125272,0.0466526,
0.00243092,0.000496995,-0.00135845,0.000974146,0.000293281,0.00102283,-1.37612e-05,0.000496995,0.00173351,0.00103423,0.000707638,-0.000997306,6.424e-05,-1.81896e-05,-0.00135845,0.00103423,0.00342797,-0.000194267,-0.00028801,0.00195468,-4.80678e-05,0.000974146,0.000707638,-0.000194267,0.0021292,-0.00121617,0.000107718,3.6889e-05,0.000293281,-0.000997306,-0.00028801,-0.00121617,0.0318059,0.00159578,-0.00121773,0.00102283,6.424e-05,0.00195468,0.000107718,0.00159578,0.0290501,-0.000125275,-1.37612e-05,-1.81896e-05,-4.80678e-05,3.6889e-05,-0.00121773,-0.000125275,0.0466527,
0.00243038,0.000496714,-0.00135841,0.000974236,0.000293512,0.00102252,-1.37523e-05,0.000496714,0.00173348,0.00103425,0.000707713,-0.00099719,6.42338e-05,-1.8188e-05,-0.00135841,0.00103425,0.00342781,-0.00019436,-0.000287922,0.00195483,-4.80708e-05,0.000974236,0.000707713,-0.00019436,0.00212942,-0.00121597,0.000107706,3.68813e-05,0.000293512,-0.00099719,-0.000287921,-0.00121597,0.0318064,0.00159599,-0.00121785,0.00102252,6.42338e-05,0.00195483,0.000107706,0.00159599,0.02905,-0.000125278,-1.37523e-05,-1.8188e-05,-4.80708e-05,3.68813e-05,-0.00121785,-0.000125278,0.0466527,
0.00242991,0.000496472,-0.00135837,0.000974319,0.000293711,0.00102226,-1.37448e-05,0.000496472,0.00173345,0.00103426,0.000707785,-0.00099709,6.42187e-05,-1.8187e-05,-0.00135837,0.00103426,0.00342769,-0.000194434,-0.000287846,0.00195496,-4.80743e-05,0.000974319,0.000707785,-0.000194434,0.00212961,-0.00121579,0.000107709,3.68743e-05,0.000293711,-0.00099709,-0.000287846,-0.00121579,0.0318068,0.00159617,-0.00121796,0.00102226,6.42187e-05,0.00195496,0.000107709,0.00159617,0.0290501,-0.000125281,-1.37448e-05,-1.8187e-05,-4.80743e-05,3.68743e-05,-0.00121796,-0.000125281,0.0466527,
0.00242951,0.000496263,-0.00135834,0.000974394,0.000293884,0.00102204,-1.37384e-05,0.000496263,0.00173341,0.00103427,0.000707853,-0.000997004,6.41976e-05,-1.81864e-05,-0.00135834,0.00103427,0.00342759,-0.000194492,-0.000287782,0.00195508,-4.80781e-05,0.000974394,0.000707853,-0.000194492,0.00212979,-0.00121562,0.000107722,3.68683e-05,0.000293884,-0.000997004,-0.000287782,-0.00121562,0.0318073,0.00159634,-0.00121806,0.00102204,6.41976e-05,0.00195508,0.000107722,0.00159634,0.0290501,-0.000125284,-1.37384e-05,-1.81864e-05,-4.80781e-05,3.68683e-05,-0.00121806,-0.000125284,0.0466527,
0.00242916,0.000496081,-0.0013583,0.000974462,0.000294035,0.00102185,-1.37329e-05,0.000496081,0.00173337,0.00103428,0.000707917,-0.000996928,6.41726e-05,-1.8186e-05,-0.0013583,0.00103428,0.00342751,-0.000194538,-0.000287726,0.00195517,-4.8082e-05,0.000974462,0.000707917,-0.000194538,0.00212994,-0.00121546,0.000107741,3.68631e-05,0.000294035,-0.000996928,-0.000287726,-0.00121546,0.0318077,0.00159649,-0.00121814,0.00102185,6.41726e-05,0.00195517,0.000107741,0.00159649,0.0290501,-0.000125286,-1.37329e-05,-1.8186e-05,-4.8082e-05,3.68631e-05,-0.00121814,-0.000125286,0.0466527,
0.00242886,0.000495922,-0.00135827,0.000974524,0.000294167,0.0010217,-1.37282e-05,0.000495922,0.00173333,0.00103429,0.000707976,-0.000996863,6.41455e-05,-1.81857e-05,-0.00135827,0.00103429,0.00342745,-0.000194575,-0.000287678,0.00195526,-4.80858e-05,0.000974524,0.000707976,-0.000194575,0.00213008,-0.00121532,0.000107765,3.68589e-05,0.000294167,-0.000996863,-0.000287678,-0.00121532,0.0318081,0.00159663,-0.00121822,0.0010217,6.41455e-05,0.00195526,0.000107765,0.00159663,0.0290502,-0.000125288,-1.37282e-05,-1.81857e-05,-4.80858e-05,3.68589e-05,-0.00121822,-0.000125288,0.0466527,
0.00242859,0.000495783,-0.00135825,0.00097458,0.000294284,0.00102156,-1.3724e-05,0.000495783,0.00173329,0.0010343,0.000708032,-0.000996805,6.41174e-05,-1.81856e-05,-0.00135825,0.0010343,0.0034274,-0.000194604,-0.000287636,0.00195533,-4.80893e-05,0.00097458,0.000708032,-0.000194604,0.00213021,-0.00121518,0.000107791,3.68556e-05,0.000294284,-0.000996805,-0.000287636,-0.00121518,0.0318085,0.00159675,-0.00121829,0.00102156,6.41174e-05,0.00195533,0.000107791,0.00159675,0.0290502,-0.000125288,-1.3724e-05,-1.81856e-05,-4.80893e-05,3.68556e-05,-0.00121829,-0.000125288,0.0466527,
0.00242835,0.00049566,-0.00135822,0.000974632,0.000294388,0.00102145,-1.37203e-05,0.00049566,0.00173325,0.0010343,0.000708083,-0.000996754,6.40892e-05,-1.81855e-05,-0.00135822,0.0010343,0.00342736,-0.000194628,-0.000287599,0.00195539,-4.80926e-05,0.000974632,0.000708083,-0.000194628,0.00213032,-0.00121506,0.000107819,3.68532e-05,0.000294388,-0.000996754,-0.000287599,-0.00121506,0.0318089,0.00159686,-0.00121834,0.00102145,6.40892e-05,0.00195539,0.000107819,0.00159686,0.0290503,-0.000125288,-1.37203e-05,-1.81855e-05,-4.80926e-05,3.68532e-05,-0.00121834,-0.000125288,0.0466527,
0.00242814,0.000495551,-0.0013582,0.000974679,0.00029448,0.00102135,-1.37171e-05,0.000495551,0.00173322,0.00103431,0.00070813,-0.000996709,6.40614e-05,-1.81855e-05,-0.0013582,0.00103431,0.00342733,-0.000194647,-0.000287567,0.00195545,-4.80956e-05,0.000974679,0.00070813,-0.000194647,0.00213042,-0.00121495,0.000107847,3.68517e-05,0.00029448,-0.000996709,-0.000287567,-0.00121495,0.0318092,0.00159696,-0.00121839,0.00102135,6.40614e-05,0.00195545,0.000107847,0.00159696,0.0290503,-0.000125288,-1.37171e-05,-1.81855e-05,-4.80956e-05,3.68517e-05,-0.00121839,-0.000125288,0.0466527,
0.00242796,0.000495454,-0.00135818,0.000974722,0.000294562,0.00102126,-1.37141e-05,0.000495454,0.00173318,0.00103431,0.000708174,-0.000996668,6.40345e-05,-1.81855e-05,-0.00135818,0.00103431,0.0034273,-0.000194662,-0.000287538,0.0019555,-4.80982e-05,0.000974722,0.000708174,-0.000194662,0.00213051,-0.00121485,0.000107875,3.6851e-05,0.000294562,-0.000996668,-0.000287538,-0.00121485,0.0318096,0.00159705,-0.00121843,0.00102126,6.40345e-05,0.0019555,0.000107875,0.00159705,0.0290504,-0.000125286,-1.37141e-05,-1.81855e-05,-4.80982e-05,3.6851e-05,-0.00121843,-0.000125286,0.0466527,
0.00242779,0.000495367,-0.00135816,0.000974761,0.000294636,0.00102119,-1.37114e-05,0.000495367,0.00173315,0.00103432,0.000708215,-0.000996632,6.40088e-05,-1.81855e-05,-0.00135816,0.00103432,0.00342728,-0.000194675,-0.000287512,0.00195555,-4.81004e-05,0.000974761,0.000708215,-0.000194675,0.00213059,-0.00121475,0.000107902,3.6851e-05,0.000294636,-0.000996632,-0.000287512,-0.00121475,0.0318099,0.00159714,-0.00121846,0.00102119,6.40088e-05,0.00195555,0.000107902,0.00159714,0.0290504,-0.000125284,-1.37114e-05,-1.81855e-05,-4.81004e-05,3.6851e-05,-0.00121846,-0.000125284,0.0466527,
0.00242764,0.000495289,-0.00135814,0.000974797,0.000294702,0.00102112,-1.3709e-05,0.000495289,0.00173312,0.00103432,0.000708252,-0.0009966,6.39843e-05,-1.81854e-05,-0.00135814,0.00103432,0.00342726,-0.000194686,-0.00028749,0.00195559,-4.81023e-05,0.000974797,0.000708252,-0.000194686,0.00213067,-0.00121466,0.000107928,3.68518e-05,0.000294702,-0.0009966,-0.00028749,-0.00121466,0.0318101,0.00159721,-0.00121849,0.00102112,6.39843e-05,0.00195559,0.000107928,0.00159721,0.0290505,-0.000125281,-1.3709e-05,-1.81854e-05,-4.81023e-05,3.68518e-05,-0.00121849,-0.000125281,0.0466527,
0.0024275,0.000495219,-0.00135813,0.00097483,0.000294761,0.00102106,-1.37067e-05,0.000495219,0.00173309,0.00103432,0.000708286,-0.000996571,6.39613e-05,-1.81853e-05,-0.00135813,0.00103432,0.00342725,-0.000194695,-0.000287469,0.00195562,-4.81038e-05,0.00097483,0.000708286,-0.000194695,0.00213074,-0.00121458,0.000107953,3.68531e-05,0.000294761,-0.000996571,-0.000287469,-0.00121458,0.0318104,0.00159728,-0.0012185,0.00102106,6.39613e-05,0.00195562,0.000107953,0.00159728,0.0290505,-0.000125277,-1.37067e-05,-1.81853e-05,-4.81038e-05,3.68531e-05,-0.0012185,-0.000125277,0.0466527,
0.00242738,0.000495155,-0.00135811,0.00097486,0.000294815,0.00102101,-1.37046e-05,0.000495155,0.00173306,0.00103433,0.000708317,-0.000996545,6.39397e-05,-1.81852e-05,-0.00135811,0.00103433,0.00342724,-0.000194703,-0.00028745,0.00195566,-4.8105e-05,0.00097486,0.000708317,-0.000194703,0.0021308,-0.00121451,0.000107977,3.68551e-05,0.000294815,-0.000996545,-0.00028745,-0.00121451,0.0318107,0.00159735,-0.00121852,0.00102101,6.39397e-05,0.00195566,0.000107977,0.00159735,0.0290505,-0.000125273,-1.37046e-05,-1.81852e-05,-4.8105e-05,3.68551e-05,-0.00121852,-0.000125273,0.0466527,
0.00242727,0.000495098,-0.0013581,0.000974888,0.000294864,0.00102097,-1.37027e-05,0.000495098,0.00173304,0.00103433,0.000708345,-0.000996521,6.39195e-05,-1.81851e-05,-0.0013581,0.00103433,0.00342723,-0.000194709,-0.000287434,0.00195569,-4.81059e-05,0.000974888,0.000708345,-0.000194709,0.00213086,-0.00121444,0.000107999,3.68576e-05,0.000294864,-0.000996521,-0.000287434,-0.00121444,0.0318109,0.00159741,-0.00121852,0.00102097,6.39195e-05,0.00195569,0.000107999,0.00159741,0.0290506,-0.000125269,-1.37027e-05,-1.81851e-05,-4.81059e-05,3.68576e-05,-0.00121852,-0.000125269,0.0466528,
0.00242717,0.000495046,-0.00135809,0.000974913,0.000294909,0.00102092,-1.37008e-05,0.000495046,0.00173302,0.00103433,0.000708372,-0.000996499,6.39007e-05,-1.81849e-05,-0.00135809,0.00103433,0.00342722,-0.000194715,-0.000287418,0.00195571,-4.81065e-05,0.000974913,0.000708372,-0.000194715,0.00213091,-0.00121438,0.00010802,3.68606e-05,0.000294909,-0.000996499,-0.000287418,-0.00121438,0.0318111,0.00159746,-0.00121852,0.00102092,6.39007e-05,0.00195571,0.00010802,0.00159746,0.0290506,-0.000125264,-1.37008e-05,-1.81849e-05,-4.81065e-05,3.68606e-05,-0.00121852,-0.000125264,0.0466528,
0.00242708,0.000494999,-0.00135807,0.000974936,0.000294949,0.00102089,-1.36991e-05,0.000494999,0.00173299,0.00103433,0.000708396,-0.00099648,6.38832e-05,-1.81847e-05,-0.00135807,0.00103433,0.00342721,-0.00019472,-0.000287405,0.00195574,-4.81068e-05,0.000974936,0.000708396,-0.00019472,0.00213096,-0.00121433,0.00010804,3.6864e-05,0.000294949,-0.00099648,-0.000287405,-0.00121433,0.0318113,0.00159751,-0.00121852,0.00102089,6.38832e-05,0.00195574,0.00010804,0.00159751,0.0290506,-0.000125258,-1.36991e-05,-1.81847e-05,-4.81068e-05,3.6864e-05,-0.00121852,-0.000125258,0.0466528,
0.002427,0.000494955,-0.00135806,0.000974958,0.000294986,0.00102085,-1.36975e-05,0.000494955,0.00173297,0.00103434,0.000708418,-0.000996462,6.3867e-05,-1.81844e-05,-0.00135806,0.00103434,0.0034272,-0.000194725,-0.000287392,0.00195576,-4.81068e-05,0.000974958,0.000708418,-0.000194725,0.002131,-0.00121427,0.000108059,3.68679e-05,0.000294986,-0.000996462,-0.000287392,-0.00121427,0.0318115,0.00159756,-0.00121851,0.00102085,6.3867e-05,0.00195576,0.000108059,0.00159756,0.0290506,-0.000125252,-1.36975e-05,-1.81844e-05,-4.81068e-05,3.68679e-05,-0.00121851,-0.000125252,0.0466528,
0.00242692,0.000494916,-0.00135805,0.000974977,0.00029502,0.00102082,-1.36959e-05,0.000494916,0.00173296,0.00103434,0.000708438,-0.000996446,6.38521e-05,-1.81841e-05,-0.00135805,0.00103434,0.0034272,-0.000194729,-0.00028738,0.00195578,-4.81066e-05,0.000974977,0.000708438,-0.000194729,0.00213104,-0.00121423,0.000108076,3.68721e-05,0.00029502,-0.000996446,-0.00028738,-0.00121423,0.0318116,0.0015976,-0.0012185,0.00102082,6.38521e-05,0.00195578,0.000108076,0.0015976,0.0290507,-0.000125246,-1.36959e-05,-1.81841e-05,-4.81066e-05,3.68721e-05,-0.0012185,-0.000125246,0.0466528,
0.00242685,0.000494879,-0.00135804,0.000974996,0.000295051,0.00102079,-1.36944e-05,0.000494879,0.00173294,0.00103434,0.000708457,-0.000996431,6.38382e-05,-1.81838e-05,-0.00135804,0.00103434,0.00342719,-0.000194733,-0.00028737,0.0019558,-4.81062e-05,0.000974996,0.000708457,-0.000194733,0.00213108,-0.00121418,0.000108092,3.68766e-05,0.000295051,-0.000996431,-0.00028737,-0.00121418,0.0318118,0.00159764,-0.00121848,0.00102079,6.38382e-05,0.0019558,0.000108092,0.00159764,0.0290507,-0.000125239,-1.36944e-05,-1.81838e-05,-4.81062e-05,3.68766e-05,-0.00121848,-0.000125239,0.0466528,
0.00242679,0.000494846,-0.00135804,0.000975013,0.00029508,0.00102077,-1.3693e-05,0.000494846,0.00173292,0.00103434,0.000708474,-0.000996417,6.38254e-05,-1.81835e-05,-0.00135804,0.00103434,0.00342719,-0.000194736,-0.00028736,0.00195582,-4.81056e-05,0.000975013,0.000708474,-0.000194736,0.00213111,-0.00121414,0.000108107,3.68814e-05,0.00029508,-0.000996417,-0.00028736,-0.00121414,0.0318119,0.00159768,-0.00121846,0.00102077,6.38254e-05,0.00195582,0.000108107,0.00159768,0.0290507,-0.000125232,-1.3693e-05,-1.81835e-05,-4.81056e-05,3.68814e-05,-0.00121846,-0.000125232,0.0466528,
0.00242673,0.000494815,-0.00135803,0.000975028,0.000295106,0.00102074,-1.36916e-05,0.000494815,0.00173291,0.00103434,0.000708489,-0.000996404,6.38136e-05,-1.81831e-05,-0.00135803,0.00103434,0.00342718,-0.00019474,-0.000287351,0.00195584,-4.81049e-05,0.000975028,0.000708489,-0.00019474,0.00213114,-0.00121411,0.000108121,3.68865e-05,0.000295106,-0.000996404,-0.000287351,-0.00121411,0.0318121,0.00159771,-0.00121844,0.00102074,6.38136e-05,0.00195584,0.000108121,0.00159771,0.0290507,-0.000125225,-1.36916e-05,-1.81831e-05,-4.81049e-05,3.68865e-05,-0.00121844,-0.000125225,0.0466528,
0.00242667,0.000494787,-0.00135802,0.000975043,0.000295131,0.00102072,-1.36903e-05,0.000494787,0.0017329,0.00103434,0.000708504,-0.000996393,6.38026e-05,-1.81827e-05,-0.00135802,0.00103434,0.00342718,-0.000194743,-0.000287342,0.00195586,-4.81039e-05,0.000975043,0.000708504,-0.000194743,0.00213117,-0.00121407,0.000108134,3.68918e-05,0.000295131,-0.000996393,-0.000287342,-0.00121407,0.0318122,0.00159774,-0.00121842,0.00102072,6.38026e-05,0.00195586,0.000108134,0.00159774,0.0290507,-0.000125218,-1.36903e-05,-1.81827e-05,-4.81039e-05,3.68918e-05,-0.00121842,-0.000125218,0.0466528,
0.00242662,0.000494761,-0.00135801,0.000975056,0.000295153,0.0010207,-1.3689e-05,0.000494761,0.00173289,0.00103435,0.000708517,-0.000996382,6.37925e-05,-1.81823e-05,-0.00135801,0.00103435,0.00342717,-0.000194746,-0.000287335,0.00195587,-4.81028e-05,0.000975056,0.000708517,-0.000194746,0.00213119,-0.00121404,0.000108147,3.68974e-05,0.000295153,-0.000996382,-0.000287335,-0.00121404,0.0318123,0.00159777,-0.00121839,0.0010207,6.37925e-05,0.00195587,0.000108147,0.00159777,0.0290507,-0.00012521,-1.3689e-05,-1.81823e-05,-4.81028e-05,3.68974e-05,-0.00121839,-0.00012521,0.0466528,
0.00242657,0.000494736,-0.00135801,0.000975069,0.000295174,0.00102068,-1.36877e-05,0.000494736,0.00173287,0.00103435,0.000708529,-0.000996372,6.37832e-05,-1.81818e-05,-0.00135801,0.00103435,0.00342717,-0.000194748,-0.000287327,0.00195588,-4.81016e-05,0.000975069,0.000708529,-0.000194748,0.00213122,-0.00121401,0.000108158,3.69031e-05,0.000295174,-0.000996372,-0.000287327,-0.00121401,0.0318124,0.0015978,-0.00121836,0.00102068,6.37832e-05,0.00195588,0.000108158,0.0015978,0.0290507,-0.000125202,-1.36877e-05,-1.81818e-05,-4.81016e-05,3.69031e-05,-0.00121836,-0.000125202,0.0466529,
0.00242653,0.000494714,-0.001358,0.00097508,0.000295193,0.00102066,-1.36865e-05,0.000494714,0.00173286,0.00103435,0.00070854,-0.000996363,6.37745e-05,-1.81814e-05,-0.001358,0.00103435,0.00342717,-0.000194751,-0.000287321,0.0019559,-4.81002e-05,0.00097508,0.00070854,-0.000194751,0.00213124,-0.00121399,0.000108169,3.6909e-05,0.000295193,-0.000996363,-0.000287321,-0.00121399,0.0318125,0.00159783,-0.00121834,0.00102066,6.37745e-05,0.0019559,0.000108169,0.00159783,0.0290507,-0.000125194,-1.36865e-05,-1.81814e-05,-4.81002e-05,3.6909e-05,-0.00121834,-0.000125194,0.0466529,
0.00242649,0.000494693,-0.00135799,0.000975091,0.000295211,0.00102065,-1.36853e-05,0.000494693,0.00173286,0.00103435,0.000708551,-0.000996355,6.37665e-05,-1.81809e-05,-0.00135799,0.00103435,0.00342716,-0.000194754,-0.000287314,0.00195591,-4.80987e-05,0.000975091,0.000708551,-0.000194754,0.00213126,-0.00121396,0.000108179,3.6915e-05,0.000295211,-0.000996355,-0.000287314,-0.00121396,0.0318126,0.00159785,-0.0012183,0.00102065,6.37665e-05,0.00195591,0.000108179,0.00159785,0.0290507,-0.000125186,-1.36853e-05,-1.81809e-05,-4.80987e-05,3.6915e-05,-0.0012183,-0.000125186,0.0466529,
0.00242645,0.000494673,-0.00135799,0.000975101,0.000295228,0.00102063,-1.36842e-05,0.000494673,0.00173285,0.00103435,0.00070856,-0.000996347,6.37591e-05,-1.81804e-05,-0.00135799,0.00103435,0.00342716,-0.000194756,-0.000287308,0.00195592,-4.80972e-05,0.000975101,0.00070856,-0.000194756,0.00213128,-0.00121394,0.000108189,3.69212e-05,0.000295228,-0.000996347,-0.000287308,-0.00121394,0.0318127,0.00159787,-0.00121827,0.00102063,6.37591e-05,0.00195592,0.000108189,0.00159787,0.0290507,-0.000125178,-1.36842e-05,-1.81804e-05,-4.80972e-05,3.69212e-05,-0.00121827,-0.000125178,0.0466529,
0.00242641,0.000494655,-0.00135798,0.000975111,0.000295244,0.00102062,-1.36831e-05,0.000494655,0.00173284,0.00103435,0.000708569,-0.000996339,6.37522e-05,-1.81799e-05,-0.00135798,0.00103435,0.00342716,-0.000194759,-0.000287303,0.00195593,-4.80955e-05,0.000975111,0.000708569,-0.000194759,0.0021313,-0.00121392,0.000108197,3.69275e-05,0.000295244,-0.000996339,-0.000287303,-0.00121392,0.0318128,0.0015979,-0.00121824,0.00102062,6.37522e-05,0.00195593,0.000108197,0.0015979,0.0290508,-0.000125169,-1.36831e-05,-1.81799e-05,-4.80955e-05,3.69275e-05,-0.00121824,-0.000125169,0.0466529,
0.00242638,0.000494637,-0.00135798,0.00097512,0.000295258,0.0010206,-1.3682e-05,0.000494637,0.00173283,0.00103435,0.000708577,-0.000996333,6.37458e-05,-1.81793e-05,-0.00135798,0.00103435,0.00342716,-0.000194761,-0.000287297,0.00195595,-4.80938e-05,0.00097512,0.000708577,-0.000194761,0.00213132,-0.0012139,0.000108206,3.69339e-05,0.000295258,-0.000996333,-0.000287297,-0.0012139,0.0318129,0.00159792,-0.0012182,0.0010206,6.37458e-05,0.00195595,0.000108206,0.00159792,0.0290508,-0.000125161,-1.3682e-05,-1.81793e-05,-4.80938e-05,3.69339e-05,-0.0012182,-0.000125161,0.0466529,
0.00242635,0.000494621,-0.00135797,0.000975128,0.000295272,0.00102059,-1.36809e-05,0.000494621,0.00173282,0.00103436,0.000708585,-0.000996326,6.37398e-05,-1.81788e-05,-0.00135797,0.00103436,0.00342715,-0.000194764,-0.000287292,0.00195596,-4.8092e-05,0.000975128,0.000708585,-0.000194764,0.00213133,-0.00121388,0.000108214,3.69404e-05,0.000295272,-0.000996326,-0.000287292,-0.00121388,0.0318129,0.00159794,-0.00121816,0.00102059,6.37398e-05,0.00195596,0.000108214,0.00159794,0.0290507,-0.000125152,-1.36809e-05,-1.81788e-05,-4.8092e-05,3.69404e-05,-0.00121816,-0.000125152,0.0466529,
0.00242632,0.000494606,-0.00135797,0.000975136,0.000295285,0.00102058,-1.36798e-05,0.000494606,0.00173282,0.00103436,0.000708592,-0.00099632,6.37342e-05,-1.81783e-05,-0.00135797,0.00103436,0.00342715,-0.000194766,-0.000287288,0.00195597,-4.80901e-05,0.000975136,0.000708592,-0.000194766,0.00213135,-0.00121386,0.000108221,3.6947e-05,0.000295285,-0.00099632,-0.000287288,-0.00121386,0.031813,0.00159796,-0.00121813,0.00102058,6.37342e-05,0.00195597,0.000108221,0.00159796,0.0290507,-0.000125144,-1.36798e-05,-1.81783e-05,-4.80901e-05,3.6947e-05,-0.00121813,-0.000125144,0.0466529,
0.00242629,0.000494591,-0.00135796,0.000975144,0.000295298,0.00102057,-1.36788e-05,0.000494591,0.00173281,0.00103436,0.000708599,-0.000996314,6.3729e-05,-1.81777e-05,-0.00135796,0.00103436,0.00342715,-0.000194769,-0.000287283,0.00195598,-4.80882e-05,0.000975144,0.000708599,-0.000194769,0.00213136,-0.00121385,0.000108228,3.69536e-05,0.000295298,-0.000996314,-0.000287283,-0.00121385,0.0318131,0.00159798,-0.00121809,0.00102057,6.3729e-05,0.00195598,0.000108228,0.00159798,0.0290507,-0.000125135,-1.36788e-05,-1.81777e-05,-4.80882e-05,3.69536e-05,-0.00121809,-0.000125135,0.0466529,
0.00242626,0.000494578,-0.00135796,0.000975151,0.000295309,0.00102055,-1.36777e-05,0.000494578,0.00173281,0.00103436,0.000708605,-0.000996309,6.37241e-05,-1.81771e-05,-0.00135796,0.00103436,0.00342714,-0.000194771,-0.000287279,0.00195599,-4.80862e-05,0.000975151,0.000708605,-0.000194771,0.00213137,-0.00121383,0.000108235,3.69603e-05,0.000295309,-0.000996309,-0.000287279,-0.00121383,0.0318132,0.00159799,-0.00121805,0.00102055,6.37241e-05,0.00195599,0.000108235,0.00159799,0.0290507,-0.000125126,-1.36777e-05,-1.81771e-05,-4.80862e-05,3.69603e-05,-0.00121805,-0.000125126,0.0466529,
0.00242624,0.000494565,-0.00135796,0.000975158,0.000295321,0.00102054,-1.36767e-05,0.000494565,0.0017328,0.00103436,0.00070861,-0.000996304,6.37196e-05,-1.81766e-05,-0.00135796,0.00103436,0.00342714,-0.000194773,-0.000287275,0.00195599,-4.80841e-05,0.000975158,0.00070861,-0.000194773,0.00213139,-0.00121382,0.000108242,3.69671e-05,0.000295321,-0.000996304,-0.000287275,-0.00121382,0.0318132,0.00159801,-0.00121801,0.00102054,6.37196e-05,0.00195599,0.000108242,0.00159801,0.0290507,-0.000125117,-1.36767e-05,-1.81766e-05,-4.80841e-05,3.69671e-05,-0.00121801,-0.000125117,0.0466529,
0.00242621,0.000494552,-0.00135795,0.000975165,0.000295331,0.00102053,-1.36757e-05,0.000494552,0.0017328,0.00103436,0.000708616,-0.000996299,6.37153e-05,-1.8176e-05,-0.00135795,0.00103436,0.00342714,-0.000194776,-0.000287271,0.001956,-4.80821e-05,0.000975165,0.000708616,-0.000194776,0.0021314,-0.0012138,0.000108248,3.69739e-05,0.000295331,-0.000996299,-0.000287271,-0.0012138,0.0318133,0.00159802,-0.00121797,0.00102053,6.37153e-05,0.001956,0.000108248,0.00159802,0.0290507,-0.000125108,-1.36757e-05,-1.8176e-05,-4.80821e-05,3.69739e-05,-0.00121797,-0.000125108,0.046653,
0.00242619,0.00049454,-0.00135795,0.000975171,0.000295341,0.00102052,-1.36747e-05,0.00049454,0.00173279,0.00103436,0.000708621,-0.000996295,6.37112e-05,-1.81754e-05,-0.00135795,0.00103436,0.00342714,-0.000194778,-0.000287267,0.00195601,-4.80799e-05,0.000975171,0.000708621,-0.000194778,0.00213141,-0.00121379,0.000108254,3.69807e-05,0.000295341,-0.000996295,-0.000287267,-0.00121379,0.0318133,0.00159804,-0.00121793,0.00102052,6.37112e-05,0.00195601,0.000108254,0.00159804,0.0290507,-0.000125099,-1.36747e-05,-1.81754e-05,-4.80799e-05,3.69807e-05,-0.00121793,-0.000125099,0.046653,
0.00242617,0.000494529,-0.00135794,0.000975177,0.000295351,0.00102051,-1.36738e-05,0.000494529,0.00173279,0.00103436,0.000708625,-0.00099629,6.37074e-05,-1.81748e-05,-0.00135794,0.00103436,0.00342713,-0.00019478,-0.000287264,0.00195602,-4.80778e-05,0.000975177,0.000708625,-0.00019478,0.00213142,-0.00121378,0.000108259,3.69876e-05,0.000295351,-0.00099629,-0.000287264,-0.00121378,0.0318134,0.00159806,-0.00121789,0.00102051,6.37074e-05,0.00195602,0.000108259,0.00159806,0.0290507,-0.00012509,-1.36738e-05,-1.81748e-05,-4.80778e-05,3.69876e-05,-0.00121789,-0.00012509,0.046653,
0.00242615,0.000494518,-0.00135794,0.000975183,0.00029536,0.00102051,-1.36728e-05,0.000494518,0.00173278,0.00103436,0.00070863,-0.000996286,6.37037e-05,-1.81742e-05,-0.00135794,0.00103436,0.00342713,-0.000194783,-0.00028726,0.00195603,-4.80756e-05,0.000975183,0.00070863,-0.000194783,0.00213143,-0.00121377,0.000108265,3.69945e-05,0.00029536,-0.000996286,-0.00028726,-0.00121377,0.0318134,0.00159807,-0.00121784,0.00102051,6.37037e-05,0.00195603,0.000108265,0.00159807,0.0290507,-0.000125081,-1.36728e-05,-1.81742e-05,-4.80756e-05,3.69945e-05,-0.00121784,-0.000125081,0.046653,
0.00242613,0.000494508,-0.00135794,0.000975188,0.000295369,0.0010205,-1.36718e-05,0.000494508,0.00173278,0.00103436,0.000708634,-0.000996282,6.37003e-05,-1.81736e-05,-0.00135794,0.00103436,0.00342713,-0.000194785,-0.000287257,0.00195604,-4.80734e-05,0.000975188,0.000708634,-0.000194785,0.00213144,-0.00121376,0.00010827,3.70015e-05,0.000295369,-0.000996282,-0.000287257,-0.00121376,0.0318135,0.00159808,-0.0012178,0.0010205,6.37003e-05,0.00195604,0.00010827,0.00159808,0.0290507,-0.000125072,-1.36718e-05,-1.81736e-05,-4.80734e-05,3.70015e-05,-0.0012178,-0.000125072,0.046653,
0.0024261,0.000494498,-0.00135793,0.000975194,0.000295377,0.00102049,-1.36709e-05,0.000494498,0.00173277,0.00103437,0.000708638,-0.000996278,6.3697e-05,-1.8173e-05,-0.00135793,0.00103437,0.00342713,-0.000194787,-0.000287254,0.00195604,-4.80712e-05,0.000975194,0.000708638,-0.000194787,0.00213145,-0.00121375,0.000108275,3.70085e-05,0.000295377,-0.000996278,-0.000287254,-0.00121375,0.0318135,0.0015981,-0.00121776,0.00102049,6.3697e-05,0.00195604,0.000108275,0.0015981,0.0290507,-0.000125063,-1.36709e-05,-1.8173e-05,-4.80712e-05,3.70085e-05,-0.00121776,-0.000125063,0.046653,
0.00242609,0.000494488,-0.00135793,0.000975199,0.000295386,0.00102048,-1.367e-05,0.000494488,0.00173277,0.00103437,0.000708642,-0.000996275,6.36939e-05,-1.81724e-05,-0.00135793,0.00103437,0.00342712,-0.000194789,-0.000287251,0.00195605,-4.80689e-05,0.000975199,0.000708642,-0.000194789,0.00213146,-0.00121374,0.00010828,3.70155e-05,0.000295386,-0.000996275,-0.000287251,-0.00121374,0.0318136,0.00159811,-0.00121772,0.00102048,6.36939e-05,0.00195605,0.00010828,0.00159811,0.0290507,-0.000125054,-1.367e-05,-1.81724e-05,-4.80689e-05,3.70155e-05,-0.00121772,-0.000125054,0.046653,
0.00242607,0.000494478,-0.00135793,0.000975204,0.000295394,0.00102047,-1.3669e-05,0.000494478,0.00173277,0.00103437,0.000708645,-0.000996271,6.36909e-05,-1.81718e-05,-0.00135793,0.00103437,0.00342712,-0.000194791,-0.000287247,0.00195606,-4.80667e-05,0.000975204,0.000708645,-0.000194791,0.00213147,-0.00121373,0.000108285,3.70225e-05,0.000295394,-0.000996271,-0.000287247,-0.00121373,0.0318136,0.00159812,-0.00121767,0.00102047,6.36909e-05,0.00195606,0.000108285,0.00159812,0.0290507,-0.000125045,-1.3669e-05,-1.81718e-05,-4.80667e-05,3.70225e-05,-0.00121767,-0.000125045,0.046653,
0.00242605,0.000494469,-0.00135792,0.000975209,0.000295401,0.00102046,-1.36681e-05,0.000494469,0.00173276,0.00103437,0.000708649,-0.000996268,6.3688e-05,-1.81712e-05,-0.00135792,0.00103437,0.00342712,-0.000194794,-0.000287245,0.00195607,-4.80644e-05,0.000975209,0.000708649,-0.000194794,0.00213148,-0.00121372,0.00010829,3.70295e-05,0.000295401,-0.000996268,-0.000287245,-0.00121372,0.0318137,0.00159814,-0.00121763,0.00102046,6.3688e-05,0.00195607,0.00010829,0.00159814,0.0290507,-0.000125036,-1.36681e-05,-1.81712e-05,-4.80644e-05,3.70295e-05,-0.00121763,-0.000125036,0.046653,
0.00242603,0.00049446,-0.00135792,0.000975213,0.000295409,0.00102046,-1.36672e-05,0.00049446,0.00173276,0.00103437,0.000708652,-0.000996264,6.36853e-05,-1.81706e-05,-0.00135792,0.00103437,0.00342712,-0.000194796,-0.000287242,0.00195607,-4.80621e-05,0.000975213,0.000708652,-0.000194796,0.00213149,-0.00121371,0.000108294,3.70366e-05,0.000295409,-0.000996264,-0.000287242,-0.00121371,0.0318137,0.00159815,-0.00121759,0.00102046,6.36853e-05,0.00195607,0.000108294,0.00159815,0.0290507,-0.000125027,-1.36672e-05,-1.81706e-05,-4.80621e-05,3.70366e-05,-0.00121759,-0.000125027,0.046653,
0.00242601,0.000494452,-0.00135792,0.000975218,0.000295416,0.00102045,-1.36663e-05,0.000494452,0.00173276,0.00103437,0.000708655,-0.000996261,6.36826e-05,-1.817e-05,-0.00135792,0.00103437,0.00342711,-0.000194798,-0.000287239,0.00195608,-4.80598e-05,0.000975218,0.000708655,-0.000194798,0.00213149,-0.0012137,0.000108298,3.70436e-05,0.000295416,-0.000996261,-0.000287239,-0.0012137,0.0318138,0.00159816,-0.00121754,0.00102045,6.36826e-05,0.00195608,0.000108298,0.00159816,0.0290507,-0.000125018,-1.36663e-05,-1.817e-05,-4.80598e-05,3.70436e-05,-0.00121754,-0.000125018,0.046653,
0.002426,0.000494443,-0.00135792,0.000975223,0.000295423,0.00102044,-1.36653e-05,0.000494443,0.00173276,0.00103437,0.000708658,-0.000996258,6.368e-05,-1.81694e-05,-0.00135792,0.00103437,0.00342711,-0.0001948,-0.000287236,0.00195609,-4.80574e-05,0.000975223,0.000708658,-0.0001948,0.0021315,-0.00121369,0.000108303,3.70507e-05,0.000295423,-0.000996258,-0.000287236,-0.00121369,0.0318138,0.00159817,-0.0012175,0.00102044,6.368e-05,0.00195609,0.000108303,0.00159817,0.0290507,-0.000125009,-1.36653e-05,-1.81694e-05,-4.80574e-05,3.70507e-05,-0.0012175,-0.000125009,0.0466531,
0.00242598,0.000494435,-0.00135791,0.000975227,0.00029543,0.00102043,-1.36644e-05,0.000494435,0.00173275,0.00103437,0.000708661,-0.000996255,6.36775e-05,-1.81688e-05,-0.00135791,0.00103437,0.00342711,-0.000194802,-0.000287233,0.00195609,-4.80551e-05,0.000975227,0.000708661,-0.000194802,0.00213151,-0.00121369,0.000108307,3.70578e-05,0.00029543,-0.000996255,-0.000287233,-0.00121369,0.0318139,0.00159818,-0.00121745,0.00102043,6.36775e-05,0.00195609,0.000108307,0.00159818,0.0290507,-0.000125,-1.36644e-05,-1.81688e-05,-4.80551e-05,3.70578e-05,-0.00121745,-0.000125,0.0466531,
0.00242596,0.000494427,-0.00135791,0.000975231,0.000295437,0.00102043,-1.36635e-05,0.000494427,0.00173275,0.00103437,0.000708664,-0.000996252,6.36751e-05,-1.81681e-05,-0.00135791,0.00103437,0.00342711,-0.000194805,-0.000287231,0.0019561,-4.80528e-05,0.000975231,0.000708664,-0.000194805,0.00213152,-0.00121368,0.000108311,3.70649e-05,0.000295437,-0.000996252,-0.000287231,-0.00121368,0.0318139,0.00159819,-0.00121741,0.00102043,6.36751e-05,0.0019561,0.000108311,0.00159819,0.0290506,-0.00012499,-1.36635e-05,-1.81681e-05,-4.80528e-05,3.70649e-05,-0.00121741,-0.00012499,0.0466531,
0.00242595,0.000494419,-0.00135791,0.000975236,0.000295444,0.00102042,-1.36626e-05,0.000494419,0.00173275,0.00103437,0.000708667,-0.000996249,6.36728e-05,-1.81675e-05,-0.00135791,0.00103437,0.00342711,-0.000194807,-0.000287228,0.00195611,-4.80504e-05,0.000975236,0.000708667,-0.000194807,0.00213152,-0.00121367,0.000108315,3.70719e-05,0.000295444,-0.000996249,-0.000287228,-0.00121367,0.0318139,0.00159821,-0.00121736,0.00102042,6.36728e-05,0.00195611,0.000108315,0.00159821,0.0290506,-0.000124981,-1.36626e-05,-1.81675e-05,-4.80504e-05,3.70719e-05,-0.00121736,-0.000124981,0.0466531,
0.00242593,0.000494411,-0.0013579,0.00097524,0.00029545,0.00102041,-1.36617e-05,0.000494411,0.00173275,0.00103438,0.000708669,-0.000996246,6.36705e-05,-1.81669e-05,-0.0013579,0.00103438,0.0034271,-0.000194809,-0.000287225,0.00195611,-4.80481e-05,0.00097524,0.000708669,-0.000194809,0.00213153,-0.00121366,0.000108319,3.7079e-05,0.00029545,-0.000996246,-0.000287225,-0.00121366,0.031814,0.00159822,-0.00121732,0.00102041,6.36705e-05,0.00195611,0.000108319,0.00159822,0.0290506,-0.000124972,-1.36617e-05,-1.81669e-05,-4.80481e-05,3.7079e-05,-0.00121732,-0.000124972,0.0466531,
0.00242592,0.000494403,-0.0013579,0.000975244,0.000295457,0.00102041,-1.36608e-05,0.000494403,0.00173274,0.00103438,0.000708672,-0.000996244,6.36683e-05,-1.81663e-05,-0.0013579,0.00103438,0.0034271,-0.000194811,-0.000287223,0.00195612,-4.80457e-05,0.000975244,0.000708672,-0.000194811,0.00213154,-0.00121366,0.000108323,3.70861e-05,0.000295457,-0.000996244,-0.000287223,-0.00121366,0.031814,0.00159823,-0.00121728,0.00102041,6.36683e-05,0.00195612,0.000108323,0.00159823,0.0290506,-0.000124963,-1.36608e-05,-1.81663e-05,-4.80457e-05,3.70861e-05,-0.00121728,-0.000124963,0.0466531,
0.0024259,0.000494396,-0.0013579,0.000975248,0.000295463,0.0010204,-1.366e-05,0.000494396,0.00173274,0.00103438,0.000708674,-0.000996241,6.36661e-05,-1.81657e-05,-0.0013579,0.00103438,0.0034271,-0.000194813,-0.00028722,0.00195613,-4.80433e-05,0.000975248,0.000708674,-0.000194813,0.00213154,-0.00121365,0.000108327,3.70932e-05,0.000295463,-0.000996241,-0.00028722,-0.00121365,0.0318141,0.00159824,-0.00121723,0.0010204,6.36661e-05,0.00195613,0.000108327,0.00159824,0.0290506,-0.000124954,-1.366e-05,-1.81657e-05,-4.80433e-05,3.70932e-05,-0.00121723,-0.000124954,0.0466531,
0.00242588,0.000494388,-0.0013579,0.000975252,0.00029547,0.00102039,-1.36591e-05,0.000494388,0.00173274,0.00103438,0.000708677,-0.000996238,6.3664e-05,-1.81651e-05,-0.0013579,0.00103438,0.0034271,-0.000194816,-0.000287218,0.00195613,-4.80409e-05,0.000975252,0.000708677,-0.000194816,0.00213155,-0.00121364,0.000108331,3.71003e-05,0.00029547,-0.000996238,-0.000287218,-0.00121364,0.0318141,0.00159825,-0.00121719,0.00102039,6.3664e-05,0.00195613,0.000108331,0.00159825,0.0290506,-0.000124945,-1.36591e-05,-1.81651e-05,-4.80409e-05,3.71003e-05,-0.00121719,-0.000124945,0.0466531,
0.00242587,0.000494381,-0.00135789,0.000975256,0.000295476,0.00102038,-1.36582e-05,0.000494381,0.00173274,0.00103438,0.000708679,-0.000996235,6.36618e-05,-1.81644e-05,-0.00135789,0.00103438,0.00342709,-0.000194818,-0.000287215,0.00195614,-4.80386e-05,0.000975256,0.000708679,-0.000194818,0.00213156,-0.00121364,0.000108335,3.71074e-05,0.000295476,-0.000996235,-0.000287215,-0.00121364,0.0318141,0.00159826,-0.00121714,0.00102038,6.36618e-05,0.00195614,0.000108335,0.00159826,0.0290506,-0.000124936,-1.36582e-05,-1.81644e-05,-4.80386e-05,3.71074e-05,-0.00121714,-0.000124936,0.0466531,
0.00242585,0.000494373,-0.00135789,0.00097526,0.000295482,0.00102038,-1.36573e-05,0.000494373,0.00173273,0.00103438,0.000708682,-0.000996233,6.36598e-05,-1.81638e-05,-0.00135789,0.00103438,0.00342709,-0.00019482,-0.000287213,0.00195615,-4.80362e-05,0.00097526,0.000708682,-0.00019482,0.00213156,-0.00121363,0.000108339,3.71145e-05,0.000295482,-0.000996233,-0.000287213,-0.00121363,0.0318142,0.00159827,-0.0012171,0.00102038,6.36598e-05,0.00195615,0.000108339,0.00159827,0.0290506,-0.000124927,-1.36573e-05,-1.81638e-05,-4.80362e-05,3.71145e-05,-0.0012171,-0.000124927,0.0466531,
0.00242584,0.000494366,-0.00135789,0.000975264,0.000295488,0.00102037,-1.36564e-05,0.000494366,0.00173273,0.00103438,0.000708684,-0.00099623,6.36577e-05,-1.81632e-05,-0.00135789,0.00103438,0.00342709,-0.000194822,-0.00028721,0.00195615,-4.80338e-05,0.000975264,0.000708684,-0.000194822,0.00213157,-0.00121362,0.000108343,3.71216e-05,0.000295488,-0.00099623,-0.00028721,-0.00121362,0.0318142,0.00159828,-0.00121705,0.00102037,6.36577e-05,0.00195615,0.000108343,0.00159828,0.0290506,-0.000124917,-1.36564e-05,-1.81632e-05,-4.80338e-05,3.71216e-05,-0.00121705,-0.000124917,0.0466531,
0.00242583,0.000494359,-0.00135788,0.000975268,0.000295494,0.00102037,-1.36556e-05,0.000494359,0.00173273,0.00103438,0.000708686,-0.000996228,6.36557e-05,-1.81626e-05,-0.00135788,0.00103438,0.00342709,-0.000194824,-0.000287208,0.00195616,-4.80314e-05,0.000975268,0.000708686,-0.000194824,0.00213158,-0.00121362,0.000108347,3.71287e-05,0.000295494,-0.000996228,-0.000287208,-0.00121362,0.0318143,0.00159829,-0.00121701,0.00102037,6.36557e-05,0.00195616,0.000108347,0.00159829,0.0290506,-0.000124908,-1.36556e-05,-1.81626e-05,-4.80314e-05,3.71287e-05,-0.00121701,-0.000124908,0.0466531,
0.00242581,0.000494352,-0.00135788,0.000975272,0.0002955,0.00102036,-1.36547e-05,0.000494352,0.00173273,0.00103438,0.000708688,-0.000996225,6.36538e-05,-1.8162e-05,-0.00135788,0.00103438,0.00342708,-0.000194827,-0.000287206,0.00195617,-4.8029e-05,0.000975272,0.000708688,-0.000194827,0.00213158,-0.00121361,0.00010835,3.71358e-05,0.0002955,-0.000996225,-0.000287206,-0.00121361,0.0318143,0.0015983,-0.00121696,0.00102036,6.36538e-05,0.00195617,0.00010835,0.0015983,0.0290506,-0.000124899,-1.36547e-05,-1.8162e-05,-4.8029e-05,3.71358e-05,-0.00121696,-0.000124899,0.0466532,
0.0024258,0.000494345,-0.00135788,0.000975276,0.000295506,0.00102035,-1.36538e-05,0.000494345,0.00173273,0.00103438,0.000708691,-0.000996223,6.36518e-05,-1.81613e-05,-0.00135788,0.00103438,0.00342708,-0.000194829,-0.000287203,0.00195617,-4.80266e-05,0.000975276,0.000708691,-0.000194829,0.00213159,-0.0012136,0.000108354,3.71429e-05,0.000295506,-0.000996223,-0.000287203,-0.0012136,0.0318143,0.00159831,-0.00121692,0.00102035,6.36518e-05,0.00195617,0.000108354,0.00159831,0.0290505,-0.00012489,-1.36538e-05,-1.81613e-05,-4.80266e-05,3.71429e-05,-0.00121692,-0.00012489,0.0466532,
0.00242578,0.000494338,-0.00135788,0.00097528,0.000295512,0.00102035,-1.36529e-05,0.000494338,0.00173272,0.00103438,0.000708693,-0.00099622,6.36498e-05,-1.81607e-05,-0.00135788,0.00103438,0.00342708,-0.000194831,-0.000287201,0.00195618,-4.80242e-05,0.00097528,0.000708693,-0.000194831,0.0021316,-0.0012136,0.000108358,3.715e-05,0.000295512,-0.00099622,-0.000287201,-0.0012136,0.0318144,0.00159832,-0.00121687,0.00102035,6.36498e-05,0.00195618,0.000108358,0.00159832,0.0290505,-0.000124881,-1.36529e-05,-1.81607e-05,-4.80242e-05,3.715e-05,-0.00121687,-0.000124881,0.0466532,
0.00242577,0.000494331,-0.00135787,0.000975284,0.000295518,0.00102034,-1.36521e-05,0.000494331,0.00173272,0.00103439,0.000708695,-0.000996218,6.36479e-05,-1.81601e-05,-0.00135787,0.00103439,0.00342708,-0.000194833,-0.000287199,0.00195618,-4.80219e-05,0.000975284,0.000708695,-0.000194833,0.0021316,-0.00121359,0.000108362,3.71571e-05,0.000295518,-0.000996218,-0.000287199,-0.00121359,0.0318144,0.00159833,-0.00121683,0.00102034,6.36479e-05,0.00195618,0.000108362,0.00159833,0.0290505,-0.000124872,-1.36521e-05,-1.81601e-05,-4.80219e-05,3.71571e-05,-0.00121683,-0.000124872,0.0466532,
0.00242575,0.000494324,-0.00135787,0.000975287,0.000295524,0.00102033,-1.36512e-05,0.000494324,0.00173272,0.00103439,0.000708697,-0.000996215,6.3646e-05,-1.81595e-05,-0.00135787,0.00103439,0.00342708,-0.000194835,-0.000287196,0.00195619,-4.80195e-05,0.000975287,0.000708697,-0.000194835,0.00213161,-0.00121359,0.000108365,3.71642e-05,0.000295524,-0.000996215,-0.000287196,-0.00121359,0.0318144,0.00159834,-0.00121678,0.00102033,6.3646e-05,0.00195619,0.000108365,0.00159834,0.0290505,-0.000124863,-1.36512e-05,-1.81595e-05,-4.80195e-05,3.71642e-05,-0.00121678,-0.000124863,0.0466532,
0.00242574,0.000494317,-0.00135787,0.000975291,0.00029553,0.00102033,-1.36503e-05,0.000494317,0.00173272,0.00103439,0.000708699,-0.000996213,6.36441e-05,-1.81589e-05,-0.00135787,0.00103439,0.00342707,-0.000194837,-0.000287194,0.0019562,-4.80171e-05,0.000975291,0.000708699,-0.000194837,0.00213162,-0.00121358,0.000108369,3.71713e-05,0.00029553,-0.000996213,-0.000287194,-0.00121358,0.0318145,0.00159835,-0.00121674,0.00102033,6.36441e-05,0.0019562,0.000108369,0.00159835,0.0290505,-0.000124854,-1.36503e-05,-1.81589e-05,-4.80171e-05,3.71713e-05,-0.00121674,-0.000124854,0.0466532,
