0.00271727,0.000504284,0.000397485,-4.81022e-05,-0.000461619,-7.55331e-05,0.000171204,0.000162465,0.00081462,0.000937359,-1.74266e-05,0.000309501,0.00026458,9.42042e-05,-0.000352909,0.000634286,0.00444162,4.39313e-06,-0.0020811,-0.000349004,0.000124067,0.00325208,0.000120507,-0.00261889,0.000148838,-0.000501239,-0.000245251,-0.000192448,0.00242962,0.000363953,-0.00452507,0.000139738,0.0242399,0.00022738,0.00137143,0.00050276,0.000260231,-0.000871292,3.00945e-05,0.000356288,0.0239879,-0.000165561,3.54228e-05,6.89449e-05,0.000189006,-3.36779e-06,0.00156345,-0.0001211,0.0467292,
0.00271454,0.000507068,0.000390946,-4.81026e-05,-0.000454885,-7.61134e-05,0.000171679,0.000164695,0.000817433,0.000942397,-1.74964e-05,0.000306219,0.000262772,9.49089e-05,-0.000358106,0.000639305,0.0044412,4.30471e-06,-0.0020776,-0.000352736,0.000123871,0.00324947,0.000123166,-0.00260719,0.000148754,-0.000511673,-0.00024499,-0.00019443,0.00243249,0.00036175,-0.00451222,0.000139753,0.0242243,0.000227795,0.00137016,0.000503582,0.000258931,-0.000874325,3.01639e-05,0.000354204,0.0239881,-0.000166103,3.54118e-05,6.92582e-05,0.000188386,-3.35986e-06,0.00156438,-0.000121143,0.0467294,
0.00271151,0.000510036,0.00038397,-4.81069e-05,-0.000447857,-7.68658e-05,0.000171962,0.000167059,0.000820487,0.00094781,-1.75725e-05,0.000302827,0.000261139,9.55768e-05,-0.000363755,0.000644669,0.00444069,4.20946e-06,-0.00207386,-0.000356771,0.000123649,0.00324666,0.000126014,-0.00259484,0.000148668,-0.000522683,-0.000244733,-0.000196,0.0024354,0.00035952,-0.00449864,0.000139773,0.0242072,0.000228663,0.00136898,0.000503997,0.000257831,-0.000877381,3.02247e-05,0.00035249,0.0239888,-0.000166538,3.52703e-05,6.95659e-05,0.000187757,-3.35506e-06,0.00156505,-0.000121167,0.0467295,
0.0027082,0.000513114,0.000376756,-4.81146e-05,-0.000440667,-7.77362e-05,0.000172114,0.000169496,0.000823725,0.000953484,-1.7653e-05,0.000299426,0.000259589,9.62209e-05,-0.000369729,0.000650254,0.00444007,4.10958e-06,-0.00206993,-0.000360994,0.00012341,0.00324364,0.000128968,-0.00258222,0.00014858,-0.000533876,-0.00024444,-0.000197286,0.00243819,0.000357334,-0.00448462,0.00013979,0.0241895,0.000229876,0.0013679,0.00050405,0.000256826,-0.000880401,3.02755e-05,0.000351069,0.0239897,-0.000166895,3.50422e-05,6.98712e-05,0.000187127,-3.3523e-06,0.00156556,-0.00012118,0.0467295,
0.00270465,0.000516237,0.000369477,-4.81255e-05,-0.000433437,-7.86841e-05,0.000172169,0.00017195,0.000827089,0.000959316,-1.77361e-05,0.000296093,0.000258085,9.68435e-05,-0.000375907,0.000655946,0.00443936,4.00715e-06,-0.00206587,-0.000365309,0.000123163,0.00324042,0.000131957,-0.00256962,0.000148487,-0.000544928,-0.000244089,-0.000198349,0.00244077,0.000355239,-0.00447043,0.000139798,0.0241718,0.00023136,0.00136693,0.00050378,0.00025587,-0.000883343,3.03155e-05,0.000349912,0.0239908,-0.000167189,3.47541e-05,7.01736e-05,0.000186506,-3.351e-06,0.00156597,-0.000121185,0.0467296,
0.00270089,0.000519351,0.000362273,-4.81392e-05,-0.000426271,-7.96784e-05,0.000172149,0.000174374,0.000830523,0.000965211,-1.78205e-05,0.000292878,0.000256615,9.74423e-05,-0.00038218,0.000661646,0.00443855,3.90404e-06,-0.00206175,-0.000369637,0.000122913,0.00323703,0.000134918,-0.00255729,0.000148389,-0.000555582,-0.000243668,-0.00019922,0.00244307,0.000353262,-0.00445633,0.000139796,0.0241546,0.000233059,0.00136608,0.000503226,0.000254942,-0.000886177,3.03446e-05,0.000349003,0.0239921,-0.000167427,3.44238e-05,7.04706e-05,0.0001859,-3.35078e-06,0.00156631,-0.000121185,0.0467297,
0.00269697,0.000522408,0.000355263,-4.81554e-05,-0.000419258,-8.06936e-05,0.000172066,0.000176731,0.000833977,0.000971086,-1.79049e-05,0.000289818,0.000255179,9.80132e-05,-0.000388452,0.000667271,0.00443765,3.80185e-06,-0.00205763,-0.000373913,0.000122664,0.00323349,0.000137802,-0.00254543,0.000148287,-0.000565641,-0.000243173,-0.000199918,0.00244507,0.000351417,-0.00444255,0.000139781,0.0241381,0.000234928,0.00136535,0.00050243,0.000254034,-0.000888883,3.03633e-05,0.000348331,0.0239934,-0.000167614,3.40643e-05,7.07598e-05,0.000185318,-3.35138e-06,0.00156658,-0.000121182,0.0467297,
0.00269293,0.000525372,0.000348534,-4.81736e-05,-0.000412465,-8.17098e-05,0.000171929,0.000178991,0.000837407,0.000976872,-1.7988e-05,0.000286935,0.000253784,9.85527e-05,-0.000394641,0.000672753,0.00443669,3.70192e-06,-0.00205356,-0.000378085,0.000122419,0.00322984,0.000140566,-0.00253418,0.00014818,-0.000574967,-0.000242604,-0.000200454,0.00244676,0.00034971,-0.00442924,0.000139753,0.0241227,0.000236927,0.00136475,0.000501432,0.000253145,-0.000891449,3.03722e-05,0.000347884,0.0239947,-0.000167752,3.36855e-05,7.10387e-05,0.000184764,-3.35261e-06,0.00156681,-0.000121176,0.0467297,
0.00268881,0.000528213,0.000342156,-4.81936e-05,-0.000405946,-8.27109e-05,0.000171748,0.000181133,0.000840775,0.000982512,-1.8069e-05,0.000284243,0.000252437,9.90576e-05,-0.000400679,0.000678039,0.00443568,3.60533e-06,-0.00204958,-0.000382112,0.000122181,0.00322609,0.000143181,-0.00252362,0.00014807,-0.00058347,-0.000241965,-0.00020084,0.00244816,0.000348141,-0.00441656,0.000139712,0.0241084,0.000239022,0.00136427,0.000500272,0.000252279,-0.000893866,3.03721e-05,0.000347649,0.0239961,-0.000167845,3.32957e-05,7.13053e-05,0.000184241,-3.35433e-06,0.00156699,-0.000121168,0.0467297,
0.00268466,0.000530911,0.000336175,-4.82149e-05,-0.000399738,-8.36842e-05,0.000171529,0.000183141,0.000844048,0.000987959,-1.81472e-05,0.000281749,0.000251145,9.95256e-05,-0.00040651,0.000683088,0.00443463,3.5129e-06,-0.00204574,-0.000385963,0.000121952,0.0032223,0.000145624,-0.00251383,0.000147956,-0.000591104,-0.00024126,-0.000201087,0.00244927,0.000346707,-0.00440458,0.00013966,0.0240953,0.000241182,0.00136391,0.000498986,0.000251439,-0.000896131,3.03639e-05,0.000347607,0.0239976,-0.000167897,3.29017e-05,7.15581e-05,0.000183753,-3.35641e-06,0.00156713,-0.000121156,0.0467298,
0.0026805,0.000533451,0.000330623,-4.82372e-05,-0.000393867,-8.46201e-05,0.000171279,0.000185005,0.0008472,0.000993178,-1.8222e-05,0.000279456,0.000249914,9.99553e-05,-0.000412089,0.00068787,0.00443355,3.42525e-06,-0.00204206,-0.000389617,0.000121732,0.00321849,0.000147881,-0.00250483,0.000147839,-0.000597854,-0.000240497,-0.000201204,0.00245011,0.000345403,-0.00439338,0.000139596,0.0240834,0.00024338,0.00136366,0.000497607,0.000250629,-0.00089824,3.03486e-05,0.000347739,0.023999,-0.00016791,3.25092e-05,7.1796e-05,0.000183301,-3.35874e-06,0.00156722,-0.000121142,0.0467298,
0.00267638,0.000535823,0.000325515,-4.82602e-05,-0.00038835,-8.55115e-05,0.000171003,0.00018672,0.000850211,0.00099814,-1.82929e-05,0.000277362,0.00024875,0.000100346,-0.000417384,0.000692365,0.00443247,3.34281e-06,-0.00203857,-0.000393056,0.000121524,0.00321469,0.000149944,-0.00249662,0.00014772,-0.000603735,-0.000239684,-0.000201204,0.00245071,0.000344222,-0.00438299,0.000139523,0.0240728,0.000245589,0.00136351,0.000496165,0.000249852,-0.000900193,3.03272e-05,0.000348025,0.0240003,-0.000167887,3.2123e-05,7.20184e-05,0.000182885,-3.36123e-06,0.00156729,-0.000121126,0.0467298,
0.00267232,0.000538023,0.000320858,-4.82835e-05,-0.000383194,-8.63531e-05,0.000170707,0.000188287,0.000853064,0.00100283,-1.83595e-05,0.000275462,0.000247655,0.000100699,-0.00042237,0.000696562,0.0044314,3.26584e-06,-0.00203528,-0.000396273,0.000121327,0.00321092,0.000151811,-0.00248919,0.0001476,-0.000608778,-0.000238832,-0.000201098,0.00245109,0.000343157,-0.00437341,0.000139441,0.0240634,0.000247789,0.00136346,0.000494685,0.000249112,-0.000901991,3.03006e-05,0.000348444,0.0240017,-0.000167832,3.17468e-05,7.22249e-05,0.000182505,-3.3638e-06,0.00156732,-0.000121106,0.0467298,
0.00266835,0.000540049,0.000316645,-4.83069e-05,-0.000378399,-8.71417e-05,0.000170396,0.000189706,0.000855748,0.00100722,-1.84218e-05,0.00027375,0.000246632,0.000101013,-0.000427033,0.000700456,0.00443035,3.19446e-06,-0.00203222,-0.000399262,0.000121143,0.00320721,0.000153483,-0.00248251,0.000147479,-0.00061303,-0.000237949,-0.000200896,0.00245126,0.000342201,-0.00436464,0.000139352,0.0240552,0.00024996,0.00136349,0.000493189,0.000248412,-0.000903636,3.02697e-05,0.000348973,0.024003,-0.000167749,3.13837e-05,7.24154e-05,0.000182161,-3.36639e-06,0.00156731,-0.000121084,0.0467298,
0.00266449,0.000541902,0.000312867,-4.83303e-05,-0.000373961,-8.78753e-05,0.000170073,0.000190982,0.000858256,0.00101133,-1.84796e-05,0.000272219,0.000245682,0.000101291,-0.000431364,0.000704045,0.00442934,3.12869e-06,-0.00202938,-0.000402022,0.000120972,0.00320358,0.000154968,-0.00247654,0.000147359,-0.000616547,-0.000237046,-0.000200611,0.00245126,0.000341347,-0.00435666,0.000139256,0.0240481,0.000252085,0.00136361,0.000491695,0.000247752,-0.000905131,3.02353e-05,0.000349593,0.0240042,-0.000167639,3.10362e-05,7.25902e-05,0.00018185,-3.36895e-06,0.00156728,-0.000121058,0.0467298,
0.00266076,0.000543588,0.000309507,-4.83533e-05,-0.000369871,-8.85533e-05,0.000169743,0.000192121,0.000860584,0.00101513,-1.85328e-05,0.000270857,0.000244806,0.000101533,-0.000435361,0.000707336,0.00442837,3.06845e-06,-0.00202676,-0.000404558,0.000120813,0.00320005,0.000156272,-0.00247124,0.000147239,-0.000619391,-0.000236133,-0.000200252,0.0024511,0.000340588,-0.00434944,0.000139156,0.024042,0.00025415,0.00136378,0.000490219,0.000247135,-0.00090648,3.01981e-05,0.000350286,0.0240054,-0.000167508,3.0706e-05,7.27497e-05,0.000181572,-3.37145e-06,0.00156722,-0.00012103,0.0467298,
0.00265718,0.00054511,0.000306542,-4.83758e-05,-0.000366117,-8.91757e-05,0.000169409,0.00019313,0.00086273,0.00101864,-1.85814e-05,0.000269657,0.000244003,0.000101743,-0.000439027,0.000710335,0.00442744,3.0136e-06,-0.00202438,-0.000406873,0.000120666,0.00319663,0.000157405,-0.00246656,0.00014712,-0.000621625,-0.000235219,-0.00019983,0.0024508,0.000339918,-0.00434293,0.000139052,0.0240369,0.000256144,0.00136401,0.000488774,0.000246562,-0.000907688,3.0159e-05,0.000351032,0.0240066,-0.000167357,3.03944e-05,7.28942e-05,0.000181324,-3.37383e-06,0.00156714,-0.000120998,0.0467298,
0.00265376,0.000546477,0.000303951,-4.83977e-05,-0.000362686,-8.97436e-05,0.000169074,0.000194018,0.000864698,0.00102186,-1.86257e-05,0.000268607,0.000243271,0.000101921,-0.000442368,0.000713054,0.00442658,2.96394e-06,-0.00202221,-0.000408976,0.000120533,0.00319333,0.00015838,-0.00246244,0.000147004,-0.000623313,-0.000234312,-0.000199355,0.00245039,0.00033933,-0.00433711,0.000138945,0.0240326,0.000258056,0.00136429,0.00048737,0.000246033,-0.000908761,3.01183e-05,0.000351818,0.0240077,-0.000167189,3.01023e-05,7.30246e-05,0.000181105,-3.37609e-06,0.00156704,-0.000120963,0.0467298,
0.0026505,0.000547697,0.000301707,-4.84188e-05,-0.000359562,-9.02586e-05,0.00016874,0.000194793,0.00086649,0.00102479,-1.86657e-05,0.000267696,0.000242608,0.00010207,-0.000445396,0.000715505,0.00442577,2.91923e-06,-0.00202026,-0.000410876,0.000120411,0.00319017,0.000159208,-0.00245884,0.000146889,-0.000624518,-0.000233419,-0.000198836,0.00244988,0.000338818,-0.00433191,0.000138837,0.0240292,0.000259878,0.00136461,0.000486014,0.000245546,-0.000909706,3.00768e-05,0.000352627,0.0240087,-0.000167006,2.983e-05,7.31415e-05,0.000180911,-3.3782e-06,0.00156691,-0.000120925,0.0467298,
0.00264742,0.000548779,0.000299785,-4.84391e-05,-0.000356727,-9.07227e-05,0.000168411,0.000195463,0.000868112,0.00102746,-1.87015e-05,0.000266915,0.000242012,0.000102192,-0.000448122,0.000717703,0.00442502,2.87921e-06,-0.00201852,-0.000412583,0.0001203,0.00318714,0.000159902,-0.00245571,0.000146778,-0.000625298,-0.000232549,-0.000198282,0.00244928,0.000338376,-0.0043273,0.000138729,0.0240264,0.000261607,0.00136496,0.000484713,0.000245102,-0.00091053,3.0035e-05,0.000353449,0.0240096,-0.000166812,2.95776e-05,7.32456e-05,0.000180742,-3.38016e-06,0.00156676,-0.000120883,0.0467298,
0.00264451,0.000549731,0.000298158,-4.84585e-05,-0.000354164,-9.11384e-05,0.000168086,0.000196039,0.000869571,0.00102986,-1.87335e-05,0.000266252,0.000241479,0.000102289,-0.000450561,0.000719662,0.00442433,2.84358e-06,-0.00201697,-0.000414107,0.0001202,0.00318426,0.000160473,-0.00245301,0.00014667,-0.000625709,-0.000231705,-0.0001977,0.00244862,0.000337999,-0.00432323,0.000138621,0.0240243,0.000263236,0.00136532,0.000483471,0.0002447,-0.000911241,2.99931e-05,0.000354272,0.0240105,-0.000166608,2.9345e-05,7.33377e-05,0.000180595,-3.38194e-06,0.0015666,-0.000120837,0.0467298,
0.00264178,0.000550562,0.0002968,-4.8477e-05,-0.000351857,-9.15083e-05,0.000167769,0.000196527,0.000870875,0.00103202,-1.87618e-05,0.000265697,0.000241006,0.000102364,-0.000452731,0.000721398,0.00442371,2.81205e-06,-0.00201561,-0.000415461,0.000120111,0.00318153,0.000160934,-0.00245069,0.000146566,-0.000625803,-0.000230893,-0.000197097,0.0024479,0.000337681,-0.00431966,0.000138514,0.0240228,0.000264766,0.00136571,0.000482291,0.000244337,-0.000911847,2.99517e-05,0.000355087,0.0240113,-0.000166396,2.91317e-05,7.34186e-05,0.000180468,-3.38355e-06,0.00156642,-0.000120788,0.0467298,
0.00263922,0.000551284,0.000295685,-4.84945e-05,-0.000349788,-9.18352e-05,0.000167461,0.000196937,0.000872033,0.00103395,-1.87866e-05,0.00026524,0.000240589,0.000102419,-0.000454648,0.000722926,0.00442315,2.78433e-06,-0.00201441,-0.000416656,0.000120031,0.00317894,0.000161296,-0.00244871,0.000146465,-0.000625629,-0.000230117,-0.00019648,0.00244715,0.000337416,-0.00431654,0.000138409,0.0240217,0.000266194,0.00136609,0.000481174,0.000244012,-0.000912355,2.9911e-05,0.000355887,0.0240121,-0.000166178,2.89372e-05,7.34892e-05,0.000180358,-3.38499e-06,0.00156623,-0.000120735,0.0467297,
0.00263684,0.000551903,0.00029479,-4.8511e-05,-0.000347938,-9.2122e-05,0.000167162,0.000197276,0.000873055,0.00103566,-1.88082e-05,0.000264871,0.000240224,0.000102455,-0.000456329,0.000724264,0.00442265,2.76011e-06,-0.00201338,-0.000417704,0.000119959,0.0031765,0.000161572,-0.00244703,0.000146369,-0.000625228,-0.000229378,-0.000195856,0.00244637,0.000337201,-0.00431383,0.000138306,0.0240211,0.000267521,0.00136649,0.000480123,0.000243723,-0.000912774,2.98713e-05,0.000356666,0.0240128,-0.000165955,2.87606e-05,7.35502e-05,0.000180265,-3.38626e-06,0.00156602,-0.000120678,0.0467297,
0.00263463,0.000552431,0.000294091,-4.85265e-05,-0.000346292,-9.23718e-05,0.000166873,0.000197551,0.000873949,0.00103717,-1.88269e-05,0.000264581,0.000239908,0.000102476,-0.000457793,0.000725425,0.0044222,2.7391e-06,-0.00201249,-0.000418616,0.000119896,0.00317421,0.00016177,-0.00244563,0.000146277,-0.00062464,-0.00022868,-0.000195228,0.00244557,0.000337029,-0.00431148,0.000138206,0.0240208,0.000268749,0.00136688,0.000479135,0.000243468,-0.000913112,2.98327e-05,0.000357418,0.0240135,-0.00016573,2.86012e-05,7.36025e-05,0.000180186,-3.38736e-06,0.0015658,-0.000120618,0.0467297,
0.00263258,0.000552874,0.000293566,-4.8541e-05,-0.000344833,-9.25875e-05,0.000166594,0.000197771,0.000874726,0.00103849,-1.88429e-05,0.000264362,0.000239637,0.000102482,-0.000459058,0.000726426,0.00442181,2.72102e-06,-0.00201173,-0.000419404,0.000119841,0.00317207,0.000161901,-0.00244446,0.000146189,-0.000623899,-0.000228022,-0.000194601,0.00244476,0.000336898,-0.00430948,0.000138109,0.0240209,0.00026988,0.00136726,0.000478212,0.000243244,-0.000913376,2.97954e-05,0.00035814,0.0240141,-0.000165502,2.8458e-05,7.36468e-05,0.000180119,-3.38829e-06,0.00156556,-0.000120554,0.0467297,
0.0026365,0.000553907,0.000289493,-5.16168e-05,-0.000347572,-9.37789e-05,0.000166114,0.000200198,0.000875653,0.0010382,-2.00457e-05,0.000262641,0.000239015,0.000102393,-0.000460464,0.000727244,0.00442168,2.87622e-06,-0.00201087,-0.000420023,0.000119804,0.00315257,0.000159973,-0.00243237,0.00015532,-0.00061092,-0.000224377,-0.00019334,0.00242742,0.000334912,-0.00429725,0.000146721,0.0240327,0.00027378,0.00136823,0.000473788,0.000242641,-0.000911306,3.16366e-05,0.000361298,0.0240152,-0.000165142,2.87359e-05,7.37301e-05,0.000179805,-3.60282e-06,0.00156504,-0.000120557,0.0467297,
0.00271046,0.000562873,0.000241061,-9.15293e-05,-0.000398877,-0.000107035,0.000163098,0.000229733,0.00087959,0.00102047,-3.5558e-05,0.00024217,0.000233732,0.000101304,-0.000465575,0.000727486,0.00442406,5.07435e-06,-0.00200744,-0.000419869,0.000119914,0.00292311,0.000133941,-0.0022867,0.000275202,-0.000452314,-0.000184417,-0.000184428,0.00221165,0.000310238,-0.00415895,0.000259936,0.0241822,0.000311929,0.00137643,0.00042666,0.000237169,-0.000881951,5.60203e-05,0.000394043,0.0240238,-0.000163224,3.39056e-05,7.43653e-05,0.000176395,-6.38822e-06,0.00156112,-0.000121401,0.0467295,
0.00392523,0.000702482,-0.000533461,-0.000732943,-0.00124035,-0.000317488,0.000118692,0.000702482,0.000934224,0.000720389,-0.000284808,-8.52369e-05,0.000151847,8.41159e-05,-0.000533461,0.000720389,0.00446655,4.04617e-05,-0.00196053,-0.000408734,0.000122314,-0.000732943,-0.000284808,4.04617e-05,0.00220208,0.00207969,0.000447985,-5.11506e-05,-0.00124035,-8.52369e-05,-0.00196053,0.00207969,0.0265733,0.000909542,0.00150207,-0.000317488,0.000151847,-0.000408734,0.000447985,0.000909542,0.0241528,-0.000136004,0.000118692,8.41159e-05,0.000122314,-5.11506e-05,0.00150207,-0.000136004,0.0467265,
0.00392438,0.000702758,-0.000533792,-0.000733565,-0.00123983,-0.000317497,0.000118639,0.000702758,0.000934616,0.000720796,-0.000285061,-8.52052e-05,0.000151797,8.41391e-05,-0.000533792,0.000720796,0.00446626,4.03735e-05,-0.00196045,-0.000409094,0.00012227,-0.000733565,-0.000285061,4.03735e-05,0.00220229,0.00207957,0.000447679,-5.11927e-05,-0.00123983,-8.52052e-05,-0.00196045,0.00207957,0.0265731,0.00090952,0.00150176,-0.000317497,0.000151797,-0.000409094,0.000447679,0.00090952,0.0241529,-0.000135919,0.000118639,8.41391e-05,0.00012227,-5.11927e-05,0.00150176,-0.000135919,0.0467265,
0.00392365,0.000702948,-0.000534034,-0.000734129,-0.00123936,-0.000317489,0.000118595,0.000702948,0.000934905,0.000721088,-0.000285275,-8.51081e-05,0.000151772,8.41543e-05,-0.000534034,0.000721088,0.00446606,4.03135e-05,-0.00196041,-0.000409357,0.000122233,-0.000734129,-0.000285275,4.03135e-05,0.00220249,0.00207946,0.000447412,-5.12278e-05,-0.00123936,-8.51081e-05,-0.00196041,0.00207946,0.0265729,0.000909471,0.00150146,-0.000317489,0.000151772,-0.000409357,0.000447412,0.000909471,0.0241531,-0.00013583,0.000118595,8.41543e-05,0.000122233,-5.12278e-05,0.00150146,-0.00013583,0.0467265,
0.00392301,0.000703084,-0.000534219,-0.00073464,-0.00123894,-0.000317471,0.000118557,0.000703084,0.000935126,0.000721307,-0.000285459,-8.49956e-05,0.000151759,8.41643e-05,-0.000534219,0.000721307,0.0044659,4.02727e-05,-0.00196039,-0.000409555,0.0001222,-0.00073464,-0.000285459,4.02727e-05,0.00220267,0.00207937,0.000447194,-5.1256e-05,-0.00123894,-8.49956e-05,-0.00196039,0.00207937,0.0265728,0.000909412,0.00150117,-0.000317471,0.000151759,-0.000409555,0.000447194,0.000909412,0.0241532,-0.000135739,0.000118557,8.41643e-05,0.0001222,-5.1256e-05,0.00150117,-0.000135739,0.0467265,
0.00392245,0.000703186,-0.000534364,-0.000735104,-0.00123853,-0.000317447,0.000118524,0.000703186,0.000935301,0.000721479,-0.000285622,-8.48845e-05,0.000151749,8.41707e-05,-0.000534364,0.000721479,0.00446578,4.0245e-05,-0.00196038,-0.000409712,0.000122171,-0.000735104,-0.000285622,4.0245e-05,0.00220284,0.0020793,0.000447018,-5.12785e-05,-0.00123853,-8.48845e-05,-0.00196038,0.0020793,0.0265727,0.00090935,0.00150088,-0.000317447,0.000151749,-0.000409712,0.000447018,0.00090935,0.0241534,-0.000135646,0.000118524,8.41707e-05,0.000122171,-5.12785e-05,0.00150088,-0.000135646,0.0467265,
0.00392195,0.000703266,-0.000534484,-0.000735527,-0.00123816,-0.000317421,0.000118494,0.000703266,0.000935446,0.000721619,-0.000285767,-8.47811e-05,0.000151741,8.41747e-05,-0.000534484,0.000721619,0.00446568,4.0226e-05,-0.00196037,-0.000409839,0.000122142,-0.000735527,-0.000285767,4.0226e-05,0.002203,0.00207924,0.000446874,-5.12964e-05,-0.00123816,-8.47811e-05,-0.00196037,0.00207924,0.0265727,0.000909289,0.0015006,-0.000317421,0.000151741,-0.000409839,0.000446874,0.000909289,0.0241535,-0.000135549,0.000118494,8.41747e-05,0.000122142,-5.12964e-05,0.0015006,-0.000135549,0.0467266,
0.00392149,0.000703332,-0.000534586,-0.000735914,-0.00123781,-0.000317394,0.000118465,0.000703332,0.00093557,0.000721738,-0.000285897,-8.46872e-05,0.000151732,8.4177e-05,-0.000534586,0.000721738,0.0044656,4.02123e-05,-0.00196037,-0.000409948,0.000122115,-0.000735914,-0.000285897,4.02123e-05,0.00220314,0.0020792,0.000446754,-5.13105e-05,-0.00123781,-8.46872e-05,-0.00196037,0.0020792,0.0265726,0.000909229,0.00150031,-0.000317394,0.000151732,-0.000409948,0.000446754,0.000909229,0.0241536,-0.000135451,0.000118465,8.4177e-05,0.000122115,-5.13105e-05,0.00150031,-0.000135451,0.0467266,
0.00392108,0.000703389,-0.000534675,-0.000736269,-0.00123748,-0.000317368,0.000118438,0.000703389,0.000935679,0.000721843,-0.000286017,-8.46026e-05,0.000151723,8.41781e-05,-0.000534675,0.000721843,0.00446553,4.02017e-05,-0.00196036,-0.000410043,0.000122088,-0.000736269,-0.000286017,4.02017e-05,0.00220328,0.00207917,0.000446652,-5.13217e-05,-0.00123748,-8.46026e-05,-0.00196036,0.00207917,0.0265726,0.000909172,0.00150003,-0.000317368,0.000151723,-0.000410043,0.000446652,0.000909172,0.0241538,-0.00013535,0.000118438,8.41781e-05,0.000122088,-5.13217e-05,0.00150003,-0.00013535,0.0467266,
0.00392069,0.00070344,-0.000534756,-0.000736596,-0.00123717,-0.000317343,0.000118413,0.00070344,0.000935778,0.000721938,-0.000286126,-8.45266e-05,0.000151713,8.41784e-05,-0.000534756,0.000721938,0.00446546,4.01926e-05,-0.00196035,-0.000410129,0.000122061,-0.000736596,-0.000286126,4.01926e-05,0.0022034,0.00207914,0.000446562,-5.13303e-05,-0.00123717,-8.45266e-05,-0.00196035,0.00207914,0.0265726,0.000909116,0.00149974,-0.000317343,0.000151713,-0.000410129,0.000446562,0.000909116,0.0241539,-0.000135247,0.000118413,8.41784e-05,0.000122061,-5.13303e-05,0.00149974,-0.000135247,0.0467266,
0.00392034,0.000703487,-0.000534831,-0.000736897,-0.00123688,-0.000317319,0.000118388,0.000703487,0.00093587,0.000722026,-0.000286228,-8.4458e-05,0.000151702,8.4178e-05,-0.000534831,0.000722026,0.0044654,4.01841e-05,-0.00196033,-0.000410209,0.000122035,-0.000736897,-0.000286228,4.01841e-05,0.00220352,0.00207911,0.000446481,-5.1337e-05,-0.00123688,-8.4458e-05,-0.00196033,0.00207911,0.0265726,0.000909062,0.00149945,-0.000317319,0.000151702,-0.000410209,0.000446481,0.000909062,0.024154,-0.000135142,0.000118388,8.4178e-05,0.000122035,-5.1337e-05,0.00149945,-0.000135142,0.0467267,
0.00392001,0.000703533,-0.000534902,-0.000737175,-0.00123662,-0.000317297,0.000118364,0.000703533,0.000935957,0.00072211,-0.000286322,-8.4396e-05,0.000151689,8.41771e-05,-0.000534902,0.00072211,0.00446534,4.01756e-05,-0.00196032,-0.000410283,0.000122009,-0.000737175,-0.000286322,4.01756e-05,0.00220363,0.00207908,0.000446407,-5.13419e-05,-0.00123662,-8.4396e-05,-0.00196032,0.00207908,0.0265727,0.000909009,0.00149916,-0.000317297,0.000151689,-0.000410283,0.000446407,0.000909009,0.0241542,-0.000135035,0.000118364,8.41771e-05,0.000122009,-5.13419e-05,0.00149916,-0.000135035,0.0467267,
0.00391971,0.000703578,-0.00053497,-0.000737433,-0.00123637,-0.000317277,0.00011834,0.000703578,0.00093604,0.000722191,-0.000286411,-8.43397e-05,0.000151675,8.41759e-05,-0.00053497,0.000722191,0.00446528,4.01666e-05,-0.0019603,-0.000410355,0.000121982,-0.000737433,-0.000286411,4.01666e-05,0.00220373,0.00207906,0.000446337,-5.13454e-05,-0.00123637,-8.43397e-05,-0.0019603,0.00207906,0.0265727,0.000908958,0.00149887,-0.000317277,0.000151675,-0.000410355,0.000446337,0.000908958,0.0241543,-0.000134927,0.00011834,8.41759e-05,0.000121982,-5.13454e-05,0.00149887,-0.000134927,0.0467267,
0.00391942,0.000703622,-0.000535036,-0.000737673,-0.00123614,-0.000317259,0.000118317,0.000703622,0.000936121,0.000722269,-0.000286495,-8.42884e-05,0.000151661,8.41744e-05,-0.000535036,0.000722269,0.00446523,4.0157e-05,-0.00196028,-0.000410423,0.000121956,-0.000737673,-0.000286495,4.0157e-05,0.00220382,0.00207904,0.000446271,-5.13477e-05,-0.00123614,-8.42884e-05,-0.00196028,0.00207904,0.0265728,0.000908908,0.00149857,-0.000317259,0.000151661,-0.000410423,0.000446271,0.000908908,0.0241545,-0.000134817,0.000118317,8.41744e-05,0.000121956,-5.13477e-05,0.00149857,-0.000134817,0.0467267,
0.00391915,0.000703666,-0.000535101,-0.000737897,-0.00123592,-0.000317242,0.000118294,0.000703666,0.000936199,0.000722346,-0.000286574,-8.42413e-05,0.000151645,8.41727e-05,-0.000535101,0.000722346,0.00446517,4.01467e-05,-0.00196027,-0.00041049,0.000121929,-0.000737897,-0.000286574,4.01467e-05,0.00220391,0.00207901,0.000446208,-5.13489e-05,-0.00123592,-8.42413e-05,-0.00196027,0.00207901,0.0265728,0.00090886,0.00149827,-0.000317242,0.000151645,-0.00041049,0.000446208,0.00090886,0.0241546,-0.000134706,0.000118294,8.41727e-05,0.000121929,-5.13489e-05,0.00149827,-0.000134706,0.0467268,
0.0039189,0.00070371,-0.000535164,-0.000738107,-0.00123572,-0.000317227,0.000118271,0.00070371,0.000936276,0.000722422,-0.000286649,-8.41979e-05,0.000151628,8.41708e-05,-0.000535164,0.000722422,0.00446512,4.01355e-05,-0.00196024,-0.000410556,0.000121902,-0.000738107,-0.000286649,4.01355e-05,0.00220399,0.00207899,0.000446146,-5.13492e-05,-0.00123572,-8.41979e-05,-0.00196024,0.00207899,0.0265729,0.000908811,0.00149797,-0.000317227,0.000151628,-0.000410556,0.000446146,0.000908811,0.0241548,-0.000134594,0.000118271,8.41708e-05,0.000121902,-5.13492e-05,0.00149797,-0.000134594,0.0467268,
0.00391866,0.000703754,-0.000535226,-0.000738305,-0.00123553,-0.000317213,0.000118249,0.000703754,0.000936352,0.000722497,-0.000286721,-8.41579e-05,0.000151611,8.41687e-05,-0.000535226,0.000722497,0.00446507,4.01236e-05,-0.00196022,-0.00041062,0.000121875,-0.000738305,-0.000286721,4.01236e-05,0.00220406,0.00207896,0.000446086,-5.13487e-05,-0.00123553,-8.41579e-05,-0.00196022,0.00207896,0.026573,0.000908764,0.00149767,-0.000317213,0.000151611,-0.00041062,0.000446086,0.000908764,0.0241549,-0.00013448,0.000118249,8.41687e-05,0.000121875,-5.13487e-05,0.00149767,-0.00013448,0.0467268,
0.00391843,0.000703799,-0.000535288,-0.000738491,-0.00123535,-0.0003172,0.000118227,0.000703799,0.000936427,0.000722571,-0.00028679,-8.41207e-05,0.000151593,8.41665e-05,-0.000535288,0.000722571,0.00446502,4.0111e-05,-0.0019602,-0.000410683,0.000121848,-0.000738491,-0.00028679,4.0111e-05,0.00220413,0.00207894,0.000446027,-5.13474e-05,-0.00123535,-8.41207e-05,-0.0019602,0.00207894,0.0265731,0.000908717,0.00149736,-0.0003172,0.000151593,-0.000410683,0.000446027,0.000908717,0.0241551,-0.000134366,0.000118227,8.41665e-05,0.000121848,-5.13474e-05,0.00149736,-0.000134366,0.0467268,
0.00391821,0.000703844,-0.000535349,-0.000738668,-0.00123518,-0.000317188,0.000118205,0.000703844,0.000936501,0.000722644,-0.000286857,-8.4086e-05,0.000151574,8.41643e-05,-0.000535349,0.000722644,0.00446497,4.00977e-05,-0.00196018,-0.000410746,0.000121821,-0.000738668,-0.000286857,4.00977e-05,0.0022042,0.00207891,0.000445969,-5.13456e-05,-0.00123518,-8.4086e-05,-0.00196018,0.00207891,0.0265732,0.000908671,0.00149705,-0.000317188,0.000151574,-0.000410746,0.000445969,0.000908671,0.0241553,-0.000134251,0.000118205,8.41643e-05,0.000121821,-5.13456e-05,0.00149705,-0.000134251,0.0467269,
0.00391799,0.000703889,-0.00053541,-0.000738836,-0.00123501,-0.000317178,0.000118183,0.000703889,0.000936574,0.000722717,-0.000286921,-8.40535e-05,0.000151555,8.41619e-05,-0.00053541,0.000722717,0.00446492,4.00837e-05,-0.00196015,-0.000410808,0.000121793,-0.000738836,-0.000286921,4.00837e-05,0.00220427,0.00207888,0.000445912,-5.13432e-05,-0.00123501,-8.40535e-05,-0.00196015,0.00207888,0.0265733,0.000908626,0.00149674,-0.000317178,0.000151555,-0.000410808,0.000445912,0.000908626,0.0241554,-0.000134134,0.000118183,8.41619e-05,0.000121793,-5.13432e-05,0.00149674,-0.000134134,0.0467269,
0.00391779,0.000703935,-0.00053547,-0.000738996,-0.00123486,-0.000317168,0.000118161,0.000703935,0.000936647,0.00072279,-0.000286983,-8.4023e-05,0.000151535,8.41594e-05,-0.00053547,0.00072279,0.00446487,4.00692e-05,-0.00196013,-0.000410869,0.000121766,-0.000738996,-0.000286983,4.00692e-05,0.00220433,0.00207886,0.000445856,-5.13403e-05,-0.00123486,-8.4023e-05,-0.00196013,0.00207886,0.0265734,0.00090858,0.00149643,-0.000317168,0.000151535,-0.000410869,0.000445856,0.00090858,0.0241556,-0.000134017,0.000118161,8.41594e-05,0.000121766,-5.13403e-05,0.00149643,-0.000134017,0.0467269,
0.0039176,0.000703979,-0.000535518,-0.000739154,-0.00123477,-0.000317267,0.000118107,0.000704079,0.000936691,0.000723104,-0.000287131,-8.5181e-05,0.000149313,8.35132e-05,-0.0005355,0.000722854,0.00446489,4.00274e-05,-0.00196046,-0.000411604,0.000121541,-0.000739192,-0.000287031,3.99513e-05,0.00220442,0.00207933,0.000446739,-5.10623e-05,-0.00123424,-8.41322e-05,-0.00195894,0.00207841,0.0265678,0.000897975,0.00149302,-0.000315667,0.000151077,-0.000407266,0.000444474,0.000890509,0.0241223,-0.000143677,0.000118168,8.41484e-05,0.00012181,-5.13628e-05,0.00149576,-0.000134552,0.0467268,
0.00391741,0.000704025,-0.000535578,-0.000739302,-0.00123463,-0.000317258,0.000118088,0.000704125,0.000936763,0.000723176,-0.000287189,-8.51553e-05,0.000149292,8.35122e-05,-0.00053556,0.000722926,0.00446484,4.00121e-05,-0.00196044,-0.000411665,0.000121518,-0.000739339,-0.00028709,3.99359e-05,0.00220448,0.00207931,0.000446684,-5.10611e-05,-0.0012341,-8.41064e-05,-0.00195892,0.00207838,0.0265679,0.000897935,0.00149277,-0.000315659,0.000151058,-0.000407325,0.000444418,0.000890468,0.0241224,-0.000143582,0.000118149,8.41474e-05,0.000121787,-5.13617e-05,0.0014955,-0.000134456,0.0467268,
0.00391723,0.000704072,-0.000535638,-0.000739444,-0.00123449,-0.000317251,0.000118071,0.000704171,0.000936835,0.000723248,-0.000287246,-8.5132e-05,0.000149273,8.35124e-05,-0.00053562,0.000722998,0.00446479,3.99965e-05,-0.00196041,-0.000411726,0.000121498,-0.000739482,-0.000287147,3.99202e-05,0.00220453,0.00207928,0.000446629,-5.10614e-05,-0.00123396,-8.40829e-05,-0.00195889,0.00207836,0.026568,0.0008979,0.00149255,-0.000315652,0.000151039,-0.000407384,0.000444363,0.000890432,0.0241225,-0.000143501,0.000118132,8.41476e-05,0.000121767,-5.13621e-05,0.00149529,-0.000134375,0.0467268,
0.00391704,0.000704118,-0.000535698,-0.000739582,-0.00123437,-0.000317244,0.000118055,0.000704217,0.000936906,0.00072332,-0.000287302,-8.51105e-05,0.000149255,8.35132e-05,-0.00053568,0.000723069,0.00446474,3.99805e-05,-0.00196039,-0.000411787,0.00012148,-0.000739619,-0.000287203,3.99041e-05,0.00220458,0.00207925,0.000446574,-5.10629e-05,-0.00123384,-8.40613e-05,-0.00195887,0.00207833,0.026568,0.000897869,0.00149236,-0.000315645,0.000151021,-0.000407444,0.000444308,0.000890401,0.0241226,-0.000143431,0.000118116,8.41484e-05,0.000121749,-5.13635e-05,0.0014951,-0.000134305,0.0467268,
0.00391687,0.000704164,-0.000535754,-0.000739717,-0.00123427,-0.000317281,0.000118028,0.000704304,0.000936966,0.00072349,-0.000287392,-8.5573e-05,0.000148342,8.3253e-05,-0.000535728,0.000723137,0.00446472,3.99534e-05,-0.00196052,-0.000412122,0.000121384,-0.00073977,-0.000287252,3.98458e-05,0.00220465,0.00207943,0.000446901,-5.09533e-05,-0.00123352,-8.40971e-05,-0.00195838,0.00207813,0.0265658,0.000893548,0.00149093,-0.000315034,0.000150826,-0.00040601,0.000443714,0.000883041,0.0241091,-0.000147342,0.000118113,8.41463e-05,0.000121761,-5.13762e-05,0.00149478,-0.000134506,0.0467268,
0.0039167,0.000704211,-0.000535814,-0.000739847,-0.00123415,-0.000317276,0.000118015,0.000704351,0.000937037,0.000723561,-0.000287446,-8.55552e-05,0.000148325,8.32554e-05,-0.000535788,0.000723209,0.00446467,3.99369e-05,-0.0019605,-0.000412183,0.00012137,-0.0007399,-0.000287306,3.98292e-05,0.0022047,0.00207941,0.000446846,-5.09571e-05,-0.00123341,-8.4079e-05,-0.00195836,0.00207811,0.0265658,0.000893523,0.0014908,-0.00031503,0.00015081,-0.000406069,0.000443659,0.000883015,0.0241092,-0.000147295,0.0001181,8.41487e-05,0.000121748,-5.13801e-05,0.00149465,-0.000134459,0.0467268,
0.00391653,0.000704258,-0.000535874,-0.000739974,-0.00123404,-0.000317271,0.000118004,0.000704397,0.000937107,0.000723633,-0.000287499,-8.55391e-05,0.000148309,8.32586e-05,-0.000535848,0.00072328,0.00446462,3.99201e-05,-0.00196048,-0.000412244,0.000121359,-0.000740027,-0.000287359,3.98124e-05,0.00220475,0.00207939,0.000446791,-5.09624e-05,-0.00123329,-8.40626e-05,-0.00195834,0.00207808,0.0265658,0.000893503,0.00149071,-0.000315026,0.000150795,-0.000406128,0.000443603,0.000882993,0.0241092,-0.000147263,0.000118088,8.41521e-05,0.000121737,-5.13856e-05,0.00149456,-0.000134425,0.0467268,
0.00391636,0.000704305,-0.000535934,-0.000740098,-0.00123393,-0.000317268,0.000117994,0.000704444,0.000937178,0.000723704,-0.000287551,-8.55245e-05,0.000148294,8.32627e-05,-0.000535908,0.000723351,0.00446457,3.99032e-05,-0.00196047,-0.000412305,0.000121351,-0.000740151,-0.000287411,3.97954e-05,0.00220479,0.00207936,0.000446736,-5.09689e-05,-0.00123319,-8.40476e-05,-0.00195832,0.00207806,0.0265657,0.000893487,0.00149064,-0.000315022,0.000150781,-0.000406187,0.000443547,0.000882975,0.0241092,-0.000147241,0.000118078,8.41562e-05,0.000121729,-5.13922e-05,0.00149449,-0.000134402,0.0467268,
0.0039162,0.000704352,-0.000535994,-0.000740219,-0.00123382,-0.000317264,0.000117985,0.000704492,0.000937249,0.000723775,-0.000287602,-8.5511e-05,0.000148281,8.32673e-05,-0.000535968,0.000723422,0.00446452,3.98861e-05,-0.00196045,-0.000412367,0.000121344,-0.000740272,-0.000287462,3.97781e-05,0.00220484,0.00207934,0.00044668,-5.09764e-05,-0.00123308,-8.40339e-05,-0.00195831,0.00207803,0.0265657,0.000893474,0.0014906,-0.00031502,0.000150767,-0.000406246,0.000443491,0.00088296,0.0241092,-0.000147227,0.000118069,8.41608e-05,0.000121722,-5.13998e-05,0.00149445,-0.000134387,0.0467268,
0.00391603,0.000704399,-0.000536054,-0.000740338,-0.00123372,-0.000317262,0.000117976,0.000704539,0.000937319,0.000723846,-0.000287653,-8.54986e-05,0.000148268,8.32724e-05,-0.000536029,0.000723493,0.00446447,3.98687e-05,-0.00196044,-0.000412429,0.000121338,-0.000740391,-0.000287513,3.97607e-05,0.00220488,0.00207931,0.000446624,-5.09847e-05,-0.00123298,-8.40212e-05,-0.00195829,0.00207801,0.0265657,0.000893464,0.00149057,-0.000315018,0.000150755,-0.000406306,0.000443435,0.000882948,0.0241092,-0.00014722,0.000118061,8.4166e-05,0.000121716,-5.14082e-05,0.00149442,-0.000134379,0.0467268,
0.00391587,0.000704446,-0.000536115,-0.000740456,-0.00123362,-0.00031726,0.000117969,0.000704586,0.00093739,0.000723917,-0.000287703,-8.54871e-05,0.000148256,8.32779e-05,-0.000536089,0.000723564,0.00446442,3.98513e-05,-0.00196042,-0.000412491,0.000121333,-0.000740509,-0.000287563,3.97431e-05,0.00220493,0.00207929,0.000446568,-5.09937e-05,-0.00123288,-8.40094e-05,-0.00195828,0.00207799,0.0265656,0.000893456,0.00149055,-0.000315017,0.000150743,-0.000406365,0.000443379,0.000882938,0.0241092,-0.000147219,0.000118053,8.41715e-05,0.000121712,-5.14172e-05,0.0014944,-0.000134376,0.0467268,
0.00391571,0.000704494,-0.000536175,-0.000740571,-0.00123353,-0.000317258,0.000117962,0.000704634,0.00093746,0.000723988,-0.000287753,-8.54762e-05,0.000148244,8.32836e-05,-0.000536149,0.000723635,0.00446437,3.98336e-05,-0.00196041,-0.000412554,0.00012133,-0.000740624,-0.000287613,3.97254e-05,0.00220497,0.00207927,0.000446512,-5.10031e-05,-0.00123279,-8.39983e-05,-0.00195826,0.00207796,0.0265655,0.00089345,0.00149055,-0.000315016,0.000150732,-0.000406425,0.000443323,0.000882932,0.0241092,-0.000147221,0.000118046,8.41773e-05,0.000121708,-5.14267e-05,0.0014944,-0.000134378,0.0467268,
0.00391556,0.000704542,-0.000536236,-0.000740686,-0.00123343,-0.000317256,0.000117955,0.000704681,0.00093753,0.00072406,-0.000287802,-8.54659e-05,0.000148233,8.32897e-05,-0.00053621,0.000723706,0.00446432,3.98159e-05,-0.0019604,-0.000412616,0.000121327,-0.000740739,-0.000287662,3.97075e-05,0.00220501,0.00207924,0.000446456,-5.10129e-05,-0.00123269,-8.39878e-05,-0.00195825,0.00207794,0.0265655,0.000893446,0.00149056,-0.000315015,0.000150722,-0.000406486,0.000443266,0.000882926,0.0241092,-0.000147226,0.000118039,8.41833e-05,0.000121705,-5.14365e-05,0.00149441,-0.000134384,0.0467268,
0.0039154,0.000704589,-0.000536296,-0.000740798,-0.00123334,-0.000317255,0.000117949,0.000704729,0.000937601,0.000724131,-0.000287851,-8.54562e-05,0.000148222,8.32959e-05,-0.000536271,0.000723777,0.00446427,3.9798e-05,-0.00196039,-0.000412678,0.000121324,-0.000740851,-0.000287711,3.96895e-05,0.00220506,0.00207922,0.000446399,-5.10229e-05,-0.0012326,-8.39779e-05,-0.00195824,0.00207792,0.0265654,0.000893444,0.00149057,-0.000315015,0.000150711,-0.000406546,0.00044321,0.000882923,0.0241092,-0.000147234,0.000118033,8.41895e-05,0.000121702,-5.14467e-05,0.00149442,-0.000134391,0.0467268,
0.00391524,0.000704637,-0.000536357,-0.00074091,-0.00123325,-0.000317254,0.000117943,0.000704777,0.000937671,0.000724202,-0.0002879,-8.54468e-05,0.000148212,8.33022e-05,-0.000536331,0.000723848,0.00446422,3.978e-05,-0.00196037,-0.000412741,0.000121322,-0.000740963,-0.00028776,3.96714e-05,0.0022051,0.0020792,0.000446343,-5.10332e-05,-0.00123251,-8.39684e-05,-0.00195822,0.00207789,0.0265653,0.000893442,0.00149059,-0.000315015,0.000150701,-0.000406607,0.000443153,0.00088292,0.0241092,-0.000147243,0.000118027,8.41958e-05,0.0001217,-5.1457e-05,0.00149444,-0.000134401,0.0467268,
0.00391509,0.000704685,-0.000536418,-0.000741021,-0.00123316,-0.000317254,0.000117937,0.000704825,0.000937741,0.000724273,-0.000287948,-8.54378e-05,0.000148201,8.33087e-05,-0.000536392,0.000723919,0.00446417,3.97619e-05,-0.00196036,-0.000412803,0.00012132,-0.000741074,-0.000287809,3.96532e-05,0.00220514,0.00207917,0.000446286,-5.10436e-05,-0.00123242,-8.39592e-05,-0.00195821,0.00207787,0.0265652,0.000893441,0.00149061,-0.000315016,0.000150691,-0.000406667,0.000443097,0.000882919,0.0241092,-0.000147254,0.000118021,8.42022e-05,0.000121698,-5.14675e-05,0.00149446,-0.000134412,0.0467268,
0.00391494,0.000704733,-0.000536478,-0.000741131,-0.00123307,-0.000317253,0.000117931,0.000704872,0.000937812,0.000724344,-0.000287997,-8.5429e-05,0.000148191,8.33152e-05,-0.000536453,0.00072399,0.00446412,3.97437e-05,-0.00196035,-0.000412866,0.000121318,-0.000741184,-0.000287857,3.96349e-05,0.00220518,0.00207915,0.000446229,-5.10541e-05,-0.00123233,-8.39503e-05,-0.0019582,0.00207785,0.0265652,0.000893441,0.00149063,-0.000315016,0.000150681,-0.000406728,0.00044304,0.000882918,0.0241092,-0.000147265,0.000118015,8.42086e-05,0.000121696,-5.1478e-05,0.00149448,-0.000134423,0.0467268,
0.00391478,0.000704781,-0.000536539,-0.00074124,-0.00123298,-0.000317253,0.000117925,0.00070492,0.000937882,0.000724415,-0.000288045,-8.54205e-05,0.000148181,8.33217e-05,-0.000536513,0.000724061,0.00446407,3.97254e-05,-0.00196034,-0.000412929,0.000121316,-0.000741293,-0.000287905,3.96166e-05,0.00220522,0.00207913,0.000446173,-5.10647e-05,-0.00123224,-8.39417e-05,-0.00195818,0.00207782,0.0265651,0.000893441,0.00149065,-0.000315017,0.000150672,-0.000406789,0.000442984,0.000882917,0.0241092,-0.000147277,0.000118009,8.42151e-05,0.000121694,-5.14886e-05,0.0014945,-0.000134435,0.0467268,
0.00391463,0.000704829,-0.0005366,-0.000741349,-0.00123289,-0.000317252,0.00011792,0.000704968,0.000937952,0.000724487,-0.000288093,-8.54122e-05,0.000148171,8.33282e-05,-0.000536574,0.000724133,0.00446401,3.97071e-05,-0.00196032,-0.000412991,0.000121315,-0.000741402,-0.000287953,3.95982e-05,0.00220526,0.0020791,0.000446116,-5.10752e-05,-0.00123216,-8.39333e-05,-0.00195817,0.0020778,0.026565,0.000893442,0.00149068,-0.000315017,0.000150662,-0.00040685,0.000442927,0.000882917,0.0241092,-0.000147289,0.000118003,8.42216e-05,0.000121693,-5.14992e-05,0.00149453,-0.000134448,0.0467268,
0.00391448,0.000704877,-0.000536661,-0.000741457,-0.00123281,-0.000317252,0.000117914,0.000705017,0.000938023,0.000724558,-0.000288141,-8.54041e-05,0.000148161,8.33348e-05,-0.000536635,0.000724204,0.00446396,3.96887e-05,-0.00196031,-0.000413054,0.000121313,-0.00074151,-0.000288001,3.95797e-05,0.0022053,0.00207908,0.000446059,-5.10858e-05,-0.00123207,-8.3925e-05,-0.00195816,0.00207778,0.0265649,0.000893442,0.0014907,-0.000315018,0.000150652,-0.000406911,0.00044287,0.000882917,0.0241092,-0.0001473,0.000117997,8.42281e-05,0.000121691,-5.15098e-05,0.00149455,-0.00013446,0.0467268,
