0.00440538,0.00036714,-0.000382892,-5.82934e-05,-0.00157835,-0.000323311,-2.59376e-05,0.00036714,0.00101511,0.000578253,0.000965406,-0.0011814,0.000201377,-3.74667e-05,-0.000382892,0.000578253,0.00381615,0.000718287,-0.00153288,-0.00108367,-3.63344e-05,-5.82934e-05,0.000965406,0.000718287,0.00286213,0.000905475,0.00181033,-6.19868e-05,-0.00157835,-0.0011814,-0.00153288,0.000905475,0.0278635,0.00193283,2.69788e-05,-0.000323311,0.000201377,-0.00108367,0.00181033,0.00193283,0.0261805,-1.43326e-05,-2.59376e-05,-3.74667e-05,-3.63344e-05,-6.19868e-05,2.69788e-05,-1.43326e-05,0.0466055,
0.00440538,0.000367142,-0.000382926,-5.82603e-05,-0.00157845,-0.00032338,-2.59184e-05,0.000367142,0.00101511,0.000578244,0.000965388,-0.00118143,0.000201349,-3.74868e-05,-0.000382926,0.000578244,0.00381615,0.000718305,-0.00153307,-0.00108351,-3.63176e-05,-5.82603e-05,0.000965388,0.000718305,0.00286214,0.000905581,0.00180988,-6.19696e-05,-0.00157845,-0.00118143,-0.00153307,0.000905581,0.0278628,0.00193256,2.70596e-05,-0.00032338,0.000201349,-0.00108351,0.00180988,0.00193256,0.0261798,-1.43029e-05,-2.59184e-05,-3.74868e-05,-3.63176e-05,-6.19696e-05,2.70596e-05,-1.43029e-05,0.0466054,
0.00440537,0.000367142,-0.000382957,-5.82272e-05,-0.00157851,-0.000323428,-2.59235e-05,0.000367142,0.00101511,0.000578233,0.000965383,-0.00118143,0.000201339,-3.75091e-05,-0.000382957,0.000578233,0.00381616,0.000718308,-0.00153318,-0.00108342,-3.63157e-05,-5.82272e-05,0.000965383,0.000718308,0.00286215,0.000905632,0.00180965,-6.19659e-05,-0.00157851,-0.00118143,-0.00153318,0.000905632,0.0278625,0.00193241,2.6906e-05,-0.000323428,0.000201339,-0.00108342,0.00180965,0.00193241,0.0261795,-1.42785e-05,-2.59235e-05,-3.75091e-05,-3.63157e-05,-6.19659e-05,2.6906e-05,-1.42785e-05,0.0466053,
0.00440537,0.000367144,-0.000382985,-5.81972e-05,-0.00157854,-0.000323463,-2.59412e-05,0.000367144,0.00101511,0.000578224,0.000965382,-0.00118143,0.000201333,-3.75332e-05,-0.000382985,0.000578224,0.00381617,0.000718308,-0.00153323,-0.00108336,-3.63215e-05,-5.81972e-05,0.000965382,0.000718308,0.00286216,0.000905651,0.00180951,-6.19686e-05,-0.00157854,-0.00118143,-0.00153323,0.000905651,0.0278624,0.00193232,2.66304e-05,-0.000323463,0.000201333,-0.00108336,0.00180951,0.00193232,0.0261793,-1.42556e-05,-2.59412e-05,-3.75332e-05,-3.63215e-05,-6.19686e-05,2.66304e-05,-1.42556e-05,0.0466052,
0.00440537,0.000367147,-0.000383011,-5.81706e-05,-0.00157855,-0.000323491,-2.59662e-05,0.000367147,0.00101511,0.000578218,0.000965384,-0.00118143,0.000201325,-3.75592e-05,-0.000383011,0.000578218,0.00381617,0.000718307,-0.00153326,-0.00108333,-3.63317e-05,-5.81706e-05,0.000965384,0.000718307,0.00286216,0.000905652,0.00180943,-6.19747e-05,-0.00157855,-0.00118143,-0.00153326,0.000905652,0.0278624,0.00193227,2.62832e-05,-0.000323491,0.000201325,-0.00108333,0.00180943,0.00193227,0.0261793,-1.42327e-05,-2.59662e-05,-3.75592e-05,-3.63317e-05,-6.19747e-05,2.62832e-05,-1.42327e-05,0.0466051,
0.00440537,0.000367151,-0.000383035,-5.81473e-05,-0.00157855,-0.000323515,-2.59957e-05,0.000367151,0.00101511,0.000578213,0.000965386,-0.00118143,0.000201316,-3.75866e-05,-0.000383035,0.000578213,0.00381617,0.000718306,-0.00153327,-0.0010833,-3.63444e-05,-5.81473e-05,0.000965386,0.000718306,0.00286217,0.000905645,0.00180937,-6.19827e-05,-0.00157855,-0.00118143,-0.00153327,0.000905645,0.0278624,0.00193223,2.5889e-05,-0.000323515,0.000201316,-0.0010833,0.00180937,0.00193223,0.0261794,-1.42093e-05,-2.59957e-05,-3.75866e-05,-3.63444e-05,-6.19827e-05,2.5889e-05,-1.42093e-05,0.046605,
0.00440537,0.000367156,-0.000383057,-5.81267e-05,-0.00157855,-0.000323536,-2.60283e-05,0.000367156,0.00101511,0.00057821,0.000965388,-0.00118143,0.000201307,-3.76155e-05,-0.000383057,0.00057821,0.00381617,0.000718305,-0.00153327,-0.00108327,-3.63588e-05,-5.81267e-05,0.000965388,0.000718305,0.00286217,0.000905633,0.00180932,-6.19919e-05,-0.00157855,-0.00118143,-0.00153327,0.000905633,0.0278625,0.0019322,2.54608e-05,-0.000323536,0.000201307,-0.00108327,0.00180932,0.0019322,0.0261795,-1.41851e-05,-2.60283e-05,-3.76155e-05,-3.63588e-05,-6.19919e-05,2.54608e-05,-1.41851e-05,0.0466049,
0.00440537,0.000367161,-0.000383077,-5.81086e-05,-0.00157855,-0.000323554,-2.60631e-05,0.000367161,0.00101511,0.000578208,0.00096539,-0.00118142,0.000201298,-3.76456e-05,-0.000383077,0.000578208,0.00381617,0.000718304,-0.00153327,-0.00108325,-3.63744e-05,-5.81086e-05,0.00096539,0.000718304,0.00286217,0.00090562,0.00180929,-6.20019e-05,-0.00157855,-0.00118142,-0.00153327,0.00090562,0.0278626,0.00193217,2.50062e-05,-0.000323554,0.000201298,-0.00108325,0.00180929,0.00193217,0.0261796,-1.416e-05,-2.60631e-05,-3.76456e-05,-3.63744e-05,-6.20019e-05,2.50062e-05,-1.416e-05,0.0466048,
0.00440537,0.000367166,-0.000383095,-5.80924e-05,-0.00157854,-0.000323571,-2.60997e-05,0.000367166,0.00101511,0.000578206,0.000965392,-0.00118142,0.000201288,-3.76769e-05,-0.000383095,0.000578206,0.00381617,0.000718304,-0.00153326,-0.00108323,-3.6391e-05,-5.80924e-05,0.000965392,0.000718304,0.00286217,0.000905606,0.00180925,-6.20126e-05,-0.00157854,-0.00118142,-0.00153326,0.000905606,0.0278627,0.00193214,2.45298e-05,-0.000323571,0.000201288,-0.00108323,0.00180925,0.00193214,0.0261798,-1.41342e-05,-2.60997e-05,-3.76769e-05,-3.6391e-05,-6.20126e-05,2.45298e-05,-1.41342e-05,0.0466047,
0.00440537,0.000367171,-0.000383111,-5.8078e-05,-0.00157854,-0.000323585,-2.61378e-05,0.000367171,0.00101512,0.000578204,0.000965394,-0.00118142,0.000201279,-3.77093e-05,-0.000383111,0.000578204,0.00381617,0.000718303,-0.00153326,-0.00108321,-3.64083e-05,-5.8078e-05,0.000965394,0.000718303,0.00286217,0.000905592,0.00180921,-6.20238e-05,-0.00157854,-0.00118142,-0.00153326,0.000905592,0.0278628,0.00193211,2.40346e-05,-0.000323585,0.000201279,-0.00108321,0.00180921,0.00193211,0.0261799,-1.41075e-05,-2.61378e-05,-3.77093e-05,-3.64083e-05,-6.20238e-05,2.40346e-05,-1.41075e-05,0.0466045,
0.00440537,0.000367175,-0.000383126,-5.80652e-05,-0.00157853,-0.000323598,-2.61773e-05,0.000367175,0.00101512,0.000578203,0.000965395,-0.00118142,0.00020127,-3.77427e-05,-0.000383126,0.000578203,0.00381617,0.000718303,-0.00153326,-0.00108319,-3.64263e-05,-5.80652e-05,0.000965395,0.000718303,0.00286217,0.000905577,0.00180918,-6.20354e-05,-0.00157853,-0.00118142,-0.00153326,0.000905577,0.0278629,0.00193208,2.35227e-05,-0.000323598,0.00020127,-0.00108319,0.00180918,0.00193208,0.0261801,-1.408e-05,-2.61773e-05,-3.77427e-05,-3.64263e-05,-6.20354e-05,2.35227e-05,-1.408e-05,0.0466044,
0.00440537,0.000367179,-0.00038314,-5.80537e-05,-0.00157852,-0.00032361,-2.62178e-05,0.000367179,0.00101512,0.000578202,0.000965396,-0.00118141,0.000201261,-3.77771e-05,-0.00038314,0.000578202,0.00381617,0.000718303,-0.00153325,-0.00108317,-3.64448e-05,-5.80537e-05,0.000965396,0.000718303,0.00286217,0.000905563,0.00180915,-6.20473e-05,-0.00157852,-0.00118141,-0.00153325,0.000905563,0.0278631,0.00193205,2.2996e-05,-0.00032361,0.000201261,-0.00108317,0.00180915,0.00193205,0.0261802,-1.40518e-05,-2.62178e-05,-3.77771e-05,-3.64448e-05,-6.20473e-05,2.2996e-05,-1.40518e-05,0.0466043,
0.00440537,0.000367183,-0.000383152,-5.80434e-05,-0.00157852,-0.00032362,-2.62594e-05,0.000367183,0.00101512,0.000578202,0.000965397,-0.00118141,0.000201252,-3.78123e-05,-0.000383152,0.000578202,0.00381616,0.000718303,-0.00153325,-0.00108315,-3.64638e-05,-5.80434e-05,0.000965397,0.000718303,0.00286216,0.000905549,0.00180911,-6.20595e-05,-0.00157852,-0.00118141,-0.00153325,0.000905549,0.0278632,0.00193202,2.24556e-05,-0.00032362,0.000201252,-0.00108315,0.00180911,0.00193202,0.0261804,-1.40229e-05,-2.62594e-05,-3.78123e-05,-3.64638e-05,-6.20595e-05,2.24556e-05,-1.40229e-05,0.0466041,
0.00440537,0.000367187,-0.000383164,-5.80342e-05,-0.00157851,-0.000323629,-2.6302e-05,0.000367187,0.00101512,0.000578201,0.000965398,-0.00118141,0.000201243,-3.78483e-05,-0.000383164,0.000578201,0.00381616,0.000718303,-0.00153325,-0.00108313,-3.64833e-05,-5.80342e-05,0.000965398,0.000718303,0.00286216,0.000905534,0.00180908,-6.2072e-05,-0.00157851,-0.00118141,-0.00153325,0.000905534,0.0278633,0.00193199,2.19029e-05,-0.000323629,0.000201243,-0.00108313,0.00180908,0.00193199,0.0261805,-1.39934e-05,-2.6302e-05,-3.78483e-05,-3.64833e-05,-6.2072e-05,2.19029e-05,-1.39934e-05,0.046604,
0.00440537,0.00036719,-0.000383174,-5.8026e-05,-0.0015785,-0.000323637,-2.63454e-05,0.00036719,0.00101512,0.0005782,0.000965398,-0.0011814,0.000201234,-3.78851e-05,-0.000383174,0.0005782,0.00381616,0.000718303,-0.00153324,-0.00108311,-3.65032e-05,-5.8026e-05,0.000965398,0.000718303,0.00286216,0.00090552,0.00180904,-6.20848e-05,-0.0015785,-0.0011814,-0.00153324,0.00090552,0.0278635,0.00193195,2.13386e-05,-0.000323637,0.000201234,-0.00108311,0.00180904,0.00193195,0.0261807,-1.39633e-05,-2.63454e-05,-3.78851e-05,-3.65032e-05,-6.20848e-05,2.13386e-05,-1.39633e-05,0.0466038,
0.00440537,0.000367193,-0.000383184,-5.80186e-05,-0.0015785,-0.000323644,-2.63896e-05,0.000367193,0.00101512,0.000578199,0.000965399,-0.0011814,0.000201225,-3.79225e-05,-0.000383184,0.000578199,0.00381616,0.000718303,-0.00153324,-0.00108309,-3.65235e-05,-5.80186e-05,0.000965399,0.000718303,0.00286216,0.000905506,0.00180901,-6.20978e-05,-0.0015785,-0.0011814,-0.00153324,0.000905506,0.0278636,0.00193192,2.07639e-05,-0.000323644,0.000201225,-0.00108309,0.00180901,0.00193192,0.0261809,-1.39326e-05,-2.63896e-05,-3.79225e-05,-3.65235e-05,-6.20978e-05,2.07639e-05,-1.39326e-05,0.0466037,
0.00440537,0.000367195,-0.000383192,-5.8012e-05,-0.00157849,-0.00032365,-2.64346e-05,0.000367195,0.00101512,0.000578199,0.000965399,-0.00118139,0.000201216,-3.79606e-05,-0.000383192,0.000578199,0.00381616,0.000718303,-0.00153324,-0.00108307,-3.65441e-05,-5.8012e-05,0.000965399,0.000718303,0.00286216,0.000905491,0.00180897,-6.2111e-05,-0.00157849,-0.00118139,-0.00153324,0.000905491,0.0278637,0.00193188,2.01793e-05,-0.00032365,0.000201216,-0.00108307,0.00180897,0.00193188,0.026181,-1.39014e-05,-2.64346e-05,-3.79606e-05,-3.65441e-05,-6.2111e-05,2.01793e-05,-1.39014e-05,0.0466036,
0.00440537,0.000367198,-0.0003832,-5.80061e-05,-0.00157849,-0.000323656,-2.64802e-05,0.000367198,0.00101512,0.000578198,0.0009654,-0.00118139,0.000201207,-3.79992e-05,-0.0003832,0.000578198,0.00381615,0.000718303,-0.00153324,-0.00108304,-3.65651e-05,-5.80061e-05,0.0009654,0.000718303,0.00286216,0.000905477,0.00180893,-6.21244e-05,-0.00157849,-0.00118139,-0.00153324,0.000905477,0.0278639,0.00193184,1.95858e-05,-0.000323656,0.000201207,-0.00108304,0.00180893,0.00193184,0.0261812,-1.38698e-05,-2.64802e-05,-3.79992e-05,-3.65651e-05,-6.21244e-05,1.95858e-05,-1.38698e-05,0.0466034,
0.00440537,0.0003672,-0.000383208,-5.80009e-05,-0.00157848,-0.00032366,-2.65265e-05,0.0003672,0.00101513,0.000578198,0.0009654,-0.00118139,0.000201198,-3.80384e-05,-0.000383208,0.000578198,0.00381615,0.000718303,-0.00153324,-0.00108302,-3.65863e-05,-5.80009e-05,0.0009654,0.000718303,0.00286216,0.000905462,0.0018089,-6.2138e-05,-0.00157848,-0.00118139,-0.00153324,0.000905462,0.027864,0.00193181,1.89838e-05,-0.00032366,0.000201198,-0.00108302,0.0018089,0.00193181,0.0261814,-1.38377e-05,-2.65265e-05,-3.80384e-05,-3.65863e-05,-6.2138e-05,1.89838e-05,-1.38377e-05,0.0466032,
0.00440537,0.000367202,-0.000383214,-5.79962e-05,-0.00157847,-0.000323664,-2.65733e-05,0.000367202,0.00101513,0.000578197,0.0009654,-0.00118138,0.000201189,-3.80781e-05,-0.000383214,0.000578197,0.00381615,0.000718303,-0.00153324,-0.001083,-3.66078e-05,-5.79962e-05,0.0009654,0.000718303,0.00286216,0.000905448,0.00180886,-6.21518e-05,-0.00157847,-0.00118138,-0.00153324,0.000905448,0.0278642,0.00193177,1.83742e-05,-0.000323664,0.000201189,-0.001083,0.00180886,0.00193177,0.0261816,-1.38052e-05,-2.65733e-05,-3.80781e-05,-3.66078e-05,-6.21518e-05,1.83742e-05,-1.38052e-05,0.0466031,
0.00440537,0.000367204,-0.00038322,-5.7992e-05,-0.00157847,-0.000323667,-2.66208e-05,0.000367204,0.00101513,0.000578196,0.0009654,-0.00118138,0.00020118,-3.81183e-05,-0.00038322,0.000578196,0.00381615,0.000718303,-0.00153324,-0.00108297,-3.66296e-05,-5.7992e-05,0.0009654,0.000718303,0.00286215,0.000905433,0.00180882,-6.21657e-05,-0.00157847,-0.00118138,-0.00153324,0.000905433,0.0278643,0.00193173,1.77574e-05,-0.000323667,0.00020118,-0.00108297,0.00180882,0.00193173,0.0261817,-1.37723e-05,-2.66208e-05,-3.81183e-05,-3.66296e-05,-6.21657e-05,1.77574e-05,-1.37723e-05,0.0466029,
0.00440537,0.000367206,-0.000383226,-5.79883e-05,-0.00157846,-0.00032367,-2.66687e-05,0.000367206,0.00101513,0.000578196,0.0009654,-0.00118137,0.000201171,-3.8159e-05,-0.000383226,0.000578196,0.00381615,0.000718303,-0.00153324,-0.00108295,-3.66517e-05,-5.79883e-05,0.0009654,0.000718303,0.00286215,0.000905419,0.00180879,-6.21797e-05,-0.00157846,-0.00118137,-0.00153324,0.000905419,0.0278645,0.00193169,1.71339e-05,-0.00032367,0.000201171,-0.00108295,0.00180879,0.00193169,0.0261819,-1.37391e-05,-2.66687e-05,-3.8159e-05,-3.66517e-05,-6.21797e-05,1.71339e-05,-1.37391e-05,0.0466028,
0.00440537,0.000367207,-0.000383231,-5.7985e-05,-0.00157845,-0.000323672,-2.67171e-05,0.000367207,0.00101513,0.000578195,0.0009654,-0.00118137,0.000201162,-3.82e-05,-0.000383231,0.000578195,0.00381615,0.000718303,-0.00153324,-0.00108292,-3.66739e-05,-5.7985e-05,0.0009654,0.000718303,0.00286215,0.000905404,0.00180875,-6.21939e-05,-0.00157845,-0.00118137,-0.00153324,0.000905404,0.0278646,0.00193164,1.65043e-05,-0.000323672,0.000201162,-0.00108292,0.00180875,0.00193164,0.0261821,-1.37055e-05,-2.67171e-05,-3.82e-05,-3.66739e-05,-6.21939e-05,1.65043e-05,-1.37055e-05,0.0466026,
0.00440537,0.000367209,-0.000383236,-5.79821e-05,-0.00157845,-0.000323674,-2.67659e-05,0.000367209,0.00101513,0.000578195,0.000965399,-0.00118136,0.000201153,-3.82414e-05,-0.000383236,0.000578195,0.00381615,0.000718303,-0.00153324,-0.0010829,-3.66964e-05,-5.79821e-05,0.000965399,0.000718303,0.00286215,0.00090539,0.00180871,-6.22083e-05,-0.00157845,-0.00118136,-0.00153324,0.00090539,0.0278648,0.0019316,1.5869e-05,-0.000323674,0.000201153,-0.0010829,0.00180871,0.0019316,0.0261823,-1.36716e-05,-2.67659e-05,-3.82414e-05,-3.66964e-05,-6.22083e-05,1.5869e-05,-1.36716e-05,0.0466024,
0.00440537,0.00036721,-0.000383241,-5.79796e-05,-0.00157844,-0.000323675,-2.68151e-05,0.00036721,0.00101513,0.000578194,0.000965399,-0.00118136,0.000201144,-3.82831e-05,-0.000383241,0.000578194,0.00381614,0.000718303,-0.00153324,-0.00108287,-3.6719e-05,-5.79796e-05,0.000965399,0.000718303,0.00286215,0.000905375,0.00180867,-6.22227e-05,-0.00157844,-0.00118136,-0.00153324,0.000905375,0.0278649,0.00193156,1.52284e-05,-0.000323675,0.000201144,-0.00108287,0.00180867,0.00193156,0.0261825,-1.36375e-05,-2.68151e-05,-3.82831e-05,-3.6719e-05,-6.22227e-05,1.52284e-05,-1.36375e-05,0.0466023,
0.00440537,0.000367211,-0.000383245,-5.79773e-05,-0.00157844,-0.000323676,-2.68647e-05,0.000367211,0.00101513,0.000578194,0.000965399,-0.00118136,0.000201135,-3.83252e-05,-0.000383245,0.000578194,0.00381614,0.000718303,-0.00153324,-0.00108285,-3.67419e-05,-5.79773e-05,0.000965399,0.000718303,0.00286215,0.00090536,0.00180863,-6.22373e-05,-0.00157844,-0.00118136,-0.00153324,0.00090536,0.0278651,0.00193152,1.45829e-05,-0.000323676,0.000201135,-0.00108285,0.00180863,0.00193152,0.0261827,-1.36031e-05,-2.68647e-05,-3.83252e-05,-3.67419e-05,-6.22373e-05,1.45829e-05,-1.36031e-05,0.0466021,
0.00440537,0.000367212,-0.000383249,-5.79754e-05,-0.00157843,-0.000323677,-2.69147e-05,0.000367212,0.00101513,0.000578193,0.000965398,-0.00118135,0.000201126,-3.83676e-05,-0.000383249,0.000578193,0.00381614,0.000718303,-0.00153324,-0.00108282,-3.67649e-05,-5.79754e-05,0.000965398,0.000718303,0.00286214,0.000905345,0.00180859,-6.2252e-05,-0.00157843,-0.00118135,-0.00153324,0.000905345,0.0278653,0.00193147,1.39329e-05,-0.000323677,0.000201126,-0.00108282,0.00180859,0.00193147,0.0261829,-1.35685e-05,-2.69147e-05,-3.83676e-05,-3.67649e-05,-6.2252e-05,1.39329e-05,-1.35685e-05,0.0466019,
0.00440537,0.000367213,-0.000383253,-5.79737e-05,-0.00157842,-0.000323677,-2.69649e-05,0.000367213,0.00101513,0.000578193,0.000965398,-0.00118135,0.000201117,-3.84103e-05,-0.000383253,0.000578193,0.00381614,0.000718303,-0.00153324,-0.00108279,-3.6788e-05,-5.79737e-05,0.000965398,0.000718303,0.00286214,0.00090533,0.00180856,-6.22667e-05,-0.00157842,-0.00118135,-0.00153324,0.00090533,0.0278654,0.00193143,1.32787e-05,-0.000323677,0.000201117,-0.00108279,0.00180856,0.00193143,0.026183,-1.35336e-05,-2.69649e-05,-3.84103e-05,-3.6788e-05,-6.22667e-05,1.32787e-05,-1.35336e-05,0.0466018,
0.00440537,0.000367214,-0.000383256,-5.79722e-05,-0.00157842,-0.000323677,-2.70155e-05,0.000367214,0.00101513,0.000578192,0.000965397,-0.00118134,0.000201108,-3.84532e-05,-0.000383256,0.000578192,0.00381614,0.000718304,-0.00153324,-0.00108277,-3.68113e-05,-5.79722e-05,0.000965397,0.000718304,0.00286214,0.000905316,0.00180852,-6.22816e-05,-0.00157842,-0.00118134,-0.00153324,0.000905316,0.0278656,0.00193138,1.26206e-05,-0.000323677,0.000201108,-0.00108277,0.00180852,0.00193138,0.0261832,-1.34986e-05,-2.70155e-05,-3.84532e-05,-3.68113e-05,-6.22816e-05,1.26206e-05,-1.34986e-05,0.0466016,
0.00440537,0.000367215,-0.000383259,-5.79709e-05,-0.00157841,-0.000323677,-2.70664e-05,0.000367215,0.00101513,0.000578192,0.000965397,-0.00118134,0.000201099,-3.84963e-05,-0.000383259,0.000578192,0.00381614,0.000718304,-0.00153324,-0.00108274,-3.68347e-05,-5.79709e-05,0.000965397,0.000718304,0.00286214,0.000905301,0.00180848,-6.22965e-05,-0.00157841,-0.00118134,-0.00153324,0.000905301,0.0278657,0.00193134,1.19588e-05,-0.000323677,0.000201099,-0.00108274,0.00180848,0.00193134,0.0261834,-1.34633e-05,-2.70664e-05,-3.84963e-05,-3.68347e-05,-6.22965e-05,1.19588e-05,-1.34633e-05,0.0466014,
0.00440537,0.000367216,-0.000383262,-5.79698e-05,-0.00157841,-0.000323677,-2.71175e-05,0.000367216,0.00101513,0.000578191,0.000965396,-0.00118133,0.00020109,-3.85397e-05,-0.000383262,0.000578191,0.00381614,0.000718304,-0.00153324,-0.00108271,-3.68583e-05,-5.79698e-05,0.000965396,0.000718304,0.00286214,0.000905286,0.00180844,-6.23116e-05,-0.00157841,-0.00118133,-0.00153324,0.000905286,0.0278659,0.00193129,1.12938e-05,-0.000323677,0.00020109,-0.00108271,0.00180844,0.00193129,0.0261836,-1.34279e-05,-2.71175e-05,-3.85397e-05,-3.68583e-05,-6.23116e-05,1.12938e-05,-1.34279e-05,0.0466013,
0.00440537,0.000367217,-0.000383265,-5.79689e-05,-0.0015784,-0.000323676,-2.71688e-05,0.000367217,0.00101513,0.000578191,0.000965396,-0.00118133,0.00020108,-3.85833e-05,-0.000383265,0.000578191,0.00381614,0.000718304,-0.00153324,-0.00108268,-3.68819e-05,-5.79689e-05,0.000965396,0.000718304,0.00286214,0.000905271,0.0018084,-6.23267e-05,-0.0015784,-0.00118133,-0.00153324,0.000905271,0.0278661,0.00193125,1.06256e-05,-0.000323676,0.00020108,-0.00108268,0.0018084,0.00193125,0.0261838,-1.33924e-05,-2.71688e-05,-3.85833e-05,-3.68819e-05,-6.23267e-05,1.06256e-05,-1.33924e-05,0.0466011,
0.00440537,0.000367218,-0.000383268,-5.79682e-05,-0.0015784,-0.000323675,-2.72204e-05,0.000367218,0.00101513,0.00057819,0.000965395,-0.00118132,0.000201071,-3.8627e-05,-0.000383268,0.00057819,0.00381614,0.000718304,-0.00153324,-0.00108266,-3.69057e-05,-5.79682e-05,0.000965395,0.000718304,0.00286213,0.000905256,0.00180836,-6.23418e-05,-0.0015784,-0.00118132,-0.00153324,0.000905256,0.0278662,0.0019312,9.95463e-06,-0.000323675,0.000201071,-0.00108266,0.00180836,0.0019312,0.026184,-1.33566e-05,-2.72204e-05,-3.8627e-05,-3.69057e-05,-6.23418e-05,9.95463e-06,-1.33566e-05,0.0466009,
0.00440537,0.000367218,-0.00038327,-5.79676e-05,-0.00157839,-0.000323674,-2.72722e-05,0.000367218,0.00101513,0.00057819,0.000965394,-0.00118132,0.000201062,-3.8671e-05,-0.00038327,0.00057819,0.00381613,0.000718304,-0.00153324,-0.00108263,-3.69296e-05,-5.79676e-05,0.000965394,0.000718304,0.00286213,0.000905241,0.00180832,-6.23571e-05,-0.00157839,-0.00118132,-0.00153324,0.000905241,0.0278664,0.00193116,9.28097e-06,-0.000323674,0.000201062,-0.00108263,0.00180832,0.00193116,0.0261842,-1.33208e-05,-2.72722e-05,-3.8671e-05,-3.69296e-05,-6.23571e-05,9.28097e-06,-1.33208e-05,0.0466007,
0.00440537,0.000367219,-0.000383273,-5.79671e-05,-0.00157838,-0.000323673,-2.73241e-05,0.000367219,0.00101513,0.000578189,0.000965394,-0.00118131,0.000201053,-3.87151e-05,-0.000383273,0.000578189,0.00381613,0.000718304,-0.00153325,-0.0010826,-3.69535e-05,-5.79671e-05,0.000965394,0.000718304,0.00286213,0.000905226,0.00180828,-6.23724e-05,-0.00157838,-0.00118131,-0.00153325,0.000905226,0.0278666,0.00193111,8.60486e-06,-0.000323673,0.000201053,-0.0010826,0.00180828,0.00193111,0.0261844,-1.32848e-05,-2.73241e-05,-3.87151e-05,-3.69535e-05,-6.23724e-05,8.60486e-06,-1.32848e-05,0.0466005,
0.00440537,0.000367219,-0.000383275,-5.79667e-05,-0.00157838,-0.000323672,-2.73763e-05,0.000367219,0.00101513,0.000578189,0.000965393,-0.00118131,0.000201044,-3.87594e-05,-0.000383275,0.000578189,0.00381613,0.000718304,-0.00153325,-0.00108257,-3.69776e-05,-5.79667e-05,0.000965393,0.000718304,0.00286213,0.000905211,0.00180824,-6.23877e-05,-0.00157838,-0.00118131,-0.00153325,0.000905211,0.0278667,0.00193107,7.92648e-06,-0.000323672,0.000201044,-0.00108257,0.00180824,0.00193107,0.0261846,-1.32487e-05,-2.73763e-05,-3.87594e-05,-3.69776e-05,-6.23877e-05,7.92648e-06,-1.32487e-05,0.0466004,
0.00440537,0.00036722,-0.000383277,-5.79665e-05,-0.00157837,-0.00032367,-2.74286e-05,0.00036722,0.00101513,0.000578188,0.000965392,-0.00118131,0.000201034,-3.88038e-05,-0.000383277,0.000578188,0.00381613,0.000718305,-0.00153325,-0.00108254,-3.70017e-05,-5.79665e-05,0.000965392,0.000718305,0.00286213,0.000905195,0.0018082,-6.24031e-05,-0.00157837,-0.00118131,-0.00153325,0.000905195,0.0278669,0.00193102,7.24599e-06,-0.00032367,0.000201034,-0.00108254,0.0018082,0.00193102,0.0261848,-1.32125e-05,-2.74286e-05,-3.88038e-05,-3.70017e-05,-6.24031e-05,7.24599e-06,-1.32125e-05,0.0466002,
0.00440537,0.00036722,-0.000383279,-5.79663e-05,-0.00157837,-0.000323669,-2.7481e-05,0.00036722,0.00101513,0.000578188,0.000965392,-0.0011813,0.000201025,-3.88483e-05,-0.000383279,0.000578188,0.00381613,0.000718305,-0.00153325,-0.00108252,-3.70259e-05,-5.79663e-05,0.000965392,0.000718305,0.00286212,0.00090518,0.00180816,-6.24186e-05,-0.00157837,-0.0011813,-0.00153325,0.00090518,0.0278671,0.00193097,6.56356e-06,-0.000323669,0.000201025,-0.00108252,0.00180816,0.00193097,0.026185,-1.31762e-05,-2.7481e-05,-3.88483e-05,-3.70259e-05,-6.24186e-05,6.56356e-06,-1.31762e-05,0.0466,
0.00440537,0.000367221,-0.000383281,-5.79662e-05,-0.00157836,-0.000323667,-2.75336e-05,0.000367221,0.00101513,0.000578187,0.000965391,-0.0011813,0.000201016,-3.8893e-05,-0.000383281,0.000578187,0.00381613,0.000718305,-0.00153325,-0.00108249,-3.70502e-05,-5.79662e-05,0.000965391,0.000718305,0.00286212,0.000905165,0.00180812,-6.24341e-05,-0.00157836,-0.0011813,-0.00153325,0.000905165,0.0278672,0.00193093,5.87933e-06,-0.000323667,0.000201016,-0.00108249,0.00180812,0.00193093,0.0261852,-1.31398e-05,-2.75336e-05,-3.8893e-05,-3.70502e-05,-6.24341e-05,5.87933e-06,-1.31398e-05,0.0465998,
0.00440537,0.000367221,-0.000383283,-5.79662e-05,-0.00157835,-0.000323666,-2.75863e-05,0.000367221,0.00101513,0.000578187,0.00096539,-0.00118129,0.000201007,-3.89377e-05,-0.000383283,0.000578187,0.00381613,0.000718305,-0.00153325,-0.00108246,-3.70745e-05,-5.79662e-05,0.00096539,0.000718305,0.00286212,0.00090515,0.00180808,-6.24497e-05,-0.00157835,-0.00118129,-0.00153325,0.00090515,0.0278674,0.00193088,5.19343e-06,-0.000323666,0.000201007,-0.00108246,0.00180808,0.00193088,0.0261854,-1.31033e-05,-2.75863e-05,-3.89377e-05,-3.70745e-05,-6.24497e-05,5.19343e-06,-1.31033e-05,0.0465996,
0.00440537,0.000367222,-0.000383285,-5.79663e-05,-0.00157835,-0.000323664,-2.76392e-05,0.000367222,0.00101513,0.000578186,0.000965389,-0.00118129,0.000200997,-3.89826e-05,-0.000383285,0.000578186,0.00381613,0.000718305,-0.00153325,-0.00108243,-3.70989e-05,-5.79663e-05,0.000965389,0.000718305,0.00286212,0.000905135,0.00180804,-6.24653e-05,-0.00157835,-0.00118129,-0.00153325,0.000905135,0.0278676,0.00193083,4.506e-06,-0.000323664,0.000200997,-0.00108243,0.00180804,0.00193083,0.0261856,-1.30667e-05,-2.76392e-05,-3.89826e-05,-3.70989e-05,-6.24653e-05,4.506e-06,-1.30667e-05,0.0465994,
0.00440537,0.000367222,-0.000383287,-5.79664e-05,-0.00157834,-0.000323662,-2.76921e-05,0.000367222,0.00101513,0.000578186,0.000965389,-0.00118128,0.000200988,-3.90276e-05,-0.000383287,0.000578186,0.00381613,0.000718305,-0.00153326,-0.0010824,-3.71234e-05,-5.79664e-05,0.000965389,0.000718305,0.00286212,0.000905119,0.001808,-6.24809e-05,-0.00157834,-0.00118128,-0.00153326,0.000905119,0.0278677,0.00193078,3.81714e-06,-0.000323662,0.000200988,-0.0010824,0.001808,0.00193078,0.0261858,-1.30301e-05,-2.76921e-05,-3.90276e-05,-3.71234e-05,-6.24809e-05,3.81714e-06,-1.30301e-05,0.0465993,
0.00440537,0.000367222,-0.000383288,-5.79666e-05,-0.00157834,-0.00032366,-2.77452e-05,0.000367222,0.00101513,0.000578185,0.000965388,-0.00118128,0.000200979,-3.90727e-05,-0.000383288,0.000578185,0.00381613,0.000718305,-0.00153326,-0.00108237,-3.71479e-05,-5.79666e-05,0.000965388,0.000718305,0.00286211,0.000905104,0.00180796,-6.24966e-05,-0.00157834,-0.00118128,-0.00153326,0.000905104,0.0278679,0.00193074,3.12696e-06,-0.00032366,0.000200979,-0.00108237,0.00180796,0.00193074,0.026186,-1.29934e-05,-2.77452e-05,-3.90727e-05,-3.71479e-05,-6.24966e-05,3.12696e-06,-1.29934e-05,0.0465991,
0.00440537,0.000367223,-0.00038329,-5.79669e-05,-0.00157833,-0.000323658,-2.77984e-05,0.000367223,0.00101513,0.000578185,0.000965387,-0.00118127,0.000200969,-3.91178e-05,-0.00038329,0.000578185,0.00381612,0.000718306,-0.00153326,-0.00108234,-3.71724e-05,-5.79669e-05,0.000965387,0.000718306,0.00286211,0.000905089,0.00180792,-6.25123e-05,-0.00157833,-0.00118127,-0.00153326,0.000905089,0.0278681,0.00193069,2.43557e-06,-0.000323658,0.000200969,-0.00108234,0.00180792,0.00193069,0.0261862,-1.29566e-05,-2.77984e-05,-3.91178e-05,-3.71724e-05,-6.25123e-05,2.43557e-06,-1.29566e-05,0.0465989,
0.00440537,0.000367223,-0.000383292,-5.79672e-05,-0.00157832,-0.000323656,-2.78516e-05,0.000367223,0.00101513,0.000578184,0.000965386,-0.00118127,0.00020096,-3.9163e-05,-0.000383292,0.000578184,0.00381612,0.000718306,-0.00153326,-0.00108231,-3.7197e-05,-5.79672e-05,0.000965386,0.000718306,0.00286211,0.000905074,0.00180788,-6.25281e-05,-0.00157832,-0.00118127,-0.00153326,0.000905074,0.0278682,0.00193064,1.74305e-06,-0.000323656,0.00020096,-0.00108231,0.00180788,0.00193064,0.0261864,-1.29198e-05,-2.78516e-05,-3.9163e-05,-3.7197e-05,-6.25281e-05,1.74305e-06,-1.29198e-05,0.0465987,
0.00440537,0.000367223,-0.000383293,-5.79675e-05,-0.00157832,-0.000323654,-2.7905e-05,0.000367223,0.00101513,0.000578184,0.000965385,-0.00118126,0.000200951,-3.92083e-05,-0.000383293,0.000578184,0.00381612,0.000718306,-0.00153326,-0.00108229,-3.72217e-05,-5.79675e-05,0.000965385,0.000718306,0.00286211,0.000905058,0.00180784,-6.25438e-05,-0.00157832,-0.00118126,-0.00153326,0.000905058,0.0278684,0.00193059,1.04949e-06,-0.000323654,0.000200951,-0.00108229,0.00180784,0.00193059,0.0261866,-1.2883e-05,-2.7905e-05,-3.92083e-05,-3.72217e-05,-6.25438e-05,1.04949e-06,-1.2883e-05,0.0465985,
0.00440537,0.000367224,-0.000383295,-5.79679e-05,-0.00157831,-0.000323652,-2.79584e-05,0.000367224,0.00101513,0.000578183,0.000965385,-0.00118126,0.000200941,-3.92537e-05,-0.000383295,0.000578183,0.00381612,0.000718306,-0.00153326,-0.00108226,-3.72464e-05,-5.79679e-05,0.000965385,0.000718306,0.00286211,0.000905043,0.00180779,-6.25597e-05,-0.00157831,-0.00118126,-0.00153326,0.000905043,0.0278686,0.00193054,3.54982e-07,-0.000323652,0.000200941,-0.00108226,0.00180779,0.00193054,0.0261868,-1.28461e-05,-2.79584e-05,-3.92537e-05,-3.72464e-05,-6.25597e-05,3.54982e-07,-1.28461e-05,0.0465983,
0.00440537,0.000367224,-0.000383296,-5.79683e-05,-0.00157831,-0.000323649,-2.80119e-05,0.000367224,0.00101513,0.000578183,0.000965384,-0.00118125,0.000200932,-3.92991e-05,-0.000383296,0.000578183,0.00381612,0.000718306,-0.00153327,-0.00108223,-3.72711e-05,-5.79683e-05,0.000965384,0.000718306,0.0028621,0.000905028,0.00180775,-6.25755e-05,-0.00157831,-0.00118125,-0.00153327,0.000905028,0.0278687,0.0019305,-3.40417e-07,-0.000323649,0.000200932,-0.00108223,0.00180775,0.0019305,0.026187,-1.28091e-05,-2.80119e-05,-3.92991e-05,-3.72711e-05,-6.25755e-05,-3.40417e-07,-1.28091e-05,0.0465981,
0.00440537,0.000367224,-0.000383298,-5.79687e-05,-0.0015783,-0.000323647,-2.80654e-05,0.000367224,0.00101513,0.000578182,0.000965383,-0.00118125,0.000200923,-3.93446e-05,-0.000383298,0.000578182,0.00381612,0.000718306,-0.00153327,-0.0010822,-3.72959e-05,-5.79687e-05,0.000965383,0.000718306,0.0028621,0.000905012,0.00180771,-6.25914e-05,-0.0015783,-0.00118125,-0.00153327,0.000905012,0.0278689,0.00193045,-1.03663e-06,-0.000323647,0.000200923,-0.0010822,0.00180771,0.00193045,0.0261872,-1.27721e-05,-2.80654e-05,-3.93446e-05,-3.72959e-05,-6.25914e-05,-1.03663e-06,-1.27721e-05,0.0465979,
0.00440537,0.000367224,-0.000383299,-5.79692e-05,-0.0015783,-0.000323645,-2.8119e-05,0.000367224,0.00101513,0.000578182,0.000965382,-0.00118124,0.000200913,-3.93901e-05,-0.000383299,0.000578182,0.00381612,0.000718306,-0.00153327,-0.00108217,-3.73206e-05,-5.79692e-05,0.000965382,0.000718306,0.0028621,0.000904997,0.00180767,-6.26073e-05,-0.0015783,-0.00118124,-0.00153327,0.000904997,0.0278691,0.0019304,-1.7336e-06,-0.000323645,0.000200913,-0.00108217,0.00180767,0.0019304,0.0261874,-1.27351e-05,-2.8119e-05,-3.93901e-05,-3.73206e-05,-6.26073e-05,-1.7336e-06,-1.27351e-05,0.0465978,
0.00440537,0.000367225,-0.0003833,-5.79697e-05,-0.00157829,-0.000323643,-2.81727e-05,0.000367225,0.00101513,0.000578181,0.000965381,-0.00118124,0.000200904,-3.94357e-05,-0.0003833,0.000578181,0.00381612,0.000718307,-0.00153327,-0.00108214,-3.73455e-05,-5.79697e-05,0.000965381,0.000718307,0.0028621,0.000904982,0.00180763,-6.26232e-05,-0.00157829,-0.00118124,-0.00153327,0.000904982,0.0278693,0.00193035,-2.43126e-06,-0.000323643,0.000200904,-0.00108214,0.00180763,0.00193035,0.0261876,-1.2698e-05,-2.81727e-05,-3.94357e-05,-3.73455e-05,-6.26232e-05,-2.43126e-06,-1.2698e-05,0.0465976,
0.00440537,0.000367225,-0.000383302,-5.79702e-05,-0.00157828,-0.00032364,-2.82264e-05,0.000367225,0.00101513,0.000578181,0.00096538,-0.00118123,0.000200894,-3.94814e-05,-0.000383302,0.000578181,0.00381612,0.000718307,-0.00153327,-0.00108211,-3.73703e-05,-5.79702e-05,0.00096538,0.000718307,0.0028621,0.000904966,0.00180759,-6.26391e-05,-0.00157828,-0.00118123,-0.00153327,0.000904966,0.0278694,0.0019303,-3.12956e-06,-0.00032364,0.000200894,-0.00108211,0.00180759,0.0019303,0.0261878,-1.2661e-05,-2.82264e-05,-3.94814e-05,-3.73703e-05,-6.26391e-05,-3.12956e-06,-1.2661e-05,0.0465974,
0.00440537,0.000367225,-0.000383303,-5.79708e-05,-0.00157828,-0.000323638,-2.82802e-05,0.000367225,0.00101513,0.00057818,0.00096538,-0.00118123,0.000200885,-3.9527e-05,-0.000383303,0.00057818,0.00381612,0.000718307,-0.00153327,-0.00108208,-3.73952e-05,-5.79708e-05,0.00096538,0.000718307,0.00286209,0.000904951,0.00180755,-6.26551e-05,-0.00157828,-0.00118123,-0.00153327,0.000904951,0.0278696,0.00193025,-3.82845e-06,-0.000323638,0.000200885,-0.00108208,0.00180755,0.00193025,0.026188,-1.26239e-05,-2.82802e-05,-3.9527e-05,-3.73952e-05,-6.26551e-05,-3.82845e-06,-1.26239e-05,0.0465972,
0.00440537,0.000367225,-0.000383304,-5.79713e-05,-0.00157827,-0.000323635,-2.8334e-05,0.000367225,0.00101513,0.00057818,0.000965379,-0.00118122,0.000200876,-3.95727e-05,-0.000383304,0.00057818,0.00381611,0.000718307,-0.00153328,-0.00108205,-3.74201e-05,-5.79713e-05,0.000965379,0.000718307,0.00286209,0.000904936,0.00180751,-6.26711e-05,-0.00157827,-0.00118122,-0.00153328,0.000904936,0.0278698,0.00193021,-4.52789e-06,-0.000323635,0.000200876,-0.00108205,0.00180751,0.00193021,0.0261882,-1.25867e-05,-2.8334e-05,-3.95727e-05,-3.74201e-05,-6.26711e-05,-4.52789e-06,-1.25867e-05,0.046597,
0.00440537,0.000367226,-0.000383306,-5.79719e-05,-0.00157827,-0.000323633,-2.83879e-05,0.000367226,0.00101513,0.000578179,0.000965378,-0.00118122,0.000200866,-3.96185e-05,-0.000383306,0.000578179,0.00381611,0.000718307,-0.00153328,-0.00108202,-3.7445e-05,-5.79719e-05,0.000965378,0.000718307,0.00286209,0.00090492,0.00180747,-6.26871e-05,-0.00157827,-0.00118122,-0.00153328,0.00090492,0.0278699,0.00193016,-5.22782e-06,-0.000323633,0.000200866,-0.00108202,0.00180747,0.00193016,0.0261884,-1.25496e-05,-2.83879e-05,-3.96185e-05,-3.7445e-05,-6.26871e-05,-5.22782e-06,-1.25496e-05,0.0465968,
0.00440537,0.000367226,-0.000383307,-5.79725e-05,-0.00157826,-0.000323631,-2.84418e-05,0.000367226,0.00101513,0.000578179,0.000965377,-0.00118121,0.000200857,-3.96643e-05,-0.000383307,0.000578179,0.00381611,0.000718307,-0.00153328,-0.00108199,-3.747e-05,-5.79725e-05,0.000965377,0.000718307,0.00286209,0.000904905,0.00180743,-6.27031e-05,-0.00157826,-0.00118121,-0.00153328,0.000904905,0.0278701,0.00193011,-5.92821e-06,-0.000323631,0.000200857,-0.00108199,0.00180743,0.00193011,0.0261886,-1.25124e-05,-2.84418e-05,-3.96643e-05,-3.747e-05,-6.27031e-05,-5.92821e-06,-1.25124e-05,0.0465966,
0.00440537,0.000367226,-0.000383308,-5.79731e-05,-0.00157825,-0.000323628,-2.84957e-05,0.000367226,0.00101513,0.000578178,0.000965376,-0.00118121,0.000200847,-3.97101e-05,-0.000383308,0.000578178,0.00381611,0.000718308,-0.00153328,-0.00108196,-3.74949e-05,-5.79731e-05,0.000965376,0.000718308,0.00286209,0.000904889,0.00180738,-6.27192e-05,-0.00157825,-0.00118121,-0.00153328,0.000904889,0.0278703,0.00193006,-6.62902e-06,-0.000323628,0.000200847,-0.00108196,0.00180738,0.00193006,0.0261888,-1.24752e-05,-2.84957e-05,-3.97101e-05,-3.74949e-05,-6.27192e-05,-6.62902e-06,-1.24752e-05,0.0465964,
0.00440537,0.000367226,-0.00038331,-5.79738e-05,-0.00157825,-0.000323626,-2.85497e-05,0.000367226,0.00101513,0.000578178,0.000965375,-0.00118121,0.000200838,-3.97559e-05,-0.00038331,0.000578178,0.00381611,0.000718308,-0.00153328,-0.00108193,-3.75199e-05,-5.79738e-05,0.000965375,0.000718308,0.00286208,0.000904874,0.00180734,-6.27353e-05,-0.00157825,-0.00118121,-0.00153328,0.000904874,0.0278705,0.00193001,-7.33021e-06,-0.000323626,0.000200838,-0.00108193,0.00180734,0.00193001,0.026189,-1.2438e-05,-2.85497e-05,-3.97559e-05,-3.75199e-05,-6.27353e-05,-7.33021e-06,-1.2438e-05,0.0465962,
0.00440537,0.000367226,-0.000383311,-5.79744e-05,-0.00157824,-0.000323623,-2.86037e-05,0.000367226,0.00101514,0.000578177,0.000965374,-0.0011812,0.000200829,-3.98018e-05,-0.000383311,0.000578177,0.00381611,0.000718308,-0.00153328,-0.00108191,-3.75449e-05,-5.79744e-05,0.000965374,0.000718308,0.00286208,0.000904859,0.0018073,-6.27514e-05,-0.00157824,-0.0011812,-0.00153328,0.000904859,0.0278706,0.00192996,-8.03177e-06,-0.000323623,0.000200829,-0.00108191,0.0018073,0.00192996,0.0261892,-1.24008e-05,-2.86037e-05,-3.98018e-05,-3.75449e-05,-6.27514e-05,-8.03177e-06,-1.24008e-05,0.046596,
0.00440537,0.000367227,-0.000383312,-5.79751e-05,-0.00157824,-0.000323621,-2.86577e-05,0.000367227,0.00101514,0.000578177,0.000965374,-0.0011812,0.000200819,-3.98477e-05,-0.000383312,0.000578177,0.00381611,0.000718308,-0.00153329,-0.00108188,-3.75699e-05,-5.79751e-05,0.000965374,0.000718308,0.00286208,0.000904843,0.00180726,-6.27675e-05,-0.00157824,-0.0011812,-0.00153329,0.000904843,0.0278708,0.00192991,-8.73364e-06,-0.000323621,0.000200819,-0.00108188,0.00180726,0.00192991,0.0261894,-1.23636e-05,-2.86577e-05,-3.98477e-05,-3.75699e-05,-6.27675e-05,-8.73364e-06,-1.23636e-05,0.0465958,
0.00440537,0.000367227,-0.000383313,-5.79757e-05,-0.00157823,-0.000323618,-2.87118e-05,0.000367227,0.00101514,0.000578176,0.000965373,-0.00118119,0.00020081,-3.98936e-05,-0.000383313,0.000578176,0.00381611,0.000718308,-0.00153329,-0.00108185,-3.7595e-05,-5.79757e-05,0.000965373,0.000718308,0.00286208,0.000904828,0.00180722,-6.27836e-05,-0.00157823,-0.00118119,-0.00153329,0.000904828,0.027871,0.00192987,-9.43581e-06,-0.000323618,0.00020081,-0.00108185,0.00180722,0.00192987,0.0261896,-1.23263e-05,-2.87118e-05,-3.98936e-05,-3.7595e-05,-6.27836e-05,-9.43581e-06,-1.23263e-05,0.0465956,
0.00440537,0.000367227,-0.000383314,-5.79764e-05,-0.00157822,-0.000323616,-2.87659e-05,0.000367227,0.00101514,0.000578176,0.000965372,-0.00118119,0.0002008,-3.99396e-05,-0.000383314,0.000578176,0.00381611,0.000718308,-0.00153329,-0.00108182,-3.762e-05,-5.79764e-05,0.000965372,0.000718308,0.00286208,0.000904812,0.00180718,-6.27997e-05,-0.00157822,-0.00118119,-0.00153329,0.000904812,0.0278711,0.00192982,-1.01383e-05,-0.000323616,0.0002008,-0.00108182,0.00180718,0.00192982,0.0261898,-1.22891e-05,-2.87659e-05,-3.99396e-05,-3.762e-05,-6.27997e-05,-1.01383e-05,-1.22891e-05,0.0465954,
0.00440537,0.000367227,-0.000383316,-5.79771e-05,-0.00157822,-0.000323613,-2.882e-05,0.000367227,0.00101514,0.000578175,0.000965371,-0.00118118,0.000200791,-3.99855e-05,-0.000383316,0.000578175,0.00381611,0.000718309,-0.00153329,-0.00108179,-3.76451e-05,-5.79771e-05,0.000965371,0.000718309,0.00286207,0.000904797,0.00180714,-6.28159e-05,-0.00157822,-0.00118118,-0.00153329,0.000904797,0.0278713,0.00192977,-1.08409e-05,-0.000323613,0.000200791,-0.00108179,0.00180714,0.00192977,0.0261899,-1.22518e-05,-2.882e-05,-3.99855e-05,-3.76451e-05,-6.28159e-05,-1.08409e-05,-1.22518e-05,0.0465952,
0.00440537,0.000367227,-0.000383317,-5.79777e-05,-0.00157821,-0.000323611,-2.88741e-05,0.000367227,0.00101514,0.000578175,0.00096537,-0.00118118,0.000200781,-4.00315e-05,-0.000383317,0.000578175,0.00381611,0.000718309,-0.00153329,-0.00108176,-3.76702e-05,-5.79777e-05,0.00096537,0.000718309,0.00286207,0.000904781,0.0018071,-6.2832e-05,-0.00157821,-0.00118118,-0.00153329,0.000904781,0.0278715,0.00192972,-1.15439e-05,-0.000323611,0.000200781,-0.00108176,0.0018071,0.00192972,0.0261901,-1.22146e-05,-2.88741e-05,-4.00315e-05,-3.76702e-05,-6.2832e-05,-1.15439e-05,-1.22146e-05,0.046595,
0.00440537,0.000367228,-0.000383318,-5.79784e-05,-0.00157821,-0.000323608,-2.89283e-05,0.000367228,0.00101514,0.000578174,0.000965369,-0.00118117,0.000200772,-4.00775e-05,-0.000383318,0.000578174,0.0038161,0.000718309,-0.00153329,-0.00108173,-3.76953e-05,-5.79784e-05,0.000965369,0.000718309,0.00286207,0.000904766,0.00180705,-6.28482e-05,-0.00157821,-0.00118117,-0.00153329,0.000904766,0.0278717,0.00192967,-1.2247e-05,-0.000323608,0.000200772,-0.00108173,0.00180705,0.00192967,0.0261903,-1.21773e-05,-2.89283e-05,-4.00775e-05,-3.76953e-05,-6.28482e-05,-1.2247e-05,-1.21773e-05,0.0465948,
0.00440537,0.000367228,-0.000383319,-5.79791e-05,-0.0015782,-0.000323606,-2.89824e-05,0.000367228,0.00101514,0.000578174,0.000965368,-0.00118117,0.000200762,-4.01235e-05,-0.000383319,0.000578174,0.0038161,0.000718309,-0.0015333,-0.0010817,-3.77204e-05,-5.79791e-05,0.000965368,0.000718309,0.00286207,0.00090475,0.00180701,-6.28644e-05,-0.0015782,-0.00118117,-0.0015333,0.00090475,0.0278718,0.00192962,-1.29503e-05,-0.000323606,0.000200762,-0.0010817,0.00180701,0.00192962,0.0261905,-1.214e-05,-2.89824e-05,-4.01235e-05,-3.77204e-05,-6.28644e-05,-1.29503e-05,-1.214e-05,0.0465946,
0.00440537,0.000367228,-0.00038332,-5.79798e-05,-0.0015782,-0.000323603,-2.90366e-05,0.000367228,0.00101514,0.000578173,0.000965367,-0.00118116,0.000200753,-4.01695e-05,-0.00038332,0.000578173,0.0038161,0.000718309,-0.0015333,-0.00108167,-3.77455e-05,-5.79798e-05,0.000965367,0.000718309,0.00286207,0.000904735,0.00180697,-6.28806e-05,-0.0015782,-0.00118116,-0.0015333,0.000904735,0.027872,0.00192957,-1.36538e-05,-0.000323603,0.000200753,-0.00108167,0.00180697,0.00192957,0.0261907,-1.21028e-05,-2.90366e-05,-4.01695e-05,-3.77455e-05,-6.28806e-05,-1.36538e-05,-1.21028e-05,0.0465944,
0.00440537,0.000367228,-0.000383322,-5.79806e-05,-0.00157819,-0.0003236,-2.90908e-05,0.000367228,0.00101514,0.000578173,0.000965367,-0.00118116,0.000200744,-4.02156e-05,-0.000383322,0.000578173,0.0038161,0.000718309,-0.0015333,-0.00108164,-3.77706e-05,-5.79806e-05,0.000965367,0.000718309,0.00286206,0.00090472,0.00180693,-6.28969e-05,-0.00157819,-0.00118116,-0.0015333,0.00090472,0.0278722,0.00192952,-1.43574e-05,-0.0003236,0.000200744,-0.00108164,0.00180693,0.00192952,0.0261909,-1.20655e-05,-2.90908e-05,-4.02156e-05,-3.77706e-05,-6.28969e-05,-1.43574e-05,-1.20655e-05,0.0465942,
