0.00209134,-0.000120694,-0.00174535,-0.000520832,-0.000741057,0.000488155,-6.18002e-05,-0.000120694,0.00127803,-0.000543364,0.00107828,0.000539844,-0.000958045,-1.45193e-05,-0.00174535,-0.000543364,0.0034833,-4.63478e-05,-0.00138885,0.000192059,5.24974e-05,-0.000520832,0.00107828,-4.63478e-05,0.00295482,-0.000669265,-0.00104946,-9.74819e-05,-0.000741057,0.000539844,-0.00138885,-0.000669265,0.0265809,-0.000684645,0.00138575,0.000488155,-0.000958045,0.000192059,-0.00104946,-0.000684645,0.02553,0.000388165,-6.18002e-05,-1.45193e-05,5.24974e-05,-9.74819e-05,0.00138575,0.000388165,0.0466906,
0.00209029,-0.000120276,-0.00174513,-0.000520818,-0.000740289,0.000488155,-6.18668e-05,-0.000120276,0.00127804,-0.000543506,0.00107814,0.000539499,-0.000958075,-1.45376e-05,-0.00174513,-0.000543506,0.00348322,-4.59947e-05,-0.00138909,0.000191718,5.25385e-05,-0.000520818,0.00107814,-4.59947e-05,0.00295471,-0.000669181,-0.00104967,-9.74564e-05,-0.000740289,0.000539499,-0.00138909,-0.000669181,0.0265798,-0.000684297,0.00138572,0.000488155,-0.000958075,0.000191718,-0.00104967,-0.000684297,0.0255302,0.000388111,-6.18668e-05,-1.45376e-05,5.25385e-05,-9.74564e-05,0.00138572,0.000388111,0.0466906,
0.00208937,-0.000119912,-0.00174493,-0.000520808,-0.00073962,0.000488152,-6.19235e-05,-0.000119912,0.00127804,-0.000543628,0.00107802,0.000539203,-0.000958086,-1.45521e-05,-0.00174493,-0.000543628,0.00348317,-4.56892e-05,-0.0013893,0.00019143,5.25765e-05,-0.000520808,0.00107802,-4.56892e-05,0.00295462,-0.000669095,-0.0010499,-9.74308e-05,-0.00073962,0.000539203,-0.0013893,-0.000669095,0.0265788,-0.000683972,0.00138566,0.000488152,-0.000958086,0.00019143,-0.0010499,-0.000683972,0.0255304,0.000388063,-6.19235e-05,-1.45521e-05,5.25765e-05,-9.74308e-05,0.00138566,0.000388063,0.0466906,
0.00208856,-0.000119596,-0.00174477,-0.000520799,-0.000739033,0.000488146,-6.19719e-05,-0.000119596,0.00127804,-0.00054373,0.00107792,0.000538951,-0.000958089,-1.45636e-05,-0.00174477,-0.00054373,0.00348313,-4.54246e-05,-0.0013895,0.000191188,5.26108e-05,-0.000520799,0.00107792,-4.54246e-05,0.00295455,-0.00066902,-0.00105012,-9.74063e-05,-0.000739033,0.000538951,-0.0013895,-0.00066902,0.0265778,-0.000683679,0.00138559,0.000488146,-0.000958089,0.000191188,-0.00105012,-0.000683679,0.0255305,0.000388019,-6.19719e-05,-1.45636e-05,5.26108e-05,-9.74063e-05,0.00138559,0.000388019,0.0466906,
0.00208785,-0.000119321,-0.00174462,-0.000520789,-0.000738519,0.000488138,-6.20133e-05,-0.000119321,0.00127803,-0.000543815,0.00107783,0.000538736,-0.000958089,-1.45726e-05,-0.00174462,-0.000543815,0.00348309,-4.51953e-05,-0.00138967,0.000190984,5.26414e-05,-0.000520789,0.00107783,-4.51953e-05,0.00295449,-0.000668959,-0.00105033,-9.73835e-05,-0.000738519,0.000538736,-0.00138967,-0.000668959,0.0265769,-0.00068342,0.00138551,0.000488138,-0.000958089,0.000190984,-0.00105033,-0.00068342,0.0255306,0.000387977,-6.20133e-05,-1.45726e-05,5.26414e-05,-9.73835e-05,0.00138551,0.000387977,0.0466906,
0.00208723,-0.000119081,-0.00174449,-0.000520777,-0.000738067,0.000488127,-6.20488e-05,-0.000119081,0.00127803,-0.000543886,0.00107776,0.000538552,-0.000958088,-1.45797e-05,-0.00174449,-0.000543886,0.00348306,-4.49965e-05,-0.00138982,0.000190811,5.26684e-05,-0.000520777,0.00107776,-4.49965e-05,0.00295445,-0.000668911,-0.00105053,-9.73627e-05,-0.000738067,0.000538552,-0.00138982,-0.000668911,0.0265762,-0.000683194,0.00138544,0.000488127,-0.000958088,0.000190811,-0.00105053,-0.000683194,0.0255307,0.000387936,-6.20488e-05,-1.45797e-05,5.26684e-05,-9.73627e-05,0.00138544,0.000387936,0.0466906,
0.00208669,-0.000118872,-0.00174438,-0.000520764,-0.00073767,0.000488115,-6.20793e-05,-0.000118872,0.00127802,-0.000543944,0.0010777,0.000538395,-0.000958087,-1.45853e-05,-0.00174438,-0.000543944,0.00348303,-4.48239e-05,-0.00138995,0.000190664,5.26921e-05,-0.000520764,0.0010777,-4.48239e-05,0.00295442,-0.000668876,-0.0010507,-9.73438e-05,-0.00073767,0.000538395,-0.00138995,-0.000668876,0.0265755,-0.000682998,0.00138538,0.000488115,-0.000958087,0.000190664,-0.0010507,-0.000682998,0.0255308,0.000387895,-6.20793e-05,-1.45853e-05,5.26921e-05,-9.73438e-05,0.00138538,0.000387895,0.0466906,
0.00208622,-0.000118689,-0.00174429,-0.000520751,-0.000737321,0.000488102,-6.21057e-05,-0.000118689,0.00127801,-0.000543992,0.00107765,0.000538262,-0.000958087,-1.45896e-05,-0.00174429,-0.000543992,0.00348301,-4.4674e-05,-0.00139006,0.00019054,5.2713e-05,-0.000520751,0.00107765,-4.4674e-05,0.00295439,-0.00066885,-0.00105085,-9.73267e-05,-0.000737321,0.000538262,-0.00139006,-0.00066885,0.0265749,-0.000682829,0.00138532,0.000488102,-0.000958087,0.00019054,-0.00105085,-0.000682829,0.0255309,0.000387854,-6.21057e-05,-1.45896e-05,5.2713e-05,-9.73267e-05,0.00138532,0.000387854,0.0466906,
0.00208581,-0.000118529,-0.00174421,-0.000520738,-0.000737013,0.000488088,-6.21285e-05,-0.000118529,0.001278,-0.000544031,0.00107761,0.000538147,-0.000958088,-1.4593e-05,-0.00174421,-0.000544031,0.00348299,-4.45437e-05,-0.00139015,0.000190434,5.27314e-05,-0.000520738,0.00107761,-4.45437e-05,0.00295437,-0.000668833,-0.00105099,-9.73113e-05,-0.000737013,0.000538147,-0.00139015,-0.000668833,0.0265743,-0.000682682,0.00138527,0.000488088,-0.000958088,0.000190434,-0.00105099,-0.000682682,0.025531,0.000387813,-6.21285e-05,-1.4593e-05,5.27314e-05,-9.73113e-05,0.00138527,0.000387813,0.0466906,
0.00208545,-0.00011839,-0.00174414,-0.000520724,-0.000736743,0.000488075,-6.21482e-05,-0.00011839,0.00127799,-0.000544064,0.00107758,0.000538049,-0.000958089,-1.45957e-05,-0.00174414,-0.000544064,0.00348297,-4.44303e-05,-0.00139023,0.000190344,5.27475e-05,-0.000520724,0.00107758,-4.44303e-05,0.00295436,-0.000668823,-0.0010511,-9.72973e-05,-0.000736743,0.000538049,-0.00139023,-0.000668823,0.0265739,-0.000682555,0.00138523,0.000488075,-0.000958089,0.000190344,-0.0010511,-0.000682555,0.0255311,0.000387771,-6.21482e-05,-1.45957e-05,5.27475e-05,-9.72973e-05,0.00138523,0.000387771,0.0466907,
0.00208513,-0.000118267,-0.00174408,-0.000520711,-0.000736504,0.000488061,-6.21652e-05,-0.000118267,0.00127798,-0.00054409,0.00107755,0.000537965,-0.000958091,-1.45977e-05,-0.00174408,-0.00054409,0.00348296,-4.43314e-05,-0.0013903,0.000190268,5.27617e-05,-0.000520711,0.00107755,-4.43314e-05,0.00295435,-0.000668818,-0.00105121,-9.72847e-05,-0.000736504,0.000537965,-0.0013903,-0.000668818,0.0265735,-0.000682445,0.00138519,0.000488061,-0.000958091,0.000190268,-0.00105121,-0.000682445,0.0255311,0.000387729,-6.21652e-05,-1.45977e-05,5.27617e-05,-9.72847e-05,0.00138519,0.000387729,0.0466907,
0.00208486,-0.00011816,-0.00174402,-0.000520699,-0.000736294,0.000488048,-6.218e-05,-0.00011816,0.00127797,-0.000544112,0.00107752,0.000537893,-0.000958094,-1.45993e-05,-0.00174402,-0.000544112,0.00348295,-4.42453e-05,-0.00139036,0.000190203,5.27741e-05,-0.000520699,0.00107752,-4.42453e-05,0.00295434,-0.000668817,-0.0010513,-9.72733e-05,-0.000736294,0.000537893,-0.00139036,-0.000668817,0.0265731,-0.000682349,0.00138515,0.000488048,-0.000958094,0.000190203,-0.0010513,-0.000682349,0.0255312,0.000387686,-6.218e-05,-1.45993e-05,5.27741e-05,-9.72733e-05,0.00138515,0.000387686,0.0466907,
0.00208461,-0.000118066,-0.00174398,-0.000520687,-0.000736109,0.000488035,-6.21928e-05,-0.000118066,0.00127796,-0.00054413,0.0010775,0.000537832,-0.000958096,-1.46005e-05,-0.00174398,-0.00054413,0.00348294,-4.417e-05,-0.00139041,0.000190148,5.27851e-05,-0.000520687,0.0010775,-4.417e-05,0.00295434,-0.00066882,-0.00105138,-9.72628e-05,-0.000736109,0.000537832,-0.00139041,-0.00066882,0.0265728,-0.000682265,0.00138512,0.000488035,-0.000958096,0.000190148,-0.00105138,-0.000682265,0.0255312,0.000387643,-6.21928e-05,-1.46005e-05,5.27851e-05,-9.72628e-05,0.00138512,0.000387643,0.0466907,
0.0020844,-0.000117983,-0.00174394,-0.000520675,-0.000735945,0.000488023,-6.22039e-05,-0.000117983,0.00127795,-0.000544144,0.00107748,0.000537779,-0.000958099,-1.46015e-05,-0.00174394,-0.000544144,0.00348293,-4.41043e-05,-0.00139045,0.000190101,5.27947e-05,-0.000520675,0.00107748,-4.41043e-05,0.00295434,-0.000668825,-0.00105145,-9.72533e-05,-0.000735945,0.000537779,-0.00139045,-0.000668825,0.0265725,-0.000682191,0.0013851,0.000488023,-0.000958099,0.000190101,-0.00105145,-0.000682191,0.0255313,0.000387599,-6.22039e-05,-1.46015e-05,5.27947e-05,-9.72533e-05,0.0013851,0.000387599,0.0466907,
0.00208421,-0.000117911,-0.0017439,-0.000520664,-0.0007358,0.000488011,-6.22136e-05,-0.000117911,0.00127794,-0.000544156,0.00107746,0.000537733,-0.000958102,-1.46023e-05,-0.0017439,-0.000544156,0.00348293,-4.40467e-05,-0.00139049,0.000190061,5.28032e-05,-0.000520664,0.00107746,-4.40467e-05,0.00295434,-0.000668832,-0.00105152,-9.72446e-05,-0.0007358,0.000537733,-0.00139049,-0.000668832,0.0265723,-0.000682126,0.00138507,0.000488011,-0.000958102,0.000190061,-0.00105152,-0.000682126,0.0255313,0.000387555,-6.22136e-05,-1.46023e-05,5.28032e-05,-9.72446e-05,0.00138507,0.000387555,0.0466907,
0.00208404,-0.000117847,-0.00174387,-0.000520654,-0.000735671,0.000488,-6.22219e-05,-0.000117847,0.00127794,-0.000544165,0.00107745,0.000537694,-0.000958105,-1.46029e-05,-0.00174387,-0.000544165,0.00348292,-4.39963e-05,-0.00139052,0.000190027,5.28107e-05,-0.000520654,0.00107745,-4.39963e-05,0.00295434,-0.00066884,-0.00105157,-9.72366e-05,-0.000735671,0.000537694,-0.00139052,-0.00066884,0.0265721,-0.000682069,0.00138505,0.000488,-0.000958105,0.000190027,-0.00105157,-0.000682069,0.0255313,0.00038751,-6.22219e-05,-1.46029e-05,5.28107e-05,-9.72366e-05,0.00138505,0.00038751,0.0466907,
0.0020839,-0.000117791,-0.00174385,-0.000520644,-0.000735557,0.00048799,-6.22292e-05,-0.000117791,0.00127793,-0.000544173,0.00107744,0.000537661,-0.000958107,-1.46034e-05,-0.00174385,-0.000544173,0.00348292,-4.3952e-05,-0.00139054,0.000189998,5.28173e-05,-0.000520644,0.00107744,-4.3952e-05,0.00295434,-0.000668849,-0.00105162,-9.72293e-05,-0.000735557,0.000537661,-0.00139054,-0.000668849,0.0265719,-0.000682018,0.00138503,0.00048799,-0.000958107,0.000189998,-0.00105162,-0.000682018,0.0255313,0.000387464,-6.22292e-05,-1.46034e-05,5.28173e-05,-9.72293e-05,0.00138503,0.000387464,0.0466907,
0.00208377,-0.000117741,-0.00174382,-0.000520635,-0.000735456,0.00048798,-6.22355e-05,-0.000117741,0.00127792,-0.000544179,0.00107743,0.000537632,-0.00095811,-1.46039e-05,-0.00174382,-0.000544179,0.00348291,-4.39131e-05,-0.00139057,0.000189974,5.28231e-05,-0.000520635,0.00107743,-4.39131e-05,0.00295434,-0.000668859,-0.00105167,-9.72225e-05,-0.000735456,0.000537632,-0.00139057,-0.000668859,0.0265717,-0.000681972,0.00138502,0.00048798,-0.00095811,0.000189974,-0.00105167,-0.000681972,0.0255314,0.000387419,-6.22355e-05,-1.46039e-05,5.28231e-05,-9.72225e-05,0.00138502,0.000387419,0.0466907,
0.00208365,-0.000117697,-0.0017438,-0.000520627,-0.000735367,0.000487971,-6.2241e-05,-0.000117697,0.00127791,-0.000544184,0.00107742,0.000537607,-0.000958113,-1.46043e-05,-0.0017438,-0.000544184,0.00348291,-4.38789e-05,-0.00139059,0.000189953,5.28283e-05,-0.000520627,0.00107742,-4.38789e-05,0.00295435,-0.000668869,-0.00105171,-9.72161e-05,-0.000735367,0.000537607,-0.00139059,-0.000668869,0.0265716,-0.000681931,0.001385,0.000487971,-0.000958113,0.000189953,-0.00105171,-0.000681931,0.0255314,0.000387373,-6.2241e-05,-1.46043e-05,5.28283e-05,-9.72161e-05,0.001385,0.000387373,0.0466907,
0.00208355,-0.000117658,-0.00174379,-0.00052062,-0.000735287,0.000487963,-6.22457e-05,-0.000117658,0.00127791,-0.000544188,0.00107741,0.000537586,-0.000958115,-1.46047e-05,-0.00174379,-0.000544188,0.00348291,-4.38486e-05,-0.0013906,0.000189935,5.28329e-05,-0.00052062,0.00107741,-4.38486e-05,0.00295435,-0.000668879,-0.00105174,-9.72102e-05,-0.000735287,0.000537586,-0.0013906,-0.000668879,0.0265714,-0.000681893,0.00138499,0.000487963,-0.000958115,0.000189935,-0.00105174,-0.000681893,0.0255314,0.000387326,-6.22457e-05,-1.46047e-05,5.28329e-05,-9.72102e-05,0.00138499,0.000387326,0.0466907,
0.00208346,-0.000117624,-0.00174377,-0.000520613,-0.000735215,0.000487955,-6.22499e-05,-0.000117624,0.0012779,-0.000544191,0.00107741,0.000537568,-0.000958118,-1.46051e-05,-0.00174377,-0.000544191,0.0034829,-4.38219e-05,-0.00139062,0.00018992,5.2837e-05,-0.000520613,0.00107741,-4.38219e-05,0.00295435,-0.000668889,-0.00105178,-9.72047e-05,-0.000735215,0.000537568,-0.00139062,-0.000668889,0.0265713,-0.000681859,0.00138498,0.000487955,-0.000958118,0.00018992,-0.00105178,-0.000681859,0.0255314,0.00038728,-6.22499e-05,-1.46051e-05,5.2837e-05,-9.72047e-05,0.00138498,0.00038728,0.0466907,
0.00208338,-0.000117594,-0.00174376,-0.000520606,-0.000735152,0.000487948,-6.22535e-05,-0.000117594,0.0012779,-0.000544193,0.0010774,0.000537552,-0.00095812,-1.46055e-05,-0.00174376,-0.000544193,0.0034829,-4.37983e-05,-0.00139063,0.000189908,5.28406e-05,-0.000520606,0.0010774,-4.37983e-05,0.00295436,-0.000668899,-0.00105181,-9.71995e-05,-0.000735152,0.000537552,-0.00139063,-0.000668899,0.0265712,-0.000681827,0.00138497,0.000487948,-0.00095812,0.000189908,-0.00105181,-0.000681827,0.0255314,0.000387233,-6.22535e-05,-1.46055e-05,5.28406e-05,-9.71995e-05,0.00138497,0.000387233,0.0466907,
0.00208331,-0.000117566,-0.00174375,-0.000520601,-0.000735095,0.000487941,-6.22566e-05,-0.000117566,0.00127789,-0.000544195,0.0010774,0.000537538,-0.000958122,-1.4606e-05,-0.00174375,-0.000544195,0.0034829,-4.37773e-05,-0.00139064,0.000189897,5.28439e-05,-0.000520601,0.0010774,-4.37773e-05,0.00295436,-0.000668909,-0.00105183,-9.71946e-05,-0.000735095,0.000537538,-0.00139064,-0.000668909,0.0265711,-0.000681798,0.00138496,0.000487941,-0.000958122,0.000189897,-0.00105183,-0.000681798,0.0255315,0.000387186,-6.22566e-05,-1.4606e-05,5.28439e-05,-9.71946e-05,0.00138496,0.000387186,0.0466907,
0.00208324,-0.000117542,-0.00174373,-0.000520595,-0.000735043,0.000487935,-6.22593e-05,-0.000117542,0.00127789,-0.000544197,0.00107739,0.000537526,-0.000958124,-1.46064e-05,-0.00174373,-0.000544197,0.0034829,-4.37586e-05,-0.00139065,0.000189888,5.28468e-05,-0.000520595,0.00107739,-4.37586e-05,0.00295436,-0.000668919,-0.00105186,-9.719e-05,-0.000735043,0.000537526,-0.00139065,-0.000668919,0.0265711,-0.000681771,0.00138495,0.000487935,-0.000958124,0.000189888,-0.00105186,-0.000681771,0.0255315,0.000387139,-6.22593e-05,-1.46064e-05,5.28468e-05,-9.719e-05,0.00138495,0.000387139,0.0466907,
0.00208319,-0.00011752,-0.00174373,-0.00052059,-0.000734997,0.00048793,-6.22617e-05,-0.00011752,0.00127788,-0.000544198,0.00107739,0.000537516,-0.000958126,-1.46069e-05,-0.00174373,-0.000544198,0.0034829,-4.3742e-05,-0.00139066,0.000189881,5.28494e-05,-0.00052059,0.00107739,-4.3742e-05,0.00295437,-0.000668928,-0.00105188,-9.71856e-05,-0.000734997,0.000537516,-0.00139066,-0.000668928,0.026571,-0.000681746,0.00138494,0.00048793,-0.000958126,0.000189881,-0.00105188,-0.000681746,0.0255315,0.000387092,-6.22617e-05,-1.46069e-05,5.28494e-05,-9.71856e-05,0.00138494,0.000387092,0.0466908,
0.00208314,-0.000117501,-0.00174372,-0.000520586,-0.000734956,0.000487924,-6.22637e-05,-0.000117501,0.00127788,-0.000544199,0.00107739,0.000537508,-0.000958128,-1.46074e-05,-0.00174372,-0.000544199,0.0034829,-4.37271e-05,-0.00139067,0.000189875,5.28517e-05,-0.000520586,0.00107739,-4.37271e-05,0.00295437,-0.000668938,-0.0010519,-9.71815e-05,-0.000734956,0.000537508,-0.00139067,-0.000668938,0.0265709,-0.000681722,0.00138494,0.000487924,-0.000958128,0.000189875,-0.0010519,-0.000681722,0.0255315,0.000387045,-6.22637e-05,-1.46074e-05,5.28517e-05,-9.71815e-05,0.00138494,0.000387045,0.0466908,
0.00208309,-0.000117484,-0.00174371,-0.000520582,-0.000734918,0.000487919,-6.22655e-05,-0.000117484,0.00127788,-0.0005442,0.00107739,0.0005375,-0.000958129,-1.46079e-05,-0.00174371,-0.0005442,0.0034829,-4.37137e-05,-0.00139067,0.00018987,5.28538e-05,-0.000520582,0.00107739,-4.37137e-05,0.00295438,-0.000668947,-0.00105191,-9.71775e-05,-0.000734918,0.0005375,-0.00139067,-0.000668947,0.0265709,-0.000681699,0.00138493,0.000487919,-0.000958129,0.00018987,-0.00105191,-0.000681699,0.0255315,0.000386998,-6.22655e-05,-1.46079e-05,5.28538e-05,-9.71775e-05,0.00138493,0.000386998,0.0466908,
0.00208305,-0.000117468,-0.0017437,-0.000520578,-0.000734884,0.000487915,-6.22671e-05,-0.000117468,0.00127787,-0.000544201,0.00107738,0.000537493,-0.000958131,-1.46084e-05,-0.0017437,-0.000544201,0.0034829,-4.37017e-05,-0.00139068,0.000189865,5.28557e-05,-0.000520578,0.00107738,-4.37017e-05,0.00295438,-0.000668955,-0.00105193,-9.71736e-05,-0.000734884,0.000537493,-0.00139068,-0.000668955,0.0265708,-0.000681678,0.00138492,0.000487915,-0.000958131,0.000189865,-0.00105193,-0.000681678,0.0255315,0.00038695,-6.22671e-05,-1.46084e-05,5.28557e-05,-9.71736e-05,0.00138492,0.00038695,0.0466908,
0.00208301,-0.000117454,-0.0017437,-0.000520575,-0.000734854,0.000487911,-6.22684e-05,-0.000117454,0.00127787,-0.000544201,0.00107738,0.000537488,-0.000958132,-1.4609e-05,-0.0017437,-0.000544201,0.0034829,-4.36908e-05,-0.00139068,0.000189862,5.28575e-05,-0.000520575,0.00107738,-4.36908e-05,0.00295438,-0.000668963,-0.00105195,-9.71699e-05,-0.000734854,0.000537488,-0.00139068,-0.000668963,0.0265708,-0.000681657,0.00138492,0.000487911,-0.000958132,0.000189862,-0.00105195,-0.000681657,0.0255315,0.000386903,-6.22684e-05,-1.4609e-05,5.28575e-05,-9.71699e-05,0.00138492,0.000386903,0.0466908,
0.00208297,-0.000117441,-0.00174369,-0.000520572,-0.000734825,0.000487907,-6.22696e-05,-0.000117441,0.00127787,-0.000544202,0.00107738,0.000537483,-0.000958133,-1.46096e-05,-0.00174369,-0.000544202,0.0034829,-4.3681e-05,-0.00139069,0.000189859,5.2859e-05,-0.000520572,0.00107738,-4.3681e-05,0.00295439,-0.000668971,-0.00105196,-9.71664e-05,-0.000734825,0.000537483,-0.00139069,-0.000668971,0.0265707,-0.000681637,0.00138491,0.000487907,-0.000958133,0.000189859,-0.00105196,-0.000681637,0.0255315,0.000386856,-6.22696e-05,-1.46096e-05,5.2859e-05,-9.71664e-05,0.00138491,0.000386856,0.0466908,
0.00208294,-0.000117429,-0.00174368,-0.000520569,-0.0007348,0.000487904,-6.22706e-05,-0.000117429,0.00127786,-0.000544202,0.00107738,0.000537478,-0.000958134,-1.46102e-05,-0.00174368,-0.000544202,0.0034829,-4.3672e-05,-0.00139069,0.000189857,5.28605e-05,-0.000520569,0.00107738,-4.3672e-05,0.00295439,-0.000668979,-0.00105197,-9.71629e-05,-0.0007348,0.000537478,-0.00139069,-0.000668979,0.0265707,-0.000681618,0.0013849,0.000487904,-0.000958134,0.000189857,-0.00105197,-0.000681618,0.0255315,0.000386809,-6.22706e-05,-1.46102e-05,5.28605e-05,-9.71629e-05,0.0013849,0.000386809,0.0466908,
0.00208291,-0.000117419,-0.00174368,-0.000520567,-0.000734776,0.0004879,-6.22715e-05,-0.000117419,0.00127786,-0.000544202,0.00107738,0.000537475,-0.000958135,-1.46109e-05,-0.00174368,-0.000544202,0.0034829,-4.36638e-05,-0.0013907,0.000189855,5.28618e-05,-0.000520567,0.00107738,-4.36638e-05,0.00295439,-0.000668986,-0.00105199,-9.71596e-05,-0.000734776,0.000537475,-0.0013907,-0.000668986,0.0265706,-0.000681599,0.0013849,0.0004879,-0.000958135,0.000189855,-0.00105199,-0.000681599,0.0255315,0.000386762,-6.22715e-05,-1.46109e-05,5.28618e-05,-9.71596e-05,0.0013849,0.000386762,0.0466908,
0.00208289,-0.000117409,-0.00174368,-0.000520564,-0.000734754,0.000487897,-6.22723e-05,-0.000117409,0.00127786,-0.000544203,0.00107738,0.000537472,-0.000958136,-1.46116e-05,-0.00174368,-0.000544203,0.0034829,-4.36563e-05,-0.0013907,0.000189853,5.2863e-05,-0.000520564,0.00107738,-4.36563e-05,0.00295439,-0.000668993,-0.001052,-9.71564e-05,-0.000734754,0.000537472,-0.0013907,-0.000668993,0.0265706,-0.000681581,0.00138489,0.000487897,-0.000958136,0.000189853,-0.001052,-0.000681581,0.0255315,0.000386715,-6.22723e-05,-1.46116e-05,5.2863e-05,-9.71564e-05,0.00138489,0.000386715,0.0466908,
0.00208286,-0.0001174,-0.00174367,-0.000520562,-0.000734734,0.000487895,-6.2273e-05,-0.0001174,0.00127786,-0.000544203,0.00107738,0.000537469,-0.000958137,-1.46123e-05,-0.00174367,-0.000544203,0.0034829,-4.36494e-05,-0.0013907,0.000189852,5.28641e-05,-0.000520562,0.00107738,-4.36494e-05,0.0029544,-0.000669,-0.00105201,-9.71532e-05,-0.000734734,0.000537469,-0.0013907,-0.000669,0.0265706,-0.000681563,0.00138489,0.000487895,-0.000958137,0.000189852,-0.00105201,-0.000681563,0.0255315,0.000386669,-6.2273e-05,-1.46123e-05,5.28641e-05,-9.71532e-05,0.00138489,0.000386669,0.0466908,
0.00208284,-0.000117392,-0.00174367,-0.000520561,-0.000734715,0.000487892,-6.22735e-05,-0.000117392,0.00127785,-0.000544203,0.00107738,0.000537466,-0.000958138,-1.4613e-05,-0.00174367,-0.000544203,0.0034829,-4.3643e-05,-0.00139071,0.000189851,5.28651e-05,-0.000520561,0.00107738,-4.3643e-05,0.0029544,-0.000669007,-0.00105202,-9.71501e-05,-0.000734715,0.000537466,-0.00139071,-0.000669007,0.0265705,-0.000681546,0.00138488,0.000487892,-0.000958138,0.000189851,-0.00105202,-0.000681546,0.0255315,0.000386622,-6.22735e-05,-1.4613e-05,5.28651e-05,-9.71501e-05,0.00138488,0.000386622,0.0466908,
0.00208282,-0.000117384,-0.00174366,-0.000520559,-0.000734698,0.00048789,-6.22741e-05,-0.000117384,0.00127785,-0.000544204,0.00107737,0.000537464,-0.000958139,-1.46138e-05,-0.00174366,-0.000544204,0.0034829,-4.3637e-05,-0.00139071,0.000189851,5.28661e-05,-0.000520559,0.00107737,-4.3637e-05,0.0029544,-0.000669013,-0.00105203,-9.71471e-05,-0.000734698,0.000537464,-0.00139071,-0.000669013,0.0265705,-0.000681528,0.00138488,0.00048789,-0.000958139,0.000189851,-0.00105203,-0.000681528,0.0255315,0.000386575,-6.22741e-05,-1.46138e-05,5.28661e-05,-9.71471e-05,0.00138488,0.000386575,0.0466908,
0.0020828,-0.000117377,-0.00174366,-0.000520557,-0.000734681,0.000487887,-6.22745e-05,-0.000117377,0.00127785,-0.000544204,0.00107737,0.000537462,-0.000958139,-1.46145e-05,-0.00174366,-0.000544204,0.0034829,-4.36315e-05,-0.00139071,0.000189851,5.2867e-05,-0.000520557,0.00107737,-4.36315e-05,0.0029544,-0.000669019,-0.00105204,-9.71441e-05,-0.000734681,0.000537462,-0.00139071,-0.000669019,0.0265705,-0.000681512,0.00138488,0.000487887,-0.000958139,0.000189851,-0.00105204,-0.000681512,0.0255315,0.000386529,-6.22745e-05,-1.46145e-05,5.2867e-05,-9.71441e-05,0.00138488,0.000386529,0.0466909,
0.00208278,-0.00011737,-0.00174366,-0.000520556,-0.000734666,0.000487885,-6.22749e-05,-0.00011737,0.00127785,-0.000544204,0.00107737,0.00053746,-0.00095814,-1.46153e-05,-0.00174366,-0.000544204,0.0034829,-4.36263e-05,-0.00139071,0.000189851,5.28678e-05,-0.000520556,0.00107737,-4.36263e-05,0.00295441,-0.000669025,-0.00105205,-9.71412e-05,-0.000734666,0.00053746,-0.00139071,-0.000669025,0.0265704,-0.000681495,0.00138487,0.000487885,-0.00095814,0.000189851,-0.00105205,-0.000681495,0.0255315,0.000386482,-6.22749e-05,-1.46153e-05,5.28678e-05,-9.71412e-05,0.00138487,0.000386482,0.0466909,
0.00208276,-0.000117364,-0.00174365,-0.000520555,-0.000734652,0.000487883,-6.22752e-05,-0.000117364,0.00127785,-0.000544205,0.00107737,0.000537459,-0.000958141,-1.46161e-05,-0.00174365,-0.000544205,0.0034829,-4.36213e-05,-0.00139072,0.000189851,5.28686e-05,-0.000520555,0.00107737,-4.36213e-05,0.00295441,-0.000669031,-0.00105206,-9.71383e-05,-0.000734652,0.000537459,-0.00139072,-0.000669031,0.0265704,-0.000681479,0.00138487,0.000487883,-0.000958141,0.000189851,-0.00105206,-0.000681479,0.0255315,0.000386436,-6.22752e-05,-1.46161e-05,5.28686e-05,-9.71383e-05,0.00138487,0.000386436,0.0466909,
0.00208274,-0.000117358,-0.00174365,-0.000520554,-0.000734638,0.000487881,-6.22755e-05,-0.000117358,0.00127785,-0.000544205,0.00107737,0.000537458,-0.000958141,-1.46169e-05,-0.00174365,-0.000544205,0.0034829,-4.36167e-05,-0.00139072,0.000189851,5.28694e-05,-0.000520554,0.00107737,-4.36167e-05,0.00295441,-0.000669037,-0.00105207,-9.71355e-05,-0.000734638,0.000537458,-0.00139072,-0.000669037,0.0265704,-0.000681463,0.00138486,0.000487881,-0.000958141,0.000189851,-0.00105207,-0.000681463,0.0255315,0.00038639,-6.22755e-05,-1.46169e-05,5.28694e-05,-9.71355e-05,0.00138486,0.00038639,0.0466909,
0.00208273,-0.000117352,-0.00174365,-0.000520552,-0.000734625,0.00048788,-6.22757e-05,-0.000117352,0.00127784,-0.000544205,0.00107737,0.000537457,-0.000958142,-1.46177e-05,-0.00174365,-0.000544205,0.0034829,-4.36123e-05,-0.00139072,0.000189851,5.28701e-05,-0.000520552,0.00107737,-4.36123e-05,0.00295441,-0.000669042,-0.00105208,-9.71327e-05,-0.000734625,0.000537457,-0.00139072,-0.000669042,0.0265704,-0.000681447,0.00138486,0.00048788,-0.000958142,0.000189851,-0.00105208,-0.000681447,0.0255315,0.000386344,-6.22757e-05,-1.46177e-05,5.28701e-05,-9.71327e-05,0.00138486,0.000386344,0.0466909,
0.00208271,-0.000117347,-0.00174365,-0.000520552,-0.000734612,0.000487878,-6.22759e-05,-0.000117347,0.00127784,-0.000544206,0.00107737,0.000537455,-0.000958142,-1.46185e-05,-0.00174365,-0.000544206,0.0034829,-4.36081e-05,-0.00139072,0.000189852,5.28708e-05,-0.000520552,0.00107737,-4.36081e-05,0.00295441,-0.000669048,-0.00105208,-9.71299e-05,-0.000734612,0.000537455,-0.00139072,-0.000669048,0.0265703,-0.000681431,0.00138485,0.000487878,-0.000958142,0.000189852,-0.00105208,-0.000681431,0.0255315,0.000386298,-6.22759e-05,-1.46185e-05,5.28708e-05,-9.71299e-05,0.00138485,0.000386298,0.0466909,
0.00208262,-0.00011735,-0.00174353,-0.000520486,-0.000735355,0.000487758,-6.28761e-05,-0.000117377,0.00127784,-0.000544153,0.0010774,0.000537105,-0.000958197,-1.48977e-05,-0.00174375,-0.000544218,0.00348307,-4.35101e-05,-0.00139182,0.000189679,5.19976e-05,-0.000520479,0.00107738,-4.37141e-05,0.00295435,-0.000668332,-0.00105198,-9.65539e-05,-0.000737522,0.00053713,-0.00138626,-0.000666552,0.026541,-0.000686011,0.00136159,0.000487414,-0.000958194,0.000190558,-0.0010517,-0.000686041,0.0255308,0.000382574,-6.24546e-05,-1.46392e-05,5.31443e-05,-9.69744e-05,0.00138306,0.000385971,0.0466895,
0.00208261,-0.000117345,-0.00174353,-0.000520485,-0.000735343,0.000487756,-6.28763e-05,-0.000117372,0.00127784,-0.000544153,0.0010774,0.000537104,-0.000958198,-1.48983e-05,-0.00174375,-0.000544219,0.00348307,-4.35063e-05,-0.00139182,0.00018968,5.19983e-05,-0.000520478,0.00107738,-4.37103e-05,0.00295436,-0.000668337,-0.00105199,-9.65516e-05,-0.000737511,0.00053713,-0.00138626,-0.000666557,0.026541,-0.000685998,0.00136158,0.000487413,-0.000958194,0.000190559,-0.0010517,-0.000686028,0.0255308,0.000382537,-6.24548e-05,-1.46398e-05,5.3145e-05,-9.69721e-05,0.00138306,0.000385934,0.0466895,
0.0020826,-0.000117341,-0.00174352,-0.000520485,-0.000735332,0.000487755,-6.28766e-05,-0.000117367,0.00127784,-0.000544154,0.0010774,0.000537103,-0.000958198,-1.48988e-05,-0.00174375,-0.000544219,0.00348307,-4.35026e-05,-0.00139183,0.00018968,5.1999e-05,-0.000520477,0.00107738,-4.37066e-05,0.00295436,-0.000668341,-0.00105199,-9.65495e-05,-0.000737499,0.000537129,-0.00138626,-0.000666561,0.026541,-0.000685987,0.00136158,0.000487412,-0.000958194,0.000190559,-0.00105171,-0.000686017,0.0255308,0.000382506,-6.2455e-05,-1.46403e-05,5.31456e-05,-9.697e-05,0.00138305,0.000385903,0.0466895,
0.00208258,-0.000117336,-0.00174352,-0.000520484,-0.000735322,0.000487754,-6.28768e-05,-0.000117363,0.00127783,-0.000544154,0.0010774,0.000537102,-0.000958198,-1.48992e-05,-0.00174375,-0.00054422,0.00348307,-4.3499e-05,-0.00139183,0.000189681,5.19997e-05,-0.000520477,0.00107738,-4.3703e-05,0.00295436,-0.000668345,-0.001052,-9.65477e-05,-0.000737489,0.000537128,-0.00138626,-0.000666565,0.026541,-0.000685977,0.00136157,0.00048741,-0.000958194,0.000190559,-0.00105172,-0.000686007,0.0255308,0.000382478,-6.24552e-05,-1.46407e-05,5.31463e-05,-9.69681e-05,0.00138305,0.000385876,0.0466895,
0.00208257,-0.000117332,-0.00174352,-0.000520483,-0.000735311,0.000487753,-6.2877e-05,-0.000117358,0.00127783,-0.000544155,0.0010774,0.000537102,-0.000958198,-1.48995e-05,-0.00174374,-0.00054422,0.00348307,-4.34955e-05,-0.00139183,0.000189681,5.20003e-05,-0.000520476,0.00107738,-4.36995e-05,0.00295436,-0.000668349,-0.00105201,-9.65459e-05,-0.000737478,0.000537128,-0.00138626,-0.000666569,0.026541,-0.000685968,0.00136157,0.000487409,-0.000958194,0.00019056,-0.00105173,-0.000685998,0.0255308,0.000382454,-6.24555e-05,-1.4641e-05,5.3147e-05,-9.69664e-05,0.00138305,0.000385851,0.0466895,
0.00208256,-0.000117327,-0.00174352,-0.000520483,-0.000735301,0.000487752,-6.28773e-05,-0.000117354,0.00127783,-0.000544155,0.0010774,0.000537101,-0.000958198,-1.48998e-05,-0.00174374,-0.000544221,0.00348307,-4.34921e-05,-0.00139183,0.000189681,5.2001e-05,-0.000520475,0.00107738,-4.36962e-05,0.00295436,-0.000668353,-0.00105201,-9.65443e-05,-0.000737468,0.000537127,-0.00138627,-0.000666573,0.0265409,-0.000685959,0.00136157,0.000487408,-0.000958194,0.00019056,-0.00105173,-0.000685989,0.0255308,0.000382432,-6.24557e-05,-1.46413e-05,5.31477e-05,-9.69648e-05,0.00138304,0.000385829,0.0466895,
0.00208255,-0.000117323,-0.00174351,-0.000520482,-0.000735291,0.000487751,-6.28775e-05,-0.00011735,0.00127783,-0.000544156,0.0010774,0.0005371,-0.000958198,-1.49001e-05,-0.00174374,-0.000544221,0.00348307,-4.34888e-05,-0.00139183,0.000189681,5.20017e-05,-0.000520475,0.00107738,-4.36929e-05,0.00295436,-0.000668357,-0.00105202,-9.65427e-05,-0.000737458,0.000537126,-0.00138627,-0.000666576,0.0265409,-0.000685951,0.00136156,0.000487407,-0.000958194,0.00019056,-0.00105174,-0.000685981,0.0255308,0.00038241,-6.24559e-05,-1.46416e-05,5.31483e-05,-9.69632e-05,0.00138304,0.000385808,0.0466895,
0.00208253,-0.000117319,-0.00174351,-0.000520482,-0.000735281,0.00048775,-6.28777e-05,-0.000117346,0.00127783,-0.000544156,0.0010774,0.0005371,-0.000958198,-1.49004e-05,-0.00174374,-0.000544222,0.00348307,-4.34856e-05,-0.00139184,0.000189681,5.20023e-05,-0.000520475,0.00107738,-4.36896e-05,0.00295436,-0.00066836,-0.00105203,-9.65412e-05,-0.000737448,0.000537126,-0.00138627,-0.00066658,0.0265409,-0.000685943,0.00136156,0.000487406,-0.000958194,0.00019056,-0.00105175,-0.000685973,0.0255308,0.00038239,-6.24562e-05,-1.46419e-05,5.3149e-05,-9.69617e-05,0.00138304,0.000385787,0.0466895,
0.00208249,-0.000117319,-0.00174346,-0.000520455,-0.000735579,0.0004877,-6.3122e-05,-0.000117356,0.00127783,-0.000544135,0.00107741,0.000536957,-0.00095822,-1.50139e-05,-0.00174378,-0.000544227,0.00348314,-4.34442e-05,-0.00139228,0.000189611,5.16475e-05,-0.000520445,0.00107738,-4.37313e-05,0.00295434,-0.00066807,-0.00105199,-9.63064e-05,-0.000738627,0.000536993,-0.00138445,-0.000665565,0.026529,-0.000687808,0.00135209,0.000487217,-0.000958215,0.000190848,-0.00105159,-0.00068785,0.0255305,0.000380871,-6.2529e-05,-1.46502e-05,5.32606e-05,-9.6898e-05,0.00138231,0.000385653,0.0466889,
0.00208248,-0.000117315,-0.00174346,-0.000520455,-0.00073557,0.000487699,-6.31223e-05,-0.000117352,0.00127783,-0.000544135,0.00107741,0.000536956,-0.00095822,-1.5014e-05,-0.00174378,-0.000544228,0.00348314,-4.34411e-05,-0.00139229,0.000189611,5.16481e-05,-0.000520445,0.00107738,-4.37282e-05,0.00295434,-0.000668073,-0.00105199,-9.63051e-05,-0.000738618,0.000536993,-0.00138446,-0.000665569,0.0265289,-0.000687801,0.00135209,0.000487216,-0.000958215,0.000190848,-0.0010516,-0.000687843,0.0255305,0.000380855,-6.25292e-05,-1.46503e-05,5.32612e-05,-9.68967e-05,0.0013823,0.000385637,0.0466889,
0.00208247,-0.000117311,-0.00174346,-0.000520455,-0.00073556,0.000487699,-6.31225e-05,-0.000117348,0.00127783,-0.000544136,0.00107741,0.000536956,-0.00095822,-1.50141e-05,-0.00174378,-0.000544228,0.00348314,-4.34381e-05,-0.00139229,0.000189611,5.16488e-05,-0.000520444,0.00107738,-4.37251e-05,0.00295434,-0.000668076,-0.001052,-9.6304e-05,-0.000738609,0.000536992,-0.00138446,-0.000665571,0.0265289,-0.000687796,0.00135209,0.000487215,-0.000958215,0.000190848,-0.0010516,-0.000687838,0.0255305,0.000380843,-6.25295e-05,-1.46504e-05,5.32619e-05,-9.68956e-05,0.0013823,0.000385625,0.0466889,
0.00208246,-0.000117307,-0.00174346,-0.000520454,-0.000735551,0.000487698,-6.31228e-05,-0.000117345,0.00127783,-0.000544137,0.00107741,0.000536955,-0.00095822,-1.50141e-05,-0.00174377,-0.000544229,0.00348314,-4.34351e-05,-0.00139229,0.000189611,5.16495e-05,-0.000520444,0.00107738,-4.37221e-05,0.00295434,-0.000668079,-0.00105201,-9.6303e-05,-0.0007386,0.000536992,-0.00138446,-0.000665574,0.0265289,-0.000687792,0.00135208,0.000487215,-0.000958214,0.000190848,-0.00105161,-0.000687834,0.0255305,0.000380835,-6.25298e-05,-1.46504e-05,5.32626e-05,-9.68946e-05,0.00138229,0.000385617,0.0466889,
0.00208245,-0.000117303,-0.00174345,-0.000520454,-0.000735543,0.000487697,-6.31231e-05,-0.000117341,0.00127782,-0.000544137,0.00107741,0.000536955,-0.000958219,-1.5014e-05,-0.00174377,-0.00054423,0.00348314,-4.34321e-05,-0.00139229,0.000189611,5.16501e-05,-0.000520444,0.00107738,-4.37191e-05,0.00295435,-0.000668081,-0.00105201,-9.63021e-05,-0.000738591,0.000536991,-0.00138446,-0.000665577,0.0265289,-0.000687788,0.00135208,0.000487214,-0.000958214,0.000190848,-0.00105162,-0.00068783,0.0255305,0.000380829,-6.25301e-05,-1.46503e-05,5.32633e-05,-9.68937e-05,0.00138229,0.000385611,0.046689,
0.00208244,-0.0001173,-0.00174345,-0.000520454,-0.000735534,0.000487696,-6.31234e-05,-0.000117337,0.00127782,-0.000544138,0.00107741,0.000536954,-0.000958219,-1.50139e-05,-0.00174377,-0.00054423,0.00348314,-4.34292e-05,-0.00139229,0.000189611,5.16508e-05,-0.000520443,0.00107738,-4.37162e-05,0.00295435,-0.000668084,-0.00105202,-9.63014e-05,-0.000738582,0.000536991,-0.00138446,-0.000665579,0.0265289,-0.000687785,0.00135208,0.000487213,-0.000958214,0.000190848,-0.00105162,-0.000687827,0.0255305,0.000380825,-6.25304e-05,-1.46502e-05,5.32639e-05,-9.6893e-05,0.00138229,0.000385607,0.046689,
0.00208243,-0.000117296,-0.00174345,-0.000520454,-0.000735525,0.000487696,-6.31237e-05,-0.000117334,0.00127782,-0.000544138,0.00107741,0.000536954,-0.000958219,-1.50137e-05,-0.00174377,-0.000544231,0.00348314,-4.34263e-05,-0.00139229,0.000189611,5.16515e-05,-0.000520443,0.00107738,-4.37133e-05,0.00295435,-0.000668086,-0.00105203,-9.63007e-05,-0.000738573,0.00053699,-0.00138446,-0.000665581,0.0265288,-0.000687783,0.00135207,0.000487212,-0.000958213,0.000190848,-0.00105163,-0.000687825,0.0255305,0.000380824,-6.25307e-05,-1.465e-05,5.32646e-05,-9.68923e-05,0.00138228,0.000385605,0.046689,
0.00208241,-0.000117293,-0.00174345,-0.000520454,-0.000735516,0.000487695,-6.3124e-05,-0.00011733,0.00127782,-0.000544139,0.00107741,0.000536953,-0.000958218,-1.50135e-05,-0.00174376,-0.000544231,0.00348314,-4.34234e-05,-0.0013923,0.000189611,5.16522e-05,-0.000520443,0.00107738,-4.37104e-05,0.00295435,-0.000668088,-0.00105203,-9.63001e-05,-0.000738565,0.00053699,-0.00138447,-0.000665583,0.0265288,-0.000687781,0.00135207,0.000487212,-0.000958213,0.000190848,-0.00105163,-0.000687823,0.0255305,0.000380823,-6.2531e-05,-1.46498e-05,5.32653e-05,-9.68917e-05,0.00138228,0.000385605,0.046689,
0.0020824,-0.000117289,-0.00174345,-0.000520453,-0.000735508,0.000487695,-6.31244e-05,-0.000117326,0.00127782,-0.00054414,0.00107741,0.000536953,-0.000958218,-1.50133e-05,-0.00174376,-0.000544232,0.00348314,-4.34205e-05,-0.0013923,0.000189611,5.16529e-05,-0.000520443,0.00107738,-4.37076e-05,0.00295435,-0.00066809,-0.00105204,-9.62996e-05,-0.000738556,0.000536989,-0.00138447,-0.000665585,0.0265288,-0.000687779,0.00135206,0.000487211,-0.000958213,0.000190848,-0.00105164,-0.000687821,0.0255305,0.000380824,-6.25314e-05,-1.46496e-05,5.3266e-05,-9.68911e-05,0.00138228,0.000385606,0.0466889,
0.00208239,-0.000117285,-0.00174344,-0.000520453,-0.000735499,0.000487694,-6.31247e-05,-0.000117323,0.00127782,-0.00054414,0.00107741,0.000536952,-0.000958217,-1.5013e-05,-0.00174376,-0.000544233,0.00348314,-4.34177e-05,-0.0013923,0.00018961,5.16536e-05,-0.000520443,0.00107738,-4.37048e-05,0.00295435,-0.000668092,-0.00105204,-9.62991e-05,-0.000738548,0.000536989,-0.00138447,-0.000665587,0.0265288,-0.000687777,0.00135206,0.000487211,-0.000958212,0.000190847,-0.00105165,-0.000687819,0.0255305,0.000380826,-6.25317e-05,-1.46493e-05,5.32667e-05,-9.68906e-05,0.00138227,0.000385608,0.0466889,
0.00208238,-0.000117282,-0.00174344,-0.000520453,-0.000735491,0.000487693,-6.3125e-05,-0.000117319,0.00127782,-0.000544141,0.00107741,0.000536951,-0.000958217,-1.50128e-05,-0.00174376,-0.000544233,0.00348314,-4.34149e-05,-0.0013923,0.00018961,5.16543e-05,-0.000520442,0.00107738,-4.37019e-05,0.00295435,-0.000668094,-0.00105205,-9.62986e-05,-0.000738539,0.000536988,-0.00138447,-0.000665589,0.0265288,-0.000687776,0.00135206,0.00048721,-0.000958212,0.000190847,-0.00105165,-0.000687818,0.0255305,0.000380828,-6.2532e-05,-1.46491e-05,5.32674e-05,-9.68902e-05,0.00138227,0.00038561,0.0466889,
0.00208237,-0.000117278,-0.00174344,-0.000520453,-0.000735482,0.000487693,-6.31254e-05,-0.000117316,0.00127782,-0.000544142,0.00107741,0.000536951,-0.000958217,-1.50125e-05,-0.00174376,-0.000544234,0.00348314,-4.34121e-05,-0.0013923,0.00018961,5.16549e-05,-0.000520442,0.00107738,-4.36991e-05,0.00295435,-0.000668096,-0.00105206,-9.62981e-05,-0.000738531,0.000536988,-0.00138447,-0.000665591,0.0265287,-0.000687775,0.00135205,0.00048721,-0.000958211,0.000190847,-0.00105166,-0.000687817,0.0255305,0.000380831,-6.25324e-05,-1.46488e-05,5.32681e-05,-9.68897e-05,0.00138227,0.000385613,0.0466889,
0.00208236,-0.000117275,-0.00174344,-0.000520453,-0.000735474,0.000487692,-6.31257e-05,-0.000117312,0.00127782,-0.000544142,0.00107741,0.00053695,-0.000958216,-1.50122e-05,-0.00174375,-0.000544235,0.00348314,-4.34093e-05,-0.00139231,0.000189609,5.16556e-05,-0.000520442,0.00107738,-4.36964e-05,0.00295435,-0.000668097,-0.00105206,-9.62977e-05,-0.000738522,0.000536987,-0.00138448,-0.000665593,0.0265287,-0.000687774,0.00135205,0.000487209,-0.000958211,0.000190846,-0.00105166,-0.000687816,0.0255305,0.000380835,-6.25327e-05,-1.46485e-05,5.32688e-05,-9.68893e-05,0.00138226,0.000385617,0.0466889,
0.00208235,-0.000117271,-0.00174344,-0.000520453,-0.000735466,0.000487692,-6.3126e-05,-0.000117309,0.00127782,-0.000544143,0.00107741,0.00053695,-0.000958216,-1.50119e-05,-0.00174375,-0.000544235,0.00348314,-4.34065e-05,-0.00139231,0.000189609,5.16563e-05,-0.000520442,0.00107738,-4.36936e-05,0.00295436,-0.000668099,-0.00105207,-9.62973e-05,-0.000738514,0.000536987,-0.00138448,-0.000665595,0.0265287,-0.000687773,0.00135205,0.000487208,-0.00095821,0.000190846,-0.00105167,-0.000687815,0.0255306,0.000380838,-6.25331e-05,-1.46482e-05,5.32694e-05,-9.68889e-05,0.00138226,0.00038562,0.0466889,
0.00208234,-0.000117268,-0.00174343,-0.000520453,-0.000735458,0.000487691,-6.31264e-05,-0.000117305,0.00127782,-0.000544144,0.00107741,0.000536949,-0.000958215,-1.50116e-05,-0.00174375,-0.000544236,0.00348314,-4.34038e-05,-0.00139231,0.000189609,5.1657e-05,-0.000520442,0.00107738,-4.36908e-05,0.00295436,-0.000668101,-0.00105207,-9.62969e-05,-0.000738506,0.000536986,-0.00138448,-0.000665596,0.0265287,-0.000687772,0.00135204,0.000487208,-0.00095821,0.000190846,-0.00105168,-0.000687814,0.0255306,0.000380842,-6.25334e-05,-1.4648e-05,5.32701e-05,-9.68884e-05,0.00138226,0.000385624,0.0466889,
0.00208233,-0.000117265,-0.00174343,-0.000520452,-0.000735449,0.000487691,-6.31267e-05,-0.000117302,0.00127782,-0.000544144,0.00107741,0.000536949,-0.000958215,-1.50114e-05,-0.00174375,-0.000544237,0.00348314,-4.3401e-05,-0.00139231,0.000189608,5.16577e-05,-0.000520442,0.00107738,-4.3688e-05,0.00295436,-0.000668103,-0.00105208,-9.62965e-05,-0.000738497,0.000536985,-0.00138448,-0.000665598,0.0265287,-0.000687771,0.00135204,0.000487207,-0.000958209,0.000190845,-0.00105168,-0.000687813,0.0255306,0.000380846,-6.25338e-05,-1.46477e-05,5.32708e-05,-9.6888e-05,0.00138225,0.000385628,0.0466889,
0.00208232,-0.000117261,-0.00174343,-0.000520452,-0.000735441,0.00048769,-6.3127e-05,-0.000117299,0.00127781,-0.000544145,0.00107741,0.000536948,-0.000958214,-1.50111e-05,-0.00174375,-0.000544237,0.00348314,-4.33982e-05,-0.00139231,0.000189608,5.16584e-05,-0.000520442,0.00107738,-4.36853e-05,0.00295436,-0.000668104,-0.00105208,-9.6296e-05,-0.000738489,0.000536985,-0.00138448,-0.0006656,0.0265286,-0.000687771,0.00135204,0.000487207,-0.000958209,0.000190845,-0.00105169,-0.000687812,0.0255306,0.000380849,-6.25341e-05,-1.46474e-05,5.32715e-05,-9.68876e-05,0.00138225,0.000385631,0.0466889,
