0.0026611,-0.000185329,0.000852004,-4.40142e-05,-0.000865066,-0.000291543,-0.000199947,-0.000477528,0.000659822,0.000364477,-4.14111e-05,-0.000803322,-0.00183457,-7.90238e-05,0.000306568,-0.000234966,0.00426244,1.29941e-05,-0.00177044,0.000164428,-7.82782e-05,0.000979214,5.73317e-05,-0.00190183,0.000130141,0.000730925,0.000803516,0.000376913,-0.000463995,-0.000561731,-0.00214227,2.04496e-05,0.0327826,0.0017829,-0.00124005,-0.000488478,-0.00160633,0.000994484,-6.229e-05,0.00130679,0.0276498,-0.000242234,-7.44312e-05,4.07964e-05,-0.000112108,-2.60261e-07,-0.00130074,-6.34367e-05,0.0466683,
0.0026789,-0.000195457,0.000875262,-4.35326e-05,-0.000902053,-0.000305303,-0.000197889,-0.000479324,0.000659862,0.000354806,-4.09855e-05,-0.000805729,-0.0018354,-7.64317e-05,0.000330799,-0.000245378,0.00423642,1.34305e-05,-0.00177656,0.000152834,-7.67728e-05,0.000957071,6.08316e-05,-0.00190687,0.000128855,0.000768072,0.000816063,0.000370713,-0.000495355,-0.000552069,-0.00214992,1.98199e-05,0.0328274,0.00178688,-0.00124641,-0.000487585,-0.00160494,0.000980258,-6.16605e-05,0.00129382,0.0276399,-0.000238978,-7.46423e-05,4.13556e-05,-0.000111437,-2.68626e-07,-0.00130503,-6.32846e-05,0.0466686,
0.00270018,-0.00020686,0.000899681,-4.2998e-05,-0.000942826,-0.000319701,-0.000195525,-0.000481779,0.000660001,0.000344468,-4.05336e-05,-0.000808302,-0.00183553,-7.35259e-05,0.000356385,-0.000256611,0.00420643,1.39097e-05,-0.00178214,0.000139525,-7.50418e-05,0.000933485,6.48732e-05,-0.00191277,0.000127484,0.000809008,0.000827544,0.000363659,-0.000529765,-0.000541237,-0.00215768,1.91616e-05,0.0328736,0.00178908,-0.00125272,-0.000487403,-0.00160118,0.000964453,-6.06862e-05,0.0012712,0.0275703,-0.000230117,-7.48977e-05,4.1945e-05,-0.000110572,-2.79475e-07,-0.00130928,-6.30359e-05,0.0466689,
0.00272475,-0.000219306,0.000924363,-4.24078e-05,-0.000986746,-0.000336577,-0.000192673,-0.00048491,0.000660312,0.000333608,-4.00609e-05,-0.000811085,-0.00183619,-7.02328e-05,0.000382575,-0.000268453,0.00417274,1.44133e-05,-0.00178658,0.000126429,-7.32698e-05,0.000908878,6.92186e-05,-0.00191903,0.000126033,0.000853524,0.000842737,0.000355367,-0.000566481,-0.000529553,-0.00216514,1.84672e-05,0.0329204,0.00179399,-0.0012592,-0.000488028,-0.00159919,0.000948574,-6.00017e-05,0.00125542,0.0275576,-0.000225765,-7.51855e-05,4.25528e-05,-0.000109511,-2.92063e-07,-0.00131337,-6.2807e-05,0.0466691,
0.00275235,-0.00023267,0.000948512,-4.17765e-05,-0.00103277,-0.000354593,-0.000189429,-0.000488723,0.000660797,0.000322365,-3.95814e-05,-0.00081385,-0.00183675,-6.66366e-05,0.000408693,-0.000280622,0.00413564,1.49365e-05,-0.00178968,0.000113032,-7.14369e-05,0.000883664,7.3884e-05,-0.00192522,0.000124543,0.000900324,0.000859019,0.000346093,-0.000604851,-0.000517095,-0.00217196,1.77615e-05,0.0329664,0.00179919,-0.00126555,-0.000489432,-0.00159688,0.00093196,-5.93092e-05,0.00123882,0.0275436,-0.000220912,-7.54923e-05,4.31638e-05,-0.00010826,-3.06405e-07,-0.00131725,-6.25449e-05,0.0466694,
0.00278265,-0.000246784,0.000971402,-4.11127e-05,-0.00108005,-0.000373486,-0.000185812,-0.000493217,0.000661475,0.000310845,-3.91044e-05,-0.000816447,-0.00183721,-6.27718e-05,0.000434146,-0.000292886,0.00409549,1.54714e-05,-0.00179121,9.95891e-05,-6.95903e-05,0.000858246,7.87881e-05,-0.00193086,0.000123042,0.000948424,0.000876228,0.000335901,-0.00064429,-0.000504025,-0.00217782,1.70545e-05,0.0330108,0.00180459,-0.00127169,-0.000491623,-0.00159426,0.0009147,-5.86215e-05,0.00122177,0.0275285,-0.000215597,-7.58053e-05,4.37664e-05,-0.000106827,-3.22187e-07,-0.00132086,-6.22553e-05,0.0466696,
0.00281526,-0.000261479,0.000992411,-4.04246e-05,-0.00112778,-0.000392997,-0.000181855,-0.000498383,0.00066236,0.00029914,-3.86377e-05,-0.000818728,-0.00183756,-5.86806e-05,0.000458437,-0.000305042,0.00405272,1.60112e-05,-0.00179104,8.6329e-05,-6.77715e-05,0.000833015,8.38423e-05,-0.00193551,0.000121551,0.000996853,0.000894179,0.000324891,-0.000684269,-0.000490502,-0.00218247,1.63543e-05,0.0330528,0.00181008,-0.00127757,-0.000494611,-0.00159133,0.000896878,-5.79493e-05,0.00120463,0.0275124,-0.000209872,-7.61125e-05,4.4351e-05,-0.000105228,-3.39106e-07,-0.00132419,-6.19444e-05,0.0466697,
0.00284976,-0.000276583,0.00101104,-3.972e-05,-0.00117523,-0.000412877,-0.000177606,-0.000504203,0.000663458,0.000287336,-3.81875e-05,-0.000820559,-0.00183779,-5.44116e-05,0.000481167,-0.000316913,0.00400778,1.65502e-05,-0.00178913,7.34447e-05,-6.60144e-05,0.000808346,8.89548e-05,-0.00193882,0.00012009,0.00104469,0.000912669,0.000313191,-0.000724316,-0.00047668,-0.00218573,1.56671e-05,0.0330921,0.00181558,-0.00128312,-0.0004984,-0.0015881,0.000878576,-5.73013e-05,0.00118774,0.0274957,-0.000203803,-7.64034e-05,4.49094e-05,-0.00010348,-3.56885e-07,-0.00132722,-6.16182e-05,0.0466699,
0.00288574,-0.000291929,0.00102691,-3.9006e-05,-0.00122173,-0.000432884,-0.000173122,-0.000510656,0.00066477,0.000275522,-3.77589e-05,-0.000821827,-0.00183791,-5.00193e-05,0.000502031,-0.000328348,0.00396114,1.70838e-05,-0.00178552,6.10939e-05,-6.43442e-05,0.000784592,9.4035e-05,-0.00194052,0.000118673,0.00109113,0.000931483,0.000300954,-0.000764014,-0.000462706,-0.00218752,1.49984e-05,0.0331282,0.00182099,-0.00128831,-0.000502994,-0.00158458,0.000859894,-5.66844e-05,0.00117141,0.0274783,-0.00019747,-7.66691e-05,4.54351e-05,-0.000101602,-3.75286e-07,-0.00132993,-6.12827e-05,0.04667,
0.00292275,-0.000307358,0.00103978,-3.82889e-05,-0.00126676,-0.00045279,-0.00016847,-0.000517707,0.000666289,0.00026379,-3.73555e-05,-0.00082245,-0.0018379,-4.55611e-05,0.000520815,-0.000339228,0.00391331,1.76079e-05,-0.00178033,4.93992e-05,-6.27775e-05,0.000762068,9.89973e-05,-0.00194047,0.000117312,0.00113546,0.000950399,0.000288351,-0.000803002,-0.000448716,-0.00218781,1.43522e-05,0.0331609,0.00182623,-0.0012931,-0.000508385,-0.00158079,0.000840945,-5.61037e-05,0.00115588,0.0274606,-0.000190956,-7.69028e-05,4.59227e-05,-9.9613e-05,-3.941e-07,-0.00133233,-6.09434e-05,0.04667,
0.00296038,-0.000322718,0.00104952,-3.75743e-05,-0.00130987,-0.000472383,-0.000163718,-0.000525314,0.000668004,0.000252237,-3.698e-05,-0.000822381,-0.00183774,-4.10938e-05,0.000537388,-0.000349461,0.00386478,1.81194e-05,-0.00177372,3.84499e-05,-6.13228e-05,0.000741047,0.000103765,-0.00193863,0.000116017,0.00117715,0.000969202,0.000275557,-0.000840977,-0.000434834,-0.00218666,1.37317e-05,0.0331902,0.00183124,-0.00129747,-0.000514553,-0.00157674,0.000821866,-5.55627e-05,0.00114136,0.0274426,-0.000184348,-7.70997e-05,4.63686e-05,-9.75345e-05,-4.13148e-07,-0.00133441,-6.0605e-05,0.0466701,
0.00299824,-0.000337871,0.00105611,-3.68672e-05,-0.00135071,-0.000491475,-0.000158933,-0.000533423,0.000669895,0.000240965,-3.66343e-05,-0.00082161,-0.00183744,-3.66727e-05,0.000551691,-0.000358977,0.003816,1.86161e-05,-0.00176588,2.83044e-05,-5.99814e-05,0.000721746,0.000108273,-0.00193506,0.000114795,0.00121582,0.000987687,0.000262745,-0.000877689,-0.000421169,-0.00218415,1.31394e-05,0.0332159,0.00183596,-0.00130138,-0.000521463,-0.00157246,0.000802806,-5.50638e-05,0.00112798,0.0274246,-0.000177731,-7.72566e-05,4.67701e-05,-9.53871e-05,-4.32291e-07,-0.00133616,-6.02716e-05,0.0466701,
0.00303599,-0.000352692,0.00105963,-3.6172e-05,-0.00138907,-0.000509897,-0.000154179,-0.000541972,0.000671939,0.000230076,-3.63192e-05,-0.00082016,-0.00183699,-3.23483e-05,0.000563729,-0.000367734,0.00376743,1.90959e-05,-0.00175703,1.89943e-05,-5.87489e-05,0.000704327,0.00011247,-0.00192993,0.000113651,0.00125124,0.00100567,0.00025008,-0.00091294,-0.000407819,-0.00218044,1.25773e-05,0.0332381,0.00184034,-0.00130483,-0.000529064,-0.00156798,0.000783927,-5.46077e-05,0.0011158,0.0274066,-0.000171184,-7.73723e-05,4.71259e-05,-9.3191e-05,-4.51409e-07,-0.00133761,-5.99467e-05,0.04667,
0.0030733,-0.000367072,0.00106024,-3.54921e-05,-0.00142481,-0.00052751,-0.000149513,-0.000550888,0.000674109,0.00021967,-3.60347e-05,-0.000818082,-0.00183638,-2.81651e-05,0.000573557,-0.000375709,0.00371947,1.95575e-05,-0.00174739,1.05274e-05,-5.76169e-05,0.000688893,0.000116321,-0.00192345,0.000112587,0.00128331,0.001023,0.000237707,-0.000946583,-0.000394866,-0.0021757,1.20464e-05,0.033257,0.00184437,-0.00130781,-0.000537287,-0.00156333,0.000765394,-5.41944e-05,0.00110485,0.0273888,-0.000164779,-7.74473e-05,4.74356e-05,-9.09658e-05,-4.70405e-07,-0.00133874,-5.96329e-05,0.04667,
0.00310992,-0.000380921,0.00105815,-3.48302e-05,-0.00145786,-0.000544199,-0.000144985,-0.000560095,0.000676375,0.000209836,-3.57804e-05,-0.000815449,-0.00183563,-2.41609e-05,0.000581275,-0.000382896,0.00367249,1.99998e-05,-0.00173717,2.89327e-06,-5.6574e-05,0.000675492,0.000119803,-0.00191588,0.000111603,0.00131206,0.00103954,0.000225754,-0.000978511,-0.000382376,-0.00217011,1.15477e-05,0.0332727,0.00184801,-0.00131032,-0.000546053,-0.00155856,0.000747369,-5.38227e-05,0.00109509,0.0273713,-0.000158579,-7.74832e-05,4.76998e-05,-8.87297e-05,-4.89203e-07,-0.00133957,-5.93324e-05,0.0466699,
0.00314564,-0.000394134,0.00105364,-3.4185e-05,-0.00148839,-0.00056073,-0.000140554,-0.000569489,0.000678738,0.000200673,-3.5551e-05,-0.000812537,-0.00183572,-2.02737e-05,0.000586977,-0.000389355,0.00362676,2.04152e-05,-0.00172628,-2.36766e-06,-5.57563e-05,0.000664068,0.000122822,-0.00190758,0.000110688,0.0013381,0.00105777,0.000214081,-0.0010087,-0.000370475,-0.0021639,1.10723e-05,0.0332858,0.00185336,-0.00131258,-0.000556535,-0.00155562,0.000728905,-5.37528e-05,0.00109773,0.0274133,-0.000158251,-7.74808e-05,4.79226e-05,-8.64978e-05,-5.0735e-07,-0.00134013,-5.9136e-05,0.0466698,
0.00318025,-0.000406709,0.00104694,-3.35658e-05,-0.00151615,-0.000575303,-0.000136417,-0.000579027,0.000681102,0.000192211,-3.53538e-05,-0.00080908,-0.00183474,-1.67089e-05,0.000590881,-0.000395009,0.00358263,2.0817e-05,-0.0017155,-8.37933e-06,-5.48578e-05,0.000654683,0.00012555,-0.00189872,0.000109862,0.00136064,0.00107247,0.000203261,-0.00103703,-0.000359066,-0.00215719,1.06389e-05,0.0332957,0.00185623,-0.0013142,-0.00056619,-0.00155071,0.00071228,-5.34565e-05,0.00109032,0.0273968,-0.00015264,-7.74475e-05,4.81e-05,-8.42888e-05,-5.2558e-07,-0.00134039,-5.88686e-05,0.0466696,
0.00321362,-0.000418571,0.00103837,-3.29701e-05,-0.00154138,-0.000588755,-0.000132513,-0.000588609,0.000683466,0.000184516,-3.51828e-05,-0.000805357,-0.00183365,-1.33926e-05,0.000593123,-0.00039994,0.00354029,2.11982e-05,-0.00170471,-1.367e-05,-5.40116e-05,0.000647209,0.000127914,-0.00188964,0.000109112,0.0013804,0.00108615,0.00019311,-0.00106354,-0.00034825,-0.0021502,1.0238e-05,0.033303,0.00185874,-0.0013154,-0.000576089,-0.00154579,0.000696568,-5.31953e-05,0.00108384,0.0273809,-0.000147354,-7.73853e-05,4.82378e-05,-8.21175e-05,-5.43422e-07,-0.0013404,-5.86171e-05,0.0466695,
0.00324566,-0.000429689,0.00102823,-3.23987e-05,-0.00156423,-0.000601063,-0.000128859,-0.000598156,0.000685802,0.000177623,-3.50361e-05,-0.000801464,-0.00183248,-1.03344e-05,0.000593882,-0.000404185,0.00349993,2.15586e-05,-0.00169407,-1.82907e-05,-5.32079e-05,0.000641542,0.000129933,-0.00188059,0.000108433,0.00139762,0.00109879,0.000183668,-0.00108825,-0.000338049,-0.00214311,9.8691e-06,0.033308,0.00186091,-0.00131622,-0.00058613,-0.00154091,0.000681861,-5.29665e-05,0.0010782,0.0273656,-0.000142415,-7.72985e-05,4.8339e-05,-7.99983e-05,-5.60807e-07,-0.00134016,-5.83812e-05,0.0466693,
0.00327627,-0.000440045,0.00101681,-3.18522e-05,-0.00158484,-0.000612223,-0.000125462,-0.000607596,0.000688081,0.000171549,-3.49119e-05,-0.000797493,-0.00183123,-7.53894e-06,0.000593337,-0.000407791,0.00346167,2.18981e-05,-0.00168371,-2.22954e-05,-5.24381e-05,0.000637561,0.000131629,-0.00187181,0.000107822,0.00141259,0.00111038,0.000174962,-0.00111118,-0.000328474,-0.00213607,9.53162e-06,0.0333109,0.00186275,-0.00131668,-0.000596213,-0.00153611,0.000668224,-5.27667e-05,0.00107329,0.027351,-0.000137835,-7.7192e-05,4.84068e-05,-7.79433e-05,-5.77679e-07,-0.00133972,-5.81604e-05,0.0466691,
0.00330543,-0.00044963,0.00100438,-3.1331e-05,-0.00160335,-0.000622245,-0.000122329,-0.000616861,0.00069028,0.000166297,-3.48081e-05,-0.000793529,-0.00182992,-5.00675e-06,0.000591666,-0.000410805,0.00342564,2.22172e-05,-0.00167374,-2.57392e-05,-5.16946e-05,0.000635132,0.000133032,-0.00186348,0.000107275,0.00142556,0.00112094,0.000167002,-0.00113238,-0.000319531,-0.00212922,9.22489e-06,0.0333119,0.00186429,-0.00131683,-0.000606244,-0.00153143,0.000655704,-5.2593e-05,0.001069,0.0273371,-0.000133622,-7.70707e-05,4.84448e-05,-7.59633e-05,-5.93997e-07,-0.00133908,-5.79539e-05,0.0466689,
0.00333309,-0.000458446,0.000991203,-3.08353e-05,-0.00161993,-0.000631152,-0.000119459,-0.000625894,0.000692375,0.000161857,-3.47229e-05,-0.000789644,-0.00182858,-2.7347e-06,0.000589043,-0.000413276,0.0033919,2.25159e-05,-0.00166424,-2.86767e-05,-5.09712e-05,0.000634116,0.000134169,-0.00185577,0.000106787,0.00143678,0.00113047,0.000159789,-0.00115192,-0.000311217,-0.00212269,8.94803e-06,0.0333112,0.00186557,-0.00131668,-0.000616135,-0.00152689,0.000644324,-5.24426e-05,0.00106524,0.027324,-0.000129778,-7.69393e-05,4.84564e-05,-7.40667e-05,-6.09725e-07,-0.00133827,-5.77609e-05,0.0466686,
0.00335926,-0.000466503,0.000977521,-3.0365e-05,-0.00163473,-0.000638978,-0.000116848,-0.000634643,0.000694351,0.000158209,-3.46541e-05,-0.000785902,-0.00182722,-7.16871e-07,0.000585633,-0.000415255,0.00336049,2.27947e-05,-0.0016553,-3.11608e-05,-5.0263e-05,0.000634373,0.000135072,-0.0018488,0.000106353,0.0014465,0.00113901,0.000153313,-0.00116985,-0.000303526,-0.00211657,8.70008e-06,0.0333091,0.0018666,-0.00131628,-0.00062581,-0.00152252,0.000634091,-5.23123e-05,0.00106193,0.0273116,-0.000126299,-7.68025e-05,4.8445e-05,-7.22607e-05,-6.24837e-07,-0.00133732,-5.75805e-05,0.0466684,
0.00338394,-0.000473817,0.000963551,-2.992e-05,-0.00164791,-0.000645765,-0.000114491,-0.000643065,0.000696192,0.000155322,-3.46e-05,-0.000782353,-0.00182586,1.05502e-06,0.000581592,-0.000416791,0.00333142,2.30539e-05,-0.00164697,-3.32421e-05,-4.95664e-05,0.000635761,0.000135767,-0.00184268,0.00010597,0.00145491,0.00114659,0.000147556,-0.00118625,-0.000296447,-0.00211094,8.48001e-06,0.0333058,0.00186741,-0.00131564,-0.000635198,-0.00151836,0.000624995,-5.21994e-05,0.00105899,0.0273001,-0.000123178,-7.66649e-05,4.84141e-05,-7.05506e-05,-6.39308e-07,-0.00133623,-5.74116e-05,0.0466681,
0.00380617,-0.000183681,0.000261985,-0.000790651,-0.00131328,6.04865e-05,-6.7696e-05,-0.000183681,0.0010455,-0.000652238,-0.000926232,-0.000373317,-0.000990354,5.49361e-05,0.000261985,-0.000652238,0.00384756,0.00062432,-0.00191275,-0.000597219,-8.41617e-05,-0.000790651,-0.000926232,0.00062432,0.00283113,0.000222098,-0.0013964,-1.75048e-05,-0.00131328,-0.000373317,-0.00191275,0.000222098,0.033204,0.00166802,-0.00132736,6.04866e-05,-0.000990354,-0.000597219,-0.0013964,0.00166802,0.0285469,-4.14889e-05,-6.7696e-05,5.49362e-05,-8.41617e-05,-1.75048e-05,-0.00132736,-4.14889e-05,0.0466688,
0.00382194,-0.000190267,0.000253485,-0.000782772,-0.00132261,5.20578e-05,-6.73981e-05,-0.000190267,0.00104701,-0.000654746,-0.000926367,-0.000368895,-0.000986737,5.49493e-05,0.000253485,-0.000654746,0.00383759,0.000629826,-0.00191376,-0.000602414,-8.31319e-05,-0.000782772,-0.000926367,0.000629826,0.0028281,0.00022159,-0.00139608,-1.79353e-05,-0.00132261,-0.000368895,-0.00191376,0.00022159,0.03319,0.00166835,-0.00132388,5.20578e-05,-0.000986738,-0.000602414,-0.00139608,0.00166835,0.0285399,-4.08932e-05,-6.73981e-05,5.49493e-05,-8.31319e-05,-1.79353e-05,-0.00132388,-4.08932e-05,0.0466684,
0.00383663,-0.000195676,0.000245304,-0.000775157,-0.00133061,4.5278e-05,-6.71882e-05,-0.000195676,0.0010482,-0.000656256,-0.000926679,-0.000365628,-0.000983946,5.49498e-05,0.000245304,-0.000656256,0.00383013,0.00063425,-0.00191485,-0.000606384,-8.2289e-05,-0.000775157,-0.000926679,0.00063425,0.00282532,0.000221602,-0.00139517,-1.83187e-05,-0.00133061,-0.000365628,-0.00191485,0.000221602,0.0331766,0.00166805,-0.00132074,4.5278e-05,-0.000983946,-0.000606384,-0.00139517,0.00166805,0.0285333,-4.03905e-05,-6.71882e-05,5.49499e-05,-8.2289e-05,-1.83187e-05,-0.00132074,-4.03904e-05,0.046668,
0.00385021,-0.000200348,0.000237603,-0.000767874,-0.00133765,3.95662e-05,-6.70416e-05,-0.000200348,0.00104925,-0.000657227,-0.000927145,-0.000362969,-0.000981691,5.49521e-05,0.000237603,-0.000657227,0.00382399,0.000638015,-0.00191581,-0.000609912,-8.15878e-05,-0.000767874,-0.000927145,0.000638015,0.00282284,0.000221752,-0.00139387,-1.86591e-05,-0.00133765,-0.000362969,-0.00191581,0.000221751,0.0331647,0.00166756,-0.00131807,3.95662e-05,-0.000981691,-0.000609912,-0.00139387,0.00166756,0.0285273,-3.99579e-05,-6.70416e-05,5.49521e-05,-8.15879e-05,-1.86591e-05,-0.00131807,-3.99579e-05,0.0466676,
0.00386268,-0.000204485,0.000230404,-0.000760996,-0.00134395,3.45906e-05,-6.6935e-05,-0.000204485,0.00105019,-0.000657888,-0.000927686,-0.000360692,-0.0009798,5.49571e-05,0.000230404,-0.000657888,0.00381872,0.00064131,-0.00191663,-0.000613163,-8.09939e-05,-0.000760996,-0.000927686,0.00064131,0.00282063,0.000221945,-0.00139237,-1.89609e-05,-0.00134395,-0.000360692,-0.00191663,0.000221945,0.033154,0.00166703,-0.0013158,3.45906e-05,-0.0009798,-0.000613163,-0.00139237,0.00166703,0.0285217,-3.95782e-05,-6.69349e-05,5.4957e-05,-8.09939e-05,-1.89609e-05,-0.0013158,-3.95782e-05,0.0466672,
0.00387411,-0.000208206,0.000223693,-0.000754552,-0.00134965,3.0152e-05,-6.68532e-05,-0.000208207,0.00105105,-0.000658368,-0.00092825,-0.00035868,-0.00097816,5.49637e-05,0.000223693,-0.000658368,0.00381407,0.000644246,-0.00191733,-0.000616182,-8.04828e-05,-0.000754552,-0.00092825,0.000644246,0.00281862,0.000222145,-0.00139081,-1.92277e-05,-0.00134965,-0.00035868,-0.00191733,0.000222145,0.0331444,0.00166651,-0.00131387,3.0152e-05,-0.00097816,-0.000616182,-0.00139081,0.00166651,0.0285166,-3.92403e-05,-6.68532e-05,5.49637e-05,-8.04828e-05,-1.92277e-05,-0.00131387,-3.92403e-05,0.0466669,
0.00388457,-0.000211588,0.000217447,-0.00074854,-0.00135483,2.61277e-05,-6.67871e-05,-0.000211588,0.00105184,-0.000658736,-0.000928811,-0.000356865,-0.0009767,5.49711e-05,0.000217447,-0.000658736,0.00380991,0.000646893,-0.00191794,-0.000618988,-8.00378e-05,-0.00074854,-0.00092881,0.000646893,0.00281681,0.000222335,-0.00138927,-1.9463e-05,-0.00135483,-0.000356865,-0.00191794,0.000222335,0.0331356,0.00166602,-0.00131222,2.61277e-05,-0.0009767,-0.000618988,-0.00138927,0.00166602,0.0285119,-3.89368e-05,-6.67871e-05,5.49711e-05,-8.00378e-05,-1.9463e-05,-0.00131222,-3.89368e-05,0.0466666,
0.00389414,-0.000214683,0.000211637,-0.000742947,-0.00135957,2.244e-05,-6.67311e-05,-0.000214683,0.00105256,-0.000659034,-0.000929351,-0.000355205,-0.000975375,5.49785e-05,0.000211637,-0.000659034,0.00380612,0.000649298,-0.00191848,-0.000621592,-7.96473e-05,-0.000742947,-0.000929351,0.000649298,0.00281516,0.000222509,-0.00138778,-1.967e-05,-0.00135957,-0.000355205,-0.00191848,0.000222509,0.0331276,0.00166556,-0.00131078,2.244e-05,-0.000975375,-0.000621592,-0.00138778,0.00166556,0.0285076,-3.86624e-05,-6.67311e-05,5.49785e-05,-7.96473e-05,-1.967e-05,-0.00131078,-3.86623e-05,0.0466662,
0.0039029,-0.000217527,0.000206233,-0.000737748,-0.00136393,1.90369e-05,-6.66821e-05,-0.000217527,0.00105323,-0.000659287,-0.000929866,-0.000353673,-0.000974158,5.49855e-05,0.000206233,-0.000659287,0.00380266,0.000651495,-0.00191896,-0.000624009,-7.93026e-05,-0.000737748,-0.000929866,0.000651495,0.00281365,0.000222666,-0.00138638,-1.98516e-05,-0.00136393,-0.000353673,-0.00191896,0.000222666,0.0331202,0.00166513,-0.00130954,1.90369e-05,-0.000974158,-0.000624009,-0.00138638,0.00166513,0.0285036,-3.8413e-05,-6.66821e-05,5.49855e-05,-7.93026e-05,-1.98516e-05,-0.00130954,-3.8413e-05,0.046666,
0.00391092,-0.000220152,0.000201205,-0.000732918,-0.00136794,1.58816e-05,-6.66383e-05,-0.000220152,0.00105385,-0.000659508,-0.00093035,-0.000352253,-0.000973029,5.4992e-05,0.000201205,-0.000659508,0.00379947,0.00065351,-0.0019194,-0.000626251,-7.89974e-05,-0.000732918,-0.00093035,0.00065351,0.00281227,0.000222807,-0.00138508,-2.00105e-05,-0.00136794,-0.000352253,-0.0019194,0.000222807,0.0331133,0.00166474,-0.00130847,1.58816e-05,-0.000973029,-0.000626251,-0.00138508,0.00166474,0.0284999,-3.81856e-05,-6.66383e-05,5.4992e-05,-7.89974e-05,-2.00105e-05,-0.00130847,-3.81856e-05,0.0466657,
0.00391828,-0.00022258,0.000196524,-0.000728431,-0.00137165,1.29463e-05,-6.65985e-05,-0.00022258,0.00105443,-0.000659708,-0.000930805,-0.00035093,-0.000971975,5.49979e-05,0.000196524,-0.000659708,0.00379652,0.000655366,-0.0019198,-0.000628333,-7.87266e-05,-0.000728431,-0.000930805,0.000655366,0.002811,0.000222935,-0.00138386,-2.01489e-05,-0.00137165,-0.000350929,-0.0019198,0.000222935,0.0331069,0.00166438,-0.00130753,1.29463e-05,-0.000971975,-0.000628333,-0.00138386,0.00166438,0.0284965,-3.79778e-05,-6.65985e-05,5.49979e-05,-7.87266e-05,-2.01489e-05,-0.00130753,-3.79778e-05,0.0466654,
0.00392504,-0.000224832,0.000192164,-0.000724259,-0.00137508,1.02087e-05,-6.65621e-05,-0.000224832,0.00105497,-0.00065989,-0.00093123,-0.000349693,-0.000970987,5.50032e-05,0.000192164,-0.00065989,0.00379379,0.00065708,-0.00192016,-0.000630267,-7.8486e-05,-0.000724259,-0.00093123,0.00065708,0.00280984,0.00022305,-0.00138274,-2.02692e-05,-0.00137508,-0.000349693,-0.00192016,0.00022305,0.0331008,0.00166405,-0.00130672,1.02088e-05,-0.000970987,-0.000630267,-0.00138274,0.00166405,0.0284934,-3.77873e-05,-6.65621e-05,5.50032e-05,-7.8486e-05,-2.02692e-05,-0.00130672,-3.77874e-05,0.0466651,
0.00393126,-0.000226925,0.000188098,-0.000720378,-0.00137826,7.6502e-06,-6.65286e-05,-0.000226925,0.00105547,-0.000660061,-0.000931627,-0.000348534,-0.000970058,5.50079e-05,0.000188098,-0.000660061,0.00379125,0.000658667,-0.0019205,-0.000632068,-7.82722e-05,-0.000720378,-0.000931627,0.000658667,0.00280877,0.000223156,-0.0013817,-2.03731e-05,-0.00137826,-0.000348534,-0.0019205,0.000223156,0.0330952,0.00166374,-0.00130602,7.6502e-06,-0.000970058,-0.000632068,-0.0013817,0.00166374,0.0284904,-3.76125e-05,-6.65286e-05,5.50079e-05,-7.82722e-05,-2.03731e-05,-0.00130602,-3.76125e-05,0.0466649,
0.00393699,-0.000228874,0.000184302,-0.000716764,-0.00138122,5.25437e-06,-6.64979e-05,-0.000228874,0.00105594,-0.000660221,-0.000931997,-0.000347445,-0.000969182,5.50121e-05,0.000184302,-0.000660221,0.00378887,0.00066014,-0.00192082,-0.000633746,-7.80823e-05,-0.000716764,-0.000931997,0.00066014,0.00280778,0.000223253,-0.00138073,-2.04626e-05,-0.00138122,-0.000347445,-0.00192082,0.000223253,0.0330898,0.00166346,-0.00130542,5.25438e-06,-0.000969182,-0.000633746,-0.00138073,0.00166346,0.0284877,-3.74515e-05,-6.64979e-05,5.50121e-05,-7.80823e-05,-2.04626e-05,-0.00130542,-3.74515e-05,0.0466646,
0.00394229,-0.000230694,0.000180755,-0.000713394,-0.00138397,3.00676e-06,-6.64696e-05,-0.000230694,0.00105637,-0.000660374,-0.000932343,-0.00034642,-0.000968354,5.50158e-05,0.000180755,-0.000660374,0.00378666,0.00066151,-0.00192112,-0.000635314,-7.79136e-05,-0.000713394,-0.000932343,0.00066151,0.00280686,0.000223344,-0.00137984,-2.0539e-05,-0.00138397,-0.00034642,-0.00192112,0.000223344,0.0330848,0.00166319,-0.00130491,3.00676e-06,-0.000968354,-0.000635314,-0.00137984,0.00166319,0.0284851,-3.73032e-05,-6.64696e-05,5.50158e-05,-7.79136e-05,-2.0539e-05,-0.00130491,-3.73032e-05,0.0466644,
0.00394719,-0.000232396,0.000177435,-0.000710247,-0.00138654,8.94323e-07,-6.64435e-05,-0.000232396,0.00105679,-0.000660521,-0.000932664,-0.000345453,-0.000967569,5.50192e-05,0.000177435,-0.000660521,0.00378457,0.000662788,-0.0019214,-0.000636782,-7.77639e-05,-0.000710247,-0.000932664,0.000662788,0.00280601,0.00022343,-0.001379,-2.06039e-05,-0.00138654,-0.000345453,-0.0019214,0.00022343,0.0330801,0.00166294,-0.00130447,8.94326e-07,-0.000967569,-0.000636782,-0.001379,0.00166294,0.0284828,-3.71661e-05,-6.64435e-05,5.50192e-05,-7.77639e-05,-2.06039e-05,-0.00130447,-3.71662e-05,0.0466641,
0.00395174,-0.000233991,0.000174322,-0.000707305,-0.00138894,-1.09483e-06,-6.64194e-05,-0.000233991,0.00105717,-0.000660663,-0.000932965,-0.000344539,-0.000966824,5.50223e-05,0.000174322,-0.000660663,0.00378262,0.000663984,-0.00192167,-0.000638159,-7.76312e-05,-0.000707305,-0.000932965,0.000663984,0.00280522,0.000223511,-0.00137823,-2.06585e-05,-0.00138894,-0.000344539,-0.00192167,0.000223511,0.0330755,0.00166271,-0.0013041,-1.09483e-06,-0.000966824,-0.000638159,-0.00137823,0.00166271,0.0284805,-3.70393e-05,-6.64194e-05,5.50223e-05,-7.76312e-05,-2.06585e-05,-0.0013041,-3.70393e-05,0.0466639,
0.00395596,-0.00023549,0.0001714,-0.00070455,-0.00139119,-2.97153e-06,-6.63973e-05,-0.00023549,0.00105753,-0.000660801,-0.000933245,-0.000343673,-0.000966115,5.5025e-05,0.0001714,-0.000660801,0.00378077,0.000665104,-0.00192193,-0.000639454,-7.75135e-05,-0.00070455,-0.000933246,0.000665104,0.00280448,0.000223588,-0.00137751,-2.07039e-05,-0.00139119,-0.000343673,-0.00192193,0.000223588,0.0330713,0.00166249,-0.0013038,-2.97154e-06,-0.000966115,-0.000639454,-0.00137751,0.00166249,0.0284784,-3.69216e-05,-6.63973e-05,5.5025e-05,-7.75135e-05,-2.07039e-05,-0.0013038,-3.69216e-05,0.0466636,
0.00395989,-0.000236901,0.000168651,-0.000701965,-0.0013933,-4.74571e-06,-6.63768e-05,-0.000236901,0.00105788,-0.000660935,-0.000933508,-0.00034285,-0.00096544,5.50276e-05,0.000168651,-0.000660935,0.00377903,0.000666157,-0.00192218,-0.000640675,-7.74093e-05,-0.000701965,-0.000933508,0.000666157,0.00280379,0.000223663,-0.00137684,-2.07412e-05,-0.0013933,-0.00034285,-0.00192218,0.000223663,0.0330672,0.00166229,-0.00130354,-4.74572e-06,-0.00096544,-0.000640675,-0.00137684,0.00166229,0.0284765,-3.68122e-05,-6.63768e-05,5.50276e-05,-7.74093e-05,-2.07412e-05,-0.00130354,-3.68122e-05,0.0466634,
0.00396356,-0.000238233,0.000166061,-0.000699535,-0.00139529,-6.42645e-06,-6.63579e-05,-0.000238233,0.0010582,-0.000661066,-0.000933753,-0.000342067,-0.000964794,5.50299e-05,0.000166061,-0.000661066,0.00377738,0.00066715,-0.00192241,-0.000641829,-7.73172e-05,-0.000699535,-0.000933753,0.00066715,0.00280315,0.000223736,-0.00137621,-2.07712e-05,-0.00139529,-0.000342067,-0.00192241,0.000223736,0.0330633,0.00166209,-0.00130334,-6.42646e-06,-0.000964794,-0.000641829,-0.00137621,0.00166209,0.0284746,-3.67102e-05,-6.63579e-05,5.50299e-05,-7.73172e-05,-2.07712e-05,-0.00130334,-3.67102e-05,0.0466632,
0.003967,-0.000239493,0.000163616,-0.000697247,-0.00139717,-8.02207e-06,-6.63405e-05,-0.000239493,0.00105851,-0.000661196,-0.000933983,-0.00034132,-0.000964176,5.5032e-05,0.000163616,-0.000661196,0.00377581,0.000668088,-0.00192264,-0.000642922,-7.72358e-05,-0.000697247,-0.000933983,0.000668088,0.00280254,0.000223808,-0.00137562,-2.07948e-05,-0.00139717,-0.00034132,-0.00192264,0.000223808,0.0330595,0.00166191,-0.00130317,-8.02207e-06,-0.000964176,-0.000642922,-0.00137562,0.00166191,0.0284729,-3.66148e-05,-6.63405e-05,5.50321e-05,-7.72358e-05,-2.07948e-05,-0.00130317,-3.66148e-05,0.046663,
0.00397022,-0.000240688,0.000161302,-0.000695088,-0.00139894,-9.5402e-06,-6.63243e-05,-0.000240688,0.0010588,-0.000661323,-0.000934199,-0.000340605,-0.000963583,5.5034e-05,0.000161302,-0.000661323,0.00377432,0.000668976,-0.00192286,-0.00064396,-7.71639e-05,-0.000695088,-0.000934199,0.000668976,0.00280197,0.000223877,-0.00137506,-2.08126e-05,-0.00139894,-0.000340605,-0.00192286,0.000223877,0.033056,0.00166173,-0.00130305,-9.5402e-06,-0.000963583,-0.00064396,-0.00137506,0.00166173,0.0284712,-3.65255e-05,-6.63243e-05,5.50341e-05,-7.71639e-05,-2.08126e-05,-0.00130305,-3.65256e-05,0.0466628,
0.00397325,-0.000241824,0.000159108,-0.000693046,-0.00140062,-1.09878e-05,-6.63093e-05,-0.000241824,0.00105908,-0.000661449,-0.000934402,-0.000339921,-0.000963013,5.50359e-05,0.000159108,-0.000661449,0.00377289,0.000669819,-0.00192308,-0.000644948,-7.71006e-05,-0.000693046,-0.000934402,0.000669819,0.00280143,0.000223946,-0.00137454,-2.08254e-05,-0.00140062,-0.000339921,-0.00192308,0.000223946,0.0330525,0.00166157,-0.00130295,-1.09878e-05,-0.000963013,-0.000644948,-0.00137454,0.00166157,0.0284696,-3.64417e-05,-6.63093e-05,5.50359e-05,-7.71006e-05,-2.08254e-05,-0.00130295,-3.64417e-05,0.0466626,
0.0039761,-0.000242906,0.000157023,-0.000691111,-0.00140221,-1.23713e-05,-6.62953e-05,-0.000242906,0.00105934,-0.000661574,-0.000934593,-0.000339263,-0.000962463,5.50377e-05,0.000157023,-0.000661574,0.00377153,0.000670622,-0.00192329,-0.000645891,-7.70448e-05,-0.000691111,-0.000934593,0.000670622,0.00280092,0.000224014,-0.00137405,-2.08337e-05,-0.00140221,-0.000339263,-0.00192329,0.000224014,0.0330492,0.00166141,-0.00130289,-1.23713e-05,-0.000962463,-0.000645891,-0.00137405,0.00166141,0.0284681,-3.63627e-05,-6.62953e-05,5.50377e-05,-7.70448e-05,-2.08337e-05,-0.00130289,-3.63627e-05,0.0466624,
0.0039788,-0.00024394,0.000155038,-0.000689273,-0.00140373,-1.36965e-05,-6.62822e-05,-0.00024394,0.0010596,-0.000661697,-0.000934773,-0.00033863,-0.000961933,5.50394e-05,0.000155038,-0.000661697,0.00377022,0.000671388,-0.00192349,-0.000646793,-7.69957e-05,-0.000689273,-0.000934773,0.000671388,0.00280043,0.000224082,-0.00137358,-2.08381e-05,-0.00140373,-0.00033863,-0.00192349,0.000224082,0.033046,0.00166125,-0.00130285,-1.36965e-05,-0.000961933,-0.000646793,-0.00137358,0.00166125,0.0284667,-3.6288e-05,-6.62822e-05,5.50394e-05,-7.69957e-05,-2.08381e-05,-0.00130285,-3.62881e-05,0.0466622,
0.00398135,-0.00024493,0.000153143,-0.000687523,-0.00140518,-1.49687e-05,-6.627e-05,-0.00024493,0.00105984,-0.00066182,-0.000934944,-0.000338019,-0.000961419,5.50409e-05,0.000153143,-0.00066182,0.00376897,0.000672122,-0.0019237,-0.000647658,-7.69526e-05,-0.000687523,-0.000934944,0.000672122,0.00279997,0.000224149,-0.00137314,-2.0839e-05,-0.00140518,-0.000338019,-0.0019237,0.000224149,0.033043,0.0016611,-0.00130284,-1.49687e-05,-0.000961419,-0.000647658,-0.00137314,0.0016611,0.0284653,-3.62174e-05,-6.627e-05,5.50409e-05,-7.69526e-05,-2.0839e-05,-0.00130284,-3.62174e-05,0.046662,
0.00398378,-0.00024588,0.00015133,-0.000685853,-0.00140657,-1.61929e-05,-6.62585e-05,-0.00024588,0.00106007,-0.000661942,-0.000935105,-0.000337428,-0.000960922,5.50424e-05,0.00015133,-0.000661942,0.00376775,0.000672825,-0.00192389,-0.00064849,-7.69148e-05,-0.000685853,-0.000935105,0.000672825,0.00279953,0.000224215,-0.00137271,-2.08368e-05,-0.00140657,-0.000337428,-0.00192389,0.000224215,0.03304,0.00166096,-0.00130285,-1.61929e-05,-0.000960922,-0.00064849,-0.00137271,0.00166096,0.028464,-3.61502e-05,-6.62585e-05,5.50425e-05,-7.69148e-05,-2.08368e-05,-0.00130285,-3.61502e-05,0.0466618,
0.00398608,-0.000246794,0.000149591,-0.000684255,-0.0014079,-1.73735e-05,-6.62476e-05,-0.000246794,0.0010603,-0.000662063,-0.000935258,-0.000336856,-0.000960438,5.50439e-05,0.000149591,-0.000662063,0.00376658,0.000673502,-0.00192408,-0.000649292,-7.68816e-05,-0.000684255,-0.000935258,0.000673502,0.0027991,0.000224282,-0.00137231,-2.08319e-05,-0.0014079,-0.000336856,-0.00192408,0.000224282,0.0330371,0.00166082,-0.00130287,-1.73735e-05,-0.000960438,-0.000649292,-0.00137231,0.00166082,0.0284627,-3.60862e-05,-6.62476e-05,5.50439e-05,-7.68816e-05,-2.08319e-05,-0.00130287,-3.60862e-05,0.0466616,
0.00398829,-0.000247675,0.00014792,-0.000682724,-0.00140918,-1.85145e-05,-6.62373e-05,-0.000247675,0.00106052,-0.000662184,-0.000935404,-0.0003363,-0.000959967,5.50453e-05,0.00014792,-0.000662184,0.00376545,0.000674154,-0.00192427,-0.000650066,-7.68525e-05,-0.000682724,-0.000935404,0.000674154,0.0027987,0.000224348,-0.00137193,-2.08246e-05,-0.00140918,-0.0003363,-0.00192427,0.000224348,0.0330342,0.00166069,-0.00130291,-1.85145e-05,-0.000959967,-0.000650066,-0.00137193,0.00166069,0.0284615,-3.60251e-05,-6.62373e-05,5.50453e-05,-7.68525e-05,-2.08246e-05,-0.00130291,-3.60251e-05,0.0466614,
0.00399039,-0.000248527,0.000146309,-0.000681252,-0.00141042,-1.96196e-05,-6.62275e-05,-0.000248527,0.00106073,-0.000662305,-0.000935543,-0.000335759,-0.000959508,5.50466e-05,0.000146309,-0.000662305,0.00376435,0.000674785,-0.00192446,-0.000650815,-7.68271e-05,-0.000681252,-0.000935543,0.000674785,0.00279831,0.000224413,-0.00137156,-2.08153e-05,-0.00141042,-0.000335759,-0.00192446,0.000224413,0.0330315,0.00166056,-0.00130296,-1.96196e-05,-0.000959508,-0.000650815,-0.00137156,0.00166056,0.0284603,-3.59665e-05,-6.62275e-05,5.50466e-05,-7.68271e-05,-2.08153e-05,-0.00130296,-3.59665e-05,0.0466612,
0.00399241,-0.000249353,0.000144755,-0.000679834,-0.00141161,-2.06923e-05,-6.62181e-05,-0.000249353,0.00106093,-0.000662424,-0.000935676,-0.000335232,-0.000959059,5.50479e-05,0.000144755,-0.000662424,0.00376328,0.000675395,-0.00192464,-0.000651542,-7.68049e-05,-0.000679834,-0.000935676,0.000675395,0.00279793,0.000224479,-0.0013712,-2.08042e-05,-0.00141161,-0.000335232,-0.00192464,0.000224479,0.0330288,0.00166044,-0.00130303,-2.06923e-05,-0.000959059,-0.000651542,-0.0013712,0.00166044,0.0284592,-3.59102e-05,-6.62181e-05,5.50479e-05,-7.68049e-05,-2.08041e-05,-0.00130303,-3.59102e-05,0.046661,
0.00399436,-0.000250154,0.00014325,-0.000678466,-0.00141276,-2.17356e-05,-6.6209e-05,-0.000250154,0.00106113,-0.000662544,-0.000935804,-0.000334717,-0.000958619,5.50492e-05,0.00014325,-0.000662544,0.00376224,0.000675987,-0.00192483,-0.000652249,-7.67856e-05,-0.000678466,-0.000935804,0.000675987,0.00279757,0.000224545,-0.00137086,-2.07914e-05,-0.00141276,-0.000334717,-0.00192483,0.000224545,0.0330262,0.00166031,-0.0013031,-2.17356e-05,-0.000958619,-0.000652249,-0.00137086,0.00166031,0.0284581,-3.58559e-05,-6.6209e-05,5.50492e-05,-7.67856e-05,-2.07914e-05,-0.0013031,-3.58559e-05,0.0466608,
0.00399623,-0.000250933,0.00014179,-0.000677141,-0.00141388,-2.27523e-05,-6.62003e-05,-0.000250933,0.00106132,-0.000662663,-0.000935926,-0.000334213,-0.000958188,5.50504e-05,0.00014179,-0.000662663,0.00376122,0.000676564,-0.001925,-0.000652937,-7.67686e-05,-0.000677141,-0.000935926,0.000676564,0.00279722,0.00022461,-0.00137053,-2.07773e-05,-0.00141388,-0.000334213,-0.001925,0.00022461,0.0330236,0.00166019,-0.00130318,-2.27523e-05,-0.000958188,-0.000652937,-0.00137053,0.00166019,0.028457,-3.58035e-05,-6.62003e-05,5.50504e-05,-7.67686e-05,-2.07773e-05,-0.00130318,-3.58035e-05,0.0466606,
0.00399804,-0.000251693,0.000140372,-0.000675857,-0.00141497,-2.3745e-05,-6.61919e-05,-0.000251693,0.00106151,-0.000662782,-0.000936044,-0.000333719,-0.000957765,5.50516e-05,0.000140372,-0.000662782,0.00376023,0.000677125,-0.00192518,-0.000653609,-7.67539e-05,-0.000675857,-0.000936044,0.000677125,0.00279687,0.000224675,-0.00137021,-2.0762e-05,-0.00141497,-0.000333719,-0.00192518,0.000224675,0.0330211,0.00166008,-0.00130328,-2.3745e-05,-0.000957765,-0.000653609,-0.00137021,0.00166008,0.0284559,-3.57527e-05,-6.61919e-05,5.50516e-05,-7.67539e-05,-2.0762e-05,-0.00130328,-3.57527e-05,0.0466605,
0.00399979,-0.000252435,0.00013899,-0.000674609,-0.00141603,-2.4716e-05,-6.61837e-05,-0.000252435,0.0010617,-0.000662901,-0.000936158,-0.000333234,-0.000957349,5.50527e-05,0.00013899,-0.000662901,0.00375925,0.000677673,-0.00192536,-0.000654266,-7.6741e-05,-0.000674609,-0.000936158,0.000677673,0.00279654,0.00022474,-0.00136991,-2.07457e-05,-0.00141603,-0.000333234,-0.00192536,0.00022474,0.0330186,0.00165996,-0.00130337,-2.4716e-05,-0.000957349,-0.000654266,-0.00136991,0.00165996,0.0284549,-3.57033e-05,-6.61837e-05,5.50527e-05,-7.6741e-05,-2.07457e-05,-0.00130337,-3.57033e-05,0.0466603,
0.00400149,-0.000253161,0.000137642,-0.000673393,-0.00141706,-2.56675e-05,-6.61756e-05,-0.000253161,0.00106188,-0.000663019,-0.000936268,-0.000332757,-0.000956939,5.50538e-05,0.000137642,-0.000663019,0.0037583,0.000678209,-0.00192553,-0.000654909,-7.67298e-05,-0.000673393,-0.000936268,0.000678209,0.00279622,0.000224805,-0.00136961,-2.07286e-05,-0.00141706,-0.000332757,-0.00192553,0.000224805,0.0330161,0.00165985,-0.00130348,-2.56675e-05,-0.000956939,-0.000654909,-0.00136961,0.00165985,0.0284539,-3.56552e-05,-6.61756e-05,5.50538e-05,-7.67298e-05,-2.07286e-05,-0.00130348,-3.56552e-05,0.0466601,
0.00400314,-0.000253872,0.000136323,-0.000672207,-0.00141807,-2.66014e-05,-6.61678e-05,-0.000253872,0.00106206,-0.000663137,-0.000936374,-0.000332287,-0.000956535,5.50549e-05,0.000136323,-0.000663137,0.00375736,0.000678734,-0.0019257,-0.00065554,-7.67199e-05,-0.000672207,-0.000936374,0.000678734,0.0027959,0.000224869,-0.00136932,-2.07106e-05,-0.00141807,-0.000332287,-0.0019257,0.000224869,0.0330137,0.00165974,-0.00130358,-2.66014e-05,-0.000956535,-0.00065554,-0.00136932,0.00165974,0.0284529,-3.56083e-05,-6.61678e-05,5.50549e-05,-7.67199e-05,-2.07106e-05,-0.00130358,-3.56083e-05,0.0466599,
0.00400475,-0.00025457,0.000135032,-0.000671047,-0.00141906,-2.75194e-05,-6.616e-05,-0.00025457,0.00106223,-0.000663255,-0.000936478,-0.000331824,-0.000956135,5.5056e-05,0.000135032,-0.000663255,0.00375643,0.000679249,-0.00192587,-0.000656159,-7.67113e-05,-0.000671047,-0.000936478,0.000679249,0.00279559,0.000224934,-0.00136903,-2.06921e-05,-0.00141906,-0.000331824,-0.00192587,0.000224934,0.0330114,0.00165964,-0.0013037,-2.75194e-05,-0.000956135,-0.000656159,-0.00136903,0.00165964,0.028452,-3.55624e-05,-6.616e-05,5.5056e-05,-7.67113e-05,-2.06921e-05,-0.0013037,-3.55624e-05,0.0466598,
0.00400632,-0.000255256,0.000133764,-0.000669911,-0.00142004,-2.84232e-05,-6.61524e-05,-0.000255256,0.0010624,-0.000663373,-0.000936579,-0.000331367,-0.00095574,5.50571e-05,0.000133764,-0.000663373,0.00375552,0.000679756,-0.00192604,-0.000656769,-7.67037e-05,-0.000669911,-0.000936579,0.000679756,0.00279529,0.000224998,-0.00136876,-2.0673e-05,-0.00142004,-0.000331367,-0.00192604,0.000224998,0.033009,0.00165953,-0.00130381,-2.84232e-05,-0.00095574,-0.000656769,-0.00136876,0.00165953,0.028451,-3.55175e-05,-6.61524e-05,5.50571e-05,-7.67037e-05,-2.0673e-05,-0.00130381,-3.55174e-05,0.0466596,
0.00400785,-0.000255932,0.000132518,-0.000668797,-0.00142099,-2.93142e-05,-6.61448e-05,-0.000255932,0.00106257,-0.00066349,-0.000936678,-0.000330915,-0.000955349,5.50581e-05,0.000132518,-0.00066349,0.00375462,0.000680254,-0.00192621,-0.000657369,-7.66971e-05,-0.000668797,-0.000936678,0.000680254,0.00279499,0.000225061,-0.00136849,-2.06535e-05,-0.00142099,-0.000330915,-0.00192621,0.000225061,0.0330067,0.00165943,-0.00130393,-2.93142e-05,-0.000955349,-0.000657369,-0.00136849,0.00165943,0.0284501,-3.54733e-05,-6.61448e-05,5.50581e-05,-7.66971e-05,-2.06535e-05,-0.00130393,-3.54733e-05,0.0466594,
0.00400936,-0.000256599,0.000131292,-0.000667702,-0.00142193,-3.01937e-05,-6.61373e-05,-0.000256599,0.00106274,-0.000663608,-0.000936774,-0.000330468,-0.000954962,5.50592e-05,0.000131292,-0.000663608,0.00375373,0.000680745,-0.00192637,-0.000657962,-7.66911e-05,-0.000667702,-0.000936774,0.000680745,0.0027947,0.000225125,-0.00136822,-2.06336e-05,-0.00142193,-0.000330468,-0.00192637,0.000225125,0.0330044,0.00165932,-0.00130405,-3.01937e-05,-0.000954962,-0.000657962,-0.00136822,0.00165932,0.0284491,-3.54298e-05,-6.61373e-05,5.50592e-05,-7.66911e-05,-2.06336e-05,-0.00130405,-3.54298e-05,0.0466592,
0.00401083,-0.000257256,0.000130083,-0.000666623,-0.00142286,-3.1063e-05,-6.61299e-05,-0.000257256,0.0010629,-0.000663724,-0.000936869,-0.000330025,-0.000954577,5.50602e-05,0.000130083,-0.000663724,0.00375285,0.00068123,-0.00192654,-0.000658547,-7.66858e-05,-0.000666623,-0.000936869,0.00068123,0.00279441,0.000225188,-0.00136796,-2.06135e-05,-0.00142286,-0.000330025,-0.00192654,0.000225188,0.0330021,0.00165922,-0.00130417,-3.1063e-05,-0.000954577,-0.000658547,-0.00136796,0.00165922,0.0284482,-3.53869e-05,-6.61299e-05,5.50602e-05,-7.66858e-05,-2.06135e-05,-0.00130417,-3.53869e-05,0.0466591,
0.00401228,-0.000257906,0.000128889,-0.000665561,-0.00142377,-3.19232e-05,-6.61224e-05,-0.000257906,0.00106307,-0.000663841,-0.000936962,-0.000329586,-0.000954196,5.50612e-05,0.000128889,-0.000663841,0.00375198,0.000681709,-0.0019267,-0.000659125,-7.66811e-05,-0.000665561,-0.000936962,0.000681709,0.00279413,0.000225251,-0.00136771,-2.05931e-05,-0.00142377,-0.000329586,-0.0019267,0.000225251,0.0329999,0.00165912,-0.00130429,-3.19232e-05,-0.000954196,-0.000659125,-0.00136771,0.00165912,0.0284473,-3.53446e-05,-6.61224e-05,5.50612e-05,-7.66811e-05,-2.05931e-05,-0.00130429,-3.53446e-05,0.0466589,
