0.00428261,-4.72173e-05,-0.000761281,-3.91126e-06,-0.00208736,8.91899e-05,6.68695e-05,-0.000306522,0.000580667,0.000387325,4.67748e-05,0.000561481,1.41536e-05,0.000223406,-0.000678081,-5.79158e-05,0.00378216,-8.29221e-06,-0.00240385,9.63954e-05,2.94015e-06,-0.000685905,-0.000157075,0.00122813,0.000126096,-0.000786463,0.000506872,0.00045044,-0.00197188,0.000885248,-0.00270602,-2.57148e-05,0.0284996,-0.000676326,0.00105059,0.000181852,-0.000156249,-8.03543e-06,-1.41446e-05,-0.00048474,0.0244729,0.000174479,9.04026e-05,5.85077e-05,1.54415e-05,-1.75776e-06,0.00115341,0.000217941,0.0466637,
0.0042815,-4.75776e-05,-0.000763229,-3.90674e-06,-0.00208672,8.9564e-05,6.67824e-05,-0.000306608,0.000580675,0.000385337,4.67425e-05,0.000563631,1.3608e-05,0.000223483,-0.000680203,-5.82097e-05,0.00377793,-8.29254e-06,-0.00240257,9.66654e-05,2.594e-06,-0.000685121,-0.000157143,0.00122352,0.000126001,-0.000782795,0.00050912,0.000450598,-0.00197138,0.000886044,-0.00270341,-2.56755e-05,0.0285034,-0.000679132,0.00105139,0.000182514,-0.000157561,-7.63145e-06,-1.41914e-05,-0.000487223,0.0244732,0.000174087,9.03076e-05,5.85168e-05,1.51867e-05,-1.75714e-06,0.00115412,0.000217737,0.0466637,
0.00428021,-4.79779e-05,-0.000765446,-3.90247e-06,-0.00208613,9.00268e-05,6.66707e-05,-0.00030672,0.000580669,0.000383206,4.6709e-05,0.000565899,1.32896e-05,0.000223486,-0.000682599,-5.85344e-05,0.00377329,-8.29317e-06,-0.00240121,9.70308e-05,2.22606e-06,-0.000684282,-0.000157212,0.00121859,0.0001259,-0.000778923,0.000511637,0.000450569,-0.00197096,0.000886887,-0.00270062,-2.56328e-05,0.0285065,-0.00068203,0.00105199,0.000183335,-0.000158734,-7.19072e-06,-1.42498e-05,-0.000489702,0.0244734,0.00017371,9.01798e-05,5.85171e-05,1.4911e-05,-1.75581e-06,0.00115459,0.000217571,0.0466638,
0.00427875,-4.84108e-05,-0.000767918,-3.89869e-06,-0.00208558,9.05451e-05,6.65333e-05,-0.000306849,0.000580656,0.000380962,4.66742e-05,0.000568266,1.30822e-05,0.000223458,-0.000685254,-5.88826e-05,0.00376831,-8.2938e-06,-0.00239973,9.74506e-05,1.83562e-06,-0.000683389,-0.000157284,0.00121339,0.000125793,-0.000774876,0.000514367,0.000450463,-0.00197059,0.000887767,-0.00269763,-2.55871e-05,0.0285093,-0.000685051,0.00105251,0.00018426,-0.000159868,-6.7269e-06,-1.4316e-05,-0.000492241,0.0244735,0.000173333,9.00239e-05,5.85126e-05,1.46155e-05,-1.75412e-06,0.00115495,0.000217426,0.0466638,
0.00427711,-4.88696e-05,-0.000770631,-3.8956e-06,-0.00208503,9.10985e-05,6.63689e-05,-0.00030699,0.000580639,0.000378637,4.66383e-05,0.000570706,1.29277e-05,0.000223424,-0.00068815,-5.92482e-05,0.00376308,-8.29431e-06,-0.00239812,9.7901e-05,1.42464e-06,-0.000682449,-0.000157358,0.00120801,0.000125683,-0.0007707,0.000517261,0.000450341,-0.00197024,0.000888673,-0.00269445,-2.55391e-05,0.028512,-0.000688193,0.00105299,0.000185255,-0.000161004,-6.25093e-06,-1.43876e-05,-0.000494858,0.0244736,0.000172952,8.98421e-05,5.85052e-05,1.43025e-05,-1.75225e-06,0.00115525,0.000217293,0.0466637,
0.00427531,-4.93484e-05,-0.000773568,-3.89336e-06,-0.00208449,9.16733e-05,6.61771e-05,-0.000307139,0.00058062,0.000376261,4.66017e-05,0.000573192,1.27977e-05,0.000223395,-0.000691267,-5.9626e-05,0.00375767,-8.29458e-06,-0.00239636,9.83669e-05,9.96426e-07,-0.00068147,-0.000157436,0.00120253,0.000125569,-0.000766444,0.000520281,0.000450236,-0.00196992,0.000889595,-0.00269109,-2.54891e-05,0.0285147,-0.000691437,0.00105346,0.000186296,-0.000162157,-5.77183e-06,-1.4463e-05,-0.000497547,0.0244737,0.000172563,8.9636e-05,5.84961e-05,1.39751e-05,-1.7503e-06,0.00115553,0.000217169,0.0466637,
0.00427334,-4.98418e-05,-0.000776709,-3.89209e-06,-0.00208396,9.22594e-05,6.59579e-05,-0.000307294,0.0005806,0.000373863,4.65648e-05,0.000575696,1.26788e-05,0.000223377,-0.000694584,-6.00112e-05,0.00375215,-8.29457e-06,-0.00239447,9.88379e-05,5.54817e-07,-0.000680462,-0.000157516,0.001197,0.000125455,-0.000762154,0.000523392,0.000450165,-0.00196963,0.000890522,-0.00268756,-2.54378e-05,0.0285174,-0.000694754,0.00105391,0.000187367,-0.000163331,-5.29714e-06,-1.4541e-05,-0.000500291,0.0244737,0.000172169,8.94068e-05,5.84857e-05,1.36363e-05,-1.74836e-06,0.00115581,0.000217052,0.0466637,
0.00427123,-5.03447e-05,-0.000780035,-3.89187e-06,-0.00208344,9.28489e-05,6.5712e-05,-0.000307454,0.00058058,0.000371469,4.6528e-05,0.000578192,1.2565e-05,0.000223376,-0.000698078,-6.03995e-05,0.00374657,-8.29423e-06,-0.00239244,9.93068e-05,1.03809e-07,-0.000679434,-0.000157599,0.00119149,0.00012534,-0.000757873,0.000526563,0.000450138,-0.00196936,0.000891444,-0.00268391,-2.53856e-05,0.0285202,-0.000698118,0.00105436,0.000188454,-0.000164519,-4.83314e-06,-1.46207e-05,-0.000503067,0.0244738,0.000171771,8.9156e-05,5.84745e-05,1.32893e-05,-1.74645e-06,0.00115609,0.000216941,0.0466637,
0.00426898,-5.08522e-05,-0.000783521,-3.89272e-06,-0.00208293,9.34356e-05,6.54404e-05,-0.000307615,0.00058056,0.0003691,4.64915e-05,0.000580656,1.24542e-05,0.000223392,-0.000701724,-6.07872e-05,0.00374098,-8.29351e-06,-0.00239031,9.9768e-05,-3.52666e-07,-0.000678395,-0.000157682,0.00118604,0.000125226,-0.000753643,0.000529765,0.000450159,-0.00196912,0.000892353,-0.00268016,-2.53329e-05,0.028523,-0.000701499,0.0010548,0.000189546,-0.000165715,-4.38504e-06,-1.47012e-05,-0.000505853,0.0244739,0.00017137,8.88849e-05,5.84625e-05,1.29372e-05,-1.7446e-06,0.00115636,0.000216838,0.0466636,
0.0042666,-5.13601e-05,-0.000787144,-3.89468e-06,-0.00208244,9.40139e-05,6.51447e-05,-0.000307777,0.00058054,0.000366777,4.64557e-05,0.00058307,1.23459e-05,0.000223426,-0.000705496,-6.1171e-05,0.00373544,-8.29242e-06,-0.00238807,0.000100217,-8.10881e-07,-0.000677353,-0.000157767,0.0011807,0.000125114,-0.000749495,0.000532972,0.00045023,-0.00196891,0.000893241,-0.00267632,-2.52802e-05,0.0285258,-0.00070487,0.00105523,0.000190633,-0.00016691,-3.95713e-06,-1.47821e-05,-0.000508627,0.024474,0.000170971,8.85954e-05,5.845e-05,1.25828e-05,-1.74283e-06,0.00115664,0.00021674,0.0466636,
0.00426411,-5.18644e-05,-0.000790879,-3.89773e-06,-0.00208196,9.45793e-05,6.4827e-05,-0.000307938,0.000580521,0.000364514,4.64208e-05,0.000585415,1.22407e-05,0.000223477,-0.000709369,-6.15479e-05,0.00372999,-8.29097e-06,-0.00238575,0.00010065,-1.26737e-06,-0.000676314,-0.000157851,0.00117552,0.000125004,-0.000745462,0.000536161,0.000450349,-0.00196872,0.000894102,-0.00267244,-2.52279e-05,0.0285286,-0.000708207,0.00105565,0.000191708,-0.000168096,-3.55284e-06,-1.48625e-05,-0.000511369,0.0244741,0.000170574,8.82894e-05,5.8437e-05,1.22288e-05,-1.74115e-06,0.00115692,0.000216651,0.0466636,
0.00426152,-5.23615e-05,-0.000794701,-3.90183e-06,-0.00208151,9.5128e-05,6.44893e-05,-0.000308095,0.000580502,0.000362328,4.63871e-05,0.000587677,1.21393e-05,0.000223545,-0.000713317,-6.19155e-05,0.00372466,-8.28913e-06,-0.00238337,0.000101065,-1.71892e-06,-0.000675284,-0.000157936,0.00117051,0.000124898,-0.000741567,0.00053931,0.000450515,-0.00196855,0.00089493,-0.00266853,-2.51762e-05,0.0285314,-0.000711488,0.00105606,0.000192763,-0.000169266,-3.17488e-06,-1.49421e-05,-0.00051406,0.0244742,0.000170183,8.79688e-05,5.84236e-05,1.18777e-05,-1.73957e-06,0.0011572,0.000216568,0.0466635,
0.00425886,-5.28484e-05,-0.000798584,-3.90695e-06,-0.00208107,9.56568e-05,6.41342e-05,-0.000308249,0.000580483,0.000360228,4.63546e-05,0.000589843,1.20424e-05,0.000223628,-0.000717316,-6.22717e-05,0.00371949,-8.28695e-06,-0.00238093,0.00010146,-2.16269e-06,-0.00067427,-0.000158019,0.0011657,0.000124796,-0.000737834,0.000542402,0.000450724,-0.00196842,0.000895722,-0.00266462,-2.51254e-05,0.0285341,-0.000714692,0.00105646,0.000193792,-0.00017041,-2.82524e-06,-1.50203e-05,-0.000516684,0.0244743,0.000169799,8.76358e-05,5.841e-05,1.15318e-05,-1.7381e-06,0.00115748,0.000216494,0.0466635,
0.00425613,-5.33223e-05,-0.000802506,-3.91301e-06,-0.00208066,9.61629e-05,6.3764e-05,-0.000308396,0.000580465,0.000358224,4.63236e-05,0.000591904,1.19511e-05,0.000223725,-0.00072134,-6.26147e-05,0.0037145,-8.28443e-06,-0.00237846,0.000101832,-2.59611e-06,-0.000673273,-0.000158102,0.00116112,0.000124698,-0.000734279,0.00054542,0.000450973,-0.00196831,0.000896472,-0.00266073,-2.50758e-05,0.0285368,-0.000717802,0.00105684,0.000194789,-0.000171525,-2.50535e-06,-1.50967e-05,-0.000519225,0.0244744,0.000169426,8.72926e-05,5.83963e-05,1.11931e-05,-1.73674e-06,0.00115775,0.000216427,0.0466634,
0.00425336,-5.37808e-05,-0.000806441,-3.91995e-06,-0.00208027,9.66441e-05,6.33813e-05,-0.000308537,0.000580447,0.000356323,4.62942e-05,0.00059385,1.18659e-05,0.000223835,-0.000725366,-6.29431e-05,0.00370972,-8.2816e-06,-0.00237597,0.000102181,-3.01692e-06,-0.000672299,-0.000158184,0.00115678,0.000124604,-0.000730917,0.000548349,0.000451257,-0.00196823,0.00089718,-0.00265689,-2.50276e-05,0.0285394,-0.000720804,0.0010572,0.00019575,-0.000172603,-2.21607e-06,-1.5171e-05,-0.000521673,0.0244744,0.000169064,8.69413e-05,5.83825e-05,1.08634e-05,-1.73549e-06,0.00115802,0.000216369,0.0466633,
0.00425055,-5.42219e-05,-0.000810368,-3.92769e-06,-0.0020799,9.70988e-05,6.29887e-05,-0.000308668,0.00058043,0.00035453,4.62664e-05,0.000595675,1.17875e-05,0.000223955,-0.000729372,-6.32558e-05,0.00370517,-8.27849e-06,-0.00237348,0.000102506,-3.4232e-06,-0.00067135,-0.000158263,0.00115269,0.000124515,-0.00072776,0.000551177,0.000451572,-0.00196817,0.000897842,-0.00265312,-2.49809e-05,0.0285419,-0.000723685,0.00105754,0.00019667,-0.00017364,-1.9578e-06,-1.52428e-05,-0.000524015,0.0244745,0.000168716,8.65841e-05,5.83687e-05,1.05442e-05,-1.73435e-06,0.00115827,0.000216319,0.0466633,
0.00424773,-5.4644e-05,-0.000814265,-3.93616e-06,-0.00207956,9.75257e-05,6.25888e-05,-0.000308791,0.000580412,0.000352848,4.62403e-05,0.000597376,1.17164e-05,0.000224085,-0.000733338,-6.3552e-05,0.00370086,-8.27514e-06,-0.002371,0.000102806,-3.81329e-06,-0.000670427,-0.000158341,0.00114886,0.000124432,-0.000724817,0.000553893,0.000451911,-0.00196814,0.000898457,-0.00264943,-2.4936e-05,0.0285444,-0.000726435,0.00105786,0.000197546,-0.000174632,-1.73051e-06,-1.53119e-05,-0.000526244,0.0244746,0.000168384,8.62231e-05,5.8355e-05,1.02369e-05,-1.73331e-06,0.00115852,0.000216278,0.0466632,
0.0042449,-5.50458e-05,-0.000818113,-3.94528e-06,-0.00207925,9.79239e-05,6.21841e-05,-0.000308902,0.000580395,0.00035128,4.62159e-05,0.000598948,1.1653e-05,0.000224221,-0.000737242,-6.3831e-05,0.0036968,-8.27158e-06,-0.00236855,0.000103082,-4.18583e-06,-0.000669532,-0.000158418,0.0011453,0.000124354,-0.000722091,0.000556489,0.000452272,-0.00196813,0.000899024,-0.00264585,-2.48929e-05,0.0285467,-0.000729045,0.00105816,0.000198376,-0.000175575,-1.53381e-06,-1.5378e-05,-0.000528352,0.0244747,0.000168069,8.58603e-05,5.83415e-05,9.94254e-06,-1.73238e-06,0.00115876,0.000216246,0.0466632,
0.00424209,-5.54262e-05,-0.000821893,-3.95495e-06,-0.00207896,9.82928e-05,6.17769e-05,-0.000309003,0.000580379,0.000349827,4.61932e-05,0.000600392,1.15975e-05,0.000224363,-0.000741068,-6.40926e-05,0.00369301,-8.26783e-06,-0.00236615,0.000103333,-4.53973e-06,-0.000668666,-0.000158491,0.001142,0.00012428,-0.000719588,0.000558958,0.000452649,-0.00196815,0.000899544,-0.00264238,-2.48516e-05,0.028549,-0.00073151,0.00105844,0.000199157,-0.000176467,-1.36699e-06,-1.54409e-05,-0.000530335,0.0244748,0.000167771,8.54977e-05,5.83282e-05,9.66205e-06,-1.73155e-06,0.00115898,0.000216222,0.0466631,
0.00423931,-5.57846e-05,-0.000825589,-3.96511e-06,-0.0020787,9.86324e-05,6.13695e-05,-0.000309091,0.000580362,0.000348487,4.61722e-05,0.000601705,1.15501e-05,0.000224509,-0.000744801,-6.43364e-05,0.00368949,-8.26394e-06,-0.0023638,0.000103559,-4.87416e-06,-0.000667829,-0.000158563,0.00113896,0.000124213,-0.000717308,0.000561295,0.000453038,-0.00196819,0.000900016,-0.00263904,-2.48123e-05,0.0285511,-0.000733824,0.0010587,0.000199889,-0.000177307,-1.22911e-06,-1.55006e-05,-0.000532188,0.0244748,0.000167492,8.51371e-05,5.83152e-05,9.39615e-06,-1.73082e-06,0.0011592,0.000216206,0.046663,
0.00423657,-5.61204e-05,-0.000829186,-3.97566e-06,-0.00207847,9.89427e-05,6.09641e-05,-0.000309167,0.000580345,0.00034726,4.61529e-05,0.00060289,1.15109e-05,0.000224656,-0.000748424,-6.45625e-05,0.00368624,-8.25994e-06,-0.00236152,0.000103762,-5.18848e-06,-0.000667023,-0.000158632,0.00113618,0.00012415,-0.00071525,0.000563494,0.000453433,-0.00196826,0.000900442,-0.00263584,-2.4775e-05,0.0285532,-0.000735984,0.00105894,0.00020057,-0.000178091,-1.11898e-06,-1.55569e-05,-0.000533909,0.0244749,0.000167234,8.47801e-05,5.83025e-05,9.14537e-06,-1.73017e-06,0.00115939,0.000216199,0.046663,
0.00423388,-5.64334e-05,-0.000832671,-3.98652e-06,-0.00207826,9.9224e-05,6.05626e-05,-0.00030923,0.000580328,0.000346144,4.61353e-05,0.000603948,1.14799e-05,0.000224805,-0.000751926,-6.47712e-05,0.00368326,-8.25586e-06,-0.00235932,0.000103942,-5.48233e-06,-0.000666246,-0.000158699,0.00113366,0.000124092,-0.000713411,0.000565555,0.000453832,-0.00196836,0.000900821,-0.00263279,-2.47397e-05,0.0285551,-0.00073799,0.00105916,0.000201201,-0.000178821,-1.03526e-06,-1.56097e-05,-0.000535497,0.024475,0.000166995,8.44285e-05,5.82902e-05,8.91007e-06,-1.72962e-06,0.00115958,0.000216201,0.0466629,
0.00423125,-5.67236e-05,-0.000836032,-3.99764e-06,-0.00207809,9.94769e-05,6.0167e-05,-0.000309281,0.000580311,0.000345136,4.61193e-05,0.000604882,1.14569e-05,0.000224953,-0.000755296,-6.49625e-05,0.00368055,-8.25173e-06,-0.0023572,0.0001041,-5.7555e-06,-0.0006655,-0.000158764,0.00113138,0.000124039,-0.000711787,0.000567476,0.00045423,-0.00196847,0.000901155,-0.0026299,-2.47064e-05,0.028557,-0.000739841,0.00105935,0.00020178,-0.000179494,-9.76453e-07,-1.5659e-05,-0.000536953,0.024475,0.000166778,8.40835e-05,5.82784e-05,8.69046e-06,-1.72914e-06,0.00115975,0.00021621,0.0466628,
0.00422869,-5.69911e-05,-0.000839259,-4.00892e-06,-0.00207795,9.97022e-05,5.97788e-05,-0.000309318,0.000580294,0.000344232,4.61048e-05,0.000605695,1.14419e-05,0.000225099,-0.000758525,-6.51369e-05,0.0036781,-8.24759e-06,-0.00235517,0.000104236,-6.008e-06,-0.000664783,-0.000158826,0.00112935,0.000123992,-0.000710374,0.000569257,0.000454625,-0.00196862,0.000901446,-0.00262717,-2.46752e-05,0.0285587,-0.000741539,0.00105952,0.000202309,-0.000180113,-9.41005e-07,-1.57047e-05,-0.000538277,0.0244751,0.000166582,8.37465e-05,5.82671e-05,8.48659e-06,-1.72874e-06,0.0011599,0.000216228,0.0466628,
0.00422622,-5.72363e-05,-0.000842345,-4.02031e-06,-0.00207783,9.99008e-05,5.93997e-05,-0.000309342,0.000580277,0.000343429,4.60918e-05,0.000606391,1.14345e-05,0.000225243,-0.000761605,-6.52948e-05,0.00367591,-8.24346e-06,-0.00235324,0.000104352,-6.23996e-06,-0.000664096,-0.000158885,0.00112754,0.000123949,-0.000709162,0.000570897,0.000455012,-0.00196878,0.000901695,-0.00262461,-2.4646e-05,0.0285603,-0.000743084,0.00105968,0.000202788,-0.000180675,-9.27249e-07,-1.5747e-05,-0.000539472,0.0244751,0.000166407,8.34187e-05,5.82562e-05,8.29841e-06,-1.72842e-06,0.00116004,0.000216253,0.0466627,
0.00422323,-5.90549e-05,-0.000843803,-7.72184e-06,-0.00207775,0.000101184,5.95796e-05,-0.000302528,0.000598493,0.000325816,8.8256e-05,0.000607096,-1.25195e-06,0.00021911,-0.000765752,-6.86972e-05,0.003677,-1.57805e-05,-0.00235143,0.000106717,-5.33025e-06,-0.000645081,-0.000109911,0.0010805,0.00023732,-0.000707825,0.000538287,0.000438525,-0.00197262,0.000892163,-0.00261318,-4.71513e-05,0.0285618,-0.000737704,0.00106316,0.00020088,-0.000187431,4.85833e-06,-3.02339e-05,-0.000540581,0.0244795,0.000168402,8.2845e-05,5.75621e-05,8.75979e-06,-3.30987e-06,0.00116016,0.000216762,0.0466629,
0.00420365,-0.00010553,-0.000803719,-0.000114765,-0.002078,0.0001336,7.51493e-05,-0.00010553,0.0011257,-0.000163065,0.00130766,0.000610887,-0.000368943,3.77774e-05,-0.000803719,-0.000163065,0.00376264,-0.000233752,-0.00235032,0.000172518,2.69191e-05,-0.000114765,0.00130766,-0.000233752,0.00351611,-0.000698065,-0.000449048,-4.9047e-05,-0.002078,0.000610887,-0.00235032,-0.000698065,0.0285615,-0.00054265,0.00116014,0.0001336,-0.000368943,0.000172518,-0.000449048,-0.00054265,0.0246059,0.000230594,7.51493e-05,3.77774e-05,2.69191e-05,-4.9047e-05,0.00116014,0.000230594,0.0466696,
0.00420147,-0.00010583,-0.000805891,-0.000115228,-0.00207829,0.00013374,7.48569e-05,-0.00010583,0.00112573,-0.000163089,0.00130772,0.00061095,-0.000369367,3.77578e-05,-0.000805891,-0.000163089,0.00376245,-0.000233675,-0.00234907,0.000172491,2.68455e-05,-0.000115228,0.00130772,-0.000233675,0.00351618,-0.000697651,-0.000449504,-4.907e-05,-0.00207829,0.00061095,-0.00234907,-0.000697651,0.0285628,-0.000543007,0.00116026,0.00013374,-0.000369367,0.000172491,-0.000449504,-0.000543007,0.0246062,0.000230683,7.48569e-05,3.77578e-05,2.68455e-05,-4.907e-05,0.00116026,0.000230683,0.0466695,
0.00419948,-0.000106084,-0.000807816,-0.00011566,-0.00207864,0.000133846,7.45852e-05,-0.000106084,0.00112575,-0.000163082,0.00130777,0.000610957,-0.00036965,3.77408e-05,-0.000807816,-0.000163082,0.00376251,-0.000233576,-0.00234801,0.000172436,2.67919e-05,-0.00011566,0.00130777,-0.000233576,0.00351624,-0.00069726,-0.000449861,-4.90867e-05,-0.00207864,0.000610957,-0.00234801,-0.00069726,0.0285638,-0.000543211,0.0011603,0.000133846,-0.00036965,0.000172436,-0.000449861,-0.000543211,0.0246064,0.00023078,7.45852e-05,3.77408e-05,2.67919e-05,-4.90867e-05,0.0011603,0.00023078,0.0466695,
0.00419766,-0.000106306,-0.000809555,-0.000116051,-0.00207896,0.000133944,7.43368e-05,-0.000106306,0.00112577,-0.000163064,0.00130782,0.00061096,-0.000369873,3.7727e-05,-0.000809555,-0.000163064,0.00376261,-0.000233476,-0.00234706,0.000172388,2.67457e-05,-0.000116051,0.00130782,-0.000233476,0.00351629,-0.0006969,-0.000450191,-4.90981e-05,-0.00207896,0.00061096,-0.00234706,-0.0006969,0.0285645,-0.000543365,0.0011603,0.000133944,-0.000369873,0.000172388,-0.000450191,-0.000543365,0.0246066,0.000230881,7.43368e-05,3.7727e-05,2.67457e-05,-4.90981e-05,0.0011603,0.000230881,0.0466694,
0.004196,-0.000106505,-0.000811132,-0.000116405,-0.00207925,0.000134039,7.41102e-05,-0.000106505,0.00112579,-0.000163045,0.00130786,0.000610966,-0.000370062,3.77158e-05,-0.000811132,-0.000163045,0.0037627,-0.00023338,-0.0023462,0.000172351,2.67042e-05,-0.000116405,0.00130786,-0.00023338,0.00351633,-0.000696573,-0.0004505,-4.91063e-05,-0.00207925,0.000610966,-0.0023462,-0.000696573,0.0285651,-0.000543496,0.00116028,0.000134039,-0.000370062,0.000172351,-0.0004505,-0.000543496,0.0246068,0.000230984,7.41102e-05,3.77158e-05,2.67042e-05,-4.91063e-05,0.00116028,0.000230984,0.0466694,
0.00419449,-0.000106683,-0.000812565,-0.000116725,-0.00207952,0.000134128,7.39037e-05,-0.000106683,0.00112581,-0.000163026,0.0013079,0.000610975,-0.000370226,3.77066e-05,-0.000812565,-0.000163026,0.00376278,-0.000233292,-0.00234542,0.000172321,2.66663e-05,-0.000116725,0.0013079,-0.000233292,0.00351637,-0.000696277,-0.000450787,-4.91124e-05,-0.00207952,0.000610975,-0.00234542,-0.000696277,0.0285657,-0.000543615,0.00116024,0.000134128,-0.000370226,0.000172321,-0.000450787,-0.000543615,0.024607,0.000231089,7.39037e-05,3.77066e-05,2.66663e-05,-4.91124e-05,0.00116024,0.000231089,0.0466693,
0.00419312,-0.000106844,-0.000813868,-0.000117015,-0.00207976,0.000134211,7.37152e-05,-0.000106844,0.00112583,-0.000163008,0.00130794,0.000610986,-0.000370374,3.76989e-05,-0.000813868,-0.000163008,0.00376285,-0.00023321,-0.0023447,0.000172296,2.66312e-05,-0.000117015,0.00130794,-0.00023321,0.00351641,-0.000696007,-0.000451054,-4.91171e-05,-0.00207976,0.000610986,-0.0023447,-0.000696007,0.0285661,-0.000543723,0.00116019,0.000134211,-0.000370374,0.000172296,-0.000451054,-0.000543723,0.0246071,0.000231194,7.37152e-05,3.76989e-05,2.66312e-05,-4.91171e-05,0.00116019,0.000231194,0.0466693,
0.00419186,-0.00010699,-0.000815055,-0.000117278,-0.00207997,0.000134288,7.35429e-05,-0.00010699,0.00112584,-0.000162991,0.00130798,0.000610997,-0.000370506,3.76925e-05,-0.000815055,-0.000162991,0.00376291,-0.000233136,-0.00234405,0.000172275,2.65987e-05,-0.000117278,0.00130798,-0.000233136,0.00351645,-0.00069576,-0.0004513,-4.91209e-05,-0.00207997,0.000610997,-0.00234405,-0.00069576,0.0285665,-0.000543825,0.00116013,0.000134288,-0.000370506,0.000172275,-0.0004513,-0.000543825,0.0246073,0.000231299,7.35429e-05,3.76925e-05,2.65987e-05,-4.91209e-05,0.00116013,0.000231299,0.0466692,
0.00419071,-0.000107124,-0.000816139,-0.000117518,-0.00208017,0.000134359,7.33852e-05,-0.000107124,0.00112586,-0.000162976,0.00130801,0.000611007,-0.000370627,3.76871e-05,-0.000816139,-0.000162976,0.00376296,-0.000233067,-0.00234345,0.000172257,2.65683e-05,-0.000117518,0.00130801,-0.000233067,0.00351648,-0.000695535,-0.000451528,-4.91241e-05,-0.00208017,0.000611007,-0.00234345,-0.000695535,0.0285669,-0.00054392,0.00116007,0.000134359,-0.000370627,0.000172257,-0.000451528,-0.00054392,0.0246074,0.000231404,7.33852e-05,3.76871e-05,2.65683e-05,-4.91241e-05,0.00116007,0.000231404,0.0466692,
0.00418966,-0.000107245,-0.000817131,-0.000117736,-0.00208034,0.000134425,7.32404e-05,-0.000107245,0.00112587,-0.000162962,0.00130804,0.000611017,-0.000370737,3.76826e-05,-0.000817131,-0.000162962,0.00376301,-0.000233004,-0.00234291,0.000172241,2.65396e-05,-0.000117736,0.00130804,-0.000233004,0.00351651,-0.000695329,-0.00045174,-4.91268e-05,-0.00208034,0.000611017,-0.00234291,-0.000695329,0.0285672,-0.000544009,0.00116,0.000134425,-0.000370737,0.000172241,-0.00045174,-0.000544009,0.0246075,0.00023151,7.32404e-05,3.76826e-05,2.65396e-05,-4.91268e-05,0.00116,0.00023151,0.0466691,
0.00418869,-0.000107356,-0.00081804,-0.000117936,-0.0020805,0.000134485,7.31072e-05,-0.000107356,0.00112588,-0.000162949,0.00130807,0.000611025,-0.000370839,3.76788e-05,-0.00081804,-0.000162949,0.00376304,-0.000232946,-0.00234241,0.000172228,2.65126e-05,-0.000117936,0.00130807,-0.000232946,0.00351653,-0.000695139,-0.000451938,-4.91291e-05,-0.0020805,0.000611025,-0.00234241,-0.000695139,0.0285675,-0.000544093,0.00115994,0.000134485,-0.000370839,0.000172228,-0.000451938,-0.000544093,0.0246077,0.000231616,7.31072e-05,3.76788e-05,2.65126e-05,-4.91291e-05,0.00115994,0.000231616,0.0466691,
0.00418781,-0.000107458,-0.000818875,-0.000118118,-0.00208064,0.00013454,7.29845e-05,-0.000107458,0.00112589,-0.000162937,0.0013081,0.000611032,-0.000370933,3.76756e-05,-0.000818875,-0.000162937,0.00376307,-0.000232893,-0.00234195,0.000172216,2.64869e-05,-0.000118118,0.0013081,-0.000232893,0.00351656,-0.000694964,-0.000452122,-4.9131e-05,-0.00208064,0.000611032,-0.00234195,-0.000694964,0.0285678,-0.000544173,0.00115986,0.00013454,-0.000370933,0.000172216,-0.000452122,-0.000544173,0.0246078,0.000231722,7.29845e-05,3.76756e-05,2.64869e-05,-4.9131e-05,0.00115986,0.000231722,0.046669,
0.00418699,-0.000107553,-0.000819644,-0.000118286,-0.00208078,0.000134591,7.28709e-05,-0.000107553,0.0011259,-0.000162927,0.00130812,0.000611038,-0.000371019,3.7673e-05,-0.000819644,-0.000162927,0.00376309,-0.000232844,-0.00234153,0.000172205,2.64624e-05,-0.000118286,0.00130812,-0.000232844,0.00351658,-0.000694803,-0.000452294,-4.91327e-05,-0.00208078,0.000611038,-0.00234153,-0.000694803,0.028568,-0.000544248,0.00115979,0.000134591,-0.000371019,0.000172205,-0.000452294,-0.000544248,0.0246079,0.000231828,7.28709e-05,3.7673e-05,2.64624e-05,-4.91327e-05,0.00115979,0.000231828,0.0466689,
0.00418623,-0.000107639,-0.000820355,-0.00011844,-0.0020809,0.000134638,7.27657e-05,-0.000107639,0.00112591,-0.000162918,0.00130815,0.000611043,-0.0003711,3.76708e-05,-0.000820355,-0.000162918,0.00376311,-0.000232799,-0.00234114,0.000172196,2.64389e-05,-0.00011844,0.00130815,-0.000232799,0.0035166,-0.000694653,-0.000452455,-4.91342e-05,-0.0020809,0.000611043,-0.00234114,-0.000694653,0.0285683,-0.00054432,0.00115972,0.000134638,-0.0003711,0.000172196,-0.000452455,-0.00054432,0.024608,0.000231935,7.27657e-05,3.76708e-05,2.64389e-05,-4.91342e-05,0.00115972,0.000231935,0.0466689,
0.00418553,-0.00010772,-0.000821013,-0.000118582,-0.00208101,0.000134681,7.26678e-05,-0.00010772,0.00112592,-0.000162909,0.00130817,0.000611046,-0.000371175,3.76691e-05,-0.000821013,-0.000162909,0.00376312,-0.000232757,-0.00234078,0.000172188,2.64164e-05,-0.000118582,0.00130817,-0.000232757,0.00351662,-0.000694513,-0.000452607,-4.91354e-05,-0.00208101,0.000611046,-0.00234078,-0.000694513,0.0285685,-0.000544389,0.00115964,0.000134681,-0.000371175,0.000172188,-0.000452607,-0.000544389,0.0246081,0.000232042,7.26678e-05,3.76691e-05,2.64164e-05,-4.91354e-05,0.00115964,0.000232042,0.0466688,
0.00418488,-0.000107795,-0.000821624,-0.000118714,-0.00208111,0.000134721,7.25765e-05,-0.000107795,0.00112593,-0.000162902,0.00130819,0.000611049,-0.000371245,3.76678e-05,-0.000821624,-0.000162902,0.00376313,-0.000232719,-0.00234045,0.000172181,2.63947e-05,-0.000118714,0.00130819,-0.000232719,0.00351664,-0.000694383,-0.000452751,-4.91365e-05,-0.00208111,0.000611049,-0.00234045,-0.000694383,0.0285687,-0.000544455,0.00115956,0.000134721,-0.000371245,0.000172181,-0.000452751,-0.000544455,0.0246082,0.00023215,7.25765e-05,3.76678e-05,2.63947e-05,-4.91365e-05,0.00115956,0.00023215,0.0466688,
0.00418427,-0.000107864,-0.000822193,-0.000118836,-0.0020812,0.000134759,7.24911e-05,-0.000107864,0.00112594,-0.000162895,0.00130821,0.000611051,-0.000371311,3.76669e-05,-0.000822193,-0.000162895,0.00376314,-0.000232683,-0.00234014,0.000172175,2.63738e-05,-0.000118836,0.00130821,-0.000232683,0.00351665,-0.000694262,-0.000452887,-4.91374e-05,-0.0020812,0.000611051,-0.00234014,-0.000694262,0.0285688,-0.000544519,0.00115948,0.000134759,-0.000371311,0.000172175,-0.000452887,-0.000544519,0.0246083,0.000232258,7.24911e-05,3.76669e-05,2.63738e-05,-4.91374e-05,0.00115948,0.000232258,0.0466687,
0.00418371,-0.000107929,-0.000822725,-0.000118949,-0.00208129,0.000134794,7.2411e-05,-0.000107929,0.00112594,-0.000162889,0.00130823,0.000611051,-0.000371373,3.76662e-05,-0.000822725,-0.000162889,0.00376314,-0.00023265,-0.00233985,0.000172169,2.63534e-05,-0.000118949,0.00130823,-0.00023265,0.00351667,-0.000694148,-0.000453017,-4.91382e-05,-0.00208129,0.000611051,-0.00233985,-0.000694148,0.028569,-0.00054458,0.0011594,0.000134794,-0.000371373,0.000172169,-0.000453017,-0.00054458,0.0246084,0.000232366,7.2411e-05,3.76662e-05,2.63534e-05,-4.91382e-05,0.0011594,0.000232366,0.0466687,
0.00418318,-0.00010799,-0.000823223,-0.000119055,-0.00208137,0.000134827,7.23356e-05,-0.00010799,0.00112595,-0.000162884,0.00130824,0.000611052,-0.000371431,3.76658e-05,-0.000823223,-0.000162884,0.00376313,-0.000232619,-0.00233958,0.000172164,2.63337e-05,-0.000119055,0.00130824,-0.000232619,0.00351668,-0.00069404,-0.00045314,-4.91389e-05,-0.00208137,0.000611052,-0.00233958,-0.00069404,0.0285692,-0.000544639,0.00115931,0.000134827,-0.000371431,0.000172164,-0.00045314,-0.000544639,0.0246085,0.000232476,7.23356e-05,3.76658e-05,2.63337e-05,-4.91389e-05,0.00115931,0.000232476,0.0466686,
0.00418268,-0.000108048,-0.000823691,-0.000119154,-0.00208145,0.000134857,7.22643e-05,-0.000108048,0.00112596,-0.000162879,0.00130826,0.000611051,-0.000371486,3.76657e-05,-0.000823691,-0.000162879,0.00376313,-0.00023259,-0.00233933,0.00017216,2.63144e-05,-0.000119154,0.00130826,-0.00023259,0.0035167,-0.000693938,-0.000453258,-4.91395e-05,-0.00208145,0.000611051,-0.00233933,-0.000693938,0.0285693,-0.000544696,0.00115923,0.000134857,-0.000371486,0.00017216,-0.000453258,-0.000544696,0.0246086,0.000232585,7.22643e-05,3.76657e-05,2.63144e-05,-4.91395e-05,0.00115923,0.000232585,0.0466686,
0.00418221,-0.000108102,-0.000824133,-0.000119247,-0.00208152,0.000134886,7.21968e-05,-0.000108102,0.00112596,-0.000162875,0.00130828,0.00061105,-0.000371539,3.76658e-05,-0.000824133,-0.000162875,0.00376312,-0.000232562,-0.00233909,0.000172157,2.62955e-05,-0.000119247,0.00130828,-0.000232562,0.00351671,-0.000693842,-0.000453372,-4.91399e-05,-0.00208152,0.00061105,-0.00233909,-0.000693842,0.0285694,-0.000544752,0.00115914,0.000134886,-0.000371539,0.000172157,-0.000453372,-0.000544752,0.0246087,0.000232696,7.21968e-05,3.76658e-05,2.62955e-05,-4.91399e-05,0.00115914,0.000232696,0.0466685,
0.00418177,-0.000108153,-0.000824551,-0.000119334,-0.00208159,0.000134914,7.21326e-05,-0.000108153,0.00112597,-0.000162871,0.00130829,0.000611048,-0.000371589,3.76661e-05,-0.000824551,-0.000162871,0.00376311,-0.000232537,-0.00233887,0.000172154,2.6277e-05,-0.000119334,0.00130829,-0.000232537,0.00351672,-0.000693751,-0.000453481,-4.91403e-05,-0.00208159,0.000611048,-0.00233887,-0.000693751,0.0285696,-0.000544807,0.00115906,0.000134914,-0.000371589,0.000172154,-0.000453481,-0.000544807,0.0246088,0.000232807,7.21326e-05,3.76661e-05,2.6277e-05,-4.91403e-05,0.00115906,0.000232807,0.0466685,
0.00418134,-0.000108202,-0.000824948,-0.000119417,-0.00208165,0.00013494,7.20713e-05,-0.000108202,0.00112598,-0.000162867,0.00130831,0.000611046,-0.000371637,3.76666e-05,-0.000824948,-0.000162867,0.0037631,-0.000232512,-0.00233866,0.000172151,2.62589e-05,-0.000119417,0.00130831,-0.000232512,0.00351674,-0.000693663,-0.000453586,-4.91406e-05,-0.00208165,0.000611046,-0.00233866,-0.000693663,0.0285697,-0.00054486,0.00115897,0.00013494,-0.000371637,0.000172151,-0.000453586,-0.00054486,0.0246089,0.000232918,7.20713e-05,3.76666e-05,2.62589e-05,-4.91406e-05,0.00115897,0.000232918,0.0466684,
0.00418094,-0.000108248,-0.000825327,-0.000119495,-0.00208171,0.000134965,7.20128e-05,-0.000108248,0.00112598,-0.000162864,0.00130832,0.000611044,-0.000371682,3.76672e-05,-0.000825327,-0.000162864,0.00376308,-0.000232489,-0.00233846,0.000172149,2.62411e-05,-0.000119495,0.00130832,-0.000232489,0.00351675,-0.00069358,-0.000453688,-4.91408e-05,-0.00208171,0.000611044,-0.00233846,-0.00069358,0.0285698,-0.000544913,0.00115888,0.000134965,-0.000371682,0.000172149,-0.000453688,-0.000544913,0.024609,0.00023303,7.20128e-05,3.76672e-05,2.62411e-05,-4.91408e-05,0.00115888,0.00023303,0.0466684,
0.00418056,-0.000108293,-0.000825688,-0.000119569,-0.00208177,0.000134988,7.19565e-05,-0.000108293,0.00112599,-0.000162862,0.00130833,0.000611041,-0.000371727,3.76681e-05,-0.000825688,-0.000162862,0.00376307,-0.000232467,-0.00233826,0.000172147,2.62235e-05,-0.000119569,0.00130833,-0.000232467,0.00351676,-0.0006935,-0.000453787,-4.9141e-05,-0.00208177,0.000611041,-0.00233826,-0.0006935,0.0285699,-0.000544964,0.00115879,0.000134988,-0.000371727,0.000172147,-0.000453787,-0.000544964,0.024609,0.000233142,7.19565e-05,3.76681e-05,2.62235e-05,-4.9141e-05,0.00115879,0.000233142,0.0466683,
0.00418019,-0.000108335,-0.000826034,-0.000119641,-0.00208182,0.000135011,7.19024e-05,-0.000108335,0.00112599,-0.000162859,0.00130835,0.000611038,-0.000371769,3.7669e-05,-0.000826034,-0.000162859,0.00376305,-0.000232446,-0.00233808,0.000172146,2.62062e-05,-0.000119641,0.00130835,-0.000232446,0.00351677,-0.000693423,-0.000453883,-4.91411e-05,-0.00208182,0.000611038,-0.00233808,-0.000693423,0.02857,-0.000545015,0.0011587,0.000135011,-0.000371769,0.000172146,-0.000453883,-0.000545015,0.0246091,0.000233255,7.19024e-05,3.7669e-05,2.62062e-05,-4.91411e-05,0.0011587,0.000233255,0.0466683,
0.00417984,-0.000108376,-0.000826367,-0.000119709,-0.00208188,0.000135032,7.18501e-05,-0.000108376,0.001126,-0.000162857,0.00130836,0.000611034,-0.00037181,3.76701e-05,-0.000826367,-0.000162857,0.00376303,-0.000232426,-0.00233791,0.000172144,2.6189e-05,-0.000119709,0.00130836,-0.000232426,0.00351678,-0.000693348,-0.000453977,-4.91412e-05,-0.00208188,0.000611034,-0.00233791,-0.000693348,0.0285701,-0.000545065,0.0011586,0.000135032,-0.00037181,0.000172144,-0.000453977,-0.000545065,0.0246092,0.000233369,7.18501e-05,3.76701e-05,2.6189e-05,-4.91412e-05,0.0011586,0.000233369,0.0466682,
0.0041795,-0.000108416,-0.000826688,-0.000119774,-0.00208192,0.000135053,7.17995e-05,-0.000108416,0.001126,-0.000162855,0.00130837,0.00061103,-0.00037185,3.76712e-05,-0.000826688,-0.000162855,0.00376301,-0.000232407,-0.00233774,0.000172143,2.61721e-05,-0.000119774,0.00130837,-0.000232407,0.00351679,-0.000693276,-0.000454069,-4.91412e-05,-0.00208192,0.00061103,-0.00233774,-0.000693276,0.0285702,-0.000545114,0.00115851,0.000135053,-0.00037185,0.000172143,-0.000454069,-0.000545114,0.0246093,0.000233482,7.17995e-05,3.76712e-05,2.61721e-05,-4.91412e-05,0.00115851,0.000233482,0.0466682,
0.00417918,-0.000108454,-0.000826999,-0.000119837,-0.00208197,0.000135073,7.17503e-05,-0.000108454,0.00112601,-0.000162853,0.00130838,0.000611026,-0.000371889,3.76725e-05,-0.000826999,-0.000162853,0.00376299,-0.000232388,-0.00233757,0.000172143,2.61553e-05,-0.000119837,0.00130838,-0.000232388,0.0035168,-0.000693206,-0.000454158,-4.91412e-05,-0.00208197,0.000611026,-0.00233757,-0.000693206,0.0285703,-0.000545163,0.00115842,0.000135073,-0.000371889,0.000172143,-0.000454158,-0.000545163,0.0246094,0.000233597,7.17503e-05,3.76725e-05,2.61553e-05,-4.91412e-05,0.00115842,0.000233597,0.0466681,
0.00417886,-0.000108491,-0.0008273,-0.000119897,-0.00208202,0.000135093,7.17025e-05,-0.000108491,0.00112601,-0.000162852,0.0013084,0.000611022,-0.000371927,3.76739e-05,-0.0008273,-0.000162852,0.00376297,-0.00023237,-0.00233742,0.000172142,2.61386e-05,-0.000119897,0.0013084,-0.00023237,0.00351681,-0.000693138,-0.000454246,-4.91411e-05,-0.00208202,0.000611022,-0.00233742,-0.000693138,0.0285704,-0.000545211,0.00115832,0.000135093,-0.000371927,0.000172142,-0.000454246,-0.000545211,0.0246095,0.000233711,7.17025e-05,3.76739e-05,2.61386e-05,-4.91411e-05,0.00115832,0.000233711,0.0466681,
0.00417855,-0.000108527,-0.000827593,-0.000119956,-0.00208206,0.000135112,7.16558e-05,-0.000108527,0.00112601,-0.00016285,0.00130841,0.000611018,-0.000371963,3.76754e-05,-0.000827593,-0.00016285,0.00376295,-0.000232353,-0.00233726,0.000172142,2.61221e-05,-0.000119956,0.00130841,-0.000232353,0.00351682,-0.000693072,-0.000454333,-4.9141e-05,-0.00208206,0.000611018,-0.00233726,-0.000693072,0.0285704,-0.000545259,0.00115823,0.000135112,-0.000371963,0.000172142,-0.000454333,-0.000545259,0.0246096,0.000233827,7.16558e-05,3.76754e-05,2.61221e-05,-4.9141e-05,0.00115823,0.000233827,0.046668,
0.00417825,-0.000108562,-0.000827878,-0.000120013,-0.00208211,0.00013513,7.16102e-05,-0.000108562,0.00112602,-0.000162849,0.00130842,0.000611013,-0.000372,3.76769e-05,-0.000827878,-0.000162849,0.00376292,-0.000232336,-0.00233711,0.000172141,2.61056e-05,-0.000120013,0.00130842,-0.000232336,0.00351682,-0.000693007,-0.000454418,-4.91409e-05,-0.00208211,0.000611013,-0.00233711,-0.000693007,0.0285705,-0.000545306,0.00115813,0.00013513,-0.000372,0.000172141,-0.000454418,-0.000545306,0.0246096,0.000233942,7.16102e-05,3.76769e-05,2.61056e-05,-4.91409e-05,0.00115813,0.000233942,0.046668,
0.00417795,-0.000108597,-0.000828157,-0.000120069,-0.00208215,0.000135148,7.15655e-05,-0.000108597,0.00112602,-0.000162848,0.00130843,0.000611008,-0.000372035,3.76785e-05,-0.000828157,-0.000162848,0.0037629,-0.00023232,-0.00233697,0.000172141,2.60893e-05,-0.000120069,0.00130843,-0.00023232,0.00351683,-0.000692943,-0.000454502,-4.91408e-05,-0.00208215,0.000611008,-0.00233697,-0.000692943,0.0285706,-0.000545354,0.00115804,0.000135148,-0.000372035,0.000172141,-0.000454502,-0.000545354,0.0246097,0.000234058,7.15655e-05,3.76785e-05,2.60893e-05,-4.91408e-05,0.00115804,0.000234058,0.0466679,
0.00417767,-0.00010863,-0.000828429,-0.000120123,-0.00208219,0.000135166,7.15216e-05,-0.00010863,0.00112603,-0.000162847,0.00130844,0.000611004,-0.00037207,3.76801e-05,-0.000828429,-0.000162847,0.00376287,-0.000232304,-0.00233683,0.000172141,2.6073e-05,-0.000120123,0.00130844,-0.000232304,0.00351684,-0.000692881,-0.000454585,-4.91406e-05,-0.00208219,0.000611004,-0.00233683,-0.000692881,0.0285707,-0.000545401,0.00115794,0.000135166,-0.00037207,0.000172141,-0.000454585,-0.000545401,0.0246098,0.000234174,7.15216e-05,3.76801e-05,2.6073e-05,-4.91406e-05,0.00115794,0.000234174,0.0466679,
0.00417739,-0.000108664,-0.000828697,-0.000120176,-0.00208223,0.000135183,7.14784e-05,-0.000108664,0.00112603,-0.000162846,0.00130845,0.000610999,-0.000372104,3.76818e-05,-0.000828697,-0.000162846,0.00376285,-0.000232288,-0.00233669,0.000172142,2.60568e-05,-0.000120176,0.00130845,-0.000232288,0.00351685,-0.000692819,-0.000454667,-4.91404e-05,-0.00208223,0.000610999,-0.00233669,-0.000692819,0.0285707,-0.000545447,0.00115785,0.000135183,-0.000372104,0.000172142,-0.000454667,-0.000545447,0.0246099,0.000234291,7.14784e-05,3.76818e-05,2.60568e-05,-4.91404e-05,0.00115785,0.000234291,0.0466678,
0.00417711,-0.000108696,-0.00082896,-0.000120228,-0.00208227,0.0001352,7.14358e-05,-0.000108696,0.00112604,-0.000162845,0.00130846,0.000610993,-0.000372138,3.76836e-05,-0.00082896,-0.000162845,0.00376282,-0.000232273,-0.00233655,0.000172142,2.60407e-05,-0.000120228,0.00130846,-0.000232273,0.00351686,-0.000692759,-0.000454749,-4.91402e-05,-0.00208227,0.000610993,-0.00233655,-0.000692759,0.0285708,-0.000545494,0.00115775,0.0001352,-0.000372138,0.000172142,-0.000454749,-0.000545494,0.02461,0.000234408,7.14358e-05,3.76836e-05,2.60407e-05,-4.91402e-05,0.00115775,0.000234408,0.0466678,
0.00417684,-0.000108728,-0.000829219,-0.000120279,-0.00208231,0.000135217,7.13938e-05,-0.000108728,0.00112604,-0.000162844,0.00130847,0.000610988,-0.000372171,3.76854e-05,-0.000829219,-0.000162844,0.0037628,-0.000232257,-0.00233642,0.000172142,2.60246e-05,-0.000120279,0.00130847,-0.000232257,0.00351687,-0.000692699,-0.000454829,-4.914e-05,-0.00208231,0.000610988,-0.00233642,-0.000692699,0.0285709,-0.00054554,0.00115765,0.000135217,-0.000372171,0.000172142,-0.000454829,-0.00054554,0.0246101,0.000234525,7.13938e-05,3.76854e-05,2.60246e-05,-4.914e-05,0.00115765,0.000234525,0.0466677,
0.00417657,-0.00010876,-0.000829475,-0.00012033,-0.00208235,0.000135233,7.13523e-05,-0.00010876,0.00112604,-0.000162844,0.00130849,0.000610983,-0.000372204,3.76872e-05,-0.000829475,-0.000162844,0.00376277,-0.000232242,-0.00233629,0.000172142,2.60086e-05,-0.00012033,0.00130849,-0.000232242,0.00351687,-0.00069264,-0.000454909,-4.91398e-05,-0.00208235,0.000610983,-0.00233629,-0.00069264,0.0285709,-0.000545586,0.00115755,0.000135233,-0.000372204,0.000172142,-0.000454909,-0.000545586,0.0246101,0.000234642,7.13523e-05,3.76872e-05,2.60086e-05,-4.91398e-05,0.00115755,0.000234642,0.0466677,
0.0041763,-0.000108791,-0.000829727,-0.000120379,-0.00208238,0.000135249,7.13112e-05,-0.000108791,0.00112605,-0.000162843,0.0013085,0.000610978,-0.000372237,3.76891e-05,-0.000829727,-0.000162843,0.00376274,-0.000232228,-0.00233615,0.000172143,2.59926e-05,-0.000120379,0.0013085,-0.000232228,0.00351688,-0.000692582,-0.000454989,-4.91395e-05,-0.00208238,0.000610978,-0.00233615,-0.000692582,0.028571,-0.000545633,0.00115746,0.000135249,-0.000372237,0.000172143,-0.000454989,-0.000545633,0.0246102,0.00023476,7.13112e-05,3.76891e-05,2.59926e-05,-4.91395e-05,0.00115746,0.00023476,0.0466676,
0.00417604,-0.000108822,-0.000829976,-0.000120428,-0.00208242,0.000135266,7.12705e-05,-0.000108822,0.00112605,-0.000162842,0.00130851,0.000610972,-0.000372269,3.7691e-05,-0.000829976,-0.000162842,0.00376272,-0.000232213,-0.00233603,0.000172143,2.59766e-05,-0.000120428,0.00130851,-0.000232213,0.00351689,-0.000692524,-0.000455068,-4.91393e-05,-0.00208242,0.000610972,-0.00233603,-0.000692524,0.0285711,-0.000545679,0.00115736,0.000135266,-0.000372269,0.000172143,-0.000455068,-0.000545679,0.0246103,0.000234878,7.12705e-05,3.7691e-05,2.59766e-05,-4.91393e-05,0.00115736,0.000234878,0.0466675,
0.00417578,-0.000108852,-0.000830223,-0.000120476,-0.00208246,0.000135281,7.12301e-05,-0.000108852,0.00112606,-0.000162842,0.00130852,0.000610967,-0.000372301,3.7693e-05,-0.000830223,-0.000162842,0.00376269,-0.000232199,-0.0023359,0.000172144,2.59607e-05,-0.000120476,0.00130852,-0.000232199,0.0035169,-0.000692467,-0.000455146,-4.9139e-05,-0.00208246,0.000610967,-0.0023359,-0.000692467,0.0285711,-0.000545725,0.00115726,0.000135281,-0.000372301,0.000172144,-0.000455146,-0.000545725,0.0246104,0.000234996,7.12301e-05,3.7693e-05,2.59607e-05,-4.9139e-05,0.00115726,0.000234996,0.0466675,
