0.00208069,0.000201115,-0.00158397,-0.000764793,0.000446248,0.000759009,-6.01405e-05,0.000201115,0.00158642,0.000893534,-0.000895315,-0.000356386,0.000357827,-0.000108952,-0.00158397,0.000893534,0.00324906,0.000179577,-0.000227627,0.00108139,-0.000147732,-0.000764793,-0.000895315,0.000179577,0.00248221,0.000944718,0.00209211,5.1723e-05,0.000446248,-0.000356386,-0.000227627,0.000944718,0.0335592,0.00220637,-0.00156414,0.000759009,0.000357827,0.00108139,0.00209211,0.00220637,0.0295841,0.000137392,-6.01405e-05,-0.000108952,-0.000147732,5.1723e-05,-0.00156414,0.000137392,0.0467021,
0.00207961,0.000200437,-0.00158374,-0.000764789,0.000446175,0.000757988,-6.00342e-05,0.000200437,0.00158641,0.000893615,-0.00089516,-0.000356157,0.000357478,-0.000108958,-0.00158374,0.000893615,0.00324847,0.000179929,-0.000228097,0.00108127,-0.000147734,-0.000764789,-0.00089516,0.000179929,0.00248244,0.000945108,0.00209241,5.16255e-05,0.000446175,-0.000356157,-0.000228097,0.000945108,0.0335608,0.00220642,-0.00156478,0.000757988,0.000357478,0.00108127,0.00209241,0.00220642,0.0295828,0.00013752,-6.00342e-05,-0.000108958,-0.000147734,5.16255e-05,-0.00156478,0.00013752,0.0467022,
0.00207868,0.000199855,-0.00158353,-0.00076479,0.000446112,0.000757125,-5.99481e-05,0.000199855,0.00158639,0.000893683,-0.000895037,-0.000355964,0.00035715,-0.000108966,-0.00158353,0.000893683,0.00324797,0.000180228,-0.000228528,0.00108123,-0.000147741,-0.00076479,-0.000895037,0.000180228,0.00248264,0.000945462,0.0020926,5.15458e-05,0.000446112,-0.000355964,-0.000228528,0.000945462,0.0335623,0.00220652,-0.00156535,0.000757125,0.00035715,0.00108123,0.0020926,0.00220652,0.0295816,0.000137694,-5.99481e-05,-0.000108966,-0.000147741,5.15458e-05,-0.00156535,0.000137694,0.0467022,
0.00207788,0.000199354,-0.00158335,-0.000764791,0.000446064,0.000756397,-5.98797e-05,0.000199354,0.00158636,0.000893739,-0.00089494,-0.000355802,0.000356865,-0.000108975,-0.00158335,0.000893739,0.00324756,0.000180481,-0.0002289,0.00108122,-0.000147752,-0.000764791,-0.00089494,0.000180481,0.00248283,0.000945759,0.00209273,5.14823e-05,0.000446064,-0.000355802,-0.0002289,0.000945759,0.0335637,0.00220665,-0.00156583,0.000756397,0.000356865,0.00108122,0.00209273,0.00220665,0.0295806,0.000137913,-5.98797e-05,-0.000108975,-0.000147752,5.14823e-05,-0.00156583,0.000137913,0.0467021,
0.00207719,0.000198923,-0.00158319,-0.00076479,0.000446033,0.000755784,-5.98265e-05,0.000198923,0.00158633,0.000893784,-0.000894863,-0.000355663,0.000356622,-0.000108986,-0.00158319,0.000893784,0.00324722,0.000180694,-0.000229216,0.00108124,-0.000147768,-0.00076479,-0.000894863,0.000180694,0.00248299,0.000945997,0.00209283,5.14329e-05,0.000446033,-0.000355663,-0.000229216,0.000945997,0.0335648,0.00220683,-0.00156622,0.000755784,0.000356622,0.00108124,0.00209283,0.00220683,0.0295798,0.000138171,-5.98265e-05,-0.000108986,-0.000147768,5.14329e-05,-0.00156622,0.000138171,0.0467021,
0.00207659,0.00019855,-0.00158306,-0.000764789,0.000446014,0.000755267,-5.97864e-05,0.00019855,0.00158629,0.00089382,-0.000894804,-0.000355544,0.00035642,-0.000108998,-0.00158306,0.00089382,0.00324693,0.000180874,-0.00022948,0.00108127,-0.000147789,-0.000764789,-0.000894804,0.000180874,0.00248314,0.000946184,0.0020929,5.13954e-05,0.000446014,-0.000355544,-0.00022948,0.000946184,0.0335657,0.00220703,-0.00156654,0.000755267,0.00035642,0.00108127,0.0020929,0.00220703,0.0295791,0.000138465,-5.97864e-05,-0.000108998,-0.000147789,5.13954e-05,-0.00156654,0.000138465,0.0467021,
0.00207607,0.000198227,-0.00158294,-0.000764786,0.000446006,0.000754831,-5.97574e-05,0.000198227,0.00158626,0.000893848,-0.000894757,-0.000355442,0.000356252,-0.000109012,-0.00158294,0.000893848,0.00324668,0.000181026,-0.000229701,0.0010813,-0.000147813,-0.000764786,-0.000894757,0.000181026,0.00248327,0.000946326,0.00209295,5.1368e-05,0.000446006,-0.000355442,-0.000229701,0.000946326,0.0335665,0.00220727,-0.00156678,0.000754831,0.000356252,0.0010813,0.00209295,0.00220727,0.0295785,0.00013879,-5.97574e-05,-0.000109012,-0.000147813,5.1368e-05,-0.00156678,0.00013879,0.046702,
0.00207562,0.000197948,-0.00158285,-0.000764783,0.000446006,0.000754462,-5.97381e-05,0.000197948,0.00158622,0.000893871,-0.000894722,-0.000355355,0.000356113,-0.000109027,-0.00158285,0.000893871,0.00324648,0.000181155,-0.000229885,0.00108133,-0.00014784,-0.000764783,-0.000894722,0.000181155,0.00248339,0.000946432,0.002093,5.13489e-05,0.000446006,-0.000355355,-0.000229885,0.000946432,0.0335671,0.00220753,-0.00156696,0.000754462,0.000356113,0.00108133,0.002093,0.00220753,0.029578,0.000139141,-5.97381e-05,-0.000109027,-0.00014784,5.13488e-05,-0.00156696,0.000139141,0.0467019,
0.00207522,0.000197704,-0.00158276,-0.000764779,0.000446013,0.000754151,-5.9727e-05,0.000197704,0.00158618,0.000893888,-0.000894695,-0.00035528,0.000356,-0.000109044,-0.00158277,0.000893888,0.0032463,0.000181263,-0.000230039,0.00108136,-0.00014787,-0.000764779,-0.000894695,0.000181263,0.0024835,0.000946509,0.00209303,5.13367e-05,0.000446013,-0.00035528,-0.000230039,0.000946509,0.0335676,0.00220781,-0.0015671,0.000754151,0.000356,0.00108136,0.00209303,0.00220781,0.0295776,0.000139516,-5.9727e-05,-0.000109044,-0.00014787,5.13367e-05,-0.0015671,0.000139516,0.0467019,
0.00207488,0.000197492,-0.00158269,-0.000764775,0.000446023,0.000753887,-5.97231e-05,0.000197492,0.00158614,0.000893902,-0.000894676,-0.000355215,0.000355907,-0.000109063,-0.00158269,0.000893902,0.00324616,0.000181355,-0.000230168,0.0010814,-0.000147902,-0.000764775,-0.000894676,0.000181355,0.0024836,0.000946561,0.00209306,5.13303e-05,0.000446023,-0.000355215,-0.000230168,0.000946561,0.0335681,0.00220811,-0.00156719,0.000753887,0.000355907,0.0010814,0.00209306,0.00220811,0.0295773,0.000139912,-5.9723e-05,-0.000109063,-0.000147902,5.13303e-05,-0.00156719,0.000139912,0.0467018,
0.00207458,0.000197307,-0.00158263,-0.000764771,0.000446036,0.000753664,-5.97251e-05,0.000197307,0.0015861,0.000893912,-0.000894662,-0.000355159,0.000355832,-0.000109082,-0.00158263,0.000893912,0.00324603,0.000181433,-0.000230276,0.00108143,-0.000147937,-0.000764771,-0.000894662,0.000181433,0.00248369,0.000946594,0.00209308,5.13287e-05,0.000446036,-0.000355159,-0.000230276,0.000946594,0.0335684,0.00220843,-0.00156725,0.000753664,0.000355832,0.00108143,0.00209308,0.00220843,0.029577,0.000140325,-5.97251e-05,-0.000109082,-0.000147937,5.13287e-05,-0.00156725,0.000140325,0.0467017,
0.00207432,0.000197146,-0.00158258,-0.000764766,0.000446051,0.000753474,-5.97325e-05,0.000197146,0.00158606,0.00089392,-0.000894652,-0.000355111,0.000355771,-0.000109103,-0.00158258,0.00089392,0.00324593,0.000181499,-0.000230367,0.00108147,-0.000147972,-0.000764766,-0.000894652,0.000181499,0.00248377,0.000946612,0.00209309,5.13311e-05,0.000446051,-0.000355111,-0.000230367,0.000946612,0.0335687,0.00220876,-0.00156729,0.000753474,0.000355771,0.00108147,0.00209309,0.00220876,0.0295767,0.000140755,-5.97325e-05,-0.000109103,-0.000147972,5.13311e-05,-0.00156729,0.000140755,0.0467016,
0.00207409,0.000197004,-0.00158253,-0.000764762,0.000446067,0.000753313,-5.97444e-05,0.000197004,0.00158603,0.000893926,-0.000894646,-0.000355069,0.000355722,-0.000109124,-0.00158253,0.000893926,0.00324584,0.000181556,-0.000230445,0.00108151,-0.00014801,-0.000764762,-0.000894646,0.000181556,0.00248384,0.000946618,0.0020931,5.13368e-05,0.000446067,-0.000355069,-0.000230445,0.000946618,0.033569,0.0022091,-0.0015673,0.000753313,0.000355722,0.00108151,0.0020931,0.0022091,0.0295765,0.000141198,-5.97444e-05,-0.000109124,-0.00014801,5.13368e-05,-0.0015673,0.000141198,0.0467015,
0.00207388,0.000196879,-0.0015825,-0.000764757,0.000446083,0.000753176,-5.97602e-05,0.000196879,0.00158599,0.000893929,-0.000894642,-0.000355033,0.000355683,-0.000109147,-0.0015825,0.000893929,0.00324577,0.000181604,-0.000230511,0.00108154,-0.000148048,-0.000764757,-0.000894642,0.000181604,0.00248391,0.000946614,0.00209311,5.13451e-05,0.000446083,-0.000355033,-0.000230511,0.000946614,0.0335692,0.00220945,-0.00156729,0.000753176,0.000355683,0.00108154,0.00209311,0.00220945,0.0295763,0.000141653,-5.97602e-05,-0.000109147,-0.000148048,5.13451e-05,-0.00156729,0.000141653,0.0467014,
0.00207371,0.000196769,-0.00158246,-0.000764753,0.000446098,0.000753058,-5.97794e-05,0.000196769,0.00158596,0.000893932,-0.000894641,-0.000355002,0.000355652,-0.000109171,-0.00158246,0.000893932,0.0032457,0.000181646,-0.000230569,0.00108157,-0.000148087,-0.000764753,-0.000894641,0.000181646,0.00248397,0.000946603,0.00209312,5.13558e-05,0.000446098,-0.000355002,-0.000230569,0.000946603,0.0335694,0.0022098,-0.00156727,0.000753058,0.000355652,0.00108157,0.00209312,0.0022098,0.0295762,0.000142119,-5.97794e-05,-0.000109171,-0.000148087,5.13558e-05,-0.00156727,0.000142119,0.0467013,
0.00207355,0.000196672,-0.00158243,-0.000764749,0.000446113,0.000752958,-5.98015e-05,0.000196672,0.00158593,0.000893933,-0.000894641,-0.000354975,0.000355628,-0.000109195,-0.00158243,0.000893933,0.00324565,0.000181681,-0.000230619,0.00108161,-0.000148128,-0.000764749,-0.000894641,0.000181681,0.00248403,0.000946586,0.00209313,5.13682e-05,0.000446113,-0.000354975,-0.000230619,0.000946586,0.0335695,0.00221017,-0.00156723,0.000752958,0.000355628,0.00108161,0.00209313,0.00221017,0.0295761,0.000142594,-5.98015e-05,-0.000109195,-0.000148128,5.13682e-05,-0.00156723,0.000142594,0.0467011,
0.00207341,0.000196586,-0.00158241,-0.000764745,0.000446127,0.000752871,-5.98262e-05,0.000196586,0.0015859,0.000893934,-0.000894643,-0.000354951,0.00035561,-0.00010922,-0.00158241,0.000893934,0.0032456,0.000181712,-0.000230663,0.00108164,-0.000148169,-0.000764745,-0.000894643,0.000181712,0.00248408,0.000946565,0.00209313,5.13823e-05,0.000446127,-0.000354951,-0.000230663,0.000946565,0.0335696,0.00221054,-0.00156719,0.000752871,0.00035561,0.00108164,0.00209313,0.00221054,0.0295759,0.000143078,-5.98262e-05,-0.00010922,-0.000148169,5.13823e-05,-0.00156719,0.000143078,0.046701,
0.00207328,0.00019651,-0.00158238,-0.000764741,0.000446139,0.000752797,-5.98531e-05,0.00019651,0.00158588,0.000893933,-0.000894645,-0.000354931,0.000355596,-0.000109246,-0.00158238,0.000893933,0.00324556,0.000181738,-0.000230703,0.00108167,-0.00014821,-0.000764741,-0.000894645,0.000181738,0.00248412,0.000946541,0.00209313,5.13975e-05,0.000446139,-0.000354931,-0.000230703,0.000946541,0.0335698,0.00221091,-0.00156713,0.000752797,0.000355596,0.00108167,0.00209313,0.00221091,0.0295758,0.000143569,-5.98531e-05,-0.000109246,-0.00014821,5.13975e-05,-0.00156713,0.000143569,0.0467009,
0.00207317,0.000196442,-0.00158236,-0.000764737,0.00044615,0.000752733,-5.9882e-05,0.000196442,0.00158585,0.000893933,-0.000894648,-0.000354914,0.000355587,-0.000109273,-0.00158236,0.000893933,0.00324552,0.000181761,-0.000230739,0.0010817,-0.000148253,-0.000764737,-0.000894648,0.000181761,0.00248416,0.000946514,0.00209314,5.14138e-05,0.00044615,-0.000354914,-0.000230739,0.000946514,0.0335699,0.00221129,-0.00156707,0.000752733,0.000355587,0.0010817,0.00209314,0.00221129,0.0295757,0.000144067,-5.9882e-05,-0.000109273,-0.000148253,5.14138e-05,-0.00156707,0.000144067,0.0467008,
0.00207307,0.000196381,-0.00158235,-0.000764734,0.00044616,0.000752677,-5.99125e-05,0.000196381,0.00158583,0.000893932,-0.000894651,-0.000354898,0.000355581,-0.0001093,-0.00158235,0.000893932,0.00324549,0.000181781,-0.000230772,0.00108173,-0.000148295,-0.000764734,-0.000894651,0.000181781,0.0024842,0.000946486,0.00209314,5.1431e-05,0.00044616,-0.000354898,-0.000230772,0.000946486,0.0335699,0.00221168,-0.00156701,0.000752677,0.000355581,0.00108173,0.00209314,0.00221168,0.0295757,0.00014457,-5.99125e-05,-0.0001093,-0.000148295,5.1431e-05,-0.00156701,0.00014457,0.0467006,
0.00207298,0.000196327,-0.00158233,-0.000764731,0.000446168,0.000752629,-5.99445e-05,0.000196327,0.00158581,0.00089393,-0.000894654,-0.000354885,0.000355577,-0.000109327,-0.00158233,0.00089393,0.00324547,0.000181799,-0.000230802,0.00108176,-0.000148338,-0.000764731,-0.000894654,0.000181799,0.00248423,0.000946457,0.00209314,5.14489e-05,0.000446168,-0.000354885,-0.000230802,0.000946457,0.03357,0.00221206,-0.00156694,0.000752629,0.000355577,0.00108176,0.00209314,0.00221206,0.0295756,0.000145079,-5.99445e-05,-0.000109327,-0.000148338,5.14489e-05,-0.00156694,0.000145079,0.0467005,
0.00207291,0.000196279,-0.00158232,-0.000764728,0.000446175,0.000752586,-5.99779e-05,0.000196279,0.00158579,0.000893928,-0.000894658,-0.000354874,0.000355576,-0.000109356,-0.00158232,0.000893928,0.00324544,0.000181814,-0.000230831,0.00108179,-0.000148382,-0.000764728,-0.000894658,0.000181814,0.00248426,0.000946427,0.00209314,5.14674e-05,0.000446175,-0.000354874,-0.000230831,0.000946428,0.0335701,0.00221245,-0.00156687,0.000752586,0.000355576,0.00108179,0.00209314,0.00221245,0.0295755,0.000145592,-5.99779e-05,-0.000109356,-0.000148382,5.14674e-05,-0.00156687,0.000145592,0.0467004,
0.00207283,0.000196235,-0.00158231,-0.000764725,0.00044618,0.000752549,-6.00124e-05,0.000196235,0.00158577,0.000893927,-0.000894661,-0.000354864,0.000355577,-0.000109384,-0.00158231,0.000893927,0.00324542,0.000181828,-0.000230859,0.00108182,-0.000148426,-0.000764725,-0.000894661,0.000181828,0.00248429,0.000946398,0.00209315,5.14863e-05,0.00044618,-0.000354864,-0.000230859,0.000946398,0.0335701,0.00221284,-0.00156679,0.000752549,0.000355577,0.00108182,0.00209315,0.00221284,0.0295755,0.000146109,-6.00124e-05,-0.000109384,-0.000148426,5.14863e-05,-0.00156679,0.000146109,0.0467002,
0.00207277,0.000196196,-0.0015823,-0.000764722,0.000446184,0.000752517,-6.00478e-05,0.000196196,0.00158575,0.000893925,-0.000894664,-0.000354856,0.000355579,-0.000109413,-0.0015823,0.000893925,0.0032454,0.00018184,-0.000230885,0.00108185,-0.00014847,-0.000764722,-0.000894664,0.00018184,0.00248432,0.000946368,0.00209315,5.15056e-05,0.000446184,-0.000354856,-0.000230885,0.000946368,0.0335702,0.00221324,-0.00156672,0.000752517,0.000355579,0.00108185,0.00209315,0.00221324,0.0295754,0.00014663,-6.00478e-05,-0.000109413,-0.00014847,5.15056e-05,-0.00156672,0.00014663,0.0467001,
0.00207271,0.00019616,-0.00158229,-0.00076472,0.000446186,0.000752488,-6.00842e-05,0.00019616,0.00158573,0.000893922,-0.000894668,-0.000354848,0.000355582,-0.000109443,-0.00158229,0.000893922,0.00324539,0.000181851,-0.00023091,0.00108187,-0.000148514,-0.00076472,-0.000894668,0.000181851,0.00248434,0.000946339,0.00209315,5.15253e-05,0.000446186,-0.000354848,-0.00023091,0.000946339,0.0335703,0.00221363,-0.00156664,0.000752488,0.000355582,0.00108187,0.00209315,0.00221363,0.0295753,0.000147155,-6.00842e-05,-0.000109443,-0.000148514,5.15253e-05,-0.00156664,0.000147155,0.0467,
0.00207266,0.000196128,-0.00158228,-0.000764718,0.000446188,0.000752462,-6.01213e-05,0.000196128,0.00158572,0.00089392,-0.000894671,-0.000354842,0.000355587,-0.000109472,-0.00158228,0.00089392,0.00324537,0.000181861,-0.000230935,0.0010819,-0.000148558,-0.000764718,-0.000894671,0.000181861,0.00248436,0.00094631,0.00209316,5.15452e-05,0.000446188,-0.000354842,-0.000230935,0.00094631,0.0335703,0.00221403,-0.00156656,0.000752462,0.000355587,0.0010819,0.00209316,0.00221403,0.0295753,0.000147682,-6.01213e-05,-0.000109472,-0.000148558,5.15452e-05,-0.00156656,0.000147682,0.0466998,
0.00207261,0.000196098,-0.00158227,-0.000764716,0.000446188,0.000752438,-6.01592e-05,0.000196098,0.0015857,0.000893918,-0.000894674,-0.000354837,0.000355592,-0.000109502,-0.00158227,0.000893918,0.00324536,0.00018187,-0.00023096,0.00108193,-0.000148603,-0.000764716,-0.000894674,0.00018187,0.00248438,0.000946281,0.00209316,5.15653e-05,0.000446188,-0.000354837,-0.00023096,0.000946281,0.0335704,0.00221443,-0.00156648,0.000752438,0.000355592,0.00108193,0.00209316,0.00221443,0.0295752,0.000148211,-6.01592e-05,-0.000109502,-0.000148603,5.15653e-05,-0.00156648,0.000148211,0.0466997,
0.00207256,0.000196071,-0.00158227,-0.000764714,0.000446187,0.000752418,-6.01976e-05,0.000196071,0.00158569,0.000893916,-0.000894676,-0.000354832,0.000355598,-0.000109533,-0.00158227,0.000893916,0.00324535,0.000181878,-0.000230984,0.00108195,-0.000148648,-0.000764714,-0.000894676,0.000181878,0.0024844,0.000946253,0.00209316,5.15856e-05,0.000446187,-0.000354832,-0.000230984,0.000946253,0.0335704,0.00221483,-0.00156639,0.000752418,0.000355598,0.00108195,0.00209316,0.00221483,0.0295752,0.000148743,-6.01976e-05,-0.000109533,-0.000148648,5.15856e-05,-0.00156639,0.000148743,0.0466996,
0.00207252,0.000196047,-0.00158226,-0.000764712,0.000446184,0.000752399,-6.02366e-05,0.000196047,0.00158568,0.000893914,-0.000894679,-0.000354829,0.000355605,-0.000109563,-0.00158226,0.000893914,0.00324534,0.000181885,-0.000231008,0.00108198,-0.000148693,-0.000764712,-0.000894679,0.000181885,0.00248442,0.000946225,0.00209317,5.1606e-05,0.000446184,-0.000354829,-0.000231008,0.000946225,0.0335705,0.00221523,-0.00156631,0.000752399,0.000355605,0.00108198,0.00209317,0.00221523,0.0295751,0.000149277,-6.02366e-05,-0.000109563,-0.000148693,5.1606e-05,-0.00156631,0.000149277,0.0466994,
0.00207249,0.000196024,-0.00158225,-0.00076471,0.000446181,0.000752381,-6.0276e-05,0.000196024,0.00158567,0.000893912,-0.000894681,-0.000354826,0.000355612,-0.000109594,-0.00158225,0.000893912,0.00324533,0.000181892,-0.000231032,0.001082,-0.000148738,-0.00076471,-0.000894681,0.000181892,0.00248443,0.000946199,0.00209317,5.16265e-05,0.000446181,-0.000354826,-0.000231032,0.000946199,0.0335705,0.00221563,-0.00156623,0.000752381,0.000355612,0.001082,0.00209317,0.00221563,0.0295751,0.000149813,-6.0276e-05,-0.000109594,-0.000148738,5.16265e-05,-0.00156623,0.000149813,0.0466993,
0.00207245,0.000196003,-0.00158225,-0.000764709,0.000446177,0.000752366,-6.03159e-05,0.000196003,0.00158565,0.00089391,-0.000894683,-0.000354823,0.000355619,-0.000109625,-0.00158225,0.00089391,0.00324532,0.000181899,-0.000231056,0.00108202,-0.000148783,-0.000764709,-0.000894683,0.000181899,0.00248444,0.000946172,0.00209318,5.16471e-05,0.000446177,-0.000354823,-0.000231056,0.000946172,0.0335706,0.00221604,-0.00156615,0.000752366,0.000355619,0.00108202,0.00209318,0.00221604,0.029575,0.000150351,-6.03159e-05,-0.000109625,-0.000148783,5.16471e-05,-0.00156615,0.000150351,0.0466991,
0.00207242,0.000195984,-0.00158224,-0.000764707,0.000446172,0.000752351,-6.03561e-05,0.000195984,0.00158564,0.000893908,-0.000894685,-0.000354821,0.000355627,-0.000109656,-0.00158224,0.000893908,0.00324531,0.000181905,-0.00023108,0.00108205,-0.000148828,-0.000764707,-0.000894685,0.000181905,0.00248446,0.000946147,0.00209318,5.16678e-05,0.000446172,-0.000354821,-0.00023108,0.000946147,0.0335706,0.00221644,-0.00156607,0.000752351,0.000355627,0.00108205,0.00209318,0.00221644,0.029575,0.00015089,-6.03561e-05,-0.000109656,-0.000148828,5.16678e-05,-0.00156607,0.00015089,0.046699,
0.00207239,0.000195966,-0.00158224,-0.000764706,0.000446166,0.000752337,-6.03967e-05,0.000195966,0.00158563,0.000893906,-0.000894687,-0.000354819,0.000355635,-0.000109688,-0.00158224,0.000893906,0.0032453,0.00018191,-0.000231104,0.00108207,-0.000148874,-0.000764706,-0.000894687,0.00018191,0.00248447,0.000946122,0.00209319,5.16886e-05,0.000446166,-0.000354819,-0.000231104,0.000946122,0.0335706,0.00221685,-0.00156598,0.000752337,0.000355635,0.00108207,0.00209319,0.00221685,0.0295749,0.000151431,-6.03967e-05,-0.000109688,-0.000148874,5.16886e-05,-0.00156598,0.000151431,0.0466988,
0.00207236,0.00019595,-0.00158224,-0.000764705,0.000446159,0.000752325,-6.04376e-05,0.00019595,0.00158563,0.000893904,-0.000894688,-0.000354818,0.000355643,-0.000109719,-0.00158224,0.000893904,0.00324529,0.000181915,-0.000231129,0.00108209,-0.000148919,-0.000764705,-0.000894688,0.000181915,0.00248448,0.000946098,0.00209319,5.17094e-05,0.000446159,-0.000354818,-0.000231129,0.000946098,0.0335707,0.00221725,-0.0015659,0.000752325,0.000355643,0.00108209,0.00209319,0.00221725,0.0295748,0.000151972,-6.04376e-05,-0.000109719,-0.000148919,5.17094e-05,-0.0015659,0.000151972,0.0466987,
0.00207234,0.000195934,-0.00158223,-0.000764703,0.000446152,0.000752313,-6.04788e-05,0.000195934,0.00158562,0.000893902,-0.000894689,-0.000354817,0.000355652,-0.000109751,-0.00158223,0.000893902,0.00324529,0.00018192,-0.000231153,0.00108212,-0.000148965,-0.000764703,-0.000894689,0.00018192,0.00248449,0.000946074,0.0020932,5.17302e-05,0.000446152,-0.000354817,-0.000231153,0.000946074,0.0335707,0.00221766,-0.00156582,0.000752313,0.000355652,0.00108212,0.0020932,0.00221766,0.0295748,0.000152515,-6.04788e-05,-0.000109751,-0.000148965,5.17302e-05,-0.00156582,0.000152515,0.0466986,
0.00207232,0.000195919,-0.00158223,-0.000764702,0.000446144,0.000752301,-6.05202e-05,0.000195919,0.00158561,0.0008939,-0.000894691,-0.000354816,0.000355661,-0.000109783,-0.00158223,0.0008939,0.00324528,0.000181925,-0.000231178,0.00108214,-0.00014901,-0.000764702,-0.000894691,0.000181925,0.0024845,0.00094605,0.0020932,5.17511e-05,0.000446144,-0.000354816,-0.000231178,0.00094605,0.0335708,0.00221806,-0.00156574,0.000752301,0.000355661,0.00108214,0.0020932,0.00221806,0.0295747,0.000153059,-6.05202e-05,-0.000109783,-0.00014901,5.17511e-05,-0.00156574,0.000153059,0.0466984,
0.00207229,0.000195906,-0.00158223,-0.000764701,0.000446136,0.000752291,-6.05618e-05,0.000195906,0.0015856,0.000893898,-0.000894691,-0.000354816,0.000355669,-0.000109815,-0.00158223,0.000893898,0.00324527,0.00018193,-0.000231202,0.00108216,-0.000149056,-0.000764701,-0.000894691,0.00018193,0.0024845,0.000946028,0.00209321,5.1772e-05,0.000446136,-0.000354816,-0.000231202,0.000946028,0.0335708,0.00221847,-0.00156565,0.000752291,0.000355669,0.00108216,0.00209321,0.00221847,0.0295747,0.000153603,-6.05618e-05,-0.000109815,-0.000149056,5.1772e-05,-0.00156565,0.000153603,0.0466983,
0.00207227,0.000195893,-0.00158222,-0.0007647,0.000446127,0.00075228,-6.06036e-05,0.000195893,0.0015856,0.000893896,-0.000894692,-0.000354816,0.000355678,-0.000109847,-0.00158222,0.000893896,0.00324526,0.000181934,-0.000231227,0.00108218,-0.000149102,-0.0007647,-0.000894692,0.000181934,0.00248451,0.000946005,0.00209322,5.17929e-05,0.000446127,-0.000354816,-0.000231227,0.000946005,0.0335709,0.00221888,-0.00156557,0.00075228,0.000355678,0.00108218,0.00209322,0.00221888,0.0295746,0.000154149,-6.06036e-05,-0.000109847,-0.000149102,5.17929e-05,-0.00156557,0.000154149,0.0466981,
0.00207225,0.00019588,-0.00158222,-0.000764699,0.000446117,0.000752271,-6.06455e-05,0.00019588,0.00158559,0.000893895,-0.000894693,-0.000354816,0.000355687,-0.000109879,-0.00158222,0.000893895,0.00324526,0.000181939,-0.000231252,0.0010822,-0.000149147,-0.000764699,-0.000894693,0.000181939,0.00248452,0.000945984,0.00209322,5.18139e-05,0.000446117,-0.000354816,-0.000231252,0.000945984,0.0335709,0.00221929,-0.00156549,0.000752271,0.000355687,0.0010822,0.00209322,0.00221929,0.0295746,0.000154695,-6.06455e-05,-0.000109879,-0.000149147,5.18139e-05,-0.00156549,0.000154695,0.046698,
0.00207223,0.000195869,-0.00158222,-0.000764699,0.000446107,0.000752261,-6.06876e-05,0.000195869,0.00158558,0.000893893,-0.000894693,-0.000354816,0.000355696,-0.000109912,-0.00158222,0.000893893,0.00324525,0.000181943,-0.000231277,0.00108223,-0.000149193,-0.000764699,-0.000894693,0.000181943,0.00248453,0.000945962,0.00209323,5.18348e-05,0.000446107,-0.000354816,-0.000231277,0.000945962,0.033571,0.00221969,-0.00156541,0.000752261,0.000355696,0.00108223,0.00209323,0.00221969,0.0295745,0.000155242,-6.06876e-05,-0.000109912,-0.000149193,5.18348e-05,-0.00156541,0.000155242,0.0466978,
0.00207221,0.000195858,-0.00158222,-0.000764698,0.000446097,0.000752252,-6.07299e-05,0.000195858,0.00158558,0.000893891,-0.000894694,-0.000354817,0.000355705,-0.000109944,-0.00158222,0.000893891,0.00324525,0.000181947,-0.000231303,0.00108225,-0.000149239,-0.000764698,-0.000894694,0.000181947,0.00248453,0.000945941,0.00209324,5.18558e-05,0.000446097,-0.000354817,-0.000231303,0.000945941,0.033571,0.0022201,-0.00156533,0.000752252,0.000355705,0.00108225,0.00209324,0.0022201,0.0295745,0.000155789,-6.07299e-05,-0.000109944,-0.000149239,5.18558e-05,-0.00156533,0.000155789,0.0466977,
0.0020722,0.000195847,-0.00158222,-0.000764697,0.000446086,0.000752243,-6.07723e-05,0.000195847,0.00158557,0.000893889,-0.000894694,-0.000354817,0.000355714,-0.000109977,-0.00158222,0.000893889,0.00324524,0.000181951,-0.000231328,0.00108227,-0.000149285,-0.000764697,-0.000894694,0.000181951,0.00248454,0.00094592,0.00209324,5.18767e-05,0.000446086,-0.000354817,-0.000231328,0.00094592,0.0335711,0.00222051,-0.00156525,0.000752243,0.000355714,0.00108227,0.00209324,0.00222051,0.0295744,0.000156337,-6.07723e-05,-0.000109977,-0.000149285,5.18767e-05,-0.00156525,0.000156337,0.0466975,
0.00207218,0.000195837,-0.00158221,-0.000764696,0.000446075,0.000752235,-6.08148e-05,0.000195837,0.00158557,0.000893888,-0.000894694,-0.000354818,0.000355723,-0.000110009,-0.00158221,0.000893888,0.00324523,0.000181955,-0.000231353,0.00108229,-0.000149331,-0.000764696,-0.000894694,0.000181955,0.00248454,0.0009459,0.00209325,5.18977e-05,0.000446075,-0.000354818,-0.000231353,0.0009459,0.0335711,0.00222092,-0.00156517,0.000752235,0.000355723,0.00108229,0.00209325,0.00222092,0.0295744,0.000156886,-6.08148e-05,-0.000110009,-0.000149331,5.18977e-05,-0.00156517,0.000156886,0.0466974,
0.00207216,0.000195827,-0.00158221,-0.000764696,0.000446063,0.000752226,-6.08574e-05,0.000195827,0.00158556,0.000893886,-0.000894694,-0.000354819,0.000355732,-0.000110042,-0.00158221,0.000893886,0.00324523,0.000181958,-0.000231379,0.00108231,-0.000149377,-0.000764696,-0.000894694,0.000181958,0.00248455,0.00094588,0.00209326,5.19187e-05,0.000446063,-0.000354819,-0.000231379,0.00094588,0.0335712,0.00222133,-0.00156509,0.000752226,0.000355732,0.00108231,0.00209326,0.00222133,0.0295743,0.000157434,-6.08574e-05,-0.000110042,-0.000149377,5.19187e-05,-0.00156509,0.000157434,0.0466972,
0.00207215,0.000195817,-0.00158221,-0.000764695,0.000446052,0.000752218,-6.09001e-05,0.000195817,0.00158556,0.000893885,-0.000894694,-0.00035482,0.000355741,-0.000110074,-0.00158221,0.000893885,0.00324522,0.000181962,-0.000231405,0.00108233,-0.000149423,-0.000764695,-0.000894694,0.000181962,0.00248455,0.00094586,0.00209326,5.19397e-05,0.000446052,-0.00035482,-0.000231405,0.00094586,0.0335713,0.00222174,-0.00156501,0.000752218,0.000355741,0.00108233,0.00209326,0.00222174,0.0295742,0.000157983,-6.09001e-05,-0.000110074,-0.000149423,5.19397e-05,-0.00156501,0.000157983,0.0466971,
0.00207213,0.000195808,-0.00158221,-0.000764694,0.00044604,0.00075221,-6.09428e-05,0.000195808,0.00158555,0.000893883,-0.000894694,-0.000354821,0.000355751,-0.000110107,-0.00158221,0.000893883,0.00324522,0.000181966,-0.000231431,0.00108235,-0.000149469,-0.000764694,-0.000894694,0.000181966,0.00248456,0.000945841,0.00209327,5.19606e-05,0.00044604,-0.000354821,-0.000231431,0.000945841,0.0335713,0.00222215,-0.00156493,0.00075221,0.000355751,0.00108235,0.00209327,0.00222215,0.0295742,0.000158533,-6.09428e-05,-0.000110107,-0.000149469,5.19606e-05,-0.00156493,0.000158533,0.0466969,
0.00207212,0.000195799,-0.00158221,-0.000764694,0.000446028,0.000752202,-6.09857e-05,0.000195799,0.00158555,0.000893882,-0.000894693,-0.000354823,0.00035576,-0.00011014,-0.00158221,0.000893882,0.00324521,0.00018197,-0.000231457,0.00108237,-0.000149515,-0.000764694,-0.000894693,0.00018197,0.00248456,0.000945822,0.00209328,5.19816e-05,0.000446028,-0.000354823,-0.000231457,0.000945822,0.0335714,0.00222256,-0.00156485,0.000752202,0.00035576,0.00108237,0.00209328,0.00222256,0.0295741,0.000159083,-6.09857e-05,-0.00011014,-0.000149515,5.19816e-05,-0.00156485,0.000159083,0.0466968,
0.00207211,0.000195791,-0.0015822,-0.000764693,0.000446015,0.000752194,-6.10286e-05,0.000195791,0.00158554,0.00089388,-0.000894693,-0.000354824,0.000355769,-0.000110173,-0.0015822,0.00089388,0.00324521,0.000181973,-0.000231483,0.00108239,-0.000149561,-0.000764693,-0.000894693,0.000181973,0.00248457,0.000945803,0.00209329,5.20026e-05,0.000446015,-0.000354824,-0.000231483,0.000945803,0.0335714,0.00222296,-0.00156477,0.000752194,0.000355769,0.00108239,0.00209329,0.00222296,0.0295741,0.000159633,-6.10286e-05,-0.000110173,-0.000149561,5.20026e-05,-0.00156477,0.000159633,0.0466966,
0.00207209,0.000195782,-0.0015822,-0.000764693,0.000446003,0.000752187,-6.10715e-05,0.000195782,0.00158554,0.000893879,-0.000894693,-0.000354825,0.000355778,-0.000110206,-0.0015822,0.000893879,0.0032452,0.000181977,-0.000231509,0.00108241,-0.000149607,-0.000764693,-0.000894693,0.000181977,0.00248457,0.000945784,0.00209329,5.20236e-05,0.000446003,-0.000354825,-0.000231509,0.000945784,0.0335715,0.00222337,-0.00156469,0.000752187,0.000355778,0.00108241,0.00209329,0.00222337,0.029574,0.000160183,-6.10715e-05,-0.000110206,-0.000149607,5.20236e-05,-0.00156469,0.000160183,0.0466965,
0.00207208,0.000195774,-0.0015822,-0.000764692,0.00044599,0.000752179,-6.11145e-05,0.000195774,0.00158553,0.000893877,-0.000894692,-0.000354827,0.000355787,-0.000110239,-0.0015822,0.000893877,0.00324519,0.00018198,-0.000231535,0.00108243,-0.000149653,-0.000764692,-0.000894692,0.00018198,0.00248457,0.000945765,0.0020933,5.20446e-05,0.00044599,-0.000354827,-0.000231535,0.000945765,0.0335715,0.00222378,-0.00156461,0.000752179,0.000355787,0.00108243,0.0020933,0.00222378,0.029574,0.000160734,-6.11145e-05,-0.000110239,-0.000149653,5.20446e-05,-0.00156461,0.000160734,0.0466963,
0.00207207,0.000195766,-0.0015822,-0.000764692,0.000445977,0.000752171,-6.11576e-05,0.000195766,0.00158553,0.000893876,-0.000894692,-0.000354828,0.000355796,-0.000110272,-0.0015822,0.000893876,0.00324519,0.000181984,-0.000231562,0.00108245,-0.000149699,-0.000764692,-0.000894692,0.000181984,0.00248458,0.000945747,0.00209331,5.20656e-05,0.000445977,-0.000354828,-0.000231562,0.000945747,0.0335716,0.00222419,-0.00156453,0.000752171,0.000355796,0.00108245,0.00209331,0.00222419,0.0295739,0.000161285,-6.11576e-05,-0.000110272,-0.000149699,5.20656e-05,-0.00156453,0.000161285,0.0466962,
0.00207205,0.000195758,-0.0015822,-0.000764691,0.000445964,0.000752164,-6.12007e-05,0.000195758,0.00158553,0.000893874,-0.000894691,-0.00035483,0.000355805,-0.000110305,-0.0015822,0.000893874,0.00324518,0.000181987,-0.000231588,0.00108248,-0.000149746,-0.000764691,-0.000894691,0.000181987,0.00248458,0.000945728,0.00209332,5.20867e-05,0.000445964,-0.00035483,-0.000231588,0.000945728,0.0335716,0.0022246,-0.00156446,0.000752164,0.000355805,0.00108248,0.00209332,0.0022246,0.0295739,0.000161836,-6.12007e-05,-0.000110305,-0.000149746,5.20867e-05,-0.00156446,0.000161836,0.046696,
0.00207204,0.000195751,-0.0015822,-0.000764691,0.000445951,0.000752157,-6.12438e-05,0.000195751,0.00158552,0.000893873,-0.000894691,-0.000354831,0.000355814,-0.000110338,-0.0015822,0.000893873,0.00324518,0.000181991,-0.000231615,0.0010825,-0.000149792,-0.000764691,-0.000894691,0.000181991,0.00248458,0.00094571,0.00209332,5.21077e-05,0.000445951,-0.000354831,-0.000231615,0.00094571,0.0335717,0.00222501,-0.00156438,0.000752157,0.000355814,0.0010825,0.00209332,0.00222501,0.0295738,0.000162387,-6.12438e-05,-0.000110338,-0.000149792,5.21077e-05,-0.00156438,0.000162387,0.0466958,
0.00207203,0.000195743,-0.00158219,-0.000764691,0.000445938,0.000752149,-6.1287e-05,0.000195743,0.00158552,0.000893871,-0.00089469,-0.000354833,0.000355823,-0.000110371,-0.00158219,0.000893871,0.00324517,0.000181994,-0.000231641,0.00108252,-0.000149838,-0.000764691,-0.00089469,0.000181994,0.00248459,0.000945692,0.00209333,5.21287e-05,0.000445938,-0.000354833,-0.000231641,0.000945692,0.0335717,0.00222543,-0.0015643,0.000752149,0.000355823,0.00108252,0.00209333,0.00222543,0.0295737,0.000162938,-6.1287e-05,-0.000110371,-0.000149838,5.21287e-05,-0.0015643,0.000162938,0.0466957,
0.00207202,0.000195736,-0.00158219,-0.00076469,0.000445924,0.000752142,-6.13302e-05,0.000195736,0.00158551,0.00089387,-0.000894689,-0.000354835,0.000355832,-0.000110404,-0.00158219,0.00089387,0.00324517,0.000181998,-0.000231668,0.00108254,-0.000149884,-0.00076469,-0.000894689,0.000181998,0.00248459,0.000945674,0.00209334,5.21497e-05,0.000445924,-0.000354835,-0.000231668,0.000945674,0.0335718,0.00222584,-0.00156422,0.000752142,0.000355832,0.00108254,0.00209334,0.00222584,0.0295737,0.000163489,-6.13302e-05,-0.000110404,-0.000149884,5.21497e-05,-0.00156422,0.000163489,0.0466955,
0.00207201,0.000195728,-0.00158219,-0.00076469,0.000445911,0.000752135,-6.13735e-05,0.000195728,0.00158551,0.000893869,-0.000894689,-0.000354837,0.000355842,-0.000110437,-0.00158219,0.000893869,0.00324516,0.000182001,-0.000231694,0.00108256,-0.000149931,-0.00076469,-0.000894689,0.000182001,0.00248459,0.000945656,0.00209335,5.21708e-05,0.000445911,-0.000354837,-0.000231694,0.000945656,0.0335718,0.00222625,-0.00156415,0.000752135,0.000355842,0.00108256,0.00209335,0.00222625,0.0295736,0.000164041,-6.13735e-05,-0.000110437,-0.000149931,5.21708e-05,-0.00156415,0.000164041,0.0466954,
0.00207199,0.000195721,-0.00158219,-0.000764689,0.000445897,0.000752127,-6.14168e-05,0.000195721,0.00158551,0.000893867,-0.000894688,-0.000354838,0.000355851,-0.00011047,-0.00158219,0.000893867,0.00324516,0.000182005,-0.000231721,0.00108258,-0.000149977,-0.000764689,-0.000894688,0.000182005,0.00248459,0.000945638,0.00209336,5.21918e-05,0.000445897,-0.000354838,-0.000231721,0.000945638,0.0335719,0.00222666,-0.00156407,0.000752127,0.000355851,0.00108258,0.00209336,0.00222666,0.0295736,0.000164592,-6.14168e-05,-0.00011047,-0.000149977,5.21918e-05,-0.00156407,0.000164592,0.0466952,
0.00207198,0.000195714,-0.00158219,-0.000764689,0.000445884,0.00075212,-6.14601e-05,0.000195714,0.0015855,0.000893866,-0.000894687,-0.00035484,0.00035586,-0.000110503,-0.00158219,0.000893866,0.00324515,0.000182008,-0.000231748,0.0010826,-0.000150023,-0.000764689,-0.000894687,0.000182008,0.0024846,0.000945621,0.00209336,5.22128e-05,0.000445884,-0.00035484,-0.000231748,0.000945621,0.0335719,0.00222707,-0.00156399,0.00075212,0.00035586,0.0010826,0.00209336,0.00222707,0.0295735,0.000165144,-6.14601e-05,-0.000110503,-0.000150023,5.22128e-05,-0.00156399,0.000165144,0.0466951,
0.00207197,0.000195707,-0.00158219,-0.000764689,0.00044587,0.000752113,-6.15034e-05,0.000195707,0.0015855,0.000893865,-0.000894686,-0.000354842,0.000355869,-0.000110537,-0.00158219,0.000893865,0.00324515,0.000182012,-0.000231775,0.00108262,-0.00015007,-0.000764689,-0.000894686,0.000182012,0.0024846,0.000945603,0.00209337,5.22339e-05,0.00044587,-0.000354842,-0.000231775,0.000945603,0.033572,0.00222748,-0.00156392,0.000752113,0.000355869,0.00108262,0.00209337,0.00222748,0.0295735,0.000165696,-6.15034e-05,-0.000110537,-0.00015007,5.22339e-05,-0.00156392,0.000165696,0.0466949,
0.00207196,0.000195699,-0.00158219,-0.000764688,0.000445856,0.000752106,-6.15467e-05,0.000195699,0.0015855,0.000893863,-0.000894685,-0.000354844,0.000355878,-0.00011057,-0.00158219,0.000893863,0.00324514,0.000182015,-0.000231802,0.00108264,-0.000150116,-0.000764688,-0.000894685,0.000182015,0.0024846,0.000945586,0.00209338,5.22549e-05,0.000445856,-0.000354844,-0.000231802,0.000945586,0.033572,0.00222789,-0.00156384,0.000752106,0.000355878,0.00108264,0.00209338,0.00222789,0.0295734,0.000166248,-6.15467e-05,-0.00011057,-0.000150116,5.22549e-05,-0.00156384,0.000166248,0.0466948,
0.00207195,0.000195692,-0.00158218,-0.000764688,0.000445842,0.000752099,-6.15901e-05,0.000195692,0.00158549,0.000893862,-0.000894685,-0.000354846,0.000355887,-0.000110603,-0.00158218,0.000893862,0.00324514,0.000182019,-0.000231828,0.00108266,-0.000150162,-0.000764688,-0.000894685,0.000182019,0.0024846,0.000945568,0.00209339,5.2276e-05,0.000445842,-0.000354846,-0.000231828,0.000945568,0.0335721,0.0022283,-0.00156376,0.000752099,0.000355887,0.00108266,0.00209339,0.0022283,0.0295733,0.000166799,-6.15901e-05,-0.000110603,-0.000150162,5.2276e-05,-0.00156376,0.000166799,0.0466946,
0.00207194,0.000195686,-0.00158218,-0.000764688,0.000445828,0.000752092,-6.16335e-05,0.000195686,0.00158549,0.000893861,-0.000894684,-0.000354848,0.000355896,-0.000110636,-0.00158218,0.000893861,0.00324513,0.000182022,-0.000231855,0.00108268,-0.000150209,-0.000764688,-0.000894684,0.000182022,0.00248461,0.000945551,0.00209339,5.2297e-05,0.000445828,-0.000354848,-0.000231855,0.000945551,0.0335722,0.00222871,-0.00156369,0.000752092,0.000355896,0.00108268,0.00209339,0.00222871,0.0295733,0.000167351,-6.16335e-05,-0.000110636,-0.000150209,5.2297e-05,-0.00156369,0.000167351,0.0466944,
0.00207193,0.000195679,-0.00158218,-0.000764687,0.000445815,0.000752085,-6.16768e-05,0.000195679,0.00158549,0.000893859,-0.000894683,-0.00035485,0.000355905,-0.00011067,-0.00158218,0.000893859,0.00324513,0.000182025,-0.000231882,0.0010827,-0.000150255,-0.000764687,-0.000894683,0.000182025,0.00248461,0.000945533,0.0020934,5.23181e-05,0.000445815,-0.00035485,-0.000231882,0.000945533,0.0335722,0.00222912,-0.00156361,0.000752085,0.000355905,0.0010827,0.0020934,0.00222912,0.0295732,0.000167903,-6.16768e-05,-0.00011067,-0.000150255,5.23181e-05,-0.00156361,0.000167903,0.0466943,
0.00207191,0.000195672,-0.00158218,-0.000764687,0.000445801,0.000752078,-6.17202e-05,0.000195672,0.00158548,0.000893858,-0.000894682,-0.000354852,0.000355914,-0.000110703,-0.00158218,0.000893858,0.00324512,0.000182029,-0.000231909,0.00108272,-0.000150301,-0.000764687,-0.000894682,0.000182029,0.00248461,0.000945516,0.00209341,5.23392e-05,0.000445801,-0.000354852,-0.000231909,0.000945516,0.0335723,0.00222953,-0.00156354,0.000752078,0.000355914,0.00108272,0.00209341,0.00222953,0.0295732,0.000168455,-6.17202e-05,-0.000110703,-0.000150301,5.23392e-05,-0.00156354,0.000168455,0.0466941,
0.0020719,0.000195665,-0.00158218,-0.000764687,0.000445787,0.00075207,-6.17637e-05,0.000195665,0.00158548,0.000893857,-0.000894681,-0.000354854,0.000355923,-0.000110736,-0.00158218,0.000893857,0.00324512,0.000182032,-0.000231936,0.00108274,-0.000150348,-0.000764687,-0.000894681,0.000182032,0.00248461,0.000945499,0.00209342,5.23603e-05,0.000445787,-0.000354854,-0.000231936,0.000945499,0.0335723,0.00222994,-0.00156346,0.00075207,0.000355923,0.00108274,0.00209342,0.00222994,0.0295731,0.000169007,-6.17637e-05,-0.000110736,-0.000150348,5.23603e-05,-0.00156346,0.000169007,0.046694,
0.00207189,0.000195658,-0.00158218,-0.000764686,0.000445773,0.000752063,-6.18071e-05,0.000195658,0.00158548,0.000893855,-0.00089468,-0.000354856,0.000355932,-0.00011077,-0.00158218,0.000893855,0.00324511,0.000182036,-0.000231963,0.00108276,-0.000150394,-0.000764686,-0.00089468,0.000182036,0.00248462,0.000945481,0.00209343,5.23814e-05,0.000445773,-0.000354856,-0.000231963,0.000945481,0.0335724,0.00223036,-0.00156339,0.000752063,0.000355932,0.00108276,0.00209343,0.00223036,0.0295731,0.000169559,-6.18071e-05,-0.00011077,-0.000150394,5.23814e-05,-0.00156339,0.000169559,0.0466938,
0.00207188,0.000195651,-0.00158218,-0.000764686,0.000445759,0.000752056,-6.18505e-05,0.000195651,0.00158547,0.000893854,-0.000894679,-0.000354858,0.000355941,-0.000110803,-0.00158218,0.000893854,0.0032451,0.000182039,-0.000231991,0.00108278,-0.000150441,-0.000764686,-0.000894679,0.000182039,0.00248462,0.000945464,0.00209343,5.24024e-05,0.000445759,-0.000354858,-0.000231991,0.000945464,0.0335724,0.00223077,-0.00156331,0.000752056,0.000355941,0.00108278,0.00209343,0.00223077,0.029573,0.000170112,-6.18505e-05,-0.000110803,-0.000150441,5.24024e-05,-0.00156331,0.000170112,0.0466936,
0.00207187,0.000195645,-0.00158218,-0.000764686,0.000445745,0.000752049,-6.1894e-05,0.000195645,0.00158547,0.000893853,-0.000894678,-0.00035486,0.00035595,-0.000110836,-0.00158218,0.000893853,0.0032451,0.000182042,-0.000232018,0.0010828,-0.000150487,-0.000764686,-0.000894678,0.000182042,0.00248462,0.000945447,0.00209344,5.24235e-05,0.000445745,-0.00035486,-0.000232018,0.000945447,0.0335725,0.00223118,-0.00156324,0.000752049,0.00035595,0.0010828,0.00209344,0.00223118,0.0295729,0.000170664,-6.1894e-05,-0.000110836,-0.000150487,5.24235e-05,-0.00156324,0.000170664,0.0466935,
