0.000895639,8.61405e-05,-0.000233607,-6.17302e-05,-0.000937434,0.000329705,9.89505e-05,0.000122459,0.00115218,1.69852e-05,-0.00117482,-0.000547967,0.000940574,-3.39823e-05,0.000132273,5.76888e-05,0.000433263,-0.000156571,0.000275689,1.96936e-06,-0.000149321,-0.000146657,-0.00116875,-1.6036e-06,0.00318812,-0.00118474,-0.00113064,-3.46291e-05,-0.000829208,-0.000575054,-0.00013261,-0.00113693,0.0255465,-0.000339151,0.0017259,0.000344723,0.000944033,4.61432e-05,-0.00114512,-0.000308804,0.0248241,0.000202554,2.12539e-05,-2.63748e-05,9.61909e-06,-3.83208e-05,0.00169328,0.0002052,0.0467226,
0.000896039,0,-0.000233427,0,-0.000942991,0,9.89738e-05,0.000123258,0,1.70839e-05,0,-0.000546698,0,-3.35346e-05,0.000132206,0,0.000433232,0,0.00027492,0,-0.000149869,-0.00014775,0,-1.6394e-06,0,-0.00118091,0,-3.40321e-05,-0.000835587,0,-0.00013345,0,0.0255496,0,0.00173212,0.00034718,0,4.67064e-05,0,-0.00032461,0,0.000187388,2.11579e-05,0,9.61438e-06,0,0.00169205,0,0.0467228,
0.000896619,0,-0.000233118,0,-0.000949619,0.000333095,9.96292e-05,0.000124442,0,1.72358e-05,0,-0.000545833,0.000936127,-3.35524e-05,0.000132387,0,0.000432988,0,0.000273146,5.39903e-06,-0.00015127,-0.000149301,0,-1.67209e-06,0,-0.00117667,-0.00114099,-3.37449e-05,-0.000843553,0,-0.000134077,0,0.0255386,-0.000351216,0.00172952,0.000350289,0,4.67288e-05,0,-0.000320066,0.0248545,0.000186791,2.11296e-05,0,9.62579e-06,0,0.00168875,0.000203236,0.0467224,
0.000897321,0,-0.000232719,-6.52487e-05,-0.000956304,0.000335285,0.000100419,0.000125828,0,1.74026e-05,-0.00117707,-0.000545012,0.000933943,-3.35725e-05,0.000132841,0,0.000432532,-0.000158628,0.000271023,8.14047e-06,-0.000152819,-0.000151123,0,-1.71466e-06,0.00318963,-0.00117235,-0.00114698,-3.3411e-05,-0.000851831,0,-0.000134628,-0.0011219,0.0255262,-0.000347076,0.00172651,0.000354026,0,4.67612e-05,-0.0011641,-0.000315242,0.0248519,0.000186251,2.11545e-05,0,9.63222e-06,-3.75494e-05,0.00168498,0.000202953,0.046722,
0.000898177,0,-0.000232281,-6.66827e-05,-0.000962664,0.00033745,0.000101168,0.000127305,0,1.75701e-05,-0.00117776,-0.000544073,0.000932025,-3.35657e-05,0.000133637,0,0.000431851,-0.000159456,0.000268208,1.11066e-05,-0.000154213,-0.000152994,0,-1.75921e-06,0.0031897,-0.00116832,-0.00115294,-3.31192e-05,-0.000860189,0,-0.000135036,-0.00111737,0.0255144,-0.000343162,0.00172355,0.000357894,0,4.6761e-05,-0.00117016,-0.000310647,0.0248498,0.00018578,2.11998e-05,0,9.62765e-06,-3.73023e-05,0.00168131,0.000202725,0.0467215,
0.000899124,0,-0.00023178,-6.82238e-05,-0.000969033,0.000339661,0.000101901,0.000128893,0,1.77428e-05,-0.00117845,-0.0005432,0.000930097,-3.35567e-05,0.000134633,0,0.000431031,-0.000160348,0.000265219,1.41603e-05,-0.000155541,-0.000155014,0,-1.80959e-06,0.00318978,-0.00116424,-0.00115881,-3.28368e-05,-0.000868702,0,-0.000135379,-0.00111277,0.0255032,-0.000339471,0.00172065,0.000361875,0,4.67422e-05,-0.00117614,-0.000306262,0.0248477,0.000185352,2.12665e-05,0,9.61876e-06,-3.70681e-05,0.00167771,0.000202535,0.0467211,
0.000900154,0,-0.000231223,-6.98469e-05,-0.000975399,0.000341897,0.000102622,0.000130568,0,1.79177e-05,-0.00117915,-0.000542382,0.000928162,-3.35453e-05,0.000135808,0,0.000430087,-0.000161288,0.000262063,1.72855e-05,-0.000156807,-0.000157147,0,-1.86487e-06,0.00318988,-0.00116014,-0.0011646,-3.2563e-05,-0.000877346,0,-0.000135662,-0.00110813,0.0254925,-0.000335971,0.00171779,0.000365938,0,4.67066e-05,-0.00118204,-0.000302059,0.0248456,0.000184963,2.13529e-05,0,9.60593e-06,-3.68453e-05,0.00167418,0.000202378,0.0467206,
0.000901262,0,-0.000230615,-7.15247e-05,-0.000981834,0.000344139,0.000103341,0.000132309,0,1.80915e-05,-0.00117985,-0.000541583,0.000926199,-3.35321e-05,0.000137146,0,0.000429028,-0.000162259,0.000258712,2.04929e-05,-0.000158039,-0.000159358,0,-1.92392e-06,0.00318999,-0.00115596,-0.00117041,-3.2294e-05,-0.000886212,0,-0.000135899,-0.0011034,0.0254821,-0.000332552,0.00171494,0.000370068,0,4.66536e-05,-0.00118796,-0.000297927,0.0248436,0.000184612,2.14564e-05,0,9.5896e-06,-3.66295e-05,0.00167066,0.000202255,0.0467202,
0.000902416,0,-0.000229963,-7.32205e-05,-0.000988086,0.000346407,0.000104063,0.000134072,0,1.8258e-05,-0.00118056,-0.000540866,0.00092422,-3.35182e-05,0.000138628,0,0.000427868,-0.00016323,0.000255277,2.36986e-05,-0.000159225,-0.000161594,0,-1.98618e-06,0.00319013,-0.00115187,-0.00117611,-3.20209e-05,-0.00089497,0,-0.000136071,-0.00109877,0.0254722,-0.000329289,0.00171212,0.000374241,0,4.65934e-05,-0.00119377,-0.000293953,0.0248415,0.000184288,2.15864e-05,0,9.57024e-06,-3.64111e-05,0.00166719,0.000202157,0.0467197,
0.00090367,0,-0.000229265,-7.49146e-05,-0.000994746,0.000348512,0.000104759,0.000135871,0,1.84192e-05,-0.00118127,-0.000540038,0.000922224,-3.34995e-05,0.000140257,0,0.000426605,-0.000164212,0.000251489,2.70307e-05,-0.000160369,-0.000163839,0,-2.04939e-06,0.00319023,-0.0011475,-0.00118195,-3.17716e-05,-0.000904381,0,-0.000136233,-0.00109385,0.0254626,-0.000325948,0.00170931,0.000378326,0,4.64956e-05,-0.00119972,-0.000289906,0.0248395,0.000184009,2.17124e-05,0,9.54716e-06,-3.6217e-05,0.00166373,0.000202092,0.0467192,
0.000904913,0,-0.00022854,-7.66299e-05,-0.00100071,0.000350627,0.000105383,0.000137668,0,1.85721e-05,-0.00118198,-0.000539493,0.000920323,-3.34803e-05,0.000141986,0,0.000425285,-0.000165202,0.000247975,3.01342e-05,-0.000161325,-0.000166113,0,-2.1166e-06,0.00319046,-0.00114354,-0.0011871,-3.15303e-05,-0.000912957,0,-0.000136292,-0.00108936,0.0254545,-0.000323275,0.00170686,0.000382312,0,4.64021e-05,-0.00120497,-0.000286562,0.0248374,0.000183733,2.18691e-05,0,9.5221e-06,-3.60321e-05,0.00166071,0.00020201,0.0467188,
0.000906286,0,-0.000227773,-7.83477e-05,-0.00100766,0.000352743,0.000106153,0.00013952,0,1.87219e-05,-0.00118272,-0.000538587,0.000918163,-3.34616e-05,0.000143834,0,0.000423865,-0.000166182,0.000243762,3.36569e-05,-0.000162548,-0.00016839,0,-2.18361e-06,0.00319054,-0.00113893,-0.00119333,-3.12639e-05,-0.000922963,0,-0.000136417,-0.00108419,0.0254446,-0.000319635,0.0017038,0.000386535,0,4.62835e-05,-0.00121131,-0.000282186,0.0248354,0.000183506,2.20269e-05,0,9.49499e-06,-3.5824e-05,0.00165695,0.000202009,0.0467183,
0.000907583,9.90021e-05,-0.000227002,-8.00825e-05,-0.00101332,0.000354894,0.000106788,0.000141339,0.00115132,1.88631e-05,-0.00118343,-0.000538166,0.000916227,-3.34421e-05,0.00014573,6.66768e-05,0.000422437,-0.00016717,0.000240184,3.67264e-05,-0.00016345,-0.000170691,-0.00117633,-2.25496e-06,0.00319082,-0.00113513,-0.00119831,-3.10134e-05,-0.000931309,-0.000570419,-0.000136394,-0.00107987,0.0254371,-0.000317167,0.00170138,0.000390563,0.000921877,4.61871e-05,-0.00121639,-0.000279049,0.0248333,0.000183257,2.22217e-05,-2.46493e-05,9.46699e-06,-3.56322e-05,0.00165399,0.000201951,0.0467179,
0.000909054,0,-0.000226185,-8.18044e-05,-0.00102043,0.000356813,0.000107511,0.00014322,0,1.90023e-05,-0.00118419,-0.000537251,0.000914052,-3.34192e-05,0.000147745,0,0.000420918,-0.000168163,0.000235748,4.02628e-05,-0.000164571,-0.000172985,0,-2.32447e-06,0.00319094,-0.00113036,-0.00120443,-3.07731e-05,-0.000941652,0,-0.000136479,-0.00107453,0.0254283,-0.000313668,0.00169845,0.000394607,0,4.60339e-05,-0.0012226,-0.00027483,0.0248314,0.00018307,2.23893e-05,0,9.43646e-06,-3.54519e-05,0.00165038,0.000201971,0.0467174,
0.000910415,0.000101457,-0.000225377,-8.35533e-05,-0.00102598,0.000358947,0.000108152,0.000145063,0.00115123,1.91333e-05,-0.00118491,-0.000536888,0.000912069,-3.33987e-05,0.000149785,6.84318e-05,0.000419405,-0.000169152,0.000232043,4.33359e-05,-0.000165435,-0.000175308,-0.00117758,-2.39894e-06,0.00319125,-0.00112659,-0.00120933,-3.05197e-05,-0.000950005,-0.00056973,-0.000136403,-0.00107025,0.0254212,-0.000311292,0.00169603,0.000398637,0.000917586,4.59286e-05,-0.00122761,-0.000271787,0.0248293,0.000182845,2.26108e-05,-2.43168e-05,9.40603e-06,-3.52595e-05,0.00164743,0.000201934,0.046717,
0.000911948,0.000102688,-0.00022454,-8.52736e-05,-0.00103307,0.000360775,0.000108878,0.000146958,0.00115117,1.92635e-05,-0.00118565,-0.00053596,0.00090986,-3.33726e-05,0.000151907,6.93469e-05,0.000417831,-0.000170143,0.000227445,4.68846e-05,-0.000166527,-0.000177606,-0.00117822,-2.47017e-06,0.00319134,-0.00112178,-0.00121545,-3.02858e-05,-0.000960455,-0.000569093,-0.000136454,-0.00106487,0.0254129,-0.000307808,0.0016931,0.000402607,0.000915293,4.57624e-05,-0.0012338,-0.000267586,0.0248274,0.00018268,2.2796e-05,-2.41393e-05,9.37376e-06,-3.50874e-05,0.00164382,0.00020197,0.0467165,
0.000913354,0.000103907,-0.000223723,-8.70122e-05,-0.00103865,0.000362796,0.000109509,0.000148803,0.00115114,1.93869e-05,-0.00118637,-0.000535582,0.000907854,-3.33498e-05,0.000154003,7.01962e-05,0.0004163,-0.00017113,0.000223648,4.99422e-05,-0.000167357,-0.000179921,-0.00117883,-2.54532e-06,0.00319165,-0.00111796,-0.00122031,-3.00427e-05,-0.000968904,-0.000568991,-0.000136364,-0.00106054,0.0254063,-0.000305459,0.00169072,0.000406521,0.000913225,4.56456e-05,-0.00123876,-0.000264577,0.0248254,0.000182469,2.3026e-05,-2.39807e-05,9.34273e-06,-3.49065e-05,0.00164092,0.000201939,0.0467161,
0.000914895,0.000105127,-0.000222894,-8.87246e-05,-0.00104551,0.000364568,0.000110238,0.000150683,0.00115108,1.95098e-05,-0.0011871,-0.000534701,0.000905624,-3.33235e-05,0.000156141,7.10991e-05,0.000414739,-0.000172114,0.000219111,5.34044e-05,-0.000168422,-0.000182209,-0.00117945,-2.61741e-06,0.00319177,-0.00111325,-0.00122627,-2.98091e-05,-0.000979104,-0.00056839,-0.000136391,-0.00105527,0.0253985,-0.000302071,0.00168783,0.000410393,0.000910909,4.54828e-05,-0.00124481,-0.00026048,0.0248236,0.000182303,2.32287e-05,-2.38045e-05,9.31113e-06,-3.47361e-05,0.00163736,0.000201972,0.0467156,
0.00200492,5.63292e-05,-0.00186723,-0.000171393,-0.00031959,0.000191914,-2.20298e-05,5.63292e-05,0.00115548,0.0001651,-0.00118066,-0.000598963,0.000919026,-2.1548e-05,-0.00186723,0.0001651,0.0034743,-2.26509e-05,-0.00114606,0.000381369,7.80297e-05,-0.000171393,-0.00118066,-2.26509e-05,0.00319106,-0.00110043,-0.00123328,-3.11919e-05,-0.00031959,-0.000598963,-0.00114606,-0.00110043,0.0258414,-0.000406872,0.00160387,0.000191914,0.000919026,0.000381369,-0.00123328,-0.000406872,0.0248573,0.000209245,-2.20298e-05,-2.1548e-05,7.80297e-05,-3.11919e-05,0.00160387,0.000209245,0.0467207,
0.000917906,0.000107619,-0.000221271,-9.227e-05,-0.00105784,0.000368264,0.000111583,0.000154492,0.00115101,1.97611e-05,-0.00118853,-0.000533455,0.000901365,-3.32712e-05,0.000160397,7.28881e-05,0.000411699,-0.000174155,0.000210799,5.98793e-05,-0.000170266,-0.00018695,-0.00118066,-2.76817e-06,0.00319215,-0.0011047,-0.00123693,-2.9354e-05,-0.000997654,-0.000567707,-0.000136317,-0.00104562,0.0253851,-0.000296507,0.00168264,0.000418058,0.000906494,4.52029e-05,-0.00125565,-0.000253535,0.0248198,0.000181933,2.36764e-05,-2.34609e-05,9.25017e-06,-3.44118e-05,0.001631,0.000201973,0.0467147,
0.000919393,0.000108845,-0.00022047,-9.40198e-05,-0.00106365,0.000370076,0.000112229,0.000156365,0.00115098,1.98794e-05,-0.00118923,-0.000532939,0.000899273,-3.32448e-05,0.000162519,7.37593e-05,0.000410201,-0.000175161,0.000206804,6.2974e-05,-0.000171116,-0.00018929,-0.00118126,-2.84374e-06,0.00319239,-0.00110064,-0.00124194,-2.91294e-05,-0.00100648,-0.000567461,-0.00013625,-0.00104103,0.0253791,-0.000293968,0.00168018,0.000421779,0.000904326,4.50702e-05,-0.00126075,-0.000250329,0.0248179,0.000181739,2.39124e-05,-2.32941e-05,9.2203e-06,-3.42529e-05,0.00162799,0.000201956,0.0467142,
0.00201316,5.8823e-05,-0.00186743,-0.000177094,-0.000338705,0.000202102,-2.15555e-05,5.8823e-05,0.0011556,0.000169978,-0.00118254,-0.000598752,0.000912505,-2.09757e-05,-0.00186743,0.000169978,0.00347439,-2.48042e-05,-0.00115813,0.000381843,7.81298e-05,-0.000177094,-0.00118254,-2.48042e-05,0.00319145,-0.00108647,-0.00124971,-3.06949e-05,-0.000338705,-0.000598752,-0.00115813,-0.00108647,0.0258261,-0.000396139,0.00159409,0.000202102,0.000912505,0.000381843,-0.00124971,-0.000396139,0.0248508,0.000209063,-2.15555e-05,-2.09757e-05,7.81298e-05,-3.06949e-05,0.00159409,0.000209063,0.0467194,
0.00201588,5.96579e-05,-0.00186749,-0.000178991,-0.00034478,0.00020537,-2.13838e-05,5.96579e-05,0.00115565,0.000171579,-0.00118315,-0.00059878,0.000910366,-2.07881e-05,-0.00186749,0.000171579,0.00347443,-2.55398e-05,-0.00116185,0.000382053,7.81656e-05,-0.000178991,-0.00118315,-2.55398e-05,0.00319162,-0.00108202,-0.00125486,-3.05357e-05,-0.00034478,-0.00059878,-0.00116185,-0.00108202,0.0258216,-0.000392857,0.00159101,0.00020537,0.000910366,0.000382053,-0.00125486,-0.000392857,0.0248487,0.000208988,-2.13838e-05,-2.07881e-05,7.81656e-05,-3.05357e-05,0.00159101,0.000208988,0.0467189,
0.00201864,6.04942e-05,-0.00186754,-0.000180859,-0.000351094,0.000208612,-2.12159e-05,6.04942e-05,0.00115569,0.000173154,-0.00118376,-0.000598672,0.000908152,-2.05976e-05,-0.00186754,0.000173154,0.00347444,-2.62713e-05,-0.0011658,0.000382147,7.82021e-05,-0.000180859,-0.00118376,-2.62713e-05,0.00319174,-0.00107736,-0.00126024,-3.03822e-05,-0.000351094,-0.000598672,-0.0011658,-0.00107736,0.0258171,-0.000389277,0.00158779,0.000208612,0.000908152,0.000382147,-0.00126024,-0.000389277,0.0248466,0.000208921,-2.12159e-05,-2.05976e-05,7.82021e-05,-3.03822e-05,0.00158779,0.000208921,0.0467185,
0.00202138,6.13348e-05,-0.00186759,-0.00018274,-0.000357206,0.000211801,-2.10394e-05,6.13348e-05,0.00115574,0.000174729,-0.00118437,-0.000598645,0.000905966,-2.04085e-05,-0.00186759,0.000174729,0.00347446,-2.70155e-05,-0.00116955,0.000382302,7.82402e-05,-0.00018274,-0.00118437,-2.70155e-05,0.00319188,-0.00107285,-0.00126541,-3.023e-05,-0.000357206,-0.000598645,-0.00116955,-0.00107285,0.0258129,-0.000385902,0.00158468,0.000211801,0.000905966,0.000382302,-0.00126541,-0.000385902,0.0248445,0.000208846,-2.10394e-05,-2.04085e-05,7.82402e-05,-3.023e-05,0.00158468,0.000208846,0.0467181,
0.00202415,6.2177e-05,-0.00186763,-0.000184603,-0.000363418,0.000214947,-2.08635e-05,6.2177e-05,0.00115579,0.000176286,-0.00118497,-0.000598552,0.000903745,-2.02181e-05,-0.00186763,0.000176286,0.00347447,-2.77602e-05,-0.00117339,0.000382386,7.82787e-05,-0.000184603,-0.00118497,-2.77602e-05,0.003192,-0.00106825,-0.00127066,-3.00844e-05,-0.000363418,-0.000598552,-0.00117339,-0.00106825,0.0258088,-0.000382406,0.00158152,0.000214947,0.000903745,0.000382386,-0.00127066,-0.000382406,0.0248425,0.000208771,-2.08635e-05,-2.02181e-05,7.82787e-05,-3.00844e-05,0.00158152,0.000208771,0.0467176,
0.00202691,6.30227e-05,-0.00186767,-0.000186468,-0.000369543,0.000218052,-2.06819e-05,6.30227e-05,0.00115584,0.000177836,-0.00118557,-0.000598483,0.000901522,-2.00279e-05,-0.00186767,0.000177836,0.00347447,-2.85134e-05,-0.00117715,0.000382489,7.83188e-05,-0.000186468,-0.00118557,-2.85134e-05,0.00319213,-0.0010637,-0.00127583,-2.99401e-05,-0.000369543,-0.000598483,-0.00117715,-0.0010637,0.0258049,-0.000378973,0.0015784,0.000218052,0.000901522,0.000382489,-0.00127583,-0.000378973,0.0248405,0.000208693,-2.06819e-05,-2.00279e-05,7.83188e-05,-2.99401e-05,0.0015784,0.000208693,0.0467172,
0.00202968,6.3871e-05,-0.0018677,-0.000188327,-0.000375667,0.000221109,-2.04983e-05,6.3871e-05,0.00115589,0.000179375,-0.00118617,-0.000598401,0.000899291,-1.98374e-05,-0.0018677,0.000179375,0.00347447,-2.92712e-05,-0.00118089,0.000382562,7.83594e-05,-0.000188327,-0.00118617,-2.92712e-05,0.00319225,-0.00105914,-0.00128096,-2.98015e-05,-0.000375667,-0.000598401,-0.00118089,-0.00105914,0.0258012,-0.000375538,0.00157529,0.000221109,0.000899291,0.000382562,-0.00128096,-0.000375538,0.0248385,0.000208611,-2.04983e-05,-1.98374e-05,7.83594e-05,-2.98015e-05,0.00157529,0.000208611,0.0467168,
0.00203245,6.47226e-05,-0.00186772,-0.000190182,-0.000381799,0.00022413,-2.03118e-05,6.47226e-05,0.00115594,0.000180905,-0.00118676,-0.000598297,0.000897036,-1.9646e-05,-0.00186772,0.000180905,0.00347447,-3.00342e-05,-0.00118464,0.000382615,7.84013e-05,-0.000190182,-0.00118676,-3.00342e-05,0.00319235,-0.00105455,-0.0012861,-2.96659e-05,-0.000381799,-0.000598297,-0.00118464,-0.00105455,0.0257977,-0.000372061,0.00157216,0.00022413,0.000897036,0.000382615,-0.0012861,-0.000372061,0.0248366,0.000208528,-2.03118e-05,-1.9646e-05,7.84013e-05,-2.96659e-05,0.00157216,0.000208528,0.0467163,
0.00203523,6.55763e-05,-0.00186774,-0.000192032,-0.000387837,0.000227099,-2.01206e-05,6.55763e-05,0.00115599,0.000182423,-0.00118734,-0.000598221,0.000894793,-1.94557e-05,-0.00186774,0.000182423,0.00347446,-3.08038e-05,-0.0011883,0.000382678,7.8444e-05,-0.000192032,-0.00118734,-3.08038e-05,0.00319247,-0.00105004,-0.00129113,-2.95336e-05,-0.000387837,-0.000598221,-0.0011883,-0.00105004,0.0257944,-0.000368678,0.0015691,0.000227099,0.000894793,0.000382678,-0.00129113,-0.000368678,0.0248346,0.000208439,-2.01206e-05,-1.94557e-05,7.8444e-05,-2.95336e-05,0.0015691,0.000208439,0.0467159,
0.00203803,6.6434e-05,-0.00186776,-0.000193879,-0.000393976,0.000230036,-1.99293e-05,6.6434e-05,0.00115604,0.000183935,-0.00118792,-0.000598084,0.00089251,-1.92629e-05,-0.00186776,0.000183935,0.00347444,-3.15768e-05,-0.00119204,0.00038268,7.84876e-05,-0.000193879,-0.00118792,-3.15768e-05,0.00319256,-0.00104542,-0.00129625,-2.9407e-05,-0.000393976,-0.000598084,-0.00119204,-0.00104542,0.0257912,-0.000365161,0.00156597,0.000230036,0.00089251,0.00038268,-0.00129625,-0.000365161,0.0248327,0.000208351,-1.99293e-05,-1.92629e-05,7.84876e-05,-2.9407e-05,0.00156597,0.000208351,0.0467155,
0.0020408,6.7292e-05,-0.00186777,-0.000195718,-0.000399926,0.000232916,-1.97308e-05,6.7292e-05,0.0011561,0.00018543,-0.0011885,-0.000598015,0.000890256,-1.90731e-05,-0.00186777,0.00018543,0.00347443,-3.23572e-05,-0.0011956,0.000382735,7.85324e-05,-0.000195718,-0.0011885,-3.23572e-05,0.00319267,-0.00104095,-0.00130117,-2.92804e-05,-0.000399926,-0.000598015,-0.0011956,-0.00104095,0.0257882,-0.000361827,0.00156295,0.000232916,0.000890256,0.000382735,-0.00130117,-0.000361827,0.0248309,0.000208253,-1.97308e-05,-1.90731e-05,7.85324e-05,-2.92804e-05,0.00156295,0.000208253,0.046715,
0.00204361,6.81564e-05,-0.00186777,-0.000197561,-0.000406075,0.000235774,-1.95353e-05,6.81564e-05,0.00115615,0.000186931,-0.00118907,-0.000597844,0.000887945,-1.88785e-05,-0.00186777,0.000186931,0.0034744,-3.31404e-05,-0.00119935,0.000382684,7.85778e-05,-0.000197561,-0.00118907,-3.31404e-05,0.00319274,-0.00103628,-0.00130626,-2.91634e-05,-0.000406075,-0.000597844,-0.00119935,-0.00103628,0.0257853,-0.000358265,0.00155982,0.000235774,0.000887945,0.000382684,-0.00130626,-0.000358265,0.024829,0.000208159,-1.95353e-05,-1.88785e-05,7.85778e-05,-2.91634e-05,0.00155982,0.000208159,0.0467146,
0.00204638,6.90172e-05,-0.00186777,-0.000199388,-0.000411919,0.000238564,-1.933e-05,6.90172e-05,0.00115621,0.000188403,-0.00118964,-0.000597787,0.000885686,-1.86894e-05,-0.00186777,0.000188403,0.00347438,-3.393e-05,-0.00120281,0.000382737,7.86248e-05,-0.000199388,-0.00118964,-3.393e-05,0.00319285,-0.00103188,-0.00131108,-2.9042e-05,-0.000411919,-0.000597787,-0.00120281,-0.00103188,0.0257826,-0.000354992,0.00155683,0.000238564,0.000885686,0.000382737,-0.00131108,-0.000354992,0.0248272,0.000208053,-1.933e-05,-1.86894e-05,7.86248e-05,-2.9042e-05,0.00155683,0.000208053,0.0467142,
0.0020492,6.98875e-05,-0.00186775,-0.000201233,-0.000418096,0.000241343,-1.91319e-05,6.98875e-05,0.00115627,0.000189897,-0.0011902,-0.000597571,0.000883344,-1.84921e-05,-0.00186775,0.000189897,0.00347434,-3.47219e-05,-0.00120658,0.000382625,7.86725e-05,-0.000201233,-0.0011902,-3.47219e-05,0.00319289,-0.00102715,-0.00131617,-2.89355e-05,-0.000418096,-0.000597571,-0.00120658,-0.00102715,0.0257801,-0.000351355,0.00155368,0.000241343,0.000883344,0.000382625,-0.00131617,-0.000351355,0.0248254,0.000207953,-1.91319e-05,-1.84921e-05,7.86725e-05,-2.89355e-05,0.00155368,0.000207953,0.0467138,
0.00205198,7.07567e-05,-0.00186774,-0.00020305,-0.000423815,0.000244053,-1.89164e-05,7.07567e-05,0.00115633,0.000191346,-0.00119076,-0.000597559,0.000881088,-1.83049e-05,-0.00186774,0.000191346,0.00347431,-3.55274e-05,-0.0012099,0.000382698,7.87204e-05,-0.00020305,-0.00119076,-3.55274e-05,0.00319301,-0.00102284,-0.00132082,-2.88182e-05,-0.000423815,-0.000597559,-0.0012099,-0.00102284,0.0257778,-0.000348209,0.00155078,0.000244053,0.000881088,0.000382698,-0.00132082,-0.000348209,0.0248236,0.000207837,-1.89164e-05,-1.83049e-05,7.87204e-05,-2.88182e-05,0.00155078,0.000207837,0.0467133,
0.00205484,7.16304e-05,-0.00186772,-0.000204869,-0.000430119,0.000246734,-1.87168e-05,7.16304e-05,0.00115639,0.00019281,-0.00119131,-0.000597247,0.000878692,-1.81058e-05,-0.00186772,0.00019281,0.00347426,-3.63237e-05,-0.00121377,0.000382467,7.8769e-05,-0.000204869,-0.00119131,-3.63237e-05,0.00319302,-0.00101797,-0.00132599,-2.87241e-05,-0.000430119,-0.000597247,-0.00121377,-0.00101797,0.0257756,-0.000344394,0.00154758,0.000246734,0.000878692,0.000382467,-0.00132599,-0.000344394,0.0248219,0.000207735,-1.87168e-05,-1.81058e-05,7.8769e-05,-2.87241e-05,0.00154758,0.000207735,0.0467129,
0.00205762,7.2508e-05,-0.00186772,-0.000206695,-0.000435545,0.000249437,-1.84803e-05,7.2508e-05,0.00115646,0.000194248,-0.00119186,-0.000597333,0.000876405,-1.79196e-05,-0.00186772,0.000194248,0.0034742,-3.71504e-05,-0.00121684,0.000382714,7.88235e-05,-0.000206695,-0.00119186,-3.71504e-05,0.00319316,-0.00101389,-0.00133055,-2.85878e-05,-0.000435545,-0.000597333,-0.00121684,-0.00101389,0.0257732,-0.000341362,0.0015446,0.000249437,0.000876405,0.000382714,-0.00133055,-0.000341362,0.0248202,0.000207615,-1.84803e-05,-1.79196e-05,7.88235e-05,-2.85878e-05,0.0015446,0.000207615,0.0467125,
0.00206059,7.33867e-05,-0.00186769,-0.000208458,-0.000442134,0.000251928,-1.82889e-05,7.33867e-05,0.00115651,0.000195658,-0.00119241,-0.000596888,0.000874036,-1.77209e-05,-0.00186769,0.000195658,0.00347413,-3.79484e-05,-0.00122084,0.000382197,7.88614e-05,-0.000208458,-0.00119241,-3.79484e-05,0.00319315,-0.0010088,-0.00133561,-2.85352e-05,-0.000442134,-0.000596888,-0.00122084,-0.0010088,0.0257718,-0.00033748,0.00154159,0.000251928,0.000874036,0.000382197,-0.00133561,-0.000337481,0.0248184,0.000207501,-1.82889e-05,-1.77209e-05,7.88614e-05,-2.85352e-05,0.00154159,0.000207501,0.0467121,
0.00206331,7.4267e-05,-0.00186767,-0.000210283,-0.000447302,0.000254512,-1.80504e-05,7.4267e-05,0.0011566,0.000197085,-0.00119294,-0.000597086,0.000871847,-1.75389e-05,-0.00186767,0.000197085,0.0034741,-3.87843e-05,-0.00122365,0.000382473,7.89146e-05,-0.000210283,-0.00119294,-3.87843e-05,0.00319331,-0.00100494,-0.00133976,-2.84136e-05,-0.000447302,-0.000597086,-0.00122365,-0.00100494,0.0257701,-0.000334828,0.00153889,0.000254512,0.000871847,0.000382473,-0.00133976,-0.000334828,0.0248168,0.000207355,-1.80504e-05,-1.75389e-05,7.89146e-05,-2.84136e-05,0.00153889,0.000207355,0.0467117,
0.00206623,7.51472e-05,-0.00186763,-0.000212061,-0.000453778,0.000257026,-1.78418e-05,7.51472e-05,0.00115665,0.000198498,-0.00119349,-0.000596605,0.000869323,-1.73355e-05,-0.00186763,0.000198498,0.00347401,-3.9593e-05,-0.00122768,0.000382074,7.89683e-05,-0.000212061,-0.00119349,-3.9593e-05,0.00319326,-0.000999838,-0.00134511,-2.83339e-05,-0.000453778,-0.000596605,-0.00122768,-0.000999838,0.0257683,-0.000330636,0.00153551,0.000257026,0.000869323,0.000382074,-0.00134511,-0.000330636,0.0248152,0.000207251,-1.78418e-05,-1.73355e-05,7.89683e-05,-2.83339e-05,0.00153551,0.000207251,0.0467112,
0.00206897,7.60344e-05,-0.00186759,-0.00021388,-0.00045895,0.00025954,-1.75996e-05,7.60344e-05,0.00115673,0.000199912,-0.00119401,-0.000596781,0.000867122,-1.71523e-05,-0.00186759,0.000199912,0.00347397,-4.04382e-05,-0.00123048,0.000382308,7.9022e-05,-0.00021388,-0.00119401,-4.04382e-05,0.0031934,-0.000995961,-0.00134922,-2.8221e-05,-0.00045895,-0.000596781,-0.00123048,-0.000995961,0.0257668,-0.000327962,0.00153282,0.00025954,0.000867122,0.000382308,-0.00134922,-0.000327962,0.0248136,0.000207097,-1.75995e-05,-1.71523e-05,7.9022e-05,-2.8221e-05,0.00153282,0.000207097,0.0467108,
0.0020719,7.69191e-05,-0.00186753,-0.000215645,-0.000465446,0.000261879,-1.73987e-05,7.69191e-05,0.00115679,0.000201306,-0.00119454,-0.000596295,0.000864686,-1.69508e-05,-0.00186753,0.000201306,0.0034739,-4.12515e-05,-0.00123445,0.000381749,7.90691e-05,-0.000215645,-0.00119454,-4.12515e-05,0.00319337,-0.000990841,-0.00135425,-2.81774e-05,-0.000465446,-0.000596295,-0.00123445,-0.000990841,0.025766,-0.000323976,0.00152975,0.000261879,0.000864686,0.000381749,-0.00135425,-0.000323976,0.0248119,0.000206969,-1.73987e-05,-1.69508e-05,7.90691e-05,-2.81774e-05,0.00152975,0.000206969,0.0467104,
0.00207465,7.7813e-05,-0.0018675,-0.000217462,-0.000470504,0.000264434,-1.71338e-05,7.7813e-05,0.00115687,0.000202705,-0.00119507,-0.000596463,0.000862335,-1.67651e-05,-0.0018675,0.000202705,0.00347381,-4.21134e-05,-0.00123722,0.000382129,7.91352e-05,-0.000217462,-0.00119507,-4.21134e-05,0.00319348,-0.000987009,-0.00135863,-2.80333e-05,-0.000470504,-0.000596463,-0.00123722,-0.000987009,0.025764,-0.000321047,0.0015267,0.000264434,0.000862335,0.000382129,-0.00135863,-0.000321047,0.0248105,0.000206826,-1.71338e-05,-1.67651e-05,7.91352e-05,-2.80333e-05,0.0015267,0.000206826,0.0467099,
0.00207759,7.87011e-05,-0.00186742,-0.00021921,-0.00047699,0.000266632,-1.69358e-05,7.87011e-05,0.00115694,0.000204079,-0.00119558,-0.000595967,0.000859959,-1.65647e-05,-0.00186742,0.000204079,0.00347374,-4.29321e-05,-0.00124113,0.000381461,7.91777e-05,-0.00021921,-0.00119558,-4.29322e-05,0.00319344,-0.000981891,-0.00136342,-2.80152e-05,-0.00047699,-0.000595967,-0.00124113,-0.000981891,0.0257638,-0.000317194,0.00152383,0.000266632,0.000859959,0.000381461,-0.00136342,-0.000317194,0.0248088,0.000206681,-1.69358e-05,-1.65647e-05,7.91777e-05,-2.80152e-05,0.00152383,0.000206681,0.0467095,
0.00208035,7.96004e-05,-0.00186738,-0.000221017,-0.000482038,0.000269091,-1.66703e-05,7.96004e-05,0.00115702,0.000205462,-0.0011961,-0.00059613,0.000857623,-1.63797e-05,-0.00186738,0.000205462,0.00347366,-4.38012e-05,-0.00124387,0.00038178,7.9243e-05,-0.000221017,-0.0011961,-4.38012e-05,0.00319355,-0.00097806,-0.00136767,-2.78854e-05,-0.000482038,-0.00059613,-0.00124387,-0.00097806,0.0257623,-0.000314323,0.00152087,0.000269091,0.000857623,0.00038178,-0.00136767,-0.000314323,0.0248075,0.000206525,-1.66703e-05,-1.63797e-05,7.9243e-05,-2.78854e-05,0.00152087,0.000206525,0.0467091,
0.0020833,8.04927e-05,-0.00186731,-0.000222758,-0.000488467,0.000271272,-1.6456e-05,8.04927e-05,0.00115708,0.000206818,-0.00119661,-0.0005956,0.000855135,-1.61767e-05,-0.00186731,0.000206818,0.00347356,-4.46326e-05,-0.00124777,0.000381167,7.92942e-05,-0.000222758,-0.00119661,-4.46326e-05,0.00319348,-0.000972933,-0.00137264,-2.78516e-05,-0.000488467,-0.0005956,-0.00124777,-0.000972933,0.0257619,-0.000310248,0.00151776,0.000271272,0.000855135,0.000381167,-0.00137264,-0.000310248,0.0248059,0.000206385,-1.6456e-05,-1.61767e-05,7.92942e-05,-2.78516e-05,0.00151776,0.000206385,0.0467087,
0.00208607,8.13965e-05,-0.00186724,-0.000224547,-0.000493529,0.000273575,-1.61999e-05,8.13965e-05,0.00115718,0.000208182,-0.00119711,-0.000595766,0.000852905,-1.59941e-05,-0.00186724,0.000208182,0.0034735,-4.55043e-05,-0.00125045,0.000381345,7.93516e-05,-0.000224547,-0.00119711,-4.55043e-05,0.0031936,-0.000969111,-0.00137656,-2.77563e-05,-0.000493529,-0.000595766,-0.00125045,-0.000969111,0.0257613,-0.000307608,0.00151512,0.000273575,0.000852905,0.000381345,-0.00137656,-0.000307608,0.0248045,0.000206205,-1.61999e-05,-1.59941e-05,7.93516e-05,-2.77563e-05,0.00151512,0.000206205,0.0467083,
0.00208903,8.2293e-05,-0.00186717,-0.000226283,-0.000499896,0.000275732,-1.597e-05,8.2293e-05,0.00115724,0.000209523,-0.00119762,-0.00059521,0.000850313,-1.5789e-05,-0.00186717,0.000209523,0.00347337,-4.63483e-05,-0.00125434,0.000380782,7.94113e-05,-0.000226283,-0.00119762,-4.63483e-05,0.0031935,-0.000963978,-0.00138169,-2.77087e-05,-0.000499896,-0.00059521,-0.00125434,-0.000963978,0.0257607,-0.000303336,0.00151178,0.000275732,0.000850313,0.000380782,-0.00138169,-0.000303336,0.0248031,0.000206067,-1.59699e-05,-1.5789e-05,7.94113e-05,-2.77087e-05,0.00151178,0.000206067,0.0467079,
0.00209181,8.32011e-05,-0.00186708,-0.000228057,-0.000504975,0.000277927,-1.57165e-05,8.32011e-05,0.00115733,0.000210869,-0.00119811,-0.000595358,0.000848119,-1.5607e-05,-0.00186708,0.000210869,0.00347331,-4.72245e-05,-0.00125699,0.00038087,7.94656e-05,-0.000228057,-0.00119811,-4.72245e-05,0.00319362,-0.000960143,-0.00138545,-2.76329e-05,-0.000504975,-0.000595358,-0.00125699,-0.000960143,0.0257606,-0.000300767,0.00150927,0.000277927,0.000848119,0.00038087,-0.00138545,-0.000300767,0.0248016,0.000205874,-1.57165e-05,-1.5607e-05,7.94656e-05,-2.76329e-05,0.00150927,0.000205874,0.0467075,
0.00209477,8.41023e-05,-0.001867,-0.000229787,-0.000511201,0.000280022,-1.54768e-05,8.41023e-05,0.0011574,0.000212194,-0.00119861,-0.00059484,0.000845519,-1.5403e-05,-0.001867,0.000212194,0.00347317,-4.80803e-05,-0.00126076,0.000380347,7.95284e-05,-0.000229787,-0.00119861,-4.80803e-05,0.00319352,-0.000955109,-0.00139048,-2.75843e-05,-0.000511201,-0.00059484,-0.00126076,-0.000955109,0.0257602,-0.000296559,0.00150594,0.000280022,0.000845519,0.000380347,-0.00139048,-0.000296559,0.0248003,0.000205727,-1.54768e-05,-1.5403e-05,7.95284e-05,-2.75843e-05,0.00150594,0.000205727,0.046707,
0.00209757,8.50139e-05,-0.00186691,-0.000231545,-0.00051638,0.000282135,-1.52218e-05,8.50139e-05,0.0011575,0.000213523,-0.00119909,-0.000594907,0.00084328,-1.52188e-05,-0.00186691,0.000213523,0.0034731,-4.8961e-05,-0.0012635,0.00038034,7.95841e-05,-0.000231545,-0.00119909,-4.8961e-05,0.0031936,-0.000951155,-0.00139431,-2.75184e-05,-0.00051638,-0.000594907,-0.0012635,-0.000951155,0.0257603,-0.000293821,0.00150337,0.000282135,0.00084328,0.00038034,-0.00139431,-0.000293821,0.0247989,0.000205529,-1.52218e-05,-1.52188e-05,7.95841e-05,-2.75184e-05,0.00150337,0.000205529,0.0467067,
0.00210051,8.59203e-05,-0.00186682,-0.00023327,-0.000522407,0.000284155,-1.49753e-05,8.59203e-05,0.00115757,0.000214833,-0.00119958,-0.000594471,0.000840728,-1.50179e-05,-0.00186682,0.000214833,0.00347296,-4.9828e-05,-0.00126707,0.000379867,7.96469e-05,-0.00023327,-0.00119958,-4.9828e-05,0.00319352,-0.000946295,-0.00139909,-2.74741e-05,-0.000522407,-0.000594471,-0.00126707,-0.000946295,0.0257603,-0.00028984,0.00150018,0.000284155,0.000840728,0.000379867,-0.00139909,-0.00028984,0.0247977,0.000205366,-1.49753e-05,-1.50179e-05,7.96469e-05,-2.74741e-05,0.00150018,0.000205366,0.0467062,
0.00210335,8.68348e-05,-0.00186672,-0.000235011,-0.00052771,0.000286192,-1.47172e-05,8.68348e-05,0.00115766,0.000216144,-0.00120006,-0.000594437,0.000838418,-1.48306e-05,-0.00186672,0.000216144,0.00347287,-5.07132e-05,-0.00126993,0.00037976,7.97053e-05,-0.000235011,-0.00120006,-5.07132e-05,0.00319357,-0.000942188,-0.00140306,-2.74159e-05,-0.00052771,-0.000594437,-0.00126993,-0.000942188,0.0257605,-0.000286859,0.00149749,0.000286192,0.000838418,0.00037976,-0.00140306,-0.000286859,0.0247963,0.000205168,-1.47172e-05,-1.48306e-05,7.97053e-05,-2.74159e-05,0.00149749,0.000205168,0.0467058,
0.00210627,8.77464e-05,-0.00186662,-0.00023673,-0.000533546,0.000288141,-1.44648e-05,8.77464e-05,0.00115774,0.00021744,-0.00120054,-0.000594083,0.000835918,-1.46329e-05,-0.00186662,0.00021744,0.00347274,-5.15908e-05,-0.00127331,0.000379336,7.97678e-05,-0.00023673,-0.00120054,-5.15908e-05,0.00319351,-0.000937503,-0.00140759,-2.7376e-05,-0.000533546,-0.000594083,-0.00127331,-0.000937503,0.0257608,-0.000283106,0.00149443,0.000288141,0.000835918,0.000379336,-0.00140759,-0.000283106,0.0247951,0.000204988,-1.44648e-05,-1.46329e-05,7.97678e-05,-2.7376e-05,0.00149443,0.000204988,0.0467054,
0.00210914,8.86639e-05,-0.00186652,-0.000238457,-0.000538943,0.000290098,-1.42036e-05,8.86639e-05,0.00115784,0.000218733,-0.00120101,-0.000593966,0.00083355,-1.44431e-05,-0.00186652,0.000218733,0.00347263,-5.24809e-05,-0.00127626,0.000379139,7.98287e-05,-0.000238457,-0.00120101,-5.24809e-05,0.00319352,-0.00093327,-0.00141166,-2.73258e-05,-0.000538943,-0.000593966,-0.00127626,-0.00093327,0.0257613,-0.000279925,0.00149165,0.000290098,0.00083355,0.000379139,-0.00141166,-0.000279925,0.0247939,0.000204788,-1.42036e-05,-1.44431e-05,7.98287e-05,-2.73258e-05,0.00149165,0.000204788,0.046705,
0.00211205,8.95803e-05,-0.00186641,-0.000240168,-0.00054463,0.000291979,-1.39455e-05,8.95803e-05,0.00115792,0.000220015,-0.00120148,-0.000593669,0.000831085,-1.42478e-05,-0.00186641,0.000220015,0.0034725,-5.33681e-05,-0.00127949,0.000378748,7.98914e-05,-0.000240168,-0.00120148,-5.33681e-05,0.00319347,-0.000928717,-0.001416,-2.72898e-05,-0.00054463,-0.000593669,-0.00127949,-0.000928717,0.0257619,-0.000276333,0.00148869,0.000291979,0.000831085,0.000378748,-0.001416,-0.000276333,0.0247927,0.000204594,-1.39455e-05,-1.42478e-05,7.98914e-05,-2.72898e-05,0.00148869,0.000204594,0.0467046,
0.00211493,9.05009e-05,-0.00186629,-0.000241881,-0.000550075,0.000293856,-1.3681e-05,9.05009e-05,0.00115802,0.000221292,-0.00120194,-0.000593496,0.000828679,-1.40566e-05,-0.00186629,0.000221292,0.00347237,-5.42638e-05,-0.00128249,0.000378481,7.99541e-05,-0.000241881,-0.00120194,-5.42638e-05,0.00319345,-0.000924408,-0.0014201,-2.72476e-05,-0.000550075,-0.000593496,-0.00128249,-0.000924408,0.0257625,-0.000273027,0.00148586,0.000293856,0.000828679,0.000378481,-0.0014201,-0.000273027,0.0247915,0.000204389,-1.3681e-05,-1.40565e-05,7.99541e-05,-2.72475e-05,0.00148586,0.000204389,0.0467042,
0.00211784,9.14218e-05,-0.00186617,-0.000243583,-0.000555657,0.000295671,-1.34176e-05,9.14218e-05,0.00115811,0.000222559,-0.0012024,-0.000593231,0.00082623,-1.38627e-05,-0.00186617,0.000222559,0.00347224,-5.51595e-05,-0.00128562,0.000378105,8.00175e-05,-0.000243583,-0.0012024,-5.51595e-05,0.0031934,-0.000919942,-0.00142431,-2.72155e-05,-0.000555657,-0.000593231,-0.00128562,-0.000919942,0.0257634,-0.000269525,0.00148296,0.000295671,0.00082623,0.000378105,-0.00142431,-0.000269525,0.0247903,0.000204184,-1.34176e-05,-1.38627e-05,8.00175e-05,-2.72155e-05,0.00148296,0.000204184,0.0467038,
0.00212073,9.23457e-05,-0.00186605,-0.000245283,-0.000561112,0.000297469,-1.31496e-05,9.23457e-05,0.0011582,0.00022382,-0.00120285,-0.000593024,0.000823805,-1.36708e-05,-0.00186605,0.00022382,0.0034721,-5.60611e-05,-0.00128862,0.000377786,8.00815e-05,-0.000245283,-0.00120285,-5.60611e-05,0.00319337,-0.000915598,-0.0014284,-2.71807e-05,-0.000561112,-0.000593024,-0.00128862,-0.000915598,0.0257643,-0.000266153,0.00148011,0.000297469,0.000823805,0.000377786,-0.0014284,-0.000266153,0.0247892,0.000203971,-1.31496e-05,-1.36708e-05,8.00815e-05,-2.71808e-05,0.00148011,0.000203971,0.0467034,
0.00212364,9.32707e-05,-0.00186592,-0.000246975,-0.00056662,0.000299217,-1.28814e-05,9.32707e-05,0.0011583,0.000225072,-0.0012033,-0.000592774,0.000821361,-1.34779e-05,-0.00186592,0.000225072,0.00347196,-5.69645e-05,-0.00129167,0.000377408,8.01458e-05,-0.000246975,-0.0012033,-5.69645e-05,0.00319332,-0.000911186,-0.00143251,-2.7153e-05,-0.00056662,-0.000592774,-0.00129167,-0.000911186,0.0257653,-0.000262695,0.00147724,0.000299217,0.000821361,0.000377408,-0.00143251,-0.000262695,0.0247881,0.000203756,-1.28814e-05,-1.34779e-05,8.01458e-05,-2.7153e-05,0.00147724,0.000203756,0.046703,
0.00212655,9.4198e-05,-0.00186579,-0.000248663,-0.00057206,0.00030094,-1.26098e-05,9.4198e-05,0.00115839,0.000226318,-0.00120375,-0.000592548,0.000818924,-1.32859e-05,-0.00186579,0.000226318,0.00347182,-5.78724e-05,-0.00129466,0.000377052,8.02109e-05,-0.000248663,-0.00120375,-5.78724e-05,0.00319327,-0.000906833,-0.00143656,-2.71251e-05,-0.00057206,-0.000592548,-0.00129466,-0.000906833,0.0257664,-0.000259291,0.00147439,0.00030094,0.000818924,0.000377052,-0.00143656,-0.000259291,0.024787,0.000203536,-1.26098e-05,-1.32859e-05,8.02109e-05,-2.71251e-05,0.00147439,0.000203536,0.0467026,
0.00212946,9.51268e-05,-0.00186566,-0.000250344,-0.000577513,0.00030262,-1.23371e-05,9.51268e-05,0.00115849,0.000227556,-0.00120419,-0.000592302,0.00081648,-1.30935e-05,-0.00186566,0.000227556,0.00347168,-5.87829e-05,-0.00129766,0.000376662,8.02764e-05,-0.000250344,-0.00120419,-5.87829e-05,0.00319321,-0.000902457,-0.0014406,-2.71021e-05,-0.000577513,-0.000592302,-0.00129766,-0.000902457,0.0257677,-0.000255853,0.00147154,0.00030262,0.00081648,0.000376662,-0.0014406,-0.000255853,0.024786,0.000203311,-1.23371e-05,-1.30935e-05,8.02764e-05,-2.71021e-05,0.00147154,0.000203311,0.0467022,
0.00213237,9.60575e-05,-0.00186552,-0.00025202,-0.000582926,0.00030427,-1.20618e-05,9.60575e-05,0.00115859,0.000228786,-0.00120463,-0.000592064,0.000814037,-1.29017e-05,-0.00186552,0.000228786,0.00347153,-5.96971e-05,-0.00130062,0.000376277,8.03424e-05,-0.00025202,-0.00120463,-5.96971e-05,0.00319316,-0.00089811,-0.00144459,-2.70804e-05,-0.000582926,-0.000592064,-0.00130062,-0.00089811,0.0257691,-0.000252434,0.0014687,0.00030427,0.000814037,0.000376277,-0.00144459,-0.000252434,0.024785,0.000203082,-1.20618e-05,-1.29017e-05,8.03424e-05,-2.70804e-05,0.0014687,0.000203082,0.0467018,
0.00213528,9.69899e-05,-0.00186537,-0.000253689,-0.000588333,0.000305882,-1.17849e-05,9.69899e-05,0.00115869,0.000230009,-0.00120506,-0.000591818,0.000811591,-1.27099e-05,-0.00186537,0.000230009,0.00347138,-6.06141e-05,-0.00130358,0.00037587,8.04089e-05,-0.000253689,-0.00120506,-6.06141e-05,0.00319309,-0.000893759,-0.00144857,-2.70625e-05,-0.000588333,-0.000591818,-0.00130358,-0.000893759,0.0257705,-0.000249003,0.00146586,0.000305882,0.000811591,0.00037587,-0.00144857,-0.000249003,0.024784,0.000202849,-1.17849e-05,-1.27099e-05,8.04089e-05,-2.70625e-05,0.00146586,0.000202849,0.0467014,
0.0021382,9.7924e-05,-0.00186523,-0.000255353,-0.000593713,0.000307462,-1.15058e-05,9.7924e-05,0.00115879,0.000231225,-0.00120549,-0.000591573,0.000809144,-1.25184e-05,-0.00186523,0.000231225,0.00347122,-6.15346e-05,-0.00130651,0.00037546,8.04759e-05,-0.000255353,-0.00120549,-6.15346e-05,0.00319302,-0.000889426,-0.00145251,-2.70465e-05,-0.000593713,-0.000591573,-0.00130651,-0.000889426,0.0257721,-0.000245578,0.00146303,0.000307462,0.000809144,0.00037546,-0.00145251,-0.000245578,0.024783,0.000202612,-1.15058e-05,-1.25184e-05,8.04759e-05,-2.70465e-05,0.00146303,0.000202612,0.046701,
0.00214112,9.88601e-05,-0.00186508,-0.000257012,-0.000599079,0.000309006,-1.1225e-05,9.88601e-05,0.0011589,0.000232434,-0.00120592,-0.000591324,0.000806696,-1.23269e-05,-0.00186508,0.000232434,0.00347106,-6.24583e-05,-0.00130942,0.000375034,8.05434e-05,-0.000257012,-0.00120592,-6.24583e-05,0.00319295,-0.000885097,-0.00145642,-2.70338e-05,-0.000599079,-0.000591324,-0.00130942,-0.000885097,0.0257738,-0.000242149,0.00146021,0.000309006,0.000806696,0.000375034,-0.00145642,-0.000242149,0.0247821,0.00020237,-1.1225e-05,-1.23269e-05,8.05434e-05,-2.70338e-05,0.00146021,0.00020237,0.0467006,
0.00214404,9.97974e-05,-0.00186492,-0.000258664,-0.000604421,0.000310516,-1.09422e-05,9.97974e-05,0.001159,0.000233636,-0.00120634,-0.000591074,0.000804247,-1.21359e-05,-0.00186492,0.000233636,0.0034709,-6.33846e-05,-0.00131231,0.000374601,8.06114e-05,-0.000258664,-0.00120634,-6.33846e-05,0.00319287,-0.000880781,-0.0014603,-2.70233e-05,-0.000604421,-0.000591074,-0.00131231,-0.000880781,0.0257756,-0.000238721,0.00145739,0.000310516,0.000804247,0.000374601,-0.0014603,-0.000238721,0.0247811,0.000202124,-1.09422e-05,-1.21359e-05,8.06114e-05,-2.70233e-05,0.00145739,0.000202124,0.0467002,
0.00214696,0.000100737,-0.00186476,-0.00026031,-0.000609746,0.000311992,-1.06576e-05,0.000100737,0.00115911,0.000234831,-0.00120676,-0.000590822,0.000801797,-1.19449e-05,-0.00186476,0.000234831,0.00347074,-6.43141e-05,-0.00131519,0.000374156,8.06798e-05,-0.00026031,-0.00120676,-6.43141e-05,0.00319278,-0.000876474,-0.00146415,-2.70157e-05,-0.000609746,-0.000590822,-0.00131519,-0.000876474,0.0257775,-0.000235292,0.00145458,0.000311992,0.000801797,0.000374156,-0.00146415,-0.000235292,0.0247803,0.000201874,-1.06576e-05,-1.19449e-05,8.06798e-05,-2.70157e-05,0.00145458,0.000201874,0.0466998,
