0.00445758,-5.83917e-05,-0.000348955,-7.87139e-08,-0.00142341,0.000331064,-0.000104739,-0.000478048,0.00051234,0.000816582,7.25142e-05,-0.000254633,-0.000186018,-0.000591606,-0.000308295,-5.89202e-05,0.00445937,-6.86165e-06,-0.00112668,0.000985223,-7.15146e-05,-0.00100099,-9.67866e-05,0.00209767,0.000172983,-0.00108546,-0.000324033,-0.00126116,-0.00148232,0.000194742,-0.00104733,1.00941e-05,0.0328172,0.000183486,-0.001181,-7.41486e-05,-8.93501e-05,0.00182123,7.00003e-05,-0.000236855,0.0243933,-0.00026297,-0.000138734,-6.61617e-05,-5.1502e-05,5.77567e-06,-0.00114365,0.000236559,0.0466225,
0.00445999,-6.3462e-05,-0.000349902,-1.2059e-07,-0.0014138,0.000368892,-0.000105433,-0.000487773,0.000510653,0.000812042,7.17307e-05,-0.000231837,-0.000165805,-0.000604447,-0.000305456,-6.33906e-05,0.00443797,-7.26488e-06,-0.00108916,0.00106419,-6.81486e-05,-0.00101148,-9.90579e-05,0.00209724,0.000171021,-0.00104203,-0.000265538,-0.00129249,-0.001474,0.000199395,-0.00101013,1.00537e-05,0.0327841,0.000158726,-0.00118137,-3.88593e-05,-9.43456e-05,0.00189797,6.89109e-05,-0.000245539,0.024463,-0.000278121,-0.000140377,-6.56751e-05,-5.24888e-05,5.75419e-06,-0.00114045,0.000233739,0.0466213,
0.00446223,-6.89111e-05,-0.0003525,-1.93305e-07,-0.00140101,0.000412509,-0.000106018,-0.000495876,0.000508965,0.000803335,7.09311e-05,-0.000207989,-0.000146468,-0.000617249,-0.000303892,-6.81459e-05,0.00441377,-7.68048e-06,-0.00104819,0.00114725,-6.44643e-05,-0.00101708,-0.000101345,0.00208751,0.000169012,-0.000995262,-0.000207504,-0.0013238,-0.00146258,0.000203681,-0.000969394,1.00416e-05,0.0327497,0.000133114,-0.0011827,4.50744e-06,-0.000100014,0.00197474,6.77598e-05,-0.000253574,0.0245404,-0.000293307,-0.000142026,-6.51142e-05,-5.38259e-05,5.73192e-06,-0.0011378,0.000230388,0.0466201,
0.00446412,-7.46124e-05,-0.000357031,-2.9727e-07,-0.00138501,0.000461219,-0.000106427,-0.000502476,0.00050733,0.000791004,7.01363e-05,-0.000183734,-0.000128717,-0.000629742,-0.000303966,-7.30598e-05,0.00438706,-8.09828e-06,-0.00100451,0.00123241,-6.05097e-05,-0.0010184,-0.000103582,0.00206948,0.00016701,-0.000946522,-0.000151736,-0.00135441,-0.00144799,0.000207527,-0.000925838,1.00531e-05,0.0327144,0.000107586,-0.00118488,5.50073e-05,-0.000106283,0.00204996,6.65715e-05,-0.000260573,0.0246244,-0.000308157,-0.000143657,-6.44929e-05,-5.54283e-05,5.71016e-06,-0.00113571,0.000226536,0.0466191,
0.00446549,-8.03922e-05,-0.000363695,-4.44341e-07,-0.00136711,0.000515198,-0.000105889,-0.000507868,0.000505711,0.000775819,6.93797e-05,-0.000158029,-0.000114288,-0.000642671,-0.000305911,-7.7952e-05,0.00435814,-8.52515e-06,-0.000960277,0.00131903,-5.5506e-05,-0.00101628,-0.000105663,0.00204472,0.00016504,-0.0008983,-9.8576e-05,-0.00138316,-0.00142995,0.000211515,-0.000880194,9.94317e-06,0.0326654,9.34091e-05,-0.00118009,0.000111073,-0.000113803,0.0021226,6.5529e-05,-0.000250693,0.0247021,-0.000331304,-0.000145271,-6.38493e-05,-5.71991e-05,5.69548e-06,-0.00113366,0.000221819,0.0466177,
0.00446611,-8.62385e-05,-0.00037259,-6.11402e-07,-0.00134551,0.000572076,-0.000105497,-0.000512282,0.000504256,0.000758602,6.86456e-05,-0.000133972,-0.000101447,-0.000654518,-0.00030996,-8.28326e-05,0.00432738,-8.93022e-06,-0.000913841,0.00140386,-5.08186e-05,-0.00101172,-0.000107643,0.00201497,0.000163153,-0.000849853,-5.02789e-05,-0.001411,-0.00140908,0.000214617,-0.000833072,9.93166e-06,0.0326244,7.48454e-05,-0.0011804,0.000172042,-0.000121339,0.00219185,6.43882e-05,-0.000248375,0.0247916,-0.000348144,-0.000146837,-6.31744e-05,-5.90332e-05,5.68036e-06,-0.00113238,0.000217181,0.0466166,
0.0044658,-9.20484e-05,-0.000383737,-7.97972e-07,-0.00132064,0.000631167,-0.000105096,-0.000515979,0.000502968,0.000740145,6.79454e-05,-0.000111695,-9.0498e-05,-0.000665387,-0.000316201,-8.76074e-05,0.00429519,-9.31124e-06,-0.000866079,0.00148586,-4.63548e-05,-0.00100559,-0.000109493,0.00198194,0.000161365,-0.000802367,-7.05569e-06,-0.0014376,-0.00138558,0.000216936,-0.000785112,9.98669e-06,0.0325893,5.43568e-05,-0.00118428,0.000236661,-0.000128944,0.00225721,6.31957e-05,-0.000250534,0.0248897,-0.000360256,-0.000148348,-6.24858e-05,-6.08482e-05,5.66636e-06,-0.00113173,0.000212638,0.0466155,
0.00446448,-9.76832e-05,-0.000397082,-1.01352e-06,-0.00129406,0.000692602,-0.000103961,-0.000519214,0.000501777,0.000721141,6.73017e-05,-8.98687e-05,-8.26633e-05,-0.000676156,-0.000324595,-9.21429e-05,0.00426197,-9.67933e-06,-0.000819018,0.00156513,-4.13477e-05,-0.00099852,-0.000111146,0.00194711,0.000159681,-0.000757768,3.19165e-05,-0.00146216,-0.00135932,0.000219098,-0.000736933,9.96718e-06,0.0325471,4.27497e-05,-0.00118395,0.000303311,-0.000137239,0.00231832,6.21199e-05,-0.000241709,0.0249838,-0.000376407,-0.000149811,-6.18134e-05,-6.25811e-05,5.65902e-06,-0.0011312,0.000207781,0.0466143,
0.00446199,-0.000103144,-0.000412498,-1.23937e-06,-0.00126457,0.000754423,-0.000102942,-0.000522063,0.000500773,0.000702148,6.66972e-05,-7.06805e-05,-7.62841e-05,-0.000685705,-0.00033513,-9.6468e-05,0.00422817,-1.00142e-05,-0.000771448,0.00163955,-3.68387e-05,-0.000991083,-0.000112671,0.00191171,0.00015812,-0.000715227,6.5679e-05,-0.00148544,-0.0013311,0.000220375,-0.000689041,1.00322e-05,0.0325141,2.78889e-05,-0.00118844,0.000371535,-0.000145292,0.0023749,6.09846e-05,-0.000240109,0.0250869,-0.000386195,-0.000151198,-6.11374e-05,-6.41842e-05,5.65192e-06,-0.00113138,0.000203178,0.0466132,
0.00445828,-0.000108339,-0.000429808,-1.47965e-06,-0.00123327,0.00081647,-0.000101629,-0.000524639,0.000499904,0.000683601,6.61437e-05,-5.32931e-05,-7.19131e-05,-0.000694574,-0.00034765,-0.000100506,0.00419422,-1.03232e-05,-0.000724701,0.00170923,-3.23922e-05,-0.000983593,-0.000114039,0.00187667,0.000156682,-0.000675824,9.50331e-05,-0.00150702,-0.001301,0.00022116,-0.00064194,1.00983e-05,0.0324824,1.60549e-05,-0.00119313,0.000440136,-0.000153435,0.00242679,5.98897e-05,-0.00023667,0.025191,-0.000394883,-0.000152508,-6.0475e-05,-6.56276e-05,5.64806e-06,-0.00113194,0.000198579,0.0466122,
0.0044533,-0.000113258,-0.000448789,-1.72368e-06,-0.00119975,0.000877498,-0.000100466,-0.000526934,0.000499209,0.000665812,6.56312e-05,-3.8778e-05,-6.85368e-05,-0.000702202,-0.000362012,-0.000104273,0.00416052,-1.05968e-05,-0.000678325,0.00177311,-2.85462e-05,-0.000976276,-0.000115294,0.0018427,0.000155372,-0.000639115,0.000119793,-0.0015273,-0.0012697,0.000221113,-0.000596023,1.02425e-05,0.0324603,9.9647e-07,-0.00120251,0.000508695,-0.000161168,0.00247387,5.87521e-05,-0.00024049,0.0253024,-0.000397445,-0.000153717,-5.98148e-05,-6.68956e-05,5.64398e-06,-0.00113321,0.000194248,0.0466114,
0.00444711,-0.000117799,-0.000469196,-1.98323e-06,-0.00116586,0.000938099,-9.86247e-05,-0.000529026,0.00049858,0.000649002,6.51782e-05,-2.51549e-05,-6.74559e-05,-0.00070974,-0.000377933,-0.000107677,0.00412746,-1.08521e-05,-0.000634393,0.0018323,-2.43661e-05,-0.000969171,-0.000116387,0.00181028,0.000154177,-0.000606579,0.000141402,-0.00154556,-0.00123689,0.000221012,-0.00055173,1.03056e-05,0.0324319,-4.9276e-06,-0.00120744,0.000575849,-0.000169241,0.00251623,5.77527e-05,-0.000233706,0.0254061,-0.000404154,-0.000154841,-5.91901e-05,-6.79788e-05,5.64568e-06,-0.00113449,0.000189716,0.0466105,
0.00443971,-0.000121973,-0.000490761,-2.24812e-06,-0.00113118,0.000997206,-9.65596e-05,-0.000530854,0.000498052,0.000633298,6.47732e-05,-1.33884e-05,-6.76499e-05,-0.000716654,-0.000395208,-0.000110756,0.00409539,-1.10809e-05,-0.000592329,0.00188606,-2.03764e-05,-0.000962317,-0.000117364,0.00177971,0.000153099,-0.000577554,0.000159725,-0.00156227,-0.00120323,0.000220528,-0.000509339,1.03662e-05,0.0324053,-8.10671e-06,-0.00121241,0.000641409,-0.000177164,0.00255391,5.6805e-05,-0.00022551,0.0255085,-0.000409962,-0.000155859,-5.85903e-05,-6.88802e-05,5.64971e-06,-0.00113608,0.000185268,0.0466096,
0.00443118,-0.000125765,-0.000513209,-2.51592e-06,-0.00109605,0.00105442,-9.43008e-05,-0.000532385,0.00049761,0.000618764,6.44141e-05,-3.41516e-06,-6.88811e-05,-0.000722977,-0.000413585,-0.000113515,0.00406459,-1.12841e-05,-0.000552363,0.00193446,-1.6605e-05,-0.000955676,-0.00011824,0.00175117,0.000152133,-0.000551986,0.000175156,-0.00157751,-0.00116903,0.000219705,-0.000469095,1.0424e-05,0.0323805,-8.76387e-06,-0.00121737,0.000704956,-0.000184872,0.00258704,5.59108e-05,-0.0002161,0.0256086,-0.000414941,-0.000156766,-5.80186e-05,-6.96079e-05,5.65581e-06,-0.00113793,0.000180941,0.0466088,
0.00442151,-0.000129255,-0.00053625,-2.76714e-06,-0.00105894,0.00110801,-9.29082e-05,-0.000533463,0.000497354,0.000605388,6.40741e-05,2.39392e-06,-6.90033e-05,-0.000727349,-0.000432905,-0.000116061,0.00403536,-1.14431e-05,-0.00051263,0.00197602,-1.42278e-05,-0.000949255,-0.000119106,0.00172473,0.000151289,-0.000528166,0.00018681,-0.00159227,-0.00113551,0.000217688,-0.000431003,1.06643e-05,0.032377,-2.23381e-05,-0.00123327,0.000767179,-0.000191316,0.00261563,5.48656e-05,-0.000227049,0.0257228,-0.00040705,-0.000157521,-5.74413e-05,-7.01824e-05,5.65611e-06,-0.00114078,0.000177378,0.0466085,
0.00441097,-0.000132276,-0.000559656,-3.03486e-06,-0.00102375,0.00116059,-9.03538e-05,-0.000534281,0.000497043,0.00059319,6.37975e-05,9.05493e-06,-7.16585e-05,-0.000732587,-0.000452727,-0.000118222,0.00400784,-1.15988e-05,-0.000477337,0.00201418,-1.09435e-05,-0.00094282,-0.000119825,0.00170034,0.000150528,-0.000509158,0.000197545,-0.00160482,-0.00110113,0.000216319,-0.000395535,1.0715e-05,0.032356,-1.87848e-05,-0.0012381,0.000825846,-0.000198433,0.00264029,5.40808e-05,-0.000215774,0.0258168,-0.000410621,-0.000158194,-5.69333e-05,-7.06063e-05,5.66538e-06,-0.00114303,0.000173385,0.0466077,
0.00439961,-0.00013492,-0.000583165,-3.30006e-06,-0.000988921,0.00121058,-8.76972e-05,-0.000534695,0.000496778,0.000582099,6.35576e-05,1.42352e-05,-7.47576e-05,-0.000737341,-0.000472906,-0.000120113,0.00398221,-1.17328e-05,-0.000444508,0.00204759,-7.92142e-06,-0.000936357,-0.000120486,0.00167796,0.00014986,-0.000493172,0.000206412,-0.00161618,-0.00106703,0.000214743,-0.000362611,1.07627e-05,0.0323368,-1.35436e-05,-0.00124281,0.000881784,-0.000205192,0.0026611,5.33491e-05,-0.000203934,0.025907,-0.000413566,-0.000158751,-5.64603e-05,-7.09034e-05,5.67582e-06,-0.00114542,0.0001696,0.0466071,
0.00438754,-0.0001372,-0.000606552,-3.56145e-06,-0.000954651,0.00125786,-8.4967e-05,-0.000534682,0.000496549,0.000572048,6.33512e-05,1.80573e-05,-7.81489e-05,-0.000741646,-0.000493219,-0.000121754,0.00395857,-1.18467e-05,-0.000414174,0.00207658,-5.16528e-06,-0.000929786,-0.0001211,0.00165747,0.000149276,-0.000480012,0.000213689,-0.00162642,-0.00103342,0.000213002,-0.000332266,1.08077e-05,0.0323194,-6.90705e-06,-0.00124737,0.000934904,-0.000211564,0.00267834,5.26694e-05,-0.000191742,0.025993,-0.000415947,-0.000159194,-5.60236e-05,-7.10923e-05,5.68718e-06,-0.0011479,0.000166048,0.0466064,
0.0043749,-0.000139135,-0.000629614,-3.81802e-06,-0.000921131,0.00130241,-8.21898e-05,-0.000534224,0.000496347,0.000562957,6.31754e-05,2.06463e-05,-8.17039e-05,-0.000745534,-0.000513464,-0.000123169,0.00393699,-1.19421e-05,-0.000386331,0.00210146,-2.67425e-06,-0.000923031,-0.000121675,0.00163874,0.00014877,-0.000469471,0.000219621,-0.00163563,-0.0010005,0.000211134,-0.000304498,1.08503e-05,0.0323036,8.40506e-07,-0.00125176,0.000985167,-0.000217529,0.00269233,5.20405e-05,-0.000179401,0.0260744,-0.000417822,-0.000159527,-5.56236e-05,-7.11911e-05,5.69925e-06,-0.00115045,0.000162742,0.0466059,
0.00436181,-0.000140742,-0.000652173,-4.06886e-06,-0.000888516,0.00134422,-7.93903e-05,-0.000533316,0.000496163,0.000554743,6.30267e-05,2.21261e-05,-8.53165e-05,-0.000749036,-0.000533458,-0.000124381,0.00391748,-1.20206e-05,-0.000360943,0.00212259,-4.43865e-07,-0.000916034,-0.000122221,0.00162164,0.000148334,-0.000461339,0.00022442,-0.00164389,-0.000968425,0.000209174,-0.00027927,1.08905e-05,0.0322895,9.43002e-06,-0.00125596,0.00103258,-0.000223073,0.00270336,5.14603e-05,-0.000167095,0.0261512,-0.000419248,-0.000159756,-5.52603e-05,-7.12172e-05,5.71179e-06,-0.00115303,0.000159694,0.0466053,
0.0043484,-0.000142046,-0.000674077,-4.31333e-06,-0.000856936,0.00138331,-7.65908e-05,-0.000531959,0.000495992,0.000547323,6.29028e-05,2.26173e-05,-8.89004e-05,-0.000752181,-0.000553043,-0.000125412,0.00390004,-1.20839e-05,-0.000337949,0.00214029,1.53336e-06,-0.000908749,-0.000122742,0.00160601,0.000147962,-0.000455404,0.000228268,-0.00165126,-0.000937335,0.000207156,-0.000256517,1.09289e-05,0.0322768,1.86126e-05,-0.00125996,0.00107718,-0.00022819,0.00271171,5.09272e-05,-0.000154994,0.0262232,-0.000420275,-0.000159887,-5.49334e-05,-7.1187e-05,5.72464e-06,-0.00115561,0.000156906,0.0466048,
0.00433478,-0.00014307,-0.000695197,-4.55083e-06,-0.000826497,0.00141977,-7.38113e-05,-0.000530163,0.000495827,0.000540615,6.28005e-05,2.22362e-05,-9.23877e-05,-0.000754995,-0.000572083,-0.000126282,0.00388462,-1.21333e-05,-0.00031727,0.00215491,3.26731e-06,-0.000901144,-0.000123244,0.00159172,0.000147647,-0.000451458,0.000231323,-0.00165783,-0.000907338,0.000205107,-0.000236156,1.09655e-05,0.0322656,2.81629e-05,-0.00126375,0.00111905,-0.000232881,0.00271768,5.0439e-05,-0.000143243,0.0262902,-0.000420952,-0.000159928,-5.46417e-05,-7.11151e-05,5.73758e-06,-0.00115817,0.000154381,0.0466043,
0.00432109,-0.000143838,-0.00071543,-4.78094e-06,-0.000797279,0.00145366,-7.10692e-05,-0.000527945,0.000495667,0.000534541,6.27176e-05,2.10927e-05,-9.57265e-05,-0.000757503,-0.000590464,-0.000127011,0.00387117,-1.21704e-05,-0.000298809,0.00216675,4.76974e-06,-0.000893204,-0.000123729,0.00157863,0.000147384,-0.0004493,0.000233713,-0.00166364,-0.000878522,0.000203053,-0.000218083,1.10006e-05,0.0322556,3.78807e-05,-0.00126732,0.00115826,-0.00023715,0.00272153,4.99934e-05,-0.000131969,0.0263523,-0.000421324,-0.000159886,-5.43843e-05,-7.10145e-05,5.75049e-06,-0.00116068,0.000152113,0.0466039,
0.00430741,-0.000144373,-0.000734693,-5.00332e-06,-0.000769346,0.00148509,-6.83801e-05,-0.000525328,0.000495506,0.000529029,6.26516e-05,1.929e-05,-9.88789e-05,-0.000759728,-0.000608093,-0.000127616,0.00385961,-1.21965e-05,-0.000282459,0.00217612,6.05373e-06,-0.000884924,-0.000124201,0.0015666,0.000147166,-0.00044874,0.000235551,-0.00166877,-0.000850953,0.000201016,-0.000202186,1.10344e-05,0.0322468,4.75916e-05,-0.00127068,0.00119492,-0.000241008,0.00272352,4.95883e-05,-0.000121275,0.0264096,-0.00042143,-0.00015977,-5.41596e-05,-7.08964e-05,5.76322e-06,-0.00116313,0.000150097,0.0466034,
0.00429385,-0.000144702,-0.000752925,-5.21771e-06,-0.00074274,0.00151417,-6.5757e-05,-0.000522339,0.000495345,0.000524013,6.26004e-05,1.69241e-05,-0.000101819,-0.000761691,-0.000624897,-0.000128114,0.00384984,-1.22128e-05,-0.000268104,0.00218331,7.13328e-06,-0.000876314,-0.00012466,0.00155554,0.000146988,-0.000449593,0.000236927,-0.00167326,-0.000824679,0.000199015,-0.00018834,1.1067e-05,0.0322391,5.7147e-05,-0.00127382,0.00122913,-0.000244468,0.00272389,4.92215e-05,-0.000111246,0.026462,-0.000421307,-0.000159587,-5.39661e-05,-7.07701e-05,5.77568e-06,-0.00116551,0.000148324,0.046603,
0.00425278,-0.000199429,-0.000703248,-0.000117272,-0.000743038,0.00151077,-0.000129782,-0.000199429,0.00112477,-0.000251499,0.00135267,0.000308755,0.000244464,4.443e-06,-0.000703248,-0.000251499,0.00399234,-0.00026422,-0.000313182,0.00212039,-0.000141964,-0.000117272,0.00135267,-0.00026422,0.00317497,0.000239965,0.00105707,0.000125138,-0.000743038,0.000308755,-0.000313182,0.000239965,0.0322846,0.000128335,-0.00114053,0.00151077,0.000244464,0.00212039,0.00105707,0.000128335,0.0267826,0.00017907,-0.000129782,4.44296e-06,-0.000141964,0.000125138,-0.00114053,0.00017907,0.0466737,
0.00423914,-0.000201322,-0.000715893,-0.000122174,-0.000720497,0.00153366,-0.000130055,-0.000201322,0.0011252,-0.000251656,0.00135332,0.000307095,0.000241115,4.69769e-06,-0.000715893,-0.000251656,0.00399,-0.000263878,-0.000307642,0.00211914,-0.000141783,-0.000122174,0.00135332,-0.000263878,0.00317576,0.000242117,0.00105342,0.000125349,-0.000720497,0.000307095,-0.000307642,0.000242117,0.0322842,0.000135794,-0.00114338,0.00153366,0.000241115,0.00211914,0.00105342,0.000135794,0.0268131,0.000177941,-0.000130055,4.69769e-06,-0.000141783,0.000125349,-0.00114338,0.000177941,0.0466738,
0.0042262,-0.000202872,-0.000727233,-0.000126773,-0.000699828,0.00155427,-0.000130264,-0.000202872,0.00112556,-0.000251559,0.0013539,0.000305567,0.000238306,4.89236e-06,-0.000727233,-0.00025156,0.00398908,-0.000263297,-0.000303876,0.0021166,-0.000141582,-0.000126773,0.0013539,-0.000263297,0.00317645,0.000243778,0.00104988,0.00012555,-0.000699828,0.000305566,-0.000303876,0.000243778,0.0322835,0.00014237,-0.00114573,0.00155427,0.000238306,0.0021166,0.00104988,0.00014237,0.0268388,0.000177114,-0.000130264,4.89237e-06,-0.000141582,0.00012555,-0.00114573,0.000177114,0.0466738,
0.00421402,-0.00020419,-0.000737552,-0.000131001,-0.000680921,0.0015729,-0.000130405,-0.00020419,0.00112588,-0.000251364,0.00135445,0.000304256,0.000235756,5.05262e-06,-0.000737552,-0.000251364,0.00398854,-0.000262673,-0.000300837,0.00211388,-0.000141356,-0.000131002,0.00135445,-0.000262673,0.00317712,0.000244901,0.00104645,0.000125765,-0.000680921,0.000304256,-0.000300837,0.000244901,0.0322819,0.000148346,-0.00114748,0.0015729,0.000235756,0.00211388,0.00104645,0.000148346,0.0268618,0.000176514,-0.000130405,5.05267e-06,-0.000141356,0.000125765,-0.00114748,0.000176514,0.0466737,
0.00420259,-0.000205336,-0.000746988,-0.000134872,-0.0006636,0.00158979,-0.000130498,-0.000205336,0.00112618,-0.000251132,0.00135496,0.000303127,0.000233394,5.18952e-06,-0.000746988,-0.000251132,0.00398816,-0.000262058,-0.00029823,0.00211123,-0.00014112,-0.000134872,0.00135496,-0.000262058,0.00317777,0.000245641,0.00104318,0.000125986,-0.0006636,0.000303127,-0.00029823,0.000245641,0.0322797,0.000153878,-0.00114877,0.00158979,0.000233394,0.00211123,0.00104318,0.000153878,0.0268829,0.000176084,-0.000130498,5.18949e-06,-0.00014112,0.000125986,-0.00114877,0.000176084,0.0466736,
0.00419187,-0.000206348,-0.000755637,-0.000138414,-0.0006477,0.00160514,-0.000130557,-0.000206348,0.00112646,-0.00025089,0.00135545,0.000302132,0.000231196,5.30886e-06,-0.000755637,-0.00025089,0.00398785,-0.000261466,-0.000295938,0.00210869,-0.000140886,-0.000138414,0.00135545,-0.000261466,0.0031784,0.000246132,0.00104012,0.000126205,-0.0006477,0.000302132,-0.000295938,0.000246132,0.0322771,0.000159055,-0.00114975,0.00160514,0.000231196,0.00210869,0.00104012,0.000159055,0.0269023,0.00017578,-0.000130557,5.30889e-06,-0.000140886,0.000126205,-0.00114975,0.00017578,0.0466735,
0.00418183,-0.000207252,-0.000763581,-0.000141657,-0.000633076,0.00161911,-0.000130594,-0.000207252,0.00112671,-0.00025065,0.0013559,0.000301237,0.00022915,5.41472e-06,-0.000763581,-0.00025065,0.0039876,-0.000260903,-0.000293893,0.00210629,-0.00014066,-0.000141657,0.0013559,-0.000260903,0.00317899,0.000246464,0.00103727,0.000126418,-0.000633076,0.000301237,-0.000293893,0.000246464,0.0322744,0.000163933,-0.00115053,0.00161911,0.00022915,0.00210629,0.00103727,0.000163933,0.0269202,0.000175572,-0.000130594,5.41472e-06,-0.00014066,0.000126418,-0.00115053,0.000175572,0.0466734,
0.00417242,-0.000208063,-0.00077089,-0.00014463,-0.000619601,0.00163186,-0.000130616,-0.000208063,0.00112695,-0.00025042,0.00135632,0.00030042,0.000227245,5.50962e-06,-0.00077089,-0.00025042,0.00398738,-0.00026037,-0.000292053,0.00210404,-0.000140447,-0.00014463,0.00135632,-0.00026037,0.00317955,0.000246693,0.00103462,0.000126621,-0.000619601,0.00030042,-0.000292053,0.000246693,0.0322718,0.000168546,-0.00115115,0.00163186,0.000227245,0.00210404,0.00103462,0.000168546,0.0269368,0.000175436,-0.000130616,5.50961e-06,-0.000140447,0.000126621,-0.00115115,0.000175436,0.0466733,
0.00416361,-0.000208797,-0.000777629,-0.000147361,-0.000607162,0.00164353,-0.000130628,-0.000208797,0.00112717,-0.000250203,0.00135671,0.000299666,0.000225471,5.59544e-06,-0.000777629,-0.000250203,0.00398719,-0.000259868,-0.000290385,0.00210193,-0.000140247,-0.000147361,0.00135671,-0.000259868,0.00318008,0.000246855,0.00103215,0.000126814,-0.000607162,0.000299666,-0.000290385,0.000246855,0.0322694,0.000172918,-0.00115168,0.00164353,0.000225471,0.00210193,0.00103215,0.000172918,0.0269522,0.000175354,-0.000130628,5.59545e-06,-0.000140247,0.000126814,-0.00115168,0.000175354,0.0466731,
0.00415536,-0.000209464,-0.000783853,-0.000149872,-0.000595658,0.00165423,-0.000130632,-0.000209464,0.00112737,-0.000249999,0.00135707,0.000298965,0.000223818,5.67366e-06,-0.000783853,-0.000249999,0.00398701,-0.000259395,-0.000288864,0.00209995,-0.00014006,-0.000149872,0.00135707,-0.000259395,0.00318057,0.000246973,0.00102986,0.000126996,-0.000595658,0.000298965,-0.000288864,0.000246973,0.0322672,0.000177066,-0.00115214,0.00165423,0.000223818,0.00209995,0.00102986,0.000177066,0.0269665,0.000175315,-0.000130632,5.67367e-06,-0.00014006,0.000126996,-0.00115214,0.000175315,0.046673,
0.00414762,-0.000210073,-0.000789613,-0.000152187,-0.000585,0.00166406,-0.000130631,-0.000210073,0.00112756,-0.000249809,0.00135741,0.000298309,0.000222276,5.74535e-06,-0.000789613,-0.000249809,0.00398685,-0.00025895,-0.000287469,0.0020981,-0.000139887,-0.000152187,0.00135741,-0.00025895,0.00318104,0.000247061,0.00102772,0.000127167,-0.000585,0.000298309,-0.000287469,0.000247061,0.0322651,0.000181005,-0.00115254,0.00166406,0.000222276,0.0020981,0.00102772,0.000181005,0.0269799,0.000175308,-0.000130631,5.74536e-06,-0.000139887,0.000127167,-0.00115254,0.000175308,0.0466728,
0.00414036,-0.000210631,-0.000794954,-0.000154324,-0.000575107,0.00167311,-0.000130626,-0.000210631,0.00112773,-0.000249633,0.00135773,0.000297694,0.000220835,5.81143e-06,-0.000794954,-0.000249633,0.0039867,-0.000258532,-0.000286184,0.00209638,-0.000139726,-0.000154324,0.00135773,-0.000258532,0.00318147,0.00024713,0.00102573,0.000127328,-0.000575107,0.000297694,-0.000286184,0.00024713,0.0322632,0.000184747,-0.0011529,0.00167311,0.000220835,0.00209638,0.00102573,0.000184747,0.0269924,0.000175326,-0.000130626,5.81143e-06,-0.000139726,0.000127328,-0.0011529,0.000175326,0.0466727,
0.00413354,-0.000211143,-0.000799918,-0.000156302,-0.000565906,0.00168147,-0.000130618,-0.000211143,0.0011279,-0.000249469,0.00135803,0.000297115,0.000219488,5.87264e-06,-0.000799918,-0.000249469,0.00398655,-0.000258139,-0.000284994,0.00209476,-0.000139577,-0.000156302,0.00135803,-0.000258139,0.00318188,0.000247185,0.00102387,0.00012748,-0.000565906,0.000297115,-0.000284994,0.000247185,0.0322615,0.000188304,-0.00115324,0.00168147,0.000219488,0.00209476,0.00102387,0.000188304,0.027004,0.000175361,-0.000130618,5.87262e-06,-0.000139577,0.00012748,-0.00115324,0.000175361,0.0466726,
0.00412713,-0.000211617,-0.000804541,-0.000158136,-0.000557332,0.00168921,-0.000130609,-0.000211617,0.00112805,-0.000249318,0.0013583,0.000296569,0.000218225,5.92956e-06,-0.000804541,-0.000249318,0.00398641,-0.000257771,-0.000283887,0.00209325,-0.000139438,-0.000158136,0.0013583,-0.000257771,0.00318226,0.00024723,0.00102213,0.000127622,-0.000557332,0.000296569,-0.000283887,0.00024723,0.03226,0.000191687,-0.00115354,0.00168921,0.000218225,0.00209325,0.00102213,0.000191687,0.027015,0.000175409,-0.000130609,5.92956e-06,-0.000139438,0.000127622,-0.00115354,0.000175409,0.0466724,
0.0041211,-0.000212054,-0.000808856,-0.000159841,-0.000549326,0.00169639,-0.000130598,-0.000212054,0.00112819,-0.000249178,0.00135856,0.000296052,0.000217038,5.9828e-06,-0.000808856,-0.000249178,0.00398627,-0.000257424,-0.000282854,0.00209184,-0.000139309,-0.000159841,0.00135856,-0.000257424,0.00318262,0.000247269,0.00102051,0.000127755,-0.000549326,0.000296052,-0.000282854,0.000247269,0.0322586,0.000194906,-0.00115383,0.00169639,0.000217038,0.00209184,0.00102051,0.000194906,0.0270252,0.000175465,-0.000130598,5.98279e-06,-0.000139309,0.000127755,-0.00115383,0.000175465,0.0466723,
0.00411541,-0.000212461,-0.000812893,-0.000161429,-0.000541833,0.00170307,-0.000130587,-0.000212461,0.00112833,-0.000249049,0.00135881,0.000295563,0.000215922,6.03277e-06,-0.000812893,-0.000249049,0.00398613,-0.000257097,-0.000281886,0.00209052,-0.000139189,-0.000161429,0.00135881,-0.000257097,0.00318295,0.000247303,0.00101898,0.000127881,-0.000541833,0.000295563,-0.000281886,0.000247303,0.0322573,0.000197972,-0.0011541,0.00170307,0.000215922,0.00209052,0.00101898,0.000197972,0.0270349,0.000175526,-0.000130587,6.03278e-06,-0.000139189,0.000127881,-0.0011541,0.000175526,0.0466722,
0.00411004,-0.00021284,-0.000816678,-0.000162912,-0.000534806,0.00170929,-0.000130575,-0.00021284,0.00112846,-0.00024893,0.00135904,0.000295097,0.000214868,6.07993e-06,-0.000816678,-0.00024893,0.00398599,-0.00025679,-0.000280975,0.00208928,-0.000139077,-0.000162912,0.00135904,-0.00025679,0.00318327,0.000247334,0.00101755,0.000127999,-0.000534806,0.000295097,-0.000280975,0.000247334,0.0322561,0.000200895,-0.00115435,0.00170929,0.000214868,0.00208928,0.00101755,0.000200895,0.027044,0.000175589,-0.000130575,6.07992e-06,-0.000139077,0.000127999,-0.00115435,0.000175589,0.0466721,
0.00410496,-0.000213194,-0.000820236,-0.000164299,-0.000528201,0.00171511,-0.000130562,-0.000213194,0.00112858,-0.000248819,0.00135925,0.000294655,0.000213873,6.12459e-06,-0.000820236,-0.000248819,0.00398586,-0.0002565,-0.000280114,0.00208811,-0.000138972,-0.000164299,0.00135925,-0.0002565,0.00318357,0.000247364,0.0010162,0.00012811,-0.000528201,0.000294655,-0.000280114,0.000247364,0.0322551,0.000203684,-0.0011546,0.00171511,0.000213873,0.00208811,0.0010162,0.000203684,0.0270526,0.000175652,-0.000130562,6.12459e-06,-0.000138972,0.00012811,-0.0011546,0.000175652,0.046672,
0.00410014,-0.000213526,-0.000823588,-0.000165601,-0.000521978,0.00172057,-0.000130549,-0.000213526,0.00112869,-0.000248717,0.00135946,0.000294233,0.000212929,6.16708e-06,-0.000823588,-0.000248717,0.00398572,-0.000256226,-0.000279298,0.00208702,-0.000138874,-0.000165601,0.00135946,-0.000256226,0.00318386,0.000247393,0.00101494,0.000128214,-0.000521978,0.000294233,-0.000279298,0.000247393,0.0322541,0.000206349,-0.00115483,0.00172057,0.000212929,0.00208702,0.00101494,0.000206349,0.0270607,0.000175711,-0.000130549,6.16708e-06,-0.000138874,0.000128214,-0.00115483,0.000175711,0.0466719,
0.00409556,-0.000213838,-0.000826754,-0.000166825,-0.000516102,0.00172569,-0.000130537,-0.000213838,0.0011288,-0.000248622,0.00135965,0.000293829,0.000212033,6.20767e-06,-0.000826754,-0.000248622,0.00398558,-0.000255967,-0.000278522,0.00208599,-0.000138783,-0.000166825,0.00135965,-0.000255967,0.00318413,0.000247421,0.00101374,0.000128313,-0.000516102,0.000293829,-0.000278522,0.000247421,0.0322533,0.000208899,-0.00115506,0.00172569,0.000212033,0.00208599,0.00101374,0.000208899,0.0270685,0.000175766,-0.000130537,6.20767e-06,-0.000138783,0.000128313,-0.00115506,0.000175766,0.0466718,
0.00409121,-0.000214132,-0.000829751,-0.00016798,-0.000510539,0.00173052,-0.000130524,-0.000214132,0.0011289,-0.000248534,0.00135983,0.000293443,0.00021118,6.24661e-06,-0.000829751,-0.000248534,0.00398544,-0.000255721,-0.000277781,0.00208502,-0.000138696,-0.00016798,0.00135983,-0.000255721,0.00318439,0.000247449,0.0010126,0.000128406,-0.000510539,0.000293443,-0.000277781,0.000247449,0.0322525,0.000211341,-0.00115529,0.00173052,0.00021118,0.00208502,0.0010126,0.000211341,0.0270758,0.000175816,-0.000130524,6.24661e-06,-0.000138696,0.000128406,-0.00115529,0.000175816,0.0466717,
0.00408706,-0.00021441,-0.000832597,-0.000169071,-0.00050526,0.00173508,-0.000130512,-0.00021441,0.001129,-0.000248452,0.00136001,0.000293072,0.000210366,6.28411e-06,-0.000832597,-0.000248452,0.0039853,-0.000255488,-0.000277072,0.0020841,-0.000138615,-0.000169071,0.00136001,-0.000255488,0.00318463,0.000247477,0.00101153,0.000128494,-0.00050526,0.000293072,-0.000277072,0.000247477,0.0322518,0.000213684,-0.00115551,0.00173508,0.000210366,0.0020841,0.00101153,0.000213684,0.0270829,0.000175858,-0.000130512,6.28412e-06,-0.000138615,0.000128494,-0.00115551,0.000175858,0.0466716,
0.0040831,-0.000214674,-0.000835305,-0.000170104,-0.000500239,0.0017394,-0.000130499,-0.000214674,0.00112909,-0.000248375,0.00136017,0.000292716,0.000209587,6.32037e-06,-0.000835305,-0.000248375,0.00398516,-0.000255266,-0.000276392,0.00208323,-0.000138538,-0.000170104,0.00136017,-0.000255266,0.00318487,0.000247505,0.0010105,0.000128577,-0.000500239,0.000292716,-0.000276392,0.000247505,0.0322511,0.000215935,-0.00115572,0.0017394,0.000209587,0.00208323,0.0010105,0.000215935,0.0270896,0.000175893,-0.000130499,6.32037e-06,-0.000138538,0.000128577,-0.00115572,0.000175893,0.0466715,
0.0040793,-0.000214925,-0.000837887,-0.000171086,-0.000495451,0.00174349,-0.000130487,-0.000214925,0.00112918,-0.000248304,0.00136033,0.000292373,0.000208841,6.35554e-06,-0.000837887,-0.000248304,0.00398501,-0.000255054,-0.000275736,0.0020824,-0.000138465,-0.000171086,0.00136033,-0.000255054,0.00318509,0.000247534,0.00100953,0.000128655,-0.000495451,0.000292373,-0.000275736,0.000247534,0.0322505,0.000218101,-0.00115594,0.00174349,0.000208841,0.0020824,0.00100953,0.000218101,0.027096,0.000175919,-0.000130487,6.35554e-06,-0.000138465,0.000128655,-0.00115594,0.000175919,0.0466714,
0.00407566,-0.000215165,-0.000840357,-0.000172022,-0.000490875,0.00174739,-0.000130475,-0.000215165,0.00112927,-0.000248238,0.00136049,0.000292041,0.000208123,6.38978e-06,-0.000840357,-0.000248238,0.00398487,-0.000254852,-0.000275104,0.00208161,-0.000138396,-0.000172022,0.00136049,-0.000254852,0.00318531,0.000247564,0.0010086,0.00012873,-0.000490875,0.000292041,-0.000275104,0.000247564,0.0322499,0.000220189,-0.00115615,0.00174739,0.000208123,0.00208161,0.0010086,0.000220189,0.0271022,0.000175937,-0.000130475,6.38978e-06,-0.000138396,0.00012873,-0.00115615,0.000175937,0.0466714,
0.00407215,-0.000215393,-0.000842725,-0.000172915,-0.00048649,0.00175112,-0.000130463,-0.000215393,0.00112935,-0.000248176,0.00136063,0.000291721,0.000207432,6.42322e-06,-0.000842725,-0.000248176,0.00398472,-0.000254658,-0.000274492,0.00208086,-0.00013833,-0.000172915,0.00136063,-0.000254658,0.00318552,0.000247595,0.00100771,0.0001288,-0.00048649,0.000291721,-0.000274492,0.000247595,0.0322494,0.000222205,-0.00115636,0.00175112,0.000207432,0.00208086,0.00100771,0.000222205,0.0271082,0.000175945,-0.000130463,6.42322e-06,-0.00013833,0.0001288,-0.00115636,0.000175945,0.0466713,
0.00406878,-0.000215613,-0.000845,-0.000173769,-0.000482279,0.00175467,-0.000130452,-0.000215613,0.00112943,-0.000248117,0.00136077,0.00029141,0.000206764,6.45596e-06,-0.000845,-0.000248117,0.00398458,-0.000254472,-0.000273898,0.00208015,-0.000138267,-0.000173769,0.00136077,-0.000254472,0.00318572,0.000247626,0.00100685,0.000128867,-0.000482279,0.00029141,-0.000273898,0.000247626,0.0322489,0.000224155,-0.00115658,0.00175467,0.000206764,0.00208015,0.00100685,0.000224155,0.0271139,0.000175943,-0.000130452,6.45596e-06,-0.000138267,0.000128867,-0.00115658,0.000175943,0.0466713,
0.00406551,-0.000215824,-0.000847192,-0.000174589,-0.000478226,0.00175809,-0.00013044,-0.000215824,0.0011295,-0.000248063,0.00136091,0.000291108,0.000206119,6.48812e-06,-0.000847192,-0.000248063,0.00398443,-0.000254294,-0.00027332,0.00207946,-0.000138207,-0.000174589,0.00136091,-0.000254294,0.00318591,0.000247657,0.00100603,0.000128931,-0.000478226,0.000291108,-0.00027332,0.000247657,0.0322484,0.000226044,-0.00115679,0.00175809,0.000206119,0.00207946,0.00100603,0.000226044,0.0271195,0.000175932,-0.00013044,6.48812e-06,-0.000138207,0.000128931,-0.00115679,0.000175932,0.0466712,
0.00406236,-0.000216027,-0.000849308,-0.000175378,-0.000474314,0.00176137,-0.000130429,-0.000216027,0.00112958,-0.000248011,0.00136104,0.000290814,0.000205493,6.51978e-06,-0.000849308,-0.000248011,0.00398428,-0.000254121,-0.000272757,0.0020788,-0.000138149,-0.000175377,0.00136104,-0.000254121,0.0031861,0.00024769,0.00100524,0.000128991,-0.000474314,0.000290814,-0.000272757,0.00024769,0.032248,0.000227878,-0.001157,0.00176137,0.000205493,0.0020788,0.00100524,0.000227878,0.0271249,0.000175911,-0.000130429,6.51978e-06,-0.000138149,0.000128991,-0.001157,0.000175911,0.0466712,
0.00405929,-0.000216223,-0.000851355,-0.000176138,-0.000470532,0.00176453,-0.000130418,-0.000216223,0.00112965,-0.000247962,0.00136117,0.000290527,0.000204884,6.55101e-06,-0.000851355,-0.000247962,0.00398413,-0.000253955,-0.000272208,0.00207817,-0.000138094,-0.000176138,0.00136117,-0.000253955,0.00318628,0.000247723,0.00100447,0.000129049,-0.000470532,0.000290527,-0.000272208,0.000247723,0.0322476,0.00022966,-0.00115722,0.00176453,0.000204884,0.00207817,0.00100447,0.00022966,0.0271301,0.00017588,-0.000130418,6.55101e-06,-0.000138094,0.000129049,-0.00115722,0.00017588,0.0466711,
0.00405631,-0.000216413,-0.00085334,-0.000176872,-0.000466867,0.00176758,-0.000130407,-0.000216413,0.00112972,-0.000247916,0.00136129,0.000290247,0.000204292,6.58189e-06,-0.00085334,-0.000247916,0.00398398,-0.000253794,-0.000271671,0.00207755,-0.00013804,-0.000176872,0.00136129,-0.000253794,0.00318646,0.000247756,0.00100373,0.000129104,-0.000466867,0.000290247,-0.000271671,0.000247756,0.0322472,0.000231395,-0.00115743,0.00176758,0.000204292,0.00207755,0.00100373,0.000231395,0.0271352,0.00017584,-0.000130407,6.5819e-06,-0.00013804,0.000129104,-0.00115743,0.00017584,0.0466711,
0.00405341,-0.000216597,-0.000855268,-0.000177583,-0.000463307,0.00177053,-0.000130396,-0.000216597,0.00112979,-0.000247872,0.00136141,0.000289974,0.000203714,6.61249e-06,-0.000855268,-0.000247872,0.00398382,-0.000253637,-0.000271145,0.00207696,-0.000137989,-0.000177583,0.00136141,-0.000253637,0.00318663,0.000247791,0.00100301,0.000129157,-0.000463307,0.000289974,-0.000271145,0.000247791,0.0322469,0.000233088,-0.00115765,0.00177053,0.000203714,0.00207696,0.00100301,0.000233088,0.0271402,0.00017579,-0.000130396,6.61249e-06,-0.000137989,0.000129157,-0.00115765,0.00017579,0.046671,
0.00405058,-0.000216775,-0.000857146,-0.000178273,-0.000459843,0.00177339,-0.000130385,-0.000216775,0.00112986,-0.00024783,0.00136153,0.000289705,0.00020315,6.64284e-06,-0.000857146,-0.00024783,0.00398367,-0.000253485,-0.000270629,0.00207639,-0.000137939,-0.000178273,0.00136153,-0.000253485,0.0031868,0.000247825,0.00100231,0.000129207,-0.000459843,0.000289705,-0.000270629,0.000247825,0.0322465,0.000234742,-0.00115787,0.00177339,0.00020315,0.00207639,0.00100231,0.000234742,0.027145,0.000175731,-0.000130385,6.64284e-06,-0.000137939,0.000129207,-0.00115787,0.000175731,0.046671,
0.00404781,-0.000216949,-0.000858978,-0.000178944,-0.000456465,0.00177618,-0.000130374,-0.000216949,0.00112992,-0.000247791,0.00136165,0.000289442,0.000202597,6.673e-06,-0.000858978,-0.000247791,0.00398352,-0.000253337,-0.000270122,0.00207583,-0.00013789,-0.000178944,0.00136165,-0.000253337,0.00318697,0.00024786,0.00100163,0.000129256,-0.000456465,0.000289442,-0.000270122,0.00024786,0.0322462,0.00023636,-0.0011581,0.00177618,0.000202597,0.00207583,0.00100163,0.00023636,0.0271498,0.000175662,-0.000130374,6.673e-06,-0.00013789,0.000129256,-0.0011581,0.000175662,0.046671,
0.0040451,-0.000217119,-0.000860768,-0.000179597,-0.000453166,0.00177888,-0.000130363,-0.000217119,0.00112999,-0.000247753,0.00136176,0.000289183,0.000202056,6.70301e-06,-0.000860768,-0.000247753,0.00398336,-0.000253192,-0.000269623,0.00207528,-0.000137843,-0.000179597,0.00136176,-0.000253192,0.00318713,0.000247896,0.00100097,0.000129302,-0.000453166,0.000289183,-0.000269623,0.000247896,0.0322459,0.000237946,-0.00115832,0.00177888,0.000202056,0.00207528,0.00100097,0.000237946,0.0271545,0.000175585,-0.000130363,6.70301e-06,-0.000137843,0.000129302,-0.00115832,0.000175585,0.046671,
0.00404244,-0.000217285,-0.000862521,-0.000180235,-0.000449937,0.00178152,-0.000130352,-0.000217285,0.00113005,-0.000247716,0.00136187,0.000288928,0.000201523,6.73289e-06,-0.000862521,-0.000247716,0.00398321,-0.00025305,-0.000269132,0.00207475,-0.000137797,-0.000180235,0.00136187,-0.00025305,0.00318729,0.000247931,0.00100032,0.000129347,-0.000449937,0.000288928,-0.000269132,0.000247931,0.0322456,0.000239503,-0.00115855,0.00178152,0.000201523,0.00207475,0.00100032,0.000239503,0.027159,0.000175499,-0.000130352,6.73289e-06,-0.000137797,0.000129347,-0.00115855,0.000175499,0.0466709,
0.00403983,-0.000217447,-0.000864239,-0.000180859,-0.000446773,0.0017841,-0.000130341,-0.000217447,0.00113011,-0.000247681,0.00136198,0.000288676,0.000201,6.76269e-06,-0.000864239,-0.000247681,0.00398306,-0.000252911,-0.000268648,0.00207423,-0.000137751,-0.000180859,0.00136198,-0.000252911,0.00318744,0.000247967,0.000999684,0.000129389,-0.000446773,0.000288676,-0.000268648,0.000247967,0.0322454,0.000241034,-0.00115878,0.0017841,0.000201,0.00207423,0.000999684,0.000241034,0.0271635,0.000175405,-0.000130341,6.76269e-06,-0.000137751,0.000129389,-0.00115878,0.000175405,0.0466709,
0.00403726,-0.000217606,-0.000865927,-0.00018147,-0.000443666,0.00178663,-0.00013033,-0.000217606,0.00113017,-0.000247647,0.00136208,0.000288428,0.000200485,6.79242e-06,-0.000865927,-0.000247647,0.0039829,-0.000252775,-0.00026817,0.00207372,-0.000137707,-0.00018147,0.00136208,-0.000252775,0.00318759,0.000248003,0.000999061,0.000129431,-0.000443666,0.000288428,-0.00026817,0.000248003,0.0322451,0.00024254,-0.00115901,0.00178663,0.000200485,0.00207372,0.000999061,0.00024254,0.027168,0.000175303,-0.00013033,6.79242e-06,-0.000137707,0.000129431,-0.00115901,0.000175303,0.0466709,
0.00403472,-0.000217762,-0.000867587,-0.000182069,-0.000440611,0.0017891,-0.000130319,-0.000217762,0.00113023,-0.000247614,0.00136219,0.000288182,0.000199976,6.82211e-06,-0.000867587,-0.000247614,0.00398275,-0.000252641,-0.000267698,0.00207321,-0.000137664,-0.000182069,0.00136219,-0.000252641,0.00318775,0.000248039,0.000998448,0.000129471,-0.000440611,0.000288182,-0.000267698,0.000248039,0.0322448,0.000244025,-0.00115924,0.0017891,0.000199976,0.00207321,0.000998448,0.000244025,0.0271724,0.000175193,-0.000130319,6.82212e-06,-0.000137664,0.000129471,-0.00115924,0.000175193,0.0466709,
0.00403222,-0.000217915,-0.000869222,-0.000182657,-0.000437603,0.00179153,-0.000130308,-0.000217915,0.00113029,-0.000247582,0.00136229,0.000287939,0.000199474,6.85179e-06,-0.000869222,-0.000247582,0.00398259,-0.000252508,-0.000267231,0.00207272,-0.000137621,-0.000182657,0.00136229,-0.000252508,0.0031879,0.000248075,0.000997846,0.000129509,-0.000437603,0.000287939,-0.000267231,0.000248075,0.0322446,0.00024549,-0.00115948,0.00179153,0.000199474,0.00207272,0.000997846,0.00024549,0.0271767,0.000175076,-0.000130308,6.85179e-06,-0.000137621,0.000129509,-0.00115948,0.000175076,0.0466709,
0.00402974,-0.000218065,-0.000870834,-0.000183236,-0.000434637,0.00179391,-0.000130297,-0.000218065,0.00113035,-0.000247551,0.00136239,0.000287699,0.000198978,6.88145e-06,-0.000870834,-0.000247551,0.00398244,-0.000252378,-0.00026677,0.00207223,-0.000137579,-0.000183236,0.00136239,-0.000252378,0.00318804,0.000248112,0.000997252,0.000129547,-0.000434637,0.000287699,-0.00026677,0.000248112,0.0322444,0.000246938,-0.00115972,0.00179391,0.000198978,0.00207223,0.000997252,0.000246938,0.0271809,0.000174951,-0.000130297,6.88146e-06,-0.000137579,0.000129547,-0.00115972,0.000174951,0.0466709,
0.00402729,-0.000218213,-0.000872426,-0.000183807,-0.00043171,0.00179626,-0.000130286,-0.000218213,0.00113041,-0.000247521,0.00136249,0.00028746,0.000198488,6.91114e-06,-0.000872426,-0.000247521,0.00398228,-0.000252249,-0.000266313,0.00207175,-0.000137538,-0.000183807,0.00136249,-0.000252249,0.00318819,0.000248148,0.000996666,0.000129583,-0.00043171,0.00028746,-0.000266313,0.000248148,0.0322441,0.00024837,-0.00115996,0.00179626,0.000198488,0.00207175,0.000996666,0.00024837,0.0271852,0.00017482,-0.000130286,6.91113e-06,-0.000137538,0.000129583,-0.00115996,0.00017482,0.0466709,
0.00402487,-0.000218359,-0.000874,-0.000184369,-0.000428817,0.00179857,-0.000130275,-0.000218359,0.00113047,-0.000247492,0.00136259,0.000287223,0.000198001,6.94083e-06,-0.000874,-0.000247492,0.00398213,-0.000252121,-0.00026586,0.00207127,-0.000137497,-0.000184369,0.00136259,-0.000252121,0.00318833,0.000248184,0.000996087,0.000129618,-0.000428817,0.000287223,-0.00026586,0.000248184,0.0322439,0.000249788,-0.0011602,0.00179857,0.000198001,0.00207127,0.000996087,0.000249788,0.0271894,0.000174683,-0.000130275,6.94083e-06,-0.000137497,0.000129618,-0.0011602,0.000174683,0.0466709,
