0.0023855,8.38739e-05,0.000337551,-2.19984e-05,-0.00291663,-0.000458531,0.000112217,0.000181916,0.000584373,-0.000311028,5.47796e-05,8.23963e-05,-0.00148031,-0.00028925,0.000184321,8.29085e-05,0.00445856,2.77518e-06,-0.00171972,0.000429204,-4.13258e-05,0.000276771,-6.03686e-05,-0.00101773,0.000141097,0.000446562,-0.00124962,-0.000761171,-0.00289375,-8.07822e-05,-0.00155662,-2.38291e-05,0.0281263,0.00103677,4.39196e-05,-0.000532702,-0.00102147,1.01097e-05,6.15102e-05,0.0010204,0.0256656,-0.000527936,-3.27917e-07,4.93126e-06,-4.88912e-05,3.12445e-06,-7.47421e-05,-0.00022378,0.0465906,
0.00239435,8.67356e-05,0.000362125,-2.18614e-05,-0.0029296,-0.000445046,0.000111082,0.000179125,0.00058323,-0.000310646,5.44415e-05,8.63283e-05,-0.00148001,-0.000288244,0.00020752,8.67176e-05,0.00444868,2.92229e-06,-0.00169772,0.000448229,-4.27864e-05,0.000262947,-6.23117e-05,-0.00102665,0.0001402,0.000468068,-0.00124572,-0.000758205,-0.00290123,-8.48561e-05,-0.00153328,-2.37881e-05,0.0280911,0.00101943,4.78642e-05,-0.000525419,-0.00102326,2.95901e-05,6.07152e-05,0.00101077,0.0256764,-0.000524465,-1.34191e-06,4.80153e-06,-4.96395e-05,3.09404e-06,-7.04526e-05,-0.000223607,0.0465907,
0.00240567,8.99789e-05,0.000388646,-2.17131e-05,-0.00294352,-0.000430289,0.000109813,0.000176272,0.000582016,-0.000310106,5.40802e-05,9.03873e-05,-0.00147994,-0.000287162,0.000232573,9.08763e-05,0.00443709,3.08402e-06,-0.00167254,0.000469195,-4.44591e-05,0.000248051,-6.44431e-05,-0.00103607,0.000139239,0.000490777,-0.00124168,-0.000754982,-0.00290931,-8.92344e-05,-0.00150663,-2.3758e-05,0.0280533,0.00100074,5.15648e-05,-0.000517295,-0.00102537,5.13462e-05,5.98511e-05,0.000999832,0.0256894,-0.000520755,-2.46466e-06,4.65549e-06,-5.05246e-05,3.06246e-06,-6.64618e-05,-0.000223539,0.0465908,
0.00241949,9.35632e-05,0.000416496,-2.15559e-05,-0.00295804,-0.000414416,0.000108414,0.000173429,0.000580761,-0.000309311,5.37043e-05,9.44247e-05,-0.00148005,-0.000286001,0.000258933,9.53076e-05,0.00442379,3.25743e-06,-0.00164444,0.000491721,-4.63015e-05,0.000232358,-6.67268e-05,-0.00104554,0.000138236,0.000513966,-0.00123756,-0.000751504,-0.0029178,-9.37901e-05,-0.00147698,-2.37415e-05,0.0280131,0.000980996,5.50372e-05,-0.00050833,-0.00102771,7.51125e-05,5.89372e-05,0.00098758,0.0257043,-0.000516844,-3.67915e-06,4.4943e-06,-5.1512e-05,3.03025e-06,-6.27645e-05,-0.000223566,0.0465908,
0.00243573,9.74494e-05,0.00044511,-2.13916e-05,-0.00297281,-0.00039757,0.000106893,0.000170662,0.00057949,-0.000308174,5.33205e-05,9.82857e-05,-0.00148029,-0.000284768,0.000286103,9.99372e-05,0.0044088,3.43998e-06,-0.00161367,0.000515453,-4.8278e-05,0.00021613,-6.91285e-05,-0.00105465,0.000137209,0.000536969,-0.00123345,-0.000747791,-0.00292649,-9.8424e-05,-0.00144465,-2.37397e-05,0.027971,0.000960513,5.82748e-05,-0.000498524,-0.00103018,0.000100635,5.79908e-05,0.000974051,0.0257207,-0.00051278,-4.96934e-06,4.31904e-06,-5.25727e-05,2.99784e-06,-5.9375e-05,-0.000223678,0.0465909,
0.00245428,0.000101598,0.000473979,-2.12225e-05,-0.00298749,-0.000379889,0.000105261,0.000168037,0.00057823,-0.000306621,5.29356e-05,0.000101826,-0.00148064,-0.000283471,0.000313633,0.000104695,0.00439218,3.6295e-06,-0.00158049,0.000540067,-5.03566e-05,0.000199624,-7.16096e-05,-0.00106302,0.000136177,0.000559193,-0.00122937,-0.000743868,-0.00293516,-0.000103056,-0.00140996,-2.37537e-05,0.0279272,0.000939578,6.12656e-05,-0.000487882,-0.00103274,0.000127664,5.70279e-05,0.000959314,0.0257385,-0.00050861,-6.31993e-06,4.13098e-06,-5.3681e-05,2.96567e-06,-5.6311e-05,-0.000223868,0.0465909,
0.00247499,0.000105968,0.00050265,-2.10506e-05,-0.00300179,-0.000361509,0.00010353,0.000165615,0.000577002,-0.000304598,5.25556e-05,0.000104924,-0.00148107,-0.000282123,0.000341121,0.000109515,0.00437402,3.82411e-06,-0.00154518,0.000565264,-5.25092e-05,0.000183085,-7.41331e-05,-0.00107035,0.000135155,0.000580135,-0.00122537,-0.000739774,-0.00294365,-0.000107618,-0.00137324,-2.37837e-05,0.0278822,0.00091845,6.3999e-05,-0.000476417,-0.00103533,0.000155948,5.60629e-05,0.00094346,0.0257575,-0.000504385,-7.71643e-06,3.9315e-06,-5.48143e-05,2.9341e-06,-5.35873e-05,-0.000224126,0.0465909,
0.00249767,0.000110521,0.000530728,-2.08771e-05,-0.00301543,-0.000342563,0.000101714,0.00016345,0.000575824,-0.000302075,5.21842e-05,0.000107483,-0.00148154,-0.000280741,0.000368215,0.000114337,0.00435444,4.0221e-06,-0.00150805,0.000590772,-5.47102e-05,0.00016674,-7.66649e-05,-0.00107641,0.000134154,0.000599393,-0.00122144,-0.000735557,-0.00295177,-0.000112055,-0.00133482,-2.38293e-05,0.0278364,0.00089736,6.64693e-05,-0.000464153,-0.00103791,0.000185234,5.51065e-05,0.000926612,0.0257774,-0.000500154,-9.14508e-06,3.72211e-06,-5.59531e-05,2.90337e-06,-5.1213e-05,-0.000224443,0.046591,
0.00252211,0.000115214,0.000557879,-2.0704e-05,-0.00302821,-0.000323183,9.98299e-05,0.000161587,0.000574713,-0.000299045,5.18261e-05,0.00010944,-0.00148204,-0.000279342,0.000394609,0.000119109,0.00433357,4.22208e-06,-0.00146939,0.000616346,-5.69368e-05,0.0001508,-7.91709e-05,-0.00108104,0.000133186,0.000616672,-0.0012176,-0.000731265,-0.0029594,-0.000116322,-0.00129503,-2.38905e-05,0.02779,0.000876508,6.86757e-05,-0.000451128,-0.00104044,0.000215261,5.41695e-05,0.000908912,0.0257982,-0.000495961,-1.05929e-05,3.50449e-06,-5.70808e-05,2.87374e-06,-4.91907e-05,-0.000224812,0.046591,
0.00254807,0.000120009,0.000583825,-2.05321e-05,-0.00303996,-0.000303498,9.78934e-05,0.000160064,0.00057368,-0.000295525,5.14839e-05,0.000110763,-0.00148253,-0.000277946,0.000420044,0.000123781,0.00431157,4.42275e-06,-0.00142952,0.000641767,-5.91688e-05,0.000135449,-8.16209e-05,-0.00108417,0.000132257,0.000631782,-0.00121383,-0.000726954,-0.00296642,-0.000120381,-0.00125419,-2.39663e-05,0.0277435,0.000856065,7.0622e-05,-0.000437394,-0.00104289,0.000245768,5.32595e-05,0.000890523,0.0258195,-0.00049185,-1.20477e-05,3.28039e-06,-5.81838e-05,2.84538e-06,-4.75169e-05,-0.000225223,0.046591,
0.00257533,0.000124865,0.000608347,-2.03629e-05,-0.00305054,-0.000283639,9.59211e-05,0.000158906,0.000572734,-0.000291555,5.11604e-05,0.000111449,-0.00148299,-0.000276569,0.000444307,0.000128312,0.00428864,4.62304e-06,-0.00138876,0.00066684,-6.13884e-05,0.000120844,-8.39899e-05,-0.00108578,0.000131376,0.000644633,-0.00121012,-0.000722674,-0.00297275,-0.000124204,-0.00121263,-2.40561e-05,0.027697,0.000836174,7.23155e-05,-0.00042302,-0.00104523,0.000276494,5.23833e-05,0.000871623,0.0258413,-0.000487857,-1.34984e-05,3.05159e-06,-5.92514e-05,2.81844e-06,-4.61829e-05,-0.000225668,0.046591,
0.00260364,0.000129743,0.000631278,-2.01969e-05,-0.00305987,-0.000263728,9.39294e-05,0.000158126,0.000571882,-0.000287192,5.08568e-05,0.000111525,-0.0014834,-0.00027523,0.000467229,0.000132668,0.00426495,4.82192e-06,-0.00134741,0.000691396,-6.35803e-05,0.00010711,-8.62546e-05,-0.00108593,0.000130546,0.000655227,-0.00120646,-0.000718475,-0.00297832,-0.000127769,-0.00117065,-2.41588e-05,0.027651,0.000816952,7.37667e-05,-0.000408089,-0.00104745,0.000307184,5.15454e-05,0.000852398,0.0258634,-0.000484013,-1.49347e-05,2.81993e-06,-6.02755e-05,2.79299e-06,-4.51754e-05,-0.000226139,0.046591,
0.00263275,0.000134608,0.000652503,-2.0035e-05,-0.00306792,-0.000243887,9.19339e-05,0.000157727,0.000571124,-0.000282508,5.05744e-05,0.000111037,-0.00148375,-0.000273944,0.000488681,0.000136821,0.00424071,5.01853e-06,-0.00130578,0.000715288,-6.57311e-05,9.43394e-05,-8.83986e-05,-0.00108474,0.00012977,0.000663638,-0.00120284,-0.000714399,-0.0029831,-0.000131063,-0.00112854,-2.42733e-05,0.0276056,0.000798492,7.49882e-05,-0.000392698,-0.00104954,0.000337596,5.07493e-05,0.000833033,0.0258856,-0.000480343,-1.63475e-05,2.58713e-06,-6.12504e-05,2.76912e-06,-4.44775e-05,-0.00022663,0.046591,
0.00266243,0.000139425,0.00067195,-1.98776e-05,-0.00307467,-0.000224232,8.99493e-05,0.000157701,0.000570462,-0.000277583,5.03135e-05,0.00011005,-0.00148403,-0.000272722,0.000508571,0.000140746,0.00421613,5.21209e-06,-0.00126417,0.000738394,-6.78298e-05,8.25939e-05,-9.04101e-05,-0.00108235,0.00012905,0.000670003,-0.00119926,-0.000710486,-0.00298709,-0.000134075,-0.0010866,-2.43983e-05,0.027561,0.000780866,7.59939e-05,-0.000376955,-0.00105149,0.000367501,4.99973e-05,0.00081371,0.0259077,-0.000476867,-1.77287e-05,2.35492e-06,-6.21726e-05,2.74685e-06,-4.40696e-05,-0.000227134,0.046591,
0.00269245,0.000144162,0.000689586,-1.97253e-05,-0.00308016,-0.000204871,8.7989e-05,0.00015803,0.000569893,-0.000272504,5.00744e-05,0.000108639,-0.00148423,-0.000271574,0.000526844,0.000144429,0.0041914,5.40189e-06,-0.00122286,0.000760612,-6.98671e-05,7.1906e-05,-9.228e-05,-0.00107893,0.000128386,0.0006745,-0.00119572,-0.000706765,-0.00299027,-0.000136803,-0.00104507,-2.45325e-05,0.0275176,0.000764124,7.67985e-05,-0.000360974,-0.0010533,0.000396692,4.92907e-05,0.000794599,0.0259297,-0.000473599,-1.90714e-05,2.12488e-06,-6.30401e-05,2.72619e-06,-4.39303e-05,-0.000227645,0.046591,
0.00272259,0.00014879,0.000705413,-1.95782e-05,-0.00308444,-0.000185905,8.60649e-05,0.000158689,0.000569411,-0.000267356,4.98566e-05,0.000106884,-0.00148436,-0.000270509,0.000543472,0.000147857,0.00416674,5.58727e-06,-0.0011821,0.000781861,-7.18353e-05,6.22833e-05,-9.40037e-05,-0.00107468,0.000127778,0.000677335,-0.00119223,-0.000703258,-0.00299268,-0.000139248,-0.00100419,-2.46747e-05,0.0274753,0.000748302,7.74171e-05,-0.000344875,-0.00105495,0.000424986,4.86299e-05,0.000775856,0.0259513,-0.000470546,-2.03694e-05,1.89853e-06,-6.38528e-05,2.70712e-06,-4.40369e-05,-0.000228157,0.046591,
0.00275266,0.000153282,0.000719463,-1.94367e-05,-0.00308758,-0.000167426,8.41877e-05,0.000159645,0.000569013,-0.00026222,4.96596e-05,0.000104867,-0.00148443,-0.00026953,0.000558459,0.000151024,0.00414233,5.76769e-06,-0.00114216,0.000802078,-7.37285e-05,5.37108e-05,-9.55804e-05,-0.00106979,0.000127223,0.000678729,-0.00118881,-0.000699983,-0.00299436,-0.000141415,-0.000964192,-2.48236e-05,0.0274345,0.000733418,7.78644e-05,-0.000328777,-0.00105647,0.000452225,4.8015e-05,0.000757617,0.0259725,-0.000467713,-2.16178e-05,1.67724e-06,-6.46111e-05,2.68963e-06,-4.43662e-05,-0.000228667,0.046591,
0.00278247,0.000157616,0.000731791,-1.93008e-05,-0.00308966,-0.00014952,8.23666e-05,0.000160863,0.00056869,-0.000257175,4.94823e-05,0.000102667,-0.00148443,-0.00026864,0.000571829,0.000153927,0.00411834,5.9426e-06,-0.00110324,0.000821218,-7.5542e-05,4.61555e-05,-9.70124e-05,-0.00106445,0.00012672,0.000678907,-0.00118548,-0.00069695,-0.00299536,-0.000143314,-0.000925262,-2.49775e-05,0.0273952,0.000719478,7.81554e-05,-0.0003128,-0.00105784,0.000478276,4.74447e-05,0.000739997,0.0259931,-0.0004651,-2.28124e-05,1.46222e-06,-6.53169e-05,2.67367e-06,-4.48949e-05,-0.00022917,0.046591,
0.00281186,0.000161772,0.00074247,-1.91706e-05,-0.0030908,-0.00013226,8.06095e-05,0.000162305,0.000568436,-0.000252286,4.93239e-05,0.000100359,-0.00148439,-0.000267839,0.000583627,0.000156568,0.00409494,6.11156e-06,-0.00106554,0.00083925,-7.72724e-05,3.95715e-05,-9.8303e-05,-0.00105882,0.000126266,0.000678086,-0.00118226,-0.000694164,-0.00299573,-0.000144955,-0.000887579,-2.51355e-05,0.0273575,0.000706477,7.83043e-05,-0.000297054,-0.00105909,0.000503035,4.69182e-05,0.000723092,0.0260131,-0.000462703,-2.395e-05,1.25457e-06,-6.59723e-05,2.65918e-06,-4.56003e-05,-0.000229664,0.046591,
0.00284067,0.000165733,0.000751589,-1.90462e-05,-0.00309109,-0.000115712,7.89229e-05,0.00016393,0.000568242,-0.000247614,4.91829e-05,9.8008e-05,-0.00148432,-0.000267126,0.000593916,0.000158952,0.00407229,6.27414e-06,-0.00102923,0.000856158,-7.89173e-05,3.39013e-05,-9.9459e-05,-0.00105309,0.000125859,0.000676471,-0.00117917,-0.000691626,-0.00299554,-0.000146352,-0.000851295,-2.52959e-05,0.0273215,0.0006944,7.83249e-05,-0.000281649,-0.00106022,0.00052642,4.64338e-05,0.000706976,0.0260322,-0.000460518,-2.5028e-05,1.05524e-06,-6.65799e-05,2.6461e-06,-4.64602e-05,-0.000230145,0.046591,
0.00286877,0.000169486,0.000759248,-1.89276e-05,-0.00309066,-9.99305e-05,7.73124e-05,0.000165699,0.0005681,-0.000243207,4.90583e-05,9.56726e-05,-0.00148422,-0.000266499,0.000602769,0.000161085,0.0040505,6.42999e-06,-0.000994465,0.000871938,-8.04755e-05,2.90835e-05,-0.000100487,-0.00104738,0.000125495,0.000674252,-0.00117625,-0.000689332,-0.00299486,-0.000147521,-0.000816541,-2.54578e-05,0.0272874,0.000683224,7.82304e-05,-0.000266679,-0.00106123,0.000548375,4.59898e-05,0.000691702,0.0260506,-0.000458538,-2.60446e-05,8.65036e-07,-6.71426e-05,2.63438e-06,-4.74533e-05,-0.000230611,0.046591,
0.00289604,0.00017302,0.000765553,-1.88146e-05,-0.0030896,-8.4962e-05,7.5782e-05,0.000167575,0.000568003,-0.000239105,4.89487e-05,9.34016e-05,-0.00148412,-0.000265954,0.000610271,0.000162978,0.00402971,6.57879e-06,-0.000961367,0.000886595,-8.19463e-05,2.50495e-05,-0.000101394,-0.00104182,0.00012517,0.000671598,-0.00117352,-0.000687277,-0.00299378,-0.000148478,-0.000783426,-2.56198e-05,0.0272551,0.00067292,7.80333e-05,-0.000252233,-0.00106213,0.000568865,4.55843e-05,0.000677307,0.026068,-0.000456752,-2.69989e-05,6.84613e-07,-6.76635e-05,2.62393e-06,-4.85596e-05,-0.000231061,0.046591,
0.0029224,0.000176328,0.000770615,-1.87074e-05,-0.00308803,-7.08427e-05,7.43352e-05,0.000169522,0.000567943,-0.000235336,4.88529e-05,9.12354e-05,-0.00148402,-0.000265488,0.000616514,0.000164641,0.00400999,6.72031e-06,-0.000930035,0.000900144,-8.333e-05,2.17333e-05,-0.000102191,-0.00103652,0.000124883,0.000668658,-0.00117098,-0.000685451,-0.00299235,-0.000149241,-0.000752037,-2.57809e-05,0.0272247,0.000663455,7.77454e-05,-0.000238387,-0.00106295,0.000587873,4.52155e-05,0.000663812,0.0260844,-0.000455153,-2.78901e-05,5.14505e-07,-6.81457e-05,2.6147e-06,-4.97601e-05,-0.000231494,0.046591,
0.00294775,0.000179405,0.000774546,-1.86058e-05,-0.00308606,-5.76001e-05,7.29743e-05,0.000171506,0.000567914,-0.000231922,4.87695e-05,8.92055e-05,-0.00148395,-0.000265094,0.000621593,0.000166088,0.00399143,6.85434e-06,-0.000900546,0.000912609,-8.46272e-05,1.90664e-05,-0.000102884,-0.00103156,0.000124629,0.00066556,-0.00116868,-0.000683847,-0.00299066,-0.000149826,-0.000722441,-2.59402e-05,0.0271962,0.000654791,7.73779e-05,-0.000225205,-0.00106367,0.0006054,4.48811e-05,0.000651223,0.0260998,-0.00045373,-2.87183e-05,3.5511e-07,-6.8592e-05,2.6066e-06,-5.10374e-05,-0.000231908,0.046591,
0.00297202,0.000182249,0.000777458,-1.85099e-05,-0.00308377,-4.52527e-05,7.17007e-05,0.0001735,0.000567909,-0.000228876,4.86974e-05,8.73358e-05,-0.00148389,-0.00026477,0.000625606,0.000167331,0.00397409,6.98073e-06,-0.000872955,0.000924016,-8.58392e-05,1.69834e-05,-0.000103483,-0.00102701,0.000124406,0.000662412,-0.0011666,-0.000682452,-0.00298878,-0.000150251,-0.000694688,-2.60966e-05,0.0271696,0.000646889,7.69411e-05,-0.000212742,-0.00106432,0.000621461,4.45792e-05,0.000639537,0.0261141,-0.000452473,-2.94838e-05,2.06707e-07,-6.90054e-05,2.59957e-06,-5.23752e-05,-0.000232303,0.046591,
0.00307059,-2.36633e-05,0.000599583,-0.000493161,-0.00287929,-0.000382458,-4.0807e-05,-2.36632e-05,0.00111851,0.000248755,0.00130216,-0.000447697,-0.000563302,2.94304e-05,0.000599583,0.000248755,0.00402733,0.000190078,-0.00092515,0.00106878,-4.4061e-05,-0.000493161,0.00130216,0.000190078,0.00332559,-0.000702799,0.00118629,6.94394e-05,-0.00287929,-0.000447697,-0.00092515,-0.000702799,0.0274328,0.000142854,-8.21997e-05,-0.000382458,-0.000563302,0.00106878,0.00118629,0.000142854,0.026966,-0.000183587,-4.0807e-05,2.94303e-05,-4.4061e-05,6.94393e-05,-8.21997e-05,-0.000183587,0.0466066,
0.00309045,-2.16797e-05,0.000598142,-0.00049208,-0.0028778,-0.000374857,-4.12249e-05,-2.16797e-05,0.00111878,0.000250146,0.00130224,-0.000449531,-0.000565342,2.93788e-05,0.000598142,0.000250146,0.00401941,0.000192621,-0.000910472,0.0010768,-4.44191e-05,-0.00049208,0.00130224,0.000192621,0.00332511,-0.000707692,0.00118247,6.95168e-05,-0.0028778,-0.000449531,-0.000910472,-0.000707692,0.027422,0.000135716,-8.48409e-05,-0.000374857,-0.000565342,0.0010768,0.00118247,0.000135716,0.0269708,-0.000183988,-4.12249e-05,2.93788e-05,-4.44191e-05,6.95169e-05,-8.48409e-05,-0.000183988,0.0466066,
0.00310861,-2.00026e-05,0.00059601,-0.000490885,-0.00287666,-0.000368589,-4.15632e-05,-2.00026e-05,0.00111899,0.000251126,0.0013023,-0.000450862,-0.000566912,2.93435e-05,0.00059601,0.000251126,0.00401316,0.000194736,-0.000898309,0.00108331,-4.46954e-05,-0.000490885,0.0013023,0.000194736,0.00332458,-0.000712069,0.0011793,6.95878e-05,-0.00287666,-0.000450862,-0.000898309,-0.000712069,0.0274124,0.00012918,-8.71113e-05,-0.000368589,-0.000566912,0.00108331,0.0011793,0.00012918,0.0269743,-0.000184295,-4.15632e-05,2.93435e-05,-4.46954e-05,6.95878e-05,-8.71113e-05,-0.000184295,0.0466066,
0.0031253,-1.8486e-05,0.000593794,-0.000489657,-0.00287563,-0.000362842,-4.18608e-05,-1.8486e-05,0.00111918,0.000251924,0.00130237,-0.000451997,-0.000568209,2.93115e-05,0.000593794,0.000251924,0.00400764,0.000196617,-0.000887375,0.00108894,-4.49225e-05,-0.000489657,0.00130237,0.000196617,0.0033241,-0.000715989,0.00117662,6.96413e-05,-0.00287563,-0.000451997,-0.000887375,-0.000715989,0.0274031,0.000123195,-8.9026e-05,-0.000362842,-0.000568209,0.00108894,0.00117662,0.000123195,0.0269772,-0.000184553,-4.18608e-05,2.93115e-05,-4.49225e-05,6.96413e-05,-8.9026e-05,-0.000184553,0.0466066,
0.00314066,-1.70945e-05,0.000591628,-0.000488454,-0.00287462,-0.000357467,-4.21314e-05,-1.70945e-05,0.00111936,0.000252613,0.00130244,-0.000453046,-0.000569336,2.92802e-05,0.000591628,0.000252613,0.00400262,0.000198331,-0.00087735,0.00109392,-4.51199e-05,-0.000488454,0.00130244,0.000198331,0.00332367,-0.000719513,0.00117432,6.96804e-05,-0.00287462,-0.000453046,-0.00087735,-0.000719513,0.0273942,0.000117763,-9.06959e-05,-0.000357467,-0.000569336,0.00109392,0.00117432,0.000117763,0.0269798,-0.000184783,-4.21314e-05,2.92802e-05,-4.51199e-05,6.96804e-05,-9.06959e-05,-0.000184783,0.0466066,
0.00315479,-1.58122e-05,0.000589551,-0.000487303,-0.00287361,-0.000352426,-4.23809e-05,-1.58122e-05,0.00111952,0.000253225,0.00130251,-0.000454036,-0.000570342,2.92497e-05,0.000589551,0.000253225,0.00399801,0.000199907,-0.000868107,0.00109839,-4.52965e-05,-0.000487303,0.00130251,0.000199907,0.00332327,-0.0007227,0.00117233,6.9709e-05,-0.00287361,-0.000454036,-0.000868107,-0.0007227,0.0273858,0.00011284,-9.21899e-05,-0.000352426,-0.000570342,0.00109839,0.00117233,0.00011284,0.0269823,-0.000184994,-4.23809e-05,2.92497e-05,-4.52965e-05,6.9709e-05,-9.21899e-05,-0.000184994,0.0466066,
0.0031678,-1.46278e-05,0.000587575,-0.000486213,-0.00287259,-0.000347705,-4.26121e-05,-1.46278e-05,0.00111968,0.000253776,0.00130257,-0.000454972,-0.00057125,2.92204e-05,0.000587575,0.000253776,0.00399377,0.000201363,-0.000859567,0.00110243,-4.54568e-05,-0.000486213,0.00130257,0.000201363,0.00332291,-0.000725598,0.00117058,6.973e-05,-0.00287259,-0.000454972,-0.000859567,-0.000725598,0.0273778,0.000108364,-9.35473e-05,-0.000347705,-0.00057125,0.00110243,0.00117058,0.000108364,0.0269847,-0.000185194,-4.26121e-05,2.92204e-05,-4.54568e-05,6.973e-05,-9.35473e-05,-0.000185194,0.0466066,
0.00317979,-1.3532e-05,0.000585706,-0.000485187,-0.00287157,-0.000343288,-4.28272e-05,-1.3532e-05,0.00111982,0.000254277,0.00130263,-0.000455852,-0.000572077,2.91928e-05,0.000585706,0.000254277,0.00398985,0.000202708,-0.000851667,0.00110611,-4.56033e-05,-0.000485187,0.00130263,0.000202708,0.00332257,-0.000728248,0.00116902,6.97456e-05,-0.00287157,-0.000455852,-0.000851667,-0.000728248,0.0273704,0.000104279,-9.47922e-05,-0.000343288,-0.000572077,0.00110611,0.00116902,0.000104279,0.026987,-0.000185386,-4.28272e-05,2.91928e-05,-4.56033e-05,6.97456e-05,-9.47922e-05,-0.000185386,0.0466066,
0.00319085,-1.25164e-05,0.000583941,-0.000484225,-0.00287056,-0.000339158,-4.30276e-05,-1.25164e-05,0.00111995,0.000254737,0.00130269,-0.000456676,-0.00057283,2.91671e-05,0.000583941,0.000254737,0.00398622,0.000203954,-0.000844351,0.00110947,-4.57375e-05,-0.000484225,0.00130269,0.000203954,0.00332226,-0.000730681,0.00116761,6.97571e-05,-0.00287056,-0.000456676,-0.000844351,-0.000730681,0.0273634,0.000100536,-9.59412e-05,-0.000339158,-0.00057283,0.00110947,0.00116761,0.000100536,0.0269891,-0.000185574,-4.30276e-05,2.9167e-05,-4.57375e-05,6.97571e-05,-9.59412e-05,-0.000185574,0.0466066,
0.00320105,-1.15741e-05,0.000582279,-0.000483323,-0.00286957,-0.000335296,-4.32148e-05,-1.1574e-05,0.00112007,0.000255162,0.00130274,-0.000457446,-0.000573519,2.91433e-05,0.000582279,0.000255162,0.00398286,0.000205109,-0.000837568,0.00111255,-4.58608e-05,-0.000483323,0.00130274,0.000205109,0.00332198,-0.000732925,0.00116633,6.97656e-05,-0.00286957,-0.000457446,-0.000837568,-0.000732925,0.0273569,9.7093e-05,-9.70072e-05,-0.000335296,-0.000573519,0.00111255,0.00116633,9.7093e-05,0.0269911,-0.000185759,-4.32148e-05,2.91433e-05,-4.58608e-05,6.97656e-05,-9.70072e-05,-0.000185759,0.0466065,
0.00321049,-1.06983e-05,0.000580715,-0.00048248,-0.0028686,-0.000331684,-4.33902e-05,-1.06982e-05,0.00112018,0.000255555,0.00130279,-0.000458163,-0.00057415,2.91215e-05,0.000580715,0.000255555,0.00397973,0.00020618,-0.000831271,0.00111539,-4.59745e-05,-0.00048248,0.00130279,0.00020618,0.00332172,-0.000734999,0.00116515,6.97715e-05,-0.0028686,-0.000458163,-0.000831271,-0.000734999,0.0273508,9.39164e-05,-9.80009e-05,-0.000331684,-0.00057415,0.00111539,0.00116515,9.39164e-05,0.0269929,-0.000185945,-4.33902e-05,2.91215e-05,-4.59745e-05,6.97715e-05,-9.80009e-05,-0.000185945,0.0466065,
0.00321922,-9.88315e-06,0.000579246,-0.000481692,-0.00286765,-0.000328303,-4.35548e-05,-9.88315e-06,0.00112029,0.000255922,0.00130283,-0.000458832,-0.000574728,2.91018e-05,0.000579246,0.000255922,0.00397682,0.000207175,-0.000825418,0.00111801,-4.60795e-05,-0.000481692,0.00130283,0.000207175,0.00332147,-0.000736921,0.00116407,6.97754e-05,-0.00286765,-0.000458832,-0.000825418,-0.000736921,0.0273451,9.09774e-05,-9.89314e-05,-0.000328303,-0.000574728,0.00111801,0.00116407,9.09774e-05,0.0269947,-0.000186131,-4.35548e-05,2.91018e-05,-4.60795e-05,6.97754e-05,-9.89314e-05,-0.000186131,0.0466065,
0.00322731,-9.12338e-06,0.000577865,-0.000480955,-0.00286674,-0.000325136,-4.37098e-05,-9.12338e-06,0.00112039,0.000256264,0.00130287,-0.000459455,-0.000575259,2.90841e-05,0.000577865,0.000256264,0.00397411,0.000208101,-0.00081997,0.00112043,-4.61767e-05,-0.000480955,0.00130287,0.000208101,0.00332125,-0.000738707,0.00116306,6.97776e-05,-0.00286674,-0.000459455,-0.00081997,-0.000738707,0.0273397,8.82514e-05,-9.98064e-05,-0.000325136,-0.000575259,0.00112043,0.00116306,8.82514e-05,0.0269963,-0.000186321,-4.37098e-05,2.90841e-05,-4.61767e-05,6.97776e-05,-9.98064e-05,-0.000186321,0.0466065,
0.00323482,-8.41404e-06,0.000576568,-0.000480266,-0.00286585,-0.000322166,-4.38561e-05,-8.41403e-06,0.00112048,0.000256585,0.00130291,-0.000460036,-0.000575747,2.90682e-05,0.000576568,0.000256585,0.00397158,0.000208964,-0.00081489,0.00112267,-4.62671e-05,-0.000480266,0.00130291,0.000208964,0.00332104,-0.00074037,0.00116212,6.97783e-05,-0.00286585,-0.000460036,-0.00081489,-0.00074037,0.0273347,8.57169e-05,-0.000100633,-0.000322166,-0.000575747,0.00112267,0.00116212,8.57169e-05,0.0269977,-0.000186514,-4.38561e-05,2.90682e-05,-4.62671e-05,6.97783e-05,-0.000100633,-0.000186514,0.0466064,
0.0032418,-7.75068e-06,0.000575349,-0.000479622,-0.002865,-0.000319376,-4.39947e-05,-7.75068e-06,0.00112056,0.000256887,0.00130294,-0.000460579,-0.000576197,2.90541e-05,0.000575349,0.000256887,0.00396921,0.00020977,-0.000810146,0.00112476,-4.63514e-05,-0.000479622,0.00130294,0.00020977,0.00332085,-0.000741922,0.00116124,6.97777e-05,-0.002865,-0.000460579,-0.000810146,-0.000741922,0.0273299,8.33553e-05,-0.000101418,-0.000319376,-0.000576197,0.00112476,0.00116124,8.33553e-05,0.0269991,-0.000186712,-4.39947e-05,2.90541e-05,-4.63514e-05,6.97777e-05,-0.000101418,-0.000186712,0.0466064,
0.00324831,-7.12922e-06,0.000574203,-0.000479019,-0.00286418,-0.000316752,-4.41264e-05,-7.12923e-06,0.00112064,0.000257173,0.00130297,-0.000461088,-0.000576612,2.90417e-05,0.000574203,0.000257173,0.00396699,0.000210524,-0.000805708,0.0011267,-4.64303e-05,-0.000479019,0.00130297,0.000210524,0.00332067,-0.000743373,0.00116042,6.97759e-05,-0.00286418,-0.000461088,-0.000805708,-0.000743373,0.0273254,8.11498e-05,-0.000102165,-0.000316752,-0.000576612,0.0011267,0.00116042,8.11499e-05,0.0270004,-0.000186915,-4.41264e-05,2.90417e-05,-4.64303e-05,6.97759e-05,-0.000102165,-0.000186915,0.0466064,
0.00325438,-6.54592e-06,0.000573125,-0.000478455,-0.00286339,-0.00031428,-4.42519e-05,-6.54593e-06,0.00112071,0.000257442,0.001303,-0.000461564,-0.000576996,2.90309e-05,0.000573125,0.000257442,0.00396491,0.00021123,-0.000801549,0.00112852,-4.65043e-05,-0.000478455,0.001303,0.00021123,0.0033205,-0.000744732,0.00115965,6.9773e-05,-0.00286339,-0.000461564,-0.000801549,-0.000744732,0.0273212,7.90857e-05,-0.000102881,-0.00031428,-0.000576996,0.00112852,0.00115965,7.90857e-05,0.0270016,-0.000187123,-4.42519e-05,2.90309e-05,-4.65043e-05,6.9773e-05,-0.000102881,-0.000187123,0.0466063,
0.00326006,-5.99738e-06,0.00057211,-0.000477926,-0.00286263,-0.000311946,-4.43719e-05,-5.99738e-06,0.00112078,0.000257698,0.00130303,-0.000462012,-0.000577351,2.90216e-05,0.00057211,0.000257698,0.00396294,0.000211893,-0.000797642,0.00113021,-4.65742e-05,-0.000477926,0.00130303,0.000211893,0.00332035,-0.000746009,0.00115891,6.9769e-05,-0.00286263,-0.000462012,-0.000797642,-0.000746009,0.0273172,7.71494e-05,-0.000103569,-0.000311946,-0.000577351,0.00113021,0.00115891,7.71494e-05,0.0270027,-0.000187337,-4.43719e-05,2.90216e-05,-4.65742e-05,6.9769e-05,-0.000103569,-0.000187337,0.0466063,
0.00326538,-5.48046e-06,0.000571153,-0.000477429,-0.0028619,-0.000309739,-4.4487e-05,-5.48046e-06,0.00112084,0.000257942,0.00130305,-0.000462434,-0.000577681,2.90137e-05,0.000571153,0.000257942,0.00396109,0.000212517,-0.000793965,0.0011318,-4.66403e-05,-0.000477429,0.00130305,0.000212517,0.0033202,-0.00074721,0.00115822,6.97642e-05,-0.0028619,-0.000462434,-0.000793965,-0.00074721,0.0273134,7.53291e-05,-0.000104233,-0.000309739,-0.000577681,0.0011318,0.00115822,7.53291e-05,0.0270037,-0.000187558,-4.4487e-05,2.90137e-05,-4.66403e-05,6.97642e-05,-0.000104233,-0.000187558,0.0466062,
0.00327037,-4.99233e-06,0.00057025,-0.000476961,-0.0028612,-0.000307647,-4.45978e-05,-4.99233e-06,0.0011209,0.000258175,0.00130307,-0.000462832,-0.000577988,2.90071e-05,0.00057025,0.000258175,0.00395934,0.000213106,-0.000790497,0.00113329,-4.67031e-05,-0.000476961,0.00130307,0.000213106,0.00332006,-0.000748342,0.00115757,6.97585e-05,-0.0028612,-0.000462832,-0.000790497,-0.000748342,0.0273098,7.36138e-05,-0.000104877,-0.000307647,-0.000577988,0.00113329,0.00115757,7.36138e-05,0.0270047,-0.000187785,-4.45978e-05,2.90071e-05,-4.67031e-05,6.97585e-05,-0.000104877,-0.000187785,0.0466061,
0.00327507,-4.53037e-06,0.000569396,-0.000476521,-0.00286052,-0.000305662,-4.47048e-05,-4.53038e-06,0.00112096,0.000258397,0.00130309,-0.000463209,-0.000578273,2.90018e-05,0.000569396,0.000258397,0.00395768,0.000213662,-0.000787219,0.0011347,-4.67629e-05,-0.000476521,0.00130309,0.000213662,0.00331994,-0.000749412,0.00115694,6.9752e-05,-0.00286052,-0.000463209,-0.000787219,-0.000749412,0.0273063,7.19938e-05,-0.000105503,-0.000305662,-0.000578273,0.0011347,0.00115694,7.19938e-05,0.0270056,-0.000188018,-4.47048e-05,2.90018e-05,-4.67629e-05,6.9752e-05,-0.000105503,-0.000188018,0.0466061,
0.0032795,-4.0922e-06,0.000568588,-0.000476106,-0.00285988,-0.000303772,-4.48084e-05,-4.09221e-06,0.00112101,0.000258611,0.00130311,-0.000463567,-0.000578539,2.89976e-05,0.000568588,0.000258611,0.00395611,0.00021419,-0.000784114,0.00113603,-4.68202e-05,-0.000476106,0.00130311,0.00021419,0.00331982,-0.000750425,0.00115635,6.97448e-05,-0.00285988,-0.000463567,-0.000784114,-0.000750425,0.0273031,7.04602e-05,-0.000106115,-0.000303772,-0.000578539,0.00113603,0.00115635,7.04602e-05,0.0270064,-0.000188258,-4.48084e-05,2.89976e-05,-4.68202e-05,6.97448e-05,-0.000106115,-0.000188258,0.046606,
0.00328369,-3.67566e-06,0.000567821,-0.000475714,-0.00285925,-0.00030197,-4.49089e-05,-3.67566e-06,0.00112106,0.000258816,0.00130313,-0.000463907,-0.000578789,2.89945e-05,0.000567821,0.000258816,0.00395461,0.000214691,-0.000781165,0.00113728,-4.68752e-05,-0.000475714,0.00130313,0.000214691,0.0033197,-0.000751387,0.00115578,6.97369e-05,-0.00285925,-0.000463907,-0.000781165,-0.000751387,0.0272999,6.90049e-05,-0.000106713,-0.00030197,-0.000578789,0.00113728,0.00115578,6.90049e-05,0.0270072,-0.000188505,-4.49089e-05,2.89945e-05,-4.68752e-05,6.97369e-05,-0.000106713,-0.000188505,0.0466059,
0.00328765,-3.27875e-06,0.000567093,-0.000475343,-0.00285865,-0.000300247,-4.50068e-05,-3.27875e-06,0.0011211,0.000259014,0.00130314,-0.000464232,-0.000579022,2.89924e-05,0.000567093,0.000259014,0.00395318,0.000215167,-0.000778358,0.00113847,-4.69282e-05,-0.000475343,0.00130314,0.000215167,0.0033196,-0.000752303,0.00115523,6.97283e-05,-0.00285865,-0.000464232,-0.000778358,-0.000752303,0.0272969,6.76206e-05,-0.000107301,-0.000300247,-0.000579022,0.00113847,0.00115523,6.76206e-05,0.0270079,-0.000188758,-4.50068e-05,2.89924e-05,-4.69282e-05,6.97283e-05,-0.000107301,-0.000188758,0.0466059,
0.00329142,-2.89967e-06,0.000566399,-0.00047499,-0.00285807,-0.000298597,-4.51024e-05,-2.89967e-06,0.00112115,0.000259206,0.00130316,-0.000464542,-0.000579242,2.89913e-05,0.000566399,0.000259206,0.00395181,0.000215622,-0.000775681,0.0011396,-4.69795e-05,-0.00047499,0.00130316,0.000215622,0.00331949,-0.000753176,0.00115471,6.97191e-05,-0.00285807,-0.000464542,-0.000775681,-0.000753176,0.027294,6.63006e-05,-0.00010788,-0.000298597,-0.000579242,0.0011396,0.00115471,6.63006e-05,0.0270087,-0.000189018,-4.51024e-05,2.89913e-05,-4.69795e-05,6.97191e-05,-0.00010788,-0.000189018,0.0466058,
0.00329501,-2.53677e-06,0.000565737,-0.000474655,-0.00285751,-0.000297012,-4.51959e-05,-2.53677e-06,0.00112119,0.000259391,0.00130317,-0.000464839,-0.000579448,2.8991e-05,0.000565737,0.000259391,0.00395049,0.000216058,-0.00077312,0.00114067,-4.70293e-05,-0.000474655,0.00130317,0.000216058,0.0033194,-0.000754011,0.0011542,6.97094e-05,-0.00285751,-0.000464839,-0.00077312,-0.000754011,0.0272912,6.50391e-05,-0.000108452,-0.000297012,-0.000579448,0.00114067,0.0011542,6.50391e-05,0.0270093,-0.000189284,-4.51959e-05,2.8991e-05,-4.70293e-05,6.97094e-05,-0.000108452,-0.000189284,0.0466057,
0.00329844,-2.18853e-06,0.000565105,-0.000474336,-0.00285697,-0.000295488,-4.52876e-05,-2.18853e-06,0.00112123,0.000259571,0.00130318,-0.000465125,-0.000579643,2.89916e-05,0.000565105,0.000259571,0.00394923,0.000216475,-0.000770665,0.0011417,-4.70776e-05,-0.000474336,0.00130318,0.000216475,0.00331931,-0.000754811,0.00115372,6.96991e-05,-0.00285697,-0.000465125,-0.000770665,-0.000754811,0.0272886,6.38305e-05,-0.000109018,-0.000295488,-0.000579643,0.0011417,0.00115372,6.38305e-05,0.02701,-0.000189557,-4.52876e-05,2.89916e-05,-4.70776e-05,6.96991e-05,-0.000109018,-0.000189557,0.0466056,
0.00330171,-1.8536e-06,0.000564499,-0.000474031,-0.00285644,-0.000294017,-4.53777e-05,-1.85359e-06,0.00112127,0.000259746,0.00130319,-0.000465401,-0.000579828,2.89929e-05,0.000564499,0.000259746,0.00394802,0.000216876,-0.000768306,0.00114269,-4.71249e-05,-0.000474031,0.00130319,0.000216876,0.00331922,-0.000755579,0.00115325,6.96883e-05,-0.00285644,-0.000465401,-0.000768306,-0.000755579,0.027286,6.26698e-05,-0.00010958,-0.000294017,-0.000579828,0.00114269,0.00115325,6.26698e-05,0.0270106,-0.000189835,-4.53777e-05,2.89929e-05,-4.71249e-05,6.96883e-05,-0.00010958,-0.000189835,0.0466055,
0.00330486,-1.53071e-06,0.000563916,-0.000473739,-0.00285593,-0.000292596,-4.54665e-05,-1.5307e-06,0.00112131,0.000259917,0.0013032,-0.000465667,-0.000580003,2.89949e-05,0.000563916,0.000259917,0.00394684,0.000217263,-0.000766034,0.00114363,-4.7171e-05,-0.000473739,0.0013032,0.000217263,0.00331914,-0.000756319,0.00115279,6.9677e-05,-0.00285593,-0.000465667,-0.000766034,-0.000756319,0.0272834,6.15526e-05,-0.000110137,-0.000292596,-0.000580003,0.00114363,0.00115279,6.15526e-05,0.0270112,-0.00019012,-4.54665e-05,2.89949e-05,-4.7171e-05,6.9677e-05,-0.000110137,-0.00019012,0.0466054,
0.00330788,-1.21872e-06,0.000563356,-0.000473459,-0.00285543,-0.000291219,-4.55541e-05,-1.21872e-06,0.00112134,0.000260084,0.00130321,-0.000465924,-0.000580169,2.89976e-05,0.000563356,0.000260084,0.00394571,0.000217636,-0.000763841,0.00114454,-4.72163e-05,-0.000473459,0.00130321,0.000217636,0.00331906,-0.000757033,0.00115235,6.96653e-05,-0.00285543,-0.000465924,-0.000763841,-0.000757033,0.027281,6.04747e-05,-0.000110692,-0.000291219,-0.000580169,0.00114454,0.00115235,6.04747e-05,0.0270117,-0.00019041,-4.55541e-05,2.89976e-05,-4.72163e-05,6.96653e-05,-0.000110692,-0.00019041,0.0466053,
0.00331079,-9.16608e-07,0.000562816,-0.00047319,-0.00285495,-0.000289883,-4.56406e-05,-9.16607e-07,0.00112137,0.000260247,0.00130322,-0.000466173,-0.000580328,2.90009e-05,0.000562816,0.000260247,0.00394461,0.000217998,-0.000761719,0.00114541,-4.72608e-05,-0.00047319,0.00130322,0.000217998,0.00331898,-0.000757723,0.00115191,6.96532e-05,-0.00285495,-0.000466173,-0.000761719,-0.000757723,0.0272786,5.94326e-05,-0.000111245,-0.000289883,-0.000580328,0.00114541,0.00115191,5.94326e-05,0.0270122,-0.000190706,-4.56406e-05,2.90009e-05,-4.72608e-05,6.96532e-05,-0.000111245,-0.000190706,0.0466052,
0.0033136,-6.23418e-07,0.000562293,-0.00047293,-0.00285447,-0.000288583,-4.57263e-05,-6.23418e-07,0.00112141,0.000260407,0.00130323,-0.000466416,-0.00058048,2.90047e-05,0.000562293,0.000260407,0.00394354,0.000218348,-0.000759662,0.00114626,-4.73046e-05,-0.00047293,0.00130323,0.000218348,0.00331891,-0.000758392,0.00115149,6.96407e-05,-0.00285447,-0.000466416,-0.000759662,-0.000758392,0.0272763,5.84227e-05,-0.000111796,-0.000288583,-0.00058048,0.00114626,0.00115149,5.84227e-05,0.0270128,-0.000191007,-4.57263e-05,2.90047e-05,-4.73046e-05,6.96407e-05,-0.000111796,-0.000191007,0.0466051,
0.00331632,-3.3829e-07,0.000561787,-0.000472679,-0.00285401,-0.000287316,-4.58112e-05,-3.38292e-07,0.00112144,0.000260564,0.00130324,-0.000466652,-0.000580625,2.90091e-05,0.000561787,0.000260564,0.00394249,0.000218689,-0.000757663,0.00114708,-4.73479e-05,-0.000472679,0.00130324,0.000218689,0.00331884,-0.000759042,0.00115108,6.96278e-05,-0.00285401,-0.000466652,-0.000757663,-0.000759042,0.0272741,5.74421e-05,-0.000112347,-0.000287316,-0.000580625,0.00114708,0.00115108,5.74421e-05,0.0270133,-0.000191313,-4.58112e-05,2.90091e-05,-4.73479e-05,6.96278e-05,-0.000112347,-0.000191313,0.046605,
0.00331896,-6.04408e-08,0.000561295,-0.000472436,-0.00285355,-0.000286079,-4.58954e-05,-6.04447e-08,0.00112147,0.000260718,0.00130324,-0.000466883,-0.000580764,2.9014e-05,0.000561295,0.000260718,0.00394148,0.000219021,-0.000755717,0.00114787,-4.73906e-05,-0.000472436,0.00130324,0.000219021,0.00331877,-0.000759674,0.00115068,6.96146e-05,-0.00285355,-0.000466883,-0.000755717,-0.000759674,0.0272719,5.6488e-05,-0.000112897,-0.000286079,-0.000580764,0.00114787,0.00115068,5.6488e-05,0.0270137,-0.000191624,-4.58954e-05,2.9014e-05,-4.73906e-05,6.96146e-05,-0.000112897,-0.000191624,0.0466049,
0.00332152,2.10843e-07,0.000560816,-0.0004722,-0.00285311,-0.000284869,-4.59791e-05,2.10838e-07,0.0011215,0.00026087,0.00130325,-0.000467108,-0.000580898,2.90194e-05,0.000560816,0.00026087,0.00394048,0.000219344,-0.000753818,0.00114864,-4.74329e-05,-0.0004722,0.00130325,0.000219344,0.0033187,-0.000760291,0.00115028,6.9601e-05,-0.00285311,-0.000467108,-0.000753818,-0.000760291,0.0272697,5.55578e-05,-0.000113447,-0.000284869,-0.000580898,0.00114864,0.00115028,5.55578e-05,0.0270142,-0.00019194,-4.59791e-05,2.90194e-05,-4.74329e-05,6.9601e-05,-0.000113447,-0.00019194,0.0466048,
0.00332402,4.76212e-07,0.000560349,-0.000471971,-0.00285267,-0.000283683,-4.60623e-05,4.76209e-07,0.00112153,0.000261019,0.00130325,-0.000467329,-0.000581027,2.90251e-05,0.000560349,0.000261019,0.00393951,0.000219661,-0.000751962,0.0011494,-4.74748e-05,-0.000471971,0.00130325,0.000219661,0.00331864,-0.000760893,0.0011499,6.95872e-05,-0.00285267,-0.000467329,-0.000751962,-0.000760893,0.0272676,5.46493e-05,-0.000113998,-0.000283683,-0.000581027,0.0011494,0.0011499,5.46493e-05,0.0270147,-0.000192261,-4.60623e-05,2.90251e-05,-4.74748e-05,6.95872e-05,-0.000113998,-0.000192261,0.0466047,
0.00332646,7.36256e-07,0.000559893,-0.000471747,-0.00285224,-0.000282519,-4.61451e-05,7.36258e-07,0.00112155,0.000261167,0.00130326,-0.000467546,-0.000581152,2.90313e-05,0.000559893,0.000261167,0.00393855,0.000219971,-0.000750144,0.00115013,-4.75163e-05,-0.000471747,0.00130326,0.000219971,0.00331857,-0.000761483,0.00114951,6.9573e-05,-0.00285224,-0.000467546,-0.000750144,-0.000761483,0.0272655,5.37604e-05,-0.00011455,-0.000282519,-0.000581152,0.00115013,0.00114951,5.37604e-05,0.0270151,-0.000192585,-4.61451e-05,2.90313e-05,-4.75163e-05,6.9573e-05,-0.00011455,-0.000192585,0.0466046,
0.00332885,9.91515e-07,0.000559445,-0.000471529,-0.00285181,-0.000281374,-4.62276e-05,9.91519e-07,0.00112158,0.000261313,0.00130327,-0.000467758,-0.000581273,2.90378e-05,0.000559445,0.000261313,0.00393762,0.000220275,-0.000748362,0.00115085,-4.75576e-05,-0.000471529,0.00130327,0.000220275,0.00331851,-0.000762061,0.00114914,6.95586e-05,-0.00285181,-0.000467758,-0.000748362,-0.000762061,0.0272634,5.28893e-05,-0.000115103,-0.000281374,-0.000581273,0.00115085,0.00114914,5.28893e-05,0.0270155,-0.000192914,-4.62276e-05,2.90378e-05,-4.75576e-05,6.95586e-05,-0.000115103,-0.000192914,0.0466045,
0.00333119,1.24248e-06,0.000559007,-0.000471315,-0.00285139,-0.000280247,-4.63099e-05,1.24247e-06,0.00112161,0.000261458,0.00130327,-0.000467968,-0.00058139,2.90447e-05,0.000559007,0.000261458,0.00393669,0.000220575,-0.00074661,0.00115155,-4.75987e-05,-0.000471315,0.00130327,0.000220575,0.00331845,-0.000762629,0.00114877,6.95439e-05,-0.00285139,-0.000467968,-0.00074661,-0.000762629,0.0272614,5.20341e-05,-0.000115657,-0.000280247,-0.00058139,0.00115155,0.00114877,5.20341e-05,0.027016,-0.000193247,-4.63099e-05,2.90447e-05,-4.75987e-05,6.95439e-05,-0.000115657,-0.000193247,0.0466044,
0.00333348,1.48959e-06,0.000558576,-0.000471106,-0.00285097,-0.000279135,-4.63919e-05,1.48959e-06,0.00112163,0.000261601,0.00130328,-0.000468174,-0.000581504,2.90519e-05,0.000558576,0.000261601,0.00393578,0.000220869,-0.000744887,0.00115224,-4.76395e-05,-0.000471106,0.00130328,0.000220869,0.0033184,-0.000763187,0.0011484,6.9529e-05,-0.00285097,-0.000468174,-0.000744887,-0.000763187,0.0272594,5.11934e-05,-0.000116212,-0.000279135,-0.000581504,0.00115224,0.0011484,5.11934e-05,0.0270164,-0.000193584,-4.63919e-05,2.90519e-05,-4.76395e-05,6.9529e-05,-0.000116212,-0.000193584,0.0466042,
0.00333573,1.73326e-06,0.000558151,-0.0004709,-0.00285056,-0.000278038,-4.64738e-05,1.73326e-06,0.00112166,0.000261742,0.00130328,-0.000468378,-0.000581615,2.90593e-05,0.000558151,0.000261742,0.00393489,0.000221159,-0.000743189,0.00115292,-4.76802e-05,-0.0004709,0.00130328,0.000221159,0.00331834,-0.000763737,0.00114804,6.95139e-05,-0.00285056,-0.000468378,-0.000743189,-0.000763737,0.0272574,5.03657e-05,-0.000116769,-0.000278038,-0.000581615,0.00115292,0.00114804,5.03657e-05,0.0270168,-0.000193924,-4.64738e-05,2.90593e-05,-4.76802e-05,6.95139e-05,-0.000116769,-0.000193924,0.0466041,
0.00333795,1.97385e-06,0.000557732,-0.000470697,-0.00285015,-0.000276953,-4.65556e-05,1.97384e-06,0.00112168,0.000261883,0.00130328,-0.000468579,-0.000581724,2.9067e-05,0.000557732,0.000261883,0.003934,0.000221445,-0.000741513,0.00115359,-4.77208e-05,-0.000470697,0.00130328,0.000221445,0.00331828,-0.000764279,0.00114768,6.94985e-05,-0.00285015,-0.000468579,-0.000741513,-0.000764279,0.0272554,4.95498e-05,-0.000117327,-0.000276953,-0.000581724,0.00115359,0.00114768,4.95498e-05,0.0270172,-0.000194268,-4.65556e-05,2.9067e-05,-4.77208e-05,6.94985e-05,-0.000117327,-0.000194268,0.046604,
