0.00337562,-0.00090166,-0.00149901,-0.000106363,-0.001304,-0.000792532,2.37986e-05,-0.00090166,0.00189013,-0.000920197,0.000449652,0.000559833,0.000108881,-7.86442e-05,-0.00149901,-0.000920197,0.00336159,-0.000348935,-0.00125632,-0.000641342,2.70024e-05,-0.000106363,0.000449652,-0.000348935,0.00202428,0.00159088,-6.70679e-05,-1.07509e-05,-0.001304,0.000559833,-0.00125632,0.00159088,0.0262786,0.00134129,0.000510033,-0.000792532,0.000108882,-0.000641342,-6.70679e-05,0.00134129,0.0251644,6.14298e-06,2.37986e-05,-7.86442e-05,2.70024e-05,-1.07509e-05,0.000510033,6.14297e-06,0.0466169,
0.00337524,-0.000901485,-0.00149938,-0.000106578,-0.00130383,-0.000792068,2.37907e-05,-0.000901485,0.00189041,-0.000920043,0.000449682,0.00055985,0.000108985,-7.86808e-05,-0.00149938,-0.000920043,0.00336137,-0.000348741,-0.00125635,-0.000641084,2.6986e-05,-0.000106578,0.000449682,-0.000348741,0.00202427,0.00159046,-6.72414e-05,-1.07366e-05,-0.00130383,0.00055985,-0.00125635,0.00159046,0.0262784,0.00134065,0.000510263,-0.000792068,0.000108985,-0.000641084,-6.72414e-05,0.00134065,0.0251637,6.15244e-06,2.37907e-05,-7.86808e-05,2.6986e-05,-1.07366e-05,0.000510263,6.15244e-06,0.0466169,
0.00337497,-0.000901357,-0.00149964,-0.000106765,-0.00130372,-0.000791719,2.3786e-05,-0.000901357,0.00189059,-0.000919935,0.000449725,0.000559848,0.000109029,-7.8706e-05,-0.00149964,-0.000919935,0.00336123,-0.0003486,-0.0012564,-0.000640915,2.6975e-05,-0.000106765,0.000449725,-0.0003486,0.00202426,0.00159016,-6.73881e-05,-1.07282e-05,-0.00130372,0.000559848,-0.0012564,0.00159016,0.0262783,0.00134021,0.000510387,-0.000791719,0.000109029,-0.000640915,-6.73881e-05,0.00134021,0.0251631,6.15947e-06,2.3786e-05,-7.8706e-05,2.6975e-05,-1.07282e-05,0.000510387,6.15946e-06,0.0466169,
0.00337479,-0.000901262,-0.00149982,-0.000106923,-0.00130364,-0.000791456,2.37829e-05,-0.000901262,0.0018907,-0.000919857,0.000449774,0.000559835,0.000109039,-7.87227e-05,-0.00149982,-0.000919857,0.00336114,-0.000348499,-0.00125645,-0.000640803,2.69674e-05,-0.000106923,0.000449774,-0.000348499,0.00202426,0.00158996,-6.74997e-05,-1.07229e-05,-0.00130364,0.000559835,-0.00125645,0.00158996,0.0262782,0.00133989,0.000510446,-0.000791456,0.000109039,-0.000640803,-6.74997e-05,0.00133989,0.0251628,6.16444e-06,2.37829e-05,-7.87227e-05,2.69674e-05,-1.07229e-05,0.000510446,6.16444e-06,0.0466169,
0.00337465,-0.000901191,-0.00149995,-0.000107058,-0.00130357,-0.000791254,2.37809e-05,-0.000901191,0.00189076,-0.0009198,0.000449825,0.000559815,0.000109027,-7.87336e-05,-0.00149995,-0.0009198,0.00336108,-0.000348425,-0.00125648,-0.000640731,2.6962e-05,-0.000107058,0.000449825,-0.000348425,0.00202426,0.00158982,-6.75824e-05,-1.07196e-05,-0.00130357,0.000559815,-0.00125648,0.00158982,0.0262782,0.00133967,0.000510464,-0.000791254,0.000109027,-0.000640731,-6.75824e-05,0.00133967,0.0251625,6.16794e-06,2.37809e-05,-7.87336e-05,2.6962e-05,-1.07196e-05,0.000510464,6.16794e-06,0.0466169,
0.00337455,-0.000901136,-0.00150004,-0.000107175,-0.00130351,-0.000791098,2.37794e-05,-0.000901136,0.0018908,-0.000919756,0.000449875,0.000559792,0.000109005,-7.87405e-05,-0.00150004,-0.000919756,0.00336105,-0.000348369,-0.0012565,-0.000640685,2.6958e-05,-0.000107175,0.000449875,-0.000348369,0.00202427,0.00158973,-6.76434e-05,-1.07173e-05,-0.00130351,0.000559792,-0.0012565,0.00158973,0.0262782,0.00133951,0.000510455,-0.000791098,0.000109005,-0.000640685,-6.76434e-05,0.00133951,0.0251624,6.17041e-06,2.37794e-05,-7.87405e-05,2.6958e-05,-1.07173e-05,0.000510455,6.17041e-06,0.0466169,
0.00337448,-0.000901092,-0.00150011,-0.000107277,-0.00130347,-0.000790973,2.37783e-05,-0.000901092,0.00189082,-0.000919723,0.000449922,0.000559768,0.000108977,-7.87447e-05,-0.00150011,-0.000919723,0.00336102,-0.000348327,-0.00125652,-0.000640657,2.6955e-05,-0.000107277,0.000449922,-0.000348327,0.00202428,0.00158967,-6.76888e-05,-1.07158e-05,-0.00130347,0.000559768,-0.00125652,0.00158967,0.0262781,0.0013394,0.00051043,-0.000790973,0.000108977,-0.000640657,-6.76888e-05,0.0013394,0.0251623,6.17215e-06,2.37783e-05,-7.87447e-05,2.6955e-05,-1.07158e-05,0.00051043,6.17215e-06,0.0466169,
0.00337442,-0.000901057,-0.00150017,-0.000107366,-0.00130343,-0.000790871,2.37775e-05,-0.000901057,0.00189084,-0.000919697,0.000449966,0.000559745,0.000108946,-7.87471e-05,-0.00150017,-0.000919697,0.00336101,-0.000348293,-0.00125654,-0.00064064,2.69527e-05,-0.000107366,0.000449966,-0.000348293,0.00202429,0.00158963,-6.7723e-05,-1.07147e-05,-0.00130343,0.000559745,-0.00125654,0.00158963,0.0262781,0.00133931,0.000510395,-0.000790871,0.000108946,-0.00064064,-6.7723e-05,0.00133931,0.0251622,6.17339e-06,2.37775e-05,-7.87471e-05,2.69527e-05,-1.07147e-05,0.000510395,6.17339e-06,0.0466168,
0.00337438,-0.000901028,-0.00150021,-0.000107446,-0.00130339,-0.000790787,2.37768e-05,-0.000901028,0.00189084,-0.000919676,0.000450007,0.000559723,0.000108915,-7.87483e-05,-0.00150021,-0.000919676,0.00336101,-0.000348266,-0.00125655,-0.00064063,2.69508e-05,-0.000107446,0.000450007,-0.000348266,0.0020243,0.00158961,-6.77491e-05,-1.07139e-05,-0.00130339,0.000559723,-0.00125655,0.00158961,0.0262781,0.00133924,0.000510355,-0.000790787,0.000108915,-0.00064063,-6.77491e-05,0.00133924,0.0251622,6.17426e-06,2.37768e-05,-7.87483e-05,2.69508e-05,-1.07139e-05,0.000510355,6.17426e-06,0.0466168,
0.00337434,-0.000901003,-0.00150025,-0.000107516,-0.00130336,-0.000790716,2.37762e-05,-0.000901003,0.00189084,-0.000919659,0.000450045,0.000559701,0.000108885,-7.87487e-05,-0.00150025,-0.000919659,0.003361,-0.000348244,-0.00125655,-0.000640626,2.69493e-05,-0.000107516,0.000450045,-0.000348244,0.00202431,0.0015896,-6.77692e-05,-1.07132e-05,-0.00130336,0.000559701,-0.00125655,0.0015896,0.0262781,0.00133919,0.000510313,-0.000790716,0.000108885,-0.000640626,-6.77692e-05,0.00133919,0.0251621,6.17488e-06,2.37762e-05,-7.87487e-05,2.69493e-05,-1.07132e-05,0.000510313,6.17488e-06,0.0466168,
0.00337431,-0.000900983,-0.00150028,-0.000107579,-0.00130333,-0.000790656,2.37757e-05,-0.000900983,0.00189084,-0.000919645,0.000450079,0.000559682,0.000108856,-7.87487e-05,-0.00150028,-0.000919645,0.003361,-0.000348225,-0.00125656,-0.000640624,2.6948e-05,-0.000107579,0.000450079,-0.000348225,0.00202432,0.00158959,-6.77851e-05,-1.07125e-05,-0.00130333,0.000559682,-0.00125656,0.00158959,0.0262781,0.00133915,0.000510271,-0.000790656,0.000108856,-0.000640624,-6.77851e-05,0.00133915,0.0251621,6.17532e-06,2.37757e-05,-7.87487e-05,2.6948e-05,-1.07125e-05,0.000510271,6.17532e-06,0.0466168,
0.00337429,-0.000900965,-0.0015003,-0.000107635,-0.00130331,-0.000790603,2.37753e-05,-0.000900965,0.00189083,-0.000919633,0.00045011,0.000559664,0.000108829,-7.87483e-05,-0.0015003,-0.000919633,0.00336101,-0.000348209,-0.00125657,-0.000640625,2.69469e-05,-0.000107635,0.00045011,-0.000348209,0.00202433,0.00158959,-6.77978e-05,-1.07119e-05,-0.00130331,0.000559664,-0.00125657,0.00158959,0.0262781,0.00133912,0.00051023,-0.000790603,0.000108829,-0.000640625,-6.77978e-05,0.00133912,0.0251621,6.17562e-06,2.37753e-05,-7.87483e-05,2.69469e-05,-1.07119e-05,0.00051023,6.17562e-06,0.0466168,
0.00337427,-0.000900949,-0.00150032,-0.000107685,-0.00130328,-0.000790557,2.37748e-05,-0.000900949,0.00189083,-0.000919622,0.000450138,0.000559647,0.000108805,-7.87478e-05,-0.00150032,-0.000919622,0.00336101,-0.000348195,-0.00125657,-0.000640626,2.69459e-05,-0.000107685,0.000450138,-0.000348195,0.00202434,0.00158959,-6.78081e-05,-1.07113e-05,-0.00130328,0.000559647,-0.00125657,0.00158959,0.0262782,0.00133909,0.000510189,-0.000790557,0.000108805,-0.000640626,-6.78081e-05,0.00133909,0.0251621,6.17582e-06,2.37748e-05,-7.87478e-05,2.69459e-05,-1.07113e-05,0.000510189,6.17582e-06,0.0466168,
0.00337425,-0.000900935,-0.00150034,-0.00010773,-0.00130326,-0.000790517,2.37744e-05,-0.000900935,0.00189082,-0.000919613,0.000450163,0.000559632,0.000108782,-7.87471e-05,-0.00150034,-0.000919613,0.00336101,-0.000348183,-0.00125657,-0.000640629,2.69451e-05,-0.00010773,0.000450163,-0.000348183,0.00202435,0.00158959,-6.78164e-05,-1.07106e-05,-0.00130326,0.000559632,-0.00125657,0.00158959,0.0262782,0.00133906,0.000510151,-0.000790517,0.000108782,-0.000640629,-6.78164e-05,0.00133906,0.0251621,6.17595e-06,2.37744e-05,-7.87471e-05,2.69451e-05,-1.07106e-05,0.000510151,6.17595e-06,0.0466168,
0.00337423,-0.000900923,-0.00150035,-0.000107771,-0.00130324,-0.000790481,2.37741e-05,-0.000900923,0.00189082,-0.000919605,0.000450186,0.000559618,0.000108762,-7.87464e-05,-0.00150035,-0.000919605,0.00336101,-0.000348172,-0.00125658,-0.000640631,2.69443e-05,-0.000107771,0.000450186,-0.000348172,0.00202435,0.00158959,-6.78233e-05,-1.071e-05,-0.00130324,0.000559618,-0.00125658,0.00158959,0.0262782,0.00133904,0.000510115,-0.000790481,0.000108762,-0.000640631,-6.78233e-05,0.00133904,0.0251621,6.17602e-06,2.37741e-05,-7.87464e-05,2.69443e-05,-1.071e-05,0.000510115,6.17602e-06,0.0466168,
0.00337422,-0.000900913,-0.00150037,-0.000107807,-0.00130323,-0.000790449,2.37737e-05,-0.000900913,0.00189081,-0.000919599,0.000450207,0.000559606,0.000108743,-7.87456e-05,-0.00150037,-0.000919599,0.00336101,-0.000348163,-0.00125658,-0.000640633,2.69436e-05,-0.000107807,0.000450207,-0.000348163,0.00202436,0.00158959,-6.7829e-05,-1.07093e-05,-0.00130323,0.000559606,-0.00125658,0.00158959,0.0262782,0.00133903,0.00051008,-0.000790449,0.000108743,-0.000640633,-6.7829e-05,0.00133903,0.0251621,6.17605e-06,2.37737e-05,-7.87456e-05,2.69436e-05,-1.07093e-05,0.00051008,6.17605e-06,0.0466167,
0.00337421,-0.000900903,-0.00150038,-0.00010784,-0.00130321,-0.000790421,2.37733e-05,-0.000900903,0.00189081,-0.000919592,0.000450225,0.000559594,0.000108727,-7.87449e-05,-0.00150038,-0.000919592,0.00336102,-0.000348154,-0.00125658,-0.000640636,2.69429e-05,-0.00010784,0.000450225,-0.000348154,0.00202436,0.00158959,-6.78336e-05,-1.07087e-05,-0.00130321,0.000559594,-0.00125658,0.00158959,0.0262782,0.00133901,0.000510048,-0.000790421,0.000108727,-0.000640636,-6.78336e-05,0.00133901,0.0251621,6.17605e-06,2.37733e-05,-7.87449e-05,2.69429e-05,-1.07087e-05,0.000510048,6.17605e-06,0.0466167,
0.0033742,-0.000900894,-0.00150039,-0.000107869,-0.0013032,-0.000790395,2.3773e-05,-0.000900894,0.0018908,-0.000919587,0.000450242,0.000559584,0.000108712,-7.87441e-05,-0.00150039,-0.000919587,0.00336102,-0.000348146,-0.00125658,-0.000640638,2.69423e-05,-0.000107869,0.000450242,-0.000348146,0.00202437,0.0015896,-6.78375e-05,-1.0708e-05,-0.0013032,0.000559584,-0.00125658,0.0015896,0.0262782,0.001339,0.000510017,-0.000790395,0.000108712,-0.000640638,-6.78375e-05,0.001339,0.0251621,6.17602e-06,2.3773e-05,-7.87441e-05,2.69423e-05,-1.0708e-05,0.000510017,6.17602e-06,0.0466167,
0.00337419,-0.000900887,-0.0015004,-0.000107896,-0.00130319,-0.000790372,2.37727e-05,-0.000900887,0.0018908,-0.000919582,0.000450257,0.000559575,0.000108698,-7.87434e-05,-0.0015004,-0.000919582,0.00336102,-0.00034814,-0.00125658,-0.000640641,2.69418e-05,-0.000107896,0.000450257,-0.00034814,0.00202437,0.0015896,-6.78407e-05,-1.07073e-05,-0.00130319,0.000559575,-0.00125658,0.0015896,0.0262782,0.00133899,0.000509988,-0.000790372,0.000108698,-0.000640641,-6.78407e-05,0.00133899,0.0251621,6.17597e-06,2.37727e-05,-7.87434e-05,2.69418e-05,-1.07073e-05,0.000509988,6.17597e-06,0.0466167,
0.00337418,-0.00090088,-0.00150041,-0.00010792,-0.00130317,-0.000790351,2.37724e-05,-0.00090088,0.0018908,-0.000919578,0.000450271,0.000559566,0.000108686,-7.87427e-05,-0.00150041,-0.000919578,0.00336102,-0.000348133,-0.00125658,-0.000640643,2.69413e-05,-0.00010792,0.000450271,-0.000348133,0.00202438,0.0015896,-6.78433e-05,-1.07066e-05,-0.00130317,0.000559566,-0.00125658,0.0015896,0.0262782,0.00133897,0.000509961,-0.000790351,0.000108686,-0.000640643,-6.78433e-05,0.00133897,0.0251621,6.1759e-06,2.37724e-05,-7.87427e-05,2.69413e-05,-1.07066e-05,0.000509961,6.1759e-06,0.0466167,
0.00337417,-0.000900874,-0.00150042,-0.000107942,-0.00130316,-0.000790333,2.3772e-05,-0.000900874,0.00189079,-0.000919574,0.000450283,0.000559559,0.000108675,-7.8742e-05,-0.00150042,-0.000919574,0.00336103,-0.000348128,-0.00125658,-0.000640644,2.69408e-05,-0.000107942,0.000450283,-0.000348128,0.00202438,0.0015896,-6.78453e-05,-1.07059e-05,-0.00130316,0.000559559,-0.00125658,0.0015896,0.0262782,0.00133896,0.000509936,-0.000790333,0.000108675,-0.000640644,-6.78453e-05,0.00133896,0.0251621,6.17582e-06,2.3772e-05,-7.8742e-05,2.69408e-05,-1.07059e-05,0.000509936,6.17582e-06,0.0466167,
0.00337416,-0.000900868,-0.00150042,-0.000107962,-0.00130315,-0.000790316,2.37717e-05,-0.000900868,0.00189079,-0.00091957,0.000450294,0.000559552,0.000108665,-7.87414e-05,-0.00150042,-0.00091957,0.00336103,-0.000348122,-0.00125658,-0.000640646,2.69403e-05,-0.000107962,0.000450294,-0.000348122,0.00202439,0.00158961,-6.78469e-05,-1.07052e-05,-0.00130315,0.000559552,-0.00125658,0.00158961,0.0262782,0.00133895,0.000509912,-0.000790316,0.000108665,-0.000640646,-6.78469e-05,0.00133895,0.0251621,6.17573e-06,2.37717e-05,-7.87414e-05,2.69403e-05,-1.07052e-05,0.000509912,6.17573e-06,0.0466167,
0.00337416,-0.000900863,-0.00150043,-0.00010798,-0.00130314,-0.0007903,2.37715e-05,-0.000900863,0.00189079,-0.000919567,0.000450304,0.000559545,0.000108656,-7.87407e-05,-0.00150043,-0.000919567,0.00336103,-0.000348118,-0.00125658,-0.000640648,2.69399e-05,-0.00010798,0.000450304,-0.000348118,0.00202439,0.00158961,-6.78482e-05,-1.07045e-05,-0.00130314,0.000559545,-0.00125658,0.00158961,0.0262782,0.00133895,0.00050989,-0.0007903,0.000108656,-0.000640648,-6.78482e-05,0.00133895,0.0251621,6.17563e-06,2.37715e-05,-7.87407e-05,2.69399e-05,-1.07045e-05,0.00050989,6.17563e-06,0.0466167,
0.00337415,-0.000900858,-0.00150044,-0.000107996,-0.00130314,-0.000790286,2.37712e-05,-0.000900858,0.00189079,-0.000919564,0.000450313,0.00055954,0.000108648,-7.87401e-05,-0.00150044,-0.000919564,0.00336103,-0.000348113,-0.00125658,-0.000640649,2.69395e-05,-0.000107996,0.000450313,-0.000348113,0.00202439,0.00158961,-6.78491e-05,-1.07038e-05,-0.00130314,0.00055954,-0.00125658,0.00158961,0.0262782,0.00133894,0.000509868,-0.000790286,0.000108648,-0.000640649,-6.78491e-05,0.00133894,0.0251621,6.17553e-06,2.37712e-05,-7.87401e-05,2.69395e-05,-1.07038e-05,0.000509868,6.17553e-06,0.0466167,
0.00337415,-0.000900854,-0.00150044,-0.000108011,-0.00130313,-0.000790273,2.37709e-05,-0.000900854,0.00189078,-0.000919562,0.000450321,0.000559534,0.00010864,-7.87395e-05,-0.00150044,-0.000919562,0.00336103,-0.000348109,-0.00125658,-0.00064065,2.69392e-05,-0.000108011,0.000450321,-0.000348109,0.00202439,0.00158961,-6.78497e-05,-1.07031e-05,-0.00130313,0.000559534,-0.00125658,0.00158961,0.0262782,0.00133893,0.000509848,-0.000790273,0.00010864,-0.00064065,-6.78497e-05,0.00133893,0.0251621,6.17541e-06,2.37709e-05,-7.87395e-05,2.69392e-05,-1.07031e-05,0.000509848,6.17541e-06,0.0466167,
0.00337414,-0.00090085,-0.00150045,-0.000108024,-0.00130312,-0.000790262,2.37706e-05,-0.00090085,0.00189078,-0.00091956,0.000450328,0.00055953,0.000108634,-7.8739e-05,-0.00150045,-0.00091956,0.00336103,-0.000348106,-0.00125658,-0.000640652,2.69388e-05,-0.000108024,0.000450328,-0.000348106,0.0020244,0.00158962,-6.785e-05,-1.07024e-05,-0.00130312,0.00055953,-0.00125658,0.00158962,0.0262782,0.00133893,0.00050983,-0.000790262,0.000108634,-0.000640652,-6.785e-05,0.00133893,0.0251621,6.1753e-06,2.37706e-05,-7.8739e-05,2.69388e-05,-1.07024e-05,0.00050983,6.1753e-06,0.0466167,
0.00337414,-0.000900847,-0.00150045,-0.000108036,-0.00130311,-0.000790251,2.37704e-05,-0.000900847,0.00189078,-0.000919557,0.000450335,0.000559525,0.000108628,-7.87385e-05,-0.00150045,-0.000919557,0.00336103,-0.000348102,-0.00125658,-0.000640653,2.69385e-05,-0.000108036,0.000450335,-0.000348102,0.0020244,0.00158962,-6.78501e-05,-1.07017e-05,-0.00130311,0.000559525,-0.00125658,0.00158962,0.0262782,0.00133892,0.000509812,-0.000790251,0.000108628,-0.000640653,-6.78501e-05,0.00133892,0.0251621,6.17518e-06,2.37704e-05,-7.87385e-05,2.69385e-05,-1.07017e-05,0.000509812,6.17518e-06,0.0466167,
0.00337413,-0.000900844,-0.00150045,-0.000108048,-0.00130311,-0.000790241,2.37701e-05,-0.000900844,0.00189078,-0.000919556,0.000450341,0.000559521,0.000108622,-7.87379e-05,-0.00150045,-0.000919556,0.00336104,-0.000348099,-0.00125658,-0.000640654,2.69382e-05,-0.000108048,0.000450341,-0.000348099,0.0020244,0.00158962,-6.78499e-05,-1.0701e-05,-0.00130311,0.000559521,-0.00125658,0.00158962,0.0262782,0.00133891,0.000509795,-0.000790241,0.000108622,-0.000640654,-6.78499e-05,0.00133891,0.0251621,6.17505e-06,2.37701e-05,-7.87379e-05,2.69382e-05,-1.0701e-05,0.000509795,6.17505e-06,0.0466167,
0.00337413,-0.000900841,-0.00150046,-0.000108058,-0.0013031,-0.000790232,2.37699e-05,-0.000900841,0.00189078,-0.000919554,0.000450346,0.000559518,0.000108618,-7.87374e-05,-0.00150046,-0.000919554,0.00336104,-0.000348096,-0.00125658,-0.000640655,2.69379e-05,-0.000108058,0.000450346,-0.000348096,0.0020244,0.00158962,-6.78496e-05,-1.07003e-05,-0.0013031,0.000559518,-0.00125658,0.00158962,0.0262782,0.00133891,0.000509779,-0.000790232,0.000108618,-0.000640655,-6.78496e-05,0.00133891,0.0251621,6.17493e-06,2.37699e-05,-7.87374e-05,2.69379e-05,-1.07003e-05,0.000509779,6.17493e-06,0.0466167,
0.00337412,-0.000900838,-0.00150046,-0.000108067,-0.0013031,-0.000790224,2.37696e-05,-0.000900838,0.00189078,-0.000919552,0.000450351,0.000559514,0.000108613,-7.8737e-05,-0.00150046,-0.000919552,0.00336104,-0.000348094,-0.00125658,-0.000640655,2.69376e-05,-0.000108067,0.000450351,-0.000348094,0.0020244,0.00158963,-6.78492e-05,-1.06997e-05,-0.0013031,0.000559514,-0.00125658,0.00158963,0.0262782,0.0013389,0.000509764,-0.000790224,0.000108613,-0.000640655,-6.78492e-05,0.0013389,0.0251621,6.1748e-06,2.37696e-05,-7.8737e-05,2.69376e-05,-1.06997e-05,0.000509764,6.1748e-06,0.0466167,
0.00337412,-0.000900836,-0.00150046,-0.000108076,-0.00130309,-0.000790217,2.37694e-05,-0.000900836,0.00189078,-0.000919551,0.000450356,0.000559511,0.000108609,-7.87365e-05,-0.00150046,-0.000919551,0.00336104,-0.000348091,-0.00125658,-0.000640656,2.69373e-05,-0.000108076,0.000450356,-0.000348091,0.00202441,0.00158963,-6.78485e-05,-1.0699e-05,-0.00130309,0.000559511,-0.00125658,0.00158963,0.0262782,0.0013389,0.000509749,-0.000790217,0.000108609,-0.000640656,-6.78485e-05,0.0013389,0.0251622,6.17468e-06,2.37694e-05,-7.87365e-05,2.69373e-05,-1.0699e-05,0.000509749,6.17468e-06,0.0466167,
0.00337412,-0.000900834,-0.00150047,-0.000108084,-0.00130309,-0.000790209,2.37691e-05,-0.000900834,0.00189078,-0.00091955,0.00045036,0.000559508,0.000108606,-7.87361e-05,-0.00150047,-0.00091955,0.00336104,-0.000348089,-0.00125658,-0.000640657,2.69371e-05,-0.000108084,0.00045036,-0.000348089,0.00202441,0.00158963,-6.78478e-05,-1.06984e-05,-0.00130309,0.000559508,-0.00125658,0.00158963,0.0262783,0.0013389,0.000509736,-0.000790209,0.000108606,-0.000640657,-6.78478e-05,0.0013389,0.0251622,6.17455e-06,2.37691e-05,-7.87361e-05,2.69371e-05,-1.06984e-05,0.000509736,6.17455e-06,0.0466166,
0.00337412,-0.000900832,-0.00150047,-0.000108092,-0.00130308,-0.000790203,2.37689e-05,-0.000900832,0.00189077,-0.000919548,0.000450364,0.000559506,0.000108602,-7.87356e-05,-0.00150047,-0.000919548,0.00336104,-0.000348086,-0.00125658,-0.000640658,2.69368e-05,-0.000108092,0.000450364,-0.000348086,0.00202441,0.00158963,-6.78469e-05,-1.06978e-05,-0.00130308,0.000559506,-0.00125658,0.00158963,0.0262783,0.00133889,0.000509722,-0.000790203,0.000108602,-0.000640658,-6.78469e-05,0.00133889,0.0251622,6.17442e-06,2.37689e-05,-7.87356e-05,2.69368e-05,-1.06978e-05,0.000509722,6.17442e-06,0.0466166,
0.00337411,-0.00090083,-0.00150047,-0.000108098,-0.00130308,-0.000790197,2.37687e-05,-0.00090083,0.00189077,-0.000919547,0.000450368,0.000559503,0.000108599,-7.87352e-05,-0.00150047,-0.000919547,0.00336104,-0.000348084,-0.00125658,-0.000640658,2.69366e-05,-0.000108098,0.000450368,-0.000348084,0.00202441,0.00158963,-6.7846e-05,-1.06972e-05,-0.00130308,0.000559503,-0.00125658,0.00158963,0.0262783,0.00133889,0.00050971,-0.000790197,0.000108599,-0.000640658,-6.7846e-05,0.00133889,0.0251622,6.1743e-06,2.37687e-05,-7.87352e-05,2.69366e-05,-1.06972e-05,0.00050971,6.1743e-06,0.0466166,
0.00337411,-0.000900828,-0.00150047,-0.000108105,-0.00130307,-0.000790191,2.37685e-05,-0.000900828,0.00189077,-0.000919546,0.000450371,0.000559501,0.000108597,-7.87348e-05,-0.00150047,-0.000919546,0.00336104,-0.000348082,-0.00125658,-0.000640659,2.69364e-05,-0.000108105,0.000450371,-0.000348082,0.00202441,0.00158964,-6.78449e-05,-1.06966e-05,-0.00130307,0.000559501,-0.00125658,0.00158964,0.0262783,0.00133889,0.000509698,-0.000790191,0.000108597,-0.000640659,-6.78449e-05,0.00133889,0.0251622,6.17417e-06,2.37685e-05,-7.87348e-05,2.69364e-05,-1.06966e-05,0.000509698,6.17417e-06,0.0466166,
0.00337411,-0.000900827,-0.00150048,-0.000108111,-0.00130307,-0.000790186,2.37683e-05,-0.000900827,0.00189077,-0.000919545,0.000450374,0.000559499,0.000108594,-7.87344e-05,-0.00150048,-0.000919545,0.00336104,-0.000348081,-0.00125658,-0.000640659,2.69362e-05,-0.000108111,0.000450374,-0.000348081,0.00202441,0.00158964,-6.78438e-05,-1.0696e-05,-0.00130307,0.000559499,-0.00125658,0.00158964,0.0262783,0.00133888,0.000509687,-0.000790186,0.000108594,-0.000640659,-6.78438e-05,0.00133888,0.0251622,6.17405e-06,2.37683e-05,-7.87344e-05,2.69362e-05,-1.0696e-05,0.000509687,6.17405e-06,0.0466166,
0.00337411,-0.000900825,-0.00150048,-0.000108116,-0.00130307,-0.000790181,2.37681e-05,-0.000900825,0.00189077,-0.000919545,0.000450377,0.000559497,0.000108592,-7.87341e-05,-0.00150048,-0.000919545,0.00336104,-0.000348079,-0.00125658,-0.00064066,2.69359e-05,-0.000108116,0.000450377,-0.000348079,0.00202441,0.00158964,-6.78425e-05,-1.06954e-05,-0.00130307,0.000559497,-0.00125658,0.00158964,0.0262783,0.00133888,0.000509675,-0.000790181,0.000108592,-0.00064066,-6.78425e-05,0.00133888,0.0251622,6.17392e-06,2.37681e-05,-7.87341e-05,2.69359e-05,-1.06954e-05,0.000509675,6.17392e-06,0.0466166,
0.0033741,-0.000900824,-0.00150048,-0.000108122,-0.00130306,-0.000790176,2.37679e-05,-0.000900824,0.00189077,-0.000919544,0.000450379,0.000559495,0.00010859,-7.87337e-05,-0.00150048,-0.000919544,0.00336104,-0.000348077,-0.00125658,-0.00064066,2.69357e-05,-0.000108122,0.000450379,-0.000348077,0.00202441,0.00158964,-6.78413e-05,-1.06948e-05,-0.00130306,0.000559495,-0.00125658,0.00158964,0.0262783,0.00133888,0.000509665,-0.000790176,0.00010859,-0.00064066,-6.78413e-05,0.00133888,0.0251622,6.1738e-06,2.37679e-05,-7.87337e-05,2.69357e-05,-1.06948e-05,0.000509665,6.1738e-06,0.0466166,
0.0033741,-0.000900822,-0.00150048,-0.000108127,-0.00130306,-0.000790172,2.37677e-05,-0.000900822,0.00189077,-0.000919543,0.000450381,0.000559493,0.000108588,-7.87333e-05,-0.00150048,-0.000919543,0.00336104,-0.000348075,-0.00125658,-0.000640661,2.69356e-05,-0.000108127,0.000450381,-0.000348075,0.00202442,0.00158964,-6.78399e-05,-1.06943e-05,-0.00130306,0.000559493,-0.00125658,0.00158964,0.0262783,0.00133887,0.000509655,-0.000790172,0.000108588,-0.000640661,-6.78399e-05,0.00133887,0.0251622,6.17368e-06,2.37677e-05,-7.87333e-05,2.69356e-05,-1.06943e-05,0.000509655,6.17368e-06,0.0466166,
0.0033741,-0.000900821,-0.00150048,-0.000108131,-0.00130306,-0.000790168,2.37675e-05,-0.000900821,0.00189077,-0.000919542,0.000450384,0.000559492,0.000108586,-7.8733e-05,-0.00150048,-0.000919542,0.00336104,-0.000348074,-0.00125658,-0.000640661,2.69354e-05,-0.000108131,0.000450384,-0.000348074,0.00202442,0.00158965,-6.78386e-05,-1.06937e-05,-0.00130306,0.000559492,-0.00125658,0.00158965,0.0262783,0.00133887,0.000509645,-0.000790168,0.000108586,-0.000640661,-6.78386e-05,0.00133887,0.0251622,6.17356e-06,2.37675e-05,-7.8733e-05,2.69354e-05,-1.06937e-05,0.000509645,6.17356e-06,0.0466166,
0.0033741,-0.00090082,-0.00150049,-0.000108136,-0.00130305,-0.000790164,2.37673e-05,-0.00090082,0.00189077,-0.000919542,0.000450386,0.00055949,0.000108584,-7.87327e-05,-0.00150049,-0.000919542,0.00336104,-0.000348072,-0.00125658,-0.000640662,2.69352e-05,-0.000108136,0.000450386,-0.000348072,0.00202442,0.00158965,-6.78371e-05,-1.06932e-05,-0.00130305,0.00055949,-0.00125658,0.00158965,0.0262783,0.00133887,0.000509635,-0.000790164,0.000108584,-0.000640662,-6.78371e-05,0.00133887,0.0251622,6.17344e-06,2.37673e-05,-7.87327e-05,2.69352e-05,-1.06932e-05,0.000509635,6.17344e-06,0.0466166,
0.0033741,-0.000900819,-0.00150049,-0.00010814,-0.00130305,-0.00079016,2.37671e-05,-0.000900819,0.00189077,-0.000919541,0.000450388,0.000559488,0.000108583,-7.87323e-05,-0.00150049,-0.000919541,0.00336105,-0.000348071,-0.00125657,-0.000640662,2.6935e-05,-0.00010814,0.000450388,-0.000348071,0.00202442,0.00158965,-6.78357e-05,-1.06926e-05,-0.00130305,0.000559488,-0.00125657,0.00158965,0.0262783,0.00133887,0.000509626,-0.00079016,0.000108583,-0.000640662,-6.78357e-05,0.00133887,0.0251622,6.17332e-06,2.37671e-05,-7.87323e-05,2.6935e-05,-1.06926e-05,0.000509626,6.17332e-06,0.0466166,
0.00337409,-0.000900818,-0.00150049,-0.000108144,-0.00130305,-0.000790156,2.3767e-05,-0.000900818,0.00189077,-0.000919541,0.000450389,0.000559487,0.000108582,-7.8732e-05,-0.00150049,-0.000919541,0.00336105,-0.00034807,-0.00125657,-0.000640663,2.69348e-05,-0.000108144,0.000450389,-0.00034807,0.00202442,0.00158965,-6.78342e-05,-1.06921e-05,-0.00130305,0.000559487,-0.00125657,0.00158965,0.0262783,0.00133886,0.000509617,-0.000790156,0.000108582,-0.000640663,-6.78342e-05,0.00133886,0.0251622,6.1732e-06,2.3767e-05,-7.8732e-05,2.69348e-05,-1.06921e-05,0.000509617,6.1732e-06,0.0466166,
0.00337409,-0.000900817,-0.00150049,-0.000108148,-0.00130304,-0.000790153,2.37668e-05,-0.000900817,0.00189077,-0.00091954,0.000450391,0.000559486,0.00010858,-7.87317e-05,-0.00150049,-0.00091954,0.00336105,-0.000348068,-0.00125657,-0.000640663,2.69347e-05,-0.000108148,0.000450391,-0.000348068,0.00202442,0.00158965,-6.78326e-05,-1.06916e-05,-0.00130304,0.000559486,-0.00125657,0.00158965,0.0262783,0.00133886,0.000509609,-0.000790153,0.00010858,-0.000640663,-6.78326e-05,0.00133886,0.0251622,6.17309e-06,2.37668e-05,-7.87317e-05,2.69347e-05,-1.06916e-05,0.000509609,6.17309e-06,0.0466166,
0.00337409,-0.000900816,-0.00150049,-0.000108152,-0.00130304,-0.00079015,2.37666e-05,-0.000900816,0.00189077,-0.00091954,0.000450393,0.000559484,0.000108579,-7.87314e-05,-0.00150049,-0.00091954,0.00336105,-0.000348067,-0.00125657,-0.000640663,2.69345e-05,-0.000108152,0.000450393,-0.000348067,0.00202442,0.00158966,-6.78311e-05,-1.06911e-05,-0.00130304,0.000559484,-0.00125657,0.00158966,0.0262783,0.00133886,0.0005096,-0.00079015,0.000108579,-0.000640663,-6.78311e-05,0.00133886,0.0251622,6.17297e-06,2.37666e-05,-7.87314e-05,2.69345e-05,-1.06911e-05,0.0005096,6.17297e-06,0.0466166,
0.00337409,-0.000900815,-0.00150049,-0.000108155,-0.00130304,-0.000790146,2.37664e-05,-0.000900815,0.00189077,-0.000919539,0.000450394,0.000559483,0.000108578,-7.87311e-05,-0.00150049,-0.000919539,0.00336105,-0.000348066,-0.00125657,-0.000640664,2.69343e-05,-0.000108155,0.000450394,-0.000348066,0.00202442,0.00158966,-6.78295e-05,-1.06906e-05,-0.00130304,0.000559483,-0.00125657,0.00158966,0.0262783,0.00133886,0.000509592,-0.000790146,0.000108578,-0.000640664,-6.78295e-05,0.00133886,0.0251622,6.17286e-06,2.37664e-05,-7.87311e-05,2.69343e-05,-1.06906e-05,0.000509592,6.17286e-06,0.0466166,
0.00337409,-0.000900814,-0.00150049,-0.000108159,-0.00130304,-0.000790143,2.37663e-05,-0.000900814,0.00189077,-0.000919539,0.000450396,0.000559482,0.000108577,-7.87308e-05,-0.00150049,-0.000919539,0.00336105,-0.000348064,-0.00125657,-0.000640664,2.69342e-05,-0.000108159,0.000450396,-0.000348064,0.00202442,0.00158966,-6.78279e-05,-1.06901e-05,-0.00130304,0.000559482,-0.00125657,0.00158966,0.0262783,0.00133886,0.000509584,-0.000790143,0.000108577,-0.000640664,-6.78279e-05,0.00133886,0.0251622,6.17275e-06,2.37663e-05,-7.87308e-05,2.69342e-05,-1.06901e-05,0.000509584,6.17275e-06,0.0466166,
0.00337409,-0.000900813,-0.0015005,-0.000108162,-0.00130303,-0.00079014,2.37661e-05,-0.000900813,0.00189077,-0.000919538,0.000450397,0.000559481,0.000108576,-7.87305e-05,-0.0015005,-0.000919538,0.00336105,-0.000348063,-0.00125657,-0.000640664,2.6934e-05,-0.000108162,0.000450397,-0.000348063,0.00202442,0.00158966,-6.78263e-05,-1.06896e-05,-0.00130303,0.000559481,-0.00125657,0.00158966,0.0262783,0.00133885,0.000509576,-0.00079014,0.000108576,-0.000640664,-6.78263e-05,0.00133885,0.0251622,6.17264e-06,2.37661e-05,-7.87305e-05,2.6934e-05,-1.06896e-05,0.000509576,6.17264e-06,0.0466166,
0.00337409,-0.000900812,-0.0015005,-0.000108165,-0.00130303,-0.000790137,2.3766e-05,-0.000900812,0.00189077,-0.000919538,0.000450398,0.00055948,0.000108575,-7.87302e-05,-0.0015005,-0.000919538,0.00336105,-0.000348062,-0.00125657,-0.000640665,2.69339e-05,-0.000108165,0.000450398,-0.000348062,0.00202442,0.00158966,-6.78246e-05,-1.06891e-05,-0.00130303,0.00055948,-0.00125657,0.00158966,0.0262783,0.00133885,0.000509569,-0.000790137,0.000108575,-0.000640665,-6.78246e-05,0.00133885,0.0251622,6.17253e-06,2.3766e-05,-7.87302e-05,2.69339e-05,-1.06891e-05,0.000509569,6.17253e-06,0.0466166,
0.00337409,-0.000900811,-0.0015005,-0.000108168,-0.00130303,-0.000790135,2.37658e-05,-0.000900811,0.00189077,-0.000919538,0.0004504,0.000559479,0.000108574,-7.87299e-05,-0.0015005,-0.000919538,0.00336105,-0.000348061,-0.00125657,-0.000640665,2.69337e-05,-0.000108168,0.0004504,-0.000348061,0.00202442,0.00158967,-6.7823e-05,-1.06886e-05,-0.00130303,0.000559479,-0.00125657,0.00158967,0.0262783,0.00133885,0.000509562,-0.000790135,0.000108574,-0.000640665,-6.7823e-05,0.00133885,0.0251622,6.17242e-06,2.37658e-05,-7.87299e-05,2.69337e-05,-1.06886e-05,0.000509562,6.17242e-06,0.0466166,
0.00337408,-0.000900811,-0.0015005,-0.000108171,-0.00130302,-0.000790132,2.37656e-05,-0.000900811,0.00189077,-0.000919537,0.000450401,0.000559478,0.000108573,-7.87296e-05,-0.0015005,-0.000919537,0.00336105,-0.000348059,-0.00125657,-0.000640666,2.69336e-05,-0.000108171,0.000450401,-0.000348059,0.00202442,0.00158967,-6.78213e-05,-1.06882e-05,-0.00130302,0.000559478,-0.00125657,0.00158967,0.0262783,0.00133885,0.000509554,-0.000790132,0.000108573,-0.000640666,-6.78213e-05,0.00133885,0.0251622,6.17231e-06,2.37656e-05,-7.87296e-05,2.69336e-05,-1.06882e-05,0.000509554,6.17231e-06,0.0466166,
0.00337408,-0.00090081,-0.0015005,-0.000108174,-0.00130302,-0.000790129,2.37655e-05,-0.00090081,0.00189077,-0.000919537,0.000450402,0.000559477,0.000108572,-7.87293e-05,-0.0015005,-0.000919537,0.00336105,-0.000348058,-0.00125656,-0.000640666,2.69334e-05,-0.000108174,0.000450402,-0.000348058,0.00202442,0.00158967,-6.78196e-05,-1.06877e-05,-0.00130302,0.000559477,-0.00125656,0.00158967,0.0262783,0.00133885,0.000509547,-0.000790129,0.000108572,-0.000640666,-6.78196e-05,0.00133885,0.0251622,6.17221e-06,2.37655e-05,-7.87293e-05,2.69334e-05,-1.06877e-05,0.000509547,6.17221e-06,0.0466166,
0.00337408,-0.000900809,-0.0015005,-0.000108177,-0.00130302,-0.000790127,2.37653e-05,-0.000900809,0.00189077,-0.000919537,0.000450403,0.000559476,0.000108571,-7.87291e-05,-0.0015005,-0.000919537,0.00336105,-0.000348057,-0.00125656,-0.000640666,2.69333e-05,-0.000108177,0.000450403,-0.000348057,0.00202442,0.00158967,-6.78179e-05,-1.06873e-05,-0.00130302,0.000559476,-0.00125656,0.00158967,0.0262783,0.00133885,0.00050954,-0.000790127,0.000108571,-0.000640666,-6.78179e-05,0.00133885,0.0251622,6.1721e-06,2.37653e-05,-7.87291e-05,2.69333e-05,-1.06873e-05,0.00050954,6.1721e-06,0.0466166,
0.00337408,-0.000900808,-0.0015005,-0.00010818,-0.00130302,-0.000790124,2.37652e-05,-0.000900808,0.00189077,-0.000919536,0.000450405,0.000559475,0.000108571,-7.87288e-05,-0.0015005,-0.000919536,0.00336105,-0.000348056,-0.00125656,-0.000640667,2.69331e-05,-0.00010818,0.000450405,-0.000348056,0.00202442,0.00158967,-6.78162e-05,-1.06868e-05,-0.00130302,0.000559475,-0.00125656,0.00158967,0.0262783,0.00133884,0.000509533,-0.000790124,0.000108571,-0.000640667,-6.78162e-05,0.00133884,0.0251622,6.172e-06,2.37652e-05,-7.87288e-05,2.69331e-05,-1.06868e-05,0.000509533,6.172e-06,0.0466166,
0.00337408,-0.000900808,-0.0015005,-0.000108183,-0.00130301,-0.000790121,2.3765e-05,-0.000900808,0.00189077,-0.000919536,0.000450406,0.000559474,0.00010857,-7.87285e-05,-0.0015005,-0.000919536,0.00336105,-0.000348055,-0.00125656,-0.000640667,2.6933e-05,-0.000108183,0.000450406,-0.000348055,0.00202443,0.00158967,-6.78145e-05,-1.06864e-05,-0.00130301,0.000559474,-0.00125656,0.00158967,0.0262783,0.00133884,0.000509527,-0.000790121,0.00010857,-0.000640667,-6.78145e-05,0.00133884,0.0251622,6.17189e-06,2.3765e-05,-7.87285e-05,2.6933e-05,-1.06864e-05,0.000509527,6.17189e-06,0.0466166,
0.00337408,-0.000900807,-0.00150051,-0.000108186,-0.00130301,-0.000790119,2.37649e-05,-0.000900807,0.00189077,-0.000919536,0.000450407,0.000559473,0.000108569,-7.87283e-05,-0.00150051,-0.000919536,0.00336105,-0.000348054,-0.00125656,-0.000640667,2.69329e-05,-0.000108186,0.000450407,-0.000348054,0.00202443,0.00158968,-6.78128e-05,-1.06859e-05,-0.00130301,0.000559473,-0.00125656,0.00158968,0.0262783,0.00133884,0.00050952,-0.000790119,0.000108569,-0.000640667,-6.78128e-05,0.00133884,0.0251622,6.17179e-06,2.37649e-05,-7.87283e-05,2.69329e-05,-1.06859e-05,0.00050952,6.17179e-06,0.0466166,
0.00337408,-0.000900806,-0.00150051,-0.000108189,-0.00130301,-0.000790116,2.37647e-05,-0.000900806,0.00189077,-0.000919535,0.000450408,0.000559472,0.000108568,-7.8728e-05,-0.00150051,-0.000919535,0.00336105,-0.000348053,-0.00125656,-0.000640668,2.69327e-05,-0.000108189,0.000450408,-0.000348053,0.00202443,0.00158968,-6.78111e-05,-1.06855e-05,-0.00130301,0.000559472,-0.00125656,0.00158968,0.0262783,0.00133884,0.000509513,-0.000790116,0.000108568,-0.000640668,-6.78111e-05,0.00133884,0.0251622,6.17169e-06,2.37647e-05,-7.8728e-05,2.69327e-05,-1.06855e-05,0.000509513,6.17169e-06,0.0466166,
0.00337408,-0.000900806,-0.00150051,-0.000108191,-0.00130301,-0.000790114,2.37646e-05,-0.000900806,0.00189077,-0.000919535,0.000450409,0.000559471,0.000108568,-7.87278e-05,-0.00150051,-0.000919535,0.00336105,-0.000348052,-0.00125656,-0.000640668,2.69326e-05,-0.000108191,0.000450409,-0.000348052,0.00202443,0.00158968,-6.78094e-05,-1.0685e-05,-0.00130301,0.000559471,-0.00125656,0.00158968,0.0262783,0.00133884,0.000509507,-0.000790114,0.000108568,-0.000640668,-6.78094e-05,0.00133884,0.0251622,6.17159e-06,2.37646e-05,-7.87278e-05,2.69326e-05,-1.0685e-05,0.000509507,6.17159e-06,0.0466166,
0.00337407,-0.000900805,-0.00150051,-0.000108194,-0.001303,-0.000790112,2.37644e-05,-0.000900805,0.00189077,-0.000919535,0.00045041,0.00055947,0.000108567,-7.87275e-05,-0.00150051,-0.000919535,0.00336105,-0.00034805,-0.00125656,-0.000640668,2.69325e-05,-0.000108194,0.00045041,-0.00034805,0.00202443,0.00158968,-6.78077e-05,-1.06846e-05,-0.001303,0.00055947,-0.00125656,0.00158968,0.0262783,0.00133884,0.0005095,-0.000790112,0.000108567,-0.000640668,-6.78077e-05,0.00133884,0.0251622,6.17149e-06,2.37644e-05,-7.87275e-05,2.69325e-05,-1.06846e-05,0.0005095,6.17149e-06,0.0466166,
0.00337407,-0.000900804,-0.00150051,-0.000108197,-0.001303,-0.000790109,2.37643e-05,-0.000900804,0.00189077,-0.000919534,0.000450411,0.000559469,0.000108566,-7.87272e-05,-0.00150051,-0.000919534,0.00336105,-0.000348049,-0.00125656,-0.000640669,2.69323e-05,-0.000108197,0.000450411,-0.000348049,0.00202443,0.00158968,-6.7806e-05,-1.06842e-05,-0.001303,0.000559469,-0.00125656,0.00158968,0.0262783,0.00133883,0.000509494,-0.000790109,0.000108566,-0.000640669,-6.7806e-05,0.00133883,0.0251622,6.17139e-06,2.37643e-05,-7.87272e-05,2.69323e-05,-1.06842e-05,0.000509494,6.17139e-06,0.0466166,
0.00337407,-0.000900804,-0.00150051,-0.000108199,-0.001303,-0.000790107,2.37642e-05,-0.000900804,0.00189077,-0.000919534,0.000450412,0.000559468,0.000108566,-7.8727e-05,-0.00150051,-0.000919534,0.00336105,-0.000348048,-0.00125656,-0.000640669,2.69322e-05,-0.000108199,0.000450412,-0.000348048,0.00202443,0.00158969,-6.78042e-05,-1.06838e-05,-0.001303,0.000559468,-0.00125656,0.00158969,0.0262783,0.00133883,0.000509488,-0.000790107,0.000108566,-0.000640669,-6.78042e-05,0.00133883,0.0251622,6.17129e-06,2.37642e-05,-7.8727e-05,2.69322e-05,-1.06838e-05,0.000509488,6.17129e-06,0.0466166,
0.00337407,-0.000900803,-0.00150051,-0.000108202,-0.001303,-0.000790105,2.3764e-05,-0.000900803,0.00189077,-0.000919534,0.000450413,0.000559468,0.000108565,-7.87267e-05,-0.00150051,-0.000919534,0.00336105,-0.000348047,-0.00125656,-0.000640669,2.69321e-05,-0.000108202,0.000450413,-0.000348047,0.00202443,0.00158969,-6.78025e-05,-1.06833e-05,-0.001303,0.000559468,-0.00125656,0.00158969,0.0262783,0.00133883,0.000509482,-0.000790105,0.000108565,-0.000640669,-6.78025e-05,0.00133883,0.0251622,6.17119e-06,2.3764e-05,-7.87267e-05,2.69321e-05,-1.06833e-05,0.000509482,6.17119e-06,0.0466166,
0.00337407,-0.000900802,-0.00150051,-0.000108205,-0.001303,-0.000790102,2.37639e-05,-0.000900802,0.00189077,-0.000919534,0.000450414,0.000559467,0.000108564,-7.87265e-05,-0.00150051,-0.000919534,0.00336105,-0.000348046,-0.00125655,-0.00064067,2.69319e-05,-0.000108205,0.000450414,-0.000348046,0.00202443,0.00158969,-6.78008e-05,-1.06829e-05,-0.001303,0.000559467,-0.00125655,0.00158969,0.0262783,0.00133883,0.000509476,-0.000790102,0.000108564,-0.00064067,-6.78008e-05,0.00133883,0.0251622,6.17109e-06,2.37639e-05,-7.87265e-05,2.69319e-05,-1.06829e-05,0.000509476,6.17109e-06,0.0466166,
0.00337407,-0.000900802,-0.00150051,-0.000108207,-0.00130299,-0.0007901,2.37637e-05,-0.000900802,0.00189077,-0.000919533,0.000450415,0.000559466,0.000108564,-7.87263e-05,-0.00150051,-0.000919533,0.00336105,-0.000348045,-0.00125655,-0.00064067,2.69318e-05,-0.000108207,0.000450415,-0.000348045,0.00202443,0.00158969,-6.7799e-05,-1.06825e-05,-0.00130299,0.000559466,-0.00125655,0.00158969,0.0262783,0.00133883,0.00050947,-0.0007901,0.000108564,-0.00064067,-6.7799e-05,0.00133883,0.0251622,6.17099e-06,2.37637e-05,-7.87263e-05,2.69318e-05,-1.06825e-05,0.00050947,6.17099e-06,0.0466166,
0.00337407,-0.000900801,-0.00150051,-0.00010821,-0.00130299,-0.000790098,2.37636e-05,-0.000900801,0.00189077,-0.000919533,0.000450416,0.000559465,0.000108563,-7.8726e-05,-0.00150051,-0.000919533,0.00336105,-0.000348044,-0.00125655,-0.00064067,2.69317e-05,-0.00010821,0.000450416,-0.000348044,0.00202443,0.00158969,-6.77973e-05,-1.06821e-05,-0.00130299,0.000559465,-0.00125655,0.00158969,0.0262783,0.00133883,0.000509464,-0.000790098,0.000108563,-0.00064067,-6.77973e-05,0.00133883,0.0251622,6.1709e-06,2.37636e-05,-7.8726e-05,2.69317e-05,-1.06821e-05,0.000509464,6.1709e-06,0.0466166,
0.00337407,-0.0009008,-0.00150052,-0.000108212,-0.00130299,-0.000790095,2.37635e-05,-0.0009008,0.00189077,-0.000919533,0.000450417,0.000559464,0.000108562,-7.87258e-05,-0.00150052,-0.000919533,0.00336105,-0.000348043,-0.00125655,-0.000640671,2.69315e-05,-0.000108212,0.000450417,-0.000348043,0.00202443,0.00158969,-6.77956e-05,-1.06817e-05,-0.00130299,0.000559464,-0.00125655,0.00158969,0.0262783,0.00133883,0.000509458,-0.000790095,0.000108562,-0.000640671,-6.77956e-05,0.00133883,0.0251622,6.1708e-06,2.37635e-05,-7.87258e-05,2.69315e-05,-1.06817e-05,0.000509458,6.1708e-06,0.0466166,
0.00337407,-0.0009008,-0.00150052,-0.000108215,-0.00130299,-0.000790093,2.37633e-05,-0.0009008,0.00189077,-0.000919532,0.000450418,0.000559463,0.000108562,-7.87255e-05,-0.00150052,-0.000919532,0.00336105,-0.000348042,-0.00125655,-0.000640671,2.69314e-05,-0.000108215,0.000450418,-0.000348042,0.00202443,0.0015897,-6.77938e-05,-1.06813e-05,-0.00130299,0.000559463,-0.00125655,0.0015897,0.0262783,0.00133882,0.000509452,-0.000790093,0.000108562,-0.000640671,-6.77938e-05,0.00133882,0.0251622,6.1707e-06,2.37633e-05,-7.87255e-05,2.69314e-05,-1.06813e-05,0.000509452,6.1707e-06,0.0466166,
0.00337406,-0.000900799,-0.00150052,-0.000108217,-0.00130298,-0.000790091,2.37632e-05,-0.000900799,0.00189077,-0.000919532,0.000450418,0.000559463,0.000108561,-7.87253e-05,-0.00150052,-0.000919532,0.00336105,-0.000348041,-0.00125655,-0.000640671,2.69313e-05,-0.000108217,0.000450418,-0.000348041,0.00202443,0.0015897,-6.77921e-05,-1.06809e-05,-0.00130298,0.000559463,-0.00125655,0.0015897,0.0262783,0.00133882,0.000509446,-0.000790091,0.000108561,-0.000640671,-6.77921e-05,0.00133882,0.0251622,6.17061e-06,2.37632e-05,-7.87253e-05,2.69313e-05,-1.06809e-05,0.000509446,6.17061e-06,0.0466166,
