0.00382619,-0.000578587,-9.27045e-05,0.000636096,-0.00130072,0.000917021,-5.42807e-05,-0.000578587,0.00123965,-0.00079803,0.000968099,0.00112127,0.000315407,3.9598e-05,-9.27045e-05,-0.00079803,0.00291812,-0.000870192,-0.0004172,0.00249146,-9.33296e-05,0.000636096,0.000968099,-0.000870192,0.00267817,-0.000382032,8.58861e-05,7.42759e-05,-0.00130072,0.00112127,-0.0004172,-0.000382032,0.0319566,0.000368132,-0.00114381,0.000917021,0.000315407,0.00249146,8.58861e-05,0.000368132,0.0282627,6.97796e-05,-5.42807e-05,3.9598e-05,-9.33296e-05,7.42759e-05,-0.00114381,6.97796e-05,0.0466571,
0.00382579,-0.00057866,-9.24947e-05,0.000636397,-0.00130064,0.000916877,-5.42798e-05,-0.00057866,0.00123972,-0.000798175,0.000967954,0.00112136,0.000315333,3.96098e-05,-9.24947e-05,-0.000798175,0.00291803,-0.00087019,-0.000417278,0.00249149,-9.33578e-05,0.000636397,0.000967954,-0.00087019,0.0026781,-0.000382176,8.58018e-05,7.42427e-05,-0.00130064,0.00112136,-0.000417278,-0.000382176,0.0319567,0.000368343,-0.00114404,0.000916877,0.000315333,0.00249149,8.58018e-05,0.000368343,0.028263,6.98831e-05,-5.42798e-05,3.96098e-05,-9.33578e-05,7.42427e-05,-0.00114404,6.98831e-05,0.0466571,
0.00382549,-0.000578694,-9.22936e-05,0.000636644,-0.0013006,0.000916735,-5.42935e-05,-0.000578694,0.00123976,-0.000798287,0.000967845,0.0011214,0.000315352,3.96248e-05,-9.22936e-05,-0.000798287,0.00291803,-0.000870176,-0.000417302,0.00249153,-9.34025e-05,0.000636644,0.000967845,-0.000870176,0.00267805,-0.000382172,8.58191e-05,7.42015e-05,-0.0013006,0.0011214,-0.000417302,-0.000382172,0.0319571,0.000368584,-0.00114438,0.000916735,0.000315352,0.00249153,8.58191e-05,0.000368584,0.0282633,6.99861e-05,-5.42935e-05,3.96248e-05,-9.34025e-05,7.42015e-05,-0.00114438,6.99861e-05,0.046657,
0.00382525,-0.000578705,-9.20998e-05,0.000636851,-0.00130059,0.00091659,-5.43123e-05,-0.000578705,0.00123978,-0.000798375,0.000967763,0.00112142,0.000315403,3.96409e-05,-9.20998e-05,-0.000798375,0.00291806,-0.000870157,-0.000417323,0.00249158,-9.34524e-05,0.000636851,0.000967763,-0.000870157,0.00267802,-0.00038213,8.58642e-05,7.41577e-05,-0.00130059,0.00112142,-0.000417323,-0.00038213,0.0319576,0.000368807,-0.00114476,0.00091659,0.000315403,0.00249158,8.58642e-05,0.000368807,0.0282635,7.0097e-05,-5.43123e-05,3.96409e-05,-9.34524e-05,7.41577e-05,-0.00114476,7.0097e-05,0.046657,
0.00382505,-0.000578701,-9.19147e-05,0.00063703,-0.0013006,0.000916441,-5.43328e-05,-0.000578701,0.00123979,-0.000798445,0.000967698,0.00112143,0.000315465,3.96576e-05,-9.19147e-05,-0.000798445,0.00291809,-0.000870135,-0.000417355,0.00249161,-9.35037e-05,0.00063703,0.000967698,-0.000870135,0.00267801,-0.000382087,8.59156e-05,7.41132e-05,-0.0013006,0.00112143,-0.000417355,-0.000382087,0.031958,0.000369001,-0.00114514,0.000916441,0.000315465,0.00249161,8.59156e-05,0.000369001,0.0282637,7.0218e-05,-5.43328e-05,3.96576e-05,-9.35037e-05,7.41132e-05,-0.00114514,7.0218e-05,0.046657,
0.00382488,-0.000578689,-9.17396e-05,0.000637187,-0.00130063,0.000916292,-5.4354e-05,-0.000578689,0.00123979,-0.000798502,0.000967647,0.00112144,0.000315526,3.96748e-05,-9.17396e-05,-0.000798502,0.00291814,-0.000870113,-0.000417399,0.00249164,-9.35553e-05,0.000637187,0.000967647,-0.000870113,0.002678,-0.000382055,8.59665e-05,7.40684e-05,-0.00130063,0.00112144,-0.000417399,-0.000382055,0.0319583,0.000369165,-0.00114551,0.000916292,0.000315526,0.00249164,8.59665e-05,0.000369165,0.0282639,7.03493e-05,-5.4354e-05,3.96748e-05,-9.35553e-05,7.40684e-05,-0.00114551,7.03493e-05,0.0466569,
0.00382474,-0.000578672,-9.15755e-05,0.000637325,-0.00130066,0.000916147,-5.43755e-05,-0.000578672,0.00123979,-0.000798551,0.000967604,0.00112145,0.000315584,3.96924e-05,-9.15755e-05,-0.000798551,0.00291818,-0.000870092,-0.000417453,0.00249167,-9.36071e-05,0.000637325,0.000967604,-0.000870092,0.00267801,-0.000382033,8.60149e-05,7.4023e-05,-0.00130066,0.00112145,-0.000417453,-0.000382033,0.0319585,0.000369306,-0.00114588,0.000916147,0.000315584,0.00249167,8.60149e-05,0.000369306,0.028264,7.04899e-05,-5.43755e-05,3.96924e-05,-9.36071e-05,7.4023e-05,-0.00114588,7.04899e-05,0.0466569,
0.00382461,-0.000578652,-9.14228e-05,0.000637449,-0.0013007,0.000916007,-5.43974e-05,-0.000578652,0.00123979,-0.000798593,0.000967569,0.00112145,0.000315636,3.97106e-05,-9.14228e-05,-0.000798593,0.00291822,-0.000870071,-0.000417512,0.00249169,-9.36593e-05,0.000637449,0.000967569,-0.000870071,0.00267802,-0.00038202,8.606e-05,7.39771e-05,-0.0013007,0.00112145,-0.000417512,-0.00038202,0.0319587,0.000369429,-0.00114624,0.000916007,0.000315636,0.00249169,8.606e-05,0.00036943,0.0282641,7.0639e-05,-5.43974e-05,3.97106e-05,-9.36593e-05,7.39771e-05,-0.00114624,7.0639e-05,0.0466568,
0.00382449,-0.000578631,-9.12814e-05,0.00063756,-0.00130074,0.000915873,-5.44198e-05,-0.000578631,0.00123978,-0.000798629,0.000967539,0.00112146,0.000315683,3.97294e-05,-9.12814e-05,-0.000798629,0.00291826,-0.000870051,-0.000417574,0.00249171,-9.37119e-05,0.00063756,0.000967539,-0.000870051,0.00267803,-0.000382014,8.61014e-05,7.39304e-05,-0.00130074,0.00112146,-0.000417574,-0.000382014,0.0319588,0.000369539,-0.0011466,0.000915873,0.000315683,0.00249171,8.61014e-05,0.000369539,0.0282642,7.07957e-05,-5.44198e-05,3.97294e-05,-9.37119e-05,7.39304e-05,-0.0011466,7.07957e-05,0.0466567,
0.00382439,-0.000578611,-9.1151e-05,0.00063766,-0.00130079,0.000915748,-5.44427e-05,-0.000578611,0.00123977,-0.000798661,0.000967512,0.00112147,0.000315725,3.97488e-05,-9.1151e-05,-0.000798661,0.00291829,-0.000870032,-0.000417638,0.00249172,-9.37651e-05,0.00063766,0.000967512,-0.000870032,0.00267805,-0.000382011,8.61392e-05,7.38828e-05,-0.00130079,0.00112147,-0.000417638,-0.000382011,0.0319588,0.000369638,-0.00114697,0.000915748,0.000315725,0.00249172,8.61392e-05,0.000369638,0.0282643,7.09593e-05,-5.44427e-05,3.97488e-05,-9.37651e-05,7.38828e-05,-0.00114697,7.09593e-05,0.0466567,
0.00382429,-0.000578591,-9.1031e-05,0.00063775,-0.00130083,0.00091563,-5.44662e-05,-0.000578591,0.00123977,-0.000798689,0.000967489,0.00112147,0.000315763,3.97687e-05,-9.1031e-05,-0.000798689,0.00291832,-0.000870015,-0.000417702,0.00249173,-9.3819e-05,0.00063775,0.000967489,-0.000870015,0.00267806,-0.000382012,8.61732e-05,7.38343e-05,-0.00130083,0.00112147,-0.000417702,-0.000382012,0.0319588,0.00036973,-0.00114734,0.00091563,0.000315763,0.00249173,8.61732e-05,0.00036973,0.0282644,7.1129e-05,-5.44662e-05,3.97687e-05,-9.3819e-05,7.38343e-05,-0.00114734,7.1129e-05,0.0466566,
0.00382421,-0.000578571,-9.09209e-05,0.000637833,-0.00130087,0.00091552,-5.44903e-05,-0.000578571,0.00123976,-0.000798714,0.000967469,0.00112148,0.000315795,3.97892e-05,-9.09209e-05,-0.000798714,0.00291835,-0.000869998,-0.000417766,0.00249174,-9.38736e-05,0.000637833,0.000967469,-0.000869998,0.00267808,-0.000382015,8.62037e-05,7.37849e-05,-0.00130087,0.00112148,-0.000417766,-0.000382015,0.0319587,0.000369816,-0.00114772,0.00091552,0.000315795,0.00249174,8.62037e-05,0.000369816,0.0282645,7.13044e-05,-5.44903e-05,3.97892e-05,-9.38736e-05,7.37849e-05,-0.00114772,7.13044e-05,0.0466565,
0.00382413,-0.000578553,-9.082e-05,0.000637908,-0.00130092,0.000915418,-5.45151e-05,-0.000578553,0.00123975,-0.000798737,0.00096745,0.00112148,0.000315824,3.98103e-05,-9.082e-05,-0.000798737,0.00291838,-0.000869983,-0.000417829,0.00249175,-9.3929e-05,0.000637908,0.00096745,-0.000869983,0.00267809,-0.000382019,8.62307e-05,7.37345e-05,-0.00130092,0.00112148,-0.000417829,-0.000382019,0.0319586,0.000369898,-0.0011481,0.000915418,0.000315824,0.00249175,8.62307e-05,0.000369898,0.0282646,7.14849e-05,-5.45151e-05,3.98103e-05,-9.3929e-05,7.37345e-05,-0.0011481,7.14849e-05,0.0466565,
0.00382406,-0.000578537,-9.07275e-05,0.000637976,-0.00130096,0.000915323,-5.45404e-05,-0.000578537,0.00123974,-0.000798758,0.000967433,0.00112149,0.00031585,3.98318e-05,-9.07275e-05,-0.000798758,0.0029184,-0.000869969,-0.00041789,0.00249175,-9.39851e-05,0.000637976,0.000967433,-0.000869969,0.00267811,-0.000382023,8.62544e-05,7.36833e-05,-0.00130096,0.00112149,-0.00041789,-0.000382023,0.0319585,0.000369976,-0.00114849,0.000915323,0.00031585,0.00249175,8.62544e-05,0.000369976,0.0282647,7.16702e-05,-5.45404e-05,3.98318e-05,-9.39851e-05,7.36833e-05,-0.00114849,7.16702e-05,0.0466564,
0.00382399,-0.000578521,-9.06428e-05,0.000638038,-0.001301,0.000915235,-5.45662e-05,-0.000578521,0.00123974,-0.000798777,0.000967418,0.00112149,0.000315871,3.98538e-05,-9.06428e-05,-0.000798777,0.00291842,-0.000869955,-0.00041795,0.00249175,-9.4042e-05,0.000638038,0.000967418,-0.000869955,0.00267812,-0.000382028,8.6275e-05,7.36312e-05,-0.001301,0.00112149,-0.00041795,-0.000382028,0.0319584,0.000370052,-0.00114889,0.000915235,0.000315871,0.00249175,8.6275e-05,0.000370052,0.0282648,7.18599e-05,-5.45662e-05,3.98538e-05,-9.4042e-05,7.36312e-05,-0.00114889,7.18599e-05,0.0466563,
0.00382393,-0.000578506,-9.05653e-05,0.000638095,-0.00130103,0.000915154,-5.45927e-05,-0.000578506,0.00123973,-0.000798794,0.000967405,0.0011215,0.00031589,3.98763e-05,-9.05653e-05,-0.000798794,0.00291844,-0.000869943,-0.000418008,0.00249175,-9.40996e-05,0.000638095,0.000967405,-0.000869943,0.00267814,-0.000382033,8.62928e-05,7.35782e-05,-0.00130103,0.0011215,-0.000418008,-0.000382033,0.0319583,0.000370125,-0.00114929,0.000915154,0.00031589,0.00249175,8.62928e-05,0.000370125,0.0282649,7.20536e-05,-5.45927e-05,3.98763e-05,-9.40996e-05,7.35782e-05,-0.00114929,7.20536e-05,0.0466562,
0.00382388,-0.000578493,-9.04944e-05,0.000638148,-0.00130107,0.000915078,-5.46196e-05,-0.000578493,0.00123973,-0.00079881,0.000967392,0.0011215,0.000315907,3.98992e-05,-9.04944e-05,-0.00079881,0.00291846,-0.000869932,-0.000418065,0.00249174,-9.41579e-05,0.000638148,0.000967392,-0.000869932,0.00267815,-0.000382037,8.6308e-05,7.35245e-05,-0.00130107,0.0011215,-0.000418065,-0.000382037,0.0319581,0.000370197,-0.00114969,0.000915078,0.000315907,0.00249174,8.6308e-05,0.000370197,0.028265,7.22511e-05,-5.46196e-05,3.98992e-05,-9.41579e-05,7.35245e-05,-0.00114969,7.22511e-05,0.0466562,
0.00382383,-0.000578481,-9.04294e-05,0.000638196,-0.00130111,0.000915007,-5.4647e-05,-0.000578481,0.00123972,-0.000798824,0.00096738,0.00112151,0.00031592,3.99224e-05,-9.04294e-05,-0.000798824,0.00291847,-0.000869921,-0.000418121,0.00249174,-9.42168e-05,0.000638196,0.00096738,-0.000869921,0.00267816,-0.000382042,8.63208e-05,7.34701e-05,-0.00130111,0.00112151,-0.000418121,-0.000382042,0.031958,0.000370268,-0.0011501,0.000915007,0.00031592,0.00249174,8.63208e-05,0.000370268,0.0282651,7.2452e-05,-5.4647e-05,3.99224e-05,-9.42168e-05,7.34701e-05,-0.0011501,7.2452e-05,0.0466561,
0.00382378,-0.000578469,-9.03699e-05,0.00063824,-0.00130114,0.000914942,-5.46749e-05,-0.000578469,0.00123972,-0.000798837,0.00096737,0.00112151,0.000315932,3.99461e-05,-9.03699e-05,-0.000798837,0.00291849,-0.000869911,-0.000418176,0.00249173,-9.42764e-05,0.00063824,0.00096737,-0.000869911,0.00267817,-0.000382046,8.63313e-05,7.3415e-05,-0.00130114,0.00112151,-0.000418176,-0.000382046,0.0319578,0.000370337,-0.00115052,0.000914942,0.000315932,0.00249173,8.63313e-05,0.000370337,0.0282652,7.26561e-05,-5.46749e-05,3.99461e-05,-9.42764e-05,7.3415e-05,-0.00115052,7.26561e-05,0.046656,
0.00382374,-0.000578459,-9.03153e-05,0.00063828,-0.00130117,0.00091488,-5.47032e-05,-0.000578459,0.00123971,-0.00079885,0.00096736,0.00112152,0.000315941,3.99701e-05,-9.03153e-05,-0.00079885,0.0029185,-0.000869902,-0.000418229,0.00249173,-9.43366e-05,0.00063828,0.00096736,-0.000869902,0.00267819,-0.000382051,8.63398e-05,7.33592e-05,-0.00130117,0.00112152,-0.000418229,-0.000382051,0.0319576,0.000370405,-0.00115094,0.00091488,0.000315941,0.00249173,8.63398e-05,0.000370405,0.0282653,7.28633e-05,-5.47032e-05,3.99701e-05,-9.43366e-05,7.33592e-05,-0.00115094,7.28633e-05,0.0466559,
0.0038237,-0.000578449,-9.02653e-05,0.000638318,-0.00130121,0.000914823,-5.47318e-05,-0.000578449,0.00123971,-0.000798861,0.00096735,0.00112152,0.000315949,3.99944e-05,-9.02653e-05,-0.000798861,0.00291851,-0.000869893,-0.000418281,0.00249172,-9.43973e-05,0.000638318,0.00096735,-0.000869893,0.0026782,-0.000382055,8.63464e-05,7.33028e-05,-0.00130121,0.00112152,-0.000418281,-0.000382055,0.0319575,0.000370472,-0.00115137,0.000914823,0.000315949,0.00249172,8.63464e-05,0.000370472,0.0282654,7.30732e-05,-5.47318e-05,3.99944e-05,-9.43973e-05,7.33028e-05,-0.00115137,7.30732e-05,0.0466558,
0.00382366,-0.00057844,-9.02194e-05,0.000638352,-0.00130124,0.00091477,-5.47609e-05,-0.00057844,0.0012397,-0.000798871,0.000967342,0.00112152,0.000315955,4.0019e-05,-9.02194e-05,-0.000798871,0.00291852,-0.000869885,-0.000418333,0.00249171,-9.44585e-05,0.000638352,0.000967342,-0.000869885,0.00267821,-0.000382059,8.63513e-05,7.32458e-05,-0.00130124,0.00112152,-0.000418333,-0.000382059,0.0319573,0.000370539,-0.0011518,0.00091477,0.000315955,0.00249171,8.63513e-05,0.000370539,0.0282655,7.32856e-05,-5.47609e-05,4.0019e-05,-9.44585e-05,7.32458e-05,-0.0011518,7.32856e-05,0.0466557,
0.00382363,-0.000578432,-9.01772e-05,0.000638384,-0.00130127,0.00091472,-5.47903e-05,-0.000578432,0.0012397,-0.000798881,0.000967334,0.00112153,0.000315959,4.00439e-05,-9.01772e-05,-0.000798881,0.00291853,-0.000869878,-0.000418383,0.0024917,-9.45202e-05,0.000638384,0.000967334,-0.000869878,0.00267822,-0.000382062,8.63546e-05,7.31883e-05,-0.00130127,0.00112153,-0.000418383,-0.000382062,0.0319571,0.000370605,-0.00115223,0.00091472,0.000315959,0.0024917,8.63546e-05,0.000370605,0.0282656,7.35005e-05,-5.47903e-05,4.00439e-05,-9.45202e-05,7.31883e-05,-0.00115223,7.35005e-05,0.0466557,
0.0038236,-0.000578424,-9.01384e-05,0.000638413,-0.0013013,0.000914673,-5.482e-05,-0.000578424,0.0012397,-0.00079889,0.000967327,0.00112153,0.000315962,4.0069e-05,-9.01384e-05,-0.00079889,0.00291853,-0.000869871,-0.000418433,0.00249168,-9.45824e-05,0.000638413,0.000967327,-0.000869871,0.00267823,-0.000382066,8.63565e-05,7.31303e-05,-0.0013013,0.00112153,-0.000418433,-0.000382066,0.0319569,0.00037067,-0.00115267,0.000914673,0.000315962,0.00249168,8.63565e-05,0.00037067,0.0282657,7.37176e-05,-5.482e-05,4.0069e-05,-9.45824e-05,7.31303e-05,-0.00115267,7.37176e-05,0.0466556,
0.00382357,-0.000578417,-9.01027e-05,0.000638441,-0.00130133,0.000914629,-5.485e-05,-0.000578417,0.00123969,-0.000798899,0.00096732,0.00112154,0.000315963,4.00944e-05,-9.01027e-05,-0.000798899,0.00291854,-0.000869864,-0.000418482,0.00249167,-9.4645e-05,0.000638441,0.00096732,-0.000869864,0.00267824,-0.000382069,8.63571e-05,7.30719e-05,-0.00130133,0.00112154,-0.000418482,-0.000382069,0.0319566,0.000370735,-0.00115311,0.000914629,0.000315963,0.00249167,8.63571e-05,0.000370735,0.0282658,7.39368e-05,-5.485e-05,4.00944e-05,-9.4645e-05,7.30719e-05,-0.00115311,7.39368e-05,0.0466555,
0.00382354,-0.000578411,-9.00697e-05,0.000638466,-0.00130136,0.000914588,-5.48803e-05,-0.000578411,0.00123969,-0.000798906,0.000967313,0.00112154,0.000315964,4.012e-05,-9.00697e-05,-0.000798906,0.00291855,-0.000869858,-0.00041853,0.00249166,-9.4708e-05,0.000638466,0.000967313,-0.000869858,0.00267825,-0.000382072,8.63566e-05,7.3013e-05,-0.00130136,0.00112154,-0.00041853,-0.000382072,0.0319564,0.000370799,-0.00115356,0.000914588,0.000315964,0.00249166,8.63566e-05,0.000370799,0.028266,7.41579e-05,-5.48803e-05,4.012e-05,-9.4708e-05,7.3013e-05,-0.00115356,7.41579e-05,0.0466554,
0.00382352,-0.000578405,-9.00394e-05,0.00063849,-0.00130139,0.000914549,-5.49108e-05,-0.000578405,0.00123969,-0.000798914,0.000967307,0.00112154,0.000315963,4.01458e-05,-9.00394e-05,-0.000798914,0.00291855,-0.000869852,-0.000418578,0.00249164,-9.47714e-05,0.00063849,0.000967307,-0.000869852,0.00267826,-0.000382075,8.63549e-05,7.29537e-05,-0.00130139,0.00112154,-0.000418578,-0.000382075,0.0319562,0.000370863,-0.00115401,0.000914549,0.000315963,0.00249164,8.63549e-05,0.000370863,0.0282661,7.43808e-05,-5.49108e-05,4.01458e-05,-9.47714e-05,7.29537e-05,-0.00115401,7.43808e-05,0.0466553,
0.00382349,-0.000578399,-9.00113e-05,0.000638511,-0.00130141,0.000914512,-5.49416e-05,-0.000578399,0.00123968,-0.000798921,0.000967301,0.00112155,0.000315962,4.01718e-05,-9.00113e-05,-0.000798921,0.00291855,-0.000869847,-0.000418626,0.00249163,-9.48352e-05,0.000638511,0.000967301,-0.000869847,0.00267826,-0.000382078,8.63523e-05,7.28941e-05,-0.00130141,0.00112155,-0.000418626,-0.000382078,0.031956,0.000370926,-0.00115446,0.000914512,0.000315962,0.00249163,8.63523e-05,0.000370926,0.0282662,7.46053e-05,-5.49416e-05,4.01718e-05,-9.48352e-05,7.28941e-05,-0.00115446,7.46053e-05,0.0466552,
0.00382347,-0.000578394,-8.99853e-05,0.000638532,-0.00130144,0.000914476,-5.49726e-05,-0.000578394,0.00123968,-0.000798927,0.000967296,0.00112155,0.000315959,4.0198e-05,-8.99853e-05,-0.000798927,0.00291856,-0.000869841,-0.000418672,0.00249161,-9.48993e-05,0.000638532,0.000967296,-0.000869841,0.00267827,-0.000382081,8.63487e-05,7.28341e-05,-0.00130144,0.00112155,-0.000418672,-0.000382081,0.0319557,0.000370989,-0.00115491,0.000914476,0.000315959,0.00249161,8.63487e-05,0.000370989,0.0282663,7.48314e-05,-5.49726e-05,4.0198e-05,-9.48993e-05,7.28341e-05,-0.00115491,7.48314e-05,0.0466551,
0.00382345,-0.000578389,-8.99612e-05,0.000638551,-0.00130147,0.000914443,-5.50039e-05,-0.000578389,0.00123968,-0.000798933,0.000967291,0.00112155,0.000315956,4.02244e-05,-8.99612e-05,-0.000798933,0.00291856,-0.000869836,-0.000418719,0.00249159,-9.49637e-05,0.000638551,0.000967291,-0.000869836,0.00267828,-0.000382084,8.63444e-05,7.27738e-05,-0.00130147,0.00112155,-0.000418719,-0.000382084,0.0319555,0.000371052,-0.00115537,0.000914443,0.000315956,0.00249159,8.63444e-05,0.000371052,0.0282665,7.50589e-05,-5.50039e-05,4.02244e-05,-9.49637e-05,7.27738e-05,-0.00115537,7.50589e-05,0.046655,
0.00382343,-0.000578385,-8.99389e-05,0.000638569,-0.0013015,0.000914411,-5.50353e-05,-0.000578385,0.00123968,-0.000798939,0.000967286,0.00112156,0.000315952,4.02509e-05,-8.99389e-05,-0.000798939,0.00291856,-0.000869832,-0.000418765,0.00249158,-9.50284e-05,0.000638569,0.000967286,-0.000869832,0.00267829,-0.000382087,8.63393e-05,7.27132e-05,-0.0013015,0.00112156,-0.000418765,-0.000382087,0.0319553,0.000371115,-0.00115583,0.000914411,0.000315952,0.00249158,8.63393e-05,0.000371115,0.0282666,7.52878e-05,-5.50353e-05,4.02509e-05,-9.50284e-05,7.27132e-05,-0.00115583,7.52878e-05,0.0466549,
0.00382341,-0.00057838,-8.99181e-05,0.000638586,-0.00130152,0.000914381,-5.50669e-05,-0.00057838,0.00123967,-0.000798944,0.000967281,0.00112156,0.000315947,4.02775e-05,-8.99181e-05,-0.000798944,0.00291856,-0.000869827,-0.000418811,0.00249156,-9.50933e-05,0.000638586,0.000967281,-0.000869827,0.0026783,-0.000382089,8.63335e-05,7.26523e-05,-0.00130152,0.00112156,-0.000418811,-0.000382089,0.031955,0.000371177,-0.00115629,0.000914381,0.000315947,0.00249156,8.63335e-05,0.000371177,0.0282667,7.55179e-05,-5.50669e-05,4.02775e-05,-9.50933e-05,7.26523e-05,-0.00115629,7.55179e-05,0.0466548,
0.0038234,-0.000578376,-8.98988e-05,0.000638602,-0.00130155,0.000914351,-5.50986e-05,-0.000578376,0.00123967,-0.000798949,0.000967277,0.00112156,0.000315942,4.03043e-05,-8.98988e-05,-0.000798949,0.00291857,-0.000869823,-0.000418856,0.00249154,-9.51585e-05,0.000638602,0.000967277,-0.000869823,0.00267831,-0.000382092,8.63271e-05,7.25912e-05,-0.00130155,0.00112156,-0.000418856,-0.000382092,0.0319548,0.000371239,-0.00115675,0.000914351,0.000315942,0.00249154,8.63271e-05,0.000371239,0.0282669,7.57491e-05,-5.50986e-05,4.03043e-05,-9.51585e-05,7.25912e-05,-0.00115675,7.57491e-05,0.0466547,
0.00382338,-0.000578373,-8.98807e-05,0.000638616,-0.00130157,0.000914323,-5.51305e-05,-0.000578373,0.00123967,-0.000798954,0.000967272,0.00112157,0.000315936,4.03313e-05,-8.98807e-05,-0.000798954,0.00291857,-0.000869819,-0.000418901,0.00249153,-9.5224e-05,0.000638616,0.000967272,-0.000869819,0.00267831,-0.000382094,8.63201e-05,7.25298e-05,-0.00130157,0.00112157,-0.000418901,-0.000382094,0.0319545,0.000371301,-0.00115722,0.000914323,0.000315936,0.00249153,8.63201e-05,0.000371301,0.028267,7.59814e-05,-5.51305e-05,4.03313e-05,-9.5224e-05,7.25298e-05,-0.00115722,7.59814e-05,0.0466546,
0.00382336,-0.000578369,-8.98638e-05,0.000638631,-0.0013016,0.000914296,-5.51626e-05,-0.000578369,0.00123967,-0.000798959,0.000967268,0.00112157,0.00031593,4.03583e-05,-8.98638e-05,-0.000798959,0.00291857,-0.000869815,-0.000418946,0.00249151,-9.52897e-05,0.000638631,0.000967268,-0.000869815,0.00267832,-0.000382096,8.63126e-05,7.24682e-05,-0.0013016,0.00112157,-0.000418946,-0.000382096,0.0319543,0.000371363,-0.00115769,0.000914296,0.00031593,0.00249151,8.63126e-05,0.000371363,0.0282671,7.62148e-05,-5.51626e-05,4.03583e-05,-9.52897e-05,7.24682e-05,-0.00115769,7.62148e-05,0.0466545,
0.00382335,-0.000578366,-8.98479e-05,0.000638644,-0.00130163,0.00091427,-5.51947e-05,-0.000578366,0.00123967,-0.000798963,0.000967264,0.00112157,0.000315923,4.03854e-05,-8.98479e-05,-0.000798963,0.00291857,-0.000869811,-0.000418991,0.00249149,-9.53556e-05,0.000638644,0.000967264,-0.000869811,0.00267833,-0.000382099,8.63046e-05,7.24064e-05,-0.00130163,0.00112157,-0.000418991,-0.000382099,0.031954,0.000371424,-0.00115816,0.00091427,0.000315923,0.00249149,8.63046e-05,0.000371424,0.0282673,7.6449e-05,-5.51947e-05,4.03854e-05,-9.53556e-05,7.24064e-05,-0.00115816,7.6449e-05,0.0466544,
0.00382334,-0.000578363,-8.98331e-05,0.000638657,-0.00130165,0.000914245,-5.52271e-05,-0.000578363,0.00123966,-0.000798967,0.000967261,0.00112158,0.000315916,4.04127e-05,-8.98331e-05,-0.000798967,0.00291857,-0.000869807,-0.000419036,0.00249147,-9.54217e-05,0.000638657,0.000967261,-0.000869807,0.00267834,-0.000382101,8.62962e-05,7.23444e-05,-0.00130165,0.00112158,-0.000419036,-0.000382101,0.0319538,0.000371486,-0.00115863,0.000914245,0.000315916,0.00249147,8.62962e-05,0.000371486,0.0282674,7.66841e-05,-5.52271e-05,4.04127e-05,-9.54217e-05,7.23444e-05,-0.00115863,7.66841e-05,0.0466543,
0.00382332,-0.00057836,-8.98191e-05,0.000638669,-0.00130168,0.000914221,-5.52595e-05,-0.00057836,0.00123966,-0.000798971,0.000967257,0.00112158,0.000315909,4.044e-05,-8.98191e-05,-0.000798971,0.00291857,-0.000869803,-0.00041908,0.00249145,-9.5488e-05,0.000638669,0.000967257,-0.000869803,0.00267834,-0.000382103,8.62874e-05,7.22822e-05,-0.00130168,0.00112158,-0.00041908,-0.000382103,0.0319535,0.000371547,-0.0011591,0.000914221,0.000315909,0.00249145,8.62874e-05,0.000371547,0.0282675,7.692e-05,-5.52595e-05,4.044e-05,-9.5488e-05,7.22822e-05,-0.0011591,7.692e-05,0.0466542,
0.00382331,-0.000578357,-8.98059e-05,0.00063868,-0.0013017,0.000914197,-5.5292e-05,-0.000578357,0.00123966,-0.000798975,0.000967253,0.00112158,0.000315901,4.04675e-05,-8.98059e-05,-0.000798975,0.00291857,-0.0008698,-0.000419125,0.00249143,-9.55544e-05,0.00063868,0.000967253,-0.0008698,0.00267835,-0.000382106,8.62782e-05,7.22199e-05,-0.0013017,0.00112158,-0.000419125,-0.000382106,0.0319532,0.000371608,-0.00115957,0.000914197,0.000315901,0.00249143,8.62782e-05,0.000371608,0.0282677,7.71566e-05,-5.5292e-05,4.04675e-05,-9.55544e-05,7.22199e-05,-0.00115957,7.71566e-05,0.0466541,
0.0038233,-0.000578354,-8.97934e-05,0.000638691,-0.00130173,0.000914174,-5.53246e-05,-0.000578354,0.00123966,-0.000798979,0.00096725,0.00112159,0.000315893,4.0495e-05,-8.97934e-05,-0.000798979,0.00291856,-0.000869796,-0.000419169,0.00249141,-9.5621e-05,0.000638691,0.00096725,-0.000869796,0.00267836,-0.000382108,8.62687e-05,7.21574e-05,-0.00130173,0.00112159,-0.000419169,-0.000382108,0.031953,0.000371669,-0.00116005,0.000914174,0.000315893,0.00249141,8.62687e-05,0.000371669,0.0282678,7.73939e-05,-5.53246e-05,4.0495e-05,-9.5621e-05,7.21574e-05,-0.00116005,7.73939e-05,0.046654,
0.00382328,-0.000578352,-8.97815e-05,0.000638702,-0.00130175,0.000914151,-5.53574e-05,-0.000578352,0.00123966,-0.000798982,0.000967247,0.00112159,0.000315884,4.05225e-05,-8.97815e-05,-0.000798982,0.00291856,-0.000869793,-0.000419213,0.00249139,-9.56878e-05,0.000638702,0.000967247,-0.000869793,0.00267836,-0.00038211,8.62589e-05,7.20948e-05,-0.00130175,0.00112159,-0.000419213,-0.00038211,0.0319527,0.00037173,-0.00116052,0.000914151,0.000315884,0.00249139,8.62589e-05,0.00037173,0.0282679,7.76319e-05,-5.53574e-05,4.05225e-05,-9.56878e-05,7.20948e-05,-0.00116052,7.76319e-05,0.0466539,
0.00382327,-0.000578349,-8.97703e-05,0.000638712,-0.00130177,0.000914129,-5.53902e-05,-0.000578349,0.00123966,-0.000798986,0.000967243,0.00112159,0.000315876,4.05502e-05,-8.97703e-05,-0.000798986,0.00291856,-0.00086979,-0.000419257,0.00249137,-9.57547e-05,0.000638712,0.000967243,-0.00086979,0.00267837,-0.000382112,8.62488e-05,7.2032e-05,-0.00130177,0.00112159,-0.000419257,-0.000382112,0.0319524,0.00037179,-0.001161,0.000914129,0.000315876,0.00249137,8.62488e-05,0.00037179,0.0282681,7.78705e-05,-5.53902e-05,4.05502e-05,-9.57547e-05,7.2032e-05,-0.001161,7.78705e-05,0.0466538,
0.00382326,-0.000578347,-8.97596e-05,0.000638722,-0.0013018,0.000914108,-5.5423e-05,-0.000578347,0.00123965,-0.000798989,0.00096724,0.0011216,0.000315867,4.05779e-05,-8.97596e-05,-0.000798989,0.00291856,-0.000869787,-0.000419301,0.00249135,-9.58217e-05,0.000638722,0.00096724,-0.000869787,0.00267838,-0.000382114,8.62385e-05,7.19692e-05,-0.0013018,0.0011216,-0.000419301,-0.000382114,0.0319522,0.000371851,-0.00116148,0.000914108,0.000315867,0.00249135,8.62385e-05,0.000371851,0.0282682,7.81096e-05,-5.5423e-05,4.05779e-05,-9.58217e-05,7.19692e-05,-0.00116148,7.81096e-05,0.0466537,
0.00382325,-0.000578345,-8.97493e-05,0.000638731,-0.00130182,0.000914087,-5.5456e-05,-0.000578345,0.00123965,-0.000798992,0.000967237,0.0011216,0.000315858,4.06057e-05,-8.97493e-05,-0.000798992,0.00291856,-0.000869784,-0.000419345,0.00249133,-9.58888e-05,0.000638731,0.000967237,-0.000869784,0.00267838,-0.000382117,8.62279e-05,7.19062e-05,-0.00130182,0.0011216,-0.000419345,-0.000382117,0.0319519,0.000371912,-0.00116196,0.000914087,0.000315858,0.00249133,8.62279e-05,0.000371912,0.0282684,7.83492e-05,-5.5456e-05,4.06057e-05,-9.58888e-05,7.19062e-05,-0.00116196,7.83492e-05,0.0466536,
0.00382324,-0.000578343,-8.97395e-05,0.00063874,-0.00130185,0.000914066,-5.5489e-05,-0.000578343,0.00123965,-0.000798995,0.000967234,0.0011216,0.000315848,4.06335e-05,-8.97395e-05,-0.000798995,0.00291856,-0.000869781,-0.000419389,0.00249131,-9.59561e-05,0.00063874,0.000967234,-0.000869781,0.00267839,-0.000382119,8.62171e-05,7.18431e-05,-0.00130185,0.0011216,-0.000419389,-0.000382119,0.0319516,0.000371972,-0.00116244,0.000914066,0.000315848,0.00249131,8.62171e-05,0.000371972,0.0282685,7.85893e-05,-5.5489e-05,4.06335e-05,-9.59561e-05,7.18431e-05,-0.00116244,7.85893e-05,0.0466535,
0.00382323,-0.000578341,-8.97301e-05,0.000638749,-0.00130187,0.000914046,-5.55221e-05,-0.000578341,0.00123965,-0.000798998,0.000967231,0.00112161,0.000315839,4.06614e-05,-8.97301e-05,-0.000798998,0.00291855,-0.000869778,-0.000419433,0.00249129,-9.60235e-05,0.000638749,0.000967231,-0.000869778,0.0026784,-0.000382121,8.62061e-05,7.17799e-05,-0.00130187,0.00112161,-0.000419433,-0.000382121,0.0319514,0.000372032,-0.00116292,0.000914046,0.000315839,0.00249129,8.62061e-05,0.000372032,0.0282686,7.88298e-05,-5.55221e-05,4.06614e-05,-9.60235e-05,7.17799e-05,-0.00116292,7.88298e-05,0.0466534,
0.00382322,-0.000578339,-8.97211e-05,0.000638758,-0.0013019,0.000914026,-5.55553e-05,-0.000578339,0.00123965,-0.000799001,0.000967228,0.00112161,0.000315829,4.06894e-05,-8.97211e-05,-0.000799001,0.00291855,-0.000869775,-0.000419477,0.00249127,-9.60909e-05,0.000638758,0.000967228,-0.000869775,0.0026784,-0.000382123,8.6195e-05,7.17167e-05,-0.0013019,0.00112161,-0.000419477,-0.000382123,0.0319511,0.000372093,-0.0011634,0.000914026,0.000315829,0.00249127,8.6195e-05,0.000372093,0.0282688,7.90707e-05,-5.55553e-05,4.06894e-05,-9.60909e-05,7.17167e-05,-0.0011634,7.90707e-05,0.0466533,
0.00382321,-0.000578337,-8.97124e-05,0.000638766,-0.00130192,0.000914006,-5.55885e-05,-0.000578337,0.00123965,-0.000799004,0.000967226,0.00112161,0.000315819,4.07173e-05,-8.97124e-05,-0.000799004,0.00291855,-0.000869772,-0.00041952,0.00249124,-9.61585e-05,0.000638766,0.000967226,-0.000869772,0.00267841,-0.000382125,8.61837e-05,7.16534e-05,-0.00130192,0.00112161,-0.00041952,-0.000382125,0.0319508,0.000372153,-0.00116388,0.000914006,0.000315819,0.00249124,8.61837e-05,0.000372153,0.0282689,7.93121e-05,-5.55885e-05,4.07173e-05,-9.61585e-05,7.16534e-05,-0.00116388,7.93121e-05,0.0466532,
0.0038232,-0.000578335,-8.9704e-05,0.000638775,-0.00130194,0.000913986,-5.56217e-05,-0.000578335,0.00123965,-0.000799007,0.000967223,0.00112162,0.000315809,4.07454e-05,-8.9704e-05,-0.000799007,0.00291855,-0.000869769,-0.000419564,0.00249122,-9.62261e-05,0.000638775,0.000967223,-0.000869769,0.00267842,-0.000382127,8.61722e-05,7.159e-05,-0.00130194,0.00112162,-0.000419564,-0.000382127,0.0319506,0.000372213,-0.00116436,0.000913986,0.000315809,0.00249122,8.61722e-05,0.000372213,0.0282691,7.95537e-05,-5.56217e-05,4.07454e-05,-9.62261e-05,7.159e-05,-0.00116436,7.95537e-05,0.046653,
0.00382319,-0.000578333,-8.96958e-05,0.000638783,-0.00130197,0.000913967,-5.56551e-05,-0.000578333,0.00123964,-0.00079901,0.00096722,0.00112162,0.000315799,4.07734e-05,-8.96958e-05,-0.00079901,0.00291855,-0.000869766,-0.000419608,0.0024912,-9.62939e-05,0.000638783,0.00096722,-0.000869766,0.00267842,-0.000382129,8.61606e-05,7.15265e-05,-0.00130197,0.00112162,-0.000419608,-0.000382129,0.0319503,0.000372273,-0.00116485,0.000913967,0.000315799,0.0024912,8.61606e-05,0.000372273,0.0282692,7.97958e-05,-5.56551e-05,4.07734e-05,-9.62939e-05,7.15265e-05,-0.00116485,7.97958e-05,0.0466529,
0.00382318,-0.000578331,-8.96879e-05,0.00063879,-0.00130199,0.000913948,-5.56884e-05,-0.000578331,0.00123964,-0.000799013,0.000967217,0.00112162,0.000315789,4.08015e-05,-8.96879e-05,-0.000799013,0.00291854,-0.000869763,-0.000419651,0.00249118,-9.63617e-05,0.00063879,0.000967217,-0.000869763,0.00267843,-0.000382132,8.61488e-05,7.1463e-05,-0.00130199,0.00112162,-0.000419651,-0.000382132,0.03195,0.000372333,-0.00116533,0.000913948,0.000315789,0.00249118,8.61488e-05,0.000372333,0.0282693,8.00381e-05,-5.56884e-05,4.08015e-05,-9.63617e-05,7.1463e-05,-0.00116533,8.00381e-05,0.0466528,
0.00382317,-0.000578329,-8.96802e-05,0.000638798,-0.00130202,0.000913929,-5.57218e-05,-0.000578329,0.00123964,-0.000799016,0.000967215,0.00112163,0.000315778,4.08297e-05,-8.96802e-05,-0.000799016,0.00291854,-0.000869761,-0.000419695,0.00249116,-9.64295e-05,0.000638798,0.000967215,-0.000869761,0.00267844,-0.000382134,8.6137e-05,7.13994e-05,-0.00130202,0.00112163,-0.000419695,-0.000382134,0.0319497,0.000372393,-0.00116582,0.000913929,0.000315778,0.00249116,8.6137e-05,0.000372393,0.0282695,8.02807e-05,-5.57218e-05,4.08297e-05,-9.64295e-05,7.13994e-05,-0.00116582,8.02807e-05,0.0466527,
0.00382316,-0.000578328,-8.96727e-05,0.000638806,-0.00130204,0.00091391,-5.57552e-05,-0.000578328,0.00123964,-0.000799018,0.000967212,0.00112163,0.000315768,4.08578e-05,-8.96727e-05,-0.000799018,0.00291854,-0.000869758,-0.000419739,0.00249114,-9.64975e-05,0.000638806,0.000967212,-0.000869758,0.00267844,-0.000382136,8.6125e-05,7.13358e-05,-0.00130204,0.00112163,-0.000419739,-0.000382136,0.0319495,0.000372453,-0.0011663,0.00091391,0.000315768,0.00249114,8.6125e-05,0.000372453,0.0282696,8.05235e-05,-5.57552e-05,4.08578e-05,-9.64975e-05,7.13358e-05,-0.0011663,8.05235e-05,0.0466526,
0.00382315,-0.000578326,-8.96654e-05,0.000638813,-0.00130206,0.000913892,-5.57887e-05,-0.000578326,0.00123964,-0.000799021,0.000967209,0.00112163,0.000315758,4.0886e-05,-8.96654e-05,-0.000799021,0.00291853,-0.000869755,-0.000419783,0.00249112,-9.65655e-05,0.000638813,0.000967209,-0.000869755,0.00267845,-0.000382138,8.61129e-05,7.12721e-05,-0.00130206,0.00112163,-0.000419783,-0.000382138,0.0319492,0.000372513,-0.00116679,0.000913892,0.000315758,0.00249112,8.61129e-05,0.000372513,0.0282698,8.07666e-05,-5.57887e-05,4.0886e-05,-9.65655e-05,7.12721e-05,-0.00116679,8.07666e-05,0.0466525,
0.00382315,-0.000578324,-8.96582e-05,0.00063882,-0.00130209,0.000913873,-5.58222e-05,-0.000578324,0.00123964,-0.000799024,0.000967207,0.00112164,0.000315747,4.09143e-05,-8.96582e-05,-0.000799024,0.00291853,-0.000869752,-0.000419826,0.00249109,-9.66335e-05,0.00063882,0.000967207,-0.000869752,0.00267846,-0.00038214,8.61008e-05,7.12084e-05,-0.00130209,0.00112164,-0.000419826,-0.00038214,0.0319489,0.000372572,-0.00116728,0.000913873,0.000315747,0.00249109,8.61008e-05,0.000372572,0.0282699,8.10099e-05,-5.58222e-05,4.09143e-05,-9.66335e-05,7.12084e-05,-0.00116728,8.10099e-05,0.0466524,
0.00382314,-0.000578323,-8.96512e-05,0.000638828,-0.00130211,0.000913855,-5.58557e-05,-0.000578323,0.00123964,-0.000799026,0.000967204,0.00112164,0.000315736,4.09425e-05,-8.96512e-05,-0.000799026,0.00291853,-0.00086975,-0.00041987,0.00249107,-9.67016e-05,0.000638828,0.000967204,-0.00086975,0.00267846,-0.000382142,8.60885e-05,7.11446e-05,-0.00130211,0.00112164,-0.00041987,-0.000382142,0.0319486,0.000372632,-0.00116776,0.000913855,0.000315736,0.00249107,8.60885e-05,0.000372632,0.02827,8.12535e-05,-5.58557e-05,4.09425e-05,-9.67016e-05,7.11446e-05,-0.00116776,8.12535e-05,0.0466523,
0.00382313,-0.000578321,-8.96443e-05,0.000638835,-0.00130214,0.000913837,-5.58893e-05,-0.000578321,0.00123963,-0.000799029,0.000967201,0.00112164,0.000315726,4.09708e-05,-8.96443e-05,-0.000799029,0.00291853,-0.000869747,-0.000419914,0.00249105,-9.67698e-05,0.000638835,0.000967201,-0.000869747,0.00267847,-0.000382145,8.60762e-05,7.10808e-05,-0.00130214,0.00112164,-0.000419914,-0.000382145,0.0319483,0.000372692,-0.00116825,0.000913837,0.000315726,0.00249105,8.60762e-05,0.000372692,0.0282702,8.14972e-05,-5.58893e-05,4.09708e-05,-9.67698e-05,7.10808e-05,-0.00116825,8.14972e-05,0.0466522,
0.00382312,-0.000578319,-8.96376e-05,0.000638842,-0.00130216,0.000913819,-5.59229e-05,-0.000578319,0.00123963,-0.000799031,0.000967199,0.00112164,0.000315715,4.09991e-05,-8.96376e-05,-0.000799031,0.00291852,-0.000869744,-0.000419957,0.00249103,-9.6838e-05,0.000638842,0.000967199,-0.000869744,0.00267848,-0.000382147,8.60638e-05,7.1017e-05,-0.00130216,0.00112164,-0.000419957,-0.000382147,0.0319481,0.000372751,-0.00116874,0.000913819,0.000315715,0.00249103,8.60638e-05,0.000372751,0.0282703,8.17411e-05,-5.59229e-05,4.09991e-05,-9.6838e-05,7.1017e-05,-0.00116874,8.17411e-05,0.0466521,
0.00382311,-0.000578318,-8.96309e-05,0.000638849,-0.00130218,0.000913801,-5.59565e-05,-0.000578318,0.00123963,-0.000799034,0.000967196,0.00112165,0.000315704,4.10274e-05,-8.96309e-05,-0.000799034,0.00291852,-0.000869742,-0.000420001,0.00249101,-9.69062e-05,0.000638849,0.000967196,-0.000869742,0.00267848,-0.000382149,8.60513e-05,7.09532e-05,-0.00130218,0.00112165,-0.000420001,-0.000382149,0.0319478,0.000372811,-0.00116923,0.000913801,0.000315704,0.00249101,8.60513e-05,0.000372811,0.0282705,8.19852e-05,-5.59565e-05,4.10274e-05,-9.69062e-05,7.09532e-05,-0.00116923,8.19852e-05,0.0466519,
0.0038231,-0.000578316,-8.96243e-05,0.000638856,-0.00130221,0.000913783,-5.59901e-05,-0.000578316,0.00123963,-0.000799036,0.000967194,0.00112165,0.000315693,4.10557e-05,-8.96243e-05,-0.000799036,0.00291852,-0.000869739,-0.000420045,0.00249098,-9.69745e-05,0.000638856,0.000967194,-0.000869739,0.00267849,-0.000382151,8.60388e-05,7.08893e-05,-0.00130221,0.00112165,-0.000420045,-0.000382151,0.0319475,0.00037287,-0.00116972,0.000913783,0.000315693,0.00249098,8.60388e-05,0.00037287,0.0282706,8.22294e-05,-5.59901e-05,4.10557e-05,-9.69745e-05,7.08893e-05,-0.00116972,8.22294e-05,0.0466518,
0.0038231,-0.000578315,-8.96178e-05,0.000638862,-0.00130223,0.000913765,-5.60238e-05,-0.000578315,0.00123963,-0.000799039,0.000967191,0.00112165,0.000315682,4.10841e-05,-8.96178e-05,-0.000799039,0.00291851,-0.000869737,-0.000420089,0.00249096,-9.70428e-05,0.000638862,0.000967191,-0.000869737,0.0026785,-0.000382154,8.60262e-05,7.08254e-05,-0.00130223,0.00112165,-0.000420089,-0.000382154,0.0319472,0.00037293,-0.0011702,0.000913765,0.000315682,0.00249096,8.60262e-05,0.00037293,0.0282707,8.24738e-05,-5.60238e-05,4.10841e-05,-9.70428e-05,7.08254e-05,-0.0011702,8.24738e-05,0.0466517,
0.00382309,-0.000578313,-8.96114e-05,0.000638869,-0.00130226,0.000913747,-5.60575e-05,-0.000578313,0.00123963,-0.000799041,0.000967189,0.00112166,0.000315671,4.11125e-05,-8.96114e-05,-0.000799041,0.00291851,-0.000869734,-0.000420132,0.00249094,-9.71112e-05,0.000638869,0.000967189,-0.000869734,0.0026785,-0.000382156,8.60135e-05,7.07615e-05,-0.00130226,0.00112166,-0.000420132,-0.000382156,0.0319469,0.000372989,-0.00117069,0.000913747,0.000315671,0.00249094,8.60135e-05,0.000372989,0.0282709,8.27183e-05,-5.60575e-05,4.11125e-05,-9.71112e-05,7.07615e-05,-0.00117069,8.27183e-05,0.0466516,
0.00382308,-0.000578312,-8.96051e-05,0.000638876,-0.00130228,0.000913729,-5.60912e-05,-0.000578312,0.00123963,-0.000799044,0.000967186,0.00112166,0.00031566,4.11408e-05,-8.96051e-05,-0.000799044,0.00291851,-0.000869732,-0.000420176,0.00249092,-9.71796e-05,0.000638876,0.000967186,-0.000869732,0.00267851,-0.000382158,8.60008e-05,7.06976e-05,-0.00130228,0.00112166,-0.000420176,-0.000382158,0.0319467,0.000373048,-0.00117118,0.000913729,0.00031566,0.00249092,8.60008e-05,0.000373048,0.028271,8.29629e-05,-5.60912e-05,4.11408e-05,-9.71796e-05,7.06976e-05,-0.00117118,8.29629e-05,0.0466515,
0.00382307,-0.00057831,-8.95988e-05,0.000638883,-0.0013023,0.000913712,-5.61249e-05,-0.00057831,0.00123963,-0.000799046,0.000967184,0.00112166,0.000315649,4.11692e-05,-8.95988e-05,-0.000799046,0.00291851,-0.000869729,-0.00042022,0.0024909,-9.7248e-05,0.000638883,0.000967184,-0.000869729,0.00267852,-0.00038216,8.59881e-05,7.06336e-05,-0.0013023,0.00112166,-0.00042022,-0.00038216,0.0319464,0.000373107,-0.00117167,0.000913712,0.000315649,0.0024909,8.59881e-05,0.000373107,0.0282712,8.32076e-05,-5.61249e-05,4.11692e-05,-9.7248e-05,7.06336e-05,-0.00117167,8.32076e-05,0.0466514,
0.00382306,-0.000578309,-8.95925e-05,0.000638889,-0.00130233,0.000913694,-5.61586e-05,-0.000578309,0.00123962,-0.000799049,0.000967181,0.00112167,0.000315638,4.11977e-05,-8.95925e-05,-0.000799049,0.0029185,-0.000869726,-0.000420264,0.00249087,-9.73164e-05,0.000638889,0.000967181,-0.000869726,0.00267852,-0.000382163,8.59753e-05,7.05697e-05,-0.00130233,0.00112167,-0.000420264,-0.000382163,0.0319461,0.000373166,-0.00117216,0.000913694,0.000315638,0.00249087,8.59753e-05,0.000373166,0.0282713,8.34525e-05,-5.61586e-05,4.11977e-05,-9.73164e-05,7.05697e-05,-0.00117216,8.34525e-05,0.0466513,
0.00382306,-0.000578307,-8.95863e-05,0.000638896,-0.00130235,0.000913676,-5.61924e-05,-0.000578307,0.00123962,-0.000799051,0.000967179,0.00112167,0.000315627,4.12261e-05,-8.95863e-05,-0.000799051,0.0029185,-0.000869724,-0.000420308,0.00249085,-9.73849e-05,0.000638896,0.000967179,-0.000869724,0.00267853,-0.000382165,8.59625e-05,7.05057e-05,-0.00130235,0.00112167,-0.000420308,-0.000382165,0.0319458,0.000373225,-0.00117265,0.000913676,0.000315627,0.00249085,8.59625e-05,0.000373225,0.0282714,8.36974e-05,-5.61924e-05,4.12261e-05,-9.73849e-05,7.05057e-05,-0.00117265,8.36974e-05,0.0466511,
0.00382305,-0.000578306,-8.95802e-05,0.000638903,-0.00130238,0.000913659,-5.62261e-05,-0.000578306,0.00123962,-0.000799054,0.000967176,0.00112167,0.000315616,4.12545e-05,-8.95802e-05,-0.000799054,0.0029185,-0.000869721,-0.000420352,0.00249083,-9.74534e-05,0.000638903,0.000967176,-0.000869721,0.00267853,-0.000382167,8.59496e-05,7.04418e-05,-0.00130238,0.00112167,-0.000420352,-0.000382167,0.0319455,0.000373284,-0.00117314,0.000913659,0.000315616,0.00249083,8.59496e-05,0.000373284,0.0282716,8.39425e-05,-5.62261e-05,4.12545e-05,-9.74534e-05,7.04418e-05,-0.00117314,8.39425e-05,0.046651,
0.00382304,-0.000578304,-8.9574e-05,0.000638909,-0.0013024,0.000913641,-5.62599e-05,-0.000578304,0.00123962,-0.000799056,0.000967174,0.00112168,0.000315605,4.1283e-05,-8.9574e-05,-0.000799056,0.00291849,-0.000869719,-0.000420396,0.00249081,-9.75219e-05,0.000638909,0.000967174,-0.000869719,0.00267854,-0.00038217,8.59367e-05,7.03778e-05,-0.0013024,0.00112168,-0.000420396,-0.00038217,0.0319453,0.000373343,-0.00117363,0.000913641,0.000315605,0.00249081,8.59367e-05,0.000373343,0.0282717,8.41876e-05,-5.62599e-05,4.1283e-05,-9.75219e-05,7.03778e-05,-0.00117363,8.41876e-05,0.0466509,
