0.00321981,-0.000183342,0.0009238,4.52391e-05,-0.00170877,-0.000421431,-0.000323424,-0.000766711,0.000635552,0.00064602,3.18564e-05,0.000948631,0.00112019,-0.000209814,0.000196597,-0.000151127,0.00397295,-2.20774e-05,-0.00190403,0.000458305,0.000104732,-0.00305601,-7.48406e-05,0.00408211,0.000161092,-0.00093645,0.000155695,-0.000966024,4.35421e-05,0.00116739,-0.00401077,-7.82865e-05,0.0296281,0.00153635,0.000146071,-0.00248388,0.00103895,0.00318019,0.000106487,0.00099768,0.0267552,-0.000301905,-0.000188205,-2.20203e-05,0.000153662,7.16801e-06,-0.000367583,0.000342858,0.0465746,
0.00323543,-0.000207202,0.000936377,4.4442e-05,-0.00172524,-0.00038027,-0.000323821,-0.000780353,0.00063582,0.000624274,3.12887e-05,0.000960762,0.00111555,-0.000209163,0.000223082,-0.000172157,0.0039371,-2.2786e-05,-0.00188749,0.000506641,0.000111582,-0.00301969,-8.40252e-05,0.00409096,0.000158348,-0.000989268,0.000194448,-0.000967395,5.53638e-06,0.00119374,-0.00398773,-7.5981e-05,0.0296408,0.0014792,0.000144613,-0.00243501,0.00102043,0.00324832,0.000104958,0.000921443,0.0267628,-0.000304455,-0.000186893,-2.16627e-05,0.00015428,7.0528e-06,-0.000366074,0.000344713,0.0465744,
0.0032533,-0.000232838,0.000946893,4.35841e-05,-0.0017389,-0.000333655,-0.000324211,-0.000795678,0.000636672,0.000601419,3.07372e-05,0.000973056,0.00111066,-0.000208675,0.000249135,-0.0001942,0.00389833,-2.35044e-05,-0.00186275,0.000559366,0.000118425,-0.00298324,-9.40727e-05,0.00410042,0.000155632,-0.00103842,0.000238826,-0.000969712,-4.17128e-05,0.00122249,-0.00395263,-7.33696e-05,0.0297047,0.00143848,0.000137233,-0.00238348,0.00100097,0.00332097,0.000103448,0.000860842,0.0267848,-0.000308762,-0.000185662,-2.13533e-05,0.0001548,6.9392e-06,-0.000366217,0.000346449,0.0465742,
0.00327399,-0.000259748,0.000953572,4.26522e-05,-0.00175541,-0.000285369,-0.000323937,-0.000812651,0.00063822,0.000578338,3.02274e-05,0.000987011,0.00110614,-0.000208523,0.000276155,-0.000216977,0.00385533,-2.42866e-05,-0.00184451,0.000608979,0.000126395,-0.00294577,-0.000105036,0.00410798,0.00015296,-0.00109405,0.000282703,-0.000971829,-7.4093e-05,0.00124929,-0.00392731,-7.12511e-05,0.0296768,0.0013559,0.000136901,-0.00232196,0.000979387,0.00338786,0.000101728,0.000764621,0.0267978,-0.000310025,-0.000184651,-2.10739e-05,0.00015534,6.83434e-06,-0.000367023,0.000348242,0.046574,
0.00329596,-0.000287164,0.000956875,4.16967e-05,-0.00176776,-0.000233711,-0.00032352,-0.000830694,0.00064044,0.000555313,2.9762e-05,0.00100066,0.0011011,-0.000208556,0.000301177,-0.00023958,0.00381108,-2.50442e-05,-0.00181907,0.000660327,0.000134093,-0.00291016,-0.000116341,0.00411497,0.000150442,-0.00114264,0.00033017,-0.00097475,-0.000113202,0.00127718,-0.00389126,-6.89555e-05,0.0296966,0.00129268,0.000131327,-0.00226039,0.000957322,0.00345536,0.00010011,0.000688324,0.026824,-0.000312845,-0.000183755,-2.0835e-05,0.000155787,6.73648e-06,-0.00036896,0.000349874,0.0465738,
0.00331908,-0.000314617,0.000956244,4.07224e-05,-0.00177773,-0.00018057,-0.000322732,-0.000849619,0.000643323,0.000532888,2.9351e-05,0.00101438,0.00109571,-0.000208817,0.000324505,-0.000261698,0.00376564,-2.57906e-05,-0.00179181,0.000710445,0.00014183,-0.00287652,-0.00012783,0.00412052,0.000148096,-0.00118718,0.000378551,-0.000978026,-0.000150618,0.00130443,-0.00385231,-6.67628e-05,0.0297158,0.00123002,0.00012498,-0.0021971,0.000934583,0.00351954,9.85299e-05,0.000615529,0.0268548,-0.000315478,-0.000183016,-2.06222e-05,0.000156179,6.64799e-06,-0.000371574,0.0003515,0.0465736,
0.00334289,-0.000341657,0.000951679,3.97425e-05,-0.00178513,-0.000126843,-0.000321554,-0.00086916,0.000646812,0.000511437,2.89977e-05,0.00102799,0.00108993,-0.000209293,0.000345856,-0.000282997,0.00371975,-2.65176e-05,-0.00176332,0.00075861,0.000149512,-0.00284544,-0.000139263,0.00412457,0.000145942,-0.00122707,0.000426948,-0.000981561,-0.000185725,0.00133068,-0.0038113,-6.46988e-05,0.0297337,0.00116889,0.000118117,-0.00213321,0.000911458,0.00357954,9.70111e-05,0.000547249,0.0268893,-0.000317869,-0.000182437,-2.04298e-05,0.000156529,6.56961e-06,-0.000374655,0.000353095,0.0465733,
0.00336665,-0.000367871,0.000943793,3.87792e-05,-0.00178778,-7.23308e-05,-0.00032019,-0.000888948,0.000650809,0.000491105,2.86992e-05,0.00104051,0.0010834,-0.000209889,0.000364397,-0.000303135,0.00367493,-2.71972e-05,-0.0017296,0.000806387,0.000156617,-0.00281793,-0.00015035,0.00412799,0.000144013,-0.00125824,0.000476324,-0.00098563,-0.000224882,0.00135656,-0.00376038,-6.25579e-05,0.0297943,0.00113035,0.000106683,-0.00207233,0.000888608,0.00363825,9.56566e-05,0.000501515,0.0269344,-0.000321641,-0.00018198,-2.02574e-05,0.000156808,6.50048e-06,-0.000378261,0.000354538,0.0465731,
0.00339071,-0.000393059,0.000932079,3.78195e-05,-0.00179018,-1.96922e-05,-0.000318237,-0.000908989,0.000655249,0.000472412,2.84615e-05,0.00105333,0.00107685,-0.000210729,0.000381513,-0.000322145,0.00362998,-2.78716e-05,-0.00170039,0.000849257,0.000163947,-0.00279308,-0.000161098,0.00412957,0.000142273,-0.00128847,0.000522522,-0.00098942,-0.000254172,0.00137993,-0.00371739,-6.07939e-05,0.0298079,0.00107447,9.93378e-05,-0.00200994,0.000865543,0.00368884,9.4303e-05,0.000443702,0.0269734,-0.000323459,-0.000181709,-2.00913e-05,0.000157123,6.44276e-06,-0.000381795,0.000356024,0.0465728,
0.00341447,-0.000416953,0.000917359,3.68812e-05,-0.00179039,3.14829e-05,-0.000315918,-0.000928958,0.000660006,0.000455381,2.82783e-05,0.00106557,0.00107003,-0.000211715,0.000396545,-0.000339818,0.00358622,-2.85156e-05,-0.00167151,0.000889081,0.00017101,-0.00277162,-0.000171297,0.00413038,0.000140739,-0.00131421,0.000566752,-0.00099322,-0.000280459,0.00140166,-0.00367471,-5.91842e-05,0.0298194,0.00102183,9.20024e-05,-0.0019494,0.000842906,0.00373457,9.30445e-05,0.000391321,0.0270133,-0.000324923,-0.000181578,-1.99337e-05,0.000157446,6.39492e-06,-0.000385387,0.000357462,0.0465725,
0.00343772,-0.000439395,0.0009001,3.59694e-05,-0.00178871,8.07421e-05,-0.000313263,-0.000948664,0.000664969,0.000440117,2.81457e-05,0.00107709,0.00106301,-0.000212824,0.000409602,-0.000356099,0.003544,-2.91281e-05,-0.00164332,0.00092576,0.000177757,-0.00275353,-0.00018087,0.0041308,0.000139404,-0.00133593,0.00060862,-0.000996969,-0.000303789,0.00142171,-0.00363299,-5.77264e-05,0.029829,0.000972702,8.47905e-05,-0.00189121,0.000820917,0.00377563,9.18844e-05,0.000344185,0.0270534,-0.000326011,-0.000181575,-1.9783e-05,0.000157794,6.35636e-06,-0.000388962,0.000358864,0.0465723,
0.00346033,-0.000460285,0.000880781,3.50879e-05,-0.00178547,0.000127742,-0.000310307,-0.000967941,0.00067003,0.000426669,2.80594e-05,0.00108779,0.0010559,-0.000214027,0.00042083,-0.000370974,0.0035036,-2.97086e-05,-0.0016161,0.000959278,0.000184152,-0.00273873,-0.000189777,0.00413123,0.00013826,-0.0013542,0.000647863,-0.00100062,-0.00032429,0.00144006,-0.00359279,-5.64154e-05,0.029837,0.000927188,7.77904e-05,-0.00183575,0.000799756,0.0038123,9.08231e-05,0.000301963,0.027093,-0.000326714,-0.000181685,-1.96389e-05,0.00015818,6.32642e-06,-0.000392466,0.000360238,0.046572,
0.0034822,-0.000479571,0.000859873,3.42391e-05,-0.00178103,0.000172238,-0.000307088,-0.000986643,0.000675088,0.000415044,2.80146e-05,0.00109761,0.00104881,-0.000215301,0.00043039,-0.000384461,0.00346522,-3.02572e-05,-0.00159007,0.000989689,0.000190169,-0.00272703,-0.000198011,0.00413202,0.000137292,-0.00136961,0.000684326,-0.00100412,-0.000342151,0.00145675,-0.00355457,-5.5244e-05,0.0298435,0.00088531,7.10698e-05,-0.0017833,0.000779569,0.00384496,8.98594e-05,0.000264246,0.0271316,-0.000327039,-0.000181895,-1.9502e-05,0.000158614,6.30434e-06,-0.000395862,0.000361593,0.0465716,
0.00350327,-0.000497242,0.00083782,3.34246e-05,-0.00177569,0.000214069,-0.000303648,-0.00100465,0.000680054,0.000405207,2.80065e-05,0.00110648,0.00104182,-0.000216622,0.000438452,-0.000396601,0.00342898,-3.07742e-05,-0.00156537,0.0010171,0.000195788,-0.0027182,-0.000205588,0.00413347,0.000136489,-0.00138273,0.000717947,-0.00100745,-0.000357593,0.00147185,-0.00351866,-5.42037e-05,0.0298489,0.000847004,6.46786e-05,-0.00173401,0.000760462,0.00387399,8.89903e-05,0.000230583,0.0271688,-0.000326999,-0.000182187,-1.93733e-05,0.000159106,6.28934e-06,-0.000399126,0.000362939,0.0465713,
0.00352353,-0.000513315,0.000815022,3.26451e-05,-0.00176975,0.000253148,-0.000300027,-0.00102187,0.000684849,0.000397092,2.80304e-05,0.00111439,0.00103504,-0.000217967,0.000445181,-0.000407449,0.00339496,-3.12604e-05,-0.00154209,0.00104163,0.000201002,-0.00271197,-0.00021254,0.00413583,0.000135835,-0.00139412,0.000748742,-0.00101059,-0.000370855,0.00148545,-0.00348533,-5.32854e-05,0.0298533,0.00081215,5.8651e-05,-0.00168796,0.000742513,0.00389977,8.82119e-05,0.000200518,0.0272043,-0.000326617,-0.000182548,-1.92541e-05,0.000159661,6.28065e-06,-0.000402242,0.000364282,0.046571,
0.00354295,-0.000527836,0.000791837,3.1901e-05,-0.00176349,0.000289447,-0.000296269,-0.00103821,0.00068941,0.000390608,2.80816e-05,0.00112132,0.00102855,-0.000219318,0.000450739,-0.000417076,0.0033632,-3.17164e-05,-0.00152029,0.00106346,0.000205807,-0.00270807,-0.000218912,0.00413928,0.000135318,-0.00140424,0.000776778,-0.00101352,-0.000382179,0.00149763,-0.00345474,-5.24797e-05,0.0298571,0.000780587,5.30097e-05,-0.00164518,0.000725767,0.00392269,8.75199e-05,0.000173616,0.0272378,-0.000325922,-0.000182963,-1.91458e-05,0.000160279,6.2775e-06,-0.000405201,0.000365627,0.0465707,
0.00356155,-0.000540867,0.000768572,3.11922e-05,-0.0017571,0.000322986,-0.000292412,-0.00105364,0.000693686,0.000385647,2.81557e-05,0.0011273,0.00102241,-0.000220656,0.000455276,-0.000425557,0.00333368,-3.21432e-05,-0.00149997,0.00108275,0.000210207,-0.00270621,-0.00022475,0.0041439,0.000134923,-0.0014135,0.000802166,-0.00101623,-0.000391799,0.00150851,-0.00342695,-5.17773e-05,0.0298604,0.000752126,4.77671e-05,-0.00160564,0.000710247,0.00394309,8.6909e-05,0.00014947,0.0272692,-0.000324945,-0.000183419,-1.90495e-05,0.000160959,6.27917e-06,-0.000407999,0.000366979,0.0465703,
0.00357932,-0.000552482,0.000745491,3.05184e-05,-0.00175078,0.000353822,-0.000288495,-0.0010681,0.00069764,0.000382087,2.82488e-05,0.00113234,0.00101668,-0.000221968,0.000458929,-0.000432973,0.00330637,-3.25418e-05,-0.00148113,0.00109968,0.000214212,-0.00270611,-0.000230106,0.00414976,0.000134637,-0.00142223,0.00082504,-0.00101873,-0.000399935,0.0015182,-0.00340201,-5.11693e-05,0.0298633,0.000726566,4.29268e-05,-0.00156926,0.000695951,0.0039613,8.63744e-05,0.000127717,0.0272984,-0.000323721,-0.000183903,-1.8966e-05,0.000161699,6.28497e-06,-0.000410635,0.000368342,0.04657,
0.0035963,-0.000562766,0.000722812,2.9879e-05,-0.00174466,0.000382042,-0.000284553,-0.00108159,0.000701248,0.000379799,2.83571e-05,0.00113649,0.00101138,-0.000223239,0.000461822,-0.000439407,0.00328121,-3.29131e-05,-0.00146373,0.00111444,0.000217833,-0.00270752,-0.000235026,0.00415684,0.000134448,-0.00143068,0.000845552,-0.00102101,-0.00040679,0.00152678,-0.00337985,-5.06468e-05,0.029866,0.0007037,3.84867e-05,-0.00153594,0.000682863,0.00397761,8.59106e-05,0.000108034,0.0273253,-0.000322283,-0.000184404,-1.88958e-05,0.000162493,6.29427e-06,-0.000413108,0.000369715,0.0465696,
0.0036125,-0.000571807,0.000700711,2.92734e-05,-0.00173886,0.000407752,-0.00028062,-0.0010941,0.000704496,0.00037865,2.84773e-05,0.00113981,0.00100655,-0.000224461,0.000464069,-0.000444942,0.00325814,-3.32582e-05,-0.00144772,0.00112722,0.000221087,-0.00271017,-0.000239556,0.00416511,0.000134343,-0.00143905,0.000863862,-0.00102308,-0.000412547,0.00153437,-0.0033604,-5.02017e-05,0.0298685,0.000683319,3.44389e-05,-0.00150557,0.00067095,0.00399226,8.55124e-05,9.01443e-05,0.02735,-0.000320666,-0.000184914,-1.8839e-05,0.000163335,6.30649e-06,-0.000415422,0.000371101,0.0465693,
0.00362793,-0.000579699,0.000679332,2.87008e-05,-0.00173344,0.000431074,-0.000276723,-0.00110563,0.00070738,0.000378508,2.86065e-05,0.00114234,0.00100219,-0.000225624,0.000465767,-0.000449658,0.00323705,-3.35781e-05,-0.00143306,0.00113818,0.000223994,-0.00271386,-0.000243735,0.00417447,0.000134312,-0.00144747,0.00088013,-0.00102495,-0.000417366,0.00154105,-0.00334355,-4.98262e-05,0.029871,0.000665222,3.07716e-05,-0.00147801,0.00066017,0.00400548,8.51747e-05,7.38092e-05,0.0273725,-0.000318903,-0.000185425,-1.87954e-05,0.000164216,6.32109e-06,-0.00041758,0.000372498,0.0465689,
0.00364262,-0.000586533,0.000658782,2.81605e-05,-0.00172846,0.000452142,-0.000272888,-0.00111621,0.000709905,0.000379244,2.87419e-05,0.00114416,0.000998303,-0.000226723,0.000467005,-0.000453633,0.00321786,-3.38741e-05,-0.00141968,0.00114751,0.000226573,-0.00271837,-0.000247599,0.00418482,0.000134345,-0.00145602,0.000894515,-0.00102663,-0.00042139,0.00154692,-0.00332914,-4.95133e-05,0.0298734,0.000649213,2.74698e-05,-0.00145311,0.00065047,0.00401746,8.48925e-05,5.8828e-05,0.0273929,-0.000317024,-0.000185929,-1.87646e-05,0.000165129,6.33758e-06,-0.000419587,0.000373904,0.0465685,
0.00365657,-0.0005924,0.000639144,2.76517e-05,-0.00172395,0.000471094,-0.00026914,-0.00112586,0.000712081,0.000380735,2.88813e-05,0.00114534,0.000994875,-0.000227754,0.000467857,-0.000456944,0.00320046,-3.41473e-05,-0.00140751,0.00115537,0.000228846,-0.00272354,-0.000251178,0.00419604,0.000134431,-0.00146477,0.000907173,-0.00102813,-0.000424741,0.00155206,-0.00331703,-4.92563e-05,0.0298758,0.000635108,2.45163e-05,-0.00143071,0.000641793,0.00402835,8.46609e-05,4.50328e-05,0.0274112,-0.000315057,-0.000186421,-1.87456e-05,0.000166066,6.35555e-06,-0.000421445,0.000375316,0.0465682,
0.00366981,-0.000597389,0.000620476,2.71735e-05,-0.00171992,0.000488071,-0.000265495,-0.00113463,0.000713926,0.000382863,2.90226e-05,0.00114593,0.00099189,-0.000228714,0.00046839,-0.000459659,0.00318475,-3.43988e-05,-0.00139648,0.00116191,0.000230836,-0.00272919,-0.000254499,0.004208,0.000134564,-0.00147371,0.000918249,-0.00102946,-0.000427524,0.00155654,-0.00330704,-4.9049e-05,0.0298782,0.000622733,2.18923e-05,-0.00141066,0.000634076,0.00403831,8.44752e-05,3.2284e-05,0.0274275,-0.00031303,-0.000186897,-1.87374e-05,0.000167017,6.3746e-06,-0.000423161,0.000376733,0.0465678,
0.00368236,-0.000601586,0.000602813,2.67249e-05,-0.00171637,0.000503214,-0.000261971,-0.00114255,0.000715459,0.000385519,2.91642e-05,0.00114601,0.000989323,-0.000229601,0.000468661,-0.000461847,0.00317062,-3.46297e-05,-0.00138652,0.00116728,0.000232565,-0.00273519,-0.000257582,0.00422055,0.000134734,-0.00148285,0.000927884,-0.00103063,-0.000429829,0.00156044,-0.00329899,-4.88858e-05,0.0298807,0.000611924,1.95778e-05,-0.00139281,0.000627253,0.00404743,8.4331e-05,2.04664e-05,0.027442,-0.000310964,-0.000187354,-1.8739e-05,0.000167975,6.3944e-06,-0.00042474,0.000378149,0.0465675,
0.00369422,-0.000605072,0.000586176,2.6305e-05,-0.00171328,0.000516664,-0.000258581,-0.00114967,0.000716703,0.000388603,2.93046e-05,0.00114564,0.000987144,-0.000230416,0.000468719,-0.000463569,0.00315796,-3.48413e-05,-0.00137755,0.00117161,0.000234055,-0.00274142,-0.000260446,0.00423356,0.000134936,-0.00149214,0.00093621,-0.00103165,-0.000431731,0.00156381,-0.0032927,-4.87615e-05,0.0298831,0.000602529,1.75521e-05,-0.00137698,0.000621259,0.00405584,8.4224e-05,9.48494e-06,0.0274547,-0.000308879,-0.000187789,-1.8749e-05,0.000168933,6.41465e-06,-0.000426188,0.000379561,0.0465672,
0.00370541,-0.000607923,0.000570568,2.59129e-05,-0.00171063,0.000528558,-0.000255334,-0.00115603,0.000717685,0.000392023,2.94426e-05,0.00114488,0.000985324,-0.00023116,0.000468605,-0.000464882,0.00314665,-3.50346e-05,-0.00136952,0.00117503,0.000235328,-0.00274779,-0.000263108,0.00424689,0.000135163,-0.00150155,0.000943351,-0.00103254,-0.000433293,0.00156671,-0.00328801,-4.86715e-05,0.0298856,0.000594409,1.57945e-05,-0.00136303,0.000616026,0.0040636,8.41502e-05,-7.38423e-07,0.0274658,-0.000306794,-0.0001882,-1.87663e-05,0.000169883,6.4351e-06,-0.000427509,0.000380966,0.0465668,
0.0043047,-0.000480096,-0.000343078,0.000366291,-0.00155481,0.000587412,-3.98189e-05,-0.000480096,0.000869067,-0.000645172,0.000424066,0.00132162,0.00103984,1.4089e-05,-0.000343078,-0.000645172,0.00437573,-0.000504839,-0.00157402,0.00111096,-5.63609e-05,0.000366291,0.000424066,-0.000504839,0.00194143,-0.000696969,0.00120587,9.25568e-05,-0.00155481,0.00132162,-0.00157402,-0.000696969,0.0295958,0.000495365,-0.000389901,0.000587412,0.00103984,0.00111096,0.00120587,0.000495365,0.0276348,0.000394585,-3.98189e-05,1.4089e-05,-5.63609e-05,9.25568e-05,-0.000389901,0.000394585,0.0466202,
0.00430591,-0.000483013,-0.000345659,0.00036057,-0.00155332,0.000593986,-3.99839e-05,-0.000483013,0.000870475,-0.000646825,0.000424843,0.00132293,0.0010375,1.42368e-05,-0.000345659,-0.000646825,0.00437426,-0.000505743,-0.00157152,0.00111423,-5.64327e-05,0.00036057,0.000424843,-0.000505743,0.00194056,-0.000694992,0.00120275,9.26275e-05,-0.00155332,0.00132293,-0.00157152,-0.000694992,0.0295961,0.000493208,-0.000390664,0.000593986,0.0010375,0.00111423,0.00120275,0.000493208,0.0276379,0.000395585,-3.99839e-05,1.42368e-05,-5.64327e-05,9.26275e-05,-0.000390664,0.000395585,0.0466199,
0.00430712,-0.000485382,-0.000347953,0.000355204,-0.00155223,0.000599583,-4.01227e-05,-0.000485382,0.000871582,-0.000648015,0.000425556,0.00132391,0.00103565,1.43637e-05,-0.000347953,-0.000648015,0.00437317,-0.000506405,-0.00156963,0.00111659,-5.64767e-05,0.000355204,0.000425556,-0.000506405,0.00193977,-0.000693305,0.00119996,9.26877e-05,-0.00155223,0.00132391,-0.00156963,-0.000693305,0.029596,0.00049145,-0.000391244,0.000599583,0.00103565,0.00111659,0.00119996,0.00049145,0.0276403,0.000396638,-4.01227e-05,1.43637e-05,-5.64767e-05,9.26877e-05,-0.000391244,0.000396638,0.0466197,
0.00430829,-0.000487362,-0.000350009,0.000350214,-0.00155143,0.000604423,-4.02339e-05,-0.000487362,0.000872482,-0.000648908,0.000426215,0.0013247,0.00103406,1.44769e-05,-0.000350009,-0.000648908,0.00437232,-0.000506918,-0.00156818,0.00111835,-5.64943e-05,0.000350214,0.000426215,-0.000506918,0.00193908,-0.000691875,0.00119749,9.27393e-05,-0.00155143,0.0013247,-0.00156818,-0.000691875,0.0295952,0.000489854,-0.000391586,0.000604423,0.00103406,0.00111835,0.00119749,0.000489854,0.027642,0.000397729,-4.02339e-05,1.44769e-05,-5.64943e-05,9.27393e-05,-0.000391586,0.000397729,0.0466195,
0.00430938,-0.000489058,-0.000351866,0.000345595,-0.00155082,0.000608668,-4.03218e-05,-0.000489058,0.000873237,-0.000649605,0.000426825,0.00132538,0.00103265,1.45801e-05,-0.000351866,-0.000649605,0.00437163,-0.000507332,-0.00156704,0.00111969,-5.64922e-05,0.000345595,0.000426825,-0.000507332,0.00193848,-0.000690655,0.00119532,9.27836e-05,-0.00155082,0.00132538,-0.00156704,-0.000690655,0.0295939,0.000488343,-0.000391728,0.000608668,0.00103265,0.00111969,0.00119532,0.000488343,0.0276431,0.000398842,-4.03218e-05,1.45801e-05,-5.64922e-05,9.27836e-05,-0.000391728,0.000398842,0.0466192,
0.00431039,-0.000490541,-0.000353553,0.000341329,-0.00155035,0.000612439,-4.0392e-05,-0.000490541,0.000873886,-0.00065017,0.000427389,0.00132598,0.00103136,1.46755e-05,-0.000353553,-0.00065017,0.00437105,-0.000507679,-0.00156612,0.00112076,-5.64772e-05,0.000341329,0.000427389,-0.000507679,0.00193796,-0.000689603,0.00119339,9.28218e-05,-0.00155035,0.00132598,-0.00156612,-0.000689603,0.029592,0.000486897,-0.000391723,0.000612439,0.00103136,0.00112076,0.00119339,0.000486897,0.0276439,0.000399961,-4.0392e-05,1.46755e-05,-5.64772e-05,9.28218e-05,-0.000391723,0.000399961,0.046619,
0.00431131,-0.000491858,-0.000355093,0.000337393,-0.00154997,0.000615825,-4.0449e-05,-0.000491858,0.000874457,-0.000650647,0.000427912,0.00132653,0.00103017,1.47646e-05,-0.000355093,-0.000650647,0.00437054,-0.00050798,-0.00156535,0.00112164,-5.64542e-05,0.000337393,0.000427912,-0.00050798,0.00193751,-0.000688683,0.00119166,9.28546e-05,-0.00154997,0.00132653,-0.00156535,-0.000688683,0.0295899,0.000485513,-0.000391619,0.000615825,0.00103017,0.00112164,0.00119166,0.000485513,0.0276444,0.000401073,-4.0449e-05,1.47646e-05,-5.64542e-05,9.28546e-05,-0.000391619,0.000401073,0.0466188,
0.00431216,-0.000493047,-0.000356508,0.00033376,-0.00154965,0.000618894,-4.04964e-05,-0.000493047,0.000874969,-0.000651062,0.000428396,0.00132704,0.00102906,1.48483e-05,-0.000356508,-0.000651062,0.00437009,-0.000508248,-0.0015647,0.00112238,-5.64271e-05,0.00033376,0.000428396,-0.000508248,0.00193711,-0.000687873,0.0011901,9.28831e-05,-0.00154965,0.00132704,-0.0015647,-0.000687873,0.0295876,0.000484192,-0.000391454,0.000618894,0.00102906,0.00112238,0.0011901,0.000484192,0.0276447,0.00040217,-4.04964e-05,1.48483e-05,-5.64271e-05,9.28831e-05,-0.000391454,0.00040217,0.0466185,
0.00431292,-0.000494131,-0.000357811,0.000330404,-0.00154937,0.0006217,-4.05365e-05,-0.000494131,0.000875435,-0.000651435,0.000428845,0.00132752,0.00102801,1.49273e-05,-0.000357811,-0.000651435,0.00436968,-0.000508491,-0.00156413,0.00112304,-5.63981e-05,0.000330404,0.000428845,-0.000508491,0.00193676,-0.000687152,0.00118867,9.29078e-05,-0.00154937,0.00132752,-0.00156413,-0.000687152,0.0295852,0.000482936,-0.000391254,0.0006217,0.00102801,0.00112304,0.00118867,0.000482936,0.0276448,0.000403246,-4.05365e-05,1.49273e-05,-5.63981e-05,9.29078e-05,-0.000391254,0.000403246,0.0466183,
0.00431362,-0.00049513,-0.000359017,0.000327301,-0.00154912,0.000624281,-4.05713e-05,-0.00049513,0.000875865,-0.000651779,0.000429261,0.00132797,0.00102703,1.50023e-05,-0.000359017,-0.000651779,0.0043693,-0.000508715,-0.00156362,0.00112364,-5.63688e-05,0.000327301,0.000429261,-0.000508715,0.00193645,-0.000686507,0.00118736,9.29293e-05,-0.00154912,0.00132797,-0.00156362,-0.000686507,0.0295828,0.000481745,-0.000391035,0.000624281,0.00102703,0.00112364,0.00118736,0.000481745,0.027645,0.000404297,-4.05713e-05,1.50023e-05,-5.63688e-05,9.29293e-05,-0.000391035,0.000404297,0.046618,
0.00431425,-0.000496058,-0.000360137,0.000324427,-0.00154889,0.00062667,-4.06019e-05,-0.000496058,0.000876266,-0.000652101,0.000429648,0.00132839,0.00102609,1.50738e-05,-0.000360137,-0.000652101,0.00436894,-0.000508926,-0.00156316,0.00112419,-5.63402e-05,0.000324427,0.000429648,-0.000508926,0.00193618,-0.000685926,0.00118615,9.29481e-05,-0.00154889,0.00132839,-0.00156316,-0.000685926,0.0295805,0.000480616,-0.000390808,0.00062667,0.00102609,0.00112419,0.00118615,0.000480616,0.027645,0.000405322,-4.06019e-05,1.50738e-05,-5.63402e-05,9.29481e-05,-0.000390808,0.000405322,0.0466178,
0.00431482,-0.000496926,-0.000361181,0.000321761,-0.00154867,0.000628894,-4.06293e-05,-0.000496926,0.000876643,-0.000652408,0.000430007,0.00132879,0.0010252,1.5142e-05,-0.000361181,-0.000652408,0.0043686,-0.000509127,-0.00156273,0.00112471,-5.63128e-05,0.000321761,0.000430007,-0.000509127,0.00193593,-0.000685401,0.00118502,9.29646e-05,-0.00154867,0.00132879,-0.00156273,-0.000685401,0.0295782,0.000479546,-0.000390582,0.000628894,0.0010252,0.00112471,0.00118502,0.000479546,0.027645,0.000406319,-4.06293e-05,1.5142e-05,-5.63128e-05,9.29646e-05,-0.000390582,0.000406319,0.0466176,
0.00431534,-0.000497742,-0.000362157,0.000319282,-0.00154846,0.000630972,-4.06541e-05,-0.000497742,0.000876999,-0.000652704,0.000430342,0.00132918,0.00102434,1.52073e-05,-0.000362157,-0.000652704,0.00436827,-0.000509318,-0.00156233,0.00112521,-5.62869e-05,0.000319282,0.000430342,-0.000509318,0.0019357,-0.000684926,0.00118395,9.29791e-05,-0.00154846,0.00132918,-0.00156233,-0.000684926,0.029576,0.000478531,-0.000390361,0.000630972,0.00102434,0.00112521,0.00118395,0.000478531,0.027645,0.000407289,-4.06541e-05,1.52073e-05,-5.62869e-05,9.29791e-05,-0.000390361,0.000407289,0.0466174,
0.00431581,-0.000498513,-0.000363072,0.000316972,-0.00154826,0.000632923,-4.06768e-05,-0.000498513,0.000877339,-0.000652992,0.000430654,0.00132955,0.00102353,1.52701e-05,-0.000363072,-0.000652992,0.00436795,-0.000509503,-0.00156195,0.00112569,-5.62625e-05,0.000316972,0.000430654,-0.000509503,0.0019355,-0.000684493,0.00118295,9.29919e-05,-0.00154826,0.00132955,-0.00156195,-0.000684493,0.0295738,0.000477566,-0.000390146,0.000632923,0.00102353,0.00112569,0.00118295,0.000477566,0.027645,0.00040823,-4.06768e-05,1.52701e-05,-5.62625e-05,9.29919e-05,-0.000390146,0.00040823,0.0466172,
0.00431624,-0.000499246,-0.000363933,0.000314815,-0.00154806,0.000634762,-4.06977e-05,-0.000499246,0.000877665,-0.000653274,0.000430946,0.00132991,0.00102274,1.53304e-05,-0.000363933,-0.000653274,0.00436765,-0.000509683,-0.00156159,0.00112615,-5.62398e-05,0.000314815,0.000430946,-0.000509683,0.00193531,-0.000684098,0.001182,9.30033e-05,-0.00154806,0.00132991,-0.00156159,-0.000684098,0.0295717,0.000476649,-0.000389939,0.000634762,0.00102274,0.00112615,0.001182,0.000476649,0.027645,0.000409145,-4.06977e-05,1.53304e-05,-5.62398e-05,9.30033e-05,-0.000389939,0.000409145,0.046617,
0.00431664,-0.000499945,-0.000364746,0.000312795,-0.00154786,0.000636501,-4.0717e-05,-0.000499945,0.000877978,-0.000653551,0.00043122,0.00133025,0.00102199,1.53886e-05,-0.000364746,-0.000653551,0.00436734,-0.000509858,-0.00156124,0.00112661,-5.62185e-05,0.000312795,0.00043122,-0.000509858,0.00193514,-0.000683737,0.00118109,9.30134e-05,-0.00154786,0.00133025,-0.00156124,-0.000683737,0.0295697,0.000475773,-0.00038974,0.000636501,0.00102199,0.00112661,0.00118109,0.000475773,0.027645,0.000410033,-4.0717e-05,1.53886e-05,-5.62185e-05,9.30134e-05,-0.00038974,0.000410033,0.0466168,
0.00431699,-0.000500614,-0.000365516,0.000310899,-0.00154767,0.000638152,-4.07349e-05,-0.000500614,0.00087828,-0.000653824,0.000431478,0.00133059,0.00102126,1.54449e-05,-0.000365516,-0.000653824,0.00436705,-0.000510029,-0.00156091,0.00112706,-5.61986e-05,0.000310899,0.000431478,-0.000510029,0.00193498,-0.000683405,0.00118023,9.30225e-05,-0.00154767,0.00133059,-0.00156091,-0.000683405,0.0295677,0.000474935,-0.000389549,0.000638152,0.00102126,0.00112706,0.00118023,0.000474935,0.027645,0.000410896,-4.07349e-05,1.54449e-05,-5.61986e-05,9.30225e-05,-0.000389549,0.000410896,0.0466166,
0.00431732,-0.000501257,-0.000366247,0.000309114,-0.00154748,0.000639724,-4.07517e-05,-0.000501257,0.000878572,-0.000654094,0.000431721,0.00133091,0.00102055,1.54993e-05,-0.000366247,-0.000654094,0.00436676,-0.000510197,-0.00156059,0.00112751,-5.61801e-05,0.000309114,0.000431721,-0.000510197,0.00193483,-0.000683101,0.0011794,9.30307e-05,-0.00154748,0.00133091,-0.00156059,-0.000683101,0.0295658,0.000474132,-0.000389365,0.000639724,0.00102055,0.00112751,0.0011794,0.000474132,0.027645,0.000411735,-4.07517e-05,1.54993e-05,-5.61801e-05,9.30307e-05,-0.000389365,0.000411735,0.0466164,
0.00431762,-0.000501876,-0.000366943,0.000307429,-0.00154728,0.000641226,-4.07674e-05,-0.000501876,0.000878856,-0.000654362,0.00043195,0.00133123,0.00101986,1.55521e-05,-0.000366943,-0.000654362,0.00436647,-0.000510363,-0.00156028,0.00112795,-5.61626e-05,0.000307429,0.00043195,-0.000510363,0.0019347,-0.00068282,0.0011786,9.30381e-05,-0.00154728,0.00133123,-0.00156028,-0.00068282,0.029564,0.000473359,-0.000389189,0.000641226,0.00101986,0.00112795,0.0011786,0.000473359,0.027645,0.00041255,-4.07674e-05,1.55521e-05,-5.61626e-05,9.30381e-05,-0.000389189,0.00041255,0.0466162,
0.00431789,-0.000502474,-0.000367608,0.000305834,-0.00154709,0.000642665,-4.07822e-05,-0.000502474,0.000879132,-0.000654628,0.000432168,0.00133154,0.0010192,1.56034e-05,-0.000367608,-0.000654628,0.00436619,-0.000510525,-0.00155998,0.00112839,-5.61463e-05,0.000305834,0.000432168,-0.000510525,0.00193457,-0.000682561,0.00117783,9.30448e-05,-0.00154709,0.00133154,-0.00155998,-0.000682561,0.0295622,0.000472614,-0.000389019,0.000642665,0.0010192,0.00112839,0.00117783,0.000472614,0.027645,0.000413344,-4.07822e-05,1.56034e-05,-5.61463e-05,9.30448e-05,-0.000389019,0.000413344,0.046616,
0.00431814,-0.000503053,-0.000368245,0.000304319,-0.0015469,0.000644047,-4.0796e-05,-0.000503053,0.000879402,-0.000654892,0.000432375,0.00133184,0.00101854,1.56532e-05,-0.000368245,-0.000654892,0.00436592,-0.000510686,-0.00155968,0.00112882,-5.61308e-05,0.000304319,0.000432375,-0.000510686,0.00193445,-0.00068232,0.00117709,9.3051e-05,-0.0015469,0.00133184,-0.00155968,-0.00068232,0.0295604,0.000471894,-0.000388855,0.000644047,0.00101854,0.00112882,0.00117709,0.000471894,0.027645,0.000414116,-4.0796e-05,1.56532e-05,-5.61308e-05,9.3051e-05,-0.000388855,0.000414116,0.0466159,
0.00431838,-0.000503616,-0.000368857,0.000302877,-0.00154671,0.00064538,-4.08091e-05,-0.000503616,0.000879666,-0.000655155,0.000432572,0.00133214,0.00101791,1.57019e-05,-0.000368857,-0.000655155,0.00436564,-0.000510845,-0.00155939,0.00112926,-5.61161e-05,0.000302877,0.000432572,-0.000510845,0.00193434,-0.000682097,0.00117637,9.30568e-05,-0.00154671,0.00133214,-0.00155939,-0.000682097,0.0295587,0.000471196,-0.000388695,0.00064538,0.00101791,0.00112926,0.00117637,0.000471196,0.027645,0.000414869,-4.08091e-05,1.57019e-05,-5.61161e-05,9.30568e-05,-0.000388695,0.000414869,0.0466157,
0.00431859,-0.000504164,-0.000369447,0.0003015,-0.00154652,0.000646668,-4.08214e-05,-0.000504164,0.000879925,-0.000655416,0.00043276,0.00133243,0.00101728,1.57493e-05,-0.000369447,-0.000655416,0.00436537,-0.000511003,-0.00155911,0.00112969,-5.61022e-05,0.0003015,0.00043276,-0.000511003,0.00193424,-0.000681889,0.00117568,9.30621e-05,-0.00154652,0.00133243,-0.00155911,-0.000681889,0.0295571,0.000470517,-0.00038854,0.000646668,0.00101728,0.00112969,0.00117568,0.000470517,0.027645,0.000415603,-4.08214e-05,1.57493e-05,-5.61022e-05,9.30621e-05,-0.00038854,0.000415603,0.0466155,
0.00431879,-0.000504698,-0.000370017,0.000300181,-0.00154633,0.000647915,-4.0833e-05,-0.000504698,0.00088018,-0.000655677,0.000432941,0.00133272,0.00101667,1.57957e-05,-0.000370017,-0.000655677,0.0043651,-0.000511159,-0.00155883,0.00113011,-5.60888e-05,0.000300181,0.000432941,-0.000511159,0.00193414,-0.000681694,0.001175,9.30671e-05,-0.00154633,0.00133272,-0.00155883,-0.000681694,0.0295555,0.000469855,-0.000388388,0.000647915,0.00101667,0.00113011,0.001175,0.000469855,0.027645,0.000416319,-4.0833e-05,1.57957e-05,-5.60888e-05,9.30671e-05,-0.000388388,0.000416319,0.0466154,
0.00431897,-0.000505221,-0.000370569,0.000298915,-0.00154614,0.000649126,-4.0844e-05,-0.000505221,0.00088043,-0.000655936,0.000433114,0.001333,0.00101607,1.58411e-05,-0.000370569,-0.000655936,0.00436483,-0.000511313,-0.00155855,0.00113054,-5.6076e-05,0.000298915,0.000433114,-0.000511313,0.00193405,-0.000681512,0.00117433,9.30719e-05,-0.00154614,0.001333,-0.00155855,-0.000681512,0.0295539,0.000469209,-0.00038824,0.000649126,0.00101607,0.00113054,0.00117433,0.000469209,0.027645,0.000417018,-4.0844e-05,1.58411e-05,-5.6076e-05,9.30719e-05,-0.00038824,0.000417018,0.0466152,
0.00431915,-0.000505733,-0.000371104,0.000297695,-0.00154595,0.000650305,-4.08544e-05,-0.000505733,0.000880676,-0.000656195,0.000433281,0.00133328,0.00101548,1.58856e-05,-0.000371104,-0.000656195,0.00436457,-0.000511467,-0.00155828,0.00113097,-5.60636e-05,0.000297695,0.000433281,-0.000511467,0.00193396,-0.000681341,0.00117369,9.30764e-05,-0.00154595,0.00133328,-0.00155828,-0.000681341,0.0295523,0.000468577,-0.000388095,0.000650305,0.00101548,0.00113097,0.00117369,0.000468577,0.027645,0.000417702,-4.08544e-05,1.58856e-05,-5.60636e-05,9.30764e-05,-0.000388095,0.000417702,0.046615,
0.00431931,-0.000506236,-0.000371626,0.000296517,-0.00154576,0.000651455,-4.08642e-05,-0.000506236,0.00088092,-0.000656453,0.000433443,0.00133355,0.00101489,1.59293e-05,-0.000371626,-0.000656453,0.0043643,-0.00051162,-0.00155801,0.00113139,-5.60516e-05,0.000296517,0.000433443,-0.00051162,0.00193388,-0.000681179,0.00117305,9.30807e-05,-0.00154576,0.00133355,-0.00155801,-0.000681179,0.0295508,0.000467956,-0.000387952,0.000651455,0.00101489,0.00113139,0.00117305,0.000467956,0.027645,0.00041837,-4.08642e-05,1.59293e-05,-5.60516e-05,9.30807e-05,-0.000387952,0.00041837,0.0466149,
0.00431946,-0.00050673,-0.000372135,0.000295377,-0.00154557,0.00065258,-4.08735e-05,-0.00050673,0.00088116,-0.00065671,0.0004336,0.00133382,0.00101432,1.59722e-05,-0.000372135,-0.00065671,0.00436404,-0.000511772,-0.00155775,0.00113181,-5.60399e-05,0.000295377,0.0004336,-0.000511772,0.0019338,-0.000681027,0.00117243,9.3085e-05,-0.00154557,0.00133382,-0.00155775,-0.000681027,0.0295493,0.000467347,-0.00038781,0.00065258,0.00101432,0.00113181,0.00117243,0.000467347,0.027645,0.000419025,-4.08735e-05,1.59722e-05,-5.60399e-05,9.3085e-05,-0.00038781,0.000419025,0.0466147,
0.0043196,-0.000507216,-0.000372632,0.000294271,-0.00154538,0.000653681,-4.08824e-05,-0.000507216,0.000881398,-0.000656967,0.000433752,0.00133409,0.00101375,1.60144e-05,-0.000372632,-0.000656967,0.00436378,-0.000511923,-0.00155748,0.00113223,-5.60285e-05,0.000294271,0.000433752,-0.000511923,0.00193372,-0.000680882,0.00117181,9.30891e-05,-0.00154538,0.00133409,-0.00155748,-0.000680882,0.0295478,0.000466746,-0.000387671,0.000653681,0.00101375,0.00113223,0.00117181,0.000466746,0.027645,0.000419666,-4.08824e-05,1.60144e-05,-5.60285e-05,9.30891e-05,-0.000387671,0.000419666,0.0466146,
0.00431973,-0.000507696,-0.000373119,0.000293194,-0.00154519,0.000654761,-4.08908e-05,-0.000507696,0.000881634,-0.000657224,0.0004339,0.00133436,0.00101319,1.6056e-05,-0.000373119,-0.000657224,0.00436352,-0.000512073,-0.00155722,0.00113265,-5.60173e-05,0.000293194,0.0004339,-0.000512073,0.00193364,-0.000680744,0.00117121,9.30932e-05,-0.00154519,0.00133436,-0.00155722,-0.000680744,0.0295463,0.000466154,-0.000387532,0.000654761,0.00101319,0.00113265,0.00117121,0.000466154,0.0276451,0.000420295,-4.08908e-05,1.6056e-05,-5.60173e-05,9.30932e-05,-0.000387532,0.000420295,0.0466145,
0.00431986,-0.00050817,-0.000373597,0.000292145,-0.001545,0.000655823,-4.08988e-05,-0.00050817,0.000881868,-0.00065748,0.000434045,0.00133463,0.00101263,1.6097e-05,-0.000373597,-0.00065748,0.00436326,-0.000512223,-0.00155696,0.00113307,-5.60063e-05,0.000292145,0.000434045,-0.000512223,0.00193357,-0.000680612,0.00117062,9.30972e-05,-0.001545,0.00133463,-0.00155696,-0.000680612,0.0295449,0.00046557,-0.000387395,0.000655823,0.00101263,0.00113307,0.00117062,0.00046557,0.0276451,0.000420912,-4.08988e-05,1.6097e-05,-5.60063e-05,9.30972e-05,-0.000387395,0.000420912,0.0466143,
0.00431998,-0.000508638,-0.000374067,0.000291119,-0.00154481,0.000656868,-4.09064e-05,-0.000508638,0.0008821,-0.000657735,0.000434187,0.00133489,0.00101208,1.61375e-05,-0.000374067,-0.000657735,0.004363,-0.000512372,-0.0015567,0.00113349,-5.59954e-05,0.000291119,0.000434187,-0.000512372,0.0019335,-0.000680486,0.00117003,9.31011e-05,-0.00154481,0.00133489,-0.0015567,-0.000680486,0.0295435,0.000464991,-0.000387258,0.000656868,0.00101208,0.00113349,0.00117003,0.000464991,0.0276451,0.000421518,-4.09064e-05,1.61375e-05,-5.59954e-05,9.31011e-05,-0.000387258,0.000421518,0.0466142,
0.00432009,-0.000509102,-0.00037453,0.000290115,-0.00154462,0.000657899,-4.09137e-05,-0.000509102,0.00088233,-0.000657991,0.000434326,0.00133515,0.00101153,1.61774e-05,-0.00037453,-0.000657991,0.00436274,-0.00051252,-0.00155644,0.00113391,-5.59846e-05,0.000290115,0.000434326,-0.00051252,0.00193344,-0.000680365,0.00116945,9.31051e-05,-0.00154462,0.00133515,-0.00155644,-0.000680365,0.0295421,0.000464419,-0.000387122,0.000657899,0.00101153,0.00113391,0.00116945,0.000464419,0.0276451,0.000422114,-4.09137e-05,1.61774e-05,-5.59846e-05,9.31051e-05,-0.000387122,0.000422114,0.046614,
0.0043202,-0.000509561,-0.000374987,0.000289129,-0.00154442,0.000658917,-4.09206e-05,-0.000509561,0.000882559,-0.000658246,0.000434462,0.00133542,0.00101098,1.6217e-05,-0.000374987,-0.000658246,0.00436248,-0.000512668,-0.00155619,0.00113433,-5.59739e-05,0.000289129,0.000434462,-0.000512668,0.00193337,-0.000680248,0.00116887,9.31091e-05,-0.00154442,0.00133542,-0.00155619,-0.000680248,0.0295407,0.000463851,-0.000386987,0.000658917,0.00101098,0.00113433,0.00116887,0.000463851,0.0276451,0.0004227,-4.09206e-05,1.6217e-05,-5.59739e-05,9.31091e-05,-0.000386987,0.0004227,0.0466139,
0.0043203,-0.000510016,-0.000375438,0.000288161,-0.00154423,0.000659923,-4.09272e-05,-0.000510016,0.000882787,-0.0006585,0.000434596,0.00133568,0.00101044,1.62561e-05,-0.000375438,-0.0006585,0.00436222,-0.000512816,-0.00155593,0.00113475,-5.59633e-05,0.000288161,0.000434596,-0.000512816,0.00193331,-0.000680135,0.0011683,9.31131e-05,-0.00154423,0.00133568,-0.00155593,-0.000680135,0.0295393,0.000463287,-0.000386851,0.000659923,0.00101044,0.00113475,0.0011683,0.000463287,0.0276452,0.000423277,-4.09272e-05,1.62561e-05,-5.59633e-05,9.31131e-05,-0.000386851,0.000423278,0.0466138,
0.0043204,-0.000510469,-0.000375884,0.000287208,-0.00154404,0.000660918,-4.09335e-05,-0.000510469,0.000883014,-0.000658755,0.000434729,0.00133593,0.0010099,1.62948e-05,-0.000375884,-0.000658755,0.00436197,-0.000512963,-0.00155568,0.00113516,-5.59527e-05,0.000287208,0.000434729,-0.000512963,0.00193325,-0.000680026,0.00116774,9.31171e-05,-0.00154404,0.00133593,-0.00155568,-0.000680026,0.0295379,0.000462728,-0.000386716,0.000660918,0.0010099,0.00113516,0.00116774,0.000462728,0.0276452,0.000423846,-4.09335e-05,1.62948e-05,-5.59527e-05,9.31171e-05,-0.000386716,0.000423846,0.0466136,
0.00432049,-0.000510918,-0.000376326,0.000286268,-0.00154385,0.000661904,-4.09396e-05,-0.000510918,0.00088324,-0.000659009,0.000434859,0.00133619,0.00100936,1.63332e-05,-0.000376326,-0.000659009,0.00436171,-0.00051311,-0.00155543,0.00113558,-5.59422e-05,0.000286268,0.000434859,-0.00051311,0.00193319,-0.00067992,0.00116717,9.31212e-05,-0.00154385,0.00133619,-0.00155543,-0.00067992,0.0295365,0.000462171,-0.000386581,0.000661904,0.00100936,0.00113558,0.00116717,0.000462171,0.0276452,0.000424407,-4.09396e-05,1.63331e-05,-5.59422e-05,9.31212e-05,-0.000386581,0.000424407,0.0466135,
0.00432058,-0.000511364,-0.000376764,0.00028534,-0.00154365,0.000662882,-4.09454e-05,-0.000511364,0.000883466,-0.000659263,0.000434989,0.00133645,0.00100883,1.63712e-05,-0.000376764,-0.000659263,0.00436145,-0.000513257,-0.00155517,0.001136,-5.59316e-05,0.00028534,0.000434989,-0.000513257,0.00193313,-0.000679816,0.00116662,9.31253e-05,-0.00154365,0.00133645,-0.00155517,-0.000679816,0.0295352,0.000461617,-0.000386446,0.000662882,0.00100883,0.001136,0.00116662,0.000461617,0.0276452,0.000424961,-4.09454e-05,1.63712e-05,-5.59316e-05,9.31253e-05,-0.000386446,0.000424961,0.0466134,
0.00432067,-0.000511808,-0.000377199,0.000284422,-0.00154346,0.000663853,-4.09509e-05,-0.000511808,0.000883691,-0.000659517,0.000435117,0.0013367,0.00100829,1.6409e-05,-0.000377199,-0.000659517,0.0043612,-0.000513403,-0.00155492,0.00113641,-5.5921e-05,0.000284422,0.000435117,-0.000513403,0.00193307,-0.000679715,0.00116606,9.31294e-05,-0.00154346,0.0013367,-0.00155492,-0.000679715,0.0295338,0.000461065,-0.00038631,0.000663853,0.00100829,0.00113641,0.00116606,0.000461065,0.0276452,0.000425508,-4.09509e-05,1.6409e-05,-5.5921e-05,9.31294e-05,-0.00038631,0.000425508,0.0466132,
0.00432075,-0.00051225,-0.000377631,0.000283513,-0.00154326,0.000664818,-4.09563e-05,-0.00051225,0.000883915,-0.000659771,0.000435244,0.00133696,0.00100776,1.64465e-05,-0.000377631,-0.000659771,0.00436094,-0.000513549,-0.00155467,0.00113683,-5.59105e-05,0.000283513,0.000435244,-0.000513549,0.00193301,-0.000679617,0.00116551,9.31336e-05,-0.00154326,0.00133696,-0.00155467,-0.000679617,0.0295325,0.000460516,-0.000386175,0.000664818,0.00100776,0.00113683,0.00116551,0.000460516,0.0276453,0.000426048,-4.09563e-05,1.64465e-05,-5.59105e-05,9.31336e-05,-0.000386175,0.000426048,0.0466131,
0.00432083,-0.00051269,-0.00037806,0.000282612,-0.00154307,0.000665776,-4.09614e-05,-0.00051269,0.000884139,-0.000660025,0.00043537,0.00133721,0.00100723,1.64837e-05,-0.00037806,-0.000660025,0.00436069,-0.000513695,-0.00155442,0.00113724,-5.58999e-05,0.000282612,0.00043537,-0.000513695,0.00193296,-0.00067952,0.00116496,9.31379e-05,-0.00154307,0.00133721,-0.00155442,-0.00067952,0.0295311,0.000459968,-0.000386039,0.000665776,0.00100723,0.00113724,0.00116496,0.000459968,0.0276453,0.000426582,-4.09614e-05,1.64837e-05,-5.58999e-05,9.31379e-05,-0.000386039,0.000426582,0.046613,
