0.00177043,-0.000159226,-0.00148049,-0.000819839,0.000912637,0.000746785,-1.62201e-05,-0.000159226,0.00128587,-0.000718573,0.00113913,0.00047129,0.000474359,4.57165e-05,-0.00148049,-0.000718573,0.00374487,-2.32121e-06,-0.000171862,0.00171945,-8.9436e-05,-0.000819839,0.00113913,-2.32121e-06,0.00285929,0.0011077,-0.000266505,-4.15373e-05,0.000912637,0.00047129,-0.000171862,0.0011077,0.0342968,0.00164154,-0.00206304,0.000746785,0.000474359,0.00171945,-0.000266505,0.00164154,0.0290021,-0.000374138,-1.62201e-05,4.57165e-05,-8.9436e-05,-4.15373e-05,-0.00206304,-0.000374138,0.0467371,
0.00176946,-0.000158793,-0.00148036,-0.000819668,0.000912752,0.000746032,-1.61588e-05,-0.000158793,0.00128588,-0.000718692,0.00113904,0.000471242,0.000474325,4.56957e-05,-0.00148036,-0.000718692,0.00374456,-2.01329e-06,-0.000171954,0.00171998,-8.94256e-05,-0.000819668,0.00113904,-2.0133e-06,0.00285941,0.00110723,-0.00026628,-4.15534e-05,0.000912752,0.000471242,-0.000171954,0.00110723,0.0342975,0.00164184,-0.00206301,0.000746032,0.000474325,0.00171998,-0.00026628,0.00164184,0.029002,-0.000374101,-1.61588e-05,4.56957e-05,-8.94256e-05,-4.15534e-05,-0.00206301,-0.000374101,0.0467371,
0.0017686,-0.000158405,-0.00148025,-0.000819513,0.000912839,0.000745415,-1.61043e-05,-0.000158405,0.00128589,-0.000718787,0.00113897,0.000471221,0.000474278,4.56739e-05,-0.00148025,-0.000718787,0.00374429,-1.75043e-06,-0.000172032,0.00172047,-8.94162e-05,-0.000819513,0.00113897,-1.75043e-06,0.00285951,0.00110667,-0.000266126,-4.15489e-05,0.000912839,0.000471221,-0.000172032,0.00110667,0.0342983,0.00164224,-0.00206295,0.000745415,0.000474278,0.00172047,-0.000266126,0.00164224,0.0290021,-0.000374052,-1.61043e-05,4.56739e-05,-8.94162e-05,-4.15489e-05,-0.00206295,-0.000374052,0.0467371,
0.00176783,-0.000158058,-0.00148015,-0.000819371,0.000912909,0.000744893,-1.6056e-05,-0.000158058,0.00128589,-0.000718865,0.00113891,0.00047121,0.00047423,4.56529e-05,-0.00148015,-0.000718865,0.00374405,-1.52183e-06,-0.000172102,0.00172092,-8.94085e-05,-0.000819371,0.00113891,-1.52182e-06,0.0028596,0.00110612,-0.000266004,-4.15337e-05,0.000912909,0.00047121,-0.000172102,0.00110612,0.0342991,0.00164266,-0.00206288,0.000744893,0.00047423,0.00172092,-0.000266004,0.00164266,0.0290023,-0.000373988,-1.6056e-05,4.56529e-05,-8.94085e-05,-4.15337e-05,-0.00206288,-0.000373988,0.0467371,
0.00176714,-0.000157748,-0.00148007,-0.00081924,0.00091297,0.000744442,-1.60135e-05,-0.000157748,0.00128588,-0.000718929,0.00113885,0.000471202,0.000474184,4.56334e-05,-0.00148007,-0.000718929,0.00374383,-1.32138e-06,-0.000172165,0.00172133,-8.94024e-05,-0.00081924,0.00113885,-1.32138e-06,0.00285968,0.00110559,-0.000265905,-4.15121e-05,0.00091297,0.000471202,-0.000172165,0.00110559,0.0342999,0.00164309,-0.00206281,0.000744442,0.000474184,0.00172133,-0.000265905,0.00164309,0.0290025,-0.000373911,-1.60135e-05,4.56334e-05,-8.94024e-05,-4.1512e-05,-0.00206281,-0.000373911,0.0467371,
0.00176653,-0.00015747,-0.00148,-0.000819122,0.000913023,0.000744051,-1.59762e-05,-0.00015747,0.00128588,-0.000718982,0.00113881,0.000471196,0.000474141,4.56153e-05,-0.00148,-0.000718982,0.00374365,-1.14492e-06,-0.000172223,0.0017217,-8.9398e-05,-0.000819122,0.00113881,-1.14492e-06,0.00285976,0.0011051,-0.000265824,-4.14861e-05,0.000913023,0.000471196,-0.000172223,0.0011051,0.0343006,0.0016435,-0.00206273,0.000744051,0.000474141,0.0017217,-0.000265824,0.0016435,0.0290027,-0.000373821,-1.59762e-05,4.56153e-05,-8.9398e-05,-4.14861e-05,-0.00206273,-0.000373821,0.0467371,
0.00176598,-0.000157221,-0.00147993,-0.000819013,0.000913071,0.000743708,-1.59434e-05,-0.000157221,0.00128587,-0.000719025,0.00113878,0.000471191,0.000474104,4.55988e-05,-0.00147993,-0.000719025,0.00374348,-9.89191e-07,-0.000172275,0.00172203,-8.9395e-05,-0.000819013,0.00113878,-9.89191e-07,0.00285984,0.00110465,-0.000265758,-4.14571e-05,0.000913071,0.000471191,-0.000172275,0.00110465,0.0343013,0.00164389,-0.00206266,0.000743708,0.000474104,0.00172203,-0.000265758,0.00164389,0.0290029,-0.000373719,-1.59434e-05,4.55988e-05,-8.9395e-05,-4.14571e-05,-0.00206266,-0.000373719,0.0467371,
0.00176548,-0.000156997,-0.00147988,-0.000818914,0.000913114,0.000743407,-1.59148e-05,-0.000156997,0.00128586,-0.00071906,0.00113875,0.000471187,0.00047407,4.55836e-05,-0.00147988,-0.00071906,0.00374334,-8.51536e-07,-0.000172322,0.00172233,-8.93934e-05,-0.000818914,0.00113875,-8.51536e-07,0.00285991,0.00110424,-0.000265705,-4.14258e-05,0.000913114,0.000471187,-0.000172322,0.00110424,0.0343019,0.00164427,-0.00206259,0.000743407,0.00047407,0.00172233,-0.000265705,0.00164427,0.0290031,-0.000373607,-1.59148e-05,4.55836e-05,-8.93934e-05,-4.14258e-05,-0.00206259,-0.000373607,0.0467372,
0.00176504,-0.000156797,-0.00147983,-0.000818824,0.000913153,0.000743143,-1.58899e-05,-0.000156797,0.00128586,-0.000719089,0.00113872,0.000471183,0.000474041,4.55697e-05,-0.00147983,-0.000719089,0.00374321,-7.29675e-07,-0.000172365,0.0017226,-8.9393e-05,-0.000818824,0.00113872,-7.29677e-07,0.00285997,0.00110386,-0.000265662,-4.13926e-05,0.000913153,0.000471183,-0.000172365,0.00110386,0.0343025,0.00164463,-0.00206252,0.000743143,0.000474041,0.0017226,-0.000265662,0.00164463,0.0290033,-0.000373486,-1.58899e-05,4.55697e-05,-8.93931e-05,-4.13926e-05,-0.00206252,-0.000373486,0.0467372,
0.00176464,-0.000156617,-0.00147978,-0.000818741,0.000913188,0.00074291,-1.58682e-05,-0.000156617,0.00128585,-0.000719112,0.0011387,0.000471179,0.000474015,4.5557e-05,-0.00147978,-0.000719112,0.00374309,-6.21657e-07,-0.000172405,0.00172285,-8.93937e-05,-0.000818741,0.0011387,-6.21659e-07,0.00286003,0.00110351,-0.000265628,-4.1358e-05,0.000913188,0.000471179,-0.000172405,0.00110351,0.034303,0.00164498,-0.00206245,0.00074291,0.000474015,0.00172285,-0.000265628,0.00164498,0.0290035,-0.000373357,-1.58682e-05,4.5557e-05,-8.93937e-05,-4.1358e-05,-0.00206245,-0.000373357,0.0467372,
0.00176427,-0.000156455,-0.00147974,-0.000818666,0.00091322,0.000742704,-1.58494e-05,-0.000156455,0.00128584,-0.000719131,0.00113869,0.000471176,0.000473992,4.55454e-05,-0.00147974,-0.000719131,0.003743,-5.25785e-07,-0.000172441,0.00172306,-8.93953e-05,-0.000818666,0.00113869,-5.25784e-07,0.00286009,0.00110319,-0.000265602,-4.13223e-05,0.00091322,0.000471176,-0.000172441,0.00110319,0.0343035,0.00164531,-0.00206238,0.000742704,0.000473992,0.00172306,-0.000265602,0.00164531,0.0290036,-0.00037322,-1.58494e-05,4.55454e-05,-8.93953e-05,-4.13223e-05,-0.00206238,-0.00037322,0.0467373,
0.00176395,-0.000156309,-0.0014797,-0.000818597,0.000913248,0.000742522,-1.58331e-05,-0.000156309,0.00128583,-0.000719146,0.00113867,0.000471173,0.000473972,4.55348e-05,-0.0014797,-0.000719146,0.00374291,-4.40578e-07,-0.000172473,0.00172326,-8.93976e-05,-0.000818597,0.00113867,-4.40578e-07,0.00286014,0.0011029,-0.000265582,-4.12856e-05,0.000913248,0.000471173,-0.000172473,0.0011029,0.0343039,0.00164563,-0.00206232,0.000742522,0.000473972,0.00172326,-0.000265582,0.00164563,0.0290038,-0.000373078,-1.58331e-05,4.55348e-05,-8.93976e-05,-4.12856e-05,-0.00206232,-0.000373078,0.0467373,
0.00176366,-0.000156178,-0.00147967,-0.000818535,0.000913274,0.000742362,-1.58192e-05,-0.000156178,0.00128582,-0.000719158,0.00113866,0.00047117,0.000473954,4.55251e-05,-0.00147967,-0.000719158,0.00374283,-3.64748e-07,-0.000172504,0.00172344,-8.94007e-05,-0.000818535,0.00113866,-3.64748e-07,0.00286019,0.00110264,-0.000265567,-4.12483e-05,0.000913274,0.00047117,-0.000172504,0.00110264,0.0343043,0.00164593,-0.00206225,0.000742362,0.000473954,0.00172344,-0.000265567,0.00164593,0.0290039,-0.000372929,-1.58192e-05,4.55251e-05,-8.94007e-05,-4.12483e-05,-0.00206225,-0.000372929,0.0467373,
0.00176339,-0.00015606,-0.00147964,-0.000818477,0.000913298,0.000742219,-1.58073e-05,-0.00015606,0.00128581,-0.000719167,0.00113865,0.000471167,0.000473939,4.55163e-05,-0.00147964,-0.000719167,0.00374276,-2.97166e-07,-0.000172532,0.0017236,-8.94043e-05,-0.000818477,0.00113865,-2.97167e-07,0.00286023,0.0011024,-0.000265556,-4.12103e-05,0.000913298,0.000471167,-0.000172532,0.0011024,0.0343047,0.00164622,-0.00206219,0.000742219,0.000473939,0.0017236,-0.000265556,0.00164622,0.029004,-0.000372776,-1.58073e-05,4.55163e-05,-8.94043e-05,-4.12103e-05,-0.00206219,-0.000372776,0.0467374,
0.00176315,-0.000155953,-0.00147962,-0.000818425,0.000913319,0.000742093,-1.57972e-05,-0.000155953,0.0012858,-0.000719174,0.00113864,0.000471165,0.000473925,4.55082e-05,-0.00147962,-0.000719174,0.0037427,-2.36846e-07,-0.000172557,0.00172375,-8.94085e-05,-0.000818425,0.00113864,-2.36846e-07,0.00286027,0.00110218,-0.000265548,-4.1172e-05,0.000913319,0.000471165,-0.000172557,0.00110218,0.034305,0.0016465,-0.00206213,0.000742093,0.000473925,0.00172375,-0.000265548,0.0016465,0.0290041,-0.000372618,-1.57972e-05,4.55082e-05,-8.94085e-05,-4.1172e-05,-0.00206213,-0.000372618,0.0467374,
0.00176294,-0.000155857,-0.00147959,-0.000818378,0.000913339,0.000741981,-1.57887e-05,-0.000155857,0.00128579,-0.000719179,0.00113864,0.000471163,0.000473914,4.55007e-05,-0.00147959,-0.000719179,0.00374265,-1.82924e-07,-0.000172581,0.00172388,-8.94132e-05,-0.000818378,0.00113864,-1.82924e-07,0.00286031,0.00110198,-0.000265544,-4.11333e-05,0.000913339,0.000471163,-0.000172581,0.00110198,0.0343053,0.00164677,-0.00206207,0.000741981,0.000473914,0.00172388,-0.000265544,0.00164677,0.0290042,-0.000372456,-1.57887e-05,4.55007e-05,-8.94132e-05,-4.11333e-05,-0.00206207,-0.000372456,0.0467375,
0.00176274,-0.00015577,-0.00147957,-0.000818334,0.000913356,0.000741881,-1.57817e-05,-0.00015577,0.00128578,-0.000719183,0.00113863,0.00047116,0.000473903,4.5494e-05,-0.00147957,-0.000719183,0.0037426,-1.34641e-07,-0.000172603,0.00172401,-8.94183e-05,-0.000818334,0.00113863,-1.34641e-07,0.00286035,0.0011018,-0.000265541,-4.10943e-05,0.000913356,0.00047116,-0.000172603,0.0011018,0.0343056,0.00164703,-0.00206201,0.000741881,0.000473903,0.00172401,-0.000265541,0.00164703,0.0290043,-0.000372291,-1.57817e-05,4.5494e-05,-8.94183e-05,-4.10943e-05,-0.00206201,-0.000372291,0.0467375,
0.00176256,-0.000155691,-0.00147956,-0.000818294,0.000913372,0.000741792,-1.57759e-05,-0.000155691,0.00128577,-0.000719185,0.00113863,0.000471158,0.000473894,4.54878e-05,-0.00147956,-0.000719185,0.00374256,-9.13323e-08,-0.000172624,0.00172412,-8.94237e-05,-0.000818294,0.00113863,-9.13323e-08,0.00286038,0.00110164,-0.000265541,-4.10552e-05,0.000913372,0.000471158,-0.000172624,0.00110164,0.0343059,0.00164728,-0.00206195,0.000741792,0.000473894,0.00172412,-0.000265541,0.00164728,0.0290044,-0.000372122,-1.57759e-05,4.54878e-05,-8.94237e-05,-4.10552e-05,-0.00206195,-0.000372122,0.0467376,
0.0017624,-0.00015562,-0.00147954,-0.000818258,0.000913386,0.000741713,-1.57714e-05,-0.00015562,0.00128576,-0.000719187,0.00113862,0.000471156,0.000473886,4.54821e-05,-0.00147954,-0.000719187,0.00374252,-5.2416e-08,-0.000172643,0.00172422,-8.94294e-05,-0.000818258,0.00113862,-5.24164e-08,0.00286041,0.00110149,-0.000265541,-4.1016e-05,0.000913386,0.000471156,-0.000172643,0.00110149,0.0343061,0.00164753,-0.00206189,0.000741713,0.000473886,0.00172422,-0.000265541,0.00164753,0.0290045,-0.00037195,-1.57714e-05,4.54821e-05,-8.94294e-05,-4.1016e-05,-0.00206189,-0.00037195,0.0467376,
0.00176226,-0.000155555,-0.00147952,-0.000818224,0.000913399,0.000741642,-1.57678e-05,-0.000155555,0.00128575,-0.000719188,0.00113862,0.000471154,0.000473879,4.54769e-05,-0.00147952,-0.000719188,0.00374248,-1.73798e-08,-0.000172661,0.00172431,-8.94355e-05,-0.000818224,0.00113862,-1.73802e-08,0.00286044,0.00110135,-0.000265543,-4.09766e-05,0.000913399,0.000471154,-0.000172661,0.00110135,0.0343064,0.00164776,-0.00206183,0.000741642,0.000473879,0.00172431,-0.000265543,0.00164776,0.0290045,-0.000371776,-1.57678e-05,4.54769e-05,-8.94355e-05,-4.09766e-05,-0.00206183,-0.000371776,0.0467376,
0.00176212,-0.000155497,-0.00147951,-0.000818194,0.00091341,0.000741578,-1.57652e-05,-0.000155497,0.00128574,-0.000719188,0.00113862,0.000471152,0.000473873,4.54721e-05,-0.00147951,-0.000719188,0.00374245,1.42278e-08,-0.000172678,0.00172439,-8.94418e-05,-0.000818194,0.00113862,1.42273e-08,0.00286046,0.00110123,-0.000265546,-4.09373e-05,0.00091341,0.000471152,-0.000172678,0.00110123,0.0343066,0.00164799,-0.00206177,0.000741578,0.000473873,0.00172439,-0.000265546,0.00164799,0.0290046,-0.000371599,-1.57652e-05,4.54721e-05,-8.94418e-05,-4.09373e-05,-0.00206177,-0.000371599,0.0467377,
0.001762,-0.000155443,-0.0014795,-0.000818166,0.00091342,0.000741521,-1.57633e-05,-0.000155443,0.00128574,-0.000719188,0.00113862,0.00047115,0.000473868,4.54677e-05,-0.0014795,-0.000719188,0.00374243,4.28017e-08,-0.000172694,0.00172447,-8.94483e-05,-0.000818166,0.00113862,4.28021e-08,0.00286049,0.00110112,-0.000265549,-4.08979e-05,0.00091342,0.00047115,-0.000172694,0.00110112,0.0343068,0.00164822,-0.00206172,0.000741521,0.000473868,0.00172447,-0.000265549,0.00164822,0.0290046,-0.000371421,-1.57633e-05,4.54677e-05,-8.94483e-05,-4.08979e-05,-0.00206172,-0.000371421,0.0467377,
0.00176189,-0.000155394,-0.00147949,-0.00081814,0.00091343,0.000741469,-1.57623e-05,-0.000155394,0.00128573,-0.000719187,0.00113862,0.000471148,0.000473864,4.54637e-05,-0.00147949,-0.000719187,0.0037424,6.86916e-08,-0.000172709,0.00172455,-8.9455e-05,-0.00081814,0.00113862,6.86916e-08,0.00286051,0.00110102,-0.000265553,-4.08585e-05,0.00091343,0.000471148,-0.000172709,0.00110102,0.034307,0.00164843,-0.00206166,0.000741469,0.000473864,0.00172455,-0.000265553,0.00164843,0.0290046,-0.00037124,-1.57623e-05,4.54637e-05,-8.9455e-05,-4.08585e-05,-0.00206166,-0.00037124,0.0467378,
0.00176179,-0.00015535,-0.00147948,-0.000818117,0.000913438,0.000741423,-1.57619e-05,-0.00015535,0.00128572,-0.000719186,0.00113861,0.000471146,0.00047386,4.54601e-05,-0.00147948,-0.000719186,0.00374238,9.22045e-08,-0.000172724,0.00172461,-8.94618e-05,-0.000818117,0.00113861,9.22045e-08,0.00286053,0.00110093,-0.000265557,-4.08191e-05,0.000913438,0.000471146,-0.000172724,0.00110093,0.0343071,0.00164865,-0.00206161,0.000741423,0.00047386,0.00172461,-0.000265557,0.00164865,0.0290047,-0.000371057,-1.57619e-05,4.54601e-05,-8.94618e-05,-4.08191e-05,-0.00206161,-0.000371057,0.0467378,
0.0017617,-0.00015531,-0.00147947,-0.000818095,0.000913445,0.00074138,-1.5762e-05,-0.00015531,0.00128572,-0.000719185,0.00113861,0.000471144,0.000473856,4.54567e-05,-0.00147947,-0.000719185,0.00374236,1.1361e-07,-0.000172737,0.00172467,-8.94689e-05,-0.000818095,0.00113861,1.1361e-07,0.00286055,0.00110085,-0.000265561,-4.07797e-05,0.000913445,0.000471144,-0.000172737,0.00110085,0.0343073,0.00164885,-0.00206155,0.00074138,0.000473856,0.00172467,-0.000265561,0.00164885,0.0290047,-0.000370873,-1.5762e-05,4.54567e-05,-8.94689e-05,-4.07797e-05,-0.00206155,-0.000370873,0.0467379,
0.00176161,-0.000155273,-0.00147946,-0.000818075,0.000913452,0.000741342,-1.57628e-05,-0.000155273,0.00128571,-0.000719184,0.00113861,0.000471142,0.000473853,4.54536e-05,-0.00147946,-0.000719184,0.00374234,1.33148e-07,-0.00017275,0.00172473,-8.9476e-05,-0.000818075,0.00113861,1.33148e-07,0.00286057,0.00110077,-0.000265565,-4.07404e-05,0.000913452,0.000471142,-0.00017275,0.00110077,0.0343075,0.00164906,-0.0020615,0.000741342,0.000473853,0.00172473,-0.000265565,0.00164906,0.0290047,-0.000370687,-1.57628e-05,4.54536e-05,-8.9476e-05,-4.07404e-05,-0.0020615,-0.000370687,0.046738,
0.00176153,-0.000155239,-0.00147945,-0.000818057,0.000913458,0.000741308,-1.5764e-05,-0.000155239,0.00128571,-0.000719183,0.00113861,0.00047114,0.000473851,4.54507e-05,-0.00147945,-0.000719183,0.00374233,1.51029e-07,-0.000172763,0.00172478,-8.94833e-05,-0.000818057,0.00113861,1.51029e-07,0.00286058,0.00110071,-0.00026557,-4.07011e-05,0.000913458,0.00047114,-0.000172763,0.00110071,0.0343076,0.00164926,-0.00206145,0.000741308,0.000473851,0.00172478,-0.00026557,0.00164926,0.0290047,-0.0003705,-1.5764e-05,4.54507e-05,-8.94833e-05,-4.07011e-05,-0.00206145,-0.0003705,0.046738,
0.00176146,-0.000155207,-0.00147944,-0.00081804,0.000913463,0.000741276,-1.57656e-05,-0.000155207,0.0012857,-0.000719182,0.00113861,0.000471139,0.000473848,4.54481e-05,-0.00147944,-0.000719182,0.00374231,1.67439e-07,-0.000172775,0.00172483,-8.94907e-05,-0.00081804,0.00113861,1.67439e-07,0.0028606,0.00110065,-0.000265574,-4.06618e-05,0.000913463,0.000471139,-0.000172775,0.00110065,0.0343077,0.00164945,-0.00206139,0.000741276,0.000473848,0.00172483,-0.000265574,0.00164945,0.0290047,-0.000370312,-1.57656e-05,4.54481e-05,-8.94907e-05,-4.06618e-05,-0.00206139,-0.000370312,0.0467381,
0.0017614,-0.000155179,-0.00147944,-0.000818024,0.000913468,0.000741247,-1.57676e-05,-0.000155179,0.0012857,-0.00071918,0.00113861,0.000471137,0.000473847,4.54457e-05,-0.00147944,-0.00071918,0.0037423,1.82541e-07,-0.000172787,0.00172488,-8.94982e-05,-0.000818024,0.00113861,1.82541e-07,0.00286061,0.0011006,-0.000265578,-4.06226e-05,0.000913468,0.000471137,-0.000172787,0.0011006,0.0343079,0.00164964,-0.00206134,0.000741247,0.000473847,0.00172488,-0.000265578,0.00164964,0.0290047,-0.000370122,-1.57676e-05,4.54457e-05,-8.94982e-05,-4.06226e-05,-0.00206134,-0.000370122,0.0467381,
0.00176134,-0.000155152,-0.00147943,-0.00081801,0.000913472,0.00074122,-1.577e-05,-0.000155152,0.00128569,-0.000719179,0.00113861,0.000471135,0.000473845,4.54435e-05,-0.00147943,-0.000719179,0.00374229,1.96483e-07,-0.000172798,0.00172492,-8.95058e-05,-0.00081801,0.00113861,1.96483e-07,0.00286063,0.00110055,-0.000265582,-4.05834e-05,0.000913472,0.000471135,-0.000172798,0.00110055,0.034308,0.00164983,-0.00206129,0.00074122,0.000473845,0.00172492,-0.000265582,0.00164983,0.0290047,-0.000369932,-1.577e-05,4.54435e-05,-8.95058e-05,-4.05834e-05,-0.00206129,-0.000369932,0.0467382,
0.00176128,-0.000155128,-0.00147942,-0.000817996,0.000913475,0.000741196,-1.57727e-05,-0.000155128,0.00128569,-0.000719178,0.00113861,0.000471133,0.000473844,4.54414e-05,-0.00147942,-0.000719178,0.00374227,2.09392e-07,-0.000172809,0.00172496,-8.95135e-05,-0.000817996,0.00113861,2.09392e-07,0.00286064,0.00110051,-0.000265586,-4.05442e-05,0.000913475,0.000471133,-0.000172809,0.00110051,0.0343081,0.00165002,-0.00206124,0.000741196,0.000473844,0.00172496,-0.000265586,0.00165002,0.0290047,-0.00036974,-1.57727e-05,4.54414e-05,-8.95135e-05,-4.05442e-05,-0.00206124,-0.00036974,0.0467382,
0.00176123,-0.000155106,-0.00147942,-0.000817984,0.000913479,0.000741173,-1.57756e-05,-0.000155106,0.00128569,-0.000719176,0.00113861,0.000471131,0.000473843,4.54395e-05,-0.00147942,-0.000719176,0.00374226,2.21382e-07,-0.000172819,0.001725,-8.95212e-05,-0.000817984,0.00113861,2.21382e-07,0.00286065,0.00110047,-0.00026559,-4.05051e-05,0.000913479,0.000471131,-0.000172819,0.00110047,0.0343082,0.0016502,-0.00206119,0.000741173,0.000473843,0.001725,-0.00026559,0.0016502,0.0290047,-0.000369548,-1.57756e-05,4.54395e-05,-8.95212e-05,-4.05051e-05,-0.00206119,-0.000369548,0.0467383,
0.00176118,-0.000155085,-0.00147941,-0.000817973,0.000913481,0.000741152,-1.57788e-05,-0.000155085,0.00128568,-0.000719175,0.00113861,0.000471129,0.000473842,4.54377e-05,-0.00147941,-0.000719175,0.00374225,2.32554e-07,-0.000172829,0.00172504,-8.9529e-05,-0.000817973,0.00113861,2.32554e-07,0.00286066,0.00110044,-0.000265593,-4.0466e-05,0.000913481,0.000471129,-0.000172829,0.00110044,0.0343083,0.00165039,-0.00206114,0.000741152,0.000473842,0.00172504,-0.000265593,0.00165039,0.0290047,-0.000369354,-1.57788e-05,4.54377e-05,-8.9529e-05,-4.0466e-05,-0.00206114,-0.000369354,0.0467383,
0.00176113,-0.000155065,-0.00147941,-0.000817962,0.000913484,0.000741133,-1.57823e-05,-0.000155065,0.00128568,-0.000719174,0.00113861,0.000471127,0.000473841,4.54361e-05,-0.00147941,-0.000719174,0.00374224,2.42997e-07,-0.000172839,0.00172507,-8.95368e-05,-0.000817962,0.00113861,2.42997e-07,0.00286067,0.00110041,-0.000265596,-4.0427e-05,0.000913484,0.000471127,-0.000172839,0.00110041,0.0343084,0.00165057,-0.00206109,0.000741133,0.000473841,0.00172507,-0.000265596,0.00165057,0.0290047,-0.00036916,-1.57823e-05,4.54361e-05,-8.95368e-05,-4.0427e-05,-0.00206109,-0.00036916,0.0467384,
0.00176109,-0.000155047,-0.0014794,-0.000817952,0.000913486,0.000741115,-1.57859e-05,-0.000155047,0.00128568,-0.000719173,0.00113861,0.000471126,0.00047384,4.54346e-05,-0.0014794,-0.000719173,0.00374224,2.52792e-07,-0.000172849,0.00172511,-8.95448e-05,-0.000817952,0.00113861,2.52792e-07,0.00286068,0.00110038,-0.000265599,-4.03879e-05,0.000913486,0.000471126,-0.000172849,0.00110038,0.0343085,0.00165074,-0.00206104,0.000741115,0.00047384,0.00172511,-0.000265599,0.00165074,0.0290047,-0.000368965,-1.57859e-05,4.54346e-05,-8.95448e-05,-4.03879e-05,-0.00206104,-0.000368965,0.0467384,
0.00176105,-0.000155031,-0.0014794,-0.000817943,0.000913487,0.000741097,-1.57898e-05,-0.000155031,0.00128567,-0.000719172,0.00113861,0.000471124,0.00047384,4.54331e-05,-0.0014794,-0.000719172,0.00374223,2.62008e-07,-0.000172858,0.00172514,-8.95527e-05,-0.000817943,0.00113861,2.62008e-07,0.00286069,0.00110036,-0.000265602,-4.03489e-05,0.000913487,0.000471124,-0.000172858,0.00110036,0.0343086,0.00165092,-0.00206099,0.000741097,0.00047384,0.00172514,-0.000265602,0.00165092,0.0290046,-0.00036877,-1.57898e-05,4.54331e-05,-8.95527e-05,-4.03489e-05,-0.00206099,-0.00036877,0.0467385,
0.00176102,-0.000155015,-0.0014794,-0.000817934,0.000913489,0.000741081,-1.57938e-05,-0.000155015,0.00128567,-0.000719171,0.00113861,0.000471122,0.00047384,4.54318e-05,-0.0014794,-0.000719171,0.00374222,2.70708e-07,-0.000172868,0.00172517,-8.95607e-05,-0.000817934,0.00113861,2.70708e-07,0.00286069,0.00110034,-0.000265605,-4.03099e-05,0.000913489,0.000471122,-0.000172868,0.00110034,0.0343087,0.0016511,-0.00206094,0.000741081,0.00047384,0.00172517,-0.000265605,0.0016511,0.0290046,-0.000368573,-1.57938e-05,4.54318e-05,-8.95607e-05,-4.03099e-05,-0.00206094,-0.000368573,0.0467385,
0.00176098,-0.000155,-0.00147939,-0.000817926,0.00091349,0.000741066,-1.5798e-05,-0.000155,0.00128567,-0.00071917,0.00113861,0.00047112,0.00047384,4.54306e-05,-0.00147939,-0.00071917,0.00374221,2.78948e-07,-0.000172877,0.0017252,-8.95688e-05,-0.000817926,0.00113861,2.78948e-07,0.0028607,0.00110033,-0.000265608,-4.0271e-05,0.00091349,0.00047112,-0.000172877,0.00110033,0.0343088,0.00165127,-0.00206089,0.000741066,0.00047384,0.0017252,-0.000265608,0.00165127,0.0290046,-0.000368377,-1.5798e-05,4.54306e-05,-8.95688e-05,-4.0271e-05,-0.00206089,-0.000368377,0.0467386,
0.00176095,-0.000154986,-0.00147939,-0.000817918,0.000913491,0.000741052,-1.58023e-05,-0.000154986,0.00128567,-0.00071917,0.00113861,0.000471118,0.000473839,4.54294e-05,-0.00147939,-0.00071917,0.00374221,2.86777e-07,-0.000172886,0.00172523,-8.95768e-05,-0.000817918,0.00113861,2.86777e-07,0.00286071,0.00110031,-0.00026561,-4.0232e-05,0.000913491,0.000471118,-0.000172886,0.00110031,0.0343089,0.00165144,-0.00206084,0.000741052,0.000473839,0.00172523,-0.00026561,0.00165144,0.0290046,-0.000368179,-1.58023e-05,4.54294e-05,-8.95768e-05,-4.0232e-05,-0.00206084,-0.000368179,0.0467387,
0.00176092,-0.000154973,-0.00147939,-0.000817911,0.000913492,0.000741038,-1.58067e-05,-0.000154973,0.00128567,-0.000719169,0.00113861,0.000471116,0.000473839,4.54284e-05,-0.00147939,-0.000719169,0.0037422,2.94239e-07,-0.000172895,0.00172525,-8.9585e-05,-0.000817911,0.00113861,2.94239e-07,0.00286072,0.0011003,-0.000265612,-4.01931e-05,0.000913492,0.000471116,-0.000172895,0.0011003,0.034309,0.00165161,-0.00206079,0.000741038,0.000473839,0.00172525,-0.000265612,0.00165161,0.0290045,-0.000367982,-1.58067e-05,4.54284e-05,-8.9585e-05,-4.01931e-05,-0.00206079,-0.000367982,0.0467387,
0.00176089,-0.000154961,-0.00147938,-0.000817904,0.000913492,0.000741025,-1.58113e-05,-0.000154961,0.00128566,-0.000719168,0.00113861,0.000471114,0.00047384,4.54274e-05,-0.00147938,-0.000719168,0.0037422,3.01373e-07,-0.000172904,0.00172528,-8.95931e-05,-0.000817904,0.00113861,3.01373e-07,0.00286072,0.00110029,-0.000265614,-4.01542e-05,0.000913492,0.000471114,-0.000172904,0.00110029,0.034309,0.00165178,-0.00206074,0.000741025,0.00047384,0.00172528,-0.000265614,0.00165178,0.0290045,-0.000367783,-1.58113e-05,4.54274e-05,-8.95931e-05,-4.01542e-05,-0.00206074,-0.000367783,0.0467388,
0.00176086,-0.000154949,-0.00147938,-0.000817898,0.000913493,0.000741013,-1.58159e-05,-0.000154949,0.00128566,-0.000719168,0.00113861,0.000471112,0.00047384,4.54264e-05,-0.00147938,-0.000719168,0.00374219,3.08214e-07,-0.000172912,0.0017253,-8.96013e-05,-0.000817898,0.00113861,3.08214e-07,0.00286073,0.00110028,-0.000265616,-4.01152e-05,0.000913493,0.000471112,-0.000172912,0.00110028,0.0343091,0.00165195,-0.00206069,0.000741013,0.00047384,0.0017253,-0.000265616,0.00165195,0.0290045,-0.000367585,-1.58159e-05,4.54264e-05,-8.96013e-05,-4.01152e-05,-0.00206069,-0.000367585,0.0467388,
0.00176084,-0.000154938,-0.00147938,-0.000817892,0.000913493,0.000741001,-1.58206e-05,-0.000154938,0.00128566,-0.000719167,0.00113861,0.00047111,0.00047384,4.54255e-05,-0.00147938,-0.000719167,0.00374219,3.14794e-07,-0.000172921,0.00172533,-8.96095e-05,-0.000817892,0.00113861,3.14794e-07,0.00286073,0.00110028,-0.000265618,-4.00763e-05,0.000913493,0.00047111,-0.000172921,0.00110028,0.0343092,0.00165212,-0.00206064,0.000741001,0.00047384,0.00172533,-0.000265618,0.00165212,0.0290044,-0.000367385,-1.58206e-05,4.54255e-05,-8.96095e-05,-4.00763e-05,-0.00206064,-0.000367385,0.0467389,
0.00176081,-0.000154927,-0.00147937,-0.000817886,0.000913493,0.00074099,-1.58255e-05,-0.000154927,0.00128566,-0.000719167,0.0011386,0.000471109,0.00047384,4.54247e-05,-0.00147937,-0.000719167,0.00374218,3.2114e-07,-0.000172929,0.00172535,-8.96177e-05,-0.000817886,0.0011386,3.2114e-07,0.00286074,0.00110027,-0.000265619,-4.00374e-05,0.000913493,0.000471109,-0.000172929,0.00110027,0.0343093,0.00165229,-0.00206059,0.00074099,0.00047384,0.00172535,-0.000265619,0.00165229,0.0290044,-0.000367186,-1.58255e-05,4.54247e-05,-8.96177e-05,-4.00374e-05,-0.00206059,-0.000367186,0.0467389,
0.00176079,-0.000154917,-0.00147937,-0.000817881,0.000913493,0.000740978,-1.58304e-05,-0.000154917,0.00128566,-0.000719167,0.0011386,0.000471107,0.00047384,4.54239e-05,-0.00147937,-0.000719167,0.00374218,3.27276e-07,-0.000172938,0.00172538,-8.96259e-05,-0.000817881,0.0011386,3.27276e-07,0.00286074,0.00110027,-0.00026562,-3.99985e-05,0.000913493,0.000471107,-0.000172938,0.00110027,0.0343093,0.00165246,-0.00206055,0.000740978,0.00047384,0.00172538,-0.00026562,0.00165246,0.0290044,-0.000366986,-1.58304e-05,4.54239e-05,-8.96259e-05,-3.99985e-05,-0.00206055,-0.000366986,0.046739,
0.00176076,-0.000154907,-0.00147937,-0.000817876,0.000913493,0.000740968,-1.58353e-05,-0.000154907,0.00128566,-0.000719166,0.0011386,0.000471105,0.000473841,4.54231e-05,-0.00147937,-0.000719166,0.00374217,3.33225e-07,-0.000172946,0.0017254,-8.96342e-05,-0.000817876,0.0011386,3.33225e-07,0.00286075,0.00110027,-0.000265622,-3.99596e-05,0.000913493,0.000471105,-0.000172946,0.00110027,0.0343094,0.00165263,-0.0020605,0.000740968,0.000473841,0.0017254,-0.000265622,0.00165263,0.0290043,-0.000366786,-1.58353e-05,4.54231e-05,-8.96342e-05,-3.99596e-05,-0.0020605,-0.000366786,0.0467391,
0.00176074,-0.000154898,-0.00147937,-0.000817871,0.000913492,0.000740957,-1.58404e-05,-0.000154898,0.00128565,-0.000719166,0.0011386,0.000471103,0.000473841,4.54224e-05,-0.00147937,-0.000719166,0.00374217,3.39007e-07,-0.000172954,0.00172542,-8.96425e-05,-0.000817871,0.0011386,3.39007e-07,0.00286075,0.00110026,-0.000265623,-3.99207e-05,0.000913492,0.000471103,-0.000172954,0.00110026,0.0343095,0.00165279,-0.00206045,0.000740957,0.000473841,0.00172542,-0.000265623,0.00165279,0.0290043,-0.000366586,-1.58404e-05,4.54224e-05,-8.96425e-05,-3.99207e-05,-0.00206045,-0.000366586,0.0467391,
0.00176072,-0.000154889,-0.00147936,-0.000817866,0.000913492,0.000740947,-1.58455e-05,-0.000154889,0.00128565,-0.000719166,0.0011386,0.000471101,0.000473842,4.54217e-05,-0.00147936,-0.000719166,0.00374216,3.44639e-07,-0.000172963,0.00172544,-8.96508e-05,-0.000817866,0.0011386,3.44639e-07,0.00286076,0.00110026,-0.000265624,-3.98818e-05,0.000913492,0.000471101,-0.000172963,0.00110026,0.0343095,0.00165296,-0.0020604,0.000740947,0.000473842,0.00172544,-0.000265624,0.00165296,0.0290042,-0.000366385,-1.58455e-05,4.54217e-05,-8.96508e-05,-3.98818e-05,-0.0020604,-0.000366385,0.0467392,
0.0017607,-0.00015488,-0.00147936,-0.000817861,0.000913491,0.000740937,-1.58506e-05,-0.00015488,0.00128565,-0.000719166,0.0011386,0.000471099,0.000473842,4.5421e-05,-0.00147936,-0.000719166,0.00374216,3.50137e-07,-0.000172971,0.00172546,-8.96591e-05,-0.000817861,0.0011386,3.50137e-07,0.00286076,0.00110027,-0.000265625,-3.98429e-05,0.000913491,0.000471099,-0.000172971,0.00110027,0.0343096,0.00165312,-0.00206035,0.000740937,0.000473842,0.00172546,-0.000265625,0.00165312,0.0290042,-0.000366184,-1.58506e-05,4.5421e-05,-8.96591e-05,-3.98429e-05,-0.00206035,-0.000366184,0.0467392,
0.00176068,-0.000154872,-0.00147936,-0.000817857,0.000913491,0.000740928,-1.58558e-05,-0.000154872,0.00128565,-0.000719166,0.0011386,0.000471097,0.000473843,4.54204e-05,-0.00147936,-0.000719166,0.00374215,3.55515e-07,-0.000172979,0.00172548,-8.96674e-05,-0.000817857,0.0011386,3.55515e-07,0.00286076,0.00110027,-0.000265625,-3.9804e-05,0.000913491,0.000471097,-0.000172979,0.00110027,0.0343097,0.00165329,-0.00206031,0.000740928,0.000473843,0.00172548,-0.000265625,0.00165329,0.0290042,-0.000365982,-1.58558e-05,4.54204e-05,-8.96674e-05,-3.9804e-05,-0.00206031,-0.000365982,0.0467393,
0.00176072,-0.000154882,-0.00147946,-0.000818146,0.000913005,0.000742121,-1.55778e-05,-0.000154904,0.00128566,-0.000719096,0.0011388,0.000471423,0.000473032,4.52287e-05,-0.00147929,-0.000719185,0.00374204,4.07788e-08,-0.000173517,0.00172682,-8.93668e-05,-0.000817737,0.00113856,1.61418e-07,0.00286021,0.00109934,-0.00026332,-3.92219e-05,0.000913648,0.000471048,-0.00017326,0.0010995,0.0343085,0.00165661,-0.00205952,0.000740261,0.000474041,0.00172664,-0.000262424,0.00165875,0.028991,-0.000368873,-1.58652e-05,4.54211e-05,-8.96685e-05,-3.97446e-05,-0.00206022,-0.000365865,0.0467393,
0.0017607,-0.000154874,-0.00147946,-0.000818142,0.000913005,0.000742111,-1.55818e-05,-0.000154896,0.00128566,-0.000719096,0.0011388,0.000471421,0.000473032,4.52281e-05,-0.00147929,-0.000719186,0.00374203,4.58408e-08,-0.000173523,0.00172684,-8.93735e-05,-0.000817733,0.00113856,1.66483e-07,0.00286021,0.00109934,-0.000263321,-3.919e-05,0.000913648,0.000471046,-0.000173266,0.0010995,0.0343085,0.00165674,-0.00205948,0.00074025,0.000474042,0.00172666,-0.000262425,0.00165889,0.028991,-0.00036871,-1.58693e-05,4.54205e-05,-8.96754e-05,-3.97128e-05,-0.00206018,-0.0003657,0.0467394,
0.00176071,-0.000154873,-0.0014795,-0.000818257,0.000912808,0.00074259,-1.54696e-05,-0.000154905,0.00128567,-0.000719067,0.00113888,0.000471553,0.000472703,4.51496e-05,-0.00147926,-0.000719194,0.00374198,-7.95492e-08,-0.000173745,0.00172739,-8.92533e-05,-0.000817682,0.00113855,9.01385e-08,0.00285998,0.00109896,-0.000262384,-3.89417e-05,0.000913713,0.000471025,-0.000173383,0.00109919,0.034308,0.00165814,-0.00205914,0.000739973,0.000474123,0.00172714,-0.000261124,0.00166116,0.0289856,-0.000369831,-1.58744e-05,4.54204e-05,-8.96781e-05,-3.96777e-05,-0.00206014,-0.000365596,0.0467394,
0.00176069,-0.000154866,-0.00147949,-0.000818254,0.000912809,0.00074258,-1.54718e-05,-0.000154898,0.00128566,-0.000719068,0.00113887,0.000471552,0.000472704,4.5149e-05,-0.00147926,-0.000719194,0.00374198,-7.49342e-08,-0.000173749,0.0017274,-8.92575e-05,-0.000817678,0.00113855,9.4762e-08,0.00285999,0.00109895,-0.000262386,-3.89215e-05,0.000913714,0.000471025,-0.000173388,0.00109918,0.0343081,0.00165823,-0.00205911,0.000739962,0.000474124,0.00172715,-0.000261125,0.00166125,0.0289856,-0.000369729,-1.58767e-05,4.54199e-05,-8.96824e-05,-3.96576e-05,-0.00206011,-0.000365493,0.0467394,
0.00176067,-0.000154859,-0.00147949,-0.00081825,0.00091281,0.00074257,-1.54731e-05,-0.00015489,0.00128566,-0.000719068,0.00113887,0.000471552,0.000472704,4.51483e-05,-0.00147925,-0.000719195,0.00374198,-7.05416e-08,-0.000173753,0.00172741,-8.92605e-05,-0.000817675,0.00113855,9.91649e-08,0.00285999,0.00109894,-0.000262388,-3.89067e-05,0.000913716,0.000471024,-0.000173391,0.00109917,0.0343081,0.00165829,-0.0020591,0.000739952,0.000474125,0.00172716,-0.000261128,0.00166131,0.0289856,-0.000369655,-1.58781e-05,4.54193e-05,-8.96856e-05,-3.96429e-05,-0.00206009,-0.000365418,0.0467394,
0.00176065,-0.000154851,-0.00147949,-0.000818247,0.000912812,0.000742561,-1.54738e-05,-0.000154883,0.00128566,-0.000719068,0.00113887,0.000471552,0.000472705,4.51477e-05,-0.00147925,-0.000719195,0.00374197,-6.63462e-08,-0.000173756,0.00172743,-8.92627e-05,-0.000817672,0.00113855,1.03371e-07,0.00285999,0.00109893,-0.000262391,-3.8896e-05,0.000913717,0.000471024,-0.000173394,0.00109916,0.0343081,0.00165834,-0.00205908,0.000739942,0.000474125,0.00172718,-0.00026113,0.00166136,0.0289856,-0.000369602,-1.58788e-05,4.54188e-05,-8.96878e-05,-3.96324e-05,-0.00206008,-0.000365365,0.0467395,
0.00176064,-0.000154844,-0.00147949,-0.000818244,0.000912814,0.000742551,-1.54739e-05,-0.000154876,0.00128566,-0.000719069,0.00113887,0.000471552,0.000472705,4.51472e-05,-0.00147925,-0.000719195,0.00374197,-6.23213e-08,-0.000173759,0.00172744,-8.92641e-05,-0.000817669,0.00113855,1.07407e-07,0.00286,0.00109892,-0.000262393,-3.88887e-05,0.000913719,0.000471025,-0.000173397,0.00109915,0.0343082,0.00165838,-0.00205907,0.000739933,0.000474126,0.00172719,-0.000261133,0.0016614,0.0289856,-0.000369567,-1.5879e-05,4.54182e-05,-8.96893e-05,-3.96251e-05,-0.00206007,-0.000365329,0.0467395,
0.00176062,-0.000154837,-0.00147948,-0.000818241,0.000912816,0.000742542,-1.54737e-05,-0.000154869,0.00128566,-0.000719069,0.00113887,0.000471553,0.000472706,4.51466e-05,-0.00147925,-0.000719196,0.00374197,-5.84422e-08,-0.000173761,0.00172745,-8.9265e-05,-0.000817666,0.00113855,1.11296e-07,0.00286,0.00109891,-0.000262396,-3.88839e-05,0.000913721,0.000471025,-0.000173399,0.00109914,0.0343082,0.00165841,-0.00205907,0.000739924,0.000474127,0.0017272,-0.000261136,0.00166143,0.0289856,-0.000369546,-1.58787e-05,4.54177e-05,-8.96902e-05,-3.96205e-05,-0.00206006,-0.000365307,0.0467395,
0.0017606,-0.000154831,-0.00147948,-0.000818238,0.000912818,0.000742533,-1.54731e-05,-0.000154862,0.00128566,-0.00071907,0.00113887,0.000471554,0.000472706,4.5146e-05,-0.00147924,-0.000719196,0.00374196,-5.4687e-08,-0.000173762,0.00172745,-8.92654e-05,-0.000817663,0.00113854,1.15061e-07,0.00286001,0.00109889,-0.000262399,-3.88812e-05,0.000913723,0.000471026,-0.000173401,0.00109912,0.0343082,0.00165843,-0.00205906,0.000739914,0.000474127,0.00172721,-0.000261139,0.00166145,0.0289856,-0.000369535,-1.58782e-05,4.54171e-05,-8.96907e-05,-3.96178e-05,-0.00206006,-0.000365296,0.0467395,
0.00176059,-0.000154824,-0.00147948,-0.000818235,0.00091282,0.000742524,-1.54723e-05,-0.000154856,0.00128566,-0.00071907,0.00113887,0.000471555,0.000472706,4.51454e-05,-0.00147924,-0.000719197,0.00374196,-5.1037e-08,-0.000173764,0.00172746,-8.92655e-05,-0.00081766,0.00113854,1.18718e-07,0.00286001,0.00109888,-0.000262403,-3.888e-05,0.000913725,0.000471027,-0.000173402,0.00109911,0.0343082,0.00165844,-0.00205906,0.000739905,0.000474127,0.00172721,-0.000261142,0.00166146,0.0289856,-0.000369532,-1.58774e-05,4.54166e-05,-8.96908e-05,-3.96166e-05,-0.00206006,-0.000365293,0.0467395,
0.00176057,-0.000154817,-0.00147948,-0.000818233,0.000912822,0.000742515,-1.54713e-05,-0.000154849,0.00128566,-0.000719071,0.00113887,0.000471556,0.000472707,4.51449e-05,-0.00147924,-0.000719197,0.00374196,-4.74761e-08,-0.000173765,0.00172747,-8.92653e-05,-0.000817657,0.00113854,1.22286e-07,0.00286001,0.00109886,-0.000262406,-3.888e-05,0.000913727,0.000471028,-0.000173403,0.00109909,0.0343082,0.00165845,-0.00205906,0.000739897,0.000474128,0.00172722,-0.000261145,0.00166147,0.0289856,-0.000369536,-1.58764e-05,4.5416e-05,-8.96906e-05,-3.96167e-05,-0.00206006,-0.000365296,0.0467395,
0.00176055,-0.000154811,-0.00147948,-0.00081823,0.000912824,0.000742507,-1.54701e-05,-0.000154842,0.00128566,-0.000719071,0.00113887,0.000471557,0.000472707,4.51443e-05,-0.00147924,-0.000719198,0.00374196,-4.39906e-08,-0.000173766,0.00172748,-8.9265e-05,-0.000817655,0.00113854,1.25776e-07,0.00286002,0.00109884,-0.000262409,-3.8881e-05,0.00091373,0.000471029,-0.000173404,0.00109907,0.0343083,0.00165845,-0.00205906,0.000739888,0.000474128,0.00172723,-0.000261149,0.00166147,0.0289856,-0.000369544,-1.58753e-05,4.54155e-05,-8.96903e-05,-3.96177e-05,-0.00206006,-0.000365305,0.0467395,
0.00176054,-0.000154804,-0.00147947,-0.000818227,0.000912826,0.000742498,-1.54689e-05,-0.000154836,0.00128566,-0.000719072,0.00113887,0.000471558,0.000472707,4.51438e-05,-0.00147923,-0.000719198,0.00374195,-4.05692e-08,-0.000173767,0.00172749,-8.92645e-05,-0.000817652,0.00113854,1.29202e-07,0.00286002,0.00109883,-0.000262413,-3.88826e-05,0.000913732,0.00047103,-0.000173405,0.00109906,0.0343083,0.00165845,-0.00205906,0.00073988,0.000474128,0.00172724,-0.000261152,0.00166147,0.0289856,-0.000369556,-1.58741e-05,4.54149e-05,-8.96898e-05,-3.96193e-05,-0.00206006,-0.000365317,0.0467395,
0.00176052,-0.000154798,-0.00147947,-0.000818225,0.000912828,0.00074249,-1.54676e-05,-0.00015483,0.00128566,-0.000719072,0.00113887,0.000471559,0.000472708,4.51432e-05,-0.00147923,-0.000719199,0.00374195,-3.72018e-08,-0.000173768,0.00172749,-8.92639e-05,-0.000817649,0.00113854,1.32572e-07,0.00286002,0.00109881,-0.000262416,-3.88847e-05,0.000913734,0.000471031,-0.000173406,0.00109904,0.0343083,0.00165845,-0.00205906,0.000739871,0.000474128,0.00172725,-0.000261156,0.00166147,0.0289856,-0.00036957,-1.58728e-05,4.54144e-05,-8.96892e-05,-3.96214e-05,-0.00206006,-0.000365331,0.0467395,
0.00176051,-0.000154792,-0.00147947,-0.000818222,0.000912831,0.000742482,-1.54663e-05,-0.000154823,0.00128565,-0.000719073,0.00113887,0.00047156,0.000472708,4.51427e-05,-0.00147923,-0.000719199,0.00374195,-3.38802e-08,-0.000173769,0.0017275,-8.92633e-05,-0.000817647,0.00113854,1.35896e-07,0.00286003,0.00109879,-0.00026242,-3.88871e-05,0.000913736,0.000471032,-0.000173407,0.00109902,0.0343083,0.00165845,-0.00205906,0.000739863,0.000474129,0.00172725,-0.000261159,0.00166147,0.0289856,-0.000369586,-1.58715e-05,4.54138e-05,-8.96886e-05,-3.96238e-05,-0.00206006,-0.000365347,0.0467395,
0.00176049,-0.000154785,-0.00147947,-0.00081822,0.000912833,0.000742474,-1.5465e-05,-0.000154817,0.00128565,-0.000719073,0.00113887,0.000471561,0.000472708,4.51421e-05,-0.00147923,-0.0007192,0.00374194,-3.05969e-08,-0.000173769,0.00172751,-8.92626e-05,-0.000817644,0.00113854,1.39181e-07,0.00286003,0.00109878,-0.000262424,-3.88897e-05,0.000913738,0.000471033,-0.000173408,0.001099,0.0343083,0.00165844,-0.00205907,0.000739855,0.000474129,0.00172726,-0.000261163,0.00166146,0.0289856,-0.000369603,-1.58701e-05,4.54133e-05,-8.96879e-05,-3.96264e-05,-0.00206006,-0.000365364,0.0467395,
0.00176048,-0.000154779,-0.00147946,-0.000818217,0.000912835,0.000742466,-1.54636e-05,-0.000154811,0.00128565,-0.000719074,0.00113887,0.000471563,0.000472708,4.51416e-05,-0.00147922,-0.0007192,0.00374194,-2.7346e-08,-0.00017377,0.00172752,-8.92619e-05,-0.000817642,0.00113854,1.42433e-07,0.00286003,0.00109876,-0.000262427,-3.88925e-05,0.000913741,0.000471035,-0.000173408,0.00109899,0.0343083,0.00165844,-0.00205907,0.000739847,0.000474129,0.00172727,-0.000261167,0.00166146,0.0289857,-0.000369621,-1.58687e-05,4.54128e-05,-8.96872e-05,-3.96291e-05,-0.00206007,-0.000365382,0.0467394,
0.00176046,-0.000154773,-0.00147946,-0.000818215,0.000912837,0.000742458,-1.54622e-05,-0.000154805,0.00128565,-0.000719074,0.00113887,0.000471564,0.000472709,4.51411e-05,-0.00147922,-0.000719201,0.00374194,-2.41218e-08,-0.000173771,0.00172752,-8.92611e-05,-0.000817639,0.00113854,1.45658e-07,0.00286004,0.00109874,-0.000262431,-3.88952e-05,0.000913743,0.000471036,-0.000173409,0.00109897,0.0343084,0.00165844,-0.00205907,0.000739839,0.00047413,0.00172727,-0.00026117,0.00166146,0.0289857,-0.000369639,-1.58674e-05,4.54122e-05,-8.96864e-05,-3.96318e-05,-0.00206007,-0.000365399,0.0467394,
