0.00357524,-0.000278492,0.000326348,0.000819849,-0.00112147,-9.28073e-05,0.000113808,-0.000278492,0.00106399,-0.00070424,0.00097193,3.64525e-05,-0.000168629,-5.31962e-05,0.000326348,-0.00070424,0.00353569,-0.00059592,-0.00315086,3.70827e-05,4.79888e-05,0.000819849,0.00097193,-0.00059592,0.00306356,-0.000925133,-0.001133,-2.91697e-05,-0.00112147,3.64525e-05,-0.00315086,-0.000925133,0.0266275,0.000482,0.000448323,-9.28073e-05,-0.000168629,3.70827e-05,-0.001133,0.000482,0.0247713,-1.82595e-05,0.000113808,-5.31962e-05,4.79888e-05,-2.91697e-05,0.000448323,-1.82596e-05,0.0466187,
0.00357441,-0.000278422,0.000326758,0.000820219,-0.00112066,-9.31663e-05,0.000113859,-0.000278422,0.00106399,-0.000704326,0.000971839,3.61711e-05,-0.000168868,-5.32432e-05,0.000326758,-0.000704326,0.00353587,-0.000595783,-0.00315089,3.70776e-05,4.79962e-05,0.000820219,0.000971839,-0.000595783,0.00306369,-0.000925072,-0.00113246,-2.91859e-05,-0.00112066,3.61711e-05,-0.00315089,-0.000925072,0.0266272,0.00048184,0.00044879,-9.31663e-05,-0.000168868,3.70776e-05,-0.00113246,0.00048184,0.0247706,-1.8268e-05,0.000113859,-5.32432e-05,4.79962e-05,-2.91859e-05,0.00044879,-1.8268e-05,0.0466187,
0.0035737,-0.000278334,0.000327117,0.000820536,-0.00111997,-9.33668e-05,0.000113877,-0.000278334,0.00106398,-0.000704389,0.000971767,3.59377e-05,-0.000168992,-5.32716e-05,0.000327117,-0.000704389,0.00353604,-0.00059566,-0.00315092,3.70267e-05,4.79983e-05,0.000820536,0.000971767,-0.00059566,0.00306379,-0.000925022,-0.00113217,-2.91897e-05,-0.00111997,3.59377e-05,-0.00315092,-0.000925022,0.026627,0.000481772,0.000448934,-9.33668e-05,-0.000168992,3.70267e-05,-0.00113217,0.000481772,0.0247703,-1.82842e-05,0.000113877,-5.32716e-05,4.79983e-05,-2.91897e-05,0.000448934,-1.82842e-05,0.0466186,
0.00357307,-0.000278239,0.000327435,0.00082081,-0.00111938,-9.34787e-05,0.000113879,-0.000278239,0.00106397,-0.000704434,0.000971711,3.57418e-05,-0.000169054,-5.32894e-05,0.000327435,-0.000704434,0.00353622,-0.000595549,-0.00315096,3.69622e-05,4.7996e-05,0.00082081,0.000971711,-0.000595549,0.00306388,-0.000924985,-0.00113201,-2.91872e-05,-0.00111938,3.57418e-05,-0.00315096,-0.000924985,0.0266268,0.000481748,0.000448898,-9.34787e-05,-0.000169054,3.69622e-05,-0.00113201,0.000481748,0.0247701,-1.8305e-05,0.000113879,-5.32894e-05,4.7996e-05,-2.91872e-05,0.000448898,-1.8305e-05,0.0466186,
0.00357251,-0.000278142,0.000327721,0.000821047,-0.00111885,-9.35404e-05,0.00011387,-0.000278142,0.00106395,-0.000704466,0.000971666,3.55761e-05,-0.00016908,-5.33012e-05,0.000327721,-0.000704466,0.00353638,-0.000595448,-0.003151,3.68993e-05,4.799e-05,0.000821047,0.000971666,-0.000595448,0.00306396,-0.000924961,-0.00113192,-2.91813e-05,-0.00111885,3.55761e-05,-0.003151,-0.000924961,0.0266266,0.000481742,0.000448759,-9.35404e-05,-0.00016908,3.68993e-05,-0.00113192,0.000481742,0.0247701,-1.83288e-05,0.00011387,-5.33012e-05,4.799e-05,-2.91813e-05,0.000448759,-1.83288e-05,0.0466185,
0.00357202,-0.000278048,0.000327979,0.000821255,-0.00111837,-9.35736e-05,0.000113857,-0.000278048,0.00106392,-0.00070449,0.000971631,3.54346e-05,-0.000169088,-5.33096e-05,0.000327979,-0.00070449,0.00353653,-0.000595357,-0.00315103,3.68434e-05,4.79806e-05,0.000821255,0.000971631,-0.000595357,0.00306403,-0.000924948,-0.00113186,-2.9174e-05,-0.00111837,3.54346e-05,-0.00315103,-0.000924948,0.0266265,0.000481744,0.000448558,-9.35736e-05,-0.000169088,3.68434e-05,-0.00113186,0.000481744,0.0247701,-1.83549e-05,0.000113857,-5.33096e-05,4.79806e-05,-2.9174e-05,0.000448558,-1.83549e-05,0.0466184,
0.00357158,-0.000277959,0.000328211,0.000821437,-0.00111794,-9.35905e-05,0.00011384,-0.000277959,0.0010639,-0.000704508,0.000971602,3.53127e-05,-0.000169085,-5.33161e-05,0.000328211,-0.000704508,0.00353667,-0.000595274,-0.00315107,3.6796e-05,4.79685e-05,0.000821437,0.000971602,-0.000595274,0.00306409,-0.000924943,-0.00113182,-2.91661e-05,-0.00111794,3.53127e-05,-0.00315107,-0.000924943,0.0266264,0.000481749,0.000448317,-9.35905e-05,-0.000169085,3.6796e-05,-0.00113182,0.000481749,0.0247702,-1.83827e-05,0.00011384,-5.33161e-05,4.79685e-05,-2.91661e-05,0.000448317,-1.83827e-05,0.0466183,
0.00357119,-0.000277875,0.00032842,0.000821599,-0.00111755,-9.35983e-05,0.000113822,-0.000277875,0.00106388,-0.000704521,0.000971578,3.52066e-05,-0.000169077,-5.33217e-05,0.00032842,-0.000704521,0.0035368,-0.000595198,-0.00315109,3.67564e-05,4.79538e-05,0.000821599,0.000971578,-0.000595198,0.00306415,-0.000924943,-0.00113179,-2.91581e-05,-0.00111755,3.52066e-05,-0.00315109,-0.000924943,0.0266263,0.000481754,0.00044805,-9.35983e-05,-0.000169077,3.67564e-05,-0.00113179,0.000481754,0.0247703,-1.84119e-05,0.000113822,-5.33217e-05,4.79538e-05,-2.91581e-05,0.00044805,-1.84119e-05,0.0466182,
0.00357084,-0.000277797,0.000328609,0.000821742,-0.0011172,-9.36009e-05,0.000113803,-0.000277797,0.00106386,-0.000704531,0.000971558,3.51136e-05,-0.000169067,-5.33267e-05,0.000328609,-0.000704531,0.00353691,-0.00059513,-0.00315112,3.67237e-05,4.79369e-05,0.000821742,0.000971558,-0.00059513,0.00306421,-0.000924948,-0.00113176,-2.91503e-05,-0.0011172,3.51136e-05,-0.00315112,-0.000924948,0.0266262,0.000481759,0.000447764,-9.36009e-05,-0.000169067,3.67237e-05,-0.00113176,0.000481759,0.0247704,-1.84422e-05,0.000113803,-5.33267e-05,4.79369e-05,-2.91503e-05,0.000447764,-1.84422e-05,0.0466181,
0.00357052,-0.000277726,0.00032878,0.000821869,-0.00111688,-9.36008e-05,0.000113783,-0.000277726,0.00106384,-0.000704539,0.000971541,3.50316e-05,-0.000169056,-5.33316e-05,0.00032878,-0.000704539,0.00353702,-0.000595068,-0.00315114,3.66966e-05,4.7918e-05,0.000821869,0.000971541,-0.000595068,0.00306426,-0.000924955,-0.00113174,-2.91428e-05,-0.00111688,3.50316e-05,-0.00315114,-0.000924955,0.0266262,0.000481763,0.000447463,-9.36008e-05,-0.000169056,3.66966e-05,-0.00113174,0.000481763,0.0247705,-1.84736e-05,0.000113783,-5.33316e-05,4.7918e-05,-2.91428e-05,0.000447463,-1.84736e-05,0.046618,
0.00357024,-0.000277661,0.000328935,0.000821983,-0.00111659,-9.35993e-05,0.000113763,-0.000277661,0.00106382,-0.000704546,0.000971526,3.49587e-05,-0.000169045,-5.33365e-05,0.000328935,-0.000704546,0.00353712,-0.000595012,-0.00315115,3.66741e-05,4.78974e-05,0.000821983,0.000971526,-0.000595012,0.0030643,-0.000924964,-0.00113172,-2.91358e-05,-0.00111659,3.49587e-05,-0.00315115,-0.000924964,0.0266262,0.000481766,0.00044715,-9.35993e-05,-0.000169045,3.66741e-05,-0.00113172,0.000481766,0.0247707,-1.8506e-05,0.000113763,-5.33365e-05,4.78974e-05,-2.91358e-05,0.00044715,-1.8506e-05,0.0466179,
0.00356999,-0.000277602,0.000329075,0.000822086,-0.00111633,-9.35974e-05,0.000113742,-0.000277602,0.0010638,-0.000704551,0.000971513,3.48936e-05,-0.000169035,-5.33414e-05,0.000329075,-0.000704551,0.00353721,-0.000594961,-0.00315117,3.66555e-05,4.78752e-05,0.000822086,0.000971513,-0.000594961,0.00306434,-0.000924974,-0.00113169,-2.91292e-05,-0.00111633,3.48936e-05,-0.00315117,-0.000924974,0.0266262,0.000481769,0.000446828,-9.35974e-05,-0.000169035,3.66555e-05,-0.00113169,0.000481769,0.0247708,-1.85392e-05,0.000113742,-5.33414e-05,4.78752e-05,-2.91292e-05,0.000446828,-1.85392e-05,0.0466178,
0.00356976,-0.000277548,0.000329201,0.000822177,-0.00111609,-9.35955e-05,0.00011372,-0.000277548,0.00106379,-0.000704556,0.000971501,3.48352e-05,-0.000169026,-5.33466e-05,0.000329201,-0.000704556,0.00353728,-0.000594916,-0.00315118,3.66399e-05,4.78515e-05,0.000822177,0.000971501,-0.000594916,0.00306438,-0.000924984,-0.00113167,-2.91229e-05,-0.00111609,3.48352e-05,-0.00315118,-0.000924984,0.0266263,0.000481771,0.000446496,-9.35955e-05,-0.000169026,3.66399e-05,-0.00113167,0.000481771,0.0247709,-1.85731e-05,0.00011372,-5.33466e-05,4.78515e-05,-2.91229e-05,0.000446496,-1.85731e-05,0.0466177,
0.00356955,-0.000277499,0.000329316,0.00082226,-0.00111586,-9.35937e-05,0.000113698,-0.000277499,0.00106377,-0.00070456,0.000971491,3.47827e-05,-0.000169018,-5.33519e-05,0.000329316,-0.00070456,0.00353736,-0.000594874,-0.00315118,3.6627e-05,4.78265e-05,0.00082226,0.000971491,-0.000594874,0.00306441,-0.000924994,-0.00113165,-2.91171e-05,-0.00111586,3.47827e-05,-0.00315118,-0.000924994,0.0266263,0.000481773,0.000446157,-9.35937e-05,-0.000169018,3.6627e-05,-0.00113165,0.000481773,0.0247711,-1.86078e-05,0.000113698,-5.33519e-05,4.78265e-05,-2.91171e-05,0.000446157,-1.86078e-05,0.0466176,
0.00356936,-0.000277454,0.000329419,0.000822334,-0.00111566,-9.35924e-05,0.000113676,-0.000277454,0.00106376,-0.000704563,0.000971482,3.47352e-05,-0.00016901,-5.33574e-05,0.000329419,-0.000704563,0.00353742,-0.000594837,-0.00315119,3.66162e-05,4.78004e-05,0.000822334,0.000971482,-0.000594837,0.00306445,-0.000925004,-0.00113163,-2.91116e-05,-0.00111566,3.47352e-05,-0.00315119,-0.000925004,0.0266264,0.000481774,0.00044581,-9.35924e-05,-0.00016901,3.66162e-05,-0.00113163,0.000481774,0.0247712,-1.86432e-05,0.000113676,-5.33574e-05,4.78004e-05,-2.91116e-05,0.00044581,-1.86432e-05,0.0466175,
0.0035692,-0.000277414,0.000329513,0.000822401,-0.00111548,-9.35915e-05,0.000113654,-0.000277414,0.00106375,-0.000704566,0.000971474,3.46922e-05,-0.000169004,-5.33631e-05,0.000329513,-0.000704566,0.00353748,-0.000594803,-0.00315119,3.66072e-05,4.77732e-05,0.000822401,0.000971474,-0.000594803,0.00306447,-0.000925014,-0.0011316,-2.91065e-05,-0.00111548,3.46922e-05,-0.00315119,-0.000925014,0.0266265,0.000481775,0.000445458,-9.35915e-05,-0.000169004,3.66072e-05,-0.0011316,0.000481775,0.0247713,-1.86792e-05,0.000113654,-5.33631e-05,4.77732e-05,-2.91065e-05,0.000445458,-1.86792e-05,0.0466174,
0.00356904,-0.000277378,0.000329599,0.000822461,-0.00111531,-9.35911e-05,0.000113631,-0.000277378,0.00106374,-0.000704569,0.000971467,3.46532e-05,-0.000168999,-5.3369e-05,0.000329599,-0.000704569,0.00353754,-0.000594772,-0.00315119,3.65998e-05,4.7745e-05,0.000822461,0.000971467,-0.000594772,0.0030645,-0.000925024,-0.00113158,-2.91016e-05,-0.00111531,3.46532e-05,-0.00315119,-0.000925024,0.0266266,0.000481776,0.000445099,-9.35911e-05,-0.000168999,3.65998e-05,-0.00113158,0.000481776,0.0247715,-1.87157e-05,0.000113631,-5.3369e-05,4.7745e-05,-2.91016e-05,0.000445099,-1.87157e-05,0.0466172,
0.0035689,-0.000277344,0.000329677,0.000822516,-0.00111515,-9.35911e-05,0.000113608,-0.000277344,0.00106373,-0.000704572,0.00097146,3.46177e-05,-0.000168994,-5.33751e-05,0.000329677,-0.000704572,0.00353759,-0.000594744,-0.00315118,3.65938e-05,4.7716e-05,0.000822516,0.00097146,-0.000594744,0.00306453,-0.000925033,-0.00113156,-2.9097e-05,-0.00111515,3.46177e-05,-0.00315118,-0.000925033,0.0266267,0.000481777,0.000444735,-9.35911e-05,-0.000168994,3.65938e-05,-0.00113156,0.000481777,0.0247716,-1.87528e-05,0.000113608,-5.33751e-05,4.7716e-05,-2.9097e-05,0.000444735,-1.87528e-05,0.0466171,
0.00356878,-0.000277314,0.000329748,0.000822566,-0.00111501,-9.35915e-05,0.000113585,-0.000277314,0.00106372,-0.000704574,0.000971454,3.45852e-05,-0.000168991,-5.33813e-05,0.000329748,-0.000704574,0.00353763,-0.000594719,-0.00315118,3.6589e-05,4.76861e-05,0.000822566,0.000971454,-0.000594719,0.00306455,-0.000925043,-0.00113154,-2.90927e-05,-0.001115,3.45852e-05,-0.00315118,-0.000925043,0.0266268,0.000481778,0.000444366,-9.35915e-05,-0.000168991,3.6589e-05,-0.00113154,0.000481778,0.0247718,-1.87903e-05,0.000113585,-5.33813e-05,4.76861e-05,-2.90927e-05,0.000444366,-1.87903e-05,0.046617,
0.00356867,-0.000277287,0.000329812,0.000822611,-0.00111487,-9.35924e-05,0.000113561,-0.000277287,0.00106372,-0.000704576,0.000971449,3.45556e-05,-0.000168988,-5.33877e-05,0.000329812,-0.000704576,0.00353767,-0.000594696,-0.00315117,3.65852e-05,4.76555e-05,0.000822611,0.000971449,-0.000594696,0.00306457,-0.000925052,-0.00113151,-2.90886e-05,-0.00111487,3.45556e-05,-0.00315117,-0.000925052,0.0266269,0.000481779,0.000443993,-9.35924e-05,-0.000168988,3.65852e-05,-0.00113151,0.000481779,0.0247719,-1.88283e-05,0.000113561,-5.33877e-05,4.76555e-05,-2.90886e-05,0.000443993,-1.88283e-05,0.0466169,
0.00356856,-0.000277262,0.000329871,0.000822652,-0.00111475,-9.35937e-05,0.000113538,-0.000277262,0.00106371,-0.000704578,0.000971444,3.45283e-05,-0.000168986,-5.33942e-05,0.000329871,-0.000704578,0.00353771,-0.000594675,-0.00315116,3.65824e-05,4.76243e-05,0.000822652,0.000971444,-0.000594675,0.00306459,-0.00092506,-0.00113149,-2.90846e-05,-0.00111475,3.45283e-05,-0.00315116,-0.00092506,0.0266271,0.00048178,0.000443615,-9.35937e-05,-0.000168986,3.65824e-05,-0.00113149,0.00048178,0.0247721,-1.88667e-05,0.000113538,-5.33942e-05,4.76243e-05,-2.90846e-05,0.000443615,-1.88667e-05,0.0466167,
0.00356847,-0.000277239,0.000329926,0.000822689,-0.00111463,-9.35953e-05,0.000113514,-0.000277239,0.0010637,-0.000704579,0.00097144,3.45033e-05,-0.000168984,-5.34009e-05,0.000329926,-0.000704579,0.00353774,-0.000594656,-0.00315115,3.65804e-05,4.75924e-05,0.000822689,0.00097144,-0.000594656,0.0030646,-0.000925069,-0.00113147,-2.90809e-05,-0.00111463,3.45033e-05,-0.00315115,-0.000925069,0.0266272,0.000481781,0.000443234,-9.35953e-05,-0.000168984,3.65804e-05,-0.00113147,0.000481781,0.0247722,-1.89055e-05,0.000113514,-5.34009e-05,4.75924e-05,-2.90809e-05,0.000443234,-1.89055e-05,0.0466166,
0.00356838,-0.000277218,0.000329975,0.000822723,-0.00111452,-9.35972e-05,0.00011349,-0.000277218,0.0010637,-0.000704581,0.000971436,3.44802e-05,-0.000168983,-5.34077e-05,0.000329975,-0.000704581,0.00353778,-0.000594639,-0.00315114,3.65791e-05,4.756e-05,0.000822723,0.000971436,-0.000594639,0.00306462,-0.000925077,-0.00113144,-2.90773e-05,-0.00111452,3.44802e-05,-0.00315114,-0.000925077,0.0266274,0.000481781,0.000442849,-9.35972e-05,-0.000168983,3.65791e-05,-0.00113144,0.000481781,0.0247723,-1.89446e-05,0.00011349,-5.34077e-05,4.756e-05,-2.90773e-05,0.000442849,-1.89446e-05,0.0466165,
0.0035683,-0.000277199,0.000330021,0.000822754,-0.00111442,-9.35994e-05,0.000113466,-0.000277199,0.00106369,-0.000704582,0.000971432,3.44589e-05,-0.000168982,-5.34146e-05,0.000330021,-0.000704582,0.00353781,-0.000594623,-0.00315113,3.65784e-05,4.75271e-05,0.000822754,0.000971432,-0.000594623,0.00306463,-0.000925085,-0.00113142,-2.90738e-05,-0.00111442,3.44589e-05,-0.00315113,-0.000925085,0.0266275,0.000481782,0.00044246,-9.35994e-05,-0.000168982,3.65784e-05,-0.00113142,0.000481782,0.0247725,-1.8984e-05,0.000113466,-5.34146e-05,4.75271e-05,-2.90738e-05,0.00044246,-1.8984e-05,0.0466164,
0.00356823,-0.000277182,0.000330063,0.000822782,-0.00111433,-9.36019e-05,0.000113441,-0.000277182,0.00106369,-0.000704584,0.000971429,3.44391e-05,-0.000168982,-5.34216e-05,0.000330063,-0.000704584,0.00353783,-0.000594608,-0.00315112,3.65784e-05,4.74938e-05,0.000822782,0.000971429,-0.000594608,0.00306465,-0.000925093,-0.0011314,-2.90705e-05,-0.00111433,3.44391e-05,-0.00315112,-0.000925093,0.0266277,0.000481783,0.000442069,-9.36019e-05,-0.000168982,3.65784e-05,-0.0011314,0.000481783,0.0247726,-1.90238e-05,0.000113441,-5.34216e-05,4.74938e-05,-2.90705e-05,0.000442069,-1.90238e-05,0.0466162,
0.00356817,-0.000277166,0.000330102,0.000822808,-0.00111424,-9.36046e-05,0.000113417,-0.000277166,0.00106368,-0.000704585,0.000971425,3.44208e-05,-0.000168982,-5.34287e-05,0.000330102,-0.000704585,0.00353786,-0.000594595,-0.00315111,3.65788e-05,4.746e-05,0.000822808,0.000971425,-0.000594595,0.00306466,-0.000925101,-0.00113137,-2.90673e-05,-0.00111424,3.44208e-05,-0.00315111,-0.000925101,0.0266279,0.000481783,0.000441675,-9.36046e-05,-0.000168982,3.65788e-05,-0.00113137,0.000481783,0.0247728,-1.90638e-05,0.000113417,-5.34287e-05,4.746e-05,-2.90673e-05,0.000441675,-1.90638e-05,0.0466161,
0.00356811,-0.000277151,0.000330139,0.000822832,-0.00111415,-9.36075e-05,0.000113392,-0.000277151,0.00106368,-0.000704586,0.000971422,3.44036e-05,-0.000168983,-5.34358e-05,0.000330139,-0.000704586,0.00353788,-0.000594583,-0.00315109,3.65797e-05,4.74258e-05,0.000822832,0.000971422,-0.000594583,0.00306467,-0.000925109,-0.00113135,-2.90642e-05,-0.00111415,3.44036e-05,-0.00315109,-0.000925109,0.026628,0.000481784,0.000441278,-9.36075e-05,-0.000168983,3.65797e-05,-0.00113135,0.000481784,0.024773,-1.91041e-05,0.000113392,-5.34358e-05,4.74258e-05,-2.90642e-05,0.000441278,-1.91041e-05,0.046616,
0.00356805,-0.000277137,0.000330172,0.000822854,-0.00111407,-9.36106e-05,0.000113367,-0.000277137,0.00106367,-0.000704587,0.00097142,3.43876e-05,-0.000168984,-5.34431e-05,0.000330172,-0.000704587,0.0035379,-0.000594571,-0.00315108,3.65811e-05,4.73913e-05,0.000822854,0.00097142,-0.000594571,0.00306468,-0.000925116,-0.00113133,-2.90611e-05,-0.00111407,3.43876e-05,-0.00315108,-0.000925116,0.0266282,0.000481784,0.000440879,-9.36106e-05,-0.000168984,3.65811e-05,-0.00113133,0.000481784,0.0247731,-1.91447e-05,0.000113367,-5.34431e-05,4.73913e-05,-2.90611e-05,0.000440879,-1.91447e-05,0.0466158,
0.003568,-0.000277124,0.000330204,0.000822875,-0.001114,-9.36139e-05,0.000113343,-0.000277124,0.00106367,-0.000704588,0.000971417,3.43726e-05,-0.000168985,-5.34504e-05,0.000330204,-0.000704588,0.00353792,-0.000594561,-0.00315106,3.65828e-05,4.73565e-05,0.000822875,0.000971417,-0.000594561,0.00306469,-0.000925124,-0.0011313,-2.90582e-05,-0.001114,3.43726e-05,-0.00315106,-0.000925124,0.0266284,0.000481785,0.000440478,-9.36139e-05,-0.000168985,3.65828e-05,-0.0011313,0.000481785,0.0247733,-1.91854e-05,0.000113343,-5.34504e-05,4.73565e-05,-2.90582e-05,0.000440478,-1.91854e-05,0.0466157,
0.00356795,-0.000277113,0.000330233,0.000822894,-0.00111392,-9.36173e-05,0.000113318,-0.000277113,0.00106367,-0.000704589,0.000971415,3.43584e-05,-0.000168986,-5.34578e-05,0.000330233,-0.000704589,0.00353794,-0.000594551,-0.00315104,3.65848e-05,4.73214e-05,0.000822894,0.000971415,-0.000594551,0.0030647,-0.000925131,-0.00113128,-2.90553e-05,-0.00111392,3.43584e-05,-0.00315104,-0.000925131,0.0266286,0.000481786,0.000440074,-9.36173e-05,-0.000168986,3.65848e-05,-0.00113128,0.000481786,0.0247734,-1.92264e-05,0.000113318,-5.34578e-05,4.73214e-05,-2.90553e-05,0.000440074,-1.92264e-05,0.0466155,
0.00356791,-0.000277102,0.000330261,0.000822911,-0.00111385,-9.36209e-05,0.000113293,-0.000277102,0.00106366,-0.00070459,0.000971413,3.43451e-05,-0.000168988,-5.34653e-05,0.000330261,-0.00070459,0.00353796,-0.000594542,-0.00315103,3.65871e-05,4.7286e-05,0.000822911,0.000971413,-0.000594542,0.00306471,-0.000925139,-0.00113125,-2.90525e-05,-0.00111385,3.43451e-05,-0.00315103,-0.000925139,0.0266288,0.000481786,0.000439669,-9.36209e-05,-0.000168988,3.65871e-05,-0.00113125,0.000481786,0.0247736,-1.92675e-05,0.000113293,-5.34653e-05,4.7286e-05,-2.90525e-05,0.000439669,-1.92675e-05,0.0466154,
0.00356787,-0.000277091,0.000330287,0.000822928,-0.00111379,-9.36246e-05,0.000113268,-0.000277091,0.00106366,-0.000704591,0.000971411,3.43325e-05,-0.00016899,-5.34728e-05,0.000330287,-0.000704591,0.00353798,-0.000594533,-0.00315101,3.65897e-05,4.72504e-05,0.000822928,0.000971411,-0.000594533,0.00306472,-0.000925146,-0.00113123,-2.90497e-05,-0.00111379,3.43325e-05,-0.00315101,-0.000925146,0.026629,0.000481787,0.000439262,-9.36246e-05,-0.00016899,3.65897e-05,-0.00113123,0.000481787,0.0247737,-1.93088e-05,0.000113268,-5.34728e-05,4.72504e-05,-2.90497e-05,0.000439262,-1.93088e-05,0.0466153,
0.00356783,-0.000277082,0.000330311,0.000822943,-0.00111372,-9.36284e-05,0.000113242,-0.000277082,0.00106366,-0.000704592,0.000971409,3.43205e-05,-0.000168992,-5.34803e-05,0.000330311,-0.000704592,0.00353799,-0.000594526,-0.00315099,3.65926e-05,4.72146e-05,0.000822943,0.000971409,-0.000594526,0.00306473,-0.000925153,-0.00113121,-2.9047e-05,-0.00111372,3.43205e-05,-0.00315099,-0.000925153,0.0266292,0.000481787,0.000438853,-9.36284e-05,-0.000168992,3.65926e-05,-0.00113121,0.000481787,0.0247739,-1.93503e-05,0.000113242,-5.34803e-05,4.72146e-05,-2.9047e-05,0.000438853,-1.93503e-05,0.0466151,
0.00356779,-0.000277073,0.000330334,0.000822957,-0.00111366,-9.36323e-05,0.000113217,-0.000277073,0.00106365,-0.000704593,0.000971407,3.4309e-05,-0.000168994,-5.34879e-05,0.000330334,-0.000704593,0.00353801,-0.000594518,-0.00315097,3.65956e-05,4.71786e-05,0.000822957,0.000971407,-0.000594518,0.00306474,-0.00092516,-0.00113118,-2.90444e-05,-0.00111366,3.4309e-05,-0.00315097,-0.00092516,0.0266294,0.000481788,0.000438443,-9.36323e-05,-0.000168994,3.65956e-05,-0.00113118,0.000481788,0.024774,-1.9392e-05,0.000113217,-5.34879e-05,4.71786e-05,-2.90444e-05,0.000438443,-1.9392e-05,0.046615,
0.00356776,-0.000277064,0.000330356,0.000822971,-0.0011136,-9.36363e-05,0.000113192,-0.000277064,0.00106365,-0.000704594,0.000971405,3.42981e-05,-0.000168997,-5.34955e-05,0.000330356,-0.000704594,0.00353802,-0.000594511,-0.00315096,3.65989e-05,4.71424e-05,0.000822971,0.000971405,-0.000594511,0.00306475,-0.000925167,-0.00113116,-2.90418e-05,-0.0011136,3.42981e-05,-0.00315096,-0.000925167,0.0266295,0.000481788,0.000438031,-9.36363e-05,-0.000168997,3.65989e-05,-0.00113116,0.000481788,0.0247742,-1.94337e-05,0.000113192,-5.34955e-05,4.71424e-05,-2.90418e-05,0.000438031,-1.94337e-05,0.0466148,
0.00356773,-0.000277056,0.000330377,0.000822984,-0.00111354,-9.36404e-05,0.000113166,-0.000277056,0.00106365,-0.000704594,0.000971404,3.42877e-05,-0.000168999,-5.35032e-05,0.000330377,-0.000704594,0.00353804,-0.000594504,-0.00315094,3.66023e-05,4.7106e-05,0.000822984,0.000971404,-0.000594504,0.00306475,-0.000925174,-0.00113113,-2.90392e-05,-0.00111354,3.42877e-05,-0.00315094,-0.000925174,0.0266297,0.000481789,0.000437619,-9.36404e-05,-0.000168999,3.66023e-05,-0.00113113,0.000481789,0.0247743,-1.94756e-05,0.000113166,-5.35032e-05,4.7106e-05,-2.90392e-05,0.000437619,-1.94756e-05,0.0466147,
0.0035677,-0.000277048,0.000330397,0.000822996,-0.00111349,-9.36445e-05,0.000113141,-0.000277048,0.00106365,-0.000704595,0.000971402,3.42776e-05,-0.000169002,-5.35109e-05,0.000330397,-0.000704595,0.00353805,-0.000594498,-0.00315092,3.66059e-05,4.70695e-05,0.000822996,0.000971402,-0.000594498,0.00306476,-0.000925181,-0.00113111,-2.90366e-05,-0.00111349,3.42776e-05,-0.00315092,-0.000925181,0.0266299,0.000481789,0.000437204,-9.36445e-05,-0.000169002,3.66059e-05,-0.00113111,0.000481789,0.0247745,-1.95176e-05,0.000113141,-5.35109e-05,4.70695e-05,-2.90366e-05,0.000437204,-1.95176e-05,0.0466146,
0.00356767,-0.000277041,0.000330417,0.000823007,-0.00111343,-9.36487e-05,0.000113115,-0.000277041,0.00106364,-0.000704596,0.000971401,3.42679e-05,-0.000169005,-5.35187e-05,0.000330417,-0.000704596,0.00353806,-0.000594492,-0.0031509,3.66096e-05,4.70328e-05,0.000823007,0.000971401,-0.000594492,0.00306477,-0.000925188,-0.00113108,-2.90341e-05,-0.00111343,3.42679e-05,-0.0031509,-0.000925188,0.0266301,0.00048179,0.000436789,-9.36487e-05,-0.000169005,3.66096e-05,-0.00113108,0.00048179,0.0247747,-1.95598e-05,0.000113115,-5.35187e-05,4.70328e-05,-2.90341e-05,0.000436789,-1.95598e-05,0.0466144,
0.00356764,-0.000277034,0.000330435,0.000823018,-0.00111338,-9.3653e-05,0.00011309,-0.000277034,0.00106364,-0.000704597,0.000971399,3.42585e-05,-0.000169008,-5.35265e-05,0.000330435,-0.000704597,0.00353807,-0.000594486,-0.00315088,3.66134e-05,4.6996e-05,0.000823018,0.000971399,-0.000594486,0.00306477,-0.000925195,-0.00113106,-2.90316e-05,-0.00111338,3.42585e-05,-0.00315088,-0.000925195,0.0266304,0.000481791,0.000436373,-9.3653e-05,-0.000169008,3.66134e-05,-0.00113106,0.000481791,0.0247748,-1.9602e-05,0.00011309,-5.35265e-05,4.6996e-05,-2.90316e-05,0.000436373,-1.9602e-05,0.0466143,
0.00356761,-0.000277028,0.000330453,0.000823028,-0.00111333,-9.36573e-05,0.000113064,-0.000277028,0.00106364,-0.000704597,0.000971398,3.42494e-05,-0.00016901,-5.35343e-05,0.000330453,-0.000704597,0.00353809,-0.000594481,-0.00315086,3.66174e-05,4.69591e-05,0.000823028,0.000971398,-0.000594481,0.00306478,-0.000925202,-0.00113103,-2.90291e-05,-0.00111333,3.42494e-05,-0.00315086,-0.000925202,0.0266306,0.000481791,0.000435956,-9.36573e-05,-0.00016901,3.66174e-05,-0.00113103,0.000481791,0.024775,-1.96443e-05,0.000113064,-5.35343e-05,4.69591e-05,-2.90291e-05,0.000435956,-1.96443e-05,0.0466141,
0.00356759,-0.000277021,0.00033047,0.000823038,-0.00111327,-9.36617e-05,0.000113038,-0.000277021,0.00106364,-0.000704598,0.000971397,3.42406e-05,-0.000169013,-5.35421e-05,0.00033047,-0.000704598,0.0035381,-0.000594476,-0.00315084,3.66214e-05,4.69221e-05,0.000823038,0.000971397,-0.000594476,0.00306479,-0.000925209,-0.00113101,-2.90267e-05,-0.00111327,3.42406e-05,-0.00315084,-0.000925209,0.0266308,0.000481792,0.000435538,-9.36617e-05,-0.000169013,3.66214e-05,-0.00113101,0.000481792,0.0247751,-1.96867e-05,0.000113038,-5.35421e-05,4.69221e-05,-2.90267e-05,0.000435538,-1.96867e-05,0.046614,
0.00356757,-0.000277015,0.000330487,0.000823048,-0.00111322,-9.36661e-05,0.000113013,-0.000277015,0.00106364,-0.000704599,0.000971396,3.4232e-05,-0.000169016,-5.355e-05,0.000330487,-0.000704599,0.00353811,-0.000594471,-0.00315082,3.66255e-05,4.68849e-05,0.000823048,0.000971396,-0.000594471,0.00306479,-0.000925216,-0.00113098,-2.90242e-05,-0.00111322,3.4232e-05,-0.00315082,-0.000925216,0.026631,0.000481792,0.00043512,-9.36661e-05,-0.000169016,3.66255e-05,-0.00113098,0.000481792,0.0247753,-1.97292e-05,0.000113013,-5.355e-05,4.68849e-05,-2.90242e-05,0.00043512,-1.97292e-05,0.0466138,
0.00356754,-0.000277009,0.000330504,0.000823057,-0.00111317,-9.36705e-05,0.000112987,-0.000277009,0.00106363,-0.000704599,0.000971394,3.42236e-05,-0.00016902,-5.35578e-05,0.000330504,-0.000704599,0.00353812,-0.000594466,-0.0031508,3.66298e-05,4.68477e-05,0.000823057,0.000971394,-0.000594466,0.0030648,-0.000925223,-0.00113096,-2.90218e-05,-0.00111317,3.42236e-05,-0.0031508,-0.000925223,0.0266312,0.000481793,0.0004347,-9.36705e-05,-0.00016902,3.66298e-05,-0.00113096,0.000481793,0.0247755,-1.97718e-05,0.000112987,-5.35578e-05,4.68477e-05,-2.90218e-05,0.0004347,-1.97718e-05,0.0466137,
0.00356752,-0.000277003,0.000330519,0.000823066,-0.00111312,-9.3675e-05,0.000112961,-0.000277003,0.00106363,-0.0007046,0.000971393,3.42154e-05,-0.000169023,-5.35657e-05,0.000330519,-0.0007046,0.00353813,-0.000594461,-0.00315078,3.6634e-05,4.68105e-05,0.000823066,0.000971393,-0.000594461,0.00306481,-0.00092523,-0.00113094,-2.90194e-05,-0.00111312,3.42154e-05,-0.00315078,-0.00092523,0.0266314,0.000481793,0.00043428,-9.3675e-05,-0.000169023,3.6634e-05,-0.00113094,0.000481793,0.0247756,-1.98144e-05,0.000112961,-5.35657e-05,4.68105e-05,-2.90194e-05,0.00043428,-1.98144e-05,0.0466136,
0.0035675,-0.000276998,0.000330535,0.000823075,-0.00111307,-9.36795e-05,0.000112935,-0.000276998,0.00106363,-0.0007046,0.000971392,3.42073e-05,-0.000169026,-5.35736e-05,0.000330535,-0.0007046,0.00353814,-0.000594456,-0.00315076,3.66384e-05,4.67731e-05,0.000823075,0.000971392,-0.000594456,0.00306481,-0.000925236,-0.00113091,-2.9017e-05,-0.00111307,3.42073e-05,-0.00315076,-0.000925236,0.0266316,0.000481794,0.000433859,-9.36795e-05,-0.000169026,3.66384e-05,-0.00113091,0.000481794,0.0247758,-1.98571e-05,0.000112935,-5.35736e-05,4.67731e-05,-2.9017e-05,0.000433859,-1.98571e-05,0.0466134,
0.00356748,-0.000276992,0.00033055,0.000823083,-0.00111303,-9.3684e-05,0.000112909,-0.000276992,0.00106363,-0.000704601,0.000971391,3.41994e-05,-0.000169029,-5.35816e-05,0.00033055,-0.000704601,0.00353815,-0.000594452,-0.00315074,3.66428e-05,4.67357e-05,0.000823083,0.000971391,-0.000594452,0.00306482,-0.000925243,-0.00113089,-2.90146e-05,-0.00111303,3.41994e-05,-0.00315074,-0.000925243,0.0266318,0.000481794,0.000433438,-9.3684e-05,-0.000169029,3.66428e-05,-0.00113089,0.000481794,0.0247759,-1.98998e-05,0.000112909,-5.35816e-05,4.67357e-05,-2.90146e-05,0.000433438,-1.98998e-05,0.0466133,
0.00356746,-0.000276987,0.000330565,0.000823091,-0.00111298,-9.36885e-05,0.000112884,-0.000276987,0.00106363,-0.000704602,0.00097139,3.41916e-05,-0.000169033,-5.35895e-05,0.000330565,-0.000704602,0.00353816,-0.000594448,-0.00315072,3.66473e-05,4.66982e-05,0.000823091,0.00097139,-0.000594448,0.00306482,-0.00092525,-0.00113086,-2.90122e-05,-0.00111298,3.41916e-05,-0.00315072,-0.00092525,0.026632,0.000481795,0.000433016,-9.36885e-05,-0.000169033,3.66473e-05,-0.00113086,0.000481795,0.0247761,-1.99426e-05,0.000112884,-5.35895e-05,4.66982e-05,-2.90122e-05,0.000433016,-1.99426e-05,0.0466131,
0.00356744,-0.000276981,0.00033058,0.000823099,-0.00111293,-9.3693e-05,0.000112858,-0.000276981,0.00106363,-0.000704602,0.000971389,3.41839e-05,-0.000169036,-5.35975e-05,0.00033058,-0.000704602,0.00353817,-0.000594443,-0.0031507,3.66518e-05,4.66607e-05,0.000823099,0.000971389,-0.000594443,0.00306483,-0.000925257,-0.00113084,-2.90099e-05,-0.00111293,3.41839e-05,-0.0031507,-0.000925257,0.0266322,0.000481796,0.000432594,-9.3693e-05,-0.000169036,3.66518e-05,-0.00113084,0.000481796,0.0247763,-1.99855e-05,0.000112858,-5.35975e-05,4.66607e-05,-2.90099e-05,0.000432594,-1.99855e-05,0.046613,
0.00356742,-0.000276976,0.000330594,0.000823107,-0.00111288,-9.36976e-05,0.000112832,-0.000276976,0.00106362,-0.000704603,0.000971388,3.41764e-05,-0.000169039,-5.36055e-05,0.000330594,-0.000704603,0.00353818,-0.000594439,-0.00315068,3.66563e-05,4.66231e-05,0.000823107,0.000971388,-0.000594439,0.00306483,-0.000925264,-0.00113081,-2.90075e-05,-0.00111288,3.41764e-05,-0.00315068,-0.000925264,0.0266324,0.000481796,0.000432171,-9.36976e-05,-0.000169039,3.66563e-05,-0.00113081,0.000481796,0.0247764,-2.00284e-05,0.000112832,-5.36055e-05,4.66231e-05,-2.90075e-05,0.000432171,-2.00284e-05,0.0466128,
0.0035674,-0.000276971,0.000330609,0.000823115,-0.00111284,-9.37022e-05,0.000112806,-0.000276971,0.00106362,-0.000704603,0.000971387,3.41689e-05,-0.000169043,-5.36134e-05,0.000330609,-0.000704603,0.00353819,-0.000594435,-0.00315066,3.66609e-05,4.65854e-05,0.000823115,0.000971387,-0.000594435,0.00306484,-0.00092527,-0.00113079,-2.90051e-05,-0.00111284,3.41689e-05,-0.00315066,-0.00092527,0.0266327,0.000481797,0.000431748,-9.37022e-05,-0.000169043,3.66609e-05,-0.00113079,0.000481797,0.0247766,-2.00713e-05,0.000112806,-5.36134e-05,4.65854e-05,-2.90051e-05,0.000431748,-2.00713e-05,0.0466127,
0.00356738,-0.000276966,0.000330623,0.000823122,-0.00111279,-9.37068e-05,0.00011278,-0.000276966,0.00106362,-0.000704604,0.000971386,3.41615e-05,-0.000169046,-5.36214e-05,0.000330623,-0.000704604,0.0035382,-0.000594431,-0.00315064,3.66655e-05,4.65478e-05,0.000823122,0.000971386,-0.000594431,0.00306485,-0.000925277,-0.00113076,-2.90028e-05,-0.00111279,3.41615e-05,-0.00315064,-0.000925277,0.0266329,0.000481797,0.000431325,-9.37068e-05,-0.000169046,3.66655e-05,-0.00113076,0.000481797,0.0247767,-2.01143e-05,0.00011278,-5.36214e-05,4.65478e-05,-2.90028e-05,0.000431325,-2.01143e-05,0.0466125,
0.00356736,-0.000276961,0.000330637,0.00082313,-0.00111274,-9.37113e-05,0.000112754,-0.000276961,0.00106362,-0.000704605,0.000971385,3.41542e-05,-0.000169049,-5.36294e-05,0.000330637,-0.000704605,0.00353821,-0.000594427,-0.00315061,3.66701e-05,4.651e-05,0.00082313,0.000971385,-0.000594427,0.00306485,-0.000925284,-0.00113074,-2.90005e-05,-0.00111274,3.41542e-05,-0.00315061,-0.000925284,0.0266331,0.000481798,0.000430901,-9.37113e-05,-0.000169049,3.66701e-05,-0.00113074,0.000481798,0.0247769,-2.01573e-05,0.000112754,-5.36294e-05,4.651e-05,-2.90005e-05,0.000430901,-2.01573e-05,0.0466124,
0.00356734,-0.000276957,0.00033065,0.000823137,-0.0011127,-9.37159e-05,0.000112728,-0.000276957,0.00106362,-0.000704605,0.000971384,3.41469e-05,-0.000169053,-5.36375e-05,0.00033065,-0.000704605,0.00353821,-0.000594423,-0.00315059,3.66748e-05,4.64723e-05,0.000823137,0.000971384,-0.000594423,0.00306486,-0.000925291,-0.00113071,-2.89981e-05,-0.0011127,3.41469e-05,-0.00315059,-0.000925291,0.0266333,0.000481798,0.000430476,-9.37159e-05,-0.000169053,3.66748e-05,-0.00113071,0.000481798,0.0247771,-2.02003e-05,0.000112728,-5.36375e-05,4.64723e-05,-2.89981e-05,0.000430476,-2.02003e-05,0.0466122,
0.00356732,-0.000276952,0.000330664,0.000823145,-0.00111265,-9.37205e-05,0.000112702,-0.000276952,0.00106362,-0.000704606,0.000971383,3.41397e-05,-0.000169056,-5.36455e-05,0.000330664,-0.000704606,0.00353822,-0.000594419,-0.00315057,3.66795e-05,4.64345e-05,0.000823145,0.000971383,-0.000594419,0.00306486,-0.000925298,-0.00113069,-2.89958e-05,-0.00111265,3.41397e-05,-0.00315057,-0.000925298,0.0266335,0.000481799,0.000430052,-9.37205e-05,-0.000169056,3.66795e-05,-0.00113069,0.000481799,0.0247772,-2.02434e-05,0.000112702,-5.36455e-05,4.64345e-05,-2.89958e-05,0.000430052,-2.02434e-05,0.0466121,
0.00356731,-0.000276947,0.000330678,0.000823152,-0.00111261,-9.37251e-05,0.000112676,-0.000276947,0.00106362,-0.000704606,0.000971382,3.41325e-05,-0.00016906,-5.36535e-05,0.000330678,-0.000704606,0.00353823,-0.000594415,-0.00315055,3.66842e-05,4.63967e-05,0.000823152,0.000971382,-0.000594415,0.00306487,-0.000925304,-0.00113066,-2.89935e-05,-0.00111261,3.41325e-05,-0.00315055,-0.000925304,0.0266337,0.0004818,0.000429627,-9.37251e-05,-0.00016906,3.66842e-05,-0.00113066,0.0004818,0.0247774,-2.02865e-05,0.000112676,-5.36535e-05,4.63967e-05,-2.89935e-05,0.000429627,-2.02865e-05,0.0466119,
0.00356729,-0.000276942,0.000330691,0.000823159,-0.00111256,-9.37298e-05,0.00011265,-0.000276942,0.00106361,-0.000704607,0.000971381,3.41254e-05,-0.000169063,-5.36616e-05,0.000330691,-0.000704607,0.00353824,-0.000594412,-0.00315053,3.66889e-05,4.63589e-05,0.000823159,0.000971381,-0.000594412,0.00306487,-0.000925311,-0.00113064,-2.89911e-05,-0.00111256,3.41254e-05,-0.00315053,-0.000925311,0.0266339,0.0004818,0.000429202,-9.37298e-05,-0.000169063,3.66889e-05,-0.00113064,0.0004818,0.0247775,-2.03296e-05,0.00011265,-5.36616e-05,4.63589e-05,-2.89911e-05,0.000429202,-2.03296e-05,0.0466118,
0.00356727,-0.000276938,0.000330704,0.000823166,-0.00111252,-9.37344e-05,0.000112624,-0.000276938,0.00106361,-0.000704607,0.00097138,3.41183e-05,-0.000169067,-5.36696e-05,0.000330704,-0.000704607,0.00353825,-0.000594408,-0.00315051,3.66937e-05,4.6321e-05,0.000823166,0.00097138,-0.000594408,0.00306488,-0.000925318,-0.00113061,-2.89888e-05,-0.00111252,3.41183e-05,-0.00315051,-0.000925318,0.0266341,0.000481801,0.000428777,-9.37344e-05,-0.000169067,3.66937e-05,-0.00113061,0.000481801,0.0247777,-2.03727e-05,0.000112624,-5.36696e-05,4.6321e-05,-2.89888e-05,0.000428777,-2.03727e-05,0.0466116,
0.00356725,-0.000276933,0.000330718,0.000823173,-0.00111247,-9.3739e-05,0.000112598,-0.000276933,0.00106361,-0.000704608,0.000971379,3.41113e-05,-0.00016907,-5.36777e-05,0.000330718,-0.000704608,0.00353826,-0.000594404,-0.00315049,3.66984e-05,4.62832e-05,0.000823173,0.000971379,-0.000594404,0.00306488,-0.000925325,-0.00113059,-2.89865e-05,-0.00111247,3.41113e-05,-0.00315049,-0.000925325,0.0266344,0.000481801,0.000428351,-9.3739e-05,-0.00016907,3.66984e-05,-0.00113059,0.000481801,0.0247779,-2.04159e-05,0.000112598,-5.36777e-05,4.62832e-05,-2.89865e-05,0.000428351,-2.04159e-05,0.0466115,
0.00356724,-0.000276928,0.000330731,0.00082318,-0.00111243,-9.37436e-05,0.000112572,-0.000276928,0.00106361,-0.000704608,0.000971378,3.41043e-05,-0.000169074,-5.36857e-05,0.000330731,-0.000704608,0.00353827,-0.0005944,-0.00315047,3.67032e-05,4.62453e-05,0.00082318,0.000971378,-0.0005944,0.00306489,-0.000925332,-0.00113056,-2.89842e-05,-0.00111243,3.41043e-05,-0.00315047,-0.000925332,0.0266346,0.000481802,0.000427926,-9.37436e-05,-0.000169074,3.67032e-05,-0.00113056,0.000481802,0.024778,-2.04591e-05,0.000112572,-5.36857e-05,4.62453e-05,-2.89842e-05,0.000427926,-2.04591e-05,0.0466113,
0.00356722,-0.000276924,0.000330744,0.000823187,-0.00111238,-9.37482e-05,0.000112546,-0.000276924,0.00106361,-0.000704609,0.000971377,3.40973e-05,-0.000169077,-5.36938e-05,0.000330744,-0.000704609,0.00353828,-0.000594397,-0.00315045,3.67079e-05,4.62074e-05,0.000823187,0.000971377,-0.000594397,0.00306489,-0.000925338,-0.00113054,-2.89819e-05,-0.00111238,3.40973e-05,-0.00315045,-0.000925338,0.0266348,0.000481803,0.0004275,-9.37482e-05,-0.000169077,3.67079e-05,-0.00113054,0.000481803,0.0247782,-2.05023e-05,0.000112546,-5.36938e-05,4.62074e-05,-2.89819e-05,0.0004275,-2.05023e-05,0.0466112,
0.0035672,-0.000276919,0.000330757,0.000823194,-0.00111234,-9.37528e-05,0.00011252,-0.000276919,0.00106361,-0.000704609,0.000971376,3.40903e-05,-0.00016908,-5.37019e-05,0.000330757,-0.000704609,0.00353829,-0.000594393,-0.00315043,3.67127e-05,4.61694e-05,0.000823194,0.000971376,-0.000594393,0.0030649,-0.000925345,-0.00113051,-2.89795e-05,-0.00111234,3.40903e-05,-0.00315043,-0.000925345,0.026635,0.000481803,0.000427074,-9.37528e-05,-0.00016908,3.67127e-05,-0.00113051,0.000481803,0.0247783,-2.05455e-05,0.00011252,-5.37019e-05,4.61694e-05,-2.89795e-05,0.000427074,-2.05455e-05,0.046611,
0.00356718,-0.000276915,0.000330771,0.000823201,-0.00111229,-9.37574e-05,0.000112494,-0.000276915,0.0010636,-0.00070461,0.000971375,3.40833e-05,-0.000169084,-5.371e-05,0.000330771,-0.00070461,0.00353829,-0.000594389,-0.0031504,3.67175e-05,4.61315e-05,0.000823201,0.000971375,-0.000594389,0.0030649,-0.000925352,-0.00113049,-2.89772e-05,-0.00111229,3.40833e-05,-0.0031504,-0.000925352,0.0266352,0.000481804,0.000426648,-9.37574e-05,-0.000169084,3.67175e-05,-0.00113049,0.000481804,0.0247785,-2.05888e-05,0.000112494,-5.371e-05,4.61315e-05,-2.89772e-05,0.000426648,-2.05888e-05,0.0466109,
0.00356717,-0.00027691,0.000330784,0.000823207,-0.00111225,-9.3762e-05,0.000112468,-0.00027691,0.0010636,-0.000704611,0.000971374,3.40764e-05,-0.000169087,-5.3718e-05,0.000330784,-0.000704611,0.0035383,-0.000594385,-0.00315038,3.67223e-05,4.60936e-05,0.000823207,0.000971374,-0.000594385,0.00306491,-0.000925359,-0.00113046,-2.89749e-05,-0.00111225,3.40764e-05,-0.00315038,-0.000925359,0.0266354,0.000481805,0.000426221,-9.3762e-05,-0.000169087,3.67223e-05,-0.00113046,0.000481805,0.0247787,-2.0632e-05,0.000112468,-5.3718e-05,4.60936e-05,-2.89749e-05,0.000426221,-2.0632e-05,0.0466107,
0.00356715,-0.000276905,0.000330797,0.000823214,-0.0011122,-9.37666e-05,0.000112442,-0.000276905,0.0010636,-0.000704611,0.000971374,3.40695e-05,-0.000169091,-5.37261e-05,0.000330797,-0.000704611,0.00353831,-0.000594382,-0.00315036,3.67271e-05,4.60556e-05,0.000823214,0.000971374,-0.000594382,0.00306491,-0.000925365,-0.00113044,-2.89726e-05,-0.0011122,3.40695e-05,-0.00315036,-0.000925365,0.0266357,0.000481805,0.000425795,-9.37666e-05,-0.000169091,3.67271e-05,-0.00113044,0.000481805,0.0247788,-2.06753e-05,0.000112442,-5.37261e-05,4.60556e-05,-2.89726e-05,0.000425795,-2.06753e-05,0.0466106,
0.00356713,-0.000276901,0.00033081,0.000823221,-0.00111216,-9.37712e-05,0.000112416,-0.000276901,0.0010636,-0.000704612,0.000971373,3.40626e-05,-0.000169094,-5.37342e-05,0.00033081,-0.000704612,0.00353832,-0.000594378,-0.00315034,3.67319e-05,4.60177e-05,0.000823221,0.000971373,-0.000594378,0.00306492,-0.000925372,-0.00113042,-2.89703e-05,-0.00111216,3.40626e-05,-0.00315034,-0.000925372,0.0266359,0.000481806,0.000425368,-9.37712e-05,-0.000169094,3.67319e-05,-0.00113042,0.000481806,0.024779,-2.07185e-05,0.000112416,-5.37342e-05,4.60177e-05,-2.89703e-05,0.000425368,-2.07185e-05,0.0466104,
0.00356712,-0.000276896,0.000330823,0.000823228,-0.00111211,-9.37758e-05,0.00011239,-0.000276896,0.0010636,-0.000704612,0.000971372,3.40557e-05,-0.000169098,-5.37423e-05,0.000330823,-0.000704612,0.00353833,-0.000594374,-0.00315032,3.67367e-05,4.59797e-05,0.000823228,0.000971372,-0.000594374,0.00306492,-0.000925379,-0.00113039,-2.8968e-05,-0.00111211,3.40557e-05,-0.00315032,-0.000925379,0.0266361,0.000481807,0.000424942,-9.37758e-05,-0.000169098,3.67367e-05,-0.00113039,0.000481807,0.0247792,-2.07618e-05,0.00011239,-5.37423e-05,4.59797e-05,-2.8968e-05,0.000424942,-2.07618e-05,0.0466103,
0.0035671,-0.000276892,0.000330836,0.000823235,-0.00111207,-9.37803e-05,0.000112364,-0.000276892,0.0010636,-0.000704613,0.000971371,3.40488e-05,-0.000169101,-5.37504e-05,0.000330836,-0.000704613,0.00353834,-0.000594371,-0.0031503,3.67415e-05,4.59417e-05,0.000823235,0.000971371,-0.000594371,0.00306493,-0.000925386,-0.00113037,-2.89657e-05,-0.00111207,3.40488e-05,-0.0031503,-0.000925386,0.0266363,0.000481807,0.000424515,-9.37803e-05,-0.000169101,3.67415e-05,-0.00113037,0.000481807,0.0247793,-2.08051e-05,0.000112364,-5.37504e-05,4.59417e-05,-2.89657e-05,0.000424515,-2.08051e-05,0.0466101,
