0.00425073,-0.000217604,-0.000379069,0.000114196,-0.00129858,0.000277118,4.71368e-05,-0.000217604,0.00116175,-0.00025622,0.00133853,0.0003031,-0.000486197,-1.7427e-05,-0.000379069,-0.00025622,0.00261354,-0.000297586,0.00139374,0.000438431,3.77835e-05,0.000114196,0.00133853,-0.000297586,0.00336957,0.000427524,0.000862918,3.89766e-05,-0.00129858,0.0003031,0.00139374,0.000427524,0.0238377,0.000169731,0.00154137,0.000277118,-0.000486197,0.000438431,0.000862918,0.000169731,0.0251351,7.30569e-05,4.71368e-05,-1.7427e-05,3.77835e-05,3.89766e-05,0.00154137,7.30569e-05,0.0467108,
0.00425071,-0.000217633,-0.000378997,0.000114237,-0.00129867,0.000276965,4.7139e-05,-0.000217633,0.00116174,-0.000256249,0.00133852,0.000303104,-0.000485998,-1.74099e-05,-0.000378997,-0.000256249,0.00261358,-0.00029761,0.00139372,0.000438084,3.78518e-05,0.000114237,0.00133852,-0.00029761,0.00336959,0.000427752,0.000862507,3.89608e-05,-0.00129867,0.000303104,0.00139372,0.000427752,0.023839,0.000169756,0.001541,0.000276965,-0.000485998,0.000438084,0.000862507,0.000169756,0.0251342,7.29695e-05,4.7139e-05,-1.74099e-05,3.78518e-05,3.89608e-05,0.001541,7.29695e-05,0.0467109,
0.00425071,-0.000217647,-0.000378917,0.000114266,-0.00129876,0.000276871,4.71101e-05,-0.000217647,0.00116174,-0.000256269,0.00133851,0.000303097,-0.000485882,-1.73883e-05,-0.000378917,-0.000256269,0.00261361,-0.000297619,0.0013937,0.000437894,3.78839e-05,0.000114266,0.00133851,-0.000297619,0.00336961,0.000427887,0.000862305,3.89493e-05,-0.00129876,0.000303097,0.0013937,0.000427887,0.02384,0.000169795,0.00154042,0.000276871,-0.000485882,0.000437894,0.000862305,0.000169795,0.0251339,7.28888e-05,4.71101e-05,-1.73883e-05,3.78839e-05,3.89493e-05,0.00154042,7.28888e-05,0.046711,
0.0042507,-0.000217654,-0.000378838,0.000114289,-0.00129885,0.00027681,4.70662e-05,-0.000217654,0.00116173,-0.000256283,0.00133851,0.000303087,-0.000485813,-1.73641e-05,-0.000378838,-0.000256283,0.00261363,-0.000297623,0.00139368,0.000437786,3.78985e-05,0.000114289,0.00133851,-0.000297623,0.00336962,0.000427967,0.000862194,3.89404e-05,-0.00129885,0.000303087,0.00139368,0.000427967,0.0238407,0.000169831,0.00153974,0.00027681,-0.000485813,0.000437786,0.000862194,0.000169831,0.0251339,7.2812e-05,4.70662e-05,-1.73641e-05,3.78985e-05,3.89404e-05,0.00153974,7.2812e-05,0.0467111,
0.0042507,-0.000217656,-0.000378764,0.000114309,-0.00129893,0.00027677,4.70153e-05,-0.000217656,0.00116173,-0.000256292,0.00133851,0.000303079,-0.000485767,-1.73388e-05,-0.000378764,-0.000256292,0.00261365,-0.000297624,0.00139366,0.00043772,3.79047e-05,0.000114309,0.00133851,-0.000297624,0.00336963,0.000428015,0.000862124,3.8933e-05,-0.00129893,0.000303079,0.00139366,0.000428015,0.0238414,0.00016986,0.00153902,0.00027677,-0.000485767,0.00043772,0.000862124,0.00016986,0.025134,7.27375e-05,4.70153e-05,-1.73388e-05,3.79047e-05,3.8933e-05,0.00153902,7.27375e-05,0.0467111,
0.00425069,-0.000217657,-0.000378694,0.000114325,-0.001299,0.000276742,4.69611e-05,-0.000217657,0.00116173,-0.000256299,0.0013385,0.000303072,-0.000485734,-1.73128e-05,-0.000378694,-0.000256299,0.00261365,-0.000297624,0.00139365,0.000437677,3.79068e-05,0.000114325,0.0013385,-0.000297624,0.00336964,0.000428046,0.000862073,3.89265e-05,-0.001299,0.000303072,0.00139365,0.000428046,0.023842,0.000169883,0.00153827,0.000276742,-0.000485734,0.000437677,0.000862073,0.000169883,0.0251343,7.26646e-05,4.69611e-05,-1.73128e-05,3.79068e-05,3.89265e-05,0.00153827,7.26646e-05,0.0467112,
0.00425069,-0.000217658,-0.00037863,0.00011434,-0.00129906,0.00027672,4.69054e-05,-0.000217658,0.00116173,-0.000256305,0.0013385,0.000303066,-0.000485707,-1.72865e-05,-0.00037863,-0.000256305,0.00261366,-0.000297624,0.00139365,0.000437645,3.79069e-05,0.00011434,0.0013385,-0.000297624,0.00336964,0.000428068,0.000862031,3.89205e-05,-0.00129906,0.000303066,0.00139365,0.000428068,0.0238426,0.000169903,0.00153752,0.00027672,-0.000485707,0.000437645,0.000862031,0.000169903,0.0251345,7.25926e-05,4.69054e-05,-1.72865e-05,3.79069e-05,3.89205e-05,0.00153752,7.25926e-05,0.0467113,
0.00425068,-0.000217657,-0.000378572,0.000114353,-0.00129911,0.000276702,4.6849e-05,-0.000217657,0.00116173,-0.00025631,0.0013385,0.000303061,-0.000485684,-1.72602e-05,-0.000378572,-0.00025631,0.00261366,-0.000297623,0.00139364,0.000437619,3.7906e-05,0.000114353,0.0013385,-0.000297623,0.00336965,0.000428084,0.000861993,3.89147e-05,-0.00129911,0.000303061,0.00139364,0.000428084,0.0238432,0.000169919,0.00153677,0.000276702,-0.000485684,0.000437619,0.000861993,0.000169919,0.0251348,7.25213e-05,4.6849e-05,-1.72602e-05,3.7906e-05,3.89147e-05,0.00153677,7.25213e-05,0.0467114,
0.00425068,-0.000217657,-0.000378519,0.000114365,-0.00129916,0.000276687,4.67925e-05,-0.000217657,0.00116172,-0.000256314,0.0013385,0.000303056,-0.000485662,-1.72339e-05,-0.000378519,-0.000256314,0.00261366,-0.000297623,0.00139364,0.000437596,3.79044e-05,0.000114365,0.0013385,-0.000297623,0.00336965,0.000428098,0.000861958,3.89091e-05,-0.00129916,0.000303056,0.00139364,0.000428098,0.0238437,0.000169935,0.00153602,0.000276687,-0.000485662,0.000437596,0.000861958,0.000169935,0.025135,7.24506e-05,4.67925e-05,-1.72339e-05,3.79044e-05,3.89091e-05,0.00153602,7.24506e-05,0.0467114,
0.00425068,-0.000217656,-0.00037847,0.000114375,-0.0012992,0.000276673,4.67359e-05,-0.000217656,0.00116172,-0.000256317,0.0013385,0.000303052,-0.000485642,-1.72077e-05,-0.00037847,-0.000256317,0.00261367,-0.000297622,0.00139364,0.000437575,3.79026e-05,0.000114375,0.0013385,-0.000297622,0.00336966,0.00042811,0.000861923,3.89037e-05,-0.0012992,0.000303052,0.00139364,0.00042811,0.0238443,0.00016995,0.00153526,0.000276673,-0.000485642,0.000437575,0.000861923,0.00016995,0.0251353,7.23804e-05,4.67359e-05,-1.72077e-05,3.79026e-05,3.89037e-05,0.00153526,7.23804e-05,0.0467115,
0.00425067,-0.000217656,-0.000378427,0.000114385,-0.00129923,0.000276661,4.66794e-05,-0.000217656,0.00116172,-0.000256321,0.0013385,0.000303046,-0.000485623,-1.71815e-05,-0.000378427,-0.000256321,0.00261367,-0.000297621,0.00139364,0.000437555,3.79005e-05,0.000114385,0.0013385,-0.000297621,0.00336966,0.000428121,0.000861889,3.88982e-05,-0.00129923,0.000303046,0.00139364,0.000428121,0.0238448,0.000169964,0.00153452,0.000276661,-0.000485623,0.000437555,0.000861889,0.000169964,0.0251356,7.23105e-05,4.66794e-05,-1.71815e-05,3.79005e-05,3.88982e-05,0.00153452,7.23105e-05,0.0467116,
0.00425067,-0.000217656,-0.000378382,0.000114404,-0.00129926,0.000276763,4.66291e-05,-0.000217633,0.00116172,-0.000256284,0.00133859,0.00030306,-0.000484522,-1.70977e-05,-0.000378413,-0.00025632,0.00261363,-0.00029773,0.00139362,0.000436279,3.78314e-05,0.00011437,0.0013385,-0.000297662,0.00336957,0.000428112,0.000860728,3.88329e-05,-0.00129924,0.00030304,0.00139366,0.00042819,0.0238453,0.000170658,0.00153381,0.000275786,-0.000485507,0.000436051,0.000858305,0.000169273,0.0250949,7.00584e-05,4.66224e-05,-1.71553e-05,3.78971e-05,3.88901e-05,0.00153377,7.22087e-05,0.0467116,
0.00425067,-0.000217655,-0.000378347,0.000114411,-0.00129928,0.000276752,4.65842e-05,-0.000217632,0.00116172,-0.000256287,0.00133859,0.000303056,-0.000484505,-1.70767e-05,-0.000378377,-0.000256323,0.00261363,-0.000297729,0.00139362,0.00043626,3.78305e-05,0.000114378,0.0013385,-0.000297661,0.00336957,0.000428121,0.000860696,3.88285e-05,-0.00129927,0.000303036,0.00139366,0.000428199,0.0238458,0.000170669,0.00153321,0.000275776,-0.00048549,0.000436032,0.000858273,0.000169283,0.0250951,7.0003e-05,4.65775e-05,-1.71343e-05,3.78962e-05,3.88857e-05,0.00153317,7.21524e-05,0.0467117,
0.00425067,-0.000217655,-0.000378313,0.000114422,-0.00129931,0.000276789,4.65494e-05,-0.000217622,0.00116172,-0.000256273,0.00133863,0.000303061,-0.000484048,-1.70358e-05,-0.000378356,-0.000256324,0.00261361,-0.000297773,0.00139361,0.000435732,3.78029e-05,0.000114375,0.0013385,-0.000297677,0.00336954,0.000428121,0.00086021,3.88006e-05,-0.00129929,0.000303033,0.00139367,0.000428232,0.0238462,0.000170956,0.00153273,0.000275415,-0.000485435,0.000435411,0.000856801,0.000169006,0.0250786,6.90726e-05,4.65399e-05,-1.71167e-05,3.78953e-05,3.88809e-05,0.00153267,7.20923e-05,0.0467117,
0.00425067,-0.000217654,-0.000378284,0.000114429,-0.00129934,0.000276782,4.65225e-05,-0.000217622,0.00116171,-0.000256275,0.00133863,0.00030306,-0.000484035,-1.70229e-05,-0.000378327,-0.000256326,0.00261361,-0.000297773,0.0013936,0.000435718,3.78033e-05,0.000114381,0.0013385,-0.000297677,0.00336954,0.000428128,0.000860187,3.87978e-05,-0.00129932,0.000303032,0.00139367,0.000428238,0.0238464,0.000170961,0.00153236,0.000275407,-0.000485421,0.000435397,0.000856777,0.00016901,0.0250787,6.90382e-05,4.65131e-05,-1.71038e-05,3.78956e-05,3.88782e-05,0.00153231,7.20575e-05,0.0467118,
0.00425067,-0.000217654,-0.000378257,0.000114434,-0.00129937,0.000276775,4.65036e-05,-0.000217622,0.00116171,-0.000256277,0.00133863,0.00030306,-0.000484023,-1.70137e-05,-0.0003783,-0.000256328,0.00261362,-0.000297773,0.0013936,0.000435706,3.7804e-05,0.000114387,0.0013385,-0.000297677,0.00336954,0.000428133,0.000860169,3.87958e-05,-0.00129935,0.000303031,0.00139366,0.000428243,0.0238467,0.000170963,0.0015321,0.0002754,-0.00048541,0.000435385,0.000856758,0.000169013,0.0250787,6.90131e-05,4.64941e-05,-1.70946e-05,3.78963e-05,3.88762e-05,0.00153205,7.20324e-05,0.0467118,
0.00425067,-0.000217654,-0.000378233,0.000114439,-0.00129939,0.00027677,4.64908e-05,-0.000217621,0.00116171,-0.000256278,0.00133863,0.00030306,-0.000484014,-1.70074e-05,-0.000378277,-0.000256329,0.00261362,-0.000297773,0.00139359,0.000435697,3.78049e-05,0.000114392,0.0013385,-0.000297677,0.00336955,0.000428136,0.000860155,3.87944e-05,-0.00129937,0.000303032,0.00139366,0.000428247,0.0238468,0.000170964,0.00153192,0.000275394,-0.000485401,0.000435376,0.000856743,0.000169013,0.0250788,6.89954e-05,4.64814e-05,-1.70883e-05,3.78972e-05,3.88747e-05,0.00153187,7.2015e-05,0.0467118,
0.00425066,-0.000217653,-0.000378212,0.000114444,-0.00129942,0.000276765,4.64828e-05,-0.000217621,0.00116171,-0.00025628,0.00133863,0.000303061,-0.000484007,-1.70033e-05,-0.000378255,-0.000256331,0.00261362,-0.000297773,0.00139359,0.000435691,3.78058e-05,0.000114396,0.0013385,-0.000297677,0.00336955,0.000428139,0.000860145,3.87934e-05,-0.0012994,0.000303033,0.00139365,0.000428249,0.0238469,0.000170964,0.00153181,0.000275389,-0.000485394,0.000435369,0.000856732,0.000169012,0.0250788,6.89834e-05,4.64734e-05,-1.70842e-05,3.78982e-05,3.88738e-05,0.00153176,7.20036e-05,0.0467118,
0.00425066,-0.000217653,-0.000378192,0.000114447,-0.00129944,0.000276762,4.64785e-05,-0.00021762,0.00116171,-0.000256281,0.00133863,0.000303063,-0.000484001,-1.7001e-05,-0.000378235,-0.000256332,0.00261362,-0.000297773,0.00139358,0.000435686,3.78068e-05,0.0001144,0.0013385,-0.000297678,0.00336955,0.00042814,0.000860139,3.87928e-05,-0.00129942,0.000303034,0.00139365,0.000428251,0.023847,0.000170963,0.00153174,0.000275385,-0.000485389,0.000435364,0.000856725,0.000169011,0.0250788,6.89761e-05,4.6469e-05,-1.70819e-05,3.78992e-05,3.88732e-05,0.00153169,7.19968e-05,0.0467118,
0.00425066,-0.000217652,-0.000378174,0.000114451,-0.00129947,0.000276759,4.6477e-05,-0.00021762,0.00116171,-0.000256282,0.00133863,0.000303064,-0.000483996,-1.7e-05,-0.000378217,-0.000256333,0.00261362,-0.000297774,0.00139358,0.000435682,3.78078e-05,0.000114404,0.0013385,-0.000297678,0.00336955,0.000428141,0.000860134,3.87925e-05,-0.00129945,0.000303036,0.00139364,0.000428252,0.023847,0.000170962,0.00153172,0.000275382,-0.000485384,0.000435361,0.00085672,0.000169009,0.0250788,6.89725e-05,4.64676e-05,-1.70809e-05,3.79002e-05,3.88729e-05,0.00153167,7.19937e-05,0.0467118,
0.00425066,-0.000217652,-0.000378158,0.000114454,-0.00129949,0.000276756,4.64778e-05,-0.000217619,0.00116171,-0.000256283,0.00133863,0.000303066,-0.000483992,-1.7e-05,-0.000378201,-0.000256334,0.00261362,-0.000297774,0.00139357,0.00043568,3.78088e-05,0.000114407,0.0013385,-0.000297678,0.00336955,0.000428142,0.000860132,3.87925e-05,-0.00129947,0.000303037,0.00139364,0.000428252,0.0238471,0.00017096,0.00153172,0.00027538,-0.000485381,0.000435359,0.000856717,0.000169007,0.0250787,6.89717e-05,4.64683e-05,-1.7081e-05,3.79012e-05,3.88729e-05,0.00153167,7.19935e-05,0.0467118,
0.00425066,-0.000217652,-0.000378143,0.000114457,-0.00129951,0.000276754,4.64801e-05,-0.000217619,0.00116171,-0.000256284,0.00133863,0.000303068,-0.00048399,-1.70009e-05,-0.000378186,-0.000256335,0.00261362,-0.000297774,0.00139357,0.000435679,3.78098e-05,0.00011441,0.0013385,-0.000297678,0.00336955,0.000428142,0.000860131,3.87926e-05,-0.00129949,0.000303039,0.00139363,0.000428253,0.0238471,0.000170958,0.00153175,0.000275377,-0.000485378,0.000435357,0.000856715,0.000169004,0.0250787,6.89732e-05,4.64706e-05,-1.70818e-05,3.79022e-05,3.8873e-05,0.00153169,7.19953e-05,0.0467118,
0.00425066,-0.000217651,-0.00037813,0.00011446,-0.00129953,0.000276753,4.64837e-05,-0.000217619,0.00116171,-0.000256285,0.00133863,0.00030307,-0.000483988,-1.70023e-05,-0.000378173,-0.000256336,0.00261362,-0.000297774,0.00139356,0.000435678,3.78107e-05,0.000114412,0.0013385,-0.000297678,0.00336955,0.000428142,0.000860131,3.87928e-05,-0.00129951,0.000303041,0.00139363,0.000428252,0.023847,0.000170955,0.00153179,0.000275376,-0.000485377,0.000435357,0.000856716,0.000169002,0.0250787,6.89763e-05,4.64742e-05,-1.70833e-05,3.79031e-05,3.88732e-05,0.00153174,7.19988e-05,0.0467118,
0.00425066,-0.000217651,-0.000378117,0.000114462,-0.00129955,0.000276751,4.64881e-05,-0.000217618,0.00116171,-0.000256286,0.00133863,0.000303072,-0.000483986,-1.70042e-05,-0.00037816,-0.000256337,0.00261362,-0.000297775,0.00139356,0.000435679,3.78116e-05,0.000114415,0.0013385,-0.000297679,0.00336955,0.000428141,0.000860133,3.87931e-05,-0.00129953,0.000303043,0.00139362,0.000428252,0.023847,0.000170952,0.00153184,0.000275374,-0.000485375,0.000435357,0.000856717,0.000168999,0.0250787,6.89807e-05,4.64787e-05,-1.70851e-05,3.7904e-05,3.88735e-05,0.00153179,7.20035e-05,0.0467118,
0.00425066,-0.000217651,-0.000378106,0.000114464,-0.00129957,0.00027675,4.64932e-05,-0.000217618,0.00116171,-0.000256287,0.00133863,0.000303074,-0.000483986,-1.70063e-05,-0.000378149,-0.000256338,0.00261363,-0.000297775,0.00139355,0.000435679,3.78124e-05,0.000114417,0.0013385,-0.000297679,0.00336955,0.000428141,0.000860135,3.87935e-05,-0.00129955,0.000303045,0.00139362,0.000428251,0.023847,0.00017095,0.0015319,0.000275373,-0.000485374,0.000435358,0.000856719,0.000168996,0.0250786,6.8986e-05,4.64837e-05,-1.70873e-05,3.79049e-05,3.88739e-05,0.00153185,7.20089e-05,0.0467118,
0.00425065,-0.00021765,-0.000378096,0.000114466,-0.00129958,0.000276749,4.64986e-05,-0.000217618,0.00116171,-0.000256287,0.00133863,0.000303076,-0.000483985,-1.70087e-05,-0.000378139,-0.000256339,0.00261363,-0.000297775,0.00139355,0.000435681,3.78132e-05,0.000114419,0.0013385,-0.000297679,0.00336955,0.00042814,0.000860137,3.87939e-05,-0.00129957,0.000303047,0.00139361,0.000428251,0.023847,0.000170947,0.00153197,0.000275372,-0.000485374,0.000435359,0.000856722,0.000168994,0.0250786,6.89919e-05,4.64891e-05,-1.70896e-05,3.79057e-05,3.88744e-05,0.00153192,7.20149e-05,0.0467118,
0.00425065,-0.00021765,-0.000378086,0.000114468,-0.0012996,0.000276749,4.65042e-05,-0.000217618,0.00116171,-0.000256288,0.00133863,0.000303078,-0.000483985,-1.70111e-05,-0.000378129,-0.000256339,0.00261363,-0.000297775,0.00139354,0.000435682,3.78139e-05,0.00011442,0.0013385,-0.000297679,0.00336955,0.000428139,0.00086014,3.87944e-05,-0.00129958,0.000303049,0.00139361,0.00042825,0.0238469,0.000170944,0.00153204,0.000275372,-0.000485374,0.00043536,0.000856725,0.000168991,0.0250786,6.89982e-05,4.64947e-05,-1.70921e-05,3.79064e-05,3.88748e-05,0.00153199,7.20212e-05,0.0467118,
0.00425065,-0.00021765,-0.000378078,0.000114469,-0.00129961,0.000276748,4.65099e-05,-0.000217618,0.00116171,-0.000256289,0.00133863,0.000303079,-0.000483985,-1.70136e-05,-0.000378121,-0.00025634,0.00261363,-0.000297776,0.00139354,0.000435683,3.78147e-05,0.000114422,0.0013385,-0.00029768,0.00336955,0.000428138,0.000860143,3.87949e-05,-0.0012996,0.000303051,0.0013936,0.000428249,0.0238469,0.000170942,0.00153211,0.000275371,-0.000485374,0.000435362,0.000856728,0.000168988,0.0250785,6.90047e-05,4.65004e-05,-1.70946e-05,3.79071e-05,3.88753e-05,0.00153206,7.20276e-05,0.0467118,
0.00425065,-0.00021765,-0.00037807,0.000114471,-0.00129963,0.000276747,4.65155e-05,-0.000217617,0.00116171,-0.000256289,0.00133863,0.000303081,-0.000483985,-1.70161e-05,-0.000378113,-0.00025634,0.00261363,-0.000297776,0.00139353,0.000435685,3.78153e-05,0.000114424,0.0013385,-0.00029768,0.00336955,0.000428138,0.000860146,3.87953e-05,-0.00129961,0.000303053,0.0013936,0.000428248,0.0238468,0.000170939,0.00153218,0.000275371,-0.000485374,0.000435363,0.000856732,0.000168986,0.0250785,6.90111e-05,4.6506e-05,-1.70971e-05,3.79078e-05,3.88758e-05,0.00153213,7.2034e-05,0.0467118,
0.00425065,-0.00021765,-0.000378062,0.000114472,-0.00129964,0.000276747,4.6521e-05,-0.000217617,0.00116171,-0.00025629,0.00133863,0.000303083,-0.000483985,-1.70186e-05,-0.000378105,-0.000256341,0.00261363,-0.000297776,0.00139353,0.000435687,3.7816e-05,0.000114425,0.0013385,-0.00029768,0.00336955,0.000428137,0.00086015,3.87958e-05,-0.00129962,0.000303054,0.00139359,0.000428247,0.0238468,0.000170937,0.00153225,0.000275371,-0.000485374,0.000435365,0.000856735,0.000168984,0.0250785,6.90175e-05,4.65115e-05,-1.70996e-05,3.79084e-05,3.88762e-05,0.0015322,7.20403e-05,0.0467118,
0.00425065,-0.00021765,-0.000378055,0.000114474,-0.00129965,0.000276747,4.65263e-05,-0.000217617,0.00116171,-0.00025629,0.00133863,0.000303084,-0.000483986,-1.70209e-05,-0.000378099,-0.000256342,0.00261363,-0.000297776,0.00139352,0.000435688,3.78165e-05,0.000114426,0.0013385,-0.00029768,0.00336955,0.000428136,0.000860153,3.87963e-05,-0.00129963,0.000303056,0.00139359,0.000428247,0.0238468,0.000170934,0.00153232,0.00027537,-0.000485374,0.000435367,0.000856739,0.000168982,0.0250785,6.90237e-05,4.65168e-05,-1.71019e-05,3.7909e-05,3.88767e-05,0.00153227,7.20464e-05,0.0467118,
0.00425065,-0.000217649,-0.000378049,0.000114475,-0.00129966,0.000276746,4.65314e-05,-0.000217617,0.00116171,-0.000256291,0.00133863,0.000303086,-0.000483986,-1.70232e-05,-0.000378092,-0.000256342,0.00261363,-0.000297776,0.00139352,0.00043569,3.78171e-05,0.000114427,0.0013385,-0.000297681,0.00336955,0.000428135,0.000860156,3.87967e-05,-0.00129965,0.000303057,0.00139359,0.000428246,0.0238467,0.000170932,0.00153238,0.00027537,-0.000485374,0.000435368,0.000856742,0.00016898,0.0250785,6.90297e-05,4.65219e-05,-1.71042e-05,3.79095e-05,3.88771e-05,0.00153233,7.20523e-05,0.0467118,
0.00425065,-0.000217649,-0.000378043,0.000114476,-0.00129967,0.000276746,4.65362e-05,-0.000217617,0.00116171,-0.000256291,0.00133863,0.000303087,-0.000483986,-1.70254e-05,-0.000378086,-0.000256342,0.00261363,-0.000297777,0.00139352,0.000435691,3.78176e-05,0.000114428,0.0013385,-0.000297681,0.00336955,0.000428135,0.000860159,3.87971e-05,-0.00129966,0.000303059,0.00139358,0.000428245,0.0238467,0.00017093,0.00153244,0.00027537,-0.000485374,0.00043537,0.000856745,0.000168978,0.0250784,6.90353e-05,4.65267e-05,-1.71063e-05,3.791e-05,3.88776e-05,0.00153239,7.20579e-05,0.0467118,
0.00425065,-0.000217649,-0.000378038,0.000114477,-0.00129968,0.000276746,4.65407e-05,-0.000217617,0.00116171,-0.000256292,0.00133863,0.000303088,-0.000483987,-1.70274e-05,-0.000378081,-0.000256343,0.00261363,-0.000297777,0.00139351,0.000435693,3.78181e-05,0.000114429,0.0013385,-0.000297681,0.00336955,0.000428134,0.000860162,3.87975e-05,-0.00129966,0.00030306,0.00139358,0.000428245,0.0238467,0.000170928,0.0015325,0.00027537,-0.000485375,0.000435371,0.000856748,0.000168976,0.0250784,6.90407e-05,4.65312e-05,-1.71084e-05,3.79105e-05,3.88779e-05,0.00153245,7.20631e-05,0.0467118,
0.00425065,-0.000217649,-0.000378033,0.000114478,-0.00129969,0.000276745,4.65449e-05,-0.000217617,0.00116171,-0.000256292,0.00133863,0.00030309,-0.000483987,-1.70293e-05,-0.000378076,-0.000256343,0.00261363,-0.000297777,0.00139351,0.000435694,3.78185e-05,0.00011443,0.0013385,-0.000297681,0.00336955,0.000428134,0.000860164,3.87979e-05,-0.00129967,0.000303061,0.00139358,0.000428244,0.0238466,0.000170926,0.00153255,0.00027537,-0.000485375,0.000435373,0.000856751,0.000168974,0.0250784,6.90457e-05,4.65354e-05,-1.71102e-05,3.7911e-05,3.88783e-05,0.0015325,7.2068e-05,0.0467118,
0.00425065,-0.000217649,-0.000378028,0.000114479,-0.0012997,0.000276745,4.65488e-05,-0.000217617,0.00116171,-0.000256293,0.00133863,0.000303091,-0.000483988,-1.7031e-05,-0.000378071,-0.000256344,0.00261363,-0.000297777,0.00139351,0.000435695,3.78189e-05,0.000114431,0.0013385,-0.000297681,0.00336955,0.000428133,0.000860167,3.87982e-05,-0.00129968,0.000303062,0.00139357,0.000428243,0.0238466,0.000170925,0.0015326,0.00027537,-0.000485375,0.000435374,0.000856754,0.000168973,0.0250784,6.90503e-05,4.65394e-05,-1.7112e-05,3.79114e-05,3.88786e-05,0.00153255,7.20725e-05,0.0467118,
0.00425065,-0.000217649,-0.000378024,0.000114479,-0.00129971,0.000276745,4.65525e-05,-0.000217617,0.00116171,-0.000256293,0.00133863,0.000303092,-0.000483988,-1.70327e-05,-0.000378067,-0.000256344,0.00261363,-0.000297777,0.00139351,0.000435696,3.78193e-05,0.000114432,0.0013385,-0.000297681,0.00336955,0.000428133,0.000860169,3.87985e-05,-0.00129969,0.000303063,0.00139357,0.000428243,0.0238466,0.000170923,0.00153265,0.000275369,-0.000485375,0.000435375,0.000856756,0.000168972,0.0250784,6.90546e-05,4.6543e-05,-1.71136e-05,3.79117e-05,3.8879e-05,0.0015326,7.20767e-05,0.0467118,
0.00425065,-0.000217649,-0.00037802,0.00011448,-0.00129971,0.000276745,4.65558e-05,-0.000217617,0.00116171,-0.000256293,0.00133863,0.000303093,-0.000483988,-1.70342e-05,-0.000378063,-0.000256344,0.00261363,-0.000297777,0.0013935,0.000435697,3.78197e-05,0.000114433,0.0013385,-0.000297682,0.00336955,0.000428132,0.000860171,3.87988e-05,-0.0012997,0.000303064,0.00139357,0.000428243,0.0238465,0.000170922,0.00153269,0.000275369,-0.000485376,0.000435376,0.000856759,0.00016897,0.0250784,6.90585e-05,4.65463e-05,-1.71151e-05,3.79121e-05,3.88792e-05,0.00153264,7.20806e-05,0.0467118,
0.00425065,-0.000217649,-0.000378016,0.000114481,-0.00129972,0.000276744,4.65589e-05,-0.000217616,0.00116171,-0.000256294,0.00133863,0.000303094,-0.000483988,-1.70355e-05,-0.000378059,-0.000256345,0.00261363,-0.000297778,0.0013935,0.000435698,3.782e-05,0.000114434,0.0013385,-0.000297682,0.00336955,0.000428132,0.000860173,3.87991e-05,-0.0012997,0.000303065,0.00139357,0.000428242,0.0238465,0.000170921,0.00153273,0.000275369,-0.000485376,0.000435377,0.000856761,0.000168969,0.0250783,6.90621e-05,4.65494e-05,-1.71165e-05,3.79124e-05,3.88795e-05,0.00153268,7.20841e-05,0.0467118,
0.00425065,-0.000217649,-0.000378012,0.000114482,-0.00129973,0.000276744,4.65616e-05,-0.000217616,0.00116171,-0.000256294,0.00133863,0.000303095,-0.000483989,-1.70368e-05,-0.000378055,-0.000256345,0.00261363,-0.000297778,0.0013935,0.000435699,3.78203e-05,0.000114434,0.0013385,-0.000297682,0.00336955,0.000428132,0.000860174,3.87993e-05,-0.00129971,0.000303066,0.00139357,0.000428242,0.0238465,0.000170919,0.00153277,0.000275369,-0.000485376,0.000435378,0.000856763,0.000168968,0.0250783,6.90654e-05,4.65522e-05,-1.71177e-05,3.79127e-05,3.88797e-05,0.00153272,7.20873e-05,0.0467118,
0.00425065,-0.000217649,-0.000378009,0.000114482,-0.00129973,0.000276744,4.65642e-05,-0.000217616,0.00116171,-0.000256294,0.00133863,0.000303095,-0.000483989,-1.70379e-05,-0.000378052,-0.000256345,0.00261363,-0.000297778,0.0013935,0.0004357,3.78206e-05,0.000114435,0.0013385,-0.000297682,0.00336955,0.000428131,0.000860176,3.87995e-05,-0.00129972,0.000303067,0.00139356,0.000428242,0.0238465,0.000170918,0.0015328,0.000275369,-0.000485376,0.000435379,0.000856764,0.000168967,0.0250783,6.90683e-05,4.65547e-05,-1.71189e-05,3.7913e-05,3.88799e-05,0.00153275,7.20902e-05,0.0467118,
0.00425065,-0.000217649,-0.000378005,0.000114483,-0.00129974,0.000276744,4.65665e-05,-0.000217616,0.00116171,-0.000256295,0.00133863,0.000303096,-0.000483989,-1.70389e-05,-0.000378048,-0.000256346,0.00261363,-0.000297778,0.0013935,0.0004357,3.78208e-05,0.000114436,0.0013385,-0.000297682,0.00336955,0.000428131,0.000860177,3.87997e-05,-0.00129972,0.000303068,0.00139356,0.000428242,0.0238465,0.000170917,0.00153283,0.000275368,-0.000485376,0.000435379,0.000856766,0.000168966,0.0250783,6.9071e-05,4.6557e-05,-1.71199e-05,3.79133e-05,3.88801e-05,0.00153278,7.20928e-05,0.0467117,
0.00425065,-0.000217649,-0.000378002,0.000114484,-0.00129974,0.000276743,4.65685e-05,-0.000217616,0.00116171,-0.000256295,0.00133863,0.000303097,-0.000483989,-1.70399e-05,-0.000378045,-0.000256346,0.00261363,-0.000297778,0.00139349,0.000435701,3.78211e-05,0.000114436,0.0013385,-0.000297682,0.00336955,0.000428131,0.000860178,3.87999e-05,-0.00129973,0.000303068,0.00139356,0.000428241,0.0238465,0.000170917,0.00153285,0.000275368,-0.000485376,0.00043538,0.000856767,0.000168966,0.0250783,6.90734e-05,4.65591e-05,-1.71208e-05,3.79135e-05,3.88803e-05,0.0015328,7.20951e-05,0.0467117,
0.00425065,-0.000217649,-0.000377999,0.000114484,-0.00129975,0.000276743,4.65704e-05,-0.000217616,0.00116171,-0.000256295,0.00133863,0.000303097,-0.000483989,-1.70407e-05,-0.000378042,-0.000256346,0.00261363,-0.000297778,0.00139349,0.000435701,3.78213e-05,0.000114437,0.0013385,-0.000297682,0.00336955,0.000428131,0.00086018,3.88e-05,-0.00129973,0.000303069,0.00139356,0.000428241,0.0238464,0.000170916,0.00153288,0.000275368,-0.000485376,0.00043538,0.000856768,0.000168965,0.0250783,6.90755e-05,4.65609e-05,-1.71216e-05,3.79138e-05,3.88805e-05,0.00153283,7.20972e-05,0.0467117,
0.00425064,-0.000217649,-0.000377996,0.000114485,-0.00129975,0.000276743,4.65721e-05,-0.000217616,0.00116171,-0.000256296,0.00133863,0.000303098,-0.000483989,-1.70414e-05,-0.000378039,-0.000256347,0.00261363,-0.000297778,0.00139349,0.000435702,3.78215e-05,0.000114437,0.0013385,-0.000297683,0.00336955,0.000428131,0.00086018,3.88002e-05,-0.00129974,0.00030307,0.00139356,0.000428241,0.0238464,0.000170915,0.0015329,0.000275368,-0.000485376,0.000435381,0.000856769,0.000168964,0.0250783,6.90774e-05,4.65626e-05,-1.71224e-05,3.7914e-05,3.88806e-05,0.00153285,7.20991e-05,0.0467117,
0.00425064,-0.000217649,-0.000377994,0.000114485,-0.00129976,0.000276742,4.65736e-05,-0.000217616,0.00116171,-0.000256296,0.00133863,0.000303099,-0.000483989,-1.70421e-05,-0.000378037,-0.000256347,0.00261363,-0.000297779,0.00139349,0.000435702,3.78217e-05,0.000114438,0.0013385,-0.000297683,0.00336955,0.000428131,0.000860181,3.88003e-05,-0.00129974,0.00030307,0.00139356,0.000428241,0.0238464,0.000170914,0.00153292,0.000275367,-0.000485376,0.000435381,0.00085677,0.000168964,0.0250783,6.90791e-05,4.65641e-05,-1.7123e-05,3.79142e-05,3.88807e-05,0.00153287,7.21008e-05,0.0467117,
0.00425064,-0.000217649,-0.000377991,0.000114486,-0.00129976,0.000276742,4.65749e-05,-0.000217616,0.00116171,-0.000256296,0.00133863,0.000303099,-0.000483989,-1.70427e-05,-0.000378034,-0.000256347,0.00261363,-0.000297779,0.00139349,0.000435702,3.78219e-05,0.000114439,0.0013385,-0.000297683,0.00336955,0.000428131,0.000860182,3.88004e-05,-0.00129974,0.000303071,0.00139355,0.000428241,0.0238464,0.000170914,0.00153293,0.000275367,-0.000485376,0.000435381,0.000856771,0.000168963,0.0250783,6.90806e-05,4.65654e-05,-1.71236e-05,3.79144e-05,3.88808e-05,0.00153288,7.21022e-05,0.0467117,
0.00425064,-0.000217649,-0.000377988,0.000114486,-0.00129977,0.000276742,4.65761e-05,-0.000217616,0.00116171,-0.000256296,0.00133863,0.0003031,-0.000483989,-1.70432e-05,-0.000378032,-0.000256347,0.00261363,-0.000297779,0.00139349,0.000435703,3.78221e-05,0.000114439,0.0013385,-0.000297683,0.00336955,0.000428131,0.000860182,3.88005e-05,-0.00129975,0.000303071,0.00139355,0.000428241,0.0238464,0.000170913,0.00153295,0.000275367,-0.000485375,0.000435381,0.000856772,0.000168963,0.0250783,6.90819e-05,4.65666e-05,-1.71241e-05,3.79146e-05,3.88809e-05,0.0015329,7.21035e-05,0.0467117,
0.00425064,-0.000217649,-0.000377986,0.000114487,-0.00129977,0.000276741,4.65771e-05,-0.000217616,0.00116171,-0.000256297,0.00133863,0.0003031,-0.000483988,-1.70436e-05,-0.000378029,-0.000256348,0.00261363,-0.000297779,0.00139349,0.000435703,3.78223e-05,0.00011444,0.0013385,-0.000297683,0.00336955,0.000428131,0.000860183,3.88006e-05,-0.00129975,0.000303072,0.00139355,0.000428241,0.0238464,0.000170913,0.00153296,0.000275367,-0.000485375,0.000435382,0.000856772,0.000168962,0.0250783,6.9083e-05,4.65676e-05,-1.71246e-05,3.79147e-05,3.8881e-05,0.00153291,7.21046e-05,0.0467117,
0.00425064,-0.000217649,-0.000377984,0.000114487,-0.00129977,0.000276741,4.6578e-05,-0.000217616,0.00116171,-0.000256297,0.00133863,0.0003031,-0.000483988,-1.7044e-05,-0.000378027,-0.000256348,0.00261363,-0.000297779,0.00139349,0.000435703,3.78225e-05,0.00011444,0.0013385,-0.000297683,0.00336955,0.000428131,0.000860183,3.88006e-05,-0.00129976,0.000303072,0.00139355,0.000428241,0.0238464,0.000170912,0.00153297,0.000275366,-0.000485375,0.000435382,0.000856773,0.000168962,0.0250783,6.9084e-05,4.65686e-05,-1.7125e-05,3.79149e-05,3.8881e-05,0.00153292,7.21056e-05,0.0467117,
0.00425064,-0.000217649,-0.000377981,0.000114488,-0.00129978,0.000276741,4.65789e-05,-0.000217616,0.00116171,-0.000256297,0.00133863,0.000303101,-0.000483988,-1.70444e-05,-0.000378024,-0.000256348,0.00261363,-0.000297779,0.00139349,0.000435703,3.78226e-05,0.000114441,0.0013385,-0.000297683,0.00336955,0.000428131,0.000860184,3.88007e-05,-0.00129976,0.000303072,0.00139355,0.000428242,0.0238464,0.000170912,0.00153298,0.000275366,-0.000485375,0.000435382,0.000856773,0.000168961,0.0250782,6.90849e-05,4.65694e-05,-1.71253e-05,3.79151e-05,3.88811e-05,0.00153293,7.21065e-05,0.0467117,
0.00425064,-0.000217649,-0.000377979,0.000114488,-0.00129978,0.00027674,4.65796e-05,-0.000217616,0.00116171,-0.000256297,0.00133863,0.000303101,-0.000483988,-1.70447e-05,-0.000378022,-0.000256348,0.00261363,-0.000297779,0.00139348,0.000435703,3.78228e-05,0.000114441,0.0013385,-0.000297683,0.00336955,0.000428131,0.000860184,3.88007e-05,-0.00129976,0.000303073,0.00139355,0.000428242,0.0238464,0.000170912,0.00153299,0.000275366,-0.000485375,0.000435382,0.000856773,0.000168961,0.0250782,6.90856e-05,4.65701e-05,-1.71257e-05,3.79152e-05,3.88811e-05,0.00153294,7.21072e-05,0.0467117,
0.00425064,-0.000217649,-0.000377977,0.000114489,-0.00129978,0.00027674,4.65802e-05,-0.000217616,0.00116171,-0.000256297,0.00133863,0.000303102,-0.000483988,-1.7045e-05,-0.00037802,-0.000256348,0.00261363,-0.000297779,0.00139348,0.000435703,3.78229e-05,0.000114442,0.0013385,-0.000297683,0.00336955,0.000428132,0.000860184,3.88008e-05,-0.00129977,0.000303073,0.00139355,0.000428242,0.0238464,0.000170911,0.001533,0.000275365,-0.000485374,0.000435382,0.000856774,0.000168961,0.0250782,6.90862e-05,4.65708e-05,-1.71259e-05,3.79154e-05,3.88812e-05,0.00153295,7.21078e-05,0.0467117,
0.00425064,-0.000217649,-0.000377975,0.000114489,-0.00129979,0.00027674,4.65808e-05,-0.000217616,0.00116171,-0.000256298,0.00133863,0.000303102,-0.000483987,-1.70452e-05,-0.000378018,-0.000256349,0.00261363,-0.000297779,0.00139348,0.000435703,3.78231e-05,0.000114442,0.0013385,-0.000297684,0.00336955,0.000428132,0.000860184,3.88008e-05,-0.00129977,0.000303073,0.00139355,0.000428242,0.0238464,0.000170911,0.00153301,0.000275365,-0.000485374,0.000435382,0.000856774,0.00016896,0.0250782,6.90868e-05,4.65713e-05,-1.71262e-05,3.79155e-05,3.88812e-05,0.00153295,7.21084e-05,0.0467117,
0.00425064,-0.000217649,-0.000377973,0.00011449,-0.00129979,0.000276739,4.65813e-05,-0.000217616,0.00116171,-0.000256298,0.00133863,0.000303102,-0.000483987,-1.70454e-05,-0.000378016,-0.000256349,0.00261363,-0.000297779,0.00139348,0.000435703,3.78232e-05,0.000114442,0.0013385,-0.000297684,0.00336955,0.000428132,0.000860184,3.88008e-05,-0.00129977,0.000303074,0.00139355,0.000428242,0.0238464,0.000170911,0.00153301,0.000275365,-0.000485374,0.000435381,0.000856774,0.00016896,0.0250782,6.90872e-05,4.65718e-05,-1.71264e-05,3.79156e-05,3.88812e-05,0.00153296,7.21088e-05,0.0467117,
0.00425064,-0.000217649,-0.000377971,0.00011449,-0.00129979,0.000276739,4.65817e-05,-0.000217616,0.00116171,-0.000256298,0.00133863,0.000303103,-0.000483987,-1.70456e-05,-0.000378014,-0.000256349,0.00261363,-0.00029778,0.00139348,0.000435702,3.78233e-05,0.000114443,0.0013385,-0.000297684,0.00336955,0.000428132,0.000860184,3.88009e-05,-0.00129978,0.000303074,0.00139355,0.000428242,0.0238464,0.00017091,0.00153302,0.000275364,-0.000485374,0.000435381,0.000856774,0.00016896,0.0250782,6.90876e-05,4.65723e-05,-1.71265e-05,3.79158e-05,3.88813e-05,0.00153296,7.21092e-05,0.0467117,
0.00425064,-0.000217649,-0.000377969,0.000114491,-0.0012998,0.000276739,4.65821e-05,-0.000217617,0.00116171,-0.000256298,0.00133863,0.000303103,-0.000483987,-1.70457e-05,-0.000378012,-0.000256349,0.00261363,-0.00029778,0.00139348,0.000435702,3.78235e-05,0.000114443,0.0013385,-0.000297684,0.00336955,0.000428132,0.000860184,3.88009e-05,-0.00129978,0.000303074,0.00139355,0.000428243,0.0238464,0.00017091,0.00153302,0.000275364,-0.000485373,0.000435381,0.000856774,0.00016896,0.0250782,6.90879e-05,4.65726e-05,-1.71267e-05,3.79159e-05,3.88813e-05,0.00153297,7.21095e-05,0.0467117,
0.00425064,-0.000217649,-0.000377967,0.000114491,-0.0012998,0.000276738,4.65825e-05,-0.000217617,0.00116171,-0.000256298,0.00133863,0.000303103,-0.000483986,-1.70459e-05,-0.00037801,-0.00025635,0.00261363,-0.00029778,0.00139348,0.000435702,3.78236e-05,0.000114444,0.0013385,-0.000297684,0.00336955,0.000428133,0.000860184,3.88009e-05,-0.00129978,0.000303075,0.00139354,0.000428243,0.0238464,0.00017091,0.00153302,0.000275364,-0.000485373,0.000435381,0.000856774,0.00016896,0.0250782,6.90882e-05,4.6573e-05,-1.71268e-05,3.7916e-05,3.88813e-05,0.00153297,7.21098e-05,0.0467117,
0.00425064,-0.000217649,-0.000377965,0.000114491,-0.0012998,0.000276738,4.65828e-05,-0.000217617,0.00116171,-0.000256299,0.00133863,0.000303103,-0.000483986,-1.7046e-05,-0.000378008,-0.00025635,0.00261363,-0.00029778,0.00139348,0.000435702,3.78237e-05,0.000114444,0.0013385,-0.000297684,0.00336955,0.000428133,0.000860184,3.88009e-05,-0.00129978,0.000303075,0.00139354,0.000428243,0.0238464,0.00017091,0.00153303,0.000275363,-0.000485373,0.000435381,0.000856774,0.000168959,0.0250782,6.90884e-05,4.65733e-05,-1.71269e-05,3.79161e-05,3.88813e-05,0.00153298,7.211e-05,0.0467117,
0.00425064,-0.000217649,-0.000377963,0.000114492,-0.0012998,0.000276738,4.6583e-05,-0.000217617,0.00116171,-0.000256299,0.00133863,0.000303104,-0.000483986,-1.70461e-05,-0.000378006,-0.00025635,0.00261363,-0.00029778,0.00139348,0.000435702,3.78238e-05,0.000114445,0.0013385,-0.000297684,0.00336955,0.000428133,0.000860184,3.88009e-05,-0.00129979,0.000303075,0.00139354,0.000428243,0.0238464,0.00017091,0.00153303,0.000275363,-0.000485372,0.000435381,0.000856774,0.000168959,0.0250782,6.90886e-05,4.65735e-05,-1.7127e-05,3.79163e-05,3.88813e-05,0.00153298,7.21102e-05,0.0467117,
0.00425064,-0.000217649,-0.000377961,0.000114492,-0.00129981,0.000276737,4.65832e-05,-0.000217617,0.00116171,-0.000256299,0.00133863,0.000303104,-0.000483985,-1.70462e-05,-0.000378004,-0.00025635,0.00261363,-0.00029778,0.00139348,0.000435701,3.7824e-05,0.000114445,0.0013385,-0.000297684,0.00336955,0.000428133,0.000860184,3.88009e-05,-0.00129979,0.000303075,0.00139354,0.000428244,0.0238464,0.000170909,0.00153303,0.000275362,-0.000485372,0.00043538,0.000856773,0.000168959,0.0250782,6.90887e-05,4.65738e-05,-1.71271e-05,3.79164e-05,3.88813e-05,0.00153298,7.21103e-05,0.0467117,
0.00425064,-0.000217649,-0.000377959,0.000114493,-0.00129981,0.000276737,4.65835e-05,-0.000217617,0.00116171,-0.000256299,0.00133863,0.000303104,-0.000483985,-1.70462e-05,-0.000378002,-0.00025635,0.00261363,-0.00029778,0.00139348,0.000435701,3.78241e-05,0.000114445,0.0013385,-0.000297684,0.00336955,0.000428134,0.000860184,3.88009e-05,-0.00129979,0.000303076,0.00139354,0.000428244,0.0238464,0.000170909,0.00153303,0.000275362,-0.000485372,0.00043538,0.000856773,0.000168959,0.0250782,6.90888e-05,4.6574e-05,-1.71272e-05,3.79165e-05,3.88813e-05,0.00153298,7.21104e-05,0.0467117,
0.00425064,-0.000217649,-0.000377957,0.000114493,-0.00129981,0.000276736,4.65836e-05,-0.000217617,0.00116171,-0.000256299,0.00133863,0.000303104,-0.000483985,-1.70463e-05,-0.000378,-0.000256351,0.00261363,-0.00029778,0.00139348,0.000435701,3.78242e-05,0.000114446,0.0013385,-0.000297684,0.00336955,0.000428134,0.000860184,3.88009e-05,-0.00129979,0.000303076,0.00139354,0.000428244,0.0238464,0.000170909,0.00153304,0.000275362,-0.000485371,0.00043538,0.000856773,0.000168959,0.0250782,6.90889e-05,4.65742e-05,-1.71272e-05,3.79166e-05,3.88813e-05,0.00153298,7.21105e-05,0.0467117,
0.00425064,-0.000217649,-0.000377955,0.000114494,-0.00129981,0.000276736,4.65838e-05,-0.000217617,0.00116171,-0.0002563,0.00133863,0.000303105,-0.000483984,-1.70463e-05,-0.000377998,-0.000256351,0.00261363,-0.00029778,0.00139348,0.000435701,3.78243e-05,0.000114446,0.0013385,-0.000297684,0.00336955,0.000428134,0.000860183,3.88009e-05,-0.0012998,0.000303076,0.00139354,0.000428244,0.0238464,0.000170909,0.00153304,0.000275361,-0.000485371,0.00043538,0.000856773,0.000168959,0.0250782,6.9089e-05,4.65743e-05,-1.71273e-05,3.79167e-05,3.88813e-05,0.00153299,7.21106e-05,0.0467117,
0.00425064,-0.000217649,-0.000377953,0.000114494,-0.00129982,0.000276736,4.6584e-05,-0.000217617,0.00116171,-0.0002563,0.00133863,0.000303105,-0.000483984,-1.70464e-05,-0.000377996,-0.000256351,0.00261363,-0.00029778,0.00139347,0.0004357,3.78244e-05,0.000114447,0.0013385,-0.000297685,0.00336956,0.000428134,0.000860183,3.88009e-05,-0.0012998,0.000303076,0.00139354,0.000428245,0.0238464,0.000170909,0.00153304,0.000275361,-0.000485371,0.000435379,0.000856773,0.000168958,0.0250782,6.9089e-05,4.65745e-05,-1.71273e-05,3.79169e-05,3.88813e-05,0.00153299,7.21106e-05,0.0467117,
0.00425064,-0.000217649,-0.000377951,0.000114494,-0.00129982,0.000276735,4.65841e-05,-0.000217617,0.00116171,-0.0002563,0.00133863,0.000303105,-0.000483983,-1.70464e-05,-0.000377994,-0.000256351,0.00261363,-0.00029778,0.00139347,0.0004357,3.78245e-05,0.000114447,0.0013385,-0.000297685,0.00336956,0.000428135,0.000860183,3.88009e-05,-0.0012998,0.000303077,0.00139354,0.000428245,0.0238464,0.000170909,0.00153304,0.000275361,-0.00048537,0.000435379,0.000856773,0.000168958,0.0250782,6.9089e-05,4.65746e-05,-1.71274e-05,3.7917e-05,3.88813e-05,0.00153299,7.21106e-05,0.0467117,
0.00425064,-0.000217649,-0.000377949,0.000114495,-0.00129982,0.000276735,4.65842e-05,-0.000217617,0.00116171,-0.0002563,0.00133863,0.000303105,-0.000483983,-1.70464e-05,-0.000377993,-0.000256351,0.00261363,-0.00029778,0.00139347,0.0004357,3.78247e-05,0.000114447,0.0013385,-0.000297685,0.00336956,0.000428135,0.000860183,3.88008e-05,-0.00129981,0.000303077,0.00139354,0.000428245,0.0238464,0.000170909,0.00153304,0.00027536,-0.00048537,0.000435379,0.000856772,0.000168958,0.0250782,6.9089e-05,4.65747e-05,-1.71274e-05,3.79171e-05,3.88812e-05,0.00153299,7.21106e-05,0.0467117,
0.00425064,-0.000217649,-0.000377948,0.000114495,-0.00129983,0.000276734,4.65843e-05,-0.000217617,0.00116171,-0.0002563,0.00133863,0.000303106,-0.000483983,-1.70465e-05,-0.000377991,-0.000256351,0.00261363,-0.000297781,0.00139347,0.0004357,3.78248e-05,0.000114448,0.0013385,-0.000297685,0.00336956,0.000428135,0.000860182,3.88008e-05,-0.00129981,0.000303077,0.00139354,0.000428246,0.0238464,0.000170908,0.00153304,0.00027536,-0.000485369,0.000435378,0.000856772,0.000168958,0.0250782,6.9089e-05,4.65748e-05,-1.71274e-05,3.79172e-05,3.88812e-05,0.00153299,7.21106e-05,0.0467117,
0.00425064,-0.000217649,-0.000377946,0.000114496,-0.00129983,0.000276734,4.65844e-05,-0.000217617,0.00116171,-0.000256301,0.00133863,0.000303106,-0.000483982,-1.70465e-05,-0.000377989,-0.000256352,0.00261363,-0.000297781,0.00139347,0.000435699,3.78249e-05,0.000114448,0.0013385,-0.000297685,0.00336956,0.000428135,0.000860182,3.88008e-05,-0.00129981,0.000303077,0.00139354,0.000428246,0.0238464,0.000170908,0.00153304,0.000275359,-0.000485369,0.000435378,0.000856772,0.000168958,0.0250782,6.9089e-05,4.6575e-05,-1.71275e-05,3.79173e-05,3.88812e-05,0.00153299,7.21106e-05,0.0467117,
